jsons/1312898400.json
{"header": {"parameterUnit": "m", "parameterNumber": 2, "dx": 0.1, "dy": 0.5, "parameterNumberName": "Eastward wave", "la1": 40.97354507446295, "la2": 16.46031188964855, "parameterCategory": 2, "lo2": 133.9931640625001, "nx": 191, "ny": 50, "refTime": "2011-08-05 8:00:00", "lo1": 114.97908020019554}, "data":
[rows 0 to 21 of 50, columns 98 to 146 of 191]
0,0,0,0,0,0,0,0,0,0,0,0,0,0,0,0,0,0,0,0,0,0,0,0,0,0,0,0,0,0,0,0,0,0,0,0,0,0,0,0,0,0,0,0,0,0,0,0,0
0,0,0,0,0,0,0,0,0,0,0,0,0,0,0,0,0,0,0,0,0,0,0,0,0,0,0,0,0,0,0,0,0,0,0,0,0,0,0,0,0,0,0,0,0,0,0,0,0
0,0,0,0,0,0,0,0,0,0,0,0,0,0,0,0,0,0,0,0,0,0,0,0,0,0,0,0,0,0,0,0,0,0,0,0,0,0,0,0,0,0,0,0,0,0,0,0,0
0.26930561444394646,0.25250301195751307,0.23594452579245734,0.22227608985762926,0.17077278046941607,0.11664041690831542,0.06364161800438539,0,0,0,0,0,0,0,0,0,0,0,0,0,0,0,0,0,0,0,0,0,0,0,0,0,0,0,0,0,0,0,0,0,0,0,0,0,0,0,0,0,0
0.294083987426765,0.2518905050853989,0.24468275673177808,0.22151205951454786,0.15964726791103717,0,0,0,0,0,0,0,0,0,0,0,0,0,0,0,0,0,0,0,0,0,0,0,0,0,0,0,0,0,0,0,0,0,0,0,0,0,0,0,0,0,0,0,0
0.3245564075810305,0.29188667863518025,0,0,0,0,0,0,0,0,0,0,0,0,0,0,0,0,0,0,0,0,0,0,0,0,0,0,0,0,0,0,0,0,0,0,0,0,0,0,0,0,0,0,0,0,0,0,0
0.4202155625515062,0.39392818285244735,0.3639078862671603,0.30608224969406006,0.32120618631521025,0,0,0,0,0,0.23099387775941535,0,0,0,0,0,0,0,0,0,0,0,0,0,0,0,0,0,0,0,0,0,0,0,0,0,0,0,0,0,0,0,0,0,0,0,0,0,0
0.49793115437116336,0.5003148313937902,0.49285308181314874,0.4804065071567644,0.4653225031787514,0.4546470691382369,0.4432169032004864,0.4320869850157317,0.4319222704180079,0.41696452383744154,0.41095765328972494,0.41137730370137604,0.3994381737851615,0.3915655919368543,0.36771910353109055,0.36289741970195,0.35163293860507305,0.32868294177996765,0.34513645139117777,0,0,0,0,0,0,0,0,0,0,0,0,0,0,0,0,0,0,0,0,0,0,0,0,0,0,0,0,0,0
0.4692677140535271,0.48853440556216965,0.49236363060310906,0.48786478736942024,0.46298638007084336,0.4492523249067667,0.4438917229907187,0.4335630508927974,0.4404918359866567,0.42872664826029655,0.41528411617238437,0.3949430753382543,0.36552055575241293,0.37914891550210345,0.29978995658900565,0.5132285683357339,0.5624058787810402,-0.4387712449981588,-0.33407640300503827,-0.32474495596599134,-0.33800658680955586,0,0,0,0,0,0,0,0,0,0,0,0,0,0,0,0,0,0,0,0,0,0,0,0,0,0,0,0
0.4906229462924927,0.4803727641661492,0.4807875660817213,0.4847905798055756,0.4653030934281908,0.4456000638457456,0.42824659978760765,0.4046578921667537,0.3829729365639705,0.39105985633315166,0.3845630138308508,0.36827880988791317,0.336009186819766,0.3093331201664597,0.31035932877340205,0.2859287049845725,0.27129120698572284,0.2938300489034269,0,0,0,0,0,0,0,0,0,0,0,0,0,0,0,0,0,0,0,0,0,0,0,0,0,0,0,0,0,0,0
0.49846020809935576,0.48127448048600124,0.47436926836459253,0.4746178753684328,0.4585558084739798,0.45310300028828127,0.4522445397309505,0.41128744213733104,0.39641295788270353,0.3765934747996289,0.34632281379269625,0.3404768714195959,0.32057959926465,0.29303065396640565,0.23733716680797795,0.20682269440616702,0.26137988906929066,0.3801503706256071,0.1923930830210552,-0.06661212760831635,0,0,0,0,0,0,0,0,0,0,0,0,0,0,0,0,0,0,0,0,0,0,0,0,0,0,0,0,0
0.5058513601699256,0.4957753125889189,0.4992537770981613,0.49414784696875086,0.4705651042494115,0.4626787325498106,0.455176709318268,0.42537096291750487,0.4063755824206669,0.35049730971592263,0.30281599640826856,0.2786716579558384,0.2367437026265471,0.2223060029712278,0.3271784144652222,0.2402468610598651,0.35751153201569386,-0.5843310892331393,0,0,0,0,0,0,0,0,0,0,0,0,0,0,0,0,0,0,0,0,0,0,0,0,0,0,0,0,0,0,0
0.557278667390521,0.5194157661746309,0.504577468461329,0.4935780095933602,0.4370862859148007,0.4251385120024571,0.394441326277964,0.3413002205540576,0.3461551555434003,0.33236338672111354,0.31182413885262933,0.2867696049866356,0.2643129729897187,0.230588399369563,0.23637396187022328,0.2446370977509192,0.48351260944468855,0.4062707603856169,0,0,0,0,0,0,0,0,0,0,0,0,0,0,0,0,0,0,0,0,0,0,0,0,0,0,0,0,0,0,0
0.5705547375871003,0.5596664295281882,0.5666427702224222,0.5593062453216014,0.5232879792700641,0.5129342554189432,0.5106521457235523,0.4459694753049926,0.423756416974632,0.38459596726327255,0.3678567839161094,0.35182404535500467,0.3478997352224539,0.3359735855336602,0.41838409701421325,0.32158984341602714,0.5136319599237157,0.5611893320595499,0.5815281050661092,0.58855322704803,0.5565386262615826,0.5739716904475671,0.5839686366597383,0.6048431099229724,0.5887093569996257,0.6105094846046053,0.6128995167461472,0.597109828251846,0.6108769611926225,0.6294779379411987,0.6092637634325292,0.6149340428327776,0.6112289825434268,0.6123238964431238,0.6160068505943959,0.61719830260914,0.5930822390603766,0.5717247246481701,0.5717304276607071,0.5649434406127406,0,0,0,0,0,0,0,0,0
0.6096561868665249,0.6002423777645621,0.6005895196378305,0.5844393395718714,0.5554055616608604,0.5421169593508194,0.5330396554997828,0.500003279450294,0.4881073256317318,0.4435180779469907,0.3737347755277034,0.35030614681216077,0.30886012690013015,0.2939804605449241,0.17065892143389236,0.21944657021885206,0.259967756584605,0.5644254525926893,0.4363912235868127,0.5858487498154825,0.4931317905454176,0.48302225305474583,0.46025960530522325,0.5339809153455372,0.5425578710519635,0.5561623454307072,0.554119274767398,0.5653284924298279,0.5570817859528787,0.5606547283687446,0.5961648632057254,0.5879454907925813,0.5708324901762898,0.574250743590146,0.5667202331646952,0.569230415673246,0.5843867020702055,0.5737527795765108,0.5529475533474802,0.5396640753816099,0.5300871018586276,0.5218683935439565,0.5071624989205146,0.5054425305854787,0.4948289562429664,0.4651094362162091,0.46764632269056994,0.47890814419174,0
0.5873716631790004,0.5959559313211296,0.6042971747846257,0.6211552675711925,0.6296063462807704,0.6268257224909789,0.6176721536971095,0.5718213297259573,0.5562011448705366,0.5331997598676559,0.4878107047016649,0.4429467127852145,0.4895220157643541,0.7129821900932785,-0.6296885793699688,-0.5241761648831191,-0.5085477861357433,-0.5650945277676422,-0.5516147639817586,-0.2695664645368166,0.2669124376707455,0.4052653492595093,0.574084590858159,0.6984920885356983,0.7118988528683806,0.7148853576270069,0.6394326473607065,0.6251004605508644,0.5999286738838387,0.5770353604362503,0.5609280089948107,0.5395564361602556,0.5208607815431081,0.5181221226572696,0.5137571547596363,0.5035560451611052,0.49461973641666857,0.4993154049768129,0.5005448813219856,0.4964708078421677,0.48951759393558747,0.4855549546590732,0.4685733124261349,0.45463530118043244,0.4366247002117501,0.48079409085297053,0.4779635193550193,0.3982034414606671,0.6255776500796659
0.4894236096000316,0.5393229215895358,0.5695065724716761,0.581335951275922,0.60105613252656,0.5986544806691928,0.5900163465162277,0.5869084850882423,0.5800840659889627,0.5962986148873289,0.6195329679828842,0.6106776593203814,0.6249891650260591,0.6007987940666609,0.6017188889518947,0.6191379643085406,0.6436672806218471,0.6747541124636763,0.681821041819509,0.6849511681862894,0.682520282772941,0.6567935616367053,0.6702364234874487,0.660774656320369,0.659928458477282,0.6414925047274233,0.6278395817483193,0.6337447198534335,0.6206409753024235,0.6132739431853053,0.6013030496714691,0.5722390508422072,0.545825815251823,0.531600089466089,0.5302046494211611,0.5224249438787762,0.5130806361836908,0.5061957964102326,0.49134969225120406,0.4826962573589243,0.490343927425008,0.49327582727456665,0.5224877983275956,0.5186697076767275,0.4692244013396931,0.42447199223574933,0.3997823915506416,0.4686672577289304,0.48114113414853954
0.6569745377397984,0.6404721814707391,0.6444141292064255,0.646288626011249,0.6479775079461568,0.6508599281420944,0.6459208542110901,0.6355398847552365,0.637164811326436,0.6470707307274266,0.6341871000831517,0.6350138459125788,0.6213235069499609,0.611515608078647,0.5873647777252863,0.5807681088854619,0.5721848170312497,0.5712243245797146,0.5842298952490771,0.5871343734144445,0.5832366117741976,0.5813991524510205,0.5694851827389267,0.537935770917418,0.5207439234011396,0.5101309619086524,0.51874248836213,0.528762929678994,0.520581279984396,0.49219177535199116,0.5070131858384977,0.497508964894631,0.486413558736794,0.47573306939375737,0.467581021909981,0.46002220612251543,0.4690223793235325,0.45840720064476165,0.44252596006711575,0.43266176998505357,0.4328264521495134,0.42513138466931477,0.4355760589939965,0.4485965310200173,0.44279398108812923,0.4144284697272649,0.41969297388163795,0.41823420066666905,0.41473104581251014
0.6816301844874378,0.6842885164189251,0.6879572508890571,0.6973003273428139,0.6857862931282659,0.6846490194786514,0.6950754231721524,0.686515865717968,0.6846728160384079,0.6777945754131639,0.6523036024674845,0.6539878096094635,0.6554219229857591,0.6592839737066786,0.6278478945530761,0.6198914367644932,0.6195110155542866,0.5942243192697242,0.5767329310019993,0.5756620527788208,0.5634870453168217,0.5502793534100899,0.5447260636221318,0.5529595917903478,0.5529434865239702,0.5682894672924491,0.5296215379428957,0.5085546537194825,0.506050837598116,0.49269279694212603,0.45900587981405316,0.4422560367221035,0.4253303303388131,0.4410727774077383,0.43578223840848934,0.44404133308146754,0.43032242371122514,0.40798891212504046,0.40771588090466454,0.42691787134591,0.42987885795376035,0.42744021120023196,0.43517897791255467,0.42651077311270114,0.41385725960090597,0.4013442630581058,0.4014153989643688,0.3744466847420832,0.31735365800318666
0.6747139017582591,0.6860309033502779,0.6867193488740025,0.6929941452101586,0.6929698589807287,0.6940986259727656,0.6922398062011976,0.6841511202669098,0.6797077588992979,0.6805577454459957,0.6502148077510143,0.6721728699584131,0.6766443992626185,0.6693998715010964,0.6578136736406556,0.6479310984163488,0.6540698876468295,0.6575538104432826,0.6257400295155523,0.5898815503012126,0.6119090815457001,0.6294287619169024,0.6177064706653655,0.6257166245823083,0.6037736258270449,0.5883552570788703,0.5677065823017654,0.5621271197369906,0.5645081739106891,0.5630539495509878,0.5369670586977786,0.5171008677954796,0.5137545315792368,0.4341582642378761,0.42205340297294386,0.41123986551076214,0.39760831053656603,0.38704136354547397,0.40142703979458294,0.43247342710203907,0.43880129975827753,0.45203951880025783,0.43828630341695024,0.424305956958226,0.422604594362248,0.40474866883499394,0.3899912559440082,0.3880818897216803,0.4195133129353725
0.62427766993516,0.626403844413221,0.6439280556186628,0.6570392883832935,0.6772000841749042,0.6854148937158844,0.6913484056264823,0.6996290786978984,0.7015630509455117,0.7067751457356667,0.7053239561721578,0.7067760686653967,0.708697066741272,0.7084902279632506,0.6766823238468722,0.6692815324090381,0.6545451449677137,0.6428287972346113,0.6590987821571329,0.6666122482835564,0.6617105717853322,0.6556453688266063,0.6553951470719284,0.6531545610742895,0.6506994777393068,0.6409984644923341,0.6262863317106948,0.6123073933993423,0.5992486578191987,0.5919505980376715,0.5734272487796807,0.5753807309433371,0.5676663422859762,0.47720217620676403,0.48490925108625893,0.4921571807530147,0.4980915817418602,0.5041010431250947,0.4933939741884256,0.46102906477005173,0.4891124449947547,0.4967079049519332,0.43221680262549256,0.43055726731922933,0.4212428672586164,0.40890232296345064,0.43176887406917985,0.4312819686621347,0.4103528812590339
0.6142856476942207,0.6434963039478664,0.6606215676344794,0.6674781123857199,0.6765815756990605,0.6847970837623049,0.6911754768560744,0.6986277334398575,0.7026817584624442,0.7048847646314792,0.7022801882210647,0.708168442237994,0.7120450553350041,0.710524908327421,0.7115503497876934,0.7117615935734262,0.6976677667660095,0.6785659386899497,0.6670301912597978,0.6593218728808886,0.6661508426163846,0.6672718675098408,0.6710049502228892,0.6856688632984701,0.6730960250721654,0.6592859518172174,0.6340312140238356,0.6094323137416654,0.6134471925149316,0.6148901292003264,0.583479880329079,0.5653377085910267,0.5439048048772881,0.5039157226199112,0.4833535713778767,0.4549257468573311,0.445060685725518,0.45139054401639045,0.44490157507484984,0.4603845370581093,0.4536094570204221,0.457077874556132,0.4900111132809217,0.4997205682537526,0.49937172861550866,0.4757658549437142,0.46060113578919637,0.44024282856502106,0.4142068834810065
