jsons/1312783200.json
{"header": {"parameterUnit": "m", "parameterNumber": 3, "dx": 0.1, "dy": 0.5, "parameterNumberName": "Northward wave", "la1": 40.97354507446295, "la2": 16.46031188964855, "parameterCategory": 2, "lo2": 133.9931640625001, "nx": 191, "ny": 50, "refTime": "2011-08-05 8:00:00", "lo1": 114.97908020019554}, "data":
[rows 22 to 43 of 50, columns 50 to 99 of 191]
0,0,0,0,0,0,0,0,0,0,0,0,0,0,0,0,0,0,0.07375821003760523,0.06657275061957783,0.1634615348126389,-0.03930251279752796,0.19831984451266949,-0.6283508204898891,-1.0618208491790642,-1.232594701669515,-1.102145519105234,-0.6623818240772488,-0.3984630409669545,-0.20244783816298392,0.1616036420908875,0.3720836361101841,0.525586906362159,0.6789021485174297,0.7593154581894863,0.8226445502770473,0.9533296586238982,0.9751739489565048,0.976105895911552,1.0162626783801139,1.0202269843292375,1.0383288939766284,1.0509708410048113,1.1240905528769465,1.1377579995587146,1.1199211873331485,0.6574741430580622,0.38544993942151967,1.0784339048228324,1.1167985987523583
0,0,0,0,0,0,0,0,0,0,0,0,0,0,0,0.0032667125225169643,0,0,0,0,-0.33799042081146097,-0.6686722042623007,-0.9409743804988899,-1.0126809827276808,-1.0388839279963917,-1.0186719327521134,-0.8235412922360611,-0.40773174094759573,-0.15437455632827576,0.1124193160171685,0.5121483748958234,0.6769218315204696,0.8075548282571057,0.9568339827909803,0.953218493576817,0.9559938483988789,0.972562958174006,0.9857590611046702,0.9848887267955748,1.0271137147738092,1.057808771617435,1.0701436053112277,1.0934132824168106,1.1220872305539409,1.1446129084770253,1.170917289506049,1.2080646546067053,-1.2152728082782769,1.1672546897528686,1.1628522475617522
0,0,0,0,0,0,0,0,0,0,0,0,0,0,0,0,0,0,-0.37058489740805445,-0.6245853290668153,-0.7628947859066141,-0.88831969931081,-1.0779226878630292,-1.0768955118900345,-0.7807220061238962,-0.6384692939337892,-0.4337028908809771,0.008067929413663886,0.20244385580240354,0.4268823483046133,0.7906469985518522,0.8433763358863597,0.8545383276502363,0.9057427113991873,0.9322361716807624,0.9641872974014062,1.0109314210590095,1.0454327221418107,1.0523131211065373,1.080850252220334,1.08496197335964,1.109422037099379,1.1157903435167569,1.1368220155781343,1.1504575527901457,1.1614996680155851,0.9527500249233066,1.18903309547729,-0.8477024466979273,0.9911199493447216
0,0,0,0,0,0,0,0,0,0,0,0,0,0,0,-8.1454825486999445e+37,0.07434696433439418,-0.4698735714665239,-0.6937862151725069,-0.9887962196438098,-1.019747391444607,-1.0138523087784082,-1.0120834562043102,-0.8766041629946174,-0.5281751276559856,-0.36213407000307624,-0.1721654023609949,0.31835722376264625,0.5124885358583536,0.6565440896580721,0.9184245608173263,0.9325070971402488,0.9592584109328419,1.0228976169481974,1.0325465629931372,1.0154428878044448,1.0310074078406795,1.0316575194371949,1.0591335531668151,1.069893732135813,1.0740513177365079,1.0873226562964533,1.096992715669097,1.116655984572023,1.1317163738180394,1.1428616025292293,0.9368160478596603,-0.42806576653908646,0.7124806146306738,0.8299405809953118
0,0,0,0,0,0,0,0,-0.08136928538901333,-0.19390651497545613,-0.2643941427272854,-0.319410445937278,-0.44139487318557796,-0.5124034405070846,-0.6390704566839155,-0.7581282939496736,-0.947617753024163,-1.080393572058857,-1.1107687875613415,-1.177341631750857,-0.9796689439576141,-0.8906563050883126,-0.7250971407918727,-0.5576447163321915,-0.229806479344079,-0.03691198677230313,0.12726481547633275,0.5069977319537459,0.6598177017865839,0.7544412269125891,0.9540207798169104,0.9810162093622474,0.988135216595404,1.0280133673181133,1.0664610543549402,1.0752449010196876,1.0841082043273353,1.070938684655302,1.0897728425257205,1.0931742486907572,1.0960952597075828,1.1001999897900512,1.1035999600788655,1.1089929584335096,1.1052926646427372,1.1109695311154295,1.0359634565212943,0.7998028758107694,-0.23611169776938679,0.9571051513344347
0,0,0,0,0,0,0,-0.3602587171471532,-0.46848542263128085,-0.6461088364075893,-0.7231145639944482,-0.8262179342656947,-0.9632232325417976,-1.0284116133261014,-1.0674333008753212,-1.0742528975225591,-1.1300452476025835,-0.9922194444898513,-0.9370845092806337,-0.8700656928933731,-0.6568991932594852,-0.5506713429080762,-0.4232322439987214,-0.32169425636349974,-0.07262316053607634,0.0970336735898837,0.21654695194333096,0.4192950517681719,0.5844878239521848,0.7030397279575711,0.8828825152517996,0.9178606067558437,0.9460504009638592,1.048512785137096,1.0851051734554715,1.0852698389774806,1.1003954718069195,1.1075953603648971,1.1117079598270725,1.1197629167208423,1.1218537878827914,1.1147199834976218,1.1121793715923043,1.0733920887854338,1.0782459299572291,0.7287305940125776,0.4584206455338108,-0.9434191033538671,-1.1012884745525677,1.1098881146446038
0,0,0.099268786972982,-0.44921095440415354,-0.5671164087604039,-0.6470217300255932,-0.7936442915913688,-0.8603758678711482,-0.9416717344750627,-1.0253972283210042,-1.0780837948767517,-1.0808695312248136,-1.1328403699445935,-1.1106811359089164,-1.0370169401205829,-0.9689711383255886,-0.9474109099571738,-0.7940705667915787,-0.7525599181056104,-0.6721110171451301,-0.554992463613609,-0.4052577684069924,-0.321171367442016,-0.2202880079236054,-0.04220319474171438,0.11040463412823177,0.15231774924687552,0.4782091868722192,0.5888178359974019,0.6770807996809818,0.8488124679101416,0.905374927289537,0.9431230757415434,1.0811778124870006,1.0820600594334278,1.0882979663566357,1.1062359977512706,1.110968573790988,1.1114373546900496,1.1277151781849872,1.1310568921502968,1.1244008013625273,1.12103564913384,1.1230047592697228,1.085952797595216,1.0766681430333718,0.9253230636599153,0.3543709825105728,0.9029301630796222,-1.0955506395949075
-0.5920736631866833,-0.6628456537518304,-0.741202626971781,-0.8430337323400073,-0.8765473998764469,-0.9220435382907312,-1.003932170049821,-1.011570872677287,-0.9639362489718107,-1.000449283705404,-0.9730945235464308,-0.9217946297046963,-0.9341981823218594,-0.8783723834051484,-0.7876348113276987,-0.7347039823653797,-0.6958405500057077,-0.6034970507575173,-0.5535292287735311,-0.4734749785444421,-0.35055637980000337,-0.27034105225535976,-0.19498330642474154,-0.140210120749555,0.04004598961720542,0.16773745399662626,0.2605184326917477,0.43447381438083404,0.4850718754440662,0.6012819952123823,0.7925240280590631,0.8452404577811066,0.8784773334447327,1.0108760004515216,1.079519565427753,1.0893084781714406,1.118699011756436,1.1167001250070108,1.126044098761701,1.1194114649736138,1.1239665638972334,1.1173736188482257,1.1203628325180706,1.1273839762271272,1.1178382449443185,1.0967517450468933,0.15674651712947052,-0.19872003682089145,1.0475446244721447,1.0504846941012758
-0.8369863590774868,-0.8430071689755062,-0.8783931434533023,-0.9117599875588296,-0.8824797372350712,-0.8663057629495043,-0.8899241538257914,-0.8717023978562292,-0.8231996985102313,-0.8352337787570948,-0.806001661747673,-0.7294760631787739,-0.6880949004049699,-0.6586794848007586,-0.5853777277356766,-0.570280870745779,-0.5184251450506099,-0.48870683059337255,-0.4234553114670962,-0.3839132746475523,-0.28762161747353615,-0.2707144691577054,-0.24353188862278155,-0.22319674323218688,-0.05579870501636045,0.043578659578227895,0.14590507291699284,0.3457999189481632,0.4180226240713189,0.49672138755041206,0.63098705656163,0.6725459999697259,0.7511450048387078,0.8801896153977529,0.9568061446890688,0.977433696956798,1.052462460415256,1.0842211778504687,1.0824037025845745,1.0973794067469926,1.1103031891912805,1.0979719461766375,1.1191115327018357,1.1340427646102171,1.1247727265009655,1.0736872415740355,0.768746278916152,0.33073729568053223,0.15337043560017652,-0.2117683625733011
-0.8015062920954774,-0.74823978280362,-0.7231452745762819,-0.7288069523865273,-0.6669376961820208,-0.6583752457966766,-0.654417873728629,-0.6242835552054026,-0.5564784802379606,-0.5224790750743376,-0.4997268512872649,-0.43216883261841826,-0.3941906934354173,-0.37513563745677114,-0.3748721684604355,-0.3900117929268715,-0.4280093850304522,-0.4603796150012323,-0.47199651966087686,-0.512902097866876,-0.4451201954111699,-0.40958864881186796,-0.3641774780396761,-0.28378366353611983,-0.12918493336728656,-0.035106434669983776,0.046963095149670876,0.18057353824398356,0.2483383348688087,0.3110123530912778,0.42014665474077273,0.4715357932649665,0.527924533264233,0.6955495098048049,0.7772211250845741,0.8753750736599666,1.0049376396677079,1.035598551197775,1.0458051838378575,1.0955966007886888,1.1104257830445066,1.1180798815638664,1.114999117277346,1.125386572746609,1.1174771146584457,1.1290757482321314,1.1283474869121988,1.1079161194407152,1.1001511929319892,1.0969800340952987
-0.5783447037314171,-0.4950620426690175,-0.46427568024811916,-0.44229193748971946,-0.3558920485453289,-0.3196686573920833,-0.2966575726064291,-0.179161945455926,0.007504175378643895,0.2229083444382343,0.28633519770054455,0,0,0,0,0,0,0,0,0,-0.780240253581924,-0.669893483437598,-0.6084162618850727,-0.519753795188938,-0.3851713398900329,-0.2268349577798104,-0.13906785330873642,-0.040930854733261,0.034568756904309494,0.09760339002945498,0.25047878959980563,0.33768710379064343,0.42859067802288514,0.7004508662380647,0.761793522686893,0.839275230583157,0.9113879572401882,0.9298466158561911,0.9452212019960136,0.9852145743910046,0.9939130262993409,0.9778519109993049,0.9484456024590863,0.9589454130632852,0.9867648513782307,1.0447030925817569,1.0989045384550093,1.1000401302728546,1.1104491302878217,1.135492609009931
-0.3013312801559291,-0.17996546495453622,-0.1290453764260957,-0.051762785381309594,0.19460983417893424,0.26581568951911017,0.4048543702037022,0,0,0,0,0,0,0,0,0,0,0,0,-1.076776485439018,-0.8063179460271386,-0.6989959566244148,-0.6114814971885608,-0.5504852368444252,-0.37296190693607817,-0.31053566633764557,-0.23223950572437058,-0.08637719698243278,-0.04867100543130848,0.022947617723939703,0.1915107482995343,0.25998366654083155,0.36488595970422366,0.5548823312936297,0.662746073401423,0.7165322992618594,0.8389321861825557,0.6933853305698402,0.582558177118781,0.4967902274695857,0.6171803672917353,0.16827740774426542,-0.3633518127959003,-0.7246643822169231,-0.2532470521123271,0.3453898672156175,1.0068042257764698,1.0897959040231222,1.14110270950821,1.2027043429091722
0.1603354696570861,0.4378374210876763,0.5096452423929484,0.4984456174604958,0,0,0,0,0,0,0,0,0,0,0,0,0,-0.8877874354065624,-0.8376989380042197,-0.8574029874959381,-0.640940964424665,-0.5647472532531784,-0.49034677127513615,-0.4069135632033647,-0.2899800970894194,-0.20709054615644754,-0.13547983549150105,-0.0033206673479921484,0.08976132421712057,0.11021281510372519,0.19777152950823507,0.28401882664344064,0.35977322775218556,0.5520518362899124,0.6269497201005448,0.7338151469999359,1.0552046023865842,0.8523459567558873,0.5655673915938252,0.9636367604804861,0.864820827270449,0.9215772782486742,0.6111329952297266,-0.8894437132708707,0.930903038679319,0.8866565306964723,0.9387122178107061,0.9747027689017315,1.0249992785671742,1.1161034231108535
0.5505575766900767,0.6795138894584172,0,0,0,0,0,0,0,0,0,0,0,0,0,0,-0.9715304726354188,-0.7606822083163416,-0.686744275476794,-0.6348185827108886,-0.46716445732756556,-0.4100325464905743,-0.3557799993678291,-0.27023216965013624,-0.12444842841174676,-0.06088509927282991,-0.010349272726729258,0.08042166132251118,0.12290997418332263,0.16464722692942135,0.28822247039046894,0.3381291327927704,0.39775795742833897,0.5387260928354286,0.6226119471942451,0.6729016885019053,0.9015344334394906,0.9331029372953357,0.9771432924100804,1.0037193648148026,0.9993589359244599,1.0249451859846395,1.026672250224564,1.025545038652605,1.0045320506278266,0.9564424915589061,0.9101334240985616,0.9251711968745031,0.9219599576182066,1.0046342596358881
0.39286754528028117,0.06367728409253685,0,0,0,0,0,0,0,0,0,0,0,0,-0.7991989198092527,-0.7541768054398069,-0.7451197788575935,-0.5759561943401457,-0.5146913436604077,-0.4654681256840629,-0.29364458540653376,-0.2110863645474376,-0.1615777524026862,-0.1201262705551047,-0.03153243331547706,0.030749218140599922,0.08645640924139694,0.16698082778675744,0.21620135587039213,0.243224938518041,0.32865785261946434,0.3991508610828757,0.4550200555236516,0.5587837119109988,0.6403320700331671,0.6650398676997493,0.7683499478031386,0.804846589933657,0.8328847296475719,0.917103198870403,0.9099796769095356,0.9071099667908427,0.9096926529698043,0.9278274336981499,0.9198429545595366,0.9268543781039404,0.9190088060644898,0.9051087784461787,0.8946959036724123,0.9264624188548793
0.5241592842903763,0.5797637101642645,0.5197037916389526,0.007367401863056159,0.1165802207176564,0,0,0,0,0,0.19772556399700417,-0.8039682559179835,-0.8513419200748039,-0.7843427435902863,-0.6266413925632814,-0.5435031545382273,-0.4643485732670785,-0.3454211736461686,-0.3115146205747109,-0.2632948065144414,-0.15076216241854212,-0.09122686203022634,-0.04573260679554972,-0.002623451639673353,0.12446845871073331,0.15745578027152077,0.18351227288175795,0.24388825631900585,0.30975277868180867,0.3517105707436723,0.42610157179269753,0.49089475447403635,0.5480385211181285,0.7505768336582731,0.7680986244996645,0.7642026976555335,0.8043363984544414,0.8224065331994459,0.8131369241945421,0.8549239771262881,0.8731395095303263,0.8706581090923471,0.8809147203605233,0.9018811572159258,0.9144456964948933,0.9179709236542436,0.9246049605345001,0.9323040786840293,0.9462346131905736,0.9613114511349763
0.4298413662785645,-0.14268355425255377,-0.13995661391111483,0.19253999703432786,0.35495251646128995,0.2686246568443366,0.21667525462400183,0.011554967129962993,0,-0.8582402593215669,-0.7853413681225129,-0.6261345728294507,-0.585042316712624,-0.511192702844858,-0.3483172826662121,-0.24644727161097293,-0.20651501646057985,-0.09154038508874492,-0.025667983434110187,-0.002616822327739851,0.06974187256928881,0.11771429681799665,0.16548959948609682,0.2512223487891289,0.3148012789634839,0.34973091072239304,0.40299732222664636,0.4351538347933628,0.4371086876737784,0.4656400614447512,0.5668104463228688,0.5839520084880677,0.5980014346248973,0.6533178494288204,0.6765035096309281,0.6992706255330136,0.7454774036874455,0.7869780184394416,0.8129654641635079,0.84485969174007,0.8536198313119047,0.8768922623869441,0.8936072813047182,0.9117275374669803,0.9007861111583931,0.9079288285613273,0.980245804014242,0.9795723198106485,0.9764925884254634,0.9836770122190346
-0.39988379352598397,-0.4596569964543308,-0.47036724025503546,-0.5027453573911879,-0.4756987865703797,-0.4989119659214413,-0.4800017964282428,-0.44222873410655766,-0.39190117099435084,-0.3689848495402936,-0.31324059626538403,-0.2237541274439597,-0.21938822103541153,-0.20247770538392595,-0.10981637570800583,-0.05361866258002889,-0.014655600183487763,0.08559736749467053,0.12289528779056229,0.18181985070618292,0.27356246977206833,0.317861112737885,0.3390087312945152,0.38291233206536746,0.4636690770082111,0.5308542972417366,0.5320022668810099,0.6034791545878782,0.5934608790124473,0.6057780385351905,0.6261454131987078,0.6371029393518812,0.6590980209217816,0.7067654918188346,0.7487448196935746,0.7698174972560283,0.818253442738329,0.837670343407759,0.8634082291389622,0.8954092439304137,0.8843879374404364,0.8731620843171408,0.8876323382723422,0.9143448957043067,0.9235984954768598,0.9370910449212011,0.9697458276341164,0.9768536331172635,0.9925467290358385,1.0109326547332806
-0.3579595943708764,-0.3619476742620809,-0.3646956461979363,-0.3885753758538506,-0.37402654522955997,-0.36869002880351837,-0.3647747307346446,-0.36290783419107847,-0.25333488003618376,-0.23727517044171131,-0.1988970807473786,-0.12378281503590166,-0.08104538495148594,-0.04656247599672014,0.04532514133395412,0.059945289814435136,0.08438158063561395,0.14993092628796262,0.18638653908404504,0.22447749524215482,0.2870629704147677,0.35369881074451764,0.3904743187375995,0.40997699701285617,0.4781418700762482,0.48799329195074503,0.5087889759566445,0.5836887235671856,0.581962431995002,0.6350893638579721,0.6814444460204045,0.7012805353732156,0.7072749244221299,0.719065054854287,0.7367390529898308,0.7493722396715164,0.7883000879418115,0.8143886085238375,0.8186048832561466,0.8593241198693825,0.8738544173463481,0.8725070725821901,0.8793030806007168,0.893088097166374,0.8983694315327052,0.89896707316871,0.9480227461034763,0.96115489215012,0.985291710612855,1.0412423276240101
-0.4211836144173488,-0.39749090058515774,-0.3803987515614471,-0.3850871696796487,-0.330122772630618,-0.3233972401335156,-0.29701027053398465,-0.24986773645575128,-0.20787891038924633,-0.1632404254146762,-0.14214546432658648,-0.06606772733758867,-0.056751001577052214,-0.024969573224182345,0.025976986311865215,0.051220151342942895,0.0956432536080728,0.14221131902878761,0.1779389398597543,0.2211485357338978,0.2656173897432463,0.3048297242100603,0.3627847532576142,0.3780297106818112,0.46438674658891615,0.48266141233358306,0.5236160670090257,0.6001939086847664,0.6341332608960756,0.6971915194500048,0.733647867238634,0.7824665079327701,0.8059060843524026,0.7773570915038437,0.796356289764504,0.8288599161543977,0.8521625992277166,0.8600776561884627,0.8629096584086255,0.8653288638513503,0.8634007175338445,0.8995895501007227,0.920666677431654,0.9276636396462492,0.9434693019868332,0.9535595334895665,0.970602292521456,0.9705332118820994,0.9771914890659068,1.0335215227632641
-0.4900901695301594,-0.4319678927481006,-0.4094117601273346,-0.3895819850967636,-0.3466238815565971,-0.31602240630942396,-0.30232121123427935,-0.27121670575261475,-0.19514352809681387,-0.1916840983441043,-0.15707839434066054,-0.09651079585841732,-0.08171159075793405,-0.045040355384333486,0.0024435183097808004,0.026946918714747803,0.06408167983113867,0.11396554589172848,0.14272852796519508,0.17912227811341347,0.23875290539518212,0.2672911274769677,0.3175621777970612,0.3324875383990541,0.39060181671154054,0.41890106022813994,0.45319281752785334,0.5580037201710457,0.5852759816205314,0.6146660868545724,0.6668728759731957,0.6940038474588379,0.7174031359894433,0.757302879977936,0.7880553391726278,0.7976602590704696,0.813443203243792,0.8357587499185477,0.8816955245255632,0.9041127380679568,0.9038439237756069,0.9060421243460831,0.9202513377020055,0.9378461656589849,0.9508582405251362,0.9654022970608926,0.9873739697250238,1.0043876967816594,1.0288610804606668,1.06310838725872
-0.47207023830036304,-0.44975513468845724,-0.42812074936275,-0.40882512313549596,-0.3656180440745446,-0.33366121225489986,-0.3167143462469019,-0.3103838151111014,-0.24556431803615975,-0.2303394881865951,-0.21746327496325055,-0.1386644457775256,-0.10041623842712809,-0.09074524638241628,-0.03568409623816432,-0.002286831777491013,0.014119266124051458,0.07041873425530745,0.10125919110410438,0.12738912999932422,0.19075108391846152,0.2031807297655027,0.2234484163309476,0.2715241477755827,0.3290476207668756,0.34928796063234835,0.3818757438623102,0.46618623106031426,0.47882095697489363,0.5077301953493324,0.5821184328418365,0.6069875185319266,0.63648941020001,0.6915735950069205,0.7022635422183252,0.7253447822077782,0.7762180460633887,0.782070781119725,0.7950275251299518,0.8267254561240192,0.8368961841355376,0.8558144405842796,0.8576031828448635,0.913290566934522,0.9424965296947209,0.9642652147912737,1.0036669338184316,1.0239560316235106,1.0252493793096982,1.0509952255284656
