jsons/1312797600.json
{"header": {"parameterUnit": "m", "parameterNumber": 3, "dx": 0.1, "dy": 0.5, "parameterNumberName": "Northward wave", "la1": 40.97354507446295, "la2": 16.46031188964855, "parameterCategory": 2, "lo2": 133.9931640625001, "nx": 191, "ny": 50, "refTime": "2011-08-05 8:00:00", "lo1": 114.97908020019554}, "data":
[rows 22 to 43 of 50, columns 50 to 99 of 191]
0,0,0,0,0,0,0,0,0,0,0,0,0,0,0,0,0,0,0.0673777496935615,0.04769886187676558,0.10784319619501043,-0.0718941702207682,0.11134352567328212,-0.6128339782072202,-0.9053753471880722,-1.0683360367771595,-0.9441023895990142,-0.5325618506954954,-0.24123144668622337,-0.03051903844828696,0.2567351292775972,0.4290252015099636,0.5270436514025011,0.6411577008499829,0.6878224813234741,0.7733429328456636,0.8600995117373448,0.894927034438004,0.8761120081290545,0.8972458196305932,0.903638418501033,0.9163741809472328,0.9227247537257955,0.993731738119025,1.0086820029598775,0.9903344527431288,0.610446625492331,0.3398423368827093,0.9587775184358444,0.9851943154857894
0,0,0,0,0,0,0,0,0,0,0,0,0,0,0,0.00023585924916602033,0,0,0,0,-0.31197806218238355,-0.6039787229294098,-0.8386909867316072,-0.9045669840564222,-0.9105725080819257,-0.903871851263791,-0.7399810722051645,-0.3108281841850825,-0.05948865730780546,0.16151849601251783,0.522555916765049,0.6783220596609373,0.7879318666351924,0.8792143548276808,0.8819278784373947,0.8850110298393695,0.8930389521772344,0.8869287555436993,0.8899892921648624,0.9171139031262738,0.9350753780826242,0.9647837195508627,0.9745915175699913,1.0030662967259907,1.026404064485022,1.0109390650763828,1.0763181487602398,-0.5335303244792924,1.0741628702242734,1.0582175068068935
0,0,0,0,0,0,0,0,0,0,0,0,0,0,0,0,0,0,-0.33271243982163506,-0.5539621788344872,-0.6746861860219477,-0.7921943748955383,-0.9673917816234947,-0.9857560989301046,-0.7438327199843408,-0.5557974857427921,-0.37325873582938096,0.06460581822873825,0.28291125300538567,0.49544640715390137,0.8079038348562166,0.8384721197505571,0.8387540806864383,0.849509535050135,0.8639609602300563,0.8847077782110767,0.9234830194606956,0.9472728817061027,0.9547599784730058,0.9762461149906881,0.9810509778669898,1.006236416813765,1.0077491706862285,1.0235721225281214,1.0324767290875498,0.9991038375610095,-0.6024594622329418,1.059373284697976,0.7467678349554066,1.0554233809755045
0,0,0,0,0,0,0,0,0,0,0,0,0,0,0,-8.1454825486999445e+37,0.06868877651005137,-0.41844240085297035,-0.612681140358221,-0.8687639229202019,-0.9296654968075234,-0.9413327133771597,-0.940097271033583,-0.8067570805978812,-0.47514234168399955,-0.2950338052347337,-0.06685065112768582,0.42765401914659806,0.5903950548270328,0.7275800668286729,0.8776009993687428,0.8792645588694513,0.9052379629125322,0.941880798257001,0.951546736232293,0.9424751401890816,0.9464691702979191,0.954135389057261,0.9689650986635501,0.976748746066083,0.9819768603940573,0.990639983601316,0.995862014870344,1.010704761685209,1.022937205491863,1.0329806284113634,0.6045282127545638,-0.7975804777886566,0.7928512900013531,0.9298708031494406
0,0,0,0,0,0,0,0,-0.07958401507876676,-0.18758960935155633,-0.2522832215910639,-0.30079342608150694,-0.40843486604297646,-0.4650649193919828,-0.5690423555324527,-0.6637372936271333,-0.8168266946335317,-0.9586872616537483,-1.0149845635107224,-1.1004817997228888,-0.9470524587913569,-0.8602483654553179,-0.7057523189646561,-0.5312526055477432,-0.1816220225404734,0.007567093998628945,0.22347371239428854,0.5252932580694147,0.6788329620968774,0.7707742026576511,0.9134747310350502,0.9375510982719943,0.9395175044861185,0.9537841548914465,0.9756267529388921,0.979938310479507,0.9901733119530927,0.9867455823577659,0.9950686798733462,0.9988953325242197,1.0010824957346403,1.0014759887541758,1.0063225453806068,1.009188674460425,1.0088510469264322,0.9272824424274503,-0.6886992519842395,0.1583360863240268,0.7406307229312945,1.0237068214053455
0,0,0,0,0,0,0,-0.34133322309435493,-0.43290916565665055,-0.584042084607025,-0.6453932785399271,-0.7337158884974124,-0.8549773934119648,-0.9209305791043184,-0.9926319458130838,-1.0099061965775937,-1.0847008275226508,-0.9710284722841973,-0.9186452622549559,-0.8507697610186309,-0.6375816814076983,-0.5169771580960518,-0.40587220962621917,-0.3034444345236169,-0.02807647034442786,0.15127221182961184,0.28261317301373545,0.5324766303665154,0.6548371838798596,0.7502757187951354,0.8610246294246496,0.8771222072785824,0.909026306620119,0.9676518064647218,0.9861124400545396,0.9903864712760123,1.0016997554733813,1.0031579017474768,1.0055316666846834,1.0144755456826418,1.0152025874278712,0.9925502835852783,0.9245366388064,-1.0074966009463278,0.44053562495277726,0.09489925466403538,0.6112864182975263,-0.09791144683859856,-0.718716295406396,1.0079406377883697
0,0,0.0980231709593282,-0.4360408162676808,-0.5425235969167101,-0.608396114025179,-0.7315099501789712,-0.7880691924891872,-0.8680224553587175,-0.9442734138027227,-1.0006786025940337,-1.026405929260248,-1.0882184706702243,-1.0833848190483502,-1.0246481314463889,-0.9546566401639821,-0.9396017715742119,-0.7755148622415956,-0.7355491794471216,-0.6634702189123278,-0.5359223578443316,-0.37757174070312643,-0.28007779090742924,-0.16762618244297356,0.0017373993985970706,0.169170831177782,0.2160714965138951,0.5558153493052094,0.646567482481864,0.724002167277077,0.8634064420514617,0.9085091633658589,0.9355041318738222,1.0251367787135655,1.021502909160771,1.02099505249618,1.0210773479094308,1.0179366676026513,1.0142047461184598,1.0203718408947975,0.9703576087409174,0.9363808654763052,-0.506528110422717,-0.05516279073814484,0.388006974018333,0.7411740587758869,0.9700993977692468,0.9921760858700651,0.9920045980230049,0.987329837891187
-0.5687984376365798,-0.6349011115006991,-0.704667196197367,-0.7934312909683302,-0.8354184786607229,-0.8792695832781336,-0.9544606646175977,-0.9660298008171812,-0.9441745952227848,-0.9849364346148365,-0.977981673294726,-0.9409147006544406,-0.961064719850776,-0.894561971620212,-0.8011452760421403,-0.7451590412698451,-0.6990883328489679,-0.6021692433274233,-0.5449766212874194,-0.4530090583929687,-0.31874614571930315,-0.23659825172108612,-0.14952621617499812,-0.0956727449984231,0.06576464363057705,0.20685523110587742,0.308814190608388,0.5073139619208252,0.5603412703426479,0.6798162673465817,0.8196954825399826,0.8542471787621526,0.8792421999189164,0.9708184404446333,1.0253974323152477,1.0267824040916207,1.0460977113639889,1.0389959815289496,1.0408175262240171,1.0344097591428802,1.0349051086163088,1.0245320361561987,0.9865190131889834,0.19397772837538968,0.22285197038506102,0.338280537674318,0.8928895086075281,0.9773170776018437,0.9897142428379142,0.9799368372192632
-0.8050897242590358,-0.820548456642932,-0.8585302620419375,-0.8915835766044975,-0.8763140310562417,-0.8645393632726283,-0.8933130986855411,-0.8859336621351694,-0.8364967472393794,-0.8458355148620696,-0.8132744826417281,-0.7310048902653365,-0.6884813722260327,-0.6543800309190785,-0.5799674834950772,-0.5641827892950699,-0.48185348230800706,-0.44073942665055627,-0.41486977517687956,-0.37374867328296235,-0.2778150055162673,-0.2573380392596617,-0.21708326408479206,-0.18657808599033593,0.0004220792689655595,0.10335911553092543,0.2012479451196811,0.38500031049210076,0.43474781783983346,0.5225761751002238,0.6550507571389541,0.6953306852789521,0.786402094740554,0.8976760884867244,0.9451042111192305,0.9542725167443071,1.0031321164166895,1.0216955264562864,1.0164375031553041,1.023493864326793,1.0216257336133745,1.010683127474852,1.0219375982477907,1.0080391560268638,0.9738765897317443,0.6921947368975809,-0.557181223304383,0.47710554461392446,0.8978956578149654,0.9803171245778507
-0.7833673742700478,-0.7436678818307402,-0.719088682216443,-0.7268816183910386,-0.6669593419634857,-0.6616584055880343,-0.6592523827500608,-0.618740480438453,-0.537894270823435,-0.48938130617519393,-0.4686470062999711,-0.4072402752696479,-0.3829422906376613,-0.3647368796466658,-0.38354605376386564,-0.39683724922648433,-0.43139631773185205,-0.4705961255870424,-0.48179331911071616,-0.5247846463129483,-0.4675070438039408,-0.40361838706558173,-0.3511178447178135,-0.27509740583783976,-0.11916691308560876,-0.03522921773346998,0.0451132265007452,0.2074808346188129,0.27909272673298435,0.3418567482884848,0.4513691433598119,0.5025633633635498,0.5698077987016968,0.7088762015895707,0.7805499888539366,0.8743933158965462,0.9739400223346796,1.0029269071900484,1.0021454271423915,1.0221943641028914,1.0325570234452393,1.029196025254285,1.0255517745135654,1.0257966003106025,0.99656339662739,0.9910841332187957,0.04396622646398875,0.8736148934270912,0.9027374014767603,0.6400437842151909
-0.5764456718903715,-0.4976580909699923,-0.47338228306737096,-0.4503189334052643,-0.3486455423987773,-0.3111932235892579,-0.2912665933018145,-0.17221001232012445,0.0017364810216635624,0.21353744966336513,0.27474065726820623,0,0,0,0,0,0,0,0,0,-0.7740976898000801,-0.6753544526065028,-0.6156535853800278,-0.5246173178847277,-0.3984610937975913,-0.24202517958313494,-0.1336212791630804,-0.0012274680691040866,0.06445805289438868,0.126750284092372,0.26320967218261804,0.3554927083847437,0.4389412372184473,0.6996693910407701,0.7634701049897792,0.8436153548467791,0.9120150811361835,0.9169405583851901,0.9188850033787891,0.9382651186536628,0.9406544444875284,0.9241932561720052,0.8812485083900793,0.8878635832968148,0.9246814992475606,0.9685016540757976,1.0046222204768542,1.0084050157156568,1.0152835942476268,0.959713172620234
-0.30169795354094425,-0.17892320927231145,-0.11974480082546446,-0.04309297748565235,0.19965476889343994,0.2688400865981085,0.40509431596929707,0,0,0,0,0,0,0,0,0,0,0,0,-1.0622173685034726,-0.8097287182136199,-0.7056717632970062,-0.6212992456204792,-0.5682403876371898,-0.404168016409228,-0.3390616602666941,-0.2668742944609771,-0.09105950797848422,-0.04010372853792,0.01586747215105273,0.17945865341667777,0.2541593661956015,0.3743480879904238,0.575281684468702,0.6836918549862806,0.7460377709454413,0.8549273187979275,0.6772935541988204,0.5387330925928779,0.4614201590104324,0.6019819598453453,0.1915618288777064,-0.3012973261437556,-0.6593042356290592,-0.3167844868764743,0.2766395062504533,1.001004431133484,1.0466637564334123,1.0712204079073149,1.0777936357865674
0.16973598486337144,0.42474407918665735,0.49478676485264017,0.48865666778007877,0,0,0,0,0,0,0,0,0,0,0,0,0,-0.8820273830940686,-0.837178223958148,-0.852647676739235,-0.6568481538952465,-0.5838371322380653,-0.5096431116237736,-0.4357136007159291,-0.3085973802959329,-0.22764509826373472,-0.16046113263417594,-0.03280920462529934,0.04702103687913157,0.07218414559400141,0.17277706208958069,0.2694661428872302,0.3527000272278365,0.561802915498959,0.6478541020098916,0.7538587056337168,1.0530357391438636,0.8988072626126355,0.6657944893191542,0.9974789466482651,0.8016596538366549,0.37911103994950873,-0.7746910038725915,-1.0457575947537656,0.673864343970366,0.3905222919373968,0.9217990813105679,0.9471821264133845,0.9837185041645065,1.0662580500943124
0.5531638423752232,0.6675721162384728,0,0,0,0,0,0,0,0,0,0,0,0,0,0,-0.9615365642869242,-0.7579340375000215,-0.6741341549180403,-0.6373245310914691,-0.489826166065119,-0.4331813079545217,-0.38059883807248307,-0.2933621688330921,-0.15042267834016826,-0.08579257819674498,-0.03528823802415157,0.0427572713569992,0.07164437936836629,0.12644573304121837,0.2679247432206165,0.31888160258966686,0.3789094701737064,0.5425415966646343,0.6094483573773012,0.6716857211390472,0.9193318677282659,0.9468534713039721,0.9884934589307945,1.0259556154313265,1.0144851177760494,1.0260768385440195,1.0264910979560107,1.0268141071904835,1.010148224840343,0.9679548585308911,0.9115323111035651,0.9149980866056502,0.8975334396939819,0.977816882121638
0.40320588199438623,0.05053314422324825,0,0,0,0,0,0,0,0,0,0,0,0,-0.7835690174985857,-0.7366162156410552,-0.7400739578635491,-0.5718276455214097,-0.5155296863785729,-0.46329352272889346,-0.3120543291036326,-0.2224252707694863,-0.17259647475444798,-0.13350822807172,-0.052328149290239497,0.002455781208970325,0.045452764487692324,0.13074256562501732,0.19172088445277827,0.22360163455284687,0.31983650645785444,0.3831713980794794,0.43532074049090325,0.5356212474846335,0.6246691986988747,0.6488751056424151,0.7705817039889239,0.8124183048681272,0.8506331003424473,0.9312429346226644,0.9166350956603927,0.9101023442477989,0.9098699285895276,0.9108898890954175,0.9037021285478121,0.9078879223574382,0.8930217562230482,0.8943129341870042,0.8911287128745292,0.8911560291700263
0.5263008188787908,0.5742947563186863,0.5168894824935015,0.01806342129163595,0.11511926768975823,0,0,0,0,0,0.18397828064741317,-0.7726876352408413,-0.8269451840671259,-0.7645179302298127,-0.6107805731317397,-0.5381544670375483,-0.4710089807940926,-0.3353552663424063,-0.3072053390911142,-0.25778956274782405,-0.16407852468043277,-0.10396012343903281,-0.062237104881132564,-0.021522106919426978,0.08666761556109692,0.13008786706322303,0.15849456299141057,0.222604794824482,0.2951130382134228,0.339926613843707,0.40010848358961953,0.4577448677928042,0.508675297902617,0.6919984967613679,0.7108549834294012,0.7341922787496747,0.787601930001608,0.8148882149029357,0.8062260134558653,0.8579113016160523,0.869523349645478,0.8612950288842317,0.8694243171236266,0.8821717154946085,0.8863073781328105,0.8845091644004144,0.8854526243100694,0.8924854669879557,0.9117475790507382,0.9341017571071051
0.4367943001981956,-0.13773864022085816,-0.12103136437954434,0.21892227142160897,0.3737116635368745,0.2864119066336015,0.22952560881490236,0.032542123616829066,0,-0.8215153638122856,-0.7550320931955529,-0.5797994200955291,-0.5329608363215625,-0.4567776340749161,-0.3030060541405259,-0.20313205195478656,-0.15942882404657735,-0.03946565899167456,0.014678207212138146,0.03739383790976702,0.1021770435368201,0.14179634745277953,0.1719900321831019,0.22376394151591897,0.31253655484829634,0.3403753405809035,0.380235959129697,0.4071069637635097,0.40062278177338245,0.4321487248318456,0.528443850531515,0.5581659078401939,0.5803513268929407,0.6290834362949591,0.6553226656219656,0.6819580164067685,0.7388024103211016,0.7753555494322091,0.8055967168444306,0.84438967533448,0.8478604288510677,0.8663631722366277,0.8782065473596699,0.898813563474709,0.8959590454802405,0.9034407413851842,0.9626003130410626,0.952407462971928,0.9375260245684958,0.9352378896166743
-0.36634564392029867,-0.45159875599433924,-0.480266646021131,-0.535093468323872,-0.4817944932284588,-0.49409829517455833,-0.44126182427911265,-0.374455394447987,-0.3053263441818015,-0.27343608208046793,-0.21312674405123896,-0.11572018282073965,-0.12120084260094235,-0.11306326163172513,-0.02787005841500866,0.028903188386694992,0.06090737573299388,0.15101400538665607,0.18330182433206768,0.24305944110056893,0.32479805247185817,0.3758416207936912,0.3943044386969788,0.4237980262178924,0.4829008291387286,0.5470005768833796,0.5501940144939402,0.6236969842626291,0.6082951644381908,0.616011808644389,0.6318734283381684,0.6430012805109724,0.6660483547974505,0.7127920559789672,0.7441000229424147,0.7584662734143313,0.8147498950674539,0.836521957016853,0.8669111073775719,0.9003722331099389,0.8811591372343911,0.8654271331684988,0.8773061116003961,0.897116293844925,0.9002234229745979,0.904569706904773,0.9311528289291177,0.9339426878317955,0.9442285017943893,0.9538831766782337
-0.2875399948973691,-0.2921364565506959,-0.2814371294137371,-0.2810408541178087,-0.2957254518634104,-0.28225705604329676,-0.2754300815891573,-0.2745907091519924,-0.14936106886201939,-0.13055236792501718,-0.0858429621568607,-0.011442948113462177,0.028240806738942664,0.06059724039463245,0.14653330025760786,0.15886798676184283,0.1774504014442635,0.22747631609905233,0.2637794826559856,0.30116084029320733,0.35731621601804886,0.41872050496699426,0.4555378037146973,0.4703578968285073,0.5319864982003982,0.5381178035785108,0.5543075029315825,0.6237235975215961,0.6220689370683616,0.6662747867162698,0.7097252429322789,0.7211805861024181,0.7217857023270864,0.7255958440218091,0.7415973224648166,0.7522482425074274,0.785483874667583,0.8058715693071546,0.8070743938128847,0.8484418314350493,0.861658721881417,0.8608514607758292,0.8700173054140298,0.8841720375855664,0.8883908994802638,0.8894114335274514,0.9297327715087977,0.9408027888768432,0.9563732187731124,0.9992466276492323
-0.30581957919665803,-0.27930464897490953,-0.26363712286306484,-0.26377166297965154,-0.20851604009689592,-0.2007319404210517,-0.17387451539115661,-0.12890451450128,-0.08923971034320317,-0.04532333512433482,-0.02520176977304483,0.04190177595067452,0.052334034614785974,0.08203952060104654,0.12595333822802712,0.1494719441709128,0.19044143105428818,0.2306109929297904,0.26081302392610506,0.300349178499535,0.33960609598095426,0.3764651841838567,0.43424039831112193,0.4485602664830457,0.5282964360314908,0.5460394321452207,0.5798318552708575,0.6447617184114804,0.672254641267697,0.7251159157916344,0.7579367161052436,0.8077056086072097,0.8331935257761789,0.7972557121963061,0.813404196609732,0.8467747424778689,0.865968352213078,0.8590831319445932,0.8517496845530826,0.8442324786063601,0.8358604804259151,0.8601565766776685,0.8777122800561848,0.8903193924881315,0.9073037523305721,0.9179003534892365,0.9411203618543346,0.9417773991602596,0.9477044888396092,1.0002256621383878
-0.3773895386061093,-0.3191347636332972,-0.29621351589635503,-0.2759841572743296,-0.23262312509606667,-0.20303956474022905,-0.18993562390319219,-0.15901296220485664,-0.08683719124206504,-0.08361224828554789,-0.05062626294005124,0.007655874924768847,0.020852338014747177,0.05414173829922541,0.09763379030143372,0.12030546783041238,0.1533174659222529,0.19721475454281523,0.2242532074388104,0.25950063300885345,0.31372352463902525,0.33866591153189735,0.386242405691285,0.4008381866239582,0.44462527437125615,0.46395576191094834,0.4975568697197669,0.6051537149463273,0.6317870329079338,0.6601197032047079,0.7112775379410596,0.7310871126125275,0.7485581952528418,0.786151311587027,0.8189624393734434,0.8302142855623501,0.8355576080252688,0.8540623086286808,0.8963621905988632,0.912839891080498,0.8933855428199502,0.882020489356516,0.8875589391960299,0.903360017137791,0.918094586990204,0.93633244836589,0.965459504505658,0.9729715881750354,0.9916294496208404,1.022037242946227
-0.376289711683494,-0.354925798952029,-0.3341094537398933,-0.3155772661671879,-0.2721653213329433,-0.24080591566203977,-0.22517605454503165,-0.21832929853567018,-0.15149020302265753,-0.13542111963487966,-0.12333100527115594,-0.049495356967838494,-0.012044165235534894,-0.003247778084600376,0.04604602613594892,0.07615854249132273,0.09096135916877024,0.14472952914355436,0.17418984527067677,0.19955656599226315,0.2601309408167215,0.27212251473960614,0.29160441514361574,0.3385506893838355,0.3958915343858786,0.41423711681754827,0.4440901270866019,0.5246356385005343,0.5369070323381836,0.5632146783700767,0.6306398153252855,0.6529549837556237,0.6761240704064942,0.7134963403881195,0.7285384612722716,0.7557825019442669,0.8069283351207489,0.809295263254981,0.812403685611937,0.8341092954868544,0.8435234456678263,0.8606359314048363,0.8654709210587737,0.9016911930723496,0.9163863991652579,0.9347530391035476,0.9695330037545419,0.9840500167424029,0.985458489789828,1.008301795093573
