jsons/1312920000.json
{"header": {"parameterUnit": "m", "parameterNumber": 2, "dx": 0.1, "dy": 0.5, "parameterNumberName": "Eastward wave", "la1": 40.97354507446295, "la2": 16.46031188964855, "parameterCategory": 2, "lo2": 133.9931640625001, "nx": 191, "ny": 50, "refTime": "2011-08-05 8:00:00", "lo1": 114.97908020019554}, "data":
[rows 0 to 21 of 50, columns 49 to 97 of 191]
0,0,0,0,0,0,0,0,0,0,0,0,0,0,0,0,0,0,0,0,0,0,0,0,0,0,0,0,0,0,0,0,0,0,0,0,0,0,0,0,0,0,0,0,0,0,0,0,0
0,0,0,0,0,0,0,0,0.05457100609814067,0.05570854315720777,0.05511265633353339,0.05118187492455324,0.04461577843622955,0.04185790103931402,0.03534089565494033,0.029099211256177458,0.02724505563352639,0.0384923922794367,0.0445251224884012,0.07771940996264601,0.07821622735494316,0.03707018826373246,0.0512992589793532,-0.03753223997790297,0,0,0,0,0,0,0,0,0,0,0,0,0,0,0,0,0,0,0,0,0,0,0,0,0
-0.1299467451495541,0.12313414659255267,0.12257813017975099,0.12017309864741098,0.11513493712450149,0.11169160111662613,0.10909406906632453,0.0998586577805152,0.09594747234548755,0.07624817099899449,0.06632999841539935,0.0580838697933564,0.04363532114988847,0.037109032513541765,0.032893289125637784,0.0544578576933853,0.0799824914212551,-0.05724165795590637,-0.1084810476694333,-0.0622970502867743,0,0,0,0,0,0,0,0,0,0,0,0,0,0,0,0,0,0,0,0,0,0,0,0,0,0,0,0,0
0.1627157257146504,0.17214293374409761,0.18395421148141336,0.18482506832506554,0.17722282334221964,0.14969292479389906,0.13646406342713613,0.11594039365102429,0.10022785272285965,0.07711390211702336,0.06501624381267378,0.051814234613493264,0.047250832502499,0.04755219144649148,0.041206719346204276,0.14691685569813975,0.13748587951585398,0.12136442377838302,0,0,0,0,0,0,0,0,-2.2855376563066975e+38,0.1434673614450818,0.1429579831448242,0.1367142302930316,0.14765728261047126,0.14549826201610716,0.1415067527135442,0.13756016528108708,0.14383815175438172,0.16071973936155348,0.1656969638960384,0.16418520222403998,0.19254346671294587,0.22075109577152635,0.2417749074956748,0.24537717411095306,0.23869080628224795,0.23646165215094886,0.23842955994828255,0.23184355547932403,0.2294749773803359,0.2251968904853705,0.21434651532155832
0.12486107449520409,0.130121917522047,0.16244719648944414,0.16647143517020058,0.17365435242061478,0.2401367485028751,0.2476011002449285,0.2683056118510202,0.27986468148814786,0.2747359458264506,0.20801970588358035,0.10915656855501502,0.08103967470200754,0.2132127446195147,-0.18933867748305802,-0.17674879290106177,-0.19968879120064875,-0.06909995304243667,0.09471202876451573,0.16744399576852936,-0.2793269792324206,0.06562707694549554,0.04755778830593157,0.02063022346557827,-0.013197447315048065,-0.043317578494043,-0.060978786497600135,-0.02780335159696365,-0.038873916609688065,-0.034697379906397964,-0.0462055133741278,-0.10701752160194283,-0.09088948151923618,-0.0008621448211784468,0.008947318291172852,0.026498750487733,0.07418708218060875,0.1542575246492165,0.16934402221565287,0.2345119612570088,0.2903788575567407,0.3059990320741244,0.30240361246752967,0.30395930059475457,0.3058223075721714,0.2924197256627076,0.28703783580239284,0.27031742646662077,0.24023457245948598
-0.16480303054639844,-0.16342208644760006,-0.16573826690988724,-0.15710890241948003,-0.17232611568970393,-0.16719804020761386,-0.17365411179102738,-0.17749596078110164,-0.20450560999587072,-0.2026147350268198,-0.1974074267367476,-0.19024708797575698,-0.20115889073094956,-0.20425483618938914,-0.23245987170313143,-0.23737597934541968,-0.2550188351866176,-0.2697881920926186,-0.30028451304853837,-0.29535141956870825,-0.3050985901590319,-0.3320044573219173,-0.3416328709306827,-0.3375888690872528,-0.33464739640482155,-0.3439503780038421,-0.3248418856480269,-0.3206981420477545,-0.325668880759234,-0.31254444290527544,-0.31516850707656696,-0.3225959206267413,-0.30414418002202315,-0.2611119778388963,-0.14559915549742716,-0.04000181899525005,0.06890442575254077,0.2843204638517974,0.31927873879628604,0.3411039576502613,0.358095112495983,0.35862943695274935,0.3579333081576421,0.356965747091598,0.3538062823088271,0.34663421186698606,0.33885382295397276,0.32717091915809426,0.28073434814162923
-0.32896547693394335,-0.3342735856081168,-0.344760109341513,-0.3533523611824352,-0.3661969785155109,-0.37244757098901393,-0.37994922934103653,-0.3768636235621258,-0.3825179862258626,-0.3692205183533995,-0.3663433115825506,-0.36662563221862243,-0.3651610347087863,-0.36406961055800924,-0.36797187271092435,-0.37539655822464313,-0.374746759510355,-0.3740594075492515,-0.38264615515167927,-0.38418685104737677,-0.3811199247998847,-0.38240121232011987,-0.3820720888895042,-0.3817877690954932,-0.3854249291070478,-0.3855050224131023,-0.38989343917043445,-0.39105177578898703,-0.3926984157989829,-0.39609211746514034,-0.39705057413365713,-0.3993542177694997,-0.4000887460705617,-0.3997848707016423,-0.2075604102074304,0.29646798078243974,0.39016188254693346,0.3795417844751895,0.3671149968277041,0.3759779329043531,0.3787524604903666,0.37843072180310894,0.37759949706947415,0.37622757414979285,0.37296353306924257,0.3796818058494679,0.37673610081160763,0.3763536656962469,0.3595400609777937
-0.31932861604389573,-0.2820661648844134,3.328470768969829e+38,0,0,0,0,0,0,0,0,0,0,0,0,0,0,-0.3455306397400865,-0.34703049882795983,-0.3435805704929071,3.3716950277146327e+38,0,0,0,-0.3401423173111791,-0.3577341806148455,-0.34882930236539433,-0.3473353783163364,-0.3662661079540782,-0.3888296822025562,-0.40807290802826357,-0.41848230054092533,-0.41462946712398513,-0.41894629327510996,-0.34174572005807435,0.3445795275122197,0.34411193292091197,0.33773652379144986,0.3721450170804095,0.3864126401415734,0.39432900914976327,0.40313939452160746,0.40430611809469036,0.40445380051906693,0.4068012957968492,0.40883219881698246,0.40999379767406074,0.40241108768360234,0.40245277681437064
0,0,0,0,0,0,0,0,0,0,0,0,0,0,0,0,0,0,0,0,0,0,-3.3571607812350807e+38,-3.35490138207852e+38,0,0,0,-0.006118326140117186,-0.12271659562591945,-0.22395326173957786,-0.3035489182302862,-0.4016796018894419,-0.3881921428748417,-0.42104140621798747,0.4358488553246524,0.4100608199428111,0.3693943164032816,0.3708054034192403,0.3880912721731632,0.40303597709474276,0.40124886849453534,0.4078372664900085,0.408381256637669,0.41089755477210105,0.4091296583122346,0.4115984324021703,0.4085240370718204,0.4142504439860745,0.41235764604586617
0,0,0,0,0,0,0,0,0,-0.17087245377403118,0.15705593860238706,0.16651520038392062,0.17728546235244133,0.19846500465409686,0.2142567968745409,0.23065487585833114,0.2232429794580855,0.21496414322097188,0.2161611872305823,0.22701355932374173,0.22195264931642472,0.21171768846634192,0.1689177104536959,0.1028630770070131,0.057984662512521386,-0.05872778037307476,-0.14177849607863258,-0.17675495809647918,-0.20654674596258565,-0.11385123364237434,-0.15996590713882572,0.4275436627751944,0.439486025105568,0.4173276111749754,0.4024447107746529,0.42012428620317255,0.4293101703555911,0.43567963913188684,0.4401659405017119,0.44538884868562745,0.4474200685722705,0.44915172113428486,0.4516269253178218,0.45090357944681336,0.44510767575801163,0.44408569009590076,0.43945341324368775,0.4360747687236021,0.4293127813009289
0,0,0,0.11828153543598864,0.13320108711136897,0.13069282610451682,0.12101304593387971,0.1275219979294125,0.12099712435193584,0.11927600498274554,0.10287232601907315,0.08867785158143553,0.07709940420381399,0.04849479022469753,-0.01226943949213194,-0.03623591309439161,-0.03364365166727,-0.04418877302692952,-0.09781126646100435,-0.11433982868074709,-0.12488051324727334,-0.15363714189831743,-0.14464070220638797,-0.2090344401209641,-0.24989687166143346,-0.22167058129475378,-0.2519808664290094,-0.24885651421209207,-0.3618035378121342,0.30062836440700635,0.46454378438196836,0.4026760361038211,0.32359472053687005,0.326466325207614,0.38250086255071564,0.3983784387709735,0.4290045300405606,0.4364039451818489,0.4395941784515538,0.4480686064484816,0.45491274000810966,0.4545029365930187,0.4575808078428189,0.4564163338383339,0.4548310109241359,0.45412447384613025,0.4532604278107293,0.4502141306639917,0.44164281937180916
0.016009278817183125,0.010939915358051059,-0.020064191070415807,-0.0420205985020999,-0.04350085365731811,-0.05052566181151976,-0.059540976987670316,-0.07064521478843086,-0.09089078511558926,-0.13124320354060257,-0.15243211677667273,-0.17364077046102494,-0.2049035325362721,-0.19722362608887378,-0.19661007142061854,-0.2321192122998103,-0.24354201196024206,-0.2609623298389953,-0.2859759167318351,-0.3166741310715219,-0.34207774915191946,-0.37546339303634624,-0.39080877736228553,-0.4056512218151351,-0.4138534689292491,-0.4496458057055934,-0.44996225537611956,-0.44326126883149086,0.483566431678487,0.48443462330867076,0.44407243562769294,0.3807403103960348,0.3950512886241442,0.41276962625073127,0.4558180792807529,0.4732083272833475,0.4787631450207423,0.47915735936291065,0.48692191284108083,0.49097976631151063,0.496265512971865,0.5037471052534376,0.5034376838171656,0.5042164044206383,0.5076695255361481,0.5071081462401048,0.5008952448744867,0.4857158060721806,0.4769931404349934
-0.16349181399784152,-0.16758560360836797,-0.18883214073943888,-0.19786987721857344,-0.20487239119911996,-0.2270919643030182,-0.23682293808222338,-0.25530099842551396,-0.2600602523309396,-0.26462915690914834,-0.27084926760083544,-0.28349421496549726,-0.30014378506143613,-0.30481891675554423,-0.30396021242883736,-0.3178709279422054,-0.3259158760640869,-0.3335283270027612,-0.3491272087744328,-0.37899503988291094,-0.40080199435820163,-0.4191195109187035,-0.4326353845635458,-0.4528649038650448,-0.47899246157491954,-0.4693991563275776,-0.4924925275807856,-0.4876113698768786,0.02146450231887556,0.4853705116918407,0.46223771073114134,0.47980649630052086,0.4931938883536556,0.48914317634337645,0.5098058321121604,0.5132626112964321,0.522085519425643,0.5134108471716008,0.5059601775750954,0.5177710398910209,0.5325128016529425,0.5301634323428535,0.5318448639273051,0.5319284580413861,0.5327508165529373,0.5322459878346492,0.5304582686777314,0.5220604380691428,0.5234938353723483
-0.24813058771914756,-0.23945622290011156,-0.23474692610191517,-0.23846335672676275,-0.2515756039731903,-0.25997663822411193,-0.2670581052559549,-0.2703217318594648,-0.2714124971524073,-0.27937194683986943,-0.28809555857759567,-0.2906970401079905,-0.29952550270488887,-0.31232315618682766,-0.3176935375218952,-0.3203100665957357,-0.32409073318360093,-0.34757446101441564,-0.3642533452953625,-0.36898657879264457,-0.3900422481207366,-0.4079474678131358,-0.4385072559971155,-0.4531852172018715,-0.45626852234566234,-0.44318572927985417,-0.44453361777568884,-0.447340015721826,-0.4136812011088238,-0.2912800197284621,-0.18537462734578503,0.024515367318117307,0.4118941332675442,0.4923013680562291,0.5305207314733531,0.532099680562302,0.5375535565745412,0.5414351708495942,0.5463790846124428,0.5472386974733566,0.5465719847413414,0.5502244934052801,0.5539719274431724,0.5568310293002883,0.5457160704526235,0.5556752101012049,0.5576483682385635,0.5562885940339514,0.559780874014107
0,0,0,0,0,0,-0.21710866010808125,-0.248386300555875,-0.2610444709638059,-0.27519371698652134,-0.2857982873727187,-0.2912362838396789,-0.29883559095385104,-0.3083717562162295,-0.30661294146930484,-0.31419283287207533,-0.3172900422300747,-0.3238535465239984,-0.3291850969701676,-0.3377901873164676,-0.35938015983571997,-0.3741947262870875,-0.38932318188466003,-0.4077106403953324,-0.41665143465061083,-0.39791589767270596,-0.3911600983154018,-0.371873921982676,-0.33048509494096295,-0.3150586113697495,-0.2789583763143746,-0.1533823470457405,-0.05638992719820237,0.014166589428238764,0.3110525249585342,0.4222564244807318,0.4867205498055604,0.5347328182466357,0.5369121562844613,0.5438108137129481,0.5612054621653942,0.5675648346109793,0.574006923096631,0.5756219551142323,0.5803775928659747,0.5849123970730334,0.5876792454379174,0.5890822183611162,0.5899943766264232
0,0,0,0,0,0,0,0,-0.2198860279483499,-0.2632814089381252,-0.28737922268632937,-0.28996515059701344,-0.271620403972435,-0.2829659152784528,-0.2782768617018382,-0.27788130300403796,-0.2867132923246702,-0.3052303351580243,-0.32026225222350224,-0.3375053990534199,-0.3433946734640743,-0.35004048471432325,-0.35440855852389874,-0.35642778759985444,-0.3564691288899299,-0.3564874049431759,-0.3602046129111674,-0.3531245935251843,-0.337829363173187,-0.34405271158693845,-0.332975095273477,-0.2750784726965727,-0.22664338469981943,-0.1927845084108095,0.028161237130894478,0.1314260034074031,0.19283006674772382,0.4467842636854144,0.486988428659388,0.5264758978317239,0.5619164147479595,0.571994617911068,0.5853861049303662,0.5961287620653819,0.6039545565453447,0.6068567773466872,0.6088064324123507,0.6078735276967476,0.6136353753649515
0,0,0,0,0,0,0,0,0,0,0,0,-0.13575298736631775,-0.09320209323363153,-0.1163975755786735,-0.15972976837950673,-0.19394115204219348,-0.24293016791039374,-0.27402819833303854,-0.286582620921663,-0.29871519141455094,-0.28876935624338934,-0.28661110261046596,-0.2896343260172181,-0.28108486057530835,-0.2542381123267956,-0.2539357586754649,-0.24054740552820142,-0.23983959746831515,-0.22473071700270328,-0.22995287201426035,-0.1814712402220103,-0.14977102403657708,-0.11337903752004731,-0.004364474150580396,0.027470969029440375,0.17023606085947804,0.2870091583930989,0.28325472240153887,0.35477945703198766,0.46248737135108703,0.5264014362039883,0.555379114059707,0.5585186395376146,0.6033533175238233,0.6085589186319466,0.6143928886697779,0.6139236786669252,0.6152112670100993
0,0,0,0,0,0,0,0,0,0,0,0,0,0,-0.15506686520453458,0.002256600280647354,-0.1716775874065645,-0.208292470921629,-0.21824716427806984,-0.22180364593275573,-0.22557048311353262,-0.21797001905137425,-0.21231137962164964,-0.20705826798001611,-0.20297971515000743,-0.18023891219573177,-0.1689745021385577,-0.14780879697848415,-0.12889146087848663,-0.13299347613271648,-0.11804271024467666,-0.07212228413313679,-0.08403777689765075,-0.09529944351538551,0.010850886583440387,0.049223818930349654,0.09319077010566075,0.18860132969462445,0.23069633920349278,0.2229939895911425,0.3191925429637615,0.35969804387104365,0.3726414412111664,0.42941813914333193,0.5316862373736512,0.5591420274390526,0.5836599653208994,0.6030964129196102,0.6155760798920026
0,0,0,0,0,-0.00015770658130456202,0,0,0,0.0059985969847060824,0,0,0,0,0,0,0,0,0,0,-0.13103818297030262,-0.17321370223139504,-0.15449293044423829,-0.14586620714772017,-0.1272264990640367,-0.09825177117671531,-0.08038818690565891,-0.06498568494629732,-0.046456842941526286,-0.0449684841174194,-0.036267329616307985,-0.01180757428305137,-0.00686495754885712,0.016827483196153042,0.07887647738272714,0.1012368450787384,0.1311425261132319,0.19593203483804314,0.20601683261181117,0.25544495349994994,0.31924007356036643,0.37050275098097485,0.4006733426739369,0.41261410052795056,0.5074406694102522,0.5369467146332252,0.5646617890856074,0.5895482312029028,0.5934864178940542
0,0,0,0,0,0,0,0,0,0,0,0,0,0,0,0,-1.797380314937705e+38,0.00310254214212688,0.02400593826218668,0.03586900077266768,0.04247408633675297,-0.014294929926479764,-0.05695744907929461,-0.10540101147432478,-0.11776353266722886,-0.10235396133598422,-0.08481054549885349,-0.06563031915567423,-0.03149956700141487,-0.011548984561175259,-0.018074753118237898,0.022435100699476285,0.03269570785740709,0.05231065210326512,0.12607720835857916,0.16444138754694257,0.17876044078835832,0.24274386465357187,0.27690861437537795,0.30559873306758945,0.3404581021174146,0.3496576635495216,0.3907981712468941,0.4314067483408291,0.5075913730885535,0.5348355102520465,0.5516178721683223,0.5828949552255861,0.5931724260909131
0,0,0,0,0,0,0,0,0,0,0,0,0,0,0,0,0,0,0,0,0,0.030131883357664674,0.013768231698542594,-0.013349268595648224,-0.05162097273819077,-0.09686738144480316,-0.10666518211829817,-0.06069088613220908,-0.01396660999443106,-0.013287448658279457,-0.005024160867958472,0.08073457763245984,0.096506279943129,0.12082201737248476,0.1616117580278555,0.21294242929760995,0.2323388338795238,0.2860665978358215,0.2932397163707126,0.30483559042399627,0.2971026273896765,0.34547791404750255,0.36085005531168124,0.3957002290520073,0.45031735263836964,0.4683004314168518,0.4739648795947823,0.5593990405199595,0.5531444429832032
0,0,0,0,0,0,0,0,0,0,0,-0.02071909366387445,-0.023657391411051536,-0.025071737086683032,-0.023099577516842024,-0.01949907094577096,-0.019261812437101844,-0.02536434598964758,-0.03537322747456246,-0.04248809390756827,-0.03688182118134513,-0.07657663954849342,-0.1008867374070013,-0.1262016120491076,-0.11287013792204661,-0.017657474290023612,0.05529847001163871,0.07424777945133874,0.12327136051578919,0.13221648823218707,0.11612142379035108,0.14799639224331504,0.15205517951551453,0.15612325392645818,0.20491264340036167,0.25393036656533613,0.2755530528803027,0.31163469568756463,0.3467935164340956,0.3716759661504543,0.37367796130227343,0.3843601686643984,0.3900288437187969,0.4272539159657996,0.46062788051843345,0.4809368825565566,0.4955567688769936,0.5145738838268514,0.5443799622704975
