jsons/1312524000.json
{"header": {"parameterUnit": "m", "parameterNumber": 3, "dx": 0.1, "dy": 0.5, "parameterNumberName": "Northward wave", "la1": 40.97354507446295, "la2": 16.46031188964855, "parameterCategory": 2, "lo2": 133.9931640625001, "nx": 191, "ny": 50, "refTime": "2011-08-05 8:00:00", "lo1": 114.97908020019554}, "data":
[rows 0 to 21 of 50, columns 50 to 99 of 191]
0,0,0,0,0,0,0,0,0,0,0,0,0,0,0,0,0,0,0,0,0,0,0,0,0,0,0,0,0,0,0,0,0,0,0,0,0,0,0,0,0,0,0,0,0,0,0,0,0,0
0,0,0,0,0,0,0,-0.0013924945710617248,-0.0006135249846560022,-0.00017708640692599582,0.00012537647751406408,0.0005824655021724284,0.0005986000733845822,0.0006704535753046351,0.0006581053939252667,0.0006289028933566453,0.000502696528935993,0.0004906912918976977,0.0004435060993473875,0.00032473394103119774,0.0002617567935427679,0.00025515292931624047,0.00020435515254298446,0,0,0,0,0,0,0,0,0,0,0,0,0,0,0,0,0,0,0,0,0,0,0,0,0,0,0
-0.021649423627933304,-0.017636205976929893,-0.014937802840231499,-0.010257865192344139,-0.008340780464430847,-0.006527520782712093,-0.004012779745709505,-0.0035282490393533134,-0.0018850991075793227,-0.0009478440399128229,-0.00023603158285682703,0.0004467998078121618,0.0006073528135169791,0.0006205685429124204,0.0006706817831435245,0.0006099069285596524,0.0005962778383686542,0.0005533766956187586,0.0004981584661330096,0,0,0,0,0,0,0,0,0,0,0,0,0,0,0,0,0,0,0,0,0,0,0,0,0,0,0,0,0,0,0
-0.039517654213466334,-0.03727519318732771,-0.03525536324969766,-0.03043389354495577,-0.02584095059786138,-0.02368606084105452,-0.01594507324587644,-0.012211910314702503,-0.009253281613173904,-0.00532155717192432,-0.002271170527337626,0.0011274613513034867,0.0007816278886091552,0.000726642187668006,0.0004572540533413915,0.00038723519859062744,0.0002950271150573534,0,0,0,0,0,0,0,0,1.302558728528811e+38,-0.050539873173014824,-0.047207469714448835,-0.04541763501402982,-0.04278792324276192,-0.03972412560752582,-0.03616633382010233,-0.03471712326925407,-0.030646916843948043,-0.027364593804144795,-0.02630255454638689,-0.021842174330015913,-0.021103872622841753,-0.017967814280758748,-0.014080912935374099,-0.010596442838374529,-0.008617538789186195,-0.0055783553621096965,-0.0005668344812901584,0.0023873538243579314,0.004763197749110006,0.009849521696798489,0.010745592835690623,0.011515042651033055,0.012420164163313535
-0.04695630295060584,-0.04733819515583363,-0.04884504063482494,-0.05163613415967759,-0.05012205816474481,-0.05074224073976858,-0.051005423777423294,-0.05124180040086774,-0.04804533817903305,-0.030606856349580994,-0.025134357780219763,0.003627928825439309,0.004177248329241676,0.007050201482989307,0.0066309251513118755,0.01898815366520137,0.008277076917442882,-0.041360737518290246,-0.05906441181132204,0.03424207017893491,-0.0757267451802489,-0.07484338132712971,-0.07494190735468013,-0.0744125088924008,-0.06897630910107662,-0.06682695020377942,-0.06435635184419917,-0.060749529704245714,-0.05761046519913098,-0.05647161643106239,-0.05271033770475842,-0.051144791720299024,-0.04749739159921455,-0.04361432457148772,-0.04094815573348642,-0.038127843830096195,-0.03329549091922379,-0.030833263762245815,-0.028326624267534354,-0.02420259277543534,-0.021250291447247487,-0.0188010761881206,-0.014608388232263866,-0.010193315178277498,-0.005369255549644411,-0.003613074870198913,0.005355611443060543,0.00807441875479677,0.009684443529397787,0.013947515640228333
-0.04610995296656965,-0.04645167168168844,-0.047597501221771775,-0.04959555200875724,-0.05056134116343053,-0.052107031583539354,-0.05527620252175112,-0.0573613488495008,-0.05738880034598885,-0.06140645140931858,-0.06318412630639647,-0.06316629935848213,-0.06747730484406031,-0.0691745644480869,-0.06717708354185596,-0.07060611756517252,-0.07471554495265896,-0.07552616387716668,-0.07349870864513386,-0.08230252796774704,-0.0793327159335764,-0.08105533861589027,-0.0838571924525068,-0.08309464426119116,-0.08092037253893966,-0.07831077696576558,-0.07630027716394949,-0.07189256169406118,-0.06922356668722497,-0.06818292842485678,-0.06364858741195707,-0.06247509338283383,-0.05975679482887629,-0.05687795361337049,-0.05477816003804787,-0.051299303319823374,-0.04483841107729813,-0.04165767648426851,-0.03896531480858257,-0.03289545182326117,-0.030114365731287857,-0.02715565158963806,-0.024618936368417266,-0.0209555095402396,-0.017008258273105075,-0.013154985352908585,0.0004908363203696065,0.006437654111419936,0.009402364201965928,0.016839968492631266
-0.023254453740884924,-0.024764471893924802,-0.025913484403641985,-0.027394658705260207,-0.029043250073201493,-0.028573872093388554,-0.030502567557559358,-0.031240499043361788,-0.03476291019982272,-0.03882779852866614,-0.04227886628660352,-0.045943670168017085,-0.05237155260121439,-0.053739024757672164,-0.05714141690200844,-0.061376695921023475,-0.06616931100610708,-0.06767969597746813,-0.07009606097530438,-0.08168402072833177,-0.07578995704848857,-0.08115947547236882,-0.09140956188784995,-0.09204104791685819,-0.08465017284634,-0.09024937620683178,-0.08912378301083575,-0.08508776577014958,-0.0828222264335882,-0.08230046042963637,-0.07857947842995319,-0.0774994250944039,-0.07592667968433219,-0.07320636285529476,-0.07108181116750088,-0.06892736803468401,-0.06377644180035505,-0.06088747829057686,-0.05587204178873055,-0.04872940637890552,-0.046565633773657446,-0.041986083984540894,-0.039503896263227006,-0.034546285951850324,-0.030219542883682986,-0.0274744268643552,-0.022362046800789803,-0.01723934742653654,-0.013308496313929025,-0.006977545793941068
-0.0007205203586091521,1.7920331097232632e+38,0,0,0,0,0,0,0,0,0,0,0,0,0,0,-0.01580432169795825,-0.011320650933185378,-0.009991945866456136,2.4153348679999932e+38,0,0,0,-0.03567918253318264,-0.07111803549928429,-0.10020351549218541,-0.102339774852131,-0.09368876988910088,-0.09152534507191865,-0.08908297895749027,-0.0880695064926475,-0.08782324294353833,-0.08696029611548713,-0.08424345768213208,-0.08184104891534358,-0.0813509345141935,-0.07776289099764493,-0.07614287147783123,-0.0743970851732649,-0.07002341165240647,-0.06830457989845473,-0.06659851465934792,-0.06528347720805779,-0.05455167690103555,-0.05138420666109017,-0.047841545252396554,-0.04185003727420132,-0.03692392810543811,-0.033369254011176144,-0.026180237459444464
0,0,0,0,0,0,0,0,0,0,0,0,0,0,0,0,0,0,0,0,0,1.7633666412964288e+38,1.762328730321945e+38,0,0,0,-0.11429356849938099,-0.11495022805181603,-0.11447740423603797,-0.1139243481025155,-0.11127642189460134,-0.1096853085977541,-0.10832101543694138,-0.10523378978549151,-0.10422946738465895,-0.10194335395917045,-0.09949550700269338,-0.0989354857586313,-0.09775231314362254,-0.0958355964394228,-0.0936898772935481,-0.09229264280176634,-0.09015092152515972,-0.08946905073800666,-0.08678670223645236,-0.0855148009230042,-0.08352433432513365,-0.07836489833134673,-0.0755819983191085,-0.07391285400175732
0,0,0,0,0,0,0,0,0.050024907179657956,-0.14311505186577908,-0.14557144559442992,-0.14671298092574456,-0.1557691030076487,-0.15251414301461835,-0.15413471845636376,-0.15067627979319878,-0.14626965081634408,-0.14367339129205778,-0.14217109468146372,-0.13672790503578947,-0.13795010416434894,-0.13531685426305384,-0.1336269593026629,-0.13367049631918332,-0.13481484122302237,-0.1346291743298556,-0.13450403515696666,-0.13518135907369674,-0.13583281233705685,-0.13533375434473507,-0.13556395154284281,-0.1351881490283383,-0.13489139558338864,-0.13247453567799863,-0.13207613128037873,-0.13274650129063134,-0.1336351724763804,-0.13401141367490313,-0.1333532641297595,-0.13216920255419518,-0.13122134466433644,-0.1301181748949311,-0.12494208392692914,-0.12874470783115702,-0.12833249978795755,-0.12707986886600528,-0.12831089485933556,-0.13139152978009852,-0.13318441201069176,-0.1366791019095011
0,0,-0.15879942310368647,-0.1675073933630186,-0.16764865628413317,-0.17126084183899867,-0.18014614617005348,-0.1829581921428654,-0.18197172684575613,-0.18399052931863255,-0.1838529908551465,-0.18356425768782156,-0.18405542140021483,-0.18391795342972364,-0.18259725120468553,-0.18195140436384072,-0.18047342230973376,-0.17510279348900626,-0.17387123847433938,-0.16679951851301353,-0.16521388439117132,-0.16401185325194959,-0.16284177685622045,-0.1633701067535985,-0.16510693809003937,-0.1656600105127958,-0.1674797236794659,-0.1740148775395224,-0.1759955508018304,-0.17764238914183147,-0.17904923040286533,-0.178656147966319,-0.1793143345724919,-0.18144221740030855,-0.1821412879053452,-0.18343011476670412,-0.18333031772509306,-0.18297947196865802,-0.18206806541053472,-0.18324460906500703,-0.18352917648858377,-0.1838962228354656,-0.18164208375786778,-0.18269894725553565,-0.18121981716535868,-0.18105488277804876,-0.17618683688225953,-0.17497024819405319,-0.1715191293174338,-0.17330476408828724
-0.17690245493388215,-0.18125153474901437,-0.18435854897536968,-0.19728769860932252,-0.19738476382868403,-0.20011290913974028,-0.20658618479396165,-0.2078600126693863,-0.2084203181893248,-0.21338815358633617,-0.21990195254863246,-0.22229240861166932,-0.2301161461737312,-0.2292187678387834,-0.22793399506513184,-0.22716300222236818,-0.226751961901814,-0.22333045186557143,-0.22118927251078888,-0.21305913871590304,-0.20976884357986866,-0.20704692430572758,-0.20230551849835454,-0.1998458520219118,-0.19328537557074432,-0.18766305930035873,-0.18775622182149967,-0.1879167064139706,-0.1886026189453692,-0.19510756831015985,-0.19782178252957483,-0.19850518948447615,-0.19933912160411477,-0.20178020854689882,-0.20145502510184007,-0.2023610331620086,-0.1993333953367308,-0.19893665036984123,-0.19805918819788157,-0.19735754311355078,-0.19892701975093058,-0.19772509138959724,-0.1960980339970094,-0.19385470770187388,-0.19771881536694952,-0.1973555614354368,-0.19666266032097932,-0.19600106778169815,-0.1962819223590714,-0.19396051152669386
-0.1874326830966808,-0.1873148693345556,-0.18954903487105398,-0.20282541194508868,-0.2040412234477553,-0.20798833058810037,-0.22190595534202182,-0.2266530093263654,-0.2279312192588392,-0.23776394055027564,-0.24323990102646675,-0.2442951186929595,-0.2546128213839649,-0.2573040848136897,-0.25365052650402464,-0.2569135412759652,-0.26022224205371247,-0.2560104261502788,-0.2505077545617033,-0.25053025033445836,-0.24694838997650467,-0.24603835363876322,-0.2417955877012426,-0.2350473215021654,-0.23457666501598523,-0.23177649208796589,-0.2305476424549758,-0.22611166619736167,-0.22151982439495632,-0.2236101758102082,-0.22897338894277444,-0.22890978199669185,-0.2270393739472404,-0.22964562664912616,-0.23361147829828183,-0.23353720738566675,-0.23334735005017862,-0.2337004658452509,-0.23286453852120953,-0.23055080547755089,-0.23456517397988474,-0.23540748668465153,-0.23637391244351755,-0.24113623710689766,-0.23900766829267417,-0.2412060326418835,-0.24385813615607682,-0.24440670078136448,-0.24154448635832698,-0.2412867633505211
-0.12914808145206105,-0.1518604495004934,-0.16745576123004172,-0.1915547161675917,-0.1951048044859163,-0.19923359114840677,-0.20988771006154694,-0.21365483907102004,-0.21726762826362925,-0.23259096563852408,-0.2375532227655957,-0.23745709230447562,-0.25260599031226055,-0.2552703411084663,-0.257025252109364,-0.26380990299980983,-0.2826215543419765,-0.28185925326191824,-0.2832426010054278,-0.2902549930637399,-0.2865536133716551,-0.2838855446026329,-0.2849100338888616,-0.2836193923837669,-0.2816216950854733,-0.2817183467157804,-0.27999404077338574,-0.28578313026585067,-0.2837403791543146,-0.28210237614450095,-0.284679398684798,-0.28274582544802823,-0.281807233285289,-0.2845137623566281,-0.2836240140359821,-0.28550923076569173,-0.2898293318173614,-0.29143886401051994,-0.2946329943428674,-0.2930142293336295,-0.29139583060542856,-0.2904344938582369,-0.2907064640635154,-0.29279791220076734,-0.2941673285510891,-0.2955171158999095,-0.2994991287852433,-0.2981063594551519,-0.29881204066879496,-0.3024299952328034
0,0,0,0,0,-0.16984663950206205,-0.20484240988775376,-0.21533545640216387,-0.22078291387057444,-0.24430880402978433,-0.2518253158608521,-0.25571461051024236,-0.27290867942539987,-0.28099782897997483,-0.28526637809784605,-0.29312866641385815,-0.3122232328405426,-0.3162164546182691,-0.32012647133336475,-0.3268676651270784,-0.3287378680307334,-0.33039484705765276,-0.33444326662235857,-0.33435493118879944,-0.3295202485686039,-0.3310609789046053,-0.33438984928485516,-0.3359440042244196,-0.33591182093181005,-0.33617023459028766,-0.33355039396739866,-0.332757742219145,-0.3311712156100604,-0.33705010249899825,-0.3398263462656829,-0.34234200639129786,-0.3499366846996552,-0.35002426820741384,-0.34792502678937504,-0.3559285805058329,-0.35749136308566,-0.35463019899006515,-0.3522812133889769,-0.3549373651220881,-0.3575073480680162,-0.36138052926156744,-0.3627375449008006,-0.3632615142305703,-0.3646039466122953,-0.3662622492066058
0,0,0,0,0,0,0,-0.1540348169631821,-0.1801508678271622,-0.21432592645256932,-0.2374383827948279,-0.26461969080950154,-0.30301705364083126,-0.3145760564222513,-0.3186229846353829,-0.3273171160262537,-0.34332151016140955,-0.3458533280689641,-0.35204898425153625,-0.3606271735856966,-0.3651974435180345,-0.3675138963233416,-0.37173795714337166,-0.37770880326993955,-0.3719672650639616,-0.37636687940255115,-0.3803069747887252,-0.38584816285292584,-0.39162119777165066,-0.39513639880521007,-0.40031879282483496,-0.4022687693615417,-0.4041723609296153,-0.40472179426743543,-0.40586858487997235,-0.40826889931429927,-0.4168026487868146,-0.4165766244792332,-0.41540482485347313,-0.41501884423523155,-0.4155169017207685,-0.41440184427700233,-0.41818077663256664,-0.42037835630641474,-0.4221078199581189,-0.42607988870891195,-0.4283371660688396,-0.43757761992770755,-0.44066580712746045,-0.4320957307439521
0,0,0,0,0,0,0,0,0,0,0,-0.09656480725936677,-0.13617611613559882,-0.2325547203471737,-0.2904455814157406,-0.31904182361156885,-0.348130296299865,-0.3551536754652448,-0.3671688951121848,-0.3876092942427793,-0.39470019863624245,-0.40046390974632445,-0.41177306726428275,-0.41973736871431,-0.4263138186861775,-0.43549131003841707,-0.44175270811921585,-0.44368229025685224,-0.45074550609831965,-0.4537654915560072,-0.4571676337550317,-0.45606648820597956,-0.4615327860901239,-0.46948025055991666,-0.4725138813076314,-0.4821592766562871,-0.48101725526613887,-0.48289669653458706,-0.49204553814499236,-0.4968798395072049,-0.49998636234811683,-0.5085105665622724,-0.5205825235832016,-0.51736399231097,-0.5310068473627846,-0.5327732971940531,-0.5337443536487136,-0.5453487192827703,-0.5499280501995071,-0.5516472518646995
0,0,0,0,0,0,0,0,0,0,0,0,0,-0.09455234672652657,-0.18637618263437078,-0.24080533387061484,-0.33467284276818526,-0.36925134676186083,-0.39044156058648255,-0.4246042915777763,-0.4344862629132052,-0.439321146018579,-0.45439526844215616,-0.45958208239989073,-0.4695423945846215,-0.48360320548883545,-0.48939065047412184,-0.49547720318856436,-0.5027858628022278,-0.5053007236102256,-0.5071313912233348,-0.5114322709540898,-0.5222959735725708,-0.5301875303901947,-0.5386722170270091,-0.5545851522865815,-0.5587874488917924,-0.567031856133491,-0.5875471419365491,-0.5931979416334362,-0.6045766512487856,-0.6208265788000559,-0.6260975612255318,-0.63031247129957,-0.6384934386454033,-0.6407821697442228,-0.6464436624283064,-0.6498045412501008,-0.6494771959960168,-0.6424654982728637
0,0,0,0,0.028496836192141998,0,0,0,-0.0519206853476701,0,0,0,0,0,0,0,0,0,0,-0.3249788515846531,-0.39253752177051626,-0.43034704378338096,-0.483715068054642,-0.5084194420621458,-0.5249289331181067,-0.5605384615811402,-0.5692262106591381,-0.5751060332387231,-0.591381479025768,-0.5954386246080966,-0.5964850297952982,-0.5995674376986269,-0.5997441394756526,-0.599170122525418,-0.605284016017418,-0.6221100606189758,-0.6308527205599044,-0.6386434849667069,-0.6659518241425064,-0.6885326174907201,-0.6970459963942913,-0.7287229391336054,-0.7455528884841762,-0.755321695794512,-0.7788788155566239,-0.7956225990809225,-0.798644581321698,-0.8252303260189054,-0.8283592160149413,-0.822826652825927
0,0,0,0,0,0,0,0,0,0,0,0,0,0,0,1.8068093183990244e+38,-0.05684326777406707,-0.1541596135145322,-0.1591857983809814,-0.15179215179122046,-0.15543942186516305,-0.2200413725835001,-0.3828911619441128,-0.4953220775603276,-0.5776578809049475,-0.6349466527782621,-0.6513693433851069,-0.6630303764785466,-0.6827568584773279,-0.6893289735286066,-0.7144606466918586,-0.7296386200261051,-0.7344439055566202,-0.7421190384087032,-0.7468995487517632,-0.7549137956908326,-0.7578918817690813,-0.7641672490914871,-0.7770836687946105,-0.7832686432238882,-0.7986388426698016,-0.8317933315199799,-0.8469589952380755,-0.8606586462261505,-0.8868390466610756,-0.9034450632065603,-0.9083541904677692,-0.9350067761663462,-0.946239632332577,-0.9587458527897408
0,0,0,0,0,0,0,0,0,0,0,0,0,0,0,0,0,0,0,0,-0.22649604299015016,-0.3046305242330043,-0.4213353648534715,-0.4896069650500062,-0.5370034555660518,-0.622143514738217,-0.6731850512953813,-0.7272868944663781,-0.776079661445076,-0.823630709705605,-0.8564236721363367,-0.8741283360996631,-0.8898084145373482,-0.8986357620367025,-0.9022504893576766,-0.9167877520873987,-0.9134407354664245,-0.9147881811398254,-0.9177947908110368,-0.9132933637609782,-0.9110065760180606,-0.9117064001047013,-0.9223848841424449,-0.9297991655657966,-0.9452901125376664,-0.9571704640255176,-0.9876975740531753,-1.039070634093545,-1.06113444546119,-1.0710472199217556
0,0,0,0,0,0,0,0,0,0,-0.16708221184997207,-0.17028454889406427,-0.17144181684344847,-0.17860256824003645,-0.19404935560486805,-0.19963292984933464,-0.21582747187998869,-0.2500707832947329,-0.2795070575199474,-0.3346981562514673,-0.40542474038750015,-0.4297172331909128,-0.4404993035534743,0.07143755677497536,-0.4363703054838347,-0.7846449025413027,-0.7785451627591375,-0.7957843605780563,-0.8765627872674855,-0.8964960301750021,-0.9232144881332457,-0.9951092090634232,-1.0308893407516686,-1.0520365567392749,-1.077792427078365,-1.102424341646607,-1.109152224836015,-1.118575967177513,-1.142518382204433,-1.1519553994984937,-1.161321752980512,-1.1689898649158865,-1.180439013970302,-1.1859697668811375,-1.1865596754247558,-1.177410588936761,-1.1855089300925905,-1.208787991548923,-1.2093261109690736,-1.2234017674004232
