jsons/1312628400.json
{"header": {"parameterUnit": "m", "parameterNumber": 2, "dx": 0.1, "dy": 0.5, "parameterNumberName": "Eastward wave", "la1": 40.97354507446295, "la2": 16.46031188964855, "parameterCategory": 2, "lo2": 133.9931640625001, "nx": 191, "ny": 50, "refTime": "2011-08-05 8:00:00", "lo1": 114.97908020019554}, "data":
[rows 22 to 43 of 50, columns 50 to 99 of 191]
0,0,0,0,0,0,0,0,0,0,0,0,0,0,0,0,0,0,-1.2876676267189335,-0.7058516802795222,-1.3383794999470093,-0.4605974786252579,-0.49420849801624755,-1.4898126463434656,-0.6603312741855123,-1.0923432858530029,-1.2733361157444858,-1.2244623481167256,-1.49327298968659,-1.6067100674144692,-1.328497275100922,-1.1969225907317003,-1.0855767521491146,-0.9769708721707027,-0.9669270572795344,-0.8489091570362415,-0.6462282762931834,-0.31906523275640325,-0.09929758313063973,0.08275713612108704,0.14829226237471435,0.4449271193701454,0.6521181784462774,1.316212452491901,1.6904808387330483,2.008877916589226,2.8313629468837003,3.429614730878644,3.747813573612041,4.5212359299835105
0,0,0,0,0,0,0,0,0,0,0,0,0,0,0,-0.5714836075741503,0,0,0,0,-0.6007452327851976,-1.11833302467849,-1.318988518557208,-1.453460674788338,-1.7040297374243263,-2.057714381188568,-2.2873326348959893,-2.3995703222131235,-2.5562675573332405,-2.6085564502184986,-2.6485400069107383,-2.749883752420157,-2.783794075337469,-2.758233548175546,-2.6694644182236007,-2.7150693723134776,-2.5613068419434883,-2.5408001134549534,-2.4724277936181767,-2.2170733229957618,-2.0896022798931235,-1.7244087672139654,-1.6492144910989117,-0.7080495535237126,-0.32300172021653406,0.15586647254671615,1.163678228358639,1.7542146107745582,2.122959225911263,3.3128318410778594
0,0,0,0,0,0,0,0,0,0,0,0,0,0,0,0,0,0,-1.000072170755275,-1.3432129465384801,-1.2421215502716763,-1.5139233849407197,-2.076610973744081,-2.3784170170713526,-2.8678578799136645,-3.2039496947178443,-3.3595443664471043,-3.5897689059049807,-3.779227791805596,-3.9035034318454853,-4.435246315816944,-4.774492365791998,-4.884563611800933,-4.856705009597008,-4.849184238723637,-4.948219902718932,-4.843540805302847,-4.88765090566642,-5.040418467580424,-4.821952667928507,-4.735914925408323,-4.57521718633183,-4.193233746636579,-3.326863588574388,-2.8568766083524233,-2.2247547407668025,-0.9927956323586837,-0.2870458398307614,0.09723926140328523,1.2392849521918294
0,0,0,0,0,0,0,0,0,0,0,0,0,0,0,3.3038944722661223e+38,-0.9568852550116094,-0.5626091552048506,-1.141220009453057,-1.9463842611040718,-2.5717662912842125,-2.912830575220057,-3.388435789833754,-3.6460579194855507,-3.901600185338389,-4.298597270582256,-4.552066583833919,-4.8775350024206965,-5.148964914319225,-5.294049163585964,-5.49675808873826,-5.7699378206963114,-5.956089063899332,-6.011791391694404,-6.174134518679899,-6.403124174548984,-6.471068783162511,-6.537112994774145,-6.68898550794612,-6.624757691503503,-6.501849408900324,-6.52144036220718,-6.264826958379602,-5.731015698135596,-5.368783996385321,-4.786280120848564,-3.5891928591058333,-3.118339719928348,-2.2094254572338503,-1.1245848922807797
0,0,0,0,0,0,0,0,-0.46823139320793505,-0.4969001250497153,-0.7033816632058988,-1.3622240479449013,-1.8232595345898681,-1.8139864490465794,-1.5800394101839683,-1.7758027701109762,-2.185740619227951,-2.6149123453753815,-2.8606164310307727,-3.2926566337443584,-3.5719322340687563,-3.8696356426614047,-4.227884885389564,-4.442736307107434,-4.676245613042149,-4.953164224756339,-5.095128694767948,-5.3097094449559155,-5.593692304209808,-5.732537561308104,-5.884947225378241,-6.149574381652069,-6.257415395406148,-6.383173960241072,-6.473665012637349,-6.752915809169447,-6.885821442263782,-6.986742975436913,-7.088372883504579,-7.126586731553094,-7.1650063278775304,-7.2467048201280955,-7.254827113159209,-7.212302633598943,-7.189106994673722,-7.046552345927284,-6.8047892725481836,-6.499405649318036,-6.237345233812827,-5.550876601980284
0,0,0,0,0,0,0,-0.4086231608044195,-1.0646069391998894,-1.5985327489458276,-1.8332692539585318,-2.1023077541217896,-2.449408737031819,-2.601173559361368,-2.7951008801891075,-2.950896826308415,-3.2384714196449274,-3.4692230579269174,-3.699005902426507,-3.968184209523287,-4.205908488422082,-4.3718245416701365,-4.639046645715425,-4.769630336361122,-4.949768016356031,-5.189713446942333,-5.334783471550434,-5.4921334249960285,-5.7407453702809494,-5.842862901228871,-5.98050429266284,-6.161078283797827,-6.25206923941915,-6.318554618217312,-6.381795644777859,-6.546001431666851,-6.625919782571604,-6.731407015299583,-6.806392113299209,-6.847029766007553,-6.89599350671492,-6.992172385588454,-7.011641715086405,-7.041217200609672,-7.111234882956134,-7.111764299837568,-7.1548665028064,-6.922263116249698,-6.871451040717941,-6.649174364283281
0,0,-0.8846664800627333,-0.4915142979739536,-0.8443786447947627,-1.0897323411123114,-1.475465226744325,-1.6993726938645384,-1.9993888450123423,-2.233047086823158,-2.4207700527869487,-2.599725792722315,-2.8257126671096366,-2.9862223463821493,-3.1627793732477114,-3.308073545062061,-3.5470024037025505,-3.733971197638129,-3.8972141435133265,-4.118197833392502,-4.285560161940048,-4.432756626070682,-4.617642041422716,-4.723095951172927,-4.879257548735676,-5.10543930753347,-5.163639958510624,-5.332730285100603,-5.514539076978715,-5.604647182383025,-5.697044217680541,-5.9157800977865,-5.992573854184923,-6.078661267602941,-6.184410447833679,-6.287297330217759,-6.31211757669279,-6.305550802649081,-6.361364790711941,-6.417293921477364,-6.402541620814931,-6.4158302556490705,-6.393407698214821,-6.251202543865488,-6.062758238404447,-5.9114429638155315,-5.549720415734338,-5.088162088291099,-4.839453319152798,-4.31954079661806
-0.6808441895049513,-0.82367339510564,-1.0569142826341433,-1.3416261859125498,-1.654687829539308,-1.8099150336114214,-2.022333006984207,-2.1544291837348437,-2.313469024061333,-2.5166323519579152,-2.6309131060751203,-2.8142752308517824,-2.959255533027417,-3.1082323185032803,-3.3162722768972785,-3.42988338778491,-3.583656103512116,-3.7449219813142207,-3.8416593736321136,-4.033057378919045,-4.196114269148152,-4.293955704163512,-4.467070428272772,-4.568490495245393,-4.685580581180058,-4.851331137970612,-4.965133323736644,-5.0542716788766375,-5.233915996043487,-5.304304525104293,-5.38049355407207,-5.533656870908304,-5.603681845991219,-5.641644352768041,-5.679443773121107,-5.777343209926676,-5.82050078806971,-5.846284924541327,-5.929740134225673,-5.91516812088599,-5.937390214862531,-5.922386013498048,-5.817369867320896,-5.53512009667345,-5.314431907154284,-5.169542914834805,-4.615413974667548,-4.157710279280821,-3.9555264973749926,-3.1594417172051767
-1.2981260249541193,-1.490395486183278,-1.607896577621277,-1.785212340081793,-1.9359088947345002,-2.0474613728176236,-2.20734024334719,-2.2961403873884594,-2.467463471853024,-2.593107558786568,-2.703292888633283,-2.860492125754736,-3.0317788324029946,-3.135552921824482,-3.290396987499208,-3.3862371907589277,-3.542244892054768,-3.6583341244890937,-3.749625845688408,-3.90038761243385,-4.017287624688257,-4.103117042703654,-4.257644628109182,-4.336739969149949,-4.46132666168066,-4.619513389174644,-4.694633406832071,-4.782442474625347,-4.9310013119392035,-5.0109310432564325,-5.111032688957074,-5.248156174875825,-5.306514182185289,-5.375856851388457,-5.437200027901348,-5.600726351732779,-5.655958777150783,-5.646931759476306,-5.715580743594327,-5.703245967386014,-5.6127003966014275,-5.573407505699076,-5.436691114740632,-5.1812590311037034,-4.9190338889013985,-4.639639048664987,-4.162493353079309,-3.6538704285769166,-3.450448569990051,-2.800134594759452
-1.5180889877808819,-1.7177918930942706,-1.8182778970359017,-1.9672684016039255,-2.094294430584704,-2.166594642938014,-2.2736673024725746,-2.3933272282919154,-2.508044486348986,-2.6649531700855715,-2.75744671985111,-2.873523154569896,-3.008403146864068,-3.0938519764129397,-3.171355370050072,-3.2824394666297505,-3.4111202970238335,-3.5193875908849566,-3.588678807076823,-3.7561061933037916,-3.8478660922351815,-3.9149234164317988,-4.053278688289984,-4.158354152545051,-4.246868828645692,-4.387672870178985,-4.474487094773398,-4.5835085465753265,-4.728472752105972,-4.791692365513012,-4.878271109184148,-4.993900980177014,-5.090832779660762,-5.151094106383873,-5.2306350951648,-5.326290729232486,-5.375390014195325,-5.407728988227141,-5.491068330848745,-5.433012365156647,-5.386758894071055,-5.305733157974296,-5.195732225346939,-4.974739243895363,-4.846784947708987,-4.499128400325724,-4.058850195341859,-3.720802497767632,-3.5243717201681464,-3.049158821600476
-1.8056529214761712,-1.9103478835142214,-1.9705982750871327,-2.0687219758818696,-2.1705475781988874,-2.2529356914859004,-2.3139065441729216,-2.4086097687723567,-2.4191304136468954,-2.2901042027180645,-2.1579078172061483,0,0,0,0,0,0,0,0,0,-2.8765970491826534,-3.306690988430172,-3.6548330074240307,-3.796098300188171,-3.934312888467661,-4.098301818598741,-4.207735304798147,-4.287314201172262,-4.43895942285605,-4.490318893516954,-4.579762498371792,-4.7191440285903985,-4.787702254499175,-4.84017140391379,-4.92295384930271,-5.024499272748744,-5.074013877552242,-5.10871217628744,-5.186387325622575,-5.150845692383417,-5.1019462606019985,-5.0550881020324505,-5.005629526249356,-4.951310128463803,-4.803803952398106,-4.6186904067814405,-4.365284991955202,-4.200411571162015,-4.0240707330922785,-3.6890467386777206
-1.642523218632392,-1.6702985931096317,-1.6693376590509992,-1.619110733173474,-1.5414036079984288,-1.439808988442648,-1.2142935796207206,0,0,0,0,0,0,0,0,0,0,0,0,-2.2984229518180554,-2.7289598960103487,-3.0100032836351494,-3.3160412781456565,-3.434866526884604,-3.644355316821002,-3.7896434344319005,-3.882197546722155,-3.9811486446464324,-4.073182845082937,-4.138365716654349,-4.216556611261591,-4.367984011136296,-4.435009051221985,-4.4861428715638905,-4.580162935796888,-4.684999782196157,-4.748596960575662,-4.691797987249262,-4.522475438173793,-4.7465651977716865,-4.762094944924392,-4.332122432689056,-3.451748073011281,-2.2585365868290186,-4.365334322196586,-4.564597366647108,-4.4355956079038945,-4.390847936433209,-4.290045494285172,-4.034259209474661
-1.1474479268324103,-1.0123744027837753,-0.9429299733519325,-0.8297231627233939,0,0,0,0,0,0,0,0,0,0,0,0,0,-1.9767653917147385,-2.2833752201637414,-2.6083116618874946,-2.8365226199206486,-2.9800764930217083,-3.179899409824934,-3.303459191583931,-3.4400283316248528,-3.585274119255153,-3.645559205067189,-3.72188383355767,-3.8102184018074112,-3.8617634591480963,-3.8940218809683564,-3.879956450265306,-3.821404995553898,-3.743160084916409,-3.5979342503745086,-3.369886657827646,-3.1020459110816794,-2.9566890845031426,-2.8931672516010147,-3.230836919820923,-3.4048058971184103,-3.753501224497637,-3.8288707841313907,-3.908849911657217,-4.0386319775793815,-4.123474771746461,-4.096770563381192,-4.156112663445233,-4.072929572397771,-3.9026375848874455
-0.6402001662134504,-0.4772630261573887,0,0,0,0,0,0,0,0,0,0,0,0,0,0,-1.991419041090503,-2.235934493153876,-2.4105913610108956,-2.603387080048434,-2.7851862791316067,-2.8814803176069264,-2.974654682208147,-3.0458781235905743,-3.120505493003088,-3.1833542110856454,-3.214059056061761,-3.212315329566781,-3.2253070910493356,-3.1955341154324817,-3.143411080932488,-3.1192823683085016,-3.1246699257419897,-3.1155867167591116,-3.1153646451766828,-3.1924774214935243,-3.216885209326608,-3.3111467618516808,-3.463401637531813,-3.5287865354896146,-3.62081214013434,-3.7663388404948934,-3.798696647664532,-3.8180299084063574,-3.8673437552892156,-3.8524120842270495,-3.779790576218563,-3.7618790731343807,-3.703280297142841,-3.5901822557976897
-0.43571868940961905,-0.13995556456096359,0,0,0,0,0,0,0,0,0,0,0,0,-1.76908657280984,-1.9571870949034322,-2.1509203336574103,-2.313431785274665,-2.4158888494989905,-2.513978839523225,-2.6007811636837963,-2.658023923622348,-2.729990961331875,-2.7633511714178978,-2.7959516464033167,-2.843113570166123,-2.856012861115044,-2.877600991010529,-2.897497090113446,-2.9168381262097123,-2.925643784345358,-3.001853657186625,-3.0315274357363435,-3.090570989389189,-3.126715555924007,-3.2355188670871677,-3.286253176275324,-3.3526583554455236,-3.4580117606711966,-3.4770843448725106,-3.530273137078755,-3.6141101599065917,-3.638994942304185,-3.6239711024730172,-3.6307056373795237,-3.599891055107335,-3.5400150072173973,-3.497624008361151,-3.465299079859753,-3.3867635425397826
-0.3483485674812329,-0.304329208136921,-0.2609946916141361,-0.2677836142613803,-0.4297522330111301,0,0,0,0,0,-1.4451529484912387,-1.4705532661413678,-1.6841016717718604,-1.8103126980902495,-1.9466797427837856,-2.0163417001375334,-2.117390136104574,-2.220249245741391,-2.269439326820379,-2.344214711491276,-2.4059936152717403,-2.4378927984413066,-2.4830023372464525,-2.510600845965075,-2.5503934428609774,-2.599841193404499,-2.629868772159855,-2.6698624740368704,-2.74876967652189,-2.7785442510912373,-2.8259903848422256,-2.907754096781984,-2.957198902110065,-3.000230367201923,-3.0575930556631303,-3.15670358425594,-3.1955903246815436,-3.222770881776956,-3.2917448300505656,-3.330088166079875,-3.3474742093156418,-3.390884854344419,-3.395510148619438,-3.3762428100700883,-3.364128024486755,-3.3481986735427096,-3.29954532835279,-3.2996631670159853,-3.283501318702864,-3.2350859661297657
-0.253671761301872,-0.21680371194228737,-0.16784386870650175,-0.2851366545208123,-0.3854675754758262,0.5419253833915638,0.6563548509079637,0.7284990001534882,0,-1.2768311008537134,-1.49750796948992,-1.6608326268712963,-1.7821807253649282,-1.8432140827678085,-1.9309426469448372,-1.9866778830697545,-2.0587672178383327,-2.1159443715149804,-2.1455603063020843,-2.1980379923460167,-2.256096505290503,-2.290774374474314,-2.366077958200713,-2.4112068882432642,-2.435256228817031,-2.502297522657159,-2.548458493700478,-2.576409474386098,-2.650233248182128,-2.6834686177026876,-2.7366881532604537,-2.8285465331713273,-2.8558759132474694,-2.902455551767584,-2.9779428005172983,-3.039895069666691,-3.0724852209621356,-3.0797676929833186,-3.1148551926820955,-3.122830271475077,-3.145420397978898,-3.1594108013914206,-3.1647262917837806,-3.141431780818427,-3.1535203022681624,-3.152498850256244,-3.121074497361749,-3.129055423489843,-3.112435681730291,-3.071273571316174
-0.9937077480381891,-0.9832363253880273,-0.9912083868167904,-1.1420398771298002,-1.1886461350357695,-1.341561405033279,-1.469700642049286,-1.5350903870359693,-1.6211821919969538,-1.669400445233416,-1.702938505372947,-1.7537001110302373,-1.8093967254187264,-1.8390254720373218,-1.9047017508285686,-1.947369984254325,-2.009822631758038,-2.053342095937902,-2.0981996230145166,-2.158357540991371,-2.2163153158096938,-2.236589051225337,-2.306499108137147,-2.350643744914454,-2.387775424185919,-2.4584008776018744,-2.4775814516931356,-2.5123604832381585,-2.5927311158795794,-2.6173318587288508,-2.6844613757958906,-2.752698984526297,-2.8037848144578987,-2.8258983129878548,-2.85422771356313,-2.9211429225942536,-2.9354523713887777,-2.9626067537065297,-2.977574492632927,-2.969971595671789,-2.973326100487985,-3.002331548064486,-3.0125751918634056,-3.0100463596222,-3.021382016525416,-3.015660188247804,-3.0024869484406107,-3.0285825946576748,-3.0096879899403235,-2.977499792978104
-1.2076638431951665,-1.2479818651892898,-1.2845194052826412,-1.3887911290105186,-1.4284519813269376,-1.466953950926319,-1.5400263704465336,-1.5458053749006295,-1.6038720276777108,-1.653314956228501,-1.6998201089119866,-1.7434633009791372,-1.8058424912636895,-1.838315324440527,-1.8893358321384808,-1.9170533726018533,-1.96977052416578,-2.0214081307975307,-2.041865724199569,-2.1283735065218985,-2.1556297368640487,-2.183102660367292,-2.2242444810126405,-2.2645897195412323,-2.310001627795115,-2.3702118119956994,-2.4035146294834338,-2.4470362492128883,-2.514637072913917,-2.5526523884454697,-2.596940989372245,-2.645335403928619,-2.6712857882275127,-2.7038715502744877,-2.725124379628281,-2.763409947780264,-2.76296583749846,-2.7854416209425183,-2.8211354894621463,-2.827307952513776,-2.8410197854710124,-2.8607633629644353,-2.877412850699477,-2.875189799085917,-2.8817093958739726,-2.8740919151989113,-2.8583157328697597,-2.8738453111754643,-2.8684047791116387,-2.84649248929138
-1.3011203002356475,-1.353929865563921,-1.3671839131523449,-1.4306163966756817,-1.4677596205368881,-1.4964427771519262,-1.5444558657894771,-1.5898228508377246,-1.6244311949478711,-1.6790176267002486,-1.6909056273543361,-1.7518053376548282,-1.8115513926761355,-1.8387175202625627,-1.872264072231317,-1.9010137129786078,-1.9610490934378157,-2.0050157328873848,-2.039083237398913,-2.09158645366751,-2.1277292576912217,-2.151782294318711,-2.198470633469207,-2.2112372064681076,-2.2665610197453074,-2.3237874862895405,-2.3598066004739233,-2.41074863422071,-2.457409677371737,-2.493109753625234,-2.507770440752318,-2.5584383140406155,-2.5852615793211102,-2.616341193299802,-2.6411340606593785,-2.654602280798443,-2.6576416413291577,-2.676963931147363,-2.7101023033302583,-2.7246923224105073,-2.7450889752663428,-2.7520231218799287,-2.758565755528809,-2.7557223680392906,-2.7683434509566522,-2.7758935585528706,-2.755724946326726,-2.7534622728744664,-2.759403528196133,-2.7475556529336895
-1.3158552006656756,-1.370353292705569,-1.399512631397491,-1.45288587094419,-1.4800074164388553,-1.515331134242964,-1.5558230890910196,-1.5877149993122015,-1.6402141027744581,-1.670563759994375,-1.7160687867943534,-1.7728458100514808,-1.8039312264927725,-1.839441170114926,-1.8828106535613058,-1.8979944231430852,-1.9391715989840275,-1.9713763237131054,-1.9903935731307671,-2.0454826551557415,-2.085739754042527,-2.111653136739042,-2.1847965020465865,-2.1985747422993724,-2.230983910559005,-2.282953479566957,-2.304618073506667,-2.3394093797676607,-2.379106960399726,-2.3989891684298033,-2.4273697784003376,-2.455395030287962,-2.4757019263970985,-2.491313841898359,-2.512783818656663,-2.5345429272476254,-2.556025348767886,-2.574298176536348,-2.6123164773209604,-2.617415703741794,-2.6254241314478874,-2.6538979920913626,-2.663139814346172,-2.6617316323641624,-2.666395979143782,-2.67017087214432,-2.6700399020801644,-2.670777156727781,-2.6692950003238383,-2.6650114819904993
-1.358546476408963,-1.3880382354724152,-1.4069703064093462,-1.4645358147193,-1.4988278410197933,-1.5259729136489009,-1.5897210985204644,-1.6035550244549897,-1.6418595653991779,-1.7024873109720424,-1.7119035211225138,-1.7511950850047797,-1.8076332965604884,-1.814763563469777,-1.8497740891265397,-1.8884649511180227,-1.9260888682971802,-1.9522912710350704,-1.9774715512394057,-2.0123941936911662,-2.0517843486761516,-2.07078518993781,-2.1033071171604734,-2.143019122028406,-2.1824424401092486,-2.2173289030073984,-2.2444059083115695,-2.28184678284052,-2.298229279455467,-2.3168809050323524,-2.3527108168536395,-2.3818090693896172,-2.402722627254269,-2.422693234552446,-2.431860584561623,-2.457467749561355,-2.4714125100914943,-2.4723085916857053,-2.5091364792557083,-2.524880612033087,-2.532534954646568,-2.5590030478216224,-2.561440957871494,-2.5696393474153347,-2.5947317330504216,-2.590830932593068,-2.582624500526073,-2.5871431073485787,-2.593474534700624,-2.5899609996746955
