jsons/1312794000.json
{"header": {"parameterUnit": "m", "parameterNumber": 3, "dx": 0.1, "dy": 0.5, "parameterNumberName": "Northward wave", "la1": 40.97354507446295, "la2": 16.46031188964855, "parameterCategory": 2, "lo2": 133.9931640625001, "nx": 191, "ny": 50, "refTime": "2011-08-05 8:00:00", "lo1": 114.97908020019554}, "data":
[rows 22 to 43 of 50, columns 100 to 149 of 191]
0.9806726917586276,0.9344716979090452,0.7925053671698945,0.7561497996265779,0.7208481760639833,0.6510243673474606,0.6264685092970684,0.6037683779833968,0.5944330334263573,0.6039175081304016,0.6002630761435394,0.5943420535926739,0.5719848643757597,0.5692105975193048,0.5579176708663585,0.5571987791607248,0.5514666264584895,0.530234461415819,0.5046049161848593,0.49402644766762144,0.47737596170886865,0.4254795796421055,0.4132433796447607,0.3883973137822508,0.3891253103447862,0.407568874294385,0.42562298825939854,0.45713225529509505,0.5160856586794658,0.5400386564999833,0.57070595243325,0.6154898883566624,0.6482544508567606,0.6808497231610526,0.713568167907706,0.7346605041590996,0.7638712127006867,0.8112238081105629,0.8375265039074254,0.8741655180594688,0.9329996871835298,0.9711242504665113,1.025585186950301,1.0798405414491554,1.1076728893273526,1.1173485157018326,1.1207334186343894,1.1214352562761631,1.1365084578524025,1.1192404109399943
1.0606472900399264,1.027749772275424,0.8830163984736559,0.8607218335722197,0.8217202698694313,0.7794282031494498,0.7343137072264297,0.7142146021141441,0.6626034086731537,0.6480361096272398,0.6299188880948153,0.5975043922234,0.5560317569594725,0.5281176378350753,0.5043265574497303,0.4770638441820126,0.4841116373724359,0.5069089789989358,0.4787793116378947,0.4675263900905612,0.4577655112525181,0.41476819990324454,0.4666047014700127,0.5209934483979719,0.49807808793431485,0.5089575434033929,0.5179620038842235,0.5437779194568452,0.5834101634279891,0.6123596019649459,0.6272875397128879,0.6720148163557168,0.6949074005074357,0.711763339611341,0.8070284222364952,0.8187557717842644,0.8487714051023519,0.9404272188210999,0.9610547480041978,1.0002223776982928,1.0803745341267277,1.119985330064891,1.1481604812282995,1.1783834967933817,1.2043694256983897,1.2228982463052125,1.2274422402663068,1.2215709804647286,1.2220177175471574,1.2325008634239702
1.0421781279019489,1.0748475214895359,1.042879671013462,1.023504364146476,0.9911444102196422,0.9160688244628666,0.8743609323555359,0.8523713927349541,0.8015649798494755,0.7706333809111463,0.7471358863693908,0.7358453477648164,0.6999846261029468,0.6811293930608977,0.6517724037829483,0.636859760797059,0.6240634555031895,0.6154388263824452,0.6037093013451473,0.6086312839894101,0.621346890075049,0.6244225714178007,0.6395626818620903,0.6553612907755995,0.6929297862260066,0.6684576046884754,0.6671176866888441,0.6872352807637233,0.7126823882356584,0.742599273976399,0.7478813881710809,0.7614202677007204,0.8068468181265694,0.8478303280283133,0.9149090408350886,0.9643692753003259,0.9908097360836415,1.0862176807380426,1.1105635341177027,1.1510188903935508,1.223293861904708,1.2450583098149144,1.2606501506230143,1.3029950487556519,1.2992876471272428,1.322420738674627,1.3279097269876199,1.320774563484139,1.3201132371144118,1.3204326406434639
1.0581799587170628,1.0537748531111284,1.0376250639741667,1.0318200298836995,1.01396050757936,0.9837724877470774,0.9672218873843692,0.9614032620189608,0.8736010431552432,0.8403521867203783,0.8489435826502678,0.8093321397177655,0.7627631251450591,0.7139368575425626,0.7311022801402032,0.7248131764318175,0.743387245098417,0.7512739835030741,0.7322628421358253,0.7221345380296481,0.7009878398799141,0.738650024719436,0.7298850593158989,0.7090894095217966,0.7800655660059005,0.8082438064918763,0.8389858912741841,0.8692165319095512,0.8804155349444935,0.8927865411581216,0.8978136044303118,0.9561200686538486,0.9607793789811573,0.9743513384461423,0.9508968914369291,0.9825435393796924,1.0279151485231977,1.0994221848978878,1.1381696982824998,1.18247820684887,1.206229322528921,0.15572773688466401,-0.08068630640336662,1.181001313593779,1.0694213543398103,0.929644500253225,-0.8248713361274597,-0.8285227871432418,-0.4482721097843855,0.2570908627736915
1.04771661883037,1.0392166820305238,1.037212906366545,1.0347074130113516,1.038791118448411,1.041265355062429,1.0348448564846395,1.0341411006292534,0.9957282688771286,0.9829125563226373,0.9611066923095631,0.9467029307111723,0.907071091488493,0.8934623416390137,0.8741145286746294,0.8455196006205776,0.8414817431143604,0.8155850989038562,0.7273631551648232,0.7428187586787419,0.746143063523195,0.7495848198656658,0.7634774529023631,0.7833377308878056,0.8234514955340305,0.8281917934010123,0.8449902972692843,0.8523837278475858,0.875412524923414,0.9084701524006197,0.9399503199989055,0.9530501665631658,0.9937632825589132,1.0259499014339748,1.093492769420345,1.148227332533845,1.181092479714827,1.1318590673542033,0.9744645915222172,1.09487547787926,1.0467554616183272,1.1409466955764103,1.221495685772819,1.1876997404485505,1.1526749259986242,1.1576309387600412,1.0710835448497735,1.0852232606386891,0.9621351320485267,0.9273313428440626
-1.023187505142095,0.8023311969518485,0.9827705644010455,1.023441232035719,1.0223451329122042,1.0168315090423243,1.0147744740945084,1.0156971635675032,0.9991580586616756,0.9873270363409038,0.9752862980597243,0.9582208780136638,0.9257033829436953,0.925744587574404,0.915681769918014,0.8495318531661016,0.8560416231911014,0.8363954653172507,0.8544040026818005,0.8609381721934062,0.8706776648350314,0.8724874367780623,0.8736241428175641,0.8859352819593908,0.8794212207844819,0.8973167987488072,0.921840448777311,0.9261085646342323,0.9370224676012038,0.9519421695325878,0.9403304408853803,0.9581689400788252,0.9836536082568833,1.005636880486528,1.0404905718218396,1.0346393853672624,1.036241516673963,1.0292808178041069,1.0559022934947133,1.083873769940143,1.1040577453010336,1.1137226321418117,1.106545831290875,1.055267540004945,1.056634665932533,1.03525392299878,1.0537714796793856,1.0692903238301747,1.1045116946823008,1.1209824592148463
0.9939878352703554,0.9779485182250905,1.0097307273400293,1.0066288584728023,1.0047062602384527,0.9932593922413981,0.9808026729709357,0.9833399764306037,0.996537260338517,0.9647506426913441,0.9545631469162263,0.9365657941786546,0.9117785583561158,0.910687153821753,0.9056242110622517,0.8990849968840128,0.8937355310114926,0.897941285987879,0.9071053379126774,0.9246564957528803,0.9353439387074672,0.9546100512871813,0.9668269939168951,0.9845381524940964,1.0065852546368677,1.0113388063734514,1.021488490807939,1.0524272935255583,1.0703777002109907,0.6499337945960673,-1.0699303396433664,-0.3484514374763686,-1.0334614418683525,-0.8069901944664498,0.8256083851813728,1.0424118463166587,1.0986753558024862,1.1214783174530552,1.1375945976605795,1.1311709838772266,1.1224839208775907,1.120654972472112,1.1381095175629934,1.1528457637458338,1.1655478034885711,1.1799577608269594,1.1865948771555774,1.2038481708595974,1.2166266026946824,1.2270661353538548
1.003137873030266,1.005902854367543,1.0048674902833243,1.0059109493530631,1.008323179720019,1.0018629354180897,0.9934888068868742,0.9878064523997198,0.976482209129176,0.96969779032612,0.9611150512237029,0.9533340618643981,0.9421540640413532,0.9345915294049381,0.9279131351346599,0.9161053178145386,0.9246333564461721,0.9457027837901194,0.9510025475354197,0.9607921782862692,0.9660260357436476,0.9890625366497764,1.0149028151162907,1.0389519993088328,1.0469185618278656,0.7239137586388695,-1.0855049246522355,0.9535665581279759,-0.6759787365143987,-0.7603613161762968,-0.5010736205539468,-0.3503847743742134,-0.33366659416264277,-0.3162983792168438,-0.276264412694507,-0.2775929739057244,-0.18243683445055478,-0.00748003576998645,0.15030514810822354,0.2611303447483304,0.6558955790886037,0.8420588302317809,0.9029178371039767,0.9986756434961789,1.045558716807721,1.0788910918621577,1.116014151402009,1.156556887336186,1.1799618801548903,1.2053628618273124
0.9050460343248586,0.9511368214647498,0.9916991623698737,1.0044229739904975,1.0150039627662777,1.005817902217994,1.0023385900540949,0.9998936212853522,0.9881920576949987,0.9854484713385723,0.9873808806425177,0.9850351981833501,0.9742716381183621,0.9638926247729621,0.9542786989362033,0.9359787567538136,0.9375129477643793,0.9439744728879647,0.9515035311649491,0.9592192333414664,0.9621152202057595,0.980694868694859,0.9924388838344703,1.0116330325745568,1.0415641938654567,1.0597017077236492,1.0421769373914636,1.0412464348155919,0.961327515208423,0.8537673795540854,0.6930537104835665,0.4571297589862436,0.4450890009108958,0.44320721203528174,0.4205338733492908,0.4171771872614523,0.3601709292373547,0.41252170487279516,0.3961822350282655,0.40949943590629073,0.42771481224801156,0.4780760540268602,0.5123690042431313,0.627861369083133,0.6578017369725003,0.6883590449391126,0.7923034001348204,0.8820672376042143,0.9209615922351689,0.9690769073542294
0.3549557813583068,0.8399007067272748,0.9040601897469378,0.5607480644980642,0.011944640739718097,0.8433987131882504,0.9500007314449754,1.0111147170967307,1.000232776362261,1.0027017655564596,0.999130135446848,0.9969251707771574,0.9791263637838219,0.9876293200342499,0.9915674125084403,0.9957185141272847,1.0012777824265102,1.0028692804700303,0.9962917938441789,0.997830893213652,1.0068163125618992,1.0096504933465955,1.0095401749687127,1.0122918962444893,1.0236761591857026,1.0409257964015346,1.06653615508686,1.0789087623630198,1.100623589042681,1.1224298830156894,1.1274913360945569,1.1366228162728778,1.1333519007347375,1.1348731266963301,1.1229463248054308,1.1002042283696012,1.0950779370442907,1.0674500292525215,1.0467711177374563,1.044057031169523,0.978180108074892,0.973941857858325,0.9447185552426878,0.903689349335902,0.9091168238482202,0.8776706061111269,0.8835136154610849,0.9093943792550793,0.9027141834024512,0.8960510323928377
-0.6566600601839365,0.4249700624192147,0.8667095228217017,0.5720797546070598,0.33169255716377527,0.3777709693206187,-0.6207293074321656,1.0104836144430576,1.0195256948003604,1.0213435033751277,1.0196598998375082,1.0166477939435685,1.0235640939154231,1.0213761119185347,1.025849376402131,1.0303809769107506,1.0370371718323754,1.0353990238482624,1.0279171259609436,1.0251402204798326,1.0256106381128183,1.0368888125275413,1.0440351320997012,1.0559660517728484,1.0634098658451558,1.0723783765849981,1.1018842195473715,1.1170876611790426,1.1368369090450572,1.1322802788392894,1.0300951560355827,-0.028923355112645276,0.031056236902059005,0.8225380862817001,-0.39931284694456176,-0.8854262147434139,1.2141434158045379,0.7243015589355435,0.9632000743619629,0.922743990079762,1.0602319026295954,1.1449612479106732,1.1660042750956705,1.1715617450500453,1.1848432944352147,1.1935827128847847,1.215079623626854,1.1925940747902875,1.18104504845495,1.1802248487843976
-0.8212062315351979,0.6919432216388511,1.005713408447808,1.0286136503872674,0.9849597857893032,0.9979532812570303,1.015137228967804,1.0319502232631945,1.0378104527664502,1.0363304462929892,1.038304547986822,1.0435013974832488,1.0503060757839637,1.050195913625422,1.053070673128018,1.0578691690968618,1.0622450926803104,1.061085174162905,1.0575432945342664,1.0547392576735477,1.0564502628173882,1.0621654018853974,1.066490904792244,1.0733223058067687,1.0878862099207776,1.1025689934954077,1.0856104081087496,1.1367811862552528,-1.14155033887281,1.145579743942353,0.19461754096526288,1.08374314405424,1.0709332816075625,1.146211970222041,1.1994507830035652,1.2121164243908351,1.2009216532017335,1.2154195829882788,1.1092455318617012,1.1807979405206983,1.0996225137162745,0.7908131409342923,1.00838577585143,-0.21925679776322232,-1.1079443388962997,0.6645943075927212,1.2072883360052205,0.9096673986153616,1.085309749392544,1.2078933072907192
1.0986721009183236,1.1087732082870985,1.0775459400604237,1.1278110912638013,-0.05802535447418203,-0.8041137695711982,-0.3258395123125642,-1.0407622943996766,0.4444792132414995,0.9979190183493126,0.7160174961298191,0.6312454021070799,0.7123359076488425,0.5729669617298687,0.9725773869093007,0.8555293149248313,0.6403241370322866,0.5705673468162045,-1.0495338090851565,-0.28683988139163835,-0.2797738660256627,-0.18610939841141225,-0.14574383995978216,-0.7004614019313818,0.3683557922069567,0.7268679910532496,0.9916388222245405,1.0971368901412788,0.748754320785063,0.6463377892840737,0.9557623247527238,0.42700808927542405,1.168753398787874,1.138142177424285,1.1715532130136597,1.2008711204694544,1.2149220796810716,1.2189748074926583,1.2167367172127084,1.2250544290157008,1.2249411360488152,1.2326363593110754,1.2354616936631497,1.2461962186527764,1.2496663161985766,1.2557212633250165,1.0735667551978152,0.8420976505524884,0.26784038399848437,-0.7084779835124376
1.013233004845262,1.041784572411777,1.1185958025856904,1.1222386501074517,1.1235286029754077,1.1438228986046697,1.135591564493266,1.1370380123707307,1.1359226809497491,1.137435764928896,1.1275287415442317,1.1252285201976717,1.1294958658986025,1.133773778917573,1.1347764029387628,1.1423893375494598,1.1541521617582247,1.157679811272903,1.1084892315136576,1.1057110084214619,1.117082547607145,1.157256135170759,1.1565663041085792,1.1303666789050215,1.1257109150743938,0.9529997828655276,-0.09009656615547125,-0.17293842379993804,0.8548211870858127,1.0472365798214953,1.0341181017039052,1.1816611544033624,1.186360660456776,1.1880588894394164,1.1901503360623327,1.2010545155731471,1.2078922715993912,1.211799214137416,1.2128395666386516,1.2192539424239364,1.225381206856919,1.226661859285115,1.228763282645121,1.230019740565349,1.2318609963586875,1.2409669445099112,1.2444359330575523,1.2460896228749025,1.2534608751122573,1.2513297843192166
0.9364303697494526,0.9522581276788276,1.0062093239768584,1.0486362023284943,1.056432281510573,1.0945462482954296,1.1041741182591411,1.1046240384530917,1.1221208336289095,1.1267174253380903,1.1230815522788615,1.1216638915753554,1.1366810560159977,1.141492622873262,1.1457368167157762,1.1519060073185166,1.1547578709870459,1.1494890769260107,1.1475568275273045,1.1478856334152399,1.1532223566971742,1.1587608325183492,1.167019561121744,1.1944962934156778,1.2053250180084394,1.2045153262704718,1.2003187972418368,1.197790459388598,1.1982502758264808,1.1932505311601145,1.1856829570990233,1.1848324222001814,1.1971657290620803,1.200626575912913,1.2046684211757612,1.2121032519545807,1.2155254528251471,1.2186173925383899,1.2183975571937957,1.22040861760614,1.218710926314351,1.2144751909321647,1.2107450824788533,1.207914909853299,1.2065867824788992,1.2116098155920934,1.2191548192688404,1.2227679047035847,1.2202926815675226,1.2158250993776674
0.9658006489780068,0.979612202003734,1.021837173620305,1.0351489662470068,1.0478244205363452,1.1266380160663487,1.1326672857867182,1.1509390322462831,1.1845467924637503,1.1810470476710642,1.1700793259662006,1.1724900740393105,1.1791925855427459,1.1748441516421206,1.1720505624718693,1.170664063328381,1.1769179772299336,1.174770636201126,1.1819300568150046,1.1845268413591705,1.1928782227341561,1.208063375402996,1.2128598409891274,1.2121330113497353,1.2136425551578007,1.2227123407309546,1.221186971783473,1.2204596849622091,1.2252000033946275,1.2176998613544163,1.2177190395020263,1.219562145915629,1.217398476971478,1.2165649303595598,1.2197947486764231,1.2304837899584884,1.228804545646046,1.220932005962176,1.2167303304800607,1.2089420587230872,1.200293317859969,1.203433336491647,1.216004183430627,1.2187788824961021,1.2206202256099867,1.219662051897841,1.2197844592743476,1.2186930667840152,1.216539031393408,1.214773402062838
0.9616290371210551,0.9761769433124453,1.01444599843927,1.0209382569258003,1.0355272927995387,1.0801429667188804,1.1162782971315524,1.1206564223962219,1.1592779274557472,1.1595477636939484,1.158874334742308,1.1611995265568629,1.1710440414057524,1.1825734942348918,1.1905983436616807,1.2113788219365662,1.2186274970412234,1.20772154145023,1.1909572117415763,1.1933585340770754,1.19424116956635,1.2156170552413699,1.2299707367588821,1.2333299008504923,1.2445155905145966,1.2431189306668298,1.2516920967088894,1.2542613433757854,1.2498640746510352,1.239162043292027,1.2350779101796197,1.2450824251952042,1.2384217371580746,1.2368901605334743,1.2349341790972248,1.2343429580879288,1.2339985504897741,1.2327981405880133,1.2308984821702431,1.22647172555653,1.2239575691608213,1.220482653789547,1.2214603186016104,1.2173086581976846,1.214979539812852,1.2155313250927489,1.2142713919143557,1.211000962912706,1.2084737721318326,1.206591392125274
0.9766746687845966,0.9895819840240753,1.0099775528613453,1.0216087008342485,1.042548745922732,1.0960516542392198,1.1017362116053862,1.1128336011531283,1.14463992162907,1.1575492390580155,1.1549070826473795,1.1681428430326677,1.1951662306415312,1.2074348574412075,1.221114660922582,1.2147123352999312,1.204612427726572,1.2073670515566644,1.2189656620511553,1.2266414004159794,1.243475455222691,1.2772185419388777,1.2840394931099044,1.2765464698171267,1.2758812989850616,1.2760171164397331,1.272288143770681,1.270419420374114,1.2701748766500895,1.2641189609800283,1.2652209583268483,1.267127078325251,1.2574332843107094,1.2506834422989743,1.2498586835791674,1.2457882414596397,1.245624968380253,1.2432608176573126,1.2382948877262085,1.235668213890354,1.2352643761392332,1.2320488073058031,1.2212218647076822,1.2183531692650373,1.2191739758046671,1.2158948728758694,1.2075282767488185,1.1889491876969767,1.1779551708169904,1.1691722002955198
1.0121150894930353,1.0326916048185006,1.0613719565130926,1.085432983483001,1.0948659062448602,1.1135102391614433,1.1315441442236807,1.1457336798205413,1.1564246262701379,1.1980000691953092,1.2199939872715488,1.2453447240876596,1.2546436536904542,1.2548681491577758,1.258808665571925,1.262851597425424,1.2550945818862207,1.2522099459623823,1.2583574395088484,1.265721073660789,1.2698490746343774,1.26808453547896,1.2734299085923197,1.29103237760578,1.302474474136143,1.3052972397250027,1.3046735918024204,1.3027751746639065,1.2973376426586116,1.2894753291880232,1.2882975269185257,1.2924933714421378,1.2825181571742024,1.2786448525626095,1.2751866071922724,1.2707769545152414,1.2657253948667486,1.2626673204283385,1.2570451415466843,1.2471321160881268,1.2385745919927484,1.2319884912230576,1.222850148025993,1.2036470146548608,1.1915920180324742,1.1696492452844245,1.1652091558184274,1.156230322512168,1.1392328045057631,1.1191923783215998
1.0458871652409913,1.0745091432355085,1.0898227132133749,1.1054941791348911,1.124957693427511,1.184491672146125,1.2382852525176489,1.277480923803233,1.2625997595455138,1.2565137134157367,1.2463577665955712,1.2575975054362407,1.2962442611886194,1.292284637633861,1.290086400806464,1.3119326786303835,1.3155393829575441,1.3229013285927627,1.3374877281684825,1.3348713459981494,1.3273772491226055,1.3339903376450368,1.3415907111669663,1.3408353060080838,1.346858205212065,1.3384285426343083,1.3276222246585978,1.3192722830883752,1.307248710472542,1.3014060847030966,1.3024523383799234,1.303929035884069,1.296575515837495,1.2881282661510525,1.277651277502756,1.269531672168668,1.266207194928836,1.2483451017849523,1.2366561738418094,1.2194996563574958,1.2069422505632013,1.1982669821810226,1.1773078913531878,1.162288179422923,1.1447184628281784,1.101694581840078,1.0698758857220674,1.0718981390263072,0,0
1.0464116739637233,1.057512185853036,1.0771114928899357,1.0942732074406152,1.1410405849590262,1.1848884733834675,1.1846285720676097,1.1793690552502976,1.161504831165199,1.199381645715507,1.2360033875050964,1.261899146691062,1.3061563857763219,1.319696063066298,1.3379594689165253,1.3525790313696482,1.3570692651914336,1.3637204938330276,1.3694242466509603,1.3754987783748658,1.3698820929893507,1.365874543446741,1.3573805964937946,1.3439994823964756,1.3370659516187557,1.3338170853111708,1.3291775149987015,1.3194759032844872,1.3068657643357413,1.3048994085596168,1.3034974468227367,1.300680772769422,1.283348121559671,1.2743616218059954,1.2600301669442604,1.2439047717986218,1.2407718651264767,1.2279121661711196,1.2113824921500267,1.188854010474191,1.1696715886658753,1.149697136760818,-2.893608043249003e+38,0,0,0,0,0,0,0
1.0208487203934071,1.0384590181686482,1.0872113326397106,1.105178311234977,1.1122562061056824,1.143205989532685,1.1600731662356794,1.178112131324237,1.2219047069651994,1.2390451924056753,1.2576080747095224,1.259983517893044,1.26377723879508,1.2689296739547864,1.3043887984368292,1.343233523891132,1.3491039001830727,1.3555414788528635,1.381270999055215,1.3911988361467764,1.3734339491499037,1.3341153292944132,1.316835434976892,1.301677866254513,1.295312376806756,1.2752880825465662,1.263337302810184,1.2592455697941518,1.2593054997007023,1.2709923212316097,1.278086213362571,1.257841997184402,1.2226564509153803,1.2071812791190684,1.1767564576333198,1.1586195225361946,1.1551820670395854,0.3330228979677246,0,0,0,0,0,0,0,0,0,0,0,0
