jsons/1312617600.json
{"header": {"parameterUnit": "m", "parameterNumber": 2, "dx": 0.1, "dy": 0.5, "parameterNumberName": "Eastward wave", "la1": 40.97354507446295, "la2": 16.46031188964855, "parameterCategory": 2, "lo2": 133.9931640625001, "nx": 191, "ny": 50, "refTime": "2011-08-05 8:00:00", "lo1": 114.97908020019554}, "data":
[rows 22 to 43 of 50, columns 50 to 99 of 191]
0,0,0,0,0,0,0,0,0,0,0,0,0,0,0,0,0,0,-1.1358242249326576,-0.6415530962284848,-1.0693754514401226,-0.39372677650198473,-0.387303666757754,-1.2344162714299207,-0.49362882316038276,-0.6801845597239699,-0.7331023965835365,-0.5708898183645685,-0.7545649311722591,-0.8039904065302884,-0.5175426690999332,-0.3661329368136549,-0.257774087521319,-0.20018299242630594,-0.20425528858792044,-0.1061494256567871,0.021064920159792916,0.29147150566431995,0.47520456179663045,0.830569409626646,0.884125600966969,1.1392637145372555,1.2916987275213916,1.68650668680072,1.9582115711297203,2.159569451047707,2.6790169960610895,3.018540008945379,3.195341177888335,3.644072349180817
0,0,0,0,0,0,0,0,0,0,0,0,0,0,0,-0.5533116197349129,0,0,0,0,-0.5379846808578184,-0.8747310144976967,-0.942917359747791,-0.9865683351072283,-1.1263653226054728,-1.322019791528759,-1.4346776548547193,-1.4544639924658544,-1.5303336059795853,-1.5491511080430524,-1.521107438091615,-1.5562464863340009,-1.562139023810834,-1.5490456193365352,-1.4106670769899916,-1.3336355392597161,-1.1281851760834736,-1.063776949295895,-0.934162775212023,-0.7197677441020323,-0.6009494386667505,-0.27686438232032295,-0.24202941797400007,0.4023572194063366,0.6682557684880812,0.9957169887116036,1.6579209007064382,2.123246485953746,2.4133181340391636,3.139605723989721
0,0,0,0,0,0,0,0,0,0,0,0,0,0,0,0,0,0,-0.830607132140344,-1.0370129695084478,-0.8811937837417013,-1.077052454684046,-1.458143307239788,-1.632199142416351,-1.978916195938449,-2.1893655108569394,-2.2683687550267257,-2.3991643930456634,-2.5081419314783147,-2.558978875941068,-2.9794264093158067,-3.235533996550111,-3.3233386937924054,-3.2890454631315604,-3.2482281285576358,-3.2602949399293926,-3.221936230367368,-3.290737648620574,-3.4192610226212183,-3.3380331410873794,-3.296228234248294,-3.3228871438091407,-3.0150246915735694,-2.5731876196613026,-2.3196023137285384,-1.8903048516420797,-0.9442119877029378,-0.36842815300513715,0.06588073293086978,1.2577151374887612
0,0,0,0,0,0,0,0,0,0,0,0,0,0,0,3.3038944722661223e+38,-0.9735252441122658,-0.4678787629254107,-0.8960011277954918,-1.5067221489682028,-2.030518435352173,-2.301324810259236,-2.6761556473756456,-2.8439151662193605,-3.0465220143136382,-3.3355924755528914,-3.5675246211695857,-3.8614861754557945,-4.073296415374127,-4.227726232920044,-4.424916577212851,-4.668310842113627,-4.837552325716058,-4.813138264538142,-4.981385106708435,-5.129203761911849,-5.15365714630656,-5.172026532071384,-5.345216703944058,-5.274385747953728,-5.127675345416115,-5.21295542732874,-4.9942555713433485,-4.580303167344755,-4.387038778430434,-4.036209388299242,-3.0524242391470873,-2.7012989050692964,-1.939929097325685,-1.1817069446678556
0,0,0,0,0,0,0,0,-0.4548728176688356,-0.4706648793160198,-0.6262300648216901,-1.1857430513850025,-1.53956011392883,-1.4624076382107478,-1.2603327457828524,-1.4272172249725086,-1.7531437489897979,-2.1163526214672816,-2.3437957246171965,-2.699680695479314,-2.954517531932845,-3.219505391847665,-3.5437324407696194,-3.7575056477473003,-3.9985146849921547,-4.2513069340346,-4.406290553559715,-4.673350248626217,-4.937914051154804,-5.083920115686639,-5.257811316819787,-5.546307328849945,-5.655105221078239,-5.772771346102602,-5.856843349897931,-6.169588345386598,-6.286938251069866,-6.381216019045355,-6.5868947252711765,-6.499288358503035,-6.496836406934244,-6.602436499653075,-6.538274683802187,-6.291768873906438,-6.299786100157224,-6.01924055501401,-5.559322429567586,-5.17567654826668,-4.871475919869609,-4.077169867397788
0,0,0,0,0,0,0,-0.45258938920311714,-1.0406397522809956,-1.510126558853959,-1.7119325381931094,-1.9509243093417423,-2.2384717930359517,-2.396790381706562,-2.5616890750716625,-2.6946801432309795,-2.9812932395593985,-3.131741194191542,-3.316137190840555,-3.5643556700969143,-3.8205030358743564,-3.994949981825987,-4.239418783488653,-4.393608070115481,-4.614204221525511,-4.8986690610333214,-5.056971779230394,-5.258315166895123,-5.524072518776819,-5.652515074940833,-5.841511252276254,-6.061420624306175,-6.215385898188051,-6.348017090676746,-6.4717511641477925,-6.666086436438821,-6.786311451983159,-6.949272625565795,-7.1003625416029434,-7.192015699410826,-7.24223417337372,-7.424146520038638,-7.461820138102047,-7.461252948830088,-7.6225934453475075,-7.624870246659248,-7.519966048960147,-7.471910745409831,-7.434903376738702,-7.165507767812892
0,0,-0.8767683129283264,-0.5995308686418487,-0.9077704853801478,-1.109315529447347,-1.4781299208674614,-1.6788343448402345,-1.9304637416182375,-2.1372639559544577,-2.300348017130225,-2.465702233958445,-2.684018862276367,-2.843902440073488,-3.0159740485015534,-3.1508397992716684,-3.3722357638164424,-3.5712758441001773,-3.7408002052502236,-3.969805377029332,-4.147438654031125,-4.297153402730154,-4.498939979393549,-4.620504047087062,-4.789158512972053,-5.053499350103187,-5.12390114260881,-5.329273749438461,-5.567351760752253,-5.692034130257224,-5.831574861256503,-6.09910367943657,-6.187333175995806,-6.335877486605236,-6.5014605448752905,-6.710369671615126,-6.826448565214732,-6.922661612152527,-7.0512811930702854,-7.174871228713259,-7.2281786126953955,-7.410435760307394,-7.478426185299515,-7.528235799486099,-7.536170954381951,-7.537685668485456,-7.467349320209618,-7.318078569344586,-7.234060587491641,-7.120286762779461
-0.7847814376210407,-0.8893480462938115,-1.1085555279451726,-1.3825603716452721,-1.6387312783738683,-1.7813019735761029,-1.9676241274295216,-2.0996717195089403,-2.2439534624541566,-2.4256974154578312,-2.527670570003279,-2.7204455662732685,-2.8819307288307425,-3.026581181031236,-3.2300176025795686,-3.3558245733013083,-3.52564787378218,-3.708547079156732,-3.811548147037755,-4.022843791995952,-4.196119675256152,-4.312379741522296,-4.5227919074716185,-4.635295225927129,-4.780535355536121,-4.969245344338257,-5.105011792147306,-5.231059229529536,-5.45029393501912,-5.554646054811261,-5.681978998616579,-5.897902411917907,-6.005464432402768,-6.114237441895976,-6.2014982574415844,-6.360696460251125,-6.4692099356590465,-6.5376715050733845,-6.719700318137698,-6.805085142709385,-6.8795551187211705,-7.003783589521377,-6.99901521410936,-6.947041024024035,-6.9051540899240385,-6.8373647097698464,-6.523234992822637,-6.171429911091988,-6.004121372306472,-5.284125138174538
-1.316007329845826,-1.480884746433727,-1.5891195102151525,-1.7640267286708389,-1.9114129638790873,-2.0133620744692076,-2.1641738541471622,-2.2507831159449396,-2.400137036609162,-2.51855022212121,-2.636670218491201,-2.7961521921349712,-2.978548038942346,-3.087483294485142,-3.2624378690080484,-3.372140012484519,-3.5552926327009025,-3.6802361529834258,-3.7842644781817047,-3.9591045134644047,-4.099212787819547,-4.193870061135694,-4.371780755029494,-4.47007713571244,-4.590741979579362,-4.775361793439029,-4.872920911632923,-4.991905767456602,-5.182029732943903,-5.269775164817524,-5.396383950239534,-5.55282191068576,-5.626709499740391,-5.724047733325062,-5.8004061178983335,-5.998506481728067,-6.0737005330414995,-6.091774123113313,-6.252280735719897,-6.318029877385027,-6.306968630624061,-6.40013622998713,-6.390004462551607,-6.289545070990894,-6.193269096806463,-6.011504002477727,-5.6309100016633025,-5.1536517713719165,-4.937395552858001,-4.217490138384202
-1.5098485454698929,-1.6763047440292804,-1.7727495010295984,-1.913448433482199,-2.042925210222138,-2.117852609047637,-2.2475525324616745,-2.3492986797439444,-2.45418910035838,-2.6140308618692276,-2.702825931650265,-2.8316053991120276,-2.987886943040272,-3.0831166400969456,-3.1744545408979863,-3.283997882506886,-3.4185522091815,-3.528804453799712,-3.6085842844586415,-3.801059325745595,-3.9066854478339645,-3.996221975214832,-4.148771744570161,-4.279089380172941,-4.38021021059424,-4.5454084891456255,-4.658419443776949,-4.770296381619369,-4.908768478675155,-4.974269805596148,-5.065657358646543,-5.197284638647919,-5.3085257405897295,-5.372030367287443,-5.467874042273062,-5.610721885806088,-5.702311542398315,-5.763928524416724,-5.941415288076193,-5.936071177082435,-5.971547266786621,-6.006431107799582,-5.974873377776214,-5.84127424366263,-5.827661263658744,-5.569767496027682,-5.183334665415426,-4.861195250975918,-4.652943292759667,-4.136764524398135
-1.7705503150541373,-1.8771690097969895,-1.9310050390407159,-2.0258545308113773,-2.120134794949977,-2.204543495989602,-2.260489294358879,-2.3514809892666526,-2.3540197820138173,-2.2206596175853024,-2.0887737545609264,0,0,0,0,0,0,0,0,0,-2.9248907900903576,-3.3694705891386647,-3.73505784182967,-3.884363752283226,-4.02176405954968,-4.201682637023978,-4.32566170901083,-4.411242703684289,-4.568453500536928,-4.618443553089738,-4.687717568706257,-4.8503062507991235,-4.921559332627736,-4.967038058846969,-5.067187983599117,-5.220168639621598,-5.289761313779514,-5.341204757258259,-5.49350345934516,-5.5194692433340595,-5.5186862205471705,-5.556572182876911,-5.544832284772972,-5.5175946448173105,-5.474791865436544,-5.341274361089741,-5.139446234343803,-5.030522959267223,-4.870370458417456,-4.533448447883141
-1.5841811326436261,-1.5995792575075094,-1.5906081675633776,-1.5455920569254347,-1.4668174778993825,-1.3793412744393603,-1.1783757868159042,0,0,0,0,0,0,0,0,0,0,0,0,-2.289216623973094,-2.7626007088769318,-3.0591467124938574,-3.3886500918065297,-3.5057281611921693,-3.712146869582581,-3.868476078711729,-3.954272277910202,-4.041669607837434,-4.140719396040925,-4.222493101274098,-4.299818375030487,-4.462584780698501,-4.539470746458003,-4.593711087925011,-4.683992519306737,-4.817121249865386,-4.890208525577493,-4.824520204288612,-4.679997333494146,-4.938806317590749,-4.970960885316648,-4.637132796740501,-3.7439753080675158,-2.479553784011163,-4.763848485146593,-4.99739342685981,-4.880927894544483,-4.898299948000518,-4.801936750904168,-4.550693965051216
-1.0801830839161386,-0.9670080851118615,-0.9094924501776502,-0.8104292413195685,0,0,0,0,0,0,0,0,0,0,0,0,0,-1.9691017342868602,-2.294914320301981,-2.6355880397213483,-2.8561878559801306,-3.022129469482717,-3.2350117892300556,-3.366499937571607,-3.4824680163300377,-3.62568364935888,-3.6796232585793858,-3.7434767944639296,-3.8165439730898996,-3.865292156051372,-3.8748262920186023,-3.8514415600480167,-3.7891354353381868,-3.6809429053818694,-3.5225625247966623,-3.341269780695149,-3.1097123152653077,-3.003786303641325,-2.9794554197421905,-3.3436417854859934,-3.5299190703775083,-3.9322301602506617,-4.022814735980654,-4.113271715498547,-4.26393613208925,-4.349644307113874,-4.3293788470718,-4.418625804648689,-4.340374741695373,-4.1564369556505465
-0.6254100568070349,-0.4832748038524703,0,0,0,0,0,0,0,0,0,0,0,0,0,0,-1.9662592896656768,-2.2326081148338015,-2.429131677285789,-2.6233081842092085,-2.786934319232773,-2.872947846125628,-2.9683177115286727,-3.028505010868148,-3.0892489435079233,-3.142748824962932,-3.1640674674506575,-3.1507508101328816,-3.166480107657124,-3.139077634809491,-3.082807333016661,-3.0797945716711825,-3.0914117690681886,-3.1044724007063422,-3.1167505222958836,-3.2305745757840123,-3.2754680707523285,-3.3862063592250795,-3.56197402174715,-3.6242480786384252,-3.735491963750646,-3.8945473100222934,-3.9307979534619157,-3.9591846608499695,-4.00986074296018,-3.999578160880359,-3.920150210595656,-3.9192025880271437,-3.857526869323325,-3.7376825376895995
-0.4351656997182527,-0.16378819037534526,0,0,0,0,0,0,0,0,0,0,0,0,-1.7201290138774024,-1.9163017662790482,-2.1261679439849983,-2.290231173779225,-2.3939625060651766,-2.4890190231693134,-2.5658326596350216,-2.613146593118476,-2.684303434983396,-2.718781407837518,-2.745371672642474,-2.8032969798352223,-2.8227094965695323,-2.8460368819067616,-2.877229848646625,-2.898000104372521,-2.9152354172640216,-3.018213378223255,-3.055976963077811,-3.1236134758560357,-3.1612974023889038,-3.2908048929294544,-3.3462092562630352,-3.4135107257684654,-3.530468780721063,-3.563026925532917,-3.6184623920296937,-3.708884458083325,-3.7370705805384694,-3.7254404231995886,-3.738174525759362,-3.7050747489180775,-3.644919874083317,-3.61464842281059,-3.5903570074553395,-3.5006879634488315
-0.3612857215327151,-0.32530847232618487,-0.2910312552043942,-0.3070440450799511,-0.4467337524307685,0,0,0,0,0,-1.382870063977909,-1.4336312395488395,-1.6593506270564868,-1.785277139482946,-1.922967278206032,-1.9927920236121275,-2.0897468569398585,-2.1902240378820315,-2.240937150782849,-2.3212120445803808,-2.3787245340634087,-2.4142205884355645,-2.4700198499764254,-2.500213117510661,-2.5400027435235026,-2.601405105897704,-2.6335149702535174,-2.674344157324209,-2.7574867906953378,-2.790664623970041,-2.8464752920007204,-2.9381589694104475,-2.9934090203250117,-3.040100279721407,-3.10752092234932,-3.2069979150131975,-3.246233082358337,-3.277650092468129,-3.3530617021396876,-3.3948797506165937,-3.417601947690999,-3.4677984296551956,-3.4751614061876106,-3.4608004450788536,-3.4538147609022745,-3.4383843742141766,-3.3941038180643393,-3.400825341802336,-3.390616749261716,-3.345788809618334
-0.2980526812168638,-0.2764375369193773,-0.251413548225131,-0.26744920061216787,-0.20821500245736027,-0.294372680713443,-0.30221331434548415,-0.1717022133827908,0,-1.2182273311636695,-1.4461825620436066,-1.6177458536014557,-1.747841130383362,-1.8116903925096153,-1.8998234862789063,-1.9593154997303697,-2.0369951907464032,-2.0907187508167877,-2.1202534375531346,-2.177784241484285,-2.237959417063731,-2.2747831913863386,-2.3565754538627743,-2.4065335034185957,-2.43215563253596,-2.5082475149264423,-2.5591045575734706,-2.5905986155525023,-2.6811159790473003,-2.717934584183655,-2.7771353000172154,-2.872080893442404,-2.900113732083854,-2.9453436458143556,-3.0190161871266823,-3.0855796309098658,-3.120628505422301,-3.1296315205949234,-3.17881088803792,-3.188350257207088,-3.215705304712747,-3.2362837519194385,-3.2439637055207435,-3.224033903058555,-3.247021928779439,-3.2492183359803346,-3.225047954466055,-3.2416844816748394,-3.2256213892229293,-3.182461182598293
-1.002262136670535,-0.9934355956253111,-0.9965978999889245,-1.1342147786593935,-1.1786963448793804,-1.3183481223310187,-1.4360577240646584,-1.499355131440648,-1.573284005320451,-1.6268554279957539,-1.66058751073872,-1.7113678225482227,-1.7769541787186516,-1.811738019374577,-1.8783663583016739,-1.9270017368364438,-1.9936641294083974,-2.038292086274649,-2.0869110905679613,-2.1509711826746187,-2.2078469795464364,-2.228581392539365,-2.3068497666127166,-2.357082206231414,-2.401756465842487,-2.4765715396455126,-2.4969717748549334,-2.535372235816159,-2.6244055412933878,-2.6517935719238688,-2.7223044121500153,-2.793346541635499,-2.8417216242250345,-2.8646683604755574,-2.894340676082608,-2.9634362411748185,-2.9821089171440263,-3.009160790622592,-3.0383593523074635,-3.036869899375251,-3.040465809002924,-3.081714639957256,-3.0953095565395365,-3.097382966854709,-3.116250778395042,-3.1136315752440047,-3.104429425302717,-3.1408287917562885,-3.1226495577887,-3.089455424424171
-1.1811154882181503,-1.2192013180054053,-1.2516009848985372,-1.3501393840041873,-1.3904328321370512,-1.4255924065243353,-1.5050217928420428,-1.5112678735922456,-1.566517469753166,-1.6254137321204642,-1.672659594024816,-1.7191189512561353,-1.7875552276597855,-1.8226126604746276,-1.8761219617568694,-1.906349526917805,-1.9629469520735545,-2.0154139977460344,-2.0377151209107027,-2.1297140734005597,-2.15862970408816,-2.1914703929336707,-2.242152692499239,-2.2843599956024283,-2.334031803179975,-2.396117728615959,-2.4301787602703313,-2.4770911768909367,-2.543996062253843,-2.5825391874970545,-2.6286400331845297,-2.6788929870340104,-2.7080166184480134,-2.7449296630442044,-2.7682670236331584,-2.8124510676286754,-2.815801630535714,-2.8420131053794813,-2.8812717772604306,-2.894470155972436,-2.9130775484367533,-2.936696980359966,-2.9590569989827147,-2.9618244436147108,-2.973803578714657,-2.9680636230599386,-2.955554262016016,-2.9759173320819046,-2.9730845938656354,-2.9582400432078604
-1.2657922989891695,-1.3161762415660532,-1.3271892377538832,-1.395520589940503,-1.4322217416312444,-1.4660398811899082,-1.5182580652459066,-1.5669306433189665,-1.6045808209509214,-1.6635258213757544,-1.6763134046293358,-1.7390039769197239,-1.8009279590259517,-1.8302010543954637,-1.8659298432318845,-1.8962364272368135,-1.9604533408635019,-2.008169535565115,-2.0444539591215958,-2.104512926365186,-2.146112071693704,-2.172201028741724,-2.224698344493265,-2.2380435487286245,-2.2952218681534573,-2.3501806126642326,-2.3871037174426,-2.4401972600217006,-2.485832614320751,-2.5220804687443157,-2.5382680116749357,-2.5941846441362753,-2.6239631049749965,-2.6595461626750483,-2.687193980012021,-2.7082988737895755,-2.716003546703957,-2.739209430490324,-2.7769410557153145,-2.796396887163751,-2.8184903143463758,-2.8284700865026493,-2.839695971364679,-2.842428829199342,-2.8560905688666236,-2.865680502045885,-2.8463138228750577,-2.8515938572540267,-2.859582799677937,-2.8548394560619768
-1.2927346823171337,-1.3468204639413914,-1.3768664168541997,-1.4322238768537554,-1.458662885064773,-1.4943030734234306,-1.5370737872493432,-1.5705127237213627,-1.6255656835891643,-1.658035570295662,-1.70591393768802,-1.7657212917915859,-1.7992150316200055,-1.839505656149251,-1.8887857189221513,-1.9039374795287332,-1.9509242156331719,-1.9875569456224185,-2.0088630225945177,-2.0659132800921807,-2.1089230537029424,-2.1361563881944856,-2.2079231954867518,-2.221800449581767,-2.256161916469847,-2.3060587877336483,-2.328286517841621,-2.3654991568937804,-2.406432480763443,-2.4284946072268823,-2.4593526116123545,-2.4918279135861576,-2.5155797684424903,-2.5350941792389134,-2.560534454151164,-2.585939502032424,-2.610951255519553,-2.6317184342041253,-2.6741528167874637,-2.681347549651549,-2.6919626842897055,-2.723616621264911,-2.736149466923156,-2.73779648013427,-2.7468081732838567,-2.7541430410232612,-2.7584933346529907,-2.761558555564809,-2.7632881996379948,-2.7633150058369966
-1.3375760450726255,-1.3666118164442314,-1.3853456854973052,-1.4438502766394394,-1.478209749375522,-1.5053241940147646,-1.5699867345447671,-1.5852896863995467,-1.6261973564183854,-1.689572937957348,-1.701230158847148,-1.7454400439477546,-1.8140075774908,-1.8223004877697655,-1.8582908279422525,-1.9005994523004803,-1.9425221439547353,-1.9714822436599242,-1.9995168362711828,-2.035933024893865,-2.0755162245386622,-2.0934773172167844,-2.1256473432561913,-2.1654444686268275,-2.2052899216957624,-2.2395110747828357,-2.2677178398693925,-2.307761094663538,-2.3248061872574675,-2.346491582104269,-2.3877599630832314,-2.4208929167250917,-2.444209897239704,-2.467483586033457,-2.4783745019561594,-2.5066019321484263,-2.523187369755566,-2.5253252045526056,-2.5651666735758347,-2.5848799761458814,-2.594139029569603,-2.623806292662451,-2.6273766197200055,-2.639310605399371,-2.669294493485466,-2.667568849083915,-2.66400707007236,-2.672694791835349,-2.6799327066281373,-2.680901552041836
