jsons/1312844400.json
{"header": {"parameterUnit": "m", "parameterNumber": 2, "dx": 0.1, "dy": 0.5, "parameterNumberName": "Eastward wave", "la1": 40.97354507446295, "la2": 16.46031188964855, "parameterCategory": 2, "lo2": 133.9931640625001, "nx": 191, "ny": 50, "refTime": "2011-08-05 8:00:00", "lo1": 114.97908020019554}, "data":
[rows 22 to 43 of 50, columns 98 to 146 of 191]
0.4005644874924734,0.49492139599870516,0.5650609481314075,0.6156717740495201,0.611690977039459,0.6170822714158938,0.6838110288909915,0.7042695226378356,0.7177016829649062,0.7468200559600356,0.746899322821374,0.7353930517102456,0.7352284372216884,0.7221638197808538,0.7544303106838365,0.7795306341472004,0.7871603713797946,0.805569502133791,0.809207407662418,0.808291361080628,0.8035862519329695,0.8011690314543046,0.8078416349903695,0.8279022289384111,0.8255681074948111,0.8306467050282422,0.8291657614847857,0.8243461108705631,0.8281320992767232,0.8366163551890181,0.8375565954468001,0.8360493918022442,0.8294909648618626,0.8229907444203548,0.8322532417781602,0.8308518579318306,0.8184676913022213,0.8278220466416918,0.8042304578269504,0.8070315403064857,0.8020658151202653,0.8033868389108249,0.7834471125321967,0.7904676602522229,0.7875828446882946,0.7662907948181654,0.7635108320253243,0.7711724019935382,0.7765417007381851
0.17855470007784907,0.3961994323085549,0.488477897510199,0.5255468302153622,0.5727745414495393,0.5944932706294972,0.631977153497571,0.6630168730988437,0.6839716880045612,0.6900142498780084,0.713268293791274,0.7243346193806864,0.7314720175521143,0.7347934527557203,0.7435178013133769,0.7478905702723908,0.7442240493086936,0.7672757446405732,0.7677622851064668,0.7663693587361614,0.7756728575083884,0.7806589966498645,0.7880359945541963,0.7951188665628187,0.7878126635621244,0.7755406491025019,0.7953821728977009,0.8016062404300771,0.8074179046177716,0.819384591006983,0.8172505503450876,0.8117963644852682,0.8104416499671891,0.8076189636436418,0.8143288112010939,0.811706748237852,0.7807884226634566,0.7632244773138077,0.7635476979194958,0.7552493896794931,0.752940031462625,0.749878179284017,0.7298222553932109,0.7236866607164492,0.7129543587597912,0.6979096321162119,0.6441755450779507,0.6225081637627398,0.6097283506450588
0.3056606124248721,0.36974275362421205,0.4117296538147739,0.4432566428381314,0.4603994340108267,0.4893454551073545,0.5534708576279473,0.573918741412141,0.5930079474546704,0.6002015907536903,0.6163706074367821,0.6318040466406452,0.6609447741382595,0.6745885723134337,0.6884736673186627,0.695016377143896,0.6909479735005373,0.6989292339809268,0.7148766864235134,0.7197621633454762,0.7207251921774569,0.7082449465785496,0.705091572333603,0.7129465671052342,0.7231548323626229,0.7255556562953769,0.7194927663808579,0.73070287820596,0.7386571501004539,0.7316870640050316,0.7274156333193244,0.7275783807576615,0.7360794368600542,0.7324276853064551,0.7377854443711378,0.7282025463234117,0.6873425120417832,0.6479301627162171,0.6249817823395868,0.5288685700601811,0.49700130597359415,0.45533723949257926,0.38473144602180975,0.4826748133291331,0.5081264355842207,0.5654488507050152,0.416835633278492,0.38789093504888494,0.42919024965536207
0.3686364948475031,0.3497264883184946,0.35769965854414604,0.3643428763178907,0.42720564886402856,0.4432747956479342,0.4429724275779594,0.44589013145081524,0.4434139379982889,0.4394225683525894,0.43560545205422885,0.4146820331935337,0.4675589166973149,0.5298763843502071,0.5642524579337367,0.5975242433649232,0.5968440328392496,0.5912624665744312,0.6032938132705891,0.6053398691134957,0.6233355397650515,0.6377975162087138,0.6630232493620493,0.657272746978868,0.6584383655122612,0.662030651286903,0.6471446216016301,0.6408230888484949,0.6197379905624817,0.6227976123115272,0.618236302976061,0.6083005615873119,0.5938062282975791,0.5796902299512869,0.5907560828219564,0.597027197979641,0.6298641077775855,0.6218095997168502,0.5927618448988835,0.507698834973796,0.4559779379229212,0.38588520840707,0.5678000748073527,-0.8854928353319218,-0.5979681355784204,-0.5944114425522636,-0.6628272254809242,-0.617069426255861,-0.4489228384244686
0.300811234844123,0.3145417253623818,0.3154667786118339,0.3325655032906369,0.34160904940381687,0.3551624651603392,0.3702901613239393,0.3573119623857182,0.3382574148049606,0.3286984365247453,0.3336236843144295,0.3373958561697856,0.33874309790920437,0.34933911717126126,0.4292123114256758,0.4500135955924179,0.47926608565661827,0.5035112329716284,0.5153085574774178,0.5237124708696228,0.5501743195580385,0.560122463176414,0.5696056393008398,0.5779005441067394,0.6032853700908344,0.610818825326927,0.6039039998858313,0.5897449688705295,0.5763266105104122,0.5550759751343599,0.5503507438569532,0.5127902090995016,0.4761040611894786,0.46741429891323577,0.48798908303683675,0.4678414245423768,0.4121097932394139,0.35844459286868613,0.3065069798496106,0.38445418607137766,0.6494999548508297,0.6496295163520451,0.8620927524928873,0.6626189478974798,0.6556095640601362,0.6824174967177747,0.722804391321947,0.6906791768387869,0.7523218875553394
0.20946460417285206,0.21985829448335883,0.2255288819245616,0.21206706363352257,0.24997894423238906,0.2680992981467171,0.2725465897939108,0.270148163801413,0.28696939596492527,0.29786697286377756,0.31732276805847215,0.3173687090102912,0.3325801018711409,0.3435310991860367,0.365694568257794,0.38713947445010777,0.3993536915378213,0.4607327722271577,0.46632889903250146,0.48908317044732874,0.4707580396790401,0.45264243207581384,0.44429098760185,0.4300270347852626,0.43548939523886987,0.4404627281392088,0.42439197412644,0.38975251240054504,0.37349667604246983,0.40554256047346476,0.43375017500073354,0.43633241360465025,0.43722767086870606,0.43079790940673846,0.43979153508934954,0.4742060737758898,0.5542120128235942,0.5729285243010648,0.5835599790394571,0.5889431171154956,0.6001042856803036,0.6168491207764253,0.6187261431946981,0.621250117278836,0.6256241917825248,0.6737580985035089,0.6746852076594447,0.6976823780016674,0.6940771782792952
0.2952027093799089,0.28412070197347417,0.28781903881818505,0.29276790450664947,0.28991931292124934,0.3103987072251415,0.32273866153087116,0.35538930216522163,0.40506323583527026,0.4042267568744264,0.3474784977396915,0.37992259403271367,0.39419019472837413,0.3739939560898361,0.39569192075905474,0.41107206129999685,0.4136536808409093,0.42273975589769425,0.42223095762227575,0.40875373538468057,0.3782574567103659,0.34131608285818466,0.30848954013110663,0.24649985380543085,0.21401844774761922,0.1890985762819441,0.11802438223911466,0.4845628115741454,0.7559442675718266,-0.7526449760439873,-0.1373562063802364,-0.40752484379488807,-0.3215213273021059,-0.39172988797151315,-0.5425254607644928,-0.6937076648078465,0.6960723969733332,0.6113959967535404,0.5525888393283731,0.5068245868431616,0.4654680043187199,0.4846305144696904,0.482432258612043,0.4951327484184447,0.5192857176178323,0.5050972777893888,0.5205957132981068,0.5256759438730373,0.5254997256803117
0.3025936359862134,0.29270416020153966,0.26994826786185067,0.26189069687585714,0.2675091311482896,0.2726779984098578,0.2797761646383818,0.32222829195107927,0.34966864467793674,0.37443166604955397,0.359396901961913,0.3769747999252768,0.3916181363858269,0.3884191284834802,0.39037615878137183,0.4122053579848205,0.41886100448296226,0.4119460231031284,0.3952668200131863,0.3634446925803103,0.35795008188135125,0.34905430768699813,0.3332423304383493,0.2889984370606764,0.24153525865822745,0.2128808708742034,0.22540806185117168,0.60580847021325,-0.1958539056811694,-0.36174401499133546,-0.554838267925745,0.11598760074595406,0.3580716763376981,0.48759040834927353,0.5373699560300683,0.5586706956535327,0.5881070959342927,0.6234737216890149,0.66890913240162,0.7014679599841243,0.7427560165775358,0.7722417957682247,0.761052365962612,0.6910893602455315,0.6840338559129688,0.6365324838507762,0.5403650893561697,0.5370910855059853,0.48299497092472576
0.27877862030654493,0.23701869591716798,0.2464366635489744,0.2504974824539393,0.2159729777611292,0.23141547575572133,0.23150715669244035,0.25857148192075385,0.2970012011103784,0.3478493815665474,0.3452462370767779,0.3649566487255231,0.40897938189967026,0.41682193500220666,0.4239337275144786,0.4177628500181873,0.41585401937133454,0.4092131129356124,0.4126608428475872,0.40397631616049445,0.3982293295771137,0.39764421203526207,0.40910462462469466,0.3722761459589046,0.38301216214285405,0.37870021716202545,0.3999496635593812,0.4273076834662145,0.47662964242182787,0.4964719892008101,0.6174519092841223,0.670609688557102,0.7069987910312415,0.7334416619123484,0.7157047729981295,0.7128714546660361,0.7163657851443019,0.715213447373536,0.7172073848757949,0.7145727245643302,0.7184909696585356,0.7213252397225994,0.7194259625355003,0.7112801952675479,0.7187390056818214,0.6712954988119759,0.6614435954770246,0.6567244251579016,0.5876946929021869
0.15050691938721505,0.15374033174833224,0.11255885155639633,0.09491386115207595,0.08491590535721537,0.10127206942841274,0.1133139333774765,0.21945261780262953,0.2739775910191721,0.32681778820897456,0.37832681773134114,0.37580033253747935,0.36784445057354964,0.36681646228952236,0.41308913718286594,0.4030711331725423,0.40524768709411774,0.3826984091842531,0.3964456664294845,0.4207892008043554,0.4337014560678464,0.41882185579421044,0.4133716956045359,0.4197706883006261,0.41617783743429304,0.4271812702734443,0.4528637664406406,0.4596125013610504,0.4682121099709183,0.47555031604824055,0.4541135764344501,0.458216705537751,0.465269904452892,0.46833167243028295,0.478934427536359,0.5161746243568719,0.5167541281845482,0.5243942196570661,0.4986269036731537,0.5083050501654811,0.5012802116895301,0.47204417284711236,0.5280852343612341,0.5240204042857137,0.5315190719519896,0.5380651546860006,0.521747347149619,0.5406447842301978,0.5342668897639119
0.19450243851028653,0.22679621243908615,0.24684019378605626,0.390926648468763,-0.6697175236675673,-0.7572460098277197,-0.6883826931649393,0.7371443702474224,0.5554851396329954,0.40346849377849814,0.43665443680675015,0.40689192167551136,0.3966904671354891,0.390278898144816,0.38408301717792975,0.37832216191498996,0.38164044373475875,0.38061681829916805,0.360533230475008,0.35868470505387406,0.3524804564712474,0.33832231253871453,0.3392724934632391,0.3178623626139322,0.31985741840810916,0.34693318051803285,0.3385732820751472,0.3410317751441223,0.3546179006182461,0.36956460545132724,0.31173448166748524,0.31037213210526987,0.30869184463296245,0.29887163152593144,0.29427356399336196,0.2926527331896336,0.26939416812130096,0.28076400503846377,0.2825639428975286,0.28901385386072836,0.30432148735087,0.31294556513266586,0.3196495379695017,0.32097336527674974,0.32229997881843236,0.3323542007133857,0.3384929366464858,0.3318569588019191,0.3190830136161803
0.30324536251239737,0.3285004698742222,0.33150862548714616,0.3553930469677094,0.39527380209690915,0.45421533468676695,0.477162314416852,0.4926734301812878,0.47696699192943454,0.4629480637061201,0.44368638411998634,0.45045930712697574,0.4471790032001341,0.4407037181526237,0.3950080164254548,0.3856591721053667,0.38850406512572255,0.39491917279854744,0.3948750075534052,0.3759862883327808,0.32732725035711097,0.2951429463427026,0.29592911475795936,0.3107035140919064,0.2916531406005814,0.2776494315486059,0.33010817324459635,0.3319112384161764,0.28579060491444724,0.24860391626587594,0.22836939899653305,0.191108578005343,0.20248484899238917,0.21413243954731942,0.18639480358001248,0.15157093882080847,0.11487844893593858,0.11687743402352853,0.2450720374597602,0.2136082207477636,0.1606414221562847,0.1848555736853197,0.20046362001074014,0.2174714229814694,0.23541946985249215,0.23770387459614356,0.23264855633690418,0.21637756578840786,0.2095988061435308
0.1959626721998903,0.17089400972334348,0.18587155265745894,0.1943707181480718,0.26757207529679566,0.3335057317509835,0.34833805928682376,0.3755380805531781,0.37716189900376235,0.35900552482055426,0.31358688251331546,0.3129724289412591,0.30698148519528745,0.28978418521947175,0.2875863173795483,0.2862357786143056,0.29062700161474464,0.27030576039581183,0.2745341203529795,0.27956629920682047,0.2812286586553456,0.2813469772654217,0.2723458701798659,0.2537462834728356,0.24969829455533063,0.24292408518516717,0.25628708673536194,0.24750350906802432,0.24160046181600786,0.24435364041633856,0.21399966898149178,0.2130726660284696,0.21457566993388133,0.1843117878185825,0.18907260122908753,0.2909175080388322,0.3644145348840453,0.5980926051715258,0.8592916854845772,0.8351288149258425,0.7836301900990876,0.8051940713888388,0.8419393516930277,0.8472871182722088,0.47931555625237576,0.6007563521355925,0.307821312009803,0.24027122426322603,0.3985180618396493
-0.8746851695967562,0.7112846101624555,0.42815321092225106,0.5043902829364656,0.6979773397116398,0.49286535564577716,0.2542372504183258,0.24884671262658542,0.2582311861987429,0.2634659676858425,0.2567037775322574,0.24748811593575534,0.22070067136389482,0.20054454515702186,0.21327077137823688,0.19572195279137727,0.19361436665683904,0.1974731077642733,0.19070050029489002,0.18701188009675038,0.1745517680718177,0.17987381128518973,0.17833318653937943,0.19200926230174606,0.212741611922988,0.19968441703594028,0.18846320700292923,0.18856809470296923,0.18599641540449222,0.18183018212437219,0.19265103987151364,0.19472195603977022,0.19334035227994553,0.2012796458786062,0.18451674241792376,0.166222931094507,0.15147137356048704,0.2307701415711876,0.23242438459566814,0.5766425730226633,0.6084759988923749,0.8853082509653972,-0.7080566128655826,-0.2834432255712829,-0.9150360882952568,-0.8967523779669122,-0.9149365631360998,-0.9226134174121984,-0.9299467334967197
-0.27065598153351217,-0.3486875718218143,-0.2500523809376194,-0.22141300788470528,-0.5363999606876115,-0.7221695040082706,-0.8712326402292504,0.031140712435385104,-0.049911021409310426,0.8379987536385457,0.35959454027330845,0.39936858485592225,0.26840970599106334,0.1970449251257325,-0.37745900437277824,-0.03743959967058235,-0.1632855886888889,0.4452204005171996,0.3210482918583087,0.21285028544213638,0.27140403608037345,0.19703704210727663,0.20962849776263978,0.727778114962629,0.8474772882570507,0.6379300576129537,0.47144928025195604,0.2783580725662675,0.23051165659861642,0.1782365873919496,0.16184905001184502,0.16122968591794762,0.16319237432020037,0.13262381543089471,0.16481236993656384,0.09905999981542714,0.5505231211987354,0.8328295009933044,0.5564999601658892,-0.9031882889361478,0.30792599148194055,0.9093432685111779,0.9044473179679391,0.541340722210668,-0.17271833323325253,-0.6002387620852067,-0.10268701555051009,-0.3705000331727178,-0.46938974499515634
-0.3756538592043262,-0.45121718383785087,-0.3806035586374848,-0.3547936865194437,-0.4505518619394219,-0.43444934566831134,-0.5900460134575436,-0.22910208873029486,-0.614301984157833,-0.6883034757655758,-0.8830218831183032,-0.3197147793600743,0.1077208529819971,0.6079737058344479,0.42916750381458674,0.7015003452249952,0.48477384300146087,0.5607855564833499,0.7666147516861492,0.6327199891575277,0.9213927432204362,0.36054239037279073,-0.5643406218277865,-0.7056073359817857,-0.4596571836863718,-0.793340354639691,-0.5939823110235792,-0.9084614737183776,-0.29227470428188607,0.18427951243411683,0.595758266588538,0.43582659137119356,0.6430199135754545,0.5496396906220502,0.5392947914866836,0.4168795382328826,0.472460793179791,-0.4025163943814897,-0.1570532101128758,0.398017529528154,-0.29437892282128697,-0.9185595121981603,-0.5671734917466716,-0.9230928529890842,-0.7759917914707791,-0.945041209366057,-0.7904029829202895,-0.5713895085747449,-0.46706021624813826
-0.5140823424138392,-0.5157801383371727,-0.5183492892234508,-0.5228449221241062,-0.49364937074732285,-0.4823022169657452,-0.4521250548964917,-0.4253385034229053,-0.3912446692809938,-0.3544323789217093,-0.2260785521967634,-0.20177036232023066,-0.17082454952790072,-0.26862931132481643,-0.21946898753844277,-0.31478472540615154,-0.2983900675076554,-0.2334378834355533,-0.18306980452652796,-0.23009336052045581,-0.1482964000443713,-0.26566404807223526,-0.14128125085212806,-0.1319577663051653,-0.11772207950890266,-0.11227078417502041,-0.10870969019011578,-0.10344949192684486,-0.09810046575548724,-0.1357256784978703,-0.49996180941063395,-0.679105380789717,-0.6499815948334036,-0.9679520933727459,-0.8397313505361867,-0.7283189560923355,-0.813843890213589,-0.3891010449944666,-0.16639468976493096,-0.4346375005762407,-0.44969180201825837,-0.28926212786389094,-0.19705693273940036,-0.4836472038755807,-0.675178964956681,-0.6539904937646298,-0.4797902244906629,-0.39071068668528136,-0.4663289200857434
-0.5902618550889117,-0.5693669724552867,-0.5871048433155798,-0.5980889669909092,-0.5874734847273094,-0.5795608996856324,-0.5678364486976045,-0.50952541939262,-0.5048714714658181,-0.4634405704756404,-0.4040611842596066,-0.385149374645125,-0.3797483804455782,-0.33852188940848127,-0.291218706726419,-0.26154182888726973,-0.25415075119122227,-0.25190016241075924,-0.2453503439273017,-0.24640250694624952,-0.2515300508464673,-0.24881985120130928,-0.24093158491926,-0.19938477913781746,-0.19107884998405872,-0.17855121165730584,-0.15293892771196493,-0.14588506113167782,-0.14583400404666763,-0.14286264738663765,-0.1347937158184616,-0.13663770539813566,-0.13221131918823056,-0.14921590485280173,-0.16973894143334411,-0.1837366489850133,-0.23097809129017494,-0.2335273617052246,-0.207361094968437,-0.17594374210221744,-0.17308714137850836,-0.16628204597838528,-0.17467565578752006,-0.19851610567502617,-0.21959001886003188,-0.2692135834254741,-0.2862665689203375,-0.2865102146509333,-0.2910394862710607
-0.6898707599709227,-0.6501895277015269,-0.6562761111973454,-0.6581489849732346,-0.6552155152489929,-0.6647097283150875,-0.6658684972280204,-0.6254816299996874,-0.5960113118888122,-0.5517804526211054,-0.5220200550327962,-0.46526789301106947,-0.40762431094249046,-0.3610689081330849,-0.35480065112124726,-0.3583640360842327,-0.3587630014999137,-0.36732522366658105,-0.35608733698484046,-0.3514508758050586,-0.32173916747129094,-0.30157180929904853,-0.2735687334173414,-0.24661278594011588,-0.2372557900968195,-0.22189464586201255,-0.1745898224755609,-0.15837649679705004,-0.1705666947943068,-0.18846605339282496,-0.22678870802703702,-0.26095663836370475,-0.26685669651405775,-0.2271551272255482,-0.21393989510625144,-0.19639934229136333,-0.18130963654690782,-0.1935408441521232,-0.21377705267522837,-0.2300430449522331,-0.244278567525093,-0.25887585859975093,-0.27210269010791666,-0.28092309152223927,-0.2840234289480572,-0.31864140090441373,-0.3360780707005319,-0.35429501999064755,-0.3632232914213023
-0.7954745531847885,-0.7182548673068995,-0.6490511771850872,-0.6274969213352916,-0.6519030269545923,-0.6364274192955096,-0.6244511088802748,-0.5943140294061688,-0.5698913223559356,-0.5671080539647866,-0.5519761923476,-0.5270949137768457,-0.5233008082392524,-0.5065971669331311,-0.4503318115005757,-0.4290855015036329,-0.41786622866786993,-0.41176548937740315,-0.4010849174654688,-0.3905514540059436,-0.3537289782824441,-0.32379711393036936,-0.3019326352465044,-0.3069979704954823,-0.2954567709547771,-0.2946534290956978,-0.2931824177034539,-0.29213284837071946,-0.2946050641118821,-0.29689771275452426,-0.3016068683900324,-0.30160244456103646,-0.3050598936096896,-0.3149545170131784,-0.3287551783006018,-0.3409838211388827,-0.3609282719833605,-0.3660109979967887,-0.3681292449421405,-0.3869977408533001,-0.40517478355183795,-0.4231027627041687,-0.41115935053187663,-0.3969652999556521,-0.39121987347785697,-0.40962816098919547,-0.43560882301810017,-0.46194254238609905,-0.4904080359998643
-0.815368932770587,-0.8460551806519788,-0.8090629122767736,-0.7632968539546124,-0.7259995995150368,-0.7073395952155602,-0.6794906091107925,-0.6491207489413067,-0.6595851393165822,-0.664640325692202,-0.7002365971559759,-0.6636474106796386,-0.6086651755273066,-0.5816632811864236,-0.5508036768494596,-0.5271957721291415,-0.4968278282205967,-0.4756658518417366,-0.46912024306058636,-0.455057290511683,-0.4523980721434618,-0.44640298598075817,-0.4291229221427707,-0.42053978619753163,-0.4199614168067292,-0.4160934101294999,-0.38317844415710794,-0.3786098933131986,-0.3901839419343678,-0.40073679617646946,-0.4347657699773179,-0.44488333241308636,-0.438649494751128,-0.44606843001405166,-0.44770967913685694,-0.4547267065906791,-0.47624307047288134,-0.4789491585477587,-0.4807600557520391,-0.48769909593042615,-0.49955764105903944,-0.5010436452247077,-0.5044654669769986,-0.5124326443734708,1.7308958559258377e+38,0,0,0,0
-0.7910681480900013,-0.7614094646752788,-0.7467635710074988,-0.734279769059172,-0.6898083153126796,-0.674309609275045,-0.6920313145564114,-0.7209826538200073,-0.7276921523196909,-0.7223128969743521,-0.6962362193268721,-0.6867399985919777,-0.6639276381236195,-0.6395301446242934,-0.5857644391202517,-0.5832773422860481,-0.5680486233713816,-0.539241568149051,-0.5260095548976871,-0.5274955665730947,-0.5284092414585239,-0.5239228515692606,-0.5316043893121818,-0.5531438693021336,-0.5657011021084019,-0.5653610322542552,-0.5430861450982202,-0.5504389433030866,-0.5476449378886995,-0.5517286195442264,-0.5725858028587457,-0.5768981703585924,-0.5805499574208886,-0.5766341337460791,-0.5750524275958371,-0.5799859364157046,-0.6138700011066515,-0.6244247465217168,-0.6232353007211934,-1.0381370048598535,0,0,0,0,0,0,0,0,0
