jsons/1312743600.json
{"header": {"parameterUnit": "m", "parameterNumber": 2, "dx": 0.1, "dy": 0.5, "parameterNumberName": "Eastward wave", "la1": 40.97354507446295, "la2": 16.46031188964855, "parameterCategory": 2, "lo2": 133.9931640625001, "nx": 191, "ny": 50, "refTime": "2011-08-05 8:00:00", "lo1": 114.97908020019554}, "data":
[rows 0 to 21 of 50, columns 49 to 97 of 191]
0,0,0,0,0,0,0,0,0,0,0,0,0,0,0,0,0,0,0,0,0,0,0,0,0,0,0,0,0,0,0,0,0,0,0,0,0,0,0,0,0,0,0,0,0,0,0,0,0
0,0,0,0,0,0,0,0,-0.08137231122688075,-0.11470299555834412,-0.12686901773859913,-0.12841516785618334,-0.13180188899932935,-0.13208598065169902,-0.12961036041632643,-0.1298871006816236,-0.12833991407306242,-0.12800481363752583,-0.1286425507778481,-0.13427225090091469,-0.13340257486757012,-0.11331153438205598,-0.16981841383214125,-0.07718502544162094,0,0,0,0,0,0,0,0,0,0,0,0,0,0,0,0,0,0,0,0,0,0,0,0,0
-0.24011939699531898,-0.07345712203660784,-0.15607658870608354,-0.15013814400383685,-0.1619271637455366,-0.1767232070744579,-0.18605172572012013,-0.19732484661790733,-0.19834898048955385,-0.19772081153119253,-0.1944566360719709,-0.1968243488374938,-0.1968722375412085,-0.19708050432215352,-0.19714981753792096,-0.19928400124676465,-0.20273221634131974,-0.22551131767033927,-0.2551363446641084,-0.23081801503625587,0,0,0,0,0,0,0,0,0,0,0,0,0,0,0,0,0,0,0,0,0,0,0,0,0,0,0,0,0
-0.23086340530858943,-0.24065905703221427,-0.2356300494913356,-0.23269057097741563,-0.24349701463653475,-0.26094000736763867,-0.26724905209704997,-0.259294754980894,-0.2612211474833214,-0.2782577918493399,-0.28116759491386073,-0.2786379082922679,-0.27903056842687574,-0.2649453858123315,-0.30613118864171734,-0.003721723316503695,-0.09537004121091638,-0.0413466693408142,0,0,0,0,0,0,0,0,-2.584080534350347e+38,0.8592014711686018,0.9155835381756312,0.9392335846583418,0.9778366774793992,1.0171878055174173,1.0512189788422244,1.0726626042836664,1.137675760445368,1.1662609745899457,1.2121023038878742,1.2159314312805682,1.2595072348360303,1.1991223381942433,1.1405751999881721,1.067590694570652,0.9910399317249468,0.9118453306134254,0.854014350298007,0.7548719902269387,0.6760777688062063,0.5885283099100304,0.448204413948437
-0.316715892658987,-0.3289967776814543,-0.31010144415446,-0.3068196224748429,-0.31710884935869244,-0.2908991703793423,-0.2825563381804306,-0.28652285741348293,-0.26543599538167706,-0.3347878312902962,-0.36007996401512615,-0.40575969010333157,-0.5080224467208317,-0.37378809703061056,-0.3994644653370078,-0.3216314907769174,-0.36592260037679436,-0.10479294261375348,0.35347341357783985,0.5745402982983379,-1.2672268504913669,0.7732779514454526,0.8247060649884574,0.9025013842341169,1.0164530258525977,1.0904779236494304,1.174719730238281,1.2429312665349672,1.3032747795618622,1.3741978981203273,1.445665181726836,1.5353045629215614,1.589642822391513,1.6679617692239739,1.7081990559689317,1.782806936377234,1.8234349859484515,1.8655803701315326,1.8355391997969703,1.8275028914580895,1.7850367773148343,1.7769779034623583,1.6630576002890598,1.588841739310264,1.5227882191869222,1.3704694237193824,1.3283273825999673,1.0908304966085798,0.8114473248303955
-0.42938642585652964,-0.45067535098506595,-0.44566965237517364,-0.4493807951830714,-0.4728464097400163,-0.45173918234940574,-0.4514240884931322,-0.4602508398139695,-0.4631437900494581,-0.3912339778109166,-0.38846541695490433,-0.3613513275544366,-0.2778720245108287,-0.2496762424206333,-0.20518724240213426,-0.1104835836977363,-0.08786077360260736,-0.06670977044340311,0.0644769361370072,0.20780526329871324,0.28806422914655966,0.4916014414725063,0.5538076549051854,0.6941154461864109,0.8117814383825054,1.014342583603406,1.2067072125885572,1.320672224042062,1.5024665751157706,1.6513749005145304,1.7203778219197166,1.9430470433847395,1.9962219287587917,2.108995148033243,2.1893964250273665,2.2748096686115797,2.324239624924761,2.424008319882879,2.4365286972250746,2.4533136976512213,2.4697783242733182,2.445904260368503,2.39860941258722,2.3471042566146614,2.370177093557549,2.2082777089369223,2.1162893486280616,1.913425147921989,1.3850503749217742
-0.555074329883271,-0.5861185470037811,-0.597480072992636,-0.6118006265522719,-0.6483532770451533,-0.6565031941821285,-0.6658040495113259,-0.7111048262066493,-0.7124484551363355,-0.7016473004895031,-0.7214357275290949,-0.7350739305949814,-0.7228869029789322,-0.7456118502860397,-0.7252817032799556,-0.7022892230772289,-0.6735720343300049,-0.656843510847528,-0.4912427380366692,-0.46096765168343823,-0.40986932413727695,-0.1802438882235614,-0.08386255810485792,0.010752582093170484,0.25356645675338196,0.5906320985761121,0.7467545471267294,0.9681568969338412,1.2768381214363755,1.5761054711966775,1.665954646830143,1.9566278182004344,2.2113647175582147,2.315367744834142,2.537209267500497,2.618819538913339,2.722096599411227,2.861043672598507,2.9216106530065766,2.972499763058079,3.0504326954023036,3.103270788950628,3.131229830727321,3.0984402209167636,3.1310947120016746,3.038771730632821,3.0072540996223887,2.9655058007579878,2.6864883807949567
-0.7205011153643918,-0.7563446502136376,3.389330925309425e+38,0,0,0,0,0,0,0,0,0,0,0,0,0,0,-1.0849448404842454,-1.2079432940655948,-1.1674715513696803,3.218824600434127e+38,0,0,0,-1.18238493034705,-1.1854855093740044,-0.5328095980129446,0.4008340810110435,0.9475728226133164,1.295267709094352,1.5143887343112903,1.948334243024748,2.3066112043643123,2.5001569731394944,2.8639135422197746,3.0775510832781134,3.223609523054086,3.4438521331963075,3.5798523406609863,3.7213162743494594,3.79229813961442,3.904502485977682,3.9704263759449945,4.028865152757117,4.106481843958266,4.150478172609393,4.141351835854293,4.179985944275132,4.083247971058433
0,0,0,0,0,0,0,0,0,0,0,0,0,0,0,0,0,0,0,0,0,0,-1.1474995084088932e+38,-1.9627470612261544e+38,0,0,0,0.6622899947439707,0.8218093561549877,0.9778115331845756,1.1637065192662952,1.625960703713201,2.130394293794136,2.62274884083007,3.0552924268893906,3.299260145856283,3.560360132557682,3.9471985241226855,4.143608767397142,4.316630426181773,4.550642740530015,4.674161175751801,4.806370458353797,4.8511434682812915,5.110092289320526,5.121071747479052,5.1491145115636865,5.269318633981184,5.204093713708686
0,0,0,0,0,0,0,0,0,-0.9428225857035246,-0.26667590163921234,-0.5834896767765839,-0.6627183887871365,-0.933333815814873,-0.9000222313841388,-0.9536948636340333,-0.9237980896676671,-1.0051981937878791,-0.915236798074748,-0.8418963669455187,-0.7545300472169192,-0.4758220438673638,-0.404178237550125,-0.2581549464827816,-0.1549850982848073,0.1254367073860151,0.3404266355779561,0.49981924895469,0.7848928383890412,1.027581702018419,1.2791218761663672,1.713325055640808,2.1244673862282983,2.3380825666076106,2.907087518508441,3.2883703332148837,3.641073222173771,4.2925393663530595,4.662178982982783,5.00720042383757,5.5324463562511665,5.776772676789872,5.973239060482243,6.123728806569569,6.396685919711616,6.451918866231841,6.477290164581531,6.603023630718455,6.589635252627612
0,0,0,-0.45997247320145157,-1.019185375033618,-0.9981133125448056,-1.0604474070995662,-1.4257877779586081,-1.6287576212468666,-1.7250103869206488,-1.912578099098975,-1.9553776217508938,-1.9676896489427271,-2.078120927438771,-2.1201690126892445,-2.0494543815764743,-1.9590665628340718,-2.0054895284570695,-1.9322450864138438,-1.8997824094767888,-1.872587619144413,-1.7274754857503891,-1.6349494468554637,-1.5936630333676598,-1.4225993192195214,-1.0752224260613121,-0.9732935820342471,-0.8078290556352051,-0.43189401116475,-0.01646281209371037,0.2673863097397693,0.9386000354484643,1.4512200465463236,1.6611469029961377,2.344959623480292,2.665133477083511,3.14837113470414,3.905962929666385,4.337353908954215,5.099278133691731,5.735160830502918,6.290419129133885,6.659883053422987,6.968484442620015,7.236196782795628,7.443764417238615,7.4794123369752565,7.629702723062881,7.484504578126032
-1.2082930108577554,-1.440681257714503,-1.5545487120279569,-1.6536290423524846,-1.8415267843839507,-1.8974128099305967,-1.9909513255570206,-2.183971957330356,-2.2910968782354204,-2.360122440341329,-2.547337326568075,-2.6883608729926456,-2.720077814104627,-2.9086154768373405,-2.947230651651204,-2.9674286446148272,-3.0198658033396946,-3.0751281924855984,-3.0252925103143022,-3.0677057290926895,-3.1355560296062044,-3.0132807540436364,-2.986724584555438,-3.0572929486578424,-2.986543925740258,-2.747884806202396,-2.630738752342377,-2.3846523508651147,-1.8107606032762422,-1.4783646247919973,-0.9104174762331124,0.08602609744306026,0.6747073802657251,1.1006136028488718,1.9255511956435174,2.4017449472857417,2.668776677610681,3.3527182915499423,3.859018576061566,4.381148506776131,5.1838529563097575,5.521098095290002,6.095139310113559,6.3648857655599755,6.784124889594458,7.13940437927303,7.315869706017643,7.505701758297878,7.511882127945239
-1.416269461983952,-1.5704915513176643,-1.6305595439248346,-1.6805597972237223,-1.8440284411721612,-1.922626682069774,-2.016147562323317,-2.178610990839422,-2.2892531070788156,-2.4048667681426097,-2.5767187357920576,-2.7018399442118475,-2.7889933002047456,-2.9909552538365456,-3.08852228023508,-3.127947839542301,-3.2638008387428794,-3.4348096332204845,-3.5053772377340526,-3.592931249354046,-3.7451301882506356,-3.793534398789127,-3.8615701143785532,-3.981717194617574,-4.032898841775074,-3.9633481355694404,-3.945714494212156,-3.8741464573738136,-3.4127002705110407,-3.0526122268362434,-2.527671222212118,-1.0089571204460368,-0.5706627212940284,0.3491196329059086,1.4431201267637104,2.045959850417526,2.368715939466656,3.003823922046643,3.379779411471891,3.6494277914844524,4.350745057588573,4.627211861715573,5.046119833013972,5.2353752704209215,5.60027179855464,5.956421621893547,6.0867866734167935,6.273754672030307,6.405667938006826
-0.8829732674773272,-1.130563783104105,-1.204729258666909,-1.3090876499110309,-1.4901675401639696,-1.5405178871461132,-1.6142697754036004,-1.7431525955792502,-1.8115732771539672,-1.896751759528232,-2.090418094567034,-2.1741493603229434,-2.2747040382137076,-2.5001140149756034,-2.589323047149214,-2.7060719196924605,-2.8279729927477515,-3.15871878210176,-3.2790451134296603,-3.4098597891584776,-3.6855383365113363,-3.795124589764407,-3.9049518095438356,-4.114972570587682,-4.200506636643234,-4.2930806317276495,-4.440532799263202,-4.468551725032903,-4.503703946222168,-4.585462110428007,-4.5719027845435205,-4.522796152413821,-4.359181582381485,-4.2215551086086585,-3.0599416107810886,-2.2784516845969875,0.47808757376670713,2.957883607161834,3.432619843317793,3.7229821179548797,4.175020134781474,4.326831795002243,4.512044773904535,4.74945639934822,4.920727513002306,5.192335680383332,5.286256981040597,5.416454848564661,5.559820884984055
0,0,0,0,0,0,-1.0415891947052056,-1.4034709701837782,-1.5082095257137789,-1.5633058280115364,-1.6768738078499825,-1.7332384699977577,-1.8523549206223953,-2.0591455365237366,-2.2046545901092336,-2.3585236730439423,-2.4874798347060354,-2.714631397618165,-2.8750849090178288,-2.9858616963649265,-3.2293153141981046,-3.290948161652811,-3.3421921620345234,-3.4458308155712434,-3.5368826835394804,-3.6293293060481413,-3.858522417912836,-3.9919287761320934,-4.044578800657183,-4.168061154597373,-4.194792836719429,-4.224366314587383,-4.246533205692551,-4.253585760204623,-4.239070329306834,-4.165994787785189,-4.22665898268806,0.44185346650400464,3.5399387103325375,4.170030518511209,4.1921306015050925,4.195429089008035,4.271148575161422,4.312895750482929,4.3802752313282,4.507214044278438,4.555106926631286,4.627511103406703,4.725328040312347
0,0,0,0,0,0,0,0,-1.0251317125704806,-1.1416787822576344,-1.303292580790699,-1.2932097415959325,-1.3764493201360666,-1.5876008467427216,-1.7260051441122564,-1.8995492568947332,-2.0311259330967384,-2.2553804540854823,-2.371039175200769,-2.4872195612364374,-2.708671896550519,-2.8378329386443335,-2.957657177749969,-3.2030276293128064,-3.3339908172560673,-3.4644561112904193,-3.5766338357322156,-3.6132048055063177,-3.6461703499152707,-3.7547325417401347,-3.7740012799455496,-3.8056930015072585,-3.868658798090467,-3.8937204254609434,-3.8439066944909945,-3.692551807845935,-3.593969886131707,-3.374468590471679,-0.7265624484119545,3.6231261778048323,3.6878526096470017,3.826794378838242,3.925215949112706,3.967899823017464,4.029912421942566,4.101957017056847,4.123642374705817,4.165733357162925,4.219078808868104
0,0,0,0,0,0,0,0,0,0,0,0,-0.4045486136637143,-0.37411867125069115,-0.6353896716456557,-0.9034868766044379,-1.10585949039733,-1.453192420361447,-1.671158716291923,-1.8091868201497452,-2.023548821398511,-2.1400302780955527,-2.236769099557561,-2.43294448390477,-2.544067953931379,-2.6622716030468894,-2.861948404656106,-2.934242258419599,-3.0277290752170143,-3.119491707185584,-3.147158279318662,-3.1419342057855384,-3.1861689710890846,-3.2086618502718873,-3.0573943991735573,-2.8389777091813104,-2.4485906103200197,-3.451361924003728,2.9760231603248153,3.219058418055688,2.4840912298979205,2.9600453954577404,3.1391130320678333,3.073506823699157,3.4112359407980843,3.3901170138912797,3.436830639042852,3.4717428986161143,3.5269595922712513
0,0,0,0,0,0,0,0,0,0,0,0,0,0,-0.4585630472013753,-0.6807337194769618,-0.9505885864685062,-1.2197383707006844,-1.293356532380978,-1.4175338743715842,-1.634520874743818,-1.763542108122275,-1.850601596305281,-2.0643190251472516,-2.197959923458864,-2.3445819954335625,-2.5720948577187013,-2.6497398046907694,-2.7188266980876885,-2.8114540698895487,-2.806068060581023,-2.64097406775265,-2.546152386314967,-2.4739215730830972,-2.3775472407724965,-2.282705119312178,-2.162371519857792,-1.697312598412663,-1.3908438132587515,-0.9054229128508111,-2.354063738816709,2.980663491477327,1.907857139631341,2.1291676095288836,2.6462351565074194,2.8242267661832248,2.9585221258232237,3.0928561615994328,3.0943068728770444
0,0,0,0,0,-0.3072069704305906,0,0,0,-0.19338320631727643,0,0,0,0,0,0,0,0,0,0,-0.9079287017363913,-1.4108241447617669,-1.5777866831772003,-1.8212578793356982,-1.9013501046037369,-1.974537257231859,-2.1509738483269216,-2.2424757352389775,-2.3552138081781258,-2.465314300507822,-2.4632633879556654,-2.4352940838807373,-2.4522165847296593,-2.4640860924316574,-2.436359262804684,-2.422527430829139,-2.403919125090892,-2.0882255978398603,-1.8989083525571415,-1.62241236878599,-1.1613342633873602,-0.8528314544123085,-1.867648150946782,-1.5223309378195622,1.0689882124143275,0.844394757425951,1.2158420432844947,1.8692251752898403,2.06330210571669
0,0,0,0,0,0,0,0,0,0,0,0,0,0,0,0,1.4387999936595851e+38,-0.24234603072291902,-0.28390513285940305,0.4653203761440352,0.29399522130474937,-0.21702645091457973,-0.5839444688871256,-1.0270926533564824,-1.2508273040728655,-1.5804681206231885,-1.946179607888665,-2.099418881125982,-2.265586560256053,-2.3867565953676895,-2.410389500706562,-2.382467226488327,-2.3493120411082713,-2.282467833296978,-2.114011436959659,-2.0854931167574122,-1.9489676960054072,-1.7018771674663944,-1.6293610826615035,-1.5759174676717442,-1.3995931564521589,-1.2778313721799672,-1.1273894836785536,-0.9256203294273595,-0.8852806238442338,-2.045248015130622,2.123672917151625,0.7538758924050418,0.9564761333636529
0,0,0,0,0,0,0,0,0,0,0,0,0,0,0,0,0,0,0,0,0,-0.19250805073594376,-0.5301208068610954,-0.8471256897719321,-0.9402051144823672,-1.1070244350815424,-1.3699049646216666,-1.594193357706798,-1.921526022675065,-2.029652597409305,-2.155500431502483,-2.1942455175737896,-2.2431388738791043,-2.230220153509491,-2.159269188515121,-2.0718442927617122,-1.996148093890409,-1.8874925002719338,-1.8069412844529036,-1.7008548445799576,-1.4877656017367455,-1.3484727329884203,-1.1925323074669099,-1.0847340359155897,-0.7928673943220629,-0.9153639822824136,-1.6558216661480967,0.8208177391296677,1.0454076947356008
0,0,0,0,0,0,0,0,0,0,0,-0.06043259153400061,-0.07674370218808226,-0.1080173524217894,-0.12463862703031793,-0.1738959643722466,-0.1956644513160233,-0.2755344669337701,-0.3940913429414117,-0.5868473569505819,-0.914993579736872,-1.098704117686083,-1.1782986277066485,-1.3458974849837073,-0.4349118557922217,-0.9138319664477104,-1.6663646763623676,-1.830380729518116,-2.0027883762045273,-2.1432640768527644,-2.274628447196016,-2.3372187557631117,-2.3038227823402586,-2.273639763536542,-2.2049765717510734,-2.136940937259638,-2.063781966000293,-1.8628911969839552,-1.7152407573537032,-1.577904512251018,-1.4646600048864322,-1.3728922466385574,-1.2860633543680602,-1.1565210671826487,-0.8574579713789474,-0.6957779171546711,-0.6606181086087274,1.4311151914443432,1.3827467706011072
