jsons/1312707600.json
{"header": {"parameterUnit": "m", "parameterNumber": 3, "dx": 0.1, "dy": 0.5, "parameterNumberName": "Northward wave", "la1": 40.97354507446295, "la2": 16.46031188964855, "parameterCategory": 2, "lo2": 133.9931640625001, "nx": 191, "ny": 50, "refTime": "2011-08-05 8:00:00", "lo1": 114.97908020019554}, "data":
[rows 0 to 21 of 50, columns 50 to 99 of 191]
0,0,0,0,0,0,0,0,0,0,0,0,0,0,0,0,0,0,0,0,0,0,0,0,0,0,0,0,0,0,0,0,0,0,0,0,0,0,0,0,0,0,0,0,0,0,0,0,0,0
0,0,0,0,0,0,0,-0.08415339535345415,-0.08628814030002718,-0.09226033646076796,-0.09033718834717368,-0.09063801247790389,-0.09218095403854606,-0.09177838600738546,-0.09335027839540337,-0.09337966145439099,-0.09273204285045474,-0.09299808883917678,-0.0914343264849274,-0.08690656919482996,-0.07827853495401589,-0.052596689741080865,0.006798390135938379,0,0,0,0,0,0,0,0,0,0,0,0,0,0,0,0,0,0,0,0,0,0,0,0,0,0,0
-0.1445789382911537,-0.13459295637305457,-0.14176034947655905,-0.13138622287000984,-0.1275474254792355,-0.126121483462449,-0.11631904265535781,-0.11931011706236706,-0.11987755637296607,-0.1168916343172539,-0.11795713979254713,-0.11797445548754575,-0.11683592399533375,-0.11049988505935114,-0.10310357562557,-0.10093799219937596,-0.07328212726554395,-0.04401683746902204,-0.004836736628025536,0,0,0,0,0,0,0,0,0,0,0,0,0,0,0,0,0,0,0,0,0,0,0,0,0,0,0,0,0,0,0
-0.23058094761949835,-0.23171389170800558,-0.2339557278285978,-0.22756212788515584,-0.22034646483776063,-0.2158827994221909,-0.1967958325159301,-0.18582046700867053,-0.17810109962919113,-0.1639734345746425,-0.1514511565072098,-0.13594696919437144,-0.11404483212730603,-0.08806383778726268,-0.11074130265560503,-0.0925753527035138,-0.06539285890613647,0,0,0,0,0,0,0,0,1.8745322993104708e+38,-0.32422615511876,-0.3449546152552851,-0.35410168950825543,-0.36259578775029766,-0.36850871312682176,-0.35719903046375306,-0.35332060100993307,-0.33644259105274965,-0.3232656404469467,-0.32519060093603736,-0.3084941607878813,-0.3174040680297246,-0.303420178301372,-0.31482813054879594,-0.313239980198663,-0.30540855261667754,-0.3068972518396859,-0.3303740699026347,-0.3183130190396399,-0.3137903592781476,-0.3320263209886654,-0.31928338185926425,-0.3086361777049292,-0.2985883962560194
-0.28670942556219803,-0.3026137675023835,-0.31208092812994737,-0.3377206371616888,-0.35079233475143834,-0.3592378325373598,-0.379428880617264,-0.38854151354248306,-0.38706590157239423,-0.3287169494192918,-0.2965663621854766,-0.17698379181068025,-0.1755149538432918,-0.1282986084601578,-0.1704653958991235,-0.20142128347468988,-0.3573400843482605,-0.3647309505364984,-0.35240037322273504,0.14964124031767062,-0.5107416461055942,-0.536477891773973,-0.5654982775990415,-0.5787901734527218,-0.5606837078408751,-0.5768189183755703,-0.5717137320393093,-0.5756453865081456,-0.5686530865379962,-0.5758864955637892,-0.5643964174040461,-0.5532096193449777,-0.5364397100371522,-0.5184999800011745,-0.5191620763619615,-0.5030725608991492,-0.4980378537402907,-0.4835075952381479,-0.47949954787206917,-0.4737258022417688,-0.488527605717851,-0.46761195148191537,-0.47840831013796264,-0.4994106951554094,-0.5016368708629528,-0.5114717723280501,-0.5392413016259507,-0.4932029596288058,-0.4782073173430069,-0.4444410927183141
-0.30019672894079624,-0.3147937197503383,-0.32997859990848066,-0.3518103999160732,-0.3752547162507718,-0.39161993935651784,-0.42461475519974157,-0.449035114135234,-0.4682711163374441,-0.5017282166354599,-0.5235639377747354,-0.5485088521779554,-0.5831186029165095,-0.6054741659718332,-0.6201592339669689,-0.6470935899574066,-0.6860061264906615,-0.7076024403762984,-0.7036585372646031,-0.744861723402728,-0.7415439357162739,-0.7603222290079894,-0.787304734295111,-0.783854245322105,-0.7679262503550317,-0.7795241933351982,-0.7793820852450292,-0.7631416494824701,-0.7738344994746125,-0.7797801552961682,-0.7451384199452274,-0.7424136802813418,-0.7340052647134999,-0.727412349509005,-0.7236554338379199,-0.6996183278027821,-0.6783272113827642,-0.6558042778737713,-0.6500026886028505,-0.6381941313380035,-0.6257483766772474,-0.6135026534647348,-0.6029625878792896,-0.618628731667662,-0.5937058603863121,-0.5910285869997969,-0.638213770359411,-0.5438096651000428,-0.4820413254584936,-0.3651257552895751
-0.2497274299073551,-0.2658842521557168,-0.27175096452459874,-0.291121941771391,-0.30290099051253366,-0.31793241789012844,-0.32962519711494853,-0.3493555020322805,-0.3733469573636384,-0.40573663083494843,-0.43437856563777716,-0.4618333154264308,-0.5147489866558619,-0.5438920742017743,-0.5846411185161375,-0.6232490843786388,-0.6909828561516886,-0.7295662470483738,-0.7719871294827438,-0.8479143829341332,-0.8715071103724696,-0.9166410933332273,-0.9777601873748547,-1.0070134978028793,-0.9635826189224473,-1.0323016741294995,-1.032358656673107,-0.9909120385786779,-1.0104038509734414,-1.0090662969886883,-0.9512329256184097,-0.9671490850153002,-0.9499912821510055,-0.933418718093984,-0.91361028894651,-0.8959088872249253,-0.8796394467922315,-0.8684056633418575,-0.8334912701150416,-0.8126930139978831,-0.8078998463252834,-0.7778517786900242,-0.7566026920274458,-0.7207207397112254,-0.6822593643844783,-0.6427703787307953,-0.6089736646485806,-0.5428600850718948,-0.5506298536544051,-0.3906257444086422
-0.08872173987696688,5.592859780886442e+37,0,0,0,0,0,0,0,0,0,0,0,0,0,0,-0.41634060150671365,-0.34191496527109705,-0.35877861053137267,1.2460596456808244e+38,0,0,0,-0.6046071253996668,-0.8203309007691921,-1.1582185130433713,-1.3272780170537082,-1.283693239293973,-1.3209444599919862,-1.3078687193751364,-1.2450368100558482,-1.2730860925840648,-1.2560663217745331,-1.1965967111662612,-1.17473193607521,-1.1784093416672303,-1.1509758730299051,-1.1381726694667857,-1.124478561195991,-1.0791935089431146,-1.0664008824364326,-1.0513690591298819,-1.0406413791110054,-0.9734471051129637,-0.9583216992299342,-0.9387424155230654,-0.9074850395506809,-0.8799580722809675,-0.8785298888073365,-0.8752585753604843
0,0,0,0,0,0,0,0,0,0,0,0,0,0,0,0,0,0,0,0,0,2.7572512670075406e+38,2.3760839471153083e+38,0,0,0,-1.5683789150275838,-1.6198905595485078,-1.661130475010363,-1.700578944684622,-1.6255795733549943,-1.6669594280491398,-1.6495569941452477,-1.5761110593499552,-1.5763276647606252,-1.538283593678379,-1.4803119674900396,-1.500746858914386,-1.4782872206138324,-1.4634177184524637,-1.4326347674177662,-1.4161348379085,-1.3768003286492538,-1.3306596425016117,-1.288929926515969,-1.2556706571590288,-1.2232765030604016,-1.1799174213763937,-1.145983182439956,-1.1437756646245936
0,0,0,0,0,0,0,0,0.18366267655564006,-1.0961724268720259,-1.1751430437813422,-1.2422342002452265,-1.4741990627112527,-1.4929898071938696,-1.5698904645558855,-1.5744017296917725,-1.683304867706577,-1.688243279755853,-1.749852296388234,-1.8008411371748112,-1.8137164819644158,-1.824886607198321,-1.8902754370537747,-1.92500797337361,-1.9570772338061548,-2.037906977959426,-2.0468268502592863,-2.0647179588059132,-2.126352514574796,-2.152168672498108,-2.107214403751182,-2.1403612661410247,-2.1441030345738143,-2.0991651607931656,-2.0662549796071996,-2.08934103773027,-2.077644483436529,-2.035845069678526,-2.030733632485233,-1.9789641288196966,-1.9400878334568639,-1.9093386883268986,-1.8552747226724713,-1.8161404403573655,-1.779503619010744,-1.7146722695832535,-1.6389918543138842,-1.6164505037287473,-1.5785854913055766,-1.53411425851515
0,0,-0.9237822413321781,-1.007055523392269,-1.0538289702004746,-1.10015978074067,-1.3500471821462867,-1.4463690903325122,-1.4871573415912023,-1.6044927597723837,-1.678319301462522,-1.7352928146361357,-1.84478998011844,-1.8953211199603899,-1.9789977717409193,-2.0131286224498264,-2.132782098546435,-2.1907523037732584,-2.2225969876828398,-2.3019433437068555,-2.346805957753215,-2.3818547654032836,-2.477064468605773,-2.5227611438857327,-2.5166552739101737,-2.5923463719314688,-2.628658808566267,-2.6164025536423,-2.6777618017559845,-2.7008264327165343,-2.694880915003007,-2.7552877214226648,-2.776669869243955,-2.730792170154694,-2.7474721649506457,-2.7747827713703876,-2.744972501702771,-2.7188927599681265,-2.7618635915483116,-2.7004139359708654,-2.655595924858701,-2.635119342602565,-2.5649065882024566,-2.4909656162385954,-2.4046983753134525,-2.3760016773682766,-2.2396217268726692,-2.141921121256505,-2.0757720649318956,-1.9577294895981137
-0.8422681338250954,-0.8732094383968881,-0.9265260277011471,-1.022615734067696,-1.0863902432965828,-1.155199053588429,-1.2616687285262134,-1.3206420934334433,-1.39897709284191,-1.5328972345206968,-1.6181384412161224,-1.7296679103209913,-1.8813192307755306,-1.9740905484503823,-2.0943366221005406,-2.1856362628953616,-2.3333408337749884,-2.4584154058364227,-2.5639994496207126,-2.7190395684954543,-2.7791480828762993,-2.8594877615542225,-2.9975991650240013,-3.0528230025814262,-3.103375946376363,-3.230452227851825,-3.264284703126969,-3.319094007361594,-3.4093736006404485,-3.43848104774709,-3.4420349551594493,-3.539794506875376,-3.545846117828107,-3.5623520742345156,-3.5502955399967795,-3.647652435405612,-3.604535251215395,-3.5548543618492108,-3.5979534365169643,-3.4658535160061255,-3.505995141180472,-3.4634039190676598,-3.377908889619636,-3.2283985449080914,-3.1973495192218926,-3.0863068321653007,-2.9187870159331974,-2.7747927323632036,-2.7208919640157077,-2.4908497312417426
-0.6018910604521113,-0.6343054183063189,-0.670566942914559,-0.7749332770405468,-0.8567592298547373,-0.9326585344096623,-1.0138519370749628,-1.0905784510885228,-1.19842935300712,-1.3042275716803842,-1.3812325989498138,-1.4382727459417959,-1.5573719412691274,-1.6504808120357024,-1.8327212349990927,-1.9789821013761781,-2.218494189147541,-2.4578443312920872,-2.6628601940691756,-2.9239157996296714,-3.052442001632657,-3.1688737864353667,-3.368333484697359,-3.480071900939441,-3.5928110398536837,-3.786941975751393,-3.8393206682212857,-3.9203848779984627,-4.06046288764281,-4.149781244083988,-4.184817834432486,-4.311384075488998,-4.334959349659726,-4.367806488292677,-4.389232277009948,-4.560977608884254,-4.566106989523406,-4.509484637582454,-4.692896486076576,-4.477324312242095,-4.52768709755805,-4.634858711941632,-4.604836845935865,-4.539871906708596,-4.504689504493132,-4.4077353102656724,-4.14556205952223,-3.9338768997206035,-3.7701721623385986,-3.495964032833542
-0.2665498996464497,-0.3052848148685063,-0.31681403396983926,-0.3669002771170412,-0.4055155670912655,-0.43663684544146997,-0.4824492228116926,-0.5151383305123942,-0.6016775387490458,-0.6993405469378245,-0.7676397159765574,-0.890094291944459,-1.0150687849026085,-1.091167664871909,-1.273408650601609,-1.3957912449513674,-1.6211042548541696,-1.900752662663778,-2.1034638856286842,-2.376897186260028,-2.6397524126579683,-2.873902205488231,-3.1567571729714654,-3.362616252108736,-3.6498379697956134,-3.918182653366445,-4.095317003462917,-4.270599010080353,-4.60127043271982,-4.781493370854888,-5.015774556368051,-5.374250452757453,-5.43319133797684,-5.587059808895095,-5.63554840800964,-5.834538068274463,-5.873956568741664,-6.036519223499794,-6.218813210551845,-6.135352719005784,-6.018536305599248,-6.264762431766806,-6.165759050087135,-5.87099480918519,-5.85010011629611,-5.622251113330087,-5.264106172804305,-5.012357282481065,-4.820847537058472,-4.349882691336393
0,0,0,0,0,-0.26185379604114656,-0.2764362581838067,-0.28827035164383147,-0.2978694148306276,-0.3238231936227801,-0.3426919303165444,-0.46145077043251675,-0.5690757387604424,-0.6552534524152263,-0.8417431332327557,-0.9644065060802403,-1.16350916832738,-1.4741797075483154,-1.6497542795943219,-1.9443102975068478,-2.1719914972729177,-2.34169013403548,-2.5825516256813437,-2.7866167170284712,-3.0826595552965186,-3.3666185324101106,-3.699616330086691,-3.9968872736316485,-4.355954477907122,-4.522031471872859,-4.793949499620756,-5.063051834288634,-5.235265095188012,-5.4409496917675355,-5.555772978427729,-5.77236075709169,-5.774299898323438,-5.828449888260085,-5.943011107953663,-5.827327175506243,-5.7802782807406805,-6.043355696857831,-6.05087158004893,-5.691445636432828,-5.809038038617825,-5.6597036486424175,-5.285751160706707,-5.178597793465881,-4.986038643793973,-4.538598494034738
0,0,0,0,0,0,0,-0.2330903769745982,-0.08842869726703331,-0.0010790940012640287,0.05686363509533913,-0.07037153903292977,-0.1636075281927054,-0.2335066869013806,-0.3316704858779271,-0.3663989759568763,-0.41704774267487177,-0.5189190886581698,-0.5732494449436507,-0.7157569213535288,-0.9446700458158543,-1.1534223200767437,-1.4195162421788339,-1.6245173530568058,-1.9165414747419856,-2.1209076052793088,-2.2995827636023636,-2.6561279791964756,-2.9995712589524994,-3.28924605203826,-3.7770319719247323,-4.219946126081889,-4.524661469528581,-5.008703118217033,-5.312465441919284,-5.487384547926317,-5.573019961725162,-5.546775905371234,-5.500744420728475,-5.308338129850996,-5.209413189462791,-5.205657172663339,-5.171805422584136,-4.780280460860104,-4.893716418082909,-4.773739947301279,-4.475483138400364,-4.4856572194164075,-4.427306216871058,-4.153886507729978
0,0,0,0,0,0,0,0,0,0,0,0.35846345779755573,0.15457049385447577,0.006816112180932624,-0.014837108530446914,-0.016423747200559828,-0.037677591431161145,-0.111239388316801,-0.1628206794475342,-0.21026560723355667,-0.25732790474554534,-0.32702971648464857,-0.48327579800883846,-0.6475752987825496,-0.9594617169027108,-1.1752414182753463,-1.3452208677386903,-1.6624556235967547,-1.900673907640896,-2.1636148185139534,-2.6274389832126417,-3.304934217480576,-3.650868570089418,-4.406944658650749,-4.7895658784368775,-5.143345181098328,-5.332998314904096,-5.3319588518329075,-5.367003147394982,-5.156272332992641,-5.000594621153534,-4.99482795223235,-4.739751116398988,-4.377322176736357,-4.188794863201579,-4.0973228506201025,-3.682400887687071,-3.664420568484865,-3.5343270173989656,-3.2361594066567636
0,0,0,0,0,0,0,0,0,0,0,0,0,-0.04598823502421098,-0.44013683506619483,0.0142636821690264,0.10554525604291931,0.20893818108374343,0.238478824948428,0.24251236459917036,0.17570236422002347,0.09069542933026209,-0.00400588118835399,-0.14440929207276457,-0.49150359586368564,-0.7055989386823522,-0.8636994198088749,-1.1654346402584372,-1.382742479748379,-1.5613863365488667,-1.7116630169043408,-2.1623385601041267,-2.5354844052367866,-3.507360837629591,-3.9425201967343946,-4.325279278181937,-4.871118495747327,-5.017705295490558,-5.118531950584586,-4.871507752880509,-4.694413183889491,-4.597335947389431,-4.444933659858295,-3.964859178773508,-4.004054667985299,-3.8918809139139356,-3.5235838284108723,-3.460299404019054,-3.4342349043301486,-3.1347136144803245
0,0,0,0,0.11579264440374006,0,0,0,0.24067980947885392,0,0,0,0,0,0,0,0,0,0,-1.0670659963755045,-0.3245917422651668,-0.3633595591091059,-0.4808299982235154,-0.6514214227371682,-0.9328457172179248,-1.1758306099293143,-1.2817023816856414,-1.446927943157416,-1.5733863398163657,-1.6296163843633151,-1.796575799879533,-2.0655020440636194,-2.323508854557755,-2.8404349741129336,-3.0886851355119793,-3.4592623994797673,-4.007822188085213,-4.380573189555579,-4.506684114425318,-4.7343496540426315,-4.406380317038912,-3.9826200331301624,-3.591150674424265,-2.9071729637941712,-2.7814577729325953,-2.7255203463600735,-2.521246424146519,-2.4769935577243247,-2.4231411075186235,-2.4195807766679143
0,0,0,0,0,0,0,0,0,0,0,0,0,0,0,-2.2497126840497125e+38,0.17135519955496753,0.1976157977292639,-0.5691803869160578,-0.3479791137022216,0.15028102371861055,-0.17347983139551842,-0.8770696284509373,-1.1471689270242955,-0.9343209317002448,-1.103547849437795,-1.1617989084860683,-1.327947679894996,-1.517366685185913,-1.5354209485558432,-1.4540018463177662,-1.596813735646647,-1.6590989436658012,-1.9659983885739214,-2.234177004129944,-2.196637205752277,-2.43332121163299,-2.9748621460184914,-3.2850599525605007,-4.0480370007511635,-4.257263348562578,-3.993830532004147,-3.0964854458384354,-1.7530235153385878,-1.5257223868762106,-1.4629359359979135,-1.3550931002756188,-1.3109664820420208,-1.2153621391496376,-1.2841453024368705
0,0,0,0,0,0,0,0,0,0,0,0,0,0,0,0,0,0,0,0,0.154833389229173,-0.014690098986871776,-0.42669318420161917,-0.9317407585573773,-1.625890664546047,-2.1587451704467537,-2.336209821542624,-2.2835970704210258,-2.2486849706355545,-1.8422157189171853,-1.4422326611999086,-1.3785836610448128,-1.1456482708916131,-0.6189908600487937,-0.2714418957065163,-0.09274391473469422,0.0035649175436125867,0.17190270791180873,0.23418438814582118,0.20369502696543063,-0.0970283164288309,-0.666579094924966,-2.8326232668913303,-3.1581732175364863,-2.5313640458643007,-2.0436687327283676,-1.3340148737605524,-1.1076508938838545,-0.3807514242265385,-0.7322707200407101
0,0,0,0,0,0,0,0,0,0,0.33526329633006924,0.49253070221436474,0.578683802462657,0.5996211383705077,0.6452063152232053,0.6859047187292862,0.7563524524153963,0.7921219987332404,0.8051905273664479,0.8423707337611226,0.5993914251471067,0.5051676976003889,0.5924097492980553,1.271702893909409,-1.0267075441868077,-1.2692092028456856,-1.2249684275816766,-1.2593409063437078,-1.2452077846800242,-1.1570362849281726,-0.8642160233918076,-0.6021788988011929,-0.32318872777670293,-0.07391439180703607,0.037703420300541954,0.23408458711361516,0.7519871376895787,1.0272030562488235,1.1306742858615264,1.2555429646603793,1.3155603255871864,1.4139492374534604,1.6870792664299263,1.1020449930964396,-1.4670586546759854,1.9434200316273076,1.057870593818734,0.88417361518247,0.5569972010345333,0.17013835656582094
