jsons/1312606800.json
{"header": {"parameterUnit": "m", "parameterNumber": 3, "dx": 0.1, "dy": 0.5, "parameterNumberName": "Northward wave", "la1": 40.97354507446295, "la2": 16.46031188964855, "parameterCategory": 2, "lo2": 133.9931640625001, "nx": 191, "ny": 50, "refTime": "2011-08-05 8:00:00", "lo1": 114.97908020019554}, "data":
[rows 0 to 21 of 50, columns 50 to 99 of 191]
0,0,0,0,0,0,0,0,0,0,0,0,0,0,0,0,0,0,0,0,0,0,0,0,0,0,0,0,0,0,0,0,0,0,0,0,0,0,0,0,0,0,0,0,0,0,0,0,0,0
0,0,0,0,0,0,0,-0.0012069858349745472,-0.00045741605563609777,-8.034591221486837e-05,0.00017314945376578863,0.0005582531874436999,0.000545756916537936,0.0005922798963754061,0.0004245639877620724,0.0003263710335821885,-6.256675506103954e-05,-0.0008606842579267681,-0.001283333534381531,-0.0013193313965896708,-0.0013002291118299053,-0.000829603599410603,0.0003669836466178518,0,0,0,0,0,0,0,0,0,0,0,0,0,0,0,0,0,0,0,0,0,0,0,0,0,0,0
-0.020349565014466085,-0.01670428040981189,-0.014385903118187267,-0.010117836757419516,-0.008333074753443201,-0.006535281948799413,-0.0040448323108876515,-0.003516254498684246,-0.0017758003251010814,-0.000872667337017314,-0.0003262224275557413,0.0002454007954269931,0.0003394965190042775,0.00032636646206057977,-0.0003484718619521704,-0.0006264785748211806,-0.0019043350513555848,-0.00160068334297483,-0.00041163833827338693,0,0,0,0,0,0,0,0,0,0,0,0,0,0,0,0,0,0,0,0,0,0,0,0,0,0,0,0,0,0,0
-0.03698181059723074,-0.034815525270448754,-0.03303483195769163,-0.02879939225023172,-0.024563061184627307,-0.022588441993690242,-0.015574316695894177,-0.012166063445280251,-0.009331958682772744,-0.005535701719726609,-0.0028561997244477516,-0.0008849083076945629,-0.00040324840096819917,3.7012627948839334e-05,-0.0009806680146264503,-0.0014360453914766392,-0.0011742444360162527,0,0,0,0,0,0,0,0,1.3142671768244815e+38,-0.060807185159621996,-0.058441872468060534,-0.05641171173410941,-0.05252417927295535,-0.048017153834945744,-0.04073011921909449,-0.03831769467793768,-0.031998021263689315,-0.026935108470464167,-0.024912452895302202,-0.018365436241448752,-0.01667007837945455,-0.012954703505134477,-0.008960834107630551,-0.005916289540639188,-0.004454815090595078,-0.001959980900685612,0.0028647783329443775,0.0053747051622294985,0.007559246278904515,0.012429110665928576,0.01319309568173867,0.014135135255664509,0.015896474649413923
-0.047278051571503533,-0.047142020277128015,-0.04808125725804654,-0.0502099884036697,-0.04900491358072416,-0.04968422701934321,-0.050442780639033104,-0.051081980285737516,-0.048183084930200994,-0.032697907207436185,-0.02562355655376695,-0.018423389152225706,-0.01674697974332497,-0.011041442757688256,-0.013989676307921707,-0.03314016736655821,-0.0836053600130966,-0.0945889638244063,-0.07714670516145293,0.03990993158258252,-0.09265284249916335,-0.09262999938915219,-0.0954835149868004,-0.09637443356356802,-0.09136476906999819,-0.09189636723942003,-0.08985149302352098,-0.08735522440548703,-0.08451768299649703,-0.08395974308443638,-0.07771389762274487,-0.07373685643291769,-0.06627005918399952,-0.058826127031613225,-0.05309265415792556,-0.045929841148912805,-0.03649669314006796,-0.031121600410862666,-0.026873856294260888,-0.020028159125387173,-0.016610044882134113,-0.013830235510498287,-0.009995322764605796,-0.005505145243660027,-0.0009528190365820696,0.0008876652311102602,0.010387129271174961,0.013626390485490731,0.01571574816331095,0.022574259637799268
-0.047305154840932034,-0.047722645061553236,-0.049326848803744085,-0.051971674003695886,-0.053625914662377434,-0.05560760812360336,-0.05953404879155177,-0.06231024326433996,-0.06313159198529733,-0.06840224237223103,-0.0720615391867115,-0.07425768371135837,-0.08307880000467249,-0.08813231237910354,-0.08886223033205876,-0.09664123180375785,-0.1055175610257147,-0.1080210645686294,-0.10397911711127084,-0.1154511136002508,-0.11037885383174244,-0.11329469783836603,-0.1197221061981742,-0.11970872556613771,-0.11750741214836857,-0.11934835649037022,-0.11920636700006224,-0.11701252327332771,-0.11787981062523886,-0.11853267138415627,-0.11277685286243659,-0.11106251072016932,-0.10571662999729814,-0.10138358226244175,-0.09722168807794675,-0.08860369766862958,-0.07486833524799079,-0.06593283397495732,-0.05886005983642774,-0.04502400254732427,-0.0386451710586691,-0.03204211316417672,-0.025722150043005088,-0.01898560622608076,-0.013110389452215444,-0.0073082635911121884,0.012037051481755502,0.019172044138345997,0.023302969301810306,0.0348933573778022
-0.036110659055569636,-0.037551023142072364,-0.038802007327423324,-0.04101086563305688,-0.043410495550934944,-0.044647193955066035,-0.04774853023529841,-0.05083538196623824,-0.05278947076319442,-0.05700258095221989,-0.060638377210383204,-0.06415292190989592,-0.07229957056970922,-0.07582307587280325,-0.08218430952089936,-0.08830245627833731,-0.09864654939193554,-0.10515581401581434,-0.11305628264107054,-0.1315169853488033,-0.12688651928074568,-0.13641198689238293,-0.15320074970302866,-0.15320528245368256,-0.13857417693583074,-0.15201999436970412,-0.1514244956854632,-0.1443793053798022,-0.1472020331849556,-0.1478306763939172,-0.1413246786638081,-0.14322725578579729,-0.14120602914939798,-0.13798870076060193,-0.1337348271351108,-0.128944944815386,-0.12269586820808553,-0.11991847090791995,-0.10946597252883467,-0.1000723289394748,-0.0951861616824615,-0.08544164952980444,-0.0793120911734626,-0.06824495915084643,-0.05624111896413136,-0.050774887336250366,-0.03627664347085664,-0.029564033977346818,-0.02146606464080299,-0.01231633209554425
-0.012478043422402647,1.689348274738891e+38,0,0,0,0,0,0,0,0,0,0,0,0,0,0,-0.06063554120415218,-0.0461250171409462,-0.05283547018076698,1.4176731333781187e+38,0,0,0,-0.09659522672683689,-0.1376203803650396,-0.19184190265785164,-0.19511646710457514,-0.1769543798027108,-0.17927482881552534,-0.17721223184634208,-0.17055847118124243,-0.17659690990905483,-0.1759343534177139,-0.17155236717426678,-0.1701525408524485,-0.17138601584998941,-0.16817118222166436,-0.1662455552215999,-0.16097457281092584,-0.1520338383232263,-0.148455289812272,-0.13931530236640147,-0.13499343450319917,-0.12277065892027132,-0.1177942986318388,-0.11400539399346331,-0.11266345485670551,-0.10929528412959709,-0.11049208107810693,-0.1137368207493609
0,0,0,0,0,0,0,0,0,0,0,0,0,0,0,0,0,0,0,0,0,1.9721647442107686e+38,1.7743172592260963e+38,0,0,0,-0.20481272155191507,-0.208003299893918,-0.2124783905323091,-0.2174778888015486,-0.20685405648257774,-0.21442825892344455,-0.2119288162965059,-0.20741954105292446,-0.21017673372038223,-0.21051959304083095,-0.20517562813169643,-0.2083227712525137,-0.20625374992405446,-0.20515591810026712,-0.20091729530279936,-0.19304820780693055,-0.1873508751072605,-0.18269062255223095,-0.17055918654604585,-0.16557383743402135,-0.1597960960481726,-0.1537671917892017,-0.1505012859692307,-0.15466913286544212
0,0,0,0,0,0,0,0,0.05723816568069557,-0.20933345234867173,-0.21493206220044003,-0.21517052075286988,-0.23256544288004324,-0.2317993059820559,-0.23683986586370237,-0.23441676409680962,-0.2377427901084634,-0.2373831240004379,-0.2397336473042538,-0.24034417744233294,-0.24281705736947778,-0.24287519419751355,-0.24437317584658935,-0.24692094784612986,-0.24952231411018802,-0.25292105313214797,-0.2532519269389848,-0.2534414224648544,-0.2565307195677731,-0.25721954370733086,-0.2532588423145335,-0.25697988301233615,-0.25770398891656027,-0.25439415450273084,-0.2545393026665061,-0.26140736900833345,-0.26371417084914467,-0.26302230921006087,-0.26655050375923367,-0.26309034556944133,-0.2612506550479379,-0.2586571298409177,-0.25294791613203865,-0.25454842647441067,-0.2456940636269765,-0.2378231970611216,-0.23266467963732299,-0.22400008090297097,-0.22001793599424546,-0.22133262118927252
0,0,-0.22687694211029732,-0.24168731834668572,-0.24018654227965425,-0.24457329239071116,-0.26635120414120406,-0.27433321950325573,-0.27504168955540587,-0.2843816779763522,-0.28547920953256023,-0.28886749719329574,-0.2948201401208869,-0.2966340531322367,-0.2946554985230818,-0.29428610174577835,-0.3005948349866991,-0.30151605068145143,-0.30185671497397626,-0.30535513385692986,-0.3084633863326984,-0.3111668064592532,-0.31594488625429407,-0.31670632611537075,-0.31766317590291127,-0.3209272068495264,-0.32293953266640396,-0.32320376927614447,-0.32632017763222404,-0.3269921162265787,-0.32393356788315053,-0.328172361014439,-0.3307427551332831,-0.3235273245674781,-0.32664900001245195,-0.33417042252587714,-0.3271853797874365,-0.3245051327476099,-0.33402993981818097,-0.3296731963635905,-0.33179152969540104,-0.3328008692825838,-0.3290641196593059,-0.3282727842190508,-0.32451101679388034,-0.32169317639972705,-0.3202107702736105,-0.30316391699056155,-0.29513567277381153,-0.297290547109674
-0.28315961083470254,-0.28823765477910285,-0.29313802641284337,-0.3049472183309978,-0.3054682349769408,-0.3101702320136097,-0.3185607405090665,-0.32329880990950144,-0.32666278792575604,-0.3366267522008275,-0.3463596068078855,-0.3480543778708549,-0.3581872386552347,-0.3599071251819305,-0.3595890904919522,-0.36491448600377197,-0.3701301889191311,-0.37365754430784426,-0.3788058022887471,-0.3868270306139198,-0.388735299638946,-0.3933858232403489,-0.40356386947559264,-0.4075143646669074,-0.4050941694845781,-0.4086953387752929,-0.40959568107931144,-0.41423377315503856,-0.41915001709623756,-0.4222566292017786,-0.41969786212793636,-0.4300399527760396,-0.43044467602775854,-0.43012584734257703,-0.4278583784529278,-0.43652832607659725,-0.4299060837021953,-0.42612354358173193,-0.43353847050810346,-0.42092875884599573,-0.42232301322684346,-0.4315205556903356,-0.4256362413506211,-0.4159766877651292,-0.4158614192062683,-0.41460248280122697,-0.4123194750946402,-0.4053690635823094,-0.4062297525581349,-0.40394400341980335
-0.29028103884199613,-0.29908713143619475,-0.3046869996942353,-0.32031033097589895,-0.32697893628427843,-0.3364684195556089,-0.34778100037928233,-0.35831316652954126,-0.36576684822065836,-0.38071185788993545,-0.3908471913306904,-0.39736506719694786,-0.4123921502914878,-0.4193336356122203,-0.42580103152353405,-0.42935755153799265,-0.447407928549494,-0.44645496018091263,-0.45663689295119003,-0.47582081951131733,-0.47835830408301355,-0.48552992492213065,-0.4977843242902251,-0.5078827065202203,-0.49798741898693377,-0.5120855636406622,-0.5139495667457658,-0.5167374448471579,-0.5225918056116503,-0.5248937383525002,-0.5239008345661501,-0.5314519924837363,-0.5295626359881355,-0.5364447353901759,-0.536939663055007,-0.5396608189495499,-0.5415674875194234,-0.5364690167686508,-0.5534498774594517,-0.5334649191019135,-0.5372789658354739,-0.5500907077087371,-0.5500212827503989,-0.5448908193710899,-0.5564489816679962,-0.5549259351784126,-0.5482155188051516,-0.539987724291667,-0.5309057158138755,-0.5233034232281016
-0.20725742254247073,-0.23667203706671844,-0.2672953107755137,-0.29704566673417554,-0.3086832191628345,-0.31823519152266483,-0.33737588397438567,-0.3473633063750444,-0.3609876106212511,-0.3829216211318528,-0.3953828614178677,-0.4086716884491324,-0.4377973129901845,-0.44829490300363295,-0.4601455226734183,-0.47320464003880486,-0.503084728719191,-0.5153898413342213,-0.5297182947796201,-0.5525355795140517,-0.5568431715944203,-0.5644405016618821,-0.585750325947265,-0.5930704669342117,-0.6014873570654389,-0.6194666309146112,-0.6198666316944944,-0.6110001080622373,-0.6378778159266983,-0.6474853789346183,-0.6625714540572519,-0.6889877349092912,-0.6872693685156099,-0.6876935959191006,-0.6903620069817524,-0.7000802609273311,-0.6975983533787826,-0.7033811372754103,-0.7160058471232403,-0.7075846518430361,-0.6992445078486001,-0.7210304403889426,-0.7106676952611798,-0.701801925874383,-0.7153360679272585,-0.7044523576539643,-0.6931147709176291,-0.6954680723187421,-0.6927395649293098,-0.6785483586598158
0,0,0,0,0,-0.2659740908070303,-0.2976711603899793,-0.3148767788769054,-0.335378999088058,-0.3590254861824682,-0.37555458422889026,-0.39609554350317683,-0.42635668808515126,-0.4483169531424749,-0.47173750798577146,-0.4897466914076935,-0.5284292280084285,-0.5554925201120232,-0.5787791855091741,-0.6283629330563284,-0.6412042629072539,-0.6781972781041181,-0.7095304779927815,-0.7249698700574367,-0.7385439155362671,-0.7646083712689996,-0.7811856872506873,-0.7872369181548983,-0.8086397380583032,-0.8203070033551894,-0.8186200797045848,-0.8399285314658873,-0.8419438855270085,-0.8506786230379679,-0.8590729701837142,-0.8808165677322407,-0.8794573421634866,-0.8776226961448458,-0.8865095794639584,-0.8866473197578205,-0.8963178675175288,-0.9119773310844855,-0.9087480478414279,-0.8989066510565435,-0.9103462433448751,-0.9146624594533023,-0.8978934976045049,-0.9064503143324153,-0.9012723218835711,-0.8693868230265638
0,0,0,0,0,0,0,-0.24532894044184175,-0.26023202579613747,-0.2806363320857902,-0.3005780881801012,-0.3456594055520031,-0.40271779999450824,-0.43807536198128116,-0.48135649253230073,-0.5084253617071941,-0.5458924867158003,-0.5776842095719928,-0.609986935420716,-0.6531148197433255,-0.6834735373514671,-0.7071642252435849,-0.7630735951402052,-0.7927106960374327,-0.8161640806933124,-0.853668597422047,-0.8715260788348544,-0.8887480231379209,-0.9355378673631639,-0.9491259862123325,-0.9670692210087668,-0.9979483308670256,-1.0124870039115252,-1.0186042963955513,-1.0338882360217823,-1.0632815576631116,-1.065681142258552,-1.0710461589877835,-1.0855764184704324,-1.0882712904592529,-1.0935681171657488,-1.114840832949579,-1.124588822037911,-1.1164777511353228,-1.1328896531429788,-1.148381894887216,-1.1313041123297278,-1.1393890454526119,-1.1446816422840047,-1.1098273451993712
0,0,0,0,0,0,0,0,0,0,0,-0.21269669147930514,-0.23191354300024294,-0.32677314580137307,-0.4118684762543212,-0.4587586095385699,-0.51832403705574,-0.5736045054967188,-0.6113309730922246,-0.667967452026782,-0.7084886238296852,-0.7414185908177411,-0.8082538045391564,-0.8448224585487805,-0.8900479314224922,-0.9633218364606038,-1.0056214197057545,-1.0302647587327196,-1.0730007683615306,-1.0918869612064444,-1.1100995380240375,-1.1689215112820535,-1.1803909390958043,-1.1966526286019468,-1.2105671229057446,-1.2544674087234897,-1.2615225486161221,-1.2773548867249942,-1.3336315561888916,-1.349306235887783,-1.37459383014301,-1.4418727359197454,-1.4918061509846265,-1.4673060158933722,-1.5110181840999615,-1.5177578626395123,-1.5157046542871702,-1.5315860217639623,-1.5367748409808581,-1.5261076602747732
0,0,0,0,0,0,0,0,0,0,0,0,0,-0.21845142424664468,-0.3686130637207326,-0.41674328199574817,-0.5277545742886878,-0.6123300816528251,-0.6639224035217541,-0.756589253279447,-0.8094098912412724,-0.8399891027196096,-0.9091693594989056,-0.945844311712466,-1.0036236056532462,-1.1031215747846768,-1.1382502272554613,-1.1675277958388952,-1.2339356939378323,-1.2556449231867153,-1.2928758504531395,-1.3969069862516281,-1.4725843718972613,-1.5111520319915452,-1.5613708109082276,-1.6300672105922283,-1.6344287619675262,-1.6576181636973337,-1.704643790943746,-1.6971631508384255,-1.7289136166204326,-1.7698216437251846,-1.7857669621046148,-1.782929840212843,-1.8280102419029225,-1.8154170249312218,-1.8488949416270626,-1.8549608489693084,-1.8376694163464988,-1.811144914703018
0,0,0,0,0.07138475169816115,0,0,0,-0.14652705493635176,0,0,0,0,0,0,0,0,0,0,-0.6980953378923335,-0.8003209063709774,-0.9373419494338164,-1.1305868624737643,-1.2812391302669845,-1.3649274243311995,-1.519292068873774,-1.5763808371846895,-1.5953339670623947,-1.7067916005428256,-1.7567384273271964,-1.7963589076055577,-1.863500274850627,-1.8841855171954682,-1.8869015044257897,-1.906632787593206,-1.9648983667655258,-1.971408094295457,-1.982767931831317,-2.055478524052039,-2.1577312649738047,-2.176052729966019,-2.261680141077944,-2.293366586453976,-2.2987670547373256,-2.3538115416300833,-2.3456301923950282,-2.3624739948251885,-2.4451906676608766,-2.4397031041394306,-2.401996228566898
0,0,0,0,0,0,0,0,0,0,0,0,0,0,0,1.5198155524636847e+38,-0.06571488033842421,-0.34263133170656185,-0.3732010035173839,-0.3199219715668145,-0.32519744417918434,-0.4745675955092428,-0.9070652479040061,-1.2363891729073577,-1.5940336532726158,-1.8214310818698094,-1.9041714496093485,-1.952702135636489,-2.065355687973884,-2.1058668963233416,-2.2306622083549983,-2.356455484338392,-2.417359466043466,-2.5001589977544305,-2.522583501409465,-2.578001268838625,-2.6075872422468223,-2.687365300162772,-2.7184112168420485,-2.7042797633043523,-2.803262875330924,-2.9689916536515755,-2.9969677499866414,-3.002152961705815,-3.077117782290908,-3.1184497434989877,-3.082584182080178,-3.1187711353121563,-3.119688990750984,-3.1138444161667485
0,0,0,0,0,0,0,0,0,0,0,0,0,0,0,0,0,0,0,0,-0.4532833473098718,-0.6450453811751258,-1.0141530632584657,-1.2806989105883655,-1.4873818721238503,-1.8844331217678123,-2.1468422585976135,-2.4878972267596673,-2.6494951426549034,-2.8505042900019157,-2.902657494561594,-2.979237357319139,-3.043602389226991,-3.0645270789755066,-3.130446512214081,-3.345327578560157,-3.356860184458538,-3.4143965715430733,-3.484221218466921,-3.502628437487802,-3.5525128086533475,-3.639474264832442,-3.688223545236047,-3.697902473294048,-3.7581325139356743,-3.782368587044348,-3.813476668417898,-3.954856536177207,-3.9521556592053275,-3.9478625168501718
0,0,0,0,0,0,0,0,0,0,-0.40773861372095943,-0.4345486066633092,-0.42973778157278925,-0.4528589687705768,-0.5178683819866428,-0.5123947548026538,-0.5272941181177144,-0.5741863152679968,-0.6455148299434313,-0.76561675975698,-1.0057541394701246,-1.1085535595587246,-1.1557950262123902,0.17110763770317663,-1.299732627873813,-2.792654982137607,-2.7682966598115457,-2.7661749368210966,-3.0488838450227864,-3.0924744518473433,-3.166020160694356,-3.514992767093473,-3.675291191783139,-3.739354326996263,-3.8292484554671566,-3.9570357451633305,-4.017073016198035,-4.18850404052123,-4.432895889403733,-4.475863023495234,-4.5344812073590255,-4.660320054708034,-4.736474701729829,-4.800679206312165,-4.8502083535149865,-4.825896888943042,-4.858374374622203,-5.013260183145367,-5.009348357817679,-5.047890713278049
