jsons/1312902000.json
{"header": {"parameterUnit": "m", "parameterNumber": 3, "dx": 0.1, "dy": 0.5, "parameterNumberName": "Northward wave", "la1": 40.97354507446295, "la2": 16.46031188964855, "parameterCategory": 2, "lo2": 133.9931640625001, "nx": 191, "ny": 50, "refTime": "2011-08-05 8:00:00", "lo1": 114.97908020019554}, "data":
[rows 0 to 21 of 50, columns 49 to 97 of 191]
0,0,0,0,0,0,0,0,0,0,0,0,0,0,0,0,0,0,0,0,0,0,0,0,0,0,0,0,0,0,0,0,0,0,0,0,0,0,0,0,0,0,0,0,0,0,0,0,0
0,0,0,0,0,0,0,0,0.00463408923452562,0.026480216632685644,0.03579206287735471,0.03139634474835673,-0.025636613947839546,-0.07586736649184182,0.06887862728747948,-0.014546618939407296,-0.017746535052072288,0.01942896002520599,0.08285593775757366,0.08866552341488312,0.09091511060583354,0.09400212469148811,0.08957924005796328,0.10160431316734184,0,0,0,0,0,0,0,0,0,0,0,0,0,0,0,0,0,0,0,0,0,0,0,0,0
0.03464968741663229,-0.06504122369323913,-0.0399424531918437,-0.02513910491373757,-0.013686023015553012,0.03670797805908123,0.062345042475882205,0.12612267623267578,-0.01226539525586738,-0.0288134620615428,0.127966954140333,0.11848305644439702,0.13695500114797815,0.13797297099513722,0.1362424292190072,0.13484616876184827,0.13609097869203576,0.13061830161860483,0.12254951715305239,0.10712482683409082,0,0,0,0,0,0,0,0,0,0,0,0,0,0,0,0,0,0,0,0,0,0,0,0,0,0,0,0,0
-0.20146266101610572,-0.17761938809863187,-0.08451578765081266,-0.0389567039687324,0.03525318098082974,0.16040778279525925,0.18004853948370567,0.17241514608296005,0.17611554008526759,0.13280873193038856,0.1913111688528702,0.00016314366035676762,0.056589341367607,0.17114831429427052,0.1800705954112255,-0.12118017780299166,-0.16644577895803345,-0.02797068750294169,0,0,0,0,0,0,0,0,2.856377713376347e+38,-0.2702853814612469,-0.2911964746990639,-0.30191119317211523,-0.2985808034697226,-0.30328327913843084,-0.3020991792203595,-0.30556101775075395,-0.31083628910984995,-0.3094664063454279,-0.3166659052644947,-0.31818093059585634,-0.30846034931743427,-0.26172468449236,-0.16928067466907634,-0.11368551694333576,-0.10240424325798242,-0.0714584800164057,-0.04108973159601857,-0.02083212698672056,-0.004043108572693673,0.028024379539979067,0.04844873133765879
-0.37163187801069497,-0.3723461825995821,-0.3681639352691209,-0.36238060689631,-0.3651703107317095,-0.3290412825501233,-0.2907975974255381,-0.23948867541140723,-0.16573724388838307,0.04284812313190216,0.03896183336164007,0.2507686637632663,0.19153635091906585,0.0874824400832409,0.1490495847975161,0.04653640106690388,0.020865595680238914,-0.23150218584213114,-0.22395444346771942,-0.2255638380269155,0.086150122198318,-0.3720834502573999,-0.38088232874908023,-0.3773345269180666,-0.3695385643525228,-0.35031871281410515,-0.34034928008954163,-0.33678486915173406,-0.3178578088648689,-0.30723497300423364,-0.3023897965528003,-0.2846392560018906,-0.2913986102810851,-0.30002237652193287,-0.3084524789874645,-0.33238264183881433,-0.3580422071134707,-0.3988688267928515,-0.3944647472302358,-0.3667381297804292,-0.24931818952350504,-0.16924558925031305,-0.12713959881026873,-0.10151438705799506,-0.05930829462653499,-0.015348996474539156,0.006829111101938588,0.0886460343507181,0.12636645827280668
-0.38970664510459035,-0.3947326654535581,-0.40044938399934743,-0.41124306376075365,-0.4129338097451241,-0.4208022651274725,-0.42432794549704295,-0.4271508988353876,-0.4166092714251743,-0.4323421240582934,-0.4347756760075138,-0.4216888170975889,-0.4171717581741611,-0.4069189273279402,-0.3873122340767181,-0.37714471415687467,-0.35313335991822936,-0.3337718341445532,-0.26111852644114636,-0.27979948394635723,-0.24549245170349016,-0.16942790521066017,-0.13998552095246564,-0.11107039143435045,-0.10978528784570708,-0.08803642630043533,-0.13724766846405143,-0.13918788724281672,-0.1120693040688963,-0.1354546614465985,-0.13066813085500195,-0.13342173264718385,-0.15274160134011597,-0.188407026635132,-0.2245552623406398,-0.2711580396748017,-0.3095865573438805,-0.4419243012608019,-0.4117644605188033,-0.3152077942949041,-0.15887350435222866,-0.10478044653802514,-0.061296035572682636,-0.022584097249860626,0.034087472400963166,0.0629555980678741,0.10037394034052413,0.11819490248364303,0.16336665208997606
-0.2726273153739928,-0.2677539990784076,-0.25270701181567334,-0.2456336036331241,-0.23220465184579417,-0.24430825275071583,-0.24261970106458333,-0.2576529140369147,-0.27388510047628223,-0.28052179178803105,-0.28314778761118103,-0.2703954909578475,-0.2661872801535055,-0.25283371420996137,-0.24115677220616144,-0.20327461559347126,-0.18634455992406007,-0.1679602385370819,-0.1133457582621379,-0.1066723645883917,-0.10211027582626361,-0.09022323663709099,-0.08292394376616326,-0.0762411884179186,-0.058426023584300386,-0.06089748175926894,-0.06371037692643239,-0.04519271219108442,-0.025533131761057166,-0.011878705043075583,-0.007696022850304297,0.009251642017434298,0.004277910625808957,0.04251902313554375,0.12078365194330358,0.049646423369544626,0.07036828074990027,-0.21534360026901778,0.06130881217111676,0.14472507051063926,0.14773769878099588,0.14381987418573433,0.14705449103113516,0.14283192258709537,0.14397173163113028,0.15214674251042376,0.15940079507100258,0.1602975912737914,0.1793586053517836
-0.03203343037708026,0.05211096662596015,-6.408149184739069e+37,0,0,0,0,0,0,0,0,0,0,0,0,0,0,-0.15047821790030844,-0.06429002517510246,-0.039749475993041024,-3.689665323126498e+37,0,0,0,-0.14035698297246685,-0.10285870455024403,-0.15426245259256705,-0.19363338065554214,-0.14556946577482752,-0.09548439984800917,-0.049414651110538846,0.04920724325696934,0.12582674170974836,0.18285445152660276,0.18645011586159382,0.2905503771849494,-0.14992056321235978,0.2438622820501951,0.333256203465257,0.3326289155056284,0.24038307492471755,0.20082959538438927,0.19738698926898723,0.18815030511612868,0.18866238118336492,0.1897681659636775,0.18254822091188486,0.17644098610329903,0.18597522310278064
0,0,0,0,0,0,0,0,0,0,0,0,0,0,0,0,0,0,0,0,0,0,4.108709941099933e+37,4.407597864936235e+37,0,0,0,-0.41152395824598376,-0.31059936787576015,-0.21878158271851303,-0.10888992369533898,0.11144603218355846,0.17479972495850243,0.2383067600285245,0.12328844317523632,-0.46797383247854224,0.0850745361489505,0.45988036821466743,0.42973328022474544,0.38003230296080526,0.3287944931481598,0.31006418290000887,0.31001660449956847,0.29090003117119706,0.2804191068395056,0.27338834233862935,0.2753288201024217,0.2667002835846871,0.29181747054870805
0,0,0,0,0,0,0,0,0,0.04279409213092925,-0.15682474646631148,-0.1560632969767778,-0.17012052788410775,-0.2134200243880435,-0.20897626162745886,-0.24117862093441989,-0.26545709712418775,-0.32957982692471205,-0.3369063045468748,-0.3652878315346689,-0.3973457983146712,-0.399959177599221,-0.38915292467187723,-0.3642066816355235,-0.34138650191353853,-0.2780016794705288,-0.20663519581950016,-0.16052153976762645,-0.12393309518812386,-0.05887745225152948,-0.01991351782064902,0.20497605130157232,0.322145692354461,0.3366564338685027,-0.07491458732763044,-0.09207901295506934,0.24981607303929707,0.3985780718403981,0.34551024281522813,0.32548501153368664,0.2677847528997778,0.25831008900758173,0.2586870181281977,0.24723493091985016,0.2669434858560843,0.2767426188280268,0.2871871956452418,0.29687263766446487,0.3169583372635877
0,0,0,-0.18439808917884357,-0.21081588696632195,-0.22742253419093425,-0.2564498566954811,-0.2983693272924014,-0.32181374996732814,-0.3334372829387706,-0.3598519844051506,-0.3762646364979019,-0.3816235829468491,-0.3896199613653097,-0.35993757253038716,-0.34613311284661763,-0.2993453312700605,-0.29017428051334915,-0.2567218351906311,-0.24149948946257974,-0.24534957458479711,-0.23258194451474876,-0.2508281826811945,-0.17786668394800034,-0.14091630964346324,-0.016917043347633505,0.005353961428089737,0.04197634424625344,0.205277429088184,0.2402064622351097,0.2797574099056201,0.4418510355127765,0.48327056034707194,0.4414125088987985,0.5409354488706627,-0.49953196126771626,0.4081593947395435,0.45229611768286676,0.4201443667454156,0.38924758309752483,0.35426721452075555,0.33606383330251904,0.3277988138227632,0.3132262570708658,0.3164046985184786,0.316105135513231,0.3194219908522823,0.3234111805721686,0.33696289683881037
-0.3208718578796461,-0.34286218061143064,-0.34585589923270604,-0.35252300630667166,-0.36127773349022635,-0.3625556893238974,-0.353854947783351,-0.36184455621747197,-0.35821454434292965,-0.32712956076328226,-0.32193120103258277,-0.3170584342434711,-0.2857407728487887,-0.25967044314405935,-0.2425128657958552,-0.1813327184293473,-0.17960261614442602,-0.17986596557398324,-0.14818698597445473,-0.11426008531198485,-0.09719774808116086,-0.05328558714324061,-0.056872637826894376,0.0056069612907192114,0.02031095738861595,0.10897469014159994,0.1490400467865215,0.21188875054246106,0.3878438312277585,0.42434000707141006,0.4700991310422163,0.4898169709829855,0.3868798968850467,-0.24772951913062427,0.34911694900851686,0.49987978797615773,0.512393210755933,0.45638799825554754,0.3869627973808214,0.37914947697584145,0.3107274767549833,0.29289128316896534,0.30069446492962243,0.293197096474033,0.28533796880525303,0.2938553411766373,0.31095532730845576,0.344563481333235,0.36397991877717656
-0.3040705615053655,-0.3016579576849145,-0.2892451071143647,-0.27816620817449134,-0.28408213812264516,-0.2693087815404518,-0.2589535812647112,-0.25088819286587327,-0.24558992403620755,-0.2331620871683491,-0.23312447586452545,-0.2212929489682058,-0.1983436795604292,-0.19700160365986444,-0.1967526645493837,-0.16619276822963275,-0.16285510832681727,-0.1675015028065877,-0.13759939504566263,-0.08408169879329445,-0.06323775428440633,0.0032247227496473518,0.02851733291409345,0.07168166713473705,0.12895833235870474,0.1722728313650845,0.22354105915622002,0.25548762447337664,0.3610950174931663,0.41520292450246077,0.4326557263549736,0.5407420563036699,0.4817576173550873,0.3439565436225151,0.25978170930688127,0.42260946673456373,0.5138392821601527,0.480736634684835,0.4583886240201666,0.4350298173663431,0.36010362864924406,0.326021401322822,0.32233923705966044,0.321734553930917,0.28742291545807264,0.2777143365022086,0.28465220780951117,0.30255276892996463,0.3224172918162144
0.06757368961183999,-0.19001879611294006,-0.2105751742740617,-0.22361380236701162,-0.23732768654305322,-0.2242978108979441,-0.21714230038058882,-0.21902860063086838,-0.21784591357267788,-0.20237214520743346,-0.20091461855099998,-0.20297344115147345,-0.19969921459855636,-0.2000352466556195,-0.1974429269217926,-0.18395469873008813,-0.18087662839830326,-0.17519963538940572,-0.160630041348907,-0.1406712631966708,-0.12692966059988114,-0.10990365119150335,-0.020133097138882186,0.013086660704528104,0.04420180132050266,0.11014863600428342,0.14497275980416516,0.2108478744782772,0.23400725490280105,0.30399928330677584,0.33569206106810934,0.3860225334036488,0.4809752539401362,0.516399807066089,0.44021505645032516,0.4391991973111242,-0.06077028900183143,0.4202685619491911,0.46370767576223343,0.4333016166832005,0.39147563354062864,0.3387575244542813,0.3236112505192914,0.3356827384753286,0.32740169098841326,0.31525108426762377,0.30801723915118995,0.3060085630678192,0.30899395791886
0,0,0,0,0,0,-0.24459938307237128,-0.2575298776992682,-0.24810820892583169,-0.2282291617201576,-0.2213736472437577,-0.21252085809796592,-0.20673199447924173,-0.21055447309334166,-0.20958980315328815,-0.20160936839546062,-0.19135546342314735,-0.20176798408356816,-0.19403644744526563,-0.1769228346466687,-0.15339422274692147,-0.136503440521613,-0.08881690396749543,-0.053677679801151575,-0.026426201497713946,-0.010671295749229546,-0.009124053901520112,0.027911366738564033,0.060931067782154076,0.09324315350181203,0.12369571394848268,0.22297953212423816,0.27812331982950267,0.3522435153889773,0.37642583586296974,0.4406300827824771,0.21700288873612067,-0.3813221863791322,0.307999239796086,0.42864500621027646,0.3672337045240774,0.3203132007673126,0.31777372447180713,0.3072712356017021,0.2587034433567261,0.2611749013355584,0.25601311760940565,0.2400097349511431,0.24770680779337464
0,0,0,0,0,0,0,0,-0.2423476075397139,-0.21522443128646285,-0.2037930987581171,-0.19551750953820876,-0.21459240466323687,-0.23137287027823156,-0.24520719708530825,-0.25054993706866246,-0.24172576236330034,-0.23439427783091696,-0.21441707275229102,-0.20910938484051367,-0.21769609296255032,-0.20865223561730337,-0.20524709702506,-0.19399986776370953,-0.1959628277609007,-0.15681077202243304,-0.12114379280198091,-0.11023689286366535,-0.07379310609434804,-0.057257984091908055,-0.062061249307313375,-0.035000051566733824,0.008506996965822598,0.05357095363298088,0.22835765222916501,0.360555267115369,0.4455732884329481,0.42521203414058195,-0.6043592767200568,0.4200765069365871,0.5145441186398708,0.4825586561688579,0.39063773783859135,0.39018485324359325,0.36602838370714386,0.3644062504625286,0.37311000719237397,0.3359653139134476,0.32893326465091316
0,0,0,0,0,0,0,0,0,0,0,0,-0.0678918314858747,-0.12770377557861382,-0.2116877486736801,-0.24314581698211432,-0.2590653886625271,-0.2750225849851275,-0.2563694922603872,-0.2618449640371738,-0.2685852420332615,-0.26367854679769454,-0.2656279691408293,-0.27392309818728994,-0.2854564255531726,-0.29940387601367874,-0.30259599837541495,-0.29898033581230377,-0.27557576001492556,-0.2829665285510092,-0.2647697104071332,-0.27764083907179077,-0.26586169023681255,-0.2751045136095875,-0.24776484924840825,-0.21160763726662687,-0.37593124711419384,-0.5637333109884424,0.18614820654254946,-0.5419283977639503,0.006162738930104229,0.3857673752929582,0.5246825350751794,0.6028325949648192,0.4678065640800738,0.4725375609739553,0.4511742799461379,0.44061079292962657,0.4429772833534845
0,0,0,0,0,0,0,0,0,0,0,0,0,0,-0.06090605909114249,-0.24245261677519345,-0.2568347731358387,-0.2986481163662935,-0.2997342981685046,-0.3105347749771217,-0.32241243830399574,-0.3293711088911216,-0.3433990727871906,-0.36062763495657046,-0.3677846622530445,-0.386274432398583,-0.4174872298328164,-0.43789367382016864,-0.44600798369964495,-0.4558829443763146,-0.4591411288953457,-0.4847167352350385,-0.4853187072742171,-0.4836995008865497,-0.5256889679173774,-0.5408137973883756,-0.5726331942188857,-0.6003986391952877,-0.598486942608929,-0.6015748188005834,-0.5178292097446263,-0.4743011481601957,-0.5040591865009432,-0.36755971796051157,-0.11842929120528307,-0.053008334760266354,0.02013150100424694,0.10156533124977918,0.16095166306424374
0,0,0,0,0,0.00011883096926220854,0,0,0,-0.007860028302141225,0,0,0,0,0,0,0,0,0,0,-0.3208714726108017,-0.3341171054486127,-0.3598360105876155,-0.38932088732916525,-0.41322222087682103,-0.43257053809995155,-0.46495455870340524,-0.48231095048979344,-0.49915319825735294,-0.5164481127951743,-0.525286287426732,-0.5367390113610563,-0.5519633863894322,-0.5623776031271542,-0.5776805827446901,-0.5870876078321776,-0.5998255827527825,-0.6017353895582759,-0.6090909827928889,-0.6057727644040292,-0.5729671416682155,-0.5244626110295326,-0.47901545931727446,-0.4461869255514211,-0.2804500626132271,-0.23142527227427742,-0.16781902097001433,-0.07430746381585902,-0.034002632285121265
0,0,0,0,0,0,0,0,0,0,0,0,0,0,0,0,2.886936782345997e+38,-0.018659483834405452,-0.04964443407612348,-0.05431663706933027,-0.07514965457934025,-0.11245701554232121,-0.170712237549812,-0.31584911745853067,-0.3821433877343484,-0.4294686908359805,-0.4799021212312994,-0.49839415943332366,-0.5164812943684672,-0.5427447190658301,-0.5478866174575099,-0.5527425123084229,-0.5666257096243185,-0.572915262589589,-0.5809220037897275,-0.5810626816869136,-0.5914612078492706,-0.5742496568886932,-0.5643037085125228,-0.5630651423667842,-0.5240924136666381,-0.5313978902084565,-0.5005331132965871,-0.45488304954789427,-0.34019695178145565,-0.2841391179678201,-0.2335758724124945,-0.12923876489240296,-0.10945937277812302
0,0,0,0,0,0,0,0,0,0,0,0,0,0,0,0,0,0,0,0,0,-0.14956401687921964,-0.23906163039044848,-0.3553511267031078,-0.3845244911313421,-0.40503744693572824,-0.45697837353716936,-0.49647446795506084,-0.5217236803654529,-0.5366888119576618,-0.5444719008166572,-0.5613982924122166,-0.5762677138721948,-0.5825897608865586,-0.5814810738570327,-0.5717122823612488,-0.569250429544703,-0.5441629273934124,-0.5411683841467568,-0.5472641584243977,-0.5498663418160813,-0.5192564906362375,-0.5100499573502875,-0.4764206457579879,-0.4209553714532851,-0.4187652541684331,-0.417460029435067,-0.29678818865712225,-0.3050249779850375
0,0,0,0,0,0,0,0,0,0,0,-0.11658508737409021,-0.13398253583719769,-0.1548674627057676,-0.17200802451327668,-0.19130048933260158,-0.20683510654057638,-0.23653648683880507,-0.2494525320915048,-0.26300353441169794,-0.2911431571784774,-0.30653119135450135,-0.31996869667968464,-0.31803405285704484,0.15142954719747637,-0.2690340692813512,-0.49868586848582264,-0.5160355305478705,-0.521203784470777,-0.5415395605421907,-0.5599559041609999,-0.5683474307966908,-0.5768063514534194,-0.57746816790595,-0.5758026430262426,-0.5607558107441581,-0.5560836512839669,-0.5315283482790206,-0.5075804067149804,-0.48822079222311904,-0.4958073177514247,-0.5033191141531401,-0.4923961641027068,-0.4665145721022584,-0.42929334746032616,-0.41016400687745386,-0.39167566906517715,-0.3473603167230092,-0.3078225085045439
