jsons/1312891200.json
{"header": {"parameterUnit": "m", "parameterNumber": 3, "dx": 0.1, "dy": 0.5, "parameterNumberName": "Northward wave", "la1": 40.97354507446295, "la2": 16.46031188964855, "parameterCategory": 2, "lo2": 133.9931640625001, "nx": 191, "ny": 50, "refTime": "2011-08-05 8:00:00", "lo1": 114.97908020019554}, "data":
[rows 0 to 21 of 50, columns 98 to 146 of 191]
0,0,0,0,0,0,0,0,0,0,0,0,0,0,0,0,0,0,0,0,0,0,0,0,0,0,0,0,0,0,0,0,0,0,0,0,0,0,0,0,0,0,0,0,0,0,0,0,0
0,0,0,0,0,0,0,0,0,0,0,0,0,0,0,0,0,0,0,0,0,0,0,0,0,0,0,0,0,0,0,0,0,0,0,0,0,0,0,0,0,0,0,0,0,0,0,0,0
0,0,0,0,0,0,0,0,0,0,0,0,0,0,0,0,0,0,0,0,0,0,0,0,0,0,0,0,0,0,0,0,0,0,0,0,0,0,0,0,0,0,0,0,0,0,0,0,0
0.05892346715541119,0.10365591623557908,0.14004971524563953,0.14952038357324146,0.20584079041845924,0.2507774325038976,0.2388861247472997,0,0,0,0,0,0,0,0,0,0,0,0,0,0,0,0,0,0,0,0,0,0,0,0,0,0,0,0,0,0,0,0,0,0,0,0,0,0,0,0,0,0
0.15432144561978375,0.19951535541037818,0.1748275744452519,0.17658509102418712,0.224933706682855,0,0,0,0,0,0,0,0,0,0,0,0,0,0,0,0,0,0,0,0,0,0,0,0,0,0,0,0,0,0,0,0,0,0,0,0,0,0,0,0,0,0,0,0
0.21571338343827523,0.20417912994284795,0,0,0,0,0,0,0,0,0,0,0,0,0,0,0,0,0,0,0,0,0,0,0,0,0,0,0,0,0,0,0,0,0,0,0,0,0,0,0,0,0,0,0,0,0,0,0
0.23706878271500326,0.23930569892181064,0.25901169542413893,0.24985417237948518,0.19524925709698607,0,0,0,0,0,0.08636106642589263,0,0,0,0,0,0,0,0,0,0,0,0,0,0,0,0,0,0,0,0,0,0,0,0,0,0,0,0,0,0,0,0,0,0,0,0,0,0
0.22702355058575965,0.2228348506592069,0.2461588597540702,0.27562531342154656,0.29715242967730937,0.30167330751787563,0.2968764229252712,0.29817588246668125,0.29991190684874325,0.2798069088689498,0.28054075117372224,0.28098090089642824,0.28033061847568286,0.2998778353698463,0.3089246849633884,0.34079423954895965,0.36338168933567033,0.3993352088828044,0.36120824843579086,0,0,0,0,0,0,0,0,0,0,0,0,0,0,0,0,0,0,0,0,0,0,0,0,0,0,0,0,0,0
0.37920172399653046,0.36230193920198395,0.37108387227156897,0.39151196256495774,0.4268008727953258,0.4365987286420944,0.45143243979871894,0.46708881892971804,0.4638354282404988,0.4739342121878136,0.49670921836247645,0.5179413808624262,0.5282531814893844,0.5121091516039948,0.5794924169377186,0.23234277218663388,-0.034888686366503496,0.15594376696962917,-0.0750431818077857,0.08585179643182234,0.1206870749750336,0,0,0,0,0,0,0,0,0,0,0,0,0,0,0,0,0,0,0,0,0,0,0,0,0,0,0,0
0.4052449245939596,0.4234158340256695,0.43278991826732693,0.4490710962864465,0.4774795598184331,0.5023757927651447,0.530907298837073,0.5583378332801031,0.5805721239570016,0.5925265486662873,0.6169091976012839,0.6211433775908396,0.6326681856661952,0.6399859861324912,0.6346935035044379,0.6365923882124291,0.6333129822190756,0.5977626308429485,0,0,0,0,0,0,0,0,0,0,0,0,0,0,0,0,0,0,0,0,0,0,0,0,0,0,0,0,0,0,0
0.41869957000793423,0.4543058538681046,0.4595237141273511,0.46483818005172967,0.4896209785559518,0.4968076954293695,0.5037584021036536,0.5475782398358902,0.5630877230523927,0.5803867536768044,0.6035222759797508,0.6122487846629528,0.6233048170122882,0.6416496971997232,0.6473402173545182,0.6337930207427701,0.6016473194447891,0.49004201181457463,0.542886547083604,-0.5146573820527859,0,0,0,0,0,0,0,0,0,0,0,0,0,0,0,0,0,0,0,0,0,0,0,0,0,0,0,0,0
0.46455304683816545,0.4807344286900243,0.4834650758018451,0.499750454926445,0.5221901706504909,0.5359229399485528,0.5501144892152223,0.567546251457582,0.5897047404938857,0.6298078302657378,0.64806452448878,0.6539888275681369,0.6525986540113248,0.6499446162002339,0.5893623875405722,0.6153782522901423,-0.5400665296874755,0.15211944582889375,0,0,0,0,0,0,0,0,0,0,0,0,0,0,0,0,0,0,0,0,0,0,0,0,0,0,0,0,0,0,0
0.43144299502181616,0.4794946799052902,0.5061677815678481,0.5339468442398557,0.5960730917880025,0.6082575468150466,0.634879710215576,0.669080331672531,0.6743292653175048,0.6707328485240448,0.6657239815247321,0.6723092159101731,0.6744590273256473,0.6861578774051483,0.6759231846180545,0.6236820836766588,0.39136175569381215,0.23918729736954833,0,0,0,0,0,0,0,0,0,0,0,0,0,0,0,0,0,0,0,0,0,0,0,0,0,0,0,0,0,0,0
0.45278419792632735,0.4718392261493785,0.47071232092127097,0.48657885291419906,0.5248423203331205,0.5442026783100083,0.5602359170481629,0.6049527552324725,0.6334883239581388,0.6732956803971182,0.6854950551680251,0.693079399524819,0.700923719741203,0.7079526480619006,0.6548803836461663,0.665426125714724,0.4640634009421999,0.3146569324390343,0.17116579579321617,-0.06384904349970003,0.07444295400926039,0.11217942940248986,0.12393598150866993,0.15343624182285046,0.1607025083721908,0.16318939196319146,0.1677743510965918,0.13270825564311792,0.1410918832362748,0.1619465671033453,0.21764855467639385,0.231973830853563,0.25765452660999744,0.2996230055641257,0.3394926042436797,0.357406074151764,0.3770041514164112,0.3790990485022156,0.4017337500466841,0.43619652136696974,0,0,0,0,0,0,0,0,0
0.400517806481023,0.40940117237264667,0.4173889766395308,0.4558859355499705,0.49423857800381565,0.5155330349642395,0.5401028997236927,0.563359171061051,0.5787365107027151,0.610248337883338,0.6568377148152111,0.6716096977038034,0.6929815498276125,0.700921865411858,0.7424378793660235,0.735088149075227,0.7240645466178133,0.5084681674599787,0.6541737109934722,0.5114616236176699,0.6334844137427196,0.647853556314096,0.6834816944791742,0.632918180048449,0.622073483950278,0.615166781851182,0.6168632600765275,0.598709461463784,0.6106215634695239,0.604316608381475,0.551383512434445,0.554332898731243,0.5756953385440495,0.5677948705138678,0.5597138398104136,0.551275563794279,0.530031399682998,0.5413855696835316,0.5536392647260372,0.5590390810125446,0.5562480625470053,0.5556728679298983,0.560651625470133,0.56017645307646,0.5621065852260291,0.5805541935067245,0.574320530919095,0.560025243747467,0
0.49100990601143313,0.4735913789134776,0.4650533886110317,0.4404483064006073,0.4302980191195684,0.4331653197996242,0.4552765168239525,0.5138655779695956,0.5321485875923772,0.5753829598324974,0.6079177779347578,0.6424417168945088,0.5834168510830902,0.17709601420237264,0.28943779987829565,0.3992650905868254,0.355808541121244,-0.005524309118081456,-0.2740727110060304,-0.5788618206620022,-0.5695107818270263,-0.46113989420933027,-0.338517725726576,0.00036117931333778366,0.18449618729915845,0.2614009569189956,0.43620964348815455,0.47039183537289714,0.5317884166791242,0.5614818749858628,0.5781683591189236,0.6031318011656924,0.6201788875012791,0.6200713987708439,0.6216266646287164,0.625174136291215,0.6237200663320831,0.6212702587343111,0.6195641077347784,0.6216219217490998,0.6241717208030575,0.6191724552733546,0.6255870573864736,0.6294499447020397,0.6350764459012583,0.5899460007926631,0.5886428745341022,0.6061291192344281,0.2975164626580537
0.5919977087664661,0.5576534454605817,0.5417291568601624,0.5260720267069873,0.49494917292841734,0.4961940741582064,0.5241531809177671,0.5311064048508435,0.5395870769486424,0.5440364956729964,0.5214603979256438,0.5367234898586918,0.5284374929320964,0.5748034921730751,0.5872662394715474,0.570869323110631,0.5353340767342505,0.4962221637933544,0.4550490348992278,0.45019373604733676,0.4333058148475763,0.4723178596405911,0.44409323715565263,0.46175361833379425,0.4548592145532853,0.4909937698799375,0.5130185374658582,0.5246436889930587,0.5328744288760657,0.5396634195656923,0.554203316849341,0.578084565096367,0.5999135045151921,0.6084613364139465,0.6218738650837768,0.6286879590235026,0.6312745918216577,0.6328154129983716,0.6342768834430876,0.6317137288366955,0.629893881193077,0.6269522876370602,0.6069465194695253,0.6150907027528333,0.6389185881485491,0.6636759672578268,0.67195582189604,0.5798062639313069,0.5382837946423988
0.3920527324970797,0.3909275919732952,0.38012367184146784,0.40619307010328254,0.4213943896820991,0.420445823241083,0.4428767851147657,0.45506462047277013,0.4543136959518992,0.44572461089140475,0.4648616661562969,0.4715713712269461,0.5085869743919285,0.5337130482927288,0.5700224381637956,0.5986283877495175,0.6220898922700449,0.6196978448692999,0.6133453510504435,0.6062092421684829,0.615915295848362,0.6203390162418436,0.6300600421663608,0.6598764210685726,0.6721091021733321,0.6767144975498645,0.6663721244693336,0.6568563562073383,0.6626499836151033,0.6837317460869681,0.6681075212850766,0.6758071474150537,0.6828621155315471,0.6884594821728938,0.6814413714339456,0.6838171902571449,0.675981887893517,0.6770647320951928,0.6775610431057978,0.6774077648215663,0.6807984173544909,0.681294157219073,0.6782626248959774,0.6703105127037041,0.6677542803297394,0.6764537774649677,0.6725982409497553,0.6645749090191369,0.6627756297112164
0.11693532594350696,0.10887443069328245,0.11244712945917626,0.1382006051885143,0.21242284509970122,0.23266318269484954,0.2483143819353746,0.29059663724794177,0.3092203380547641,0.33604727621126435,0.3958789335802683,0.3963348602312329,0.39567311656013854,0.4033405989650579,0.4601982512482759,0.4968966591051825,0.5117452592395584,0.5419916933513961,0.5620346051069551,0.5718213126032391,0.595772651323339,0.6034430731802182,0.6258000238917508,0.6213905632083556,0.6226435165343625,0.6204519689984102,0.6584798827731078,0.6744769133616072,0.6820011116032616,0.6965717488096954,0.7164189525928701,0.7248913961413407,0.7317695390935505,0.716923110971316,0.723133342817557,0.7185571227833281,0.7236713184541091,0.7329476111549227,0.7316160711452071,0.7183653378880926,0.7202870543405913,0.7118500960840403,0.7046276410168689,0.7084274916751134,0.7042187364753497,0.7096779773449587,0.7055599873961992,0.7141629952926805,0.7412544171153361
-0.016532082826887718,0.07682975951176904,0.0837494910734149,0.09110092089078815,0.11133938339610557,0.13031282277056647,0.17868627357787337,0.22866347545030882,0.25376000187729353,0.28029475041734564,0.3512229408612957,0.32005489129880793,0.30179091271760394,0.3351130649336011,0.3745402054058769,0.40823531284184983,0.40087213905761476,0.3959672220956326,0.4672223090647005,0.522928526043373,0.4928693348840653,0.47434711566594634,0.4989994355570525,0.5017244596183947,0.5380957539643577,0.573494438608918,0.5997638695095727,0.6096099495784494,0.6224698656485287,0.6314342390422345,0.6528998821128016,0.6718916275284917,0.6776168172979453,0.7169596359441207,0.7221413315219356,0.7278247831765761,0.7335402542880222,0.738058987621635,0.7293174832927943,0.7062832581367163,0.6997851035395823,0.6949097354849417,0.7036376023011925,0.7068051089593042,0.7085167937442269,0.7220459819088032,0.7282489237069055,0.7283090715673842,0.7101344737480266
-0.2709656198044538,-0.24666384674823755,-0.1958914748814855,-0.16320927368402594,-0.09340215254250907,-0.07263957894670016,-0.04833291057258812,0.01783873554101046,0.06188518716878855,0.07906451894881196,0.1202074078771289,0.14273271511741323,0.1589172182431737,0.17392036870435085,0.3038669203024969,0.33573804663157575,0.3660364301891239,0.3859124203983438,0.38243974577500284,0.37785555576416713,0.3887984058932026,0.4008898037795233,0.4092995837851808,0.43357691549380767,0.4489923814799429,0.46768749283243694,0.49373241694918285,0.5172241462927434,0.5349062235201391,0.5560084270410136,0.5778383243895785,0.5836330979374545,0.5921489279849474,0.6622856120747314,0.6602156270289898,0.6570931851637981,0.6549611834691588,0.656648776514111,0.661277756780388,0.6839900191930951,0.6672655389001617,0.6667376114326297,0.7048114567684761,0.6981341486601589,0.6983182292253562,0.6991977561193963,0.6842393460896107,0.6807541667758586,0.6884800849606936
-0.26659487305934565,-0.18593773084211532,-0.1382736476518783,-0.13455005521213256,-0.10256158704287952,-0.08548452721983067,-0.07419693103417908,-0.01997184273198285,0.029536337126414937,0.06767245431455493,0.10096302351280759,0.10712379900643355,0.12232057429263836,0.13831415572583786,0.1565930393377711,0.17781833411281958,0.2517015976426015,0.31372437543674675,0.35492335468055675,0.3744269673339143,0.36900480339920033,0.3794855907071466,0.3920838978343348,0.3997030714256043,0.41839271685911006,0.43905287615324545,0.4756038210921319,0.5072824281739866,0.5012921828174564,0.5055502183370661,0.5400642046456776,0.5581572396400193,0.5754033314044723,0.6088865332010697,0.6337127581920102,0.6562489495043774,0.6651849193583749,0.668913576623921,0.6678665917569344,0.6529861814321434,0.6567047813822819,0.6598211030860003,0.6328280369093809,0.6299806712545528,0.6316823107585811,0.6475086899925979,0.6536327814610274,0.6734428977320169,0.6897885187191434
