jsons/1312927200.json
{"header": {"parameterUnit": "m", "parameterNumber": 2, "dx": 0.1, "dy": 0.5, "parameterNumberName": "Eastward wave", "la1": 40.97354507446295, "la2": 16.46031188964855, "parameterCategory": 2, "lo2": 133.9931640625001, "nx": 191, "ny": 50, "refTime": "2011-08-05 8:00:00", "lo1": 114.97908020019554}, "data":
[rows 22 to 43 of 50, columns 49 to 97 of 191]
0,0,0,0,0,0,0,0,0,0,0,0,0,0,0,0,0,0,0,-0.16432771952744119,-0.03785675112181956,-0.0678570602046016,0.06323231166856837,0.07952051652717075,-0.03851144283665427,-0.04850274434403807,0.11216371797022397,0.13532818714193384,0.17957998709347953,0.19384423962324218,0.2101766140867285,0.22953310056202617,0.2445065702737365,0.2554927102997824,0.2869337424597393,0.28609457067746996,0.3233000363904275,0.3871623168179111,0.41190140168951195,0.42442760197333984,0.4124334155779862,0.4111682967171363,0.4387993919280019,0.4351207908797037,0.49207893613781684,0.507519845448217,0.51415305326413,0.5608684438269445,0.5624600416980876
0,0,0,0,0,0,0,0,0,0,0,0,0,0,0,0,-0.0004604625068232845,0,0,0,0,0.023689195445613077,0.06265442116004809,0.09039921684962332,0.0986383936828876,0.14084597705922805,0.16429534266586168,0.1799706898900872,0.22236973477115515,0.24279464302841045,0.2530166965305326,0.2797484717221666,0.3108246156548802,0.33823279850107174,0.3992337142358146,0.4076328479933855,0.41803429540113657,0.41779276582065766,0.4149890052250643,0.41476437676616934,0.4212105229752436,0.42550022082513406,0.39574542885257596,0.4129349064478611,0.44710047449821144,0.47210322274752853,0.5016128381347088,0.558529851944198,0.5732358144884176
0,0,0,0,0,0,0,0,0,0,0,0,0,0,0,0,0,0,0,0.06852175317417915,0.1294704053022266,0.14548318857802908,0.16692518441043747,0.18926327545777663,0.19453994823245868,0.23083651704887917,0.25938909072162725,0.25533676962114615,0.2960789583045529,0.30960980642745334,0.3300422389323414,0.3645070636905254,0.3883914768433261,0.40050319807099366,0.4203977466947264,0.4145365197743306,0.4220454379996713,0.4326316400018538,0.4870725302637433,0.488700396997561,0.49615837481553327,0.5006232897807974,0.5225402958997853,0.5288966832195932,0.55438292467369,0.5636764820280004,0.574999188824438,0.598300858580408,0.611839441859307
0,0,0,0,0,0,0,0,0,0,0,0,0,0,0,0,3.3038944722661223e+38,-0.19475557378135977,0.13050133556253424,0.18276741039925967,0.2257108130686782,0.24254989709834884,0.2542709208667263,0.2814578054900714,0.27179524157451934,0.2956040969790654,0.3065431926830338,0.3324288064612621,0.3759368961826897,0.3845946670978666,0.3964436549397191,0.4313662317673511,0.48780130505875835,0.4800943538767659,0.4630226593161531,0.4745891537376177,0.48610016978541365,0.5004231405695235,0.4999884502974596,0.5334939872248504,0.5310560654543347,0.5365021273885704,0.5640866722959378,0.5798158119597171,0.5857006533581177,0.5926542312924432,0.5982735974551352,0.6079652629591608,0.6079175482051882
0,0,0,0,0,0,0,0,0,0.05669574130625104,0.12819237570412897,0.17626353900307795,0.23414188779090095,0.2917072101624033,0.30244228776915777,0.29011893053681137,0.2927144497363275,0.29661017548503466,0.28392991761443903,0.27005473338781544,0.2693694375132919,0.2651988436383268,0.26171158075865364,0.26695610696576916,0.2770694759112631,0.29600207642179754,0.3495451560451524,0.3730231714409523,0.43641331787095167,0.44936319645192624,0.4597003719261664,0.49017043222732254,0.5087949987804676,0.5063532086597,0.5400600685419573,0.5392092021317307,0.5472755051288933,0.5685538759861006,0.5670909712542821,0.5668156333734413,0.5702017693812095,0.5739462208094966,0.5810808541208087,0.5853705466884049,0.5893876619582158,0.594222158967167,0.6000495282911287,0.6003211955014736,0.5858017295811232
0,0,0,0,0,0,0,0,0.1670518965907306,0.21906653629466422,0.2648532085197063,0.27625808044244443,0.2809779421282769,0.2779042605349204,0.2769674422322078,0.27494934497554396,0.2659123199391145,0.2553647453051915,0.24020089522099813,0.2345746433426956,0.23605101204959567,0.29338451514093505,0.32536894635213154,0.35923400407065587,0.38035819735291393,0.4321234959156778,0.4607896771411063,0.4766516748285351,0.5187518196046247,0.5192476992291604,0.5227035019045608,0.5341340339641474,0.5420022327128301,0.5429345487801847,0.5583613170901268,0.5577590994343,0.5720904872040525,0.5704158391322373,0.56873382564048,0.5674885114192859,0.5734552489877544,0.5733186806511051,0.5753285165349852,0.5741977327555917,0.5767965061284085,0.5632378903203187,0.5836646545029798,0.592864533321946,0.5692919918292684
0,0,0,-0.2839065469240245,0.21661114594214065,0.23795819914968153,0.2292965710673159,0.23176694985322674,0.22723557798406793,0.2409595847721893,0.25697784880671415,0.258617877960629,0.2353998326659516,0.23060139762508972,0.20291476529831215,0.19871357958391261,0.17735551645581285,0.19285101505592056,0.17419843527999243,0.199558560412493,0.2667715834513285,0.2885458869736321,0.3683801675609265,0.41451726158876706,0.459575315523595,0.490222583938601,0.5270445796952805,0.5435876493706723,0.5505910667954588,0.5482873291823431,0.5450431747519098,0.532138236355819,0.5421745440385732,0.5411819233469202,0.5527863689941982,0.5617273307835895,0.5794767435388526,0.5685381204008532,0.5654823683184408,0.5654533730654164,0.5653226239458329,0.5632573641993008,0.557362781434038,0.5630203560781629,0.5560017907849597,0.5642453694346756,0.5686524990833896,0.5661788882858694,0.5273855068858497
0.1127933141953574,0.15354538201066126,0.1678488816049897,0.1640394798776923,0.16730845827950608,0.16942439446019894,0.1692826370079342,0.1774586913804038,0.19938336972585413,0.1684727818267058,0.1594734728499084,0.14415109740853524,0.12537585788031086,0.16516698603749383,0.11952274455585642,0.09604521992771355,0.09926381178045923,0.09725414679108592,0.14197117410908547,0.18590178647171599,0.230584137339818,0.22161385534516168,0.3535117017072122,0.3954481279035359,0.4746560374081654,0.5547045984796354,0.5571192250045574,0.5553283398062335,0.5508165506858376,0.5496006327786884,0.5516887294252594,0.5554485276231799,0.5623450407379467,0.5610006884084983,0.562382077265619,0.5576870263077858,0.5493004370598621,0.560065460547501,0.5530217407264887,0.5368693577924432,0.5585271495188783,0.5528453138341707,0.5546161812021735,0.5539180583676486,0.5574951534586705,0.5622079078428316,0.5512844050999647,0.49234210254544336,0.4717658837707903
0.14191807026547165,0.14298167995463773,0.15301892884715831,0.13203176224911947,0.10829011515376881,0.09073541076477705,0.06980235610352511,0.06766072415808029,0.0720110305937996,0.03691101906836889,0.0016596828356183967,-0.07958941416894363,-0.17231419112906282,-0.23861792911028235,-0.20167665802175058,-0.12775399803783483,-0.10317754182274373,0.025751117894466574,-0.21958971307990538,-0.19478287610280676,-0.17532113895052495,-0.00010282986560502769,0.38483775128882614,0.5684728309841964,0.5745110025630161,0.5143040831948867,0.5019768207676604,0.48027440374589725,0.5338682864396715,0.5658838873559731,0.5472836274642655,0.5104824074904956,0.47354904640833007,0.5406750223221001,0.5373332848598056,0.5401962166354016,0.530112805229319,0.5056602258181572,0.533558554469855,0.5240640413721495,0.5130182684904325,0.5434312930927887,0.5439095603678351,0.5520715860987159,0.5502656128269816,0.5451840936026348,0.5128073071626461,0.4797411614967513,0.46583867811831753
0.0493623558362098,0.0475822380605093,0.04595757652263052,0.07665478016808458,0.09171313672396124,-0.07608264705112548,-0.14516999057402247,-0.1885644305498587,-0.28640717078059164,-0.40520413904898933,-0.4737401447578097,-0.5254585180501425,-0.5611816777092467,-0.5466299441430136,-0.5406793634226293,-0.5361802745844138,-0.5386268317108766,-0.54121004022293,-0.5413031000685633,-0.517831727547863,-0.4839478616996706,-0.4514568588706616,-0.44809850286259745,-0.41602536022933545,-0.11835673529168095,0.4571185089643692,0.493290885498631,0.508554883441428,0.5556474402224152,0.5604289963308791,0.5251294252101993,0.43130872917581026,0.5626098088099979,-0.1571734685814275,-0.33760773908889585,0.14122604434289934,0.24228857569493256,0.3628056324825316,0.4142716689557836,0.38296231766104105,0.35002231128914935,0.38676741751214794,0.4060614317021713,0.39680010069067617,0.3564722463964273,0.34979611802536414,0.3523463319864587,0.4444015103582081,0.4683298364530399
-0.15625753493512773,-0.18749751522633748,-0.24881679623721184,-0.3163529137093912,-0.3918038881644888,-0.508039227613363,-0.5602599958811612,-0.587742713870198,-0.5945108723455711,-0.5614974359311544,-0.49995111187394287,-0.44853075165614364,0,0,0,0,0,0,0,0,0,-0.1585955688919433,-0.20450005641764657,-0.14233992802915252,-0.04010269383593109,0.14763630562586483,0.28647450016355036,0.2718787043233501,0.23130981949189602,-0.020930858689216833,-0.1298226190966298,-0.44960207194537105,0.08796452703623404,0.5649332984169765,-0.3041315361911886,-0.430926804596784,0.4810811983784915,0.5530175005134427,0.4323193690146654,-0.4653846407723303,-0.23186582183773316,-0.28582245872819495,-0.28956989304813147,-0.46835882432161313,-0.17577797749746768,0.5235880478099683,0.521601872792485,0.39923458258883926,0.3583618427251348
-0.48945555050698886,-0.513971278157573,-0.5708196688922906,-0.5976171750972993,-0.6239449855561154,-0.5931229174236852,-0.5553191011255134,-0.419531390320947,0,0,0,0,0,0,0,0,0,0,0,0,0.04907890782504395,-0.10898693547280071,-0.13674064929256605,-0.13332998377396726,-0.1162233699533245,-0.13204244041338342,-0.043865938477259434,0.0781294261977601,-0.09332993288260279,-0.008839918275691291,-0.22659941072722226,-0.4753002323134564,-0.10594824692415647,-0.4461024954344137,0.3331552362851464,-0.42204071715001773,-0.4793004776626502,-0.1802906356855174,-0.40383493184332914,-0.42377444917650986,-0.4873369600629099,-0.5050093937702378,-0.1877141277102569,-0.3250809534098989,0.1994320416950292,0.44492265549711074,0.5325728414964415,0.5284877714258609,0.5142546545608341
-0.5824037996873196,-0.6075142027892457,-0.559670842628538,-0.5106300397951465,-0.42256534986529054,0,0,0,0,0,0,0,0,0,0,0,0,0,0.07996899080867227,-0.05722810126794978,-0.06833868179057544,-0.002296469339166142,-0.0757051785704035,-0.08205107426953973,-0.03210018601870211,-0.013382444383533606,-0.10455660640546685,-0.1773011378698752,-0.4784844932846169,-0.604698368861212,-0.6068378555665606,-0.5966617421314825,-0.5252624903635971,-0.49371882017728697,-0.43867856746953643,0.5393735586289333,0.26803265336725085,0.27073072459793396,0.3543642763330225,0.41004128352889113,0.4583998193824013,0.4745131462983919,0.4895601620197875,0.5043484270254832,0.5211245116870911,0.53288888793025,0.5200997991912396,0.4786679985678961,0.4713890211701895
-0.5025103245517706,-0.3505294410637804,-0.1433718472609813,0,0,0,0,0,0,0,0,0,0,0,0,0,0,0.062018616702989526,-0.10058834294783006,-0.2122028174412367,-0.22576523628662262,-0.1680446732944653,-0.24053566127759177,-0.2696137839079605,-0.2739299914701043,-0.2568391653327774,-0.4105065045280193,-0.49141954004811794,-0.4936900263428662,-0.5224002156787119,-0.5787584564708069,-0.6070816248711512,-0.5653371816516736,-0.4552336910598537,-0.26236010010318916,-0.2303793720330337,-0.4205601370773685,0.6103367085758529,0.3695851860252378,0.33040867898628273,0.3547961640574042,0.36818576280906046,0.39307559163296635,0.4097238054110331,0.4468769792900883,0.46348299462590736,0.49309428998161126,0.4441520501329875,0.4210996395414506
-0.29064498560708346,-0.31563856679544205,0.41242635593758925,0,0,0,0,0,0,0,0,0,0,0,0,0.06257498383859281,-0.04462905703389432,-0.08185723244832616,-0.1518451400481963,-0.2545584340211803,-0.32682993058283727,-0.5877318656215951,-0.5186211557693179,-0.5111801749304342,-0.5546976637698352,-0.5724214632373605,-0.5778357260594263,-0.587331241840772,-0.6123331543530033,-0.6257843738101795,-0.6295886991872471,-0.6417186418586981,-0.611287717061208,-0.5729465419420713,-0.4085214855285999,-0.31438946032662635,-0.22755885024994604,-0.3788336150674083,0.01041081135927798,0.20921728432552825,0.1524507991727266,0.18436638145668655,0.24511863019922492,0.26581768207212075,0.3751820908346963,0.3546142111151825,0.3550500274668132,0.3306913819566498,0.3043259018016911
-0.2160803764021299,-0.1749826403667171,-0.17425501236506874,-0.33384885214736015,-0.36715787135932015,-0.368849764103778,0,0,0,0,0,-0.39921557980784506,0.048128292647422626,0.03595651540861191,-0.034279324619958196,-0.17463864434605567,-0.25918514400144094,-0.39060472095412285,-0.5392235853734683,-0.5562759115452803,-0.6005574014524078,-0.6283998425651878,-0.6063748215796637,-0.5651487998329229,-0.5698552161153307,-0.6001023989915611,-0.6073386438409372,-0.6124955206318172,-0.6219126745985856,-0.6378733830647328,-0.6427710264782768,-0.6315177017780182,-0.6046709246567921,-0.5635776880936288,-0.3929100754710805,-0.3696305914381855,-0.29666093024062506,-0.37281351559511106,-0.3575589693250321,-0.49109743603079725,0.08275332269668648,0.36899350859253083,0.2045626291893235,0.13764355200822903,0.18250882198250756,0.19647283379410588,0.20261026244838323,0.18826617442374075,0.18715947158651136
-0.20683349018741942,-0.1671186134556879,-0.2796548440880424,-0.3562916470724224,-0.12782696094172713,0.2870890022169695,0.21914376022221485,0.2515719627088099,0.359154537030548,0,0.04580537585623489,-0.0005605491929574904,-0.12449473576424987,-0.2454516668964255,-0.35335303342130264,-0.5054519907041467,-0.5645110068031814,-0.5974846949399432,-0.6346462989671843,-0.6466826542579011,-0.6400222040188386,-0.6138186460889603,-0.585992965000564,-0.5604737007692602,-0.5053539548362991,-0.5726874969861342,-0.5860284111251194,-0.6094077844156209,-0.6197009521667342,-0.6511855766846127,-0.638396535802838,-0.5541699685737024,-0.5336823880741112,-0.5184463516576246,-0.3899373259430493,-0.3513664523774553,-0.3493968453361564,-0.2922390308121329,-0.2604191439300805,-0.2425534538988537,-0.37810176067675066,-0.6002619650852019,-0.15510800692735277,0.36894710942163694,0.17246991680383247,-0.5814924462220099,-0.6010121949804135,0.4453780806767051,-0.059558501762533696
-0.3842838709862247,-0.3877120669539649,-0.4548250128329783,-0.4622582311785263,-0.42714745189119707,-0.3211888762753858,-0.3223839727573481,-0.3094665391484416,-0.29363518343408657,-0.31847299051756145,-0.37932848594434354,-0.4160579936967791,-0.5160962660250796,-0.5808697488455682,-0.6188806103209529,-0.664431215399658,-0.6861689853098561,-0.6805941180410813,-0.6538516341508152,-0.6274151679181593,-0.5940691017832979,-0.5408189964398707,-0.4882829879088871,-0.48835118066228644,-0.4915126992955394,-0.5198561112484514,-0.5511527359844768,-0.5646040884981697,-0.5743824525526329,-0.5912743901334231,-0.591094726754025,-0.5639499568630657,-0.5594989016572761,-0.5561796876074013,-0.5301491298312644,-0.4846712515088781,-0.4649624435795991,-0.32510141214349625,-0.2829222669302843,-0.2762818661697223,-0.2378741489025911,-0.18764035065032364,-0.16151537907540042,-0.1507035417283342,-0.1148909408401155,-0.11207312686130447,-0.1024112920289161,-0.13080460322910928,-0.1397913703227612
-0.47197869580863544,-0.4810489693093255,-0.4812337503273367,-0.4756159100325517,-0.47875785594999715,-0.4598408844363268,-0.46564747174728427,-0.49369010144854314,-0.49644653816871,-0.5189104114245765,-0.5637128004972468,-0.6038675691125104,-0.6472337018150639,-0.6917856979359874,-0.7032620710533309,-0.6855865748306735,-0.6906888281827362,-0.675446990121222,-0.6259998924312471,-0.61398745564924,-0.5742949652633523,-0.5547661174015811,-0.5416896636332238,-0.5401575279580662,-0.5481583527440217,-0.5611004456899334,-0.5697901368427148,-0.5746257103419438,-0.539763339187489,-0.5387052997509347,-0.5413808608917312,-0.5098349713846726,-0.5137345303595263,-0.498294929344867,-0.46707967243438053,-0.41794701069303836,-0.3330994322799167,-0.29885128445845344,-0.26422814803776085,-0.24985762308792456,-0.26214925669782835,-0.26302134174549746,-0.2502594680884461,-0.2314300009834344,-0.21880551421921846,-0.2045746889211889,-0.2022066149000918,-0.19303980004816793,-0.1876232705801865
-0.5010532403337193,-0.5122033702068922,-0.519707979811443,-0.5193560815144646,-0.5360645322961219,-0.5420658541385575,-0.5562417525723055,-0.5748949353041727,-0.5988527255085383,-0.6176170016749628,-0.6719364849920512,-0.6812953312486068,-0.6790073993651984,-0.7026060514240328,-0.6924119721638945,-0.6459742741666826,-0.652792652641154,-0.6256568939468846,-0.5966787044370483,-0.5831199413594603,-0.5678200650599219,-0.5554259445324703,-0.5456982915220983,-0.5463771147123236,-0.5452181869366106,-0.5206012712010434,-0.5187838502118205,-0.527617844537869,-0.534116543280461,-0.5365619529079115,-0.5339629337806261,-0.5382942023977704,-0.5416193141268393,-0.5426101164142871,-0.5223542712795061,-0.5144873203155115,-0.5026756089659008,-0.48337877747324065,-0.45872275800135015,-0.4482377361430759,-0.37057662516639484,-0.3452390753435631,-0.33694073724546,-0.31942099937277496,-0.28814021792633165,-0.28757650903498794,-0.28129021020984024,-0.25897515381840214,-0.24691278832482874
-0.5448707629174032,-0.5516731101381555,-0.5568855653911681,-0.5565869643710801,-0.5773779601990865,-0.5882077205822795,-0.6031545968535563,-0.6304927007030885,-0.6472876465305077,-0.6726150213097989,-0.6958534961621968,-0.7038424162674893,-0.7129151560686637,-0.7092600944736863,-0.6873993132583269,-0.6639453669843803,-0.6505509005832518,-0.6154948189315261,-0.5865294022365043,-0.5778084055855754,-0.560286527050312,-0.5430110400517438,-0.5473280448631358,-0.5558372608918538,-0.5588761848867994,-0.5399439263314774,-0.5346548234654639,-0.5348101932359387,-0.5333218596283665,-0.539880685303037,-0.5478378935707845,-0.5523966796719855,-0.5538491889896229,-0.5545947219980418,-0.5623303067425776,-0.5781804168758475,-0.5842724429199382,-0.5209309638501267,-0.4867717211938782,-0.4267045291477612,-0.4022769386179052,-0.3982019789848873,-0.3880620677809502,-0.3719913250983283,-0.3525289655722692,-0.3421155932858236,-0.3374502939300145,-0.3328130325449715,-0.32672389095978316
-0.5561184480461036,-0.5819729211263885,-0.5919951935014298,-0.5899701284357055,-0.6242570003502776,-0.6340151005359363,-0.6460612570440876,-0.6916716656283759,-0.6969119152181176,-0.6838979491929109,-0.7182682483532995,-0.7158489087614885,-0.6820424297886788,-0.6769021296250397,-0.6706521936702764,-0.6567222967233307,-0.644460943782809,-0.6368013820264976,-0.6113146225707213,-0.6039902392544734,-0.5985542541144563,-0.5775619421346428,-0.5710394202506065,-0.578757946756977,-0.5805122690573397,-0.57029650076078,-0.5720486152853268,-0.5745393394696241,-0.5480562983963168,-0.5470684580310229,-0.5635807351064998,-0.5779086003224857,-0.5800276882947214,-0.5802216901857273,-0.5904473750427678,-0.5780604338114907,-0.5554403644730268,-0.5291377139257297,-0.5172343571237181,-0.48660490257700645,-0.4497829142498536,-0.4334052977380882,-0.40286549660456245,-0.3909451229812432,-0.38323523839600165,-0.3719083324553798,-0.36365176678621547,-0.345152678192708,-0.34021723643974633
