jsons/1312837200.json
{"header": {"parameterUnit": "m", "parameterNumber": 2, "dx": 0.1, "dy": 0.5, "parameterNumberName": "Eastward wave", "la1": 40.97354507446295, "la2": 16.46031188964855, "parameterCategory": 2, "lo2": 133.9931640625001, "nx": 191, "ny": 50, "refTime": "2011-08-05 8:00:00", "lo1": 114.97908020019554}, "data":
[rows 0 to 21 of 50, columns 49 to 97 of 191]
0,0,0,0,0,0,0,0,0,0,0,0,0,0,0,0,0,0,0,0,0,0,0,0,0,0,0,0,0,0,0,0,0,0,0,0,0,0,0,0,0,0,0,0,0,0,0,0,0
0,0,0,0,0,0,0,0,-0.14399363237675578,-0.24700471002038268,-0.3007489119366773,-0.29844723590491984,-0.3109967480619575,-0.3177820866974496,-0.3129933784968448,-0.30810355145196333,-0.2992713213911186,-0.2922613201343426,-0.2866385769264072,-0.29039317691727085,-0.29174435204073634,-0.2795327487591306,-0.27309231472212886,-0.19911833295904877,0,0,0,0,0,0,0,0,0,0,0,0,0,0,0,0,0,0,0,0,0,0,0,0,0
-0.24540827017783237,-0.16856428524172182,-0.27809516205569984,-0.27826101230956446,-0.3055712684042329,-0.3309011899870111,-0.3571439982704353,-0.4017941982789006,-0.4059156743156248,-0.41962485016417483,-0.4295443323862838,-0.4344287653646503,-0.4419457567772183,-0.4432327577777608,-0.4354419289153269,-0.42688096689356014,-0.42544023083494675,-0.4149360073961701,-0.3930399986456039,-0.3634262610728379,0,0,0,0,0,0,0,0,0,0,0,0,0,0,0,0,0,0,0,0,0,0,0,0,0,0,0,0,0
-0.4501522913948093,-0.47500902086497315,-0.4939671967544371,-0.5083949140832793,-0.5022405190867706,-0.5023396556059367,-0.5063935487733704,-0.49070663826804856,-0.485056828005075,-0.4859261199342617,-0.4796955187092696,-0.4740005255085574,-0.47112140970213096,-0.4633008956754861,-0.43643648979390354,0.3777403726314324,0.08656713540426367,0.28402485101162794,0,0,0,0,0,0,0,0,-1.2300425200566715e+38,0.19762521545589185,0.13915322921862755,0.06338541860156646,0.08736771279288351,0.06678120269550682,0.06220254082738656,0.0484706836017331,0.050333943340984524,0.03777883667449326,0.08166351594698104,0.2856935587235727,0.41151873377692716,0.5526194753785573,0.7951990536626777,0.8855031550377245,0.8683555069873113,0.8925981124134859,0.9467198038733158,0.9288551877126415,0.9108478230239953,0.9006428273467709,0.8404983623269815
-0.5498676220851121,-0.5650936489722945,-0.5814996884801806,-0.581875603870574,-0.600417680065466,-0.6370108668576743,-0.6538668958971245,-0.7047913787805611,-0.7196357827179519,-0.8747380520018633,-0.7495486919813705,-0.5885930896735089,-0.5679993784246549,-0.577707027264378,-0.5029063934547683,-0.5442955297166191,-0.579501803582847,-0.4181039341135223,0.06562938636929566,0.20675294982586562,-0.9944434625378501,-0.14153705379996454,-0.2311149485115164,-0.3280076294421785,-0.48932976704413145,-0.5646050017834655,-0.6270064865747839,-0.66137838556622,-0.6886535327466894,-0.6977261865755812,-0.7470573521580407,-0.7445938144600898,-0.7595331961663407,-0.812124122463878,-0.7845910418048172,-0.6908359748615049,-0.6248491827333512,-0.23827222850333918,-0.05226806378343622,0.22553228862078187,0.747588460648355,1.0318686838758915,1.0944754254339666,1.1886612502197411,1.256859279372447,1.2508383634602247,1.2468412325690676,1.1833359320099532,1.0546500897147029
-0.6616533285951046,-0.6989873324383891,-0.7028175199612119,-0.7079022449019549,-0.7464409986829432,-0.745736616885894,-0.7553578399098018,-0.7870017420497878,-0.8105635501340972,-0.7930412190272297,-0.8138857650793399,-0.8365939717326739,-0.8182985716532098,-0.83173880394667,-0.8436813075952548,-0.8148109070151303,-0.8439884713946088,-0.8979682673724588,-0.9408106045113425,-0.9646581656019376,-1.0110347329977456,-1.1035726850684104,-1.1340120618357468,-1.184831422672314,-1.196608217411359,-1.226582574027916,-1.2575240319875118,-1.2792273342144138,-1.3043278977287323,-1.3099149288693201,-1.32515708272669,-1.3083930367133132,-1.3066009796919966,-1.288663542732957,-1.26438638370082,-1.2017807659093693,-1.1367211084964357,-0.8295370279400841,-0.5671022021123362,-0.2761263160377103,0.8197793775880206,1.1326199539663566,1.2442520390522793,1.3459650119562607,1.3842427385408718,1.3647178224531569,1.336992619078038,1.2933013848332755,1.1370886008031482
-0.7353308248998142,-0.7745368476979555,-0.7962260262896209,-0.8214009073370595,-0.8711626766172413,-0.888964514345827,-0.9030806801512277,-0.9354203298084967,-0.9378021651631578,-0.9532278475416867,-0.9956375467481965,-1.033923405923313,-1.0446881820885998,-1.0981433579366608,-1.117807927658455,-1.1750937692297787,-1.2001481296494185,-1.2443534117966015,-1.2557601824964766,-1.284557081859458,-1.3288529016961446,-1.3435110512595807,-1.3619898376338786,-1.3893548303090908,-1.4094953096963048,-1.4276569387897369,-1.4411842407098228,-1.4604557388269046,-1.496033976975343,-1.4791856430965282,-1.4802822560652684,-1.496036715702002,-1.4606387275624333,-1.4619395269604847,-1.4520195436099153,-1.4453579441355544,-1.4185291800535709,-1.367948706117822,-1.206904133879005,-0.5092030125628239,1.360045239846172,1.3301928977552917,1.3216127881993072,1.3196781321527915,1.3078262454737695,1.341679650905698,1.3217689472840708,1.30200204271304,1.2936566182633653
-0.5546270732771443,-0.5239430514353876,3.253830883251933e+38,0,0,0,0,0,0,0,0,0,0,0,0,0,0,-0.98240393727915,-1.022853086257506,-1.0148187964880169,3.4021363246883916e+38,0,0,0,-1.0986060638044397,-1.1855848596459997,-1.1985139746117572,-1.2719520957596846,-1.3260073150504563,-1.401066126454251,-1.4262879264032844,-1.4316948198614925,-1.416062518658862,-1.4046796301055795,-1.359858614020135,-1.297449750147061,-1.233608026236422,-1.2260882853251178,-1.2994069811802773,-1.1931285290414566,1.1618220761122564,1.0061332689645857,0.9974954195821953,1.086105489347962,1.212334440988671,1.2264457419765438,1.2464718367049408,1.2568631419910437,1.2673805067186221
0,0,0,0,0,0,0,0,0,0,0,0,0,0,0,0,0,0,0,0,0,0,2.9071618462159745e+38,-3.3562993421788232e+38,0,0,0,-0.8160640492540784,-1.0860296130424714,-1.2198567561616824,-1.2759249500988479,-1.278808947605245,-1.2848645857088854,-1.2555525712227353,-1.1482468314209482,-1.0732159428663561,-0.9430544011220736,-0.6967832325656104,-1.077318990471563,-1.2484012357178251,0.7676974185515835,0.9479356477686989,0.723863489017191,0.7352397433093286,0.9035050432821835,0.9353463773479291,0.9742813971138828,1.0008918587011637,1.0198279491212638
0,0,0,0,0,0,0,0,0,-0.2689095087664738,-0.10512937794445332,-0.45864044814922333,-0.4964212985067261,-0.6038489288557986,-0.6092477855339417,-0.6386440351754686,-0.6198151561300075,-0.6391586930630295,-0.7026141355458638,-0.7440393230506388,-0.7782787404374134,-0.8225505516597605,-0.8554506190708212,-0.938181554552725,-0.9724202303602132,-1.022504492320329,-1.083574438327264,-1.1038008156201518,-1.1238840776000871,-1.1576913497319379,-1.174134552629897,-1.1172293599115164,-1.0841596096079074,-1.037025384809113,-0.8745446290273607,-0.7520141781346958,-0.6629734511890945,-0.8574141437791772,-0.9295724731091849,-1.1513243591266449,0.6634475601849993,0.6445010459218036,0.6017505899932555,0.7395650826199276,0.7724820664165054,0.8157504193436119,0.8604835813951511,0.8962907444066208,0.8790326081438848
0,0,0,0.12208419899147274,-0.012577811557720918,-0.21904863688347778,-0.2685299244502291,-0.3671091641006273,-0.5395070407413622,-0.6772661645465043,-0.7469574217477803,-0.8122862116654703,-0.8307012869839417,-0.8643669064834404,-0.8798673401292028,-0.9052102252322742,-0.9112414078261837,-0.9417910443316417,-0.9565115361757298,-0.9690290690022373,-0.9975395163557879,-1.0193524537525318,-1.0369007737017497,-1.0620052136564084,-1.0825481583971748,-1.0623153873989206,-1.0696648329542717,-1.060265690755181,-1.0209166519257227,-1.0071687954817579,-0.9882602833470896,-0.9252524931800641,-0.8219586997976692,-0.7822052607874681,-0.6098900848328551,-0.540268250809777,-0.46591731883880594,-1.0911599496687678,-0.25936317131955866,1.0943295836650635,0.5128031467237066,0.36720408461985776,0.4527922724678364,0.5581979638284026,0.659414933794109,0.7194383532370381,0.7434144900078165,0.787346180139806,0.8112642626520853
-0.3955116570873996,-0.4599904273737666,-0.567444540270773,-0.6351423481511317,-0.6734278619839063,-0.7495901664732615,-0.7674746055281726,-0.8157317191217003,-0.850174943473435,-0.8931446030838114,-0.9430901640490345,-0.9793642496780276,-1.002866844659436,-1.0202930310280474,-1.0322050241466596,-1.0346095632896612,-1.038742608274255,-1.0460768339685709,-1.054728853874702,-1.0673384852260972,-1.0903695122378556,-1.077568216834055,-1.0671144074615175,-1.0725471566794358,-1.0713481912133822,-1.0256724478624666,-1.0019984090996241,-0.9692776933413024,-0.8732256205140403,-0.8597148662838486,-0.8306839316103855,-0.7543110772206569,-0.7197011835638081,-0.6721850500260467,-0.5496651287841681,-0.42479796352268107,-0.3773800035282422,-0.6261988411080875,-0.29095361383665597,-0.7580554889490146,0.5946548761324204,0.3259918163453848,0.3513811438524554,0.42193093550375776,0.5408001884810195,0.5725307812077617,0.6006699299979521,0.6357096171077359,0.6510749906984945
-0.655226184341936,-0.6914298103473355,-0.7367511851429254,-0.7549774118590242,-0.803721934227567,-0.8393764951336725,-0.8694821548197206,-0.9099864621282839,-0.9333003402182646,-0.9638684882980006,-0.9877849558653796,-1.0091779927942286,-1.0261065549603068,-1.0462792920572512,-1.0575402945638743,-1.058861949822329,-1.077217947635993,-1.1010096127631193,-1.1147917312197226,-1.1092615996204418,-1.1167990042081988,-1.102572993552614,-1.0933246101667027,-1.0761274595108246,-1.0621816480414807,-1.007349558933738,-0.9712521607350316,-0.955748572424479,-0.8863412012176797,-0.8427064933626705,-0.7880021337050522,-0.6536271996779109,-0.6291031079148592,-0.5956174842522075,-0.49745144521368273,-0.4132912494869995,-0.3797821296780883,-0.3526758438466112,-0.43534739888196944,-1.1594221484975769,0.9978025156317425,0.6714321158184069,0.4585576635906276,0.33746213982867473,0.4072739595413801,0.4605987048557074,0.4978192159361109,0.552408116129286,0.5683007316008576
-0.429527256460246,-0.5117882689910785,-0.5512352765440544,-0.6198710438199443,-0.6952201241043551,-0.7410297879407144,-0.7768842217798791,-0.8083765844781177,-0.821163240734151,-0.8423775458112492,-0.8763421040968449,-0.8917568027784749,-0.9126850837738179,-0.9488115940162679,-0.9600741026915313,-0.9763874949145233,-1.001983570841559,-1.0598064456515832,-1.083842579346986,-1.1075925254981993,-1.1289913509501799,-1.1203265582882715,-1.1062356662647195,-1.0887658518059646,-1.06881871539353,-0.9968316136350817,-0.9522456727956216,-0.9098078506306513,-0.8483017882563333,-0.7921262881633664,-0.7617576230636783,-0.6835803260812446,-0.6302111898250016,-0.5989538622983752,-0.5032037733417006,-0.469092805968343,-0.41408930637151686,-0.31542846303084776,-0.2702564888384355,-0.2059949683651254,-0.3329306011094705,1.0055740081959816,0.5374749411916245,0.5170117425977558,0.283375355733293,0.3192742718624763,0.3633168294378372,0.46835614957350774,0.5230330626983241
0,0,0,0,0,0,-0.4790648134440229,-0.6240869486945303,-0.6808189294679262,-0.7255321488716328,-0.7592746807066817,-0.7733985742680227,-0.7886632241401388,-0.841288381463693,-0.8737280904561004,-0.9100321809475226,-0.9276369475660748,-0.9651610179271705,-0.9940959992300777,-1.0101830815361519,-1.0369964845040063,-1.023157057492957,-1.0050313586342505,-0.9870207397639019,-0.9675319459684859,-0.9203417987974643,-0.9071293282010214,-0.8760659106222023,-0.8246336642365618,-0.7987852552217175,-0.7736664838692684,-0.716444072786647,-0.6875034618944516,-0.6606094738875697,-0.5796718102864941,-0.5452541906932538,-0.5084901313102871,-0.40510142619724626,-0.3594442095837352,-0.32930044670482356,-0.9433997273394445,0.8028204832692872,0.9825577426386926,0.29203131704951923,0.3403952283010848,0.3600261394125,0.41447423216248885,0.5182239636441481,0.5625454049164584
0,0,0,0,0,0,0,0,-0.41258390792681876,-0.5421817386572374,-0.6364043432283666,-0.6524933679484226,-0.6524118251994806,-0.6952649952144382,-0.7190510406147484,-0.7664636535653035,-0.8115113938752949,-0.8730457863547484,-0.9018484231327778,-0.9237351647216828,-0.9690478885622243,-0.9871691245966081,-1.0005509890603526,-1.0110061009216202,-1.005972467036172,-0.9791919364977547,-0.9371543832405523,-0.918416259842002,-0.8841247243949647,-0.8714347724911055,-0.8367269376559535,-0.764357891222954,-0.7455797022357991,-0.7132754217094073,-0.6307457294355503,-0.5870196348993092,-0.5577581553394606,-0.44420413074283455,-0.41258065280737355,-0.37793670140346947,-0.26295923294384477,-0.20949307065485306,-0.16668080146158806,-0.7030117599176721,1.1042091896015953,0.6364826980193459,0.33211263826136234,0.3699552455247403,0.44822768247899786
0,0,0,0,0,0,0,0,0,0,0,0,-0.20740035655543493,-0.1847865909759987,-0.25396565838694013,-0.37487728515479457,-0.4660885473173501,-0.6112511804689158,-0.6890715990048868,-0.7447283667511445,-0.8171095900905283,-0.847418277141598,-0.8564863797898713,-0.8795839361927225,-0.8918354997501674,-0.8960643655832485,-0.9091127522202894,-0.8979113812433235,-0.8814896133652131,-0.8771668690183433,-0.8539130800006256,-0.8042322660605314,-0.7472588866513439,-0.7450735454709094,-0.7066354334225952,-0.6739769612987799,-0.6354627181502407,-0.5439261728800339,-0.4817444502313128,-0.45349598971696875,-0.3443747494915105,-0.280364338734618,-0.25444021514674253,-0.25152280888455025,-0.14019522988630154,-0.1561885463981738,-0.6953183397691111,1.051302781150203,0.7707443177156557
0,0,0,0,0,0,0,0,0,0,0,0,0,0,-0.21944207043218805,-0.18209642552964264,-0.3481759580978362,-0.4629095294306244,-0.5522996914482236,-0.6095432236312676,-0.6546986790398382,-0.688876295243095,-0.7126695385687657,-0.7530269050234294,-0.7785238333837311,-0.8110870672125443,-0.8517080068364056,-0.8646038521876671,-0.8702745554348444,-0.8733074431486098,-0.8601455666400567,-0.8077502509598788,-0.7865532690017701,-0.7660762182781773,-0.7464170224848287,-0.7197006939642012,-0.6847868109841968,-0.6340288923047653,-0.6017579117933686,-0.5436856363022062,-0.501013548341983,-0.4293756889792208,-0.3534757511727237,-0.3049360913476042,-0.1548557745314902,-0.614732185133081,-0.7525032703234262,0.6229728526740289,0.2406151324514603
0,0,0,0,0,-0.005546894068555179,0,0,0,-0.00855277593227768,0,0,0,0,0,0,0,0,0,0,-0.2499242649231948,-0.4513180470501745,-0.5099899669803953,-0.5800573757153987,-0.6174761547707703,-0.650164944081588,-0.6941777125604933,-0.7274064446033007,-0.7791159495763015,-0.8158028370309183,-0.8176832832821649,-0.8067112480567256,-0.8112477879567103,-0.8094679910390022,-0.8049782760657617,-0.7961945371991018,-0.803924235769591,-0.7188095712198178,-0.6947815914689093,-0.6703089715416364,-0.5958864406124708,-0.5567726707564014,-0.5221194962356903,-0.47572574121045325,-0.2898216079093606,-0.4340840206808415,-0.7086504446671517,0.8435414877161532,0.3421941312680956
0,0,0,0,0,0,0,0,0,0,0,0,0,0,0,0,3.3128167860865887e+38,-0.023624996403211137,0.036026911632775716,0.0576758304333062,0.054311845057052006,-0.019313469856081206,-0.09446638081849519,-0.21900844226105665,-0.2983232421966748,-0.4156290566253145,-0.5304095937672005,-0.6039756124094198,-0.7160880164426844,-0.7745996470165529,-0.8022061299469635,-0.8162512748362111,-0.8112417395279893,-0.7928991342668588,-0.7475209534352668,-0.7483097218581735,-0.7099635097795858,-0.6477890956566595,-0.635963732955639,-0.6271734438704547,-0.5647020989633559,-0.5376749528261401,-0.5058492552952639,-0.44924115651052554,-0.298239153186403,-0.35290175708503674,-0.5535952693258427,0.25044216374416706,0.5456776403014059
0,0,0,0,0,0,0,0,0,0,0,0,0,0,0,0,0,0,0,0,0,0.06544573821051246,0.04474556256191748,-0.03929009606002709,-0.16632221331300204,-0.33538697878664786,-0.44897227467806367,-0.5091759024750517,-0.6445048312115169,-0.6869476530963847,-0.7306766974642488,-0.7858120605048701,-0.8041126985515984,-0.799752802198694,-0.7513274779287389,-0.7105730504520008,-0.6881984932402551,-0.6834013393173928,-0.6518938294421192,-0.643523087923482,-0.578271745720157,-0.5406804217893229,-0.4889597272090952,-0.44227698068157256,-0.33605168230849414,-0.34329499563798155,-0.5732012438520653,0.31553203701280463,0.6593756153706081
0,0,0,0,0,0,0,0,0,0,0,-0.017550144133635318,-0.024141956259923675,-0.03265425011850817,-0.03548331302123863,-0.040122312515053375,-0.03880350920609916,-0.037389322585172365,-0.026010036588213832,-0.03456709498524817,-0.04695100813657933,-0.2089445839809428,-0.2865569299967887,-0.39375322149530045,-0.17365556592723347,-0.2645312906725097,-0.41185813839812463,-0.5036224431874257,-0.5632561511384391,-0.6563153769751051,-0.7783747712625347,-0.8150051573093692,-0.7909982359171468,-0.748868752996961,-0.7103046520444452,-0.6890643693856237,-0.6620966761109346,-0.6086872657812474,-0.5601665518601648,-0.5538014696996219,-0.5888546908790144,-0.5706467021500475,-0.5809814461895045,-0.5791884859033126,-0.5377646951631513,-0.4886137195141297,-0.4945666276875039,0.5639172754570733,0.7710551437172279
