jsons/1312930800.json
{"header": {"parameterUnit": "m", "parameterNumber": 3, "dx": 0.1, "dy": 0.5, "parameterNumberName": "Northward wave", "la1": 40.97354507446295, "la2": 16.46031188964855, "parameterCategory": 2, "lo2": 133.9931640625001, "nx": 191, "ny": 50, "refTime": "2011-08-05 8:00:00", "lo1": 114.97908020019554}, "data":
[rows 0 to 21 of 50, columns 49 to 97 of 191]
0,0,0,0,0,0,0,0,0,0,0,0,0,0,0,0,0,0,0,0,0,0,0,0,0,0,0,0,0,0,0,0,0,0,0,0,0,0,0,0,0,0,0,0,0,0,0,0,0
0,0,0,0,0,0,0,0,0.009485847357292037,0.02249094831327757,0.027769848656260296,0.03352985933147209,0.044046571730327395,0.05050534528534878,0.05530200460852032,0.06217125553350485,0.06384629202882665,0.06863498268212335,0.07395233360376588,0.06829022775331921,0.0643536063631728,0.07376113398322866,0.05263576160865648,0.07721272281781465,0,0,0,0,0,0,0,0,0,0,0,0,0,0,0,0,0,0,0,0,0,0,0,0,0
0.030265612001616603,-0.027432798032499046,-0.0067987946362695565,-0.0007798204934665735,0.008483380488296936,0.02658954485095373,0.03563553311980748,0.0464100969410032,0.05296816087970002,0.07268431812302473,0.0772785393389036,0.08680710108605694,0.09792901269286959,0.10358322942607577,0.10439612988618652,0.1024633739406156,0.09586658288482625,-0.09108799579705268,-0.07284248460899555,0.09091564330044542,0,0,0,0,0,0,0,0,0,0,0,0,0,0,0,0,0,0,0,0,0,0,0,0,0,0,0,0,0
-0.08384005438282381,-0.06704161466488455,-0.02184433959534418,-0.0020653571031940847,0.01797512024170355,0.06848407198566907,0.08311474780757828,0.09738136204901233,0.10904082646908957,0.12620336463525364,0.13204470688565462,0.13661553140759267,0.1398372749058084,0.13964287019140392,0.14115532256400712,-0.019021636279401743,-0.038808796093804644,0.02990749156653329,0,0,0,0,0,0,0,0,2.3135777466455434e+38,-0.15737430965748406,-0.16619349629582184,-0.17321911634798695,-0.1696797898546158,-0.1694409890838602,-0.16455151125209097,-0.1652869623309292,-0.16180860047383921,-0.15394424339820484,-0.15478713858919743,-0.1421208861942859,-0.12707417765766255,-0.09539292515039464,-0.06317396124842775,-0.04241521666096055,-0.03569588182527111,-0.01651203341403149,0.0030075129724997083,0.014495472588895825,0.02419465614115055,0.04738050387872976,0.060243431553377226
-0.21604036543269403,-0.20876673811652932,-0.18219912920741735,-0.17267051761736893,-0.15918897384843703,-0.10283100928871515,-0.08199926865630416,-0.0469042170193679,-0.0065585419878060195,0.07924083252667052,0.12621570801612209,0.17559971776688776,0.190437382310239,-0.02894390413752982,-0.019730271326652993,-0.061257452504600456,-0.03275379359285552,-0.1813993317334061,-0.15353249571586763,-0.14557872722081833,0.06213334280346426,-0.24786568820193502,-0.2582825196954568,-0.264348866303603,-0.27385539893309496,-0.27694795182303994,-0.28213703438548554,-0.2738575696672448,-0.2746003392147145,-0.2748958164247447,-0.2816931910699983,-0.2935465676152091,-0.2920630700361001,-0.2587985450147063,-0.24276798192516127,-0.23502132906785161,-0.22159274213579525,-0.18812120243521907,-0.17020896272030867,-0.13284448098794435,-0.07803696871698221,-0.044872389082837034,-0.028993294604234155,-0.013319841790408965,0.011936118688323652,0.03496534712463131,0.04837607926893155,0.09213460834171976,0.11882271984252246
-0.30129995171601726,-0.2958588320870087,-0.297467103775241,-0.3041900413255859,-0.29971449764901564,-0.30324966930558317,-0.3014820894593532,-0.30052877441053655,-0.2921647021416307,-0.2957169531713305,-0.2943243853248899,-0.2920086709612006,-0.2873911232407473,-0.2811098893265242,-0.26086616623567355,-0.26304262649680266,-0.24864700360626332,-0.23847024054069277,-0.22841884037684468,-0.2455350747686134,-0.22948606734498098,-0.17727104438684757,-0.15310483019857074,-0.17860548980551186,-0.19957699842619678,-0.22052026981059455,-0.2390939593884518,-0.247540608344356,-0.24604304912340902,-0.2887086869012782,-0.2972443368060295,-0.30858295481911147,-0.32221586668894714,-0.3423383700616023,-0.30956824501084423,-0.2725326829631019,-0.218824497624482,-0.11635983081335007,-0.0893350982189315,-0.06327624966184017,-0.028580271281227258,-0.016972777894672098,0.0002782843513540843,0.008846041867614,0.05743547636280379,0.0745104121688097,0.10052459171416905,0.11612863573013829,0.14584897740250655
-0.1999332055732915,-0.19277830945502034,-0.17996026374740065,-0.16530357645745156,-0.1432931725514454,-0.12882020979669662,-0.10893679053177645,-0.14209172943447165,-0.14938110801571747,-0.17087888684858216,-0.17328167981143358,-0.16287163499359456,-0.15612334745684628,-0.14194754759837686,-0.13177794979203422,-0.10502252054711068,-0.09607247714466582,-0.08502173161131027,-0.04680742339280572,-0.04719222167322771,-0.05436109844902756,-0.057607153920202214,-0.058879117352549734,-0.06666278529212259,-0.07552504433573756,-0.08792950971298695,-0.09284568538246286,-0.10446226543019961,-0.11231819542840416,-0.12362025703440935,-0.11548642676208801,-0.0801435750025918,-0.11059284292076811,-0.09830566158023621,-0.35488127109354345,-0.04648802940725627,0.05673780418480325,0.09123179507653274,0.08138272157081648,0.06489436523212368,0.07191445772326362,0.07785914232085338,0.09146175900015648,0.09380320321794251,0.09879402576413002,0.11010827060703589,0.12304277626835088,0.1393687134762964,0.14751208447263692
-0.012157616370536204,0.054330234852362456,-7.880273551518487e+37,0,0,0,0,0,0,0,0,0,0,0,0,0,0,-0.09728620032670716,-0.03921688034113905,-0.01923017389125369,-4.736694395974017e+37,0,0,0,-0.10092226405303073,-0.08969535649409326,-0.16181061603189362,-0.22592972388083118,-0.22637941575100715,-0.2115278349762933,-0.17841568526547308,-0.17821660745948475,-0.21273164506348652,-0.3174196416274195,0.011728544178802095,0.10010402880586122,0.12763680365862312,0.12409228387618909,0.12121130871229875,0.11918005811098979,0.10962253674227923,0.10355983474215626,0.11123699231808643,0.11645560667249952,0.11665068151199623,0.12244004249647777,0.11897562385080006,0.148546049655447,0.15639381961301022
0,0,0,0,0,0,0,0,0,0,0,0,0,0,0,0,0,0,0,0,0,0,5.856555318448923e+37,5.947299412243267e+37,0,0,0,-0.33405178928697526,-0.355649245724316,-0.37632677920222946,-0.3823148364346547,-0.3800265579788981,-0.2973896768427963,-0.033783256458369965,0.07324680406214744,0.10024843132018142,0.11823272599096746,0.13411834157849598,0.1271700354034513,0.12286859964615202,0.14113653133954604,0.13284083282784817,0.1401529015078987,0.14068729014682244,0.1578450840949471,0.1665647854547388,0.17794666427480216,0.18731819174768838,0.19690523509797964
0,0,0,0,0,0,0,0,0,0.042293391661101326,-0.15715961110789414,-0.15787057559339948,-0.16174948377783271,-0.18542368831376063,-0.17969253248177047,-0.18745854763537848,-0.19205002863791779,-0.22367477870963878,-0.2159597624159743,-0.22154791684744676,-0.23452700590035452,-0.2398456330095979,-0.2653226416786196,-0.3083463285878031,-0.32775196720262134,-0.3562028742399709,-0.3777264537047988,-0.38613074210232246,-0.36656375971049315,-0.32009578872616673,-0.2636106131080804,-0.13134949116122402,-0.03436124519360311,0.007831570495891747,0.053701186770391415,0.05790547760423512,0.06320729702975778,0.0693982738172776,0.0873590715934055,0.09409075839408798,0.10927900602488176,0.1157019529374432,0.12544432926166973,0.14125234126516323,0.1548281487978923,0.16655152512467955,0.18093067688785125,0.20103841084549032,0.21323542598658748
0,0,0,-0.16668156050533117,-0.18656279744088922,-0.19946825314801048,-0.221520390717902,-0.25340342984753084,-0.2700747216094446,-0.27345628628030877,-0.2907755051520428,-0.30147602815287433,-0.3111728320612856,-0.32848030889932683,-0.34190426635439286,-0.3555506186334214,-0.3552433107127194,-0.3639990592219666,-0.3757287520448011,-0.3804578706519881,-0.3920194315622786,-0.40106312488033274,-0.40475126180986365,-0.4150307935042198,-0.42082930829472337,-0.3980616510871912,-0.39682516292928116,-0.38297574104594606,-0.23883482063890699,-0.17463386366567735,-0.1182996155636311,-0.0020765964126253852,0.0902857951987393,0.10996872059437313,0.1270673923566716,0.1184633277327413,0.08963275796806222,0.10743554686602029,0.11623175464866085,0.13066129011927113,0.13153661698768948,0.13797197431314234,0.14335612902156109,0.1557559100750803,0.1716430257094061,0.1823946559156308,0.19063202189571024,0.20159878698323527,0.2141872829629526
-0.26750029914310014,-0.2799498516340464,-0.29032808953431277,-0.29951170857675213,-0.3087339459207909,-0.3120931520627199,-0.3172791260617242,-0.32900729626910585,-0.3373589800855418,-0.3386155162850235,-0.35005330719271893,-0.3502989858520412,-0.35192405968119544,-0.36675761025291276,-0.3754969037767386,-0.3786681104121656,-0.3824801943115321,-0.3906298717727753,-0.39105546937236413,-0.3912710840406317,-0.40602897796602616,-0.40636762694739176,-0.40574686869195803,-0.4142320333068307,-0.4136122044940368,-0.4251518611663839,-0.4509044243930494,-0.4445630427809709,-0.2402404636756466,-0.1820052366513322,-0.1211053601315448,0.029284564320163457,0.03194252570900902,0.038070137264692085,0.035255681035337605,0.032352838532078265,0.03362743033344116,0.047478051336107226,0.05344926513225174,0.0602275353896135,0.06855365949723667,0.07115272981148545,0.09862673096052273,0.10429306696712971,0.10863593167947672,0.11967136364866364,0.13802353005598267,0.1767931989676539,0.2008967818942976
-0.26845905611112647,-0.27670080147053816,-0.26667894098569256,-0.26822950744194624,-0.2807287562370904,-0.2725269463776119,-0.27788175526211495,-0.27815152569464474,-0.28147061364243287,-0.28912438433921195,-0.29638947062569504,-0.3028369262912207,-0.3025989428314466,-0.31099272718802784,-0.31980857881709585,-0.31943312054468503,-0.33116701831879697,-0.3490873905842025,-0.35771335183457875,-0.3584475204870684,-0.3595796556213401,-0.35798936835288536,-0.35776398771929785,-0.36436394579863773,-0.35487600772788785,-0.42036639723174224,-0.4594038591830077,-0.4711469893592961,-0.40064364295434285,-0.2945568066033972,-0.25474144969855506,-0.1567067300328346,-0.14071341031212195,-0.10131761985862087,-0.087277972845476,-0.06783492019531334,-0.06750394922387973,0.0051897039772757165,0.03448451145349303,0.03130858050375096,0.031584253355226986,0.040155565387125135,0.04937096113739803,0.05643684310880073,0.059506076284045285,0.07934938038055224,0.09317167760564611,0.12286103698548081,0.1362522005246207
0.05770848640312712,-0.17216673123981782,-0.1956435586455627,-0.21992043119252502,-0.22700091125381727,-0.22832447002748948,-0.21944743170789294,-0.23639495950028921,-0.24181626358695762,-0.24194833618241482,-0.249591094060099,-0.2572579783978078,-0.2660646698103131,-0.2772233630452102,-0.28167357595679704,-0.28971997750020595,-0.3037931307155045,-0.31254070692365105,-0.3150540607711744,-0.3331667512776213,-0.3397975496072106,-0.33042819291206416,-0.320896689556985,-0.324347872246976,-0.3425707282969568,-0.39704635995941884,-0.42607360310099374,-0.45888546312361433,-0.48452776239036044,-0.4802029753072387,-0.4587128160618536,-0.4082899438699182,-0.331881540078276,-0.29272339367510014,-0.20069765501212752,-0.17284557671691664,-0.14089451529991698,-0.10269267309751573,-0.09629504238343377,-0.0732032511152635,-0.02443383845673667,-0.01781993913965316,-0.00839249712133886,0.016513931297947076,0.0632699550015244,0.05946165343143799,0.06712952041476325,0.07942089887859798,0.08902086308251068
0,0,0,0,0,0,-0.224942272351261,-0.24425865239168051,-0.24381169251467097,-0.2402647227795284,-0.23996653705945256,-0.24172417051575731,-0.2430532928982533,-0.2563139953135907,-0.2701047935939901,-0.28291295179198095,-0.2950047503564169,-0.3088221199812918,-0.3230720078771339,-0.33068398993135645,-0.3436225326539551,-0.3432693245329408,-0.3428381570915467,-0.3507219311927013,-0.362110297393811,-0.40052709457337293,-0.41833058965789177,-0.44933439246655893,-0.4732345782012801,-0.487260445720625,-0.4957829151903564,-0.4842657785030089,-0.4798638755290268,-0.47035020103524616,-0.4103054472963245,-0.3568746635315563,-0.3152431114448046,-0.24353034897611062,-0.23421054855042375,-0.22563380389326043,-0.17228402531927317,-0.138875153168993,-0.11250089432732274,-0.06613061509894878,-0.0679061297366646,-0.04603208365577433,-0.03437899899910554,0.006720232582066037,0.027165766823379605
0,0,0,0,0,0,0,0,-0.22093909762339936,-0.20358057991881492,-0.19638970205611112,-0.1943135841648614,-0.22731835813683374,-0.24442988223396245,-0.2661406677119087,-0.2851514294983323,-0.2931464002571501,-0.3007611105986637,-0.30234115607423145,-0.3021436127277606,-0.32361652788060014,-0.3295467326516989,-0.3452066900036843,-0.3680334557918811,-0.3866641784453635,-0.3979339724340109,-0.4140321747892775,-0.4259206362439197,-0.44621129147025057,-0.46967996745503177,-0.47650842893859063,-0.5030059666997618,-0.5161816079548199,-0.5174594555932996,-0.4901260690339883,-0.4695416472428731,-0.4675004224251813,-0.3770220446288515,-0.3509804312416895,-0.3192587755415601,-0.2510156426438112,-0.21747976743933195,-0.1794138972805007,-0.16216408715538505,-0.12792154628754876,-0.09286275433019196,-0.03970906082247876,-0.008306085207386377,-0.017716838101885016
0,0,0,0,0,0,0,0,0,0,0,0,-0.06990351030385074,-0.12507438759904924,-0.20431925057172992,-0.2463855525712227,-0.2668806839721188,-0.2896467239966192,-0.2925014708459932,-0.30538271530860406,-0.32493488529148434,-0.3422752062010987,-0.3478492002634552,-0.36537934428360636,-0.38227002143716793,-0.41154879773037384,-0.4294991878664989,-0.4452494357682136,-0.4561189010552952,-0.47634904610355466,-0.48458512112986774,-0.49868726289695725,-0.5143255202359748,-0.518042432005552,-0.5107030172776926,-0.5051586814139151,-0.4899635346588501,-0.44781260127849104,-0.4509920361988251,-0.43111703928617723,-0.3715411222099385,-0.32461550668060657,-0.2978087905889911,-0.29106836440990336,-0.1684723476936709,-0.10888017995970958,-0.10026279098357323,-0.0370425240656051,-0.009284814761905775
0,0,0,0,0,0,0,0,0,0,0,0,0,0,-0.03838673556312568,-0.21960793949655336,-0.25164524113735637,-0.29231614681138995,-0.3107075888443903,-0.3275096168909653,-0.3443455437872881,-0.36276249713376346,-0.37877274479880185,-0.40035868463478386,-0.4151578785772073,-0.42724590907595794,-0.449981576785538,-0.4631329980888422,-0.4757070053807773,-0.4930077423389644,-0.5001698489573199,-0.5061160345815414,-0.5117155900532312,-0.5152278651555247,-0.5149478410712399,-0.5154448184151824,-0.5124302255256835,-0.4900494741663075,-0.4744505335174217,-0.48492853412570547,-0.45598819890562237,-0.43802912181189624,-0.4430259333999688,-0.3997267918294713,-0.2913747232300496,-0.25946155881241906,-0.20997622671503052,-0.17724773484106146,-0.15240805291952728
0,0,0,0,0,1.7701371597701603e-05,0,0,0,-0.006471444669631765,0,0,0,0,0,0,0,0,0,0,-0.3063505828739755,-0.33346916272710037,-0.36158614707892245,-0.3933490427022422,-0.41168141490672666,-0.4261075483065325,-0.4531785838858024,-0.4686734937976832,-0.4806250942010501,-0.4982351098452312,-0.5049033218163741,-0.5114652042601022,-0.5224083277633618,-0.5249392436383803,-0.5178193055363507,-0.517592222106945,-0.517719931620558,-0.49902783674636236,-0.5010832597514203,-0.4884474657424317,-0.45666279608276017,-0.4287163590894141,-0.41422877215142395,-0.4209267544912029,-0.3343319704905055,-0.300547849453802,-0.2628172333482334,-0.22045710091771736,-0.21119434961490968
0,0,0,0,0,0,0,0,0,0,0,0,0,0,0,0,2.8903448354506962e+38,-0.018007517943639563,-0.04820350231517699,-0.05304106304610971,-0.07411511672376456,-0.1116732757368654,-0.16748081050224148,-0.3051271143260486,-0.37048609645484665,-0.41877204537390283,-0.4612588720201065,-0.47630440236298716,-0.48532546346133526,-0.502419843265771,-0.5134521792022216,-0.5128491851549719,-0.5240470247037076,-0.5257074304298949,-0.5142838707870506,-0.5017012099975432,-0.5081888003250464,-0.4815347453404977,-0.4720635306519247,-0.4701517097106776,-0.4491893298419102,-0.452355718833178,-0.4340222697696477,-0.40646637399640834,-0.32341612244017093,-0.3061173733754821,-0.2902515629688288,-0.2247953556822309,-0.22120369116529454
0,0,0,0,0,0,0,0,0,0,0,0,0,0,0,0,0,0,0,0,0,-0.14673334415546188,-0.22987392292533834,-0.3363699626342718,-0.36561597700418386,-0.3871680234386959,-0.43563728664100854,-0.46978486450721924,-0.4879159438124657,-0.5033444528232027,-0.5096305965979614,-0.5126470765283726,-0.5213969272509196,-0.5220841036537371,-0.513941493241197,-0.5008760798273139,-0.49867878439153646,-0.47227113548520133,-0.47391834328672555,-0.4769301537046949,-0.4789026073219192,-0.4586268984820667,-0.4629187431272428,-0.44453146987845565,-0.40398855585805604,-0.3985879001024877,-0.3942425213262791,-0.28075706513164933,-0.29568317008783795
0,0,0,0,0,0,0,0,0,0,0,-0.11090603523782586,-0.1261666853747577,-0.14608663173469333,-0.1618876805605135,-0.17964564002148245,-0.1943670047533135,-0.22181983148315387,-0.23290737510663914,-0.24427418864198394,-0.2647186757225712,-0.2763271603390368,-0.29449079073859846,-0.29899389845064894,0.11944110849805412,-0.24190705304048193,-0.456434349700741,-0.4713692163523239,-0.4731412065439395,-0.4909744116652536,-0.5072420784111352,-0.5128455860142134,-0.5210101583422913,-0.5239856720853588,-0.5141294797490121,-0.49476299352429537,-0.48707986238526646,-0.4716628506303708,-0.4534726508433298,-0.4383521155830017,-0.43847602398182917,-0.43495699322913356,-0.43586917463624036,-0.4092538522706626,-0.3811250320131175,-0.36868351052522624,-0.3615499156320015,-0.35005709568383087,-0.3163758476311819
