jsons/1312513200.json
{"header": {"parameterUnit": "m", "parameterNumber": 2, "dx": 0.1, "dy": 0.5, "parameterNumberName": "Eastward wave", "la1": 40.97354507446295, "la2": 16.46031188964855, "parameterCategory": 2, "lo2": 133.9931640625001, "nx": 191, "ny": 50, "refTime": "2011-08-05 8:00:00", "lo1": 114.97908020019554}, "data":
[rows 22 to 43 of 50, columns 100 to 149 of 191]
-0.1703224376040052,-0.17771031154005898,-0.17384315937364997,-0.1753721493994098,-0.18094021107146316,-0.1638504775875113,-0.15721790856967088,-0.13801949758736543,-0.1191305559235171,-0.11146955907740953,-0.09894978847785346,-0.07618148758245087,-0.03867532198950535,-0.014137744484031595,-0.012529259696012469,0.03959718472053757,0.04936203680280921,0.0630090603498996,0.12596893321436534,0.16728266901445446,0.19472528023077315,0.2908697141107573,0.345638762300733,0.39240287643247307,0.5195946448779603,0.6445007256060059,0.7218398099863266,0.8079634322670813,1.0071592022114908,1.0865831275463507,1.1990832433828302,1.3514334786154572,1.450910064918954,1.5462844438456345,1.669527473826139,1.7326771804544974,1.7972772235476753,1.83500927664554,1.839696538073532,1.8108609256991115,1.798450961531445,1.7325796574098218,1.635284391615646,1.6149724484463135,1.609800514984718,1.6247183317207539,1.701887702113881,1.8525871791370017,2.0038730789235055,2.1849255121293703
-0.4304561919001169,-0.43194693790573985,-0.4099363678711289,-0.40761619628789386,-0.4022518134692746,-0.3920329546193015,-0.37914207744288153,-0.38248851996015476,-0.36679644220510854,-0.3664824525496084,-0.36772937031937736,-0.34480638701370997,-0.3291680267515252,-0.2939544918175614,-0.2813384683266436,-0.2245796237293949,-0.20802872957740773,-0.15983624658026999,-0.10982275842361558,-0.10766948309073121,-0.055467843669061975,-0.016015949104104237,0.053008153901994086,0.09795740964296734,0.25349679137774583,0.350163882626903,0.4125582529526491,0.5298078832311847,0.7179215937163452,0.822763647252219,0.9208740609306538,1.1511311666922277,1.3777140790002342,1.4244838638197854,1.6388720369217276,1.7406230754060965,1.7686212551349438,1.8814168945543817,1.916448683745718,1.8736706623397343,1.7837480663461565,1.671041762607804,1.5603291064545903,1.430590134019342,1.393144917213789,1.4600554860145423,1.6114053431804043,1.9529248560205472,2.2174274535129546,2.4742917956600037
-0.7176701281870878,-0.734673111607699,-0.7244935310905154,-0.7242887140536912,-0.7223863612139526,-0.7140789343216752,-0.7152516385584561,-0.7262071191031804,-0.695252885784918,-0.6891729180547101,-0.6665745481711076,-0.6595476259611321,-0.6273101816369273,-0.6212849647416451,-0.6115575965741487,-0.5761188521792244,-0.524852136864096,-0.5025355638617227,-0.47645356352930046,-0.423393826809517,-0.4145715145483938,-0.30511165110998395,-0.24755941398177125,-0.20152517010926432,-0.09000286548082377,-0.008164855438008886,0.014725189035843753,0.16217527281066876,0.37953247758854414,0.5367770053603371,0.724250745682793,0.9010375264142577,1.101490385199271,1.2776698468879686,1.5558829058292065,1.640153589784176,1.686609200066884,1.874387915935298,1.9561705025709173,1.96256905024949,1.9071550337431336,1.5857734754353783,1.2875509660619417,0.830614321689558,0.842017054701823,0.9794903404586366,1.2674279069476158,2.007537650857232,2.6521888324208263,3.0674586601705696
-1.1372699797899146,-1.1707799297668704,-1.1404559110842154,-1.1460061314078471,-1.141978468917709,-1.1325042236923186,-1.1242562025187692,-1.1554932024260263,-1.1064720688558176,-1.1289002647828505,-1.1520522013254337,-1.1369442922599615,-1.1212024425781455,-1.0984526125735234,-1.0976011460336652,-1.1052466719363296,-1.04805616035301,-1.035149287500045,-0.9381117048464511,-0.907128220302753,-0.8818129716023175,-0.7665241063970776,-0.7392341997430201,-0.6402494242002277,-0.46823040712209846,-0.4044431799109786,-0.3128279499893225,-0.18516278931500788,0.13795303895129807,0.33373771531122204,0.5366820709149813,1.0066339441408214,1.209761194739248,1.3719436677945707,1.9018580180685825,1.9896814241693923,2.1676534053412384,2.4139674514788867,2.506519620930189,2.5247657425559678,2.7335078614103367,1.9108123949760598,0.057100516151001084,-1.1211337142182403,-1.2503799883647966,-1.6907738090973623,0.1260488057793517,1.271190847882471,3.6757477959077893,4.023180632163294
-1.6743833671704724,-1.7416226283995286,-1.6970425809389933,-1.6792110802268574,-1.6907783584741407,-1.7049735491871458,-1.6965106073891887,-1.739651926611698,-1.6946838717487438,-1.68429088949743,-1.7021233744089437,-1.699499186902111,-1.6693601275091943,-1.684078725604062,-1.6507607096260561,-1.5806477301403983,-1.526536301588008,-1.5097677386711472,-1.3697914916815332,-1.2943130289201576,-1.2202792486082865,-1.1077635276889564,-1.054213678690664,-1.041590140032983,-0.8011496436957967,-0.6815755169948552,-0.6113762728263477,-0.4469016432570569,0.03163612620434125,0.24577358095649354,0.49255825663728353,1.1213573056592339,1.6449767874020063,2.0707501270022974,2.7725682513378604,3.0954421176802946,3.3004483036630115,3.597254672635098,3.3108295746947447,2.5625190905821538,2.5372867314348353,3.2772092502175294,4.157057710285494,4.360621785110804,4.43222419655897,4.601566717244932,4.592620963257908,4.6735367599323645,4.626443920118322,4.61904518455398
-2.367964340452006,-2.421348703122213,-2.432070713142886,-2.4298406081495667,-2.466134222479367,-2.423173962049367,-2.373709241904482,-2.4272424442413563,-2.427983651123743,-2.428533616613128,-2.481894148871527,-2.4816166409915583,-2.4192322021880455,-2.4344292217824326,-2.4015177914670485,-2.1553956856862357,-2.1540772110428184,-2.0360659645370975,-1.8960436825517755,-1.763169009230851,-1.733610399366099,-1.5759433836276255,-1.5266827127952167,-1.5298437315800546,-1.4812647855518752,-1.4728556485442332,-1.5254312502968888,-1.2745428196158288,-0.6205841276299711,-0.24196986485373498,0.2635241326209625,1.2313568162360908,1.6620921245673532,2.4205930669603197,3.4201524740480993,3.8377602768521606,4.032367910115223,4.350011752877692,4.572265535068457,4.621702357648114,4.755627931768328,4.836494852361461,4.844636793740075,5.000137665117806,5.135447332390712,5.163426326753185,5.169148510536447,5.2644381538951786,5.1868180460998525,5.150119090807409
-3.1462333454456965,-3.255255800770797,-3.2726574279887495,-3.2971657053145473,-3.442738067214563,-3.4186702351759894,-3.4916962271347005,-3.6053366046911313,-3.666630306833321,-3.593711452622186,-3.6611832997500118,-3.705960272646872,-3.5763953202107164,-3.6301833276959887,-3.5230844745246412,-3.3153220081058974,-3.2399056668462,-3.1973221423981,-3.0310199942277958,-2.952374024821816,-2.8341322805454876,-2.601028468412652,-2.475367525283349,-2.3211200771408675,-2.153471553878713,-2.00432658230819,-1.8445725840832417,-1.6616365651264107,-1.325398570353151,-1.0318400652471704,-0.7423641080731145,0.050578113884251645,0.7673966072266258,1.5400719665189284,3.495897102699281,4.20627395906561,4.524149848841131,5.174269462600372,5.438610908456646,5.591333054744136,5.957849050811906,6.106324471111833,6.147368307783778,6.295005540122043,6.273127060913881,6.177106739674938,6.187391662191828,6.23948290175939,6.09058131821978,6.044313597070036
-4.0442261111232085,-4.269791047396804,-4.270360689180976,-4.443902553958572,-4.647101959098005,-4.796129691473117,-4.793857977114544,-5.089353503168293,-5.18806383630563,-5.268709647548445,-5.4238384252277365,-5.453923904570344,-5.425872441812456,-5.534153860694823,-5.470145075107687,-5.273558282820022,-5.285707613453654,-5.126540015511455,-4.901768653055056,-4.758383496732301,-4.560619673560148,-4.222406047078457,-4.188837643726452,-4.072161659494465,-4.22720950131757,-4.239964181329652,-4.032737194543173,-4.061720909403997,-1.5355222676778406,0.35978022311817415,1.8855720634277078,3.6733392882869778,4.418227768933879,4.764790270797779,5.295901648924694,5.57249454211928,5.994988314865698,6.6817814446372825,6.87412174905145,6.906401280846042,7.302743205945057,7.521696007303491,7.445155618976202,7.641049020045652,7.646295338073114,7.379226092094123,7.361248665039806,7.323237373248522,7.188551337733125,7.1120680186489365
-4.977588772018459,-5.28550682844011,-5.460101784565604,-5.5324457094002515,-5.895700968655587,-6.056326757107241,-6.222045846932003,-6.508429105635193,-6.683554746689982,-6.920681788226074,-7.204687696095609,-7.37491197528898,-7.476233964622103,-7.679279571033161,-7.759826458283131,-7.601841119291978,-7.739742337262578,-7.606636659265935,-7.194015119803942,-6.975203388827818,-6.768637148367747,-5.646391819546263,-5.098365296198156,-4.213429751043759,-2.1273892668019423,-0.9494594753824429,0.15846333452273215,0.8978867366533776,1.878613846786233,2.476577349364264,3.3943773852886165,4.911241050690835,5.8044053060902545,6.413354599312613,7.714691930026208,8.145445222515379,8.34429433233002,8.946888252740683,9.020895656220368,8.909017820054462,9.014347660917084,9.134395523092392,8.999365171616375,8.956939994203996,8.908012858612175,8.70011011937854,8.558339499381388,8.386361845090507,8.16547320217276,7.953628831081668
-5.615638161964512,-5.954984163763128,-6.110256356297619,-6.330195617624353,-6.7520736029902215,-6.9104434009821825,-7.194608738711307,-7.727738415354256,-7.85967214323483,-8.196145058373094,-8.639099027775732,-8.878223821154819,-9.049475340039615,-9.489697385047206,-9.716117810232207,-9.81003273062746,-9.95699525919304,-9.95249843363661,-9.83604407304395,-9.660745599642196,-9.359321530846229,-9.092014215074373,-9.41014899268428,-8.103362449240613,-6.959953618400825,-5.492937535891832,-3.6256327454068242,-1.747725490550678,2.731834483293284,5.094442064905811,5.954278404102398,7.420826043181375,8.514869898034291,8.978694209306077,9.484040109872577,10.027887287521537,10.171603506386893,10.254800062324056,10.291952364669374,10.200159127068648,10.094495879991266,10.041064300946356,9.686438716310626,9.613627058977112,9.476251742980878,9.057011482808738,8.928715756306799,8.676238112960153,8.322089922485985,8.168986042994083
-5.709643178362303,-6.0184585687427425,-6.110874637547673,-6.333721204249403,-6.8992333676271995,-7.271502512335176,-7.568292551858859,-8.140432046939619,-8.361661629090092,-8.726162741482492,-9.205036948076604,-9.42196262310145,-9.615309355688494,-9.941389308508986,-10.081240507194295,-10.132949402625835,-10.195618093657586,-10.075288061648287,-9.794303949194399,-9.440826197020263,-8.97469550701803,-8.041408229218497,-7.615030021219645,-6.396794177284788,-5.422097505777124,-5.803578554097924,-6.378726128032622,-4.9680157534710325,6.521250160116702,5.7274882717830815,6.485751369596741,6.788489115200359,7.957243895941494,8.302431483915294,8.628779287259574,9.013963498617745,9.184152081745797,9.136664228824438,9.187368675379382,9.190493744910782,9.116364866631221,9.05672436330692,8.896576697283376,8.737326251795952,8.609381688241928,8.37734597809501,8.137319132640926,7.946264807344931,7.743194194133845,7.513758001568889
-5.107785032160747,-5.424233644928379,-5.978955065175451,-6.218179832407167,-6.800652000690271,-7.026669850820641,-7.262490262766052,-7.687058129209071,-7.9587983402366715,-8.129351272863504,-8.492369198989126,-8.585516620792845,-8.601171534131002,-8.931275005560886,-8.940337957808918,-8.85406540507114,-8.786280701999939,-8.624829401700222,-8.049504706862598,-7.628673687852399,-7.3958880626956995,-6.257099701619668,-5.64407532562268,-5.0443469003454595,-3.3044253723560035,-3.5697742534162837,-5.274188091495843,-1.1079923314958637,8.061314224908909,3.0399812426928268,6.450248335948746,5.008869068281827,4.922502515259038,5.259452494658669,6.28245885395605,6.337984822186902,6.548006591182698,6.7535402195153305,7.02627574581773,6.976362918182959,7.064856447787477,7.202977662973938,6.986786129775285,7.007002450114742,7.033634683964194,6.743994745211094,6.673172569755471,6.672762081226936,6.34551037259715,6.275346240303038
-5.3185331734217405,-5.7008002746817805,-5.884490399134428,-6.017967956678198,-6.312848822174661,-6.371879557718542,-6.475960151753297,-6.788716533450565,-6.814550937771126,-6.83106196593023,-7.20917116396069,-7.540350113984567,-7.142800846221525,-7.223339994016507,-7.067103818315214,-6.877884116525604,-6.977137515200783,-6.713759647220353,-6.349016630270744,-6.158803811793167,-5.962021512786143,-5.166747899148328,-4.949002292434428,-4.5056776802442995,-3.638186891512246,-4.32992829277955,-5.746090297538317,-5.351621616814881,-6.290446998254775,9.677741877307572,3.5445951355622274,4.046770254687612,1.9716225386131458,2.200724966712778,2.950843380353254,3.194788882669692,3.612470699889257,4.0592046821052685,4.209265326432367,4.444317938502048,4.695952759012296,4.834045642035883,4.896602948163724,4.975516904115377,4.975155649746114,4.82651556164278,4.882861846122979,4.800194602350023,4.717506421731964,4.7008120986389015
-4.939150572716761,-5.154972918491716,-5.203118658056342,-5.3010340862591825,-5.509762868831842,-5.524151991189925,-5.649221665779652,-5.7837907921759575,-5.729269994633495,-5.767967345332779,-5.94749633423604,-5.953114667062329,-5.807918748927386,-5.902495857548149,-5.890603426905272,-5.709954522335416,-5.683442887352319,-5.631898236528261,-5.246792122686936,-5.079417060317699,-4.992038404429353,-4.376154891571887,-4.169658213216876,-4.056027027042182,-3.4260310574191197,-3.735120266470476,-5.228519954755428,-6.4400861714704485,-8.226793020192297,-8.839798459736723,1.7723612463272758,0.597422124294418,5.165404293580689,5.5153431368774335,2.087550050310193,2.9776913472749884,2.851104007488789,2.0463357342273443,2.3758108858459606,2.485635470047998,2.8075446958832795,2.7839438373683087,2.8913890133685647,2.9882333583953145,3.147214009109465,3.2088104351009465,3.265685823633489,3.2296379220879143,3.1923706667659673,3.204401081026418
-4.477916130636542,-4.629874266773158,-4.592143379981005,-4.652064652142948,-4.740422494698,-4.804404462049404,-4.7688878823094445,-4.9794846352937565,-4.879839264988793,-4.921550700592954,-4.9694488703913935,-4.97798211908822,-4.836810384651521,-4.855472475420661,-4.924587563996866,-4.767242214001319,-4.781198172005077,-4.732147677560555,-4.47053271046948,-4.308850240611298,-4.325648973116869,-4.126824456210283,-3.9569667949594085,-3.7867170839022766,-4.870103997740875,-4.5312867615863786,-4.328450407778551,-7.87532167264609,-8.36101455210617,-7.4217381709497845,-5.514199321885137,-6.061599707075251,-4.569704627650186,-1.7850181027466197,-5.614715009277659,-1.5819322926044435,5.635211495843189,4.897240613579488,5.971963862327583,4.376713957317215,4.3587527690957515,3.781401988830358,2.678906810411563,2.031865786699379,1.6137810218993043,1.540517737674965,1.49158386581391,1.4522979472461206,1.5390900577500073,1.6925718549706814
-3.8238261615529567,-3.9304021748271825,-3.8934851340640515,-3.9690817345498672,-4.064676295001217,-4.063723709366434,-4.114831665689025,-4.200254210590811,-4.157267037340469,-4.153134094756499,-4.248413794864434,-4.240316406419976,-4.187838196477048,-4.180951080881753,-4.126727096107892,-4.029789609713678,-4.038534970437954,-3.9473756814949894,-3.8262024384127447,-3.8145590053919323,-3.800097717163364,-3.6316859179172574,-3.6313305349009215,-3.5416462703546157,-3.34702949055112,-3.209900631797136,-3.0875250221413344,-2.943245105161198,-2.5422142487154114,-2.492136877594883,-2.276059536879031,-1.9736036610046437,-1.706213946661866,-1.5340884118672153,-1.3215328302733926,-1.9763742352949993,-2.9528048044557558,-3.8233328024549342,-4.277118611279154,-3.4868057393282674,-3.4564482504558014,-5.765103664964,-2.821071437972323,4.171803332831192,5.823198183542154,4.2082408997239344,4.0196453387423,4.164702773212661,4.0056737534020685,3.370323868146541
-3.3724969056195273,-3.4576709145174718,-3.4587769418867502,-3.513864382277309,-3.580256778803787,-3.5426183040020773,-3.5632677477633505,-3.659938360693556,-3.6108443180007246,-3.6787677935230745,-3.6933737807947913,-3.693487426271454,-3.632183020198691,-3.6577591340008304,-3.6464145743381144,-3.551259710793541,-3.5801451216809266,-3.5706881957976937,-3.494118445497015,-3.4502347343068207,-3.4958332794853466,-3.427892164821313,-3.3547099216241785,-3.357030522857454,-3.214206098165127,-3.151547609170523,-3.08537262906112,-3.0564306827823504,-2.812727874780628,-2.7160770725266925,-2.6234779681834905,-2.418505466850699,-2.2755604266211504,-2.1477693873988812,-1.8705495730443493,-1.6845004694130112,-1.6334505848176966,-1.4948027195007465,-1.385604026630377,-1.2287127189162006,-1.2627387390344238,-1.702789808980719,-2.05457811612462,-2.878011523874347,-1.9526713326284315,-1.3672274581464208,-3.081866878678489,-4.718708902144054,-4.5274456605682785,-4.121547158386395
-3.0769772539342903,-3.196576978403332,-3.1982788627574603,-3.2349036726034752,-3.292897531254199,-3.270900099318861,-3.289620364809126,-3.3754796824714757,-3.3677505270137824,-3.3491834883540843,-3.3653820429296384,-3.4030606131045302,-3.40813820656766,-3.420361771122503,-3.3817390353269556,-3.395276264723397,-3.4458894740420267,-3.4525656935050635,-3.3684858731199343,-3.3639857348975273,-3.3541309383382663,-3.2839491993986774,-3.263886185013843,-3.264880989521592,-3.172247273009148,-3.091118430061918,-3.054463197047042,-3.056549373137684,-2.929805086054571,-2.8304977368771134,-2.7327083105297043,-2.656473663707744,-2.6171081872939657,-2.510653730410438,-2.2773106818804694,-2.2489790205558458,-2.2286568979313146,-2.0611564307910206,-1.9537219894950655,-1.8528958380565197,-1.8121148104031972,-1.7589112203032973,-1.66266282571488,-1.6088629772349379,-1.585025917480005,-1.5496613846010838,-1.487201485592726,-1.4392090724246391,-1.4268278871658153,-1.4246590187136419
-2.828100477336011,-2.9136745971714086,-2.920543278290034,-2.938973481616608,-2.9568436351699474,-2.9810435815640792,-3.007328712914293,-3.082106268595791,-3.0851756698067314,-3.067070465496697,-3.171048554907536,-3.1798458707067536,-3.148248285492839,-3.211976579363548,-3.213604856540731,-3.187066579426558,-3.2134279096887552,-3.2166538432536598,-3.169921925189521,-3.144515238737148,-3.128666167076998,-3.080056130294004,-3.0801647212521632,-3.0657293635997016,-2.996274764225681,-2.987430231214186,-2.979913674787674,-2.949361238896864,-2.860992890897254,-2.82003830944944,-2.809294979092966,-2.710030537006779,-2.677415266353877,-2.643378816999871,-2.5746884458411428,-2.5261846001150023,-2.4459067172215265,-2.3638403920144793,-2.333466213901975,-2.287049078688422,-2.1282954862519476,-2.0918033598069647,-2.0511036078130944,-2.0295592501754176,-1.9507129280133366,-1.9056414833016777,-1.8933884189971923,-1.878588004017522,-1.8643075013985337,-1.8668904004592413
-2.683080330594631,-2.7182895421399706,-2.7323675766717868,-2.763533225049172,-2.807209749525278,-2.8142983094084926,-2.8406524423242705,-2.876312138306508,-2.892196545573726,-2.927398765020974,-2.9527694254673595,-2.9851345000725704,-3.0017803959124616,-3.0573777723458706,-3.0707917914783147,-3.0397420815746314,-3.105742771717433,-3.0963043903203333,-3.048788278947667,-3.053955022002253,-3.048193244794035,-3.019481968868514,-2.9822784653904297,-2.9790557275165708,-2.949028483566907,-2.9271266250279324,-2.9394543101876525,-2.930822680958352,-2.9017041773519674,-2.8812141060822474,-2.865888899064139,-2.8400515586967856,-2.7986698148824773,-2.773422419910464,-2.6944950844489144,-2.6554516905618035,-2.6576374057272005,-2.603581285537742,-2.567540611222956,-2.5433093150693287,-2.46570103869531,-2.422222410474713,-2.3922008354906916,-2.3808905822321926,-2.389217807819715,-2.331186499723681,-2.340428579222664,-2.284620635760423,0,0
-2.5055662231637554,-2.5596210635140006,-2.570579138613767,-2.581373581535617,-2.6415623117587455,-2.651919727807928,-2.656093717418223,-2.7031166446594876,-2.7033903007549043,-2.6990132811173857,-2.7413828319916123,-2.7495050042189044,-2.742209339488192,-2.7762927769255152,-2.805211088190726,-2.8112997548004652,-2.819875384719556,-2.8335797561254843,-2.81830381508697,-2.7969483629851313,-2.8332605841860397,-2.8253271816495134,-2.805628113457874,-2.8102521959005475,-2.7554049408460157,-2.7669899340890654,-2.7689270506455936,-2.7535887223449307,-2.733717524893627,-2.708950710175858,-2.7058813645761925,-2.670276935692937,-2.6409951847084217,-2.6186675020699393,-2.563474782703602,-2.558238600052648,-2.5480499081710337,-2.5485373852240976,-2.5328309587992455,-2.4936266060577714,-2.4687228423440155,-2.454722190433711,2.4157535862189643e+38,0,0,0,0,0,0,0
-2.401772623525221,-2.4415616213692934,-2.4531846453444768,-2.489417881443509,-2.50637729487456,-2.509500649503859,-2.5178843297843785,-2.538845905884326,-2.5300279199378615,-2.541934095439998,-2.5557351741674097,-2.5703183083888264,-2.5408424291233254,-2.5598954327078682,-2.5892185125327476,-2.6023769078404113,-2.6319251119245917,-2.6359271254873824,-2.6346725051073046,-2.652689525228167,-2.655248181881598,-2.6425051102456236,-2.64578962564568,-2.6535771213173622,-2.600712167168326,-2.586848796319562,-2.572100749379991,-2.571094521736718,-2.5684092010497603,-2.567138905954332,-2.561123468118927,-2.5523825878767297,-2.564060073386846,-2.551111308456423,-2.539893517605531,-2.498749967127104,-2.49322853197295,-3.0151357928202587,0,0,0,0,0,0,0,0,0,0,0,0
