jsons/1312722000.json
{"header": {"parameterUnit": "m", "parameterNumber": 2, "dx": 0.1, "dy": 0.5, "parameterNumberName": "Eastward wave", "la1": 40.97354507446295, "la2": 16.46031188964855, "parameterCategory": 2, "lo2": 133.9931640625001, "nx": 191, "ny": 50, "refTime": "2011-08-05 8:00:00", "lo1": 114.97908020019554}, "data":
[rows 0 to 21 of 50, columns 98 to 146 of 191]
0,0,0,0,0,0,0,0,0,0,0,0,0,0,0,0,0,0,0,0,0,0,0,0,0,0,0,0,0,0,0,0,0,0,0,0,0,0,0,0,0,0,0,0,0,0,0,0,0
0,0,0,0,0,0,0,0,0,0,0,0,0,0,0,0,0,0,0,0,0,0,0,0,0,0,0,0,0,0,0,0,0,0,0,0,0,0,0,0,0,0,0,0,0,0,0,0,0
0,0,0,0,0,0,0,0,0,0,0,0,0,0,0,0,0,0,0,0,0,0,0,0,0,0,0,0,0,0,0,0,0,0,0,0,0,0,0,0,0,0,0,0,0,0,0,0,0
0.16802575794333371,0.12328538421847322,0.1099541837693866,0.052171301758122006,0.19398778115971446,0.2668526287100401,0.06083798769782441,0,0,0,0,0,0,0,0,0,0,0,0,0,0,0,0,0,0,0,0,0,0,0,0,0,0,0,0,0,0,0,0,0,0,0,0,0,0,0,0,0,0
0.20143334085013728,0.039320632809334385,0.00210843874012881,-0.06598258044738894,-0.2850445658593257,0,0,0,0,0,0,0,0,0,0,0,0,0,0,0,0,0,0,0,0,0,0,0,0,0,0,0,0,0,0,0,0,0,0,0,0,0,0,0,0,0,0,0,0
0.5684210831790656,0.34629020302067737,0,0,0,0,0,0,0,0,0,0,0,0,0,0,0,0,0,0,0,0,0,0,0,0,0,0,0,0,0,0,0,0,0,0,0,0,0,0,0,0,0,0,0,0,0,0,0
1.4104790586708764,1.3382434499915632,1.2640197393543113,0.7237839863558676,0.6180863718594858,0,0,0,0,0,0.40417716081594307,0,0,0,0,0,0,0,0,0,0,0,0,0,0,0,0,0,0,0,0,0,0,0,0,0,0,0,0,0,0,0,0,0,0,0,0,0,0
2.1891494751066554,2.1382377838491338,2.039886740645807,1.9403569477874743,1.8571257821916827,1.7368956238158955,1.5515327336505262,1.4150055362373934,1.367827689022038,1.2209292043858735,1.1368035667890208,1.0751577455011823,0.9687022000356819,0.9159599638141908,0.8191679597673822,0.7531168677057214,0.716691682845657,0.6408728150189666,0.5376655533864922,0,0,0,0,0,0,0,0,0,0,0,0,0,0,0,0,0,0,0,0,0,0,0,0,0,0,0,0,0,0
2.804014649694276,2.789590188253087,2.732347852552254,2.643395356495804,2.6187218966213477,2.5340198465465975,2.3702039775582713,2.3368669996972633,2.223673197771613,2.08044128725615,1.979312199529169,1.9373215518377742,1.7192582639680143,1.4878216468705094,1.0203370612993297,0.28484871399552597,-0.02129688251978949,-0.6377379418172661,-0.10515794483236217,-0.5881172926710918,0.2464659770339877,0,0,0,0,0,0,0,0,0,0,0,0,0,0,0,0,0,0,0,0,0,0,0,0,0,0,0,0
3.7747406938521078,3.7939349994734,3.753015994905336,3.6009596030311033,3.50260241432586,3.4718333075568397,3.2989241803832403,3.1902202670314836,3.166729875893982,2.978335637236668,2.837707734312467,2.7323357824780747,2.3982822727714677,2.1697362668795432,1.9894505901989714,1.7983625863681976,1.6785722515958605,1.625037171423076,0,0,0,0,0,0,0,0,0,0,0,0,0,0,0,0,0,0,0,0,0,0,0,0,0,0,0,0,0,0,0
4.766714326057784,4.828357230685426,4.841145897304513,4.717867897936735,4.66213371293854,4.595344166997633,4.38325113202444,4.264158071494639,4.135913252030266,3.7838525882784526,3.7014826890553314,3.4409638680267816,3.0931325515587975,2.9292938124207066,2.766625996996065,2.379765229545991,2.204368076221794,1.937052790798399,1.1202832182949836,0.19798354312015184,0,0,0,0,0,0,0,0,0,0,0,0,0,0,0,0,0,0,0,0,0,0,0,0,0,0,0,0,0
6.2375455209646224,6.3605475353306815,6.355606849516474,6.184379166815728,6.23295277895792,5.927298460380124,5.704257293743442,5.572520597016804,5.3334633148634225,4.908772092673295,4.639658846565807,4.3726955087062676,4.101130910172835,3.9573941114021784,3.7976187324061885,3.0612109110996575,2.7118236408058674,-2.010035820422654,0,0,0,0,0,0,0,0,0,0,0,0,0,0,0,0,0,0,0,0,0,0,0,0,0,0,0,0,0,0,0
7.886235224195474,8.083891501978064,8.004275598791256,7.817609441271343,7.844413599630169,7.687578906865368,7.326329190947243,7.174694326842367,7.021261984021887,6.30505994501709,5.9219944665635245,5.733139392855748,5.341789543892458,5.027275260537835,4.67149775848542,3.231713147934028,2.861235971552609,1.8758946851594762,0,0,0,0,0,0,0,0,0,0,0,0,0,0,0,0,0,0,0,0,0,0,0,0,0,0,0,0,0,0,0
8.055822006776415,8.241819049796254,8.270036715544656,8.13658290502129,8.212498987484254,8.032832420617913,7.723900890270956,7.637281651040579,7.430066865018993,6.966378930049554,6.675077202151547,6.486155466968691,5.896699778593518,5.589600289944987,5.313983736519006,4.187359540618708,3.4818755242711283,3.1302658565111647,3.306893191392565,3.737629203625845,3.756285296537601,3.673685902103425,3.5004676594329562,3.4807282567707216,3.3587325746409635,3.37676123957746,3.408657143121072,3.3072425736011697,3.3255143832729788,3.355028898946267,3.342642638907516,3.2749547182953953,3.3077478874479675,3.3707005094970244,3.3463263210374246,3.3412612937996458,3.268285286781053,3.142496607387838,3.1286477611780357,3.060998510740191,0,0,0,0,0,0,0,0,0
7.214278569477564,7.489007780143516,7.548292919244571,7.571160038132855,7.630394135138946,7.594981304159874,7.4081371087112595,7.368458785732493,7.178276963997509,6.871345698812868,6.792182223587213,6.515552988655648,6.032447713188075,5.8394402005191735,5.4945736909870995,4.728746091044603,4.502679344322581,3.9532365283461477,3.415078633218781,3.385496120485917,3.5074246718165076,3.588676204192886,3.8441164021468115,4.140326188369371,4.190855988476573,4.231722999799103,4.210639321169289,4.204701094820324,4.100367808337658,4.076179385418035,3.9969399021370147,3.8829838100902934,3.820090892725195,3.793434020173921,3.6356406041333327,3.5759246127248763,3.4808402519462356,3.4097496679661314,3.3058971762641107,3.219885905749326,3.1359302971879903,3.018219377123417,2.8975950091643963,2.8057652378886684,2.672754316670705,2.4415324913898298,2.287921267503686,2.133049099372346,0
6.261955593838731,6.512012846005809,6.617724124433872,6.773575780185484,6.922803383126753,6.94316256488494,6.854985315591023,6.883813975086021,6.743736755399687,6.444862898923202,6.3358013765885985,6.1999548933339375,5.80683467035932,5.578737112519635,3.9551423315928655,2.515507523276075,-0.23854524611503106,-0.03239775046123708,0.4614500592367124,1.0394372278407549,2.0342041537832616,2.664210269811742,4.115861976594887,4.459388749900321,4.517147001656161,4.41710712917993,4.337520260804427,4.270210459932446,4.042464816985921,3.9844425511151713,3.9214074999512762,3.7613001350168176,3.6630439445761778,3.6345250236272535,3.5287492513120973,3.432445789811388,3.3128066508032195,3.23432343165088,3.194384284473616,3.146805354992424,3.0708352266762966,2.937117126417902,2.843544167595674,2.7465102905124246,2.565763808923156,2.4077536460737208,2.3373628454637254,1.9194247047430215,1.6272646720987511
5.292249734662125,5.397497160798414,5.449596484109354,5.5430506432732916,5.595270355274577,5.605891502190824,5.628778120063855,5.602823160329471,5.641027274605837,5.593728095804529,5.606959861055396,5.63436195084027,5.582752569348747,5.5173833538082375,5.416792681159933,5.23777179221482,5.207185891486669,5.187034688021984,5.079620892911321,5.011752283176378,4.90086891635192,4.800836522157356,4.557353775134808,4.422024672341077,4.34736350365459,4.0794512504019975,4.0034564922176274,3.9153733912949638,3.7942997166491725,3.740646150359171,3.659953080593882,3.5483808971096056,3.45820356998669,3.4245718425825658,3.2723998143230206,3.22259815579112,3.174415346088103,3.0756063094787023,2.9873552378238886,2.929492400339012,2.8888645346530044,2.764662208476002,2.708225040273747,2.6549218747839123,2.542249384652839,2.4474106295407343,2.3519393366060464,2.2059638878405874,2.0095225470696714
5.035151415322056,5.087265846604729,5.085535673843153,5.185160137495289,5.2046358399501464,5.16286892677216,5.063524972902868,4.95628458806254,4.953074605153519,4.8638747323794815,4.812856920995766,4.756896772533711,4.680444877185679,4.643699104957732,4.682717102232122,4.535568401597183,4.472371553624181,4.387273543109679,4.26223671272208,4.21699957523091,4.113831247450694,4.0788854332462625,3.92965366884821,3.851494697512928,3.7422815149179627,3.601113600607143,3.52620246043076,3.4635437929102375,3.3566955468979494,3.2633400625447386,3.214599231893179,3.13632965128654,3.09174152614538,3.0144751559264433,2.9508286606898384,2.9181601685789387,2.87502726919346,2.800543622507704,2.7302480573232897,2.6922666128390427,2.6623586943254915,2.5928382207610854,2.5703830332143704,2.5381734871635655,2.4671040304958685,2.4279264229869155,2.3974097101348923,2.314682515849249,2.278942099506921
4.298400713753901,4.374604538884868,4.408310185149092,4.556340242896273,4.456978778131889,4.388176765807029,4.362278049584755,4.372062420158569,4.3471106737301195,3.990168762735536,3.9654510437743196,3.9177287339238194,3.807096445575489,3.719456527651945,3.710989614508,3.7239936301833625,3.6884574407243202,3.62777905696853,3.5574840642839973,3.5522925129921723,3.499698017646137,3.4677413574874083,3.341441605575042,3.321219246206557,3.2485340880088645,3.147823165053984,3.1014688198728924,3.0554530908250435,2.996313957383825,2.9586828210113993,2.920881752636351,2.852556395240595,2.815643678201681,2.7784851126730348,2.7377262276826646,2.690550173224849,2.660409379013063,2.604476263316214,2.588912404895446,2.534280370146187,2.4976241880393917,2.449656805490525,2.389068096193917,2.3758350234718724,2.3103465681887108,2.294108928749399,2.2694535867678964,2.2170429390297737,2.174353579237243
3.233888168484586,3.401349383500737,3.483287177584602,3.5922337599952257,3.6297798522182574,3.6454790600544293,3.6240868869973726,3.5599934029098677,3.488400185648719,3.3044917166011842,3.2327351755908564,3.1792890074688582,3.0462772038716412,3.042216863322925,3.0299464514712824,2.9915266441698694,2.970628227466817,2.9533940533509817,2.9635476785267745,2.9361273043909195,2.940909225146932,2.936347693416597,2.9082075168502017,2.896341775653313,2.8821494787091897,2.863385356084145,2.8443630087032252,2.8161155651591976,2.7586528992902117,2.736261516962077,2.712120432252781,2.6304705474030685,2.6112362523910795,2.591356843021538,2.5483157212911376,2.508841486305294,2.4878910788719923,2.454621358258039,2.4287673156097576,2.4051067978677114,2.3751897674763875,2.334116490677915,2.308999119807655,2.2871674339485604,2.232215756631248,2.1960232184131434,2.1721754488661054,2.130938190095147,2.104760353030761
2.5394753002288177,2.799267782873734,2.766998998919178,2.7647138362790873,2.8318680001651146,2.8545614559951935,2.8555121089540187,2.8500909720453356,2.794818010094267,2.7152862699625926,2.700417890943715,2.665465225003812,2.6539273828801844,2.641647318893566,2.6323208853520503,2.6123336356476945,2.6025362300881443,2.608893696358338,2.6321335170728943,2.647954320972099,2.6613935061934404,2.6626409452315225,2.657800377507012,2.663985013764671,2.6539376264637164,2.632552727963507,2.6109565740834126,2.6018619335194213,2.575525042727609,2.560179109198808,2.5353007480571086,2.4998996469120174,2.481405459115145,2.461106030291483,2.413221265044599,2.3914071513195605,2.368829659852742,2.3340914291158277,2.3102006667705024,2.2898806013117796,2.2701812361115845,2.2416963421995013,2.205285995337311,2.1818619751277253,2.1545185138213703,2.137045157109745,2.1276886834615985,2.0943974154616876,2.0733195653053573
1.499635458743575,2.0152204573276524,2.0509300640063297,2.120389515512241,2.1805260882763617,2.2264371165014434,2.2528521989733994,2.3170413422147305,2.291447129072356,2.3125566663623327,2.30576264357634,2.301296978957591,2.328118952075462,2.3390540354865386,2.3631146754355217,2.3735930142227493,2.3860251062243365,2.3962375818655595,2.4434605212392158,2.4565090611072224,2.4373600539551017,2.437741851467688,2.428594789855551,2.4172065183812026,2.396492016252828,2.4137718784327156,2.405425137633213,2.4021958676842257,2.4039770147225634,2.387576121256246,2.3704881176169446,2.3409980397065002,2.317329401959395,2.3063060454075353,2.283591024509487,2.272607577471071,2.2668313002176763,2.2494727560695487,2.231359008710091,2.2277507310756453,2.2188004263439915,2.1650154404843076,2.1537814399888813,2.1371513473072534,2.1068894601107258,2.104919524674623,2.0917431650840195,2.0596753056586903,2.037066930925579
