jsons/1312776000.json
{"header": {"parameterUnit": "m", "parameterNumber": 2, "dx": 0.1, "dy": 0.5, "parameterNumberName": "Eastward wave", "la1": 40.97354507446295, "la2": 16.46031188964855, "parameterCategory": 2, "lo2": 133.9931640625001, "nx": 191, "ny": 50, "refTime": "2011-08-05 8:00:00", "lo1": 114.97908020019554}, "data":
[rows 0 to 21 of 50, columns 98 to 146 of 191]
0,0,0,0,0,0,0,0,0,0,0,0,0,0,0,0,0,0,0,0,0,0,0,0,0,0,0,0,0,0,0,0,0,0,0,0,0,0,0,0,0,0,0,0,0,0,0,0,0
0,0,0,0,0,0,0,0,0,0,0,0,0,0,0,0,0,0,0,0,0,0,0,0,0,0,0,0,0,0,0,0,0,0,0,0,0,0,0,0,0,0,0,0,0,0,0,0,0
0,0,0,0,0,0,0,0,0,0,0,0,0,0,0,0,0,0,0,0,0,0,0,0,0,0,0,0,0,0,0,0,0,0,0,0,0,0,0,0,0,0,0,0,0,0,0,0,0
1.2790121792393099,1.1320621573709186,1.079846537100683,0.7726853862536531,1.020641892084009,1.0370196404270053,0.2790857366747565,0,0,0,0,0,0,0,0,0,0,0,0,0,0,0,0,0,0,0,0,0,0,0,0,0,0,0,0,0,0,0,0,0,0,0,0,0,0,0,0,0,0
2.198890853556028,1.88467201275089,1.4597852749320472,1.3517306850798592,1.0027609342544839,0,0,0,0,0,0,0,0,0,0,0,0,0,0,0,0,0,0,0,0,0,0,0,0,0,0,0,0,0,0,0,0,0,0,0,0,0,0,0,0,0,0,0,0
3.253103487664399,2.2705684605341308,0,0,0,0,0,0,0,0,0,0,0,0,0,0,0,0,0,0,0,0,0,0,0,0,0,0,0,0,0,0,0,0,0,0,0,0,0,0,0,0,0,0,0,0,0,0,0
5.085065931716959,4.629232308416746,4.217851856723723,3.0394428155104385,2.820523708825729,0,0,0,0,0,1.9028720471744909,0,0,0,0,0,0,0,0,0,0,0,0,0,0,0,0,0,0,0,0,0,0,0,0,0,0,0,0,0,0,0,0,0,0,0,0,0,0
6.457625839752115,6.344405344028466,6.259152139382019,5.797727007492367,5.592502910409382,5.203213552109358,4.708942315363457,4.476011974687709,4.317126043967465,3.8920773884215505,3.710319374498095,3.62145767892413,3.378489844400846,3.288888338099497,3.115705812530802,3.0294763204759168,2.917203355458241,2.702143034143777,2.2136180705926605,0,0,0,0,0,0,0,0,0,0,0,0,0,0,0,0,0,0,0,0,0,0,0,0,0,0,0,0,0,0
5.874155640811708,5.8313068963242,5.771586132901704,5.562362063714676,5.44321408892047,5.317356946896221,4.964522001185915,4.846082045731402,4.561273084506399,4.266748138405926,4.031093554474619,3.9240133976295417,3.6864773590273163,3.4850393127280337,3.1572834825533036,2.610603954167674,2.2395054386706064,-1.6568270957077853,-0.1690156052571748,-0.7202359079114828,0.5885370871258876,0,0,0,0,0,0,0,0,0,0,0,0,0,0,0,0,0,0,0,0,0,0,0,0,0,0,0,0
4.991773540316342,4.928663226520301,4.90537183807114,4.787558791037975,4.722292963224144,4.580621375255512,4.301368441320947,4.184001558428691,4.062734834877329,3.844448184619867,3.6549962560117923,3.539686956260107,3.1044024732511817,2.8607410509904674,2.733146616177603,2.5298574600471393,2.3919089157610607,2.2223561773134652,0,0,0,0,0,0,0,0,0,0,0,0,0,0,0,0,0,0,0,0,0,0,0,0,0,0,0,0,0,0,0
4.356220324268548,4.314187435027917,4.237494362375204,4.1045432709785326,4.017207946869383,3.910609082827482,3.7518726846190487,3.5990604927000334,3.5145539108283357,3.25884128774247,3.147991450112869,2.9812922912357664,2.718659862310589,2.589098985238428,2.372834956130318,2.1165600824968354,1.9963657350071002,1.8988650378839396,1.4482268497586035,0.5355501146390179,0,0,0,0,0,0,0,0,0,0,0,0,0,0,0,0,0,0,0,0,0,0,0,0,0,0,0,0,0
3.597728393360203,3.5540408068128797,3.5284975932519815,3.4361640228149826,3.3732799479560858,3.34488109969596,3.170628201733681,3.0551162005634755,2.9285772172489426,2.642643012753364,2.517872432003788,2.3788310424079646,2.187135640378749,2.099333230959627,1.9490304670957355,1.8098809724405867,1.5236575158577528,-1.8804805778754745,0,0,0,0,0,0,0,0,0,0,0,0,0,0,0,0,0,0,0,0,0,0,0,0,0,0,0,0,0,0,0
2.766919813414501,2.7244957487551003,2.7198149544813033,2.666620154395928,2.6086797512436064,2.568829313344206,2.488845851316876,2.397602186536293,2.323186628452582,2.1399134847640293,2.02798503851315,2.0087092528713364,1.9821895002490226,1.9783725073494323,1.8072301901855132,1.3771157396276372,1.2278634373232586,1.1486299440172576,0,0,0,0,0,0,0,0,0,0,0,0,0,0,0,0,0,0,0,0,0,0,0,0,0,0,0,0,0,0,0
2.422343985781584,2.4439006531030674,2.449639172204728,2.4400189942986827,2.4418458279825472,2.418029178887813,2.3671944583582145,2.314253316858966,2.279391948823519,2.2151596167459635,2.148605554038186,2.119673688783288,2.0517474152104023,2.026486823343454,1.9544765367885133,1.793955076460322,1.5958824441200574,1.5931048017260525,1.6952993902720974,1.8393787335767025,1.7421783916281555,1.7770297574126888,1.7894186072629934,1.7963634170655471,1.7638671439231317,1.7855475076601195,1.8044655441526185,1.7180041362882033,1.7593754398790311,1.7906508329129214,1.7881914114975483,1.8283123300618869,1.8431094559767984,1.8901550667624722,1.9102293099757564,1.9272526351396453,1.8808375488725433,1.8512389567159362,1.8389779189390068,1.787851866317788,0,0,0,0,0,0,0,0,0
2.099745691899316,2.185321302067694,2.1951841028814583,2.1940016384041456,2.2007887786084765,2.201003114245968,2.201393208051228,2.193321081801142,2.1748178955887547,2.1397122781193825,2.1234625734930117,2.0865685345575113,2.0029506697487505,1.9661873056983454,1.9021012155258366,1.8498023830345676,1.8338694253804138,1.7901677032217518,1.7736851875402653,1.7794268567434466,1.8753982026634015,1.8902587797999733,1.8795763128370426,1.9287384334427404,1.9320000117992153,1.929178465316203,1.9329908661482762,1.9327316215317158,1.9522794711447566,1.9524452832104469,1.944754916435876,1.9444532689365246,1.9388529526217269,1.9316850658410287,1.9116122929818924,1.9020435258668407,1.8707052538460405,1.8598998571494707,1.8346851016043175,1.8091813069142981,1.798346632030182,1.7672943015336378,1.7177997767595796,1.6948964703059344,1.6369839482509976,1.5054353803645364,1.4412966753975482,1.4207307078305487,0
1.7528158679812993,1.9355958908806776,1.9331000322183358,1.9578628338034432,2.029851087273299,2.032147943992871,1.998684233974083,1.981698721097144,1.9526953699409937,1.9040385861386973,1.8825520415449906,1.8622709770305752,1.7798054165486785,1.6639670726099016,1.2111946540565126,1.5526325733592417,-0.4853930377915538,-0.6316662924771521,-0.2565480665097775,0.1192368194620002,0.949260427243957,1.0234903736475842,1.6131986457931269,1.7865684034991829,1.836181363614343,1.8752046271736407,1.8606616321938405,1.8543382432093942,1.847676364778087,1.837062744962883,1.8344743545882318,1.8051844416671319,1.7730099419242111,1.773768922439784,1.7873579497040804,1.762723714531681,1.725576477457178,1.7365528127283127,1.7458151296678026,1.724951554458472,1.6928054732922306,1.6780708528843653,1.638601278884352,1.6215759180092018,1.5425428147127278,1.4584165582349753,1.402596579032401,1.2361108025362229,1.0356205826921274
0.9289800282718371,1.149225660824694,1.2858043382647095,1.3396105546711368,1.4769572713538748,1.5126858729887314,1.577060363699636,1.643910159326542,1.664746072204807,1.6866578681995927,1.77614972252535,1.7880189368726531,1.8005640154069975,1.808577635828393,1.8240511034063063,1.8250457149998383,1.8501763217204767,1.8664446932657976,1.8759349975075807,1.863229034749499,1.8443217596747028,1.815263493823817,1.798254262158507,1.777049204385519,1.770086102291607,1.7206421054517793,1.7177166363989766,1.6956951852862348,1.6919308002801334,1.6853699445164496,1.6718054576577057,1.672823055877961,1.6692980835647966,1.6655686606831404,1.6482335524126526,1.6430585699245517,1.6319981714703131,1.629177230806766,1.6155263632579642,1.5975182477087952,1.5971122091116166,1.6018019397380652,1.568221358221861,1.547113898148826,1.5202887367419817,1.4679650829856974,1.427699465832164,1.4402396222185334,1.3563068459353773
0.6237630615380569,0.8273579875391484,0.9132852869941998,0.9977506347349727,1.1223433944250834,1.1537915888445824,1.2286125484280639,1.3256790332853337,1.3647308676621508,1.419750130003759,1.4730245175821908,1.488594953671031,1.512878074131683,1.5341907411953095,1.5487088566589207,1.5487903474411329,1.5707553370460432,1.582475354360195,1.599985011695437,1.6103022790110941,1.6247071055650757,1.6249345392205936,1.6097071556579516,1.5992484455094294,1.5844239727586609,1.5682133310452548,1.5626496581468097,1.561413986164823,1.5597715643368588,1.5595820952593227,1.542355342128665,1.5408481920836197,1.5379987820371062,1.5283925339490185,1.5363309676917556,1.5339292518423555,1.5331908396935123,1.529711117241862,1.5271993379651905,1.5039608821843884,1.4989467465431765,1.4898718497138612,1.4914676584786262,1.4884956544504875,1.4689073451920756,1.436514393035606,1.428008178314226,1.4196020168352856,1.3959681494214633
0.480883891162825,0.7195358216344542,0.7821512265649899,0.8853627359974611,1.0231683403251386,1.062263389909925,1.1221760428062657,1.180242206768647,1.2023500997804473,1.2206680922228557,1.2690434682145364,1.287380910132126,1.323720033116709,1.337158301032797,1.3774877064109334,1.394488509237043,1.4094489667517998,1.4246085693785773,1.4435720707331197,1.4619964024570233,1.4899916733037215,1.5030115764684466,1.4969039630937926,1.5035643749745768,1.4969483071828773,1.4837786412723377,1.4754662756170853,1.4718601871996897,1.480376877276976,1.4866020714516235,1.477829855206023,1.4814756883696494,1.4836268443498695,1.4941009264973082,1.4950606766657308,1.485372420351738,1.4711517715741593,1.4915675445629284,1.4804840365179697,1.453654149654616,1.45069958538371,1.4485076724892656,1.4293801076806503,1.4150810106379237,1.398993292308137,1.370458309464089,1.362686874360357,1.3542350898031317,1.3281429229574402
0.4916004789046732,0.7006501560724212,0.8129731283495336,0.892009659703377,1.0064767996615613,1.0188183242108624,1.063549164698195,1.1548143267891657,1.1705847557968274,1.2049394875935648,1.2304752454311674,1.2507008997671516,1.2328391719317946,1.2656375809546867,1.3037318078232472,1.3230034298844968,1.3380325131445967,1.3583549701825257,1.3915402229478373,1.4093592138077677,1.42823781390944,1.4366293668093704,1.4356728485586516,1.4500199381833678,1.4397655868833668,1.4570131833298214,1.456004427666809,1.4605702810555394,1.4645417048803409,1.4641605877056731,1.4602344543185322,1.453304054637118,1.44131166113935,1.448189040751321,1.4628142882006745,1.4530692810616221,1.4469570467978674,1.4631976686804669,1.4599951768921648,1.4573976091225276,1.4610985519446862,1.463362089544745,1.4503884043233948,1.4431577173966548,1.420945196465589,1.387678890745832,1.374625911708442,1.3606361772953153,1.350967815035984
0.5443073835720477,0.812370552061906,0.9190262965407142,1.0167297217806637,1.1242365416608635,1.1916407864066787,1.2191240004815727,1.2717803562984342,1.2901064955350363,1.2937331497005224,1.31218247266427,1.3101855348104243,1.30747650951043,1.309067555825917,1.3233341685045668,1.332746410510196,1.3407452296123528,1.3510721803968966,1.3675775394281102,1.3756038335865457,1.3854830414033787,1.3854883500253747,1.3950611080119755,1.4034929621360426,1.405343349050274,1.4220093261560334,1.437540094764517,1.4454353098519828,1.4596751556888765,1.4611230080404414,1.4584970020708463,1.4577910803561351,1.45666759933602,1.441119599996908,1.4390665513215488,1.4303510470462635,1.4390617276324527,1.4446651567515423,1.441431237997332,1.4326924669660523,1.4282833761343598,1.4304670938469768,1.4193004262050588,1.4159264843839339,1.3998275061608658,1.3894855552256766,1.390070684290171,1.3820523553871107,1.3649587383348647
0.619156627803658,0.8874392951437573,0.9919335558814979,1.1180175125476794,1.1657292028339366,1.2088899923565914,1.232790949723083,1.2885328444131643,1.2777917380501214,1.2848642011191533,1.2766893063189426,1.2779915175636356,1.293904362150334,1.305408353958294,1.3211785705031405,1.3277681998578486,1.3297322405130063,1.336634051892851,1.3626978849067726,1.3707278200965725,1.3748458471148426,1.3813459216412087,1.3903234591970912,1.4077228686909362,1.3983371681330339,1.4101051468550911,1.4106333059942908,1.4085358001742303,1.4233914436616577,1.431556213933871,1.4314367967120751,1.429741906303963,1.4266629873822356,1.42382643955171,1.4298561542236208,1.4222088073914256,1.4156097914962091,1.4244214029906537,1.4208810048764373,1.42238338530773,1.408314646110299,1.4006243280381026,1.3862524986873894,1.3858838592950606,1.3971157989348975,1.3958335560911033,1.3990054636404414,1.3807048269506954,1.373093739520281
