jsons/1312840800.json
{"header": {"parameterUnit": "m", "parameterNumber": 2, "dx": 0.1, "dy": 0.5, "parameterNumberName": "Eastward wave", "la1": 40.97354507446295, "la2": 16.46031188964855, "parameterCategory": 2, "lo2": 133.9931640625001, "nx": 191, "ny": 50, "refTime": "2011-08-05 8:00:00", "lo1": 114.97908020019554}, "data":
[rows 0 to 21 of 50, columns 49 to 97 of 191]
0,0,0,0,0,0,0,0,0,0,0,0,0,0,0,0,0,0,0,0,0,0,0,0,0,0,0,0,0,0,0,0,0,0,0,0,0,0,0,0,0,0,0,0,0,0,0,0,0
0,0,0,0,0,0,0,0,-0.13515124618635152,-0.22968436000607917,-0.2730258487216726,-0.2700043240659179,-0.2738096981376215,-0.27922286192089013,-0.2749996435834509,-0.26908357834205404,-0.2611013314015105,-0.2534220069379632,-0.24766887203882804,-0.2507402067994144,-0.25267641298363086,-0.24258841138322904,-0.23716310215546665,-0.17108455528138822,0,0,0,0,0,0,0,0,0,0,0,0,0,0,0,0,0,0,0,0,0,0,0,0,0
-0.23597616806886704,-0.15662720382290876,-0.2660892122600921,-0.26553463664058163,-0.2898020814343359,-0.31480464574647904,-0.3398839369565328,-0.37852369072129355,-0.38175132729676964,-0.39238979587930783,-0.3990324158090968,-0.40125950643560365,-0.4049839904810057,-0.4044414010904692,-0.3945928897721307,-0.3828292506004299,-0.37997638559265057,-0.3686980536384898,-0.34842175899436956,-0.3272322655552528,0,0,0,0,0,0,0,0,0,0,0,0,0,0,0,0,0,0,0,0,0,0,0,0,0,0,0,0,0
-0.4240998998874409,-0.45062890707030995,-0.4715133479243839,-0.48361281628777986,-0.4770285660478946,-0.47652010731415706,-0.4789383765536175,-0.46207318157615357,-0.4560393496507421,-0.4545601441346373,-0.4453059735720241,-0.4383732078463623,-0.43487286938786573,-0.4246998715689305,-0.3965150305313969,0.34631633495749486,0.06937578962481411,0.26546723973884484,0,0,0,0,0,0,0,0,-1.2494059368807214e+38,0.1898262651228559,0.13039398965172047,0.056320643970626014,0.08673688856148355,0.06813374314110247,0.06063157756070268,0.04634148964885633,0.05032066426680026,0.046060980444397485,0.08731220310382116,0.26566732577896685,0.3955858546466874,0.5388122340656742,0.7613005419023595,0.8413188148548988,0.8197954770806217,0.8362944651388363,0.8791980638957628,0.8591792534553108,0.8431595715268942,0.8342924453993452,0.7739115815678052
-0.5157793611663963,-0.5294391514685586,-0.5490934705987831,-0.5445140069665579,-0.549967012057919,-0.5995433994011744,-0.6185541807912517,-0.6678638587981889,-0.6659982614156197,-0.8349397380948715,-0.7121210811247636,-0.5380124775365411,-0.5201336703450455,-0.5400307159142039,-0.4663072262906613,-0.5134674173167353,-0.5496529403310744,-0.4002595453461946,0.06481378195088915,0.205219728500764,-0.9387886331686371,-0.13307801067372152,-0.22866069948761303,-0.3203527358131924,-0.470475082887993,-0.5348771598421396,-0.5908400843834667,-0.6133352801255836,-0.6480108974230006,-0.6582351100016002,-0.7065042092858523,-0.7161146880457985,-0.7262007179129327,-0.7568928038049199,-0.7341775546232822,-0.6510735450039733,-0.5958137658755679,-0.26328748831311233,-0.11773700442067736,0.1797955569274465,0.6893130479280699,0.9603757577345913,1.0200956546637787,1.099183178194547,1.1576423664880422,1.1501029229910535,1.1465298179087078,1.0880201551737054,0.9682817556183679
-0.6297780545537242,-0.6637554759821207,-0.6656433947166484,-0.6672049264699363,-0.7051102398394457,-0.7060361931932011,-0.715503994987756,-0.7468090270428075,-0.7743641646765551,-0.7540896953441105,-0.772598992249882,-0.7898483930188658,-0.773996802431567,-0.7875540916962103,-0.8019588965476727,-0.7786399653403215,-0.806493168998406,-0.854473376082021,-0.8940813419138808,-0.9143635237452167,-0.9539551376453415,-1.0432162921567698,-1.066942733726183,-1.1151313224278394,-1.1278926244418943,-1.1628449293215517,-1.181500664165753,-1.2004346854858103,-1.2277909773332012,-1.232028469511353,-1.248543786963981,-1.2304696507429702,-1.2269408604298915,-1.2100264416724866,-1.1952459524714314,-1.1419009070774797,-1.0839026468589599,-0.8288373800412043,-0.5950806989713938,-0.3437842683460361,0.7350770311711313,1.047221708579424,1.1495779063376586,1.2455571707626336,1.2744619166786983,1.2527567460659317,1.225150281473564,1.1853045666718305,1.0409921310154604
-0.7112424872008912,-0.7490815296151093,-0.7704607638077928,-0.7942459706226811,-0.8437393253212302,-0.8590326226582643,-0.8714841686214432,-0.9026208438139206,-0.9031891976439725,-0.9174993440178372,-0.95682976550802,-0.9915159179181453,-1.0021062276804336,-1.0499514415358648,-1.066281969986176,-1.1191246133710508,-1.1431458819059492,-1.1836037979115823,-1.1975387959953607,-1.2224178913281318,-1.2609443579790593,-1.2747765536035547,-1.2906651955375505,-1.3137861069023022,-1.330930847739408,-1.3524366709130589,-1.3636037856321452,-1.3803055842557486,-1.4129572616205275,-1.39183836426092,-1.3909859145485162,-1.4020743027477252,-1.3662315059545524,-1.367891223310977,-1.3601890918496444,-1.3516045049941725,-1.3239148340056404,-1.28638140147828,-1.1650797209487402,-0.5942276216593128,1.2637930867774076,1.2288126706466702,1.2249000624252677,1.2219735960631994,1.2108835571308583,1.2371898925366174,1.2180250172508074,1.2001906165483287,1.1677474140187196
-0.5431043258478455,-0.5132771074597144,3.2640146939824966e+38,0,0,0,0,0,0,0,0,0,0,0,0,0,0,-0.9436710934104714,-0.9823396464853666,-0.9739385101298419,3.4024867280283886e+38,0,0,0,-1.047833957845987,-1.127879049184897,-1.1386322006993441,-1.207991229331157,-1.2599034105763816,-1.3264159252628585,-1.3478799248002664,-1.351497727508488,-1.3325652490885938,-1.3202064888332379,-1.276834150102357,-1.216822476048581,-1.160588987569733,-1.1593783809496032,-1.2283065720368271,-1.0978703792533302,1.0805781582040475,0.9478384887855331,0.9313381659671537,1.0095360460196303,1.1351053710830232,1.147161227152916,1.1640738232742331,1.1764757720891321,1.1853270344652962
0,0,0,0,0,0,0,0,0,0,0,0,0,0,0,0,0,0,0,0,0,0,2.891599100992016e+38,-3.327201724906607e+38,0,0,0,-0.7745491747464441,-1.0319812529939258,-1.1597843845622942,-1.2095045900485875,-1.2128563847769076,-1.2152653504235207,-1.1810794365328308,-1.08751829548349,-1.0199533082923946,-0.9048104259159161,-0.6665679876142713,-1.0204058709702086,-1.1768823103238273,0.7224083333651509,0.90318602938257,0.7017116212349142,0.7070116710146042,0.8564251464494642,0.8860816059804972,0.9208266728051391,0.9401976521865543,0.957727194344165
0,0,0,0,0,0,0,0,0,-0.2579975239269438,-0.10539183309549552,-0.431633610765612,-0.46753437125642533,-0.5618951585359827,-0.5681902198311278,-0.597048682059502,-0.5845595147141646,-0.6043163187202613,-0.6651267506258413,-0.7088792855023922,-0.7439114636837695,-0.7872086845726421,-0.8154797302417262,-0.8948042391255122,-0.926784894658372,-0.9733465194571168,-1.0308143104491947,-1.0494620608846361,-1.067685084658022,-1.0996132551477813,-1.1144278843097621,-1.0681589053080014,-1.0414391437817478,-0.9998869503007367,-0.8531005853617809,-0.7422667721184728,-0.6565960279109382,-0.8165952224195743,-0.8779404141465444,-1.0940554751000757,0.6409109815556504,0.623871329404115,0.5852603038426215,0.7231800678163076,0.7528696220453152,0.7877979807669974,0.8243074428343475,0.8544007012093987,0.8383425213285842
0,0,0,0.12659035517322234,0.0207107669288285,-0.17481590323124335,-0.23311440917628287,-0.32708882384830473,-0.49619343995455756,-0.637064511998082,-0.705318419948614,-0.7650349442777997,-0.7856040420743704,-0.8189615233527654,-0.8335998673449732,-0.8547972706871639,-0.8591698088400467,-0.8862070098742677,-0.9034560471163977,-0.9177404776467252,-0.9442881535840635,-0.9645702323912324,-0.9800328762183694,-1.0070435068336265,-1.0268100561428646,-1.0079607394447923,-1.0145135628517299,-1.0056883156983534,-0.9684548786809692,-0.9629294628310716,-0.9486883540643839,-0.8839799993624242,-0.7897504170548926,-0.7521859454354717,-0.605559779879974,-0.5239096939462308,-0.4467744905734746,-1.0320826173115027,-0.2487200441033799,1.0370887871446086,0.4859257150893991,0.35094217928940885,0.4388366818231835,0.5402855417561301,0.6412471500934255,0.7038261038976936,0.726661549005915,0.7520481192785807,0.7628650968689873
-0.3671075082495206,-0.4222882317164998,-0.5295746170789322,-0.5960513683543213,-0.6316362573525479,-0.7106715494709016,-0.7279002838561219,-0.7739149010367681,-0.8040634178481177,-0.8476901167408276,-0.8944883083594097,-0.9308165133622599,-0.9537506224505607,-0.9661504574153909,-0.9772018316567985,-0.9791852838535526,-0.9837242695020887,-0.9899203805962057,-0.996534935519329,-1.0088758886820661,-1.0295256659957293,-1.0168773876909414,-1.006705297197413,-1.0122639635700073,-1.0098789873055132,-0.9660398250527547,-0.944559907135122,-0.9131197190062021,-0.8219301664833961,-0.8109063819711493,-0.7896292418083243,-0.7279502247110092,-0.6849132431354044,-0.6384784753003496,-0.521990090699444,-0.41189025164629606,-0.36748138939829333,-0.601679288846672,-0.29006576444284304,-0.7185831029951455,0.5697802168340865,0.3129761421726146,0.3411414161567832,0.41065093571615746,0.5244592730286769,0.5523614420438593,0.5762015291657832,0.6070672580344976,0.6254038976330011
-0.6214822804787024,-0.6538470694814064,-0.7036222446214898,-0.7209388398870231,-0.7648714581584167,-0.8001005090049913,-0.8296211787142063,-0.863296367883925,-0.8876890356499433,-0.9187625397342452,-0.9425119025861105,-0.9605122183796874,-0.9780057929633252,-0.9946197202965004,-1.0046604324929314,-1.006496847513618,-1.0244017103130265,-1.0436899955578522,-1.0544777871844875,-1.0481416628015632,-1.0545787029882348,-1.039991633611983,-1.0282013150389115,-1.0141554973225373,-1.0016524680722132,-0.9522048097533824,-0.9150900569715226,-0.899556785614761,-0.8336456543953396,-0.7924049914883545,-0.7476114709335611,-0.6212291452825883,-0.5976954495214729,-0.5669059674355535,-0.4719827271849914,-0.39070054265255927,-0.3563250842130379,-0.3322415700369034,-0.4171173864734016,-1.1095321907254538,0.9597016947713264,0.6514356684755912,0.444816432069762,0.326555514735688,0.3927734657879995,0.4453265626212684,0.482278155313192,0.5318004402310369,0.5419173481512087
-0.4181571007259638,-0.49118388314667055,-0.5301255401401298,-0.5954064806762649,-0.6647841469209185,-0.7098032617178143,-0.7443069736461826,-0.7732483606308918,-0.7848678019201681,-0.8045015443017894,-0.8391729455225407,-0.8535891937705073,-0.8720549777678338,-0.9075939034346805,-0.9181175933802932,-0.9328363929002064,-0.9550645405673289,-1.0102750897024506,-1.0320596337828702,-1.05189871326988,-1.0710169037953736,-1.0589789609017115,-1.045616751715663,-1.0293216897818656,-1.0075251241260612,-0.9337431442022005,-0.887474599573503,-0.8378136293745181,-0.7854986677597534,-0.7419352810497188,-0.7160908259891817,-0.6510731244789573,-0.608439141812198,-0.575154397015062,-0.4795620549313387,-0.4487423835458014,-0.38918654237398925,-0.2983732774223905,-0.25914599607989053,-0.1992379935106557,-0.32040736074521015,0.9594850288607856,0.5339054709133905,0.5102569497586946,0.2913610752784494,0.3264588401773453,0.36848103303177404,0.4568547575653653,0.5068367739872393
0,0,0,0,0,0,-0.4637619165344682,-0.6007589248999848,-0.6562007938018325,-0.7007248346198055,-0.7323516204391753,-0.7447148345976149,-0.7591618919351989,-0.8067928088667495,-0.8356541009569562,-0.874592009447231,-0.89038917861467,-0.9227971772036685,-0.9498147473779572,-0.9655651410049141,-0.9904807587209551,-0.9745878088575083,-0.9544999239101267,-0.9363230035538365,-0.9173290138905509,-0.870044232626437,-0.8565741937301239,-0.8307667964427812,-0.7842565178145761,-0.7561032760673041,-0.7345064519394172,-0.6818410729857887,-0.6558884237971949,-0.630385131898157,-0.5515679045339681,-0.5185961902562364,-0.48201029230196146,-0.38225608197464717,-0.3410813875329943,-0.3143000267001984,-0.9068744359129067,0.77398916840336,0.9455438211800452,0.29465592208999025,0.3261963056832884,0.3466543603532481,0.3994961689818395,0.5100955692446466,0.5456609154329842
0,0,0,0,0,0,0,0,-0.3981902960241238,-0.5229571257976178,-0.6142424621616045,-0.6298425975788247,-0.6269019372806731,-0.6658057285404984,-0.6880426588944806,-0.7363619661763121,-0.779169865291953,-0.8390217796661231,-0.8663910018860755,-0.8860934707086766,-0.9279368513839146,-0.9446313066870528,-0.957192706509445,-0.9669633945172498,-0.9588452409903789,-0.9350397000724371,-0.8925361819128627,-0.8768766163992553,-0.8410464697285323,-0.8277021843571927,-0.796363333164656,-0.7324666761485163,-0.7123721824143862,-0.6787881460896719,-0.6001965471593951,-0.5598409674930321,-0.5351654565760307,-0.43344806405388325,-0.402893587408262,-0.3709679581054774,-0.25701663469123204,-0.20367884936684685,-0.141770925116682,-0.6723217357679042,1.0650807285396566,0.6154734709206544,0.32515104637495446,0.37160420700583535,0.4502121623669024
0,0,0,0,0,0,0,0,0,0,0,0,-0.2016548826570504,-0.17342271753910513,-0.23840271678940209,-0.3588595709200126,-0.44675526402078897,-0.5868241901211776,-0.6628827998614842,-0.7150269777418825,-0.7824261723406649,-0.8131733134484179,-0.8223761601022258,-0.844665400431934,-0.8559195356039624,-0.8605772249715063,-0.8725144980966051,-0.8602229108286829,-0.8473373375979911,-0.8423641978769582,-0.8223651086741175,-0.7734926524635811,-0.7221993639329771,-0.7198347488612864,-0.6846350397068713,-0.6585654223175541,-0.6142901345526577,-0.5283041455759826,-0.47273020918692077,-0.44375584390769884,-0.3376808429332373,-0.2624811699443248,-0.2339140272297111,-0.23368526756888156,-0.1279640052168181,-0.14299908271836784,-0.8252434559061308,1.0607755934941323,0.5966054294298151
0,0,0,0,0,0,0,0,0,0,0,0,0,0,-0.2153347973090808,-0.18708118056514214,-0.33607510504528104,-0.44292378367467794,-0.5295149122300377,-0.5863575043507293,-0.626076118208858,-0.6627897760362549,-0.6858901491621466,-0.7228448162045238,-0.7488583360888686,-0.7800304703138025,-0.8184403945411676,-0.8329026175752894,-0.8400772353441676,-0.8437525126095387,-0.8304477345212572,-0.7897059526014353,-0.767747552837051,-0.7466860485991137,-0.72543329019678,-0.7003563128450349,-0.6699616584846037,-0.623464849089014,-0.5890965598014027,-0.523193858259231,-0.4898118351462131,-0.4242631953627569,-0.33418903724271065,-0.29770270097985163,-0.14658421783231,-0.5871922114081621,-0.7150446107312799,0.6198777170072494,0.2605320279543727
0,0,0,0,0,-0.004753970182991705,0,0,0,-0.008882184896117652,0,0,0,0,0,0,0,0,0,0,-0.24309842481496383,-0.4347001837115488,-0.48858686159079445,-0.553861563801285,-0.5857212200774112,-0.6239982470815172,-0.6616351569998344,-0.6941887785200961,-0.7516302647853804,-0.7899256007977576,-0.7945803893461009,-0.7910162800338246,-0.7963014205674063,-0.7983311129635648,-0.7907832990449261,-0.7806656082271837,-0.7849092902209714,-0.7091704271575564,-0.6794954586076472,-0.65807256937187,-0.5853857048701518,-0.5476158236011539,-0.5056963522287581,-0.44888520959388195,-0.26021658209917514,-0.4027167113586995,-0.6683935340643865,0.8067551569064948,0.35127477331870494
0,0,0,0,0,0,0,0,0,0,0,0,0,0,0,0,8.99992029248646e+37,-0.022760442872497583,0.03358414729393004,0.05331999459685635,0.051604043292877565,-0.019981336401954524,-0.09045856235527161,-0.2085701986395659,-0.2844519802363716,-0.39362959682029325,-0.5004787730193626,-0.567558647446636,-0.6768313815573913,-0.7377015316511772,-0.7701304751328117,-0.7941431132781414,-0.79434120688192,-0.7773139912714774,-0.7428533920952317,-0.7382636525259032,-0.7077606686700876,-0.643045211946604,-0.6221101905518034,-0.6073303492503555,-0.5495292414361269,-0.5266598590575624,-0.49419166600998365,-0.43789949513696774,-0.2750389608314157,-0.45321528335205713,-0.6079768699080983,0.2616312758757116,0.5666045681421251
0,0,0,0,0,0,0,0,0,0,0,0,0,0,0,0,0,0,0,0,0,0.06307036688498285,0.04235692806002482,-0.03524572531369431,-0.1548437866674266,-0.31484170925777905,-0.4233324976758888,-0.4798142170403,-0.6053356218464507,-0.6430839024902109,-0.6882791383020528,-0.7604983130066787,-0.7863180824324327,-0.7874812049849673,-0.7450069645182492,-0.7220895194071737,-0.7015573762930413,-0.6925132404192414,-0.6489000584220872,-0.6325725676218432,-0.554923399411372,-0.5139149280031321,-0.4613818934386666,-0.40630455927175047,-0.38856901069711075,-0.5768396271855805,-0.4909898884913706,0.2643418636605765,0.5290065605822968
0,0,0,0,0,0,0,0,0,0,0,-0.01797248699276803,-0.023894472524062606,-0.030636395539328357,-0.032093605787416754,-0.036354701276026746,-0.03572100084499583,-0.03479457425340871,-0.025907510584669696,-0.03508470523036112,-0.04510819390625221,-0.19647039552162898,-0.27174745734972244,-0.3731751227960703,-0.16375130804302654,-0.246627975309939,-0.3784262796784911,-0.4606515015066482,-0.5070861422812512,-0.6024333744120001,-0.7350219453428154,-0.7980222465847483,-0.7845180859445913,-0.7287027527653595,-0.7033522198820727,-0.686856849094651,-0.6683696678282667,-0.6120020695784897,-0.5531449517533862,-0.5499841009066129,-0.5874512755896084,-0.5658865071710982,-0.5651349459093573,-0.5679912695683399,-0.5244303998233169,-0.5621176580579195,-0.6252023282213892,0.811841219385468,0.6308613484488259
