jsons/1312650000.json
{"header": {"parameterUnit": "m", "parameterNumber": 2, "dx": 0.1, "dy": 0.5, "parameterNumberName": "Eastward wave", "la1": 40.97354507446295, "la2": 16.46031188964855, "parameterCategory": 2, "lo2": 133.9931640625001, "nx": 191, "ny": 50, "refTime": "2011-08-05 8:00:00", "lo1": 114.97908020019554}, "data":
[rows 22 to 43 of 50, columns 50 to 99 of 191]
0,0,0,0,0,0,0,0,0,0,0,0,0,0,0,0,0,0,-1.5745762433764208,-0.7810704926460978,-1.8191063249637087,-0.5298690331338304,-0.6459416821689564,-1.9270376243151688,-1.397198133489291,-2.7449943719198218,-3.157655829302854,-3.4669797421988444,-3.977937286135676,-4.2289063640696,-4.282978285171325,-4.447881811046285,-4.47816942083618,-4.498110411592567,-4.558412357585854,-4.621121011697734,-4.435333897046827,-4.225808522142027,-4.103544396009395,-3.7904746569947045,-3.4391124074411583,-2.8972381869527153,-2.3967636241142687,-0.9668996500053177,-0.42109655121559864,0.1808606314191042,1.7364600693356431,2.937774742656857,3.628009201841476,5.1226892115846985
0,0,0,0,0,0,0,0,0,0,0,0,0,0,0,-0.5501178913528167,0,0,0,0,-0.7608558561360058,-1.6476373960073905,-2.264536190211195,-2.6804427111819416,-3.0198340768247114,-3.783229457639715,-4.199374901149482,-4.57120327108429,-5.012414035191288,-5.24355936318057,-5.448365330916195,-5.780142420614496,-5.881485369807616,-5.991903486694595,-6.096891693112969,-6.24364243089785,-6.214529456415582,-6.206008013417823,-6.221122356586962,-5.839439646191552,-5.5616317037583105,-4.874374572084308,-4.513971498049715,-2.9067667067166116,-2.1513681309485895,-1.2983223373200372,0.2643171659525445,1.1401167591479564,1.7325577965579109,3.3384230074072447
0,0,0,0,0,0,0,0,0,0,0,0,0,0,0,0,0,0,-1.3716341267789058,-2.0042690612747522,-2.1468418083273932,-2.5176765568364954,-3.3420515029248645,-3.766772501051443,-4.22294504585018,-4.7441559590473,-4.938735840763386,-5.211537038395658,-5.5579835299883955,-5.73087536336513,-6.023933402746066,-6.372445961596212,-6.5047361294490305,-6.59338295812697,-6.707142139663919,-6.969118836811975,-7.034515428650657,-7.144327645687735,-7.251153595842122,-7.2618313429634345,-7.2508291552769535,-7.007921712628285,-6.8730113130738,-6.691594172380901,-6.11421158519924,-5.718961240963425,-4.116798418111989,-2.177610198987464,-1.0837727523336125,2.68165025961459
0,0,0,0,0,0,0,0,0,0,0,0,0,0,0,3.3038944722661223e+38,-0.8782359991809235,-1.02986797080358,-1.7880863806936753,-2.8126438706905716,-3.317404068135962,-3.6563727578549052,-4.218479817751777,-4.481488827571768,-4.700131392416906,-5.04907794068504,-5.1779060128616194,-5.25442644405886,-5.5308014390846845,-5.654182051695647,-5.729681060834091,-6.019089506127234,-6.172503871959931,-6.287510765474147,-6.360548824144516,-6.562002016940816,-6.558671248178713,-6.596981073734559,-6.589384108504058,-6.410710467417212,-6.35753533112146,-6.2348968904112025,-6.127682317196426,-5.861160953620333,-5.567585189201647,-5.2041534589531535,-4.225247846505349,-4.94855617660874,-3.56781525935114,4.487061490888103
0,0,0,0,0,0,0,0,-0.46264225532354897,-0.5181152878818018,-0.8913080844992607,-1.4052592764205234,-1.922808338279069,-2.1450816202863168,-2.2720807494426216,-2.4757277328364355,-2.9359269038252536,-3.2189438445026965,-3.4161916117086117,-3.863521178350932,-4.033142614855084,-4.228261475044212,-4.4108685063426005,-4.487600500024596,-4.5546594226580615,-4.74752172362765,-4.808507282019153,-4.886836702441017,-5.086899164069731,-5.154734644685081,-5.188630982559518,-5.3728194729056975,-5.405596337077485,-5.424061809237764,-5.43251131026715,-5.509816948988785,-5.405257898603357,-5.313514339351703,-5.072963926564825,-4.97777789792361,-4.887193096471328,-4.666343806905187,-4.497172412302412,-4.086854237310086,-3.818711548711352,-3.534267333893022,-2.941989995189212,-2.4154341582695844,-2.107433239543826,-2.861401636099214
0,0,0,0,0,0,0,-0.3860017936765258,-1.188179028942105,-1.7708052207000966,-2.018914459105057,-2.308840731105501,-2.6904022721159597,-2.858621321258681,-3.041611329979396,-3.204184829493139,-3.476500867883665,-3.6930258272329115,-3.8885619260973696,-4.053373567212781,-4.107790893141603,-4.192260687947526,-4.373818397968211,-4.4368713127115695,-4.481908336570011,-4.6134205391164205,-4.6842630102562595,-4.686793923732292,-4.804945535400323,-4.827455597557277,-4.76162341712329,-4.8172968898076665,-4.807428857941356,-4.680800056695892,-4.609319046115969,-4.641510239987853,-4.537092621386474,-4.478509846909059,-4.369884684040938,-4.211480371699384,-4.120724853738844,-4.01740057348395,-3.8234305452127373,-3.516972762483801,-3.404217970603048,-3.2091715834226857,-2.7437736244259225,-2.2538049687196327,-1.926809421853009,-1.3596940422547006
0,0,-0.8523181218012614,-0.31100608338019453,-0.7954870192796977,-1.13047783157111,-1.5374199424581827,-1.7796410723797584,-2.1105470339965433,-2.3510641514770048,-2.558324424643138,-2.7371909688219347,-2.9559361317343704,-3.104092272701884,-3.2557379462698273,-3.378407712478651,-3.578229931929638,-3.6957240915089504,-3.8160543330050665,-3.968367106604283,-4.06098568123274,-4.1356624611518615,-4.264960159616088,-4.31375635844424,-4.3738084885752855,-4.489340947369925,-4.520142164528069,-4.568133473718887,-4.584184976666621,-4.5892192288213405,-4.540897541224455,-4.6377392071631,-4.6370418879768005,-4.560947611956689,-4.553085436686409,-4.490460095634269,-4.2832188954444455,-4.132207875896205,-4.086337916769528,-3.957979164146301,-3.8209701301070917,-3.724537069230483,-3.5484708926749686,-3.24028074818133,-2.9545112598481063,-2.7079369053419873,-2.3096884925521444,-1.9273102849682822,-1.741860543700817,-1.2116271204466806
-0.6105322134861504,-0.774755507752594,-1.0338657278323702,-1.3350278409362837,-1.6848924246866734,-1.8379804985078103,-2.062524451931417,-2.2302306841796797,-2.405143383771501,-2.61536764046728,-2.7182061532788984,-2.899118186068217,-3.0266306627611446,-3.143049374733799,-3.2990592801852863,-3.356869064705404,-3.455769025287194,-3.583346764371179,-3.6523310533462032,-3.7890701920622885,-3.879849534611774,-3.9387181077273246,-4.042451732458191,-4.092277417055505,-4.13782596237659,-4.221802157393965,-4.277781781684907,-4.278539215965795,-4.356006747986152,-4.361869787963977,-4.333420918127728,-4.369794171572178,-4.372155317078487,-4.258621136778566,-4.204197891284493,-4.17978075248329,-4.125575239581079,-4.055426477856602,-4.015207301018921,-3.8510841618716922,-3.803344946103185,-3.623094850303164,-3.461853743793308,-3.091406841679772,-2.8489853524104234,-2.7244774835249523,-2.2581009253660285,-1.9629045031106047,-1.8374251975507956,-1.388988265970983
-1.3040291377008988,-1.547592222945958,-1.67638734262146,-1.8534809676772785,-2.007733304813382,-2.119504442368666,-2.2900361623068934,-2.38609054027575,-2.559907354618489,-2.6833930961900188,-2.7834936694698693,-2.9375158070704734,-3.069354533358856,-3.140225026718788,-3.245191977239175,-3.2993830610947046,-3.3941834228928447,-3.480322074793,-3.5411539691774196,-3.6415014553966887,-3.706758949188549,-3.760411645618384,-3.8794813047296337,-3.9358343210401308,-3.997733375852786,-4.0842481535641335,-4.10768611383447,-4.118853996881747,-4.192622376638132,-4.23857267052633,-4.290228188120593,-4.3622923001763825,-4.38127401400248,-4.390535229024252,-4.420748154080983,-4.507700106817652,-4.470851530534135,-4.350528029619921,-4.2562614144830855,-4.071331609577714,-3.859624574415643,-3.700891433734572,-3.4623562615237793,-3.127815956971128,-2.87244857806082,-2.6409418817936277,-2.2832058792604037,-1.964766451767793,-1.8496151865862198,-1.4769283069152719
-1.55850557053177,-1.7818153948264825,-1.8782849558916404,-2.025988916111243,-2.1633648928393736,-2.241212022800582,-2.3437522274653415,-2.463931653863958,-2.578797201003127,-2.7127173611729956,-2.7894162258983415,-2.890209169910169,-2.9952403579852147,-3.0613230332680423,-3.1280864986552976,-3.1969879323969104,-3.3030178531880474,-3.3927681934998657,-3.433795787266909,-3.5386263868422394,-3.6111105409477875,-3.6665625889191844,-3.768772892722061,-3.800152064934206,-3.864727057432527,-3.9510043625334372,-4.001352630894592,-4.078781914485195,-4.200964390596347,-4.2500246241719175,-4.318649502429911,-4.423997358302867,-4.4949115396390615,-4.546607399532379,-4.606928715967704,-4.56825637607729,-4.477562358204406,-4.40367588571599,-4.267926821698007,-4.050420107543844,-3.892659087137997,-3.6711006979968803,-3.4960906517657238,-3.2137271272664187,-3.051339617171434,-2.723257989873512,-2.3750437952765804,-2.1417864103768145,-2.028994074736444,-1.7883527367191268
-1.8523153130237169,-1.9661146946090333,-2.027170919332494,-2.127949473325701,-2.2312031300758557,-2.311700480078571,-2.371984268071983,-2.465842811427168,-2.5050930077181532,-2.388604748149737,-2.265751151320546,0,0,0,0,0,0,0,0,0,-2.7390552879316634,-3.141883620601165,-3.4790183809725392,-3.5894441790545053,-3.705834926110844,-3.8479090833055616,-3.9202949472075566,-3.9869407992522934,-4.127137510428794,-4.180034475735992,-4.2869099453966015,-4.405604067779747,-4.44029719480509,-4.490277929771741,-4.507531207685172,-4.493442099839714,-4.450760109975154,-4.414285465086798,-4.321648639486559,-4.138444916521388,-3.9786148823619585,-3.7907884742234605,-3.68635872477319,-3.5962046139632178,-3.3638827685516963,-3.1197593125788545,-2.851510972932942,-2.703021816786256,-2.5553141077125576,-2.261324895652311
-1.7135721310662932,-1.7642005151424465,-1.776325464574399,-1.7256086677624896,-1.654721075962577,-1.5449354344748258,-1.3097856558322787,0,0,0,0,0,0,0,0,0,0,0,0,-2.311851922327631,-2.6940086971590467,-2.9509119242023565,-3.214280894716071,-3.319119189095599,-3.525269506842481,-3.660560651585298,-3.751870672920573,-3.838452789491029,-3.9286095844727673,-3.993387408753009,-4.070224262836571,-4.173706189639165,-4.237771045913476,-4.286089917889083,-4.35055388373933,-4.366943152743401,-4.376125307564246,-4.26566135846831,-4.022523002175292,-4.201573112370728,-4.152874699736356,-3.7002634836840174,-2.8660799270216466,-1.7682494992063413,-3.4652802230895836,-3.549808240926539,-3.332563470328882,-3.1997767494496614,-3.096917133849158,-2.828047146633206
-1.2586449610637416,-1.0994046220982914,-1.0104817097006629,-0.8864565778605542,0,0,0,0,0,0,0,0,0,0,0,0,0,-2.009231644979346,-2.2852340533651416,-2.5941746940643804,-2.8171393038194403,-2.9478999522578326,-3.131576881678979,-3.2367468033098463,-3.363057635338679,-3.5050145449440575,-3.5714823174647803,-3.662561309446386,-3.7693887585461265,-3.8176583263466077,-3.870576438877022,-3.870952379076042,-3.820202385562464,-3.7661364926248635,-3.6331089769928826,-3.3302458295305257,-2.996449258284996,-2.7726850013384903,-2.6263670695623107,-2.8437291580732396,-2.9672007189143463,-3.1664744194522827,-3.1937370589135283,-3.235543534207636,-3.3129560552784127,-3.389711603002128,-3.3516046392144476,-3.373408873758188,-3.277571109772911,-3.1160544196881843
-0.6860117699555821,-0.4891034139680275,0,0,0,0,0,0,0,0,0,0,0,0,0,0,-2.0735175354089077,-2.2949022318504877,-2.4551591787592226,-2.6318603846860524,-2.79274025136374,-2.8868944966254735,-2.994468787889032,-3.073854229404189,-3.1639674902695782,-3.237581884724127,-3.279617833619285,-3.2969129626598868,-3.307622584022545,-3.2815778260439847,-3.2459116292240777,-3.181848576799523,-3.1666265141140544,-3.092239811993568,-3.060015967567029,-3.0470190211130532,-3.0281149712485638,-3.05435047774661,-3.1291429108753066,-3.160929224959057,-3.2025667416914447,-3.2993688299926225,-3.321942788559167,-3.333707661608924,-3.3789044853807906,-3.3839775258889215,-3.3043558273705105,-3.2610937224173786,-3.204488715021311,-3.102398361657413
-0.46324099337648383,-0.13005655444689004,0,0,0,0,0,0,0,0,0,0,0,0,-1.879874501760175,-2.0401863887618763,-2.2337922816210876,-2.3892775382481206,-2.4904187337583994,-2.5818463438537766,-2.68166141995475,-2.7467660305140793,-2.8173402536084007,-2.855569412925704,-2.902478037417868,-2.939790042013974,-2.945385022954384,-2.9607326330584467,-2.9506797888455405,-2.959008624403282,-2.9443717880065843,-2.9633890187781393,-2.9698972844053197,-2.9913689943119284,-3.0045372540683117,-3.0479357703242624,-3.080688152835795,-3.11766868818364,-3.184879889927625,-3.1918270463353804,-3.2255354295313974,-3.285615849154936,-3.3056915952052055,-3.2904629435950907,-3.29830054662897,-3.2749357627757947,-3.203843335818078,-3.143427656190883,-3.1056857179633894,-3.043975677976553
-0.36060485808988957,-0.29211150146728104,-0.34917960721342733,-0.4795477775079451,-0.4260164648308227,0,0,0,0,0,-1.558485920457191,-1.5795601391085967,-1.7757073944337207,-1.9071526189620525,-2.046104335701229,-2.1112836766888403,-2.2116851634755954,-2.310168581295439,-2.3550932798884094,-2.4202808490097274,-2.4881148451612556,-2.516524269795692,-2.544893618679549,-2.5717358921536158,-2.604744088606836,-2.6339392849540713,-2.653860032429514,-2.6813819766588054,-2.7407957693438822,-2.7569753210890253,-2.7785035133318394,-2.83202971597664,-2.868462070299745,-2.8897403285680707,-2.9392210187964123,-3.0038020263211647,-3.024711127599068,-3.054893692921191,-3.1196679540294894,-3.153872078410637,-3.1738920280066254,-3.2034539823224675,-3.2059835085380364,-3.1923447836687893,-3.1704280485629277,-3.1539520556189258,-3.099192129002193,-3.085473944288134,-3.0644427961640686,-3.017961623151209
-0.19036296026776628,-0.33918651538714095,-0.44446093642687773,-0.24798479737951556,0.45418137292216204,0.42050730970889477,0.5478161496408617,0.7909308513983845,0,-1.3984894378146822,-1.6132343513463807,-1.7656810942186416,-1.8762614407008948,-1.9315187648797372,-2.0151711275170294,-2.0660292329874985,-2.134796985517742,-2.20111416542347,-2.229324252732378,-2.2729197996992454,-2.329268315402887,-2.356646073292642,-2.4095163043366896,-2.4398734630959518,-2.4639595157912066,-2.5106016195667764,-2.5436186145315776,-2.562653065253808,-2.609751865421868,-2.63436107239688,-2.671656372414382,-2.7411354989976497,-2.7597955686616413,-2.8078965037457664,-2.881877319708588,-2.936806746175503,-2.963289770713266,-2.96986794155431,-2.9994469501418135,-3.0041253081912305,-3.018209743858095,-3.019509952479423,-3.016148399177643,-2.9902304797533494,-2.9952212424453952,-2.99075677575994,-2.950867572645109,-2.9486955776578214,-2.9251756741991133,-2.8866562409692302
-0.9744609098365605,-0.9535113226771069,-0.9707169810137155,-1.1520213212164745,-1.2098024241447805,-1.391928574769027,-1.5419097992866655,-1.6152249913312549,-1.7190951806120944,-1.7634618071537174,-1.7970204274916646,-1.8485064307194023,-1.8922729960779219,-1.915778208010182,-1.9776284712758472,-2.0120704287264815,-2.0697418018985916,-2.1139220442241093,-2.1527235104354743,-2.200300178150637,-2.247438249362742,-2.265768302646777,-2.3169259865950025,-2.350851982225017,-2.3779003970880352,-2.4373778560180175,-2.4539285280563536,-2.4824907859210077,-2.5519880852183245,-2.5716411778369923,-2.6287094615410234,-2.6879543664075967,-2.7402274616013464,-2.762710846432421,-2.7834174682154846,-2.8365101905783017,-2.848643878300406,-2.8784649835483753,-2.8817393927754726,-2.8754020587500415,-2.8691802462646145,-2.8809619490027316,-2.8844365999228754,-2.8709767735280334,-2.867674138075068,-2.8495978217128988,-2.8399621851248598,-2.852519322154126,-2.831605789940712,-2.7979175491183192
-1.2537841579174398,-1.300051900283384,-1.3435516345553407,-1.461862996501205,-1.5033994631214491,-1.5488784696472335,-1.6179543585350198,-1.6236283974419712,-1.6842169217546903,-1.7209412365622987,-1.7637368430268945,-1.801753175599009,-1.8560704539292674,-1.884688858833326,-1.9314983911359607,-1.9566102934224596,-1.9997124517648555,-2.048267134426854,-2.0656546145768866,-2.136029334481845,-2.1582253289322066,-2.180181772102299,-2.205059217704155,-2.243329220338589,-2.283013823679803,-2.3403688868144275,-2.3719445855782375,-2.411489105081164,-2.4792690968984386,-2.514325525773093,-2.555174923456368,-2.596279328269583,-2.615511457269625,-2.639196023093706,-2.653803754752279,-2.6883887192649585,-2.683274068757134,-2.6994864019769076,-2.7307636112067604,-2.7251250437240335,-2.7306482891927013,-2.7469381605457426,-2.7516291768507832,-2.7379948745252487,-2.732511588471136,-2.719518849757119,-2.701726026955817,-2.7055274789494015,-2.696911481762497,-2.6740473738985817
-1.3677033471774438,-1.4260402468780498,-1.4428945290160053,-1.500669583967046,-1.5410278578945422,-1.5632774518780819,-1.6042783706035426,-1.643650174761419,-1.6734852024859113,-1.7198361178174848,-1.7297094955288848,-1.7859835827099815,-1.8382943443694222,-1.8637418651394733,-1.8944287074457355,-1.9170226433023152,-1.9683311665466272,-2.003457517123757,-2.0334403218867676,-2.0768436398612575,-2.106275999920327,-2.127113580107141,-2.1675588374304,-2.179652673629757,-2.231888648137476,-2.2929355228745445,-2.3272536223485605,-2.3751782137749906,-2.420700087901077,-2.4542252395194355,-2.4659027662574253,-2.5067286734726713,-2.5292293462476234,-2.5526376955124546,-2.5726533058745833,-2.574966608259794,-2.5709425046704997,-2.584755685277587,-2.610843400159611,-2.618221735119216,-2.6377239090645017,-2.637015229747698,-2.6339631137119874,-2.6224058997397113,-2.6274607471907085,-2.628989745343134,-2.607268595966064,-2.5967636731784545,-2.598986087597032,-2.57459965135245
-1.3637795300012896,-1.4195495843344947,-1.4482547403586008,-1.4946299076262863,-1.5197708588563412,-1.5521378474786192,-1.5862481716820052,-1.6171163903076204,-1.666156502379501,-1.6930994848916807,-1.7318021763945812,-1.782172859278324,-1.8075584981453763,-1.8347270302810406,-1.8664561423946848,-1.8792435742461573,-1.9169642495489914,-1.9435269630794976,-1.9585215591174694,-2.0141372723411406,-2.0507675641693788,-2.074542032264631,-2.1512182593844535,-2.165254365196079,-2.1937275231211824,-2.248340173701693,-2.268937819436717,-2.3000616132704765,-2.336009349832661,-2.350251741152685,-2.3728620275358168,-2.3951454522507722,-2.4101503081972746,-2.41927109987736,-2.435617867645211,-2.454107988995666,-2.468621705114686,-2.4825674641208852,-2.5098001355464525,-2.5099791860437337,-2.514711469835115,-2.5360649095695336,-2.5379217888780823,-2.5304105970866817,-2.5260306794364524,-2.5261294978846833,-2.5200710798485755,-2.5179513246520235,-2.512082433634521,-2.500599050750517
-1.3952587057906007,-1.4241604307676685,-1.4409889286726758,-1.4938487431404042,-1.525151059026574,-1.5499232429095822,-1.6070806700817057,-1.6187271419703049,-1.6526649483036224,-1.7017168257724833,-1.709664739561641,-1.7446966547231348,-1.7828450015921913,-1.7884073313229556,-1.8217375457005822,-1.8555932196666802,-1.8892038493668146,-1.9135245760849522,-1.9383139878703242,-1.9740064742177703,-2.013071967807506,-2.0359232959570304,-2.06893620652316,-2.1064152883427028,-2.1434950779804223,-2.176715038188752,-2.200353924127219,-2.2319547988770014,-2.243302632808655,-2.259697300527284,-2.2880355833405313,-2.312489079000328,-2.3297758953543064,-2.343714162444969,-2.350140833198405,-2.37289795734608,-2.382471210739209,-2.3816296081893356,-2.413709270843987,-2.4232581457441893,-2.4278013595527326,-2.445232949901938,-2.4451423322064105,-2.446141761495134,-2.4616759965819033,-2.454185745686428,-2.4378108460257892,-2.4372410488870306,-2.442730685176141,-2.4362107743118613
