jsons/1312578000.json
{"header": {"parameterUnit": "m", "parameterNumber": 2, "dx": 0.1, "dy": 0.5, "parameterNumberName": "Eastward wave", "la1": 40.97354507446295, "la2": 16.46031188964855, "parameterCategory": 2, "lo2": 133.9931640625001, "nx": 191, "ny": 50, "refTime": "2011-08-05 8:00:00", "lo1": 114.97908020019554}, "data":
[rows 22 to 43 of 50, columns 100 to 149 of 191]
1.2226928418102514,1.306566940144047,1.4297188485207746,1.5005763094013513,1.57916312204289,1.6951881201170176,1.7436916548496626,1.8640380679985018,1.9739778378750494,2.0275069038547966,2.1016122696158632,2.249082914834629,2.3843542747306,2.4950224395701266,2.525735265880145,2.7006913363688403,2.7807599089293955,2.8628291018005334,2.964801777909128,3.0369771536116272,3.1086107684170616,3.2545095859563697,3.304129008509978,3.3898279005415386,3.540408867867411,3.67729559487952,3.780954999765871,3.834207694818577,3.98423778727791,4.002917319970942,4.011433084263171,4.110047455692219,4.10214735187263,4.138191721869672,4.18977891627586,4.190666426255861,4.2014487734609505,4.207106871710098,4.132266519002833,4.01586452953891,3.978655052993195,3.897647385583261,3.678008311030279,3.6016489345977925,3.480756906398243,3.2958568849351506,3.1995450609937937,3.1535594752504754,3.1335782495605775,3.2178733032568716
1.0338496498920833,1.129599773898418,1.3262872607870548,1.3915221026060967,1.5183349320777666,1.6426000183448959,1.7915043499294323,1.894978376630056,2.1036053464345605,2.174795061530781,2.292882801452375,2.3847317644780546,2.534926238801822,2.655160957816242,2.7621504375166968,2.9733016697397234,3.056876805549729,3.170426654382327,3.3420170920309085,3.4029952622068924,3.5239311458078344,3.6711326968640683,3.7911808757064542,3.9125413289987354,4.094481299062992,4.168082014462988,4.155312565171658,4.286227391753239,4.465920682590007,4.486021051695458,4.523365553167453,4.62369620901163,4.653903639015656,4.668285121569632,4.792516139664702,4.721396902409077,4.718747053793615,4.762249059084194,4.7049987609935195,4.555095523750937,4.428534191541062,4.290833588820815,4.016010862353056,3.709759159093397,3.493513613539859,3.189326944655339,3.146257729655976,3.1952895053902286,3.279300831031743,3.512265923831901
0.44115394784302975,0.5335363614823022,0.7378660780582594,0.8555434976208585,1.0394504790748305,1.2646274887791467,1.3330428392361837,1.4521857298967333,1.6752216711678056,1.8590261760458475,2.0348669626658915,2.1906357299615946,2.516257778703696,2.6638548354648006,2.8794706669941053,3.106300003962605,3.297853197184551,3.4213113389628913,3.6650525033295778,3.852004297926052,3.906505024269022,4.123263370633297,4.228668637904496,4.29803333837632,4.438384822594503,4.553199577334435,4.528675739996507,4.6368885607846195,4.81659284153938,4.869457581944629,4.983373529646014,5.150883033201848,5.089157591189019,5.142247860444889,5.259201960854885,5.230850157304267,5.2051614908161525,5.237004604061601,5.209752613912034,4.971673574436641,4.877687745206992,4.573166430890667,4.012797314563672,3.2504039923757118,2.9001908938239893,2.630968803516611,2.61129006784673,3.084405436911839,3.608639576364343,4.042918015226721
-0.7408798720252885,-0.5969295100775551,-0.2826013873685148,-0.15587514055109875,0.0780856169510747,0.4172964086606009,0.7092934865531755,0.887991927071357,1.4690611475457014,1.5934233120443777,1.7894121671307706,2.15977727283122,2.5998289042352143,2.926955513140904,3.084320620937484,3.4934222109566764,3.694219673405065,3.8862977403558325,4.249191185361517,4.3986234058770926,4.578852638389303,4.810760481924099,4.864385163204488,4.982738644301483,5.163063569030829,5.207621056047871,5.241166711119769,5.291987390243808,5.544097080364963,5.5694324493173815,5.633867920768887,5.792114499590211,5.790130154584887,5.8756971101739515,6.04586286078152,5.940321701596457,5.9982101064505535,6.0907354764146096,6.040624473041824,5.7763132854637025,5.618584220626007,5.110678044220406,2.2887549500070925,-0.9881392321733049,-1.7182930773350573,-1.8879854801741287,0.25215396043251315,1.7254890526477582,4.956748066918131,5.283136518704187
-2.2379161187822025,-2.2451522748327513,-1.8181366805255093,-1.5462706123984853,-1.2648059531227442,-0.9265823505144548,-0.5290147889388583,-0.28267617683829027,0.5762312571270736,0.9148355749635979,1.3859985453977197,1.6704967972968037,2.4990302475413917,2.8274995752339716,3.2324684857832473,3.863383491394346,4.144176310899276,4.3332167214545025,4.814390720335495,4.933477009898776,5.166082789091829,5.439436856585341,5.684234735865618,5.6717760787694145,5.8603582078180265,5.863484165586621,5.781265018647976,5.922770933714961,6.2200620101699124,6.2301667530303515,6.284714499305955,6.560242796035314,6.5986930223214735,6.67704238821517,6.957143184865095,6.803591468242602,6.795007336729251,6.848111084734131,6.531751461796899,6.20036995564975,4.810120946482531,5.538358846739217,6.570911678306075,6.411922538949448,6.378505967481164,6.173777851932912,6.081798311349053,6.023301446909799,5.855106612956482,5.7711874213418835
-4.842211778888795,-4.781728246322375,-4.586656853675372,-4.407708624704432,-4.146619679124191,-3.523491835674191,-2.9826210855219704,-2.6976182080958635,-1.7053038784521228,-1.2394936949370294,-0.5628668046352951,0.09517035657971655,1.4105598654298972,2.1228828824593666,2.456380114001437,3.769362595193523,4.010847918279845,4.592543158072215,5.3082891815241435,5.647630233942445,5.705948400478823,6.197498079063086,6.404919741788748,6.3479062224826075,6.4680687577695695,6.430379809026336,6.184500105194923,6.210166989359327,6.363842809638009,6.39144905461421,6.594057933721887,6.938684143503981,6.906594156906715,7.147442536896363,7.560881703786709,7.585778987711353,7.614776132424189,7.64252679108968,7.595140147666499,7.380652720443612,7.361047628870546,7.297301612492539,7.045822057960568,6.9194962323992835,6.8009161962714435,6.572650419135375,6.435614263368999,6.374326843682239,6.160881850723117,6.0191492976366625
-7.248363879983489,-7.468606951638517,-7.312266730886646,-7.36661341053222,-7.305380491207986,-6.913771473076885,-6.3054542116307255,-6.113305722587133,-5.106562681654738,-4.19260788808732,-3.506037618108077,-2.6977399133050497,-0.6911394591975923,-0.11061538348374288,1.1050443696409884,2.993889279331923,4.0052184749459165,4.669969823528166,5.931680440558137,6.553998626623667,6.817334580581284,7.618363465089826,7.84659192038072,7.763877812302894,8.048004713301086,7.929823969168197,7.493511087835346,7.1410103487741905,6.600445010570201,5.555477798047404,4.822133992857644,3.928594494364309,4.794495670220262,5.6740675587820615,7.996475708710668,8.514821664741588,8.504176335485566,8.413536419539076,8.267359565011283,7.8677014274599575,7.796134418122839,7.58417206727898,7.27179116649184,7.139582215009055,7.027193177422246,6.7532501896772406,6.707283819661794,6.56207333619758,6.377235274754211,6.193355552584276
-9.233755585509583,-9.490759788914508,-9.649485798351968,-9.673883899014248,-9.690336735637224,-9.606382154968127,-9.52367416729271,-8.867155211154417,-8.440977105563192,-7.980399923273458,-7.10271193116224,-6.5701031224413295,-5.3826651748256715,-4.170512877994887,-3.2875068644818883,0.12300371331242263,2.0518791175096855,3.942299331344705,5.663660942676094,6.45039870155149,7.391343671197405,7.975592104414687,8.359737437277207,8.68132524916523,8.941563177692933,8.81431570481353,8.133036826684544,7.245321957094431,-0.07140407769357622,1.6373394281855767,6.074301193408628,8.540759150120412,9.354264144598606,9.359663431634226,9.272789066903767,8.964424321625762,8.745366845608029,8.55913038948104,8.33997298235493,8.008425595051872,7.852932400684572,7.657556919801428,7.281445654095371,7.1116026258094776,6.956781929245683,6.716369723824116,6.622829558832146,6.444944715987236,6.25022723746992,6.080773211933194
-9.23708167408203,-9.419619022279107,-9.431431239639243,-9.386118592697485,-9.31056553107455,-9.147471810038851,-9.06216145406861,-8.748157732708554,-8.25593478271257,-7.859386843204581,-7.233846396845774,-6.674128091226793,-5.528825074771383,-4.398021145976189,-5.806391881567559,2.5235317442693828,6.206947537364747,4.07064844910018,5.053186037628549,5.543033541304535,6.069775327674982,6.758529893451733,7.121553719992349,7.68629074667748,7.967786482988494,8.19103998284229,8.640009091519628,8.769331526111895,8.867624030643167,8.998711464723124,8.998352639348015,9.001902564164594,8.70777573057211,8.55984138359797,8.356635356137271,8.064902268561223,7.961722122866069,7.784745836725372,7.637288487458784,7.378075946994532,7.194754813132198,7.099229578263118,6.785245705316497,6.6255345423967915,6.500335845014235,6.285564813830777,6.1396483654547165,6.002927528545463,5.8024018179010195,5.642042242714394
-8.365310142907875,-8.48955070653889,-8.355048079298632,-8.191750056828932,-8.16119961359889,-7.663269378416241,-7.341713556582544,-6.748267315482014,-5.760953728969387,-5.442730183408425,-4.6230557491854345,-4.269839547590045,-2.9446138514104763,-2.216843298168338,-3.135304879220246,-5.133923110273653,-4.027827177325237,6.680686415706127,2.4889396236400114,2.5981556786093756,3.2313094720904383,4.124028628226972,4.676860870124376,5.269951821298161,5.80104693390052,6.20828610109058,6.44686215572728,6.667482133235149,6.914131971230916,6.9913861401409765,7.077406988011323,7.152251623073784,7.093629032933699,7.073848492236718,6.995037223661469,6.828812493883639,6.710159887468507,6.651065318635588,6.597485516688662,6.3335923076076845,6.27951385893732,6.216237167205659,5.911675975127737,5.826726671713499,5.756518437888515,5.519057783090617,5.453033065056213,5.337588417787245,5.199003804166064,5.153304240705455
-7.146317843461759,-7.129874568927996,-6.710670363583809,-7.1171714908516694,-7.379093610930694,-6.544588026647416,-6.252205133895165,-5.839805401725628,-4.9280902153957475,-4.2888797105655785,-3.6288135454245447,-3.2827126668256468,-2.341563712543462,-1.7394613186229362,-3.9101139982892907,-6.406435970481503,8.0208268816047,7.543070101866567,2.1486929749629007,1.5024399960553365,1.8771912666741914,2.5724835812845614,2.6997399975725136,3.084732113046178,3.666065187953672,3.873114375084151,4.074561022780559,4.286218833614047,4.733932932310061,4.744098655381116,4.846950851705911,5.054761012778369,5.044510331368314,5.0396745956530795,5.098941405360511,5.153000679398404,5.193627449380352,5.205384824869584,5.208413853362798,5.1529293046235045,5.093263470106586,5.018630223180303,4.908846915199241,4.839006340036981,4.7850254080835715,4.662194628422518,4.5373614174017245,4.484061062036416,4.390851757589024,4.261815182466081
-5.690444176054914,-5.671528470202546,-5.236745789548957,-4.998241176682145,-4.9026244690057785,-4.765869122233932,-4.739371217965418,-4.594898488161388,-4.014645485514006,-3.7517234541547246,-3.3590409967543,-3.122440082540033,-2.3563046877622433,-2.0386775364032816,-1.6811049234670774,-1.831628867267529,-2.6012691713156295,-6.489860119712135,3.805555058704404,3.9083785923758527,2.2071678910654207,1.247937600854287,1.5812588724303551,1.8143839484886244,2.239040984691558,2.3488094718651125,2.569566230721618,2.734833730754733,3.073074741398857,3.1773615019775643,3.227538796789152,3.5749304643792086,3.603309738118228,3.6162153881971832,3.8874583807126193,3.8378615840144263,3.839128360678618,3.8540542801850726,3.9512200822227377,3.886261252026159,3.8995585697022355,3.9412553958236316,3.7959545545053084,3.776458325937322,3.7893630009302366,3.6440169087974263,3.6042687532401416,3.615762950537168,3.470866545688547,3.4518826354207905
-5.075294995117903,-5.027672140169539,-4.837080638439265,-4.805247331627173,-4.732861341084544,-4.4605885915860295,-4.281745177344759,-4.218041989259621,-3.8489676259345704,-3.5786403235216198,-3.447516436151502,-3.159497776570022,-2.6832778927453327,-2.4375494684538066,-2.1831170300726677,-1.800484841708534,-1.5618955157276846,-1.2924045744139874,-3.100749722346532,-4.6066778563093145,-6.210131580204723,6.683200614858042,5.605745514752564,4.401019996452814,1.6661074932213125,1.0791200546515958,1.2798238424098598,1.5138587878205882,1.7382621502864477,1.9156174917703555,1.989803912443318,2.2100228533581867,2.19922114697527,2.309515969106962,2.452253944650185,2.482145273133686,2.557605967006829,2.60442549752283,2.6193954353753592,2.6315730368069645,2.6519817311761695,2.6955668311467185,2.701382525369302,2.6902694165055228,2.6508255875969606,2.5771562059433015,2.625838647348442,2.5903380419099578,2.569881065809396,2.569914438160747
-4.48737110311565,-4.48970696704852,-4.334472870387937,-4.2890229678731995,-4.219076305485489,-4.015157554826563,-3.961372762968712,-3.85867647247216,-3.567177474574941,-3.4344812313328887,-3.2680270525885886,-3.160543278478593,-2.7888310417715254,-2.6174179412446543,-2.567313269520426,-2.2155886716470774,-1.965011283524284,-1.8743019564381296,-1.5766941194486441,-1.341398891529154,-1.155107182816039,-2.7483969170394285,-0.9454968456898957,-4.637666742444236,-3.598977977137568,-5.743694782502007,3.586937682873943,5.41334989683366,2.561460929018809,1.6464094787244963,1.0777742665893362,1.2240477789637816,1.2578675404699022,1.2759569505987376,1.2560723583013906,1.356636327564408,1.4049821859443041,1.535003772995278,1.6146072782542853,1.6228480314052196,1.6517343945156584,1.6237875851997665,1.670840572752976,1.68324258277053,1.7624782891688058,1.789164858738544,1.818027887889252,1.789371331124053,1.7744703012050256,1.7774957439650907
-4.2368884055833975,-4.277049993235355,-4.194678844717978,-4.167361794765617,-4.1474186820012156,-4.001067364450249,-3.8922519454133138,-3.85254292591231,-3.6965109236300773,-3.5800068350470244,-3.471691113144064,-3.4435987917164073,-3.2320298307383237,-3.216603094585736,-3.0626148822425265,-2.695147732505845,-2.5706096509024943,-2.402125038499011,-2.2090414126520375,-2.0445412804326852,-1.9969328219315736,-1.7298674214816971,-1.5157768754940428,-1.3060555587501985,-2.240366245102006,-2.3061520005876632,-2.0723557509270205,-5.456949301240017,-3.2070979195777554,0.3260560874318136,4.979797188657575,4.960019288740223,2.7482379114305027,0.6025858200996841,2.5513819735128966,2.2576165978096157,1.8361664738234673,0.8602046331520888,0.5661960001159742,0.5454025373254634,0.6418092923785368,0.7224073025407013,0.791932804774171,0.8894566528224785,0.9078632765188002,0.9126674349263928,0.902313037405771,0.9045110984129888,1.4100580739207995,1.0169450853776736
-4.001141583264302,-4.0337420520823155,-3.9394432024594583,-3.9400396733708494,-3.9274727663355042,-3.772776847231329,-3.7630606295180766,-3.7153971543903275,-3.60358792658177,-3.5121727786028383,-3.4842669901499943,-3.4145531868040777,-3.2686442725854716,-3.1977142596536723,-3.0787340224508517,-2.956326063496186,-2.837633994205065,-2.7490832505714438,-2.5765240715996507,-2.4588947538969625,-2.344407597461254,-2.0715948787334644,-1.9947497140973136,-1.8621210900578025,-1.6530757964237413,-1.513505345831407,-1.3583019419561293,-1.2335559989602158,-0.9332379194017877,-0.9012964983292412,-1.8300820027812499,-2.190629354587122,-2.653990427943387,-1.9467318142986547,-4.474584617125508,-4.49406631410025,-2.134685052320928,4.214482173966372,4.358943226480715,4.126958635487193,2.3608020356723927,4.407381196000225,3.1971367037785043,3.1615277485268813,4.234904635478126,4.059476690809853,4.2856651747875825,2.3984084112311326,3.7660536725742744,3.999891321470773
-3.791706067163704,-3.8049040804910903,-3.733948512998676,-3.749006924475986,-3.7285651168627223,-3.653094948407386,-3.6152949390583413,-3.616823363445626,-3.4895933575063838,-3.492232496009962,-3.453256356323288,-3.3869282353056986,-3.3016037742287327,-3.2527807718564055,-3.186310689398318,-3.0545261488812736,-3.013813476058576,-2.9592720458940844,-2.8124728058997803,-2.701219084877044,-2.613208974358153,-2.458021606211262,-2.3290466890562262,-2.2930167029573556,-2.0847708636501006,-1.9789447491203922,-1.9207793984887067,-1.8954434646506289,-1.656465400669342,-1.534268613195836,-1.468648175038167,-1.3364321172339264,-1.2519328220213506,-1.1659228731988667,-1.0288628860846725,-0.9237971825335078,-0.8970976211165426,-1.5244354334544306,-1.5600661458768001,-1.2870071816072626,-0.809001879080261,-1.2600164717377136,-1.4237623400133805,-1.6414757282855719,-0.9857196946262401,-0.6589675597632426,-1.1379438432127569,-1.8541493680138261,-1.8508232605286825,-1.8156158026291702
-3.602296917396225,-3.6547241435691946,-3.6124991658588823,-3.607517221981809,-3.6187235423856694,-3.565754369682576,-3.5568667291973632,-3.554472202951501,-3.478573154518129,-3.423315970279089,-3.4000591048756736,-3.4038912610549037,-3.3569871403004,-3.303407888086549,-3.247631857666374,-3.173667438134689,-3.139812465636646,-3.1011104939313485,-2.9554475575986463,-2.9137679018340163,-2.8526421947529697,-2.6747924212952223,-2.641962319793216,-2.611972896029531,-2.4721641679570485,-2.368664628174856,-2.3175088987399253,-2.291535828535117,-2.1332119496713458,-1.990534723868917,-1.8791702715273737,-1.8241308906765044,-1.79829995211255,-1.7031567753779677,-1.5367269458772317,-1.5139953770431918,-1.4979682844786062,-1.3911794571569127,-1.3213595391372115,-1.2844557389153868,-1.2505379911992507,-1.1892868822029763,-1.1033796292386928,-1.0110194172344709,-0.971617344848818,-0.9696740973046296,-0.9634963346974378,-1.0124402899637537,-1.0396574975017974,-1.069564701217288
-3.383746643649597,-3.4406738278939946,-3.4273930663392296,-3.426386492661671,-3.427489129849824,-3.401240896846081,-3.3963409327498604,-3.397931763329314,-3.368489494212513,-3.330538620364066,-3.346481065785818,-3.320118140062511,-3.267511098812612,-3.262711161989418,-3.22405226928583,-3.1596887677330696,-3.1251416069647053,-3.079960659973716,-3.014111041371332,-2.979292013420716,-2.9167842338114673,-2.8646189351465488,-2.8233410902124443,-2.767920878612349,-2.607946776849598,-2.578567405225645,-2.5648830183776368,-2.5024532246462416,-2.3626639892097363,-2.3067450697778296,-2.2919691174109746,-2.1724152887799466,-2.1072911503642464,-2.0780986457996655,-2.018596093502384,-1.9482259982451426,-1.8711319976220941,-1.7956693740612526,-1.7673247638118608,-1.7338035442662458,-1.5611658418846546,-1.5170589613717758,-1.4913509140677756,-1.5258898946155937,-1.4760307468058111,-1.4536296740106038,-1.4469385350737358,-1.4640866398688723,-1.487196857708188,-1.5296034496678665
-3.2527082721614495,-3.27678275707541,-3.2746701873862762,-3.2885982658128023,-3.306383368925638,-3.2863737572023797,-3.2866179253090633,-3.2971970930115457,-3.2721447616366226,-3.2640942591675284,-3.2546390469620783,-3.265420612644237,-3.228260278891491,-3.2364851573929307,-3.2280479675077016,-3.1590379277925593,-3.1644148957512237,-3.1420334298929555,-3.063887421069847,-3.0257069817510582,-2.991200750761887,-2.961208033806479,-2.9019109369118476,-2.875684350218032,-2.8470673686694994,-2.7948837260520984,-2.754736198851833,-2.7231322593272878,-2.6721694132881364,-2.6192584257174842,-2.563057117344998,-2.5088826169705642,-2.4570130353153874,-2.424957111281764,-2.3091824587285585,-2.2411854001499223,-2.2474370502074863,-2.2100064019751406,-2.1882356566520884,-2.1723766751978397,-2.0994521366291634,-2.054090866926456,-2.0098812550806002,-2.009183639098076,-2.0440448596504015,-2.0543083740486088,-2.107914245800036,-2.0574527608895354,0,0
-3.0773321100994577,-3.1083799945073176,-3.109369415501968,-3.11108383375892,-3.14255977468036,-3.140165304687669,-3.135654150190011,-3.149814173520389,-3.1308154410593274,-3.1166591605928473,-3.1432901533549864,-3.1434107213832823,-3.1245108722920953,-3.134141738084454,-3.1320188740630046,-3.118389146068134,-3.1026271706800013,-3.0848401613612713,-3.066017789276954,-3.0463988717566224,-3.021156543817077,-2.980222045615676,-2.9477269677226845,-2.939404700883112,-2.873550371457824,-2.873499944817641,-2.8634093106328677,-2.8147641878975898,-2.7685289438567726,-2.7445217861060542,-2.7198904358710565,-2.6548728598453137,-2.611537866264603,-2.5737567125286356,-2.510134160698706,-2.4581947311586902,-2.428549584800419,-2.4268192223103546,-2.4131408249530253,-2.3701049900941613,-2.341761780398979,-2.330906139027585,2.382227430935171e+38,0,0,0,0,0,0,0
-2.9419110415467795,-2.9703185369083887,-2.9729897750017895,-2.9944045089347204,-3.00625925981408,-3.0063139516540596,-3.0122484214797787,-3.033283813005978,-3.0330805789590114,-3.0486993691221373,-3.057646733811041,-3.0663362710522,-3.0423924252761667,-3.0568997689712845,-3.058279841572856,-3.0441139105717325,-3.0476317731815485,-3.0391800835717455,-3.0081978177954203,-3.0105688931754564,-3.003197196713451,-2.9689411094011637,-2.961712039463203,-2.959029002850945,-2.915520990760904,-2.91461173435544,-2.9157390853598653,-2.8895216780553494,-2.8304505143074588,-2.7811973278869675,-2.76405706019622,-2.748902436744663,-2.740486190760721,-2.7248710540350336,-2.714585487696119,-2.678215914313802,-2.6652319755916953,-3.168106652655235,0,0,0,0,0,0,0,0,0,0,0,0
