jsons/1312689600.json
{"header": {"parameterUnit": "m", "parameterNumber": 3, "dx": 0.1, "dy": 0.5, "parameterNumberName": "Northward wave", "la1": 40.97354507446295, "la2": 16.46031188964855, "parameterCategory": 2, "lo2": 133.9931640625001, "nx": 191, "ny": 50, "refTime": "2011-08-05 8:00:00", "lo1": 114.97908020019554}, "data":
[rows 22 to 43 of 50, columns 50 to 99 of 191]
0,0,0,0,0,0,0,0,0,0,0,0,0,0,0,0,0,0,0.2858021053212294,0.30067455197530457,0.9121880553491182,0.4086620750954325,0.8189635616967355,1.007234152655085,-2.2605069051049385,-1.8686555704280188,-1.5192636533516415,-1.0549973179187215,-0.9863010258704273,-0.9425586859490784,-0.778690274904282,-0.5965505920840846,-0.4298434302475004,-0.25540852642301565,-0.15113080852085717,-0.08678405139918499,0.4717781800019201,0.7038228523298405,1.1175310330329253,1.994614118628761,2.4191624415929525,2.6429126955905815,2.9090838293590684,3.47759805160954,2.6467476362637696,2.7563645067628624,3.0563907242045483,2.5163428380424397,2.623050974771048,1.5487591860282075
0,0,0,0,0,0,0,0,0,0,0,0,0,0,0,0.07730284963179346,0,0,0,0,-0.33113933626670033,-0.5537801592152367,-1.0955423696083295,-1.2221055170429116,-1.3581444843050774,-1.3467625708561877,-1.1444576105004736,-0.8976854811620819,-0.7386010819988359,-0.5474415362627735,-0.16967550816691349,0.05227173966716212,0.32240436088066465,1.0267618467850477,1.2632029241480307,1.5422586354882393,2.0229468829202033,2.2341079278381897,2.369543679701989,2.8209182310663836,3.01057833252344,3.1241721881240054,3.25064130494353,3.5447568421943116,3.575974416731242,2.9199970294133397,3.6690736998067464,2.714456555790782,3.4648738973417346,3.236034117212283
0,0,0,0,0,0,0,0,0,0,0,0,0,0,0,0,0,0,0.1107034703005423,0.08332059911027498,-0.6850984331366009,-0.8557884963688066,-1.0569026019673202,-0.9660247552688878,-0.6905928113230583,-0.6948554250649607,-0.6518019387004295,-0.46130451419917257,-0.30650868737213466,-0.16620617878094412,0.3347329294205965,0.6205555309882669,0.7879498076221813,1.4174853759149932,1.7168141276923683,1.988780299144196,2.455033625538648,2.74765926590296,2.883155269409166,3.2658697239941525,3.327203955870405,3.361830126147769,3.448200774359453,3.6076897589664423,3.6031532112541513,3.2396779099531896,-2.7473865038992376,3.595854350891861,2.667067970739754,3.5150793008506507
0,0,0,0,0,0,0,0,0,0,0,0,0,0,0,-8.1454825486999445e+37,0.1477713146095471,-0.7332008011484178,-0.8264840456981964,-0.926839001603575,-0.6998800353111998,-0.6110191806420238,-0.599366536128752,-0.5702559763059926,-0.25753063051834146,-0.13391531958776803,0.019696094020930387,0.23147157881898864,0.4184967043377435,0.5569440360659735,0.979259163842198,1.221965885414207,1.4054455987635806,1.8064022593939661,2.057059964178082,2.236727986750208,2.6443595867899514,2.759415882347665,2.9344321698254747,3.1377435414019237,3.2046432058315975,3.310121344243935,3.4137038490266978,3.513288658969991,3.5207247023122563,3.529217196957805,3.557532532455632,3.189164291824119,3.296201091284741,-1.9416415636149107
0,0,0,0,0,0,0,0,-0.14891531834565078,-0.43458600587758506,-0.22317277992038445,0.6793997562178417,0.9026573380889763,0.9254900915864305,0.44951730473587154,0.15197079034318872,-0.08859305367128266,-0.2853086589113308,-0.2990060825247666,-0.35766172403626884,-0.273120823584707,-0.15189371200026888,-0.017870956706223327,0.11582755175561799,0.3182769192627332,0.4010464544674757,0.49165066526992773,0.6683259584001079,0.8375699719604224,0.9532516447060398,1.2248468929090026,1.4524297312895593,1.617323703880886,1.914614235344142,2.091571669461613,2.2623661260457455,2.5513895327936313,2.6054148872021905,2.7081532539426147,2.889693120563105,2.9980182668769513,3.0176169377479134,3.0737577377947223,3.1925775177303377,3.197127474866556,3.2434742297870844,3.3032843112303256,3.3216698622557677,3.2014612053520133,2.549890148136046
0,0,0,0,0,0,0,-0.6777852683733291,-0.6237459834761742,-0.5929638196222768,-0.45326519097924206,-0.31138838656264317,-0.3353557084954504,-0.3034513119790419,-0.3578970196440877,-0.3388704541577812,-0.3661532189468161,-0.23970453540772016,-0.14849394783867617,-0.019038899110748728,0.13083112516917256,0.18042338602189043,0.22467457147265657,0.26534037368083085,0.37807247185398374,0.47457312651488526,0.5653643909834694,0.7670696770321884,0.921992769480908,1.0585552080987068,1.380946645490425,1.5112914472318055,1.625251521945379,1.8971983539091724,2.0195504874521273,2.15255541048894,2.295329390139022,2.3777587036946577,2.4658929011138486,2.6001928841230266,2.669034998824585,2.7201503443693116,2.78538336986285,2.921296179114688,2.954840428978985,2.990399363362688,3.078655009284606,3.0911831955775213,3.1180915913113125,3.138687110816501
0,0,0.15230762405522266,-0.9518318928389113,-1.1417394142273372,-1.0917743384012468,-1.12223773206338,-0.9918891005300747,-0.772623156997807,-0.7514649211261022,-0.6994714805555909,-0.5846237444706053,-0.5771737657987726,-0.5068832737521228,-0.40310391113336597,-0.34506514337183614,-0.2610391242122788,-0.08877637315457117,-0.047599499191181255,0.003445319705336619,0.1027837498491109,0.1869805907875559,0.2364151854926666,0.2905877184791569,0.4274278342956741,0.5649521668689208,0.6030613615420573,0.7446035647264466,0.9045465239002342,1.0132225469200875,1.2312408682189657,1.3486668714020111,1.4279277282351217,1.6650545959612997,1.7471471941404575,1.8298906712450262,2.012052221914051,2.114483586615687,2.1555057606512458,2.273583940897455,2.393398224149238,2.4481980066231537,2.5341999727264377,2.6591948350013475,2.6982923543141966,2.748497338783027,2.806748057721605,2.8318013174459753,2.8420332347102684,2.9036688197719216
-1.0999436683293984,-1.155931316851108,-1.2033818832739578,-1.2370933838509666,-1.0259590683076405,-1.016202223171515,-1.0429589823170302,-0.9996966785299221,-0.8374262783150654,-0.8336143821678608,-0.79082313730444,-0.6868340123530393,-0.638817002057877,-0.5281758548134202,-0.2967613559451069,-0.21092880572056594,-0.16151298281618395,-0.048330034986430945,0.011946405727631634,0.08432754340751765,0.17964691234342056,0.2345912910650724,0.299670583009008,0.3507490718062524,0.48109347530824836,0.573561974066237,0.6311163091525808,0.7716698373404638,0.8462813677567289,0.9529600894787835,1.1299323815173425,1.2272954285821704,1.293931828698386,1.483963883575267,1.6044766267062276,1.6728657522467634,1.81594509336899,1.9120847718901952,1.9897989571411763,2.118645224525255,2.167954424931388,2.2508710338955074,2.312879789851983,2.4560464431289186,2.524381653754404,2.5334768365884357,2.61955968690385,2.64259568479615,2.6493186778772904,2.7162706884562646
-1.318235999500251,-1.166665847171795,-1.1562932677732571,-1.1230812100180552,-1.045262912626324,-1.0142052857468644,-1.0154770145496048,-0.97194776917717,-0.8523769766310817,-0.8229373491893152,-0.7375207276711903,-0.5650631460866509,-0.4405004808788709,-0.34816695166424955,-0.20166484104424748,-0.1770584356739129,-0.11079346434404237,-0.06612138228691983,-0.023244922051617115,0.016053894178457637,0.1075625624462194,0.1477987283807205,0.18562879961245274,0.20473252240952092,0.3353757701014164,0.4131312035809267,0.496691807041554,0.677631703739479,0.7689910987188106,0.8124249699909374,0.9348160931380486,1.0258937446058536,1.0776053160350663,1.2236847236303126,1.317905827016579,1.389109133204158,1.5630033297188188,1.6703461947701554,1.7380688337733448,1.9045159371626,2.013291433802516,2.0393562389641464,2.1425988225255463,2.243000373142173,2.2917488372865082,2.342027964491761,2.4196625855619005,2.4374885226338905,2.447003403837172,2.509124761918851
-1.342637769345895,-1.1084524973086165,-1.0632172815243326,-1.036095281896443,-0.9277176300978018,-0.9059391072937438,-0.925367570378056,-0.8779559594601108,-0.7454183436682026,-0.6814023526830695,-0.6238636111577321,-0.5383799562452289,-0.4726460114617467,-0.4406845720112675,-0.4171853014375689,-0.40284450668958527,-0.4148001119431155,-0.3391337359991657,-0.2883024250636886,-0.21007410771216684,-0.10617692419325667,-0.06420989707806143,-0.021277149327216582,0.05430002163997394,0.18620646032547744,0.26778932735233424,0.3463134143489968,0.4962535337037021,0.5750521121748837,0.6314412609058333,0.6830937420147049,0.7413108887719736,0.7987360654830893,0.945591514325735,1.0513141429769177,1.214447350020331,1.4498384998651699,1.568495690370427,1.6372252258891788,1.778027827743668,1.8569680305172376,1.9129100339720515,1.9911546572908005,2.119848137410785,2.151074071286415,2.232876905231982,2.3158769223332074,2.3130668432682584,2.3149235421378367,2.348021691903303
-0.957108816808755,-0.7948237667546413,-0.7444744288253687,-0.7005098824792805,-0.539778152914177,-0.45951334291596513,-0.3962027325164463,-0.21350979203901926,0.04492951397144051,0.45568736099110035,0.5983985623999459,0,0,0,0,0,0,0,0,0,-1.083156355030714,-0.9477788799113817,-0.864795200268475,-0.7845933604919394,-0.6049597888854508,-0.4623294721189569,-0.34771379416418374,-0.14929647890021655,-0.1336955923598833,-0.07580029480005716,0.011656748045478825,0.1738569750489631,0.30240711955468624,0.7467825530008331,0.8736216175519688,1.0712294031478256,1.271173146788568,1.3514083806732193,1.4628720235785106,1.6463956193516147,1.7417842890248014,1.7844011624516583,1.778164065735348,1.838800252559808,1.8848841754854992,1.9994289675544845,2.095471742314558,2.1174094591737527,2.1435247343227717,2.226872116263939
-0.46521075338573736,-0.28540190402472854,-0.1549806542609738,-0.044261073530995315,0.30751353412706,0.4063048663329894,0.5910170511579912,0,0,0,0,0,0,0,0,0,0,0,0,-1.7094866257126353,-1.433948506212378,-1.3134278928609642,-1.226114105207797,-1.1339613152050112,-0.8517871174089355,-0.7905300115619518,-0.6932524869913274,-0.5042839953663818,-0.4254767483959863,-0.3142697929737535,-0.063806604812951,0.04150338628409347,0.10692269917808672,0.3195737155311683,0.4770928847681994,0.609602102438615,1.0455292193180443,1.117857623316877,1.139304082184693,0.9768876593704947,1.0483296953036176,0.09422065925780326,-0.9256351498990603,-0.18119082551795837,0.725448875742015,1.2614358685067797,1.7254883302641817,1.875954035295579,1.935916032292398,2.0699091705142263
0.27094383581522963,0.5665059963152773,0.6375391837452721,0.6168027237272892,0,0,0,0,0,0,0,0,0,0,0,0,0,-1.4961116995073713,-1.482892911449987,-1.516686568159762,-1.2778017310996346,-1.2036181598720461,-1.1408462865288906,-1.0505328356869648,-0.8691134989591208,-0.7652188560270283,-0.6670302144654184,-0.48757117657185095,-0.37986374454521177,-0.3162438912586878,-0.12034990607383914,0.0417050800368838,0.17937134053506318,0.6059467063880032,0.8311787331810289,1.0384573430421233,1.5503095968073222,1.638508225728545,1.5924769574974293,1.4556331347748506,1.486494276391812,1.550312639199891,1.6076822888441022,1.5814407066917393,1.5787339341041537,1.5398280198501368,1.5881799742330789,1.6566488025405761,1.754487383669693,1.8681658864000188
0.5599283768216482,0.7007239481829544,0,0,0,0,0,0,0,0,0,0,0,0,0,0,-1.5946288152642991,-1.423985438092449,-1.379015574834589,-1.333490392221784,-1.151273971077821,-1.0810981591588056,-1.0186861320618221,-0.9239704164761451,-0.7530119607416274,-0.6425931107488838,-0.559350195758743,-0.3895884863266545,-0.29528370239197177,-0.18720318732292568,0.10119505962870802,0.2319767981145561,0.3961291252316939,0.7512433211341092,0.90168089347808,0.9916799533875994,1.164356486522151,1.1868332336510077,1.2438242035164455,1.3343334780668135,1.341922143270058,1.3584202703107926,1.369404235407187,1.4252512000398418,1.4409775071341862,1.4496586387252695,1.5298946436581107,1.5612370019530397,1.594812912544615,1.7010359651042197
0.5409093665429213,0.6098480107486971,0,0,0,0,0,0,0,0,0,0,0,0,-1.4285844145764584,-1.3978405563100122,-1.3894796537475276,-1.2435794432003473,-1.1833619858443243,-1.1381368835207613,-0.9839812358724845,-0.8669963668461673,-0.8009476554173611,-0.7070418746023365,-0.49621092492126995,-0.40991547841589454,-0.3155250179414145,-0.13659467794237248,-0.03839751041226915,0.021076584506061414,0.21126870712972146,0.3371498576767063,0.4366307113286599,0.6269749721695715,0.7352982055515815,0.796268608175211,0.8708298348365878,0.9248895297627615,0.98153593447045,1.0837039756542592,1.099995351399545,1.1607262419503257,1.1809908128509625,1.270685793056315,1.2862190668244255,1.3483141911282697,1.4392520720135482,1.5069878788272437,1.5492826547139682,1.6255061330174052
0.4696561505046017,0.5196333813739864,0.4574924230489545,0.07485481620701114,0.11199876076798375,0,0,0,0,0,0.395584931573242,-1.3908535190502116,-1.417594990998752,-1.354279942172027,-1.2507747057131369,-1.1929600273003262,-1.1444518023685468,-1.0094276018203083,-0.9602146108569123,-0.9040801948961994,-0.7713307811818534,-0.7038298706014264,-0.6218210013657435,-0.5538552910221464,-0.39596664768763395,-0.2822955119875999,-0.2101344301468957,-0.03853989826039758,0.062317789125151686,0.1319016833833982,0.2764656565525918,0.3547456373320097,0.4346514690139897,0.6160659540923837,0.6343114611549373,0.6878112984598771,0.7420817232896533,0.7942293858197362,0.8172935918701638,0.8706696907194373,0.903291990539309,0.9400774630161631,0.9742257591028068,1.0537918552828136,1.154601867965696,1.1989923774518094,1.296727412679522,1.3151529692867847,1.3699881224828225,1.4218445708577234
0.3949913909485251,-0.5374165836093238,0.1972382980221756,0.36416428860167616,0.3971292595860717,0.3452511790517961,0.30541613597748685,0.07341893538469062,0,-1.4034256892424297,-1.2911665453738697,-1.1882131017248652,-1.1688935719781526,-1.1247612307419605,-1.0109481237851923,-0.9517006727453652,-0.9069719398915719,-0.7831874863928994,-0.6998432292559854,-0.645991294041723,-0.5027190238620067,-0.43154881412355917,-0.3698784840425879,-0.30699970907312496,-0.13695143369729876,-0.09169999290857593,-0.014914418028351053,0.09532585470704569,0.1695252859381557,0.20258696337054208,0.32323283865870533,0.37143189609853555,0.3976021549543812,0.503957347724544,0.5345374467592723,0.578908746211986,0.6385720079926199,0.6672376855888661,0.6993521915956765,0.7788594973727979,0.8147366439723973,0.8773566008576954,0.917506157594935,1.0144764210739075,1.0593101358038395,1.08668599987966,1.203480049176906,1.235790409730925,1.274341032168804,1.3471636547141341
-0.4252414739484072,-0.565672302103696,-0.6328982738760646,-0.8063648523597524,-0.8331332428147366,-0.9713513490907553,-1.0380275168403177,-1.0670103374808386,-1.0117163521953614,-1.026955406027174,-1.0030674677528506,-0.9316617146859869,-0.9091102825896694,-0.8774998366953561,-0.7778656256176629,-0.717684875719058,-0.6762123059916543,-0.5669103752869107,-0.5209993487637905,-0.4692812544369867,-0.35700266103236244,-0.2836237672332969,-0.26089111417762456,-0.19507957789466449,-0.07394631209781394,-0.01941878489547011,0.018893986984811102,0.1635765101504455,0.1793173391978329,0.21948542291457002,0.29256829595108486,0.3220423711568385,0.37629895202892044,0.44948341838563005,0.48833987639562687,0.5099401186077813,0.5947996650881603,0.6321467776691614,0.668178497693014,0.746984125880338,0.8226540020818615,0.8777406189126381,0.9008593608676287,0.9885560162689808,1.029687414168431,1.093839765040567,1.1165478619645364,1.1425435129591603,1.186422641237789,1.244544075032812
-0.8721214310954929,-0.8943197633892279,-0.9025584571213444,-0.9769226349680898,-0.9591934384328777,-0.9511666126852586,-0.9346354115188653,-0.9287658495316226,-0.8585766220384197,-0.8467193824782857,-0.812885852857371,-0.7394928211729388,-0.6959716031063427,-0.6610485541555542,-0.5737969697828731,-0.5526506327406574,-0.5180239819580071,-0.4468257356144095,-0.39959540170701896,-0.3539103952836087,-0.274556361009248,-0.19705026361142994,-0.1600725780298717,-0.12533406756598506,-0.03263293958977087,0.00766630795501768,0.04918565920837421,0.12855658686430507,0.1448313859976338,0.18107361412209091,0.24265526480367028,0.27327238036806417,0.3060343611295735,0.36000862673793615,0.39523275478146924,0.4208149353915278,0.5186490792369466,0.6010128487601416,0.6399325687190278,0.7785802047791518,0.8577643004972156,0.8441367762521549,0.8578039753715316,0.9020760100423277,0.9385267189309222,0.952121166927495,1.0138698511747897,1.044507044481858,1.0641688466246426,1.103465242334938
-0.88833704461919,-0.8877426513463431,-0.8619849630834762,-0.8749736348660587,-0.8204938603886747,-0.8132592959383621,-0.8016766922299349,-0.7626259324880681,-0.7232050456650566,-0.6821167429442521,-0.6624650496159831,-0.588096816605547,-0.5835737549697418,-0.5558462880166666,-0.49653740843869015,-0.47515969448894396,-0.43468544179950985,-0.3844474728100728,-0.3461309244936947,-0.29603857497414476,-0.23748469285340382,-0.20433098533994073,-0.15975512231645025,-0.1477110839671234,-0.08680960031978428,-0.07695351111553951,-0.038737461160718384,0.02395935661333003,0.054224745283263376,0.10512470818164804,0.15762591793512912,0.2123372169521218,0.23736555319525496,0.3062976250833931,0.3490897856733604,0.38003834650342966,0.4259434075958089,0.4882190436560834,0.527766073435163,0.6162842076956894,0.6453918886176072,0.6853503519249663,0.7284405014559296,0.7890893102581542,0.866795447198947,0.9259924066280057,0.9826384983395878,1.0001897026117181,1.0089367036374353,1.081531692682058
-0.8259782063272849,-0.7925004473932179,-0.7801672688060811,-0.7576686989549211,-0.7240635142603192,-0.6998362423858252,-0.6883022417959582,-0.6746542982407464,-0.6124161690780477,-0.6141088273885142,-0.5889957250165901,-0.5428018882132779,-0.531052757407321,-0.49930401156448473,-0.45437532490704247,-0.4351705234335861,-0.40195262751573074,-0.3513612616269678,-0.32857490098619896,-0.304481358632308,-0.25224344620374967,-0.22896061182985733,-0.19456915145363296,-0.18445182387672893,-0.12967437379831992,-0.10406569408221465,-0.08158526629292222,-0.015148170985824048,0.009452676196659848,0.039805098560719704,0.09246971557259456,0.13362636083817858,0.17423652317156302,0.24642594884217597,0.29862666193435045,0.3112385688269777,0.378677179602176,0.4144483166297498,0.4575231275810914,0.5005261615309967,0.5627725342382998,0.6009395449231322,0.6442334980088257,0.7004176994471991,0.7375484780894084,0.7944743651122214,0.882286485894261,0.9086031389357663,0.9606822846837179,1.0196567114491728
-0.7410754357031963,-0.7191092033936372,-0.7045178668322797,-0.7003366544059385,-0.6687821721709651,-0.6428959086541641,-0.6355215457787285,-0.634812925611184,-0.5915886736430175,-0.5824176618497111,-0.574466761622347,-0.5120978077243333,-0.4859359592346807,-0.47771182657939476,-0.43380690834060454,-0.4067136873690497,-0.3952344420400552,-0.35954234630187176,-0.34023724334085287,-0.3263657621856783,-0.28706466691010074,-0.2811128758212576,-0.2676494839149176,-0.23499289454915762,-0.2001952321785258,-0.1829903860227481,-0.15302912453411563,-0.07904502752621977,-0.06697013593204694,-0.039819880786914105,0.03340133773616477,0.05877921969059187,0.09396200608787444,0.1536143208886055,0.17533701492936188,0.21300204096823538,0.2687725790575938,0.29220912193725646,0.3437964769488549,0.430987047433175,0.4680269413469692,0.5299327955584267,0.5561020788515498,0.6092745605114499,0.644013087549836,0.6842966577732391,0.7722671490768437,0.8203208162137943,0.8229653516729535,0.8761054953074698
