jsons/1312765200.json
{"header": {"parameterUnit": "m", "parameterNumber": 2, "dx": 0.1, "dy": 0.5, "parameterNumberName": "Eastward wave", "la1": 40.97354507446295, "la2": 16.46031188964855, "parameterCategory": 2, "lo2": 133.9931640625001, "nx": 191, "ny": 50, "refTime": "2011-08-05 8:00:00", "lo1": 114.97908020019554}, "data":
[rows 22 to 43 of 50, columns 49 to 97 of 191]
0,0,0,0,0,0,0,0,0,0,0,0,0,0,0,0,0,0,0,-0.3500912048231178,-0.12532641065624645,-0.24181732609396786,0.13784934702695625,0.09852486411246256,-0.887507008484206,-0.8322771405719794,-1.1160788780806687,-1.3539803242497919,-1.7003651948892093,-1.7048274995361752,-1.7182310322572805,-1.7426073675085847,-1.6802435109874552,-1.6180610646657598,-1.5206670453340567,-1.444882743013082,-1.3073919204780617,-1.1105245743619978,-1.0230185223083867,-0.9621536051420656,-0.8488751196572959,-0.7983843538161087,-0.724863144041909,-0.6792732354301898,-0.49198065832344895,-0.4530538732213339,-0.4573244784860275,-0.9360914946737793,1.3667997989388327
0,0,0,0,0,0,0,0,0,0,0,0,0,0,0,0,-0.021087726561068342,0,0,0,0,-0.20964909646387925,-0.45642467943187376,-0.6303030307506097,-0.7997679233662683,-0.9581609584936548,-1.234840022354189,-1.4633066414352545,-1.6908441413621391,-1.728759949417698,-1.7372914464599603,-1.651842027912046,-1.488081830638503,-1.351767356900663,-1.1366849341953742,-1.071512659915048,-0.9851615566008289,-0.9462400007638289,-0.885565003345429,-0.851742741809166,-0.753000509401713,-0.691464820045783,-0.5979167795191126,-0.5692182868577084,-0.4728196683319347,-0.42247934209566795,-0.31719219614228494,-0.08877092101073562,0.1322756088747508
0,0,0,0,0,0,0,0,0,0,0,0,0,0,0,0,0,0,0,0.0065295703952269815,0.03642342403057708,-0.13453812639715362,-0.2866991898698098,-0.5625435669713991,-0.8517687064941,-1.3123517860552525,-1.534213881008465,-1.6357648163285612,-1.731739436232138,-1.702117539169778,-1.647219017169305,-1.4400294108642648,-1.2994641407036034,-1.250864646778668,-1.152454792323541,-1.0871401777030585,-0.9966393845331112,-0.8785478211547872,-0.8049219579337451,-0.7028950068272234,-0.5885207704322738,-0.5597832911816507,-0.487785853086349,-0.47162185901609033,-0.3582196137925501,-0.3226695918581131,-0.48876442088110705,-1.2415390397569814,0.1618750117895589
0,0,0,0,0,0,0,0,0,0,0,0,0,0,0,0,3.3038944722661223e+38,-0.34396990393438787,0.08962434242119802,0.04594231696755814,-0.12345209264658896,-0.5928037394302117,-0.8733082972997683,-1.1699107022226678,-1.383264216817831,-1.6001261634215498,-1.7029104585286585,-1.7324220146733622,-1.6945048757501748,-1.5993606786087142,-1.5092036664251163,-1.2613755294159488,-1.1210712167772692,-1.0444213789885044,-0.9280141304671218,-0.8588581538476369,-0.8214402495016554,-0.7485345274289744,-0.7313325034308559,-0.6480495191467796,-0.5564184179571177,-0.5402325006385723,-0.48207865110183146,-0.4185765362736928,-0.35000635014890413,-0.3109600794803735,-0.26436239137135653,-0.16037609133863387,-0.5622408829227652
0,0,0,0,0,0,0,0,0,0.0682304580972443,0.17487775965609995,0.2595840650544824,0.3400277666619871,0.47373067503378324,0.4941338192021889,0.3730539392692757,0.2718054888148011,0.1353994173861774,-0.31766460979818734,-0.6077200069310068,-0.9245050867033018,-1.238820636391234,-1.4362444568284187,-1.5513919928333582,-1.6210074630337954,-1.7049392440790883,-1.7105856249804203,-1.703509914904324,-1.6131717396879992,-1.4836714868420349,-1.381165496553307,-1.1734265535413988,-1.0309612277685292,-1.0091692183332928,-0.9310497377602356,-0.833036374065094,-0.71090571574992,-0.5702621804793476,-0.5692876729799713,-0.5095590441241232,-0.45819639818574315,-0.4271615380159262,-0.39677639566815753,-0.35889080581437194,-0.2962275716689897,-0.2791471860051313,-0.2402211879183462,-0.17333163144996344,-0.12141030180327493
0,0,0,0,0,0,0,0,0.2059291078329722,0.24766024092106276,0.27681822771774284,0.23088073416542296,0.040237265384607965,-0.07948149133894407,-0.23056557672782316,-0.5560620124012462,-0.6939304605951674,-0.8963289836589623,-1.1673095904931141,-1.32520664714977,-1.4499450726417975,-1.5780626687137567,-1.6348305923972395,-1.6859673064024725,-1.701315660320856,-1.7317562550339183,-1.7142205746598036,-1.6830882624362833,-1.6113301361073529,-1.5019544839049848,-1.40813327978385,-1.2444006643071044,-1.164752778161777,-1.0990924917689462,-0.920454078786138,-0.8290523748610327,-0.6943603593877088,-0.58001754726835,-0.5169590948326399,-0.4761822510076223,-0.42608886796976514,-0.40470038495854765,-0.3812952998972802,-0.33617072548777055,-0.2598367215054985,-0.22099549069980615,-0.203404358030744,-0.15001937898769072,-0.14487911996640068
0,0,0,-0.40610923749351363,0.28172161045470356,0.26229014090622377,0.20515247029932693,0.17191874302063384,0.0832956120653595,-0.1245838969498258,-0.21959447955878472,-0.3889574813261247,-0.6162335668494214,-0.7715223398737534,-0.9121302434302249,-1.0881373300052901,-1.2064553194696868,-1.3199747472999266,-1.4335397349068042,-1.5011396735221114,-1.570489780246055,-1.6237071601540716,-1.6573209359763013,-1.690424128633511,-1.7068627312258007,-1.722308279387303,-1.695647254718901,-1.6877932365082617,-1.5729750363329538,-1.4702031218087095,-1.4095838944237546,-1.2724919806376362,-1.1909723742798086,-1.1299811814995213,-0.906219926134925,-0.8408237932550205,-0.7405248411275109,-0.6512694882588013,-0.6071167248392721,-0.5861058726045679,-0.5301343746813874,-0.4574050552294728,-0.4004260964493618,-0.3681586771941113,-0.3068016959477864,-0.26010944725457485,-0.2231760834216816,-0.19137812095863227,-0.17665672886719194
0.09152743726041958,0.11769741074938418,0.03567787687154221,-0.041182220864929175,-0.1265646309845136,-0.33451722120703603,-0.40831423431772285,-0.5176704360312029,-0.6322223206965742,-0.804254502088745,-0.9318752411635678,-1.0084713818561437,-1.1487027129914265,-1.2532221791064224,-1.3188012148029424,-1.4019518061333531,-1.4415437627479715,-1.4910521818399247,-1.5533510910643598,-1.573704497698619,-1.6168083727519496,-1.6652591052670924,-1.6863586149360976,-1.6930474739414478,-1.6960421734493742,-1.700937750226847,-1.6853921478496516,-1.6625509083087815,-1.618133182784952,-1.5468415067003203,-1.499098490710118,-1.4010387683153098,-1.321430064345605,-1.265119765303237,-1.1061786665455746,-0.9816229080259157,-0.8702882354476696,-0.8064716702622223,-0.7612348895173999,-0.719406409173722,-0.7010013798259994,-0.6532308720247054,-0.5377670718559301,-0.4763000709954194,-0.3539069734082732,-0.26924742226169956,-0.24759614586919748,-0.1627611374750072,-0.13752676449619117
-0.2221154866187383,-0.33664213608221805,-0.49401778105823346,-0.560630640727017,-0.6712491091488073,-0.792446900439018,-0.8661967712998113,-0.9633070598201113,-1.0292462225267145,-1.1434825057875189,-1.2201645617005623,-1.2785656249874935,-1.357701524893585,-1.4172011053627358,-1.4536718650857223,-1.4975012597114892,-1.516124711952837,-1.5456176782717128,-1.5713857578961279,-1.598335449773571,-1.633585311232622,-1.662514679888516,-1.6793748603741505,-1.7179373952135308,-1.7394608336455106,-1.7444050547727699,-1.7327300585304979,-1.7121193013745157,-1.6687409241449986,-1.63352178185557,-1.598680402816005,-1.5330679324603218,-1.4659452290576558,-1.410828810212591,-1.2826049073180272,-1.2087651529621202,-1.1483123519624483,-1.0151715074877103,-0.9357662711327959,-0.8942094899145019,-0.8287520488365521,-0.7724616800644575,-0.7167348024591963,-0.6022570080462,-0.49091734538659315,-0.4180045883400215,-0.3575128830879428,-0.26963147598660653,-0.18635496035583332
-0.5691610133822074,-0.7367110436811873,-0.8842521151364747,-0.9402075398390762,-1.0167094953326543,-1.1067270214405975,-1.1572503047450273,-1.223362534262835,-1.2817717244596067,-1.3380096599205906,-1.406866984099747,-1.4378241537516607,-1.4775500077351058,-1.5024417604638056,-1.5157859853081388,-1.5269214608904382,-1.536080540982637,-1.579552752211804,-1.6095348523144213,-1.6183822300901038,-1.6463786087607222,-1.6801540739758645,-1.7107452902754257,-1.745190263365144,-1.7510224304933553,-1.7484897759994378,-1.7211211672849107,-1.7034521546949872,-1.6789413685419332,-1.6628209230227848,-1.64988713195235,-1.6160989612469214,-1.6026211569525983,-1.569206904166849,-1.4987154666854074,-1.4349929324319004,-1.294984748451459,-1.1235729662987026,-1.0467259481280893,-0.9716009232927226,-0.8774621306656178,-0.8182289971525176,-0.746905652001909,-0.6811644648328412,-0.6082911787093978,-0.5650221223730865,-0.44550502885587306,-0.33349471424551663,-0.30232112191648386
-1.0155450801780153,-1.0820882633500164,-1.1638685695313686,-1.1975350186583251,-1.265713067245651,-1.3107804647822372,-1.3551356117269358,-1.3852008268482134,-1.4241000106801243,-1.4490715819566207,-1.3946734490384654,-1.3279877766747203,0,0,0,0,0,0,0,0,0,-1.3347242849954704,-1.569552712746429,-1.679799090213742,-1.7022971696000262,-1.7287830363751435,-1.7247240881814632,-1.7323255316081279,-1.7370547058679366,-1.75347106461776,-1.755509759504169,-1.7541758676399408,-1.7385580454894627,-1.6833410128598045,-1.5644817100997304,-1.4957349433114364,-1.370417668099623,-1.2832957969277634,-1.2382564066880504,-1.1695166994757955,-1.0706564083671375,-1.0191454810441256,-0.9735267877168589,-0.9920875792599427,-0.9768620829032767,-0.9009635642061777,-0.7519325982861128,-0.5957357498164056,-0.5483030776193905
-1.203667399588865,-1.2248500209852395,-1.285345087525139,-1.308372945891613,-1.2878219461691434,-1.249314493428589,-1.177870804164118,-1.0069855158412144,0,0,0,0,0,0,0,0,0,0,0,0,-1.086343311422183,-1.3955168849891981,-1.547820455525522,-1.6499120578059372,-1.6787021287633772,-1.731884440350333,-1.744557130644642,-1.755693675082153,-1.7778362078957202,-1.79506925408377,-1.8071271912420983,-1.80225331560008,-1.7963542846529157,-1.7615833849387474,-1.7094251162899161,-1.6497994143083776,-1.5589624529299755,-1.4386493628951948,-1.44228695550466,-1.366752635661697,-1.4036113305631046,-1.3429655445817532,-1.3219537578427503,-1.0616719428997157,-0.2806635574902775,-1.3299693593438158,-1.3198300927365925,-1.0290324735340968,-0.887403148429432
-1.1760933681528631,-1.1474918585809437,-1.0385310652296622,-0.9426357498812228,-0.8149672810870886,0,0,0,0,0,0,0,0,0,0,0,0,0,-0.8161370503253591,-1.068229939744716,-1.3364419386274777,-1.5221043241411885,-1.5877624992769053,-1.6651244657748634,-1.6922780783558922,-1.7257333134190935,-1.752125419985391,-1.7706235660280008,-1.781610561018409,-1.8101098490577303,-1.8146143028710338,-1.8116052338852595,-1.8046617137304892,-1.7792119890742544,-1.714501671809644,-1.6726361295220986,-1.544356097464258,-1.265448979182308,-1.1994926357078506,-1.0332624778864505,-0.779556161672227,-0.9282480855223006,-0.7964530141608984,-0.6133562143148277,-0.5781147158947306,-0.7540900883715383,-0.9663120666375152,-1.0733849726132796,-1.09889082467617
-0.9342562986400963,-0.6890431229693615,-0.4017956034975572,0,0,0,0,0,0,0,0,0,0,0,0,0,0,-0.9335204180705508,-1.1985277434384154,-1.3495260687837167,-1.4783521757734772,-1.5760676205843271,-1.6232148183334092,-1.6661810798584709,-1.697007714474076,-1.7286315529891614,-1.766827065302371,-1.7839435946774365,-1.7833204653310246,-1.7982812051056205,-1.811169667024171,-1.8123112447200769,-1.8055724970386566,-1.7789708952952312,-1.7004726044291503,-1.6557788919010354,-1.5669785503078246,-1.4178122076427067,-1.3120572668685027,-1.1670570630408257,-1.1160660083203944,-1.084246095717203,-1.0048002939623941,-0.9921301835364359,-0.9861871712928426,-1.0191035219798876,-1.0947951371912352,-1.136535863779091,-1.171117690591473
-0.6514032500198536,-0.621173090235968,0.620509033826005,0,0,0,0,0,0,0,0,0,0,0,0,-0.9003166527949853,-1.0666311879989214,-1.245659160398616,-1.4018251713206227,-1.476398627970247,-1.5541021048810795,-1.6205848620412904,-1.6498162651103274,-1.6989441839738642,-1.7196549228695883,-1.7332166675192653,-1.7704603997102424,-1.777233019611562,-1.7866304604621583,-1.8086000710280918,-1.8210069269384008,-1.8070432009125617,-1.7813574117462436,-1.7548153407981453,-1.6834626619950965,-1.6402582111730013,-1.5582359019432535,-1.4884368401090777,-1.4517962473999433,-1.3845882364040494,-1.2949628219933793,-1.2684276487700268,-1.2253389485600377,-1.2099121961863855,-1.1799114111485638,-1.1694323630785775,-1.1629025055460824,-1.158817655463008,-1.1694975725007009
-0.49317695460964156,-0.41048933385089365,-0.24495182654728584,-0.30386442946691833,-0.5401680558125141,-0.4770681437574388,0,0,0,0,0,-0.8948471681343542,-0.737572356900836,-0.9543106126536972,-1.1017669792289493,-1.2601781269474719,-1.357270079097391,-1.470878326906456,-1.534547356177431,-1.56742035443014,-1.6242842467225878,-1.6694894290224558,-1.6948784240495605,-1.738500307677198,-1.7474820293524862,-1.765101351472772,-1.7740160393253306,-1.779445048723652,-1.7840368533151765,-1.7885969143115426,-1.7818053408250307,-1.7542321525441442,-1.7199902445087807,-1.6901932303066196,-1.6003715312041522,-1.597916558622546,-1.546936822872384,-1.5095839065052452,-1.4843144363229968,-1.4607770411626333,-1.4183877358576558,-1.3818521630906968,-1.3237873538134175,-1.3051938078004464,-1.2595773080511443,-1.2356557117057354,-1.2224171250527343,-1.2098835489430715,-1.2087074320242899
-0.49070404868304435,-0.48547301737600296,-0.6164680799352371,0.6118632234780913,0.6002263098867453,0.5083061693342924,0.5676823933488746,0.5918011465743913,0.7012886140261533,0,-0.8888394927079553,-1.0489154116595556,-1.2107161789479812,-1.3527603050472414,-1.43230456947367,-1.5322394123660112,-1.5812059630023032,-1.6150629023710659,-1.6318974042274488,-1.6527365795763334,-1.690047515535588,-1.7058615363611274,-1.7236039217084318,-1.7661219653491755,-1.784782937873115,-1.7729116431994927,-1.7757522522081817,-1.7710405684684285,-1.7626752757277173,-1.7427203867418333,-1.7312322422519544,-1.6900851633071396,-1.660112155240286,-1.643840940268428,-1.6082132910285665,-1.5985530084223698,-1.5638446059609785,-1.5233342483624637,-1.5002825618202391,-1.4765062111677425,-1.440326643363263,-1.4208425529731523,-1.3841313673680244,-1.342573337706294,-1.3364208618229036,-1.337480910145466,-1.3283622800106676,-1.2636967864170117,-1.2477627143475063
-0.6351950551123536,-0.7203365984230888,-0.6983165808520527,-0.7376558910886548,-0.8926173665513174,-0.9295339454670816,-1.0837578381109494,-1.200637379524092,-1.2811799245705098,-1.3503884103596566,-1.4335408402538083,-1.470938782800259,-1.5343687994666086,-1.5907265190869118,-1.6164301451377185,-1.6461773920187797,-1.6718720974814143,-1.6929494096430238,-1.7032532123893065,-1.7169144249404131,-1.7410990871168297,-1.7516030712826682,-1.7514163761491837,-1.7586421237590588,-1.7533101431193898,-1.7280603408427113,-1.7258479403550386,-1.7197108920690343,-1.674246916499616,-1.6689850223587706,-1.660233668766391,-1.6395553694097678,-1.6187882197466779,-1.6129192794971283,-1.595676898258236,-1.5686377271456906,-1.54300030622406,-1.512374967805922,-1.4935048674246139,-1.4795284758607492,-1.4646491844826328,-1.4454603834948663,-1.4250498625138066,-1.4061332067642325,-1.3685925528295049,-1.3610275709148068,-1.3631420473014462,-1.3112331752118362,-1.2767951341917225
-1.0054506881035132,-1.0954906528270614,-1.1310101556252474,-1.1646242844934063,-1.3079618692157966,-1.3356324442240728,-1.369580250154497,-1.4562327329987972,-1.4637735089591608,-1.5056217031433397,-1.5406780659765917,-1.5724664464952878,-1.6046029560933444,-1.6477779708539984,-1.6647182899831914,-1.6840067511676566,-1.693588287657278,-1.708270857904729,-1.7211435291695794,-1.7233468768287343,-1.7425794666372363,-1.7416332690924905,-1.7402262952966403,-1.7502817898817442,-1.748850317950639,-1.736100960002525,-1.7274857132701862,-1.716274594231258,-1.684102862116147,-1.6605628268268544,-1.6481912595118964,-1.622975017133685,-1.6094447789917472,-1.5953695237592294,-1.5727157796421554,-1.5616566227804614,-1.5338427757052107,-1.5061460747319877,-1.4844515440241364,-1.4734353668000726,-1.441490351252748,-1.4280493339176688,-1.4275079599840939,-1.4142378285907258,-1.395243321152877,-1.4020823585443587,-1.4083063070309207,-1.362595973001111,-1.3353449728144138
-1.2068983600480514,-1.2739251713766573,-1.3333096114826117,-1.3456037211787488,-1.4206002102690372,-1.4574323935479663,-1.478233972679524,-1.5074825772839424,-1.5339174216548286,-1.5543993010353967,-1.5872882995891755,-1.5960765069536293,-1.6225714404084841,-1.6479145102156618,-1.6608461946703945,-1.6740199491844843,-1.6810863183114884,-1.6973891405829145,-1.7046785467724126,-1.7127873845221977,-1.7156557873847493,-1.7110565087784688,-1.7093301619643158,-1.7136417711170986,-1.7127360115824555,-1.6996582120718748,-1.6988851093683788,-1.6868400495261844,-1.6634430270343086,-1.6453196853461103,-1.6194281799079915,-1.6002901342156473,-1.5749393213462317,-1.5590400300014478,-1.5550530314937676,-1.5340441687274544,-1.5216098650573477,-1.5088988181201737,-1.4909979213572289,-1.4742068883699233,-1.4532197280412549,-1.4438850485850667,-1.4324664724364247,-1.4237971850653357,-1.4113024639452945,-1.4084377450222016,-1.4016850191216106,-1.3832484770682387,-1.3659669892234225
-1.359256594749827,-1.396504223265334,-1.4368847944955716,-1.4552586050658054,-1.4908297478040549,-1.5098217419542923,-1.5241374653640496,-1.5325810163845341,-1.5439862042833778,-1.5636680205789293,-1.565729856457821,-1.590980657945028,-1.6194640384061323,-1.6295330127953986,-1.6394064645501325,-1.6533229067646433,-1.6594277965830102,-1.6562879508017678,-1.656255226139211,-1.6565476755440223,-1.6731220151785042,-1.67594038673162,-1.675543447123619,-1.6870418242127765,-1.6909512183136957,-1.6714001316397251,-1.6565275593392041,-1.6506808311746792,-1.630223190961652,-1.6221825638648961,-1.6077847998672885,-1.5867701282771312,-1.5813038805209862,-1.57234341387154,-1.5554839783060967,-1.5483184229863187,-1.553143474748234,-1.5342443550054123,-1.5196275077324786,-1.5040720207164606,-1.4930976384024663,-1.4799938093325653,-1.4705839427866703,-1.456234503579103,-1.4422761097521917,-1.4384574943269508,-1.4290295999059393,-1.4117575170229586,-1.3986732170766762
-1.4119937120768555,-1.449758995644705,-1.4748856653348261,-1.4866437053872372,-1.5027455001573422,-1.5207953508183745,-1.5316447609225143,-1.5378890989256395,-1.5427733181389742,-1.5654389616863613,-1.5852165887020107,-1.5863374515259567,-1.5989951812750336,-1.5998582338417564,-1.6007327583280824,-1.613278496031852,-1.617920274133562,-1.6207284945284637,-1.6246408668116727,-1.6275022717627958,-1.6306193019820878,-1.6322222433720215,-1.6275434539661033,-1.6327234668790422,-1.635393895064759,-1.6310734329653735,-1.6317251682930294,-1.6285066973738458,-1.613738233270567,-1.6067312910195215,-1.6053567325500244,-1.5907671646087158,-1.5910884412775839,-1.5873794659850051,-1.5712139087996222,-1.5684147237788808,-1.5606183204522834,-1.53625123372072,-1.5334982855279051,-1.5241719188102805,-1.5005407534243878,-1.4969955054547088,-1.4958030478154085,-1.4980552226534043,-1.4691351068509084,-1.4718068700249134,-1.456314394657232,-1.409256258514266,-1.391303132757077
