jsons/1312743600.json
{"header": {"parameterUnit": "m", "parameterNumber": 3, "dx": 0.1, "dy": 0.5, "parameterNumberName": "Northward wave", "la1": 40.97354507446295, "la2": 16.46031188964855, "parameterCategory": 2, "lo2": 133.9931640625001, "nx": 191, "ny": 50, "refTime": "2011-08-05 8:00:00", "lo1": 114.97908020019554}, "data":
[rows 22 to 43 of 50, columns 50 to 99 of 191]
0,0,0,0,0,0,0,0,0,0,0,0,0,0,0,0,0,0,0.10747387270908326,0.13376953909890635,0.3816566560308374,0.22551873725196733,0.19420506059251588,-0.5837226286302343,-1.5926625292936913,-1.7610515467497085,-1.6291644917807993,-1.17672704769836,-0.967666503560981,-0.7549425123392579,-0.3337197477845452,-0.03601736099041122,0.2019413430525987,0.5612559547428148,0.7381812577688717,0.932284514162839,1.2392689461473643,1.351135073394588,1.3788688858651186,1.4978175407387568,1.5428153135539235,1.561921992454361,1.5874073725396098,1.6844950690376044,1.6931219471247037,1.6649289870851751,1.0272584410220216,0.4828865495267954,1.5173957659836421,1.582145844749539
0,0,0,0,0,0,0,0,0,0,0,0,0,0,0,0.013257274333631233,0,0,0,0,-0.4096290192888142,-0.8384700329584217,-1.2269073082525466,-1.3436752604686837,-1.3910047757473605,-1.426771186998727,-1.2231114721991219,-0.7968013773815694,-0.5669833786993566,-0.30784037295059863,0.26035401149870563,0.5248635111981522,0.7745602645121632,1.1655762105436354,1.2154017912178727,1.2843873667628114,1.384451754226138,1.434919656387443,1.4338156855029691,1.5350647050871753,1.5819598780129138,1.6189145145160102,1.6347912028303757,1.6918373723354898,1.712061555858121,1.671617730433337,1.775955686663097,-0.9416155373173254,1.7358220196175875,1.7066303104617506
0,0,0,0,0,0,0,0,0,0,0,0,0,0,0,0,0,0,-0.519609516654845,-0.884039907993698,-1.0376250289669742,-1.1772600697195648,-1.4004389605364387,-1.3567998417203464,-1.043564530394734,-0.9411270124418033,-0.7502884736260469,-0.3772387979715341,-0.15738096343194888,0.04729624470044348,0.5405794611921877,0.7191856468000699,0.7924831159593408,1.0476078148449353,1.1615785592928431,1.2232593698202443,1.4122387184428904,1.4998784098177822,1.5290491019465848,1.6047272073036458,1.612275421345688,1.6284633461127067,1.6402080599964945,1.6886073069079828,1.6980667982660402,1.6439182850281373,-0.7550947053620569,1.7371328461832871,0.9646592894314959,1.7281009597923642
0,0,0,0,0,0,0,0,0,0,0,0,0,0,0,-8.1454825486999445e+37,0.09949560957917382,-0.6657707253389454,-0.9624652962196675,-1.31041372709555,-1.212657543430694,-1.158529331934542,-1.1684702867367915,-1.0342088112371743,-0.7700549935886246,-0.6763337923212613,-0.4973537534177099,-0.06491096714258714,0.1298945429335118,0.2842116447126964,0.8410128563641103,0.9387348883819558,1.01500592053996,1.1925725652424992,1.2906439143844775,1.314746545169952,1.4193535217293565,1.4468513616761727,1.470253631624567,1.5161749380535154,1.5263884261157696,1.5645073831460325,1.6020170387100081,1.639833869644517,1.6530788287991687,1.6668367913154687,1.6879120624177164,1.6211727884087794,1.6388868866266388,-1.5966039503967753
0,0,0,0,0,0,0,0,-0.11055731332618557,-0.22099876221591527,-0.2657616699926281,-0.38697153023891484,-0.5490270429600441,-0.6907343589164164,-0.9215808014793707,-1.0767130041291755,-1.3070363253475699,-1.2757475663897073,-1.2009292183092568,-1.2670908462029584,-1.034677045992366,-0.9474847964185384,-0.827052498199534,-0.6888222650938649,-0.4308861224719269,-0.26937834430306895,-0.09265655613185202,0.27595225612947344,0.4404524184302257,0.6029967236171773,0.9239694904583469,1.0299153097110116,1.0791701334631232,1.2073061738994197,1.3102134012035094,1.375474043825075,1.464450879324557,1.4516690122837135,1.4647814753497859,1.51457225323207,1.543778695195595,1.5299955977512092,1.539985776764503,1.5643538168382858,1.5719689894767117,1.5878341824295936,1.612821773976708,1.6296376622764972,1.5796776251641642,1.332661359864552
0,0,0,0,0,0,0,-0.41155980801629194,-0.5741860703033691,-0.832091626956815,-0.9430171758875517,-1.012526406851591,-1.1372511210609784,-1.1519890569580808,-1.0823634529964041,-1.061728564616501,-1.0837836331511084,-0.956525724705215,-0.9105596396772438,-0.843724460132435,-0.6387915547729411,-0.5322427693480551,-0.47933413579104645,-0.4123340939327492,-0.23965313153616796,-0.11513666800519474,0.004113990310553605,0.2865629259659609,0.4415123882717095,0.5726829846918623,0.8704952787518535,0.94062137357819,1.0324538070379345,1.2354954926862347,1.3149826405954679,1.351408233453475,1.418154028754077,1.4439113694782046,1.4584112926950505,1.5063206164650855,1.531239648208998,1.5243504425395407,1.5415844576668682,1.5700429285624484,1.5660407674756374,1.5692835471662085,1.5849226211649459,1.5891692317438724,1.596936986056697,1.6023691767825212
0,0,0.10323542532588065,-0.5016394880650429,-0.6592643632359948,-0.7667151413261681,-0.9652721123084981,-1.033330991306149,-1.0478805153140829,-1.1127568913816641,-1.12232563771552,-1.0420375216908937,-1.0691101897673974,-1.0304090831489,-0.9312635883660147,-0.8809237406182329,-0.8590581505553118,-0.6941050457699867,-0.663674587545363,-0.5990965001616372,-0.4937492213871981,-0.3874037519580078,-0.33339267804410816,-0.2558708506770206,-0.07459099956357745,0.08068661978279656,0.1403087453329001,0.3863398175136047,0.5144379000279491,0.6146060095273971,0.832143193082213,0.921709689590999,0.9863570859974025,1.2433224871431021,1.2735533837610469,1.3135404245960314,1.3662603135630342,1.3937009551934791,1.4028098479394249,1.445789889488525,1.4963123476967717,1.509542074264914,1.5252171094140667,1.552943745210845,1.5386235887218176,1.5409911635056353,1.5470721536336367,1.5450195667303441,1.540936034694616,1.562049173417196
-0.7089593466530474,-0.7813990608416601,-0.8538658431315127,-0.9497907239795204,-0.9070002730871987,-0.9325178756058025,-0.9834109799463691,-0.9736717454438207,-0.8870744630388142,-0.9147094831908473,-0.8806440799942992,-0.7989731710354386,-0.7996931611683964,-0.7470460251270926,-0.6512890186849495,-0.6090500951864688,-0.5840550329526278,-0.497939928611906,-0.45530218771451886,-0.383743063535633,-0.2362877092314802,-0.1939021695238714,-0.1410346013243109,-0.0924917439976797,0.04061904401988548,0.13881120622717405,0.20095712853975395,0.35854136208298776,0.4342337044630767,0.5330227964140116,0.7103801759408163,0.807816511587165,0.8737633771564789,1.108270902571552,1.198552242685089,1.2433240810317132,1.2779003069289503,1.307883496743006,1.347014343537057,1.4001359277073608,1.4238909063380594,1.4483187121089847,1.4681067388208437,1.5150811254684653,1.521257269986354,1.517130331064999,1.5363440581915102,1.5273904381761945,1.5215510957822016,1.5433766067750603
-0.9218636893529204,-0.8709641637391847,-0.8950689588987678,-0.906271157388832,-0.8485347595635502,-0.8254193293805759,-0.8336798030646961,-0.8081641351840578,-0.7202582595988765,-0.7219157172462031,-0.6963143295673851,-0.6031839075709725,-0.5774211075690698,-0.5351585423200427,-0.4562127702497495,-0.44081126069381826,-0.3806060823622164,-0.3347447316600885,-0.3230595997176218,-0.3047503522940073,-0.22895479094075571,-0.21395939224620492,-0.18975051898344697,-0.17348424223836734,-0.03560292363987601,0.05250408829748923,0.12038416224748998,0.2788010084193983,0.3689838024202253,0.43683091507189625,0.5906080182349585,0.6507615612471357,0.7307016529079093,0.8822277498539051,0.9628392705543085,1.0040254330757832,1.1631033878638315,1.206300131165717,1.2188094740449142,1.274359298443254,1.3446324089549069,1.3484002420842318,1.4098216812103703,1.4698414354696265,1.473393907112679,1.4898418136060987,1.517285888634818,1.5229411181327008,1.5231731986987718,1.5262232960405402
-0.8553845265157544,-0.7498526447054389,-0.7153476718059334,-0.705613406171435,-0.6464401673103228,-0.6171848043189981,-0.6245702361254765,-0.5834868753441975,-0.4984497369204637,-0.45699314715794404,-0.4320018734064598,-0.378335671395678,-0.35627111632948266,-0.3429053229110876,-0.3340186571149347,-0.3327516242809315,-0.35484351134864056,-0.364637417709856,-0.3594339821167494,-0.33872768241193557,-0.26268501133530625,-0.2286548983883821,-0.1944433732187622,-0.14234206119063786,-0.039818685526062395,0.03013152709002508,0.09570376128046237,0.23473000631692756,0.31467232359706443,0.38277642757321395,0.4867865031077079,0.5385864171911879,0.6129267807551486,0.7400464510514579,0.8151682773644652,0.9166176815959778,1.0652422200445832,1.103609096807357,1.1545145525313487,1.2526826978202192,1.30115335610882,1.336553242898987,1.3807411095157405,1.4333084853548959,1.4401115817385086,1.4715607090229237,1.5220676117320704,1.497369556524771,1.4869417595097312,1.4881980903278855
-0.6124700680069626,-0.5017673879341397,-0.4763981249369949,-0.4535732361092485,-0.38427450535944346,-0.3353796997746747,-0.30449626673327435,-0.16633797430159133,0.019286230476203405,0.2780310327973027,0.354373709027654,0,0,0,0,0,0,0,0,0,-0.7731982959036107,-0.615822945104296,-0.5283403944948251,-0.43476503311456577,-0.2859574810864009,-0.16660346634860618,-0.07569814364061771,0.06616325465627758,0.13699245534840762,0.19137584884827813,0.2918000231716753,0.40256344385814263,0.4871024528332946,0.7224690430342112,0.7851710155408689,0.8843865998886609,0.9750100690342389,0.9901770961416161,1.0553989064645348,1.1501204574811892,1.1813432794685523,1.1880678921178534,1.1641921188458892,1.188887860507394,1.2315429912164324,1.319129203918075,1.4079179098414818,1.420442253431917,1.4319667247090535,1.4897680861016567
-0.3139825708392356,-0.2120272448954763,-0.14253009986397014,-0.06047950407466872,0.20797699979147888,0.2834390688886678,0.4280840266466542,0,0,0,0,0,0,0,0,0,0,0,0,-1.1513922623221122,-0.829802086737414,-0.6746651617540866,-0.5765637345244189,-0.5038447621168987,-0.29207404922308844,-0.2400075364453453,-0.17336982546669027,-0.004062320906973295,0.04933607376379027,0.1294369081940757,0.30490934525064195,0.4186089300395903,0.47407864515668496,0.6213741744004981,0.70133912093306,0.7590154311927385,0.9323930006278649,0.8360300217893277,0.764521990656999,0.6602739263620013,0.7356078236547786,0.12461315031463939,-0.5613638298233092,-0.62181344436189,0.09805644512707422,0.6565937684264379,1.1402580267359512,1.2590668204639641,1.334075754550808,1.4734184505049488
0.20048458929442156,0.5024140075084765,0.5717838571340227,0.5401936186256457,0,0,0,0,0,0,0,0,0,0,0,0,0,-0.9685589756770504,-0.923988055871201,-0.9281779872588617,-0.6254497203342473,-0.5664460971063513,-0.4877195829194656,-0.3883951902808783,-0.24409104635634013,-0.15760985816253922,-0.07460440873671675,0.0714269736167514,0.15993747974492326,0.199429543434784,0.3184624159952928,0.411414974095237,0.492374705998808,0.6891049342368101,0.7801345351247586,0.8889499506389886,1.2200429517090479,1.367451022561058,1.3607600066604448,1.2312943800100011,1.217892403783932,1.2609175459384967,1.3007271198785484,1.2876514286324459,1.2349274301427877,1.1475198677278726,1.0545811327658925,1.1047637398061394,1.1613502780496259,1.2820928114909198
0.5461580806400227,0.6976698365320977,0,0,0,0,0,0,0,0,0,0,0,0,0,0,-1.056451608136596,-0.8496711598305907,-0.7819351302902958,-0.6915120124468656,-0.4554374115315417,-0.3978422197161713,-0.34087713258836866,-0.25232488891903054,-0.1256302188745427,-0.030916709068959852,0.033757861570226026,0.13670216213207326,0.1793360098551073,0.23797868847228545,0.4071894777589172,0.48577462214334605,0.5812823375892482,0.7278453461545175,0.7838215519090485,0.8534393194494738,1.0377035134059767,1.0630515503197773,1.1068346638132716,1.1665707206635478,1.1646790074228859,1.1704607780731857,1.1775645485177053,1.1857016529191649,1.1764787983779859,1.170208385672994,1.1098209485833386,1.1250408822090885,1.135491838999322,1.1891094073654098
0.46295715492423956,0.5883177307743965,0,0,0,0,0,0,0,0,0,0,0,0,-0.9172745539805439,-0.8797419739959853,-0.8615163416246114,-0.6891670426480476,-0.5941086615115717,-0.5155647852050214,-0.34050876392197543,-0.2601637793613252,-0.20182148347857104,-0.13007308981848545,-0.007194638227686626,0.07068909039269658,0.16830786002130982,0.2223950714304822,0.2752007912593172,0.3065790273730199,0.4107288869352975,0.5107227607286616,0.5939563525588095,0.775236369262773,0.8295182661494851,0.8329339588366084,0.9133990183040434,0.9496274824305034,0.9580058715370021,1.0267532173179112,1.0413590081179203,1.0828048863848607,1.0890568659590658,1.1014996013449248,1.105731271239218,1.1300104916919347,1.1512279050157643,1.1621911716205056,1.1753306270624728,1.1924290952662457
0.5056243175108508,0.5734748323884317,0.5076980756615764,-0.029945046388104753,0.11733802009940593,0,0,0,0,0,0.26185474598553127,-0.9615915105940334,-0.9953671767066152,-0.9256443221595938,-0.7861122218291723,-0.7055611927353437,-0.653257523944856,-0.517169652795562,-0.4651288060988511,-0.4015858727753599,-0.27239635345901,-0.20398628834329663,-0.1303735607452162,-0.07940217523414789,0.04877832103152508,0.09743961877191455,0.13677681312693835,0.24709537286746822,0.32156096196327694,0.37756402152223756,0.4984196919422305,0.5764182467117255,0.6374881260350649,0.8070227055248778,0.8083508382236979,0.8010967954055347,0.8329850026808283,0.8680991076251656,0.8735756435033366,0.9167591971073951,0.9523397086154607,1.0031095689816616,1.0145899100022375,1.046055649395154,1.0740522626406201,1.086383953218183,1.1300122130414942,1.1361477046900683,1.1565569666014648,1.208120123840059
0.2866493692451174,-0.6121178937825849,0.2341874730678989,0.36067334799906636,0.34635954856263845,0.2633490968462532,0.2189186246335583,-0.008445393861503447,0,-1.0434067840571861,-0.9563545465818447,-0.8446369093395494,-0.8267245221426288,-0.7756277517079722,-0.6234170943175376,-0.5321387168453307,-0.4763706797012864,-0.3476071852449056,-0.27002440437211583,-0.23103941108245368,-0.1259722396959322,-0.06021002575708011,0.003239754505176954,0.07526391166105002,0.1850825404893904,0.224137226966045,0.27768997964733627,0.3614065181303456,0.41915418556311707,0.4556557974248793,0.5707651630827787,0.6314601768435978,0.6727069510576418,0.7202887570080351,0.7381180955621255,0.7553868252626549,0.7914425767798753,0.8258528868500293,0.8554106662850994,0.9233291695543142,0.9438961708708824,1.00116654136995,1.0687602090851065,1.0703378271868915,1.0608993889324223,1.069183027864974,1.1166068658896133,1.138671303174432,1.167430558525035,1.1946272976268166
-0.3175784624858999,-0.4599266520406014,-0.511005779820901,-0.6116834964541102,-0.6373042115797369,-0.7190102457842446,-0.755092845723478,-0.767906112112464,-0.7292868816248645,-0.7261991939088693,-0.6935623638618778,-0.6087169828431735,-0.5883623211099132,-0.5581295767688476,-0.46677454061793083,-0.39862327885742893,-0.33951273480360905,-0.22186394969333767,-0.17359878276020124,-0.13035004300338454,-0.033244826601602315,0.015734483340665607,0.04103146873156541,0.11180307226558667,0.23278939866820167,0.3006903406020559,0.3265361827523164,0.49764486688604664,0.48477465832041156,0.5098133289560026,0.5467848757203623,0.5610811580339473,0.586153808844214,0.6351338993133737,0.6892741669038841,0.7118002774032474,0.7873693870292898,0.8161594835481877,0.8417927742894873,0.8910939979233821,0.9146539497895969,0.9162703806481982,0.9533317658136953,1.0336115803569108,1.0784253673390614,1.1417185399296423,1.159526647982678,1.1591164575945148,1.1678354740721473,1.1804610127414112
-0.6671957447576026,-0.6852603725757956,-0.6903396524936655,-0.7544894902823849,-0.7349688685905924,-0.7286706097852266,-0.7296653075037539,-0.7269326054974616,-0.6294017562749477,-0.6148419041306072,-0.5767096067873748,-0.4974266887531643,-0.4508065230412748,-0.41259245700305214,-0.31252292624887584,-0.29221681750402767,-0.2584134944871598,-0.17416758865213375,-0.13037840340419884,-0.08279796940080553,0.0018136155799736546,0.08340430852485767,0.12103191696048571,0.16540565028840515,0.273691104566288,0.31461121488225857,0.36088039636465685,0.43352058437631275,0.4324093667795812,0.5003588921625416,0.5654328967258287,0.5934230095888106,0.6175345944654416,0.6630241828670987,0.6886578922396551,0.7139919271043469,0.775995775719251,0.8195457809826602,0.8340389484470984,0.9030055542450678,0.9352789280058386,0.9371709483782539,0.9594081426149861,0.9969405760403797,0.9981915446226549,0.9899792412220014,1.0516778266634208,1.0654614087234442,1.1058764646084065,1.2020668128805252
-0.7494299255679844,-0.7407562929569448,-0.717230650319992,-0.7315916294673651,-0.6758339359343464,-0.6690380412300155,-0.6454570241318464,-0.5991995542019755,-0.5523645214255395,-0.5013276724751704,-0.47844169996436076,-0.39457583352601927,-0.386468195973084,-0.3520904660525279,-0.2888395255811569,-0.263319242209549,-0.21315829974165923,-0.15601755095606623,-0.11116674787907149,-0.054598051095297466,0.010492059718610213,0.05859414274713131,0.12255064459090134,0.13997599951087494,0.2367402746216517,0.2551626407878307,0.31062497249511,0.40328084397938585,0.44371307986518926,0.51171076408285,0.5633179750831687,0.6222602465971743,0.6490248640167698,0.66019446620641,0.6915074898025259,0.7351953561985042,0.773495899431636,0.8008287794761991,0.8176346145972172,0.8641185356256447,0.8794222283990896,0.906754635545509,0.9222643711907397,0.9309555475503871,0.9665519938625934,0.993558149290462,1.0510099707355312,1.0969510568413492,1.095868624458231,1.1353801101036667
-0.7813904830473132,-0.7268913369719193,-0.7044903591331525,-0.6770177256010197,-0.6318325660375698,-0.595688627974978,-0.5767189216451886,-0.5511690321269663,-0.4731327167750883,-0.4689709700756096,-0.43501724508000933,-0.3763329758351473,-0.3608907624913368,-0.32273047370950525,-0.2742381169631036,-0.2462732607944936,-0.19890767400846704,-0.13652387073572106,-0.1052966738650589,-0.06542111618540873,0.007520074596698073,0.041778990839492686,0.09634517292554917,0.11279982592285778,0.18820765893372043,0.2289067019192848,0.2608100142950482,0.34868790237880637,0.37729685536164465,0.40980285404392186,0.4649501298999716,0.5037220798240276,0.5375219468861772,0.5845834109274272,0.612961846471825,0.6214999623024374,0.6714464971667076,0.7033475593984642,0.7543956161195375,0.7892879128111823,0.821277175420606,0.84693488104856,0.8804030053067914,0.9135391978116371,0.9387506144555836,0.9710606952882237,1.0190455132692584,1.040815180259023,1.0760090593395226,1.1190462222691868
-0.697368181013033,-0.6686436078469624,-0.6433515617597109,-0.6213467980733146,-0.577260631479207,-0.5435437399627804,-0.5243690841833409,-0.520199091491756,-0.46606458804233536,-0.45224404492065806,-0.4405164220442413,-0.3641526810203475,-0.328503307903193,-0.3180181467197933,-0.257192644688496,-0.21907359118725991,-0.1990202153613301,-0.13977465644578546,-0.10719729825703506,-0.08007651860367568,-0.015493216420955731,-0.0027995869348254356,0.017034848708027548,0.0629854345909717,0.11761165651543666,0.13842393219755417,0.1718205921130942,0.25711813291626034,0.27153647805884196,0.2971625203060271,0.36933181877328275,0.39500133046399327,0.4280484223482114,0.488080793209184,0.5051403144424018,0.5393583601593362,0.6059257442709819,0.6213284803480685,0.6603886711816221,0.726778702911478,0.7450017687521167,0.7789069322041235,0.7899620993350329,0.8412265345240657,0.8732255939560841,0.9044311376335943,0.988688165036439,1.0472062285283168,1.0450801888368748,1.0662716039123814
