jsons/1312682400.json
{"header": {"parameterUnit": "m", "parameterNumber": 2, "dx": 0.1, "dy": 0.5, "parameterNumberName": "Eastward wave", "la1": 40.97354507446295, "la2": 16.46031188964855, "parameterCategory": 2, "lo2": 133.9931640625001, "nx": 191, "ny": 50, "refTime": "2011-08-05 8:00:00", "lo1": 114.97908020019554}, "data":
[rows 22 to 43 of 50, columns 100 to 149 of 191]
5.035655585156381,5.480265875193891,5.690723569935235,5.780305765426348,5.897948257628054,5.893256332354596,5.908348196765947,5.824542971304551,5.7556226645228925,5.7181980405070565,5.613603874487763,5.412460459747395,5.34333331033729,5.145867985153174,5.122827257903087,5.05031115815513,4.91135841976517,4.808199810424027,4.787005338446811,4.698448444690449,4.529226898309401,4.449293289953092,4.356408221263545,4.245293695207105,4.183767309171202,4.119797453977865,3.9834704229785216,3.89554206607926,3.8092814716939296,3.671484562782393,3.592453753940691,3.5441884986039045,3.4333146420777876,3.3690090724418282,3.3148106544131513,3.2174006371474633,3.160189090570422,3.1468866397877324,3.088351715492847,3.0191109450817013,2.982371210119448,2.9473030976700283,2.8883461474766614,2.865774037873428,2.8349513688696137,2.773221075521204,2.747023435552032,2.7159254879408046,2.6790213826279867,2.647556795197049
2.6564149389305567,3.033568197282786,3.6910758525380043,3.8343490565227154,4.0603023899116595,4.138966131932233,4.246086629670333,4.3205254789114305,4.307530193550794,4.329492558188341,4.281940732001447,4.309119392888591,4.2686146470871655,4.241425024573152,4.171334179542254,4.165045048974014,4.059636813235727,4.0546477729408155,4.033500282318226,3.9384170107929846,3.8948288399834876,3.8541342559501586,3.8216231007164505,3.7473901003030927,3.7259616427762765,3.694447459487135,3.6172875983199675,3.551550683729109,3.520237780903017,3.4208735006416493,3.383500119229646,3.337757512636396,3.2077875083551324,3.1883400456316666,3.1343213475587515,3.0409439360199833,3.0227896115017026,2.979767746162716,2.944218041626784,2.8822313652413993,2.844979126081121,2.816405914336732,2.7628212322921715,2.7151418622684136,2.6978538095352556,2.628899879752958,2.6121261936187765,2.5973768631956218,2.5693271319033726,2.5614706382364685
1.3297932359288005,1.4914827084952529,1.9872626763575758,2.1597082445448184,2.4179619867884745,2.744822898411621,2.8498930412047723,2.9401094141232447,3.1559829018447516,3.211467239157217,3.2767656685351763,3.270035440098204,3.354342031510821,3.366229931565821,3.387391077156063,3.4043842205716377,3.4034174981010965,3.4199566279070366,3.382179327964062,3.3647222757582624,3.2932746393596806,3.3401391089630517,3.3478087875398717,3.3126884268658916,3.3196942624254366,3.3118284494331776,3.252798619525899,3.2424033434162713,3.2146952059372946,3.152244570453912,3.1015242838158716,3.095668716456432,3.049476924901111,3.0369648666970326,3.0000543093699714,2.9387611481469276,2.8872080326230662,2.841568033103477,2.789921482386518,2.6871455255903536,2.651928073907128,2.611583413324062,2.546202938928064,2.5200254985089257,2.5246245758432004,2.47274993542666,2.480813470474182,2.4702616760251166,2.4552264942790014,2.447194137728718
2.0767800223048796,1.1620638994015824,1.057180077947709,1.1713791514971583,1.3781022511833996,1.6111376029895585,1.774691027980237,1.8471880949294752,2.201496293437455,2.249097163881428,2.2520868046125857,2.3851014633470973,2.485643388451547,2.5953423607711064,2.62683712720514,2.710187758424954,2.731764283649055,2.748195126274493,2.833274125701084,2.853537836018743,2.839180155359321,2.886472129770863,2.8725637052542625,2.8791670699271035,2.9340080056424522,2.9260483331535183,2.894086842807962,2.8857367969229686,2.9232263899307642,2.8757427246951983,2.869287737092074,2.877941453807267,2.831201968472137,2.8305328927890576,2.8248871922165226,2.7704551663694397,2.752675672912922,2.710125492844731,2.672364831517838,2.5951496170254935,2.4194845363703523,2.3072181374378675,2.1650650183532743,0.2189831421051951,-1.8732844813223986,-1.2735872328089803,-0.14579938121302694,0.9366656278850571,2.1837579363062374,2.323100568029339
-0.561023874422926,0.7098750285102375,3.182907427451988,1.989308080269073,1.1277172735011984,0.8066806043442665,0.9749610206771808,1.0752616760766105,1.3626965318280775,1.4725166798172078,1.5917566356145667,1.6650743716121654,1.9175502675918086,1.990754736194745,2.099845044852509,2.2446762428907263,2.292851964022605,2.3201375863889457,2.437884712782594,2.4566780963900197,2.475609050247529,2.5326466928631604,2.5795666453028376,2.5525129513079885,2.6532279110057457,2.681288603601755,2.689810713845147,2.6972546901668615,2.686935639663701,2.672143134285193,2.6825392058007713,2.686900418199757,2.6416553785571146,2.619127403525047,2.603623073892263,2.5253715942331114,2.4843241926401953,2.4049718121603365,2.4901340593385575,2.5150911084989627,2.368967609871579,2.3272989820938412,2.420694804251315,2.4205014125759106,2.4265730515554433,2.4107586514124426,2.4200022070700093,2.40069203179902,2.4215870164037403,2.4182299662897817
-0.6331086213832144,-0.8844932125458306,-3.095246032892795,-3.1898940839137038,2.404592215225616,1.594254643710375,0.990757427476145,0.5306800903369988,0.761367565150838,0.857572300364563,1.010080609213751,1.1490820945697893,1.392014508007885,1.48904185904132,1.5505864839459984,1.8401799830984717,1.8438420540632976,1.9517475179145454,2.0374803200423983,2.1171202876763466,2.109399604825169,2.1604803992170587,2.1951252956495457,2.18501072926263,2.239265475466379,2.280679997444554,2.317877746112242,2.4356831665691328,2.517737206793913,2.433738447179789,2.4334545533067384,2.462597354423106,2.4228544803736045,2.4705605988220745,2.476415473524435,2.4486512017242763,2.443453802629867,2.4568689277360583,2.4508491215998136,2.429887091131047,2.439834678151869,2.434749498951677,2.414321334124649,2.4072082238542927,2.394954889198372,2.372996695388542,2.373192765851436,2.3657169061246424,2.32743464458532,2.322341298536042
-0.8595284990517326,-0.797314776721367,-0.5894869478385343,-0.9835544279801092,-1.0087189623855588,-2.3771140364203958,-1.9792588890614176,-3.1036635898850857,1.0675017519643704,1.9502411749613544,1.1532729021765873,0.5919907827358578,0.8476666442228767,0.904719702186101,1.0642650247965693,1.2649724295786102,1.382623988842645,1.4359353612037147,1.5499928588913234,1.5694273940049686,1.5633376977291908,1.555512458310108,1.5222364942839128,1.5398537993222594,1.5656422052621781,1.5898559686426064,1.5940290518205715,1.6034467483840422,1.524458232046437,1.4722119381154937,1.4137748486399546,1.6163637441901648,1.9106727275963966,1.9927792077060213,2.0967585072953034,2.11375508168502,2.1460037528724576,2.2063322947581807,2.208259120348912,2.1899339366391866,2.230539358969786,2.2166564814655754,2.205326548937318,2.229744371265472,2.236548592308432,2.234831713852139,2.233479486467321,2.237416488351132,2.2261797987235297,2.2210646335631727
-1.0266293969439868,-0.9336995732359925,-0.8443418147452252,-0.7609057229943409,-0.7169355697714689,-0.5558953200232262,-0.42099806838635995,-0.5524064956093863,-0.24591514836054593,-2.9263003467964066,-1.3863120087616037,2.4370343885045633,0.9174063252838518,0.4148360694980769,0.4975264327926629,0.6732055699819391,0.737640564924809,0.8098956252735894,0.9111057095186536,0.9611307847371242,1.0094585930229214,1.1069208861583641,1.134725442660478,1.132443164654534,1.0953369180656174,1.0811668859969692,0.9712784836918575,1.2246707997334498,-0.9498471448131299,0.5864872927895869,1.4694688701308485,1.8288986053826712,1.9646163407401849,2.0243754044847524,2.0684997401904277,2.1517501450977146,2.1460009041394876,2.166908619386298,2.175490561424807,2.1973174682460965,2.171019417257516,2.15304251707834,2.159151010271412,2.1339030562693715,2.1220481764174224,2.128881943973688,2.115412594778508,2.1144278358353246,2.1120929190833193,2.1006723592637893
-1.108371417795591,-1.03621213981187,-0.9201416452469914,-0.8337689133364521,-0.790876081198714,-0.6359871982081294,-0.5702730456927912,-0.499158979337603,-0.36117017205811514,-0.3071559760931279,-0.21661654035090366,-1.1457222790490778,-0.6459952894416477,0.14566566936415312,2.1915935810412877,0.28726026018011636,0.3471719928270533,0.4480760266995567,0.5653660954960089,0.6272586144865528,0.6835465778659873,0.8522933230716834,0.9243425839478846,0.9756778067659283,1.0589283917926309,1.0926732545595064,1.176107316799861,1.2469083487916683,1.5580678039166014,1.6802720286302277,1.811620937548847,1.997745324393913,1.9634491551729767,1.9570509522794979,1.9936159897226127,1.9535414039978192,1.9858481764237383,1.9481746945638632,1.999437969221009,1.983182025549318,1.9796298623357569,1.9424666799678643,1.9253761318329023,1.9448856888596393,1.9464045003092292,1.9397380957878043,1.9293257115113256,1.927755417088878,1.8972036817610767,1.8845369748101861
-1.264717967668267,-1.2307154753309049,-1.076013594826973,-1.0036448933047182,-0.9620120270707492,-0.7915395530133319,-0.7325038469975008,-0.6428130792009172,-0.49485923548511146,-0.4672430490757042,-0.3933213723240294,-0.35845750451545644,-0.3442177154625333,-1.2657493906449473,-1.7680980553451278,1.5995939000579833,1.3578259909387804,0.573805661910415,0.22530911571398035,0.30184753896112965,0.3650670268288621,0.44521083253586435,0.49433242492205165,0.5554779399617358,0.671305317708615,0.7483064777393759,0.808207820973838,0.8591923441586843,0.9791764120771577,1.0575811356876743,1.0944957172806864,1.1229528815981005,1.1174893323455188,1.139114729056201,1.1697688683103755,1.234065003841701,1.2218318768994716,1.274537826178318,1.2913300978172835,1.262507300606719,1.3542075350993634,1.3431914756337366,1.341571555711466,1.3835551615358168,1.3635632836270304,1.3605920217459537,1.3623134908144332,1.3726976398404493,1.397906948549192,1.429868181900257
-1.35484303850849,-1.2766765255451216,-1.3839297843369853,-1.614939342791398,-1.867038390046727,-1.2412766344011728,-1.068982034801791,-0.9008197676571673,-0.7448821903219801,-0.65466026280301,-0.5740844978898819,-0.5353300999345932,-0.40596023960128885,-0.338337810564151,-0.2915391726114201,-0.6142304245885234,-1.014164945826001,-1.8092473335977022,-1.9052719926007542,2.356387574179492,1.3583490232040034,0.23954358243267518,0.26290793026538994,0.32501653157645616,0.45123121707217756,0.4853053850121392,0.5142360220305107,0.5497378970646118,0.6461563616449824,0.6621998553866093,0.6745469171456945,0.7080573464114805,0.7305871932866252,0.7392047982946094,0.7894976222075787,0.8520112858697644,0.9350714300248243,0.8943387237670404,0.9146906271346381,0.9260280686433767,0.9473217222471995,0.9811770701559658,0.9869837251720707,1.0139352976137073,1.0338565106373534,1.0336534784252212,1.0257060503681588,1.0181558860544766,1.0228097685013322,1.0116599474859014
-1.5354015456663737,-1.3935072709901235,-0.9908829377871902,-1.1227282379397603,-0.8644853124905272,-0.5883091182409308,-0.6247526555958629,-0.6464016508955439,-0.6240206315645276,-0.6042393344088652,-0.5734857947413352,-0.563641848377008,-0.485533345849105,-0.4351915611693918,-0.38707871801418586,-0.30298916042320323,-0.43645429676979336,-0.6594070956218439,-2.1192293647723868,2.156813723756652,1.8561618981041965,0.8919508556127698,0.5756775727507446,0.4396694186818239,0.25685118797367973,0.27961549030563065,0.3436497476567662,0.39659925004701296,0.46783977835126234,0.5069926035662168,0.5140111152131918,0.5465929529435992,0.5693248815854439,0.5845352777857761,0.6332008233098099,0.6381503601782712,0.6479658737946774,0.6523303915011714,0.663265185434696,0.6856241333253854,0.7057443809896499,0.7315218958217456,0.7468715122563395,0.7569675005122869,0.7611001130168723,0.7447754869007263,0.7366005373883533,0.7358877636412309,0.7185013883649679,0.7213210514501636
-1.8850190246465963,-1.7512393039856609,-1.534318040073038,-1.4099699945187547,-1.2983814081698821,-1.1294175231309331,-1.0038143975943192,-0.9650378002670266,-0.8685158442375651,-0.7890564055924228,-0.7660513237437349,-0.7125227963866151,-0.6174272339455438,-0.5689192668498466,-0.5303832649145644,-0.4374481383306376,-0.3811510551437035,-0.34534220715199,-0.28539831485964307,-0.2312595801051416,-0.543568003668507,-1.2538401413212068,-1.9148480817868045,-2.333531662492064,2.2993622097614916,2.044487967423132,1.5900022424770595,1.0478386766202437,0.6804197369351932,0.27621327610748597,0.2939445954457443,0.37699183987268636,0.39251478604341167,0.41487942693040264,0.42917133629123705,0.4479491514231878,0.48025689494353885,0.4900944311627775,0.4967577651690938,0.5086111803308176,0.5058205774349375,0.5222366944108088,0.5391594412109435,0.5244028468454356,0.5150381964727347,0.5102497254145638,0.5270539337293492,0.5320701050535547,0.5361464718693266,0.5320810543349426
-2.0714641654239867,-1.9892330522550496,-1.8511353595264448,-1.7722558274071303,-1.6611546135324429,-1.5072294708817349,-1.441797354605021,-1.3433945846666038,-1.2207058220796905,-1.1724368568457082,-1.096719366760662,-1.0644388606029054,-0.946071095554428,-0.8852936939729176,-0.8687676795690561,-0.7547673655798741,-0.6636798434930389,-0.6349684720626462,-0.5536953353707474,-0.48994616541989927,-0.4421316067374026,-0.34862384541138813,-0.27449723058644376,-0.2843933506228149,-0.45926812354407914,-0.8669691950237248,-1.772654218954729,-2.30581978779694,2.057921417337906,2.3807426881646205,2.1844041570808757,0.2132885506704247,1.7546638299914705,1.9409913146386508,0.8700270289107288,1.3271909535320419,1.2259311440410998,0.7026212086890766,0.5917664506609532,0.30674969173055383,0.24834503191197047,0.2391974790520094,0.5233031822379961,0.6492664586799991,0.6961489914815193,0.6803899931366345,0.65515029490802,0.5971576024578426,0.32282390361310115,0.3245691491206654
-2.171138595436538,-2.133020868844442,-2.084819336904233,-2.026744873612782,-1.9889487182420786,-1.8674218230266795,-1.819190242370487,-1.7289849454482031,-1.6744607704156986,-1.5910271291353986,-1.526331590009864,-1.5138235075045587,-1.391546410000434,-1.3904434642711703,-1.29558386578713,-1.1500114000994195,-1.1101422643238528,-1.0582398334511445,-0.9718488582866487,-0.8875959395238299,-0.8694193203587005,-0.8250125481531606,-0.757287803230241,-0.7026652100149908,-0.635145944501497,-0.5577264206548548,-0.5412347361420371,-0.4788363172133737,-0.38229653565338156,-0.34325594269314424,-0.2859721243772428,-0.5157186230483463,-0.5590259754740351,-0.27572377891750754,-2.026045502128222,-2.3976617878495787,-0.2596588795117657,2.3620963937513655,0.444310734287609,-2.2723006490885984,-1.5440429061517622,0.0015532334306572065,0.2956982482379914,-2.190121558845015,-0.4304541020121277,-2.361256537950454,0.8123680220834723,1.8296063423471798,2.321129052999936,2.353508532864269
-2.383633712213914,-2.313010483413382,-2.2413003964995855,-2.2014333044320207,-2.164716582392052,-2.0754551777886845,-2.0394144314288787,-1.9517500002920547,-1.8704714171934855,-1.8125811010288027,-1.7578814308813608,-1.7125614394498005,-1.6290555947454308,-1.5856167194009088,-1.5125355750290705,-1.470307719117125,-1.436340706445763,-1.4343557971439458,-1.3699767647652557,-1.3013020835267446,-1.248306046080221,-1.0855345074487281,-1.0364312038325652,-0.987481816292372,-0.8804133626383212,-0.8623816504970528,-0.8224830701889623,-0.786212352084472,-0.6817362858286945,-0.6691098503985232,-0.6263314643658996,-0.5664965463952125,-0.48544073344332317,-0.4272741165071276,-0.4332879635405293,-0.7371478353418977,-0.7691812427185122,-0.6985623089959304,-0.6937267482797136,-0.5534974027019228,-0.4044399960023568,-0.5690374190864339,-0.6140791674131907,-0.7827814518907967,-0.7745588643445303,-0.8321199523554109,-1.000447384052027,-1.5243758399583494,-1.4652896753065061,-1.118525018987318
-2.408876873649638,-2.3677228772272696,-2.292183777829076,-2.2704411725202656,-2.2402586512547478,-2.1948601475123777,-2.152485954136839,-2.1156899083511655,-2.0220491343589715,-1.9983917538924485,-1.9651332317553347,-1.9157072215632214,-1.8792244508301512,-1.8405218502019045,-1.8056743617922775,-1.7548035275618519,-1.7343026117497056,-1.7009279169086908,-1.6245689439832152,-1.554433187001981,-1.4756579722470078,-1.388376469352557,-1.3175753356269868,-1.2892034742862626,-1.208215520041991,-1.1601733559758522,-1.1330843891630449,-1.1215529500780117,-1.0408072010155573,-0.9876236863919509,-0.9633616710111245,-0.9010447162517171,-0.8579410784675751,-0.814206565719653,-0.7417651524991334,-0.6894933572112198,-0.677335846703623,-0.639229698472648,-0.6124719279115212,-0.5754038761711187,-0.5498500598660108,-0.5480588613202713,-0.5386752664841215,-0.4931441026899568,-0.46962518917615237,-0.4641499620957865,-0.4619924713264604,-0.4537679013785628,-0.4406482894675767,-0.42328929785684527
-2.4323106888339936,-2.4157281989771593,-2.351824040914481,-2.3189114024316804,-2.296088801615236,-2.2235140628370775,-2.2203859085757403,-2.2017719624902927,-2.1491253414036686,-2.1001380422864107,-2.060559035313791,-2.0379237069175837,-1.9781444871832876,-1.929549111371684,-1.8930624210638405,-1.8654964797644884,-1.8392329351771437,-1.8154003844363162,-1.7456122720954503,-1.721456965646633,-1.6763939218782875,-1.556306566097749,-1.5361370001392824,-1.5169042565657294,-1.442149512564816,-1.3927317728566866,-1.3754958928020093,-1.3522500994309714,-1.2629586261300276,-1.2011288826860458,-1.1528760623716483,-1.1314421318719285,-1.1097359644251876,-1.0612007154666834,-0.9847701991470862,-0.978309546449766,-0.9594865405251373,-0.8965270620140134,-0.8622902024231079,-0.8506360298222526,-0.83353419127956,-0.8004329828157705,-0.7552889460366616,-0.6944593744011981,-0.6678451125513529,-0.6727199737734986,-0.6830580623880224,-0.7195728931781176,-0.7270033792104956,-0.7384206005395474
-2.3799475759144664,-2.3630253130517835,-2.315798710821706,-2.284215038945348,-2.2728730977618796,-2.2404833692039157,-2.221882940031896,-2.1878631140547835,-2.1607207389759324,-2.1305565651521188,-2.0806057190345313,-2.0491420297584666,-2.010472233698271,-1.9678097422328347,-1.9281306345923626,-1.882522666247989,-1.8565283455772497,-1.8267883808511065,-1.7938289040869102,-1.7757033621114733,-1.737831226382413,-1.713728937455021,-1.6786466901178752,-1.6278947729116249,-1.4920174560574582,-1.4535809265617836,-1.4594368476490553,-1.44299692616372,-1.3937799820056929,-1.3797964884941076,-1.374999076089722,-1.2990791121758063,-1.2594692495550286,-1.2420763684257998,-1.2102097386932456,-1.1707047064758818,-1.1272172750357166,-1.0795878942631216,-1.0620648591344615,-1.0492011127266172,-0.9755403269538607,-0.9578279761077969,-0.9454904293757778,-0.9712881867583417,-0.9579556070811104,-0.949944630662428,-0.9490080697697372,-0.9639817726617076,-0.9888145864742942,-1.0250480454358937
-2.32566862020093,-2.315988961753094,-2.274723482059651,-2.2504636065908303,-2.232188768625173,-2.209043081808118,-2.1962276973359995,-2.184747166255387,-2.1324862257459456,-2.0972226907513183,-2.0793215618660135,-2.06808199000068,-1.9927726664820287,-1.9524862769501021,-1.933687388591711,-1.9035229048083047,-1.881296483796429,-1.8656888932849824,-1.8224393666483887,-1.803590467541704,-1.7863916844851482,-1.7510006788862578,-1.7022647270831726,-1.675155981811151,-1.6485167742590123,-1.6250991399078842,-1.588754278843887,-1.5662622178091679,-1.53279513501111,-1.505257124926597,-1.472942820495915,-1.4439587994712975,-1.4203746233455878,-1.4080445369212033,-1.3578235378819359,-1.331876277510927,-1.3317313282121426,-1.3001198637698212,-1.2800286563046708,-1.2674466331168004,-1.2441013697159409,-1.2322544464835279,-1.216927380557973,-1.23571771135656,-1.271959976197531,-1.305280007115311,-1.3581162494230903,-1.3289567955209558,0,0
-2.2931063551910507,-2.26785241982747,-2.2340557690854097,-2.2227323416116103,-2.202393057172259,-2.1784376944253303,-2.1670106085491563,-2.145587640437311,-2.1265912361594044,-2.1042186661938884,-2.080855004330115,-2.0620597938656093,-2.023940768102456,-1.996743016553644,-1.9570443078226238,-1.9291596995878315,-1.9135599397178216,-1.8919441656540945,-1.8747000190388803,-1.8631060587193846,-1.837162877591155,-1.8114102628358155,-1.7881737230615764,-1.7731760240199368,-1.7073385115923945,-1.6994689487010848,-1.6945902034358211,-1.6604306150139934,-1.6267482191104339,-1.6125649294949609,-1.5966564723471222,-1.5681200653558056,-1.5427552813891108,-1.5228168035252936,-1.5068152893770033,-1.484168449906661,-1.474108866042725,-1.465005290449027,-1.4581042953967678,-1.4348829259520504,-1.429888520039295,-1.4335196305137816,2.1465583159294275e+38,0,0,0,0,0,0,0
-2.252015411083197,-2.2419389003505934,-2.210155949314406,-2.199462226021665,-2.190586498552364,-2.160668113021396,-2.1537133549480916,-2.147646249539577,-2.116646051448941,-2.1147270935995683,-2.0936125721390417,-2.076548924700918,-2.035370409535889,-2.033053256855361,-2.0070277113860917,-1.9719428968449795,-1.948407195930841,-1.934529503598156,-1.8960797555372706,-1.88810541658611,-1.8783903910863438,-1.853352387444707,-1.8463104024721646,-1.8353284826824565,-1.785689163964616,-1.7782271399554623,-1.7703566624268052,-1.750436873679709,-1.7157333512297277,-1.6830068137526721,-1.6711848284058832,-1.6676261968967143,-1.6619359556491506,-1.657817571004388,-1.6729097807503222,-1.6570580370613583,-1.648718660642034,-2.2392844662228173,0,0,0,0,0,0,0,0,0,0,0,0
