jsons/1312585200.json
{"header": {"parameterUnit": "m", "parameterNumber": 2, "dx": 0.1, "dy": 0.5, "parameterNumberName": "Eastward wave", "la1": 40.97354507446295, "la2": 16.46031188964855, "parameterCategory": 2, "lo2": 133.9931640625001, "nx": 191, "ny": 50, "refTime": "2011-08-05 8:00:00", "lo1": 114.97908020019554}, "data":
[rows 0 to 21 of 50, columns 50 to 99 of 191]
0,0,0,0,0,0,0,0,0,0,0,0,0,0,0,0,0,0,0,0,0,0,0,0,0,0,0,0,0,0,0,0,0,0,0,0,0,0,0,0,0,0,0,0,0,0,0,0,0,0
0,0,0,0,0,0,0,0.009408372827514864,0.008451692315878837,0.006135999924060887,0.005541290144285379,0.0044558769435238755,0.00369753351868622,0.0033458241113505996,0.0030921826176364712,0.0028770925623723387,0.002232070829971577,0.0020600986719802638,0.0017014716278637711,0.0011636759034856605,0.0008324673198674476,0.000578714464371019,0.00027985081950562644,0,0,0,0,0,0,0,0,0,0,0,0,0,0,0,0,0,0,0,0,0,0,0,0,0,0,0
0.030000391509902354,0.028228194972479255,0.02596367250854254,0.02058922133791002,0.020045492694218025,0.018406519212438983,0.014023671706427376,0.01344141127171174,0.012191693423483061,0.008580368618692321,0.007143462823429128,0.005457589518635644,0.004079331561371615,0.0035341139421340077,0.003077063800358955,0.0025783406947446634,0.0010367128403130342,-9.987749792060688e-05,-0.0006115142259536948,0,0,0,0,0,0,0,0,0,0,0,0,0,0,0,0,0,0,0,0,0,0,0,0,0,0,0,0,0,0,0
0.03425989462636715,0.0360691455261353,0.03592716879388233,0.033070642136252194,0.03280043184069222,0.031069284428736937,0.023930760294954126,0.021195584533960192,0.020378628183858803,0.013853408993190259,0.011147848296711567,0.007816042006357648,0.0040036227239131665,0.0035431963177789236,0.001344275921856157,0.0008564708129235355,0.00065425442204787,0,0,0,0,0,0,0,0,-3.1464628582035773e+38,0.13629546221217906,0.13800773153744936,0.1370326842167695,0.1364038488854917,0.13657724707333718,0.13102099969477546,0.13102263835891334,0.1303508343637278,0.12730566723735065,0.1243587822619636,0.12181286313479724,0.12194813813894315,0.11549255702756854,0.11287709054555627,0.10700470305259094,0.09796291739533654,0.08974531894722816,0.08628544381060413,0.07579340907764412,0.06779004694173789,0.06297542817823788,0.05024814478796291,0.04800903881934252,0.04092842422107177
0.025110267673342762,0.028055463838110122,0.02929085042600925,0.031443129904601276,0.03525901498075098,0.03683768529061984,0.03939412456626673,0.04267797782188598,0.04770475586118255,0.038003308759175174,0.03199304570353809,0.031124086561822632,0.014783141291371276,-0.0030503696721831597,-0.002960857189815232,-0.010842716158681839,0.011974334699683804,0.07698015933152491,0.09984608223712847,-0.14753542636561706,0.1385693251121921,0.14442024296968844,0.15080683862678262,0.1562403463504127,0.1593910846567642,0.16293022123963186,0.16504633014051914,0.16720492875893306,0.16686805353926076,0.16817325304988182,0.16825740536467154,0.16554787636734153,0.16226204284718188,0.1604831848726163,0.1597722251097003,0.151981838916086,0.15064286420396872,0.14485409628775656,0.13895438467169838,0.13379891065317923,0.13196897538108363,0.12305125441593986,0.11587353310599095,0.11105357161647547,0.09658580801118151,0.09201658452887668,0.08204437063962451,0.06089751749203346,0.052546662226162416,0.042191878036285456
0.009940501492164917,0.010768699847190824,0.012285510697889874,0.012546802087283948,0.014771301351462813,0.015680248076487626,0.018519019478122466,0.02076579712361494,0.023533689067535345,0.026381150787232778,0.029186476918309053,0.03341723746244344,0.03875225967671855,0.043482865379220664,0.049772222354446706,0.056788526824346625,0.06419280461119654,0.07819410878245213,0.08846998390100373,0.10572997963760628,0.12015778673940102,0.13017749211219554,0.14302905248244005,0.1506761207300668,0.16198553516144815,0.17162226005147857,0.17621512695779243,0.18106238762782606,0.18636100172278222,0.18868773711210265,0.19244110431454958,0.19187388129600116,0.1908803915334249,0.19095319762861718,0.19075438099175665,0.18394605919232035,0.18166796952475553,0.17742333219651646,0.17008823925549868,0.16572627529587364,0.1588559124052653,0.14886960151005324,0.14249397966336175,0.14014481391395203,0.1266436421074516,0.1183853193051914,0.10834147061558415,0.07755096257494372,0.06416250945808177,0.04055512758946905
-0.0035150303162765,-0.0033345738400784976,-0.0033333706103556614,-0.00369692941606999,-0.0032319878810053307,-0.002071392509085094,-0.0035042586906133943,-0.0020623139289725283,-0.000465986336764461,0.0004995777504115661,0.0008437895318545352,0.0020480804722025265,0.004038261846613967,0.006688204463401759,0.009230398446497383,0.012560378243540652,0.01804696769864577,0.027278155700087157,0.03269778042730254,0.04698127930720885,0.06241124434875679,0.078249854561568,0.09783607211898261,0.12145111266662227,0.13963150338771582,0.16607594504411033,0.17436323233931958,0.18403699770700369,0.1963766799924097,0.19969460883139195,0.20609104121675723,0.21370416559566954,0.21456701337584624,0.2183385566649958,0.21554505126118728,0.21153615517672214,0.20984346506879428,0.20928486996719933,0.19814918775381588,0.19550398303256497,0.18979333459070896,0.18039251051691216,0.17366822390069478,0.16879073514043025,0.15481583145468447,0.1505551338032177,0.14342584470915726,0.12438729485729497,0.11615238051910796,0.105098198892116
-0.0031391339607938847,2.92781430701982e+38,0,0,0,0,0,0,0,0,0,0,0,0,0,0,-0.013120463642633464,-0.01711579952492795,-0.013592462103111554,2.4953136382182082e+38,0,0,0,-0.019429980176004117,-0.017141422684001914,0.05210037194812985,0.15459397721943244,0.18494679100444428,0.20532165625639998,0.21065500697337028,0.21968785087172754,0.2319892181872911,0.23602652860072884,0.24133229638155157,0.2445876221735549,0.24665171485627793,0.24597131385726367,0.2452051019452419,0.240208653447082,0.2323329061632245,0.2303335797936439,0.22088351148355326,0.21742563557903954,0.21018884560967685,0.20006099686207512,0.19544406480277327,0.190641954937975,0.18005291210712582,0.174866907301993,0.16806835912804466
0,0,0,0,0,0,0,0,0,0,0,0,0,0,0,0,0,0,0,0,0,-2.916549773385465e+38,-2.964016037404451e+38,0,0,0,0.21080822706776448,0.21695146247241487,0.22113956333148307,0.22655695998123457,0.2345025271311372,0.24953839795550803,0.2602893193193696,0.26465476645542035,0.2691484234175919,0.2722596789853231,0.27478360316238454,0.2777531297941799,0.2756896935111285,0.274964178742693,0.26969288626962706,0.25939481523541175,0.25404768743534306,0.24930250978915705,0.23291000410974602,0.22489368001761906,0.22224036411360376,0.2090331871176633,0.2027087982366162,0.19646578394854683
0,0,0,0,0,0,0,0,-0.2167238467477842,0.18164545872318386,0.18483619577719837,0.19475003830987486,0.21254070216100457,0.2156133366539098,0.2241227035318076,0.22428279734038908,0.22982036607252823,0.23056223042569293,0.234983222737005,0.23594951100521672,0.236531616217322,0.23415730096483575,0.23484337367689734,0.23634021632872654,0.23909483563391598,0.24489681637309424,0.24635366038502393,0.24787016369317622,0.25530005318511206,0.2618680344795819,0.26612792723107853,0.2768194073985351,0.2812630665911739,0.2877076382217069,0.2922469288521415,0.30030122742813536,0.3080179347426341,0.3092836906612949,0.31367908034422726,0.31680311678217166,0.3170295757449552,0.3144029997975598,0.3088510245248367,0.3070728133388474,0.296951747159038,0.2864705873305889,0.2761538347057025,0.2615976264242808,0.25050750994831805,0.2399020687687448
0,0,0.16072772790204579,0.17100611968851784,0.17662862887910782,0.1819675130212539,0.19471320393585323,0.2002980023451879,0.20403481519802305,0.210051630626026,0.2152488972875312,0.2207673919595282,0.22455118923278317,0.2267589791838105,0.2316051638845558,0.2343238175733753,0.2390122138061453,0.24213566762250485,0.2441106408239364,0.24726482613573683,0.250413679325132,0.25298384314865807,0.256097986119612,0.2596047941324568,0.26153468920173045,0.26289377350291954,0.26484558032924693,0.26246550910974864,0.2678928204561657,0.27044766001914156,0.2730855611670538,0.2814782849584806,0.2846437207558187,0.29306164640662014,0.29784410713851156,0.3068119918576188,0.31679551578897386,0.3221073742993299,0.33706090272790046,0.34098307442243914,0.3447695891236326,0.3482479910702139,0.3504175236009727,0.353234448087615,0.35063398566337345,0.3476804045104722,0.34143090789281505,0.3243340138496839,0.31331402450908563,0.29661450728363187
0.1287688379296452,0.13624762173819027,0.14320466944149574,0.15058559502026753,0.1579650569133901,0.16314520838637098,0.17006365256170428,0.1735122094189488,0.1794944802862082,0.18688377833703715,0.19070599192021725,0.19783567037454786,0.20750538922845788,0.21422522667030078,0.2186848157313771,0.2243325080620799,0.2322250011163097,0.23914574096872385,0.24112083872316312,0.2464714798386605,0.2519716500734353,0.257879409342068,0.25966236477627547,0.2627760248935073,0.2652335468039419,0.26847799947120365,0.2708604256318652,0.2692993799419644,0.27287522215115295,0.27743191322321265,0.27970265204969835,0.2838860021856938,0.28681187560657523,0.29514523318847097,0.29962312576653144,0.3096645287657699,0.32284993319563526,0.3302622140387875,0.3425531269716588,0.35446117479934,0.3658557686722795,0.3808108159935425,0.38561148694743663,0.3926060001944656,0.40001798117081766,0.4019075290154987,0.40762637461977547,0.40698304836174976,0.404480672995705,0.4015336968629017
0.07358432811275599,0.08177335803313178,0.0880933848279784,0.09603884566758139,0.10846193245112587,0.11201857186640488,0.11744173793377131,0.12195636405320286,0.1332633525232799,0.14169582103476738,0.14679541544703492,0.1552998423779437,0.1598267284850477,0.16258338507187337,0.17866100309835023,0.18179494091941056,0.19501175970437729,0.20908418106625803,0.22156959072208618,0.2286381487569764,0.23359624628348366,0.24228614042927465,0.24727188019189514,0.24249270646251686,0.2565816521148067,0.26518931736245266,0.2683039576179687,0.27541362554498355,0.27793082956211895,0.28020541760395223,0.28279488252020035,0.2864098634836456,0.2912463418311682,0.29268891220884874,0.30738675220339295,0.31212118522518845,0.325762409365371,0.334612370599829,0.3510594845099846,0.36160547686385114,0.37516553723546964,0.4018518140063368,0.41324631676379736,0.44541617620703733,0.4675998302269444,0.4757290875566023,0.49395604674405597,0.5018804000900324,0.5064385395425695,0.5167702568253623
-0.09775251188097915,-0.06671316181135836,-0.03097790632470673,-0.005780143844167059,0.01218791929219855,0.02357723485734576,0.03127827385928199,0.03670366768585687,0.04993942075843787,0.055633263530340836,0.059847050065100174,0.07404450738645087,0.08530572211503867,0.09321925517630204,0.11279438649279698,0.1223674576268935,0.12939666059055768,0.14038958624670708,0.1532848894675584,0.16335991160194413,0.18121984462213528,0.18525786737024177,0.19661925638527777,0.20604972963229665,0.21795755044976403,0.2319707393946435,0.2393477255494315,0.25395804529260224,0.26376723846875233,0.27235798908159725,0.2904008190239152,0.29993129030279453,0.3029310188439694,0.31069496348526715,0.3160195165151433,0.32579465116787015,0.34246537690305184,0.35091460888249987,0.3658420579522134,0.3715990301992264,0.3834566404800498,0.40731097675751987,0.42110042883192983,0.44980873090710854,0.47550542753778385,0.4909339885360662,0.5195210751338478,0.5472899458247499,0.5552432560377653,0.5727083661664337
0,0,0,0,0,-0.08338196506985371,-0.07596162342651777,-0.06857905864754112,-0.04426370393708581,-0.043257663384417715,-0.035274941027881646,-0.006531904511818386,-0.0001746176508682339,0.012460438691418463,0.04361438122609824,0.045588529410265435,0.05098792733041478,0.07742707629645952,0.08989127449340209,0.11150358650314209,0.12743993871615247,0.1350718052699284,0.14375255714864302,0.1550770275121231,0.18219976938565327,0.19580236212850577,0.21493677786833268,0.23369720749109768,0.2494901754823464,0.25900899214847745,0.27772931038920556,0.28922056512675653,0.29615049484873696,0.3117380599416669,0.31766530974325463,0.32799270071838377,0.34459885930191114,0.34909996142386984,0.35936379019063747,0.37736159222254023,0.39030689646290845,0.4062596241592503,0.4205052018444955,0.46271066776751313,0.480174923081045,0.49694024367433615,0.5283590676918719,0.5589149265897544,0.5786008078062411,0.6064820307843775
0,0,0,0,0,0,0,-0.16231847634423585,-0.16975442433029655,-0.17979850461424746,-0.17426454193584345,-0.1391888553891175,-0.13603873398718194,-0.11415108969584592,-0.07768511309148668,-0.06129628465793349,-0.052915369244599005,-0.031228943631608216,-0.019527985407241877,-0.01094738042567547,0.02510838232205676,0.04273453607000364,0.05691461597008478,0.07538207366247458,0.10748016633261455,0.12797309002307786,0.14220882407749272,0.15031568526238295,0.16384561426571542,0.17915642106743362,0.20352765944290285,0.22411535963869034,0.23871877150845852,0.27038930480262324,0.29540189048809784,0.30844547690991514,0.3141602922134107,0.3226928100315298,0.33572636025779085,0.35739990728216753,0.36741764365690793,0.37916231454870725,0.39418685721925356,0.41530017578620343,0.43190139449044634,0.45151109920654914,0.48521995771998067,0.5133992893250404,0.5375625283581976,0.5800284231516027
0,0,0,0,0,0,0,0,0,0,0,-0.17984775383466528,-0.16866314335495905,-0.18564181717938552,-0.15731851344081774,-0.1543679880205004,-0.1529194718978867,-0.11885306206902775,-0.10903270240379116,-0.100049866842339,-0.07243361868207417,-0.06046600765356593,-0.04393759762333943,-0.025580759088329005,0.012951983292177695,0.03594141230012995,0.0492311920524555,0.07921106024663473,0.101214006506781,0.1077757151236634,0.12383753650037914,0.15589237649852883,0.17201454522867238,0.21289074947583717,0.20933323125883782,0.23571062245676788,0.26322483308209493,0.2703458191572997,0.3034378310649598,0.3602466744487485,0.39412079142310674,0.4232352713935893,0.4480735315893795,0.46806286223019905,0.5079821010085074,0.5196058614464556,0.5533286823917103,0.5909075373495632,0.6268904630888142,0.6735880227792803
0,0,0,0,0,0,0,0,0,0,0,0,0,-0.17205148159343964,-0.16816178339158547,-0.25136711095819925,-0.25481446698298577,-0.20186415304387473,-0.1896488268941462,-0.1730769994302759,-0.15421587584236607,-0.14145832518211657,-0.1393861097175262,-0.13471170896748072,-0.11422163492688264,-0.10067522842833045,-0.07101116781596378,-0.03430328900565228,-0.008163982128912185,0.012514918269968204,0.07766478352811226,0.09587807928338796,0.12315655016947406,0.17909929225833093,0.2134311811959013,0.23278699152302998,0.2880603562358796,0.3136035462449798,0.3300969219734742,0.3643858876560291,0.39762343244192444,0.4430250082802807,0.46404905377729644,0.5310496102805616,0.5689374483139827,0.6065832001853896,0.5940108957657523,0.6068872284163485,0.6094740450953366,0.6440356597826704
0,0,0,0,-0.21107939487131078,0,0,0,-0.1886615582796094,0,0,0,0,0,0,0,0,0,0,-0.24378145470841958,-0.24439192176560673,-0.1878616519370023,-0.15862284719093972,-0.12361368250552424,-0.08033970218281637,-0.044277942791064194,-0.030744650324333534,-0.0006921658432707491,0.030241251949439812,0.054451366164959616,0.07771361779228476,0.09406717497862536,0.09363966408183182,0.08884011457742755,0.10321479817104867,0.13790145943525614,0.2119003701717259,0.26194402387836685,0.35370289107323594,0.4753903500827232,0.5002645325024482,0.5377915626840091,0.5675128736054845,0.6324414099541252,0.6756956698234515,0.706543511893687,0.7757241480060694,0.847018307916038,0.9257265908499701,1.0022748911611419
0,0,0,0,0,0,0,0,0,0,0,0,0,0,0,2.9574022733909755e+38,-0.15249896075158037,-0.18999190286109993,0.052410887890606904,-0.08316449813311501,-0.20638869362301543,-0.2679705999303351,-0.3677076069692959,-0.34314636109282626,-0.17313925615009257,-0.11357132669657233,-0.06030351700451777,0.03464566735124804,0.07722961294766778,0.12930098751938066,0.27114868604922737,0.29255443652979535,0.2979169372399106,0.2853737814496597,0.26249444415548356,0.29346458437061695,0.37663712601223126,0.38613080316712256,0.4213233509854144,0.5939369854853442,0.6830692082162158,0.8164919784169048,0.9126108967629116,1.0233778382727026,1.0966201876589756,1.1591155064859282,1.2094579457500496,1.2549779582577392,1.2827032061658057,1.3348978849330437
0,0,0,0,0,0,0,0,0,0,0,0,0,0,0,0,0,0,0,0,-0.2687871713124699,-0.34488130793469196,-0.4473550791064671,-0.4565403198941079,-0.3970851009816028,-0.41568416011456144,-0.365220416801971,0.009270253256620432,-0.017968926525861878,0.06886104771593544,0.36026635300822873,0.40147988854409367,0.4663909330855662,0.5435623499715937,0.645112822381532,0.7573636133633075,0.8023489730826713,0.7976756895043168,0.8207665623334139,0.839069390757707,0.848185130835419,0.8595450444873165,0.8949790205577723,0.9592136945189461,0.9985030716461618,1.0302552442265274,1.1526282480399417,1.2683671076578502,1.40271550587791,1.4678901620113938
0,0,0,0,0,0,0,0,0,0,-0.3614454945552215,-0.41331063363011217,-0.44315095662178555,-0.46296297796911806,-0.4783265442585917,-0.48867553040022776,-0.5182355666829884,-0.5372474078050129,-0.549694994448877,-0.5837481633203858,-0.5380111999492697,-0.5622928343610161,-0.6645526977122017,-0.5172974635970101,-0.19982746377645114,-0.08424698133767275,-0.15538570902850546,-0.25794757494041315,-0.16939780630152654,-0.09494476847672031,-0.000843107563810088,0.21068083401266727,0.42657867105210295,0.5164267791495286,0.5959317675143968,0.6545321992535932,0.7938045239336446,0.8465861617238651,0.8953710336735768,0.9931953115053272,1.059477787867941,1.1257495720400315,1.1510768106508746,1.182120666335431,1.1899489231018092,1.1874864422310998,1.2341056800628143,1.3283458192311592,1.3691168230161788,1.4004627267250842
