jsons/1312657200.json
{"header": {"parameterUnit": "m", "parameterNumber": 2, "dx": 0.1, "dy": 0.5, "parameterNumberName": "Eastward wave", "la1": 40.97354507446295, "la2": 16.46031188964855, "parameterCategory": 2, "lo2": 133.9931640625001, "nx": 191, "ny": 50, "refTime": "2011-08-05 8:00:00", "lo1": 114.97908020019554}, "data":
[rows 22 to 43 of 50, columns 50 to 99 of 191]
0,0,0,0,0,0,0,0,0,0,0,0,0,0,0,0,0,0,-1.6196788478362827,-0.7675281397731073,-1.8969897071359736,-0.5112937949400169,-0.6565524250106884,-1.9894846874487744,-1.6849620417644293,-3.275681701286891,-3.7047969765148956,-4.080545097862163,-4.5752807812574545,-4.823996889001391,-4.965754747301779,-5.217608973826394,-5.289839304646753,-5.333156810094741,-5.3771280988867485,-5.377229649204325,-5.117410277907431,-4.905541456469285,-4.7542961105845185,-4.305413383495406,-3.823990676433399,-3.1681948097328796,-2.634284177365147,-1.0985086221387101,-0.5001769733631435,0.15600027386391024,1.8613863744936003,3.0953569571214397,3.804041637712962,5.218429770000452
0,0,0,0,0,0,0,0,0,0,0,0,0,0,0,-0.5055123788593566,0,0,0,0,-0.7870361430792719,-1.7504254380582707,-2.470969674048041,-2.929049680544973,-3.2494586870975346,-4.054187977942213,-4.4944994065744375,-4.8552468268994255,-5.318009038700149,-5.569504448087719,-5.795751844419389,-6.120547248042453,-6.238393624861332,-6.3538379396152065,-6.457710958662404,-6.586548700740017,-6.602627758155686,-6.610942978858447,-6.612366960049747,-6.350317845734563,-6.141194162411996,-5.5780975610996775,-5.279653292017914,-3.834670962703946,-2.9926141643398645,-1.8833151477195735,0.3882331946787948,1.5600942063807246,2.373275644444147,3.9545278429118387
0,0,0,0,0,0,0,0,0,0,0,0,0,0,0,0,0,0,-1.3887542896616305,-2.0333299886502822,-2.2567553313192716,-2.6121994868109004,-3.420016061901462,-3.8229919887369133,-4.219978251230312,-4.7279311086988995,-4.9227831563512545,-5.135230808122191,-5.475200976093472,-5.647058921376522,-5.869715496585731,-6.191237537312006,-6.33129929845721,-6.430321717294706,-6.544159480779454,-6.763544235174153,-6.8407276421926415,-6.933663328516518,-6.960631100024005,-6.917320212465871,-6.8770014202493766,-6.568636527439631,-6.38814582689953,-5.897396816952741,-5.512283667439806,-5.2937388154788785,-5.612040022598954,-2.3655870000837234,-2.1233530626561588,5.2135217471552835
0,0,0,0,0,0,0,0,0,0,0,0,0,0,0,3.3038944722661223e+38,-0.8350704211222554,-1.1340966001050388,-1.8590074867978184,-2.8157781866062965,-3.2199604963347386,-3.5292727476463392,-4.079495566475091,-4.328974320994848,-4.513944224953372,-4.808147603405038,-4.890880863895703,-4.908215386237242,-5.164609543868615,-5.255508755100599,-5.282830395631745,-5.520768381675683,-5.641120700555838,-5.7155092691344,-5.732566534084793,-5.841430873912262,-5.723962573055071,-5.704872453094405,-5.555080113259803,-5.2427779517875255,-5.134316539787287,-4.923739496782268,-4.680237790882202,-4.1178772147262555,-3.6867792454755746,-3.1451698873005163,-2.096476973173565,-3.31413974441361,-2.4504300344739245,4.641961782218985
0,0,0,0,0,0,0,0,-0.44175189142642457,-0.4936692404067174,-0.9016533015028206,-1.2322408650542764,-1.6850269262941202,-1.903131739347458,-2.153069121449305,-2.374905229800367,-2.8135227418467523,-3.054683003822078,-3.225685151961949,-3.6550210016952747,-3.788679582676406,-3.9447521313109397,-4.097244963431541,-4.149905382693078,-4.193602285752125,-4.361037825444194,-4.412258384148231,-4.467297150346223,-4.629005241415849,-4.680156664830543,-4.692369310056263,-4.79738169537227,-4.823425338958463,-4.802375569976448,-4.772070807172037,-4.747469196761404,-4.533767716749162,-4.391197893777426,-4.127429457208927,-3.9873166840322583,-3.8578717825060487,-3.671343180549463,-3.474395179842691,-3.020466014028536,-2.7708538844824693,-2.460552120920583,-1.8868994353507311,-1.4261474387918027,-2.013357402186195,-3.528192415821817
0,0,0,0,0,0,0,-0.3862473916309648,-1.2057215962192682,-1.776903993410047,-2.0108571258528958,-2.2705169511743537,-2.6271730415567665,-2.7796811632583056,-2.9406096447269836,-3.07700749839503,-3.3300999370820694,-3.5159213655694552,-3.6850809684584003,-3.803945815333083,-3.8130924142621425,-3.889673067386604,-4.055767933322282,-4.0928907558542535,-4.112286578027313,-4.210819375505796,-4.259901380949462,-4.225233652497845,-4.330972623844379,-4.327597350852849,-4.240527437262152,-4.271421059285018,-4.235586538389367,-4.0893649979781665,-4.029232538214083,-3.995734199872136,-3.8706884618518353,-3.8016387683635475,-3.7026042224141316,-3.534273861953738,-3.4242138934910478,-3.3197549566356734,-3.1283597595793204,-2.8274919782405283,-2.718172839590453,-2.5042111586893436,-2.017106659522683,-1.621254118320899,-1.3443767246142089,-0.9220066518741882
0,0,-0.8233341395618206,-0.23996192832091065,-0.7567120838859465,-1.121735813004552,-1.5283088473883883,-1.7683465974023558,-2.098597427872454,-2.334437880842011,-2.529353090392855,-2.7047554225375112,-2.916076031349989,-3.037937209392002,-3.1581095887980437,-3.2609452296205825,-3.4394519206731142,-3.534831365368046,-3.638861771137764,-3.7426340275283074,-3.8031838930616604,-3.846708713050157,-3.973437911888305,-4.009834506250953,-4.0459653790813315,-4.140768014650169,-4.167097225943754,-4.191377714448592,-4.176920537300101,-4.163702146599027,-4.093168990288783,-4.152967849056568,-4.136908476910878,-4.050656530663167,-4.035124339434424,-3.970979461602837,-3.7550994042729,-3.5974074044916144,-3.5497742751984127,-3.406886262593818,-3.274162996988441,-3.1849770170551484,-3.0084887550668307,-2.722355415487519,-2.4669395883554426,-2.237644414250772,-1.8899399004957953,-1.5731162698897405,-1.4135204663656329,-0.9876492771177804
-0.5982655521687295,-0.7677138008130907,-1.0355592348247833,-1.3419086303929646,-1.6955678585276854,-1.839630993444213,-2.0608424431572616,-2.2250937784817686,-2.401667614000628,-2.6100277938789396,-2.7051934418095707,-2.8752289778556883,-2.999355212325681,-3.098644696326443,-3.2339620212416147,-3.2703270048604276,-3.3456610507458198,-3.441447902444912,-3.495486129741025,-3.607020299771578,-3.6759388935652577,-3.7197293651608994,-3.800574970483717,-3.8379178351518966,-3.8629340349400505,-3.9233763627508536,-3.963042115988392,-3.95249789590804,-4.005853134389104,-3.9973903854292123,-3.946156414042621,-3.9559648682357222,-3.943769921739168,-3.813252453594256,-3.753911118825248,-3.721101569302335,-3.633779045577857,-3.577021639321664,-3.530656553628455,-3.385673621700306,-3.32581078040802,-3.134850380852687,-2.984346843618704,-2.660890288025362,-2.436167394634473,-2.3308098882177677,-1.9463668747176672,-1.7119424872045084,-1.6152080160697377,-1.2225018875978169
-1.309065487953996,-1.5660355129111883,-1.7007677837985316,-1.874757651235625,-2.025223566642334,-2.1344564181973054,-2.3052282069592542,-2.399308553518251,-2.5716175771587477,-2.6924657239931626,-2.783801713265966,-2.927552080826953,-3.0318933336233034,-3.091706354272868,-3.170319036195781,-3.214465380803589,-3.308061055985117,-3.3664567634869256,-3.4162451634815665,-3.4962853659447144,-3.5460733532981177,-3.595375070148835,-3.690769834632388,-3.7400846901540556,-3.7815115264615846,-3.84565924388651,-3.85428195042087,-3.8418820611858995,-3.8940023351575244,-3.9277710918016533,-3.9590855460492684,-4.012684323319399,-4.016403657437159,-3.996450559500445,-4.009750684796113,-4.0721765243003105,-4.009077282682476,-3.8674508512287704,-3.7561167751334352,-3.5546432050404237,-3.361914946693355,-3.2163086696876575,-2.991921170058567,-2.6934962602331884,-2.477529206302159,-2.2852777593741176,-1.98559294248559,-1.7055186132441487,-1.606616155585204,-1.313751902596697
-1.5697959507088928,-1.8032813314008718,-1.8942660651228835,-2.0377562678027066,-2.175836810695236,-2.254954126997647,-2.3572707763324185,-2.475951530985673,-2.588924330122571,-2.7161632687501163,-2.783872748540714,-2.8728492755230346,-2.968333292680731,-3.025013777049694,-3.0819108295805644,-3.1345372978364536,-3.22987842446353,-3.3177178995334704,-3.3480759985109034,-3.424799241679976,-3.4835443252649165,-3.5266517170524754,-3.607015761888334,-3.633661580147572,-3.684291581252266,-3.7512468135047476,-3.794390058256682,-3.859365982210813,-3.9546606871466143,-3.9935347426707946,-4.0465355648750485,-4.1590178458141525,-4.221742486397746,-4.26344329322486,-4.310270775563569,-4.220993662242674,-4.081499165759192,-3.9687741638266005,-3.8092692007437803,-3.567534538969451,-3.409597397740878,-3.1939137036549985,-3.035459163794754,-2.784679905132958,-2.6370472000615197,-2.3565923114751097,-2.0591380222539533,-1.8776664317038698,-1.7838583462901392,-1.590460966296218
-1.8612074085560917,-1.9735823065865206,-2.034395643804625,-2.134650453647131,-2.2342315106985886,-2.312839143617557,-2.3716980235123946,-2.4630547202808835,-2.5062828552647325,-2.3925155328108785,-2.273565297560417,0,0,0,0,0,0,0,0,0,-2.6626992302262464,-3.0615394342220195,-3.4047122217871855,-3.50349304756869,-3.6134268946033057,-3.73766852883867,-3.8017369282659317,-3.864196294201408,-3.9931081814821203,-4.043963143074223,-4.146957454999783,-4.288179883489372,-4.2877612674411,-4.325901076630759,-4.3049537858844875,-4.23067613321745,-4.142808307656917,-4.075540561610239,-3.956136306394976,-3.7375626160054956,-3.558532826432858,-3.360560466695399,-3.2666614047412996,-3.1713788236590883,-2.9393571691662603,-2.7051964676983533,-2.4649414405626335,-2.3284466554802337,-2.212864216943013,-1.9771324936861379
-1.7286302813169905,-1.7814897736850024,-1.796187864800788,-1.748504652160476,-1.6814364568242057,-1.5707438937975393,-1.338449735542416,0,0,0,0,0,0,0,0,0,0,0,0,-2.302866725840595,-2.672362084649767,-2.9219040625543875,-3.178219774967214,-3.277125609291712,-3.4797663266250995,-3.6106978534689693,-3.6954220652513046,-3.782851913575739,-3.876477905038203,-3.9380560647976006,-4.008659120601832,-4.087170516040065,-4.146858564598603,-4.192256047720332,-4.2436847217638185,-4.2203181739621325,-4.190003783530287,-4.049128615088984,-3.7905526830822103,-3.952047591143077,-3.88074953464866,-3.477023380523742,-2.6740753398208743,-1.6250625438098776,-3.171070560107465,-3.214044938213635,-2.9696569958040993,-2.8242555380108443,-2.731114356373268,-2.483331493281966
-1.2886606751186755,-1.1237233310237857,-1.0306325489582793,-0.9036554802217485,0,0,0,0,0,0,0,0,0,0,0,0,0,-2.0131610546876213,-2.281582577860878,-2.5869539822647125,-2.8073618154910696,-2.936705160718876,-3.111673748593522,-3.2154280200946252,-3.332041585699077,-3.470666221562007,-3.535805452035221,-3.626165838870993,-3.7294379031411684,-3.7802181103804973,-3.8361019050595133,-3.837884763172713,-3.7877056243966574,-3.7330436681536314,-3.6016502391307963,-3.279275688274073,-2.922909066286136,-2.6738117539374056,-2.4914176034962643,-2.687532600101825,-2.7821870348818383,-2.929138244162485,-2.9284419521959606,-2.956817049639035,-3.021232702878907,-3.1039797408921794,-3.066824172040487,-3.0801630410482153,-2.9833894505806486,-2.8150699397481485
-0.7006023843835759,-0.49455846126334063,0,0,0,0,0,0,0,0,0,0,0,0,0,0,-2.0935277521143507,-2.3113949823713438,-2.4723685610234774,-2.6386358238405982,-2.787108882237548,-2.8777096461028595,-2.9890495025001456,-3.06962102036624,-3.159276736699015,-3.2365711036842533,-3.2826166202676417,-3.304873434773704,-3.315746467224145,-3.294835720753321,-3.267434400982806,-3.1918908285142344,-3.168358302677343,-3.06931342214339,-3.022652111098816,-2.973176128724763,-2.932894601341445,-2.934599251003294,-2.977390473015186,-2.9915922913961364,-3.0155437501773394,-3.0963171180236957,-3.114700972211357,-3.120685338400163,-3.1614863705708762,-3.170494863511607,-3.0883940147858113,-3.0459897377342853,-2.9948091224922506,-2.890764428533367
-0.47563396971955313,-0.13009434358879796,0,0,0,0,0,0,0,0,0,0,0,0,-1.91508948796599,-2.0723923905663346,-2.2591110781986594,-2.4127810223284234,-2.511561590996386,-2.5997652089112244,-2.697072437081126,-2.7628739136972253,-2.833983402861245,-2.874424271767378,-2.9262227092846937,-2.9640566060450237,-2.9680131898281643,-2.9834816933195656,-2.966004134258045,-2.970119965140343,-2.9453226753204365,-2.940755528590777,-2.9363357890439072,-2.928743570601045,-2.9220167084910784,-2.9544682291664333,-2.975956163076569,-3.003008061334168,-3.058011718240955,-3.0567234845097704,-3.082859407036289,-3.132574747358402,-3.1498322999672608,-3.1345666048452063,-3.1393335437903276,-3.117386469565457,-3.0411829431892548,-2.9787941729577323,-2.941572419389983,-2.8822417732616454
-0.37142949581807283,-0.2956910431850503,-0.35130564820874444,-0.4862926461838537,-0.4324746952318992,0,0,0,0,0,-1.5914237606858155,-1.619389025070779,-1.813869664629337,-1.9438008489393002,-2.082189161715315,-2.1466421014906287,-2.246649584730502,-2.3439799174411107,-2.388535131999292,-2.450096167688516,-2.5164124374140435,-2.544732533887339,-2.5698667102630814,-2.595037287061281,-2.6237016744929176,-2.6440199949334726,-2.6609092608760267,-2.6861516427366285,-2.734726429115592,-2.7448888582840336,-2.755257760822461,-2.791496572983169,-2.8183831505926458,-2.827774702509926,-2.8743723553041325,-2.9241753738835032,-2.9393715478933107,-2.9675459033763554,-3.0293267818086496,-3.0633128030871206,-3.0803333410558618,-3.10958306435362,-3.111789240261401,-3.1033975643145406,-3.0769664547385567,-3.0591268002478396,-3.0056810306986743,-2.993116202635007,-2.967572062373301,-2.920985430103346
-0.3783354973401539,-0.30532212672729775,0.5567439314728482,0.5352362701251357,0.39159747077029267,0.4026705128974786,0.48576217008080563,0.7992275159438151,0,-1.4407969263367508,-1.6546457501480074,-1.8031746861662397,-1.9139595796487405,-1.9689947356371755,-2.052105232396358,-2.1026407593866727,-2.169606524935765,-2.2364271027432125,-2.2637698172059686,-2.3032387149525384,-2.3584410601057186,-2.3827401096024308,-2.4256846412654047,-2.4494935249404475,-2.473430183185866,-2.510579984175075,-2.5374836945564034,-2.5523193441225502,-2.5886587267909675,-2.6102797215229177,-2.641201636031723,-2.7012561152557515,-2.7167849352453644,-2.758816305348716,-2.826434389124207,-2.879573417560111,-2.9059958514332442,-2.9126167066994095,-2.944863648115421,-2.9486981765992186,-2.9611607136422884,-2.960556725221382,-2.955662392038419,-2.930377163553785,-2.9328153511195434,-2.927436619700175,-2.8869674031661754,-2.880982251540363,-2.8550093092999806,-2.8162047041558993
-0.9684082051280025,-0.9450786817069184,-0.9646283632161244,-1.1560309592486182,-1.2189911738416492,-1.4117348238756593,-1.5705577626090046,-1.6480815415254257,-1.7552143950453687,-1.799801529701963,-1.8329895814305435,-1.8855614434539898,-1.9267734958996923,-1.9488585244122847,-2.0104738677312595,-2.042665762802232,-2.0974593108425412,-2.1413116730305903,-2.1767345033458114,-2.2181894874365797,-2.2596117137308784,-2.2770630645977037,-2.323195537017813,-2.352469456309545,-2.373952078878474,-2.4288718945858836,-2.444191594790337,-2.469261772152864,-2.5315665133456853,-2.54912658071834,-2.601477311190348,-2.656418743356235,-2.7069122817455105,-2.7280933444542192,-2.7469932747211576,-2.7975595081166467,-2.808552992776976,-2.8380268684857453,-2.841747796230846,-2.837086806265709,-2.828309487232765,-2.836626472926703,-2.8376844597381803,-2.821264504334929,-2.814406248981082,-2.793512847110159,-2.785225303087939,-2.795506565795261,-2.7724231925481018,-2.7366852837956235
-1.2690424598021945,-1.3178532332589592,-1.3635626698694359,-1.4882326745162915,-1.5306714519696634,-1.578790436463774,-1.6491744385678575,-1.654981982383999,-1.7159012313564448,-1.750157049581166,-1.7920657857536557,-1.8292476622933262,-1.8796284052802879,-1.906979311413536,-1.9529001350234665,-1.9767622220880257,-2.0157671093636758,-2.0625631238722675,-2.078775571546322,-2.1434620054283,-2.1640133448008254,-2.183413366994979,-2.20231659237111,-2.2391354129385874,-2.2764389993476333,-2.331615980351612,-2.3618663816194356,-2.3990792627629367,-2.4636541151296307,-2.4971183363404568,-2.5357700087651294,-2.574628681107158,-2.5927703290282977,-2.61439110156477,-2.6275145170286267,-2.6604573317187317,-2.654060100461097,-2.6695382647207015,-2.7004050710503154,-2.6915467243533593,-2.6951075679403966,-2.7104337959354394,-2.710705780065575,-2.6933223745201595,-2.6862921875650354,-2.6729417444557018,-2.6567059290661197,-2.658951787165201,-2.6483727791501757,-2.624872649748112
-1.3913512490722142,-1.4522816195874284,-1.4698154847671001,-1.5276575120725453,-1.5688919646512527,-1.5895844751306067,-1.6293431886575203,-1.6668565210944828,-1.6954449072131925,-1.7391460866133208,-1.7485170160254708,-1.8033203556383122,-1.851634544410542,-1.8768416046810872,-1.906813947856178,-1.9266788501074035,-1.974886236439608,-2.006716679207907,-2.035036720793532,-2.075605056022912,-2.103170534558913,-2.123025431698181,-2.161353535866918,-2.173088568797558,-2.2236878742661057,-2.2839990802432677,-2.3171140185243964,-2.3632613621160283,-2.406761976141948,-2.438424737858723,-2.4489105542028655,-2.4878777140433894,-2.5097317488137514,-2.531329445221797,-2.5501445296171728,-2.552224022351393,-2.5474776742038547,-2.5597904226755377,-2.584121434841046,-2.5891267914553415,-2.607816349424712,-2.6042886977558686,-2.5979949897028933,-2.5835470346470335,-2.586525901506751,-2.586578991927749,-2.5641915870135725,-2.5526030463923024,-2.5535256990438255,-2.5249841762988967
-1.3825074042785264,-1.438428289861378,-1.4676176270870371,-1.5118165471570901,-1.5361652451285217,-1.5672316548805585,-1.5985312672600556,-1.6293697647347447,-1.6775816230094387,-1.7029196066446868,-1.7394213963656804,-1.787750023884584,-1.8113087672294237,-1.836642183907515,-1.86574732292103,-1.87732644936102,-1.9139792121518566,-1.9387851058291756,-1.9526184119878125,-2.0083623493105986,-2.0439315524576003,-2.0669348212759058,-2.1432106101809154,-2.157137129881167,-2.184343494762828,-2.238354445180176,-2.2582498018961585,-2.287857877369972,-2.3223251139437635,-2.3352645678778616,-2.3564030592857166,-2.377790381771734,-2.3919408734685152,-2.3996476345515823,-2.4152651504456624,-2.434137228995039,-2.446549876241083,-2.4591914402794193,-2.4813971771489234,-2.479057390343619,-2.4832737435889918,-2.502573789860427,-2.501712573962401,-2.4918586275892793,-2.4862863409722302,-2.4854263242615806,-2.4775845364181857,-2.474908768905931,-2.4680755713462776,-2.4552220047720397
-1.4087655357847053,-1.4367811983623104,-1.452929907826307,-1.50390621177824,-1.534188431335175,-1.5581111484219334,-1.6124304627040202,-1.6235506950235081,-1.6566732225358474,-1.7016233542731993,-1.7094469275626059,-1.743579825689429,-1.777541501631741,-1.782751771965267,-1.815511139165525,-1.8484650974706252,-1.8817074055649636,-1.90524915902946,-1.930036945074211,-1.9658900022915835,-2.0044366775928166,-2.027816860594703,-2.060427641476052,-2.096701483447769,-2.1326426377646066,-2.16455203952233,-2.1870440541635516,-2.2173525775699217,-2.227909015404665,-2.2437590329365267,-2.2703912972577664,-2.2942278208955957,-2.311019987945912,-2.3238456738405966,-2.329949184940015,-2.3519289909103214,-2.360185013287763,-2.3589333261838976,-2.388334968182824,-2.39549371838855,-2.3988381495097233,-2.412059384136553,-2.4108315129399647,-2.4100982822130557,-2.423337710922362,-2.415147370149128,-2.3964386448665844,-2.3951472519669967,-2.4004973947236046,-2.394171323982428
