jsons/1312797600.json
{"header": {"parameterUnit": "m", "parameterNumber": 3, "dx": 0.1, "dy": 0.5, "parameterNumberName": "Northward wave", "la1": 40.97354507446295, "la2": 16.46031188964855, "parameterCategory": 2, "lo2": 133.9931640625001, "nx": 191, "ny": 50, "refTime": "2011-08-05 8:00:00", "lo1": 114.97908020019554}, "data":
[rows 22 to 43 of 50, columns 100 to 149 of 191]
0.9587964569791775,0.9059779885894642,0.7662016283949132,0.7301524846346136,0.7045961335243733,0.6421075296050586,0.6179171670811862,0.5992331181662629,0.5901304153168313,0.5988752586792758,0.5948134286506932,0.5862570762888251,0.5689988257596036,0.56845936895777,0.5592159861078483,0.5476532698513754,0.5402324604960773,0.5158105424942714,0.48792364063145705,0.4748602005316988,0.4605590689674419,0.41942235682697854,0.40708932723202684,0.3796131030032574,0.37252609456670815,0.38262100835156443,0.4021184071538295,0.43644884169539,0.49251841260078544,0.5162955159805515,0.5493338520527485,0.594601996724307,0.6211568638850681,0.6546289680257065,0.689698788320191,0.7102319632133064,0.7383268009956502,0.7808063972565198,0.8041416356562284,0.8395743429797327,0.8904649925380166,0.9317129611309869,0.9907994020554544,1.0484462166025854,1.0704930493411224,1.0839996300769656,1.0951382269630503,1.097206576416944,1.1166190826862805,1.1002508707357772
1.0273374119996657,0.9952410444650436,0.8627911164832599,0.8396587175477441,0.7940574045484534,0.7540505886874588,0.7170461808629235,0.6962634803498293,0.6470518270164349,0.6319822531597826,0.6147342650332946,0.5843373688549913,0.5430969568373842,0.519705510474825,0.5013625406222503,0.47200023187901685,0.47442864284599917,0.4882676928801064,0.4613818782467812,0.45106794907736547,0.4390801277963768,0.3826977775391482,0.44519627509076437,0.49662892241825857,0.4814293883463787,0.49107302007990167,0.49863133404606147,0.5214880423780107,0.5611900173849576,0.5895181217955172,0.6030269057587828,0.6448911969768079,0.6659688377218238,0.6815940982814909,0.7694202654946241,0.7812480506475975,0.8079163070775129,0.8940165185703264,0.9244041427913912,0.9576856480699193,1.0335958414028679,1.0768773999458519,1.1064278636343317,1.1450253350747048,1.1713764675716687,1.1946051702351643,1.1997225570680077,1.1981401486167789,1.2009639224844955,1.2106680138317238
1.0460958784092478,1.0483612930947832,1.0097865240810409,0.9911081054193275,0.9578806391326008,0.8889930545018154,0.8423996200916154,0.8233416921959424,0.7846191625917192,0.755619981107343,0.7324367550861365,0.718931819236922,0.6957146989791506,0.6760985854737369,0.6473082038001017,0.6277806890588153,0.6099870784973919,0.5981416518442234,0.5830400979124768,0.5976859301361138,0.6147458263633571,0.6110054700478442,0.6191526913813937,0.6326557645702546,0.667355540754847,0.6514622527670612,0.6556789138120571,0.6680314303659564,0.6875844332130635,0.7128547193216238,0.7184367981208556,0.7328491779621061,0.7772904359575915,0.8161550144047022,0.8769551216814193,0.9288921223652787,0.9552245962546804,1.0529348452646947,1.0797285303261952,1.119564996415424,1.1893683151792884,1.2083578754628739,1.224827716974296,1.2621935538632412,1.2665489016884153,1.2899187163043684,1.294031097681196,1.2875861009922283,1.29169205963386,1.2933060019979392
1.0317696333815924,1.027862660711673,1.0146982033033125,1.0111950194847585,0.9904473515769158,0.9593844286824028,0.940654999408063,0.9332410032691927,0.8577952113918442,0.827058896101641,0.8326266790672976,0.7958230239643832,0.7506035387466442,0.7011634254455724,0.7172657168069299,0.7163924557883189,0.7286849255305076,0.7365772843193067,0.7127434320830607,0.6977973402130797,0.676624236520432,0.6978229390006269,0.6963637999889071,0.6866755059518654,0.7544532579675254,0.780547464280466,0.8126544387611083,0.8421099195483341,0.8493598174615022,0.857244891303731,0.8568158100822906,0.9124767164317759,0.9179466029639597,0.9310288852636649,0.9062910098775975,0.9373444259696123,0.9811170722956092,1.0532950850729579,1.094112069349521,1.1407777643079766,1.1680420467430246,0.1685328252841509,-0.10032046767734445,1.133495741059799,1.0234601103577776,0.8951846092322333,-0.8074821776747968,-0.8212244469918806,-0.4619118396315846,0.24705025421168558
1.0245597561156148,1.013614114152646,1.0092579963113897,1.0080768381143816,1.0122139166451378,1.0156868432692512,1.010676838496391,1.0106496920875954,0.972563910753612,0.9609919395381904,0.9424567578892655,0.9290765017563012,0.8855797307609922,0.8704064595616853,0.8475730465439831,0.822434405888269,0.8237198665808513,0.7964380298997074,0.7077923043517446,0.723366520134635,0.7299747500766173,0.7326620825064019,0.7398028615935822,0.7562029205709021,0.7951662597585022,0.7975129903302413,0.8111163396378216,0.8082531080302658,0.8333067594658624,0.8686282066930207,0.8996673282283734,0.9179552516818188,0.9553767482345795,0.9862571424365116,1.0556182414538984,1.1079128413485801,1.1409510434740906,1.0928975520559783,0.9411341976879766,1.059028337636713,1.012595914812128,1.0989284817532095,1.1669948336044234,1.1469737329840382,1.1125891600549604,1.1174910296737453,1.0313465478223456,1.0467631139477,0.9250772498557843,0.8869279374650926
-0.9998200356315997,0.7744139492495109,0.9535545774555592,0.996136363154051,0.9967422150773615,0.993438011056717,0.9925216058450338,0.9911054860440428,0.9691957026984688,0.9555263228077333,0.9466596120920758,0.9325858416663898,0.8965879212239894,0.8895281537830718,0.8801027880951716,0.8062765697323834,0.8211418772927979,0.80667756788987,0.8233752183870646,0.8230672196934972,0.8385509324638344,0.8487732241477155,0.8493694130287207,0.8597068030296947,0.8537416878487893,0.8692509455020145,0.8909236779534858,0.8915478932661991,0.9016078584622298,0.9145408358755438,0.8944179795694697,0.9214172091923571,0.9442684567291135,0.9659618462394772,1.0003781041598483,0.9934904119460536,0.9936452280422171,0.9860080120641393,1.01298155708273,1.0321950994508136,1.0567945781658175,1.065252785856425,1.0627069254523438,1.0103050397395983,1.008174590923716,0.9897954289813912,1.0101120906331893,1.0299850725325368,1.0687035430699656,1.0889384332517595
0.9850411554335949,0.9840741331113897,0.9841829168436033,0.9794848711558843,0.9773915431158339,0.9660461061552492,0.9516007283406416,0.9532802914863898,0.9687045704910666,0.9356225257891497,0.9251142300302215,0.9069873911192632,0.879162643237581,0.8751505491578312,0.8746398650014189,0.869303834991229,0.8650138113460395,0.8687005408990073,0.877483927407328,0.894806147064496,0.9034437101491131,0.9273343288233352,0.9399569252047535,0.9578741031749536,0.9794591065389404,0.98494919131503,0.9927099124599074,1.0232792758285227,1.0377450571712141,0.6340010405072991,-1.0394781396355726,-0.3447556384900905,-1.0022303729115283,-0.7874458938115986,0.7822994514579632,0.9982927994435272,1.052741104852942,1.0715971243231455,1.0936065850681007,1.0901933991785913,1.079553697993954,1.0781398324941804,1.0928951315072486,1.1064115428085814,1.121868519415759,1.1420380962622727,1.150058640382749,1.1640772323566284,1.177592600743667,1.1934316966245397
0.9765547681479056,0.9775299886311803,0.9762347360867287,0.977296124614494,0.9797306666775294,0.9722544512200502,0.9641328936743196,0.9580970703743572,0.9445210355002667,0.9366907492129094,0.9266906319090098,0.9203399138307713,0.9124519285251803,0.9067117481981362,0.8999730752015492,0.8885905923611562,0.8940216503108821,0.9133146909817068,0.9178954760499333,0.9268696582716552,0.9308225544798607,0.9580438880936386,0.9832351931705037,1.0053461187297272,1.0129086728701626,0.697793024276703,-1.0490949759343073,0.9218656107102212,-0.6559289629841417,-0.7377860010616629,-0.49251144085733667,-0.3511896336858048,-0.33783967968934725,-0.32220514248954496,-0.28676247984213554,-0.2914245114812347,-0.20268985565100503,-0.02409801770494606,0.1300334529676863,0.23672964982474812,0.6133741252589869,0.8132844493915853,0.8738305014519399,0.9639805724935097,1.0141145831686604,1.0459318052642717,1.0844233211312924,1.1283924246534822,1.1533995943615305,1.1790733189198808
0.9809487938875291,0.9790305397400214,0.9771597211871612,0.9783472533076295,0.9907622709139711,0.9772053554574824,0.973339799448877,0.9679230812042346,0.9596779935236965,0.9570156348846848,0.9561679390492334,0.9524833671582854,0.9405871957203086,0.9387708756830827,0.9226421209909572,0.9044613377494285,0.9051008444186959,0.9121593379344398,0.919292668332184,0.9280746012822803,0.9343820824202997,0.9478935149327197,0.9603692060448646,0.9783689741019658,1.0062993730964844,1.0233573799593816,1.0009365853107401,0.9980956793967868,0.9132569795899786,0.8096900130909348,0.6517210923301867,0.42443535457902215,0.41647885825341924,0.41507835806823784,0.39526966575012606,0.39481861649710076,0.3474086106750777,0.3912830061315592,0.3782986218719584,0.39305917285194364,0.41651863043435605,0.466605665509564,0.5001294315214868,0.6108307733442473,0.6419630790887569,0.6735989034944528,0.7769286569698823,0.8617364468837881,0.9037608249798955,0.9515813210109947
0.3659508295329355,0.8321423583419829,0.6977112368007146,-0.03963931161244492,0.6028653512366178,0.9116572461275072,0.9459250823178551,0.980984979463144,0.9672625812910888,0.9699332061984354,0.9689583426605979,0.967250536237321,0.9473872643105251,0.9574040723520755,0.9624028173451141,0.9680223573595931,0.970173087730536,0.9677072432759621,0.9614785599503531,0.9638471378389402,0.9732260078969761,0.9780840565733167,0.9787557423191524,0.9843904512693185,0.9881213771044769,1.0049535910897927,1.0266010834831725,1.03684180562465,1.0604632595053365,1.0811283299926895,1.0845129742212452,1.093926316031307,1.0911052703407553,1.0905797180287256,1.0788160263759081,1.0543130562119418,1.0503011852478987,1.024156175839156,1.008066242721169,1.010262821516208,0.9447722094922784,0.9424868691532754,0.9130795657393105,0.8728395096757251,0.8792588831166518,0.8473723645691877,0.8547645784121011,0.8915882230568966,0.8845578600672993,0.8785667030658681
-0.9960583757135546,0.1149490441193104,0.8466948215397483,0.5581623428361415,0.30066485809460664,0.20498979289489902,-0.8183825188714492,0.9811096267750913,0.9887314685268446,0.9893536240688977,0.9904400447422219,0.989317108423318,0.9941770057957073,0.9930008932961334,0.9961974361537628,0.999096844561748,1.003561174910917,1.0034207109964146,0.9949800829481285,0.9935628262684378,0.9976968036011875,1.007044860409967,1.0127064335110514,1.0233081891675266,1.0290314941359313,1.0371827916511465,1.0664955894553505,1.0819531251327184,1.1026877763732865,1.0958980178442759,0.9914388696682976,-0.04466669108839218,0.04660058876893432,0.810242185922443,-0.36801497299930896,-0.8746498115917246,1.1723113512663135,0.6852907675349533,0.922761555480693,0.8841708751690344,1.0222280355585631,1.1086046862256007,1.1301146893274348,1.1368761621676675,1.1501611460816956,1.159214748370735,1.18180860390027,1.1607568806481348,1.150367273962391,1.151086729175141
-1.081096181745975,0.8684195575011958,1.0312637155919575,0.9932848635657966,0.9504134937790408,0.9632721125333448,0.9811533380575763,0.9968353649619973,1.003733946081276,1.0023076329553855,1.0030607836883374,1.008986649736671,1.0188096882736988,1.0203126338032258,1.0234445260348803,1.0268822594402447,1.0310692993341815,1.0301629533375125,1.0274609524065839,1.0254226718112984,1.0279408639432617,1.03409955026136,1.0376540950858095,1.0438793353968028,1.0557920993037786,1.0689425547971014,1.0486755601466642,1.103554017122106,-1.112088135778112,1.1171924756266178,0.20240748336845996,1.0653634667594871,1.052699938898503,1.121612102857726,1.1696154826003038,1.182053523193044,1.174233075790761,1.1871439896676994,1.0896211971187546,1.1592958573769394,1.082703191870833,0.7849078300532831,0.9930631831890693,-0.20320495853364556,-1.086878176975068,0.6411687952775185,1.1774682065830466,0.885159667040542,1.0587248800581601,1.1802460967901454
1.0860519701016191,1.0904449423965519,0.7994157633602643,1.09583007286026,-1.0329582156667865,0.5261205438119337,0.682041162345555,-0.48679719908929975,0.2679847248785657,0.9895628487316867,0.7274754272178253,0.6399476145692481,0.7222164207954594,0.45339040278640036,0.9074361236711609,0.04563350532874167,-1.0757888583405881,0.1477513870672426,0.5108908863598539,0.6403783425516354,0.2161278734232289,-0.27412819970128444,-0.12275566093317418,-0.6654035541521328,0.3352184115779283,0.6871600112104648,0.952078968431961,1.0618178391864515,0.9271227983117312,0.8699960486213616,1.0086277812047704,0.003802812375555293,1.1332305888691436,1.0226258455700719,1.1211220592179876,1.1731801183983066,1.1882390118391624,1.1929084264226018,1.1904264616532947,1.198307288436232,1.198773994964094,1.2061283860415517,1.2054722366061783,1.217074817168245,1.2242958547096994,1.2325682229734114,1.0587063035470337,0.8298662342116401,0.27013772889355603,-0.6868589542046277
1.0086713035045076,1.034724715758783,1.1041663544696139,1.1066647827693066,1.1080895239191078,1.1238664563036869,1.1135622770371116,1.1122174582507371,1.110901959525027,1.1129078873004805,1.1034830099993367,1.1012935333240323,1.1065706706906648,1.1088142599871245,1.1094733129099246,1.116817502387598,1.1256851550303515,1.1282967592909716,1.0897301338623373,1.0876200799080198,1.098283918064675,1.1319138368586092,1.1317744131773655,1.111342322855718,1.1047988372747235,0.9454557639533293,-0.05893128995990585,-0.29953320697337854,0.6829101023653241,0.8775002665205335,0.6921788688726845,1.152725798025424,1.1059710099478834,1.104228817827024,1.1502691714472837,1.1739307130585714,1.181377950204718,1.185798885857638,1.1872797282311411,1.194413498945218,1.2008490185135758,1.2023454182204962,1.2043262596330204,1.2048483893804613,1.2071705166272417,1.216414489353803,1.2201001127604139,1.222652221434096,1.231518930594696,1.2297249001202846
0.9300317767311193,0.9467711668498616,0.999231855280857,1.0401158152020227,1.0466099557385125,1.0811906870302725,1.0908678406576218,1.0930865924491573,1.1079354883858616,1.110392102403749,1.1079245467172054,1.1075598613106157,1.1173425878197578,1.1215499460811291,1.1254869597544652,1.130234900574352,1.1336270319097892,1.1284078456829112,1.125801678406163,1.125746106882692,1.131675872567319,1.1363821760334156,1.1441429255190472,1.1718739500098534,1.181383880573415,1.178620435107822,1.17342432410295,1.170471826299501,1.1696103378931075,1.1669760450975941,1.1616061843147543,1.1608675593615363,1.1729649036685275,1.1769381927529619,1.180167915390924,1.1879365271457833,1.192460381176379,1.197228206751118,1.1968597281336795,1.1978145563313647,1.1960169539759018,1.1919140134523851,1.1884334193042088,1.186674448800185,1.1865447665574065,1.1915602825794274,1.1991065497023392,1.2032190726160377,1.1987391708770092,1.1919780118432513
0.9616791656012635,0.9742436891129352,1.0189993686487957,1.0322060482395596,1.0435299425291868,1.1215492191602139,1.124833528472313,1.1402801412866717,1.17029413327565,1.1680304928722904,1.1575540236453088,1.1593982467099626,1.1648813975717196,1.1610454085814872,1.1577839476156095,1.1563271692273085,1.1616359260279039,1.159930008686359,1.1654130271974277,1.1656508499058686,1.1729268304534615,1.1846534420412773,1.1888408008371778,1.1881998220442043,1.1888076051620722,1.198349298474291,1.1983381218650289,1.198089500715872,1.2032611283719954,1.1966226825044683,1.1956336822312226,1.1966425350532703,1.1936787039843142,1.1920190867446476,1.1967013135143607,1.209790528036385,1.2077962040412762,1.1989650750435776,1.1946947313573304,1.1864597458380877,1.176916523194226,1.1800312512563378,1.1950114393561557,1.197945182825563,1.1998557399197738,1.1991523790840968,1.1988495799480705,1.1971483735541089,1.195342976590766,1.1939488488684002
0.9458479325550085,0.9588265070084158,0.9958787084652755,1.0038410284174708,1.0195063513915936,1.0664592534861863,1.1049661996747093,1.110049560985495,1.151882652843025,1.1522655996638984,1.1494885147185183,1.1498519121256925,1.1571661403399478,1.1692179806984653,1.1763727431224937,1.1944178374904342,1.2002353881066796,1.190174357987746,1.172968861395784,1.1761273582512892,1.1771668196724392,1.1969756317388893,1.2097922743505845,1.2113657950834555,1.2222433306339784,1.2213643567751762,1.2306220617293715,1.233193874540088,1.229263101932814,1.2186596861972352,1.2142512136581392,1.2245903287920576,1.2178457672469036,1.2161133389283336,1.2133010679645913,1.2121430158194446,1.211491612860001,1.2109853156655743,1.2090858088474472,1.2037029882201136,1.1999035414799728,1.197376981117017,1.1994489195339555,1.19533028151252,1.1925827131850555,1.1930614000938724,1.191993594611883,1.18896693040763,1.1875257333690674,1.18645319859549
0.9627402602761451,0.9741222215318133,0.9953995909833616,1.0083172307477053,1.0308237365618613,1.0920402264476479,1.0973721762173296,1.1044784803163679,1.1338286932352168,1.1457210349935887,1.142793110342568,1.1550367883467674,1.1800280580789861,1.1922645032240025,1.2058361928769117,1.1983682138073382,1.1871632100851202,1.1892102891833045,1.1997317342558984,1.2060009019415883,1.2215804845630378,1.2503494795557024,1.2546388861873925,1.2506232968191848,1.2536569367040913,1.2549898264066843,1.2516592337554655,1.249797453015669,1.2494879810995965,1.243910099282222,1.2451044292089921,1.2470580489039158,1.2368140065847408,1.2304285971478757,1.2313896094314805,1.228554340569689,1.226904187025876,1.223360720136325,1.2181704128230435,1.2147956934389181,1.2140162543269928,1.2107632737033158,1.2002675175891238,1.1957319132039528,1.1958286880120574,1.192792225027345,1.1849475308766597,1.1667457477719816,1.1559536674525577,1.1472886455310893
1.003035815620652,1.01720302838339,1.045190153790704,1.071573970700552,1.0812024376299199,1.0995054150085217,1.119065043369698,1.1366547833531544,1.1500827450551636,1.1868281126981584,1.203238643447472,1.2244673188799877,1.2329766066380636,1.236762352286384,1.2412238931741508,1.244610866678498,1.2353331313552198,1.2311705531688584,1.2370426238083805,1.2445413568289807,1.248927662237381,1.2482325846518885,1.2535623325063698,1.2714420133318016,1.2843927147416863,1.2883084014819235,1.2867478147933897,1.2830657775537426,1.2747656679737824,1.265558692941391,1.2641021389287386,1.2695597357817505,1.2597516294064486,1.2563326744540637,1.2533808342500372,1.2489199620974103,1.2434842957232732,1.240327420552226,1.2346682736249757,1.2248720339280528,1.2181741008695046,1.2126809599100787,1.2036678629136002,1.1822627983190563,1.1688819459688424,1.1456350064269616,1.140482462112756,1.1325979157848616,1.1174624873642445,1.0983081784566686
1.0384154468237385,1.0683904060240503,1.080070705742,1.0952255574313117,1.1147912975037941,1.1746568210083181,1.2295671096391476,1.2689262040515807,1.2469820219437935,1.2371150496973577,1.225970728854726,1.2365872430981657,1.2732942013123523,1.267893492663246,1.265591071898449,1.2881339942956447,1.2926615933606869,1.2993158447457878,1.3134455833756298,1.310917219248516,1.302498889068095,1.3088832096056655,1.3180401655936849,1.3199203562245392,1.3269643669103435,1.3182023910570133,1.306332277197381,1.2981319466780035,1.2874002871847516,1.2813234800702302,1.2805634428865869,1.2804033052331183,1.2729461831145412,1.2647830960562556,1.2550637953619332,1.2478104417712692,1.2441756530087476,1.2248526795566135,1.2123083490696764,1.1944769077002446,1.1826251116484363,1.1744453845104155,1.153262958848443,1.1385492413857528,1.1217878372695385,1.0809545732960735,1.0500425922681174,1.0522687425796016,0,0
1.0339905519355228,1.0463413560140926,1.0667484294037561,1.083694988214072,1.1305123209686732,1.1739186688338794,1.1720371230383753,1.162714851728936,1.140785095262196,1.179323811153058,1.2150026143424109,1.240021658902453,1.2829039343609343,1.2960543559458004,1.313916354510698,1.3283061573340942,1.3323188173595,1.3384500938986037,1.3438371882066107,1.3499252573708527,1.3428951975482082,1.3380482022445745,1.3302458464193962,1.3197087189614674,1.3169259219267184,1.3159288492788137,1.3110517005610673,1.3005191016279154,1.2873942724646144,1.2862303764264311,1.2844409759167774,1.2805338313528793,1.2626998809261698,1.2533347955713428,1.2374415130046001,1.2188343276006437,1.2142805802399679,1.2033261469029948,1.1886603980610746,1.1679839633321645,1.1498314798400693,1.130674715413991,-2.8939379846931823e+38,0,0,0,0,0,0,0
1.0146721602747424,1.0319984201808925,1.0802387912047169,1.098516090737957,1.1042485969185891,1.1324985989791911,1.1494486834379918,1.1652774485222075,1.2033747247486537,1.218936217661863,1.2365768180064796,1.2394772351539365,1.244320480878895,1.2490340715859063,1.283388174026873,1.3210621608609852,1.3266066147152948,1.332718894608755,1.3581812313124164,1.3667580778632389,1.3487265089323524,1.3078313982117025,1.2899400321958223,1.2752548190129374,1.2703913265162974,1.2517647757104609,1.241389649845933,1.2375916994104708,1.2387490792784999,1.249929056378532,1.256928144889991,1.2368838257539656,1.2042209724567678,1.1897411864566716,1.160483582206435,1.1438465431698044,1.1404906813264035,0.3283152320508829,0,0,0,0,0,0,0,0,0,0,0,0
