jsons/1312840800.json
{"header": {"parameterUnit": "m", "parameterNumber": 3, "dx": 0.1, "dy": 0.5, "parameterNumberName": "Northward wave", "la1": 40.97354507446295, "la2": 16.46031188964855, "parameterCategory": 2, "lo2": 133.9931640625001, "nx": 191, "ny": 50, "refTime": "2011-08-05 8:00:00", "lo1": 114.97908020019554}, "data":
[rows 22 to 43 of 50, columns 50 to 99 of 191]
0,0,0,0,0,0,0,0,0,0,0,0,0,0,0,0,0,0,0.054741444111149735,0.025163809131907963,-0.006390475461059685,-0.07822651536557834,-0.024274472791701265,-0.45418695790634434,-0.5745684754674972,-0.7326322611423453,-0.7143411489996748,-0.5279705387710355,-0.42363326476803725,-0.29713401269038375,-0.07042935571229068,0.1457533839586495,0.31118316424843284,0.4515775122703145,0.5153081903271374,0.5899489180805021,0.698907650769482,0.732651330896645,0.7104420963526938,0.6889455930677609,0.7147969492911088,0.7443056689951126,0.7640173115583069,0.8031986578835337,0.7545801853570547,0.7133958795957847,0.5772350673784822,0.6062532487831592,0.7857323603572542,0.7397351474729009
0,0,0,0,0,0,0,0,0,0,0,0,0,0,0,-0.0034421808425741025,0,0,0,0,-0.24526876494879715,-0.44702583228410514,-0.6044741843200674,-0.66112988969424,-0.6922655690445367,-0.7142085816297055,-0.6552121044815971,-0.4583811065656393,-0.2578129648216396,-0.007213870673799097,0.44475449884735746,0.5898737302105967,0.6724988457233737,0.7403028203963019,0.7377475069606396,0.7433257914932414,0.7464014102336912,0.7587398585531899,0.7710036392431092,0.7785535311993682,0.7846854164874671,0.7809811944300222,0.7998212712078158,0.5468485121646194,-0.5610857284716885,0.002015400218108331,0.8310738046152154,0.7687576667638208,0.8353215349204864,0.7682093661416178
0,0,0,0,0,0,0,0,0,0,0,0,0,0,0,0,0,0,-0.2729607138504554,-0.4215317509372604,-0.4970021875269652,-0.5730915123434294,-0.6963710708569414,-0.7373385207869603,-0.7250733035121076,-0.6780559325026099,-0.5703449497576015,-0.17586653573549163,0.19609826643366415,0.5251232717903892,0.5399244126766797,0.5990918591010057,0.7248184543952556,0.7469345366180349,0.7438741321076311,0.7512374709310738,0.7432006823696489,0.7592991872778916,0.4578093353508788,0.3083451294480631,0.42906456485703526,0.6874050906570812,0.7464037727986018,0.8102083464159406,0.815372922691085,0.8142927876811242,0.8054582536592654,0.7837174223324238,0.7826196349532645,0.7558231504333658
0,0,0,0,0,0,0,0,0,0,0,0,0,0,0,-8.1454825486999445e+37,0.05888228179756922,-0.3281660306700371,-0.4551938569027081,-0.6062203295924528,-0.6813188993902034,-0.7365611876855733,-0.8108977885010339,-0.8115965934368408,-0.6247216684251358,-0.44148599845144865,-0.20400754574333865,0.5969927811875068,0.17499465764045283,0.7446170725979666,0.4622742565638797,0.0772238838550971,0.4186464363473224,0.7681003073759531,0.7699411725774138,0.7713277841308953,0.6811346316169616,0.7675618215316105,0.7056391933752596,0.7849117266103579,0.7933666160895749,0.7950482441280025,0.7970989033513235,0.8053235325596091,0.8101032106083151,0.8146997681327773,0.7874952977990769,0.7799322563464927,0.7528773577360821,0.7594951494931849
0,0,0,0,0,0,0,0,-0.07475968649542157,-0.16978862496608302,-0.21942165149653245,-0.2524267238016187,-0.32629957304233614,-0.3591312012518339,-0.4163227254306295,-0.47058756327876144,-0.5552181399986506,-0.6508655075865171,-0.7127891727592714,-0.8106787404218296,-0.8270640362998222,-0.8184108826930456,-0.7492294596215975,-0.6186666043140594,-0.3113611789911613,-0.05344015546609467,0.17735164994721025,0.6207145554896706,0.7196274129839351,0.7230238839334564,0.3154736320881177,0.02746526294475055,-0.7641974688639278,-0.10017109771222851,0.1450346943840492,0.721135480562697,0.764488260979028,0.7582584299765616,0.7536686617607794,0.7630531564530856,0.7648176557862296,0.7681589872298513,0.7667601344426684,0.7654322226740022,0.7746647009043209,0.7794546790155321,0.7787819738979016,0.7703404432326949,0.7688305042778993,0.7650844127173426
0,0,0,0,0,0,0,-0.2942741306682223,-0.35395675061856074,-0.4476454969811976,-0.47846176174222554,-0.5314900382653777,-0.5957189520953081,-0.6337323332876215,-0.6860504641914337,-0.7382051604737024,-0.8049947665995951,-0.8161230827581818,-0.8255609143954906,-0.799529677159526,-0.6576373792429402,-0.5211805667083816,-0.442462134648222,-0.3218682035748322,0.02718386861043334,0.411457194142093,0.5527161542927963,0.7548246138912678,0.7465485852693186,0.7301664453036812,0.6829113826613514,0.7408021989342856,0.7126216202817558,-0.6734590733714727,0.7618909209986641,0.6674517114439448,0.7575422214120467,0.7514997618970397,0.7522384406451764,0.7442041098186973,0.7507750643129016,0.7531658206511576,0.7523099287181767,0.7497821790218406,0.7476800456095004,0.7609744756572733,0.780280724197137,0.7819160416161755,0.7866416605325126,0.7871286373454951
0,0,0.09067752139284924,-0.3835462263915848,-0.4620160186703897,-0.49562903899037386,-0.5606029342420171,-0.5882087526562552,-0.6250997465165946,-0.6676107365614653,-0.7145249267689946,-0.761021853176104,-0.8106160608038823,-0.8458842194254419,-0.8602625788552843,-0.850202404846072,-0.8529219132987859,-0.7632513316895981,-0.7385477290661294,-0.7038399323522498,-0.5221209450105752,-0.367073795225559,-0.28279948252153086,-0.17335204600503057,0.10433649806082705,0.37241489485957463,0.4510835272579136,0.7939550666514225,0.7232042325004177,0.5183437062476461,-0.664424739462009,0.012599403102946112,0.773096737672197,0.7789223043555177,0.76775052102107,0.7509565855259928,0.7410537279567683,0.7450618817994364,0.7470333864812928,0.7390897847810858,0.7443552581325463,0.7442996397749307,0.7499695200389981,0.7504759777287118,0.7480638264436502,0.7460599283887738,0.7470711033087829,0.7448908256468356,0.740873404208469,0.744044381174613
-0.4928745582979904,-0.5439043352268628,-0.5873755246572689,-0.6392658217859459,-0.6757235166041451,-0.7010217952898682,-0.7418126172579842,-0.7685423648648219,-0.7954191045662794,-0.8386130495942709,-0.8455674793034412,-0.8377368793656064,-0.8682673048519275,-0.8638578324171766,-0.810503692120699,-0.757119255127582,-0.717117536655299,-0.6070253086198137,-0.5355058425529756,-0.43115599418752526,-0.2860029881731818,-0.21498564781918092,-0.12091931559614788,-0.026256887792649657,0.21424841476398368,0.41064519871788585,0.5089403797719263,0.7202703389200086,0.7625747115436234,0.8074533911775992,0.7965307407808357,0.7450437050247543,0.5708334100620609,0.39090600869225306,0.626710012346911,0.7303235865784792,0.7481394598757416,0.7530837677861708,0.7532720439779609,0.7688186286976577,0.7681266636435893,0.7572951267869122,0.7558270825822541,0.7444882119008304,0.7290585778625049,0.7318189530495319,0.7425276934224738,0.7358113228624575,0.7344654297058025,0.737647932888688
-0.6773742977222326,-0.6981571786740269,-0.7393655948858444,-0.7677220935793098,-0.7706637853073781,-0.7841913824729891,-0.8238469827001742,-0.8420575447853487,-0.8105509745323152,-0.8117364171369897,-0.7774395869640258,-0.6931680520153084,-0.6716778832529935,-0.642027490628837,-0.5541821235458843,-0.5302950273665227,-0.5294840235743373,-0.45208010214253885,-0.37847535124159526,-0.31172287269642157,-0.2177848025978089,-0.2096878457437433,-0.15280334309623006,-0.07828362110814878,0.20313046927036194,0.3964867132451992,0.5269608107710987,0.6984486030683912,0.7120796549333687,0.7369983422764453,0.7929796241640514,0.796773120296801,0.803216226716579,0.5939501996792363,-0.6042993029117567,-0.4728918908084459,0.7589139088722868,0.7701845652125336,0.7845481314904479,0.7769820567233515,0.7792491914711903,0.7745339151291384,0.7684376895772957,0.7580149652057719,0.748392742640768,0.7445516533656701,0.7388623211379884,0.7284014690054252,0.7297106644406071,0.7459888467978263
-0.720791578935431,-0.7182112374875534,-0.6794564769956792,-0.6759051285894964,-0.6062035561872215,-0.5921568781333452,-0.5903023872357919,-0.5281512200688803,-0.4177784221710459,-0.32160305712163634,-0.3059601276719738,-0.23612338170710254,-0.2519165103055411,-0.23450661328079886,-0.22660026273529377,-0.2653084586459664,-0.314685605903433,-0.35163957057608075,-0.3584142300826806,-0.38989299588324006,-0.3875833763670588,-0.35576132665136134,-0.2811985899945765,-0.18848608808158235,0.042362960299876226,0.16915431831726105,0.24720056444692395,0.36712674452897165,0.4287484398275527,0.48517642895908525,0.5891743203773081,0.6283253906087517,0.6737295597324582,0.760437559772157,0.793098443429227,0.8121770702737099,-0.4956909525059384,0.7830819830641337,0.5317727296461289,0.7912010036412277,0.7864282105655683,0.7746353720175816,0.7729106032158332,0.7712878465889157,0.7673053512770843,0.7664755222869943,0.7612030943878584,0.7651645271715435,0.763751444891373,0.7608394565149686
-0.5459398667030536,-0.45015492578806626,-0.4117602705993319,-0.3797923435401644,-0.24607239494351327,-0.1979478356553925,-0.1636595760486527,-0.0549298525823989,0.11676256619959421,0.2585929467378256,0.2907119911817151,0,0,0,0,0,0,0,0,0,-0.7133666885762743,-0.6301770008705031,-0.5539988770101865,-0.47684413883967547,-0.3797858468909733,-0.2496792842132371,-0.11801553355464475,0.018845288913283017,0.1571244052277813,0.24411581727739975,0.4238865512979717,0.48624557242627103,0.5577403479130459,0.7582183378242117,0.7791474878165785,0.8054875920317235,0.8194905174787028,0.8091054670989776,0.7844299820068844,0.7832712237083044,0.7714223527788449,0.7482479959774974,0.712549158440345,0.7360013473849508,0.7385111758329618,0.478833343334154,0.4421422109423149,0.7440977069197564,0.7675541206435519,0.7643970990547072
-0.24537669548614252,-0.1522808523497661,-0.054271407687107094,0.01823244680467496,0.23402550323906185,0.2929497673075866,0.4219159705487078,0,0,0,0,0,0,0,0,0,0,0,0,-0.9829178357982603,-0.7744601522026926,-0.6988221691084341,-0.6209644991608664,-0.5705954216394065,-0.369451852265903,-0.2999324700878979,-0.22376768649491036,-0.04016979605548664,0.017772297709772584,0.08187890704592912,0.20659258029931082,0.2725164125227248,0.41075972474752837,0.646222793732392,0.7243182513100122,0.7568432012044146,0.8037949048333781,0.6040220253011447,0.44000031817041035,0.4002351914942919,0.545558506474613,0.1469188757713202,-0.25834034821908347,-0.4375398723841669,-0.3243813470462733,0.22026884287180185,0.771835438034506,0.7930049917312711,0.7764884655144256,0.759973935343305
0.2094205171366954,0.4049645513892182,0.46711540843114174,0.466838019405093,0,0,0,0,0,0,0,0,0,0,0,0,0,-0.8233586064048868,-0.8422169048171073,-0.8721971736947314,-0.7293572058532909,-0.6670604567523275,-0.5847594905475532,-0.47777912082286156,-0.3826752192814362,-0.31095017573232236,-0.24636164628997323,-0.14311443338141433,-0.07001365316917683,-0.029436596767121855,0.12491205957096951,0.2984108087965287,0.4230303799981348,0.6453995438508774,0.7337839136381317,0.841947151397316,0.18655296554090578,-0.46151637973114235,0.6163933437769091,0.6963843530298527,0.6935088104340857,0.6868636190901999,0.6301126072807882,0.535921758532354,0.5420169323586013,0.6544293669041269,0.7933803996436987,0.8293210578719774,0.8404748366149977,0.8426747390750381
0.53994775583582,0.6217508420767981,0,0,0,0,0,0,0,0,0,0,0,0,0,0,-0.8920701156533919,-0.7521675476743619,-0.6761021640207976,-0.6360950879170215,-0.5142528628428673,-0.45946065922171725,-0.4092871727156762,-0.3148495767846612,-0.18671679240921835,-0.1360477357274326,-0.08872429639923032,-0.03127951907784893,0.025293530164439852,0.07510481715844097,0.2422431106627252,0.30770688612532887,0.39312740260479145,0.6071438360900406,0.6871607204261423,0.7692554547864244,0.8931781291273196,0.7768138808786283,0.5191013106813368,0.33536294755434015,0.580039523936422,0.6197341433437865,0.6464818630245971,0.7934204006637325,0.8039669167276426,0.8480964412749467,0.5450339801732287,-0.7474890753808782,0.20377532983208949,0.5364769253742907
0.4173774672277834,0.19455930438980565,0,0,0,0,0,0,0,0,0,0,0,0,-0.7437230721797389,-0.7170528890083163,-0.7383428140888264,-0.5771274363257385,-0.5156940872049722,-0.4536817794941519,-0.3178138504233415,-0.23958903747418198,-0.18428099546252275,-0.11848672093765199,-0.04655200504879525,-0.034359082293120125,-0.04437434768694234,0.05514420939655372,0.1025935983280941,0.1395858679387912,0.2648455044362502,0.35805138976440853,0.43063681352929845,0.590949584328316,0.7225585241012686,0.7813532733544009,0.829178392418201,0.8538536034773864,0.8498762263795993,0.8943457903903503,0.8986635247221966,0.9030705834239605,0.9015094193341074,0.9106220962836196,0.8523936492881428,0.8154403245201343,0.5480901124847245,0.6757640147111232,0.8833592354598664,0.8568683286354732
0.5123990893778292,0.5174727494974124,0.3890073507625817,-0.13848203402875167,0.10816831585351278,0,0,0,0,0,0.15364708662916748,-0.6973090423368422,-0.7776259407232203,-0.7385960360344603,-0.6313717372401072,-0.5588104128006507,-0.49541038325866327,-0.32292452917344977,-0.2933559743630551,-0.2313637085536817,-0.15140573463509413,-0.12169115104304268,-0.06500900241583957,-0.027096163973545362,0.04827495163597461,0.10696791936715952,0.13551272795184394,0.21284073536270623,0.2836196206626849,0.3321029708286214,0.394105754466056,0.4734377825698749,0.5459872267556521,0.6631095977877016,0.6672960643623195,0.6619055898728493,0.7015066207922946,0.7723094914910171,0.7711453984932142,0.8299606996162315,0.8674168977086479,0.8806842891234321,0.8873025791878282,0.8965852079648973,0.9096167322629336,0.911588765059702,0.9088875653154788,0.91000568181139,0.9115523925256923,0.8925064024627333
0.4907229029177326,0.34734370352954735,0.24671431826440418,-0.5276689702165196,0.3567163993843081,0.34599968941773107,0.28826253389999834,0.10794509929333664,0,-0.7195552659414878,-0.6848638236919611,-0.5509926766783336,-0.5118593703662725,-0.43426502939203193,-0.280250090941965,-0.20971903202973002,-0.13258924773276165,0.026238234808677683,0.0729984764133676,0.10341203891903103,0.16125717013030683,0.19037127745363305,0.21859809115709872,0.2811131669384726,0.36118671975641836,0.3728339483438895,0.3851635977011445,0.38727077531542753,0.36844315551796963,0.40184510641086496,0.4905711077539449,0.5472148048965754,0.5854584925785523,0.5985942833128616,0.6066329231990921,0.6654843396135588,0.7439904578696535,0.7892190002995692,0.8305528468850961,0.9015935721354136,0.8998787009646588,0.9097738157288112,0.9287378099226937,0.9335777636881021,0.925068115412349,0.9297046232151206,0.9644892261530655,0.9430960003691171,0.9140036478504882,0.906457398189049
-0.13163351871227122,-0.323164784384721,-0.3991170585404483,-0.4854427465564809,-0.46722308031760007,-0.4760005830370047,-0.4412837305888206,-0.42601827750429394,-0.2358271428388935,-0.21756086547639655,-0.186487392364977,-0.08066339008140537,-0.056789796270874285,-0.030698985429772115,0.016221495170167577,0.08194841995174883,0.1176239915436079,0.21611756357593684,0.24884733411598134,0.28429306944411764,0.3398651165437921,0.3952577798431707,0.40791329732394266,0.434351946036294,0.46883855039288524,0.49559988712166353,0.5132149694181996,0.5843726034171736,0.5721320306652778,0.5785277903505983,0.6022996436176963,0.6119180104949096,0.6373039072014323,0.6851285720132058,0.6937763843900702,0.6846907605808424,0.7657464659615697,0.7886886046040992,0.8076966182829155,0.8490630612680559,0.8850432208928414,0.8949736759511736,0.8809961307045358,0.8829128711616758,0.8796619834913071,0.8767776782362052,0.9003665515607865,0.9108196502500637,0.9255563468624195,0.9446328863428589
-0.24435857164687713,-0.27195436652540916,-0.22634099162491517,-0.16794229129243873,-0.18975341993738468,-0.1521384973566191,-0.11495184738312926,-0.10964508630543693,-0.01920993223914501,-0.005386643792628235,0.03646606431891073,0.10004415447625224,0.1177782700424518,0.15152501346289304,0.2770213763515471,0.28753098495564317,0.2945748729822631,0.32728362283575746,0.3720050792414912,0.43078710793238517,0.47843001663279894,0.5328354372179643,0.5788161512032418,0.5704578480823068,0.6222627203231482,0.630158155126634,0.6442804542437452,0.7002639100384733,0.7062256983607298,0.7113643201566356,0.7390714772376636,0.714857585571989,0.7088905844326824,0.7133752979421457,0.734692277383575,0.7598162533784207,0.7904551276517552,0.8030313267961395,0.7982456289906867,0.8417303491459505,0.8596910275199812,0.853968336914993,0.854486169015124,0.8593683962393629,0.8590751843917462,0.8563913998382735,0.8921085321868014,0.9003439459510644,0.9057910713562012,0.9394634966952544
-0.062275046646574114,-0.020682060940003102,-0.00020195693931576936,0.014969501690591946,0.08339414165769288,0.09450987438683707,0.09991204666821037,0.11438720075458138,0.14144209838523905,0.19374152697661548,0.21072726360250213,0.21585696467687945,0.2237376674469895,0.271084405469551,0.320698524687769,0.34327377863224634,0.3880066218916549,0.4227458731216992,0.44597774176056987,0.4774195617787402,0.5051112911430825,0.536690761317041,0.6019028344937524,0.6122447965633295,0.6645427302403845,0.6786099543213651,0.6958085619546018,0.7304359694231404,0.7296656833038462,0.7306176506396018,0.7532344399859316,0.7947823545661298,0.8117201116575996,0.8048996444648032,0.823111623845309,0.8590953021660344,0.8821216825617314,0.8713673147604041,0.8567516907794405,0.8342820029941028,0.8201081122229189,0.8358014580808398,0.8382307254514227,0.8279297196650695,0.8352599186201441,0.8380294997455442,0.8577364594187926,0.8507756238895864,0.8559155295246493,0.918781394445429
-0.08025847995812022,-0.014156963885965528,0.009867438404305382,0.03387616617819298,0.07313074081618481,0.09634675495247047,0.1074184760507899,0.1265355951164516,0.15906358357379946,0.1649489433331931,0.19222623358924454,0.23564592214005423,0.2455154955965116,0.2702959454346963,0.3032806933834196,0.3273633866323928,0.3576639392401161,0.3946600032596691,0.4190163424071185,0.4545763080301848,0.5014160353279685,0.5162239960784331,0.5556906124183154,0.5686553106883455,0.5916040986249582,0.5984979586085981,0.6209154077410929,0.6963176619630401,0.7112412030991425,0.7212039059055723,0.7441815471904962,0.7609524049813154,0.7722012066162298,0.7996178169983968,0.8259362417078882,0.8388114389105746,0.852092633350258,0.8723777379479641,0.9159395758182628,0.9329104019765222,0.8992741713502578,0.8666926094290437,0.8555458466084783,0.853657780491318,0.8564349872457104,0.8768137866505079,0.9128265145951275,0.8959466189484313,0.8858399834600533,0.8495100208201036
-0.09543919107756316,-0.071304914374519,-0.05549259426971784,-0.039780300145863375,-0.003859226538792825,0.0157439631902926,0.02176478400632561,0.03001876342844522,0.08731188616764857,0.10166913499729467,0.11150284648158183,0.16778629348842694,0.20141043093188768,0.20800321765747998,0.24659244468832922,0.2709690999114429,0.2838269108696288,0.33404113956813447,0.36077932332323176,0.3844143304178348,0.437440830658366,0.44881600649921766,0.4639651987224804,0.5033841761334418,0.5584971016932198,0.567343124297598,0.5841321154237912,0.6468340160198326,0.6600399371815103,0.673777237425719,0.7178602908559554,0.7344652999651341,0.7443293311196587,0.7492400014290349,0.7689715153823474,0.7994044252074514,0.8362283563226832,0.8409211048610359,0.8450925845823722,0.8632320295431021,0.8673928741818663,0.8695750704333274,0.8727380757345325,0.8907251654805407,0.8875949830917573,0.9003822269239139,0.9300920092546586,0.9406693673088228,0.9410564743706341,0.9622591055588605
