jsons/1312678800.json
{"header": {"parameterUnit": "m", "parameterNumber": 3, "dx": 0.1, "dy": 0.5, "parameterNumberName": "Northward wave", "la1": 40.97354507446295, "la2": 16.46031188964855, "parameterCategory": 2, "lo2": 133.9931640625001, "nx": 191, "ny": 50, "refTime": "2011-08-05 8:00:00", "lo1": 114.97908020019554}, "data":
[rows 22 to 43 of 50, columns 100 to 149 of 191]
-1.478144084323754,-1.5038054910113765,-1.3283363126561418,-1.2788369621461122,-1.02373871559876,-0.7054652354457097,-0.5366976411277655,-0.42628843334857175,-0.15078343331118496,0.06428145026784762,0.17567078299044817,0.3532280483178106,0.5319136381605079,0.6013501027967066,0.7090272469052732,0.8010339010994477,0.80229355919872,0.8150703231841773,0.7338639849885112,0.6544044372973692,0.6090392375773437,0.5306583327095987,0.48756404956275656,0.46362435902094423,0.41712759758644,0.3645550593263192,0.3431618387709154,0.32026029135562234,0.2379106167538953,0.21490526339385085,0.1891171482756827,0.14357408666583957,0.10716508397102069,0.08576530775572813,0.04875818314705949,0.04498184612308007,0.020819825618371784,-0.01836026626433007,-0.027304936503095383,-0.028337287510839686,-0.020578873879592695,-0.012954742188063305,-0.004834549495085522,-0.005477072780411598,-0.02716126124487639,-0.03012438971364648,-0.03890486762039081,-0.046775350036783944,-0.051943039287423075,-0.048084221223387194
2.922209911644014,2.610640859556467,1.665861492723955,1.520842136858642,1.305770036965805,1.263562297592958,1.1317224865282667,1.1838422904267543,1.2531095621922297,1.321676306235058,1.3598671038633252,1.3459582834288744,1.3888868100632477,1.4171138913915362,1.4825933395693742,1.4082210439400182,1.3469403455784439,1.269191582237813,1.1752691605848313,1.1342693356109692,0.9893930480806217,0.8641456643293678,0.8499522803330866,0.8412149561491886,0.7308690406173005,0.6732262876149885,0.6256998246753508,0.5795957072091938,0.5103296419899636,0.46859089005409255,0.426343973550655,0.3464100136333252,0.2822850347713722,0.27386749510812664,0.2636261115140667,0.25006573298644874,0.24098627501519992,0.22042255714227713,0.22881124890046892,0.22019942266813697,0.19896164506074301,0.19980220089726927,0.18911771280140194,0.14825194263063138,0.1351140600563665,0.11512801415608888,0.10399289679346375,0.099893388824497,0.10453070176154863,0.09442396441953142
4.078470218426254,4.015207586391682,3.749644652500585,3.647626685390376,3.4986277882913077,3.206660102666884,3.124919081913016,3.0245768485435525,2.811388636772288,2.68049209536238,2.550141053943095,2.4995613757515085,2.312934061178531,2.196581845839636,2.0784716475924165,1.955117454643642,1.7669550736642041,1.7059914320011482,1.6292512379873694,1.5402113642120643,1.5007255947574285,1.3057682840265472,1.186955310352221,1.1141528805394112,1.0164810671342839,0.9779215112668891,0.9550129265214281,0.8576103634988714,0.753002364422502,0.6877930776779292,0.6118148014812398,0.5678305922728651,0.5232410159870189,0.49702581359499265,0.4793730394506675,0.4670959144090008,0.4682739787308989,0.4906954510266132,0.49221340424839655,0.5219945184728463,0.5819750192688822,0.5955378176440144,0.5767244514353215,0.5577836798267102,0.4813642195095303,0.42245635973679235,0.333424226081824,0.15207696784727043,0.0762735651115978,0.051896794580272396
3.908824059473436,3.931786565597043,3.9805971479429565,3.925197042176992,3.8349872060140124,3.7090272518782497,3.6388002219800413,3.57832750907927,3.344409502469844,3.2530502294659693,3.185591053967579,3.0060929434286106,2.8420997451076144,2.69371937634484,2.649728908409456,2.5201197394080026,2.3747882171005803,2.2951080919320606,2.074844027823448,2.002805951645694,1.8528833459076264,1.7115440356750034,1.6618746743580992,1.5267855601044553,1.3732388760057324,1.3091531945584698,1.2275222733698377,1.1448034868663282,0.9914536022193909,0.9571304229313444,0.9084593441716337,0.8245206117311958,0.7747689399075526,0.6928027254054082,0.6031732863551822,0.5973084120697917,0.6125585148655323,0.7059928438188534,0.7400157194912603,0.79515904228129,1.1416738067230514,1.3047353333983485,0.8388838913637207,-2.194366614528713,0.3955778231765431,0.7078784089660082,-1.266256511696359,-0.7445504501279065,-0.5069123470997273,-0.14059306554832765
-3.899199906407905,3.8454364394288585,1.9754247939808138,3.2720479220102043,3.6776471646407165,3.751408825385981,3.682163714335203,3.6238660989526945,3.4931538652995755,3.4364033579523547,3.3271741752443487,3.270259511456424,3.105684549398502,3.0153245557659987,2.909872618725488,2.764583179843705,2.671926913323003,2.611452488817035,2.431391273495898,2.394026965944543,2.2827738878235118,2.189808187216499,2.0918167837315886,2.0471001582368897,1.844490100688716,1.732699788531074,1.6408573206378028,1.5705336456363792,1.5369919101412,1.4018310845147182,1.3157582055854544,1.1889871522666458,1.0919314478308701,1.0627125471744687,1.0504304435702765,1.0701473177587866,1.1100868029033328,1.2122596068871916,0.9744315516158474,0.9099979698522868,-0.31308200606931813,-0.20951431341505894,-0.028724222961639664,0.19525487047216916,0.2517301700721558,0.34753180308107684,0.36029291363087307,0.5148941957616833,0.49209854091282423,0.5382884575633285
3.6523889980261655,3.5741653361525048,1.746562172171262,-1.4075692952027397,-2.6743719007393807,3.195101844621425,3.4597237214444516,3.5572940268412454,3.485684221837619,3.4527375540334146,3.373249663417465,3.309575513429572,3.1817525184631714,3.103869590013261,3.0631870368664216,2.8949093891813282,2.828984137598892,2.720320402743247,2.630985114368012,2.566945428573555,2.5263699822376773,2.462433223463511,2.398700483082933,2.3750727868463,2.2736146365733654,2.203957335349148,2.1374723681096266,2.0374846997579925,1.9016662193419969,1.8350677076541222,1.7009590042530727,1.6295202075177744,1.566890347106228,1.4430059082425482,1.3850543974035272,1.3532686386412378,1.3446576394340362,1.2887848821836403,1.2578584637645096,1.212408908730684,1.166522760034664,1.1515777387721813,1.0874842774332278,1.0455225036802518,1.0134315040365494,0.9651984937256364,0.9286370089870211,0.9160141698382191,0.8992461099597765,0.8946857634642231
3.326532795936521,3.325789839845804,3.357386781810058,3.0731272021181777,2.905892078120629,-2.5066120691689657,1.474145302007926,2.52981856084862,3.2966309792851565,3.292093665146731,3.2532669566511405,3.2108506923226394,3.128543967174047,3.08497744273099,3.0191947815592806,2.925175501446667,2.8465777958361187,2.799617208303021,2.712844312040303,2.674694966663126,2.6114122472023427,2.56433829302642,2.561047691589262,2.4884663850397963,2.442613468841242,2.4121913924647282,2.3843518780162816,2.366610802994579,2.404903041007858,2.4368961431739073,2.46201956271635,2.2923903126020204,2.0139559364181707,1.9062872021482884,1.8674828625323694,1.6168231457486522,1.542025504915136,1.3859121692699394,1.2902792694186163,1.1624749604677274,1.0647238352149462,1.0242976478763721,0.9987317002962699,0.9399942604926513,0.9278921394043119,0.8900303442971863,0.8785282237063464,0.8784688810505678,0.8833247186372121,0.9016777656262044
3.0634089406037663,3.08091489497542,3.1154547336548815,3.118847954432154,3.1151375519639686,3.118701623348742,3.0315431602834457,2.86445515552389,3.096427318368622,-2.374648538403596,0.3233907880576292,2.2833324063827862,3.041497663406661,2.999218880282409,2.987865490480206,2.9404466542644756,2.8995233081315863,2.867857568492846,2.8222894541703663,2.7991891743921746,2.7841932900669417,2.7404159370599115,2.728891341663244,2.721461934332936,2.725749537633503,2.7335439423259187,2.7426179766715353,2.5704365331790964,-2.65390795663771,-1.9143945541489638,-1.0140402482683046,-0.2854121144363266,-0.13801748182029142,-0.0031748977276843606,0.2361750505058788,0.3263877635810277,0.5221657681905459,0.621789242207761,0.6983820185617088,0.7531034965452859,0.8495847399821285,0.9351011152452855,0.9654033588519569,1.0235907480669042,1.0588326293948829,1.0674046093667584,1.1037931920942317,1.1306698744569224,1.157596297448879,1.199421101615359
2.826151679037942,2.8297911609988637,2.861889404003803,2.8879886365631897,2.8767793854188795,2.9131893081887714,2.9064305761661307,2.897201588707517,2.9088977640344997,2.8291933343268427,2.789433795602175,1.6397974171104113,-2.6095916474381666,2.8606130653132937,2.34317382902868,2.833463380763396,2.8012662860347746,2.7900020845952223,2.76469963456975,2.7606366491328544,2.7590625813238567,2.7191812084818134,2.705201366612321,2.716487857660955,2.7090446238184676,2.7284001998440788,2.7113718719195132,2.6795135060781736,2.4389391466561587,2.307946244229429,2.1466396894219386,1.8994702999523365,1.8432414281056058,1.8310303096258167,1.771664478074295,1.7438481937246824,1.652972964975114,1.714721778734067,1.6652789198281197,1.6455770762858515,1.6366829178554212,1.682154130644679,1.688397747084234,1.6526773211080052,1.6515997589436893,1.6610528928389658,1.6779797367750195,1.6731341459987576,1.711268996254054,1.721565365056626
2.5957864324882007,2.588625574765631,2.6558334163052275,2.676914966671527,2.6650602933811816,2.7077611403492163,2.710974607087395,2.7157084922878774,2.7438995666491213,2.7356622122176253,2.72834166061411,2.7217290837621366,2.6116351448254616,-1.9134845701620895,1.086730446123734,2.706858079850732,2.683783764380934,2.697430395867921,2.681819358789457,2.666734104027178,2.646205064775508,2.627321904496661,2.61104696549012,2.6060924399820986,2.5873414428613426,2.583358458418615,2.5836406854367793,2.55593745726757,2.52511226337736,2.5241811423427754,2.519473523215722,2.5316012950008497,2.5551139093472592,2.5363626183448242,2.526913916715107,2.500884314391869,2.518250260060594,2.497190905672273,2.495442253514492,2.4921826461784184,2.4365953616017757,2.4395552601183743,2.4121827215288834,2.3987130708781628,2.391802150527607,2.377928588477077,2.370080966681489,2.351693584351422,2.308643270804303,2.271237407184979
2.474628676906885,2.485033766147297,2.4298414549730363,2.2085714735789015,1.757582928501265,2.2780713685238445,2.386180114238056,2.4619077137242114,2.5337979176956584,2.541447912540908,2.5477166617384186,2.548016555209706,2.5634596612097886,2.560222014601601,2.557900841741325,2.337028572588312,1.8030779481438215,-1.03724804365387,1.1573826269814573,2.1639117071612395,2.4116936836640672,2.5033799414237716,2.500864738954305,2.5052048771839885,2.4872144100088893,2.4796939669828357,2.5096067384518803,2.5083745702268665,2.500557461291949,2.4979321337624265,2.511066231793705,2.5001594943581087,2.5078292947816774,2.506932724232924,2.5055213669857554,2.5043470005940454,2.48822336634343,2.508623018693413,2.5172592449987867,2.5295080640383794,2.515812560410713,2.5026017786641375,2.5046058512857923,2.511834793869521,2.5178864723835077,2.517972841606407,2.5014789915972973,2.5052867314609144,2.5052675097232617,2.491127372206011
2.3233502852197687,2.351281146915336,2.4876251300604095,2.366632421919196,2.355305064258544,2.412046109113982,2.4036455283912135,2.3973493357977578,2.40708911120571,2.409360432662847,2.431892524949113,2.4287140844252,2.43345155985513,2.443544834954299,2.448281526768552,2.4581705537982894,2.4361215494062365,2.3813454215303644,-1.1248466979048481,1.0392396161173094,1.506960475762964,2.238206123938929,2.3449517351386064,2.3823295466925147,2.43054358733462,2.442744217757829,2.4429398043557127,2.44610007773403,2.4259631612249017,2.4136496683211006,2.416674878894317,2.416207760883332,2.4263885417636537,2.4278340052986933,2.4278072630995315,2.4412806939176197,2.4432719969647048,2.43391694972736,2.4410825732964154,2.4655687442974275,2.4574821844725836,2.453257353222815,2.456086111096496,2.4491489801277626,2.454037238261916,2.4607357378873913,2.4603909976013796,2.4729177959421835,2.477293980820149,2.477909912689498
2.055642125633438,2.1242472321167436,2.2467269332413657,2.2884864238121914,2.2884059425322154,2.352345315704836,2.387984292043167,2.363239302168503,2.3978687853949348,2.4220109685778137,2.4083555187704127,2.4044759872660397,2.414996171615746,2.4020312938771284,2.41092028606458,2.423358199051579,2.4127020011410156,2.419247344061702,2.426724953857492,2.42872885086891,2.380901836870653,2.082272707455564,1.7128416055580356,0.17404691946206033,-1.0470638813854152,-2.246253600128999,-1.8981480078124529,1.112650789134923,2.0154856437811692,2.354323049076561,2.418746617546801,2.4099140794564557,2.4094246467497227,2.407352145921773,2.406621100473322,2.4057820436282547,2.4012653350789623,2.3976442662516115,2.4029803597464467,2.4096567403005236,2.4112494335576122,2.4137494317373487,2.4168345083076126,2.424053276340602,2.4305489332002765,2.4323901548199145,2.4384962673453283,2.442260912066057,2.4507410571691293,2.4580919896457054
1.8401585840295762,1.9064844383449417,2.0301302421300913,2.0781849853900107,2.1114507436326893,2.212181279650388,2.229289012839437,2.248843275518679,2.303165737041612,2.3199712609821215,2.3232633028276677,2.3273341113671706,2.3828784744217586,2.380607420736116,2.3842162188779485,2.412744011481311,2.428431309710287,2.4351081691566288,2.4471661970108554,2.4585022402345045,2.4531498772951212,2.470390428155302,2.4754187221536386,2.473902996618588,2.47953948095307,2.418154053474004,2.0460847159231252,1.1790951922246362,-1.4906943880535908,-0.23858474760266526,-0.9755306724355591,2.453053341603357,1.6860810101060126,1.442424441100217,2.2888506666146187,1.8494810357368219,1.8897942783448902,2.1933731922968347,2.271785415934539,2.3610670155933096,2.4234683644876394,2.417800231822998,2.3749943642971125,2.3458444486201597,2.330855735195184,2.3383585160802314,2.3474031651004643,2.2798026931952213,2.4141923420348146,2.427206773165928
1.734325826027734,1.7752943371915229,1.829624692835124,1.8742975536327162,1.8893083047712411,1.981147955216208,2.0155237584029506,2.0291184033455214,2.072738430651789,2.1224597652197215,2.1508396478449288,2.1559787205634406,2.2213966544455546,2.2146771676310237,2.2472020283130756,2.304995761407696,2.3238491247191955,2.3492157234819486,2.387192376574813,2.416145358293184,2.423893758903255,2.437952761984924,2.4577903399696264,2.500727925993709,2.528439774004449,2.525214997658618,2.503606290006622,2.506716034529234,2.5148199215176703,2.4955175065086697,2.4894324641070416,2.4441982159450215,2.4605809062867774,2.4759539477136614,2.241724102918353,2.1844741245806167,1.9888726332993052,2.2030479090684825,1.240864577896111,1.2203420553236486,-1.2155358063156971,-2.243962702775332,-2.3511950307894867,1.3487458802681618,2.409631536241297,1.5030170020774802,0.48156556128247413,0.9377169055703862,-1.4157967166518302,-2.3150094673012327
1.538948431953761,1.610827528773275,1.6986020463170937,1.7303854009100414,1.7538163472129122,1.8431045988236023,1.8690889852596722,1.916741074226529,1.9829770189972475,2.025279821180337,2.0376222884618675,2.0649502446352335,2.114816027888324,2.14869143545508,2.2118980405721085,2.252548111815994,2.2542526306159223,2.2605052216209844,2.310264346554777,2.342883679454934,2.366083734382088,2.4406496235423876,2.4476043888832164,2.4600462430568206,2.497685133606997,2.5060964308273657,2.4700270966967404,2.4660532735554668,2.488888673674804,2.4812659318013672,2.4763464294395194,2.48163927284686,2.4934404514067205,2.5059624223940813,2.496263169341276,2.475407025556637,2.4709624049613157,2.467794517719905,2.4597693969743486,2.4521662894890115,2.4511330806824665,2.3929020939052053,2.3612013119910857,2.4303851764381466,2.4244429309285347,2.387757799195348,2.381283787627976,2.340697253633597,2.340338200778392,2.3663365928314155
1.4229442066591969,1.4748120551811348,1.5839822976656108,1.6009513026965185,1.6209969390054673,1.6673381893389498,1.716835243645253,1.742772656236879,1.8448278864809817,1.8556034144750255,1.8744593009223824,1.911543854180682,1.9420694468010453,1.969953448227444,2.0008609361483503,2.044700347909231,2.0680827661127292,2.092807075382368,2.153969309298297,2.2047414008570976,2.2598276926461662,2.3144451454891417,2.342143405878686,2.3360018833208227,2.369499768343576,2.375430690560823,2.3562550964979705,2.3570891542855166,2.38686339612761,2.380633217860698,2.378762528340598,2.400936325839013,2.406128298352744,2.4150727916989205,2.4283144138795985,2.4163912225794406,2.4146902223051203,2.4271484150224625,2.4288469448851266,2.4201945109126544,2.420757463062384,2.4206837303748947,2.405840785845736,2.4068509361884103,2.4056487300325213,2.39987062963227,2.3927364698143707,2.385076028370983,2.3688379408529032,2.3653709584002525
1.26747599216337,1.2782309289394824,1.3779219357775971,1.4173280137941682,1.4508358937722294,1.5594242682395678,1.5653873199640655,1.590798925571635,1.6643276997160934,1.708094438568057,1.7104566978109594,1.7396080946639056,1.80363918988996,1.8358405387931689,1.8614802227654348,1.89522744773807,1.9115730237402013,1.9373932894607806,2.0092060029158993,2.0380488393998704,2.0649957325816777,2.155435148648749,2.1679419514066836,2.1711403701616008,2.2102981096635403,2.2288115379970628,2.2207636833705537,2.2311484739138647,2.276284725345788,2.2957487278574544,2.321990865357181,2.335674559554174,2.315883030651193,2.323613630547784,2.349448253406904,2.3476146873378294,2.3454634289832716,2.357003529160702,2.357490733350107,2.332743015516856,2.333923969272756,2.344353674133582,2.341646872960625,2.3527272186001684,2.3552020887519003,2.3435482582345157,2.3289298640007527,2.302626229426479,2.2753750466351637,2.25506306429496
1.0987827828061971,1.159931618443166,1.2612832212143716,1.3173330881075365,1.3243090410995368,1.3927862514831735,1.4362089976697132,1.4909701801253805,1.5363943213660092,1.5712647278384595,1.5997911047999764,1.6154546302842034,1.6560516468797442,1.7057558194425062,1.743355893079586,1.7883998380045576,1.8162179112461825,1.847001930894771,1.8807240633823656,1.8975376904878927,1.9398703806293698,1.9694712483375978,2.0016369566140546,2.037230070117756,2.137168439395107,2.159788802465834,2.1535019392885903,2.157707687300535,2.1858929127668056,2.1752377508396536,2.176589184686034,2.2111700771804967,2.2076396814902743,2.204460447268652,2.2103450772539315,2.2201724027749252,2.2242656517625057,2.2389288523376316,2.237869313546972,2.2244802644690105,2.2566406087323125,2.2624453362183616,2.2564364127276195,2.2258529814217836,2.2124312652649607,2.173821280026847,2.164777699170318,2.1603724073126167,2.141990386225313,2.1123501620339136
1.0996275453121005,1.1082442871704103,1.1912322927464898,1.238560404785284,1.266224704855767,1.315431228694749,1.3480466633115247,1.3751180234085874,1.4512558743182902,1.4989512339440243,1.5120025199110594,1.5261916490442171,1.6120750626524216,1.6444569668866542,1.6663138125928376,1.6988602138746163,1.7173333362551646,1.7327282249336993,1.778729161827452,1.8041542679013671,1.8129085065210813,1.8515707235923256,1.9096281005023275,1.9491076548776802,1.9717681500328772,1.9930218884376583,2.012754660697598,2.027201725782799,2.0474008288863277,2.0454523728122473,2.057790963013029,2.0697749611728025,2.0698620612358978,2.063699668306017,2.080612451440186,2.067345318341068,2.06808775567351,2.080372111309617,2.075234211321541,2.0639640105721173,2.0593097017384605,2.055487981556049,2.038555827123871,2.0223202356484395,1.9906152030987736,1.9312979729775932,1.873777530670069,1.8898196689105344,0,0
1.0412832130380067,1.0907886632662087,1.162944340708077,1.1870015135286252,1.2149792100494912,1.2549753231784226,1.270114170736598,1.3001296202337806,1.3143076511524265,1.3446803548374455,1.3943832115964023,1.421944382941636,1.469045588573145,1.5071910700166673,1.5636014171242547,1.601854093987036,1.6081283059235474,1.6357165362685726,1.6567439296792466,1.6737924262758275,1.6984323095295664,1.7288614148692525,1.7531914308929508,1.777365763384662,1.8592307364392242,1.8856493591179506,1.8817944524797838,1.8933825008093175,1.9043709389058685,1.8974784754022485,1.9091465971804613,1.9296801885892494,1.9177040477836713,1.9229121530070654,1.9257160576189951,1.9173813526724126,1.9221439487949687,1.9187772070122515,1.9021664302177967,1.868293628817574,1.855144033889304,1.8307287889793404,-2.633961716309575e+38,0,0,0,0,0,0,0
0.8562775142789972,0.8949807136436937,0.965964799633566,0.9895679243296546,1.017013463292726,1.0917605829800618,1.1027999570469549,1.1257808759277157,1.2129441108520536,1.2424308093766674,1.2838853168463766,1.310630803641781,1.3723543443850799,1.3755228593154736,1.4031372245807592,1.4386658202696787,1.4636296897960357,1.4849228887061228,1.542492056698574,1.5641675216806934,1.5708448411367553,1.5947852740501482,1.5969489748149415,1.6073286657076564,1.6718003874214276,1.6912878261775426,1.7070967143645817,1.7141557823355278,1.7313326904532784,1.715282350801078,1.7128833833123822,1.7170955177286085,1.720704426297981,1.7179508460735633,1.6815405167138497,1.6310691406984457,1.625697980757555,0.5576591325584984,0,0,0,0,0,0,0,0,0,0,0,0
