jsons/1312700400.json
{"header": {"parameterUnit": "m", "parameterNumber": 3, "dx": 0.1, "dy": 0.5, "parameterNumberName": "Northward wave", "la1": 40.97354507446295, "la2": 16.46031188964855, "parameterCategory": 2, "lo2": 133.9931640625001, "nx": 191, "ny": 50, "refTime": "2011-08-05 8:00:00", "lo1": 114.97908020019554}, "data":
[rows 22 to 43 of 50, columns 100 to 149 of 191]
2.115186218101615,1.7976713239940263,1.294817228414597,1.1717148539758981,1.19443382782308,1.1093993619844111,1.1706257260620685,1.1505797467012664,1.1695053596094738,1.2033058898721816,1.208946401902005,1.2514457809683126,1.2199741161879625,1.1997680442604386,1.232415017964059,1.2455776036468846,1.256118675417424,1.2815314166881853,1.229660987091814,1.176521533281963,1.1183214015103815,0.9760321882250005,0.9258175960154826,0.891841447147585,0.8812660546751964,0.8784085237775714,0.8914338664096477,0.9191212892581947,0.899570743453491,0.8761522443572832,0.8415827544425337,0.788296696426781,0.7316795715422164,0.6859644482713904,0.6165712381312477,0.5841648005179381,0.5293579914237055,0.46492877014397516,0.42632901967901843,0.4012685206123859,0.33447468589637713,0.3281626620887784,0.30561823058713283,0.2573670415102536,0.22798598703423936,0.2121511416849723,0.182333268110841,0.15795531729800627,0.14253999487781943,0.13242819164142544
2.7019331939520033,2.602076179187892,2.2662387612148858,2.204800786560089,2.051458331625561,1.8975260153151488,1.762883336245405,1.7215367328434874,1.6057573362221134,1.5947584135309343,1.5916694417375163,1.559834193127012,1.571952225251292,1.557085423418643,1.5810272075960394,1.5297587600393294,1.5145855745346057,1.496960181645335,1.4508803363962544,1.4294811803093752,1.3317612391041447,1.2024306364218726,1.2349300068478402,1.2627165924711194,1.210211912545437,1.191902621655126,1.1713568105531111,1.1320351285235464,1.0733326292415806,1.02675343106467,0.9916846406938611,0.9297397155023365,0.875726657103938,0.8598421400053549,0.7808964095123055,0.7224701189908812,0.7053382403002489,0.6389108261111839,0.5971099275544858,0.5805857278403939,0.5258651781181158,0.49961181984156566,0.4701715181039951,0.3972608249158979,0.3657084741756124,0.3328253860887253,0.3148320299286082,0.29923037381167283,0.3030280356093725,0.2842263048544943
2.9193083917062967,2.8946230395938475,2.7597944109490236,2.718913125997892,2.645408841048862,2.510720483095241,2.473095713369953,2.424106833224334,2.307778529353813,2.2453735154112806,2.196208461503952,2.1765576967115203,2.1332570299580147,2.0946704157974416,2.0618158254603713,2.026672983158383,1.967958569922285,1.953703587352233,1.9243990885428823,1.876827155404015,1.86979066442701,1.756170829034837,1.6813422964255824,1.6365057004429224,1.5620255290323593,1.497068144976629,1.4624137349943727,1.3949876169144069,1.3025364848278378,1.2366315724734205,1.163051589703418,1.1174959567618035,1.0619860557290226,1.0203599516302577,0.9598557045693942,0.9246973370548053,0.9216416313946639,0.9273185280878544,0.9156153446161036,0.8878944727474948,0.8968999211735826,0.8749460778392518,0.8317026144680143,0.7795855997477206,0.7045141460990453,0.6543941509524958,0.5764231435515481,0.40881981576893983,0.32080975056396765,0.2946938579376248
1.7711713034438792,2.6814990014668942,2.8835641657993434,2.8517137104991943,2.8118869985262633,2.7455544712389077,2.7069445506112877,2.689070806174758,2.579308011359815,2.5396809409115653,2.536732511986235,2.452314691145972,2.370240534662932,2.285549842394348,2.33210036836556,2.365240269694965,2.3460008402757815,2.3191481268383694,2.2623688467371825,2.242355318069725,2.1794465480016907,2.1231366618081067,2.0855196596389227,1.9876400325346981,1.9006489036560987,1.8602366460116755,1.8014226769032322,1.7338643990165903,1.6010926449618894,1.5566119377044478,1.5095734240581842,1.4119190814956082,1.3590663009036454,1.2949014757535438,1.2210476144621558,1.1856096883712097,1.1639701552649373,1.1586039534589672,1.1568232494540658,1.169767621120293,1.3664306138504692,1.1404217136614496,-0.08328571736733789,-1.9100128649732349,0.5041138797420988,0.7251125554037916,-1.1277393254394317,-0.7699901998641655,-0.4965080134085423,-0.18231811123581135
1.5430489056160825,2.86694044449636,-1.4281016787096865,1.630397036766897,2.6405103208744265,2.8749512289148367,2.856785110533659,2.851861484060134,2.7976389749429234,2.781562309076128,2.7461627764254857,2.724361784942287,2.6445045336172073,2.616444746706659,2.5679908858557825,2.494079887046458,2.4590589334056725,2.4276208270956685,2.3504292490189322,2.3313908140490147,2.276868023193061,2.237141705600665,2.2029394751641895,2.181941517944659,2.1324891755810897,2.103232215791259,2.0821353688546558,2.050523922090352,2.046505532297216,1.954137734404077,1.9067497243889848,1.813372137567915,1.7213729896296877,1.6819688795451093,1.6379279353537364,1.5920352578807615,1.579476910001425,1.6038051447728086,1.437719528382838,1.3563654933767024,0.4089976460507381,0.3606200389818023,0.32770516407219613,0.40007834744955345,0.3939029410594693,0.419733527628773,0.406520874033043,0.5088492131579367,0.4799465331859999,0.5419645289011639
2.7014578705187016,2.710243875336602,2.7280415528638926,2.569608622594101,2.14227378165223,-0.5738432337999081,-2.0157698268160016,1.480558620861163,2.5225912227216503,2.747881324185938,2.7315721172316403,2.702619948280875,2.6411171945439866,2.6152633134068313,2.6035069726385895,2.5114211620607025,2.49094870958367,2.439017960642464,2.3899097032199403,2.353405039756663,2.3391615197850815,2.3091777554179926,2.283475507277993,2.279828306337532,2.2544004066265724,2.245477923885057,2.246851999445898,2.2440315409777134,2.2155456921135643,2.1661111798784582,2.0631471452792325,1.988481181927626,1.9466115365320842,1.874297060469449,1.7835215892785177,1.7207477647077773,1.6918514901507942,1.617625988204011,1.554172776978132,1.492316249444549,1.4161867978850333,1.390019003047244,1.299266288848422,1.236975079789615,1.2064288836056098,1.1495139442504896,1.103119394935007,1.0761580135212634,1.0449458019423816,1.0276551804532121
2.5376485539791918,2.5439983602053675,2.5808870752229245,2.5967929431698606,2.6055598676482443,2.5461523368662293,2.5784312810251087,2.434033700441221,2.2661652428069576,-2.1571343980357613,1.2031271300641553,2.0574684399252607,2.5927810793632813,2.574236676743385,2.548691816154261,2.5102411603679977,2.474838501280261,2.4527976872563433,2.413987293156207,2.3962237453738027,2.3648202051332934,2.355524509832042,2.3713085896097263,2.347887244320821,2.333869157762857,2.3210677489736327,2.3065810598982273,2.3140935151961934,2.33447283985695,2.3559394508476172,2.3671952316591205,2.2814328635887113,1.8086437902846404,1.5229609108874447,1.952307935901028,1.9609541763348162,1.8969397588005146,1.7676092225177162,1.6854540621021772,1.581927643758804,1.480400163391403,1.4056212617093646,1.3436206465786333,1.2247852721033452,1.1868146094808134,1.1111679173343478,1.085684030586751,1.0252553175537131,1.009039686463812,0.9806086297384095
2.403193345894556,2.4207533521920537,2.4480353893497213,2.452432726143962,2.4547147475773583,2.4734832244415936,2.495542250659336,2.494334068503672,2.514685883000924,2.147179471562585,1.4976447913045496,-2.219776991624433,1.5707772713577774,2.1957596014961056,2.4343091981316123,2.4799223763002356,2.4720418741589674,2.4666679285084845,2.4565419546651843,2.460291268525829,2.4674358104387797,2.456914748340243,2.459417824771899,2.470755490041262,2.4908300520071243,2.497397609451194,2.236148627441163,1.419872174968294,-2.134350826891341,-1.623103876540342,-0.8451907813347462,-0.29250694354092177,-0.179674230228579,-0.0871649897639258,0.07797222072825474,0.14182385491762564,0.2759620375048048,0.362817508000882,0.43777032438125885,0.4924927348269995,0.6313079697446439,0.7173443723517192,0.7369602392082016,0.7621309229906797,0.8073929744937094,0.8202544180787169,0.8478887504216323,0.8784257517815652,0.8910226065336404,0.9046433938185225
2.2774832988861475,2.2808621993102673,2.3077943664741114,2.332652608473592,2.3402594401741372,2.3734143751647028,2.378335428587997,2.3850653246928886,2.402677155155485,2.4030708818207978,2.4106058928597935,2.409585760696391,2.4085244560134234,2.4068056069676804,1.8046984904419239,-2.1745392938664465,0.9768609658650538,2.229803210671538,2.3957781943347833,2.404061362505993,2.4092042550553114,2.403851375334742,2.4044355456145894,2.41663487242475,2.426779705490559,2.4436974745552074,2.4300675522022197,2.4116152612430977,2.1891772195910764,2.0071228602817905,1.8085085400805834,1.4914627709172148,1.4135347456024798,1.3881413869683037,1.3013574515504691,1.249318825871522,1.1226687250488834,1.185931246383627,1.1384368491438697,1.1232039307178547,1.1042981941722478,1.1238780699170683,1.1271062647312442,1.0902620676297725,1.07510023460749,1.086781240504538,1.11830275996549,1.1087630649760212,1.1593684485599143,1.176357831945413
2.133654021116674,2.127962171487924,2.179567545577393,2.1877888534596113,2.1867571757487823,2.2430909230440226,2.2570245293751094,2.2780129036940924,2.2940029740026793,2.290900305023788,2.2991499259384525,2.3018716171947693,2.3154935572916755,2.320233102121933,2.3267955900325092,2.339184840976567,2.3281411447468265,2.1736719065772196,1.2842818582679132,-1.6891857933339225,1.840990635367423,2.30644527097147,2.299924417175899,2.2989927401263883,2.302506446350052,2.3082192557757706,2.312204752718655,2.295797967203229,2.283464394941551,2.2792299316218716,2.272934229545749,2.259364858002435,2.255044102970415,2.208044309822664,2.170164343511971,2.116186054086294,2.0954214190746225,2.050969350562944,2.0249052507625147,2.007666909600655,1.9349296800577884,1.927714730008231,1.8873029238818193,1.8589984509571296,1.8562966886155674,1.8408568981024749,1.8355819290249529,1.8200964002610445,1.7817331044648166,1.7403082671697132
2.0785676698280713,2.0865757114007724,2.0013008527457945,1.8059340345934485,1.3641879714496916,1.8582149368174241,1.9645669650310462,2.038580617993372,2.112233686774886,2.1344615305027475,2.15752206751667,2.165122830425125,2.1830040108344946,2.1912015767887096,2.1929954832631946,2.2073724735021676,2.196621480346693,2.200384448273828,2.2018827702059025,2.203417532091129,2.160995256996645,2.038826964746988,1.2212727862735349,-1.1229989557758704,2.0600444395779376,2.2017027083225122,2.2186548514260136,2.219469081774742,2.2138481956838425,2.20686687062105,2.2034957365907326,2.190090333530874,2.1708432951411525,2.162471994398691,2.141688345866964,2.12576770704075,2.099356388152145,2.1054781954830437,2.0989228868587335,2.094095450372367,2.0782057463817787,2.062438751482753,2.0631665513271886,2.0725126738305133,2.0834560257176595,2.087058876593613,2.0799972299614646,2.0784323385404306,2.083539470944921,2.0774385387069416
1.9694599881351025,1.9948016851407122,1.987448953450292,1.6754657500871306,1.6987382389501458,1.9594161221750384,2.026150727457828,2.032133660618232,2.0341505003858353,2.03689754905704,2.059588616072844,2.0650728068597695,2.0812086573722786,2.0939835014805954,2.101005448815716,2.1095952493210843,2.111490288916265,2.1132328446054753,2.1206591758037616,2.123174017442601,2.116789157443551,2.09092285560898,1.8455196998222858,1.3856952224096126,0.9891956460793089,1.8791689554114732,1.7629758362887535,2.1177916071335456,2.1133440601237954,2.101202244622992,2.0983960870802543,2.0922352695883806,2.0893681101535875,2.082220228216946,2.0761519557091845,2.0761118513149706,2.063055805968532,2.0486372276286646,2.049147008856551,2.058113810661838,2.0511598963872966,2.043589857807015,2.038932114420403,2.0328019999556934,2.030443481518525,2.0264383925388256,2.0233066329878007,2.0290689576529672,2.0418440426813267,2.0442314063758826
1.7674852565985164,1.8236933320443232,1.9275658328215364,1.9694928434358705,1.9693201154168125,2.0076809465966856,2.021044647135005,2.001602265552354,2.029008381966654,2.0376639216151324,2.0355583072004175,2.038581043012191,2.043432709042293,2.036262363214361,2.032103066722008,2.0491343612781314,2.053142751393542,2.0609023045539603,2.0656464430899,2.0690390182643377,2.063704812893772,2.0788244210417077,2.0885767704239204,2.0850192429012497,1.9332643106474718,0.9726415040839882,-1.5464153708536033,-0.28792461976310474,1.4587802410006934,1.9544773314234873,2.0550025633116547,2.0519825272724455,2.0429673058910263,2.0397881748764486,2.0348373719232278,2.0262002328986495,2.019967683243146,2.0116244277126136,2.0101752694268047,2.0097106578858366,2.009991643871632,2.010486070540353,2.005657512077579,2.0086552740662893,2.0153455626103454,2.0207247687120633,2.02148632514564,2.021410024335714,2.032525111724469,2.0409569335797677
1.6568074236196129,1.7062418234982608,1.7861556270061563,1.8180872080499149,1.83035595772948,1.9117822840553516,1.9230592281371568,1.940515457605088,1.9836201193808873,1.9914354583968537,1.9816388561778333,1.9810420940773028,2.000389078856591,2.007542129594154,2.011644774133903,2.034341053633212,2.0438362398125167,2.047975394648124,2.0602798542270593,2.0627572116451525,2.058803433952451,2.0714853509643154,2.073349023133802,2.072492349473715,2.0696638260567095,2.009545457106258,1.7009317308396592,0.9731180147890692,-1.0661601761209607,0.07354407287346874,-0.30549112181243593,2.058734155469947,1.9726514922332177,1.9775686913159138,2.0423228551811623,2.0391503285156176,2.0376813014520017,2.0318058495884035,2.024678241048883,2.017478060895416,2.01971282049179,2.0195386822692942,2.017288404892431,2.0155571856750583,2.0118911985001207,2.010381962124709,2.0099555553726094,2.016005230799154,2.018928618572581,2.0187558593751835
1.5862064129993798,1.603663493397133,1.6394391009276243,1.685759138242157,1.696891667774419,1.7743797073811591,1.808652434974039,1.807371827651086,1.842945442149507,1.8686700437939592,1.87601770636921,1.8774864360954182,1.935392290747774,1.9376953862292738,1.9474247407243652,1.9719124688024552,1.980474932221359,1.9912627227014084,2.019607474225566,2.044967684459067,2.050801818539403,2.062853856341886,2.077491679845565,2.1051034006713953,2.1156473837731484,2.112092769374502,2.1011242732535487,2.1021986617625448,2.045846539465872,2.0057802159869045,1.9966018970780663,1.4312271141004314,1.6721266306988316,2.045500005792686,-1.7326030564333978,-2.0635211686405652,-0.956937998590094,1.424445002336467,0.8764653665279907,1.3872217966088138,0.9668158279102003,0.45536523794169614,0.49207494343187547,1.6858070738111794,2.0331960876572936,1.8527272007760425,1.6975615038984828,1.9594342073378797,1.814899031331279,1.908406506406394
1.4622702719612057,1.516467482679675,1.5935533841419556,1.6226349222229388,1.6481049734168483,1.7324398424321488,1.7494901017956257,1.7625954431310515,1.7969711606782304,1.839796579627463,1.8548289587081805,1.8755719491988905,1.9162853436486065,1.9171439008468156,1.9316460723348865,1.9492364782225358,1.9737291804247394,1.9907336726753615,2.0289879428473,2.0437484414610787,2.054274342004788,2.112901039789243,2.1227323018263986,2.1180264835093996,2.1321923964276746,2.1383336664588044,2.111827469848442,2.108650620436781,2.1280835894290604,2.1209900481749804,2.1107908072813784,2.1095417236133436,2.1075618642411813,2.111137817100367,2.1033682964932687,2.025164132935514,1.8766025474135308,1.8270381976037733,1.7684402500845402,1.8844120187293878,1.9646233640694357,1.647182378445836,1.5304871106899158,1.182401734000965,1.3414828408055652,1.5058235247604925,1.2107346334776727,-1.2114099096119473,-2.0555519811801393,-0.6750267067638274
1.4013763072887229,1.4390187069068916,1.506891519128964,1.5269440675875,1.556920402776965,1.6021236534012662,1.648643126947225,1.6691123287018663,1.7413918401609754,1.7406651190942175,1.7567647688793475,1.7942181428734743,1.829333275794234,1.8139051455465127,1.8249870743700354,1.8546704213531324,1.8618502774107546,1.8814574999997096,1.9256836889973805,1.9655657709217425,1.9975548088201922,2.0373501040325874,2.0577875630143088,2.0464688475241526,2.083055333423023,2.09702364866204,2.112026445511318,2.1178451915357988,2.1137253992824694,2.0927440324781794,2.0929797579011478,2.105295815093439,2.093466380917703,2.0930384995821063,2.096443630526811,2.083214904444677,2.0810445063235283,2.0859398403591505,2.0846449657015653,2.0740842363166316,2.070042088910325,2.070410153354646,2.0706277635129093,2.0725091865201906,2.0734420350866998,2.072568862060512,2.0369590719793376,1.9701065519218481,1.9537423388867663,1.9643291549920954
1.2872874656873146,1.3028206035930001,1.4060399848717582,1.4450564563144936,1.4646101048136098,1.5408241178573865,1.5465973309021241,1.5513387594852635,1.5977340141929077,1.6298235162416994,1.6269894904940525,1.6392540979494723,1.6762848788524145,1.703695557376467,1.7222492306220802,1.7574199864474742,1.770415495657919,1.786590839222405,1.8319152378106545,1.8547257788244176,1.8789804586267214,1.9501770116733832,1.9558801344972834,1.9606021991595433,2.0030041462145336,2.0294145367704677,2.035939188591272,2.0362966939753684,2.0615535175682997,2.07013246183173,2.0885647960605507,2.0981558911050566,2.0735892403488485,2.072064517522811,2.0926732939416692,2.0920895667329376,2.0824317968273136,2.083901442578036,2.0846612272835627,2.0861838749540103,2.0894363995120506,2.0866670644358782,2.071373442344574,2.081844300522462,2.0923047050358794,2.0889480811295074,2.070534441887145,2.044540205679175,2.025138200442365,2.011890169217244
1.1702877645611816,1.2023580816619286,1.270033356833284,1.2982797905807273,1.3027639388200565,1.373626730006836,1.4107730714206292,1.448448174077664,1.479056297482188,1.5197502226312591,1.5502307619205324,1.5790697373253804,1.615227203251384,1.6429777792474523,1.673991236277867,1.7078441488528235,1.716492065796081,1.729216661546488,1.7591271904382344,1.7797287071664243,1.8190446976084615,1.8471552274057617,1.8697173164518457,1.8906562517528351,1.9736940404919272,1.9955637305267004,1.9871302802773747,1.981862684378135,1.9873514224249533,1.9580353335085243,1.9561919451631504,2.0058902754722974,2.007762780110293,2.0046385686324615,2.007382672184755,2.013709377361589,2.0167017862581265,2.0272237579023553,2.0254556487550417,2.016601727442398,2.037389067348228,2.0380524731887526,2.0313249203937778,2.008462079091829,1.9977081900833618,1.9651778483874554,1.9581846677834347,1.9522463241325545,1.9310371434431914,1.9013135944988109
1.1179377734793456,1.1128703144004364,1.2106410355151223,1.2549632984749672,1.2828257241249108,1.3272226078248208,1.3584850959424817,1.38479799861209,1.449160836025645,1.4950341767333613,1.5122107071855562,1.5197620311328568,1.5962497812200107,1.6274305056110117,1.6470021830713872,1.659383283013091,1.6621965487618537,1.6750007366775406,1.7107913503833667,1.723692828030916,1.721259314520128,1.7579910342857983,1.8121431547031452,1.8526045218872749,1.8808567747036495,1.8883296894705364,1.8860745268393555,1.8950993484153285,1.9188595943013278,1.9177385886087808,1.9252265812366756,1.9341265139698194,1.9316982429581144,1.9246345243079597,1.9383888748945224,1.9334498580906636,1.9315630820117697,1.9342559910300658,1.929469680198647,1.919503041267862,1.912142880947526,1.9049444006236063,1.8835427231142157,1.863767597880788,1.8287597381128182,1.7601164662457243,1.698421226936407,1.7134029293555153,0,0
1.0594631210506846,1.128816503248837,1.213150280645273,1.2328387105802756,1.2484609219816756,1.2770719491547535,1.2882860501520401,1.311427324317691,1.3087866777810753,1.3450009876567761,1.399362734896797,1.4290089738012455,1.4770627280767994,1.5140839710557046,1.5678566984282465,1.602603766958522,1.6038599856986324,1.6250716288565474,1.646390646322122,1.6602454704953205,1.6676625609320137,1.6840691210313252,1.7014698229001044,1.71692797455774,1.7741355815989321,1.7885563521096604,1.787741970728182,1.800781483952126,1.8036083741441318,1.7930451631796287,1.8056720359264424,1.8305957288130439,1.8222649028334892,1.826055669011788,1.826173616264636,1.8146984688202215,1.816582928576075,1.8128637602317115,1.79512775127658,1.761617444529709,1.74407606503005,1.7157284219048399,-2.6804200578073606e+38,0,0,0,0,0,0,0
0.9285687355069283,0.9633664232436505,1.0277712342927947,1.0464367816726443,1.0727345970212105,1.1419237063894367,1.1525308907233252,1.1745513980571274,1.2491130269073403,1.27662205424997,1.31172753022878,1.3321294982513519,1.3856867960850265,1.388127722513855,1.4106134402631902,1.4407647890550808,1.459451415436268,1.4796689170582382,1.537040749547374,1.5584705855201786,1.5593109851547085,1.5698390870590697,1.568165506620677,1.5760623953250543,1.6382497305084562,1.6574195243884031,1.675111035154652,1.6775939547744851,1.6825670201673764,1.6657978294282003,1.664173659358814,1.6634213505367943,1.6576744766602227,1.6512665218943103,1.6115195443982937,1.5605504149338165,1.5545614456639756,0.5191210764610491,0,0,0,0,0,0,0,0,0,0,0,0
