jsons/1312556400.json
{"header": {"parameterUnit": "m", "parameterNumber": 2, "dx": 0.1, "dy": 0.5, "parameterNumberName": "Eastward wave", "la1": 40.97354507446295, "la2": 16.46031188964855, "parameterCategory": 2, "lo2": 133.9931640625001, "nx": 191, "ny": 50, "refTime": "2011-08-05 8:00:00", "lo1": 114.97908020019554}, "data":
[rows 22 to 43 of 50, columns 100 to 149 of 191]
0.166284076385828,0.21650168980495546,0.2940188343836271,0.32824181517161055,0.3764583854898909,0.4411885688937448,0.47257152306411415,0.5529659291161724,0.6337783853593675,0.680334643504672,0.7435922574459827,0.8776814627176766,0.9721544895396377,1.062365493410434,1.0997827596215128,1.2900354369723903,1.3701671025562598,1.463805718558993,1.5931932353955454,1.6936411230364035,1.7783433362770777,1.937727466327274,2.0204525636293407,2.1144702711024252,2.27843771360043,2.432187446278775,2.5623428114074542,2.6540080102123498,2.845660601351801,2.903669686642545,2.947792728840825,3.068298378305506,3.1115475333371276,3.1755332510999463,3.250561248802157,3.2757473390366108,3.2980566465621286,3.3122236326325405,3.268420933744346,3.1759816170842847,3.1295390690927447,3.0483137144020316,2.858523460393017,2.803391034209214,2.7237876996415094,2.653174497925172,2.640694222904854,2.699707841583684,2.776803178118282,2.9142891909797117
-0.024549201063584013,0.025247300178839083,0.1556148205193027,0.19079551963748995,0.2629327744223235,0.35403016085025524,0.4509393735592178,0.5198806299296214,0.6813795321460895,0.7282466363222183,0.8058435224871735,0.87825372144718,0.9907745364803124,1.0882152377675296,1.1770841095825577,1.3594007387108615,1.4486431408105727,1.5697118592826689,1.7553313932151984,1.8183367190571869,1.9510366242913975,2.090002039429229,2.2513906145652185,2.436232868084364,2.6684850225672987,2.7941527222173015,2.8566558319732223,3.03933250700459,3.276888091743595,3.367618614875795,3.433156317016152,3.575528314309445,3.6916658542365752,3.71736269405074,3.8676534651425767,3.8331286201762724,3.837832832956804,3.892388369026146,3.841976807055291,3.713444716460106,3.5577048901856667,3.4123365840865834,3.1794260646378687,2.9179751634899755,2.7590912596294297,2.617030076567684,2.6620804331662207,2.844679773733763,3.020237096260575,3.2862643562919547
-0.39898083506829807,-0.3720346478747132,-0.243402120909155,-0.19376869457664694,-0.10677452138229838,0.0130758163990968,0.05105168613348483,0.10786965367335148,0.2704462924734493,0.37762431614922504,0.5045554753064586,0.6177501653723286,0.8503200302939967,0.959392661722811,1.1254036057181562,1.3083184507917172,1.4941195281396522,1.5946079948961387,1.7987715572445064,1.9799255206840682,2.059219050274249,2.299575867407637,2.4263413236218456,2.5701443924877454,2.845242843591455,3.025772707170351,3.0909375200328277,3.254548019755015,3.5177990584204726,3.6784093581869977,3.8829460470858765,4.077485834432208,4.123298800480786,4.222411607616092,4.411273042769145,4.385442613874012,4.368250805164059,4.391503930055128,4.389887040440326,4.197551749363211,4.091947311546241,3.7525614456427347,3.246276398545999,2.4938206400811906,2.248439146759335,2.178703930611146,2.312109579332893,2.9193854028515607,3.5243145990795766,3.979514132129299
-1.1085855875224502,-1.0615811671118258,-0.8894276835580136,-0.8401341648885998,-0.721439012611803,-0.5495456029961592,-0.41029263131916455,-0.342615663477579,-0.056043923089700874,-0.008296668988996244,0.09340356033454109,0.32719295792543823,0.6073825321077133,0.8399000025820134,0.9447220466146891,1.2202608346816064,1.4243881988667169,1.5848804307685471,1.9285908833871066,2.0787315404229476,2.3085101664291665,2.63853522437562,2.7347598989076203,2.96359711841037,3.2653326290110134,3.3838400992806177,3.55987946767711,3.7076464603572568,4.074653255992892,4.258285574881428,4.454320923741242,4.8095197930669755,4.906654300554841,5.041768566017173,5.3338938168908205,5.283949789005325,5.35836987987955,5.499387936714457,5.498658838723175,5.314012763890258,5.195966235166369,4.614540782735881,1.6625394448980182,-1.074440891885878,-1.542289004052696,-1.8981387763201063,0.2550444706972152,1.6918447213495276,4.937171159846385,5.341591707840178
-2.012726414094327,-2.0321915289172012,-1.8540227802252938,-1.7154240845658149,-1.6034521227464855,-1.4806841033681022,-1.3025337262948649,-1.2444856125618173,-0.8330419608391102,-0.6696853586299596,-0.4564977592135044,-0.3123182626417424,0.1354793238391574,0.3217677293310571,0.5896421222843409,1.028435626448096,1.2731371179755264,1.425939997554319,1.9049421354561973,2.0525058212011635,2.3911220673031996,2.7251963267173833,3.0725673980466994,3.210890762282936,3.6617596216571053,3.8636861875261372,3.983134028486702,4.300729350226438,4.756651003059467,4.9855741323825935,5.163363216606428,5.676917831021137,5.949767670908101,6.157584535498866,6.572001697500887,6.580762095677622,6.658843579663542,6.790632492127425,6.438054346179919,5.879038578657948,4.788849235990631,5.605174213903157,6.624746705778677,6.558362404249939,6.546525802124277,6.4530454440451255,6.3542600216396234,6.3330470119604865,6.166195881023789,6.083673177067262
-3.5918290004396085,-3.576322975949945,-3.5007144963380936,-3.425383300324383,-3.34435971675043,-3.069515298935983,-2.841028137173443,-2.7848215950800275,-2.392890197034948,-2.2057463651317635,-1.9480815749207223,-1.6791036274784594,-1.0081702835116098,-0.6643240039067057,-0.48181128769622983,0.35603733770842794,0.49489269402047786,0.8938007976770842,1.3840029622904044,1.7781191894223987,1.8910144727036897,2.3790095894505408,2.7380961926162506,2.8352557780054766,3.2174618683467338,3.397127418829988,3.5273510514937594,3.8523350242006504,4.532602741052424,4.853946584524169,5.367516368043088,6.144035709707001,6.391095869738292,6.909839699661826,7.492123768296569,7.704961540633755,7.795184525584309,7.913777777736342,7.935621504531912,7.7376922984057375,7.749771919746917,7.715511634015466,7.477232700889232,7.377365520667705,7.302307461465763,7.097595131694253,6.958333034638068,6.916204956120076,6.692226155335497,6.545892105027866
-5.32072272136842,-5.478736862627123,-5.372672752639599,-5.383740780310071,-5.5207690436866095,-5.296450125074027,-5.121313148756626,-5.206767524574324,-4.866463341694377,-4.421234390646806,-4.19621339861135,-3.8893893834144504,-2.982939754128935,-2.7778282659666615,-2.0982418535240286,-1.084946057106087,-0.37928962847131437,0.03691236589262447,0.9325352856561564,1.2967972784393194,1.5630789018814824,2.3799684330961073,2.6315039694469737,2.7918997656292777,3.102834399842266,3.0204742680938526,2.8087171348300277,2.586975286901829,2.3660225379753523,2.3062085109949617,2.369831932432212,2.9914734976512714,4.547278386753644,5.888916663730235,8.64753381662908,9.20265527662429,9.209692534161396,9.203248116214468,9.089615440737166,8.686542024139975,8.65392914093207,8.46785003247498,8.148525190573805,8.028836378707537,7.888131672963214,7.601723682826404,7.557610168671806,7.417703945675906,7.195377402528539,6.993396086314867
-7.110569441777201,-7.481542943773403,-7.534360522393656,-7.711464801066908,-7.977407856081225,-8.106794996776488,-8.027072626665882,-8.100395409398876,-7.916659940455608,-7.775030362243029,-7.560509266738213,-7.162342407510799,-6.363537958092069,-5.630658575813866,-5.2510277454171534,-3.985980553005754,-3.144163861187573,-1.6461693851362549,0.5483760199124544,1.7992462073845372,3.078930396531837,4.930140802714687,5.78044570954215,6.234623580802731,7.047728949684568,7.1657195991087965,6.48554293434148,5.6727131712494465,-0.21815909672145675,1.502522107571235,6.156852063873397,9.419834229406913,10.407152862773453,10.513644055019205,10.54575380508047,10.26026218791057,10.07227950119986,9.921738388580573,9.708239375637532,9.33422490482557,9.194786042185756,9.002758256133335,8.564260995654696,8.387348258229935,8.211361592859511,7.899012630651451,7.786811199808311,7.572600233327182,7.334129658881208,7.128051377156938
-8.095526655918093,-8.484508048966841,-8.723997107183902,-8.82947443371213,-9.127626326863714,-9.274677849944341,-9.363709350053973,-9.548309826183013,-9.568057395418949,-9.55212818682308,-9.341244977334522,-9.15299997440594,-8.826879010493636,-8.164260566780843,-7.749136527734249,-7.106063256976356,-6.153112343773359,-5.118494133066829,-3.0408093392781455,-1.844283662812918,0.117197225326822,3.648385230056688,4.586988735896102,5.890054330692224,7.041806489162491,7.575358025889082,8.703470865885759,9.074411535025817,9.58611785975788,10.077743212899662,10.312875873291338,10.526513369338451,10.496747446632567,10.41163391995093,10.236680410637602,9.96233023554155,9.868032359796873,9.658938764129486,9.472932256268752,9.158594078038444,8.939897428456062,8.825212096915022,8.427200478579168,8.197575477352524,8.033035976601786,7.760479400743211,7.5597270554446325,7.344223500252775,7.088549899690311,6.857176329805603
-8.203193638280517,-8.54689929341852,-8.69619823448988,-8.842915718438988,-9.137002115242584,-9.252637983660234,-9.296740250365314,-9.36025147736101,-9.216718390298622,-9.11898982049911,-8.813482272121506,-8.617713283104509,-8.063307596420142,-7.341008569852934,-6.760549291428979,-5.645972503763391,-4.950668851644093,-4.057301556735942,-3.06668814776298,-5.43135511631245,-6.657155808197683,4.196927500911595,5.83835920907412,5.250435191013201,5.963300960944902,6.747095870235184,7.342048713855828,7.761440108908502,8.154920109909462,8.598689277338412,8.786315386715309,8.91013144737316,9.042285337238672,9.037313931083679,8.969258996832966,8.80447665311076,8.678098771187697,8.590987483754452,8.531684919824032,8.214997653455235,8.109634812759827,8.012549445827737,7.585007805943819,7.45424559770727,7.367777846931265,7.061584607478971,6.963730184188161,6.76957927000165,6.537289741354933,6.442493767969719
-7.342437268932876,-7.543526798121544,-7.4479040602437,-7.691285556971972,-8.095489546857713,-8.110224618968495,-8.182337259993377,-8.243403513680532,-7.893418071833725,-7.498436494158746,-7.061051155768719,-6.789369240335776,-5.832573047657101,-5.174286140696858,-4.684124023280974,-3.4807971963219932,-2.783478370521613,-2.277939017026201,-5.961943688939014,-8.404083059476072,4.452361537989151,3.222604668549349,2.5078396171251964,2.5779705645812543,3.6193068067912977,4.003415352442102,4.411217798636901,4.827944133787745,5.58194906184806,5.7306944037030805,6.0148653752315555,6.3979846209487805,6.533282119450626,6.565862329803287,6.6672337244880575,6.76395680342324,6.849715527034294,6.8048877457615635,6.798233300918704,6.732920848135459,6.6467229656903655,6.557874116935026,6.416515220131716,6.315471619667523,6.238386680238357,6.065333170010642,5.884309610934643,5.796739757787381,5.673953183647227,5.511179204820902
-5.972507395425021,-6.112179076167409,-6.315579306608897,-6.380399627633408,-6.603302914871552,-6.553147028117618,-6.581266516814843,-6.6102550510172895,-6.29580107290767,-6.138711450572626,-5.8597685710488205,-5.668954573235483,-4.933573723533218,-4.64810782637564,-4.216161736285998,-3.416412243450361,-2.6387433029375407,-2.256890949026215,-4.17757631337798,-2.9228058232819203,-8.042999320132711,6.462988561701383,5.230151968857696,3.090493623306159,1.8599165034684493,2.041663242725137,2.4755724354262902,2.798541565731476,3.405261270810094,3.642995253916687,3.774406747979331,4.404346680132175,4.507538135938538,4.57749068326613,4.988126608001974,4.950736755459285,4.981021166914644,5.01165963078626,5.148055657559429,5.049049434728018,5.059788157467732,5.121294350329998,4.9223110568638715,4.907914995663585,4.928519419409931,4.700350501736224,4.63414489881262,4.672486580711544,4.474662125303037,4.4392863626451
-5.729198181978957,-5.859703200891122,-5.8151020731972,-5.838598288614059,-5.918066897814149,-5.7444975963593325,-5.6558837563034885,-5.67874567563324,-5.404531615696558,-5.186595263596481,-5.125702905657033,-4.885475420222622,-4.4109248785310555,-4.179752640164845,-3.9069382638086454,-3.366885234435018,-3.1138941985103195,-2.7568325280631987,-2.1800610116703867,-1.8056537105305903,-2.614167484908364,-4.437197854986332,-6.410516607601758,-7.601193619228751,7.302957210451759,6.083278884507808,4.268026145475709,2.977736611687714,1.7827681002027629,2.092070379744606,2.224606259505914,2.6903791989754997,2.7462598578962427,2.9103046669909434,3.1643862967278085,3.2255458520466287,3.346027884067003,3.4155777206727387,3.443980185709814,3.4771177298142155,3.514672436521506,3.5486342481599205,3.515052876724212,3.510662372455451,3.4641676235631493,3.3573635833040276,3.4094108909466367,3.3380528445321476,3.2922834963148304,3.2901389330803714
-5.160550261456032,-5.250375641397424,-5.158304735167672,-5.17048220739003,-5.17954823004374,-5.043549541771896,-5.034110734054188,-4.97981089331576,-4.723978345422304,-4.614726864727465,-4.492847545687641,-4.388917105073902,-4.016379613107741,-3.8404729756993654,-3.7837942227257257,-3.365766455030881,-3.062286715234417,-2.9431751472830205,-2.5592412054785276,-2.290534530440197,-2.0691284248597297,-1.5363152250533123,-1.2960130106923407,-2.7506228425983,-3.0160874492217826,-6.195076289670533,2.316204240671963,6.924926514754825,3.0494580623351117,1.9770711250152004,1.424196891962027,1.7792988595053167,1.737338506538539,1.6962462340516262,1.641406004638215,1.7679545410916886,1.8189893209465091,1.9944063014597764,2.114843440229216,2.1313964836011725,2.207258167383662,2.178563089486139,2.20215884123534,2.179709648886012,2.268969568911499,2.292053651055426,2.319910036127579,2.282251990276973,2.2795020855545642,2.2887213476406374
-4.801485141806599,-4.884436784179414,-4.828331224962592,-4.836007965659011,-4.855642007135027,-4.762753882604918,-4.6639401769746955,-4.682208142341952,-4.532289529185414,-4.454483250115473,-4.386501398361606,-4.368004440250971,-4.120116359435281,-4.096958739733802,-3.9699858335521947,-3.5921932876646383,-3.463103375463548,-3.270459830860799,-3.0126162631544036,-2.807747297519015,-2.7629557707020687,-2.489763868891037,-2.238078881765843,-1.9859437536320252,-2.9450352104718553,-3.008518013201829,-2.7779741382995478,-6.612559939208411,-4.042170372620675,0.3491379885484701,5.886782279100318,5.846431840566551,3.216757456251709,0.6427077837206139,4.030769327375482,4.013458357648285,3.699448408118978,2.6271265353595936,3.386536637087395,2.8894645107065724,3.0449883596338827,3.101190206176092,2.1527589267711464,1.471276020299651,1.0789205628714662,1.0559326285749213,1.069164967538993,1.0855786280835253,1.6699855075734629,1.2202042501643946
-4.398235495988102,-4.476646236449678,-4.40910874168459,-4.440505862153107,-4.460762502604041,-4.34223135855415,-4.350164790881933,-4.33597177818636,-4.235663203898051,-4.168488284425687,-4.175589861371752,-4.123966672398122,-4.006487282688868,-3.936056949773699,-3.8201530356970257,-3.6831175164747485,-3.561465145609779,-3.4525821530892307,-3.2678712678442365,-3.152594179991659,-3.0365663500879685,-2.754071727299723,-2.6821070779784524,-2.5332656273152643,-2.2857901669578102,-2.1182599159779243,-1.9245530456366926,-1.7604386663381686,-1.3431909113791636,-1.2938495001654564,-2.3150000575913934,-2.682159429612683,-2.6763980740502027,-1.9501803091733907,-3.797027965422464,-4.146066862953409,-4.657619613197853,-4.161468973864499,-4.289676705568983,-3.373242045882,-3.0507883164567757,-5.060478963616539,-3.358369691014967,1.6875341258810392,4.4576389865530635,4.868215908035126,4.901683847313934,2.793200655450886,4.332984187204049,4.556631956750096
-4.060884755634235,-4.104137559894796,-4.070778031241725,-4.10251241487446,-4.114789016181127,-4.05269801580857,-4.03879515393824,-4.074735129103758,-3.9628863518729767,-3.994494060659347,-3.9754352271610234,-3.930016493261107,-3.8450430177776544,-3.81424903080713,-3.7584242041031737,-3.621062390853684,-3.5986361245369505,-3.5510077801790185,-3.4146527382157013,-3.3044560738963957,-3.242306013591948,-3.094198614130784,-2.970865245798202,-2.9420826001042073,-2.7056663768140616,-2.586346557038579,-2.5098967355131925,-2.4765933020587703,-2.1948394282330055,-2.0529087965372046,-1.9757588312691652,-1.7963916088988798,-1.679693252462691,-1.564962339208638,-1.3769185375293644,-1.2396694189832338,-1.2045743013117323,-1.1355513880630628,-1.0672563414187881,-0.9652470760330732,-0.9002359633618097,-0.8856433826794077,-0.8438498120611304,-1.3436179109926845,-0.9186842286446577,-0.7050128417530441,-1.3893599130100507,-2.2235975534923806,-2.207811175221979,-2.1568750893666575
-3.7678621259961456,-3.853671433452496,-3.8398366358088323,-3.8578113267039646,-3.8922971821828516,-3.867082186567301,-3.8638011393577267,-3.902040385552557,-3.8570644292695504,-3.8138135962399633,-3.8040085026049297,-3.8165305961275484,-3.781280063982834,-3.7488952474883575,-3.6953290330008848,-3.642321593769821,-3.632698036497095,-3.6072077575048844,-3.474384421424928,-3.448396221557705,-3.393260136479234,-3.2407056732431823,-3.2107302660481443,-3.1835834162047667,-3.044713607084389,-2.9389137836153045,-2.8869704483509246,-2.858599655965846,-2.6681801792494593,-2.5086844568059377,-2.376648419542099,-2.3107964329940125,-2.274703357073694,-2.1612990542493025,-1.951631700489796,-1.922687214651392,-1.9089004045167568,-1.7818443004076416,-1.694014270731422,-1.626754457744032,-1.5950241969919954,-1.5502948244160517,-1.4703946091048423,-1.4361500011608324,-1.4234741752822817,-1.3992253888867598,-1.3466580591947517,-1.3242732890617095,-1.326496758267364,-1.337502796423505
-3.4636133782356837,-3.5514356303460466,-3.5583940337251043,-3.5696799527910246,-3.5818063316532895,-3.583539048074252,-3.5953255047953765,-3.6271443346652212,-3.6113236602871837,-3.583533881035748,-3.6354480997067347,-3.6165198702656305,-3.570859819209109,-3.5980398469866324,-3.5752040731873884,-3.5230834023449575,-3.511032334546008,-3.4807797884178084,-3.423173457984105,-3.3889784199927555,-3.342260194639219,-3.2910476615839097,-3.268700608727497,-3.2141847315283023,-3.0827131039620754,-3.059677042034505,-3.041274448328887,-2.9751724399247754,-2.847012558983245,-2.7922096457847814,-2.7788598106625475,-2.6227533211448044,-2.550350241305972,-2.509062108480691,-2.435970019748878,-2.366650308731901,-2.279811161055572,-2.187279297005214,-2.1521681372855017,-2.1137315308198237,-1.9552435674381843,-1.9183990257633978,-1.8839320559727033,-1.8944016539993498,-1.838910605626684,-1.8134864988614818,-1.8110012633663777,-1.792911784908685,-1.7926348904945968,-1.8123730141054815
-3.273942875388585,-3.3059458589188324,-3.321551960905352,-3.35176632005137,-3.3856158711750455,-3.3796192773053866,-3.394711517183798,-3.4210957142729512,-3.4119750506903963,-3.423159578768267,-3.4215195042012385,-3.4440751079820764,-3.4305549379418205,-3.4540777463466217,-3.455042955918159,-3.40440691337423,-3.435926691696246,-3.4164134678872586,-3.3521291290917894,-3.337990249994611,-3.31492791142234,-3.282003320338716,-3.2336192830938524,-3.2132959599922803,-3.182766400426688,-3.137007839316034,-3.1119917797795447,-3.086739961147509,-3.039769903727219,-2.988485888890286,-2.9390863335650055,-2.886009577382144,-2.8277283010008367,-2.789751507211159,-2.6696558828196726,-2.601465048645733,-2.605336850503019,-2.55236461831786,-2.521413307642601,-2.4982775970686126,-2.415787283975853,-2.3654415233637645,-2.321318608215219,-2.3147027276676733,-2.3370241418016025,-2.3106992008019254,-2.3409736864323114,-2.2896263546639193,0,0
-3.023396580041609,-3.0737716553301855,-3.083719927664999,-3.0923815485856716,-3.1499308337497505,-3.1602471039375026,-3.161097220807738,-3.1939459519997166,-3.1820689469372345,-3.1726400124552785,-3.2081025426500562,-3.2112804051427633,-3.1954201855530835,-3.218058210950309,-3.2317022688802206,-3.226677891587678,-3.2249416938577804,-3.224322634085742,-3.2049023730312154,-3.186021690256277,-3.1876691116544227,-3.1613227692714334,-3.1333471545343827,-3.1300531328270798,-3.071527311652967,-3.077313674725095,-3.070125205153829,-3.03166478799994,-2.983535743209745,-2.9520024864921317,-2.9377633940063625,-2.886516194489393,-2.8467283461589217,-2.8119333432282465,-2.7445389698643816,-2.701190452755118,-2.6751381346382774,-2.6693509619489255,-2.650355278170344,-2.604749117043719,-2.5728668234297323,-2.5584780747126046,2.460154112359388e+38,0,0,0,0,0,0,0
-2.845553945985245,-2.8853171784544025,-2.896710659088497,-2.9290670791049953,-2.9469724944982363,-2.9544413543135084,-2.963645317093724,-2.99117576323197,-2.9953883473228995,-3.014702779339108,-3.032024166521931,-3.048674547410881,-3.029634755959455,-3.0477613076802856,-3.063137122942531,-3.061076780653459,-3.081168560264763,-3.0798291409274334,-3.0642484507892336,-3.0781269316336624,-3.0734991856095055,-3.0456074168524787,-3.0402098994341205,-3.0425252986618716,-3.003126833663572,-3.0004168039741157,-2.9996951029638157,-2.981810478723035,-2.9425441401185544,-2.9059533761103684,-2.892165398220738,-2.8770266744829023,-2.881230780736134,-2.867598610824091,-2.855297596951405,-2.8143364839419167,-2.8026969374941464,-3.2739992811508434,0,0,0,0,0,0,0,0,0,0,0,0
