jsons/1312506000.json
{"header": {"parameterUnit": "m", "parameterNumber": 3, "dx": 0.1, "dy": 0.5, "parameterNumberName": "Northward wave", "la1": 40.97354507446295, "la2": 16.46031188964855, "parameterCategory": 2, "lo2": 133.9931640625001, "nx": 191, "ny": 50, "refTime": "2011-08-05 8:00:00", "lo1": 114.97908020019554}, "data":
[rows 22 to 43 of 50, columns 100 to 149 of 191]
-1.3031338356722435,-1.3169407366028048,-1.3180462962257704,-1.3501463556227093,-1.3777722027513732,-1.4049661490483731,-1.4170561921312865,-1.4615386015842,-1.4850996481249894,-1.4921224057587332,-1.5162513456395272,-1.5508422982781456,-1.5605703411035154,-1.5966402226817658,-1.5999915023317264,-1.617813975310648,-1.6635718020309114,-1.6825806326639823,-1.682157252085367,-1.7055032116591236,-1.7576519216556574,-1.7723205881118662,-1.7904050120173067,-1.8305506262106555,-1.827820702261475,-1.8338634199592239,-1.8891304748233193,-1.898241493510943,-1.8658717321255958,-1.892805191824038,-1.8615483864621536,-1.7980116060291007,-1.7669106699092219,-1.7185233050620945,-1.6322376108014154,-1.6195437088061975,-1.5700869068763368,-1.5222071409117548,-1.5051939224630486,-1.4719664636813143,-1.4709675771578385,-1.4840803599685706,-1.4510205313387223,-1.4469750496189084,-1.4056903556325535,-1.3694030605211793,-1.3080614622434494,-1.1814739100351643,-1.089564926770328,-0.9838776137865992
-1.5823713073252679,-1.6098367100458706,-1.6152910388038306,-1.623648040642407,-1.642659059541663,-1.6474267339379323,-1.6827360005847298,-1.7146941642590474,-1.7461524879037684,-1.7587921808969234,-1.8070115215296214,-1.8217947302196777,-1.858136573236742,-1.8913872654045196,-1.9304274378337845,-1.9413402556897168,-1.984145136299951,-1.9953892672133728,-2.0141117086340956,-2.0483266383833034,-2.0762042747584855,-2.0963979214234034,-2.1060280334163264,-2.2167601538116766,-2.2341725836960165,-2.2446382438343706,-2.2849546800018223,-2.356413649015089,-2.367187476002088,-2.4077415530810464,-2.4019009062515173,-2.3401947765791458,-2.3271413297494705,-2.3145955309939943,-2.22704627822592,-2.143810730980025,-2.128272301259345,-2.0693022599807684,-2.017337045362334,-1.9942937952539945,-1.9774606492926035,-1.9882440972540203,-1.921698071070955,-1.8858327975982796,-1.8365048205722712,-1.81320634214687,-1.7809800080938627,-1.5332593268660126,-1.5022936858237679,-1.3692696781864988
-1.789337609213641,-1.8403675554002643,-1.8567119229037707,-1.88869258464546,-1.9099652858893374,-1.941233682939232,-1.939786119315391,-1.9986456096655403,-2.0075374125309984,-2.0570360620010524,-2.0736595860374156,-2.129279854006793,-2.1683372909594034,-2.219904418164644,-2.248290540049004,-2.275684917935604,-2.311285776391309,-2.321328704157794,-2.3817858953918853,-2.4114200839337308,-2.4416051233920752,-2.4483513827575756,-2.488499542011094,-2.5612706413086186,-2.6288931517508374,-2.6682488125507158,-2.7583152103949766,-2.7911660928636075,-2.8457192160522817,-2.906737962098897,-2.954207203332935,-2.9478204676821,-2.944240573566359,-2.9009591580423457,-2.85521809370289,-2.790138136014542,-2.756956811365067,-2.5872677465928544,-2.538940118258843,-2.4303192940222607,-2.37015662147315,-2.4571692273357764,-2.3107075283643472,-2.2223076573403344,-2.164446323198374,-2.175046876896362,-2.119081008324546,-1.8700953108619403,-1.7430893047135305,-1.5145718923694922
-2.112479690310098,-2.232621764155088,-2.2538424569209456,-2.3098724319781945,-2.3521125825504052,-2.3984408813948956,-2.3878577412136712,-2.458008940656726,-2.4792792899481393,-2.5301957061787745,-2.572626580472133,-2.6127771075725486,-2.639373358767918,-2.7060264924175184,-2.722029349567831,-2.7491407448640452,-2.8102057706750694,-2.8510226501266107,-2.924947305070068,-2.9400811943324134,-3.0434465335656613,-3.0507263000611498,-3.082116430055704,-3.1362351264585473,-3.1849368519070316,-3.2313860326558648,-3.306900363833596,-3.368445340849245,-3.447424773734745,-3.5940550146381023,-3.682584673297782,-3.662924486290001,-3.6769301668594414,-3.6638320807157765,-3.5089520702971524,-3.4319698885580343,-3.304482141945155,-3.1320557709150147,-3.0310702363852124,-2.8895447366811746,-2.5724926289266357,-3.0744325738371114,-2.44145256471521,-1.8199309790122908,-1.5002013943640182,-0.5821385265018123,-1.669174813897613,-1.1901332739338157,-1.7309769165610525,-1.4138841736181715
-2.3408064364166528,-2.5033720426888153,-2.507127523193408,-2.5289540058494056,-2.6334552325413982,-2.6841169834712617,-2.7531749810912753,-2.850808418372045,-2.929089244648193,-2.9819397706400093,-3.13129338375907,-3.1825239853688116,-3.212082227178482,-3.304597696903177,-3.3371195832693297,-3.3789101989184394,-3.3905322170586722,-3.4389153696275256,-3.4623514815105003,-3.4409361696219967,-3.448743515987696,-3.3903880680823506,-3.4799839694597785,-3.468061949846999,-3.548513048157405,-3.5904824851493142,-3.6768539715663295,-3.75008739107193,-3.8496183818795973,-4.005041039938926,-4.048489894538676,-4.148195270501572,-4.263168725655488,-4.254541350704929,-3.9810087008004933,-3.933524979742931,-3.7146982793631462,-3.2943920021657997,-3.267485443972504,-3.158666178247603,-2.7389684681665183,-2.595702452839664,-2.340520474695498,-2.3802268953680357,-2.4191714418946435,-2.507969277983537,-2.375373412502964,-2.231035679854865,-2.0412189726720706,-1.9003844702716466
-2.3663956323493163,-2.552548929226544,-2.671446908045798,-2.747193296059517,-2.908620028059994,-3.034180194645273,-3.081054992152066,-3.249109980573269,-3.393058479819686,-3.428347886690712,-3.62242834056282,-3.6823208228118243,-3.795431221831415,-3.874756637870065,-3.921159806074125,-4.042641912332059,-4.116778415198411,-4.201682906572251,-4.3202108743739505,-4.343464889983542,-4.373532084507471,-4.3955355670124,-4.420709724518392,-4.393347950807417,-4.390086193248886,-4.41566497071494,-4.508542724099633,-4.683858921049578,-4.802678397624775,-4.607931734599119,-4.590932854156281,-4.670009903455156,-4.8949394618312745,-4.861567827749847,-4.473290836867747,-4.6009154566809,-4.4196561220065504,-4.0509505051480765,-3.833568612467336,-3.663909946839576,-3.583112579215032,-3.5928261372604497,-3.4620507694500278,-3.205540949284436,-3.1180408812596827,-2.9340046500996197,-2.767259861520637,-2.5188480537762667,-2.3508337576220093,-2.228950712290002
-2.6816967537406837,-2.809884477616575,-3.0395455866100236,-3.1106890599972106,-3.3551243718179156,-3.4347480460893784,-3.5844891336067963,-3.7035728895368063,-3.786044985956398,-3.8544376197733596,-4.032258500703702,-4.160254723378357,-4.325972266875661,-4.487661333257541,-4.619332871098887,-4.754713049886719,-5.012886705174532,-5.117841267966166,-5.264627272951612,-5.346641262580071,-5.500605601873888,-5.650380281947996,-5.614080834620728,-5.557484283431563,-5.591332941456004,-5.490263618173176,-5.292776329979125,-5.168564604805033,-5.2587889958535206,-5.26437586107809,-5.357533975240004,-5.476516805569874,-5.7515358250349085,-5.981302297303764,-5.824346692241065,-6.265459888681209,-6.158277863411089,-5.91863291186214,-5.8282842788100035,-5.666207242488454,-5.2206430737350145,-4.982491040392908,-4.671603005471125,-4.229925017646397,-3.9811824354464265,-3.6326723051397014,-3.5511368658514813,-3.029850753261148,-2.853783253588218,-2.503454617348643
-2.6405571828235326,-2.9140789972099816,-2.9645667445303983,-3.0695546030122665,-3.2168278193757134,-3.363080368057056,-3.411488934781184,-3.6902794145180993,-3.575788719029754,-3.677349403665551,-3.8426923066554095,-3.962174415300137,-4.212665156050827,-4.605169196722517,-4.7242636327763,-5.158937266359987,-5.5413545185767425,-5.760037758917402,-6.009632682165144,-6.093946057726371,-6.046262258557794,-6.105919827189791,-5.971521075541763,-5.568566907041988,-5.207937463461323,-4.7848166480993255,-3.8670127161759833,-2.653646890700208,-3.807143039691557,-3.2975210755089885,-5.548436731803962,-6.456336543807302,-7.41785227654951,-7.513564861554396,-7.38299645383897,-7.448136536837469,-7.140781150073622,-6.730478957476551,-6.317931785661198,-6.013864168886541,-5.33668218390619,-4.831006466613854,-4.5830982066558805,-3.963126159854292,-3.4944008375542035,-3.3260104388443663,-3.0137901715238877,-2.5798086787615166,-2.290191624808931,-1.852630214460029
-2.158488179202276,-2.357269148956241,-2.512868984556468,-2.5521735132359527,-2.7003843030367305,-2.639690149246716,-2.7571926312448602,-2.8786517623295462,-2.8215005771893327,-2.943071605114704,-3.2078503954932036,-3.3362356566907514,-3.6600184906272712,-4.039948686513565,-4.2130756195685715,-4.704931538904526,-5.102234089008882,-5.405400589375326,-5.805158133530153,-5.828616194567845,-5.927171665285563,-6.499748383542672,-6.688699526531179,-6.972933348337824,-7.851154003365182,-8.16764647392346,-8.347405539238512,-8.632654889844463,-8.949636975387767,-9.333604056128666,-9.415765452347898,-9.16365782506352,-9.07082108992262,-8.75817285352519,-7.733804595286434,-7.216956692359701,-6.845077672721191,-5.721453991631819,-5.482093859256647,-4.872620716685372,-4.170969229576657,-3.5808400839869625,-3.2534262410493895,-2.526263631346647,-2.0871669094921828,-1.9226884297990627,-1.6511809416191914,-1.2806436321404349,-1.0002337688610865,-0.7098423063004873
-0.9681156246756621,-0.9842370037334403,-0.9695280851208409,-0.9237020728589691,-0.9714635339454222,-1.1078831009279007,-1.2421649039682463,-1.312139473654146,-1.4463558751955081,-1.5319432097929082,-1.6196753559597747,-1.6851986976057851,-1.7981134749053684,-2.0071337929385193,-2.2946560388573167,-2.1998876944953847,-2.213380109227399,-2.251478312652843,-2.5693835366285795,-2.7292412302668945,-2.958353803082334,-3.5876175239381483,-3.2188816737944337,-3.186830458523337,-4.185159139779577,-5.114317355307373,-5.715062685118066,-6.2992236427108494,-7.226743497559887,-7.033112446723761,-6.727248461440616,-5.254848484467897,-5.030319087154385,-4.486368710874811,-3.138337557397343,-3.019210207335854,-2.243597570013884,-1.8079766319408954,-1.2529310803880662,-0.7108484949978133,-0.5971837910144183,-0.12008093751271785,0.018905967616904096,0.14876748006131282,0.5299546518186644,0.5448076180415085,0.6121960258950772,1.0532074331745802,0.9759945465379338,1.0287612334920102
0.5449575904019481,0.7802662378853201,1.0244921051956841,0.9479648006824206,-0.07496909047339663,-0.22367110960320846,-0.09923715167175289,0.045258965926388686,0.121830133914922,0.16918294323053307,0.20525593684821203,0.25206703987127815,0.5118294351629001,0.7240322523662635,0.9165758727642821,1.343544647734536,1.6698616797085586,1.8880676966849719,2.513355748018128,3.181623350194015,3.375014323813918,4.527611808745007,4.573502171097365,4.819722492828269,5.965745024473346,5.314499059173732,4.483930055301847,5.161214719039369,1.3379534043802208,3.7589315867470328,3.714647304576303,5.001781216245666,4.916288549620168,4.8536106344763805,4.828710729470738,4.60799452891818,4.542686005632276,4.64555598402794,4.4221390325912395,4.297045245926102,4.128631264505195,3.8252323533116237,3.8386890712088615,3.7366153444575527,3.56713230172113,3.58953598650453,3.669243395366157,3.514619429331537,3.460776143737052,3.573834026757952
1.1324023964371694,1.3001500356555842,0.8087400167841128,0.5627473769693097,0.4990958910213436,0.7121118511488658,0.834714075520468,1.0025212417107658,1.4183235683285977,1.5928768790496888,1.9057841545392318,2.148284008521919,2.7342142299823706,3.101836297516597,3.507907627449155,4.095393588606018,4.547352605327456,4.886400294770233,5.686830785696295,6.189984838653394,6.555638837512421,7.664102424059502,8.160166115648352,8.519806474962156,9.540366417420952,9.378960786309184,8.228499137513156,9.989955739766923,-7.951679507722411,9.64159470056685,6.961235244541237,8.867199062986563,8.902208995508751,8.721618841878302,8.067548134591958,8.038908391173017,7.696818703603931,7.453091358713945,7.1008137462618794,6.748874439132543,6.544340867634333,6.252488771519137,6.016615876584311,5.873934750170271,5.660480618622209,5.447558496913966,5.398136965884005,5.230153869008726,5.078822968466489,4.973361110667002
0.8193117745431903,1.0049183605636878,1.2467870326401773,1.4643210266942313,1.6478338018790128,1.9948655492861433,2.178014370504555,2.4258037873803366,2.924894642074057,3.204381417580514,3.7190798945048535,4.357469428138675,5.061564419570674,5.353317831209456,5.5821633039456575,5.880719111405099,6.265882528195255,6.543847382719534,7.0051499566027795,7.37338948566227,7.762866097394983,8.293728244550982,8.551014530836479,8.75864032940919,9.151857317776594,9.372840001833103,9.507868728475142,9.642482728819187,8.700614848884385,8.205329951238356,8.980176284350097,-0.988541750584358,9.11836280999136,7.632329319852783,8.407877877500402,8.79686673500389,8.626517707689104,8.354019896023349,8.115991801158673,7.817219246515023,7.584549602978672,7.319188356549604,6.9939461858645355,6.8464928585319855,6.6597971126082065,6.455380782111503,6.361869692227471,6.2141386932613925,5.95559611883059,5.843236835854893
1.2777895298015047,1.4764984999817148,1.8062086394783463,1.986246182084983,2.251806169719566,2.45040352709931,2.6459919293598833,2.9127615537017064,3.3236068661893317,3.5124709308037407,3.8325766611665952,3.9759039551702795,4.399729058733878,4.844338615646241,4.926089816958331,5.401777041462156,5.80546740498426,5.921012499681662,6.365980937865333,6.584632867043463,7.023664263733737,7.453637950556107,7.7083652482858955,7.822093410061961,8.000171290838551,7.773359628490731,7.790722568618163,7.956066259479158,8.388183125870693,8.165355168856864,7.0032912706715695,8.546530171806015,-1.8355927766669624,-5.8996329759247965,7.1625338936536185,6.712833727018464,6.943896053711452,7.6662911546765855,7.551474944676152,7.416445999645073,7.174996696679347,7.039409268576877,6.910812588852915,6.769631503857361,6.564124644317646,6.446701327710948,6.357323708731986,6.261131382327158,6.000324306888684,5.981880013136565
1.7102033360514364,1.9057705484487917,2.2303965565659194,2.3737359518466765,2.612235511963673,2.8037615590015097,2.9673445809623913,3.2233301518445736,3.468251671808998,3.6123436759195977,3.9269206213381453,4.027752216479208,4.388607321265384,4.6104711092299775,4.770182660651588,5.135528717062196,5.3214945455712686,5.5301749829313405,5.760478748123319,6.020870892549585,6.158498611734417,6.409663786348351,6.588581804464865,6.665251409524318,5.863061340250812,6.18689477411949,6.550386635584768,2.90043954795752,1.8254902156834143,4.228185200619667,6.119617067756964,6.057523072459824,6.180901696151128,7.05588794641938,-4.786405933348979,-7.072449777642261,-4.413213659824951,5.08281094269998,3.7440646104135284,5.293306295261276,5.249644131992249,5.665954240608586,6.176164913710716,6.31223739750039,6.311395651442248,6.263606572536341,6.187416911893863,6.099920478490146,5.954685611770506,5.827997800896097
1.7868437267737185,2.0201566917686646,2.1768085853150465,2.308219659929777,2.4336107643838076,2.607962253884141,2.7039787505171544,2.925522144494973,3.081443212359011,3.2047586951806935,3.3983301023142043,3.5386767560088592,3.771205983074615,3.9432282824654696,4.158357308770626,4.296856590436373,4.557423663813113,4.682063420236754,4.776721410671403,4.909844461317107,5.022944580380399,5.147340528025323,5.275361972897652,5.366572403741218,5.472430679234158,5.530699241180099,5.705360787077871,5.800529796109222,5.9729282713640055,5.97488961958692,6.044509759732775,6.095470783009052,6.1978213965061615,6.253093394150609,6.258557234877932,5.9516740279553755,5.5322888859714965,4.999070324468994,4.555260480211907,5.041142239244565,5.01888912334121,-1.8611979097099618,-5.200600197154978,-4.215008390755167,0.2595128366700573,3.9064291941731164,4.032296228261309,3.7415853840309703,3.7543093674904844,4.2897399155947795
1.6214618952625635,1.749471207182545,1.925223372768836,2.0214034269526233,2.17478656962472,2.286565641051954,2.3972392029002836,2.5341846347702353,2.702037838761416,2.786264220371055,2.905531322721687,3.0587721614438945,3.159927088583824,3.3034515543256804,3.4291076597283388,3.556865969689879,3.6918118829892617,3.734610586002079,3.811450581042994,3.8676775468237645,4.02150730778197,4.112346981634467,4.162834880214723,4.199080958946798,4.383897040727868,4.520818728277999,4.556333967592736,4.5758808719592174,4.757950836866498,4.886096844266858,4.888431435653809,4.985466076198237,5.081314568091688,5.157970205179405,5.259054296198861,5.280402101378543,5.2933862941088705,5.2892546397350655,5.276470607983698,5.237128582616326,5.214223145581097,5.082211608900025,4.8493451150257325,4.386409863727541,4.827119124276467,4.965430459712705,4.100917815533668,1.8510617773005122,2.017023158733781,2.6598100826232782
1.335873807046507,1.446526980410645,1.6283134343441503,1.728803734926103,1.8216975115467238,2.012839859777561,2.036937000960995,2.1335596489855564,2.246403909675424,2.317680402022312,2.369284331868189,2.4286260286372987,2.5498054247628,2.678458150375635,2.763667780488544,2.7701445987248268,2.8114487643923667,2.878987461674679,3.0406024729788146,3.089760059006464,3.1519331922908687,3.2870463366344094,3.3043231923919785,3.4065253283565973,3.5924098201029033,3.685648507412111,3.7122325034190293,3.7710258889644033,3.9263540797796836,4.062467751325933,4.130015873734391,4.170064497443236,4.213191988625663,4.31457368922877,4.3898931969735075,4.373116107321389,4.407332076583199,4.482867575610682,4.529048345591877,4.447106255262325,4.442080055981667,4.480214777606099,4.495197495661292,4.498217823747418,4.443846587428285,4.384263190825817,4.417223219712771,4.385858616001611,4.283137783823034,4.192137818046193
1.0178471648729115,1.1397079473561647,1.2344590802478603,1.2480191254751227,1.2718118957442386,1.4292652494746518,1.487173911250792,1.5607659651455676,1.5913799516982432,1.6765863063660356,1.8277608311501254,1.8687761559465212,1.9378753670229547,2.0777598122740875,2.1710302348355297,2.251970272902655,2.313808867132247,2.3539271881302453,2.439142566516178,2.500726907899234,2.625391268776771,2.7335719435104626,2.747819860173954,2.787320249043048,2.946336403343822,2.9649328575028653,2.9918710008002725,3.087508435439784,3.240243977122418,3.256972729196032,3.268954561473999,3.4110565897830476,3.490724610812447,3.491699934233764,3.5137553648756734,3.60666075264671,3.655348079030475,3.7187006057717245,3.730370123200504,3.6891283337541956,3.79686077436213,3.8242557735467457,3.8193159504026903,3.770620176007084,3.7558607365648533,3.693377499318341,3.6748957693184487,3.6816206063488153,3.59191911496491,3.4873226190651785
0.8990882196489992,0.9220897857103459,1.0091891586370767,1.0674309493579497,1.109931832176209,1.1550919255230403,1.1900809996412942,1.2345211743171836,1.3212637661520859,1.3918144340710297,1.4145396319217698,1.4653961134702334,1.593670454454608,1.6382115156753183,1.6682319437861268,1.793994594701828,1.8785757392393474,1.894291821628091,1.970054746377278,2.0585802780440567,2.106517595087954,2.161890289013518,2.252683657462384,2.3242208892753617,2.354119696343866,2.410396701508229,2.4986710311996867,2.544559306195611,2.600796707904302,2.646289066181962,2.736421319238989,2.8179819363645953,2.83984645508525,2.8489713127833056,2.9548481563801476,2.9810700575702267,2.986811627650618,3.02622346572673,2.998675182952412,2.9704694858141543,3.0029916775395264,3.037791956072977,3.0890473712695163,3.094561198493432,3.0285851067265557,2.8479539996882486,2.707993326336665,2.719089510947739,0,0
0.701379252877578,0.7542395138376781,0.80657715302029,0.8430356071182157,0.9115753204924809,0.9717422062102297,1.0091505957298068,1.0787104420829696,1.1155410147701013,1.1576212753054134,1.227752248844857,1.2704322233825889,1.3324053959419753,1.3701225364517267,1.4288798857597365,1.4629971055893225,1.49707399390421,1.5507136056632636,1.5811537754167855,1.5859775235459814,1.6753770265543904,1.749571239598503,1.8004501423273431,1.8452437610726178,1.9559221340608026,1.9911870278535746,2.002795669074407,2.0680295911519817,2.0984215141234652,2.081410886724871,2.1297707509884787,2.2322336706653534,2.2472249229012413,2.284483841130275,2.3319086016958406,2.3836807043291546,2.4179014299228774,2.4173457142316677,2.4070912361853716,2.3785052323813005,2.4048974295009002,2.4083148432231134,-2.4518255353401474e+38,0,0,0,0,0,0,0
0.5201231001631198,0.5676505710597423,0.650340392154739,0.6930115930205949,0.7138912357007897,0.7763614329078088,0.7851736059497662,0.8193786888304878,0.9565027084531801,0.9940207494769577,1.0480629548597147,1.0930972746887548,1.1971745327259615,1.1890312021202631,1.1897464301651712,1.178948689039751,1.2137547293945221,1.23748942447263,1.2940984669234408,1.32794358098935,1.3456543929133944,1.404325045228106,1.4155648127214748,1.4456713141401432,1.57679239784907,1.6221112039206835,1.6331673796379993,1.6692151793052425,1.726183452501184,1.757572776113796,1.7637426401236056,1.7956568393528816,1.8276834438898015,1.8424157585904353,1.8368770664201892,1.7972686140434115,1.7997584185917432,0.7086447007753984,0,0,0,0,0,0,0,0,0,0,0,0
