jsons/1312675200.json
{"header": {"parameterUnit": "m", "parameterNumber": 3, "dx": 0.1, "dy": 0.5, "parameterNumberName": "Northward wave", "la1": 40.97354507446295, "la2": 16.46031188964855, "parameterCategory": 2, "lo2": 133.9931640625001, "nx": 191, "ny": 50, "refTime": "2011-08-05 8:00:00", "lo1": 114.97908020019554}, "data":
[rows 22 to 43 of 50, columns 50 to 99 of 191]
0,0,0,0,0,0,0,0,0,0,0,0,0,0,0,0,0,0,0.36484198265063467,0.2766937711582238,1.0303107021581726,0.3373414019270899,0.6335861481102041,0.7353122401963337,-2.452808550192962,-1.7573694280031946,-1.5765330500857624,-1.223967927477715,-1.185815696518652,-1.1287909331435941,-0.9841354211252773,-0.8845165003928404,-0.8606371377575446,-0.8693629355455551,-0.9876035883528286,-1.3686646595818317,-1.4394987273560758,-1.6067827202796015,-1.5107552068090513,-0.8407741249876803,-0.47760618064159654,-0.38914832945567246,-0.1794224334968957,-0.27709837365037976,-2.7588308619833404,-4.165057440636019,-4.026384503019053,-3.1976194770132933,-2.9803727650264245,-2.519372688600498
0,0,0,0,0,0,0,0,0,0,0,0,0,0,0,0.09840460144320616,0,0,0,0,-0.29337998569174456,-0.38562181338661344,-0.8596523510441029,-0.9278678849514852,-1.1259797296804301,-1.0916821692481262,-0.9217917078784437,-0.7177254344929955,-0.5879428540665749,-0.46618398230655694,-0.3429592662831697,-0.22896213562971174,-0.05072814544601975,0.4675070362142538,0.7294893955214818,1.1214648068868558,1.6531594053665593,1.8802949576362322,2.0365596959728127,2.590374926814562,2.846938540936363,2.9988263852352337,3.3482126401912065,3.996003070831071,4.137864695479084,3.1808104375618713,4.7349893829626,2.882346374853331,4.0340995224721485,3.098858446456423
0,0,0,0,0,0,0,0,0,0,0,0,0,0,0,0,0,0,0.25200278259953235,0.3730884609737775,-0.16964134906912567,-0.335667227889825,-0.44393887975305596,-0.2524120275302408,-0.0383412012467644,0.02148382252717011,0.13371747293243463,0.3660008891640902,0.5184409999199379,0.6656758609727302,1.0474914735599221,1.310743039420934,1.4428233877182433,1.8036996727021555,1.9414063385640108,2.184077651273867,2.6157388024894876,2.9316485686354485,3.1448591306694174,3.8631684495291347,4.034500842715766,4.200006187092524,4.3786502943046175,4.693515074960343,4.633851426695041,4.0897689326816655,-4.0494458933864665,4.636345616507894,3.8699418144872832,4.439851037141459
0,0,0,0,0,0,0,0,0,0,0,0,0,0,0,-8.1454825486999445e+37,0.1729843291065887,-0.5165421385086544,-0.4225177944180967,-0.32552977461365395,-0.09492194097895322,-0.024223636267950783,0.047752682454263486,0.15572548121772137,0.3844181512425187,0.6117958901527295,0.8613512728916347,1.1150248527405182,1.2775851165645766,1.447121287337098,1.768135485985246,1.9770921827349912,2.134419548310213,2.3977112026883094,2.627484601948112,2.820037071083027,3.2686763337413964,3.404566009288128,3.6832986757877206,3.945335526649445,4.047469080188041,4.1736680111295685,4.313122777881681,4.473585229797988,4.493895655581759,4.53477298013495,3.597853252686935,-1.8298905207371832,2.7985779473040866,3.1309769919969703
0,0,0,0,0,0,0,0,-0.1682125827018264,-0.5254678479692962,-0.3329074727637449,0.7367866215633698,0.9967724504079067,1.0615001337932937,0.8312528269892001,0.6915686195288182,0.6033579771918515,0.35383678157136866,0.2936752246515961,0.22254956103660742,0.2530328626577365,0.4177789824226183,0.614925083819512,0.7653138346925594,0.9472539200521506,1.0704109330469793,1.176985906831862,1.287372133528489,1.4616658733562335,1.5859603026162685,1.8355786227036834,2.056043837177025,2.164889608677724,2.4314110532568938,2.6144053227861392,2.813226116618267,3.165972297521779,3.262076810327272,3.444450334911538,3.642205314020446,3.771885296249525,3.813879106595411,3.8889439451181174,4.041910009041999,4.01818613893743,4.091885754578641,4.010823245899628,3.9391465547633517,3.2405950162172186,1.873676123457207
0,0,0,0,0,0,0,-0.7837590541492729,-0.5373216262951793,-0.5210005538615706,-0.4321849671101977,-0.3103146658770507,-0.3383374766027979,-0.33473823302370637,-0.282459060158585,-0.2740192036469025,-0.3043071013270701,-0.1253648615579207,0.0039318976615602495,0.251446108822141,0.4621254470007448,0.5128611553211677,0.6115868614460551,0.6700647877396018,0.8457594246056908,0.9585864145906854,1.054448820507285,1.2775964838747549,1.4394783584686919,1.5876218197698742,1.8831002377907968,2.0291055775934104,2.124638074749455,2.387794415365792,2.5166904292021104,2.6683871774800556,2.822548135843351,2.935408944492202,3.0552596922302695,3.2187773125277896,3.309309763569888,3.387239309646753,3.472947404172687,3.621143380795489,3.662105340048004,3.7036729718588637,3.810218567066296,3.8193070323936658,3.8475916810608406,3.8744794421331124
0,0,0.17690279931238853,-1.1354849911676412,-1.2953811393586299,-1.2153958754212544,-1.2571296576144075,-1.1473816270898323,-0.9094547644959253,-0.8986887494090885,-0.8141724773605727,-0.6822720210691188,-0.6727300852239898,-0.6085130545915031,-0.5015449939231635,-0.4172642005685556,-0.2891215699978542,-0.03277540554439533,0.032321358811383864,0.12679651143042278,0.26995388693355177,0.37965229349401763,0.458218968332752,0.5394495437714667,0.707749749150747,0.8229903190245561,0.8492799848746437,1.039277118472232,1.2283662798115882,1.3435495137250084,1.5572650003838915,1.6763448253461177,1.748315077068044,1.9869045146810618,2.098223707349679,2.1831590922514548,2.4215017075757035,2.5743120433181113,2.633470449262725,2.766555188183757,2.90767796647334,2.968408232576767,3.075377029928292,3.225073446220451,3.2562002058301345,3.3233817499899674,3.399037254951091,3.4159127325744634,3.4225172167246107,3.493026562354873
-1.2275508444127858,-1.2916921234457543,-1.3651507481712857,-1.4292892654963567,-1.2032206611408636,-1.1958902126251711,-1.2334297137275627,-1.1977968324137522,-1.0448201228612968,-1.0651181669210266,-1.0426005279843982,-0.9203743200325168,-0.8581819636151773,-0.7225945509478992,-0.4084522855352868,-0.29373587426550746,-0.22267478560741413,-0.07835576262197635,-0.007939481233604577,0.07595709371106643,0.2171412497209573,0.2816078114875628,0.363836710127384,0.4416090125024849,0.5999663046887379,0.7103155817142023,0.7858795952392021,0.9535590698407588,1.0421527190756363,1.165947352711197,1.3637348978100328,1.4764007449570018,1.551434735458224,1.765578393322489,1.8960934973205639,1.9900626053947301,2.1717155827890378,2.274787570100876,2.3635995149349243,2.5080809689326173,2.566181199970561,2.680455347810414,2.7451694973847967,2.898195032816019,2.9655765400449114,2.977749440664742,3.0878277044415743,3.1158497675620453,3.1216709306135253,3.1992046342194684
-1.5088014193599393,-1.3997161966413363,-1.3896986896851722,-1.3668274099574313,-1.292757661697284,-1.2615170858565095,-1.2666574604721659,-1.2140165435382817,-1.0834730581596403,-1.0618534763392407,-0.9844950524232244,-0.7860500958482367,-0.6562493078789927,-0.5435738316128352,-0.3534260230009205,-0.3232643153245607,-0.22350795183441705,-0.1854794272157885,-0.09763326323250832,-0.04176337951760076,0.08324500648327916,0.11976033091449001,0.15297233589916154,0.14539316707517136,0.36772070889263125,0.4544395682776824,0.5521650843522847,0.753901455188367,0.8219275159919918,0.9019911239877746,1.0326005445705309,1.1077523642498035,1.1862279357147472,1.346649691082822,1.437968439655997,1.52836953090316,1.729495737734416,1.9114577202271388,1.9852621814873197,2.1493973604374834,2.3125835039420615,2.3520504256006527,2.46567933575541,2.601945542109034,2.6485131758483957,2.7092739814833005,2.8007463128783505,2.8265065522099357,2.8363420378221673,2.9069974537210084
-1.56756402514726,-1.3681264205962549,-1.3476177383325385,-1.3547972054869382,-1.2484115512310876,-1.2124090317908511,-1.2147291607847794,-1.1619302804881004,-1.0182477104641996,-0.9486560607454707,-0.8783006804685809,-0.7510290442447419,-0.663863303577429,-0.6304607808302737,-0.6129801167000025,-0.6048044518889996,-0.6183402271603172,-0.5217264732892037,-0.45953656925058944,-0.3653979551434442,-0.25047780933160074,-0.19733062983385707,-0.1431731587075398,-0.0757737312291262,0.08954043025304342,0.16981367681112852,0.24182308358777993,0.3867709062029513,0.4652595600176526,0.5162210657549418,0.5513106949996942,0.5986377627127065,0.6373558100744464,0.7830592399424043,0.9191000755978455,1.164970529041369,1.4735178075755841,1.6380029217546692,1.7244339871444214,1.9474895214816086,2.054684316848816,2.138167487646553,2.2388690308901373,2.386797792338274,2.4278302769851923,2.5096630589547737,2.6279310912608507,2.631507082673151,2.6346768916197085,2.6762882798171566
-1.1193301330057797,-0.9669431931622978,-0.9161697396022022,-0.873265656070271,-0.700934216996476,-0.6047325947030538,-0.524424041653876,-0.324330989196349,-0.011145866296703796,0.4677213252731031,0.6349697760012966,0,0,0,0,0,0,0,0,0,-1.2969464781721736,-1.1719560180921411,-1.113573491983319,-1.041358433086515,-0.8932128017535901,-0.760037381356506,-0.6563619239483134,-0.49951774189730364,-0.47548937738994074,-0.4191700866653945,-0.3376744080540432,-0.18614550725994553,-0.06904178701648855,0.39552422979833735,0.5449307093796644,0.82282434566059,1.1147904261885573,1.2361247905091344,1.4096494540677431,1.6787202596926243,1.8314952806042422,1.9044905843036348,1.9209940864930075,2.0098195501786695,2.0641719099385685,2.2177276822291327,2.335390956710763,2.36592386145222,2.4026395874198325,2.511828922537453
-0.5110998328236186,-0.3280408610344502,-0.18440621526789616,-0.0638389218552283,0.32213271194274756,0.4315939492216509,0.6176566486359696,0,0,0,0,0,0,0,0,0,0,0,0,-1.9043478215261005,-1.6348748832792799,-1.5412719924415912,-1.4594998451140433,-1.3766156906948586,-1.122186463102048,-1.0705408528456528,-0.9808692637184169,-0.7945244418051262,-0.7346167784962342,-0.6234627836358674,-0.40137759417773927,-0.31065886447927854,-0.2556285197650525,-0.0852885152414629,0.11831841586632048,0.2759810440131412,0.804457497705116,1.0066759168471602,1.124607912234579,0.8767658788814249,0.9929329147271628,-0.040422709584963,-1.1021203645481459,-0.18855876473230954,0.7678582011537619,1.3491614851784555,1.8860689440321021,2.0570428743105467,2.1255669246603355,2.28172753398913
0.2913698035402583,0.5780218415342928,0.6457252612286986,0.6394383832804934,0,0,0,0,0,0,0,0,0,0,0,0,0,-1.6475867727578766,-1.6454254944011397,-1.6891982439429363,-1.447545391874237,-1.3969738347284013,-1.3479496464042295,-1.2643207864673114,-1.0922322755994092,-1.0025103088306386,-0.9118273785559018,-0.7363229615773438,-0.6168218833094208,-0.545753691798896,-0.32515462766980163,-0.12678418329823737,0.007819380149175277,0.48318931155471134,0.7602530363200705,0.9841616359801499,1.533226680743967,1.604835845422626,1.5638092890762512,1.4185360059545953,1.450339012228552,1.5169549528819488,1.5663105022018369,1.5567678323332894,1.5878251026375463,1.5565462402103076,1.650824799534466,1.7290009067223364,1.8723452537071519,2.0279748461766207
0.5590144028450325,0.6935056950420944,0,0,0,0,0,0,0,0,0,0,0,0,0,0,-1.7217909747411266,-1.5535540608049634,-1.5140177338567593,-1.477142380116706,-1.3155566496448627,-1.2368904706051989,-1.177370611137461,-1.069024524467467,-0.8877636558074025,-0.7840636392616078,-0.7041229571781068,-0.4986309104309141,-0.38282372270099313,-0.25541806473655043,0.05990723186651767,0.19032115330293545,0.35033632599790127,0.6843519584704715,0.8320375557340253,0.9346708132278733,1.0936397263094437,1.122167305356794,1.1649171671932368,1.249755762232604,1.260640642026211,1.2804668955270702,1.3002176799032592,1.3661974607368408,1.4016323341535004,1.4462181593487566,1.5558806176378526,1.6028507105871679,1.6511630629022784,1.7995956605380112
0.5376835488565662,0.6034904395934454,0,0,0,0,0,0,0,0,0,0,0,0,-1.5127277472927743,-1.4763160501190347,-1.4746953403214047,-1.3293867911815256,-1.2661463933976986,-1.212746305601469,-1.0553230944256622,-0.931842372342438,-0.8634342209828958,-0.767085363694402,-0.5552597211526733,-0.46064096717070774,-0.352524154183927,-0.15991040507196105,-0.039049318396977666,0.027801427130757006,0.2397660401783703,0.3063991214366098,0.3746411989966826,0.5315219073348203,0.6342859571836049,0.6964757135951166,0.7695570712061209,0.8364782047544236,0.8899750167134494,1.002283746377841,1.026722472925637,1.098566320729112,1.1239654407219761,1.2173612951303696,1.261100457068241,1.3293442323276967,1.4526329976207484,1.5403287054174724,1.5971125555436694,1.6935348028116113
0.46104585030002265,0.5030576090437548,0.44137141311523037,0.059077277251810376,0.10960379369579339,0,0,0,0,0,0.4033025074354848,-1.422164983173796,-1.452430832856588,-1.3905981155817846,-1.2871095748150259,-1.22858601190517,-1.1710745019919235,-1.0401893638762916,-0.98750233520717,-0.929994777345252,-0.7898216020348554,-0.7185739448205848,-0.6304804053866785,-0.5630766765315816,-0.402012021060708,-0.2893222109278354,-0.21821609904461872,-0.04794489136092165,0.05564960160687145,0.12274045143136342,0.23880402868289416,0.3100380354088678,0.38785463288027267,0.5756898794526436,0.5939677342106456,0.6179751114291326,0.6764662501353927,0.7420095987174737,0.7689691218087343,0.8281195343094095,0.8542821948847662,0.8818933039207619,0.9178850313800788,1.014546361696576,1.1123846247463576,1.1578056742258,1.2644410395918324,1.2864205391901153,1.3667250473878678,1.4655567162880105
0.40844811196588476,-0.4675040520105977,0.08179664523866251,0.19931136405091282,0.35923638462037544,0.404133289085823,0.36380604976135406,0.12022352421613838,0,-1.3999148987023466,-1.2852843121231134,-1.1744645720132625,-1.1483301032499882,-1.1001993252496831,-0.988434759024623,-0.9358837107657976,-0.9001084710241785,-0.7841230374220943,-0.7029614569049546,-0.6491050374224928,-0.5065177498176578,-0.43625551620022424,-0.3783760155312259,-0.31866586314934053,-0.16455897077504292,-0.12197590655134906,-0.04851939868966683,0.05614308562161832,0.13454340024898814,0.15528925195868004,0.24755278518830318,0.28446353678131175,0.29966679000610913,0.42773125524630257,0.46282283215140224,0.49267963978811663,0.5418860809624941,0.5720366150866951,0.5999130369376225,0.6972474353558924,0.7360047379661048,0.8041805079622423,0.8540020590149898,0.9541404426452597,1.0120793243282906,1.0452564195294152,1.15885633990447,1.2026414527218057,1.2719930604595526,1.3489878683709793
-0.3713718556675918,-0.5370283886642836,-0.6254714348214463,-0.7983050164978146,-0.8270112252637523,-0.9589144133553625,-1.0187069335038414,-1.0447519550637752,-0.9817240612544967,-0.9935756449082394,-0.9652595833158855,-0.8961379644706453,-0.8761057088843623,-0.8460337992797067,-0.7493983983051054,-0.6966341312407388,-0.6640603781473308,-0.5657732880207074,-0.523258367111711,-0.47767820922160364,-0.373424806768007,-0.30090246293299755,-0.28286948422614827,-0.2248047019579025,-0.10659388217619765,-0.04049944326691254,-0.0192428945736646,0.0884081747731087,0.10020875627378302,0.12767647527060585,0.1906192455236927,0.22525980403231557,0.27635938131867765,0.3408504539190802,0.3755936845395275,0.39072415032867874,0.49879120628328893,0.5429222341087744,0.585584342415047,0.6699388364217663,0.7381841484435917,0.7836980711999566,0.8149097801666592,0.9148349249325102,0.9639381249084665,1.0393941974389473,1.0724210220479802,1.1075678476021018,1.1563297385372884,1.2215998766223723
-0.8593434226067137,-0.8781941415178255,-0.8830122960130399,-0.9467375417278696,-0.9250422701753306,-0.914817552233312,-0.8935829837483794,-0.8872612786975554,-0.8233158872747753,-0.8144020010016808,-0.7840634585459958,-0.716592458195811,-0.6807262460710056,-0.6506750967501784,-0.57486286461158,-0.5581507954349428,-0.5305036653040486,-0.46890469969301324,-0.4253946862313242,-0.3873855268674083,-0.31625425877386226,-0.24721048158979206,-0.21503459460176153,-0.18446548688896577,-0.10497040747775994,-0.07154035005341461,-0.037465072690242754,0.020041454704119232,0.03083289006564202,0.0661833946751054,0.11986226232527912,0.1547639742927675,0.19185994645725551,0.25738753922929414,0.29577155974750813,0.32676433433768737,0.4258284092131337,0.5076935116761013,0.5450228743314052,0.6825649794890581,0.759585634870487,0.7499904125880069,0.7681376945194802,0.8199494921304709,0.8688744115089773,0.8891676177715425,0.9600095353545102,0.9935989756444014,1.0166756257613982,1.0548727994571006
-0.8609540375607598,-0.85476069018097,-0.8292148161125789,-0.8402550984174766,-0.7870821479610411,-0.781640507891718,-0.7741735461194098,-0.7399590594007048,-0.7069356575442188,-0.6745257806802809,-0.6573000562594707,-0.5942113343286541,-0.5942910955810298,-0.572651012124768,-0.5254787039489222,-0.5053915309793613,-0.47137382158162683,-0.4266110071081433,-0.3910753560458337,-0.3467038357499825,-0.29339835750030263,-0.26580638249266986,-0.23055861108781914,-0.2205230023429522,-0.17351515017036012,-0.1685197027033469,-0.1339713347994942,-0.07844007351468646,-0.051295350977452185,-0.003607897919655468,0.05128531740420656,0.1068710226248326,0.13174268786998536,0.21538878358842564,0.2616210243132058,0.29279259409278785,0.34137797480096166,0.40686313293841897,0.4497788871599305,0.5530240763361811,0.5860328917773081,0.620396480287749,0.6623040970225557,0.7280263471963174,0.806746210594312,0.8661354833935688,0.9293425600555301,0.9473672282120412,0.9600024025960822,1.0609081995522422
-0.8054755255022205,-0.7725290753487615,-0.7610236025435644,-0.7447074927285962,-0.7155305017767027,-0.6967803344298169,-0.6910772497082565,-0.6805773083864074,-0.6291323735774362,-0.6335574891318438,-0.6140226823816025,-0.576829299306488,-0.5667584922119497,-0.5378740286488431,-0.4979560368051538,-0.479427731160584,-0.45063863948336164,-0.4040896981232021,-0.3827114905621068,-0.36358896882894043,-0.3179680502301774,-0.29858059748121607,-0.2721531563678726,-0.2645489506318311,-0.21488415166873,-0.19392927504092755,-0.17333036671040716,-0.11036850846995701,-0.08515670177904898,-0.051509573519540046,0.0050489755098390935,0.045092778931056024,0.08690441332608037,0.16403158746976843,0.21959437770575255,0.2317443561070471,0.3044583307363238,0.3420349796129622,0.3863076897304464,0.4323170623643773,0.49974737815489906,0.541350108097694,0.5894237842072867,0.6513336259353316,0.6872362655643911,0.7434978952860293,0.8318539553754059,0.8664077919382069,0.9290830624857572,1.0174659662649732
-0.7442929994645388,-0.7262142941053831,-0.715315880381658,-0.7175297527652792,-0.6907072273854542,-0.6693850732758276,-0.6685354479287604,-0.6685205272705655,-0.6267538754755031,-0.620732636896381,-0.6140833975152559,-0.5571701610829173,-0.5335139609771937,-0.5258976363784268,-0.4835914499022797,-0.4585216768100266,-0.44927717762128944,-0.41702978177283445,-0.4002702470522365,-0.38948089975900724,-0.3559421385726607,-0.35240028042586485,-0.3409935715520169,-0.31150280727210994,-0.28078701244660476,-0.26474752670388235,-0.23535493570415802,-0.16187104102759126,-0.14998104514604454,-0.12098341253785803,-0.04417048382145884,-0.01804035431977755,0.019381531763829687,0.08269941160452267,0.10452426493469327,0.14231237881298564,0.19912477102162499,0.2223183969287444,0.2728999009747811,0.3605425652024632,0.3996330328474765,0.4642378154988449,0.49073596832550376,0.5498500856223565,0.585596689643781,0.6286038381426744,0.7208843295534768,0.767427334986823,0.7711376821155806,0.8295876091958214
