jsons/1312768800.json
{"header": {"parameterUnit": "m", "parameterNumber": 3, "dx": 0.1, "dy": 0.5, "parameterNumberName": "Northward wave", "la1": 40.97354507446295, "la2": 16.46031188964855, "parameterCategory": 2, "lo2": 133.9931640625001, "nx": 191, "ny": 50, "refTime": "2011-08-05 8:00:00", "lo1": 114.97908020019554}, "data":
[rows 22 to 43 of 50, columns 50 to 99 of 191]
0,0,0,0,0,0,0,0,0,0,0,0,0,0,0,0,0,0,0.08348007876594049,0.06728173341465059,0.21805923964538718,-0.18456666517217127,0.27565263842146615,-0.5914987414010893,-1.2418968465221745,-1.4108877989658977,-1.273686815787928,-0.8237596719358704,-0.5752585341801097,-0.3774254614023879,0.026742156142737963,0.26954005825908695,0.46165786941344156,0.6703139389654521,0.7659438193290573,0.8655362093387741,1.038751962145596,1.0914878312277538,1.09458467124149,1.1554855017497896,1.1712689609423383,1.190316683834846,1.2033583349036645,1.2674643587635468,1.2895838628600513,1.2985590049738176,1.0149941347944165,-0.42553581254382583,0.9097838056505937,1.1908531308792998
0,0,0,0,0,0,0,0,0,0,0,0,0,0,0,0.008069913472632324,0,0,0,0,-0.36423876610491746,-0.7312353556618494,-1.0448466828950547,-1.1285706579824006,-1.1561426165694437,-1.166108936826141,-0.979154786672204,-0.5321067762370765,-0.2967403729057002,-0.03594263079135822,0.43494133277287994,0.6627797143680668,0.8327764034926456,1.0324027017707083,1.0516585662605746,1.0804786170024985,1.095365115172147,1.1121254491158326,1.1106436454705633,1.1610502095472246,1.195121306159752,1.239162281243141,1.246360785909468,1.2845354724683948,1.308662519912129,1.339218750448859,1.3746863020220697,-1.3818539213006842,1.3279406770186384,1.3146201356374527
0,0,0,0,0,0,0,0,0,0,0,0,0,0,0,0,0,0,-0.4180615883122032,-0.7129895740420473,-0.8597665985385561,-0.9919993663338591,-1.2020316013718917,-1.1879374897456807,-0.867704641722767,-0.7344493738105562,-0.5339933646938476,-0.11602872218407165,0.10833707057277062,0.291467643826826,0.7367609921960352,0.8331890027327298,0.8595176078787982,0.959900495323978,1.008089548391581,1.0442223708322016,1.1296947856528317,1.171779306113546,1.1901796433711753,1.2298209638892204,1.2345280443713242,1.2543336604140873,1.2620350853650466,1.2908458718814384,1.3044211416009523,1.3181979643342772,1.0167700442040968,1.3513626051011707,-1.3363138830675496,1.2889278539893323
0,0,0,0,0,0,0,0,0,0,0,0,0,0,0,-8.1454825486999445e+37,0.08275384692727632,-0.5351481548418655,-0.7897832576649659,-1.1170618018666478,-1.1123518329802065,-1.0711561397382565,-1.06824541614772,-0.9314888894990937,-0.6109920142949214,-0.45562919485107595,-0.2514335031221963,0.24392824774577632,0.4003843745804011,0.5508790671517617,0.9147827998815813,0.9618471871748461,0.9970799080693575,1.0803613211839769,1.1130996453492568,1.1091583179114803,1.1443908890385572,1.1367665876529125,1.1628909440127617,1.1970488885633803,1.19966001554268,1.2227534633505568,1.243689856820126,1.266072725472767,1.2753560129962145,1.2849868161357032,1.298534964858539,1.1923569496142685,1.2262405067796762,-0.7194093378579175
0,0,0,0,0,0,0,0,-0.08445890265402901,-0.19923220297328345,-0.2738630664996144,-0.3397651332493968,-0.47764716343872504,-0.5673686686743692,-0.7265159882126284,-0.8698607033848369,-1.0878463422309854,-1.1866759596046585,-1.177822438792487,-1.2294391198491526,-1.033549868133153,-0.9151775762185683,-0.7649826026203087,-0.6021876494699506,-0.30591416056873144,-0.11389588734523357,0.08822718558600902,0.45127668515220093,0.6169581457818255,0.7410828574499622,0.975485036152541,1.0125817230598984,1.0297056828771785,1.0897205633862348,1.158225738873979,1.1744943798716907,1.1988899750019895,1.1771537456495436,1.1885886724760713,1.214069808460858,1.2212865749465955,1.219163920337876,1.2225852217354884,1.2294647232610858,1.231040420355507,1.2426287084556151,1.2209532948511734,1.2132793305496077,1.024685910186157,0.5977545757006754
0,0,0,0,0,0,0,-0.3770830462711137,-0.5026526262239728,-0.7106218840610186,-0.8031033623134978,-0.912388578956784,-1.0616104939018591,-1.1172844631982262,-1.1090090034583282,-1.1077446212610376,-1.1472463612655388,-1.0010954788898088,-0.9506256912332733,-0.8808454064710878,-0.6615918126492507,-0.5411258230695934,-0.4520638030225582,-0.36402925944143755,-0.16471695672157918,-0.007200376100514594,0.13037553907547914,0.3910471045449804,0.564341883076517,0.6975079770695968,0.904344485383675,0.9482631243948708,1.0031357615726966,1.1342648212769448,1.1753452024978979,1.1867486708243482,1.2089724786359861,1.2197956192575203,1.2266830391085561,1.2438206846435866,1.245268718950445,1.2378969143713352,1.241033723256519,1.2521118479051638,1.244257022014899,1.243985116608651,1.2433351822454837,1.2470274151178653,1.250807172737052,1.2531230743610045
0,0,0.09994548808811135,-0.4613428714488341,-0.5915535159448476,-0.6841354314761494,-0.8552957250056246,-0.9295518268608601,-1.002738221768856,-1.0879204759464387,-1.1304321803133397,-1.1010240648124612,-1.142036972820291,-1.1129043086129085,-1.0200178968105214,-0.9591085888027281,-0.9388302497225861,-0.7862188652323611,-0.7459750910767419,-0.6577928808050406,-0.5399922327823649,-0.43581511155764185,-0.3622646091120291,-0.26831646153020194,-0.07367740772916792,0.09057305613763057,0.14154653928276278,0.4695315237790106,0.5608866890281279,0.6502551871642218,0.8455568101948177,0.9212922026304424,0.9729131205663135,1.1273074315532015,1.1401541877463104,1.159983840430266,1.2014950472563681,1.2142868412178769,1.2180602879574176,1.2363815394945585,1.2572213265457304,1.2542423659167612,1.249697466699671,1.2562720043499085,1.2367766406918346,1.2351232556239233,1.2341761706634415,1.228550653276849,1.224373839266754,1.199502010974828
-0.6204165660262062,-0.6941981477381733,-0.7770862322847946,-0.8847958342460542,-0.9034462224398477,-0.94504781883969,-1.0252445968109183,-1.0274284876839843,-0.96122750250062,-1.0000728149342317,-0.9711846360604203,-0.8903149476701007,-0.8880454828519246,-0.8439258234064789,-0.7647734245045932,-0.7150672490470033,-0.6872107670743316,-0.5894722633971602,-0.5443124671440639,-0.46111501924587334,-0.33357027618329277,-0.2800244382279391,-0.20668251326083828,-0.14776123952027523,0.017052657251892554,0.13742567866297375,0.2141396734639195,0.3822390121220128,0.4371423306398827,0.5670871292462822,0.7589706196402559,0.8404796570379274,0.8912490111710635,1.0520266367289628,1.1267351219255406,1.1493322568269202,1.1811436307110157,1.1966891538528364,1.216324416036956,1.214062996128009,1.2285963437404697,1.2366946618619987,1.2436344230485186,1.259498350017869,1.247463792551372,1.2414252793166094,1.2445915285083582,1.234105338958008,1.2309547021150447,1.228025093276809
-0.8644974825958539,-0.8540007153634573,-0.8891828389314392,-0.9168488334701762,-0.8780504354581806,-0.859807618968039,-0.8805341409278953,-0.8623500041127442,-0.8013618993468296,-0.8128406723718568,-0.7880810915128912,-0.7177426841712768,-0.6733859810402198,-0.6341556739218933,-0.567693886454856,-0.5555892034837039,-0.525493300552827,-0.484706036450312,-0.4137014306347889,-0.37955400075165674,-0.32003315806916505,-0.2947663482258872,-0.26777301602140413,-0.25475848475413065,-0.07724796384820863,0.013018969873477037,0.10373690552824479,0.27978231563075895,0.31261290348796156,0.4228191253907585,0.5836620958857933,0.6442117547427816,0.719647462315609,0.8834633324553903,0.9616967416593741,0.9917584683051417,1.0811359141615453,1.1355748390785756,1.140468685577044,1.1812444563249254,1.2024773326270886,1.1904490958128167,1.2249436122390236,1.2488738299465676,1.2449011369659373,1.244934296403366,1.2462625879109186,1.2406219351604066,1.2383199977137582,1.2324678410205026
-0.8179794663301898,-0.7385994351554351,-0.7207082718387119,-0.7262822976394708,-0.6596507236667327,-0.6449091942470997,-0.6492354694120919,-0.6197910136005412,-0.5469412648757975,-0.5228328267113923,-0.4955331598010469,-0.4247901795351452,-0.38792313888083096,-0.36986444900362203,-0.37421966297251563,-0.37759250098522346,-0.41246564907976363,-0.44263422278703546,-0.4495573246379064,-0.4787662594999406,-0.39971131072445903,-0.36405681287534797,-0.3252272865871599,-0.26672974234654123,-0.13424656857853648,-0.03501928020177818,0.050731361200454544,0.18961155786404507,0.25640264603399293,0.3127517435133949,0.4149713953362974,0.4573165148321965,0.5235301247656468,0.6924946255134314,0.7804944637977338,0.9024567672908542,1.0423691392950958,1.0838073945619817,1.089249537548868,1.1528529587514142,1.1786552058217836,1.1927877456434621,1.204043057779863,1.224040768161361,1.2186405383937986,1.2424984674488864,1.260431159084189,1.2385713181901477,1.2293326378354545,1.2254003399224833
-0.5804891034386249,-0.47731628835591516,-0.45459171953882604,-0.43503366895515333,-0.3622109439001261,-0.3264561788805972,-0.3062343594428446,-0.1784354133332471,0.017102037674285857,0.23777180410047377,0.3030054111902255,0,0,0,0,0,0,0,0,0,-0.7773760186464674,-0.6512291305027506,-0.586555343126049,-0.49603484496321465,-0.3585712252269245,-0.21800496704107752,-0.12565035289149729,-0.01320368509164861,0.05412119847981784,0.10995217593732629,0.22578008130227317,0.33258074080911165,0.4357920251171666,0.7013165941053853,0.7672848862702176,0.8434162772859175,0.9102656295265142,0.9183991032424338,0.9701317463872275,1.0288050169086007,1.050178995989305,1.0404944731896981,1.0107463622660537,1.0270728595365457,1.0472379392390507,1.1334408105014193,1.2000365274727085,1.2021165410974308,1.2166756085168904,1.2567472351597189
-0.30775823839576444,-0.18832399989998422,-0.13712289968248764,-0.05873154185618212,0.19132843887641474,0.2639308904820395,0.40715533838612805,0,0,0,0,0,0,0,0,0,0,0,0,-1.0891807354029799,-0.8034743984895649,-0.6860196914456596,-0.5955131109565043,-0.5255481757567938,-0.3373590671869262,-0.2794824850970002,-0.20871977880201933,-0.06300904093172503,-0.018396302755330152,0.06158478178470263,0.2205920310822251,0.3134277945726238,0.3853634317804182,0.5319755331040866,0.6436660798291584,0.7013942436935163,0.8369402975637215,0.7226962989563345,0.634974102086775,0.5488872837458955,0.6526578585140018,0.1518913490918277,-0.43118469541345433,-0.7557258055860663,-0.06548138202091583,0.5071159819850649,1.0211636234618937,1.1353195536089047,1.2005486964921155,1.2916519657397987
0.1658871224741527,0.45805645975898013,0.5301251908252868,0.5107514618504805,0,0,0,0,0,0,0,0,0,0,0,0,0,-0.9029930673935829,-0.8527721614526018,-0.867704156815485,-0.6189636904683826,-0.5513185793231437,-0.4789737328618834,-0.38969113616361417,-0.25470153975645643,-0.1786065203565947,-0.10190248525892978,0.028186213595796598,0.1269427541716393,0.14945628786703655,0.24056743514318338,0.32837993264250864,0.40355685647519973,0.573290686435157,0.6522887488464225,0.7430820394170766,1.0769766166586212,1.0203122699389062,0.9126344567919991,1.0725347203488964,1.01246667531764,1.1561401055409253,1.2013827793421314,1.1857330613541015,1.1366358067067144,1.0336210105875712,0.9743192796996352,1.0189873456631415,1.083297076958799,1.187208403776969
0.5468356534074102,0.687249944799445,0,0,0,0,0,0,0,0,0,0,0,0,0,0,-0.9885292384811941,-0.7758025010893274,-0.7067721471915205,-0.640113711731551,-0.4555661380203,-0.39328891540200706,-0.3377251752556707,-0.2528609349317986,-0.0988883841796797,-0.028953610296584515,0.027102987944183306,0.1227176503020201,0.16751942215989307,0.20591537560731102,0.3162355855419387,0.37147994400110806,0.43641181779698335,0.5641626028613976,0.6400361100563718,0.7095331288955292,0.9355249374068438,0.9689861723205618,1.011734746320253,1.0408011041343994,1.0362304103593556,1.0707862157546777,1.0741295307519163,1.0679144722128169,1.044236093541292,0.9900995279383545,0.9521005892496701,0.960025450611251,0.9455229481337948,1.0491990822486452
0.3808360336120556,0.07706596707660825,0,0,0,0,0,0,0,0,0,0,0,0,-0.8226122856050928,-0.780002264651286,-0.7629866629576402,-0.593381188004763,-0.5178944966564754,-0.459745289163751,-0.2807250944343701,-0.19762057461123705,-0.1458199157523514,-0.09746663690990183,-0.00013639921653854853,0.06511403004488149,0.13064676416599716,0.1970691581795933,0.24619564963854945,0.2749368737074226,0.3518950463660394,0.44693361848596835,0.5195596610956256,0.6218318029649827,0.6929458455519186,0.7153779298391352,0.8105614444953095,0.8337014101754546,0.84150789152008,0.9447870836565381,0.9382260660993026,0.9360530263094371,0.9406760496263092,0.9751281465607572,0.9727334453120366,0.9839791691983262,0.9789370343069683,0.971181048921112,0.9697921823439002,0.9914934590288004
0.5189796924352266,0.5809250030807679,0.5185644231778859,-0.005699127823065559,0.117453161375202,0,0,0,0,0,0.2153738394776924,-0.8464290462148555,-0.8902799752434698,-0.8205632334005843,-0.6600057036436758,-0.5736414722866218,-0.49627357740618894,-0.3818003108461778,-0.3393913973566677,-0.2850073145390633,-0.16560288013587227,-0.09524848371667007,-0.017897784333220285,0.02358487882757349,0.16776422008339584,0.18064450239165003,0.20431144446144522,0.26869693401317735,0.32956439448730085,0.3703825808668928,0.45259267463639064,0.5317436179776793,0.5941682820076605,0.781091664201088,0.795159260742155,0.7886382866541698,0.823686460524628,0.8404440075393109,0.8348822428555193,0.8639254830269371,0.8959816265711728,0.9132580319940964,0.925592084911072,0.962396491125298,0.972462731729251,0.9794017495785631,0.9919257391994646,0.9979280496075492,1.0059858196757214,1.0157230104134045
0.42348964992843036,-0.1461119495819779,-0.15325489119391994,0.1737688053834657,0.3441563112575206,0.26023498733759914,0.21230787252211142,-0.002456675882198319,0,-0.9058172237468911,-0.8287584880159615,-0.6854283282666487,-0.6520326065305079,-0.5859827836179967,-0.42572099285825227,-0.32495798269733706,-0.2809180317755177,-0.1599289713057828,-0.07498692979980363,-0.05155322517705681,0.0249920312189904,0.08682635170853478,0.1464456183212521,0.23546084885617963,0.314157027314741,0.3475719786192324,0.39477982748583174,0.44220945269749,0.46152845783840013,0.49425618384609893,0.596078191737323,0.6088820310975103,0.6163486888100627,0.6888482106122058,0.7091398772367178,0.7278331460834702,0.7615873316685745,0.8027628261637557,0.8240327951522646,0.8609412822349627,0.8758167408805089,0.910431509299606,0.9403794252899781,0.9542141737557851,0.9410828131918708,0.9483798276560109,1.0201382077776053,1.0329317928889372,1.0455409423342008,1.0587928919335576
-0.3792948950431074,-0.439956189050471,-0.4595014310036131,-0.4959524648937351,-0.5046455142697477,-0.5445244808357926,-0.5557818432556615,-0.5445576390383904,-0.5068332095571871,-0.4917564214720312,-0.4457078168182158,-0.3526387511321415,-0.33434897014507936,-0.3056589345460207,-0.2218027330489409,-0.15923225809460456,-0.10519364937663764,0.007142069183820007,0.047951205033359694,0.09831935547376981,0.1884695918082487,0.23184383867176234,0.2548067011806882,0.3111624713262677,0.41003882316069856,0.478242011099525,0.4871321832705843,0.6151228407315542,0.5916708594394077,0.6015163501790957,0.6233085488577712,0.6316513274063632,0.6488370264810107,0.6917474978757885,0.7376415356083336,0.7593807466251487,0.8076614293857793,0.8275640394615021,0.8503190759686476,0.8894534702553738,0.8926628722566045,0.8835009401549335,0.9032701316418211,0.9412982275069384,0.9570122604752163,0.9728399793668973,1.0288235058385458,1.0449286507017972,1.064533956845687,1.0892913022306256
-0.4680648843101554,-0.4769177671331895,-0.4792121480731942,-0.5178305188495844,-0.4948983654774352,-0.4911073918390422,-0.4914682947843629,-0.48971961170877865,-0.38265807903471327,-0.3686792847214223,-0.3333335279603068,-0.2564635277375579,-0.21185801827894096,-0.17513099633196713,-0.07678266017309313,-0.05917821356012332,-0.02871902184246475,0.051470028299738,0.0878457826316294,0.12624509790473645,0.19649418292791243,0.2688447756994312,0.305186201798847,0.33302882861498956,0.41196192660672776,0.4267778522316947,0.45252195535621315,0.5348179662155381,0.533912845727027,0.5936678876193522,0.6482313721038466,0.6722970823255279,0.6831415910937382,0.7104368482902614,0.7255333774549778,0.7310453839918641,0.7791857741817185,0.8144825848923549,0.8233395568608964,0.870819359905751,0.8903528340326289,0.8900291563655601,0.8980430987281022,0.915884436922702,0.9241665526770807,0.9255207657380601,0.9841377479259654,0.9974459569635087,1.03253233637567,1.1123648687550027
-0.5437273448150953,-0.5245812930235211,-0.5048060690962839,-0.5137562278594605,-0.4579260551389179,-0.45183484693745596,-0.42728564490701926,-0.3812988253017381,-0.33768089350800184,-0.2911237372868561,-0.2693647667857728,-0.18709026118788702,-0.17857621856802508,-0.14531559231543145,-0.08908232230015267,-0.06244856912203433,-0.014867720377645718,0.036843257113459545,0.07739673542150106,0.1264466450706635,0.1786157073586059,0.22114288677588334,0.2807355903737706,0.29701729446757813,0.38985516465183223,0.4085059658599608,0.4548372052681836,0.5399489799078814,0.5767465837637248,0.6435152496353611,0.6858740680757907,0.7383037681143086,0.7621207235644971,0.7470722788113633,0.7713721196129014,0.8096536752557512,0.8398888511301996,0.8552663851869887,0.8657031506518756,0.8927687901848448,0.900144985852516,0.9268103641504515,0.9412937669985934,0.9461128503529624,0.9671371844757043,0.9808743331815521,1.0021001407866996,1.0055186863318664,1.0122440589603445,1.0704606210215446
-0.6052380052010803,-0.5468669427993283,-0.524210483200046,-0.5030367959687606,-0.45974185892686603,-0.4274000850131917,-0.41234675175291646,-0.3826164520195586,-0.30525535694024686,-0.3014039085594228,-0.2661849297131853,-0.205417101615187,-0.18969582281859682,-0.15114570338212505,-0.10156335527958187,-0.07537678067377568,-0.03375829341497167,0.022103020842678813,0.0524619358839989,0.09034016551773791,0.1558752699501955,0.18785743001148122,0.24026620771479873,0.2553762273081303,0.326693441860928,0.36309772207739066,0.396905055296493,0.49441976211561356,0.5222882583811952,0.5528173857935523,0.605846209985722,0.6401109851743599,0.6691432753785105,0.711921176717933,0.7423020034408351,0.7514051462353294,0.7772868201044302,0.8031054807582358,0.8503355861754467,0.8784534281152623,0.8952484219567055,0.9093039246543355,0.9336858218986176,0.9552907129964777,0.9676738714401804,0.9792718127950052,0.9960481616801079,1.0229599673758485,1.05357267217393,1.0849086110264263
-0.565273453791243,-0.5408201163918349,-0.5179710459622133,-0.49739618393539897,-0.4540176854454357,-0.42153459408780314,-0.40346257383625167,-0.39775379091266283,-0.33623465552754245,-0.3215656240174453,-0.30865009519174297,-0.2286302230948319,-0.19086412806697348,-0.18062094935044215,-0.12048662100814048,-0.08396408928645889,-0.06563644014185309,-0.0075346576699696485,0.024523497481776638,0.05140188220547955,0.11716828370168007,0.13002734908255242,0.15061492846850594,0.198800884319679,0.2554273475830641,0.2767466515451554,0.31075404679595137,0.3963640009216345,0.4092276356309553,0.4385058680048289,0.5150172137033722,0.5409842865489305,0.5731512603833222,0.6322802625945005,0.6458218765704676,0.6747023447405075,0.7344132068190863,0.7449056667921959,0.772625945558997,0.8222910618009561,0.8311517749706424,0.8451832321680888,0.8439870317190445,0.9102175973979513,0.9465496380330146,0.9725134014259368,1.0334672164605458,1.075481898859427,1.0740086550001096,1.092644302627323
