jsons/1312524000.json
{"header": {"parameterUnit": "m", "parameterNumber": 2, "dx": 0.1, "dy": 0.5, "parameterNumberName": "Eastward wave", "la1": 40.97354507446295, "la2": 16.46031188964855, "parameterCategory": 2, "lo2": 133.9931640625001, "nx": 191, "ny": 50, "refTime": "2011-08-05 8:00:00", "lo1": 114.97908020019554}, "data":
[rows 22 to 43 of 50, columns 50 to 99 of 191]
0,0,0,0,0,0,0,0,0,0,0,0,0,0,0,0,0,0,-0.35812097238883284,-0.233208707403009,-0.3193968541354993,-0.13942350907331086,-0.10203303090146777,-0.3086773124276555,-0.22244485376838588,-0.34816875712758105,-0.34029624789149177,-0.28648782664101297,-0.33397439472923657,-0.361023146967087,-0.34719875104602943,-0.34512312086767943,-0.353057174179208,-0.3522938251792474,-0.3521821858108613,-0.36145326376132525,-0.3536861376451486,-0.3375898252549226,-0.33651747281415717,-0.30942409193755854,-0.29363693620950837,-0.293395480816751,-0.2925343052352331,-0.27612091297231084,-0.2711741003149593,-0.27526283866646545,-0.25161742094971207,-0.2532146677330296,-0.2519332173008091,-0.2519860868868354
0,0,0,0,0,0,0,0,0,0,0,0,0,0,0,-0.2134603134484249,0,0,0,0,-0.2742148281433775,-0.35966705965309276,-0.4066509922181366,-0.394058548291916,-0.4239066361621953,-0.45082430177562227,-0.47257657429522404,-0.5102499150976708,-0.5273050293479807,-0.5420554620340708,-0.5632657734363677,-0.57630450374585,-0.5808881680876564,-0.5709446404527524,-0.5500859721671596,-0.5264438191252236,-0.5113576270868128,-0.5291258609312628,-0.5364678201313205,-0.5178185719774964,-0.5148014328740285,-0.5037843044997358,-0.5153783633335662,-0.4951428657290268,-0.5046521372253427,-0.508128451555497,-0.4942148007046776,-0.5001762196753532,-0.5074632103067471,-0.5079470327053095
0,0,0,0,0,0,0,0,0,0,0,0,0,0,0,0,0,0,-0.3775702153978498,-0.42827270026344433,-0.404250173869079,-0.4009333479552813,-0.4298434395276492,-0.4375638388707366,-0.48022855894963534,-0.527590504552239,-0.5514444515392221,-0.6104581740758791,-0.6350134571735947,-0.663388216269421,-0.7020681448607435,-0.7319996861101976,-0.7432612635353183,-0.746483959435472,-0.7566521377936017,-0.7725196186295704,-0.7741365769046267,-0.7906003346480216,-0.8328304091958302,-0.8309059272295357,-0.8335057880330924,-0.871677001690148,-0.8517255803761873,-0.8400398189607132,-0.8458544529874006,-0.8267258580025728,-0.8196450191200023,-0.8298788549118846,-0.8320875944778628,-0.8245966761734049
0,0,0,0,0,0,0,0,0,0,0,0,0,0,0,3.3038944722661223e+38,-0.457804711054293,-0.35899558145261196,-0.43392005704722053,-0.5244530382676956,-0.5362876807565239,-0.5602816241965758,-0.5972110842960184,-0.6244921788373126,-0.6851514364720265,-0.7049357545942395,-0.7487401766687676,-0.7814917586899842,-0.8205305928212338,-0.8493331020282291,-0.8973752875622273,-0.9437977221324919,-0.9806112827557917,-0.991442238940448,-1.032000531079383,-1.0614199219244511,-1.0800506037286948,-1.0903197629791208,-1.1347571461406822,-1.1497845224718772,-1.1485466647044205,-1.177930977003396,-1.1803804762053962,-1.1924251764696723,-1.2234156759167298,-1.2337969195277854,-1.2463331590945106,-1.2841196082005513,-1.299083704172257,-1.2785406658516931
0,0,0,0,0,0,0,0,-0.19312176673140505,-0.23468661450323344,-0.31422438197513447,-0.43038097181961005,-0.5242760792600588,-0.5201327579717211,-0.4741908310429849,-0.49023411311003173,-0.5338575687212537,-0.5619354699481104,-0.6120750294927818,-0.6724200068273387,-0.7170292467929142,-0.746623443384259,-0.7940450928902744,-0.8221312005558395,-0.8633483570313455,-0.9143808686297519,-0.9594549595139177,-1.020498528828285,-1.0682439153978647,-1.1094887523015773,-1.1605681828866727,-1.2318487944834904,-1.2518187839388246,-1.3024295576602858,-1.3353918447303335,-1.4182756220680774,-1.4372089533775338,-1.4508117365851851,-1.5467702922598219,-1.5384860623631311,-1.5586033469687437,-1.6258805364350988,-1.646696890716607,-1.6606885943752732,-1.7503363261094014,-1.7568427669199043,-1.7709385619941966,-1.8418307937793994,-1.8549810640359434,-1.8835655046263577
0,0,0,0,0,0,0,-0.33098243487356294,-0.45313288242274313,-0.5574356560467982,-0.574100055095589,-0.5868079292662552,-0.6429079954414818,-0.6743185523732205,-0.7157994462265526,-0.7420311538952622,-0.8041505387533431,-0.8378086879190779,-0.870047331975861,-0.9134791070884596,-0.969962755288455,-1.006845078076453,-1.069588424785684,-1.1080139084905873,-1.1860200206564764,-1.2633871406824289,-1.3152038802950288,-1.3651869893112163,-1.4420097363833915,-1.4809388617452275,-1.5352376844008229,-1.5968606828022767,-1.6533129037292,-1.6895084891441052,-1.7472379310121118,-1.8246155553215087,-1.8707442467221846,-1.9063383604991124,-1.976251650665867,-2.015734243369708,-2.042008263679514,-2.1373381984059505,-2.1969178770473268,-2.257264715081217,-2.381846523744057,-2.407286985680698,-2.460263180817005,-2.5703572513574366,-2.5939628780019746,-2.607395192286015
0,0,-0.45728528287874054,-0.4057315395038856,-0.4636614563216774,-0.48700888965295197,-0.5875872584465645,-0.6270756725483719,-0.6726468131964527,-0.7206506136856158,-0.7636925872609165,-0.7949581137671531,-0.8505450973316314,-0.8871899742666466,-0.9392039341006511,-0.9753780065458975,-1.032376578943095,-1.0838051740884105,-1.1234651882980369,-1.19425477430869,-1.2563937766587052,-1.2858135462632687,-1.3528471312140344,-1.3972126278393677,-1.4632572870841396,-1.5571517572168423,-1.5857604377234347,-1.676917630624129,-1.7832903708341337,-1.836201164386824,-1.894543329486502,-1.998461900048956,-2.039755784696155,-2.110061668367215,-2.161279925705573,-2.2833901445015807,-2.312604471651074,-2.3598123408029363,-2.4863569383413786,-2.557299331833768,-2.57472226998616,-2.767219959863619,-2.8175147044736497,-2.8853104159542293,-3.02825000291917,-3.0995726411394022,-3.194531791209823,-3.3972949390928684,-3.4928805439714092,-3.4443298153366597
-0.4430253540368057,-0.49294067065443126,-0.5505363027148686,-0.6236275869967643,-0.6730212444670242,-0.72638299870036,-0.8037646783792878,-0.9790765065360223,-0.9947703933949142,-0.9543199982396986,-0.9447765016848112,-0.9690756617895958,-1.000852561252516,-1.0417286877506091,-1.089640372839116,-1.1356975856504683,-1.1919090123908946,-1.2684971876292477,-1.308907545235824,-1.3809189173465968,-1.4369798201391066,-1.4951041037412858,-1.587833659460335,-1.636916413735761,-1.7195395084922678,-1.8215838328116067,-1.867751103024303,-1.9403528957420009,-2.0624122977347334,-2.1208025834428312,-2.2029249416223986,-2.325189022313992,-2.3693053054131687,-2.4724173461520014,-2.541864205975692,-2.685037043029261,-2.769116486489196,-2.809324499950437,-2.955692773155038,-3.0232169259040838,-3.09644697484211,-3.292777967351375,-3.3977208717246117,-3.542339082406755,-3.736027487576153,-3.86906879279183,-4.011070209786552,-4.225132654602501,-4.3251457121807135,-4.395345880726953
-0.6849125213590938,-0.6891388249131903,-0.7132736336714144,-0.770666636135265,-0.8026594676117871,-0.8306772490903158,-0.8774164233964942,-0.8907065410864526,-0.9418762379001785,-0.9914832127496284,-1.0325641993843944,-1.0875211617687965,-1.1672092274055783,-1.2064776280483098,-1.2746125446193697,-1.3129818692419308,-1.384707170853713,-1.4412402369984685,-1.4937555735130896,-1.5753762081987353,-1.6504260967251556,-1.7114771269822384,-1.8157056480023253,-1.8763981275086532,-1.9529618236599133,-2.0761179960757263,-2.1361236540549022,-2.2219555217086966,-2.348039944825398,-2.403776293651649,-2.5081098244432196,-2.664480831594084,-2.719266143873491,-2.8368585874391443,-2.9030650046616495,-3.0772351917771705,-3.228330739267363,-3.2738156328434664,-3.4861284269511374,-3.629760909343672,-3.689483834791348,-3.9167224648366825,-4.0758743375720154,-4.249442906095367,-4.484603646114887,-4.636331445717791,-4.806174568422518,-5.111430346254339,-5.219785921315145,-5.390944729420922
-0.7746893195924757,-0.7857080317251938,-0.8424792903440599,-0.9143851863479485,-0.9536887958356125,-0.9768150705331519,-1.0361265465108707,-1.0821135154480246,-1.1143952657303928,-1.1806918217674924,-1.2274476445073803,-1.2901343074900706,-1.3526095041749464,-1.3928533710400803,-1.4140417087396726,-1.4849698594617344,-1.548667717402718,-1.6206584098218464,-1.6663957230515485,-1.7680149197751225,-1.8340920780151604,-1.9102899008267593,-2.008508159295146,-2.089402976467518,-2.1633254991281845,-2.2803213486839247,-2.349774261901947,-2.4203559587931047,-2.53276056841152,-2.590462650762622,-2.697428245357592,-2.825057899152287,-2.922181250864914,-3.012941249940421,-3.1061019335867908,-3.314919586746325,-3.4778157582834526,-3.5786869457441552,-3.8225070445356484,-3.877416237436517,-4.0601426066771324,-4.347636314157155,-4.506142907056922,-4.618211391621449,-4.924914503857664,-5.108830076606752,-5.27615738921604,-5.592033607791691,-5.776522571656535,-5.9211779034259795
-0.9217189500709041,-0.9499384659824869,-0.9709927413532589,-1.0274099118370683,-1.0575122542990576,-1.0911387538208421,-1.114242076599895,-1.1439091287341456,-1.136214426716467,-1.085970252807079,-1.0282262900083825,0,0,0,0,0,0,0,0,0,-1.5257133508418788,-1.7276064684664225,-1.872548737527812,-1.944402403667025,-1.9994759769490469,-2.0759694998863867,-2.157157164306295,-2.197354152321187,-2.2997650931725637,-2.3322827379554827,-2.374563787459045,-2.5342670738202204,-2.6553030530630575,-2.7404733486932624,-2.9095542040497486,-3.1935232103895532,-3.3411566352096393,-3.451607618080261,-3.752836159192749,-3.9466872529218087,-4.086905596929405,-4.399423452487969,-4.553695952660926,-4.678819722196098,-5.0462197290775155,-5.158557956034667,-5.315527010497082,-5.658993692999569,-5.784769745379952,-5.947846667460465
-0.7570507641424551,-0.7549401195951916,-0.7457581056724047,-0.7456219999577638,-0.7311968230972515,-0.7142166904817181,-0.659079414415341,0,0,0,0,0,0,0,0,0,0,0,0,-1.2182761337511665,-1.3481124466428491,-1.4687026815156177,-1.6205751676416424,-1.6674268962500773,-1.7394717098469852,-1.829810961827066,-1.8760465556243682,-1.920093686263141,-2.0212323026299197,-2.061687508429486,-2.128091863063792,-2.2730715828950636,-2.3498962198917317,-2.399555247856372,-2.5117186136282106,-2.7298230001364834,-2.90101360474895,-3.079162069412288,-3.2846378863919865,-3.449482642343119,-3.5880348219422418,-3.4709471923337345,-3.218161717272917,-2.2036531116410627,-4.224988681669541,-4.578081595271659,-4.744252067710982,-5.042497911411019,-5.178076286576979,-5.2968477155351685
-0.5645435591223043,-0.5489056843509081,-0.5455513607744833,-0.5347821475031332,0,0,0,0,0,0,0,0,0,0,0,0,0,-0.904263308151964,-1.0976005317301722,-1.297942709720233,-1.3348249353976074,-1.3875918685206292,-1.4809024029011573,-1.5222567304973946,-1.553641002664324,-1.6345421350334084,-1.6601321090897516,-1.6991873668290094,-1.7751739916640918,-1.8057028816547105,-1.8055193543639076,-1.9346055833193505,-2.044451047634699,-2.1137700177618064,-2.16689929532442,-2.3460395382831534,-2.409877824028259,-2.5048458188319476,-2.6658292910550103,-2.9290834975343913,-3.1055102015008225,-3.591829388498622,-3.7775482252299573,-3.9822836625210614,-4.311551258262749,-4.5171242168255485,-4.663511589282099,-5.07122901873349,-5.308881055349042,-5.509525572036917
-0.4461079957503203,-0.37884308212020595,0,0,0,0,0,0,0,0,0,0,0,0,0,0,-1.0227635974124558,-1.0803597876609454,-1.183235424818692,-1.2719288509705977,-1.2994257398204623,-1.3278306817058378,-1.4008725468998677,-1.4436166140714448,-1.4776603550467236,-1.5752836974757067,-1.6058764119117879,-1.6596768845972052,-1.7575053231716973,-1.8102345879231254,-1.86996188413976,-2.050430590580154,-2.1539107840112246,-2.354423601671952,-2.4506949598384637,-2.709191877785647,-2.8099470644724804,-3.0163712942735734,-3.329744605774132,-3.449489261032088,-3.6255145506333113,-3.917394569089499,-4.019007817744402,-4.163997166229698,-4.4303780217168605,-4.576224029833942,-4.656516226980632,-4.948628027431114,-5.0458797592173585,-5.182512097636134
-0.38298806275359687,-0.18834962904335592,0,0,0,0,0,0,0,0,0,0,0,0,-0.8298351189723125,-0.9718604243666623,-1.150388255486346,-1.2192378080156376,-1.2739443502087262,-1.3523756617236369,-1.3909179247377206,-1.4289919839791339,-1.5222446119772322,-1.5822162393620134,-1.6191969504558674,-1.7339883657828705,-1.8073966422759706,-1.8782453839744668,-2.0231181916947056,-2.0938547603504514,-2.195899129015542,-2.410410141187005,-2.500828372639564,-2.65435404505459,-2.745702790940352,-2.9969964887893528,-3.09214305651711,-3.2137355697827283,-3.4410863058422314,-3.511548842788862,-3.6410856639506437,-3.846422636663991,-3.926762836152563,-4.031007327325279,-4.219131168477773,-4.3069986613173326,-4.3695307646094435,-4.576076284551387,-4.6399541266030635,-4.696703589386065
-0.3574402032768325,-0.3412534239324258,-0.3244028480790215,-0.2817526338293487,-0.3890595161792856,0,0,0,0,0,-0.640309248246028,-0.8884287126564783,-1.0614690078735873,-1.1346827584500971,-1.1885929747646957,-1.2373908348575289,-1.3340175512773778,-1.3754003959271874,-1.4255676540897446,-1.5106225304534522,-1.5554731550180405,-1.6032050588747222,-1.7253022203359465,-1.7670541820506613,-1.8407957677532683,-1.9670812712649486,-2.0274416167844618,-2.115030023059855,-2.2766836946459015,-2.3452087879923167,-2.4386084334111735,-2.5911266379054365,-2.675124586960996,-2.7622955036095944,-2.879433469713153,-3.026172464653534,-3.096153208079054,-3.1547516056407563,-3.266634690132003,-3.376062083420725,-3.436061823452682,-3.5827211888365227,-3.6323144328890553,-3.726821301164616,-3.874524281070244,-3.94608535421381,-3.950278350375582,-4.050639996054604,-4.112120157724115,-4.139898974466295
-0.3453398073123974,-0.3443382179788741,-0.3490537114483179,-0.37291266292427655,-0.3642737222945319,-0.3848671964221244,-0.3723216577639592,-0.4123014468350819,0,-0.8437123230616405,-0.9510067822081415,-1.0734651758901128,-1.1968206732700446,-1.240880862443561,-1.2913814622616688,-1.3366434800943368,-1.436064200522511,-1.4903927976084483,-1.5227027784148246,-1.6150099422549833,-1.675506730624589,-1.7217796688335654,-1.8372114234347536,-1.8940511549779517,-1.9295796499974258,-2.049346789631455,-2.115630069366834,-2.1677475117763723,-2.298929936041616,-2.348244028930129,-2.4408047023704453,-2.589509748795181,-2.641753627240932,-2.7030511606179655,-2.797768533515282,-2.890911947558905,-2.943759456649874,-2.971862141936416,-3.0697050049424526,-3.1223070916988505,-3.1787169288510837,-3.2715693157057246,-3.335622626490696,-3.3300194993511454,-3.4476185760772133,-3.4789978381954616,-3.523074044753393,-3.6092054304229055,-3.656954635339887,-3.637326623658254
-0.6610398497787344,-0.703623621367209,-0.7283081946811594,-0.8279392552687197,-0.8584773810263212,-0.9397417265513094,-0.9939651440403248,-1.025861005236728,-1.0578686801023276,-1.1322034265370895,-1.1570010378012612,-1.2013881592806337,-1.291961705793952,-1.3296922353997627,-1.3682283088717198,-1.4214073258552338,-1.519983576047011,-1.5802828018142272,-1.6200254254861142,-1.7038003466744374,-1.7687764137541346,-1.7920696765773088,-1.8717886821995349,-1.9281330779118684,-1.9783199834957597,-2.0771361164012614,-2.1089134035962815,-2.162123965092546,-2.2891175981809178,-2.3246825223688634,-2.4121510065917158,-2.499401103042725,-2.5594720993559767,-2.593943942879985,-2.633534572040301,-2.7167428751915073,-2.75858748644791,-2.8003724321337127,-2.8777194192290434,-2.901932496548965,-2.923596760259518,-3.0151412241121385,-3.0473113772431035,-3.084729794393453,-3.1395604803126815,-3.1623065683120655,-3.178821375860915,-3.301743038779543,-3.3229742774280555,-3.3270643919055116
-0.8389972109480187,-0.8644099254937739,-0.8808737520130074,-0.9593532792788839,-0.9879484408059492,-1.0103472459269267,-1.1115916116760438,-1.1187340756774378,-1.1374103573444339,-1.2277582198781918,-1.2739742043580116,-1.3121726905034317,-1.3982937441817636,-1.4348063112345255,-1.4791975342031114,-1.5231089401139484,-1.576365761846921,-1.6323894667586782,-1.6571926463621316,-1.742588231229041,-1.768738580671255,-1.8119833741621647,-1.883970171282905,-1.9249137602289077,-1.9782721029114454,-2.0596039540547295,-2.102506823991215,-2.1497984585893373,-2.2176796515314185,-2.2641064638177744,-2.317579104609492,-2.371087889130389,-2.404610218327755,-2.450402525170375,-2.48114548063603,-2.5469177077180185,-2.55728345116587,-2.594405241510389,-2.6498805855156515,-2.680533645740523,-2.7116053115979932,-2.7523213576684746,-2.8029846250954287,-2.8265670302071175,-2.8702541892433224,-2.8733048534786296,-2.8991069296599954,-2.96926615091004,-2.9925656915219214,-3.02096872134392
-0.9032338878914186,-0.9412041704145685,-0.9371370464144375,-1.0257197243582703,-1.0380027674851917,-1.0823487188742755,-1.1472766348201182,-1.196672613309027,-1.236732350671111,-1.3141600891430587,-1.3310530321221834,-1.3700589444231814,-1.4237081394486941,-1.4601788008227987,-1.4997573460676925,-1.5265416362062307,-1.5926785679189175,-1.6406153469402085,-1.6718023900785204,-1.7418773076294995,-1.7861178808273632,-1.8123326150599173,-1.899680592481734,-1.9151049863702119,-1.9733288569853626,-2.036473880177326,-2.068939081633055,-2.118137353094688,-2.1617791777201,-2.198654581862801,-2.2169243058494272,-2.269005721781704,-2.298826713864651,-2.335875066088259,-2.365033844990063,-2.398688910899143,-2.4091708601118795,-2.4412449353255403,-2.4908560955251864,-2.5192750567259727,-2.545778120616424,-2.570059887133832,-2.6025793403925155,-2.6263015223806065,-2.6593723320545433,-2.689744353983483,-2.687723507170344,-2.728377717263028,-2.748093527151428,-2.79444474837279
-0.9662491329706542,-1.0138039083275536,-1.0446349998188793,-1.1111334531012433,-1.1296546123044053,-1.161307339262999,-1.2149120207433828,-1.2403214911644507,-1.2834225523714407,-1.318742636255727,-1.359091221695673,-1.4128784518834276,-1.4418507399492324,-1.4828646089998714,-1.5308255433460536,-1.538865309381452,-1.6098835577733315,-1.6559187988601243,-1.6787571653367397,-1.7424819597707817,-1.787836465441336,-1.815908043115071,-1.8899212203652334,-1.9056484045594926,-1.9350826372261196,-1.976511409217385,-1.9956731684704154,-2.0296370500552774,-2.0606802451609116,-2.076256458425882,-2.1013557836021395,-2.1341721487931817,-2.157654325908484,-2.1762898860143705,-2.20349862967434,-2.2300933307861297,-2.258917155305225,-2.2845206987845126,-2.336667069937891,-2.3430750757944026,-2.3634294874314943,-2.4192584530210097,-2.4476894083524927,-2.4606267092840564,-2.4843878392119403,-2.508502937296886,-2.533325603400314,-2.5524596455837156,-2.5738281030207513,-2.5946479501553354
-1.0114903452547233,-1.029761908301181,-1.0494931636307852,-1.1198667373246498,-1.151328346049245,-1.1738135773588483,-1.2333234443029177,-1.2491646787424822,-1.2898407846555444,-1.3447859987865278,-1.3580933446162011,-1.4044336668090664,-1.4887820461888517,-1.4984213577688519,-1.5247966733857656,-1.5725795355753591,-1.6262165851800108,-1.6549550476822668,-1.6875752048919708,-1.727044696075188,-1.7582050680162455,-1.775896295172936,-1.8050230790015789,-1.8379987369144275,-1.8688388116231667,-1.8928637332454517,-1.9156869659693985,-1.9507637579755313,-1.9567473359586096,-1.979284970263015,-2.016230712049859,-2.046294233405464,-2.0687440310295484,-2.0891787196466653,-2.097207119013997,-2.127744139723563,-2.1468122250096147,-2.149572644937551,-2.206647324360352,-2.2371167094656217,-2.25092888540867,-2.2920850374322588,-2.2981654965482,-2.3206997915686234,-2.3767876619098445,-2.3787004092913526,-2.382251836164235,-2.401170261117386,-2.416227361931539,-2.4430062589134818
