jsons/1312898400.json
{"header": {"parameterUnit": "m", "parameterNumber": 3, "dx": 0.1, "dy": 0.5, "parameterNumberName": "Northward wave", "la1": 40.97354507446295, "la2": 16.46031188964855, "parameterCategory": 2, "lo2": 133.9931640625001, "nx": 191, "ny": 50, "refTime": "2011-08-05 8:00:00", "lo1": 114.97908020019554}, "data":
[rows 22 to 43 of 50, columns 49 to 97 of 191]
0,0,0,0,0,0,0,0,0,0,0,0,0,0,0,0,0,0,0,0.04428357009013292,0.022623852073531153,-0.033353614071787996,-0.059170140446044094,-0.03282525166726719,-0.2806771088693728,-0.40698130808061417,-0.536089833855411,-0.541581577086509,-0.5426666005434151,-0.5420198323113985,-0.5393017115601927,-0.5405043231114528,-0.5490972826602707,-0.5466066800216992,-0.5425133843817738,-0.5482036012005006,-0.5171647232324278,-0.4169410615860471,-0.3966429763876737,-0.41525987112519086,-0.4226352007366972,-0.3886783683338256,-0.3581781297141395,-0.3661633386822712,-0.3365090529104389,-0.2841559528500731,-0.26091740453744483,-0.08078811026742308,-0.12268426469240735
0,0,0,0,0,0,0,0,0,0,0,0,0,0,0,0,-0.002840168482129862,0,0,0,0,-0.19516321403685521,-0.3277526709746533,-0.43682941096343003,-0.48838214548645414,-0.5160622584589412,-0.5432648455794995,-0.5482496623240656,-0.5357072431581884,-0.5326949504789931,-0.5329037668471932,-0.5164757407081543,-0.48146530190854453,-0.4584623119250845,-0.3763154544126118,-0.36659968760769396,-0.34850866264892183,-0.2780770991157595,-0.36310553271914753,-0.3673255228830779,-0.3516877905299218,-0.34303421076539675,-0.41353389366597976,-0.3838988079629163,-0.26459737654487636,-0.22487760446288468,-0.20228022884132182,-0.07169689433544991,-0.05776609504387857
0,0,0,0,0,0,0,0,0,0,0,0,0,0,0,0,0,0,0,-0.23641572311006764,-0.3465584009799383,-0.388715663308497,-0.42845167413568014,-0.49780248416959433,-0.5187377344572677,-0.5235417079751356,-0.5264562719737265,-0.5291137482938829,-0.5007021710202051,-0.48001068346307707,-0.45404362065805115,-0.38858565136255296,-0.3722540786939625,-0.3630322406321491,-0.33892905557964914,-0.35262369801283755,-0.36394592509259327,-0.27373718115451867,-0.16654420964825906,-0.17331331706440398,-0.1553018119101265,-0.15185925178261048,-0.1313964916147795,-0.1162725218876553,-0.014569517099115435,0.02906473873402753,0.09230585183776543,0.19706596303893423,0.23978795134542466
0,0,0,0,0,0,0,0,0,0,0,0,0,0,0,0,-8.1454825486999445e+37,0.05161504458133266,-0.2709219263716424,-0.35202339173194336,-0.44343219916882665,-0.47093268015060713,-0.49391486885610775,-0.511789690764692,-0.5226467603154723,-0.5196919061484446,-0.5018372585186704,-0.47285761549105304,-0.4007967500666663,-0.34402943746476666,-0.3330149582760242,-0.24364924480599942,-0.17937075379000475,-0.1852921758189581,-0.17761038773244378,-0.15710408944569634,-0.1538044948021572,-0.1218447847896977,-0.11238146121905294,-0.060540250546752855,-0.028008888659776222,-0.011499933268802864,0.08110973025619156,0.11968468409577956,0.12703613649607506,0.14795770784538434,0.2003185259827733,0.2605038525163661,0.3066432409128649
0,0,0,0,0,0,0,0,0,-0.06882117865174743,-0.15099587926635227,-0.18775745967910673,-0.20768287453262738,-0.2598532815943722,-0.28141822640000375,-0.3231524706775411,-0.3597318413787898,-0.4024758771988023,-0.44261904882278724,-0.4816736747973359,-0.5089945171548921,-0.5458373080534937,-0.5651131305108248,-0.5681967854911564,-0.5677458307106271,-0.5365056358232271,-0.4761154717176595,-0.4149997172723057,-0.2691621729448286,-0.22420997753790955,-0.1844579349556951,-0.10530644585946812,-0.07805825189907512,-0.07687574434791841,0.009091344632136796,0.0027649002514023124,0.05528849831606719,0.14973848448628996,0.1427859093646701,0.1427160427678741,0.17777266541263764,0.19964934904525505,0.19551266269950102,0.20486764645160507,0.2772715925177381,0.3264842660931623,0.3253534559064873,0.35598819104685037,0.3963074273103331
0,0,0,0,0,0,0,0,-0.24752756982579588,-0.2836667653191868,-0.34339883643133284,-0.3592059852258897,-0.3840275204947675,-0.41184458107725413,-0.4292961275318081,-0.4590964718847484,-0.48431486167019266,-0.5220542531302098,-0.5513935628270094,-0.5755711541233828,-0.5787160693240521,-0.5603397222853368,-0.5492194796286743,-0.546916762146538,-0.5264546233524476,-0.40913540317785285,-0.30718914978940765,-0.24079784400078233,-0.07041632273693955,-0.07032478645303883,-0.06241214963671565,-0.004635097209263439,0.018288876801430744,0.012085656368384755,0.12376189335357561,0.13519511106297397,0.19522931852334707,0.18879970733002674,0.19080806596985256,0.17383959760761908,0.16364146387728154,0.15456170318978843,0.1776532303838369,0.17880933944301172,0.29917205372156586,0.3948143249602493,0.3628260928043225,0.37626593366663286,0.4505113412277894
0,0,0,0.0765368030147481,-0.3021103372452786,-0.34087174700709283,-0.36085656114854964,-0.3946700267226401,-0.4099452136499454,-0.42956154181075956,-0.4405966988115908,-0.45679010105202866,-0.48060408362339296,-0.5164097023594773,-0.5477813153576822,-0.5725621852393205,-0.5975824944891582,-0.6110363267038305,-0.6093878028815298,-0.6096227309031197,-0.6133311507379045,-0.6281687272178396,-0.5935750434541399,-0.5487457889928189,-0.467198868370361,-0.2976900386166358,-0.07336618822642825,0.026551784924096235,0.09956318754916439,0.06001757402922556,0.047806498157983365,0.021105717606747006,0.0327229049224511,0.038040066557916134,0.094827275881733,0.1292756426682077,0.16468584649952514,0.1628763268541333,0.1471603548998058,0.14871672908592687,0.1756075601839508,0.2407496961088296,0.29985773012113115,0.33113962239371497,0.37813886091693505,0.35637805616222684,0.3474478752568347,0.34804457163058283,0.40954735296354855
-0.28957409850970434,-0.3770919358877963,-0.41460336469029696,-0.4339781103406543,-0.4547937938765751,-0.46113303466993977,-0.4763496932660194,-0.4973199752816001,-0.5012800436578381,-0.5187830147289973,-0.546725113243852,-0.5641736261980981,-0.5855804600288967,-0.6135478083271695,-0.6316488498243484,-0.6385859371490313,-0.6312143703395573,-0.6326870391968362,-0.636035876876987,-0.6366518363833845,-0.6384337214250274,-0.6304920359404583,-0.6118270824824513,-0.47882033152206877,-0.2495147851693034,0.2725859164366874,0.2870333526160082,0.257769053591881,0.20040321729686417,0.2017096998728425,0.19600923933841286,0.199509999476575,0.26410202824964757,0.2997456830204146,0.2598490420244888,0.29992130125492883,0.34826949278394853,0.27993631962992643,0.30986816534514106,0.33594957838773504,0.23292987239708451,0.2689305822277221,0.33530859420151193,0.34980793361056955,0.3610504025146313,0.34751685969667373,0.3735329167946484,0.45803792037253577,0.47819918732165817
-0.43586343734618066,-0.47970934179714886,-0.4858219451588163,-0.5142047145202079,-0.5288476185863262,-0.535428041517907,-0.5423991540177108,-0.5654757742601892,-0.5693825723514121,-0.6051208215835713,-0.6286063556148662,-0.6295770940345625,-0.5923199854731025,-0.5587591126780227,-0.5503332775534274,-0.5797339699537537,-0.5812327761778313,-0.5754035319950179,-0.4283393760886353,-0.4505681842742525,-0.44852386846555525,-0.45565696248799425,-0.446558773534318,-0.5926458432691812,-0.6678732811253717,0.5384588009015622,0.5705484791377616,0.5562522193130737,0.38405384679403803,0.271736594331598,0.36450583731077946,0.45700533673964205,0.5091837615515615,0.44013280454925524,0.3802252625618296,0.3830395958734459,0.3861927695132403,0.3904068181283631,0.33446093518340175,0.3367976623085333,0.3778671215423076,0.3254141488779653,0.3094800455007338,0.3017883911264911,0.3322687109866813,0.3723829785851478,0.4244073294688017,0.46131311168271844,0.48184438363561344
-0.5075032253437635,-0.552438218228573,-0.5565597023319941,-0.5602202668406621,-0.5645026352482462,-0.5386650006794034,-0.525914643860963,-0.504808531918412,-0.47062078948819513,-0.36554014064619506,-0.2690861671827037,-0.21465925834399074,-0.07553833032572449,-0.059055749833349526,-0.03967831133415499,-0.04503801205024671,-0.10445989313128302,-0.15270554009109175,-0.21993646385569243,-0.26183318737928113,-0.35020405231454593,-0.2782688733567718,-0.29956267108503937,-0.2887555247966772,-0.43353429028427976,-0.6142921633688024,-0.011985570891679934,0.14694644540662705,-0.31099930009318777,0.3267275145818646,0.509693474622205,0.46215897910011766,0.5167133507021855,0.45799934545483484,-0.3133273171511405,0.3271959996577207,0.605198102272604,0.5364597315851273,0.5025736221200483,0.5078285882035648,0.5174985070618647,0.4939422509000323,0.4754522287273554,0.4892000731644283,0.511339217588136,0.5266815593633611,0.5251207874531033,0.4974100458965556,0.4837141698290532
-0.47973328178665586,-0.466330984998418,-0.4025596260728945,-0.35216329884913466,-0.3143049865489829,-0.1684162931242565,-0.098261248392322,-0.04225223760858937,0.051944957470068887,0.2256479834781166,0.33675630831546866,0.3530123694995512,0,0,0,0,0,0,0,0,0,-0.5898910072216782,-0.5802362017738207,-0.5709258058575312,-0.578482615399935,-0.6164801119899216,-0.5739578800203116,-0.4676592561106828,-0.1997456027670341,0.04118884715143091,0.1867995564943239,0.3282178762422192,0.5222062183304278,0.6134855201876844,0.520233400520869,0.03929291779892926,0.07291073757571086,0.23986910724064975,0.4946622659259702,-0.4601258720795851,0.43746363654355214,0.45326406367344296,0.486287504690752,0.2991307716319566,-0.5855680291826597,0.5387404020632326,0.5453446485786689,0.5204724995226475,0.5346631463002395
-0.1503587954415342,-0.14840551390555892,-0.031544695449845415,0.03917402938565803,0.10006866432052565,0.2844108088590859,0.33499702965670786,0.42214364484066136,0,0,0,0,0,0,0,0,0,0,0,0,-0.6957831024512486,-0.6331997485482472,-0.6072372917165555,-0.5833622429173011,-0.5698763887739976,-0.48828826046186274,-0.49820814515776024,-0.5294746410188524,-0.42417649232742566,-0.5677609493596212,-0.13648580694121198,0.2732510828987246,0.46692824235975244,0.5475644658383322,0.666943644797121,0.6606469882086226,0.6226859586744337,0.6072998162608102,0.43849049603341034,0.276891204266926,0.20020959537322688,0.3782662917801103,0.0781340515084683,-0.17142971892908745,-0.34368129548340287,-0.24005263912410002,-0.006293377534762081,0.31864000156890815,0.42579529790217213
0.14288072997223827,0.19931555947562232,0.35849079405419026,0.40932640257071806,0.4185181411451564,0,0,0,0,0,0,0,0,0,0,0,0,0,-0.5966280302142786,-0.6523688706466455,-0.7227192946623624,-0.7073874972877374,-0.631400277356467,-0.5541055169938768,-0.5213905225880414,-0.41792990137839753,-0.3473817358753471,-0.27018426504725335,-0.12185015245486217,0.019312084334715048,0.009988008586305717,0.13704127529398824,0.32699339482712403,0.4429011585822767,0.6365962203729777,0.6445402686231158,0.5026983723382688,0.48484942320984237,0.5652370305802663,0.45744560992832106,0.33700685625422994,0.33332348536963574,0.3131586005648872,0.26012232575396216,0.19941899206121033,0.18400562866571643,0.26589668230236074,0.3390836194144854,0.3882778757917856
0.4122376430475562,0.4720059876882046,0.5413796694810714,0,0,0,0,0,0,0,0,0,0,0,0,0,0,-0.6651176079469812,-0.6580536191859173,-0.6689458755885199,-0.6297321477170318,-0.609001049438386,-0.5230109604847992,-0.4662655908183363,-0.4177939120573888,-0.3949476410507711,-0.24206311680936898,-0.16402315118770353,-0.02907545822364855,0.033419545617889825,0.04845387628073745,0.2366339516641239,0.323669406064982,0.43250551334111287,0.6073681049265349,0.6328510372368487,0.619891435116268,-0.41638685715544105,0.3818211197316088,0.4051973709660412,0.5155266780851537,0.5315165472044537,0.5044801442959643,0.4913632639928377,0.4513857489687307,0.4349973026526974,0.39924658295511906,0.45021619425104437,0.49726683249889553
0.513335803096246,0.38781257131949964,0.1528239523249858,0,0,0,0,0,0,0,0,0,0,0,0,-0.5939654439003287,-0.6119074933391045,-0.6701441909807052,-0.6316561067219315,-0.6151294094693857,-0.6442500091378164,-0.25551353874847416,-0.2090705338055455,-0.14999719153099714,-0.053417438174932025,0.09255582793613493,0.022839866161984496,-0.009813806490430305,0.023147205488637232,0.042345745629149195,0.0505816531447056,-0.046988143854576545,0.231472999914326,0.37364108816342384,0.5412853797171459,0.6109409641390866,0.6214841731778655,0.6629169614051966,0.4395028574996769,0.6344302379684027,0.6514157347947481,0.5617313758124802,0.5977723394742369,0.6196900812392252,0.5624403769366975,0.5660893689865599,0.5621879544542694,0.5781806774625972,0.6061260307849249
0.4860618178285879,0.46650988804251314,0.46069545603885653,0.3484534821076221,-0.12646632117125411,0.09723279815345942,0,0,0,0,0,0.1129907592168404,-0.5169945471209234,-0.6053145046579453,-0.6448658895836279,-0.6153841590191791,-0.556568486150417,-0.4875578208673727,-0.19200966814475953,-0.21248703550532003,-0.11556653240412257,0.049225347314291026,0.1281025126347875,0.22713920865092305,0.21394025205128214,0.21006053668065042,0.17306384568860986,0.1608095194428264,0.1334956143681966,0.15394360312122318,0.1665983061863514,0.2241604093225679,0.31100436439518897,0.3743601346044788,0.5571685330783357,0.5794199153348298,0.6307898802553498,0.6810692784155126,0.7142561880226419,0.7079410705925595,0.7152484461379897,-0.4653080915110586,0.40752980032071784,0.5491724954161507,0.6675851194604344,0.669337762742235,0.6650356701208323,0.6627483416465902,0.6678583314415047
0.4483749316363794,0.44821145789537253,0.3678900352012387,0.27779703836315367,-0.4360221798234233,0.3197422662071106,0.3714565433823377,0.3285642044366084,0.18817054580751336,0,-0.5603020528417474,-0.576686979479288,-0.5510619824405818,-0.5662694485407879,-0.5124745244452363,-0.3580960721950203,-0.2974480550661171,-0.22326036226259596,-0.057056600132525115,0.006531711026042677,0.07257202530791441,0.23407603360643356,0.2950214919728258,0.3281458633692156,0.38608668465313706,0.3088631385094437,0.2915329609590444,0.27664269488443666,0.26075490475518737,0.25348640863687116,0.3015867284900601,0.46718856350465365,0.5041720375622076,0.5192286424094096,0.6275600473592909,0.6464297457561886,0.6325083567614076,0.6484967347300044,0.6796294136970871,0.6795787306012453,0.7370756852542157,0.738104928608664,0.7394188961824001,0.740084934760636,0.6553413726864266,0.6693413718340194,0.6697461089707921,0.6214646460098063,0.4344200604032936
0.1755800575505449,0.14833351210248957,-0.059787593243985394,-0.21129996507344703,-0.33959377424077486,-0.4069120744740324,-0.4201901235113741,-0.42059585217793655,-0.44013875251020607,-0.397061251511877,-0.39309045980052437,-0.36756602446866254,-0.27574562193522834,-0.22427416405904818,-0.16038461977131674,-0.06931714815089474,0.00928822146112337,0.07121955428515668,0.21128052736926956,0.2839081805687402,0.30497084211939113,0.3648670352649309,0.4249575588501815,0.4162018603815315,0.4067088994099679,0.3969757435311557,0.4023769376744176,0.4099337508699841,0.4727854893877313,0.46017272117978875,0.457931164051661,0.468477833266844,0.4794145061432933,0.5029682186562863,0.5552150719712481,0.5993358901910919,0.6065113883261511,0.6753250735425075,0.6841841858417268,0.6836143879750309,0.7013123284576928,0.715781522991208,0.702270807080065,0.7174296639141556,0.7348046821178192,0.7387257644347002,0.7485169627263095,0.6920234207861442,0.6672462804742246
-0.03217556726675498,-0.09806104113666154,-0.17279594359416808,-0.1935342530306441,-0.2171896493233863,-0.22613781270943295,-0.21022126650625764,-0.18257613824617713,-0.17491441725575152,-0.14373440591339812,-0.14113088898270706,-0.1154776307668951,-0.037194338139034964,0.015647977422970295,0.06580058940824997,0.23462158572324704,0.2503733919078434,0.27485719611779286,0.3692793116087261,0.3844994018785828,0.39875440870772794,0.4282955358181784,0.4624302852309651,0.4806143870871886,0.46923738482913724,0.47798944493640294,0.4790533928531405,0.4856089161388989,0.5168514072434217,0.517149521031707,0.5440643236426237,0.5815318531260808,0.5847720199904214,0.5984125587329222,0.6215380688865308,0.6543677423781569,0.6867794979859548,0.7082891709536728,0.7215024693655765,0.7169869120512047,0.7328316657033759,0.7420190268680463,0.728729391108398,0.7131596550481323,0.7066700076376637,0.709490902666044,0.7087899955798314,0.7174122115469223,0.7191102635453986
-0.027270738204288443,-0.015156431753221546,-0.008559523287779645,-0.014914905673515675,-0.020194604202365553,0.004690970011712755,0.007216415542238895,0.0064699979326003675,0.003701263750226577,0.03976581813610119,0.1040823574657199,0.1222250317210283,0.1808830166766553,0.19150137450005894,0.28397099671367676,0.4454903368515137,0.4271395774270191,0.4424959640127569,0.48014123732672087,0.4967168374699618,0.5080479794820226,0.520593681149482,0.5255650565065424,0.5422262617767882,0.5435161699271983,0.5570779876974862,0.5625331501035643,0.571335653246026,0.5909895107780977,0.6093331274613012,0.643939569363799,0.6472644908191963,0.6366456703803903,0.6362675847483009,0.6491960797557272,0.6587043989273327,0.6702473762086529,0.6825595982293314,0.6819368769351067,0.6732427410895238,0.709396873169706,0.7120224280066414,0.7194427497870599,0.723331402273143,0.7275431183294584,0.715173579174713,0.7088285332867961,0.7167577079673662,0.7223354272882331
0.12919779047768604,0.12098665269113462,0.11515792164363864,0.11845593998880882,0.13396435014348665,0.14357813562909405,0.14949030217463813,0.1607795852948156,0.18479814231671754,0.1982756762031542,0.21764678079901736,0.29346391788964055,0.37480942718092614,0.39817165880260574,0.44126246576479394,0.5039361111286241,0.518523390197335,0.5311553486283798,0.5605187765281364,0.5642253444364155,0.5693558294262187,0.5869519803464428,0.578907691665116,0.5761071710795389,0.5777955362769441,0.5879416547562923,0.5961706718326493,0.5982135922857004,0.5985770726608328,0.609893484589136,0.6302626542058287,0.6523730046989391,0.6524435455244171,0.6561456561650431,0.6568055518379796,0.6437863203785091,0.643684377089081,0.6960374521176016,0.7186310095134539,0.7441773036727698,0.7511109796843631,0.7410364211615447,0.7266628062101066,0.7254123554221606,0.7323141277946105,0.7280995658572378,0.7276014526772896,0.7280231346904968,0.7321902130538459
0.1601008310203637,0.1785793329201888,0.19068980947846312,0.19898806251569992,0.21326075569842096,0.21901266190354185,0.21229312806813988,0.2055745001838382,0.21773376789020923,0.27558232302732655,0.29880823398222645,0.3087890136177558,0.3788840271288359,0.42407756670366714,0.43272478101434886,0.4596651735406542,0.4788743843253616,0.4863495675304994,0.5280487571861391,0.5446043235135543,0.5563118684060756,0.5877643701119796,0.6006360660061191,0.5890864139897449,0.5939252883954095,0.6393226348009042,0.6214875145834428,0.6050550473137419,0.6310417570754819,0.6456583866281722,0.6385121888220341,0.6366271139398321,0.639583270044172,0.6393073416047015,0.6289066255833832,0.6482756739836021,0.6704543204675735,0.6823683076714739,0.6959189458259255,0.7117823215031399,0.7361522486609732,0.7444121531421483,0.7536918563913118,0.7630884949421352,0.7519687613036399,0.7381015625476727,0.7443665774307546,0.7550807991157152,0.7541101001692229
