jsons/1312653600.json
{"header": {"parameterUnit": "m", "parameterNumber": 2, "dx": 0.1, "dy": 0.5, "parameterNumberName": "Eastward wave", "la1": 40.97354507446295, "la2": 16.46031188964855, "parameterCategory": 2, "lo2": 133.9931640625001, "nx": 191, "ny": 50, "refTime": "2011-08-05 8:00:00", "lo1": 114.97908020019554}, "data":
[rows 22 to 43 of 50, columns 100 to 149 of 191]
5.8917108708876,6.78620676348958,7.686016166142656,7.996988011955098,8.357859516898833,8.6938010284534,8.73301484102928,8.726261110087155,8.84501277319864,8.88441944136157,8.767186549700678,8.62324436494251,8.59879173745854,8.262309671860537,8.187109732932852,7.959409216193383,7.6630385164859485,7.455290377004573,7.304395437538473,7.094251306791958,6.790597361720207,6.607122425321925,6.3958033218677475,6.161543711849378,6.049574993214547,5.900302318132981,5.680367977566555,5.521349086307766,5.374154097942307,5.150216099802321,5.006271498309471,4.927692356185633,4.728468675601417,4.606025867374124,4.50834346069106,4.340574741503082,4.252495938958765,4.227954197968502,4.125848886272492,4.011897094864937,3.9588133835342614,3.90116266823705,3.7709792733542944,3.7236220369127353,3.654386013685794,3.5181804275490616,3.4530892146895438,3.3889794408565868,3.2953049232709204,3.2294060872265518
4.386645337265487,5.128446874181647,6.107332113764742,6.548452735913556,7.124421546958716,7.514104141488979,7.62465815137458,7.873623862329798,7.998498524772303,8.075132227049496,7.950572159395628,7.93797205845025,7.8837551086578275,7.70804967430128,7.570747106298419,7.504958171185399,7.202312584905544,7.033919999839729,6.9056199163556755,6.740672213622812,6.515542238119989,6.369544979771201,6.341686267809117,6.004701408287828,5.870945378629531,5.7348798976767075,5.498830932523129,5.32500850211735,5.218428143222271,4.992556743577069,4.903823521651314,4.796971984531924,4.556278108316098,4.524325716861586,4.450826303578719,4.276923169248566,4.241067742834655,4.163236503684331,4.094261725260622,3.9810938960996003,3.906711884086184,3.8448021459570945,3.7233717297335303,3.6170614155238052,3.5643594457004415,3.4144960671612985,3.3599235247525554,3.3087292713522944,3.227202461874969,3.204352168655627
5.181595188319844,5.7299283452368845,5.962003729742733,6.112008959663078,6.43291519009208,6.595304401092246,6.8343492383688735,6.963398322652328,7.145050239625324,7.105397639379422,7.249975008362902,7.128946682321155,7.071798722280225,6.919968780938545,6.8319138409321924,6.727277158047484,6.510199056496849,6.48521025069201,6.320622313642177,6.192223316378308,5.971868161558037,5.875990436234806,5.765303647549434,5.580769713285866,5.478630429564287,5.391757786069073,5.189608955711396,5.088124253469613,4.954533305592803,4.773183569140246,4.659770262204488,4.621582461318507,4.497120501259596,4.456578794147925,4.359632221481622,4.224852243134468,4.139545648282115,4.075813092555802,3.99808755986409,3.8307788274601546,3.7721214461085673,3.6881268230819986,3.5308713148337567,3.428713347118988,3.3962155575131807,3.211180126479949,3.1601155259961153,3.0897653766981006,3.0287813823090017,3.0130396729299225
5.020805796699894,3.4206851209863904,3.146029942853139,3.4713765022409144,4.147049530101799,4.644677044485639,4.995700143127791,5.129920274679714,5.6499029829425975,5.661168206238803,5.7185425014709494,5.8334976159117105,5.876722094375221,5.776704133687436,5.734461172863878,5.668298644792191,5.521705470891911,5.4164558233854985,5.304722775269628,5.270765629591538,5.055135822306623,5.016686200121963,4.930897176054244,4.8449236743132165,4.814050114984829,4.744827053270248,4.622846450787448,4.5521466039104395,4.4997253869395974,4.378556902122596,4.3294052695522085,4.283761265094304,4.16428004861219,4.1134331915271405,4.048765561044745,3.9605302271425447,3.92814712237253,3.87941730976609,3.8371460840425082,3.7077687954795153,3.52487651091151,3.3896098515161337,2.9238925650915166,0.308123181875251,-2.3283382560359334,-1.5684779251336638,-0.06836573982431327,1.1482313899159526,2.931825121497849,3.088745654964607
-0.5623126678360445,0.9095232807484468,4.7477383794848285,3.3522715885314716,2.3619527050943963,2.2192569452518565,2.61940152845293,2.799199891366714,3.412252442150988,3.622581822834654,3.7714893914737098,3.8710318585365133,4.216968900006202,4.2491812138939125,4.335313089222566,4.421825357241423,4.4197627588523,4.373585819909979,4.3660820961131925,4.34710591648671,4.306662988582063,4.303171745999111,4.303486790550285,4.201049658050519,4.2169444009899495,4.1863433339896785,4.175036203719828,4.133390909618285,4.1097741345662495,3.9988640136793125,3.9737667203011333,3.897283372350595,3.820926235002182,3.7838503858743846,3.7343140819427725,3.64810661733583,3.5903062721482657,3.4872100448341956,3.521506747151974,3.5484964922089897,2.9560074018879035,2.9937734090159216,3.2819422455471368,3.270027326343578,3.2678491451526304,3.20697439154074,3.2088684767685596,3.18029747870226,3.1708443480585258,3.1423730858123395
-1.7144054423871347,-2.1069332001655265,0.5961476501452377,4.618855595550438,3.5026583088193104,0.9209263872314626,1.2499634007746383,1.4867919661563311,1.9559018302809938,2.1561278532778725,2.3848740782521896,2.5964984604232457,2.967786441262704,3.1029065370467697,3.1715077599995087,3.484410829249756,3.500164229239312,3.616914565800559,3.6928350015500935,3.754143943348931,3.7268127118544707,3.7527085147100103,3.7989785383356596,3.7590611742964963,3.8440527781995133,3.897247552933317,3.926350725774488,4.003501288482556,4.035356971476578,3.8975299634113973,3.7877159481455895,3.7444871932462855,3.664887904576553,3.6590805982117547,3.6173443614986827,3.551752795035859,3.530817039281956,3.5101980296333495,3.481646344428991,3.4325065452025623,3.4112674301206427,3.3735211391025035,3.3116609015164844,3.271931789025651,3.2197045840242726,3.1630575264937826,3.1341312655007116,3.1138948094096164,3.0705834483370986,3.044351918841127
-0.9245020694374543,-0.8077174984532811,-2.5304806402820437,-4.52481416377681,2.344669780851099,3.3700879065315297,1.4950493242981528,1.3795157596298702,1.116595750909473,1.4279248333346892,1.583651474732937,1.7912576241126847,2.230739157033257,2.319761803964552,2.519970417280381,2.788807622678603,2.8945748533639946,2.9486639648548403,3.0708160621466263,3.0905138059373862,3.061610163182582,3.0499174396762267,3.0082812021629834,3.0176025730435154,3.0156946994768274,3.0191634038308073,2.9984983578008033,2.96493596221348,2.8529458104265455,2.7391902235271766,2.6452088445325717,2.5996804891657233,2.7886277942474726,2.9596095861836975,3.352736658890982,3.230819174713592,3.2128549448040045,3.1708149768033547,3.137355716443589,3.0633335852280723,3.057909077288603,3.049177956947716,3.0342561608018057,3.0314965631917947,3.0231860172393015,3.0208221440185183,3.016729272336329,2.982271591662422,2.9684876390293513,2.9385533554061998
-1.1822760637767444,-0.980771626038016,-0.7670220929058229,-0.5982740696581812,-1.0542101314792387,-3.8354066499843102,1.7587371499855635,2.816721821061844,0.5890336708746159,0.6402393814097593,0.7949555450882502,0.9692785996900098,1.262375797125477,1.4447608680886141,1.5739238828960058,1.8642592462211347,1.9781988469718899,2.0639713759168603,2.190358358180636,2.2437230690696235,2.2792177799141937,2.3931908879880335,2.381685363659672,2.3585721677511033,2.272362088426295,2.2113951035447097,2.0538588567785934,2.308029953918114,-1.4737022680473226,1.2953994811805518,2.3082385381225112,2.6087489073230774,2.8397113018068114,2.9176505724653174,2.954246856784484,3.0615100789310072,3.019976228519635,3.0471513096861917,3.0300482219968012,3.0303431162184067,2.9802416621522188,2.9321611419881166,2.8993454100467524,2.857962890079792,2.820181411963163,2.810058493704129,2.7894479479512757,2.7674235690698854,2.742575086980463,2.702021128323582
-1.2489488991128626,-1.1198026946556043,-0.901537875408822,-0.7320848923983128,-0.6461745749992422,-0.3709601720150483,-1.475691821890473,-1.836973146612253,3.415991958957793,2.163989103874903,1.0753909819885052,0.4507618384246627,0.6690611962109867,0.7589817030377916,0.9070362574768087,1.1734320584794349,1.2591343556780537,1.3907940805916825,1.5830334504213475,1.664224256353435,1.7522057021963968,1.8983886271726595,1.9723807341240889,2.0521409271588475,2.0704354090616874,2.0782525702312795,2.127288235604276,2.168709150236985,2.398251708699152,2.4812823265043815,2.573520214400223,2.743205337070001,2.6903913443198793,2.6688069678949553,2.6995101961730557,2.6372484105743377,2.6760445558478736,2.597697363645342,2.6532789316138823,2.6112434893033805,2.5700493457100753,2.545596929595781,2.505291506797881,2.4798694158037367,2.4609949600235814,2.4362399553999556,2.423462536259638,2.4342179927733354,2.3780538599125887,2.3468023451743854
-1.5429894714532921,-1.4713399493247559,-1.1950275168299278,-1.0344058253560264,-0.9633729138877317,-0.7057692803325438,-0.6060433190308406,-0.48751085678930034,-0.4999087822082142,-3.0155775601571095,3.1579482454217542,2.3140846739110223,0.593842143376299,0.34122835424854975,0.4719928455304537,0.6480877843622105,0.6759890266437252,0.7447269784109065,0.9074080277361335,0.9899905357614441,1.0686729950139164,1.1711248495202529,1.2377957525178818,1.3119506531944787,1.3943447497839643,1.456256569016969,1.5086217523100018,1.5521489888079651,1.628645290218765,1.654207690880968,1.6828898537152877,1.6902476726669653,1.700479267433603,1.7348749169652633,1.7243605258094694,1.7662374322060097,1.7364480824138788,1.783333498813307,1.8003546065733598,1.7602219353938156,1.8387357292356863,1.8303208609739903,1.794916979087815,1.8223791192683723,1.8036505594713033,1.7698762774138035,1.7717189450695023,1.81896510001256,1.8278373549843303,1.8602283583459305
-1.9605456959139702,-1.8606550481378983,-1.7925160544753556,-2.061485748182219,-2.2964815385228365,-1.4965301810199465,-1.2775656693376372,-1.0569779313351695,-0.7746700833999858,-0.6336392538797264,-0.4719870577716629,-0.3838585298004173,-0.8300840004549874,-1.6283904916229248,-2.9064076746649965,0.36947544866212256,2.7982824029695275,1.7231480012645064,0.4321757548764518,0.4917021682902148,0.5564618384005096,0.6396851609431746,0.666402196425738,0.7514991552847915,0.8687390927543166,0.9029303094511462,0.9191541239380046,0.9547912484743571,0.9904657383023475,1.0007067358631425,1.024038326774653,1.0589467411801272,1.0894988610809515,1.0973882321540844,1.076360388301406,1.1510539276011007,1.22644914383837,1.228435047954051,1.2656963657043232,1.2740906414788593,1.29386973950969,1.3288542683918894,1.3201657951704928,1.3346928792316821,1.3423696284885553,1.3362640947966837,1.3275306290012416,1.3656190535419073,1.3772109097221372,1.3699988127592373
-2.4246440804580813,-2.1884974653198164,-1.575132922943835,-1.7215922344976626,-1.3676284818195032,-1.0937337838779844,-1.1156286769996568,-1.065568464667204,-0.8914885954999063,-0.8300356952888109,-0.7500999404296658,-0.7120892717807161,-0.5686310747662311,-0.4939452696698349,-0.42687610298122736,-0.7348628839551474,-1.0303843891393965,-1.9198419595149108,-2.1081082321727775,2.695383452046473,2.517735416234471,1.290326890295318,0.9054235107695602,0.7425853124561237,0.4411435343360917,0.4637666368171105,0.48362743821810644,0.4950434553777568,0.6031400310653975,0.6606159128614632,0.6583036955473743,0.7438304340674126,0.7410819088153253,0.730053398010673,0.7810916844131314,0.7821258387694238,0.7798689524921767,0.7764571796606463,0.8185421830682276,0.8301348531272679,0.8511413783303731,0.8954296227064376,0.9041455482295127,0.9280304376236168,0.9551503052883004,0.9387969247911201,0.9333735765300224,0.9742963917308188,0.9581822355340698,0.9699514453606817
-2.8836527442895235,-2.7212351401117743,-2.4462168767842662,-2.294548195825303,-2.1425688707881467,-1.9396768676604503,-1.7682465251201447,-1.703477199485067,-1.5602445039499946,-1.4960858454758323,-1.4214992084309241,-1.2889869208907365,-1.1166441246471384,-1.0116022481672666,-0.9110623837233546,-0.8176720707827602,-0.7371845129784966,-0.7028084402306206,-0.6078023037190982,-0.5300375389530092,-0.945588679983483,-1.357772853953879,-1.6175597399857495,-2.2929212467778504,-2.648740744011363,-3.12960306733151,-0.16368258210622907,3.051489107074823,2.0506434611629603,1.0420070960788366,0.38307459976466995,0.33570695655496136,0.362445788974178,0.37986429449210823,0.38560594351406297,0.4094945125553647,0.447738166851113,0.48032699648593014,0.4947012008384226,0.5181368044506846,0.5407807202025114,0.5636391973193855,0.5803403995618944,0.5858299544370323,0.5781431661844288,0.5706838345532734,0.6002146456131389,0.6089411607697046,0.6221526093542723,0.631972242345564
-2.9393524133744426,-2.8629826576134763,-2.7208621024781925,-2.6345463725897673,-2.495654316050726,-2.301576886972671,-2.23692474189046,-2.139893358762742,-1.996295430464523,-1.9295930955973348,-1.817865603162304,-1.7647101537043919,-1.5908212152449366,-1.48887301064944,-1.4648408089481169,-1.3290352370093534,-1.2037564365968239,-1.1642300788926114,-1.079905022320792,-0.9879982658932895,-0.9233682319582203,-0.8216120321740052,-0.7401596140364701,-0.7373059998260204,-0.6533141324775712,-0.8429131542974403,-1.0856925044548351,-1.5454126071012122,-1.5074992780434566,-1.8406259325199261,-2.5654670896190264,-0.2021679819572955,-2.893066373726033,-3.1021899776563164,-2.7260309807834133,-2.4806379116877353,-1.5799046406643809,1.4565316482703479,3.031228801261073,3.044308655917723,1.2178701504853093,0.5799811696366117,1.8650456847839245,1.815445692804197,1.3810253084110486,1.2475930363979493,1.1257024349581484,1.0187243855833454,0.44222749691681235,0.3434154981838132
-2.9280209505590284,-2.8937338718893475,-2.8231066043924247,-2.7785909468761294,-2.733431063188237,-2.6124495815494675,-2.555330394915928,-2.44631251589359,-2.3838382700891008,-2.3040529257815,-2.236729479818128,-2.2219345075062176,-2.0733778031597767,-2.0691655167270784,-1.9601814977804304,-1.7630317860453935,-1.7040499620244374,-1.6225447631214849,-1.5372469477773285,-1.4525060325409456,-1.4332199520853857,-1.3539885733388985,-1.2685800979336166,-1.1905071217649201,-1.1114446498800685,-1.0203797383438815,-0.9977490791020637,-0.9114492757090522,-0.7851469198711745,-0.7273250569841062,-0.6512582473434528,-0.5719370877013042,-0.5390220567586566,-0.5420211154098116,-0.43627886889762924,-0.4068386084148901,-0.35529936558218334,-0.3074932005751757,-0.6114540298171325,-0.5730631029633992,-1.1497947350826294,-1.3457847244148227,-1.886347962363409,-1.453410022818489,-0.3544442673833709,-1.9865505233980494,-2.7182023293065756,-2.63286008452061,-2.335138864503772,0.9416673580536186
-2.940969402394767,-2.881566285056852,-2.8190215365639157,-2.7884292304379334,-2.7537387901548707,-2.65998732454937,-2.6324408699882063,-2.5561831008230858,-2.4720654915357483,-2.4083698475441335,-2.3576588079254495,-2.3051599265764553,-2.2038200665625496,-2.1628279279153864,-2.0935716850775727,-2.0350224398548282,-1.9804407920861853,-1.9561732843250332,-1.871076294435021,-1.7926261783838096,-1.7285199465138152,-1.6012843079833907,-1.5598829354615915,-1.491431754151315,-1.3958792324431781,-1.3307517808932614,-1.2501144132317124,-1.186395000425384,-1.0075426084947576,-0.9898037880976964,-0.9579280563851954,-0.9022425729588631,-0.8296144442902473,-0.7808989520480167,-0.7709991409876547,-0.7437198121358564,-0.7009728097613177,-0.6106367921958327,-0.5857581571087433,-0.5434381179966898,-0.5038192445301254,-0.47185498824165273,-0.447508894488646,-0.40031532421145194,-0.3740839360045058,-0.3442100346360041,-0.5888798265306269,-0.7764533666096503,-0.7698026523773174,-0.6438032263137233
-2.8296998078173634,-2.8085088394159006,-2.7507509768757363,-2.734636140371428,-2.692143358760819,-2.6372333152643286,-2.5963378179952445,-2.557984951834445,-2.4405259568283664,-2.4208388315510843,-2.38952461634822,-2.3381320913608596,-2.2839262795996915,-2.246729017885569,-2.205904472275462,-2.126369109963262,-2.0994870005488937,-2.0697557676702796,-1.9873004102904157,-1.9267615999056378,-1.863891401874251,-1.7765349898132674,-1.7093524953777153,-1.6804061789951272,-1.5795919783762509,-1.530015383007206,-1.4990592988939169,-1.4870617710753262,-1.3668482038454868,-1.3037210359212497,-1.2694673687874165,-1.206614488521903,-1.1596640805086051,-1.1144176237779175,-1.0339633626539093,-0.978053058495812,-0.9648399557214827,-0.9095862733752802,-0.8681254179326467,-0.8079557822362751,-0.765981589223617,-0.7621740043760313,-0.7412122866770415,-0.6560747027023321,-0.6038862935480842,-0.5883969917360343,-0.5870090152248131,-0.5742463782489254,-0.5532332808200815,-0.5302639045282984
-2.747117968593408,-2.744085745082071,-2.6897027818169903,-2.662833611416144,-2.6412087573525276,-2.583345194632733,-2.5626571344346427,-2.5347534761915314,-2.4687029255361144,-2.42646929100668,-2.3991164415642197,-2.3740171647784774,-2.307918483196669,-2.261968923430637,-2.2266844658187885,-2.176653067926556,-2.1438239120110683,-2.1192310695269976,-2.044159984371602,-2.015967412800726,-1.9700125507544846,-1.8567185361173848,-1.8347035240935166,-1.809305188512224,-1.724995529662027,-1.6664424774350983,-1.6404263622700312,-1.6242131595769367,-1.5411717061576637,-1.473576349171863,-1.4185438885459776,-1.3832239121767151,-1.3583153123339529,-1.3066198780085994,-1.2262596568200037,-1.213195203593054,-1.1926098345033738,-1.1223877021018362,-1.088172033847646,-1.0675595962745854,-1.045900437202135,-1.0062561780478672,-0.9568288745097884,-0.9101167260665265,-0.89520579814418,-0.8885570350001137,-0.8691305104006827,-0.8549981776303882,-0.8491022247134773,-0.8503681795372106
-2.6333711563408118,-2.623897254873954,-2.583279154790529,-2.5546305915298153,-2.5424539601813123,-2.50752339672237,-2.486127454216038,-2.454209048542524,-2.4239403756910005,-2.3881762496040193,-2.3468687525463245,-2.305625283483421,-2.2654897599149795,-2.2340045573861778,-2.194866928042158,-2.1452225625249555,-2.1203740847386756,-2.087597385003458,-2.0513538674573026,-2.0291115378640474,-1.9834968369107733,-1.9501798206079541,-1.9107641481293574,-1.8581946527877864,-1.7212052523347867,-1.6836671522565247,-1.687556326655528,-1.668286065819279,-1.5994996795604313,-1.5752069102251713,-1.5678520694512739,-1.4939364861869786,-1.4413332390536995,-1.4056503267882847,-1.357081000513688,-1.3327010959905063,-1.298149359694197,-1.2612809011156518,-1.2419695687206154,-1.2221977117300877,-1.1430912711762524,-1.1214306996605778,-1.1062347433101163,-1.1285461991973946,-1.104456208785707,-1.0848465064824453,-1.0779195257298668,-1.0927907004859685,-1.1173101393778704,-1.1475508086086839
-2.528279764483099,-2.5339108843514184,-2.5135857522302483,-2.4973340521564817,-2.4870673869754225,-2.4472063522931125,-2.425540258140262,-2.4112311742972894,-2.3621438674510604,-2.331438678661981,-2.309029196759734,-2.3015308102902727,-2.2389139413365524,-2.2104938581576095,-2.1949426253722804,-2.1486399575638417,-2.127636672289986,-2.1078579238379813,-2.0452463888478762,-2.015776497736119,-1.989133063420442,-1.9491567955626432,-1.8993022580049417,-1.873022904624242,-1.847227357796065,-1.8178847628925576,-1.7835939274222252,-1.762480204333886,-1.7311088365259775,-1.6996343948061343,-1.6645435198827918,-1.630714827157727,-1.6010531673995647,-1.5841267089005104,-1.5359615192771814,-1.5038591315869814,-1.5039596054475752,-1.468884953530623,-1.451155200151385,-1.4388593611812561,-1.4076578695393014,-1.3904376443002253,-1.373629747955572,-1.3889710234441976,-1.4227458689816124,-1.4542803149869163,-1.505998550591545,-1.4757789984873664,0,0
-2.4755626133075856,-2.466128825295877,-2.4405770715991983,-2.4288005611253127,-2.416425817902907,-2.392005465032499,-2.3812115751494662,-2.351914714605581,-2.322329513331716,-2.303086535379959,-2.2869528221071773,-2.270862147723514,-2.23596874134866,-2.214808795353085,-2.1833780332495425,-2.1540218388357038,-2.1370371516010036,-2.111061956773365,-2.0903680839691066,-2.067969114539413,-2.0387753759359786,-1.9981628694701168,-1.9738687485657311,-1.958605585410835,-1.8832110647377307,-1.874757264569888,-1.8729787057619216,-1.838612908438234,-1.8027035098519022,-1.7835849453883241,-1.766595495835848,-1.731159247789574,-1.7003079857352015,-1.6765744893996963,-1.649606705351278,-1.6180107034020166,-1.601141990467016,-1.6097717480185858,-1.6085675667486843,-1.584602767558073,-1.5797002146391372,-1.583331839901398,2.1663130145521508e+38,0,0,0,0,0,0,0
-2.418007350002621,-2.4156998820429454,-2.3919673753141097,-2.387386624522889,-2.3821572644767866,-2.3546772594571035,-2.3495431013292625,-2.3459953872120485,-2.3171142220149394,-2.3130151841345676,-2.2927550467661217,-2.2778967095338807,-2.2365109589441783,-2.234615871200513,-2.210784429303173,-2.169107406464376,-2.148506566460432,-2.1361928611489165,-2.1008385296849514,-2.0910552390013852,-2.081956036217064,-2.054482953926684,-2.049083515655188,-2.0381976371846795,-1.9881056552626062,-1.98361272284508,-1.972604845495578,-1.9502399246468627,-1.9011814786014651,-1.859610731561691,-1.8436895493111802,-1.840331907757301,-1.8349705052473808,-1.8288609005380234,-1.8431523120778788,-1.824093814303293,-1.8149333044483877,-2.4212328845294793,0,0,0,0,0,0,0,0,0,0,0,0
