jsons/1312833600.json
{"header": {"parameterUnit": "m", "parameterNumber": 3, "dx": 0.1, "dy": 0.5, "parameterNumberName": "Northward wave", "la1": 40.97354507446295, "la2": 16.46031188964855, "parameterCategory": 2, "lo2": 133.9931640625001, "nx": 191, "ny": 50, "refTime": "2011-08-05 8:00:00", "lo1": 114.97908020019554}, "data":
[rows 0 to 21 of 50, columns 50 to 99 of 191]
0,0,0,0,0,0,0,0,0,0,0,0,0,0,0,0,0,0,0,0,0,0,0,0,0,0,0,0,0,0,0,0,0,0,0,0,0,0,0,0,0,0,0,0,0,0,0,0,0,0
0,0,0,0,0,0,0,-0.17868667711582914,-0.08784381586323317,-0.06257948972529111,-0.036630598444153395,0.04228883323234153,0.050806069109645385,0.056905874839233574,0.08017014807460224,0.08803059374817243,0.10104955646052728,0.10397581619631058,0.12383693755639809,0.13903456621607482,0.16758001013636628,0.19426973767757122,0.3098757045277926,0,0,0,0,0,0,0,0,0,0,0,0,0,0,0,0,0,0,0,0,0,0,0,0,0,0,0
-0.2546371556901186,-0.13965314527865857,-0.18881947284375067,-0.1796609771860396,-0.1529634931047274,-0.14242247406190273,-0.10501363123833202,-0.09928300358925153,-0.06392216648208442,-0.0488129807892145,-0.03681535455099399,-0.012570658721594996,-0.00011812819932153784,0.02623011078999643,0.0730863456129656,0.08163015251707698,0.1366179540463977,0.21067054773435587,0.27813463803697386,0,0,0,0,0,0,0,0,0,0,0,0,0,0,0,0,0,0,0,0,0,0,0,0,0,0,0,0,0,0,0
-0.27288525906616823,-0.19911351476056924,-0.1651539054141981,-0.14320282342125004,-0.055210124117103965,-0.017114836948651478,-0.001340221382948854,0.00886558697922552,0.040483318320018946,0.04522851217917919,0.06715035501962559,0.08071019064503167,0.09407773766888998,0.17652514803865768,-0.23001749265766722,-0.4303178465108127,-0.10644814134062544,0,0,0,0,0,0,0,0,3.1846738068399173e+38,-0.8949407420578581,-1.0002946201815726,-1.0652180285979547,-1.1164315913858585,-1.1538729846321694,-1.1797626217142758,-1.185949796877202,-1.2116491890429604,-1.2277036130910357,-1.2754644429545225,-1.2393599678752707,-1.2304541922209398,-1.1111781666890939,-0.913833633439712,-0.7568049839686651,-0.6508327256901683,-0.4704179724000947,-0.2947821303842518,-0.15972278305274584,-0.0796463208857382,0.07384486750603272,0.16108096975637154,0.20646205078132873,0.30554139421646886
-0.5526078392074849,-0.5552115171413068,-0.5689484713019793,-0.6086187032008921,-0.5833626271184998,-0.5741948343815438,-0.5672071478057784,-0.5767927127483056,-0.31379068074957134,-0.05542784698253405,0.23263803878389636,0.3098251994848202,0.13850886663855286,0.1937219094010456,-0.028692654895370727,-0.06129494313964518,-0.5560988794353613,-0.6657846307285648,-0.8095758176874321,0.2587913602654482,-1.1813151213767477,-1.246066256789826,-1.294812815056293,-1.3245543678663017,-1.2912426925508254,-1.312789606728733,-1.3200525775660257,-1.3225411012016581,-1.3449163696287556,-1.347809880179513,-1.3715364532768346,-1.3921883986512371,-1.3532948648826337,-1.3757576307761294,-1.436528454259896,-1.4559536433415812,-1.5741239991163105,-1.5628716877732978,-1.5214781472891223,-1.3009979709790174,-1.0260626856247117,-0.861160011825115,-0.6289390369771497,-0.3477033852095962,-0.14048216163789537,-0.013022583353157688,0.2491741327730655,0.4076585530828592,0.5075602153633024,0.6334693866914993
-0.5832521507280599,-0.6041906349393112,-0.634575638205942,-0.6646194308463145,-0.713835258427095,-0.74701767545795,-0.7977086947596712,-0.8407744801274538,-0.8762293744048739,-0.9259598043869658,-0.9465888332914388,-1.0075733172911632,-1.0544796218974388,-1.0850964295894598,-1.1306790006227831,-1.1434081377708347,-1.1610935736301524,-1.1647119714433556,-1.1642850342565891,-1.1475710246305075,-1.0645623087793366,-1.0343751186169834,-1.0043488960499318,-1.0027144748329941,-0.9904912796413499,-0.960548959452947,-0.9373829164940438,-0.9143442566679642,-0.8989060927680079,-0.8702385277507486,-0.9180198011644358,-0.913270076334824,-0.9013286615205833,-0.9365018783724222,-1.0243393624690131,-1.0797751122315742,-1.364864837282264,-1.4848701918979943,-1.5391027474910943,-1.2333923900414574,-0.908823524489981,-0.6878387226610798,-0.4098858894892772,-0.04829818383277571,0.11170303337382968,0.3008474242213681,0.39779574267818163,0.5509044763701862,0.658676208891347,0.5394079937511295
-0.2869767614217112,-0.2964642580136708,-0.29469249313512924,-0.2800378003674221,-0.3130744830606185,-0.31746098051426697,-0.36505946782493537,-0.4040207981678851,-0.45629209449106406,-0.49689766803779223,-0.4918632093256094,-0.5405614008771561,-0.57623807007025,-0.5976247184774558,-0.5596604116475524,-0.5919785880673448,-0.637114406209215,-0.6494966038772682,-0.6643794228214983,-0.6688092626101607,-0.6660061883492644,-0.6625247568117728,-0.6504839548085537,-0.6515013042351341,-0.6080111693073809,-0.6072308826208779,-0.5630913207215487,-0.5126568354617907,-0.4617943550110197,-0.43610246537759445,-0.33839240222735556,-0.30108752851582327,-0.268922297421123,-0.2223817526954201,-0.1521902953665586,-0.11506423765266055,-0.32654922131307057,-0.7757530855558584,-1.3998449643249555,-0.0150107778792209,0.20275224248564375,0.2553949965107463,0.27387594754217576,0.34300284589515256,0.38349702459976404,0.4502013305773633,0.5402477687136369,0.6031205383836992,0.726928772581152,0.7596492586326071
0.1653192857899565,-1.0310796303518268e+38,0,0,0,0,0,0,0,0,0,0,0,0,0,0,-0.3695434189802321,-0.20868604018606488,-0.169451736526443,-8.752278444936164e+36,0,0,0,-0.47926793305857657,-0.40779932175979383,-0.49762891062079584,-0.5271831880362289,-0.4160052728460661,-0.3155718809978994,-0.23624462901729024,-0.07729177828276691,0.02690638011034463,0.11270015471429459,0.3524009448368787,0.5391819147756365,0.625423214046495,0.6033675812471101,0.36563953393215803,-0.5381150534566944,0.6199625645874296,0.8958035575366226,0.9289862069332882,0.8154446780987218,0.5879593238427477,0.6108139019288955,0.5811333865855747,0.6014446737732003,0.6307766553850004,0.6765037467600736,0.7300976365833063
0,0,0,0,0,0,0,0,0,0,0,0,0,0,0,0,0,0,0,0,0,1.7621147641268635e+38,4.075481364110165e+37,0,0,0,-0.7067404729605288,-0.35632375027534774,-0.19550573062868445,-0.04358990313622731,0.18948861295630826,0.30709854419783467,0.4396839977995884,0.6946984270830304,0.8120860224438442,0.979487412497398,1.1593853386890025,0.7604171700421486,0.4055687868082486,1.124743524823245,0.9739851383326664,1.1855940753249135,1.1797636685067752,1.0427030553100598,1.0321219454145945,1.0072815604356338,0.9759547000223685,0.9819250795694587,1.0066668466962707,0.9378924830691677
0,0,0,0,0,0,0,0,0.06937534382000264,-0.43108339759991565,-0.08128903371822194,0.05045790932593441,0.13827173220935876,0.1948696373033213,0.30293549312735674,0.3389725827259202,0.432099270561163,0.34938118743617447,0.3631980206459266,0.39545082217405664,0.3312925726622419,0.2718133980647391,0.18752792852400468,0.15574729770556486,0.07774974816495335,0.1084855731645726,0.11553204876268844,0.1316292616762318,0.20879760749019785,0.2671425385028837,0.5252467761154626,0.6503461069124273,0.7438803197833941,0.9597549812290705,1.075990753645431,1.1506775953983075,0.9981960714214256,0.930248674240025,-0.59148848940005,1.1710713449943742,1.191926015000393,1.2348471221520467,1.1564770026745752,1.133795932001548,1.1039401483491398,1.0639641870582792,1.0362412958432514,1.0561762529567933,1.0572892089800612,1.0420294429233274
0,0,-0.4233081490739796,-0.5535461378452197,-0.5222952363919798,-0.5270118252913417,-0.5841294921479031,-0.4903499444322668,-0.3017853370823458,-0.2654301117805566,-0.15781520895754114,-0.14400515349353837,-0.09438124341349326,-0.027183946662824456,0.05257693591146209,0.11612457458456402,0.14719786141457894,0.1898686725787117,0.20227209020291426,0.2144723629507574,0.22257538191985127,0.21289727208088235,0.2492071545925024,0.23658382031315037,0.374186531296946,0.42561965245766725,0.48069465250817867,0.5799746411728791,0.6446630525474752,0.6901791632897368,0.8114483087991813,0.926249797554965,0.973041211198906,1.1246899439558482,1.162953696247981,1.2139925418405852,0.6280069810675848,-1.2875956302814473,0.6558324405752515,1.2136736034361368,1.2797366171831002,1.2578637430429236,1.2064900657469784,1.1536508647058272,1.1155500575456327,1.0964026637035817,1.0535203337914778,1.038097044214601,1.0203452980566627,1.0213764347861387
-0.5850440182153221,-0.5330635567566205,-0.5130704975344871,-0.5154531026043019,-0.41981801931902235,-0.4161727091407538,-0.40726272845554834,-0.3879884903219999,-0.335703137633914,-0.33161251437555894,-0.2902345586116779,-0.19628271248809528,-0.13332570211137407,-0.06632220963033326,0.04680023069282807,0.07530174592134103,0.11752731156979417,0.18039561227990047,0.1967134918308307,0.23086773984051556,0.3069338621458403,0.37298188013547995,0.3828645241661609,0.39717216954186024,0.5322403297608825,0.5854439541955669,0.642291671203887,0.7730548353730591,0.7890844361104166,0.8094103882676931,0.919719336993235,0.9571095191007781,0.9989384397250337,1.0834811997508438,1.1504457351457835,1.1847560389201561,1.072748614004712,1.2319090098386833,-1.0114449232969576,1.1488509373149196,1.2644673686148296,1.2764848515305027,1.2557099054716763,1.2057571281988029,1.18531816779034,1.1709090629326944,1.1461120830782785,1.1215925422389579,1.0894239971895134,1.0557340722360253
-0.4015805372952572,-0.35055425585038286,-0.34655454372186617,-0.34744305421116856,-0.32559004144931153,-0.30874088466859617,-0.30065643662991,-0.26207560921006545,-0.23344451387434487,-0.2244627006003804,-0.18126047953546537,-0.11415165704476461,-0.10435401308280849,-0.09587007845274292,-0.060745792741286574,-0.03344596566767418,-0.024479596061098497,0.065944764599604,0.16871195021309984,0.2052363777347039,0.2895170165321912,0.3343768554463473,0.3820513465767439,0.4137664453307185,0.5430054525596554,0.5945654584446514,0.6214719294115982,0.7193889482981464,0.7788841559630634,0.8403517566286223,0.9643041159019923,0.9831061858123895,1.0094229159409749,1.0683415342430083,1.1085594179814187,1.1309177098580117,1.1479720027315705,1.1234234343939737,-0.10639460070682502,0.6539376822827551,1.016887757263399,1.1563032431866411,1.2077848687619774,1.1730327891716332,1.1603885121477677,1.1532718426409005,1.1338318611855036,1.1294355765827966,1.1130838098053049,1.10586322725366
-0.24638834297390433,-0.24081479767420327,-0.23406995098080147,-0.2544005752707759,-0.19765776895034934,-0.1614830474321592,-0.1435612644106458,-0.1379060826779531,-0.11436138338242502,-0.09947232394693958,-0.08894170444726311,-0.07093500893914124,-0.08293325116346408,-0.08895821764415601,-0.08190752336222741,-0.07983688864472155,-0.07090153446391366,-0.03267339080769172,0.0427045377415485,0.08592908627310047,0.23369018656032517,0.2939297655558975,0.3407148576533175,0.39880942412912046,0.5308966590637063,0.5862572082360131,0.644917134270375,0.7374736925927742,0.7739843622861821,0.7962839995573323,0.8628346191608338,0.8893915311567854,0.9196839272647468,0.9804109786166373,1.0045873456959962,1.0318558773309008,1.073545040073918,1.0896343649464075,1.1214322628635414,1.1000525516259472,-0.5004975032008863,1.038302570722887,1.0673103174656318,1.1678671199243327,1.1812610305890445,1.1733478247252802,1.1352742349185236,1.126480468411539,1.1166058712857792,1.0884937547637406
0,0,0,0,0,-0.25985874186405644,-0.25052037414964057,-0.21029561231530783,-0.13801207531937892,-0.11813673041777206,-0.1149388103267874,-0.12435843832812701,-0.1340572919749967,-0.13247876184951027,-0.09225394545949069,-0.09215476885921892,-0.09083958007732285,-0.03492266910628087,0.030370416625959868,0.09416905733231447,0.21953112675308833,0.27678275398092883,0.3343310685033859,0.3904745765841864,0.49151169366667796,0.519839755094229,0.5767766910062113,0.6585229917184368,0.6986512357858454,0.7337135193411667,0.7954949313194604,0.8221592053810071,0.8483084026685156,0.9158404802949529,0.9361087440376521,0.9618333123976648,1.0114977364184432,1.0371131899333523,1.0520718752358211,0.5223794655703496,-0.7357405717733206,-0.4721555500570294,1.0928374186353236,1.0835036315389952,1.0957219580331905,1.082429084094811,1.0504066054734518,1.0440642254141876,1.0382087623043073,1.0345479363149428
0,0,0,0,0,0,0,-0.2882862332035997,-0.19950304478237338,-0.15250467667178225,-0.10642759767811309,-0.16426331796413518,-0.19544853140103016,-0.22619198700351895,-0.21059934303031078,-0.17444084274004426,-0.14562383208731938,-0.08426747810522238,-0.06710765300074671,-0.0484455858491231,-0.016753225870009568,0.05072703697134125,0.13899862295422175,0.16967867832684738,0.3032761543812542,0.4016623462085034,0.44609672673275375,0.5199547748200475,0.5636979782359627,0.6189239422949824,0.715550693639704,0.7452401895974858,0.7809422391575696,0.8544224706716744,0.8895552409530008,0.9092053291683738,0.9894720063811532,1.0109937354164542,1.0347125502862013,1.0760568254321103,1.0488133284904775,1.086790542295509,-1.0781954963528915,0.8447077306554289,1.1013846603038544,1.147361569313666,1.1196666404037243,1.109570029309965,1.0995337313772082,1.075268654908467
0,0,0,0,0,0,0,0,0,0,0,0.01353876050455694,-0.10560168429825521,-0.23225098922202692,-0.25305742368317646,-0.26205037634819317,-0.27780226859200396,-0.23033623834437517,-0.20573037229481397,-0.1710276761335927,-0.08447336598117339,-0.06443646159531628,-0.021567872220802874,0.017047504474622204,0.11161725626632624,0.16277150842582358,0.24291755504261697,0.32755235239847746,0.3779225475518536,0.43578115188509864,0.5248072762221513,0.6234602547387162,0.6420948490589953,0.7020081034066826,0.7446678014694742,0.7999493689911878,0.8676665451213535,0.9107788419710764,0.9448033920798286,0.998824184211042,1.0257705128924877,1.0485479227639949,1.0504682523010216,1.0930018189082409,1.108695186014462,0.8627995337656563,-0.3155373194812409,0.8423504984242681,1.1286929850267242,1.1351393397784024
0,0,0,0,0,0,0,0,0,0,0,0,0,0.021063559051969664,-0.27256448598678484,-0.2909617847320183,-0.3516247457554438,-0.2769686653777478,-0.2513391370103347,-0.24569147527927074,-0.1990025484298764,-0.17481597079308886,-0.163213258562381,-0.1377613806041195,-0.07505489736288389,-0.032532507304034945,0.014078354726882706,0.1011753500614736,0.17400715824316834,0.2541289377316739,0.40323660049922144,0.4508298151097252,0.48125108390154403,0.5288757949939059,0.5791110501975029,0.6470203421139858,0.7145630608475685,0.7543952027607163,0.8070050972352524,0.8487520404205152,0.8964611511960003,0.947382610806371,0.9786053616277139,1.0227435379776917,0.9440860699395609,0.8403980478866957,0.6126615320155674,1.0345765251713503,1.0812628015566077,1.062343676475133
0,0,0,0,0.0016152547772170602,0,0,0,0.007465838878868308,0,0,0,0,0,0,0,0,0,0,-0.43990044034033116,-0.36777556146021406,-0.3504954135748712,-0.3459949595134487,-0.3017434400710751,-0.23902079912761398,-0.20618502111880038,-0.18102900064670374,-0.04702530049832281,0.0515633831335401,0.12926014959565754,0.2580351372855805,0.3050839559980503,0.326987216527388,0.3610286611970735,0.3952053306527283,0.4259307968150818,0.5748329416332597,0.6080620470371823,0.6505680170549017,0.7303157143711945,0.7672128715168849,0.8065497548410557,0.8383374600990762,0.9220154878839228,0.9264623020991031,0.8257788221432535,-0.6356645412500265,0.94460502396343,0.9473525864145463,0.9680449021964092
0,0,0,0,0,0,0,0,0,0,0,0,0,0,0,-1.797229491718512e+38,0.011849822959175643,-0.04242026775526118,-0.03840392115233873,-0.07275369346442105,-0.12685213358741373,-0.19527746719182085,-0.39719267487928295,-0.4772814263904918,-0.48151843296160113,-0.5180506566582068,-0.47764790277749664,-0.3258761021284987,-0.2422797505436364,-0.15694199509249193,0.07768569912113692,0.1762368219744793,0.2590441127593282,0.37312652489766823,0.38606527019149367,0.4800248978855489,0.5819357954114663,0.6174904469311622,0.6495740252200644,0.7193966725701407,0.747137194565353,0.7726564464824612,0.8053992071428226,0.8783210042243583,0.8664008779626224,0.7538797373125207,0.9339211540613667,0.8050196568596154,0.9299209330551331,0.9167204170821331
0,0,0,0,0,0,0,0,0,0,0,0,0,0,0,0,0,0,0,0,-0.1645846996541269,-0.3007520732283297,-0.5061498842610418,-0.5486073566676729,-0.5477352791362885,-0.5923486002992903,-0.5911128546762955,-0.440940959082444,-0.33929664988239155,-0.23530355546191076,0.024246823127994165,0.12447557908551603,0.19636785307976798,0.3752906094075824,0.4525617636116117,0.49346610297271143,0.512486049705285,0.546532879588027,0.590217149409682,0.6587498671457165,0.7005109225353792,0.7559238760220476,0.7840076569955193,0.8437691760537095,0.8531197296615167,0.8156660534260461,0.8681420926706901,-0.8593661056199712,0.8693201003889163,0.8364290232579146
0,0,0,0,0,0,0,0,0,0,-0.11001012669949142,-0.13801344752043246,-0.17109123127746165,-0.19882854859363902,-0.2345009861747148,-0.26620731202151726,-0.32710199732637796,-0.3590387236807107,-0.3890847619704809,-0.45001060431364537,-0.4564966668275443,-0.4622350136921326,-0.4405843044997905,0.3365674422704695,-0.4103243987956024,-0.6616170571404231,-0.6004117179013757,-0.5025547384866094,-0.3919872153805954,-0.1886143406386473,0.16212651671091013,0.2668905818160653,0.39039204122572946,0.453644770404509,0.48393287611246544,0.525324628540611,0.5979648644919462,0.6367805142953745,0.640584649119902,0.6281057621635551,0.6550387890410978,0.6476027076866836,0.646940472077668,0.676370452370713,0.7106318647914464,0.7285007039371897,-0.6232900399365208,0.5334273651953818,0.7782463259860731,0.6496692747584026
