jsons/1312729200.json
{"header": {"parameterUnit": "m", "parameterNumber": 2, "dx": 0.1, "dy": 0.5, "parameterNumberName": "Eastward wave", "la1": 40.97354507446295, "la2": 16.46031188964855, "parameterCategory": 2, "lo2": 133.9931640625001, "nx": 191, "ny": 50, "refTime": "2011-08-05 8:00:00", "lo1": 114.97908020019554}, "data":
[rows 22 to 43 of 50, columns 49 to 97 of 191]
0,0,0,0,0,0,0,0,0,0,0,0,0,0,0,0,0,0,0,-0.5266218694896925,-0.2470796699383344,-0.3483504363204418,-0.17748352542517004,-0.40452933274553027,-1.3534527036083692,-1.1515004260266437,-1.647929719485515,-1.9621144116641775,-2.3863691322719647,-2.4595764057531753,-2.5206952598766112,-2.629625672433706,-2.6694455134539443,-2.669495795184936,-2.6255847652704394,-2.56463755520184,-2.363898646815128,-2.05918429255169,-1.8994474668944565,-1.707374783230667,-1.4394664073802013,-1.27410556820084,-1.0962139108391085,-0.9676990265728498,-0.6022300988113555,-0.8278411861200463,-0.9647048186933295,1.5090905603403644,1.4212240790385064
0,0,0,0,0,0,0,0,0,0,0,0,0,0,0,0,-0.06934274656942481,0,0,0,0,-0.3609400408534749,-0.7955499384205916,-1.0331879083343292,-1.2525040011696909,-1.4410038114516397,-1.8423843824102855,-2.1488292518003633,-2.418319583839643,-2.5515492025290296,-2.622603983296712,-2.6331889656578666,-2.5379046516387023,-2.425577834882922,-2.137640450082347,-2.0239033916394273,-1.8738521441378189,-1.6940397915363448,-1.5616428457531963,-1.4559185513878588,-1.238432016811761,-1.0928584441415716,-0.9411448856273531,-0.8395347142705787,-0.5986998942575791,-0.4994248358804308,-0.6427906439710742,-0.0429971032040698,1.7577293580227722
0,0,0,0,0,0,0,0,0,0,0,0,0,0,0,0,0,0,0,-0.26866720086532253,-0.37279737543716546,-0.4835215754338042,-0.7118945606647267,-1.134440450202243,-1.440129553455248,-1.9327200077540048,-2.2252478617651996,-2.358865415500348,-2.4975593396008615,-2.564235129964457,-2.57434999954467,-2.5013477528617747,-2.382780154362956,-2.3137759485681495,-2.130156230859662,-2.0135488935881725,-1.8604935075338307,-1.6254879546861363,-1.4502784660899768,-1.2812919803960843,-1.0229174661801272,-0.9478579423008793,-0.8396430158211353,-0.7574391371968877,-0.5182884672409819,-0.44226299979203937,-1.0013248318124017,-1.3197349406854884,0.2015776624984613
0,0,0,0,0,0,0,0,0,0,0,0,0,0,0,0,3.3038944722661223e+38,-0.4431600831106609,-0.08622422482402202,-0.297426741354641,-0.6516894589363675,-1.1376853621181555,-1.4254713895720748,-1.801563717905481,-2.0241395672063316,-2.2598788341590277,-2.41616937640519,-2.478762221676071,-2.5161751230550755,-2.498951778298897,-2.466438540472553,-2.320373955741751,-2.1513901122372427,-2.00860198049109,-1.8357666573144666,-1.6950136898840258,-1.5892549204474609,-1.3973395400290338,-1.3229177164251067,-1.192702141017943,-1.0379157185735437,-0.9888984255359393,-0.8797483701863867,-0.7619579782747262,-0.6442284112370241,-0.5728707744757919,-0.49045203068288684,-0.2873157899500225,-0.6127661647794679
0,0,0,0,0,0,0,0,0,-0.008852436087700763,0.18561683969052523,0.42844401350995104,0.48832327955986093,0.6614947218690056,0.574643255776073,0.10631103689236464,-0.14560751333233724,-0.44436769132675835,-0.9504870632857999,-1.2150780330208835,-1.5555439991344375,-1.8081905090931234,-1.98205479811409,-2.1371653501544388,-2.2259299510584407,-2.3226840391715813,-2.384369618058794,-2.404456390892997,-2.39305657312087,-2.3227788150791255,-2.2592511220331737,-2.111062708506778,-1.9444709778401033,-1.9058595235826252,-1.776240264223854,-1.6428772076335023,-1.426249248487134,-1.1870680533811102,-1.1344990238374797,-1.060256163820697,-0.9642998079559352,-0.8995006445393141,-0.8560488318862973,-0.7935270883247423,-0.6663715990571092,-0.6106266255465406,-0.5641787181893668,-0.46542020174168797,-0.38473098090546837
0,0,0,0,0,0,0,0,0.18447384490164054,0.1756275527698952,0.07711615032047868,-0.11805710291459522,-0.5407403585656302,-0.750713087573373,-0.9162504246791704,-1.1262540429430792,-1.2579715874638129,-1.4683578013754903,-1.6596094505405512,-1.8020640269617658,-1.947864535794678,-2.0587072051271615,-2.121394099001731,-2.2188526780627593,-2.2541221881427367,-2.299825050817551,-2.3389712882796645,-2.3424851855621744,-2.320567787308542,-2.2814313976884306,-2.2233949742311805,-2.079281865459078,-1.988813539785437,-1.9227817061685324,-1.7353365940790775,-1.6198668147625535,-1.4464987251135804,-1.3028999602024824,-1.237031312471144,-1.1844577668592426,-1.0745495268650587,-0.9982584277650762,-0.9500093810697149,-0.8558341131113895,-0.7415274325825839,-0.6810264961981372,-0.6390321605791914,-0.5234589902988961,-0.49505179489556156
0,0,0,-0.44235080411707556,0.3119280694626901,0.21968539682764274,0.04542257806291257,-0.12162152361268738,-0.3269048935031552,-0.6525138189014447,-0.8241795281695871,-0.9914028588731957,-1.168221186978983,-1.3154407281462306,-1.4161936187244932,-1.5354543787590915,-1.629734292507206,-1.7769801428778371,-1.872056054831974,-1.9431515630293832,-2.0339843064607313,-2.088683977627349,-2.1338009015501007,-2.201594829135372,-2.2279504758739535,-2.2578704433320653,-2.273885948979615,-2.272926009899414,-2.236908602934138,-2.1672110680277874,-2.121560625095167,-2.0151222794572825,-1.9664107341557706,-1.918323457525435,-1.7209146358815752,-1.6465279317162331,-1.5246726795368757,-1.4519803378384726,-1.3887229852108753,-1.3639828599509767,-1.2895953737084356,-1.1951270653024737,-1.1298648709924053,-1.0079332736282784,-0.8603521777853013,-0.7743899839568863,-0.7068343828164774,-0.6287921377438243,-0.6071435026667424
0.016114161622079605,-0.020710621252536983,-0.16175226500397588,-0.32568149203390917,-0.5064156217135694,-0.788518230507374,-0.862771987579129,-0.9967210917861999,-1.1150543889184987,-1.2436348920975844,-1.3817967404630507,-1.4461081030740832,-1.5440099861151588,-1.6422210618142465,-1.7060642428489492,-1.7752207715328774,-1.8174384836371182,-1.8798452361098839,-1.9471304679146115,-1.9773411429357082,-2.045531671424922,-2.1013430775197173,-2.1319138519592937,-2.175258285651814,-2.192569798652356,-2.2113934525638936,-2.226441497375093,-2.230653044478558,-2.208875289672185,-2.1712251895190775,-2.150465868610793,-2.0894990279207275,-2.028245757271016,-1.987253647816867,-1.853505658714384,-1.7651619630560171,-1.6744735534941055,-1.6158394161312943,-1.571245723983738,-1.5441170269728024,-1.4506358275579616,-1.401669406499563,-1.2545375943252024,-1.1730485733550144,-0.9913188085774052,-0.8549802083124761,-0.8166018442032035,-0.6865056329516833,-0.6500326303943378
-0.48234278938789266,-0.6654230926769361,-0.871509718507139,-0.9637821828841312,-1.0774511333556707,-1.1865625389840218,-1.261935121195087,-1.3693591960555835,-1.4238231404173851,-1.5340791045905744,-1.6143561884201652,-1.665903679213454,-1.7379296613514057,-1.7906175718602941,-1.8162078489205775,-1.8412968678700175,-1.8840565485252565,-1.947135824438796,-1.9729818838345135,-1.9956681723844132,-2.044779351484883,-2.0757813067760216,-2.111291295419209,-2.1668494219860164,-2.1907829711190363,-2.2130287597229725,-2.232046476133813,-2.2248406344926894,-2.1980103476800084,-2.1621052680836472,-2.156516070176923,-2.1278030047100347,-2.0847570389386205,-2.050247143107224,-1.9628887016537901,-1.9205842559317914,-1.8816315729981992,-1.7749056330137203,-1.6972647046872267,-1.6543748512532046,-1.572867108503044,-1.4784149271504827,-1.4034213298492755,-1.2894294335179646,-1.1546448856371607,-1.0405405398370347,-0.9466280552039071,-0.8034444103278893,-0.727704202178602
-0.8493278016312236,-1.06017410336785,-1.2200100670834655,-1.2754130800238783,-1.3547630594269786,-1.4431828002228897,-1.5004778651886306,-1.5798975233315917,-1.6420119551236025,-1.7006601927373652,-1.7683146398664056,-1.7934265411656065,-1.8201059406185978,-1.8376917419646284,-1.8581992775259726,-1.8849509524766064,-1.9100237514074947,-1.9661731337217452,-2.002808398046326,-2.019101112343638,-2.074307004597272,-2.101259964322036,-2.1318410462296438,-2.165586774640319,-2.174613527776632,-2.1759718550666975,-2.175032826816299,-2.169753548911624,-2.162648226784139,-2.1662785737620034,-2.1578650895800324,-2.135286723247395,-2.1391887434533725,-2.1269990581898903,-2.0906440024972888,-2.0622072961688134,-1.9411683701214302,-1.807574776595307,-1.7489190696148555,-1.6547784824346146,-1.538994471846307,-1.4790092793055587,-1.3985921178474747,-1.3129487074636725,-1.1947474933248825,-1.1269167410854364,-1.0277433119855688,-0.8787756194794318,-0.8262229794313072
-1.3041121567013492,-1.3823531344819895,-1.4634450788046687,-1.507122701278058,-1.573644200289029,-1.6137216737881366,-1.664170293871458,-1.7120793613944598,-1.747683323758991,-1.7676638903986925,-1.6843240490658815,-1.6107434989276361,0,0,0,0,0,0,0,0,0,-1.6459599405305088,-1.9300801958711618,-2.0981978960194847,-2.127762902798318,-2.1573936333116386,-2.1708163107785903,-2.184766663343269,-2.190635520724064,-2.2199297300498215,-2.225776997381503,-2.2326479347784205,-2.252674913275652,-2.203742103555311,-2.113774376954737,-2.0681079636064585,-1.9550295391023353,-1.8567898342893026,-1.8108050590640903,-1.7394594581301481,-1.6356287142742896,-1.5720835758659997,-1.5044210839684395,-1.5149993513428133,-1.4819187350637422,-1.385155288912818,-1.2662395424608535,-1.1209875481947646,-1.0297494322801917
-1.4619522945048788,-1.4747959255341008,-1.5203690073930005,-1.5422092207519644,-1.5226327493962712,-1.4787375313221935,-1.388828038612765,-1.1936064555469885,0,0,0,0,0,0,0,0,0,0,0,0,-1.4109557151903824,-1.7416711362537582,-1.9306596063803891,-2.065778353805251,-2.1044684049087916,-2.168476807636892,-2.21009682635136,-2.2374191228397624,-2.2658375558379444,-2.2953660036864743,-2.303358026352522,-2.2896298272228117,-2.2718942612085375,-2.2552274657237033,-2.1980849715747337,-2.144542021363699,-2.0644082446375736,-1.9521651545433691,-1.9266657977256527,-1.8249497815287525,-1.871176340189325,-1.8402769917902817,-1.7843518811876429,-1.4137039986246458,-0.7692126268333582,-1.7400367929056755,-1.7073490877569553,-1.4780701598302015,-1.3884160318545704
-1.3319143071231696,-1.293020652520634,-1.1515795261887254,-1.0462441034109853,-0.9185368304401464,0,0,0,0,0,0,0,0,0,0,0,0,0,-1.1622868597382188,-1.4224836580009526,-1.7062531960572738,-1.903297494627422,-1.9818507343318696,-2.066119543546584,-2.122504302613622,-2.1766488217761464,-2.2319031995780167,-2.2542430882283075,-2.270369552675829,-2.290564203187186,-2.313766897106914,-2.3138083173140704,-2.2950825958957757,-2.2396211794906704,-2.1588378761060594,-2.097763084549233,-1.9373819614255183,-1.6503434482090997,-1.3611828857047659,-1.0026029741842155,-1.0695417244113141,-1.1553124678714328,-1.1851316008418051,-1.0392188980667296,-0.9956861757783672,-1.138642538638733,-1.314796176018089,-1.433250063823391,-1.4784584578629092
-0.9883659791016679,-0.7514122294954929,-0.4790792426834502,0,0,0,0,0,0,0,0,0,0,0,0,0,0,-1.344933851186687,-1.5707473317774574,-1.7285212262704719,-1.8762022671526157,-2.0024088245348475,-2.061293891648225,-2.107610981509269,-2.1467005952542277,-2.1856864865217567,-2.239532600597079,-2.259266636374778,-2.273417865387969,-2.3095104608988244,-2.329031932054038,-2.329235004744065,-2.295345102560065,-2.2408972553466877,-2.090647407130452,-2.0281558020620083,-1.9011980725500048,-1.7795854209881319,-1.6886041966580123,-1.5574312322638653,-1.4719459992553336,-1.4351542769534658,-1.3846577018230615,-1.3659804242953435,-1.3335579891847409,-1.3493220917713953,-1.3855399668944315,-1.413374357977262,-1.4249378738918796
-0.6309058183988903,-0.49477527894440626,-0.09133477568325192,0,0,0,0,0,0,0,0,0,0,0,0,-1.295588928596861,-1.447970416733605,-1.6280598621604543,-1.7833856540535502,-1.8735860498158554,-1.9643159217002988,-2.044232102697727,-2.0830846033945827,-2.144708932810687,-2.187908070456617,-2.211946508908206,-2.2515397233129804,-2.284727156789619,-2.2971618664529667,-2.3135512018267126,-2.3167151021444727,-2.2837017999639553,-2.2346316979630654,-2.200097863682707,-2.056367356458034,-1.9936769576626328,-1.9014160024072662,-1.8404402830028823,-1.8022765056548662,-1.7301146026806669,-1.6705298416898111,-1.6313283414213842,-1.5718323962686973,-1.5557497545561876,-1.5223427125703584,-1.507642783088321,-1.4888528939358145,-1.4455700729511538,-1.4221855769189644
-0.5209844798278452,-0.4435314573496502,-0.2926335063283988,-0.3426868142875117,-0.5383536977586345,-0.47180968219614455,0,0,0,0,0,-1.2150594904236014,-1.1848297872735867,-1.4078635373974029,-1.5223965537616684,-1.648219279878576,-1.727661590799939,-1.8185348048207635,-1.9131712404253771,-1.961871757805438,-2.0274262532135263,-2.0799300725987897,-2.1132119454354013,-2.157231798999325,-2.176910272274509,-2.2079957061516122,-2.226589382639892,-2.2315037757857965,-2.2322379835914,-2.2183605935379282,-2.2026134442215515,-2.1666549016932883,-2.110865891473907,-2.0707567288101933,-1.9853502458325782,-1.9479636418844284,-1.8960428019455826,-1.8471842150661353,-1.828663523610742,-1.822305917649217,-1.7814952284085854,-1.7586511277643062,-1.7166427583862827,-1.7018020204050663,-1.6691965634688202,-1.6285642210845932,-1.6083411162312935,-1.5667923124519982,-1.5576438438949054
-0.5220030061734616,-0.565828483877291,-0.19299901625311972,0.5929356865998497,0.5277630085597619,0.5163414533653278,0.5826157519907629,0.613560473926438,0.7808697521746143,0,-1.2902019133648914,-1.46037326528607,-1.5981739838292957,-1.73332333671614,-1.8049545988577549,-1.9010239402116536,-1.944065488662714,-1.969865806736433,-1.9974509790727517,-2.0286384946654743,-2.0761126686639635,-2.1248170753653004,-2.143418795178685,-2.1736125183241195,-2.1854515093474123,-2.183949720607789,-2.178836573710224,-2.1605397708525134,-2.1380277915766084,-2.109001794648318,-2.095975584166823,-2.049408422735691,-2.001051287047131,-1.97538487327742,-1.9383941488072147,-1.9177826042216477,-1.902526302429327,-1.8771662390782293,-1.8686493383096698,-1.8711156894764311,-1.8414402843860174,-1.8194795987050207,-1.79079575517715,-1.7631538886512288,-1.74777855799287,-1.7308589679712911,-1.7208347225853098,-1.6830893488602285,-1.6551103664359317
-0.6893972070323904,-0.85689076729568,-0.8354395716572687,-0.8717607154279766,-1.0711394335824516,-1.1322493596996837,-1.3416205916900539,-1.5035434577084343,-1.598054153331363,-1.6897157877526625,-1.7684531271934627,-1.801599235827051,-1.8668293539200864,-1.913189213650593,-1.9366292050355152,-1.9808944928927565,-2.0110227460663803,-2.0216566674538683,-2.0350363941802834,-2.0599233488584408,-2.08363250899551,-2.105000272056912,-2.11034592031624,-2.106423558633464,-2.102977891670685,-2.087982540344042,-2.0814530539535534,-2.0776033470750352,-2.0436607145866996,-2.020159497138144,-2.006725487615028,-1.9828138740121959,-1.961038715640952,-1.9579005386251793,-1.9406560165864084,-1.9263697568232603,-1.9210625121983647,-1.8930630654996268,-1.8872473814228314,-1.875193754980921,-1.849254586674524,-1.8260507916742805,-1.8169059676542942,-1.8027445337385872,-1.7632657927191306,-1.752958669417114,-1.7363096912789384,-1.7332071193035294,-1.707397874959143
-1.1444033403037626,-1.278054124720305,-1.3337240487605522,-1.3832154569675355,-1.5582452961367228,-1.596292318047156,-1.6461188689882895,-1.747155023638101,-1.7566227456377095,-1.8026181639609897,-1.8262680111489353,-1.8585843912990005,-1.895899429036261,-1.9239251671383644,-1.9406551646760317,-1.9708766123875718,-1.977888571897852,-1.9937269334407943,-2.018679709423383,-2.0263485097776064,-2.0398570346712166,-2.0468775009412314,-2.0482842200641276,-2.0395674943022457,-2.0442402075188015,-2.0372149743844803,-2.0330189714956535,-2.026282206679916,-1.9986971876405792,-1.9744319915891562,-1.9709067465879737,-1.9518058320120606,-1.9470513156034803,-1.940406531450139,-1.9259574017484002,-1.9157426882940336,-1.912773834141779,-1.8876833946567548,-1.8740153124470047,-1.873546265776156,-1.8398556971333595,-1.826287077346456,-1.8301789946498104,-1.8190475874107566,-1.8036701266528983,-1.817087605686624,-1.8277882254150832,-1.7941462339458876,-1.7837179464328878
-1.4041692631656464,-1.4991409209523827,-1.5771019386629734,-1.5934801627357926,-1.667044169005756,-1.7130402868213077,-1.727638816658073,-1.755235349336129,-1.7780889305039016,-1.7983512566430442,-1.8237479877549518,-1.8316410972335915,-1.8704219346973086,-1.8873997055083649,-1.9043691565850598,-1.9244446378151314,-1.9306221743478655,-1.9484442546219534,-1.956448303435846,-1.9686747154360043,-1.967734633425857,-1.9661941208635776,-1.9692507404659654,-1.9602484456875058,-1.9605502029199675,-1.9613487202578972,-1.9649869927453387,-1.9637564752760002,-1.9566702123530535,-1.954811811235829,-1.9453256689678333,-1.9339559422310857,-1.9335013859080576,-1.9327966052684649,-1.9266077227356833,-1.9163057408926925,-1.9273390144560403,-1.9202350836959594,-1.9093659252942867,-1.907098333390275,-1.8884241920400773,-1.8819528299799377,-1.8708500142853524,-1.8588193711434369,-1.8371357864234805,-1.8515721968311518,-1.8516504934459244,-1.8232730593064501,-1.8184293159585698
-1.5362556818157322,-1.5762010940934088,-1.6224592738473909,-1.6483306447538641,-1.6744580847818822,-1.6965759295826643,-1.7144004526049628,-1.7165994338292576,-1.734287319349482,-1.7645475416285372,-1.7659535814466287,-1.7906421527941352,-1.823639756225211,-1.8330138141855772,-1.8437448930646905,-1.8573557367191031,-1.865339000723498,-1.861180927767491,-1.862177715329449,-1.8626763374735287,-1.8814548604937886,-1.888972111092986,-1.8909909923929948,-1.9073963702625574,-1.910687724507633,-1.908182208242602,-1.9129236886485015,-1.914635144407518,-1.912455983989026,-1.9173099600880035,-1.914733753351916,-1.9105325192110443,-1.9173509643001243,-1.918831819959133,-1.9125443243725138,-1.9157127511581675,-1.9257678715784954,-1.9155839358641435,-1.9128126372315466,-1.9137179244061688,-1.9046396601988316,-1.8923862495999877,-1.8934293385991579,-1.8850880843205453,-1.872597242648929,-1.874945339002324,-1.8690120002508233,-1.8515727666504356,-1.842989293738523
-1.5539928383599448,-1.5810132367183063,-1.5989299437826976,-1.6135537458735258,-1.6367795128458416,-1.6595787772324186,-1.674972802747372,-1.692863649123131,-1.698929539250715,-1.7234253592019222,-1.7410613526391916,-1.7454173945706712,-1.7661600641997532,-1.7692126263703882,-1.7709684270710278,-1.7893499895263383,-1.7944268383760296,-1.7958066971787439,-1.8043096340408646,-1.809546438735608,-1.8156173188982985,-1.8260727838052508,-1.823569371015357,-1.8347533494650834,-1.8481728508825834,-1.857434286038763,-1.867927287189963,-1.8746261192226052,-1.8793663548986288,-1.8810647512393195,-1.888178992201258,-1.8946664492935068,-1.9068814342023575,-1.9134759178724179,-1.9134668406247473,-1.9151865064841214,-1.918668137825797,-1.9109372339189203,-1.909175810454216,-1.9114640057876313,-1.8978220657187685,-1.8947204939566853,-1.8941943913949748,-1.8933977478422563,-1.881543266109315,-1.8933922026076668,-1.8820518267850366,-1.8482335636001772,-1.8446785178660599
