jsons/1312786800.json
{"header": {"parameterUnit": "m", "parameterNumber": 3, "dx": 0.1, "dy": 0.5, "parameterNumberName": "Northward wave", "la1": 40.97354507446295, "la2": 16.46031188964855, "parameterCategory": 2, "lo2": 133.9931640625001, "nx": 191, "ny": 50, "refTime": "2011-08-05 8:00:00", "lo1": 114.97908020019554}, "data":
[rows 22 to 43 of 50, columns 100 to 149 of 191]
1.0339780221541117,0.9736367530740482,0.8155486452489699,0.7748684795992695,0.7448122046551447,0.6777936636408576,0.6601522019413008,0.6414305734869384,0.6250050848579409,0.6234921556352355,0.6198473867995078,0.6140406763271385,0.5962499313277192,0.5996384700110089,0.5872367769066283,0.569145739755528,0.5662201782517929,0.5513539208703427,0.5315611176473904,0.532468790499871,0.5131853914697323,0.4483782523381528,0.4389570137462227,0.42159686659732626,0.42958313208281285,0.45282981671190126,0.47300589046023733,0.5101389006712403,0.5810588476903913,0.6047380025531822,0.6315835671533863,0.6803082325884531,0.7184135342805794,0.7526490637971469,0.7838636668109236,0.8058125070486081,0.8296165314879468,0.880983506606326,0.9120964775627891,0.9508640576037862,1.0105343293122269,1.0429254694444765,1.0879142358565566,1.1345832419753314,1.1655508107455002,1.169509386500564,1.165442888386844,1.161518397477416,1.168866606473373,1.1492325559449297
1.1312522752815506,1.0979775026494136,0.9415740002009394,0.9165066295433083,0.8711205047554507,0.8282022521599649,0.7791134232564096,0.7559204957941085,0.6998105457934057,0.6850339695278735,0.6685912230341835,0.6343798145398903,0.5922922471948165,0.5625664978452057,0.5389903039515597,0.504742566143655,0.5119538202278431,0.5359478473462091,0.4969202412512557,0.4817801272306489,0.48348083497099853,0.4445278720564242,0.5037196225114821,0.5725094175320116,0.5442408653886522,0.564150768027091,0.5804906965449683,0.606072973902986,0.6516053927757269,0.6845803857577965,0.7048911287011355,0.7571928799705713,0.7764269230788902,0.7938923826850566,0.8945827583188856,0.9113010338265339,0.9403738912969567,1.031897027847869,1.0559290648864412,1.0920061278451831,1.168073126233399,1.2009685820094145,1.2234779050323243,1.2372050764481461,1.2674402676979049,1.2791109555307045,1.2824962337345736,1.2712129072448854,1.2659077068931968,1.266823626909091
1.1051863094055605,1.137787376425555,1.1002299303131189,1.083121493078271,1.0518142676459747,0.9710329085392236,0.9217347666342414,0.8960387388408589,0.8289867701352301,0.7981030570411638,0.779294925140658,0.7706248373729662,0.7385508408444925,0.720850483639951,0.7001815408995334,0.683803267752934,0.6677861330321522,0.6591890716586978,0.649904479067327,0.6560011615647834,0.6736651933128179,0.6746439566269937,0.6913101651799187,0.7083841176548309,0.7452619319060666,0.727747730267147,0.7323256962161357,0.7448517730921352,0.7756622025487196,0.8174930302641943,0.8343681217262741,0.8479609423191549,0.8921782810585874,0.9319694594449233,1.0078654089021128,1.0531089619880447,1.0780623356957206,1.1666976356569587,1.1908448617008076,1.2310308429567205,1.2934882951415239,1.3196408106563593,1.3358179213027161,1.3800313415813228,1.371982200835993,1.3883258116126205,1.39498691119785,1.3814555573424687,1.3728280455699016,1.3637760455019325
1.1205737058642273,1.112786226947501,1.093836379780158,1.0865600762176457,1.0729480225774102,1.04218546114254,1.0206395448892254,1.012617362431634,0.9192915056895758,0.8851046538179305,0.8938538314507839,0.8483733086869308,0.8071979965292937,0.75821827863539,0.7791687822211477,0.7817191547801682,0.8042166886415225,0.8113239769127466,0.7898217010668979,0.7783894401831498,0.7524698909198687,0.7992788618607884,0.791577290665533,0.7870296573728287,0.839304118501929,0.8633514831775191,0.9017840548635132,0.937320365021188,0.9702119931551836,0.9837171614289928,0.9854750856890867,1.0476235160466523,1.0536357969883576,1.0676050276640565,1.0525254451303525,1.0812452389937532,1.1242404161545512,1.1934889411125633,1.228309355851006,1.2668821150440843,1.2857843446190367,0.12239761991279996,-0.03168277620136341,1.2843633069232279,1.167764368803379,0.9948344461362989,-0.8563143384234655,-0.8388190316812167,-0.4179234977538227,0.27301865310282797
0.9881313715623695,1.091627117661928,1.0930707805836428,1.0916084150072745,1.095977012454959,1.0979083404694403,1.0924577088361498,1.0912286883479918,1.0533263979304748,1.0407963244390341,1.0136156146013717,0.9979974828805761,0.9675568885514948,0.953804712695168,0.9369500954105201,0.9062267096206006,0.8948405351254873,0.8776205166098496,0.8008238543774215,0.8050178164465709,0.7940934643542219,0.7916149568094116,0.8130168675703783,0.8348060212558169,0.8968700469744822,0.9071970594300535,0.9296662115390467,0.9437467102817901,0.9647642920272722,0.9962967648779899,1.0260806895832488,1.0450309938037916,1.0868692386959222,1.1206833661000353,1.185057185774946,1.2370670035980569,1.2671963548395913,1.2953656612997153,1.2109029961517241,1.2593557432295874,1.1118234479210096,1.2226252422708057,1.3142944457924979,1.2649131667104385,1.2278195532081708,1.229643024832755,1.1418945605353816,1.1494263379629592,1.0240821207043078,0.9933562028280795
-1.0819113060644074,0.7964400694927775,1.0407701538220304,1.0792579834001252,1.0786222482135126,1.0743119718229697,1.0722935067692085,1.0724602167828423,1.0590260600465016,1.0505907577369442,1.0374641505912954,1.0162017861007162,0.9852145192622731,0.991714990768009,0.9819320927697405,0.9289381052947959,0.9264200600204625,0.9027031749691247,0.9147183610714753,0.9301683977649889,0.9322826623931844,0.9325143951556669,0.9323084165229137,0.9485073631225498,0.9368673924854041,0.9673787311689995,1.0005938672216275,1.0099549803593706,1.0175333428423623,1.0316801869526226,1.0232711795631273,1.043116920116472,1.0677688561672833,1.0921247525836912,1.127398428969944,1.121573270879741,1.126139551719547,1.1276671417619981,1.1478169611600662,1.1746612139207395,1.195762053580786,1.2058720499348738,1.1960417295000378,1.1410846026004555,1.142904802491805,1.1183713782592495,1.1310600350332434,1.143499059236295,1.1715390347246517,1.1862860849388706
0.19210806877636555,-0.8736411474455861,1.0259252872710638,1.0231714048695026,1.039798089732892,1.053824523914515,1.04229869933646,1.044151844929748,1.0531138588950983,1.0295920509512977,1.0204632692722322,1.0039717978188754,0.9804593033582738,0.9825834366724072,0.9684191898490084,0.9601140578473514,0.9535332465783538,0.9580983340299767,0.9654876309778402,0.9828606322380358,0.994141462813882,1.0148739424740567,1.0326613812915384,1.045869633473241,1.0636903634885382,1.0703656734934988,1.0843132196236298,1.1195580187348153,1.1349486946672516,0.6718122877802144,-1.136209791856094,-0.3564846502504154,-1.105195394144024,-0.8576041821206805,0.774372977354678,1.1300503784333666,1.19036809499427,1.2100640252109582,1.223746035988814,1.2179134079975797,1.2095745838400096,1.204171544371567,1.2174501564032338,1.2275907690829377,1.2461875064582253,1.2580691225558622,1.2646009117560661,1.2752093688163906,1.2843049150718453,1.2913089373635664
1.0579934933286688,1.0615353590234127,1.0613962998177457,1.0614611950034676,1.0638219604256318,1.0603697181831382,1.0535003647260912,1.0536112080177384,1.0427455231217972,1.0384822439023698,1.0333192054075726,1.0257582788891448,1.013076093396175,1.003221942648726,0.9973953460040059,0.9867306783446754,0.9983479005481639,1.0183443299613593,1.0249990921862164,1.0361564681048763,1.047260548179358,1.0611986452517177,1.0871133363126955,1.1132929879886306,1.0701768261012585,0.5466330275709698,-1.0681578610113787,1.0883838234076406,-0.7225000031606987,-0.8087207641434238,-0.5164713413501769,-0.34736270074734754,-0.32636786193184275,-0.30418508680388595,-0.2540305386153716,-0.2512575919132861,-0.15182085531094144,0.03367730449814554,0.19642085748902718,0.31457087883320556,0.7270636105092054,0.9043212396034771,0.964618810786429,1.0518019924811834,1.1114338105632597,1.1442514408937894,1.173152545452854,1.2102838880251177,1.2313445003826409,1.2545158538957166
0.977159016827947,1.01717684226383,1.0518710482253848,1.060302584472182,1.0673584481044167,1.0635954592680226,1.0629778463522033,1.0626247234078683,1.0537426730444188,1.0542541153664187,1.0556095103797951,1.05427487579162,1.0441756209785618,1.0300908818499679,1.0254982887610855,1.0099024450660132,1.0114698009325611,1.01640493840897,1.0259198030772556,1.0355909229414917,1.0465254495857712,1.0575633321795084,1.0709227336387765,1.091379819464026,1.1217190135246375,1.1409914832144354,1.1254873801804095,1.1334708768282469,1.0580901968086522,0.9515034056867944,0.7819286759936939,0.5274681372773404,0.513394513423831,0.5091709509626261,0.48009842747557957,0.47239967358026835,0.406241599028466,0.4584910354884216,0.44318775840822205,0.45379681098549285,0.4617369075341839,0.5107764504506793,0.5444717652470143,0.6579577380092646,0.6862310188540324,0.71498255067575,0.8145083211512079,0.8949671724109429,0.9430430473326524,0.9970792764183242
1.0695768226322335,1.0435937001646673,0.9761606464660256,0.8601124903315295,0.8605214868784088,-1.0394342826003344,0.6895969020181709,0.9827071421321067,1.067089726378222,1.0691104650995453,1.066620515949475,1.0656189123024522,1.0570075404993116,1.0602941001943085,1.0616363789189982,1.0620832035281662,1.069913172800331,1.0751093490649266,1.0716434008288798,1.073423436260671,1.0835893046577822,1.0839211450899515,1.0841424269365687,1.0917427567254894,1.1056421469642497,1.1215656622075518,1.148769039192564,1.160292331337232,1.1830081572705184,1.2066795480318964,1.2133651525205091,1.2238467773814066,1.2208861251455414,1.225786116025576,1.214623619415892,1.192012372735402,1.1845078786303704,1.156769382776283,1.131393010346716,1.121401075576837,1.0497154047843211,1.041757759870686,1.0115317713969398,0.9688664615992512,0.9729887205666299,0.9430710894180628,0.9456982410239994,0.9530631099437294,0.9451536656096733,0.9359449255101354
1.1126034721105378,1.1053352049356289,0.9619676833376661,0.7200783115762236,0.38155856609362726,0.9343211483998978,0.9550111167965426,1.0714985963285506,0.9064929533940961,0.9860224449201548,1.081196355009683,1.0783028375601997,1.0870999757482058,1.0855272482854992,1.0915465082233862,1.0971001549183497,1.1044862049961546,1.1017937623660043,1.0943856105342153,1.0906865454650425,1.0924387858260376,1.1057237112245462,1.1132496269358165,1.1247857124755496,1.1331520459387179,1.1426948266296293,1.175303257030651,1.1797162705905941,1.0953291043008226,0.8771729013380072,-0.046813300694293715,-0.687397695857327,0.9400289955851415,1.1211318024804144,-0.0004890092584955956,-1.2100381636037265,1.2685089480207978,-1.317951190778539,-1.1349139256151994,-0.2405221161131405,0.9012392964972051,1.1496976058242168,1.1779068836301636,1.2390663023768695,1.2499262157015987,1.2567670183516102,1.2781052149758194,1.2536501044255246,1.2406415785689762,1.2373144915881173
1.0875061217093627,1.0123493519138793,-0.7580206406917182,0.9187079528313504,1.0223351041743993,1.0708968161995964,1.0570806412190108,1.0683084777586351,1.0680636865835278,0.9591623060266683,0.9793453537173487,-0.22308429660571832,-0.9840408833774624,-0.6264605259684258,0.06352143861399974,1.006132595655039,1.0609323519095155,1.0967292202580126,1.124588574438576,1.1218357198490576,1.122087114752512,1.1278344405701375,1.1328310025881827,1.1402401235573207,1.1535796545556811,1.1579887871048826,1.0763911738663445,1.2031940603573075,-0.7560702947317133,1.2150351865626,1.0118558550832413,1.2235834556962768,1.2434428975192737,1.2531048137879666,1.2638466998933364,1.2749223628869288,1.2871682291719793,1.2944024461248884,1.254775175001747,1.2819381022920968,1.1421802824936151,0.815779594115271,1.0502493789357428,-0.23635553474658116,-1.1560743414616623,0.7011661692531014,1.261499374598478,0.7625563348296337,0.9974700173986049,1.1662673978779499
1.125431491213868,1.1436483351189008,1.179813732273967,1.1830888985969776,1.1630018317684356,1.1638386524343862,1.157925523784464,1.1527409171191012,1.1558458770085558,1.1554825862854268,1.1371056052564084,1.1040051409826839,1.0995629380583718,1.0941439266838444,1.1335959228842691,1.1230223544177382,1.0598564701262378,1.0302657441179868,0.1259546311738712,-1.0413893448036196,-0.7966350570070463,0.5238572791545787,0.44108518854849227,-0.2980286881452351,-0.6060785765833601,-1.18677182561318,-1.1941954337079312,-0.31638406932456475,-0.42829777330816116,0.8798388148493426,1.1942454982992712,1.2032054765850493,1.2380820260553298,1.2416981835309016,1.2460292038501748,1.259296729258116,1.2705618495639115,1.2737521758723653,1.2722676367478787,1.2818727290226308,1.2818599571408287,1.2896517079097136,1.296956526244106,1.3049569276874866,1.3026438682565795,1.309881631582744,1.2372876517473024,1.231637054275483,1.1454320086488443,1.1618191068846888
1.0354705273277103,1.0713056722342023,1.1486296331930672,1.1527722142979209,1.152287825649385,1.1858934798789136,1.1815248088058916,1.185341945189315,1.186169508493578,1.1858432644837362,1.175523789811693,1.1735088530788087,1.1742946517845887,1.1798345396374452,1.181291232107028,1.1912277012230632,1.2059414688666659,1.2108081857251956,1.1477964827905567,1.1450426217008116,1.157687586940454,1.2120620683577668,1.2146096172499181,1.2139676548586689,1.222427655120223,1.22749634537758,1.226360968158677,1.2272352197243408,1.2274933545727962,1.2259584338281744,1.2304872347412348,1.2373394652790977,1.2409870559015554,1.241837160437573,1.244023686587202,1.252683105481304,1.2581122904815907,1.2614941946034404,1.2620871548151482,1.2678226875492362,1.2764244813888455,1.2785764701490259,1.2795206097666183,1.27974509680014,1.2806889108712036,1.2896242175820785,1.292899381947233,1.2937252792864047,1.2986484778829517,1.2992759086799899
0.9546590208240976,0.9697692850825385,1.0189829960824188,1.0632583545119714,1.076530125103741,1.122231569944747,1.134099551501809,1.1358867639837702,1.1552005994942165,1.1600392184327237,1.1589671851923478,1.158476051262738,1.167860015657731,1.170200954145777,1.1800349745882772,1.1921390857695824,1.1957451686951714,1.1926301219161526,1.1926120451951234,1.1947116309181605,1.199719396552597,1.2070541156127919,1.216057757389157,1.2432046865309487,1.2557083376362437,1.2565759296425136,1.2523561338503015,1.2499007194180534,1.251165899070607,1.2434864918869575,1.2336716917937345,1.233320034800128,1.2466617196197276,1.2497768359082604,1.252753725153647,1.2584213443668357,1.2611057988662129,1.2628267653918364,1.262706006925821,1.2652303606791224,1.2637850174947374,1.2598584863826552,1.255951295084064,1.2534928755146584,1.2511884340542152,1.2558203175228082,1.263444474929805,1.2672482391733255,1.2676810612988754,1.2670520478356047
0.9782496159049431,0.9951754598741084,1.032446680610296,1.0455227506028606,1.061922183632513,1.1371565594224537,1.1491132509012405,1.1744421864148418,1.2125434227430536,1.2070996318421814,1.1983372278598288,1.2023391725327557,1.2123179338760932,1.2059766381427313,1.2032050744422988,1.2023458296838294,1.2111120438822294,1.2090404082907242,1.219332348573949,1.2256046631215078,1.234468338709205,1.2540417673545983,1.2598543079428406,1.257954954217878,1.2583247129913668,1.267192769688964,1.2645100850475988,1.2634814471922602,1.2673920613749015,1.2593039188936437,1.2606771567632942,1.2635724249282099,1.2632713181213062,1.263798299335003,1.2664375327007793,1.274652978701527,1.2731194786228284,1.2664450210055542,1.262875360788198,1.2566851623006694,1.2505506526140178,1.252293968521905,1.2601098760668805,1.2622476994229612,1.2630378247128315,1.260543157306013,1.2612385050517378,1.26135859795156,1.2584166321498482,1.2558192533565622
0.9901265891107056,1.0091632376432953,1.0492397450599389,1.0534304489067015,1.0618117473287327,1.1012945052633198,1.1365996540041905,1.1423248268477497,1.1741815805844527,1.1740928472875025,1.1796253429023178,1.1858131808735655,1.1985355800393993,1.2093722934799354,1.2194962576662993,1.2487511133992353,1.2603011740626746,1.249144811488468,1.2362114350333755,1.2369941524393209,1.2354583027839805,1.255067798696876,1.2671088702231605,1.2682403267927942,1.2868000320816886,1.287059407297728,1.2954094393168016,1.2979766651586326,1.2913843076900549,1.279311966011987,1.2745842676210835,1.2838369420247637,1.2787302905812838,1.2776382532984025,1.2767523428540635,1.2746602513769272,1.2741470076051669,1.2746744135030874,1.2743127503259846,1.2717293862062866,1.27073258820797,1.2668657985941116,1.2669837791096903,1.2636824480221063,1.2620503946026211,1.2620751737611164,1.2601177989310917,1.2557272038705403,1.2515940332039222,1.24862819459499
1.0063894629550163,1.0198400266414693,1.045042317333645,1.0588031136494103,1.0752933507162425,1.1176077396421609,1.12416335998398,1.1386812660964556,1.1725685115834925,1.186647170144721,1.1848085312558265,1.1993970787705412,1.2292944892909454,1.239697618550671,1.2519839198350473,1.2510833979549107,1.2438070397352727,1.2475072089149857,1.2607318072675968,1.2688518310066692,1.2855826380500575,1.3225115255507047,1.3308415345470397,1.321721350666867,1.3203774660100605,1.3209330079200623,1.3184871523555894,1.3152003889706703,1.3122691291907609,1.3030023591055107,1.3016068073708251,1.3030163835627986,1.2958873228241785,1.2897776320853485,1.2896688707918915,1.2848212437060142,1.2855288698007963,1.2853119802303417,1.282137571794764,1.282148698069561,1.2818899842208988,1.277715939652573,1.266130928933085,1.2632115956292942,1.263569983171822,1.259852288363761,1.2519284044941266,1.2337344734610576,1.2224578850528627,1.212990971816764
1.0343360250125122,1.0589451708894433,1.0882729180202484,1.108617647785495,1.1162772573281925,1.1388929718097929,1.1575297474727881,1.1713449354475245,1.1811108503335557,1.2249890048870167,1.2512156644291423,1.2769886664256325,1.2886031160367923,1.2883453188417884,1.2925536388900103,1.2974240281276765,1.2919814514806052,1.2912586302300586,1.2983590711976285,1.3060645222174947,1.3118222759420757,1.3122703840852854,1.31666649649731,1.3327229624855588,1.3454238901576827,1.3494920941316633,1.3490813550692953,1.3460435048025567,1.3418702135298335,1.3356205622540203,1.3347774166528095,1.3351584649661958,1.3222222270825097,1.3169134999522538,1.3124806933954063,1.3086753965493514,1.3045484487786985,1.3012601389059142,1.295561678237825,1.286458674402009,1.279321270734967,1.272562620423874,1.2635191614004044,1.2470031678626425,1.2375851512654887,1.2202363619476249,1.2179636294967315,1.2057963255087258,1.1841692646672293,1.1618215237091478
1.062193427023726,1.0888444021843648,1.1058339599425415,1.1224511175845047,1.1428717785554625,1.2037440152179597,1.2568412825825452,1.2951263903455648,1.2907214542224368,1.2910162732210655,1.2830778284626414,1.2942209199634649,1.335121774078107,1.3343704011207485,1.3330342525193675,1.3523419191244967,1.3537133912165906,1.3624557531176418,1.378927238249856,1.3767177048949149,1.3694102817346812,1.3759291080051754,1.383173294870782,1.3797295567891728,1.383967159844713,1.3767905746010107,1.3681581718383402,1.3607379815367078,1.3492305218786527,1.3431547077614057,1.3446774098515382,1.3463009752061486,1.3389260498379696,1.3302859187392644,1.3198950868151431,1.3112245009542594,1.3080653841152914,1.2917661386204249,1.281911676954982,1.2666111420853208,1.252809951081052,1.2427531749901894,1.2209405480498994,1.2050231489667225,1.1864157560473445,1.1405162209383026,1.1064864908646976,1.1086902640889058,0,0
1.0664416136356303,1.0780297677226813,1.0985627762759005,1.1159693191252622,1.1613034436945624,1.2044216403444643,1.2070319801040632,1.2063157594787082,1.190085558521253,1.2277545899111788,1.270336978747329,1.2982454000648733,1.3449049844230538,1.3607892453477737,1.3818846368424873,1.3979019703172506,1.4013123724996517,1.4075159961138288,1.4137207651725194,1.418864919329713,1.4158538870950674,1.4134978363737734,1.40608736961514,1.3899552656458003,1.3796962233578367,1.3729331801095406,1.3679198162209565,1.3587484649043131,1.3454926935468419,1.3417144002435613,1.3409155771837156,1.339371262120013,1.323198090840991,1.3148438941100156,1.3029428555217573,1.2893967832671827,1.2877439369904617,1.272845376258704,1.25446640200096,1.230173204660533,1.2100574248381846,1.189764592374966,-2.8930938635343587e+38,0,0,0,0,0,0,0
1.0442360419829695,1.0621472530529625,1.1091528041375456,1.125069694455978,1.1349876838478414,1.1728544527032938,1.1908497559414069,1.2114078071911254,1.2631255137082076,1.2836230227939947,1.3029084947037153,1.3049346248555906,1.3135291997220764,1.3176055450484228,1.347939347323298,1.3823212708178245,1.3875441994152744,1.3954390444381108,1.4242631497127702,1.435411486241647,1.4185641536467937,1.383571655387086,1.368681712722902,1.3535478724919887,1.3446598219332613,1.3226381828348943,1.3086003562169222,1.3031705811185563,1.300245499607731,1.3088751449970706,1.3150939914818376,1.294393748339511,1.2578404252556838,1.2414497318000413,1.2090504900608565,1.1880066565208203,1.1843557147835924,0.3431152662102153,0,0,0,0,0,0,0,0,0,0,0,0
