jsons/1312668000.json
{"header": {"parameterUnit": "m", "parameterNumber": 3, "dx": 0.1, "dy": 0.5, "parameterNumberName": "Northward wave", "la1": 40.97354507446295, "la2": 16.46031188964855, "parameterCategory": 2, "lo2": 133.9931640625001, "nx": 191, "ny": 50, "refTime": "2011-08-05 8:00:00", "lo1": 114.97908020019554}, "data":
[rows 22 to 43 of 50, columns 100 to 149 of 191]
-4.1097804206247135,-4.0462832455805176,-3.5490931628282794,-3.441284120641998,-3.192870958114411,-2.7254811667769174,-2.4868759722763385,-2.2279384400955515,-1.837566435758392,-1.5763878774517903,-1.4026292649975045,-1.1329744525269463,-0.8354801310471188,-0.6352080705197454,-0.5235510147743204,-0.38511727511557936,-0.32530484323952247,-0.25538077495251876,-0.2376847436184749,-0.2428839563945473,-0.22624674996393418,-0.22039653936235498,-0.2318269293849453,-0.21469768040822862,-0.2328462291908685,-0.2591915351254754,-0.2576984986718654,-0.2643820941786877,-0.31917598911424716,-0.30743126735501536,-0.29102888337758964,-0.2906190656906683,-0.2969879109923364,-0.2880923940259648,-0.2907823067447535,-0.27698309621229156,-0.27024029401038235,-0.2680923142144269,-0.25033487767684154,-0.2340452063276138,-0.1659374398250228,-0.1541679848595423,-0.13175732225574627,-0.1064400960343963,-0.11099192284348568,-0.10817484426392188,-0.11873486288191823,-0.10301031201633462,-0.09907567992230193,-0.07059100704040468
-0.34804206842442176,-0.5356009807972806,-0.9945991372698335,-1.0815214376684268,-1.0906960927773612,-0.8446715686752361,-0.8194889519896095,-0.6943997028574647,-0.36185168621549363,-0.17285496775160408,-0.013974206885667886,0.06991101071307398,0.29922368099559155,0.37560890222798415,0.5082953418712414,0.5392198842181265,0.5137516060289236,0.4531600759466035,0.44230854068249015,0.439113661156671,0.33531593347378225,0.21927007085445976,0.25594643459189015,0.271297952354134,0.1670530523706833,0.12574715842140857,0.0963673693364917,0.07242962041768097,0.03211825891856944,0.017586920184417012,-0.00543122433558963,-0.046493067845301814,-0.0818581822924957,-0.08107762455916921,-0.042807114564011456,-0.04036736138820374,-0.029951373655705056,0.004527159723709531,0.023504326991891675,0.029138927735719317,0.04492075142203756,0.06548609314187158,0.0659207451822691,0.04366979622808696,0.04059101926958577,0.030636680712224244,0.03040582352543674,0.034318592433455655,0.040117652978824254,0.024871247580098333
4.341279918429001,4.209979882827305,3.58170387606205,3.3321928359392805,3.0694160405021234,2.5762781445676617,2.5138780187566967,2.3840850506263993,2.117941242021133,1.9735109532631663,1.8274162201719681,1.8075651260544987,1.6346146189436814,1.5256145916397599,1.4803957116451438,1.3878571686230057,1.22343393919233,1.1886777517211673,1.1553363015189717,1.0532883392319254,1.0217688175559734,0.7928113340181108,0.6800483697765776,0.6264719117538827,0.568415484612248,0.5854376440919556,0.5894456388311531,0.48953456596859857,0.3970661343966722,0.340962248781507,0.2754608866699064,0.22328394716149247,0.2156790143428191,0.21965580689872127,0.24465747852557362,0.24924292185217806,0.2608656889162266,0.30535865672546975,0.31341874238292006,0.37574843026223026,0.485793105201023,0.513826253814049,0.5016992374319813,0.48011550403799197,0.4135140691960683,0.33607094285125366,0.23024023946648992,0.006548995733899074,-0.08306203345463224,-0.07842938851813483
4.128987906284265,4.611483788610417,4.6257745410376225,4.519894871154662,4.366474305656912,4.15647897887172,4.031766681471812,3.9347884289714647,3.497243553823632,3.3802597173969513,3.2498011634968993,2.9682383323919383,2.7315614217505817,2.496613661110313,2.400241933534272,2.179592478175853,2.0140399446354302,1.928320648610693,1.6522422824449474,1.5821890957722948,1.4086841968696031,1.2621948908349712,1.2271608270530772,1.1084188901011698,0.9759129613089831,0.9236714023097907,0.8606728453822908,0.7956919228988333,0.6536357118759614,0.638977167397641,0.6238989072929935,0.5344739523836937,0.49337744753558765,0.4038073663146666,0.35581333332294013,0.3610892071609821,0.3957465463856493,0.5281228243219306,0.5870523541936358,0.6682044162693487,1.0912622156440785,1.2773977067979687,0.7757679043039031,-2.3953996881958757,0.2744977077852793,0.6695165916484891,-1.3329155204221357,-0.7842406232465667,-0.533077934411144,-0.1415604353449231
-3.028799921585434,4.561675382734491,4.3183537697749745,4.479865676346106,4.3554891377028975,4.244806922730005,4.130799152578186,4.020283126778544,3.8031338009234767,3.6966670689733125,3.521271020825873,3.427336083445672,3.162313333893375,3.0193542426581206,2.8619795804199524,2.6652414724490763,2.5309061775167123,2.4600026326177074,2.2355658060562,2.170081981970493,2.019520422808864,1.8897658725674542,1.757249603463524,1.7020894930722883,1.458263732841205,1.3381927495555572,1.2452736485423201,1.1710322883560973,1.1271178890691351,1.006727358458705,0.9368936243844074,0.8061948810770854,0.7439746603703418,0.7479768163321929,0.8097799945440132,0.8677900951442298,0.9425982323601307,1.097545697021124,0.8304440770017986,0.7512713875200058,-0.5680526111030438,-0.4186083390738498,-0.16530690721083857,0.14016904116550935,0.21824981701715576,0.3383965541829625,0.33919206490428305,0.4952152596349332,0.47960849672236916,0.539971403070866
3.8482413671037223,3.758176453969228,0.15795828599989736,-2.463885636704537,-2.559769535652535,3.5719796200269105,3.910175275885178,4.025837855132407,3.8880665917509627,3.822896159523222,3.67815839139254,3.5799006956434036,3.3955532056166735,3.278076647981087,3.2141920714917136,2.992238806714743,2.8990556906239084,2.7561250017581855,2.623135100836185,2.5241195499881854,2.4758539969557116,2.386526258745809,2.292428915232268,2.25217064494283,2.1112208994405606,1.9868527259474706,1.8740904309352622,1.7332016239913117,1.5711315351692066,1.525421705154222,1.422980183258545,1.3978082275273513,1.3457706701394265,1.2191418503047136,1.219147575998696,1.2008899427194588,1.203254556304236,1.151339421962508,1.1333785631500126,1.0859143598577325,1.0331402626038568,1.0216453934251413,0.955342906045848,0.9147974128299101,0.8853447134174115,0.8469018497085682,0.8228674251176267,0.8147165804395348,0.8044477887408971,0.8025659853580188
3.8291473548913086,3.826939425079234,3.8544697504673837,3.5837774761346526,3.395168576299238,-3.0731021310854523,1.7451611276369412,2.9254863392859667,3.663708785732673,3.6417241656920996,3.585451517650516,3.5081059798256575,3.3657242479388048,3.296334648406259,3.1994199858983134,3.0650047457982743,2.949908036621264,2.883668807412638,2.761927787401298,2.7144597350646715,2.629035668404525,2.558255167623214,2.5484005234130613,2.4517791104692446,2.384504825903477,2.3595033229528655,2.3327498715182493,2.3248506328056973,2.389244229563774,2.457869521088688,2.4945925919960463,2.2978765835182626,1.9085645610422288,1.750859808107467,1.6869097056639193,1.3857043800383309,1.3151208954319435,1.1664117217325944,1.0779830233538228,0.9703361434481715,0.8909356989335135,0.8753002561944171,0.88175600052552,0.8581884261039967,0.8641760734924996,0.8590397575380466,0.8621951687834581,0.9063793898751416,0.9147396752008067,0.9385949566605498
3.471736418932112,3.4904219887467978,3.531851662968786,3.52148716844553,3.5030348010931394,3.1626837320837686,2.0116542909340165,1.7925370746382574,3.434366499275848,3.0628552244988936,3.201692365623638,3.37737197003788,3.3124961342110613,3.2439382726621817,3.218272166553073,3.1334999079590147,3.071275393987195,3.0227497007645856,2.955237847619587,2.91894262689842,2.89372705682451,2.8298491196425664,2.813710404847974,2.8126694686610785,2.843671388643612,2.876391926151088,2.922242759875343,2.7333567836747394,-2.9365508812726677,-2.110960522381011,-1.1211737232820889,-0.2760664477320296,-0.09505475603588472,0.06197162583774438,0.3448387195519293,0.4585496283996729,0.6889560235741427,0.8070351605445947,0.8875774039984039,0.947679443673746,1.0520860788441053,1.1267718160503537,1.1587915059434182,1.2361902393809316,1.2821260365905172,1.2830165484697775,1.3097128203742958,1.3393258519274898,1.3707646590258744,1.424694142149606
3.1572958253060657,3.155479786436178,3.193880093833494,3.219444584144567,3.2008714925466952,3.2398910321024808,3.226529117941505,3.2139980043422454,2.7914786173722175,0.31473262004450864,-0.5959415291303524,0.9557526142962753,3.016917610902554,3.108712914293708,3.085749291364242,3.047520013949977,3.0066045222976454,2.987595251050855,2.9351595810872113,2.9292505882485673,2.929721330556204,2.880015819820667,2.8655044714006466,2.8891036611017107,2.8943785043501156,2.9275876110985637,2.933983113930868,2.918661105905268,2.7054143562490753,2.600763502940875,2.447392543208666,2.23557820013774,2.179995198568445,2.1695909445960453,2.110749947750278,2.0771235888584574,1.9855348687225582,2.0499278211280187,1.9932354922405258,1.9733476165346484,1.9929064463301653,2.010606846406113,2.0118660624703595,1.9775437006253742,1.9738596156630241,1.977699425494364,1.9823126114972687,1.953285911327202,1.9959390202365523,2.008064512739359
2.8837769302345637,2.869981575080441,2.9424027674281836,2.9705751574564845,2.9547604035332933,2.9997746659260027,2.994744939108249,2.990169582517848,3.013229212488885,2.9968412111398592,2.90607123515303,2.612937061316112,2.446289694534927,1.7092929623163193,2.904595458397868,2.9457353931891177,2.925652741046996,2.914099967630825,2.886037200548009,2.8602788234257814,2.8359135911784037,2.8076369612020744,2.7889117284829967,2.787095750331085,2.7770615625405344,2.7793801998406775,2.7989865252211654,2.7689887278928382,2.7536597257667133,2.7796866742612596,2.784552705275251,2.810717677049632,2.8468490305790426,2.834802404723882,2.840990550175753,2.8208677078744917,2.839337279481367,2.8215378850963604,2.8137828383644785,2.7993060557786578,2.7486719863107423,2.7511113477359337,2.706149026823191,2.686952773751012,2.6789069222790745,2.6465434705134316,2.6354355130674825,2.6059727693862778,2.5649370221674737,2.534754847080102
2.7174620818323665,2.7241905479239734,2.6894093954966443,2.45419810656677,1.9716088600485315,2.5123379722423205,2.625295281526774,2.708015906894543,2.777640260889251,2.7851536404400616,2.7893650982389113,2.787983205028905,2.793982888413458,2.750275358194315,2.410553666268835,-2.364051968296153,0.5221607186712615,2.022729851891791,2.7400737688262087,2.733756853452421,2.7114795491801584,2.7050629275992124,2.708043365588004,2.7196866260035635,2.7005932273242403,2.6946657652071058,2.7460114264516005,2.74914859368111,2.7580721304450466,2.769305060990283,2.795528178629766,2.790164498644787,2.802205607519015,2.802445474358873,2.8152938186673255,2.8129669746512906,2.792628766598846,2.8103147390349124,2.8158895044116377,2.823194075929447,2.807673527957131,2.788993570286478,2.785649403035092,2.7867737937021992,2.784259314062929,2.7735103350516095,2.7544224609978274,2.7390530641491866,2.7302553783987875,2.71469861069739
2.5086707921570435,2.5525770360069884,2.721305556564383,2.5806824666092134,2.5773964873291026,2.642399117483767,2.634518285148854,2.629369279943872,2.649610275644569,2.647715019810703,2.655549817799575,2.658887778249064,2.6683371783084495,2.680283305745992,2.686621837738227,2.557056166901621,2.3491432485764263,1.0592889913757402,-2.598482565874307,1.8916893883302222,1.9957079297511324,2.4225350899528983,2.551146735207663,2.599709806173211,2.667574116288494,2.686423024097043,2.701474714692236,2.7179763140579705,2.6927034426912986,2.691931106130628,2.694449041033106,2.692519579335056,2.708816278736304,2.714937172405482,2.7223143855676337,2.735866209552704,2.739333606806566,2.7294146772858467,2.7355281193597367,2.7572969345099367,2.746811463423843,2.7407064233267855,2.7403359393172972,2.7322136872633935,2.731821758115017,2.7307876922871217,2.729279817124679,2.7311915928079418,2.7237635009778742,2.7188750092807923
2.1603911103608247,2.248091591204435,2.3992018585830106,2.4526969382214645,2.454920544243317,2.5337373161412655,2.5954623816822964,2.5703176670237333,2.612987994426122,2.6299653630473165,2.6207292491051137,2.620093284769383,2.646298389078967,2.634264325420794,2.645530299116971,2.6571748785045273,2.6495467585164287,2.660246616368701,2.6750254119762817,2.679176449503287,2.617513875200152,2.291572686684396,1.8762516878484121,0.14976713738238162,-1.1308032241778552,-2.484143768564792,-2.0898278640509766,1.2537503658002085,2.252008753116366,2.621840573864984,2.6899321433848056,2.685450886249569,2.68989300105125,2.6862551228016396,2.684078899806001,2.6880056681875995,2.6851569466394136,2.6785157884815245,2.6826364934171156,2.6914528180531034,2.6905227337292383,2.6882752017588545,2.6856525808102676,2.6930873446944,2.700836564575626,2.700927151261583,2.7048073126973926,2.7026258226659348,2.700704426711808,2.7041742181745043
1.9274950910809838,2.005520700377995,2.1414328846946606,2.1872711346826135,2.2109308811072887,2.3547943114393197,2.380056067764782,2.3973761704936623,2.468668018500483,2.4942787584059425,2.5140158415839515,2.5269469495848695,2.593803884099474,2.602818199059975,2.6083168321300727,2.641457521839429,2.6671432892616704,2.677023754274503,2.686681278417625,2.704168208632418,2.7020989969882856,2.7253549703743607,2.736974446516653,2.736303264733071,2.7435639159491463,2.669674910725513,2.225074704585674,1.2439143716481502,-1.6227034559992743,-0.22635072718762678,-1.029433326475816,2.7262241704862786,1.9217527902941682,1.6610548579866575,2.5621060700863487,2.100451350813757,2.1411162332519726,2.461779167570462,2.5449800681992194,2.6294363374416214,2.6831259217111194,2.683897074177561,2.6346930437094715,2.602226131059028,2.583671861200902,2.586924915631311,2.5939524840100456,2.5184392640777467,2.649497208200366,2.662212931877496
1.7427540448683794,1.804264646063872,1.884180289292669,1.9427493257217592,1.9723208481910774,2.0770973030826987,2.118822188757124,2.12905884536873,2.1711131880778223,2.2320405543907746,2.262659801695401,2.266761142425465,2.3640343353838187,2.3606058540557755,2.4051755006462487,2.483463939893799,2.503214804908255,2.532548131359363,2.577645004887558,2.6146565881393067,2.6258025682789445,2.653386977130342,2.6847724985545143,2.7303242374621814,2.7597823423251273,2.7552309089419267,2.7262932052062347,2.7323781230761686,2.743550225725421,2.7205233563798834,2.710816078846642,2.6482398909638714,2.6729656159552806,2.695410239400416,2.413019623695104,2.3523007070215822,2.123214751342694,2.3728093055047714,1.2831678692980792,1.2658313878752774,-1.3972514791649677,-2.4875277665235505,-2.594869611476948,1.4389478396457813,2.6255688951127594,1.6066081932343168,0.4878071431840566,0.9924450160523872,-1.5680063173784213,-2.505610566417726
1.559295370207481,1.639299664731204,1.7287410371555307,1.7611200741286483,1.7855259418140075,1.8802404288520942,1.911399435328058,1.9698337777587422,2.0422916368900625,2.092408928205971,2.1160908664895466,2.1567945674752176,2.235694450010361,2.2649222368727835,2.3295654167070308,2.3762427023263806,2.3833060864148146,2.3860668428020735,2.4379511731570207,2.4820037853377452,2.509374990034457,2.583040721490325,2.5920056684922184,2.6131117372194264,2.6567665417434045,2.671931808353171,2.6537877887110723,2.6569704669752237,2.690432161221167,2.685224741807603,2.6707007826335287,2.6690247242704443,2.6789118970150994,2.6907169629752214,2.6808347744892926,2.6612542108199695,2.660394917159327,2.664881228433848,2.658304628433619,2.6531065967332763,2.655280997344423,2.584703612761912,2.5463976100057932,2.6310542959039833,2.62491431095875,2.5856138669362108,2.575866591143026,2.5236749023204452,2.515921519615113,2.5419748041219004
1.402427417669478,1.4579509276388478,1.5753121813915687,1.6040783162879522,1.640044816913588,1.6964873444203181,1.7482806210742774,1.7796899430318947,1.8992547396479171,1.9157792459622265,1.9359821404348931,1.9752696631443392,2.0053904118249823,2.043654491140306,2.0808124051957355,2.140074826468979,2.1757697845744395,2.196691865206404,2.256552856086369,2.3039852781527714,2.3587500606301908,2.420627213015966,2.4533305201985343,2.446393077186071,2.4852307397038356,2.4957413531716686,2.4731210057553463,2.473583053302939,2.5171038539090866,2.521804775159862,2.522684514610952,2.547894346224146,2.5520004707688257,2.563358019077041,2.5813595941158383,2.56942264583303,2.568176267790716,2.583864403293093,2.5869898976603025,2.582944129902557,2.5884546707877463,2.5881548416421487,2.5675606157292665,2.5712780510720172,2.5705362324555563,2.562408467602681,2.5542835778886044,2.5452152255750153,2.5242963530303264,2.517433425024432
1.2512859596314438,1.2710976694230736,1.3770222414983007,1.418937242887293,1.4566071930552436,1.564137984740714,1.5730068479457178,1.6161468422211942,1.6995132587331654,1.7411273513549992,1.7410911186492835,1.7822499084856946,1.8621625065308303,1.9006985444864586,1.930804679583729,1.9702852838492428,1.9916314205267476,2.020443379672056,2.0971277740628462,2.1255170662022667,2.15497469281154,2.248483236753182,2.2611166061758543,2.2685061221840335,2.310844217115981,2.328577344125156,2.318506725563331,2.3320925457227437,2.3834525643336617,2.4054210082820275,2.4311293251662573,2.446645543828441,2.4332468371290363,2.4440104889733445,2.463660073031992,2.4561625953852437,2.4614324908563576,2.480130697628155,2.4808082248801466,2.4506880971769416,2.4513589050053524,2.465557073730545,2.467001933016611,2.4750053219246584,2.4712802667118816,2.4575191884092793,2.4509277654635695,2.4317235486522466,2.4041117959749356,2.3815304820039658
1.0851015054499114,1.1603741254220155,1.2712812521582828,1.3305292600695826,1.3380522985965344,1.4085674170046385,1.4523033453164957,1.5074047508080508,1.5520256395045642,1.5945610239905315,1.6317039333003114,1.6484716191058628,1.690300314385432,1.7481038702689211,1.788231500681974,1.83334649571793,1.866701261726797,1.902872872478653,1.939332244276277,1.956651474291597,2.0004985916872395,2.0294672984874165,2.0681800786522966,2.112403363240133,2.224988833962819,2.250950567903909,2.2438879450025966,2.2489876378701594,2.2861457793296562,2.2874158385443883,2.290538609122403,2.324049983534512,2.325971111700288,2.3340115688556566,2.3506853192814137,2.3466625122140097,2.3385880869798505,2.345264597530983,2.3404606807508044,2.3228146257043574,2.357821628917343,2.365442004039578,2.3595843632026883,2.3256229668933606,2.3115765231275,2.269808139711944,2.2590149577478553,2.2567340786663377,2.2420201373538258,2.2122857987015383
1.108094491279954,1.1285093180900994,1.1935967262221323,1.2384404261838076,1.2634116540303426,1.318750346135346,1.3528721982095389,1.3808345237663615,1.464921430645782,1.5136459537284486,1.524504822195313,1.5413385416728442,1.6284712036355211,1.6594199004134598,1.6816152341329722,1.7212833216233323,1.7455023490309582,1.7636802083179497,1.821074634804763,1.8573707484683062,1.8757073053877709,1.9143409106258364,1.9740150817491198,2.012793229845104,2.034576072206726,2.057580521768314,2.0829179911476237,2.097426611608567,2.115761805432081,2.1159008553161267,2.1320626275268255,2.1459843393809637,2.148459407866057,2.144072426887452,2.160618790014933,2.140399038117942,2.142958068930209,2.159226773835101,2.152076638877002,2.1383698108371467,2.1344893341764135,2.132849940109062,2.1187837744693128,2.103962202551564,2.0728330669843373,2.0169086012333253,1.9615162223843545,1.9779071883318924,0,0
1.0203267215605543,1.069129217144884,1.1402826016877725,1.1682564107624986,1.2061298486683791,1.2543935980896104,1.2696920197869912,1.3006919275343107,1.3176613565717372,1.3480502524880333,1.3986850234336003,1.4260736559317317,1.4722374568640322,1.5107050312805648,1.567158476811821,1.6075781971590064,1.6193258042327798,1.652241880993284,1.6740443083013226,1.6940854217401118,1.730944244906058,1.7717126305690456,1.7991764891670852,1.826268613512834,1.9212042966734866,1.9547228038668003,1.946685093727292,1.952275302657166,1.9595448301675853,1.9506113112842467,1.9631746380668602,1.9855020283457552,1.973544641513909,1.9800129229012342,1.9865920642420338,1.9849728009381544,1.9938302236041694,1.9845531399202234,1.9636677103846436,1.9256798012397,1.9129812904798977,1.8892417812344198,-2.6275159216458155e+38,0,0,0,0,0,0,0
0.8246094925729884,0.865033266355862,0.9384784362715961,0.9644296402914416,0.9923050964637244,1.067710047153983,1.0779956769183376,1.1020332393206007,1.1936515034895145,1.2235646119339645,1.268293790413502,1.298067588784241,1.3647987129235348,1.3685633430576418,1.4007151279555916,1.4425223559761684,1.4715237994149668,1.4934423668239354,1.551272761809079,1.5742357265477105,1.583106573403316,1.611792349641698,1.6141689351703876,1.6251024364135738,1.6912845582483125,1.709887463261798,1.7249803980172886,1.734951892377604,1.7613352749714308,1.7494022864943826,1.7484917471007555,1.7527288236119252,1.7571209410214617,1.754767322219352,1.7182075186825385,1.6675079107095554,1.6623666388439176,0.5743925984753432,0,0,0,0,0,0,0,0,0,0,0,0
