jsons/1312822800.json
{"header": {"parameterUnit": "m", "parameterNumber": 3, "dx": 0.1, "dy": 0.5, "parameterNumberName": "Northward wave", "la1": 40.97354507446295, "la2": 16.46031188964855, "parameterCategory": 2, "lo2": 133.9931640625001, "nx": 191, "ny": 50, "refTime": "2011-08-05 8:00:00", "lo1": 114.97908020019554}, "data":
[rows 22 to 43 of 50, columns 100 to 149 of 191]
0.8338242020628849,0.7824862692454669,0.6862834662973468,0.6628447364283606,0.6409614418843985,0.6010374233233767,0.5804932614192146,0.5554020346750553,0.5411808061793503,0.5460537375173853,0.5478270124636844,0.5505936152992901,0.5215258848266469,0.5025030169678847,0.501614849469765,0.506746510939942,0.5033890908340396,0.48610190872858056,0.4676166040716563,0.46456836117751416,0.4478571449449756,0.4018523879167564,0.3905446748124489,0.37216574818534764,0.3693010119652089,0.37977499714700663,0.3885200808853452,0.39850784402612865,0.42694803003574466,0.4420156108207343,0.4652092449473435,0.49852962844325127,0.5156858663603523,0.524601910776163,0.5433442811306263,0.554346762717854,0.5909422865953331,0.6155287103161176,0.6351752755106809,0.6656073152355487,0.6861322438053715,0.7136513910952191,0.7583134635299497,0.8008440291662563,0.8128119007475291,0.8285081307670258,0.8534116558631186,0.8672506671224658,0.8933976503044837,0.876074620791274
0.855144861919275,0.8286269195469002,0.7439664819431634,0.7272259902771693,0.6814246975198304,0.6325128823836765,0.594772188027388,0.5816789315513143,0.562108984825221,0.5438006234816375,0.52970823922283,0.5140525159392362,0.48191035253630476,0.4851134899656546,0.49129021393564287,0.4348132509736358,0.4321290155632329,0.4331997547628767,0.4130012651151539,0.4085230076824228,0.38912758609340353,0.33726104682944824,0.3902617570373415,0.429885092116386,0.4265577423746274,0.4383936041493612,0.4451131339004291,0.44322973457336046,0.4552050973456659,0.4689089493746707,0.48110606538185086,0.5089385508055572,0.5146023296706919,0.5236712309775629,0.5835099256291748,0.6065753973400762,0.6260394010051353,0.6912589176007709,0.7219515184591093,0.743259040814842,0.7966708958696513,0.8242981072447501,0.8489310337452103,0.8931645923709938,0.9245058071836798,0.9607961739842084,0.9704180897264283,0.9896248075146312,1.0042138241568868,1.0168668177814708
0.8424361304779234,0.8276872506666061,0.814119183116289,0.8032899683812955,0.7802107044521598,0.7381073434742574,0.6920053096480959,0.6777216945299744,0.650888100976759,0.6208587038135143,0.5937229765782782,0.5756197459564967,0.5708503517649947,0.5628556801082786,0.5698956917110072,0.5586310393493801,0.5446978132518836,0.5381423134717789,0.5359023818138807,0.5379135179947986,0.5472155215393073,0.5331757926970996,0.5281589648768344,0.5339458951941315,0.5524886549864606,0.5569694711311669,0.5698017136742314,0.5605314099003962,0.5621919108307262,0.5729783878923598,0.5756024811687124,0.5632039136155749,0.5874834621353365,0.6092135509948542,0.6759319715680033,0.7294249773691907,0.753995377906858,0.8409715282674675,0.8642226882401998,0.9080248287958866,0.9655530745510144,0.9801445535835498,0.9942858959910549,0.9802337975051193,0.992531207809024,0.9852901787355276,0.9876498051820995,1.0670888979749835,1.0714302992416636,1.076280001153098
0.8623832498023689,0.8589419675221481,0.8421306101472148,0.8354810818842744,0.8285473857415468,0.8116423886176551,0.7957208837456038,0.7910809834901077,0.7534034138377497,0.7489365805498718,0.7362514055589047,0.6951673361700405,0.6480048061339044,0.5940193245301614,0.6122622341106322,0.627958808653172,0.6269389225424079,0.6274561741500584,0.6110922930891958,0.5969226128200343,0.5762093914548867,0.5779626573281342,0.5732835874067272,0.543748157115498,0.600761869260638,0.6179183763380395,0.6506194668135978,0.6652667642277742,0.6762164143274082,0.6876594875630968,0.7061244777473317,0.7424615860371859,0.7314003729075972,0.7088817253687927,0.6882310885936889,0.7134324877948,0.7608056586175409,0.8405980078584532,0.8751601250649481,0.9176403068285979,0.8543818201688855,-0.3191190294345599,0.6704063181274117,0.8118953191053996,0.7139067428172418,0.6662957685394825,-0.6957683141175924,-0.744862858444325,-0.5481431566254379,0.11223739948187021
0.8683749752849008,0.8772105880156554,0.8625131602794025,0.8544305571493612,0.8485961440224679,0.8477246071539395,0.8470671157776577,0.8484791018583909,0.8375311747787278,0.8365641407180158,0.8384436578825952,0.8337358598018841,0.7793739619383725,0.7678803830266404,0.7486881811735309,0.7221276331193965,0.7171037167481943,0.6940491769448086,0.6452961034278902,0.6497928215007953,0.6533762139662761,0.6482991863050267,0.6192612854603111,0.6149199250010718,0.6337449204802275,0.649253998086805,0.6639765617478711,0.6578471798686193,0.6652320563255993,0.7122167523203629,0.7427329363426624,0.7724920654601695,0.7832219719752765,0.8068503882103243,0.8584977898922909,0.8971053450126993,0.9214834233747639,0.8713343673629216,0.7282285635174788,0.8179348688890151,0.7865498782262815,0.8312396253014127,0.8387135383251194,0.8331242139202077,0.8067057291318132,0.8094329371274616,0.7231794454253749,0.7493673526191512,0.6094773487680135,0.5846403977748004
0.8606083645274142,0.85983079631791,0.845449567269412,0.8370779999787088,0.841434167037253,0.8412937668147306,0.8403482711380134,0.843158177638304,0.8385078084841796,0.834241299498406,0.8183832701936326,0.8042393973842852,0.7862319879901575,0.7944579827751317,0.7825342023810581,0.7175926223598457,0.7247078369964752,0.7084438978713947,0.7128426318273904,0.7073356233164215,0.7225293210428934,0.7507808163257326,0.7426328995134341,0.7555773480357649,0.7447914608413309,0.7551616428186251,0.7684525726382229,0.7497129728010472,0.744076166047009,0.7432900211645077,0.7150439825902717,0.7301413325808184,0.7358348595364599,0.7247789587790701,0.7210161890294976,0.7354256646327654,0.7361164326986097,0.7140724993857742,0.7427786022322805,0.7532148725274724,0.7735233159666379,0.7846855350409778,0.7810058232483676,0.7171216549187563,0.7181689163803491,0.7073893162723498,0.7357800057570779,0.7880363563500177,0.8288655089695389,0.8601084503425568
0.8271695133222765,0.8301293195843339,0.8333508148444162,0.8215355175643546,0.8158682969754959,0.8028409444826974,0.7868442361565557,0.7902786306870128,0.8060745281750104,0.8012775941666667,0.8041574835559228,0.7898830391603604,0.768853099554978,0.763016411317287,0.7621917250817066,0.7576435479529091,0.7403352483021842,0.7433542520437205,0.7494788252513026,0.7712485090989909,0.781204735328218,0.8043974089703944,0.8158003283081674,0.8278500799153289,0.84982767032784,0.8505453951996004,0.8234381991216849,0.8192662998439997,0.8433072259831845,-0.8534685358402115,-0.08435460145166679,0.6711648287585251,0.4711852059507145,-0.5221935904965244,0.48312633603803007,0.6871175080104172,0.7514425406766854,0.7933063390569597,0.8356091083301445,0.8306100514474671,0.8337027283563698,0.8272439697015523,0.8158448656667937,0.8518366145621195,0.8607464591897813,0.8911127682726335,0.9008100419736149,0.9161414131413066,0.9316595357813756,0.9611985756046575
0.8325969067735388,0.8311137820940894,0.8272349553307605,0.8191006205525339,0.8178627233962638,0.8117973646507298,0.8027966795344688,0.8023030271284325,0.7823179790432342,0.7793406977048631,0.7756570174156941,0.7706604695890158,0.7628956543660479,0.7635623227405922,0.7516600719433439,0.7441815503149091,0.7504222813751878,0.7673463550107811,0.7775455158934723,0.7842193762034655,0.7857959916279997,0.8044395761594751,0.8241426055376669,0.8347442124507047,0.869761616358633,0.7697739340977987,-0.788864643287153,0.5945924449794282,-0.5301946489920754,-0.6078558765286425,-0.4437725792279366,-0.3366171791879772,-0.33898117490871205,-0.3345105071749327,-0.3173362825907052,-0.32365998061143136,-0.2552734398503928,-0.13337308332417405,-0.0428795821699809,0.021210451532056477,0.29891547216172093,0.5599405881086121,0.619265415891501,0.7147315527369049,0.8000750057976215,0.8269971073664357,0.8781872712016514,0.9402650006253983,0.9677477995190883,1.0007803796628145
0.822107777570855,0.8187484260553631,0.8200699483275942,0.817907147912955,0.8216024386649862,0.8150050395214282,0.801617548720517,0.7904717123484085,0.7973243413808393,0.7938447882054608,0.776955686534467,0.7740772156888114,0.7703467285555563,0.7842891077401806,0.7651975134918099,0.7482467218056085,0.7470795402752113,0.7621044792545852,0.756548074289473,0.7585084367545508,0.7544941089989384,0.7777595366971298,0.7791666484509728,0.7882932021706532,0.8032897054587615,0.8036630941618074,0.7704885537095219,0.7580191298266893,0.6462284626488315,0.5432833903927227,0.41737013079845997,0.2584344160340121,0.255974670437348,0.2553059660413706,0.23941744095697695,0.24713088704455133,0.21479825038495767,0.26123701278896316,0.25512448015726863,0.2734022219109978,0.29596436426242434,0.3399492260309941,0.37155472904917397,0.48895497493435186,0.5362024908901312,0.5703969462132208,0.6649568995848822,0.735539670596764,0.7874652809841123,0.8368558415321727
0.8431847561892607,0.8383440893061591,0.8294854740348845,0.8226658125605391,0.8266658407849213,0.822900619107046,0.8126999433648614,0.8090652940957223,0.7925599320540998,0.7916762052206087,0.7998972231141706,0.8022761256455363,0.7695112793883297,0.7761688969572565,0.7685993415519764,0.7707450634327655,0.7744412621239984,0.7791808368821346,0.771846077821277,0.7728263474235052,0.7810739714526855,0.7848446426396779,0.7899093299526984,0.7803232776253367,0.7695914853571005,0.7756722784087301,0.7830043037899354,0.7889599224584471,0.8151997917709737,0.8211207098455826,0.8203286689662366,0.8327758250458918,0.8253155575753569,0.802755695357236,0.8054411519268042,0.7944373047229067,0.7968886241972011,0.7769757996986916,0.7694036796877473,0.7866737132278159,0.7295900960891571,0.727243292583026,0.7148280393817493,0.6943449299017309,0.7092557900011961,0.6970153327262143,0.7047332684930431,0.7333023614528625,0.7447639016623019,0.7565356339440299
0.8599570973905801,0.8038102777448023,0.41573978383928345,0.010211473657855396,-0.10721138303838582,-0.1829698592649976,0.6132401063294495,0.7961827706418093,0.7899707158941308,0.7913999287721902,0.7980147008683087,0.8027472012678879,0.793062188426426,0.7986474822944655,0.802579922884797,0.8094625191265219,0.822503601585164,0.8223680766670116,0.8175890455152213,0.8153856606757602,0.8202814186074247,0.8238525155640737,0.8238523597491139,0.8250607302198975,0.8367630931261404,0.8442769647777708,0.8571352152870378,0.8643683712293124,0.889886384381951,0.9050091683955948,0.9222601343959989,0.9386966736293358,0.9483177883262195,0.953532141035244,0.9635757338913659,0.9687977753886566,0.9730545694477294,0.9702845785430365,0.9667500812848412,0.9626508332497752,0.9638263149677557,0.962607178761272,0.9657715011109108,0.9633860330989112,0.9624656931025557,0.9633256935004431,0.9619272979268766,0.9487580944350441,0.9449490515114322,0.9497261018661671
0.887036470483226,0.8732606424055485,0.8259645126496253,0.778855159385827,0.7386731044189795,0.7298003547848283,0.7493618847347109,0.7634375239278411,0.7719337793797347,0.7752433516735944,0.7836746087357267,0.7902877390236094,0.809215621411638,0.8136535777591051,0.8150833532301296,0.8135064550840846,0.8181342633717885,0.8249874943052109,0.8389505079727518,0.84556460558274,0.8487412003132023,0.8412011684151046,0.8436317255144856,0.8514207600993782,0.846564584800594,0.8520550233224358,0.8812991650039466,0.9021147132058248,0.9217812971619731,0.942032801299625,0.9444923024899287,0.951113314682434,0.9656270748016489,0.972496622816014,0.9760435819170068,0.9780585951723599,0.908245143673558,0.9129617622523873,0.6838684601413476,0.8749396514309454,0.8674165092452706,0.8759927807945933,0.9286223244062543,0.7674685061800127,0.6920054380764293,0.9186138707473301,1.0146942719475551,0.8067204714759467,0.9045741356175587,0.9721626982385023
-0.9381355124564876,-0.8187014213373821,0.6236147122025483,0.8910945872175587,0.8771976797021798,0.8594388181442274,0.8582463059015047,0.8634255727148107,0.8806004045804808,0.8867001094078838,0.8927543563878975,0.8992638365040302,0.8944322688387555,0.8904939866051876,0.8919182120249387,0.8978957358583932,0.8942677206827409,0.8918795792060028,0.893459897033225,0.8931100366762499,0.8966170111673167,0.901703308421752,0.9062741116143241,0.9096224585169455,0.901300479351763,0.9041660320769898,0.9095152480118464,0.9098112271367764,0.9173463889586185,0.9355654828843998,0.9417031203737892,0.92506087714972,0.9623578175026108,0.6758800505135042,-0.34666484477001397,0.05625490836913665,0.10065955512897204,0.7617089302632272,0.7525696191446023,0.830527240345766,0.7941431237696962,0.8076384923523018,0.8959433998382097,-0.914336525008021,0.5609584386024178,0.9853203434637028,-0.9708987981980783,0.29126235988566745,-0.21636623936828947,-0.9233870523650906
0.9701258908385395,0.9771790870496593,0.9387052922983992,0.7274076537878873,0.9040728019197196,-0.15450890317457316,0.30157836453724207,0.5514473101646246,0.8953986696634194,0.8998801337603722,0.9176537202683587,0.9321866828401849,0.9389635226641705,0.9409849396087264,0.9411605391266878,0.9412058302155842,0.9422768777452071,0.9379231613329385,0.9118626451569101,0.8959954420880633,0.8585296426579563,0.8774923569516596,0.9428863109867405,0.9302836792603201,0.9544941162147011,0.9581256449802206,0.9565732764532864,0.9570748605841691,0.9554841656259528,0.9543619321204196,0.9638811768024024,0.9680318242253552,0.9614142113158447,0.9634951501303906,0.9457283636641908,0.5469629063376104,0.24461928915399442,-0.9837008806979712,0.1784559873475331,0.6369410734018405,1.0111626308603667,1.0270498616845023,1.01710053496172,0.9938604777276205,0.9884069348377688,0.9953704181431381,1.0061275958799853,1.0332030636260718,1.0743453381313375,1.0773687894897728
0.941215374650811,0.9501501435394532,0.9733867023269714,0.9888774510677162,0.987746667788867,0.9936677869394431,0.9956837854674744,0.9803612488280903,0.9279005084581105,0.8540159505120878,0.9153933213182883,0.9425153626924654,0.4909144166585531,0.9825024213961252,0.12931255788471668,-0.07725388768772605,0.20376424478806715,0.7500211916399584,0.8104707746927123,0.9593047222885913,0.979596187992076,0.8704847065746054,0.5985708898854325,0.6613611916820807,-0.9848387349574059,0.5515670295449142,0.9633742966809864,0.7884831615909771,0.8786797611099396,0.7613453719365013,0.5895390963613757,-0.8241775938710988,0.028789589365321583,0.9552831239121288,-0.8501119714684109,-0.7925995079638289,-1.0150172064350347,0.33910849984295277,-0.9356919955675452,-0.6145561629242755,-1.032201903370878,0.03805523296009431,0.7244900917053266,1.0060354029726095,1.0408114389625578,1.0304751876837435,1.0325943585594497,1.0595880974048368,1.0549584724577232,1.048221436164481
0.9506417088712794,0.9649160372599358,1.0079525659355837,1.0141626928283525,1.009190887531491,1.0446101446114078,1.0402027312871507,1.040651292412173,1.0162735007363435,0.9923247539132872,0.9662093845212205,0.9294925615844536,0.9989358752025642,0.9547413042156332,0.9938882696459674,1.0376041857213052,1.035062234225764,1.0432621228045114,1.046296175300952,1.036435867421994,1.0384638704779114,1.039588739940689,1.0191445031284727,0.9227703422999947,0.8814716677615538,0.04388810225469538,-0.8292292466753315,-1.0152925398813293,0.7092214121548884,0.8510028864662653,-1.0455847923288175,0.5482624542817067,0.7563426260109294,0.9488634030480575,0.5231604649266549,0.39464526668509203,-0.43759200136216914,-1.0345421726324917,-0.8538284969274921,0.34621817943672967,0.9168185600297983,0.7865128329965239,0.8217543326537226,0.9927459259067452,1.0171894378280402,1.0381908559561994,1.0364483394029407,1.0494676016112894,1.0467287693535412,1.043721254400573
0.912853287175686,0.9176433495187355,0.9570233991837231,0.9650755237923841,0.9700938979022573,1.010480306653945,1.0382356205505614,1.0362116345545118,1.0911920566430995,1.0917803171925677,1.079652841914441,1.075175238693027,1.0773244217931846,1.0869697859123777,1.0881691875154884,1.0872960287607234,1.0879177283853834,1.0782213054572873,1.0586572618345118,1.0599572640724406,1.0613317292995348,1.0710705635303628,1.082588704411194,1.0899931597190573,1.079880205368193,1.07404826146966,1.076541392308737,1.0659081029450006,1.082654775044856,1.035271256398571,1.0476403853261227,1.0543440127993726,1.0819686884372408,1.0791603876842204,1.07591066566752,1.0770470527753406,1.0774579105527686,1.0734918284656305,1.0696759737132222,1.0655534988594058,1.0641009107830692,1.060955569118577,1.0597848694882666,1.046833715172974,1.0367604006874784,1.0371096253858998,1.0405053734970398,1.0447861654789818,1.0490189003057044,1.0516163355604904
0.9351331471092328,0.9390208885363157,0.9519864109336762,0.9571995025392067,0.9778129244749525,1.0372625861541718,1.0443196871971554,1.0403433248195,1.0582117316394046,1.0651647265745348,1.0582649684649734,1.069522505920138,1.0859901836728483,1.097247717490903,1.109101998431269,1.0927359069608467,1.0726236721855869,1.0688056534096821,1.0652433100283352,1.0681972780936024,1.0783100919579376,1.0965070065892941,1.095721680621413,1.0975023690706256,1.102431401437035,1.103266872277226,1.1032631792202376,1.1046924808332828,1.1108082054663861,1.112615692267496,1.1194037272836335,1.1216594897132126,1.105117967727471,1.0969196137025823,1.0932227478927685,1.0921410113543153,1.0898158617834712,1.0848356374953614,1.076576050342216,1.0694958122596647,1.0678042410691073,1.0648988747133443,1.0568161933738378,1.0485109400490262,1.0475919654642767,1.0475966209155758,1.0434823719639919,1.0302791223423942,1.0249062406607816,1.019504663665666
0.9707288592339258,0.9722166888332586,1.0039608189421982,1.038916809485208,1.051875464927635,1.0570789929214701,1.0688016829647708,1.072704812700263,1.0782472468306838,1.106940201881295,1.1099044516594243,1.1319385665913628,1.1326145641394323,1.1185345676381448,1.115806408728704,1.1134805461909278,1.098599190854807,1.0873285825888623,1.0954749069526561,1.105215466583541,1.1143283958206913,1.1184861397546944,1.1226758483596782,1.1382696790235591,1.1516897503047898,1.157381819107921,1.1549754229509426,1.149403707544879,1.1400430172691425,1.1371417589646322,1.136078043262887,1.1383692193118018,1.1296157777339413,1.129988385579441,1.130521387624138,1.1227100470316125,1.1140463771244202,1.106614457627563,1.0968995810237325,1.0839254585112632,1.0751383948759068,1.0688735282695199,1.0606886258436063,1.0415550403618619,1.029731742545132,1.010053524797721,1.0049454249935603,0.9989686614671113,0.9881781190385196,0.9719908583234143
1.0325935296802868,1.0700417889581486,1.0401294498337104,1.048592891019578,1.062146365445765,1.1126008687318043,1.157686859040805,1.1894545002012156,1.1554269421523569,1.1409878639138582,1.1344994129363646,1.131858607803478,1.145594686143218,1.136120164513203,1.1360121664827472,1.1454190451529072,1.1407261425214068,1.1456978026124571,1.1578437609857901,1.1550248061779207,1.1467725941082854,1.1493195639017706,1.1592120874781602,1.1648689187690158,1.1709851755835778,1.1669581374906284,1.1567488361342946,1.1510177003493602,1.1456431234399032,1.1416265459553887,1.1364416114394695,1.1301137602550155,1.123638612198139,1.1177494897168672,1.1087992272178062,1.1025422174550021,1.099107793676146,1.0780312631877975,1.0627977851761536,1.0419829937235845,1.0374067519820227,1.0347363233581166,1.0176827472802552,1.005251923047057,0.9893690110338665,0.9532180063752548,0.9254728306869612,0.9277746494831961,0,0
0.9547666433513852,0.9837675854150215,1.0108173527326663,1.029719786253397,1.0794525416132055,1.1218431979254413,1.1112689211371172,1.0865843435795914,1.0531380709255742,1.0922570733914878,1.105678272743671,1.11773865493691,1.1438299273733177,1.1566118581026195,1.175606748932095,1.1880021062266148,1.1817510149035406,1.1838790960650978,1.190923085667464,1.1991602234448857,1.178503069879451,1.1694595457347734,1.1653986359485917,1.1662288756118147,1.1792284537184727,1.185864403992331,1.180000686067074,1.1664364283737934,1.1530407232946676,1.1546781977486558,1.1500025368506268,1.1369617565646215,1.1189462636698806,1.1090126625998336,1.094588173684948,1.0784482222498655,1.0739068648575125,1.0655896109685579,1.053426751723489,1.0363187583123885,1.0210247371472476,1.0026469507205995,-2.913808859614473e+38,0,0,0,0,0,0,0
0.9831295809607935,0.9978035065057912,1.0364802048503274,1.0532843931869105,1.0518023704568362,1.0567674225932113,1.0663463265083974,1.0740485134339932,1.0913265235070477,1.0967984647243287,1.1074757969924562,1.1135494770786887,1.1334971952931665,1.1300298691789774,1.1444935421337477,1.1658858115585813,1.164348738850389,1.1610213178414939,1.1559660783239596,1.1533605242211287,1.1469903310624743,1.132274488147198,1.1233559383158331,1.1165594002636334,1.122278531114794,1.1142287359568268,1.1117530200147188,1.1047016894139075,1.0919444917209584,1.0812016697361173,1.0789683599533988,1.072314894813737,1.0607059538554706,1.0541921710553352,1.0313857183744128,1.0215067477394602,1.019844096240217,0.2931771679905651,0,0,0,0,0,0,0,0,0,0,0,0
