jsons/1312686000.json
{"header": {"parameterUnit": "m", "parameterNumber": 3, "dx": 0.1, "dy": 0.5, "parameterNumberName": "Northward wave", "la1": 40.97354507446295, "la2": 16.46031188964855, "parameterCategory": 2, "lo2": 133.9931640625001, "nx": 191, "ny": 50, "refTime": "2011-08-05 8:00:00", "lo1": 114.97908020019554}, "data":
[rows 0 to 21 of 50, columns 50 to 99 of 191]
0,0,0,0,0,0,0,0,0,0,0,0,0,0,0,0,0,0,0,0,0,0,0,0,0,0,0,0,0,0,0,0,0,0,0,0,0,0,0,0,0,0,0,0,0,0,0,0,0,0
0,0,0,0,0,0,0,-0.035494618968427295,-0.03823340352852008,-0.04089563329982836,-0.04030363310476348,-0.041451625294830666,-0.04295704992355422,-0.04309436826000351,-0.043986018081483065,-0.04383104174121836,-0.04568053082476668,-0.04656545076072645,-0.044576167015005656,-0.042001246931993134,-0.03599789236089119,-0.02279427105672261,0.005814568162403695,0,0,0,0,0,0,0,0,0,0,0,0,0,0,0,0,0,0,0,0,0,0,0,0,0,0,0
-0.072261423738272,-0.06929803592537755,-0.07487103027671742,-0.06876987440182997,-0.0676507837382759,-0.06838587613868614,-0.06614117978960832,-0.06711257420405602,-0.06740469346219091,-0.06535128828862453,-0.06667179002029998,-0.06716667869342961,-0.06631985080050092,-0.06326513147749244,-0.060642625173494745,-0.0607106413201752,-0.04405892328304593,-0.0320040298958921,-0.014922290433288963,0,0,0,0,0,0,0,0,0,0,0,0,0,0,0,0,0,0,0,0,0,0,0,0,0,0,0,0,0,0,0
-0.1349488944889303,-0.13104319153239272,-0.132056794638654,-0.13137769341343977,-0.128183769239647,-0.12863062900884972,-0.1205444677260427,-0.11413202984473907,-0.11038022966406688,-0.10131936467297403,-0.095192741076127,-0.08569425051457764,-0.07108396344102787,-0.049541291047044425,-0.05604339155930087,-0.043674165591256024,-0.031221320404906616,0,0,0,0,0,0,0,0,1.6789357971267004e+38,-0.20473820015877325,-0.21433028094463172,-0.21515063456336622,-0.21398845563112068,-0.21398851493184598,-0.19875713260196967,-0.19684521430081595,-0.18533002488697548,-0.1741968646530916,-0.16968863619645982,-0.15169681211964434,-0.1534109558531634,-0.14022618693280586,-0.1397140103987156,-0.13369522819841348,-0.13236562033320565,-0.13220134100512146,-0.1454749022853576,-0.1440362766549279,-0.14515376670518335,-0.16260601533874866,-0.15926078699164942,-0.1595783580022592,-0.16564192175115722
-0.20297969638904012,-0.2093953136096472,-0.21359774790101127,-0.22723791115938616,-0.22982500876719708,-0.2334132684934008,-0.2435395433149608,-0.24387707667562428,-0.2497702113963235,-0.2128914666646408,-0.19566737503780146,-0.10691267262530814,-0.10622088526626204,-0.0733384661629252,-0.10170082001893216,-0.12672520958610803,-0.2338808525164289,-0.2401729368685861,-0.22377003540828505,0.10135603292178555,-0.3120941734377421,-0.32537117579567826,-0.3441294242390003,-0.35120745808945464,-0.3406052360515128,-0.3536040030403174,-0.3505011034407951,-0.35207813466568566,-0.3476630362124351,-0.35143541266046524,-0.3464746955187639,-0.33475538576994324,-0.3209366246986188,-0.3118493871701656,-0.30951395267721316,-0.2952141147056652,-0.29014674229059156,-0.27585782311495555,-0.27094122256376574,-0.26598249240973854,-0.2696082624965528,-0.25561158254240274,-0.2601559809283125,-0.2723362660632858,-0.27874328341858207,-0.28477475821630105,-0.3132019644589839,-0.29804414588629075,-0.29492343636663176,-0.2764966425454707
-0.21503552088927802,-0.22291094569498593,-0.23173147886506226,-0.24618982066925413,-0.2589752274396033,-0.2677578098410275,-0.2874321040244967,-0.3033434726709585,-0.3099434183871143,-0.32492947874675143,-0.33703249021539716,-0.3484242815890819,-0.3663973513171649,-0.3790134138620894,-0.38535168637327133,-0.4013280128006495,-0.42485103526314405,-0.4310457394075972,-0.4224486953902903,-0.4487312373052293,-0.4408621855802949,-0.45050715708924904,-0.47437416345593,-0.47528060338078904,-0.4683359662370955,-0.4805358146025816,-0.48251280328921653,-0.47460919046305106,-0.4863289294626787,-0.4917761276275631,-0.4693520914689381,-0.46852257792936636,-0.45998505061319134,-0.45769909093131333,-0.45345935900736795,-0.4288568047069205,-0.4186833685311533,-0.401321355966329,-0.3897914479633298,-0.38234639479030674,-0.37276496867207937,-0.36271097001738667,-0.354465840363295,-0.3657678934086273,-0.35121470558327317,-0.348855125265178,-0.37948338159065026,-0.3323158130492734,-0.3008207320249234,-0.23511231625367884
-0.18143904239821618,-0.19112876158840694,-0.19319745441063366,-0.2047413765687983,-0.2118841163291028,-0.22147067252870922,-0.22922534105578202,-0.24502997848588057,-0.25922222156488417,-0.27924597170763577,-0.29831334253239744,-0.3150704666546984,-0.3476496655778609,-0.3679560219803287,-0.3881997714671706,-0.4076105125047183,-0.4495499501317947,-0.468348660181158,-0.49368918717342514,-0.5352043073303457,-0.5398179955084513,-0.5676680468205756,-0.6094149353980419,-0.6233943651619449,-0.5922568976844205,-0.6445964958720023,-0.6408277733305002,-0.6102129763555965,-0.6263537677046964,-0.6289479717409466,-0.5929193718955121,-0.6051979532241779,-0.5941554847946877,-0.5884831874124278,-0.5767844072186862,-0.5601871591956851,-0.551214562596575,-0.5471298793308503,-0.50985171119638,-0.5042053873644515,-0.4949341240281579,-0.47153956246383816,-0.4570124847291324,-0.4353287494386268,-0.40854662586419094,-0.3849373627959189,-0.36615922616589186,-0.33020009056744165,-0.33854950933654665,-0.2484589749964175
-0.06380709563404649,6.919489964131056e+37,0,0,0,0,0,0,0,0,0,0,0,0,0,0,-0.2640327183597764,-0.21041676415175029,-0.22287812835156404,1.2314424800350985e+38,0,0,0,-0.3750084383088333,-0.5200587834882072,-0.7328474004705202,-0.8340367435706717,-0.7965853263503895,-0.8203018142649533,-0.8134185949319839,-0.7633578933803552,-0.7874237541310498,-0.7781819987515353,-0.7442034946002508,-0.7398897882523418,-0.7395792901205311,-0.7245653642687824,-0.720053573915292,-0.7001939395611316,-0.6775356748014358,-0.6701911454069137,-0.647131787920335,-0.637791169250921,-0.5968815717403059,-0.5809393512934432,-0.5684117396170273,-0.5523726826810385,-0.5357506656273868,-0.5379711503654994,-0.5530602862491598
0,0,0,0,0,0,0,0,0,0,0,0,0,0,0,0,0,0,0,0,0,2.5509088129019106e+38,2.275613715972945e+38,0,0,0,-0.9533994230730749,-0.9805950337906291,-1.0047671323978218,-1.0295301638390342,-0.9756193571605448,-1.0011547578085436,-0.9837622853160862,-0.9425153144846702,-0.9454693724453672,-0.9262932286700288,-0.8963542297272608,-0.9106672974825826,-0.8914351456473383,-0.8941047979515544,-0.8724218267087355,-0.8543280877770558,-0.8276891517614461,-0.8067596070627666,-0.7706119769136474,-0.7480374987649858,-0.7346843732249194,-0.7136389098362643,-0.6976747422006634,-0.7127809781863368
0,0,0,0,0,0,0,0,0.14018565897481491,-0.7592911495507293,-0.8082444534104299,-0.8353685422050343,-0.9690452408879512,-0.9709315774022389,-1.0066412881333657,-1.003164953033898,-1.0607682751462946,-1.0577742285687362,-1.0883790918627594,-1.1053700608943444,-1.109001957719346,-1.1163553865436593,-1.1576245638419256,-1.175141672712614,-1.188036485530505,-1.225490843793988,-1.2278711807956442,-1.2370075120910857,-1.2556832642904308,-1.2577696392955664,-1.222687304635057,-1.2364271146235772,-1.2367372558717529,-1.2052562408236647,-1.1885012451005428,-1.2063458033292518,-1.207846726919414,-1.1951193691444681,-1.192418252826987,-1.1728530356376126,-1.1532693475777185,-1.1283152570671635,-1.1060890185682841,-1.0917543890792356,-1.0570115086025074,-1.0189515646891392,-0.9798965243354895,-0.9698833587838269,-0.9595357421440595,-0.956915400724549
0,0,-0.6980199614352637,-0.7693651387329526,-0.7895511393490918,-0.8203482272178061,-0.9771365923339355,-1.0372780165277793,-1.0541553016930838,-1.1222194389310982,-1.1568624603126083,-1.17377812086526,-1.236337609429046,-1.2607169848909885,-1.2920940071969422,-1.3006828021255574,-1.3687869239768922,-1.388383865822808,-1.4023965849392181,-1.4401961261593221,-1.4557148003686597,-1.4715714787132252,-1.516116540366103,-1.536063482815672,-1.520568821576681,-1.5525499483289655,-1.5644693939367635,-1.5470905169886986,-1.567947148086311,-1.5700638404945588,-1.5562881701989153,-1.5785022855994915,-1.5858028481445658,-1.559338196088927,-1.5586073052183895,-1.562580429637011,-1.5443884121488867,-1.5319441904417896,-1.5517187339893634,-1.5268352009135446,-1.50859078743917,-1.4951377513480246,-1.4687602691270778,-1.4508479438813209,-1.4112691105665327,-1.3948445776844385,-1.3423005909331391,-1.2929022146107874,-1.2667567050201693,-1.2245244465933252
-0.7293476893646131,-0.7701765338247812,-0.8079862603511547,-0.8878467814484797,-0.9317825374892774,-0.9821131077889386,-1.0607683174289713,-1.1021508676302956,-1.1514781173145439,-1.245669853848805,-1.302176497102722,-1.347013403532139,-1.4412437400054645,-1.4858775834303675,-1.523158136284568,-1.5677435025486766,-1.6412331924415406,-1.6805570980937656,-1.730468839176157,-1.8046837399659703,-1.8066024189983054,-1.8352504534613594,-1.909999248897871,-1.9328809805892342,-1.9355313428235983,-1.9836825919103556,-1.9892787753267251,-1.993424108908246,-2.023353026120417,-2.029433986184282,-2.0108044918509917,-2.0405844977057295,-2.036748802489944,-2.036895236508082,-2.0272962149587945,-2.0641727552398197,-2.026620117784566,-1.9930565881442024,-2.0084312071567076,-1.9577325383134991,-1.9745948700121827,-1.957577762437847,-1.9225360769592816,-1.868006871799546,-1.8567678350041905,-1.8153250466756492,-1.7594837949403361,-1.6812701898031022,-1.671871942031953,-1.5876066515858118
-0.6107146302126226,-0.6583364809886605,-0.6961693792846616,-0.7912749840242778,-0.8619725064889979,-0.9227631081594824,-0.9974184236754886,-1.0703515336162377,-1.159690089261473,-1.2455123198401539,-1.3114994857100508,-1.3701662788003486,-1.4591982774807224,-1.5166304672056288,-1.6100826908760568,-1.6929845802772492,-1.8410998589134506,-1.9137950106906974,-2.007511588356797,-2.1620792388587593,-2.192351373406138,-2.23843703417656,-2.3313183553624874,-2.3671836277658094,-2.3876768638723487,-2.468082165745404,-2.479552816457512,-2.4811193677608556,-2.5283059822360396,-2.5553155782464603,-2.5423884473490075,-2.5742076810602326,-2.5585836559650024,-2.56303565361054,-2.561565214256468,-2.6007316292182048,-2.578052008199072,-2.530170213872791,-2.6021730121091076,-2.5022938703988844,-2.5312239434120354,-2.556920420351519,-2.5431132832258605,-2.5172237123278864,-2.5091486844078226,-2.487301643543942,-2.4178202854430597,-2.342394659779248,-2.285583052015648,-2.2062169598724473
-0.39661410515803003,-0.4684010023222756,-0.518077627632867,-0.5893362417248503,-0.6379870006241904,-0.6749272769643835,-0.736525310428637,-0.7823869379993904,-0.8575573866634918,-0.967994908142755,-1.0378934412990075,-1.1498925857284932,-1.2959245639859884,-1.3677736797858004,-1.4905808471257054,-1.591903821116905,-1.785069079524624,-1.9326208139539878,-2.0547586225461387,-2.2382891859790406,-2.3298696293648278,-2.426014030719772,-2.586207598087482,-2.661621003781655,-2.745086401436531,-2.8845322502610826,-2.9213983477890677,-2.911514308353743,-3.094179728153126,-3.173313420845837,-3.261795131431786,-3.4115252570868533,-3.4086560147554854,-3.420745008378577,-3.4328162719985706,-3.480526412130479,-3.4579602359487382,-3.5045368135801507,-3.5862917180794267,-3.544018569989798,-3.4714553828320787,-3.5701194550076507,-3.5062351637281517,-3.4342224284320313,-3.444629856148644,-3.3822669254956406,-3.289121136942017,-3.2341475948898504,-3.176024692031363,-3.0078021927100536
0,0,0,0,0,-0.4823594694312962,-0.5748720580538644,-0.6253303495497227,-0.6746348614306091,-0.7342045420061367,-0.785250636124119,-0.9002568803355192,-1.0204902284030177,-1.1107322525261947,-1.283415993985103,-1.4182537490161742,-1.6370913863162604,-1.8849242814026304,-2.045192130687671,-2.3279562174951445,-2.5113354113324085,-2.62611546319958,-2.8017991455492073,-2.917693180274977,-3.0629285121822245,-3.251127088373223,-3.410049479350428,-3.5004553605260518,-3.6955756817885055,-3.7770443894343373,-3.816450655872209,-3.966241785584788,-4.017080121640952,-4.070757690392832,-4.124654478159458,-4.3033009779486555,-4.310096814287572,-4.339954474790757,-4.487653492924533,-4.461618332655616,-4.496595439372896,-4.595276690997602,-4.570446422120244,-4.501130132708225,-4.510937464814989,-4.4911186538622605,-4.344856001933312,-4.292008500630211,-4.227068527773499,-4.006213298272479
0,0,0,0,0,0,0,-0.4580151436357599,-0.4357486668282009,-0.45925189971589475,-0.4861050470949351,-0.6306348431708106,-0.773725598528629,-0.8704121469740228,-1.0148525567618436,-1.1041943606076337,-1.229781158352703,-1.3869091635970157,-1.4884553497832098,-1.6811034600945045,-1.9202367520989192,-2.1384808474921253,-2.447146546606586,-2.6466004146568736,-2.8965465002205173,-3.1191453686757065,-3.245206055716616,-3.418194999863833,-3.7208979329261744,-3.8541753924940996,-4.052444126798744,-4.3159038691817075,-4.462646736024106,-4.58282818303216,-4.709851004896942,-4.944441094101664,-4.995694297654259,-5.068950343682351,-5.234981134781109,-5.252602485907935,-5.3081860104950715,-5.474910838975486,-5.515899473062794,-5.353928870623022,-5.42576094294965,-5.420825764347045,-5.21030158189191,-5.094630815079883,-5.026119205049308,-4.815331320116157
0,0,0,0,0,0,0,0,0,0,0,-0.09360833963966951,-0.22828602530038875,-0.42622065633962447,-0.565356559606306,-0.6682661536400185,-0.8293266609880887,-1.0219435449038639,-1.1154660556893623,-1.2646340945428722,-1.4480339051091673,-1.6090976908924979,-1.860551533155693,-2.0480914507958787,-2.3815670353877643,-2.7345657473776384,-2.9592105601840597,-3.2445556967622435,-3.5174143773264914,-3.664814350283786,-3.8552674180926565,-4.316241511951597,-4.486866987130199,-4.758288052594166,-4.919832820316702,-5.230940151420564,-5.339807267634162,-5.458055886891056,-5.749495367658879,-5.750362405959633,-5.8285569290753125,-6.105749364498795,-6.238357778603043,-6.110966420443935,-6.430454351712662,-6.365781783836336,-6.155474209594283,-6.224569640595306,-6.154150433788726,-5.900997300355775
0,0,0,0,0,0,0,0,0,0,0,0,0,-0.24983673505315337,-0.6940168961708506,-0.5399748098710007,-0.68256776585591,-0.772032538490017,-0.8622575321724726,-1.0294281659905138,-1.2268646198549555,-1.3799923585013836,-1.6029501057602151,-1.7812177414593608,-2.0983475244305265,-2.4634002083151354,-2.6558110571918103,-2.941723567324444,-3.2492284476248714,-3.4668582829117653,-3.80162688472315,-4.2202205238004336,-4.520982051519524,-4.914750405518963,-5.152267887209845,-5.461554588078144,-5.639691576218305,-5.7767310042459785,-5.986707000620085,-5.925941564506353,-5.990110185116686,-6.137327779327189,-6.2209717404204445,-6.023398616685542,-6.342884176504323,-6.238287615052671,-6.080149594506454,-6.118059647404505,-6.094069763443768,-5.771040172342563
0,0,0,0,0.13181290499800516,0,0,0,0.03401621902328767,0,0,0,0,0,0,0,0,0,0,-1.3472606743781466,-0.9903968581738289,-1.1843947186233754,-1.4893881067443675,-1.7456453836764567,-2.125316694951421,-2.547329876871589,-2.8045191152947124,-3.1044972034573695,-3.4686506440094886,-3.6630192067066094,-3.9409104002212696,-4.243257008860815,-4.438146850834963,-4.776878082507566,-5.0237008802239105,-5.416676701156706,-5.74234024947721,-5.922736461843212,-6.101110801365007,-6.045920178482278,-6.007858627931003,-6.078105490977661,-6.06636804632992,-5.703283845400841,-5.783020448900657,-5.778918413506695,-5.4641660518223265,-5.571065904482626,-5.500391934086389,-5.24058982567299
0,0,0,0,0,0,0,0,0,0,0,0,0,0,0,-1.2456565465902507e+38,0.02801685600489555,0.38744256325593424,0.6995427801892938,-0.29477468058399076,-0.1241405791005364,-0.36556534304518656,-1.1305605704425084,-1.5121181514413935,-1.4656971059700965,-1.7727655528973292,-1.96679655651836,-2.3535807580881363,-2.7757444082939955,-3.0419212655511774,-3.409000430085731,-3.8313709730448786,-4.084770985271801,-4.585966074615143,-4.899451778344779,-5.145217733157778,-5.475305049260645,-5.619666139311049,-5.770095659507417,-5.854555050910715,-5.796967814750319,-5.694103764713763,-5.580587935623007,-5.238566614976339,-5.1760190676776014,-5.024313881256778,-4.588207650405365,-4.645551830992259,-4.4900564905651965,-4.247651957785448
0,0,0,0,0,0,0,0,0,0,0,0,0,0,0,0,0,0,0,0,-0.11179341995515467,-0.24665078823334347,-0.5110616230638112,-0.7936646347774379,-1.3665087199175248,-1.965700272349302,-2.3223887150625298,-2.6081698278038643,-2.77995667022031,-2.6240194697855803,-2.537152470200933,-2.758368797600209,-2.8656334140674815,-2.9810400300911892,-2.9366381645473347,-3.0402428389799905,-3.814969037732865,-4.2081225404185725,-4.64863704039035,-5.400278951255261,-5.554294375870052,-5.616291127559695,-5.601146675900026,-5.313308242248903,-5.307149265174975,-5.074575992806239,-4.397589742475554,-4.330931806508441,-3.870557365749879,-3.6970488277267566
0,0,0,0,0,0,0,0,0,0,0.2584764382004383,0.464191950615919,0.525818340812214,0.5205639593251211,0.5848628274357012,0.592229233498984,0.6052705461790318,0.6066583554517632,0.6169863411837644,0.626874219542173,0.4308720090062584,0.28247954791459584,0.2975869771994818,1.26620355381642,-0.9424399022685473,-0.9886192792487262,-0.9781028681760572,-1.4033030124456949,-1.689218544604093,-1.824547355314407,-1.7590375970239094,-1.4881971121872373,-1.2964096175944144,-1.430012518461053,-1.4097246988946248,-1.4070253809186115,-1.1572137578804103,-0.9674102328591127,-1.127673972486833,-1.8069265764969367,-2.258337189651304,-3.2694646717706104,-3.780696614915375,-4.995762484032712,-5.033233985456728,-4.653389587940776,-3.605841081475249,-3.337056852823802,-3.2510356299808363,-2.7470983343111883
