jsons/1312844400.json
{"header": {"parameterUnit": "m", "parameterNumber": 3, "dx": 0.1, "dy": 0.5, "parameterNumberName": "Northward wave", "la1": 40.97354507446295, "la2": 16.46031188964855, "parameterCategory": 2, "lo2": 133.9931640625001, "nx": 191, "ny": 50, "refTime": "2011-08-05 8:00:00", "lo1": 114.97908020019554}, "data":
[rows 0 to 21 of 50, columns 50 to 99 of 191]
0,0,0,0,0,0,0,0,0,0,0,0,0,0,0,0,0,0,0,0,0,0,0,0,0,0,0,0,0,0,0,0,0,0,0,0,0,0,0,0,0,0,0,0,0,0,0,0,0,0
0,0,0,0,0,0,0,-0.1304023436299267,-0.02414239541097959,0.01274818809445247,0.033867685651267763,0.10303232210342088,0.10864989254142694,0.11021444768177523,0.12639528039608652,0.130309474892649,0.1358658746858019,0.13710712405110653,0.15103504382627345,0.16256778897828741,0.1764937627646404,0.18987909345246046,0.27399513185125035,0,0,0,0,0,0,0,0,0,0,0,0,0,0,0,0,0,0,0,0,0,0,0,0,0,0,0
-0.22940194355059537,-0.12254428080787494,-0.163215817016291,-0.14989607618419684,-0.11520884809032067,-0.09753868237535847,-0.04766394519886151,-0.04149773964882289,0.011558475184574663,0.04416835093380367,0.04609078733040198,0.06539100737576681,0.07351827065243244,0.09150309965725531,0.12512585409904417,0.13014084434745285,0.16987163905731065,0.21370392982310762,0.24522847441691156,0,0,0,0,0,0,0,0,0,0,0,0,0,0,0,0,0,0,0,0,0,0,0,0,0,0,0,0,0,0,0
-0.25320329838044736,-0.17301423332647836,-0.1356953915317803,-0.10988645461656213,-0.013035716202398719,0.029361610687294263,0.04687141318760683,0.057114209931684444,0.09120899842988832,0.1025051520292956,0.11527072417772374,0.12058363580872991,0.1273569813857871,0.1856743656127403,-0.21075111816790243,-0.3586873466535216,-0.10927179440880339,0,0,0,0,0,0,0,0,3.1564603814569947e+38,-0.7385858065296523,-0.8227172452714683,-0.8702050081642564,-0.9008387443899066,-0.9261683933587341,-0.9400468999357628,-0.9446363916804807,-0.9626901010020633,-0.9715214747266407,-1.0049675446934934,-0.9747848589188469,-0.9547456063939558,-0.845493952568376,-0.6418373707841085,-0.4790932549679972,-0.4287722366707408,-0.3103494330006202,-0.20233756954336984,-0.1165081148543313,-0.05158592941884479,0.06770920227697617,0.13578292254064483,0.17235492102774924,0.25034082089518683
-0.5367496758961802,-0.5326246695901168,-0.5454165355052536,-0.5831479765667286,-0.5375960316803244,-0.5270755113872023,-0.5157838475880413,-0.5294390494710586,-0.23083261026824695,0.02906708925363815,0.3048008680508697,0.3484904089328376,0.18627233922081296,0.21143897414815824,0.014663177705449022,-0.016892817522269662,-0.459961292016116,-0.5585905139114895,-0.6780621834904029,0.2190420664571989,-0.9917142744376973,-1.0361264107872632,-1.0635532480602288,-1.0735227469661188,-1.0455014305506438,-1.052970258539324,-1.053540326840259,-1.0438459204224624,-1.0509789050876956,-1.0391381796410815,-1.0264685941252667,-1.0400852640317744,-1.0237847334043997,-1.0371914055937177,-1.0856758010971623,-1.1017835823944249,-1.2154035118359485,-1.2135807804158747,-1.1996553166265425,-1.0345713553225926,-0.7966797601954267,-0.65783039103715,-0.46955749380241485,-0.2576395255032645,-0.12303554776160372,-0.03930418405952548,0.18299497867221334,0.3055143628593507,0.38392287810862175,0.485558376599985
-0.5771611868111639,-0.6003273465968034,-0.6311135566940749,-0.6565868550149868,-0.6964377763246943,-0.7254986184516032,-0.7700456892353384,-0.8080029331111832,-0.8346674542650293,-0.8738991053120103,-0.8855872206659796,-0.927844415033667,-0.9572027856381428,-0.9768917193723706,-1.0036603712179473,-1.007912133967594,-1.019374516227148,-1.0160541551081708,-1.0151320712897243,-0.9819200411796597,-0.8909226634585168,-0.8627723990916937,-0.8064815905806685,-0.792764962202949,-0.7623422864573913,-0.7373852017700985,-0.7124964019724647,-0.6742841185233516,-0.6567309434541005,-0.624892481370976,-0.6607483175964811,-0.6544082809621397,-0.6352952961046892,-0.6379916718829411,-0.6972552438981772,-0.7366176532156222,-0.9519771432215601,-1.0861703152847952,-1.1699300880318526,-1.0232567366206602,-0.737511911136469,-0.5454889661061268,-0.30118677460488247,-0.04101567867066364,0.08406743629111633,0.22311339650181863,0.29153543322580006,0.4094128982685602,0.4945701503283112,0.4418917249044311
-0.3150540615828516,-0.32294549037179476,-0.31793489859584767,-0.2994093343792674,-0.3429177832329628,-0.35303447102121016,-0.388798564968058,-0.42470081355504835,-0.47312589912133096,-0.5105956380265892,-0.5085838283694549,-0.5427064179959967,-0.5669575179958235,-0.5809997079482351,-0.5448495048348283,-0.5635358477938033,-0.5947316262160619,-0.5815370543819681,-0.5873491095214284,-0.5784828007175902,-0.5643181836797336,-0.5537131167871425,-0.5346448048507457,-0.5306776012503793,-0.4760972384046646,-0.4652604222389942,-0.4298575160745217,-0.3796646477756704,-0.3242745578462541,-0.30738713827067626,-0.22840128947039923,-0.19299367064723763,-0.16916084651619367,-0.11288333393272088,-0.05200676378250645,-0.024516133723181267,-0.11886808733688621,-0.46232096539606604,-1.0104800873928277,0.1127701708200272,0.2872962965428784,0.2797431217324885,0.28918784985446866,0.2994008347546776,0.32028272922798035,0.35702480710990847,0.4108189625823652,0.45030569944178833,0.5404746553184921,0.5388704642719295
0.13519199491411943,-9.272167417246254e+37,0,0,0,0,0,0,0,0,0,0,0,0,0,0,-0.34372046793873146,-0.19393438878703687,-0.16120768465708274,-4.4550644466170465e+36,0,0,0,-0.4142825090114844,-0.3499948969863179,-0.4243924721199909,-0.44918001239444605,-0.34367514246071434,-0.25516753648129403,-0.19589754784397834,-0.04762068810719261,0.042869451864732365,0.1105779561180527,0.2766519843824557,0.4211044541202071,0.4959260145140218,0.46884974929656364,0.22494005124373354,-0.5285820235980105,0.5644680397838533,0.761191392523322,0.785624159218432,0.6923839745175241,0.4956327546452448,0.49378266666434145,0.4633444492860347,0.45582040590244,0.47396211398247695,0.5151502844782789,0.5608756070808366
0,0,0,0,0,0,0,0,0,0,0,0,0,0,0,0,0,0,0,0,0,1.7143094915253742e+38,7.877161498283925e+37,0,0,0,-0.6243544806120248,-0.3238845705670765,-0.18993711588923123,-0.06372510096914284,0.1561049173171395,0.2394665876828715,0.35968685909056825,0.5600184225624141,0.6487220513938571,0.7757449971081943,0.9474318121834369,0.6086536548799566,0.314744499582567,0.9399831608499826,0.791790295119767,0.9610558889415927,0.9604449102727114,0.8507513386532595,0.8467865416179015,0.8257986692718737,0.8205246147509708,0.822252474891788,0.8357826059674136,0.8015633286907212
0,0,0,0,0,0,0,0,0.06097830602021831,-0.3602408232170765,0.08237689561390912,0.09257402562099491,0.17587264801614788,0.2040313529570141,0.28156360407991904,0.2958877512226668,0.3680544872283142,0.28939405609781643,0.27881328563886065,0.26647081198185274,0.20318342291254082,0.14704948500234474,0.05871951037920979,0.03556387127619918,-0.025982854895536586,0.015277519252441698,0.02738330526453079,0.042349736020203955,0.11091056867782234,0.16068372278600715,0.3592366000140577,0.4680477243843335,0.5500221620626704,0.7501981231547156,0.8603532064478823,0.932322838563926,0.8157334265564463,0.777317755377529,-0.5028231827115934,0.9811089135251779,0.9991868414992747,1.0379623553806216,0.9743602534562823,0.9347904305566717,0.9242080203479187,0.9033541908137362,0.890818993131834,0.917363945275984,0.927080228141708,0.9245386805082304
0,0,-0.35737020391713165,-0.47148794089845647,-0.48195763751624915,-0.48894731229278465,-0.5482332263310538,-0.4852108559453062,-0.29479659906864153,-0.2558018947383371,-0.1669892657078104,-0.08887759378462586,-0.057412552384647764,-0.00607702709095711,0.055611633677914156,0.11276424919473173,0.13848516822461673,0.16771402332507326,0.1587835175935159,0.16769915784518974,0.16608846299084826,0.15736265028117866,0.19087133067992168,0.17983040061945635,0.2969410385550671,0.33131703592819495,0.3720818818791668,0.4577863232143838,0.5036206257688473,0.5427125170492997,0.6424282695777557,0.7435099821657631,0.7870531353772541,0.9225312446016449,0.9709827165169032,1.0284771457083273,0.5426556339203071,-1.0942499005968387,0.5441850137757877,1.0307693456238587,1.0920375901162291,1.0720582152704194,1.0304238691645489,0.9861520848821017,0.9549699555483159,0.9435781018227979,0.9288384488642477,0.9318343864864947,0.9287169297205574,0.9277086677151508
-0.5469218861444506,-0.5028642759284183,-0.48611625949861026,-0.48555109844899963,-0.39934322986868265,-0.3912433511818309,-0.3864468575656361,-0.3641267444264179,-0.3021721475971636,-0.29989922960220194,-0.2657337802606201,-0.15945135442742445,-0.0991965371770791,-0.03794512528879413,0.05503663476947128,0.08965250650774978,0.142735539042216,0.198741456034902,0.2065406927581429,0.23852906538888458,0.2948457135770797,0.33261404980294795,0.35940904787235595,0.3818501584876022,0.4667561740430344,0.5117433150761146,0.5617528346954774,0.6755098122117087,0.6845073971646195,0.698020874881313,0.7709077926070549,0.8176321224365298,0.8513686124327562,0.917327120384261,0.971204551676201,1.0053880398698207,0.9180126726977266,1.057598805568353,-0.8701638411186541,0.9820639896219653,1.0866427352474433,1.1041522650239326,1.0857485107906906,1.0423171281213213,1.0364173866401931,1.0346589478217003,1.0272435296960087,1.0155618231463333,0.9972515945070072,0.9798974118665634
-0.3924608884381442,-0.3436701687046659,-0.33280749999924936,-0.33407847952282405,-0.31711446625293166,-0.29780044488739704,-0.28666369530727837,-0.2517515184661316,-0.21888459506699195,-0.20574996075034527,-0.15846415585043885,-0.09064624946476736,-0.08132625558264803,-0.0706003193406224,-0.02869338206906794,-0.0011973428923781415,0.0042656765675770265,0.08960075165740725,0.17893290135244014,0.22354473165103028,0.30668723647669294,0.3487329248382016,0.3830300429143405,0.41674268603048387,0.4970042649688792,0.5439354493739361,0.563958989332507,0.6462929383407275,0.694425774204384,0.7308933388053286,0.8240509052272191,0.8425918936968515,0.8670727774822727,0.920644762224833,0.9534600792942837,0.9743077164946446,0.9941140811331377,0.9711796224102278,-0.096289258533846,0.5609865837740933,0.8797326379122516,1.0108465304445438,1.0592919701249475,1.0277559291001945,1.0139209469504222,1.0109438670103545,1.0016560682480298,1.0125132051860406,1.003292280810904,1.0060016504340556
-0.2414490129273946,-0.24017929785177658,-0.23636973000602554,-0.2610429428142149,-0.21157558680455654,-0.1821495668772823,-0.1672851948012535,-0.1596001265774131,-0.13789165209045126,-0.12110477172130123,-0.10734340437226594,-0.09016761213040038,-0.09437146552877458,-0.09342687954213527,-0.07751144221847955,-0.0675042904549916,-0.05285143191174708,-0.006198539666111448,0.06906210365158363,0.11013092111543375,0.2348011561297371,0.2892759488979657,0.3317271571309235,0.3841300862330311,0.5144347609156742,0.5675315555317957,0.6163766315107021,0.6736180469038558,0.6893469883955369,0.7049272050971801,0.7538655950775858,0.7745429079584613,0.804488631846304,0.860334963696355,0.8822372002726834,0.9132294065290156,0.94824607116851,0.9621336764142427,0.9933829380151452,0.9703279875963966,-0.4608397561127506,0.9031437713918721,0.9300202164335465,1.0248282324347227,1.0365926708814936,1.0287360478479393,1.001163045259765,0.9940962522536215,0.9888366774184415,0.9770411556379319
0,0,0,0,0,-0.2688958769675905,-0.27154875156655073,-0.23730049452747096,-0.1693654518963455,-0.15273790749367883,-0.14578442784758316,-0.14502338699362516,-0.14914670519419865,-0.1512056408769703,-0.09082294215237523,-0.09455223755188515,-0.09402728370909001,-0.03224870259158398,0.03325045829087242,0.09170745522284532,0.19957773001198914,0.26219359848570534,0.32006092410617426,0.3740602369812114,0.46323146599043885,0.4878372759413389,0.5226266097048304,0.5935517443335789,0.6274559172749992,0.6579004314826038,0.7088615476086279,0.7283018832547504,0.7531864141434046,0.8097240249565719,0.8297978805881768,0.8555071138595404,0.8994594182321017,0.9223473411821197,0.9338053712932615,0.46369422808591293,-0.5747560780652348,-0.2796730323174629,0.9822906009091468,0.9724011269615901,0.9807252615639854,0.9670172638820497,0.9247144803018945,0.921359094947322,0.91651130558096,0.9138386935257578
0,0,0,0,0,0,0,-0.2875944571521034,-0.21936502715499284,-0.18261952393785968,-0.14288976462403724,-0.19035895167634945,-0.21818474645625008,-0.2437210472849774,-0.21666466691474637,-0.1877882719684228,-0.15875978208419173,-0.09127991862363885,-0.07031544998023367,-0.051070056587439294,-0.0052658594964285375,0.04645571599574522,0.10700284529911624,0.13795122770825116,0.2779568878158643,0.3592609497388698,0.4006443239056164,0.47150482404373445,0.513558130937398,0.5621224363788623,0.6422166002577427,0.668317374365536,0.6978705542782577,0.7643295351842437,0.8034469111492604,0.8224148789949831,0.8760026392521882,0.8986992027992888,0.924295382143375,0.9650563351277475,0.9446716948708874,0.9805112310695426,-1.0227026246032038,0.9377130940546409,1.0295442763256937,1.0237961954446548,0.9920375886610736,0.9760947979407951,0.9727071752624065,0.9621706813681474
0,0,0,0,0,0,0,0,0,0,0,-0.02636580582315976,-0.126652814410023,-0.2398917140128064,-0.25958125540324317,-0.27137823746145,-0.28473650377072135,-0.2319910526292575,-0.20936661591414243,-0.17757754108407062,-0.09294638467720415,-0.07395030944498344,-0.0313202870252787,0.017907667481319313,0.09887068237521016,0.13917504286411372,0.21201041128790057,0.2862723621864147,0.3258494475038673,0.3833701760314874,0.46696271111175525,0.5449845296132201,0.5654783567053405,0.6194222962906075,0.6530211591907333,0.7097193150601806,0.7759152274448472,0.8121040675421636,0.8495833542597732,0.9035106013507425,0.9367006295940807,0.962363747751178,0.9568864988368025,0.7905283767586846,1.0042437952506265,-0.40322234629307246,0.31783479819970906,0.9554578229297854,1.014391947738372,1.0217946205685469
0,0,0,0,0,0,0,0,0,0,0,0,0,-0.025779887097736463,-0.24203561603977064,-0.28440880135727925,-0.3470493366984864,-0.2887504048274295,-0.2659003067924713,-0.26724244102439165,-0.22059145200899707,-0.19484715014590037,-0.1911852881506987,-0.1661539653393431,-0.1049742459052879,-0.060412140320541804,-0.03599363541084442,0.03323631987723274,0.11109044214108048,0.18404654779195823,0.30185093641695865,0.3500422504523846,0.3898912490734004,0.44875197217751006,0.49732271897453045,0.5616910981488653,0.6246051130976886,0.665795657657539,0.7343613543185002,0.7599244836529189,0.8047661302794983,0.8662089531942925,0.8909601009948007,0.9355384556943483,0.783862206860394,0.685761093696029,0.8349448019368886,0.9526000320964166,0.9752628771620903,0.9524687491346697
0,0,0,0,0.0010170256473426651,0,0,0,0.005869043394345284,0,0,0,0,0,0,0,0,0,0,-0.4060221619447337,-0.35699918117490065,-0.35194331134128704,-0.36164497073111584,-0.3360751622504336,-0.2838157267616501,-0.287116246775332,-0.26182394101541784,-0.1281209046760311,-0.04475623791729207,0.028921594884699038,0.15284051180082997,0.20376621395718192,0.22674136012734442,0.26571483347882613,0.3113369927836024,0.33955807074774097,0.4917834764582965,0.5288728856841401,0.5740605522590277,0.656458032761115,0.6927238297597473,0.7372929999029748,0.774121989535676,0.8646016142909614,0.7218644651967394,-0.04432982888875601,0.6239321755529931,0.9037593558692857,0.9009468809604664,0.8569657026642502
0,0,0,0,0,0,0,0,0,0,0,0,0,0,0,3.3788112489716504e+38,-0.015202677842906168,-0.0479367372189519,-0.05103601949552146,-0.07615309339081668,-0.12052038865323633,-0.18766286339565488,-0.37518536459822,-0.45239547057046925,-0.4675632237879561,-0.5065531397579995,-0.4908153390245699,-0.3852821218319876,-0.32417549336143126,-0.24875952327697057,-0.04629989092742141,0.05469055259136181,0.1522532864860339,0.27518326928689857,0.31424511842114344,0.3934731994290155,0.517856469813334,0.557671177820118,0.5887990414289761,0.6579049383361851,0.6767440381704173,0.7094234219842699,0.7557356602162948,0.8331379874063911,0.771803068510667,0.6996432248655431,0.8455598006382409,0.6753323225981418,0.8189142765386346,0.8193437116923586
0,0,0,0,0,0,0,0,0,0,0,0,0,0,0,0,0,0,0,0,-0.16089927918501132,-0.28455761495389026,-0.46426619051084117,-0.504653663968564,-0.5124555239229275,-0.5631420433037977,-0.5738637994411901,-0.48773360597069354,-0.43035402341808915,-0.35953445878425205,-0.13916010511829768,-0.06504084014181467,0.04874676061241867,0.2322698277265805,0.2989175368911531,0.35079278222741744,0.3965965058683559,0.48308652953040937,0.5156811668744575,0.6182664279086445,0.6530108813771035,0.7019437727360086,0.7532249048183591,0.7626960184135311,0.5408210731170847,-0.844390850389737,0.8224507440142974,0.8206548868758368,0.7529579538614498,0.6510344883879038
0,0,0,0,0,0,0,0,0,0,-0.11506229319839846,-0.14050784327741836,-0.16948938148337372,-0.1940130511889672,-0.22383765513411685,-0.2510344983720243,-0.3076510010692353,-0.336569688203979,-0.3616915076958025,-0.40824997338191465,-0.42135748193683276,-0.426521221213134,-0.40870730528411375,0.29595784972860484,-0.3768156974290856,-0.6306785383618728,-0.5970947289593777,-0.571782001572324,-0.5101558025070915,-0.34358410289223534,-0.04916732948771372,0.08014077523307302,0.25378563304627433,0.32851276797310325,0.3592724587922602,0.41178893865616956,0.5051300160669688,0.5783276816182298,0.5860969173493124,0.5414543103500398,0.5674144391349046,0.5995737785602966,0.5892179128795552,0.6499222467367208,0.6509595960364606,0.6040650087463932,0.12033906520523188,0.4758915670794128,0.5700839613667447,0.44826731660279584
