jsons/1312599600.json
{"header": {"parameterUnit": "m", "parameterNumber": 3, "dx": 0.1, "dy": 0.5, "parameterNumberName": "Northward wave", "la1": 40.97354507446295, "la2": 16.46031188964855, "parameterCategory": 2, "lo2": 133.9931640625001, "nx": 191, "ny": 50, "refTime": "2011-08-05 8:00:00", "lo1": 114.97908020019554}, "data":
[rows 0 to 21 of 50, columns 50 to 99 of 191]
0,0,0,0,0,0,0,0,0,0,0,0,0,0,0,0,0,0,0,0,0,0,0,0,0,0,0,0,0,0,0,0,0,0,0,0,0,0,0,0,0,0,0,0,0,0,0,0,0,0
0,0,0,0,0,0,0,-0.0011531895274251632,-0.00036269481739949466,9.083100118758725e-06,0.00028648020049157477,0.0006997191378610711,0.0006926243820619619,0.0007506178114742509,0.0007028988584859881,0.0006522380680398408,0.00047496801297100544,0.00033418902354189227,-1.3350038498699047e-05,-0.00017553553559471525,-0.0003728316262815274,-0.00016086491306752963,0.00024122121356127675,0,0,0,0,0,0,0,0,0,0,0,0,0,0,0,0,0,0,0,0,0,0,0,0,0,0,0
-0.020411924413188575,-0.016715186179358417,-0.014373964257917414,-0.01006783182107097,-0.008244119836437755,-0.006427283698384363,-0.0039368476381491145,-0.0033956245885868688,-0.0015853202706631296,-0.0007078215195391724,-6.94939238617434e-05,0.0005861644165198685,0.0006784048029018579,0.0006958491504478172,0.00040496049804932075,0.0001325446901643744,-0.0012039957774555015,-0.0012053150608707514,-0.0002776052105693379,0,0,0,0,0,0,0,0,0,0,0,0,0,0,0,0,0,0,0,0,0,0,0,0,0,0,0,0,0,0,0
-0.03696057415289606,-0.03478427809267593,-0.0329822052699356,-0.02873122090038843,-0.02447825978363526,-0.022477779700528368,-0.015431945342477353,-0.012006005538419264,-0.009028784991056873,-0.005230961460312549,-0.0022000269827306554,0.00045268444130813404,0.0004394428561620201,0.000510386085787829,-0.0006911530417583512,-0.0009806189986312568,-0.0008164156380452755,0,0,0,0,0,0,0,0,1.302873092562566e+38,-0.05773445959853956,-0.055246965067075285,-0.0533146180002505,-0.04975831815117459,-0.045450501786665584,-0.038873403082212724,-0.036536412101479794,-0.030525334699908854,-0.025864370157333304,-0.024053088382078716,-0.018182055901871566,-0.016602306437309495,-0.013105733576012059,-0.00922912219594172,-0.006247361600194912,-0.004765119956485529,-0.00226602776256635,0.002540885230843425,0.005053909686507751,0.007240680283632328,0.01208734043426258,0.012850274132714156,0.013783902182574241,0.0154997200733989
-0.04688174208313331,-0.04672016900601458,-0.04764291301355012,-0.04968926235900323,-0.048382453155681585,-0.0489815558579827,-0.04955842231702426,-0.050153207413293384,-0.04712589921821389,-0.030242784285028093,-0.024626665053997847,-0.0015239263605407443,-0.011279264298287158,-0.009824254643530766,-0.012479269059436231,-0.031266625016523816,-0.08061662745022419,-0.09151813354131012,-0.07403054966370795,0.03839710790931177,-0.08732082986881937,-0.08699889524679993,-0.08917593158426367,-0.0895334712312051,-0.08446184512710107,-0.08431069406829383,-0.08178089374763167,-0.07893525889737679,-0.07594027923091884,-0.07508421198954336,-0.06919998768099157,-0.06583767069114162,-0.059326571324885245,-0.052642611781970626,-0.047682536407618124,-0.04157425301171621,-0.033504226053150725,-0.02910984148909765,-0.025227357649635483,-0.019262815707454292,-0.016191193838220534,-0.013667827827074486,-0.00995275305562274,-0.005654284771044228,-0.0011992502974579274,0.0005934829339971499,0.009997024269313025,0.013170843257236197,0.01518546015194874,0.021700499520027915
-0.04449357863541014,-0.04448866675298545,-0.045951243946972635,-0.04811686603466785,-0.04935942882623771,-0.05105395524465726,-0.05441716849647055,-0.05666802241587237,-0.05711191905429715,-0.06170471934458876,-0.06441031952360403,-0.06566504870764737,-0.07281229034676426,-0.0766504775824852,-0.07656007307714023,-0.08334312374161054,-0.09117202966172325,-0.09465132482348036,-0.09163279509459801,-0.10263628758669681,-0.09838918757951315,-0.10126977596151815,-0.10678616434185796,-0.10670854397162138,-0.1043998742292773,-0.10567997747479801,-0.10521677939365137,-0.10273499952355276,-0.10321488652830532,-0.10359688531472572,-0.09797706732161043,-0.09631064159989171,-0.09126287661100142,-0.08715084003204636,-0.08305863296037853,-0.07558235583138341,-0.06271631393699216,-0.055050340250284185,-0.04904890046595884,-0.037447172902256826,-0.03227029782593125,-0.026735252041584712,-0.021683157272321035,-0.015560807826912196,-0.010588615975076408,-0.005445535469484426,0.012378120886591558,0.01862088634854616,0.022251081609466393,0.03252019822003959
-0.030257083372315165,-0.03147504709709795,-0.03250288100654566,-0.034359317828060953,-0.0363143976750029,-0.036919306300536844,-0.03934635232719077,-0.041541469391766596,-0.04350995435292145,-0.04662384748431098,-0.04941051114136696,-0.05230717652781699,-0.058729408309470814,-0.060800083962225464,-0.06624237369915538,-0.07152834532405306,-0.08003210811680277,-0.08490914838550202,-0.09114161092612749,-0.10920099860958347,-0.10355260043530032,-0.1129082725167344,-0.12918710622030294,-0.12985752243710463,-0.11786979123466082,-0.12976822768163723,-0.13013618232637128,-0.12457448613193496,-0.12631197587283857,-0.12704443023227593,-0.1219898454566831,-0.12330325104177003,-0.12139301785666765,-0.11783717083292299,-0.11367223288390733,-0.10913607648075867,-0.10227298857879559,-0.09869288110360075,-0.08856386533721135,-0.07803360808043724,-0.07367572205681759,-0.06503864621551547,-0.05999470901639656,-0.05011833924076856,-0.040400869754196884,-0.035203480237098864,-0.022074373051926593,-0.016866191711251765,-0.00925800261243766,-0.002236309350121841
-0.005601052207744292,1.7539529312271668e+38,0,0,0,0,0,0,0,0,0,0,0,0,0,0,-0.04550608566737736,-0.0372500204079881,-0.04256671903799612,1.8130084386473532e+38,0,0,0,-0.08031887650678617,-0.12019888714443515,-0.169913960628588,-0.16913609319828257,-0.15179202915956147,-0.1527609662495865,-0.15084717751497637,-0.14543599205428984,-0.14978359147731443,-0.1490711346902571,-0.14554023444370232,-0.14430544245374105,-0.14525289881422743,-0.14179505740276288,-0.13918686615579504,-0.13428587810684683,-0.12544709191383946,-0.12253425165849188,-0.1147548005121557,-0.11079228505105675,-0.09882310250467875,-0.09148584978863523,-0.08794959510258897,-0.08586513153448246,-0.08366799085426799,-0.0857270080861729,-0.08635319209173072
0,0,0,0,0,0,0,0,0,0,0,0,0,0,0,0,0,0,0,0,0,1.857681878691862e+38,1.7141270906591955e+38,0,0,0,-0.1732950301073434,-0.17524581523305793,-0.17828436097711584,-0.18251418247539947,-0.17545151428125447,-0.1819980762195398,-0.1811198142260833,-0.17651941688565978,-0.17843415972531404,-0.1790046324883559,-0.17645264975808958,-0.17771373730078924,-0.17472222012095323,-0.17357736835611584,-0.16819369194308634,-0.16071641904514603,-0.15570484845834615,-0.14998437863624778,-0.1371244792905929,-0.13105819521249798,-0.12432424659030628,-0.11742650802304276,-0.11314246964061687,-0.11486607132403027
0,0,0,0,0,0,0,0,0.055515672883119725,-0.18248551549067474,-0.18642663182253336,-0.18674803129980894,-0.2014067776975963,-0.2001024563787561,-0.20259766565873305,-0.2009789373415035,-0.20352756266920882,-0.20109273544718054,-0.20232916021631517,-0.20140077463281825,-0.20224771772314112,-0.20197825304406597,-0.20405424164945557,-0.2056538436255341,-0.20664276557940514,-0.21027070573889842,-0.21028922011098658,-0.21146926490683973,-0.21447892645569222,-0.21546565173850626,-0.21220724802190805,-0.21550167585438956,-0.21606835587315093,-0.2136571653371234,-0.2141825391959039,-0.2199797748444293,-0.22270428732401995,-0.22210153059751384,-0.22454192752793237,-0.22138071620084784,-0.219471729145788,-0.21686507476597058,-0.21177069592319717,-0.21363871108729696,-0.20437250611349017,-0.19535059024490914,-0.18849540979938595,-0.18078391654521228,-0.17423785769754294,-0.17169411966951964
0,0,-0.2027677796280534,-0.215686168197726,-0.2138567127408691,-0.21639619146498992,-0.23151770884796422,-0.23610775251167607,-0.23587484567374806,-0.24507404424887153,-0.2466660088796301,-0.24618691961513897,-0.2512944800815878,-0.2526884216588288,-0.25253381445169826,-0.25101846636402936,-0.25478525002249314,-0.25488188439421733,-0.2549457282481608,-0.2570434758674656,-0.2589339825284066,-0.26012189494885035,-0.26501480775654407,-0.26717376480810273,-0.2639892869647091,-0.2662822667520991,-0.2673920186336168,-0.27126065831236046,-0.2727896664236912,-0.27361750074466595,-0.2699420359933775,-0.27149035980734104,-0.2740143627601354,-0.27218140249094924,-0.2747365543947835,-0.280542865070274,-0.2761370705778345,-0.2743880609516352,-0.2823576620107636,-0.27793977131516323,-0.27828649555525437,-0.2774378950951092,-0.2739828530046144,-0.2738570580452016,-0.2711505215145156,-0.2694695549946892,-0.2664654232027293,-0.2506908497558311,-0.24253048805521255,-0.24349962943662054
-0.2469446593717203,-0.25133471948621555,-0.25456385582903984,-0.265352517444551,-0.2641057034226583,-0.2667656861745322,-0.2734805717800926,-0.2761431039686488,-0.2798503190731115,-0.28797744454794405,-0.29538826858362366,-0.29698504049359387,-0.3056008865216226,-0.3062818470630782,-0.30837759113347063,-0.311666017901087,-0.31351694362873916,-0.31526193878864384,-0.31744758352705926,-0.3234365866023683,-0.3248392043728905,-0.32768124109318447,-0.3398901169919997,-0.3445805691757815,-0.3389253102084524,-0.3397598647317503,-0.33978645582616407,-0.34072698176129845,-0.3461768080260685,-0.35146026235335753,-0.3479133856438676,-0.3565130382536487,-0.35745271150647745,-0.3578162030077442,-0.35711111986310534,-0.3647636937771258,-0.35879348308468145,-0.3553866540593007,-0.3618672667312461,-0.35089784746129216,-0.3513675176338474,-0.3602026865807994,-0.35633077710972905,-0.3500029584470846,-0.3451694420327643,-0.34599696959118853,-0.3462326420933974,-0.34128386507659864,-0.34199426172831077,-0.339941116886692
-0.2585313436649247,-0.2655518299878168,-0.2706813764627597,-0.2842965591110203,-0.28868456380529717,-0.2940529100858684,-0.3060658632880654,-0.314314585778132,-0.3204347719734357,-0.329658174845037,-0.3386098158344815,-0.34287129927945065,-0.3572211508831425,-0.3641596297890927,-0.3662932562252395,-0.36785030716731715,-0.38173746862560937,-0.3793471254089174,-0.38687437548835546,-0.4004388052723081,-0.4039554051190606,-0.4114903095339087,-0.4209295184180639,-0.42984823290677104,-0.4181361664358638,-0.4317450893950817,-0.43318102711544304,-0.43591323437089136,-0.4396233267193626,-0.4399697342082213,-0.4347607491580896,-0.43824162533819583,-0.43903791861138686,-0.4491991545319937,-0.4464800097070378,-0.4399018337851406,-0.4503253978104413,-0.44695828133434484,-0.4605740614093858,-0.44307220439614103,-0.4458673504219065,-0.4579848112677375,-0.458879766470099,-0.45462069346027656,-0.4646413042954025,-0.4658966462375612,-0.4621642607932755,-0.4555316618138011,-0.4491261135778012,-0.44306116550104646
-0.19080657855171868,-0.22159044894561244,-0.2519234155761721,-0.28070437170086965,-0.2887638109597133,-0.296632108993994,-0.3135112961310187,-0.32334435840435594,-0.3339244133326342,-0.34854365332831216,-0.3590455718839926,-0.3675069158336088,-0.39037756938614304,-0.3969080640866564,-0.4028005888689403,-0.41473556407133305,-0.43943325834634706,-0.4478777531545696,-0.4577528794123554,-0.4742366235875679,-0.4737895786481187,-0.47681681728994757,-0.4945909745657318,-0.5006621662554552,-0.5082768670648855,-0.5236687111109753,-0.524613792631507,-0.5171633507729986,-0.5372392954268104,-0.5428207445443005,-0.5509580199439301,-0.5737484484763712,-0.5730939662649209,-0.5742800140470862,-0.5774189175562644,-0.586085437777494,-0.5845966857576944,-0.5894162839904067,-0.5989721338318913,-0.5899582283189807,-0.5784517068711901,-0.5951465864301728,-0.5875355377893157,-0.578895656893373,-0.5926590636647124,-0.5838689531205792,-0.5758321722123529,-0.5759523095790471,-0.5761169756664349,-0.5686327193294447
0,0,0,0,0,-0.24958898308604188,-0.28094121999328114,-0.2962631566960191,-0.3133243171100788,-0.33441627961955245,-0.34804922103080665,-0.36368243052454047,-0.3899600163260068,-0.40802359033393765,-0.42276140394542633,-0.43867000769228326,-0.4705906177518625,-0.48832108876091723,-0.5044653379290798,-0.5415079367718921,-0.5478146944807368,-0.5781193599223671,-0.602908622401687,-0.6139630510901918,-0.6213433286687634,-0.6419007053479117,-0.6561363648538372,-0.6609810492389956,-0.6801078852797185,-0.6886784953956513,-0.6870993696517775,-0.7016573767521982,-0.7021114892096562,-0.7101601946181963,-0.7166881669969299,-0.7331902795437845,-0.7333481994351443,-0.7312141041132837,-0.7369515138813353,-0.7373770470367145,-0.746078557556305,-0.7588447540122938,-0.7603026369387417,-0.7407527208384563,-0.7548221773565806,-0.7607891608259573,-0.7468551275347862,-0.7533076968120456,-0.7511468444202057,-0.7268656814003084
0,0,0,0,0,0,0,-0.21322718044652372,-0.22698980394784907,-0.2492851503173586,-0.2699973793220252,-0.31054966165639486,-0.3639145196952542,-0.3929661764528342,-0.4316817239190042,-0.45690010978809387,-0.48760137274571547,-0.5111716552766156,-0.5365392762320444,-0.57313060530217,-0.5948003624793966,-0.6138376597711949,-0.6511553659166055,-0.6785255398250463,-0.6931408548002754,-0.7289690861212332,-0.7385370960216163,-0.7502759157222766,-0.7913907385499732,-0.7979477301155369,-0.8103255157517185,-0.8347642211485626,-0.8477599997063444,-0.8513379761663066,-0.8611411251708747,-0.8809491184474644,-0.8851801763137631,-0.8894177511839882,-0.9006635230460533,-0.9014846171178061,-0.9033211106456731,-0.9284354662253372,-0.9351938340441878,-0.928900193109314,-0.9429785237450485,-0.9583735802620059,-0.93747451676607,-0.9515581463774155,-0.9577503540665195,-0.9266198981444912
0,0,0,0,0,0,0,0,0,0,0,-0.18289460012470432,-0.2016265862065094,-0.285539321285529,-0.3667336437158752,-0.405587512883983,-0.46033048978860663,-0.5008027610569841,-0.534133032280535,-0.5821806252678791,-0.6145002006235424,-0.6391191375262787,-0.6911390920880646,-0.7183101243770463,-0.7527309128199868,-0.8112909250551827,-0.8417733415982805,-0.8591137422948063,-0.8921323995874703,-0.9111946360734319,-0.9272518604984542,-0.9713034520674915,-0.9787095896859639,-0.9912129189267284,-1.0004560026529667,-1.0404788733676615,-1.0442917006716523,-1.0550556930420385,-1.103343513807613,-1.1200121087171628,-1.1401317412482534,-1.1942147684520672,-1.2332577512617857,-1.2155483843180654,-1.2518037424332205,-1.2567103644338113,-1.254088124062142,-1.2677535796603845,-1.2734830099382302,-1.2683791722157733
0,0,0,0,0,0,0,0,0,0,0,0,0,-0.1887786068856779,-0.3148825672236581,-0.3554968346972098,-0.4577377300667742,-0.5286929840579214,-0.5684473857014998,-0.6417753078818177,-0.6805542519693518,-0.7068728341982127,-0.7602916362587855,-0.7916596344704087,-0.8363661683136665,-0.9153426833915282,-0.9427286848474818,-0.9671342412270918,-1.0196109785213714,-1.042877666024445,-1.071407030061663,-1.1552187625641812,-1.212040946425989,-1.2433636221429951,-1.2818811602923297,-1.3345546570643425,-1.3391201816391458,-1.3570705070893032,-1.3972849903666504,-1.3930883287037419,-1.4174690996541914,-1.457949517689897,-1.4747478657922337,-1.4727698795912123,-1.512093574212076,-1.501094697899101,-1.5249938810620793,-1.5316149823669851,-1.5187892607467424,-1.4950782697442515
0,0,0,0,0.06255221734805173,0,0,0,-0.1305398889394458,0,0,0,0,0,0,0,0,0,0,-0.5935686785277933,-0.6849074984821376,-0.7961980101810903,-0.9474005999991656,-1.0603755133074442,-1.1268807144701003,-1.246924913742584,-1.2926347625650012,-1.3064789107849506,-1.392693305491009,-1.4318225757132605,-1.4641842547113313,-1.517152225765032,-1.5325755481426633,-1.5394287313029507,-1.5606966350787057,-1.6131275869544432,-1.6164196475129244,-1.6259312986605825,-1.6843700899959042,-1.7728287441284711,-1.7890858019280258,-1.8580245843557353,-1.8884194501240819,-1.8974786578515572,-1.9502642799629153,-1.95133266334435,-1.969457285180523,-2.0528277134942123,-2.0523500486174546,-2.0300879506258296
0,0,0,0,0,0,0,0,0,0,0,0,0,0,0,1.6105562141115015e+38,-0.11736963757454237,-0.29249709108990085,-0.3156436918153469,-0.2787778594154954,-0.2802434410119378,-0.40432338873080315,-0.7666237191762801,-1.0399073530343967,-1.3354148781247546,-1.5219871265137026,-1.5884246377733537,-1.619115071617597,-1.7183764325661612,-1.7545944486604046,-1.8524089958780527,-1.9565357273189479,-2.0054712394968797,-2.071023006496558,-2.0905895640663474,-2.137530700233526,-2.156870346228027,-2.23995387611782,-2.2718418632569697,-2.2614981250614954,-2.3368079906186328,-2.482334871179525,-2.509979499105631,-2.5167765351038396,-2.582208962912691,-2.615987366650257,-2.591769933123037,-2.6297241632265793,-2.6357694518337174,-2.6273980341395626
0,0,0,0,0,0,0,0,0,0,0,0,0,0,0,0,0,0,0,0,-0.39541880443630084,-0.5574481764962221,-0.8608581376599113,-1.0837505753660555,-1.2570984883794265,-1.5857387219706343,-1.8089206644919216,-2.1008795332191093,-2.2383387449662444,-2.4242982847504093,-2.4588539786038592,-2.536457092820981,-2.5912328467771877,-2.6065597517676666,-2.652026992248852,-2.834314555730237,-2.834922021892824,-2.8866785106295376,-2.9432231292286044,-2.952848596921851,-2.993787428148387,-3.056626107595871,-3.095675859167868,-3.1050086481058767,-3.1640314971726466,-3.188347424957848,-3.2203000932792047,-3.354077625550121,-3.360101858843991,-3.3584508551247527
0,0,0,0,0,0,0,0,0,0,-0.3615487399152471,-0.38394951112041026,-0.3813620011512149,-0.4050295985824046,-0.45929970531027275,-0.4621632950185641,-0.47636830251025825,-0.5159931578299396,-0.5759700217474718,-0.6771422251372681,-0.8799569780795383,-0.9710630985081332,-1.005838487969403,0.13088460173782848,-1.1132227405099406,-2.406913757987023,-2.391410199301232,-2.383665188141529,-2.6023855784361065,-2.6332397340589333,-2.7062480901847175,-3.0264443175565163,-3.1778406535617845,-3.2249832358008996,-3.296634479107279,-3.417619378463642,-3.4667134148039174,-3.6019004029816934,-3.7839728174782303,-3.8212836788641553,-3.8673730502944013,-3.9679872914202523,-4.0312076240013965,-4.0853301761207845,-4.130958353065165,-4.11208436208099,-4.147790164650628,-4.254500348362488,-4.251694700275786,-4.2826740176900975
