jsons/1312905600.json
{"header": {"parameterUnit": "m", "parameterNumber": 2, "dx": 0.1, "dy": 0.5, "parameterNumberName": "Eastward wave", "la1": 40.97354507446295, "la2": 16.46031188964855, "parameterCategory": 2, "lo2": 133.9931640625001, "nx": 191, "ny": 50, "refTime": "2011-08-05 8:00:00", "lo1": 114.97908020019554}, "data":
[rows 22 to 43 of 50, columns 49 to 97 of 191]
0,0,0,0,0,0,0,0,0,0,0,0,0,0,0,0,0,0,0,-0.17529077621421366,-0.03964509582745012,-0.07873871024385476,0.06628568250712319,0.08420072918678558,-0.058964625423658996,-0.09470243529582759,0.06864659913805148,0.10342252570585159,0.16012796346685826,0.18486834286847995,0.2021891497135298,0.22538270355334128,0.24158179694741605,0.2567496923172253,0.28139683279395594,0.27978480541039974,0.34198249329717134,0.4336850062677582,0.46389695834601835,0.4614518008270243,0.4528469721635471,0.4730083454500922,0.502701227284037,0.5008237375249547,0.5433522490465615,0.5706639772406356,0.5821686350913169,0.6368377934410906,0.6367957980894003
0,0,0,0,0,0,0,0,0,0,0,0,0,0,0,0,-0.00048589391287312376,0,0,0,0,0.01495040756101769,0.04454631513529504,0.061382411983996576,0.05732368179129626,0.09660788908794092,0.12969769486201183,0.14862402469949532,0.20496882675594227,0.23402653294597048,0.25169163758022367,0.2931360994486488,0.3538738858115365,0.3817174614440335,0.4571346658804853,0.4675721315140071,0.4824503653323708,0.5206173792594396,0.4795403107334969,0.4806678280590766,0.4930724773919676,0.5030180037623857,0.46692284402409157,0.4921986237188295,0.5545673667139563,0.5799109660862598,0.6029122980310766,0.6451906975400894,0.6525751546625091
0,0,0,0,0,0,0,0,0,0,0,0,0,0,0,0,0,0,0,0.07000453900372294,0.13178136221618042,0.13891979082125408,0.15641703641770374,0.17688547520472014,0.1725257867802721,0.21521690557633225,0.24370248847727172,0.24747875897570604,0.3039124553249742,0.33098390374998954,0.35941310012967637,0.42301063203549183,0.44953161401260067,0.4602726110120778,0.4815685146933983,0.47792527399777707,0.4789293056307811,0.5233029171443653,0.5752871099723433,0.5755577312408584,0.5818727793463702,0.585407146194962,0.6022700182534518,0.6087767756998829,0.6306166715731277,0.6430657546734443,0.649250736883367,0.6471106426465131,0.634780650167385
0,0,0,0,0,0,0,0,0,0,0,0,0,0,0,0,3.3038944722661223e+38,-0.20489922391277077,0.13711086216165985,0.19133290738219122,0.23250927894772785,0.24545901187241428,0.25194176658000506,0.27369839479913016,0.26453240563799635,0.29068981014205086,0.32266791830913094,0.3564154856664497,0.4140560049538393,0.45112253680480313,0.4604804293874138,0.5140621246794171,0.5552659966186096,0.5520274211009816,0.5461651028296345,0.5574819522697994,0.5632182862760129,0.5766454096736401,0.5839930787752886,0.6083571194033995,0.6098384012843758,0.6128321555953533,0.6290425918368169,0.6318337306524446,0.6360475600513126,0.6416639372515227,0.6412516704843605,0.627619186570901,0.6144754607741434
0,0,0,0,0,0,0,0,0,0.05823523139550477,0.13279329966465878,0.18361478314479437,0.2454630642543324,0.30785282448018864,0.32031805820887366,0.3058987024555902,0.30866100174495825,0.31311962339431787,0.2914664430794621,0.25940962791466254,0.26720341685613946,0.2264812553388867,0.2306828416032999,0.2221584919599532,0.2368586828544495,0.29146068379602214,0.3688302402911346,0.41269654182968774,0.5035287953297292,0.5208367280445146,0.5354196335674156,0.5623006354762266,0.5750869728401732,0.577361216744608,0.5985146128702391,0.5983045900716878,0.6002053724811274,0.6017241185749627,0.6016235056957601,0.5997851830230481,0.5989756971600786,0.5987084071520463,0.6098769539837112,0.614480496555064,0.6005245818080056,0.592321325065375,0.5989883720705718,0.5893680777508103,0.5641694600437717
0,0,0,0,0,0,0,0,0.18436238287026174,0.23536907218126873,0.2859285269752575,0.299793019970938,0.3044408928773912,0.30394296860719083,0.2977960532443795,0.2775872077521034,0.2614909701469937,0.2416980462492854,0.2134084843134797,0.20010149652246806,0.20499866262384195,0.25915379582326886,0.2995052340721361,0.32019015854947624,0.3502811123089766,0.46568511855197137,0.5110376517309098,0.5334103522826302,0.5798372641963231,0.5759413842040746,0.5786698869421192,0.5864735264680098,0.5935470382668027,0.5964915045898246,0.5996741867897943,0.6021084294345055,0.5998920735768346,0.5972241928895172,0.5944519903086688,0.5974058499459007,0.6063527303055607,0.6092829759703404,0.6070403023096624,0.6112503277731918,0.5780371723374588,0.5323252770595043,0.5640736327796554,0.5692578093487344,0.5153595223322498
0,0,0,-0.3032944907652352,0.2317893704104866,0.2534559250923476,0.2501644938888558,0.25859598399585054,0.25548151362581956,0.2614466027697872,0.2750234583529838,0.27729465189892766,0.251527737281239,0.23172063689272854,0.19954251941433632,0.183138890401311,0.15072302685584113,0.15198931273886684,0.14125813534709278,0.17103823772311852,0.2026459590742499,0.14644428621322028,0.3111008636450587,0.3902412942046022,0.4733765116269469,0.5477012562039554,0.5971575351832736,0.607205282380384,0.594953834809571,0.5944913666600172,0.5939810135804928,0.5892138090522012,0.5986094434681762,0.5984723326630423,0.6014348712434482,0.6014905939499693,0.6096287406860366,0.5987005180338517,0.5985138379441913,0.5993146068885062,0.5943537928247521,0.5786032272976005,0.561645589820814,0.5536033354617457,0.5309046265864239,0.5500320957566767,0.5578335552788725,0.558469705914442,0.5100921317090984
0.11942183190790132,0.16308521100013001,0.1660872393845832,0.16660867239435403,0.16519263771749,0.17576819073066985,0.1692034933963758,0.1713621279366074,0.1936913419595312,0.1624589457592,0.15477163761894353,0.13195320340596897,0.09974459002931355,0.12062313037627852,0.06547910101839692,0.006921825152388646,0.003983824985538816,-0.029624372134261823,-0.03380115649045115,-0.0005744043061201809,0.0490386963607375,0.005247678049845139,0.2884686630847315,0.4409404109030985,0.5643976441126677,0.5954823247915092,0.5830980838871115,0.585075564016708,0.5919056871737022,0.5910245388844024,0.5907688629470863,0.5908522644803248,0.5791456893649667,0.5649101838424849,0.5768779546810816,0.561101067289432,0.5394845643464461,0.5685437038075786,0.5551364841429688,0.5341929541648702,0.5778332603804711,0.5647371238398583,0.5479432250435483,0.5423581631635638,0.5385008893184072,0.5434360023205111,0.5263797257941034,0.4551641077596428,0.4369866733455067
0.13681323993481523,0.13826784009544726,0.16656377976927034,0.1344895049504696,0.09142098436362209,0.07824597482659475,0.06572657984528107,0.07413907323718275,0.10011682593123747,0.0030948197130982,-0.045693955844758924,-0.14583292560188615,-0.2749573595222188,-0.3419463736290781,-0.32983935909446693,-0.22409804744176345,-0.21608034692612033,-0.20966697654488328,-0.42690513143121445,-0.4012603068976527,-0.4116595388516244,-0.38261663795777,-0.36307717330395833,-0.08775642789401555,0.6435867701827119,0.46077641548234516,0.39111151727633064,0.38668616157186364,0.5245685741295146,0.5831497505161661,0.5383778507151221,0.47484298259762314,0.4380050765832492,0.5253816726185933,0.5208282409859314,0.518893472496971,0.5096495000006925,0.4944416452509344,0.5301440391179189,0.5260981623455161,0.5018052284002008,0.5387486659947223,0.5416626436741292,0.5507903687085791,0.5390010599411652,0.5197864057938644,0.47583259269422107,0.4359201044182709,0.4132835029521805
0.021231457109786047,0.011296994914184635,-0.031258462554788646,-0.018791563267557234,-0.01976647044506692,-0.17544032520896766,-0.24107020701872195,-0.3297323824862889,-0.4048245664780618,-0.5107032969872122,-0.5905461859331383,-0.6221533480827822,-0.6534131984325183,-0.6344590111663634,-0.6279174109599649,-0.6249532211933327,-0.6175824879258459,-0.6173213063901555,-0.6138041268080984,-0.5978884953591503,-0.5695532007650098,-0.6079380082481932,-0.597198025218241,-0.5916112236596911,-0.4551158971594898,0.26555778235407435,0.6053163592082393,0.6139930608984767,0.47725373857793074,0.6165707802508208,0.2313594850592689,-0.5740067400144719,-0.5255040303054237,-0.544388730661629,0.5139099037708562,0.5436976714625661,0.18481734587612117,0.3336012892916313,0.3802031336896417,0.360777495353309,0.34103107091630724,0.3739799919455459,0.39435019933434373,0.37637267639508876,0.33658244008141075,0.3244235202927513,0.3276001740335943,0.37918999652009366,0.40856809011604167
-0.31636393670156243,-0.3389886513865964,-0.41035879875457104,-0.46679542700949705,-0.5385141576282362,-0.6184329863661626,-0.665720185823855,-0.700689394629362,-0.7037694356680558,-0.6754849705353793,-0.6057441905762513,-0.5427773357693222,0,0,0,0,0,0,0,0,0,-0.26698085610536054,-0.3528676133633874,-0.3537487133962882,-0.3034675523152026,-0.11327207652658618,-0.01654766677383348,-0.06676862013071884,-0.47065863389327955,-0.6077562261257364,-0.6218965622973386,-0.6068334536467885,-0.561436614170233,-0.5692846479809768,-0.6264570917577459,-0.6196208274175169,0.5999603498737313,0.4949963333944232,0.36164983734851974,0.3932756868336814,-0.42266426486474395,-0.3982690454248087,-0.33546776714870286,-0.5047435835189906,-0.03239938275111978,0.2859529841690139,0.274539301244225,0.3441168808188522,0.3293174011035748
-0.6018302390344821,-0.6337660858106297,-0.6859012384596594,-0.70581184900831,-0.7252088060493825,-0.6833592483752302,-0.637853791742268,-0.4997561532857463,0,0,0,0,0,0,0,0,0,0,0,0,-0.043954867635623965,-0.2945456017722989,-0.35751956446235833,-0.348560239320634,-0.34901632292830714,-0.41623170515408403,-0.34378902221355007,-0.22662579468276778,-0.3995819409523893,-0.20718581138964068,-0.6242957358052724,-0.5754501682616943,-0.39539795443604125,-0.3414379419927623,-0.06500553759821272,-0.10278132151290627,-0.18300674061984862,-0.1997528139040046,-0.4286880860774428,-0.4577260460635579,-0.5186028960818955,-0.5453097312640872,-0.20268126667449868,-0.35194792899500815,0.22815734436855434,0.5031479609246462,0.584569925536677,0.5318760472974021,0.48989545572113624
-0.6710699033561413,-0.6897100837567928,-0.6368727985118007,-0.587560113462151,-0.493215410980186,0,0,0,0,0,0,0,0,0,0,0,0,0,0.08179840812183961,-0.08518951669423566,-0.14984346104998378,-0.14433102335403725,-0.32963387282753837,-0.3911770966331862,-0.4025447157160061,-0.42446802774390774,-0.500507078234566,-0.5529139430304025,-0.6468711468610715,-0.6736075509969672,-0.6775285018339203,-0.664641721785007,-0.5991776257159995,-0.5183044053947028,-0.41430870687251814,-0.4963375646291207,0.63646143374344,0.3559455192130513,0.3454417062152798,0.41488658893108454,0.49362664786087235,0.5016889948537514,0.5154231731600271,0.5320545422072503,0.5536401936546109,0.5673949684614679,0.5512549717318376,0.5193934310634666,0.5003777633626181
-0.556199379806235,-0.39034607018652273,-0.16611818426294214,0,0,0,0,0,0,0,0,0,0,0,0,0,0,-0.0027165374395310506,-0.2125881946909127,-0.313922408706002,-0.3845823313442326,-0.3985859057887684,-0.4829759429154399,-0.49542780898564415,-0.5204607300094873,-0.5246667669284777,-0.6141253970367216,-0.6442870694497226,-0.6744784638208053,-0.6915840584295231,-0.7002177940640292,-0.6640419069804199,-0.6289326533209147,-0.5514988920190038,-0.36264061594435953,-0.31814663092605533,-0.3856862146407229,0.6132610258475045,0.4549664776871286,0.38475910604686203,0.35554868392881095,0.37376329125378194,0.3914647354654023,0.407762140366433,0.4473611301990988,0.46590958756591927,0.502202332941745,0.4585487844085482,0.4227908250545243
-0.34585294759661733,-0.3609709549670825,0.4541423586450197,0,0,0,0,0,0,0,0,0,0,0,0,-0.04028927784376166,-0.1788588989053544,-0.25225186434770014,-0.36242675144842146,-0.4108024329747657,-0.362404958612301,-0.7034906450719182,-0.699186998574035,-0.6862889498403689,-0.6894371561677647,-0.6896786171430246,-0.6886284043253798,-0.6933764479600792,-0.7012998144701694,-0.7177452540529882,-0.7261487039886743,-0.7314745877204054,-0.7030196052019615,-0.6406512946545906,-0.5019596502127812,-0.42329097362153423,-0.3700606820034637,-0.44438200463364574,0.059196901180891895,0.18552456368909934,0.12173444154674506,0.14592324547734253,0.20727435143481432,0.23095317166512183,0.35200913895967806,0.33845390060446456,0.33928409984115715,0.31752029355056177,0.28325030669029627
-0.24576302888547735,-0.19926870896057716,-0.15952715653129898,-0.31086545390032677,-0.4091309454499574,-0.38840053020245807,0,0,0,0,0,-0.44200982358001856,0.008541339083463152,-0.015582338532375634,-0.11275634733772594,-0.28920413497074615,-0.42372027299696235,-0.5550733643007048,-0.7248521061212945,-0.7346316257055171,-0.7429550653701457,-0.7380674756020364,-0.7090137102812194,-0.6632625220280128,-0.6726343599489779,-0.6907535434545954,-0.6957244861305972,-0.7011343774985875,-0.7143328141274246,-0.7258991862422904,-0.7291700753071894,-0.7215044435851219,-0.6956063677716833,-0.6569779742102152,-0.5275827161455487,-0.5050413888519111,-0.4094225224786092,-0.3084547133939304,-0.2802691217334721,-0.2603563092202914,-0.11495301204452685,-0.47004818569929774,0.5625796966428942,0.43267545793977,0.18277253915960048,0.1657190313374374,0.1769921205868466,0.20239680809042015,0.20404153399368102
-0.235081311449097,-0.19129535262250866,-0.3028375537843214,-0.37907265682746855,-0.14015994772154258,0.3128703492744086,0.24794824047119807,0.28301161736745734,0.3970482743801424,0,-0.012445088174979491,-0.07445264694240925,-0.23947606231420318,-0.3779061180790696,-0.4952903638637635,-0.6459077204138173,-0.6974804586812492,-0.7286963978679701,-0.7530158839102705,-0.7557469322895514,-0.746565748251269,-0.7157334970447312,-0.688507134283906,-0.6616669976485381,-0.628361690533818,-0.6708826192749342,-0.67577796927588,-0.6890312556371861,-0.701199396410739,-0.7314803757081912,-0.7203265330404627,-0.648614958249418,-0.6249833960372286,-0.6066244542992838,-0.49651973628445056,-0.46304734639417494,-0.46224972959387417,-0.4135512670611479,-0.3692318344033292,-0.35572808742156453,-0.210551213214852,-0.18343023653171697,-0.14187448956073334,-0.13397711011715488,-0.33505249375265156,-0.26928445511440274,-0.2647480908222763,-0.3663695114129892,-0.5609177701085444
-0.45753729690710243,-0.46367996160873826,-0.4957942697577195,-0.46427861836953915,-0.3939078250203915,-0.31724999850339947,-0.33396912224958053,-0.355196452111356,-0.3551382285673582,-0.4159787997117307,-0.4806488704911135,-0.5264854668339725,-0.6198709204176922,-0.7027094110546944,-0.7449656768084802,-0.7809727173077495,-0.7980640530568129,-0.7963098182588806,-0.7717054165162358,-0.7365540610757152,-0.712916277975573,-0.6709660503760897,-0.6254711032147826,-0.6209783430062237,-0.6286734868686803,-0.63449537382528,-0.6637334405773803,-0.6655751201756177,-0.6467719746480074,-0.665383793598064,-0.6674029454114968,-0.6626351530003698,-0.6586190628810519,-0.6507609327928585,-0.6179138055260374,-0.5695566302130628,-0.5366155511970883,-0.43153389610511855,-0.39220879601492104,-0.3746097681076841,-0.33092734209207025,-0.29906268582938844,-0.29553096078399327,-0.2507330693942281,-0.17324987055158103,-0.17279599312853455,-0.16358063994179733,-0.3048691524644732,-0.3475283888862328
-0.5166357334313171,-0.5210408838530648,-0.5097701748072477,-0.5057558054279606,-0.5275991811530913,-0.5273585447431637,-0.5402714772514442,-0.5886647040347377,-0.5940874655114068,-0.619305632758462,-0.668678185723169,-0.7131928341307193,-0.7528557925818762,-0.8026713719730668,-0.814949453800749,-0.7959588191092638,-0.8051018202070345,-0.7938245650432402,-0.7569456179784497,-0.7469895645914343,-0.7109443856937657,-0.6874297714408912,-0.6729045370812453,-0.6721594687577845,-0.6774519628205429,-0.679529926963205,-0.6868464523308344,-0.6879687037122415,-0.6661779494200699,-0.6653852159823593,-0.65501640416452,-0.6350530978208112,-0.634231433769468,-0.6244589208541603,-0.607113073631709,-0.5669077652077974,-0.48936765658548276,-0.4527550217201674,-0.4174186941403644,-0.3988705507686067,-0.38006348382976435,-0.36282439371105796,-0.35778817653838707,-0.34812103785192844,-0.33968787955946833,-0.31184621628822873,-0.305508106907384,-0.28312692878461987,-0.2700714659779086
-0.5555927388841078,-0.576726402098992,-0.5923567253279949,-0.5928412943027169,-0.6154398136427961,-0.6224629845828451,-0.6400604370441977,-0.6617364065939988,-0.688525434805345,-0.7073465355073739,-0.7670071421757654,-0.7760681664876257,-0.7826404423707448,-0.8162043214858566,-0.8049883613765422,-0.7443214612564303,-0.7693051898231448,-0.7508375620469878,-0.7287275901297937,-0.7117367763525794,-0.6944724201036586,-0.6793898904987663,-0.6729355326941894,-0.6779458000165344,-0.6764905050212549,-0.6501221086286328,-0.6478060974536454,-0.6493464239514742,-0.6433483939042686,-0.6403838608206245,-0.628161106316196,-0.6352220923319812,-0.6316657806579944,-0.6331017819494001,-0.6177448025394638,-0.6068702300924674,-0.5879790121511285,-0.5714964707392612,-0.5568832281718227,-0.5454774912436889,-0.4815006998410789,-0.45698575548899234,-0.44126501918134187,-0.4242626193535781,-0.40482696431202786,-0.41150604799438445,-0.4088350908208681,-0.3944298237386186,-0.39941475439979335
-0.6226911622035822,-0.6370340633014507,-0.6469520073007404,-0.6479633340986107,-0.6711241693108018,-0.6779281302466006,-0.6941023076380443,-0.7205345600985977,-0.7374738882134048,-0.7641911161152075,-0.7873530528689051,-0.7997379436792682,-0.80733645274319,-0.8109803565309631,-0.7976695442050685,-0.7793055849064331,-0.7787250058025262,-0.7467363742428029,-0.7235437303096056,-0.7201071602570123,-0.6977545743996957,-0.6794493266280031,-0.6874261600305975,-0.6957290770759669,-0.699722122177968,-0.6814626362039505,-0.6712456628003843,-0.6682822042956053,-0.6605418391865691,-0.6579233448857582,-0.6550399208845136,-0.6462247024038241,-0.6505256038775893,-0.6508565212857798,-0.6564958067451393,-0.6725353567565735,-0.6747233971284697,-0.6132524302133973,-0.5832319033271988,-0.5245909769415478,-0.502205446781799,-0.5038908898701165,-0.4961959844655642,-0.47978187396584926,-0.4580835998825172,-0.45008194888306213,-0.44733522643435464,-0.44121494051184157,-0.4393161694080264
-0.6498841624460734,-0.6768015422535955,-0.6859736170128714,-0.6872392294419255,-0.7215754172220596,-0.733141098647313,-0.7466084843698118,-0.7895012032078874,-0.7957729780306754,-0.7928808513032481,-0.8331875947890499,-0.830794708913248,-0.8068312715953537,-0.8100368435529661,-0.8066841279148103,-0.7929054301899632,-0.7863073491611041,-0.783977735380226,-0.7583918187610666,-0.7482812198072403,-0.7398095055512025,-0.7158640877187784,-0.7109736067022248,-0.7150827969655692,-0.7077435445322833,-0.6776811435149903,-0.6831669951807003,-0.6904703200134718,-0.670034972542592,-0.6724972853512711,-0.683207878525643,-0.6944132272438676,-0.6940072380519213,-0.6960898556262715,-0.7102358470105105,-0.6975336539636928,-0.6779895111498386,-0.6574196695159572,-0.6438394514069408,-0.6091625664110064,-0.5668914620908164,-0.5471515814541479,-0.5090406776877603,-0.49071903052217525,-0.491879202797252,-0.47685926016764313,-0.46709346565875176,-0.4529101772518729,-0.44271345251669775
