jsons/1312689600.json
{"header": {"parameterUnit": "m", "parameterNumber": 3, "dx": 0.1, "dy": 0.5, "parameterNumberName": "Northward wave", "la1": 40.97354507446295, "la2": 16.46031188964855, "parameterCategory": 2, "lo2": 133.9931640625001, "nx": 191, "ny": 50, "refTime": "2011-08-05 8:00:00", "lo1": 114.97908020019554}, "data":
[rows 22 to 43 of 50, columns 100 to 149 of 191]
1.159288457229518,0.8054756258235596,0.37929084344413844,0.30185505281727454,0.5132741059815495,0.6608886204988254,0.7980219615628658,0.8155583967524207,0.9401271770780635,1.0516888272179374,1.0606454780399956,1.1093010662265588,1.125845389908782,1.1012090267973969,1.1610025963786483,1.188746203344295,1.1965428769807398,1.2323224621673647,1.13365169181668,1.0467769849665727,0.9847717048139405,0.8661429186247286,0.8182137172745441,0.7846849880987634,0.7538774357179648,0.7245376713665955,0.7159042822118874,0.7153612750331019,0.6444713794590181,0.6083329443511146,0.5670823307773181,0.502146330387963,0.44095859454647834,0.40019450230806797,0.3390393120353909,0.3187533232083719,0.2783580312895455,0.2147053886798338,0.18981369096282888,0.1781150648587075,0.1470074782384381,0.1432173813745539,0.13416205694124553,0.11012718577145625,0.09046762513858794,0.08069340366226666,0.05838133824986976,0.04109877725052282,0.031125856156861302,0.01731777293312565
3.0305281900297976,2.873980952882537,2.353329705986566,2.25482094426654,2.05134735906388,1.8913194994412108,1.72769439713715,1.7068860389893477,1.619585009308475,1.6263842191122297,1.6193217005604619,1.5802144597047265,1.5770230012926205,1.5885723010529342,1.62200359942621,1.5622842407695843,1.5267536310883487,1.4874598906665324,1.420365922166915,1.3838625815315,1.2433395722009295,1.096473794467614,1.1159940435760705,1.1249541158515146,1.0447519220257506,1.0000933731800132,0.9601655746875609,0.90602244715485,0.8327781660480191,0.7843311010738608,0.7408005493445121,0.662578364122294,0.6172093098660163,0.5993113642016835,0.5180146686200153,0.4905428567260047,0.475347782754244,0.42755946973247966,0.4147930679594055,0.39998009168173543,0.35195412130173775,0.3281892832610917,0.3072755492099404,0.25288133666214935,0.24052610321979123,0.21740124936046717,0.20567315900299565,0.19390881183393954,0.19700418226154984,0.18639691868073685
3.4401864234453496,3.4078961388752664,3.234411258402682,3.1777874828508983,3.0766868116268475,2.902486127335279,2.8603934473626786,2.7903390453983565,2.6344973244335037,2.5473063154650997,2.469328291700799,2.434977912962362,2.3392392413208634,2.263771426308806,2.1921745624934834,2.107104114487711,1.9719870326520932,1.928731770036752,1.8648225232649025,1.7804453280416404,1.7498016369230058,1.5880672651302368,1.4816312744928444,1.4146200700676572,1.315201324689289,1.2516053100771067,1.2153895605372254,1.1308521630982067,1.0331185843166952,0.9696178157609074,0.8932318232423245,0.831562355463923,0.7835877331555918,0.7472321304703319,0.7036915159935085,0.6543820506106439,0.6600841330526341,0.6905962356178752,0.6870278838823677,0.6906376206452896,0.7107729677335582,0.7099141680098708,0.6801551303289732,0.6435138000684409,0.5615006313089226,0.5170750544951571,0.44036978428817874,0.276387647386832,0.20280435365925464,0.17115488938592976
2.022438889286312,3.110446863846446,3.364630197108656,3.3265930679782363,3.2756527026706763,3.1917011131561397,3.145247370963511,3.1152847736783786,2.9635695581529475,2.9035867674570004,2.883634766385069,2.77142414892127,2.6678328982765414,2.57189937782613,2.5765407570009105,2.531633235710149,2.4490988562254543,2.3925493218822975,2.258402674764247,2.2125835154641655,2.1025079018212502,2.0013615255641994,1.9530473003817013,1.8192981502116525,1.694278001280345,1.6397465878990705,1.5603143713765264,1.4757202528918667,1.311430539879899,1.2655219336590993,1.2161318541631312,1.094596407297151,1.0499408239540258,0.9764271216887247,0.897803919347372,0.8762784381999937,0.8654300662159141,0.8978825476081881,0.9136250606020304,0.9483166262797257,1.2250822686514093,1.3563036996223414,0.9076896516947373,-2.0189552237017674,0.4564042485468641,0.7248181662817258,-1.1700678310414612,-0.7978418450106222,-0.5024945231148619,-0.16732499627714245
-3.326432106722622,3.3025311408484015,1.8395472703785867,2.8957021595545283,3.220043822607306,3.2803461516038235,3.2446782344987266,3.2212448422876427,3.139487823091636,3.1080398191312364,3.046418645803977,3.011290317282593,2.8988095723766234,2.847333808694078,2.779770883304232,2.6775941533346432,2.6188732794449043,2.572626593393103,2.4542181449768963,2.4208375201938446,2.344909331512202,2.28073192550478,2.2170676104509095,2.183632444732217,2.0607974741465496,1.9948115972832972,1.934642968539986,1.8836497477985847,1.8516079936309777,1.7382961207205696,1.6745025166907501,1.544319846426355,1.437722428002761,1.3949552438946766,1.3461248798925887,1.3303645838563503,1.3389106282864833,1.3915067651046162,1.1816388494252388,1.1018291345805802,-0.010591085444380574,0.02925060908157597,0.11492986267842091,0.2685590863530867,0.2937242496576909,0.37045665772660896,0.37011849055963986,0.5255844126737036,0.48548946234586693,0.5374932955703107
3.131037068224242,3.1375881166765733,3.028356407028369,2.573541240114068,0.9496957377718637,-2.9237572034730572,-0.32930625436812555,2.427896546961533,2.9851189114696908,3.08219451672973,3.0444815550112643,3.004138405292555,2.9175782345512,2.8720895194118468,2.848577520074235,2.730836648661461,2.685299283762546,2.6021230653287075,2.53401859004672,2.476952397680077,2.4608359590553386,2.425589935501668,2.3756467720423857,2.3508125932128063,2.318677236117105,2.2851996184968337,2.2567344146396655,2.2092135315811148,2.1321690729440266,2.064517841674878,1.944571566613097,1.8527723912688927,1.7868468193533484,1.6682009417482437,1.5633755499224524,1.5168431622507397,1.4960337483741146,1.4464770081771172,1.3950075889905689,1.3430923572352453,1.2729811616995248,1.2492193353828154,1.1893404498469495,1.1353847148085046,1.1083541432805084,1.0601553887975022,1.0239726951155421,1.008608076464774,0.9808476225627736,0.9666159241563655
2.9000053355114246,2.902245404106539,2.9362088925687413,2.9527552586100763,2.9489998783897766,2.640661838903621,2.6068552375059313,1.1401936188744832,2.7871882843661755,2.4096138822577524,2.7822252181077505,2.905210821534844,2.8621781611419066,2.838558089620617,2.7951496655365906,2.7343300029762614,2.6745736062327183,2.642102285149568,2.583142033468597,2.561008021675997,2.5147726612604298,2.4885509948077242,2.4901821990423656,2.452843851558355,2.427190861573221,2.403182254123061,2.3815386073340865,2.3712306049565397,2.3967868764914764,2.4168305192997703,2.4315939012365138,2.308583221500856,2.0972020490717562,2.024740056598193,2.009430834869316,1.8128556126258764,1.7343393220556327,1.577370475550428,1.4881579780254677,1.3731202330706513,1.2445669826460626,1.182699058018156,1.1413049868063303,1.056678188021676,1.034595777741404,0.9862395306275066,0.968724096817023,0.9353825796485217,0.9288131860155483,0.9151385440795629
2.705649648744901,2.7274561666341888,2.7569444476338627,2.7621596305802423,2.7637622615473707,2.776959447238515,2.7956682647476163,2.777752307008171,2.7957834524378202,2.4157569318017496,1.7148079529873845,-2.412307756566988,1.9299531091046276,2.5256483676106534,2.6500554003411563,2.7119249474491447,2.6926614982613404,2.6773577998183846,2.652871369749367,2.642274375978319,2.6412479015704644,2.615939511083228,2.6138787155824446,2.6120378289527855,2.623518614949175,2.6207549821959493,2.612496900251778,2.3236676092880515,-2.4482668165519215,-1.7530829870760516,-0.9266369257073898,-0.2923381875479456,-0.169662211498376,-0.05661529184073151,0.13988768424377093,0.22100875390066557,0.3659012005325748,0.46042773711072116,0.5283716115253221,0.5789169990586025,0.7097813766433732,0.7686876409798757,0.7947469307546362,0.8643337676035581,0.9002424783733995,0.912172671091989,0.9422636234112302,0.9687900537241587,0.9887836337453646,1.014375641646778
2.5310638047511675,2.5376139492730987,2.5721244589332866,2.597907325155982,2.6006085042635227,2.627663202675167,2.624079017122793,2.624132114937715,2.6420351835382974,2.640717269315134,2.6429093246961615,2.5802910273925,2.1678517885671376,2.632824534440769,-2.4957772112966374,1.667345708959979,2.4263355308920813,2.5558744447597492,2.584275495322922,2.5862446257074865,2.5900872529666925,2.5669450400539793,2.557388194927337,2.5688009270612886,2.5704516389330903,2.5899924171354862,2.562306576772637,2.5309281675487547,2.288261405578474,2.1237922619423726,1.9407129365054085,1.669296063501932,1.6014872385497676,1.5821639364283413,1.5084053273903553,1.4710016126484116,1.3586280759921,1.4182249735255603,1.3760953697018905,1.3631411797178457,1.368064035730136,1.3806646068225457,1.382807491791319,1.3427843053508832,1.3311058074117272,1.3441581697969718,1.3754289099111092,1.381262971119711,1.4205497558480902,1.4306724187690225
2.346816672187338,2.340447344941729,2.403248825323731,2.416859531382063,2.4099225322237463,2.463465086255081,2.4744671156209574,2.4869529950091662,2.5107118437618574,2.5087224802654244,2.5098979130570105,2.507166682889943,2.520758282601662,2.5156358767763978,2.481904339183633,2.3057481904192048,1.079358715715214,-1.7624849703962615,2.34422038382168,2.4157513757517504,2.479483001022822,2.468154836014288,2.4555030137363274,2.4515931847035413,2.440050388602399,2.4394421279996723,2.4379026699024684,2.4139793471858875,2.390725785905579,2.3786816979962593,2.37043352757644,2.3648558119412835,2.3661020749215123,2.332805915984088,2.3062980696988826,2.274478259211048,2.268497020148638,2.2345347797706405,2.22242586692922,2.2172888845762535,2.1515645065253035,2.1501413007909833,2.121521559777944,2.109073255671823,2.105961327512594,2.0953752299754695,2.0900801215316336,2.072633136174467,2.0362375100611594,1.9998882310619162
2.2582294622787282,2.2757057144912363,2.203158390864978,1.9972860801520278,1.5492493328900696,2.0562344782307185,2.163450158010579,2.2429107026929183,2.30684298320183,2.327466687787319,2.3407677680841696,2.3442113396352515,2.3681992085358874,2.372217626869178,2.3695972878556817,2.378645009740079,2.3593405148379216,2.284552813911025,1.3711628388246149,-0.9951536812738707,-1.6052577018651863,2.274821635126068,2.324861572613878,2.3477235754387453,2.3397058332844307,2.3356224445818925,2.348991063890427,2.344276065608965,2.3372259543766174,2.3318062896938394,2.3315033222444588,2.3125038425663402,2.3062555168021435,2.300913369126687,2.2850774086891494,2.277091904121674,2.2502446563325393,2.2797052575682124,2.2800963387230397,2.283476077522145,2.266515789149557,2.2532961619618583,2.2562704884358036,2.2708507938782367,2.2839309644619314,2.2902635518081045,2.2829297167395595,2.284374811331071,2.2840119271962687,2.269384892753057
2.1420595753852565,2.1708061890824624,2.2775846695159068,2.1698942286209078,2.1604964431239058,2.216363578471771,2.205086584255644,2.203145786880656,2.205342122297328,2.2074530376761947,2.2253195244503776,2.2293181292290427,2.2432453283180687,2.2583550243988415,2.2634429155696774,2.268025424839068,2.27263857170586,2.2744099356047434,2.0696174203121145,2.1677855592088995,0.8446922870283766,1.0762458338312197,1.0685121795871024,1.798982396043607,2.194930730994634,2.238982862204151,2.257561710452087,2.2546674233190998,2.245857033087756,2.2353037042143535,2.2323504254228372,2.2260662232560597,2.226864451253383,2.2221220784524336,2.220099291830903,2.225403571114441,2.2155356781186204,2.1979824368915932,2.204276462089875,2.227825062044276,2.2236976007585145,2.219686353203706,2.221941362679151,2.217306126470566,2.219206948306453,2.2210073574162803,2.219545744836883,2.2300316442069916,2.2420624409031977,2.2457738373737843
1.9169891481710326,1.9720653078976669,2.0859443269183284,2.133069099195581,2.127305124723682,2.1715824000566535,2.193667412884694,2.1745327144876865,2.2045754606484858,2.221823131161293,2.2147605598579343,2.210685629725794,2.216481194677019,2.2102611401076118,2.2216598329321777,2.235570797549812,2.236109012702834,2.235652458887776,2.2324212968819377,2.2322804947475166,2.2298205835582277,2.2390405499194816,2.2444766520030894,2.2096292460410356,1.9120166769728852,0.3483775381960874,-2.126432686509828,0.24712714810809727,1.8671410045600758,2.15909217756429,2.2077396377444485,2.197956219142987,2.1965896219810737,2.1940108767552733,2.1898839285817084,2.185062110718757,2.1810684282527406,2.1772558064491334,2.1768379735285297,2.178060815284901,2.180811826639874,2.183785172053013,2.1799447182532026,2.187125591717616,2.1975908564616464,2.203522278481994,2.207975570229926,2.211087387891684,2.223866533286984,2.23384605847423
1.7586150912079732,1.8133537375938944,1.9111246156661978,1.9515660361578946,1.9708159213391592,2.0586663695432006,2.07252715445405,2.092248324715152,2.138863289909879,2.149525253199913,2.1519014019740177,2.158055055934513,2.1799306829482097,2.177348181281398,2.181247420879928,2.2141516539105104,2.221084076030473,2.2249054021893175,2.2383604405876207,2.243126832523582,2.237885300588985,2.25290915068927,2.257099937820827,2.25499381593315,2.2550502759529847,2.2005771837690995,1.8740523551886221,1.0970051855042136,-1.1945057003670587,0.039502230840850354,-0.37515257722117085,2.233909963285503,2.131701181694387,2.1412108774876026,2.2225773188798192,2.216365625556151,2.2135742942611905,2.2074595993686317,2.2006226874960055,2.1951270370629055,2.2016744027152333,2.199797974761816,2.1990708188403087,2.198932963493316,2.196125046630403,2.195424150822788,2.19554909955004,2.2019029709181828,2.20929076039234,2.209551388123115
1.652380984781629,1.6842057341881405,1.7302664318504202,1.78232933255643,1.7938447462637417,1.8726655912464265,1.90328516996813,1.9134511151161686,1.9549267131875945,1.9940102443087424,2.0148515978718815,2.018993944027984,2.071822186162367,2.0634111148616214,2.0903878133284155,2.132758500999517,2.1455017652556694,2.162184816779018,2.1936232914668383,2.2149149352433644,2.21894701728924,2.237279851211744,2.256391949467543,2.292184168648953,2.308683823966976,2.3028826276376866,2.285553025914674,2.288421695064881,2.226690018315966,2.1844713212476834,2.177593371550762,1.54723295577608,1.812201376230441,2.2311820978830204,-1.9113887919350196,-2.2504501463808686,-1.0190040297196032,1.5679058617420703,0.9827069526665327,1.5422017221391402,1.081445758571466,0.5171571041630773,0.5510488549137017,1.8434475997827398,2.2186358316874966,1.9339524912403632,1.443962553426881,1.866456332297283,1.0745540821089112,0.7483136190600244
1.5051789059053755,1.5603639365774276,1.6492672941920647,1.6859633475819114,1.711704298684041,1.7913331072189898,1.81250733854576,1.8427115617051837,1.8907720594089612,1.9317385222442929,1.9454441822573174,1.970198231124087,2.0190364148034434,2.0314415247168514,2.063311127307188,2.0903054794212284,2.112181154472787,2.130910538048781,2.1764839782081995,2.1941050299608094,2.2087361236031686,2.283974855346839,2.29375334206395,2.297744828303494,2.330589699859381,2.3347080298681058,2.29071215927747,2.282844708012355,2.2941451660695806,2.2803313753196908,2.2823312198633396,2.2894144441178437,2.2909690189447267,2.2959318014850174,2.2902647179558993,2.205779886267565,2.0382418103287865,1.9837839838026246,1.9174167045145838,2.042485981696601,2.1306867445370807,1.7768201749467574,1.6487796769736007,1.563194199223598,1.7279664584320515,1.8551053615958488,1.7493112586328872,1.406778939502853,1.5187593479649129,1.863934409045823
1.4215166092309968,1.4684094792809288,1.561590388331965,1.5759950800411193,1.5889818021053517,1.63133843645809,1.68456875718585,1.7098993794586892,1.79036401734467,1.7930220414035283,1.8139833517614685,1.8538598604521481,1.8893464684729395,1.898852412752866,1.9217285655566017,1.9534732810402777,1.9649240230671625,1.9895194159513554,2.043851337101165,2.0927342154369457,2.140768152727641,2.1827583525689778,2.198604865397585,2.18025373085748,2.2230896597547587,2.235079989844298,2.2331507151335797,2.2364755613729512,2.2492250306693475,2.234156289376195,2.2318284435580975,2.2507654421490986,2.2502737800553683,2.25471880614395,2.262818920296186,2.2494888841498124,2.2472627179311404,2.2573668224018006,2.258681182397041,2.2471071551583615,2.242871104643296,2.242688825770676,2.2405185853125267,2.2433618769057824,2.245398908513237,2.2459796240779366,2.2385041921696764,2.229715932737451,2.216643992591117,2.2145630700913297
1.2842382969682065,1.295146007084169,1.395196734812868,1.4331444158305928,1.4615327272731067,1.5710625472775224,1.5719797520386163,1.5747571866401007,1.6290996484041393,1.6679315342518053,1.6685994218674771,1.6883407536954769,1.739829911909551,1.7733924347660812,1.7995227718760276,1.828178964373099,1.841235799395022,1.862700077142038,1.9237238172235807,1.9487188070564694,1.9736406959474082,2.0568608505091306,2.0672773652455256,2.068265063843133,2.108249097413061,2.1328099707788306,2.1342422272438752,2.1371544565824863,2.1687391055095278,2.1833607120516296,2.2080610881727987,2.2206521225161358,2.1947671929096186,2.1970985801863803,2.220443051686602,2.219806501802992,2.215689406100065,2.225986651965293,2.228857967403589,2.218257698839224,2.219983690041488,2.222667200448725,2.213651576272374,2.2252476532126493,2.233619328293883,2.2265202649881464,2.2065775936013012,2.176509473781376,2.1506517148112043,2.1331392737784727
1.1304409460376674,1.1824125379985633,1.2685273451799006,1.3102338583480833,1.3158980760839403,1.3860531639867475,1.4256288257624399,1.4713890542635795,1.509441659448372,1.5448248382916066,1.5738121103857645,1.5965525446170872,1.634902134208581,1.673633698058867,1.7071351251213356,1.7453665559059552,1.7622495713352209,1.781786676653604,1.814611606212616,1.8345884625505364,1.877160957764808,1.9070703367932993,1.93523533898073,1.9621858675966741,2.0572840236759187,2.0814064613095216,2.073130194097223,2.07045815661504,2.0823423917852337,2.0559462184539763,2.0548608880962935,2.1021957991591984,2.1018890234988894,2.096461550533185,2.0989117773735924,2.111175456569422,2.118194038548523,2.1342334638661056,2.1344841865927804,2.1246104490813345,2.1514477852143137,2.1547365747301797,2.148409493036788,2.121343896462434,2.1085673639962272,2.0720294192277495,2.0636478324782765,2.059063624334095,2.038865598211357,2.0090671122351442
1.1007802708593297,1.0981782507863718,1.1949710445736357,1.2412060023326754,1.2698828774210829,1.3156707642550696,1.34652123749307,1.3731025672158408,1.4464476120607501,1.4957590324671808,1.5124234695529153,1.522838970013201,1.6048220712510881,1.6374043577937607,1.6583902991931294,1.6811925446465208,1.6929225136756059,1.706484715916783,1.7443024713246515,1.7603357065717276,1.761237668087154,1.8000582913670982,1.8570530102992615,1.898231824789819,1.9250717896767013,1.9387522762644183,1.9489238280804806,1.9611219699477551,1.983243693126493,1.9825398312349636,1.9946130344104644,2.007294835023119,2.0050567936584667,1.9966920680315208,2.010107461380934,2.0014905905228084,2.000833952200705,2.008922940469683,2.0039500916530106,1.9929854086097574,1.986461623931175,1.9806404133568285,1.961454540526191,1.943526527437571,1.9104992085426502,1.8456526886168938,1.7854485669100317,1.8008163001186175,0,0
1.0483039346784473,1.1080679340723776,1.1857861175128912,1.2072094282396666,1.2274201164092648,1.2607221470020011,1.2747304591332023,1.3025412861781902,1.311454164565147,1.3436338506120342,1.393687260616948,1.4215223071051544,1.4702254428044537,1.5094630910691256,1.566799377337535,1.603958013657732,1.607463804624866,1.6317495683991263,1.6543990731289069,1.6681421999300485,1.6809977763830504,1.7012931998216851,1.7219699453995332,1.7421090224578308,1.8102410920073604,1.8306182321320341,1.8301714170405257,1.8458420234857777,1.860174572741153,1.855339667515326,1.865968303166434,1.8845869534428341,1.8728708672032353,1.8763645416896075,1.8757452873372482,1.8639113062558723,1.8664296473171216,1.8644058145408813,1.848167696756645,1.8150308337409296,1.800315379430027,1.7746837808127014,-2.6533599160856965e+38,0,0,0,0,0,0,0
0.8900549153558834,0.9271507844138831,0.9988995522992902,1.0216648501382781,1.0472065953308833,1.1162131459463454,1.125781263118225,1.1483049380132633,1.2310602875188414,1.2602288884012156,1.2988228638319286,1.3229776272146903,1.3832689066026456,1.385573802417717,1.4085297622858288,1.4393287094292142,1.4604565475979845,1.480871622981977,1.5372665331837712,1.5585679277313302,1.5626800124955071,1.5814756481433365,1.5825102286984873,1.5915378664093351,1.6529208241569577,1.6716148243011608,1.688043888178607,1.6932993987280942,1.7047747887944225,1.687763981855044,1.6849303689387232,1.6884073356186295,1.6882501845997706,1.6842072107294455,1.647793677035581,1.5984508648588671,1.5928462504149752,0.5397644376262273,0,0,0,0,0,0,0,0,0,0,0,0
