jsons/1312635600.json
{"header": {"parameterUnit": "m", "parameterNumber": 2, "dx": 0.1, "dy": 0.5, "parameterNumberName": "Eastward wave", "la1": 40.97354507446295, "la2": 16.46031188964855, "parameterCategory": 2, "lo2": 133.9931640625001, "nx": 191, "ny": 50, "refTime": "2011-08-05 8:00:00", "lo1": 114.97908020019554}, "data":
[rows 0 to 21 of 50, columns 50 to 99 of 191]
0,0,0,0,0,0,0,0,0,0,0,0,0,0,0,0,0,0,0,0,0,0,0,0,0,0,0,0,0,0,0,0,0,0,0,0,0,0,0,0,0,0,0,0,0,0,0,0,0,0
0,0,0,0,0,0,0,0.009405872928201792,0.00858355607802546,0.006601643922283738,0.0060574608113930055,0.0051176618989925,0.0043769530208485835,0.0040097222325739075,0.00377272985231309,0.003517002820446072,0.0028266600964536757,0.002145591151010443,0.0014819403382026668,0.0007791016182475909,-0.0002179449384537711,0.0007993291258286398,0.0004336460279677857,0,0,0,0,0,0,0,0,0,0,0,0,0,0,0,0,0,0,0,0,0,0,0,0,0,0,0
0.028709918616429603,0.02702284395585756,0.024854821854566483,0.019794459528478272,0.019281375095286445,0.01774668618330361,0.01347077433707462,0.012999818143447146,0.011919206934532356,0.008805260037603483,0.007760789727358465,0.006557588698479696,0.005305818144778351,0.004718105773502155,0.0040173583072148035,0.0033834513118119517,0.0008146650826998296,-0.0010294189387409268,-0.0015514070605540597,0,0,0,0,0,0,0,0,0,0,0,0,0,0,0,0,0,0,0,0,0,0,0,0,0,0,0,0,0,0,0
0.033684636111416665,0.035436404975214074,0.03539873617103745,0.03271613577345045,0.032359871988378974,0.03084028535246367,0.023818630472250805,0.021008224546898307,0.020441313558222936,0.014277282135453479,0.011697662424822695,0.008649082381886709,0.004980480854129803,0.004633210346548637,0.002250640901168614,0.0011619026582340031,0.0005621982877695408,0,0,0,0,0,0,0,0,-3.1287624338153076e+38,0.18933196668362806,0.1912887982911003,0.1875226995601748,0.18400187146673624,0.18227478306081196,0.1655470133196105,0.1646750290685111,0.1616926941795576,0.15425447984057258,0.14778637039921722,0.14262251353903932,0.14223326925551671,0.1337804349966971,0.13052497704261914,0.12374481786101138,0.11382698494089331,0.10485011356608168,0.1014048429830625,0.09004364900913502,0.0819146429579932,0.07703053049016967,0.06284762279662398,0.06011752009768104,0.05147584683959013
0.025482723569663458,0.02861237908630463,0.029902972474878112,0.032660940689280826,0.03726558895518611,0.03942551247135936,0.0436648331479037,0.0484226646435218,0.05436316896727757,0.038700303683905105,0.036963942101351,-0.012480665059570536,-0.0053551782677806106,-0.008288076826831034,-0.006939152702085252,-0.014635470557000199,0.01641280861095534,0.09658680670125226,0.12924831881922488,-0.1981071456717168,0.19036872288841566,0.20241064829143926,0.21966719774803703,0.23764116094608528,0.2439911087516979,0.2576798347298308,0.2643151334086109,0.2684859663181673,0.26919495570923857,0.27239827676859846,0.2682773710276336,0.26063702619444223,0.25061414597361464,0.24494236286015925,0.24132786390785643,0.22317439502354924,0.2224220102611081,0.20625208986588162,0.19406940727670066,0.1813431868070544,0.18185949199333773,0.1646092116115941,0.15726020523637563,0.1496328092258883,0.1344147695385491,0.12971446549299154,0.1203051311749464,0.09651647316573567,0.08787498911280464,0.07727060715751681
0.004338165095514344,0.004926900423069771,0.006304913586635466,0.005995987631941199,0.008347293498985667,0.008409034493325357,0.012301084329389556,0.015202324904151151,0.018754358382600683,0.022156216042839814,0.025392698143670248,0.03401863007796634,0.04068910238344833,0.04835320837947674,0.06154635678828192,0.07033597662659957,0.07958150574944771,0.10124400272389451,0.11809057070972541,0.14081111261837395,0.16809986843874763,0.18450329707776053,0.20862215369322282,0.22571115590547897,0.25214510127906414,0.27999864316362333,0.2939038759976222,0.31079073956173076,0.3275202941367327,0.3346484822609385,0.34368458139555874,0.3424751415859303,0.33617200070093484,0.3325843521230071,0.3285252249234779,0.3076991936502476,0.29616088237168736,0.2821736457936264,0.2667122253284434,0.25966330363847334,0.25006272425505083,0.2384357048421822,0.2322662023759733,0.23046058520368928,0.2116977122716558,0.20145440426206873,0.19075183779774912,0.14803871000749763,0.1296180740401744,0.09288183608952781
-0.03427628786476568,-0.03487222721723376,-0.03650028524925399,-0.03710623943904651,-0.0401197476765645,-0.038172642008153894,-0.04296604241543898,-0.03707632224924246,-0.03243951323235884,-0.03089724827238024,-0.028262658647686716,-0.029254148206538377,-0.028023736117641595,-0.023824254004055346,-0.020151017479556405,-0.014154013263802154,-0.006166541045963105,0.012275142891731011,0.020834490817448932,0.0380950555035034,0.0731773394441491,0.0936261611105023,0.11765095503192284,0.16093369253770717,0.20332475741430675,0.2484413107779569,0.27253927846719617,0.3025510966504686,0.3415269341859146,0.35245133433703524,0.3725118284221583,0.397870785179844,0.39883385775885544,0.40587853159820597,0.39739391837275106,0.38486821854375036,0.3724876163791743,0.36748718439235317,0.33395000321477153,0.324423998044887,0.31295803435884617,0.29720287409114843,0.2868208081613134,0.2802073370656568,0.2692668749617816,0.26428609567608086,0.25936684297957546,0.2334279612416237,0.22828582970899647,0.21454986105340523
-0.07461285930320745,3.2580472195084577e+38,0,0,0,0,0,0,0,0,0,0,0,0,0,0,-0.071337010143305,-0.083320686280287,-0.07614418751352264,3.1480019326799858e+38,0,0,0,-0.08286056922815267,-0.07717010377106313,0.040856643143264405,0.21782375920653896,0.2807758173913155,0.3314916035109507,0.34891899967610945,0.38445561941940565,0.4283433831494846,0.44356823829068603,0.46321059578867724,0.4717338863713703,0.47927204727487105,0.47480491906495,0.46960888417454044,0.45345343512739333,0.4257639570164541,0.4174668415790599,0.3897144677533023,0.37897042973482886,0.3622288919415173,0.3458882100766472,0.33813633284224853,0.32921149756160917,0.310061069132434,0.30009862657381087,0.2856635613314389
0,0,0,0,0,0,0,0,0,0,0,0,0,0,0,0,0,0,0,0,0,-2.6560392404325628e+38,-2.756663769020656e+38,0,0,0,0.3056135425729336,0.32472945670482545,0.3426531850240268,0.3626559665325709,0.3971416588366287,0.4487375240218906,0.4880009300222552,0.5082218982803602,0.5271137717290735,0.5409411273681871,0.5505183116167662,0.5577767320698857,0.5492500629068277,0.5454193584003234,0.5289159540970695,0.49775802981637485,0.48410314648367975,0.4703066054843662,0.43364658650821525,0.4160962644782369,0.4085980296438415,0.38128067314240305,0.366102818380626,0.34957475948115185
0,0,0,0,0,0,0,0,-0.2790324118641891,0.19357546634164452,0.19742261150401794,0.21445581788027493,0.23924868146557174,0.24930356903279763,0.2691974778277873,0.27326084619015056,0.2882645834624586,0.2871596130124684,0.30171999862008336,0.30949943148881387,0.3238222920957939,0.32444242783632304,0.333346767085188,0.33990343566202214,0.3518147529508217,0.37392789504502544,0.38228906052700423,0.3909470401851278,0.4232552318228656,0.4471619439117677,0.4715001053874097,0.5093484075711686,0.5253119198262269,0.555660869227853,0.5757174389348121,0.6021418980089959,0.6278711605174789,0.635545712221578,0.6479664944587978,0.6561217251696029,0.6551273076033329,0.6483335988038939,0.631407192392822,0.6268405412506771,0.5999470342790945,0.575167633959288,0.5520770510927195,0.5236532492980018,0.4998485961003049,0.4725237291882776
0,0,0.120246788057025,0.12140646009822202,0.12640521929150905,0.1306536270069542,0.14646278128102913,0.14927285729186607,0.1602622079868785,0.173588117200989,0.1903568720105358,0.2070246197701392,0.22239769508101453,0.2313102556900192,0.2589405484940828,0.2752564995352606,0.29530590819390967,0.3104657745642471,0.32079392992918115,0.33308316790690984,0.3468240358905719,0.3514396768940619,0.3732243253594733,0.38933157249331357,0.4064163933320101,0.42373765179551587,0.43692683345769107,0.4505923798230116,0.4762533977027949,0.49096092249601203,0.5073022190800432,0.5374560068724497,0.5486012969420094,0.5724260004384928,0.5935995935832928,0.6262341406808428,0.6550753550256639,0.6702856285807186,0.7103388458861039,0.7257462742351295,0.7398525023538943,0.7485881281275101,0.752841455231329,0.7580496049348392,0.7487157740300808,0.738699657898813,0.7266456805002657,0.6837049164749723,0.6611192051870706,0.6353414243431185
-0.010110548261204812,-0.0026694822972776065,0.0008608026120074414,0.005377048841272085,0.023729547769467566,0.02908753501036048,0.042532738917756246,0.052097454211002606,0.06559574121960109,0.08111346010046155,0.09391220064439063,0.12134679519807813,0.14463544736880096,0.16793393734986553,0.20590184478854537,0.21785795611515124,0.24029636039065383,0.2724701220628082,0.29854443132112696,0.3237816940482791,0.35491079090467015,0.3779565631034267,0.39769455627334566,0.4135750949135071,0.42877187360104263,0.4479180629463693,0.4620216218150264,0.48777072904492647,0.5055332020093098,0.5211676594979515,0.5469809569222857,0.5686304628006632,0.582934600806424,0.6187506501241747,0.6396967109311652,0.6670978684852945,0.7075268834195639,0.7306069175744107,0.7604202614679433,0.7934539368207052,0.8214697193002716,0.861718099791416,0.8736734575846531,0.8910477056409672,0.9044901528117467,0.9043351975953077,0.9146639274710373,0.9074278504641022,0.9015386151524245,0.8955641660270538
-0.1411934353084214,-0.1314307645325529,-0.12626844687757766,-0.1139400798749227,-0.0946574794025926,-0.08765949035773327,-0.08675084416180014,-0.0747957160246391,-0.04106592399663299,-0.02883199601163842,-0.01771279310693416,0.009947039760173507,0.019286852328246284,0.035163645026237464,0.07729707798907433,0.10281527047734011,0.1409470955300409,0.2014576510258102,0.23868280467519118,0.2754085952524494,0.32115687906941315,0.35162177014085744,0.3813525726065016,0.3991897043919608,0.43652385766326596,0.4774672098213244,0.49436075959304854,0.5187026033069547,0.5369114299851483,0.5523427096991896,0.5741985265811796,0.594768193513577,0.6184545869026231,0.6471981702711511,0.6772440345259384,0.7041659307106114,0.7694666472592883,0.8137335669227082,0.8634929754180402,0.8909987055194526,0.9265247008576325,0.9901722369327228,1.0203857732842523,1.1105359117838827,1.1610888998632405,1.1777899809937176,1.2191755836695466,1.2205779144533633,1.2228731914341968,1.2376461402337244
-0.21938548710624578,-0.20754778632303922,-0.20362086184359948,-0.21112685163148406,-0.2028544289003162,-0.200056418571004,-0.20269005747225366,-0.19514139092895835,-0.17927898655411525,-0.1773912887299267,-0.16370569353471764,-0.12153967509638432,-0.11289255643177934,-0.09586401449363365,-0.05549183544664435,-0.03984283587792975,-0.01900401677395264,0.03829942589485389,0.07588296416211403,0.10742652138110566,0.16835775205228548,0.21194926546813153,0.2462505427760569,0.2820605164530376,0.3546223078212438,0.40137440548860454,0.4594668210662049,0.5110857800909964,0.5734544624756027,0.6141471585242367,0.6990265618931544,0.7573345214049007,0.7703553643743258,0.8175780392083829,0.8394013173160702,0.8884479504841729,0.9365999127615294,0.9638170435886653,1.0148571481072588,1.0475816468522885,1.0799650484017216,1.1362425577318105,1.1739434980571444,1.2307360841661392,1.2792478438206993,1.3066660940698989,1.3610703556648514,1.413089990032544,1.426001647451288,1.4602004311989618
0,0,0,0,0,-0.2656880581143022,-0.28378351858129147,-0.28634887916332274,-0.27606580093465344,-0.2824802853410318,-0.2783347739847623,-0.2505385300377255,-0.24941073530490157,-0.24924397547186994,-0.20694372469937947,-0.1858571151998935,-0.16893337818747275,-0.07949001658213753,-0.023238140083046463,0.03529037688279969,0.13955368419451677,0.16612321887482043,0.20117493316312687,0.23950078790624693,0.32529657319747035,0.3635634638979354,0.4399973116404209,0.5239781715326235,0.5939808034296715,0.6380278992844036,0.7073924868957243,0.7614926637060636,0.7969728982261582,0.8556111993167524,0.9037709897734769,0.9404347577929204,1.0079080530091962,1.0385092153396172,1.088870028366117,1.1465196719393922,1.1854921368484337,1.2285370242199078,1.2610077341236337,1.3281763872004873,1.3999498668107109,1.4405193360310675,1.4999115506958303,1.5495380594884134,1.5872255160905735,1.6499004618450561
0,0,0,0,0,0,0,-0.35691921523465836,-0.37132423383739016,-0.39333403880078605,-0.3952878415281324,-0.3617617675328343,-0.3860768703866616,-0.37184944227842515,-0.32358367842605673,-0.31345430039223143,-0.31940063928846907,-0.2598008222462873,-0.24784034867467603,-0.20963060221830146,-0.12841328085671547,-0.06971144632373551,-0.013394762017848593,0.07488141249820754,0.20307325983766267,0.24330182719540525,0.27694427026400154,0.3419919848080398,0.4080209981636058,0.47907484600745515,0.5621472983885214,0.6369868262431646,0.6859842463977868,0.7775484782922557,0.8300636114850469,0.8737614469634429,0.9620733867562504,1.0047947187358466,1.0629954414089147,1.1403017635651214,1.1902012539297653,1.2553599135873288,1.3008620544722291,1.3822590841859734,1.4363795946222915,1.4966696204633971,1.5453770429095934,1.590523724632824,1.6263857522868916,1.699103671771219
0,0,0,0,0,0,0,0,0,0,0,-0.3834451216026798,-0.32348713562987763,-0.40998401769407977,-0.42635062089665904,-0.44315056787027035,-0.4663804867037853,-0.401711333825461,-0.38295830908180967,-0.39633802721091416,-0.3151754953790306,-0.2595830026564544,-0.21547905640551032,-0.17051740212298902,-0.028936342013818336,0.06707555935257639,0.16372961450718784,0.3180122869650106,0.35838634163518185,0.36841864945266334,0.41404884387887836,0.5484718687538043,0.6084716514823321,0.7402241672643894,0.7577647542979666,0.8403878593105988,0.9267796219091391,0.9882281219179521,1.0790716480824833,1.2530388905584997,1.3673395339900454,1.4766522071301642,1.5759367546380896,1.6671984777766138,1.7900650088372776,1.827353203609933,1.9050037466148109,1.963647321662456,2.033003285720418,2.1268744645830915
0,0,0,0,0,0,0,0,0,0,0,0,0,-0.3588325162606105,-0.37022214964638905,-0.598659562640983,-0.6654082190655415,-0.5735949443315284,-0.5404090928650147,-0.5124738823627092,-0.4186928866224782,-0.37310963745237213,-0.36620110765146996,-0.33291940229648814,-0.2214971178758587,-0.11259167235881651,-0.010059723090676077,0.1772910055173289,0.28656481776866366,0.3871198071495575,0.5446120525794089,0.6199403039802241,0.6912558970364476,0.8845259375104719,0.9685738633727186,1.0389743339759538,1.1945152803965924,1.2971079568945676,1.412027093587651,1.4811737205220434,1.5522059913282054,1.7141990707167178,1.7355262848778474,1.8931491642953953,1.9915733170545038,2.063858421730197,2.0989479800229924,2.1326860233594056,2.114025641103732,2.1965200634741056
0,0,0,0,-0.3755330289275201,0,0,0,-0.38178967913396517,0,0,0,0,0,0,0,0,0,0,-0.5679909971014687,-0.6819939709563795,-0.538905744540605,-0.4633916613206075,-0.2847707863802001,-0.055505581179393235,0.11055922514837656,0.2177363194466495,0.34720351551779755,0.5246356202492356,0.6782079165826965,0.8337203878068604,0.9171786658436398,0.876490347292623,0.8211689512443012,0.8767005293375824,1.0081073953918247,1.159830640374039,1.2808117283635885,1.3984325790549117,1.6639289612798092,1.769128823534523,1.903814037733708,2.0111102466976263,2.2522557536958563,2.398927606509773,2.4029301629802875,2.4975224141566588,2.634599214036614,2.7843812908327106,3.01377310841236
0,0,0,0,0,0,0,0,0,0,0,0,0,0,0,3.2331356415080414e+38,-0.33408344769492965,-0.449062748637264,0.09237512244756321,-0.1660689103372363,-0.3870022299470239,-0.5289287902773835,-0.779934708051639,-0.8085613845261155,-0.5775579124566198,-0.3907337683063327,-0.13836344422468308,0.31904150348535415,0.5422003779689502,0.6970672973774955,0.9159721570463635,1.0395237675615818,1.090922861750029,1.1417175128441883,1.1576270014110326,1.2226437503897034,1.4147405488996432,1.5025116258201063,1.6154373203138541,1.9047938088076244,2.065426484405901,2.2983643274341836,2.486408562325038,2.768288973090156,2.9645421996654626,3.146357269432636,3.3703584748290174,3.5411658076702612,3.656374868830083,3.7599755295794055
0,0,0,0,0,0,0,0,0,0,0,0,0,0,0,0,0,0,0,0,-0.5210237035400137,-0.7407438086091365,-1.1037821306097184,-1.1799711025602417,-1.03900534420962,-1.1133551421383374,-0.9162157948255308,0.2041232888067673,0.12781559362112688,0.1425950600824709,0.5272354958175173,0.5785586979825926,0.722708446377496,1.000661687752105,1.0859756111488426,1.1940151201442664,1.3335338915603645,1.2798943549104795,1.3821612654900999,1.7244722076451615,1.879810122586131,2.0400350789463126,2.222618853386314,2.5695229672219324,2.7871452881441403,2.975782884205826,3.2994053078425702,3.569099127860455,3.8754902814967678,4.15781787030536
0,0,0,0,0,0,0,0,0,0,-0.7586336600140559,-0.9316700856513934,-0.9988985523535024,-1.0555821679665818,-1.1288946348663917,-1.1621589742578553,-1.2421571022118236,-1.3016374505311432,-1.3654272326328254,-1.4742801200850373,-1.465629175900538,-1.4904555400736585,-1.7831241462690448,-1.2793078829695437,-0.6404041042449059,-0.9229663692049012,-1.1402133133239967,-1.3070947430366413,-0.9697653695198931,-0.5623776002205642,-0.42016273317262515,-0.3415675778011786,-0.1805385544594638,0.1508645420850382,0.3889113700256686,0.5608008678886846,0.6519232941408151,0.5597297034791391,0.6237470159957793,1.045428569203529,1.307576541558563,1.5804903562969679,1.734466552445772,2.14202007697645,2.330529549791191,2.579003508965513,3.1260355660367414,3.593954244465194,3.827406191853424,4.3332466650461905
