jsons/1312570800.json
{"header": {"parameterUnit": "m", "parameterNumber": 2, "dx": 0.1, "dy": 0.5, "parameterNumberName": "Eastward wave", "la1": 40.97354507446295, "la2": 16.46031188964855, "parameterCategory": 2, "lo2": 133.9931640625001, "nx": 191, "ny": 50, "refTime": "2011-08-05 8:00:00", "lo1": 114.97908020019554}, "data":
[rows 0 to 21 of 50, columns 50 to 99 of 191]
0,0,0,0,0,0,0,0,0,0,0,0,0,0,0,0,0,0,0,0,0,0,0,0,0,0,0,0,0,0,0,0,0,0,0,0,0,0,0,0,0,0,0,0,0,0,0,0,0,0
0,0,0,0,0,0,0,0.009328943653182398,0.008371438943007348,0.0060255594577657764,0.005438820453014395,0.00435626601158276,0.0036182390170868576,0.0032826906033619173,0.0030386633977679566,0.0028364698382966945,0.002204378839442603,0.002036551839711859,0.001652270567691309,0.0011259273035969931,0.0008187662624563322,0.0005537521993335267,0.00027364690651605623,0,0,0,0,0,0,0,0,0,0,0,0,0,0,0,0,0,0,0,0,0,0,0,0,0,0,0
0.03030513083062485,0.028472979112322418,0.02614579071228583,0.020681049610916286,0.0201332825788041,0.018493089429235585,0.014115229641536246,0.013518277518060397,0.012250164868393594,0.008546426271508862,0.007054462667248691,0.005287834931273136,0.003939357456320605,0.003415174336154668,0.0029169967264605504,0.0024021278627958205,0.0011577823512987108,0.0005500565399251358,0.00016254689753032712,0,0,0,0,0,0,0,0,0,0,0,0,0,0,0,0,0,0,0,0,0,0,0,0,0,0,0,0,0,0,0
0.034736798257446785,0.036603789248068654,0.03645080131110587,0.03352438946016043,0.033246896185180966,0.031466938612921914,0.024212289040626944,0.0214371903368258,0.020621267824501084,0.014001893613867803,0.011208676452691529,0.0077754544715343404,0.0038733089496341046,0.003414598900109672,0.0012413292439557157,0.0008438830364299804,0.000664163345880808,0,0,0,0,0,0,0,0,-3.1477648063375266e+38,0.13117108947455408,0.13267588346178538,0.13188445733549717,0.1314696078746498,0.1317820272611148,0.1277252688178395,0.12781855709425197,0.1273624402085418,0.12480751957473062,0.12224017706414403,0.1200660712013578,0.1202713161018992,0.11416003761393403,0.11159672507621175,0.10571531481640706,0.0966427538607072,0.08843444902552489,0.08492268747048122,0.07441186265546582,0.06631446317749219,0.06146711226884515,0.04874395746511076,0.046582060356540916,0.03967498109547481
0.025319820593638843,0.028325235730183997,0.02960916874093898,0.03180364974429711,0.035642403655394235,0.037215740723467755,0.03971887130371562,0.042936100860603836,0.047917845217329696,0.03822634049467347,0.03223636131760544,0.03116204878280954,0.015001564033705147,-0.002762939380903143,-0.0020440674032528934,-0.00921218010584619,0.014660322204477829,0.07546481330379234,0.0972106397474403,-0.14274727430526102,0.13334420270467978,0.13840796251891116,0.1434710284829983,0.147433947353963,0.1502453348474809,0.15237375303482212,0.15394252627062802,0.15574760728905848,0.15512183161811732,0.15604189979183755,0.1566416086639327,0.15498579869316467,0.15246497876035348,0.1512681943466347,0.15075374486776766,0.14462635001699964,0.14362248775997588,0.13904180500398564,0.13393467358209327,0.12953644402699738,0.12761362064965504,0.11925848187145564,0.1120553440649362,0.10733811012553525,0.09290424303685414,0.08830388598881153,0.07858194633284114,0.0578386734372358,0.04970926464329462,0.0399510246410895
0.00993923338332111,0.010816216593534229,0.012369729548585614,0.012652026822569936,0.014958523087010366,0.015923184828622622,0.018800734695532156,0.02111622697482884,0.023956843164568812,0.026763713997320106,0.02957321703223574,0.033832632852647516,0.03897958741590684,0.04354408871871615,0.04959800222865489,0.056228221975883605,0.06309666719295125,0.07620119588947107,0.08557255068062646,0.1019400390326197,0.11509854562588188,0.12413651682350685,0.13502640210655803,0.14140100739139397,0.15076118687814072,0.15792826672389648,0.1613140675387236,0.164778156471352,0.16841466478445744,0.17002542164595452,0.1731791320231345,0.17263363918385455,0.17233580990729977,0.17286521865182838,0.1731846059403003,0.1686292866589731,0.16752324706062122,0.16479133933476628,0.15893173136736932,0.15523579734795687,0.149216640116686,0.14022802969285864,0.13448355435335224,0.1321103810166848,0.1194085600163532,0.11152246628005688,0.1021374516638682,0.07245096585146515,0.05970799289703454,0.03774087845875339
-0.003296700958209845,-0.003090411037686775,-0.0030307240140460224,-0.0033151956540142346,-0.00292265773676533,-0.0018018006222522693,-0.0031977059169686194,-0.0018215520818273174,-0.0002038228657147068,0.000800086898310517,0.0011186338810196658,0.002642231697112222,0.004788899672997825,0.0074719996208982625,0.010326959237593891,0.013684906056194544,0.01893907065862958,0.027737681753367355,0.03278900174205326,0.0464685757062982,0.06050782313734025,0.07532166992502058,0.09378393619356153,0.11508434715489306,0.13100441632940082,0.1538929801755777,0.16019622773944317,0.16750401215251823,0.17577723048971566,0.17795136411979542,0.18245041857489533,0.18723090724488994,0.18836313881090144,0.19166614870423246,0.19002001291948456,0.18774546851746227,0.18769128250936287,0.18779857563545016,0.18116050259443117,0.17889649106427233,0.1742260961168408,0.16614850935327025,0.1604499746488985,0.15652015415245743,0.14311621574183794,0.1390314242086324,0.13220409884063455,0.11428505365799708,0.10641695191466245,0.09617117185832279
-0.002399259890909531,2.927013662227853e+38,0,0,0,0,0,0,0,0,0,0,0,0,0,0,-0.008895660874139235,-0.011275637129361372,-0.00845322680583217,2.5095524479917897e+38,0,0,0,-0.01176261577109053,-0.009293655604268314,0.051955972398637806,0.14262262556875874,0.1687767277520673,0.18460762491578137,0.18826344159213773,0.19397014788038988,0.2013259381513123,0.20375328663463788,0.2071792084008269,0.20977201932148495,0.2109951728358782,0.2111226185805393,0.21105786510213612,0.20842489963280525,0.20409642197349112,0.2033667193195396,0.19716540408145047,0.1949759461017483,0.18983097496153314,0.18072903950681204,0.17635352394582138,0.17202165435118774,0.16019628532247057,0.15385119130422756,0.14742747855741
0,0,0,0,0,0,0,0,0,0,0,0,0,0,0,0,0,0,0,0,0,-2.9698151619153763e+38,-2.9726077402577902e+38,0,0,0,0.19256191216722368,0.19679794708478426,0.19894752380246813,0.2017856681254024,0.207338786424122,0.216472193500118,0.22362053191052836,0.2258418793689748,0.2277924597952815,0.22878092794817673,0.23124917307344503,0.2331983465834922,0.23231223111712077,0.2328831731745743,0.23002813083300425,0.2234701291920046,0.22011840376033032,0.21782440406949335,0.2058852973127384,0.19966207917811377,0.19830189473056603,0.18693905559336732,0.18098353763373246,0.17608337431627835
0,0,0,0,0,0,0,0,-0.21070881291797672,0.17781179865125138,0.18062777927105106,0.1897330286335493,0.20597038616421232,0.20829334456238677,0.2161042575202065,0.21564914344492714,0.21992786971027062,0.21964794414127398,0.22332130111957887,0.22283016527289914,0.2227975551014356,0.21984005497434816,0.21962912480312582,0.22056757930809884,0.2224868321031893,0.225977988541125,0.2264229540190729,0.2267345923626408,0.23075666922306073,0.23508034424016103,0.23628743217192028,0.24239351549612262,0.24502695304002067,0.24857118381453874,0.25044818507281447,0.2550537855804658,0.25985570497311594,0.2599532910814267,0.262085550352967,0.2644016777225057,0.26478068713298036,0.263263724793032,0.2600023782888558,0.2588814902051697,0.2533505181711204,0.24632210406110872,0.23893962266207988,0.22786058986020438,0.21906743930087355,0.2103113936618072
0,0,0.16081547868158844,0.1723684613407051,0.17737599312820893,0.18260446237390401,0.1950137574680642,0.20054657454730443,0.20324608297919447,0.20898272957285632,0.21327052634256402,0.21755881708033736,0.22033038406020022,0.22189638333069184,0.2258721936759086,0.2274670621566135,0.230925700196265,0.23369597738464212,0.2354532879422553,0.23713074825927333,0.2395903645204914,0.2416934407273453,0.2437802383255467,0.24611221388120882,0.2460869792417412,0.24627423861956,0.2473086043300348,0.24475890279259557,0.24627641572048797,0.24681329019202494,0.24738048027088483,0.2526192241373043,0.25406296876258866,0.2577289408377083,0.2611557899703421,0.26527184419168526,0.2723317647418548,0.2756834833921223,0.28464822321742117,0.28598565468305465,0.2869822703794066,0.28860877462900664,0.2901791466117633,0.29269448289620625,0.29141968405656604,0.29033235845965,0.2866091645737509,0.27524436484822795,0.26656958407116027,0.25387359098498297
0.1294890114516451,0.13752798878118705,0.14446697257323843,0.15364693956789915,0.16062560332171985,0.16616786473485246,0.17378620534301017,0.17750570495200224,0.1836344066631353,0.19138412170220473,0.19499193200821807,0.20194043368203077,0.21083078763201593,0.21694387712713456,0.22331003114135595,0.2269433004891551,0.23281164310876537,0.23709998850428865,0.23737651509319796,0.2404757016822389,0.2463840680623517,0.2500815283239631,0.2535599975741244,0.25731484959619355,0.25761747111875627,0.25891282653240677,0.25927109477236554,0.2549476642247578,0.2567138441040318,0.2601858429628203,0.2597477171852158,0.26149711324787295,0.26282417628917043,0.26717680080617145,0.27001719567549703,0.2759313990509005,0.2828684878601743,0.28396410588664484,0.29351048677898256,0.3010098087774248,0.3094404824122413,0.3191454543771552,0.3221948162763803,0.3266410504214541,0.3297091211051731,0.3302435921783448,0.33468706957014704,0.3345720342742666,0.33531964942391684,0.3337839544700855
0.07708912787807795,0.08684187138952687,0.09333201357212319,0.104390064972236,0.11547526190031042,0.12082618968866168,0.12768476775686885,0.13335520071541393,0.14593698409027958,0.15515192157537877,0.16157117009557626,0.16980350401232194,0.17596752767791787,0.18047110635013816,0.19353805943475463,0.19771359630027954,0.20916768331120922,0.220946878366694,0.23406946532716813,0.2365509534298819,0.23993090109434767,0.2451296696542784,0.24774245861733968,0.24326495416072483,0.25275381123177354,0.2587777418594245,0.2607680662194498,0.26437786111146,0.26542015866896357,0.26384134585440355,0.26027622892041613,0.26220289344970793,0.2649192177089928,0.26820174515835266,0.2751310840958342,0.2774253398314159,0.28690641247101323,0.2927540008168487,0.303984545587443,0.31079366713551093,0.3196608692639901,0.33963227187064426,0.34819013610066324,0.37215521915739885,0.38811522718583125,0.3946241150506537,0.4064447678164721,0.41398071060043423,0.4174922939557801,0.42744397338397416
-0.08352680851981915,-0.04324200801172461,0.0008507076683423873,0.023542652620640613,0.042052669310595786,0.056422912120100206,0.060402041755373226,0.07009909359092292,0.08183402165153579,0.08845368755757156,0.09623520355430261,0.10983768481436314,0.12197587651305271,0.12966636086965255,0.1407780154732512,0.15084140075344468,0.1592308096232104,0.16776504810993972,0.17224809505193042,0.18040638772096543,0.19374380167527328,0.1954286534101188,0.2036535855334694,0.21127662296108943,0.21825105000002576,0.2279496869881353,0.2268058629750397,0.23796488826676118,0.24336003120152214,0.24912070793747704,0.2637219988540587,0.2691783422125211,0.2700382795089596,0.278564116323865,0.28325762459953197,0.28976929859235256,0.2987831109485749,0.30437442682782034,0.3143978732962888,0.31320183050703665,0.3252927503368556,0.3436482513972523,0.35184354159750225,0.3714769914843825,0.39409449973780275,0.4068938686528437,0.42994583239164885,0.45000085081391233,0.4571134959040131,0.4724146447485968
0,0,0,0,0,-0.053993665370223674,-0.043742822598599476,-0.03005860661690323,-0.0050188428592959295,-0.003896570657142834,0.00813786294955668,0.039526599312695816,0.05079542631491652,0.06348576385541575,0.08454912496614418,0.08553910965713174,0.0937365197999494,0.10713618008104223,0.1130009301864818,0.12802269116775325,0.1387196196028806,0.14192967978171608,0.14844444533011894,0.15675098850319405,0.17760290568850537,0.1882349887812634,0.20522406522317327,0.2152583840819993,0.22658470520208454,0.233387698639736,0.24743030688979092,0.25531472931897514,0.2600233423187487,0.2763402737895449,0.2857120780821838,0.2900413602986288,0.30102628632376544,0.3037195832960078,0.31237181960273447,0.31517904666581015,0.3286957237698118,0.3400953405973079,0.34789791234302636,0.3887464027256647,0.39977321061845456,0.4133254649768906,0.43867386571578987,0.463435003150314,0.47758836028006024,0.49871337049482584
0,0,0,0,0,0,0,-0.1460758756946658,-0.15091114137220324,-0.1613368853608839,-0.15777596760010246,-0.1145575429080026,-0.10343771476337887,-0.08226960381596808,-0.034413661206107865,-0.019493688437839156,-0.010396143542780385,0.007211880982310553,0.01700510250935521,0.024948906256740528,0.0458083446786999,0.05599211920157048,0.0722828011795777,0.09777039511133405,0.11361305812632125,0.12879214342027934,0.13905634428639968,0.15174577048672933,0.1588523351854192,0.17047893057641011,0.19146330983418425,0.20822138303489984,0.21905883335284954,0.2416515540570889,0.2621768413316696,0.27398959571942766,0.27338094460946133,0.2814364450230359,0.290383757738235,0.30392705368273804,0.3120368699444626,0.3211985389090049,0.3319869137561218,0.3454408314147775,0.35942800192748353,0.37424972113213534,0.3989792009210438,0.4265890063718455,0.4402689536583732,0.4687595986428946
0,0,0,0,0,0,0,0,0,0,0,-0.1599893154474825,-0.14983958998633576,-0.15943115764292612,-0.1171595935014507,-0.11354590424117485,-0.11039780855586184,-0.0782220817538407,-0.06694272555835647,-0.05965929430142981,-0.04142968490167509,-0.0319785612493022,-0.01981684106092129,-0.008302966076994824,0.031114142632705042,0.055270853414171504,0.06172990678880893,0.0754625090229056,0.08924282714361838,0.10257609321762468,0.12338359721942932,0.15921276742266444,0.16491577565745394,0.19036124788436698,0.19366078867449235,0.21600543802017672,0.22852901311559884,0.24480427299370325,0.26032167856134664,0.2919662489388884,0.312480103569015,0.33000915542138604,0.3442654391920925,0.35286219773802424,0.3781499846690174,0.3840342208452214,0.40505519912270804,0.4322332109253218,0.45799610716781625,0.4803198223382275
0,0,0,0,0,0,0,0,0,0,0,0,0,-0.15207910109363001,-0.15043151781107333,-0.21937322807507767,-0.2186527659576016,-0.16439542307449811,-0.14499140610717892,-0.13164284733842913,-0.10560601345880438,-0.09389105054445382,-0.0927156396414452,-0.0949832330707256,-0.07558788067024441,-0.06215524774190356,-0.04511123402764226,-0.02309742337135028,-0.012784761539415788,0.0005194276508226676,0.03671676806249933,0.051856204913984794,0.06767285928339586,0.1018352577618455,0.12129179965901775,0.13952153594862052,0.171783150290885,0.1943723273441864,0.2186415655667805,0.23009908313802896,0.24784707736872572,0.26944114834674,0.28344177869871295,0.32009469425830317,0.34193048959749617,0.36006529410085036,0.37001606253735375,0.3826070257151639,0.387124919747682,0.4058300296753742
0,0,0,0,-0.18346371856755245,0,0,0,-0.16392209208809871,0,0,0,0,0,0,0,0,0,0,-0.21344299281029683,-0.20343326414160587,-0.15902174137440653,-0.1386264829560779,-0.11344470564960948,-0.08402672807938552,-0.06726903283706503,-0.07366395353676612,-0.06109421785638289,-0.05215031335467157,-0.040169256010971606,-0.03449991255505975,-0.03360548775939145,-0.037981259147685374,-0.040595058223566446,-0.03124468650607698,-0.020356993671800435,0.027231653098159787,0.05318036311121751,0.10422174368848543,0.17385539500673444,0.19063437738590405,0.2152583876642656,0.2396895949097218,0.2901036762758995,0.3207845154915424,0.3384546369913049,0.3948778652682079,0.4389505594852214,0.5025886745596974,0.5646358597531809
0,0,0,0,0,0,0,0,0,0,0,0,0,0,0,2.9319590479358472e+38,-0.15665699287474794,-0.16569174070100184,0.04643185763780006,-0.07526775877866451,-0.18623878525190354,-0.23955259925854813,-0.3182695412039096,-0.29195975255736045,-0.17667177380780655,-0.15069907302121058,-0.12880379689857938,-0.09041211458270118,-0.08245909867292545,-0.07284770043254638,-0.020600508378821457,-0.02019116518489125,-0.02348404895686632,-0.025890351983379193,-0.029526000713123075,-0.029248673546185374,-0.019867281812409324,0.01189452337906027,0.04766323109395006,0.15878584438067778,0.23154107016311984,0.32110804219037126,0.39656597992036174,0.4857854717172801,0.53156814379074,0.5747495794213708,0.6147265636312433,0.6606677644001417,0.6880810110190347,0.7431282308105851
0,0,0,0,0,0,0,0,0,0,0,0,0,0,0,0,0,0,0,0,-0.24070362455532968,-0.3014554292200102,-0.38634923947590993,-0.3875341015220265,-0.35316899010226604,-0.37070759322233987,-0.3473023054711435,-0.18898101660013072,-0.21432111964703296,-0.18333470154086964,-0.030055284250388545,-0.014039121119526514,0.02003458340610027,0.07894645226362756,0.1726937826219115,0.24004300256231995,0.2867938265161127,0.28222690029605796,0.2834010903458951,0.2875774473137077,0.2721015826603946,0.27661290312236075,0.2962681559775407,0.33302322943207097,0.3552053955475375,0.3731048101466993,0.4747771426011421,0.571418211667216,0.7392361670342745,0.79491872077388
0,0,0,0,0,0,0,0,0,0,-0.31102680160369073,-0.35444963022387177,-0.37818488594351735,-0.396964668962412,-0.40623392439195793,-0.41835642042172755,-0.44253204344299646,-0.45566563820888667,-0.4658865779061251,-0.49926818357319325,-0.4636773156225398,-0.48719660412553006,-0.5670869761408146,-0.4354399694497461,-0.23914797463469561,-0.26166887651396387,-0.3180848790087847,-0.3714137248006038,-0.34403977984708284,-0.3041560425016136,-0.26736830485394253,-0.16664760201870815,-0.024850511938855995,0.01974323723843924,0.0722059063808354,0.10195647306876542,0.23277260167562752,0.2987911316302482,0.3358613676799689,0.40907254196257425,0.46106149975011224,0.5045156448601529,0.5152726859271561,0.5273943867137434,0.5210043327327718,0.48684643798028554,0.539927229652086,0.6069677961327419,0.6400398764230903,0.6589231974792352
