jsons/1312527600.json
{"header": {"parameterUnit": "m", "parameterNumber": 2, "dx": 0.1, "dy": 0.5, "parameterNumberName": "Eastward wave", "la1": 40.97354507446295, "la2": 16.46031188964855, "parameterCategory": 2, "lo2": 133.9931640625001, "nx": 191, "ny": 50, "refTime": "2011-08-05 8:00:00", "lo1": 114.97908020019554}, "data":
[rows 22 to 43 of 50, columns 50 to 99 of 191]
0,0,0,0,0,0,0,0,0,0,0,0,0,0,0,0,0,0,-0.37302900374631676,-0.24082832132767076,-0.3255892021743223,-0.14425071505158632,-0.10539403913465177,-0.322276972349685,-0.24587813901233468,-0.37379146223308723,-0.36600262966334063,-0.3126769828124131,-0.3604905977279805,-0.3862076906866094,-0.36842500699518843,-0.3634192557549053,-0.3722482817563058,-0.36714277669556605,-0.3583511962344582,-0.37258442824045696,-0.37427254608900506,-0.3531598190515948,-0.35576571882566776,-0.3319251118172281,-0.3258316910453898,-0.331948578492031,-0.328343865797247,-0.31564753499585874,-0.30592283308896245,-0.30451385421118987,-0.2839034581961822,-0.2883596721584206,-0.28701990248877146,-0.2812410450263807
0,0,0,0,0,0,0,0,0,0,0,0,0,0,0,-0.22505370710396394,0,0,0,0,-0.28651778419653534,-0.38118022418779113,-0.4363879038681724,-0.42429287377910885,-0.4577654808707648,-0.4855253083395684,-0.5106366402385637,-0.5378437052500477,-0.5555113011643414,-0.5733612108164472,-0.5771142938449514,-0.5972374479477243,-0.6036142481126687,-0.5965474741377683,-0.5728774110989995,-0.5488138064386372,-0.5301163312275098,-0.5518729024607497,-0.5627099193046669,-0.5487831390568889,-0.5459721397078834,-0.5358864668732946,-0.5508581908736377,-0.528663203933236,-0.5403591429394902,-0.5466079706481697,-0.5370376894227313,-0.5410256666091775,-0.548211236313566,-0.5342015779455606
0,0,0,0,0,0,0,0,0,0,0,0,0,0,0,0,0,0,-0.3935610011874027,-0.4511609553308086,-0.4300683933766519,-0.4338041874340973,-0.46445629400338845,-0.4740806057130294,-0.5225206647089711,-0.5766241555293228,-0.6034423487745059,-0.6538437670554863,-0.6818708116825647,-0.7066543824447876,-0.7413968320211289,-0.770825861117085,-0.7833099204399279,-0.787957998885242,-0.7970678240947414,-0.8090576608883877,-0.8149330000028175,-0.826829910784864,-0.869727570002455,-0.8749346790457999,-0.8795154376747024,-0.9218054523643812,-0.8975946786788046,-0.8826762410923329,-0.8912353448266499,-0.8733688417371129,-0.8680907623716245,-0.8839162726070638,-0.8828059632846228,-0.8742137158844673
0,0,0,0,0,0,0,0,0,0,0,0,0,0,0,3.3038944722661223e+38,-0.47444959032049283,-0.37740726391633433,-0.4588961380615286,-0.5603739507699337,-0.5810016236244548,-0.6083085661353071,-0.6560898848903903,-0.6790940850833586,-0.7480019286011972,-0.7681221609044391,-0.8106919471837107,-0.843564486151974,-0.8888345720393512,-0.92468829001059,-0.9632830834170228,-1.0185233991257112,-1.0535026536804841,-1.0604241127761707,-1.1011427360537773,-1.1335957628094153,-1.153362528876102,-1.1528983471914669,-1.1931100288080148,-1.2101573084359663,-1.2099830641440121,-1.2449069850795673,-1.2443774638425733,-1.2547800989436657,-1.2885805412090612,-1.305072401434078,-1.3075655844749758,-1.345209482080935,-1.3553395958198677,-1.328391728170586
0,0,0,0,0,0,0,0,-0.2025454840850213,-0.24475239999910617,-0.3295803839159572,-0.45806379824614946,-0.5596125786452077,-0.5553150133758706,-0.503562528921543,-0.5228369675921963,-0.5750732530114869,-0.6119535558811738,-0.6636528150563236,-0.7309680835941902,-0.7733521583270881,-0.8033687527505785,-0.8561045530958485,-0.8888912632350423,-0.9300772484512962,-0.9880752053624721,-1.0318877473889758,-1.0981739982829983,-1.1427446724878985,-1.1817131194801405,-1.2373118595979185,-1.3174560785895018,-1.3324115454233434,-1.3823112168768816,-1.4113392592417104,-1.497953676291079,-1.5318860380900399,-1.5464070701417931,-1.6385125881286136,-1.6141828703661114,-1.6340205828988268,-1.7127500446926636,-1.7384834435117553,-1.7539698315347851,-1.8458275615259534,-1.8451487958252522,-1.8494976855236709,-1.9190829416411181,-1.928582010318926,-1.9416420613410301
0,0,0,0,0,0,0,-0.34007758634158414,-0.47081371244369247,-0.5810969809366717,-0.6008649609398786,-0.6226631376635549,-0.6804940379218051,-0.7094714769356723,-0.7523345965018564,-0.7904782127697383,-0.8610106006949895,-0.8938046515036396,-0.9269714058400431,-0.980580094232987,-1.037492076800923,-1.0773006935349498,-1.1390077117700954,-1.18036591733416,-1.2555129145770032,-1.326220240530802,-1.3816107136012319,-1.4351930665882964,-1.520839242923802,-1.5678222755643327,-1.6212874050860488,-1.6846222293202042,-1.7337078612060433,-1.774520437565216,-1.839136705138684,-1.9261751276142436,-1.976263377545942,-2.011768009763077,-2.0841262616030187,-2.1154136913003607,-2.142886432658639,-2.2457915488241382,-2.312153906668984,-2.366692451927811,-2.4878434844250297,-2.5182956393760114,-2.569102516485163,-2.6900785670228857,-2.7180462356820896,-2.7253513801578024
0,0,-0.47172281665199617,-0.42290434998437204,-0.48664318352878655,-0.5109600044243169,-0.617450656825448,-0.6597300446687764,-0.7038318080651356,-0.7424003531640316,-0.7988707243577052,-0.840655164814038,-0.9016751139456293,-0.9390592272811892,-0.9912755722416309,-1.028263780846687,-1.0870712428925153,-1.1434698173553257,-1.1880681233121932,-1.259594864055747,-1.3255763659805315,-1.3479494120114868,-1.4205634280603947,-1.4707882553407543,-1.538051833363681,-1.6402488919274751,-1.670474063384559,-1.7614479168543808,-1.8776379810947674,-1.9288046013971376,-1.9767933523034116,-2.0912202484302314,-2.136676037420282,-2.207047263386415,-2.2656080558725384,-2.408526237703105,-2.4351032171610156,-2.483290753555804,-2.6146830110626214,-2.685028834800404,-2.7058176008498225,-2.9135878275943754,-2.9660078801736813,-3.0390801154539564,-3.1970233804964088,-3.2731972794061823,-3.3755532312308496,-3.5719704257692046,-3.6627430776955463,-3.6179867527761482
-0.4578641128481104,-0.5031925717843565,-0.5644499957666589,-0.642268016099736,-0.694599155267918,-0.7505206694202124,-0.8302436665260627,-1.0110919269126613,-1.0343479214021225,-0.9881370704949047,-0.9854005422944787,-1.0197603746475572,-1.061863113736163,-1.1029755939113364,-1.1484072229527538,-1.194198422621502,-1.2515888976227443,-1.3320713239923314,-1.3762654484983332,-1.4514115337865945,-1.5017736411667357,-1.556888584157771,-1.649548994414222,-1.7011876003229371,-1.7920936575152338,-1.912664484268069,-1.9576132398185984,-2.03041225642137,-2.155464106967133,-2.2138858975550466,-2.2972001433323537,-2.4278068472668717,-2.4754833241179672,-2.581117950807485,-2.6551192118424343,-2.8021218485620802,-2.9025509738300985,-2.9439247860376323,-3.104941033116367,-3.1753040535511987,-3.253631815761093,-3.4626691026447705,-3.5726083323593123,-3.729238157555533,-3.9391211867623017,-4.077225954284301,-4.22263618142559,-4.443174627361684,-4.546837059771876,-4.62638175452099
-0.7005014856688524,-0.7075597150611632,-0.7369573372885418,-0.7970990486934107,-0.8329622625070545,-0.8683348839062056,-0.9154481207535439,-0.924628432640938,-0.9856829607432299,-1.0371773409545544,-1.080740829878926,-1.1405858590451226,-1.2246933504389086,-1.2667027303770821,-1.3304699871743768,-1.3658150398524103,-1.4339419462461127,-1.4993833672751173,-1.5539791503239435,-1.641856717376202,-1.7257176744086853,-1.785404146000733,-1.889179688403389,-1.9495054671137366,-2.034663695872879,-2.1619570585064674,-2.225554466794838,-2.312184853957998,-2.4450828581123707,-2.5080785783118182,-2.6192798643126873,-2.7799615561511493,-2.842349999362973,-2.968450457927647,-3.0355738229046274,-3.2159374580685864,-3.3739936151057877,-3.4243381168502345,-3.647495936620894,-3.7936732473530945,-3.8632427502690354,-4.103121565070104,-4.2635728715079155,-4.441987737698725,-4.677812717613695,-4.832984922405534,-5.018551632937465,-5.3318801627775585,-5.44658684684825,-5.635323533187197
-0.7972369401312367,-0.8153989883274358,-0.8726587187292427,-0.9452317279472909,-0.9862388555803699,-1.0108980514809305,-1.0704751429243182,-1.1189703395574964,-1.1553825520060401,-1.2235112005121656,-1.270391243028446,-1.3340940038594842,-1.4058727407175573,-1.449511381655166,-1.469397255251206,-1.5433122088097908,-1.6099860022176846,-1.6830436388131962,-1.7284639443926622,-1.8331194335033965,-1.8919127364218253,-1.9727369642003802,-2.077279092169684,-2.1664262296433625,-2.2413716122229843,-2.367155851611357,-2.433796763934188,-2.5118692798977333,-2.6440367131411144,-2.7048286060552416,-2.806990142237675,-2.948355602073325,-3.052310345543954,-3.1510755499831915,-3.25235287473082,-3.4628756032984738,-3.6387873500738452,-3.746220775937733,-3.9935442921933,-4.056554765654018,-4.242258762781874,-4.539874617998813,-4.696912016442724,-4.808874637893012,-5.115119379329505,-5.301977655576872,-5.476643211109862,-5.798255140792161,-5.987708122809654,-6.140949291462399
-0.9516152299921905,-0.9844129000762915,-1.008137030558351,-1.0622182047780295,-1.0950716331124382,-1.129794800683558,-1.1602626243989476,-1.1930906730920843,-1.1857436029401787,-1.1317085816139252,-1.069199662900419,0,0,0,0,0,0,0,0,0,-1.5819061472846558,-1.791133554031154,-1.949018662046505,-2.025708143715367,-2.084467927697794,-2.167465068433635,-2.2597614908539714,-2.3073454328910623,-2.422045392813448,-2.4566419194468767,-2.4962032194945993,-2.6674764955765284,-2.8008404055426572,-2.8834304565627353,-3.066421428383696,-3.355062010821711,-3.509868702827857,-3.624070084592292,-3.9134154790268987,-4.1096440521117374,-4.2558717172976435,-4.565328002162209,-4.7146317356143825,-4.841692384292708,-5.226732292157114,-5.332948645258133,-5.485265071080964,-5.82264613078481,-5.943553872169446,-6.1007860976213495
-0.790262527817187,-0.7859860174119482,-0.7753898415553767,-0.7738594587501353,-0.758569739207452,-0.7393071644748674,-0.6756430256032551,0,0,0,0,0,0,0,0,0,0,0,0,-1.2747160362663676,-1.4126279608729206,-1.5365876728872199,-1.6974020303425026,-1.7454997998544117,-1.8200672144541807,-1.9163130552978773,-1.9751211035988068,-2.0195570951833584,-2.1216879339883286,-2.1696856733689454,-2.2438875287506144,-2.406090722190969,-2.4758079635068513,-2.522311078061879,-2.638850631874334,-2.869634805444969,-3.04524674215108,-3.2362783631129415,-3.434914819161314,-3.6072232981440124,-3.740811010047086,-3.5937547468085795,-3.3203456020641693,-2.2976640419358887,-4.330871559815919,-4.694624605182952,-4.861736908333745,-5.15468256681942,-5.287125785184928,-5.4028687737107495
-0.5762115709501572,-0.5626442235465763,-0.5591106598862438,-0.5442563577058103,0,0,0,0,0,0,0,0,0,0,0,0,0,-0.943448416088239,-1.1442647680001174,-1.3517472866527789,-1.3896938570142139,-1.4468216744497449,-1.5490056348618857,-1.589523580186137,-1.6229401127207015,-1.704879691461344,-1.72739868005839,-1.7767626927538025,-1.8579313887190108,-1.8905631192448038,-1.8907957919132587,-2.0261254861375484,-2.1407838602983333,-2.211636826355927,-2.2584743297214747,-2.4285582567736177,-2.4853836804914833,-2.5826960839975768,-2.7632051974011578,-3.0348623023479915,-3.2097360517889504,-3.6935613087869816,-3.880353071012868,-4.087253521626799,-4.4232694544769355,-4.6294776738520405,-4.773103309823305,-5.177184258214637,-5.407418318563354,-5.59917390056711
-0.451978654119079,-0.38330863259362064,0,0,0,0,0,0,0,0,0,0,0,0,0,0,-1.0553252542695934,-1.1101741838852242,-1.2146458441701993,-1.3070320952887575,-1.3354977518702522,-1.3693665543691438,-1.4427589458245036,-1.490059290311724,-1.524297256831193,-1.6198486523113529,-1.6476241736882316,-1.706045335605442,-1.8039067596716396,-1.8598704858866006,-1.924296493593628,-2.109037507172244,-2.2199170524295173,-2.4263544981357374,-2.526201007583401,-2.7879896328399894,-2.8883157921456912,-3.1005783932449424,-3.4181609185298663,-3.537314263931167,-3.7148821543494974,-4.005440323685131,-4.106436733858817,-4.251284416711388,-4.522424447625884,-4.672893492985122,-4.752198066175783,-5.036053177851092,-5.127769620798795,-5.261375114602886
-0.3887428762631026,-0.19204226015728987,0,0,0,0,0,0,0,0,0,0,0,0,-0.8477035989318227,-0.9931652678589401,-1.175342459092222,-1.2446892167281949,-1.3025042044291595,-1.384686716782236,-1.4249183590418626,-1.4659043471786861,-1.5643699344388833,-1.6229577774507908,-1.6609605003889414,-1.7812027056231572,-1.8540842092185452,-1.927418771459976,-2.0753490449320178,-2.1453968469651024,-2.249234328088165,-2.4611916162575938,-2.5504408325538592,-2.7102314876342635,-2.8035311649588652,-3.0612914685046193,-3.158768130144777,-3.2832968709088513,-3.5201596923974576,-3.5954139920917463,-3.7219850452728718,-3.928046602344739,-4.0085911268948005,-4.115215324017134,-4.3045960934798275,-4.3929039694429575,-4.454261760318662,-4.65652143190305,-4.718001946346327,-4.778061622141634
-0.3617400580511231,-0.34560734175924235,-0.3277320910544504,-0.2845247135406348,-0.3952903972864333,0,0,0,0,0,-0.659341078079299,-0.9172643288708507,-1.089177724522197,-1.165018370392299,-1.221818948309809,-1.2699841078682303,-1.3732105945140292,-1.414136467312794,-1.4641917557227029,-1.5497945222161893,-1.5952439167630823,-1.6434548743409436,-1.7703349822226189,-1.8114687444859072,-1.8841811875257812,-2.0118964140840196,-2.073867551540898,-2.164984534696031,-2.3264576088217868,-2.393581292023807,-2.48139552382953,-2.6356676058914417,-2.722772174060405,-2.8092553739760455,-2.9219967535611566,-3.0790667947772214,-3.152692192626766,-3.2132648396785926,-3.3296151010963677,-3.441311038330876,-3.501608318975512,-3.650331593807627,-3.7017695249125833,-3.8016335029168653,-3.9480908133777675,-4.0192491054626345,-4.02727423899774,-4.121622111440839,-4.187029119523007,-4.21615465188102
-0.3479571570892935,-0.3477444956957307,-0.3524910411423599,-0.37651555415160903,-0.36620906764600863,-0.3895248784771827,-0.37419181121238415,-0.4171743745229168,0,-0.8618496440943203,-0.9714986131144776,-1.0992153727497687,-1.2262525575623704,-1.2702725427414463,-1.321939268821779,-1.3665035657323634,-1.4656342145894519,-1.5220048232442094,-1.5528691122497467,-1.6450911680430924,-1.7054491458779721,-1.752691988379941,-1.869485240073533,-1.9290933548862057,-1.961097070793151,-2.079818150116675,-2.1484216626426753,-2.2006483892041953,-2.328498024054068,-2.380013157789357,-2.473469110165493,-2.624773058078527,-2.677938325396387,-2.7423654752924236,-2.838931714226884,-2.934961750247835,-2.9900267436136962,-3.0203207455174175,-3.1229078087664095,-3.1795106579408667,-3.2394863521974027,-3.3361680921420565,-3.406125144611703,-3.402763585397794,-3.525674888608665,-3.5588437599181595,-3.6042373550744937,-3.6912897048564095,-3.742683370954279,-3.7255168922287547
-0.6910709772667967,-0.7290083667503978,-0.7567103226572682,-0.8603416688204962,-0.8885930416114423,-0.9702854110452114,-1.0231294715864474,-1.0545307348945145,-1.0868473233648368,-1.1605924598625446,-1.1860687269710746,-1.2313942206256554,-1.3180980074179365,-1.3533795045823647,-1.3931152082324305,-1.442299581307898,-1.5398863995688936,-1.6002157018504235,-1.6414353515783526,-1.7254433159426117,-1.7923572120841123,-1.8179359364952306,-1.8974307871456235,-1.9526432178166855,-2.001651115210673,-2.1002001141921354,-2.1328176017487492,-2.187697524730701,-2.3155835525570008,-2.3507107378302496,-2.4388295724566396,-2.527541652078073,-2.59136936998648,-2.627338216446066,-2.669109961830019,-2.7561103771724884,-2.801521853830322,-2.8478094286228917,-2.92770011379906,-2.9564608212152454,-2.979154881712008,-3.0755555980099993,-3.1098821038537148,-3.1534851742482064,-3.211713073343189,-3.2394922467055753,-3.257018912334939,-3.3801685054958157,-3.4027350714905027,-3.407922857229106
-0.8618936720797589,-0.8862220133070022,-0.9022943229396259,-0.9778147220964669,-1.0072056159462963,-1.029586951479164,-1.127591541497968,-1.134090426876193,-1.1583937897546333,-1.24759730850757,-1.2935989868215403,-1.3324557192174271,-1.4147564394243188,-1.450730971759925,-1.4960313771171931,-1.5390841557992807,-1.589233547225469,-1.6445742919930333,-1.6695302480607095,-1.760979023762239,-1.788598994430428,-1.828837965757455,-1.8999690777157783,-1.9411234609564672,-1.9947592610898477,-2.0768747822414944,-2.120314906821564,-2.1666699657468027,-2.233013914242908,-2.2834511075125556,-2.337881788935816,-2.3954655389404294,-2.430905069954632,-2.478260963312016,-2.511062923784379,-2.5788210417299617,-2.5904270472514006,-2.6314297390151946,-2.691746948575587,-2.726249711389211,-2.760506232731599,-2.804195562264746,-2.8578904715638287,-2.8847590382252832,-2.9324290331444574,-2.936803229992298,-2.967145360096497,-3.039925079109883,-3.0630164398992985,-3.0904305114539885
-0.9219618312013551,-0.9591167608329207,-0.9556081229192548,-1.0426790552505,-1.0553015820186564,-1.0989269746805341,-1.163468036326003,-1.2114288335481684,-1.25105915551829,-1.3291987069882003,-1.3466662182478941,-1.3825171026566565,-1.4337078621370918,-1.4717650428523048,-1.5119576726244457,-1.5381381586834408,-1.6041638590407068,-1.6520065912551467,-1.6839090443406437,-1.754034987311362,-1.7986716608351065,-1.825609825173302,-1.9130366734669093,-1.928770901232668,-1.9879201876090242,-2.052942432738189,-2.087319761409797,-2.1388791779311904,-2.181927861737081,-2.2176894335743307,-2.236099256610482,-2.290584632223335,-2.3209956161525778,-2.357789625851502,-2.3870703596479066,-2.4260789932022058,-2.4383996164475,-2.4721082427953274,-2.524271274957795,-2.5571279373715288,-2.5868673748891164,-2.6122454551638623,-2.646429185717099,-2.672542705890044,-2.7073322647757343,-2.739894670142739,-2.7399708896409716,-2.782125813850437,-2.802088279454961,-2.8515622921547275
-0.9820903399837457,-1.0270920892428441,-1.0572373170785354,-1.1238297707336935,-1.1429999441011203,-1.1742904385830963,-1.2254037046941473,-1.2508559430318877,-1.2945682518104948,-1.3283543862716392,-1.3686724998935202,-1.422031399766804,-1.4509942820159207,-1.4925537749839648,-1.5418809210624738,-1.5490707920158404,-1.6188314067045475,-1.664093985434474,-1.68720843307659,-1.7528524214716203,-1.7991938355840151,-1.8275577595356778,-1.9019730136918673,-1.9176666192626732,-1.9476019638692892,-1.9893949465568048,-2.0087723261508876,-2.042618780333413,-2.07465971493211,-2.0910395995308604,-2.1162168141469175,-2.152474326367668,-2.1781163071494203,-2.197387856445221,-2.2250987676442486,-2.2518178253420698,-2.283310158807154,-2.3107293129327355,-2.365656875535314,-2.3728120229255953,-2.394551585108931,-2.4526126454190935,-2.481870255541671,-2.4955807229356313,-2.5204822707202235,-2.5456764111012413,-2.572340729341175,-2.5921418392840607,-2.6146278910504064,-2.6382052766477604
-1.028613442342429,-1.0480461344835617,-1.0681800853596983,-1.134592107099583,-1.1663314581608102,-1.1890583827687893,-1.2457031704502028,-1.2608311235549075,-1.3015804277388368,-1.3562399067999953,-1.3687859047242714,-1.413197663775053,-1.4955262591653722,-1.5048906258908048,-1.5321653009860878,-1.5807708952975696,-1.6352724159726395,-1.6627514099917704,-1.6947683823987556,-1.7344532168670876,-1.7656399545776287,-1.7822008073078035,-1.8124765508529528,-1.8469102976339187,-1.8779949975549537,-1.9030981943521406,-1.9266821132678962,-1.96268142435063,-1.9691317145959635,-1.9915182989818598,-2.0288145529394743,-2.059643566593828,-2.0836233917461544,-2.10585203147379,-2.1145225218950947,-2.1467053054360674,-2.1671193772880346,-2.17053518755002,-2.228442240004067,-2.2593950255165405,-2.2737483003621928,-2.316674759357718,-2.322826500628695,-2.346225656013073,-2.401885151585332,-2.404459843252774,-2.410057118769434,-2.4315632873736606,-2.446836166224838,-2.4744852030096585
