jsons/1312563600.json
{"header": {"parameterUnit": "m", "parameterNumber": 3, "dx": 0.1, "dy": 0.5, "parameterNumberName": "Northward wave", "la1": 40.97354507446295, "la2": 16.46031188964855, "parameterCategory": 2, "lo2": 133.9931640625001, "nx": 191, "ny": 50, "refTime": "2011-08-05 8:00:00", "lo1": 114.97908020019554}, "data":
[rows 22 to 43 of 50, columns 50 to 99 of 191]
0,0,0,0,0,0,0,0,0,0,0,0,0,0,0,0,0,0,0.1339937834898585,-0.12287548353955142,-0.2692044574046775,-0.16164764301305512,-0.10585252281374248,-0.4697047751190197,-0.9894753066934295,-1.1227768717668665,-1.20439486256431,-1.325416299521013,-1.4827006734544317,-1.549834588509844,-1.6306723528806284,-1.7410299360658337,-1.780877109063465,-1.8104606611232001,-1.832597870846605,-1.9175692507959219,-1.9789624479420664,-2.029672292911112,-2.14999783592177,-2.308088726889623,-2.3734172239015647,-2.5144356991939385,-2.5719943457013854,-2.621714646858978,-2.705916819207257,-2.760528394913134,-2.7948735106085003,-2.8917968206471,-2.925234558145487,-2.9618607593710644
0,0,0,0,0,0,0,0,0,0,0,0,0,0,0,-0.1489071679630917,0,0,0,0,-0.3805380098379479,-0.6846195231902349,-1.0254059998491662,-1.1734355915119656,-1.277604439698684,-1.4413714290087978,-1.5206398476455316,-1.569015848545893,-1.6617275302947723,-1.718184187521218,-1.7856679915828675,-1.8828201711318566,-1.9407827723626883,-2.0421953583364223,-2.1593875803074054,-2.434563385761169,-2.548698277995589,-2.630653823450218,-2.7727829818518615,-2.825594907889078,-2.882114022965571,-3.0002787389857124,-3.0837543648934873,-3.160087599948149,-3.2937289009953488,-3.374705152053781,-3.4558774024801022,-3.6020272199675,-3.6754475193464775,-3.755317238704816
0,0,0,0,0,0,0,0,0,0,0,0,0,0,0,0,0,0,-0.5801885349318792,-0.8694556802610017,-1.086743246362764,-1.2463913901409507,-1.5085496256318651,-1.611457930324445,-1.67954129566254,-1.7966923107705604,-1.8382582847424362,-1.9035545866010912,-2.0284108704501462,-2.098577060970376,-2.2044449781522673,-2.351799539502552,-2.4292663259647513,-2.5680269384832104,-2.6529325277623306,-2.7979604718519107,-2.8475232574459475,-2.912671815203561,-3.031323898435728,-3.091804851906439,-3.146031412203157,-3.4224120444420683,-3.5560290717443257,-3.707505362591516,-3.966699089054021,-4.032582015230023,-4.157458465582346,-4.28460487576282,-4.377883100034757,-4.515434993643486
0,0,0,0,0,0,0,0,0,0,0,0,0,0,0,-8.1454825486999445e+37,0.1521801696541463,-0.8377839558391528,-1.147398583396983,-1.4950489130718911,-1.6045293726482777,-1.697041100815638,-1.8431288077088193,-1.90186227482657,-1.9549381577514053,-2.1354688980989294,-2.2430856555419387,-2.4908185686997815,-2.6536971263212132,-2.7276404145565434,-2.806474261184214,-2.948049734889122,-3.073424229945718,-3.1530699766805164,-3.228391615714343,-3.4054037118244143,-3.5031996050980205,-3.589366126711224,-3.777788347916925,-3.906973392567103,-3.983773817758936,-4.159468333899114,-4.241651766759166,-4.340390723751886,-4.505492182435647,-4.623895890093801,-4.793446953893784,-5.048323375556463,-5.226202531017744,-5.408655180485156
0,0,0,0,0,0,0,0,-0.22540216187637888,-0.42308322279509125,-0.5787162418841941,-0.659796331945839,-0.9047532143141498,-1.072742803569311,-1.2618296617910858,-1.40289816354621,-1.6283629239137174,-1.7346601395919539,-1.803423774799584,-1.9619710836030613,-2.0168651892721905,-2.1247440335770067,-2.3815355371918465,-2.511187661302605,-2.5827390156584453,-2.7210902998366864,-2.78226715549239,-2.842187112255707,-2.9821890867185585,-3.0495125668725627,-3.1068555168508345,-3.268534063079557,-3.3570966066702352,-3.4700717940989407,-3.533693573646182,-3.739295015225401,-3.85782708396641,-3.9833165297409767,-4.247718813328169,-4.393312862710185,-4.519219671898522,-4.764510321725493,-4.894338314370939,-5.035176758508342,-5.29221309295165,-5.425373810206396,-5.582084021426331,-5.840129882421519,-5.947606019561127,-6.19523458510337
0,0,0,0,0,0,0,-0.7237551736817389,-0.8529630545526602,-1.140577644497721,-1.2353103926872644,-1.32322623287246,-1.4677770434552784,-1.5228412430222853,-1.560994235411984,-1.624755863170053,-1.7311315464939323,-1.835806268418939,-1.9391531134815825,-2.1389844063597527,-2.2914435896561764,-2.3584501583681265,-2.47279254600245,-2.512749946442811,-2.53500389517669,-2.6412160120068697,-2.7003455889866803,-2.757343273719012,-2.9015218666611027,-2.9948493461694987,-3.0758159677756804,-3.2430286207933934,-3.3258956795026453,-3.374818172910954,-3.442726336859741,-3.633704023609402,-3.7519177178698477,-3.8758624428252544,-4.127506574753652,-4.209897804791756,-4.317997894524579,-4.503470057949427,-4.7004803870253635,-4.804113525562539,-5.018013532575522,-5.164837142707455,-5.39765559102375,-5.6706815497086325,-5.8332356448416585,-6.083222962299729
0,0,0.14599771092780514,-0.7205058855660716,-0.9015571670652809,-1.048535126683842,-1.3085749393938877,-1.3853817911120831,-1.4384166176261177,-1.527217598192662,-1.57643069033826,-1.6045226413479836,-1.6851999774847835,-1.725610031908595,-1.7416019589886342,-1.7685311787987434,-1.9277366526403652,-2.0630124878568203,-2.111468141113154,-2.200019117148054,-2.2159885499745924,-2.2459440043404038,-2.3478120830900826,-2.384368763590394,-2.4219452441587226,-2.515843776158867,-2.5396138614728105,-2.549728284646052,-2.6751675682680536,-2.7246439269817175,-2.7716207220104137,-2.9094704510932217,-2.950341567931499,-3.0186903971205,-3.1017049150504183,-3.2520054168468078,-3.4027037974009255,-3.4914361129632105,-3.6675689010133454,-3.7599539246076255,-3.848872943751532,-4.0060320180264055,-4.152716497092567,-4.239897190867244,-4.488010636031764,-4.664305896400093,-4.867906418995743,-5.161226718735863,-5.267098341163341,-5.647947600142548
-0.841283713340685,-0.9144314516204769,-1.0319970934113223,-1.1961147788230893,-1.2742526295537049,-1.324473112792996,-1.4134479928744552,-1.5195143639678221,-1.513272458387866,-1.6115837342807384,-1.639175608747015,-1.6771696702831456,-1.7551749126164062,-1.7612696678219741,-1.8455993977168554,-1.9488505864774932,-2.0360267115203285,-2.0468878942271322,-2.076444584538172,-2.169827046842666,-2.1616434122459465,-2.1954685551219253,-2.2810168981163708,-2.289502274972183,-2.2766136706377567,-2.3678082501721023,-2.371103574040932,-2.36190855861281,-2.4411381810997037,-2.4526217559331904,-2.4498770169496247,-2.5551683922585773,-2.6021759988146655,-2.6072201647405655,-2.5908978134878105,-2.7135803995360637,-2.665566374714444,-2.708282576776802,-2.8739213841674607,-2.7613497817097437,-2.7972946967787826,-2.8779171481107446,-2.9318962500697086,-2.9824712604848203,-3.093740105842376,-3.1639743028628806,-3.3321305977249263,-3.5874489230973152,-3.706770858723898,-3.914209731238868
-1.1799742356643683,-1.2254282097222993,-1.3023975760035462,-1.4130180063327742,-1.4356174061883196,-1.4605506570742717,-1.5221803407674905,-1.5422710491060823,-1.5238939921963734,-1.5782214915792732,-1.6011549761930248,-1.624014826529168,-1.7510825590702859,-1.827913262459342,-1.8940690663964745,-1.932015015459146,-1.9745680973343396,-1.973516260447666,-1.95788646735452,-2.026903267964819,-1.9596409211159707,-1.993314910027974,-2.0149867869514906,-1.9957587345767274,-1.9761792067671122,-2.016017372148884,-2.021318673431693,-1.9720592417474523,-2.003030491484633,-2.012004850900476,-1.9604835425182119,-1.96196263534617,-1.9622566281811813,-1.9122224063483104,-1.849001973160701,-1.9010984583718307,-1.7849165591929095,-1.7900720175579334,-1.8206640334649085,-1.745717512457506,-1.758871220831772,-1.845480873482618,-1.835512394748942,-1.7676011499805135,-1.8647085617958672,-1.8716059648783199,-1.8251923962120293,-1.833758221619621,-1.7779625277494449,-1.7694651385223643
-1.1244627147775905,-1.1526467668493494,-1.1959337939576171,-1.2713388201127056,-1.2713121380433794,-1.2764004469118047,-1.3015002041974213,-1.3231619591148822,-1.3205126315712892,-1.3653616701202649,-1.3707787304354766,-1.3569989460046774,-1.421030161258598,-1.4404476938504784,-1.4876496004169144,-1.516668450581161,-1.570947051630569,-1.559676083704319,-1.5670162495625228,-1.642333640727421,-1.6184977614718303,-1.6084400767194291,-1.647405264782679,-1.6172063265644117,-1.542636049637254,-1.5509152080070012,-1.5240431704152182,-1.4777031913939886,-1.4769259303925912,-1.426410172616129,-1.2859313612140197,-1.277497079134806,-1.2125859195563515,-1.025149975731237,-0.9863430061713966,-0.971310881288582,-0.8023833740039586,-0.7490607297752118,-0.6988482824142432,-0.5546225219833009,-0.506721357543824,-0.47579892622085684,-0.38343982385783404,-0.23169039181955123,-0.1589740397161496,-0.05434193494153942,0.07069256966279086,0.1543388787250677,0.2671687774669312,0.5609463274196865
-0.6942750770001361,-0.6119613405802177,-0.6041921545005096,-0.5767527241425114,-0.45096031836825334,-0.3762415685411705,-0.31738697797446974,-0.12125746680411692,0.13320631263260324,0.39553032307602165,0.4967649352883757,0,0,0,0,0,0,0,0,0,-1.364421690525118,-1.2172380755128964,-1.142521359161823,-0.9970587259492484,-0.8419784397100724,-0.7977076770430223,-0.7413243326479059,-0.6447099731853227,-0.5435937576877015,-0.47343463891711374,-0.3026017321573789,-0.3389765705682013,-0.3153933763664477,-0.3447184154699068,-0.3310637575118753,-0.3002955642736574,-0.19725783315636866,-0.17888243103526566,-0.09528057340712104,0.08281480128343449,0.18271304932181243,0.2590783780892231,0.43074747967770427,0.6686841865558018,0.8160203283780019,0.9395561519259533,1.1838836776071877,1.3965126489859891,1.5576438324383963,1.7472465039726872
-0.046804930840318996,0.04121619071583004,0.11187349749938787,0.14979108434780844,0.2891932354699525,0.32564821706980174,0.4371014723707237,0,0,0,0,0,0,0,0,0,0,0,0,-1.3136783881027747,-0.9530381793556271,-0.8146301503626882,-0.7776074511355425,-0.7242066182467664,-0.5700396867722326,-0.5508619018698417,-0.4965991438080635,-0.3562420762541183,-0.3124734607974127,-0.22639306860462644,-0.10038473767023709,-0.06066938496667466,0.06033010073539502,0.23430651852387893,0.3101416279173356,0.3634829794881439,0.43072090102433525,0.7586248838478272,0.9940628601752991,0.7992638632579173,1.1263757543442776,1.8672054848283488,1.3629802204013681,-0.5278971634220283,-0.05272182907081183,0.7813923714450279,1.810201657400545,2.1768191501499055,2.4260388302781815,2.7870519364098185
0.2871445974642741,0.34354931698903945,0.36944347167438063,0.4036132599102476,0,0,0,0,0,0,0,0,0,0,0,0,0,-0.8089883513390059,-0.6910061627069066,-0.6586535458558983,-0.4263551422979408,-0.35612108146370614,-0.302893056492651,-0.22877219234810173,-0.10873761367235209,-0.02735261379094105,0.0392430630691329,0.21189375466193194,0.32557649687491563,0.4292712304857985,0.6319138069534751,0.7544597370918554,0.8192606569984108,1.1126882296522198,1.2741379986450048,1.437833557303444,1.545466276352868,1.5331257268089193,1.5607242390129723,1.3527051843287665,1.3471341405671573,1.4435027317725817,1.4845867909066492,1.5821849411858557,1.6950044471857912,1.7923617499179325,1.910689012609659,2.0819769449692567,2.2505629053868743,2.6072469061282546
0.3349074561404669,0.4298414509229816,0,0,0,0,0,0,0,0,0,0,0,0,0,0,-0.6456576972460832,-0.36092245382553667,-0.25927177429393117,-0.17170193451431642,-0.04747221630781091,0.0048481027374624504,0.0582806030348625,0.13686284029527784,0.2745729333044599,0.32981072211093504,0.3814469204332729,0.4765680192558504,0.565371880035852,0.6196132557627495,0.7254136075286031,0.7723423779749202,0.8019838066495892,0.7916676546057982,0.8283031260281581,0.8521682485227026,0.8210810732872101,0.8396767734125706,0.9071962277184558,0.9514989997600032,1.00036925686786,1.107026018929975,1.1542317403004638,1.2990683183761398,1.4301428496679256,1.5786427582843854,1.7780748188680908,1.949291837890284,2.0852902701335747,2.385093812512771
0.35510770889652676,0.44872943573681523,0,0,0,0,0,0,0,0,0,0,0,0,-0.3802737584120197,-0.22019353457420648,-0.21565423843153092,-0.10007190338390982,-0.069948431599627,-0.02395346838068957,0.020733097809820227,0.05458989988676273,0.08212880290345531,0.10290081056559676,0.1127714868436543,0.15799944689589807,0.18526115221912073,0.17711662870100664,0.17768823059158928,0.17606380523564832,0.16330047546554943,0.16625738137014176,0.14024789336925106,0.1932572141691416,0.22741595613566137,0.266125877632644,0.29240138070939536,0.3561064874108334,0.37793652698090213,0.458164922456484,0.5596742508442246,0.6961407410462925,0.752869351337807,0.9954052774339043,1.1244349326962755,1.274595703535823,1.4719115649681118,1.6576617958892088,1.7385200247580384,2.023486516644631
0.3190014795426769,0.35259559412879726,0.37949106577400227,0.40488385204459637,0.11137171878673399,0,0,0,0,0,0.2156287910832934,-0.43091555907527007,-0.36053714713128954,-0.3327681229853207,-0.2564348685223232,-0.22641157173032697,-0.23558818551677893,-0.18865707809334895,-0.18783015197992975,-0.19279486078382885,-0.18093661358429186,-0.17033785608834925,-0.19075595931930814,-0.18856212096851008,-0.20298984897058822,-0.24124693796863367,-0.2569234657336791,-0.27979806272838426,-0.30460717430916057,-0.318657985538199,-0.33664479388944946,-0.3023114445011611,-0.2729987174423151,-0.20931817410742012,-0.19713714845837016,-0.11484145504623335,-0.018080339428584575,0.04701475912010985,0.07116905505395536,0.2915666252118674,0.35725513619072646,0.486624981355114,0.5461222253518591,0.6989369866894787,0.8725955443004204,0.984114360573254,1.1663694794776966,1.2251544879330638,1.375120752829621,1.5597473496850451
0.3390326764551722,0.34706380051322583,0.37703097023689336,0.3964369322890324,0.4078997121166807,0.4534491522769128,0.49496279861558756,0.5458800336284093,0,-0.6570937535577043,-0.650821651337905,-0.46287522145176124,-0.44238014132686104,-0.4105752554707924,-0.38959127519366543,-0.39718543518776667,-0.43501608450126744,-0.47660822963286387,-0.5068267926474118,-0.530962159888172,-0.5416721960369011,-0.5672869409936843,-0.5992686892373446,-0.6319696121287156,-0.6420107779125196,-0.6618919427641083,-0.6652987085110527,-0.635312330301347,-0.6568362183369466,-0.6315970801538361,-0.5552423684421479,-0.5446832438597883,-0.531514664526464,-0.43550828859592466,-0.4237097881996054,-0.3596759446613154,-0.2655104068670929,-0.16034200855945138,-0.10746638817059795,0.07661891680628687,0.11991136659909511,0.22000725734908813,0.31586873318468023,0.4691197970898441,0.5701558255879539,0.6372452673190876,0.8485320909771117,0.9420388502349679,1.1090777208901768,1.24586154652831
-0.09531734071296755,-0.20613439946204024,-0.2669192604315979,-0.34178525612674926,-0.3760220406761877,-0.4154063436228846,-0.44284515266779656,-0.45179758123358105,-0.47320282278101794,-0.5224611938890567,-0.5530107452763366,-0.5657711133622016,-0.5988545778221301,-0.6131457994486017,-0.6352882328361139,-0.6682675017313721,-0.717030041646286,-0.7362654384496495,-0.7468788796641185,-0.7842591567422583,-0.7769302905248775,-0.7719159600889488,-0.797539558813735,-0.7912160186768674,-0.7585832160388075,-0.7662184774819534,-0.767795596320262,-0.7472947841598291,-0.7545041357837811,-0.7230133514549832,-0.6607772884816986,-0.6446633274805861,-0.6025024496046109,-0.5220437322828535,-0.4560116453779052,-0.43122153504887606,-0.30293196389619664,-0.2419211163047948,-0.18778743686730293,-0.0696756439504798,0.02717933732911918,0.09223607068906686,0.1256154439492482,0.2530965812316248,0.326381374201766,0.42398307038830535,0.5417554626034065,0.6339198469440561,0.7491934360249747,0.898282084453386
-0.4534586690235724,-0.4804297545130585,-0.49784272738675056,-0.5558415426053374,-0.5415084965465051,-0.5725308932142746,-0.6437430861094364,-0.6523993460358238,-0.681929126644502,-0.7250429254793712,-0.741117167354093,-0.7597715879336976,-0.7999053537241503,-0.8114830778685906,-0.8157927092730137,-0.8274090484944402,-0.8376518525660471,-0.8363045409482064,-0.8136565945350334,-0.8250682406175814,-0.804265401862293,-0.7956068625133583,-0.8120336217348411,-0.805225561404639,-0.7794220916184146,-0.7908060663709987,-0.784808205714164,-0.7473237310510523,-0.7655285811674859,-0.7296070709971533,-0.6708317263352006,-0.6406280487481905,-0.5918189177010179,-0.49885763664971705,-0.45531025297287586,-0.4010781283801902,-0.3185271394770177,-0.25843866123960346,-0.23794329837005068,-0.12360401488910593,-0.09301855224864608,-0.05404122127313198,0.026638181081154032,0.132759267507488,0.21924250497499356,0.26995024706241355,0.40209291047127854,0.4684417801016667,0.525332462320192,0.6241370534312143
-0.6038674792986212,-0.633253462478756,-0.6454340054013215,-0.6930958597021397,-0.7174029571659689,-0.7429017142225609,-0.7677139698547356,-0.7875780865946256,-0.799998590173913,-0.8337539135084122,-0.8372159677402489,-0.8202516684558726,-0.845401161672287,-0.8387658745024216,-0.8233216132208359,-0.8171954666486382,-0.819534988760657,-0.8084671199605287,-0.80415933891784,-0.8120469728029557,-0.8003172236983296,-0.7940542577773448,-0.807519239543257,-0.8051510295628781,-0.7683426738292688,-0.7828282543959681,-0.7593759468975395,-0.7115238913712444,-0.6937138449556075,-0.6506023741253567,-0.5915608023100896,-0.5473387203815214,-0.5294514505231825,-0.4533578346886677,-0.40874313829869935,-0.37302231520193324,-0.3230337826870951,-0.26884620073488696,-0.23851503883064745,-0.13808931404124827,-0.1083557766853106,-0.07180651241847455,-0.025791290935353293,0.04404214950670678,0.10500733414694251,0.1607591544455793,0.27879790170674207,0.33611010434211697,0.3499444269026124,0.4865360045210202
-0.7047396886515467,-0.729343741839812,-0.7389913695257242,-0.7665011681273091,-0.7625399326067571,-0.7695133684350121,-0.7891970096975093,-0.7934012732428928,-0.7869425067288034,-0.8014293313592549,-0.7937473156069016,-0.7744838594203178,-0.7831751831535319,-0.7821742871471116,-0.7610337294538663,-0.7649938328358615,-0.7842161712614691,-0.7787313988941119,-0.7754844325235218,-0.7908962265430978,-0.7748275107631525,-0.7627673332146959,-0.7621407359543451,-0.7598976394725169,-0.7107486816230094,-0.696147731603218,-0.6809257172775752,-0.6312092711889096,-0.6093222795524298,-0.5741748755369661,-0.5250518386325941,-0.5004036689235326,-0.4672128820046702,-0.404133477958481,-0.3614286467359708,-0.3585512119368384,-0.30091664875665297,-0.26435943606678314,-0.2144744136643316,-0.1715434972779456,-0.1266540444458897,-0.09078896829311274,-0.03712137868742192,0.03813636697236618,0.08030161765014988,0.12951513249613353,0.2102519245235138,0.2409366130623994,0.29746488283984573,0.37450158743838424
-0.7424703685340569,-0.7379625090355921,-0.7285966725953972,-0.7436492152147625,-0.7292114157745059,-0.7171915441928555,-0.7325884936327034,-0.7369566164182989,-0.7094748756180903,-0.7136313684061544,-0.7217163964102478,-0.7225747713666403,-0.7519572069804052,-0.7520768576731583,-0.7413992446783358,-0.7503514392072649,-0.7683526287720917,-0.7565061078068909,-0.7571150918001366,-0.7590760692911708,-0.7393630570065138,-0.7446256152361745,-0.7310541378819393,-0.6945379026735109,-0.6545694258279365,-0.642691386938915,-0.6177231134020815,-0.5492409283551133,-0.5400496421709592,-0.5197858069388902,-0.46375115816321016,-0.4522004065077505,-0.4285596643297962,-0.3819911840048229,-0.3711976698347489,-0.35383876087697336,-0.318757957111631,-0.29762331418440485,-0.2622019189554326,-0.19132747632084457,-0.15706119083472356,-0.10651444662456731,-0.08924237597424096,-0.013924404692669392,0.02186822628914573,0.06755041694563078,0.14950738509179864,0.18437656738521668,0.19121073290213378,0.27756778242557095
