jsons/1312538400.json
{"header": {"parameterUnit": "m", "parameterNumber": 2, "dx": 0.1, "dy": 0.5, "parameterNumberName": "Eastward wave", "la1": 40.97354507446295, "la2": 16.46031188964855, "parameterCategory": 2, "lo2": 133.9931640625001, "nx": 191, "ny": 50, "refTime": "2011-08-05 8:00:00", "lo1": 114.97908020019554}, "data":
[rows 22 to 43 of 50, columns 50 to 99 of 191]
0,0,0,0,0,0,0,0,0,0,0,0,0,0,0,0,0,0,-0.4157240552848658,-0.2570160906618446,-0.34104759009852287,-0.1500656373705273,-0.11385779228136762,-0.36552156233942484,-0.3122078821397376,-0.4240857248517928,-0.4243690692118747,-0.3733632128622132,-0.4244021433070376,-0.44061993107201214,-0.4177904988485282,-0.4162666421347343,-0.4159953784006219,-0.4082955856681192,-0.41094631172288093,-0.41965531447624654,-0.43364303793781084,-0.42422987904790516,-0.419563798859019,-0.3861932489624478,-0.3868630748150173,-0.3877803650712184,-0.3791077226462265,-0.3378373304116623,-0.33673100155881786,-0.333556504799075,-0.2936204426172651,-0.29983413972331263,-0.29493215790168237,-0.2686624105577694
0,0,0,0,0,0,0,0,0,0,0,0,0,0,0,-0.25198697270207493,0,0,0,0,-0.316581756943166,-0.43121139168288103,-0.5069170557442274,-0.49880733560067264,-0.5316215090246273,-0.5623557819273786,-0.5859833760798991,-0.6032296740034472,-0.6203342799866928,-0.6298689572359781,-0.640563606765265,-0.6613192715229231,-0.6622482843099544,-0.65774091855753,-0.6367201430181616,-0.6182730410881717,-0.5972013617914956,-0.6212426161224149,-0.6305562453434845,-0.6246572985160753,-0.63686633766023,-0.6274926749283783,-0.638267261834559,-0.6013610510924275,-0.6042978334652376,-0.5996101465017932,-0.5825573958013646,-0.5737295403285138,-0.5665308949179741,-0.5227118898335678
0,0,0,0,0,0,0,0,0,0,0,0,0,0,0,0,0,0,-0.434193609001202,-0.5155884052777174,-0.49323869207066146,-0.5216206419452966,-0.563226434957389,-0.5955692080440257,-0.6418168618852573,-0.7000386661773378,-0.71661782043292,-0.7610315151511201,-0.7950193901931667,-0.809350965483052,-0.8388677048516507,-0.8658686364669611,-0.8727114330220739,-0.8757302606857416,-0.8845559625523147,-0.8934722959864618,-0.9183583303085081,-0.93745273130899,-0.9782463379683654,-0.9895842235148651,-0.9947623940295626,-1.0446879013491503,-1.0069337328653236,-0.9584994756645328,-0.9791173738609817,-0.9515132028186108,-0.9203304746702721,-0.9229102328367886,-0.9044795419333398,-0.8527728881135436
0,0,0,0,0,0,0,0,0,0,0,0,0,0,0,3.3038944722661223e+38,-0.50607304664592,-0.4213661182429469,-0.5328175269975619,-0.6643096980915616,-0.705058260786357,-0.7375341335828497,-0.8025877322165954,-0.8322093970370971,-0.8996073478801612,-0.9395114308678004,-0.9803466200852011,-0.9879730715495652,-1.0462332566583255,-1.0906990778520695,-1.1233739982792725,-1.175105995695658,-1.2114452802000466,-1.2071121864683274,-1.2462603082159756,-1.2805828914228192,-1.2847874568581354,-1.2882275506854315,-1.3271476517469225,-1.3241702837825364,-1.3234853006657024,-1.359553188780358,-1.3526100880995757,-1.3622956439045941,-1.4075675466828428,-1.4356852756720537,-1.4253169697627883,-1.4500862680036495,-1.433129586274264,-1.3725529331542532
0,0,0,0,0,0,0,0,-0.22791617691227856,-0.27126496676603024,-0.3668280932962788,-0.5223952811951197,-0.6459217937880086,-0.6463447687551298,-0.6011199054366142,-0.6285448722117687,-0.6953345140218173,-0.7479960744968857,-0.79001096778261,-0.8679105441882459,-0.9336188257642024,-0.9682319199486318,-1.0259134351020374,-1.052767951829723,-1.1047984740399113,-1.172749562724588,-1.202940378982879,-1.2635473191416604,-1.3350391761469733,-1.376214140699186,-1.4187474215104212,-1.510052693197985,-1.5380304472275421,-1.569883022805081,-1.590529953439089,-1.6878423395792432,-1.7190354627522646,-1.7538798198729033,-1.838078103626293,-1.8085163461729736,-1.8195410571360566,-1.8975554007004072,-1.911574426899099,-1.9027531526346964,-2.005953247433607,-1.9936436780034745,-1.9818299199811154,-2.041738945796856,-2.046386441563941,-2.0445346870274306
0,0,0,0,0,0,0,-0.3762423178386395,-0.5366564018379802,-0.6705802698032823,-0.7003198826325711,-0.7287987462670366,-0.7977819316188499,-0.8452696265023747,-0.8996319314096416,-0.9438225637137017,-1.020633902819892,-1.0606653907119916,-1.1002984565038296,-1.1579418300424842,-1.2055248163123757,-1.2478415340391464,-1.320628726342912,-1.3681392506555534,-1.4527104433783098,-1.537647391367365,-1.5944986100877698,-1.636130160610416,-1.72088890885243,-1.762172333566697,-1.8339158073736177,-1.926080268003425,-1.994108367036667,-2.032498135692854,-2.082756591413371,-2.1805506743642886,-2.23148553851922,-2.272847297538816,-2.3658732071818016,-2.4039778959665705,-2.4307130656680362,-2.545694531669625,-2.61211706661474,-2.660937015135326,-2.7964931951817116,-2.8261897566932563,-2.874046460578765,-2.9990748075077063,-3.015566820050172,-3.0201608844148344
0,0,-0.5131656964525442,-0.4800271460670891,-0.5538980783417936,-0.5873235700724688,-0.7082707003585066,-0.7553325739368785,-0.8031426431755848,-0.8509950242904222,-0.9034148516666904,-0.9577134907595417,-1.0350150017251978,-1.0845151517024172,-1.138038607962487,-1.1756796868877755,-1.2467372756450723,-1.2998279372186283,-1.3499453799813474,-1.4389120937762505,-1.5070756913868144,-1.5400621493483038,-1.627632386871607,-1.6829867547412627,-1.7536242293516093,-1.8650195012480038,-1.899210774970439,-1.9922723774436506,-2.1191887971612413,-2.1880778763687383,-2.2671225814512384,-2.38896166096147,-2.4371580953776615,-2.5097618910150743,-2.568907976904225,-2.7167825161143813,-2.7781099776172686,-2.8419505701967456,-2.9995864478103798,-3.0896766356401018,-3.1153127775360057,-3.338413281592551,-3.4076674506926166,-3.4972147428103315,-3.6594678039340125,-3.7459494024170117,-3.8636660831095555,-4.091898799235537,-4.202669273366437,-4.129321183470956
-0.49689427637536954,-0.5470120476401408,-0.6185584586636081,-0.7050212947968928,-0.7749070445256668,-0.8343013558962858,-0.9186578218996995,-1.0878189767462896,-1.1389057503031688,-1.117417956535606,-1.114787070230928,-1.1636750361731607,-1.212132319071969,-1.2569770836416878,-1.2901714907731776,-1.3382402805244737,-1.4158431579574928,-1.4948533835691642,-1.5474750177309946,-1.639921166258626,-1.70070825039181,-1.7620330934617374,-1.871575694674598,-1.926119145544763,-2.0220046264527385,-2.163393652603357,-2.2151225660721674,-2.300104044227359,-2.4522305264851156,-2.5221819497280458,-2.6157304086194184,-2.7619366911093626,-2.8227283403761225,-2.9503793774010028,-3.0469713693868314,-3.2222078644231402,-3.3430763249857693,-3.3991312235590456,-3.5768137210738113,-3.6922631929554033,-3.7836856452365044,-4.035003048778225,-4.155919353483711,-4.338947729596715,-4.563814429800571,-4.721488673662279,-4.88745435030185,-5.160395287831584,-5.285309431544806,-5.362728051747054
-0.7571853430357819,-0.7803847319827961,-0.8189222834601423,-0.8909845453867691,-0.9365724726172419,-0.973449802979163,-1.0258327395647702,-1.0606549162996681,-1.124851887654207,-1.1842892150224316,-1.230078697085212,-1.295780380849544,-1.3852229382052923,-1.4308056423336382,-1.4933745388493314,-1.5372321333457923,-1.6259194954332952,-1.680079873747869,-1.7412486217926364,-1.8473880565702443,-1.9371820538778268,-2.0026378498823694,-2.1214088681850254,-2.199041865857252,-2.2823169030096753,-2.4323137072941607,-2.5023754793302753,-2.6069589427430313,-2.7780976645844278,-2.852378964031552,-2.9858869925774587,-3.1647622230307477,-3.2333691309279513,-3.3654251399184636,-3.4589437545350616,-3.668938683579934,-3.8559116184055293,-3.918150055673568,-4.1644534956401404,-4.338351942047897,-4.4107766220603555,-4.673666401879811,-4.85801315204076,-5.060457799934983,-5.332851256642202,-5.513861308220436,-5.7320880891182275,-6.103715408417269,-6.231453653288536,-6.44992015181759
-0.8727214315857659,-0.9065114271007632,-0.9606146384605082,-1.0317049225973627,-1.089428967613598,-1.1186462808135533,-1.170989670881317,-1.220330116812941,-1.2691150163686133,-1.347688565855345,-1.3978995714097138,-1.4641426271281885,-1.5560342921230113,-1.6103087922301702,-1.6332393120016564,-1.7169930997331786,-1.799528881005111,-1.8662605061922264,-1.9150503601181559,-2.049148489948568,-2.098898824901932,-2.1886544609152145,-2.3116756744346323,-2.4164449252360316,-2.5063353831869417,-2.649479292279397,-2.7367447681753045,-2.817128838364622,-2.9620070603798903,-3.0427769295728555,-3.1804858730424104,-3.335080378503991,-3.4694062150646676,-3.597492514061779,-3.7091442222913926,-3.9407975066476375,-4.129755020208297,-4.241932775229842,-4.527557733262824,-4.604948957911398,-4.796071241513909,-5.115339777773349,-5.278147948018335,-5.4014366427824,-5.717945431906926,-5.928505001855315,-6.119802418959935,-6.481131259143913,-6.695616292536368,-6.880979794302593
-1.045345910022013,-1.08230859584583,-1.1043662132722092,-1.1588394128639683,-1.2007101821324344,-1.2397693196873916,-1.264961277920638,-1.3065746652671786,-1.3064983695403145,-1.2377781045656628,-1.1655142348953886,0,0,0,0,0,0,0,0,0,-1.767392486679515,-2.0110911907341156,-2.203432205439641,-2.2978123563273005,-2.3836492323307867,-2.508407334279626,-2.6193678608278215,-2.682214169433799,-2.834106583488669,-2.884191196236574,-2.9530972906020883,-3.1978058681084067,-3.3056802022227423,-3.389023917423537,-3.550137933986328,-3.848103225077045,-3.9994820329441505,-4.115438423450258,-4.405892208140386,-4.600347400179374,-4.7448555766491385,-5.075143725155755,-5.23652952449706,-5.361188009969126,-5.749695050534445,-5.870446474973525,-6.035692093827789,-6.381420888499975,-6.499677634475554,-6.616330580661902
-0.8890331026243219,-0.8847262223448107,-0.8749199656088769,-0.8628013958123412,-0.8431365347491259,-0.8156350614463923,-0.7323129286520756,0,0,0,0,0,0,0,0,0,0,0,0,-1.4374707069751662,-1.6239102407583337,-1.7771193445801403,-1.9589074321794318,-2.0122692544674154,-2.097933070280377,-2.2189190184623215,-2.289799909070709,-2.3563819621525988,-2.489253529065219,-2.552394027119845,-2.6367896460426796,-2.8109568888195504,-2.8964899476487447,-2.951524450406801,-3.079787506618436,-3.327074650136456,-3.4974220963538336,-3.685291331047581,-3.8524103510002154,-4.0312915355297285,-4.141970142853327,-3.914455106772915,-3.5983233708168214,-2.5400180434282884,-4.649347018708429,-5.031158257979039,-5.173576072960247,-5.448407925818516,-5.552746466376045,-5.647352718986999
-0.6307692914841688,-0.6044632419426403,-0.5971908228034707,-0.5790718793814329,0,0,0,0,0,0,0,0,0,0,0,0,0,-1.100421973743609,-1.331939201430503,-1.566466926353777,-1.6157091150767018,-1.6758917643844857,-1.7929199435734846,-1.8390907940700087,-1.8784921859809471,-1.978972808921031,-2.0066000345824166,-2.0659602727084536,-2.148941253204445,-2.1914470878870924,-2.1958429227890095,-2.3471180270295746,-2.4700007886107307,-2.523410181553172,-2.54594577847016,-2.677209214444814,-2.7188042943181996,-2.8213271412056065,-3.0339504296346766,-3.3161559936813405,-3.4895580757156024,-3.9684900102282605,-4.1539301933462545,-4.34731535104153,-4.661517998653549,-4.861661412920469,-4.997728351109245,-5.386579713722592,-5.592894148381918,-5.746934581080228
-0.46932166524593183,-0.39496440237778774,0,0,0,0,0,0,0,0,0,0,0,0,0,0,-1.169802612209588,-1.2328188158601263,-1.3454695566155461,-1.4454619594153146,-1.48166316237654,-1.5238805088580234,-1.606758313073807,-1.6504612753740053,-1.6878535430498185,-1.79195507212371,-1.8242332553442768,-1.8794912480543366,-1.9876716294951422,-2.045060418403653,-2.1142646765689825,-2.3170643333778034,-2.4416450949337096,-2.6607801901854136,-2.7640007007290084,-3.038490857640823,-3.1374433833089794,-3.344239486153908,-3.657934432572067,-3.7704917425110893,-3.9440747353439995,-4.236472907020143,-4.33651525229474,-4.476971986884517,-4.736566555477484,-4.868273352155308,-4.930441402099787,-5.190808140097633,-5.265430375554225,-5.369674578402977
-0.3942053210769616,-0.19875521402784255,0,0,0,0,0,0,0,0,0,0,0,0,-0.9088235663627688,-1.0649608365302452,-1.2624422790734267,-1.3310317492129047,-1.392439418659077,-1.4875471093822041,-1.5347672513339636,-1.5819551331419328,-1.6866593032664898,-1.7534953310231578,-1.7944995389747238,-1.9185177091447236,-1.993147878091501,-2.0723486447073567,-2.2300213675318057,-2.308509073383619,-2.4206494257418645,-2.65008219345247,-2.7448503139159097,-2.903883325876981,-2.995952703066401,-3.2642028117887087,-3.3671039235790587,-3.500683981639244,-3.732213730720131,-3.806855372600317,-3.934433745474309,-4.143503211110857,-4.225288422340575,-4.328561376681289,-4.5116232704181485,-4.590261507458158,-4.642909285555941,-4.827519157996896,-4.883010157087077,-4.933727292861551
-0.36826077047803174,-0.3516718907054543,-0.3330724250622499,-0.2885323860502594,-0.40793789898370286,0,0,0,0,0,-0.7169613488944605,-0.9877570824327131,-1.1820458918422874,-1.2581124905033474,-1.3177017209267132,-1.369565503856065,-1.4733566277242491,-1.5169968981570559,-1.5682327200183614,-1.6589351755042145,-1.706565032236159,-1.758702851959586,-1.8912571338671464,-1.9345486505107872,-2.012021164822451,-2.141565126724833,-2.2027611750624234,-2.289808201079055,-2.4614998828098313,-2.5335499291297494,-2.6300439712139982,-2.793828435897003,-2.886277704859626,-2.9763499673180096,-3.0931068780095536,-3.2544283944372814,-3.330830427118018,-3.3967451000207443,-3.5226564502840083,-3.6395328819791684,-3.706118553816936,-3.8527470382109454,-3.9045055146652303,-4.003146815336339,-4.146744131122809,-4.216001310472416,-4.223565460137253,-4.319824943472448,-4.383561752454916,-4.4153369185962745
-0.35395352605488767,-0.353991361011379,-0.3608490316135778,-0.38657906188406516,-0.37053202096677385,-0.39264479168918726,-0.3715756266042863,-0.4234282825114827,0,-0.9042571774952812,-1.01877595552715,-1.1660012599194693,-1.2996553047527672,-1.34857191654973,-1.406218806508073,-1.4531954482440215,-1.5541104857980974,-1.604217115198869,-1.6373333112333597,-1.7349876881623376,-1.8007058922343133,-1.8482949304815757,-1.967692255137103,-2.023963828025417,-2.0601502105070884,-2.1865414221754578,-2.256128368043965,-2.3105948743920726,-2.4510687498179426,-2.5044475004568167,-2.6013576281507182,-2.753213393064652,-2.805405536496939,-2.876878237242169,-2.981526148216363,-3.0842699872550243,-3.1462378157524995,-3.1807568034301936,-3.2859563067833446,-3.3514852052801265,-3.4159282659404755,-3.5180486907252178,-3.5910780145614507,-3.5939550162095832,-3.7228152189652053,-3.757922796323757,-3.8076714476321083,-3.8959335559504873,-3.948590938865645,-3.9341577703710535
-0.7704053487552043,-0.8028098274357577,-0.8233872894716139,-0.9301709312780178,-0.9561822790300945,-1.0410996136595636,-1.0901767897568269,-1.1196792278112455,-1.1500385646997167,-1.2212136745366113,-1.2442483615503583,-1.2933302380176779,-1.3844258310525597,-1.4235402020417818,-1.4636585599211043,-1.5096064306478818,-1.6044682624060154,-1.6605663602357357,-1.706773165275702,-1.7944021055584352,-1.8641336142126619,-1.8863740393651494,-1.966841055702569,-2.028621462362706,-2.081504506389733,-2.183987960141574,-2.2191091522911086,-2.2765388987684565,-2.4111397203417386,-2.448902263646208,-2.5441796008167628,-2.639680857232915,-2.704910882394885,-2.743644603553323,-2.7905749606963304,-2.885975882222939,-2.936548590686592,-2.98549948045198,-3.0767972975419093,-3.114182009485685,-3.1441695135408807,-3.2500032389995726,-3.2879178582721833,-3.340073639611113,-3.4061636417854295,-3.4411525025640244,-3.463742764811499,-3.5877840385303577,-3.611683917036311,-3.6184506025409022
-0.9146436484710357,-0.9380339726528827,-0.955702662060132,-1.0320542068622836,-1.0645071122138823,-1.0866646860834432,-1.1803950229365843,-1.1869247670443515,-1.213723400829304,-1.2992350836669075,-1.3440127009720626,-1.382624400608,-1.4650123858097293,-1.500558862397904,-1.5426961408458968,-1.5837830339684338,-1.6375602370544278,-1.6903509941727803,-1.7149318553214687,-1.8089343200671466,-1.834995260887201,-1.880434874298096,-1.9560908094820162,-1.9993778661779393,-2.0553301011153913,-2.14249151316256,-2.1886562756569843,-2.238286889656591,-2.311636088081399,-2.365967361842795,-2.4273377474944358,-2.4894214628562534,-2.5288204047077567,-2.583059319096363,-2.6202064401446945,-2.6976422265781137,-2.7133510984601505,-2.7610211863922998,-2.82876290854763,-2.87371765507453,-2.915402050442782,-2.9661780461520424,-3.028116895269589,-3.0647191891902383,-3.1194136195248694,-3.126880887314257,-3.1628966441353095,-3.2376083254177384,-3.260641123134508,-3.2881933666784318
-0.9735613803773555,-1.011991001489576,-1.0092272067881454,-1.0921389272526867,-1.1082956046884394,-1.1494582060143184,-1.20971799493737,-1.2557110722136258,-1.2931803462069018,-1.3656442245091052,-1.3817341822140583,-1.420135989420581,-1.469775751609327,-1.5081671330282387,-1.5479224680039656,-1.5745836413384164,-1.6440164026424489,-1.6925805874145639,-1.7260808038230129,-1.799750307693482,-1.8460935322327694,-1.8739730974784843,-1.9624461260004418,-1.9788775367833378,-2.04115693860818,-2.110631433120827,-2.148649583198242,-2.205513318391671,-2.2541587588180056,-2.2955212385530146,-2.3154545974826997,-2.375590550140534,-2.410418457476585,-2.453411374443235,-2.487888575669854,-2.53196375603254,-2.547224798166952,-2.5873751048306035,-2.6482000275089743,-2.6899966902393593,-2.7245080024146415,-2.7547464319760753,-2.7943372857000432,-2.825125108819072,-2.8686144057843936,-2.907676953960888,-2.913236471608323,-2.9629467881696767,-2.983044696977906,-3.0358167998036176
-1.0269542134641594,-1.0706965509992519,-1.0992784378399507,-1.1598431181521596,-1.1793632623880306,-1.2091039427375903,-1.254138233965151,-1.2804593046551629,-1.3240975618767885,-1.355963333743693,-1.396445328485637,-1.4497894217090632,-1.4788267844064018,-1.5210613731925107,-1.570520406772668,-1.577863312718016,-1.6506196979205423,-1.6975070481692855,-1.720911810908932,-1.78973858163187,-1.8371892769628257,-1.867089986527215,-1.9473770821439682,-1.9641010845365678,-1.9946675716591729,-2.0402302413169977,-2.061187127240671,-2.0969563602209544,-2.13268151604851,-2.151090835106618,-2.1790785073811976,-2.2214638759206666,-2.2513411818361244,-2.2741576073608454,-2.307462414287917,-2.3396177624325682,-2.3765979270763795,-2.409238100897002,-2.474488205886093,-2.485349534920443,-2.5102287825204943,-2.574151095108886,-2.608432170644776,-2.6268693045311955,-2.653909388217916,-2.683694271348835,-2.7168696970396513,-2.7375793556561776,-2.7623248157368385,-2.7899829041682818
-1.0676031291200032,-1.0865734002005487,-1.1070351429167435,-1.1659822878089567,-1.1970504754445912,-1.2193155019553328,-1.26976223943205,-1.284312371033286,-1.3252848918022364,-1.3769809263583817,-1.3903234237826188,-1.4357233487140384,-1.5173639213517216,-1.5266851408657625,-1.5559570479827125,-1.605508595813351,-1.6612519041983176,-1.6915793114033144,-1.7266363973219536,-1.7688661541211552,-1.8019918096839251,-1.819878457955687,-1.8513529389061258,-1.8866336706694118,-1.9184336645395652,-1.9452186686486526,-1.9701830640239621,-2.0079123014314764,-2.014862491589047,-2.0399497930061123,-2.0817575288703467,-2.1179012972528337,-2.1452785450917626,-2.1706156666571355,-2.1810177845378496,-2.221361458734,-2.24695653894681,-2.25281950721881,-2.3165503518388784,-2.3530356018714063,-2.369785249333789,-2.4145968295241116,-2.420724191324786,-2.4493007567476743,-2.513178923269591,-2.517291478430417,-2.525330871073419,-2.5490451643134486,-2.5654739359766845,-2.5978063824445634
