jsons/1312714800.json
{"header": {"parameterUnit": "m", "parameterNumber": 3, "dx": 0.1, "dy": 0.5, "parameterNumberName": "Northward wave", "la1": 40.97354507446295, "la2": 16.46031188964855, "parameterCategory": 2, "lo2": 133.9931640625001, "nx": 191, "ny": 50, "refTime": "2011-08-05 8:00:00", "lo1": 114.97908020019554}, "data":
[rows 22 to 43 of 50, columns 100 to 149 of 191]
2.0314002488293608,1.8412876618893321,1.4923896579516693,1.398648217921356,1.3496127854626958,1.2188266576922946,1.216046978595767,1.1734220641454378,1.155318940448635,1.1719752924488973,1.169343954572777,1.1912889914197822,1.132682117154997,1.108068144348461,1.1276670974299061,1.1356156550225234,1.1512447184807564,1.172692309322118,1.153372935567351,1.1277266870409615,1.0945899997390929,1.0079872834866141,0.9703996732018183,0.9353964601538816,0.9377229856715363,0.9518170621083304,0.9859459283460189,1.0451588290529374,1.0359955978266395,1.0389747990333982,1.0409449744704213,1.0282041696501967,0.9972974163144249,0.9717812912023087,0.9260265279201213,0.8961239910041892,0.852528329184871,0.7991574200066534,0.7563226530844682,0.7187698609179584,0.6212214157940444,0.6091483709860466,0.5719728881131688,0.49979422878870294,0.45025562246704964,0.4276088555134328,0.390576426439733,0.35210585682094636,0.3277463684692896,0.30666921351548526
2.2765719467586756,2.2091063403651177,1.9510055090238256,1.906615700713107,1.7956781580591632,1.666891342455244,1.5684873686752827,1.5286229564236395,1.4437392200395909,1.4239800114032521,1.4079506542404703,1.3751206168733976,1.3608325436062831,1.3657422101356973,1.3912801690046956,1.364833218528527,1.36909548416392,1.3714725554960763,1.3559172060243458,1.349574713417532,1.300770730176338,1.2154677057909784,1.2745616678389489,1.3373860043070378,1.3053702102596274,1.290658600588646,1.275499550487065,1.2958869854277038,1.2828497914670909,1.257009555463283,1.2336181295215083,1.1945652756495753,1.1524182782328531,1.1422500039240462,1.0954480587564843,1.0436096647979811,1.022962442534743,0.949649851342624,0.9066466927453491,0.8766991843205382,0.8003489706581993,0.7549139858710574,0.7152214016507505,0.6367783247928128,0.5988617777992713,0.5519322663223334,0.5235215975594039,0.472136266683824,0.45047311422588987,0.4381859287909158
2.4126710328061183,2.3975350823117125,2.279781180919094,2.2474401998236435,2.1772957532595116,2.061958463390298,2.0208912820846106,1.9814723162682797,1.8821126755234696,1.8285209897741221,1.7892755148638297,1.7701085192512254,1.7407620474706993,1.721878201126217,1.7066888651414402,1.7160490201316498,1.726446277626433,1.73432678927173,1.7489228116371185,1.7427241286151218,1.7680185761873433,1.7464703930967647,1.722054314234933,1.7215527351908448,1.7129734984755451,1.672554685204884,1.6529733137652844,1.6233920747269446,1.573411685064645,1.5341186999833252,1.4880945257791145,1.4455664145797424,1.3912624680748125,1.3589193659193395,1.3109951232381445,1.2632346782002735,1.253821647182733,1.2437687541888214,1.2229138311544772,1.19371502394963,1.1907202007161268,1.1538352800998555,1.099304009960825,1.042744177907647,0.9454986177706854,0.9023229112226676,0.8234079304157247,0.6606937688968825,0.5697478046570968,0.5244113145295007
1.480761870751582,2.2188003369670164,2.3767571192470967,2.357035688489853,2.3263378064846627,2.2693608909798773,2.2319057814662506,2.2211941999135365,2.1129863109658737,2.0742359036926934,2.091609738999988,2.019891058483918,1.9552281051577058,1.8857114050731811,1.9532864434435355,2.0281057168847996,2.046674070930923,2.037395252355788,2.04268358612704,2.05073015206608,2.023061124570874,2.014950200714188,1.9950951320894152,1.9438171761003424,1.9249256484485773,1.9180727828098538,1.90841437659592,1.8824188663973977,1.8202391866527818,1.7884807153228799,1.762266406797642,1.6944338094754752,1.6557254633549077,1.6149414773363022,1.5390956586047997,1.501463329015333,1.486276578456272,1.4749798444796673,1.4739126197205081,1.4670159435764023,1.5825236574530097,1.352665356185377,0.14962831534342214,-1.8414554129671008,0.6125344974437319,0.7386443740061196,-1.0971911222774386,-0.7486334565614204,-0.46375463904574593,-0.14831911019234026
1.235683261047184,2.355240395444206,-1.1579357172562263,1.3679284509716387,2.210782474376621,2.407067504865913,2.3985542244765727,2.4036911975455113,2.3638816757778547,2.3546329293241834,2.3375161103942275,2.3245664707262153,2.2730832646097596,2.2646379549299542,2.2393446533778385,2.1879531043512834,2.1617968635301628,2.1427518601651148,2.0871312274165774,2.0855760778504875,2.0558713894326477,2.0372773796700754,2.0229955487360853,2.016803484638831,2.0228509802488746,2.027640196864002,2.043750361697997,2.0257553635840564,2.0350778137276526,2.001305581421371,1.9906098520807527,1.9580647604810268,1.9196954786162386,1.9042912592051617,1.8794623046824834,1.8448278388808061,1.8297162696441067,1.8330284954645657,1.725423900461258,1.66898857473994,1.0336486008108414,0.9150543358510609,0.8189409103158446,0.6997685453433427,0.640713094719448,0.604875570247934,0.5810419595964386,0.6170801809931384,0.5604915083243927,0.5869188588923251
2.248630749100634,2.2599586367058744,2.2751779022682923,2.138981258488332,1.778282759228665,-0.5087944813889037,-1.6691177365193792,1.2820273349480078,2.156429704574644,2.3388933894696873,2.339605217305105,2.3200745998385974,2.277843443126324,2.2626871669977757,2.2594019107845242,2.187203318663829,2.1902460286224112,2.158727435318913,2.1307859288146065,2.104785686047321,2.101881114156237,2.0863167876922066,2.0740944630764617,2.079887719113658,2.06584900317764,2.075033618553695,2.0954796616095175,2.1120285598959434,2.1139086191473755,2.103170509516061,2.06154354070408,2.0200056934453126,2.006716183437234,1.9897462887488044,1.9391332434226054,1.8900341785575911,1.8701875626390803,1.8043325058308415,1.7476316723501828,1.693823681763187,1.6157521800951715,1.5730258481482828,1.4562351148409796,1.381298313335101,1.3550778101631973,1.2976514323850306,1.2434385991703767,1.1887444531273625,1.1495084089604604,1.1248031427109104
2.1333811601103867,2.1408374760528748,2.171390484292002,2.1876288338707206,2.2065950415308353,2.1589678774309515,2.188689856816052,2.0655138072721715,1.928572677750755,-1.825470654440469,1.0696007088954091,1.8005119871838866,2.2470011819444276,2.240273026319428,2.221288087575038,2.1960313664279734,2.181707937203657,2.1708907257942136,2.151979778380208,2.1429020390136397,2.1292855290079795,2.132672185915591,2.145313349588657,2.138774557939216,2.131610612991719,2.1301915284954656,2.1296446799860083,2.1514802540666684,2.177895207113788,2.197142778699634,2.2066122234155428,1.7883406271380633,1.388726615014118,1.3970241040529419,2.0293302060307084,2.04387407702828,2.00139647515319,1.9120587166634797,1.8539092894851,1.7776409066680237,1.7078105467853526,1.6472349190666202,1.5852797976941133,1.498753598358826,1.4441028209844282,1.3501153751809483,1.3236813920721053,1.2364783186858053,1.20907863312909,1.167026601718953
2.0508193158535417,2.075325502853106,2.0964788037317663,2.1042813422736413,2.1105140545285885,2.1259129389969873,2.144982394707809,2.1613266678511245,2.1784615863798815,2.0562561975404674,1.9650012319453316,1.5624575660856475,-0.9292034658121905,-0.5134767975648884,0.8522388432053376,2.107236790165489,2.177553196543761,2.1819241566190075,2.1814143276617375,2.189802618680038,2.2074514530060467,2.2084451190463867,2.2196438555409035,2.2407631313710907,2.26248801713641,2.283097030382132,1.8893939350266398,-2.122941742584479,-1.726627371461402,-1.4679393999040855,-0.7518186944603796,-0.29298482776388585,-0.19633037515358343,-0.11954339169070574,0.012130528677780007,0.053121454374848276,0.18582617352441222,0.28514890907883594,0.3832041424528137,0.45281173261843455,0.6402054305314124,0.7294153857607657,0.7472769869771962,0.7878009276072458,0.803981261318292,0.8269980548175094,0.8738126655628934,0.9008674256011076,0.8955277650699619,0.8741365948985877
1.9880837306865977,1.9938432537588169,2.0066267948610625,2.0263292348761333,2.0268732981605657,2.069803022209585,2.078475548998565,2.0955480198070924,2.1084281128161315,2.1084619096147628,2.1277937350765206,2.1268519940518025,2.1282654103125744,2.1224512663247306,1.8540247055706125,-1.6676882793062195,-1.9420458949784822,1.4895079359009058,2.0887209342730446,2.146540207569796,2.1609816942507343,2.1610280970902016,2.163673260262977,2.185238017517431,2.2088584939701037,2.229943657018033,2.22965816475726,2.225032955456988,2.065263261975744,1.8954845243693133,1.6750189825745616,1.34853832737041,1.2659324951317403,1.2331889751301308,1.1301469376338011,1.0700050993149877,0.9253106024801145,0.9632780869422585,0.9275851105341352,0.9095562381266572,0.8822362361605968,0.8988348447262313,0.9032593338585456,0.875242985514166,0.8523340078845173,0.86247067739756,0.8993791399634077,0.8845450922097208,0.9372534138517458,0.9557722688436527
1.8867629929645646,1.8810201277796494,1.922565620027056,1.9412045133581204,1.9425404816028589,1.979657501542651,1.994676842107769,2.0085951949415293,2.0333251886528787,2.035593718447075,2.0383906760296546,2.040710757787964,2.0561749326253653,2.067215383751679,2.076264489133499,2.0873611775351293,2.0842278701191006,2.086027846742658,2.0244747492134123,1.4537124178665677,0.13482665005070238,1.438501418156354,-1.392688610558513,1.7676389742848775,2.0527692212438393,2.1080160035611923,2.126828697695775,2.121603336615536,2.1288621797238867,2.1401818176994016,2.141087282964,2.1379020611964887,2.1285890402561622,2.0872617997931258,2.0522868865211796,1.9962849291668516,1.957954664294453,1.9012946032465325,1.85946856992928,1.8245994784607327,1.736621123427312,1.717074431663715,1.664975146104357,1.6192384677694098,1.619433718652533,1.6083742156227154,1.599162124948736,1.56573906728071,1.5186852384277327,1.4687473385012983
1.8519752702570051,1.8540546854822557,1.7622020057236618,1.5741075156698676,1.1271968614057744,1.625520564691282,1.737551489297509,1.8226236528467692,1.8834833763388725,1.9072564915431747,1.932572560787244,1.9416082703692559,1.959275367538318,1.9727170573653785,1.9725205185125505,1.9831802384198767,1.981215146544559,1.9857686652325042,1.996915229116481,2.000535963948873,1.9891805213333378,1.9984665070261236,1.983447031895977,1.843565820188625,-1.8979667751322702,-1.2119383340740457,-1.0836012597820008,1.7052528425882874,1.7554259234021328,1.9583315661623384,1.989362070434914,2.0602199884332104,2.033225985030213,2.0250788058422713,2.017725694766818,2.0017067585032673,1.9795679975458953,1.9756211324154767,1.9644253114974257,1.9503925935715518,1.9219582373795425,1.8982691040207818,1.888099082336006,1.882912078959979,1.8864808804956983,1.8822332703208315,1.8663239286880347,1.8565934657880134,1.8520994362799117,1.8461639159988263
1.7748998655005916,1.8062389256007219,1.8003019533671734,1.5248853125378155,1.5443574543201513,1.7666902409023597,1.8228196663304828,1.8208332660235684,1.823247092830448,1.830825512351224,1.8644693030765886,1.8666316801550722,1.8795521630189438,1.893119874202493,1.900933572479077,1.908266781331363,1.9176721760639424,1.921706009638545,1.9343609990916213,1.939306116672018,1.9340390653831252,1.9401732222167243,1.9418274991764712,1.9427937193220421,1.9474486943829359,1.9382964384355945,1.8934681651554293,1.9633313571678999,0.5270062867509561,1.9305195436673346,-1.626560500174336,1.900609485477504,1.89393574417347,1.9043775547288722,1.942377141293415,1.9405242270260452,1.927448712689765,1.9170436418805978,1.9146959476355794,1.9047080068243498,1.895576099655672,1.8863199084978164,1.8705020393683252,1.85905605671414,1.8532523671065089,1.842247725410403,1.8373057892954903,1.8368522025513283,1.8332567491421863,1.832873032304239
1.597286088744179,1.6434076006684324,1.7327335127735162,1.7734501268796896,1.775846321334439,1.813647263902581,1.8258751760149479,1.8084213864783956,1.8284091334270975,1.8405812765211829,1.8441303878305653,1.849266895052278,1.8408355930563225,1.8351111384718453,1.8333322224701505,1.8513236023981596,1.8546074047560395,1.862417769052571,1.874603174424125,1.8825095770353546,1.883519333363707,1.8985482469594137,1.9046881294813818,1.906787037389527,1.912722421643671,1.914794934943117,1.9109922391607757,1.9093378517019304,1.7539050906892037,1.6266738620674028,1.7550813932511375,0.01076481592861156,1.870226492956299,1.6876929031409071,1.8471720303400623,1.880006075769307,1.8733883991772213,1.866045277468531,1.8639385770244168,1.8565447848087964,1.8532950174489617,1.8502756741601927,1.8406280999087192,1.8378715988974734,1.836082346070999,1.8336237840381506,1.8327162040843634,1.8306287064008753,1.8330656080860317,1.8365924946094752
1.5042288129205135,1.5564718814353855,1.6243733892779975,1.650554603165176,1.657098020812919,1.7265576490894443,1.7367195362957635,1.7524327088064398,1.782661336074403,1.788925097870741,1.7938257955745085,1.7996487479331582,1.803316623166739,1.7970416622511736,1.7986921043813064,1.8277637977990884,1.844349780589852,1.8501315308521546,1.8607022278600205,1.86403833247734,1.8670992103026764,1.8803001208816517,1.8850194918628411,1.8857454021047544,1.8951961617215047,1.8925174040800856,1.892545716512275,1.890651246492645,1.8934881925074536,1.8639749601445925,1.7158633095697726,1.888498150482795,-0.21228441019732072,-1.52763582546507,1.5842892280713874,1.1806091368569225,1.2963966339507835,1.716011574987285,1.7689696601239553,1.8168541822429436,1.8413978967861313,1.8367100402174834,1.8021644243898371,1.774433121414894,1.7609409580782316,1.7620095873654418,1.7672684899598667,1.7828735855319147,1.815280256115706,1.8143837234008642
1.4764771564426482,1.4859022385117568,1.5116099420354403,1.555207708728499,1.5717410713512654,1.6468281026315708,1.6758277168513387,1.6659985651969578,1.7078023590947695,1.7185245571048189,1.7167961710202098,1.7152040446597672,1.7527708293702429,1.7495466328448346,1.7644953391668134,1.7965846089593827,1.8034425832385128,1.812032996093694,1.8363834955704985,1.858602002155698,1.8626795268463545,1.871117698717008,1.8804171266754104,1.8942058004245592,1.9018217687341499,1.9023679871041173,1.8967545730950772,1.898962050427784,1.9047064355729162,1.8989658096864652,1.9007681954511184,1.9034405480067391,1.8709594325041479,1.877619085045348,1.574490405219418,1.4434031981681996,1.1426810487391048,1.140618490132288,-1.6385333406143292,-0.6201320310911667,-0.25235705423772803,-0.9772380403193754,-1.4697552677332741,0.42274337167405945,1.7987812154152725,-0.24801184716900188,-1.3553953713582152,1.5204119577390962,1.290039313890038,1.501634700168329
1.3905171625421078,1.4474051717618794,1.4983230818160869,1.5104694891521078,1.5268798283615872,1.6124244331041722,1.6325515827802708,1.6408558611349537,1.6763126168527065,1.7084129017164458,1.7130583410067526,1.7259196869327105,1.7527004369826036,1.7553224320533187,1.7725269560877965,1.7878632050446313,1.7994547697598788,1.8088016809389864,1.8362869698494153,1.8533139648069472,1.8662752234884643,1.8991998956649443,1.901934280532796,1.894953211026659,1.8956815255672947,1.901717257913281,1.8947064884238565,1.8971329609108265,1.9190271185228542,1.9181236398775832,1.9064272448464454,1.9020389150403478,1.9019164287229349,1.905573999772255,1.896530544229166,1.877977316965179,1.8079729171203167,1.771514605548947,1.7324939850954688,1.769090666741854,1.8183884745710885,1.629449473160691,1.5989130844819077,1.423776546572727,1.492670046062695,1.5361574575065777,1.320583276289321,-0.77707210007993,-1.8477606635899284,-0.7879752679674386
1.3668007116568852,1.3947056561020994,1.458340808410832,1.482540930262948,1.5150977539846215,1.5631540772458759,1.601814052249917,1.6085070213906862,1.650812356890793,1.644948027556178,1.6571572397074896,1.681659475753412,1.7055588831975244,1.6902321231166815,1.695828828809018,1.7157767285249992,1.7110245902156571,1.7331978468623028,1.778131078300795,1.8075119595374607,1.8269640874647288,1.8598058078131314,1.8829884147183737,1.8801250394685836,1.8981509323084726,1.9101839379312398,1.9333476073076599,1.9402730631318783,1.9271087195313845,1.9105148152004188,1.9145002071401651,1.9211555013407793,1.9002220398875687,1.8958429397359602,1.8956634233806007,1.8822271333316416,1.8799379748515976,1.8844591512917235,1.8839154660712543,1.8753341293171346,1.8711577944620263,1.8708627605589943,1.8711955430115441,1.8706859989304376,1.868329227352301,1.8617387202618503,1.8350285657232088,1.7815164118079356,1.7704367389396032,1.7785885815102398
1.2843449612777877,1.3053804604674275,1.3902329831184161,1.424902974246831,1.4326033764743165,1.4512945220020341,1.4650723320702097,1.4875958964670746,1.530193367138768,1.5477723947271793,1.5355290703152977,1.5547475843964935,1.593709870146284,1.6177887208095865,1.6347163108804423,1.6627857000987323,1.6672748517229314,1.6774817953663235,1.707264520062489,1.7258514973336538,1.7414609621309807,1.79943244884334,1.79922928337287,1.8044734610481339,1.8386607742375207,1.8574202551445869,1.8583963529880776,1.8631221641943265,1.8889488903743128,1.8929292846293033,1.8995028235057358,1.9076820388565408,1.899203822083081,1.9025815726850712,1.9304540063647546,1.93412183251021,1.9181099764885303,1.9115609012625305,1.9103194248510647,1.9220383081196402,1.9243922481766864,1.9139614457098988,1.8890208081888997,1.8877593497242189,1.891473163836848,1.8880137205697223,1.8773204967845019,1.8604506320680927,1.8474155689863783,1.8367820172411977
1.2103324989856483,1.2262770685312911,1.2734608227013686,1.2865070146782465,1.2914773288771282,1.3570090263980499,1.3902149622517186,1.4242360654981914,1.452822940417914,1.4933681878438432,1.5212751016212678,1.5539913884916683,1.5871171323891284,1.6037381434599571,1.628642451599118,1.6534568260897244,1.6594655886327612,1.671395296194949,1.6938233304035022,1.7104979029669989,1.7441960597009805,1.775109465366166,1.7890131428329588,1.7945941229795916,1.8489892761298925,1.860219864668412,1.8536147215718122,1.8511761176153745,1.8558678325256297,1.8371651180695803,1.8363014377816476,1.8768903112170652,1.878002516709079,1.8784312910257344,1.8830918121051943,1.8843135721784796,1.8860082070503652,1.8913926903003586,1.88754275587733,1.877951575771797,1.8886030328497003,1.8846112243733142,1.8759433590200827,1.8554926376309544,1.8453429030809156,1.8178172157206016,1.8128706114706992,1.8040768503044922,1.7771660220680785,1.7464482642705892
1.1536322423343701,1.1511858478968287,1.2302778567060049,1.2621142787466466,1.2802612880220157,1.3320868502897378,1.3691800904459672,1.3968328661688796,1.4547069395968903,1.5011418854198675,1.5229122737334153,1.5261416556655183,1.5942469484591664,1.6228914968480488,1.6403390859042837,1.642584860211502,1.6383313411417448,1.6492111262944904,1.6806430164202704,1.6899994425607492,1.68704313290306,1.7182618935699585,1.7656474310751957,1.80512825205656,1.8386982955051556,1.832235075986014,1.8111118401482758,1.8139057361509396,1.8343718240627263,1.8304161375463852,1.829253704499675,1.8307554480414687,1.8301449608904403,1.8271720454922595,1.844029713574405,1.8463813250744305,1.8426952158040544,1.8377924376615131,1.8331584641279886,1.8248003267860007,1.814496097628088,1.8040245721917865,1.7775462131052577,1.7539495240149265,1.7176386980607405,1.6504334528008655,1.5902010973729002,1.6050447061284558,0,0
1.0950648037365527,1.1654882381201828,1.2489980826010205,1.2655859697729472,1.2757961218467724,1.299096285785676,1.3078430089819737,1.3275354109680266,1.3208955456004086,1.3578555289911,1.4137294138108167,1.4436445192650809,1.4890061219714334,1.524182971460804,1.5752121547170026,1.60659274724145,1.6033662375269706,1.6178528503973886,1.630181918932064,1.646406689038558,1.650132933549115,1.6632513870514227,1.6749620163335774,1.6798125167332467,1.708894006681596,1.7094591767062088,1.7130276130134243,1.7309191297335358,1.7288957223765073,1.7139784473235444,1.7281099666663609,1.7568438069610548,1.7519205629641594,1.7560027212439555,1.75683130537154,1.7463527291180536,1.7474540059637902,1.740921114793032,1.721167774189876,1.6873338553877972,1.6664333835378402,1.6353790600184834,-2.7327209836771922e+38,0,0,0,0,0,0,0
0.9818042138004764,1.012714367298073,1.066521230692662,1.0790848850658328,1.105945233127879,1.1734645708740736,1.184183059575246,1.2064618932841489,1.2740009098203202,1.2999910237586683,1.332020406195283,1.3503003913618201,1.4033833423150839,1.4045637760610812,1.4233148722534268,1.45024759056562,1.4655895705334543,1.484485838460452,1.538714031930424,1.559596293052269,1.557153843128648,1.559020649045435,1.5545283663201632,1.5600547455808207,1.618472233261074,1.6357282956639845,1.6534518159344105,1.6524778023979931,1.6511562006970186,1.6369855202189756,1.6378350195201428,1.6301373357815045,1.6155001019217712,1.6056822355915068,1.562779890937198,1.5111068198857296,1.5044489104711867,0.4883155488970983,0,0,0,0,0,0,0,0,0,0,0,0
