jsons/1312765200.json
{"header": {"parameterUnit": "m", "parameterNumber": 2, "dx": 0.1, "dy": 0.5, "parameterNumberName": "Eastward wave", "la1": 40.97354507446295, "la2": 16.46031188964855, "parameterCategory": 2, "lo2": 133.9931640625001, "nx": 191, "ny": 50, "refTime": "2011-08-05 8:00:00", "lo1": 114.97908020019554}, "data":
[rows 0 to 21 of 50, columns 49 to 97 of 191]
0,0,0,0,0,0,0,0,0,0,0,0,0,0,0,0,0,0,0,0,0,0,0,0,0,0,0,0,0,0,0,0,0,0,0,0,0,0,0,0,0,0,0,0,0,0,0,0,0
0,0,0,0,0,0,0,0,-0.14231810797149128,-0.2041797791454961,-0.2305093733739964,-0.2367881049043172,-0.24789710910416005,-0.25154817157143433,-0.25005145291169595,-0.2480593855581999,-0.24508023716414462,-0.24295370925194004,-0.24361645449802613,-0.25135740936940354,-0.24657686373132215,-0.21363382302841688,-0.30125915128933795,-0.14460995373214144,0,0,0,0,0,0,0,0,0,0,0,0,0,0,0,0,0,0,0,0,0,0,0,0,0
-0.3237578080517263,-0.1359362853939825,-0.2656567963599225,-0.26530147662539544,-0.29008440437585786,-0.3150062405103028,-0.33115778487715025,-0.3562953369127158,-0.3606982523956894,-0.365493164217146,-0.36694273266730165,-0.37343171463431546,-0.3763079822909221,-0.3797561061976992,-0.37815383357575283,-0.3806225816662653,-0.3888664765060316,-0.41179152589661167,-0.45058842132338844,-0.411256823869021,0,0,0,0,0,0,0,0,0,0,0,0,0,0,0,0,0,0,0,0,0,0,0,0,0,0,0,0,0
-0.3962551356174071,-0.41902899849382824,-0.4194400722515169,-0.4148419901645639,-0.4409519767493427,-0.48176766177730473,-0.4957683525644263,-0.488703856325075,-0.49293117764794875,-0.5168956887217984,-0.5246605719451585,-0.5242485572909473,-0.5291533768126662,-0.505667837857326,-0.5452816182542549,-0.010721549653542866,-0.1808329371854797,-0.06951910420713871,0,0,0,0,0,0,0,0,-2.345719140413128e+38,1.204593301273384,1.3152706764199797,1.3645971091315408,1.445235235143737,1.5218348591947595,1.5959733230368223,1.640026497314532,1.7731008243499025,1.8410611814664806,1.929385005587332,1.9620786361717726,2.045235657239218,1.9706813254760402,1.9142546513267922,1.8274727565735318,1.7256653416447725,1.6289350422348874,1.5815756475098082,1.4432299358232423,1.3340906178283387,1.2404151737956246,1.01196291547662
-0.5290838384736658,-0.5586769038063797,-0.5397143390676197,-0.5393814065519403,-0.5667109042888958,-0.5298375995427698,-0.5253319261746165,-0.5446307636627193,-0.5105733743131471,-0.6671898034560421,-0.7068765677488056,-0.7864664224309988,-0.8653863902500905,-0.6865439692271518,-0.7166078606427377,-0.5916071974298375,-0.6460935978410781,-0.24734148887493915,0.46863404827253513,0.8052042465443331,-1.947739393912435,0.9334693792922164,0.9688745525285863,1.0573081959824577,1.197382731169782,1.3205489820816343,1.449382802313373,1.5760199249692137,1.7052139676906093,1.8528211576702038,1.9774013270272488,2.183597307715297,2.294362829694981,2.4651952898019704,2.5817831929736306,2.730313884519888,2.8368509994560385,2.956670166049086,2.956653414617463,2.9895440033769907,2.986550708782459,3.023898298649262,2.879739762191635,2.8251640956102566,2.7840933318625094,2.5882358378143757,2.5467792958125552,2.2641257664226697,1.8177403631982858
-0.7064723601357992,-0.7611655882351747,-0.7586913454174229,-0.7650269529038527,-0.8208887213780359,-0.8041677212796065,-0.8237743873402354,-0.8478019038255599,-0.8544410445095396,-0.7768851758611733,-0.7928664592262444,-0.7544972417919901,-0.6362753483955076,-0.613171504130971,-0.5624948259475042,-0.45275735885275437,-0.4529686069519294,-0.46463775352126735,-0.3339605380807877,-0.14181111309282693,-0.0784425768082632,0.16780555238319195,0.23206522392730963,0.3886112544401702,0.5522355528827382,0.8242205242726245,1.0983038879608658,1.2676329886125697,1.5840612838684514,1.840889986400836,1.9492700981294564,2.4106166003528884,2.5220141552302175,2.7682474215135744,2.9609084256194644,3.141534767161061,3.307357863718205,3.6178923966607766,3.7319779728899816,3.8510771777347976,4.026477880254677,4.074155753379101,4.131663759436454,4.133822201422428,4.272765699603688,4.069650108103451,3.9517147179889727,3.819861023621817,2.964021890706921
-0.8388696903133626,-0.902696700578721,-0.9383063773982973,-0.9700279353277986,-1.0478572136616806,-1.0705151498060148,-1.1008189814633889,-1.175133437227634,-1.1971212154725144,-1.2131295022149091,-1.2717683551810959,-1.3244223057634466,-1.3288745411508256,-1.4093796829671539,-1.411332522267876,-1.4445118995255453,-1.4458256001566425,-1.4920353134418596,-1.3082690628964584,-1.3045194618250948,-1.32807787751309,-1.0683061432154262,-0.988097813017808,-0.9434000246848628,-0.6653354276448564,-0.26986692450598193,-0.17730764667130133,0.17345122896513304,0.6766041338067065,1.0930445310072263,1.2402965435002171,1.8196545350791047,2.1987467230276203,2.427734849906525,2.909919551664601,3.153994205406896,3.4465471006410593,3.8278758137478177,4.041344545657836,4.396163617326036,4.726908479053397,4.958982352861136,5.26254043459811,5.329026639529174,5.57007801774065,5.490735916376646,5.441955022111793,5.350851657071234,4.758791819898788
-0.8750293272564037,-0.9270293338204981,3.3883012068285926e+38,0,0,0,0,0,0,0,0,0,0,0,0,0,0,-1.7114110060021481,-1.8398843392509519,-1.7963973407538574,3.3507274068436036e+38,0,0,0,-2.0404813487357845,-2.071178453102653,-1.528803884517538,-0.8179720069077759,-0.19797142217914326,0.17391448201658277,0.5171100031206587,1.3175049902204652,1.8184503893779878,2.148424552071841,2.831698618980825,3.1878211063019535,3.397097102115962,3.867098475120759,4.19430501074969,4.5755427638622255,5.082888814437079,5.380138224388255,5.868423267530573,6.136574367293691,6.507362279154894,6.7300119935829,6.781187262466798,6.834090628636221,6.705383600359119
0,0,0,0,0,0,0,0,0,0,0,0,0,0,0,0,0,0,0,0,0,0,9.356155206262348e+36,-1.718538085725476e+38,0,0,0,-0.3533811845852601,-0.32523903735718146,-0.13622099218914266,0.13867196519632652,0.8805505891579288,1.4115667437765456,1.9771586567263333,2.5739263200688782,2.828761324570165,3.2304553898179775,3.7964309574627966,4.112041047542602,4.601456265216718,5.026192363265511,5.408512379994317,5.931648471932467,6.104565289173061,6.458045477759251,6.759623775182084,6.894323754375951,6.960675634279855,6.928140019014735
0,0,0,0,0,0,0,0,0,-0.7934911085966375,-0.3588839835266775,-0.993969545227536,-1.2426693124593802,-1.7400020058019003,-1.8000723394824167,-2.0558913432319192,-2.081816287245693,-2.303118904936073,-2.2785308879721073,-2.3238983440245593,-2.370976213997447,-2.1492240434272616,-2.0650932560651802,-1.9520118760600695,-1.836898038316945,-1.4378783677405953,-1.22655492461797,-1.0353248408027402,-0.5089333601038706,-0.2930028890814557,-0.0004226667961975111,0.691077672666562,1.1360105406513632,1.382003402766201,2.034499913731308,2.3964679045013013,2.7040101048624825,3.3865776813076005,3.7782763975307465,4.144142309553264,4.715536706476089,5.001282153218369,5.390586325972018,5.728386734777543,5.943120202490662,6.162716383891709,6.294687033839506,6.398237523234566,6.370458003438396
0,0,0,-0.2686410110583401,-1.0542685881722282,-1.1907514032608348,-1.1605418731586672,-1.4936906159536414,-1.6873537266258696,-1.8521738716515084,-2.11413066113393,-2.236926899896529,-2.346112307923317,-2.534574428285132,-2.6324153811735576,-2.764584745358545,-2.809852363205666,-2.929432507851013,-2.9889132401665237,-3.011152874300488,-3.1297134778464515,-3.1384492783285123,-3.139776169352376,-3.221401710934424,-3.1804637662269806,-2.970924848853948,-2.968261186231842,-2.8686544692398233,-2.437957857603157,-1.9739121863087141,-1.6158624613087382,-0.7264500309995381,0.1719833329949291,0.4870204021118091,1.6598597267709685,2.0448084540535225,2.5784132223251457,3.2563461037611985,3.547649444620722,3.917998644706092,4.334431039543493,4.673977125992106,5.007253992530418,5.239668168681447,5.374343039193781,5.625235158233268,5.661409611764276,5.764154277385272,5.734071802819053
-1.1264755130210475,-1.3368058512787393,-1.4412071284657415,-1.5418507228877287,-1.7205792040198795,-1.7815555252932718,-1.8725995824551709,-2.045894092990264,-2.1500249332499446,-2.214191311334008,-2.3810366880967506,-2.5029500114826617,-2.5611654872926275,-2.719726226271478,-2.772027421889261,-2.844415612424034,-2.9194545448695375,-3.045540451072875,-3.1436232417706953,-3.245333179244237,-3.426600347499864,-3.4764109499018248,-3.55861226730693,-3.6811166855468427,-3.7164014609730343,-3.7743473996685157,-3.8409765948047827,-3.8467155389827714,-3.8572286734349914,-3.8041311078335323,-3.717076697948121,-3.3130976994225443,-3.0475199639573516,-2.13442157599425,1.292326746464608,2.9127900923738235,3.2384569731247885,3.5876413154014135,3.7469481185204887,3.9095969140915297,4.086252545160349,4.156794869004541,4.32271938847379,4.406618623497238,4.534446346686986,4.660203793057563,4.779106249359839,4.853030314175009,4.88818954522776
-1.2958908079285614,-1.4215350011106604,-1.464499043125096,-1.502944706848725,-1.641399000054901,-1.710892429945426,-1.8049616016953356,-1.9420769943427674,-2.028216733914194,-2.1292606039294237,-2.2721439762353453,-2.3577023618263135,-2.4108457191195325,-2.5292173073603905,-2.607179409335671,-2.652438477418695,-2.771147831356861,-2.8986451602643624,-2.9922328763746555,-3.079800186470176,-3.2382280738349114,-3.3150563025960045,-3.3517307669549194,-3.450497634552875,-3.501911505770583,-3.563182527574926,-3.6467315316249387,-3.6711737579951667,-3.6880885233634935,-3.6931461787828646,-3.658401464637529,-3.590474028667998,-3.6013202114903713,-3.610641208874646,-3.460604001484655,3.2934712902690304,3.156827213676304,3.414310417049358,3.54753190298281,3.5540692055879703,3.69647809477632,3.6841492503034985,3.741059483381116,3.756160641925331,3.6561563996487343,3.67653622295005,3.704369546577908,3.6820689707072427,3.740509221830423
-0.7014274052833209,-0.949623370274138,-1.024486135072994,-1.1221864645072224,-1.27768481010761,-1.3225986589686671,-1.3808980670857542,-1.4857448406557532,-1.538721503539907,-1.6033467568371185,-1.746573717833695,-1.8062548492178103,-1.8759018510363705,-2.027433966996083,-2.084829279185993,-2.164339240386256,-2.256074104292586,-2.49329508154955,-2.5889813116555143,-2.694768781073862,-2.914004771328091,-2.990721282107942,-3.069712241657657,-3.1932934615788895,-3.2527988085465,-3.2906540669126443,-3.352239319930476,-3.335403776614064,-3.2915077191987705,-3.1270447167146522,-3.0285131278133175,-2.6116017957812367,-2.323573117877122,-2.178525946136709,-1.5979254714354512,-1.577158639972371,-2.1798886276403717,2.9117986396652453,2.37494542888253,2.224076594400243,2.237488567044754,2.56056458825562,2.7142099925658725,2.9010865945251165,3.060535600868117,3.12202098480986,3.1600186556550938,3.191452868884438,3.214925077662418
0,0,0,0,0,0,-0.8518822301455043,-1.1579346634537098,-1.246876472730769,-1.292309841816569,-1.3842753345973215,-1.435206250154977,-1.527850435767923,-1.6937526969151775,-1.7959871521659485,-1.913625996560098,-1.9938349806477658,-2.131073409344679,-2.235572303157939,-2.3057159950023514,-2.460933022807381,-2.4780319272535447,-2.4651951755004977,-2.5435523629250025,-2.5997244028660815,-2.6384049768389715,-2.7576762336227243,-2.7973594938456814,-2.7521328543385843,-2.738949051047378,-2.7093216978964683,-2.60129225746482,-2.490242429841593,-2.3461145014733127,-1.8763278032210977,-1.4832582288590312,-1.2110622725612907,-2.137746756038764,-2.4381596094506843,0.8427707292434392,1.4022676459915562,1.7723774130559853,2.0015052851403854,2.292847989268488,2.521090207769525,2.6374562119104343,2.699123594110652,2.802445547294721,2.8310451891116797
0,0,0,0,0,0,0,0,-0.8178082160196379,-0.9391838839787235,-1.0745916502447106,-1.0800870121828232,-1.1669158110968445,-1.3329620343162478,-1.4312759627766922,-1.5506603246745514,-1.6536655079205353,-1.825131647893258,-1.8998849198852223,-1.9821164889626133,-2.14583381950257,-2.2154585802425553,-2.291501324096824,-2.452678545810898,-2.5326928784709795,-2.597883765796682,-2.628732942660595,-2.627938672070888,-2.6091861200853352,-2.6501371352686798,-2.6105712470485067,-2.515188743404016,-2.4551284024450335,-2.3676535446000497,-2.096888386093388,-1.8536902048943933,-1.6612648241816081,-0.9876657596964523,-1.8875268376202476,-2.706454016166076,1.8559019704219593,1.0622550728386453,1.2058776095096042,1.4488048124757578,1.9738538694555445,2.138654838241222,2.2797585506432525,2.4686927930565887,2.5231302091662844
0,0,0,0,0,0,0,0,0,0,0,0,-0.2013944602644373,-0.2565183972899934,-0.5353683301859385,-0.7922208207093029,-0.9593986999690588,-1.246458699313273,-1.3828129141043668,-1.4908040127040916,-1.671571712338226,-1.7489330439719935,-1.8027021842197064,-1.9128784431393049,-1.9751425593604721,-2.025601787062647,-2.124365038051423,-2.1447323870626445,-2.1784956224307734,-2.1990961295387157,-2.1833110136015783,-2.1109112618378156,-2.0647487924524994,-2.039891060721811,-1.8550932074937727,-1.711158972956995,-1.5045533626075709,-1.1588041978701356,-0.9274414072088535,-0.7795377269525526,-1.9037025852951581,1.2716694339337806,2.4156635297408813,1.460528826635467,0.7485894587261359,0.852442880071851,1.094335056366646,1.4680132197771534,1.601702916998822
0,0,0,0,0,0,0,0,0,0,0,0,0,0,-0.3363658054377615,-0.48688148760317956,-0.7557151667649332,-1.0053590648002662,-1.085275442261635,-1.1915645423592598,-1.34449929104941,-1.4234052426426806,-1.4835391921377667,-1.6247604667952718,-1.7031802594152934,-1.7831203539214606,-1.9255622305056763,-1.9655440085301885,-1.9854738540887078,-2.0072048416243873,-1.9732525579545157,-1.815390947787755,-1.7193369858494736,-1.6688649891313951,-1.579905653736324,-1.5151259558457437,-1.4453689800943739,-1.2699275264867915,-1.1818141160771627,-1.0677370458756974,-0.835346258903474,-0.6462330522946456,-0.5155422062023567,-1.533415690280652,1.7292789425014319,1.0278364381716167,0.5776953758050787,0.915934627945243,1.0930794793385747
0,0,0,0,0,-0.18940181186375213,0,0,0,-0.07475368107535449,0,0,0,0,0,0,0,0,0,0,-0.6349772422058783,-1.067848512542223,-1.2123141978789527,-1.3975076471046222,-1.4563038067840783,-1.5036542390522993,-1.5943689097885398,-1.645768448464317,-1.706027839247397,-1.749729448427414,-1.7290265082773617,-1.6889780862332084,-1.6832786701605862,-1.6654369447021335,-1.6596908344816044,-1.6410881584804053,-1.6200036464178909,-1.414939322909645,-1.3182236870645203,-1.2028780161871266,-0.9878662015524184,-0.8729077255722997,-0.7489657527793966,-0.6294603714275935,-1.2055876201004163,-1.6009958656071344,1.7937053670329968,0.4697473640081521,0.6406913731374116
0,0,0,0,0,0,0,0,0,0,0,0,0,0,0,0,7.687319238094705e+37,-0.1417339143166282,-0.14947336889879362,0.2745133200324747,0.15139217942933936,-0.2582065121762209,-0.389802556118865,-0.6886101519110908,-0.8801588457116086,-1.1553436681875857,-1.4418366144788064,-1.5610764207111456,-1.6996531394186805,-1.7848425425340262,-1.7974390335091754,-1.7500764785312137,-1.6927824873773114,-1.62150642818903,-1.4817190509964975,-1.4421801749059864,-1.3522010497657635,-1.1930817950834336,-1.1479532320095933,-1.1187348898843317,-1.0084598526951454,-0.9444048060391452,-0.8467303633626727,-0.7378872000970844,-0.4912700041158476,-0.8813054267962455,-1.2888389413902455,0.3354059403742267,0.6726442573052246
0,0,0,0,0,0,0,0,0,0,0,0,0,0,0,0,0,0,0,0,0,0.05312771316858176,-0.18627740110402655,-0.488449547207103,-0.6569545000172354,-0.8980251113434727,-1.1498605845726595,-1.3297014336357862,-1.5931495227421315,-1.6317052689918323,-1.6694784925308577,-1.6571060656393983,-1.666288255187621,-1.638013581741346,-1.5474058000688997,-1.4664847488168182,-1.3904245927174232,-1.3283268763258003,-1.253615512456662,-1.202585240425334,-1.0648329657627975,-0.9555246647161648,-0.8349516384889194,-0.7549953337369147,-0.5513806824839675,-0.4213644317411348,-0.8752061812468758,0.6667091574189542,1.0252390432126408
0,0,0,0,0,0,0,0,0,0,0,-0.10662497698547345,-0.04441429902061258,-0.07832996746097942,-0.10595975346796985,-0.13533294487036024,-0.1574986032193068,-0.23625900495270413,-0.4788643661155305,-0.658917827964861,-0.7349142034194257,-0.7929868293755178,-0.8748274550694555,-1.0574458083023226,-0.3633759313519445,-0.7124617161588302,-1.2970746574656609,-1.4477095820113908,-1.6028363107598822,-1.670516505678186,-1.7656850916154914,-1.798892652119508,-1.7504455607025329,-1.7001772613244737,-1.581094549857004,-1.5227019244549702,-1.448222542367787,-1.2792618777279694,-1.1705813053175007,-1.0815647445666212,-1.0218466870676628,-0.9896232645298291,-0.9362914469487839,-0.8683276869672919,-0.645530338807731,-0.5233173576880875,-0.4707767576028222,1.03457816276215,1.1171327950264478
