jsons/1312603200.json
{"header": {"parameterUnit": "m", "parameterNumber": 2, "dx": 0.1, "dy": 0.5, "parameterNumberName": "Eastward wave", "la1": 40.97354507446295, "la2": 16.46031188964855, "parameterCategory": 2, "lo2": 133.9931640625001, "nx": 191, "ny": 50, "refTime": "2011-08-05 8:00:00", "lo1": 114.97908020019554}, "data":
[rows 22 to 43 of 50, columns 100 to 149 of 191]
2.129408732505842,2.2837868645441675,2.514947787623904,2.6403735495883134,2.785844106199747,2.9930298279196728,3.0812069595214195,3.29094221257722,3.514432454623937,3.6222605039876483,3.741974319197428,3.9978808054708677,4.232387826601243,4.375670967188921,4.419608690100695,4.609653079047605,4.68253024007874,4.749730371317137,4.827038980074985,4.860836352607128,4.883458140271614,4.9739116905829945,4.937249792788349,4.954184194831392,5.046821747410131,5.111402934978613,5.123778153849724,5.08734770799994,5.133087840362724,5.022817591584555,4.924851270482121,4.9737823055627315,4.880920561195998,4.841859364617581,4.828362391969968,4.731913866747592,4.686222421036603,4.691094448990863,4.585264910046746,4.4551755980252254,4.422053585213637,4.346431160238959,4.132868247735231,4.044120104553149,3.90176212339951,3.6578481979572066,3.532482438348255,3.431868219856449,3.326557647993747,3.3185742720898985
1.8702523494885563,2.103603935789064,2.577664905328683,2.733305947342527,3.0039240598597625,3.316917257914798,3.5801366244753283,3.7904016408776977,4.235765086361699,4.398624057952159,4.636710415846771,4.80918334079074,5.135834109215095,5.289845402757024,5.490317404868125,5.727902486805847,5.763275846507935,5.802561130687405,5.988302693926763,6.045878576337271,6.0485639171618635,6.151327875844462,6.216723843069148,6.166928026090286,6.220938128763997,6.173634364047586,5.990750856415244,5.979002678789873,6.028956784791175,5.825511704576336,5.765344924614166,5.717243014902283,5.538810718675893,5.513906730252824,5.5017983883530075,5.261681658369057,5.23005718102324,5.202951000195709,5.1048395557868025,4.923268251379372,4.8072691929489935,4.6740976586995995,4.401784705417005,4.100202969028652,3.9022646009924133,3.528165468690634,3.4304710060829806,3.3746437536154943,3.3237827025691753,3.467548173270554
0.9506538376391571,1.1926986812748743,1.7771819853452608,2.06011053112776,2.551380724227731,3.1656808604995827,3.487415618886366,3.75578290374042,4.345914312804872,4.693910865918169,4.987204984628446,5.283942953990555,5.8539841738349345,6.037024035251683,6.369126047451822,6.661344832939487,6.806462874228252,6.986501693345286,7.294055408261071,7.435375215583671,7.390282325355144,7.475477875647965,7.45160175398801,7.284505943564212,7.122582884281294,7.107251115750066,6.84761779625357,6.837478666277774,6.847617848194631,6.651462116605646,6.547015870409607,6.54477685901422,6.177939143726295,6.1087015360144115,6.02748336082171,5.84812630392039,5.733386298345732,5.648519904103852,5.570448989116345,5.2819105972912865,5.18237929725299,4.909292227866237,4.370911842232797,3.755109598668135,3.439319319750193,3.0306091873173644,2.887036872401321,3.121062155744942,3.438559603658448,3.769630431238063
-1.2347229255423284,-0.7712221691118334,0.16753580530524081,0.5358404400516691,1.3038811704948658,2.2648529856339876,2.993521451031213,3.5033279903859516,4.799662596134188,5.091455253129787,5.411053091340063,6.023762671667332,6.744591751935962,7.143975420306914,7.368814233112603,7.911035173428616,8.128499034199955,8.346833334745282,8.630102389949101,8.790754531209174,8.677815586222106,8.779030013054127,8.670615650652534,8.425719444723029,8.367604664047692,8.2115593888009,7.968286993517092,7.811822377557902,7.7896816468839605,7.492303052371827,7.290229409425147,7.235713264471934,6.953214207861255,6.8632115642018645,6.794555729710424,6.4711358498482205,6.37392602249515,6.279953883243876,6.119428340730376,5.758446129047553,5.567129507396544,5.131356796117713,2.623685279580919,-0.7553891119575871,-1.8908836041486197,-1.830564579909791,0.23128920418377671,1.6273975358160087,4.549330517540775,4.800359181211754
-3.6079849313984957,-3.20928800540292,-2.302429948218446,-1.6357865944592187,-0.9242672827313427,-0.05232944327943207,0.8380537255424586,1.479849524502122,3.1797633468422246,3.888837638819019,4.937466597462883,5.487547404228766,6.770288381775208,7.305711989166778,7.840967745760759,8.594378425797055,8.807127098286989,8.95576508945095,9.330370420846045,9.472073996914864,9.385392353467196,9.564040141888174,9.574680204552413,9.301156088297779,9.191938408655188,8.890029320987066,8.439237205780529,8.27795758870527,8.276554150208783,7.884245629486926,7.720173177395346,7.652847711151561,7.377168899302192,7.251469686948605,7.265988127090916,6.86835953219299,6.726735734356316,6.638539887346715,6.329596956572807,5.976706284631475,4.492114358029634,5.02872217405489,5.891066201076717,5.717423385870128,5.668508071448842,5.433532283497257,5.3623702344528725,5.292619853588999,5.139179311173553,5.056902373707371
-6.934874319584219,-6.517219726787591,-5.929789110534117,-5.443785848870423,-4.731940995630795,-3.6106620256939466,-2.6400753886142256,-1.9463964366792588,-0.05171380711471994,0.8841934991327026,2.1362604325761456,3.377753461552547,5.118956002442914,6.232825467181246,6.7171565221366745,8.065998296562107,8.348361390476532,8.8701229227507,9.362758188492784,9.573399065351662,9.510777015911348,9.778625419653341,9.80093810993651,9.647693190196511,9.565493981249016,9.50189071089157,9.105791518719819,8.88232107748786,8.733960322017849,8.320537276114704,8.077370297892108,7.907811222920539,7.534319773069339,7.37599994931759,7.335694580652351,7.117847894172559,7.047314514532126,6.9392836460668255,6.7899141212455225,6.545359831380011,6.451330174385694,6.357567633530165,6.122562411030949,5.979804684352542,5.844067460154526,5.635269456172266,5.510629915098531,5.443011737696915,5.256222197109518,5.152203151077483
-8.656072084616383,-8.611660446442713,-8.337837996068693,-8.26368949218122,-7.685422879911376,-7.309566135266702,-6.56961758557465,-6.030415858588105,-4.644264899252614,-3.4314292515616507,-1.8688809398764714,-0.3204039520693476,3.40969222907171,4.235003077259139,5.27107325944789,6.336922059946768,7.061375515275023,7.426927593147169,8.021979643824384,8.382616041482338,8.747599129426991,9.006287983969244,9.042639109805833,8.97997183970803,8.933424553314353,8.795890525775205,8.466485298748538,8.215138390025556,7.860488559120144,6.952132293995932,6.4138501661365765,5.929074750135396,5.248562522914351,5.265330612142097,6.54777474707095,6.972800293490592,6.978903929765669,6.880774255544252,6.76261900340096,6.48332564254978,6.4164265042709285,6.253584747063911,6.002981422332771,5.884122699151693,5.781342495167441,5.550051824963011,5.505369365944066,5.377874625274081,5.236914115403863,5.113653906423397
-8.132474108421835,-7.817928148858923,-7.427125874047292,-7.032416737555663,-6.660079352110398,-5.830709688818604,-5.378177333704692,-4.701804561193819,-3.5050932226168108,-5.422466758821056,-6.191611321741516,-1.4036769465765726,4.310061299359704,3.2864296805819357,3.3946232877044022,4.758509277881337,5.358489269658546,6.156500533541225,6.766576431828834,7.062072484028014,7.521534169458321,7.803670807481815,7.869979654933856,7.930856341240239,7.8545649145864225,7.630122426182371,7.132541660534463,6.757054582920523,-2.075151301095592,2.0364707496702033,5.350104459552074,6.354556047845196,6.9975266168580905,7.053148543641951,7.006077538699077,6.858786657639515,6.676697293063792,6.538493016444676,6.41532437363449,6.196734045564024,6.082587467296651,5.950406230954113,5.6734870034607034,5.535586844147397,5.438411538480614,5.2803886409757075,5.215292589223437,5.107033129466048,4.975705822565911,4.847334248387468
-6.426826426915485,-6.1770400077357825,-5.629501908560539,-5.18391363450756,-4.901344480035182,-4.1567911545439005,-3.7974518702348297,-3.209370220297136,-2.123072987509284,-3.976704857348986,-5.185318676155452,-4.458268813271928,4.802238981162583,1.3034056628573107,1.8433470299358243,2.9826053487095425,3.4119124442120667,3.9241048038396262,4.651515406979002,4.864996209884231,5.066319067335376,5.623322413360844,5.7888159151190495,6.017737578703847,6.348410829851418,6.466006616799527,6.373377246715914,6.4583776516095055,6.551663093443005,6.521988985819475,6.465075754470648,6.507073895603425,6.296292584356475,6.199079846758568,6.083914590947465,5.879179026375999,5.8429493908654075,5.6958477448757865,5.622007505772347,5.466831027017896,5.345458399326187,5.280656790963831,5.087904298366572,4.999221778126493,4.9189160773099,4.768517380315346,4.6726341462369465,4.591364650349551,4.45884802789122,4.360792948184646
-5.627019327906898,-5.4755509314897255,-4.853292382105911,-4.3798781383180065,-4.167550882455101,-3.2773953930946678,-2.9246633005557223,-2.454757677002538,-1.5778749851419995,-1.3625860611341352,-2.070744947944312,-3.7868569265267227,4.477625705863976,6.355207685844907,1.8365591174039335,1.6293294164880625,1.7708074130567029,2.069292414763204,2.603697320250485,2.9085941882510076,3.1824076932894467,3.5297905718722427,3.7289436687979434,3.9300185044579528,4.2091029725320706,4.39146239444575,4.461304826714122,4.54294675786491,4.7343902658002115,4.726622432549109,4.8083871492916215,4.930331709572154,4.860927791897958,4.868287266767131,4.82251189040475,4.744024824288525,4.676190046241537,4.672402950441989,4.665089934874663,4.491706010561465,4.504574514054386,4.475003507858862,4.276207323821493,4.236787196087522,4.202370382582051,4.07712038039448,4.039123179373065,3.9938932972897043,3.9021874079838295,3.8782775043995414
-5.500204429038218,-5.334684977705119,-4.7039333051330665,-5.155139829485174,-5.3017961047682824,-3.886845500494723,-3.459465686800799,-2.9725610187996243,-2.1623650001853485,-1.7649864423048418,-1.3122494188462923,-1.0714506836196374,-1.9499371566488117,-4.249235605003684,-6.580203715144283,5.622812881609376,2.9512307297550984,1.93551357225725,1.3626645715979298,1.57079682294737,1.7721192492444087,2.075840096256052,2.138865845871943,2.3175523416644275,2.589510902962466,2.670414236387284,2.77577347670401,2.8842614919115857,3.1385825393213773,3.119568860042958,3.1654823188422503,3.27955624306611,3.2832930876947013,3.2792347032551046,3.332505163496359,3.405599464570361,3.4390008864567996,3.4892234630649592,3.5144818692744795,3.4936378345745167,3.5057413540675606,3.496522731674159,3.4358990175413067,3.4112764166891805,3.384806976817246,3.305170149714168,3.2241125292082473,3.2325929848143344,3.190307473185039,3.1094854740535323
-4.801795244832038,-4.584468215452485,-3.6552554384112015,-3.234482547790982,-2.9782799876339436,-2.939554246652001,-2.9026017333746865,-2.722152213834767,-2.2321891861811824,-2.0290270830544586,-1.7657550303948002,-1.62093112953723,-1.140553985546019,-0.9257390362273458,-0.7167492527066338,-2.6980148857314825,-4.422984485468483,-3.463692510686624,4.376771129772105,1.508797654828999,0.7130225216031233,0.9721158780452711,1.1502892516104555,1.267726618239298,1.4950731575649823,1.5593059134628098,1.6946257729917085,1.8282556995287915,1.9858398562265585,2.0389710368869913,2.05817428296571,2.2440733338348213,2.273872960088874,2.2945278754049685,2.4984267217143095,2.4751901662385487,2.474510934240943,2.4859584937450636,2.572667417073856,2.5379073874545894,2.564075313043275,2.6307234868320934,2.5548662609997725,2.5626955494724033,2.597938573107232,2.515920435667331,2.492902858546182,2.5281320257715563,2.438275832667907,2.436647705055016
-4.316541167664412,-4.142071280835727,-3.83787309824822,-3.7420177277863793,-3.6019358068157663,-3.3304636046269978,-3.1382950081890373,-3.0460741847236323,-2.721810266956893,-2.4885112505397484,-2.3624210576125204,-2.1286190349056375,-1.7400801455135784,-1.5351443688090691,-1.3020595007391023,-1.1714803272817922,-0.9939242386059112,-0.8147558434992374,-2.3977910697786875,-3.683076341797545,-5.031775691942043,5.427934651145372,4.934627971460494,4.35403056737347,2.1623428272979104,1.754377239502864,1.66506627968782,1.3393330251520055,0.935534849244479,1.0411497624668151,1.0721441820201851,1.274671803586792,1.2824759995850281,1.3573996204112482,1.4397468398164237,1.4703782494053022,1.535725742808076,1.583243047049781,1.6127386779892714,1.6469331627201278,1.69440094180007,1.7390301679799343,1.7506795014580583,1.7806109092238915,1.7832339539516857,1.7481569357938076,1.789626121664523,1.7924554328126976,1.7925192920694346,1.7957285449413558
-3.82518579840396,-3.7599545208213145,-3.5822707753315477,-3.528580592282728,-3.447959598318859,-3.1940718611804755,-3.126680040536316,-3.0071578904741347,-2.748267514499077,-2.6259647607290115,-2.4645412954695103,-2.375585153741219,-2.0720249993739004,-1.9416773537247611,-1.9031650147617138,-1.6164336676889126,-1.420182413139428,-1.3525231362957215,-1.1727945983042556,-1.0093247278893467,-0.8854789437277382,-1.259180922467228,-0.6139977554099713,-2.2201252508078646,-2.1536116258101403,-4.259851901337194,0.9531712616496643,4.781649385606442,2.3406347145499975,1.9295842478096767,1.8158167352922878,0.5492534713382241,0.5947933686231321,0.6561063333733083,0.6902837073896512,0.7518564400716622,0.7877354224401124,0.8976154809143339,0.9666392142469828,0.9868262232697295,1.0639246730835386,1.056324050054341,1.085979739058279,1.1003309663083676,1.1684788148162106,1.1969987301355411,1.2266801352225394,1.256450259052781,1.291546061830631,1.3013165394322146
-3.655218461992357,-3.665178800765542,-3.5760349326974565,-3.5222345255238494,-3.47356819190234,-3.3293699872010074,-3.235139430811904,-3.145193171947938,-3.004254288815683,-2.8932796090307225,-2.778768013976929,-2.7476887176036793,-2.5126447746057683,-2.4673296986903175,-2.3597348427426024,-2.1059042694719325,-2.003270078945013,-1.870263186701764,-1.7091766870404328,-1.5535941951726597,-1.5107460695288195,-1.3489720502725429,-1.1902220260892675,-1.0289955195665577,-0.8838908660669003,-1.1012211547603625,-1.006236251656058,-1.8861325299429221,-2.6192368353361655,-2.7933309842459484,-2.4626782273304633,-3.646178727646436,-2.806616795046312,-0.7443531557917102,-2.4561624440880636,-0.05607602536908381,3.616206730644587,2.8479267947599864,3.4505564594883658,2.496692119060142,2.432168705702729,2.02985708572167,1.3310655928679136,0.89358374685247,0.6398272593586586,0.5946452047452518,0.5749342551480968,0.5679494255779319,1.0203082213155932,0.6882194547124302
-3.5068742907817803,-3.507205638443021,-3.41292918918853,-3.399205478684619,-3.37094530178847,-3.217444623639164,-3.2032349604504784,-3.1190504096322926,-2.9959244450536535,-2.904264939291863,-2.859634137691264,-2.796072607635188,-2.6704286270549633,-2.601818695598422,-2.4962233224440524,-2.399245267212597,-2.29902991826219,-2.236885149525844,-2.086245246741342,-1.9702365757580587,-1.866618692440906,-1.646324058751464,-1.5832113584889962,-1.4863888303730388,-1.3346506670765368,-1.2313056913014373,-1.1152648203483737,-1.0228095223030782,-0.8071863339438506,-0.7833690642536162,-0.718635338980459,-0.6364837668924997,-0.5453879564566712,-0.49061144928528194,-0.45934555879903644,-0.9442641774354102,-1.6199283096310158,-2.2655894027801278,-2.5872431133848615,-2.1503600710282114,-2.178569389825648,-3.76127148879711,-2.436953102216973,1.3508970253674217,3.3770354201373327,3.6027072494460377,3.678064271459872,2.175632757658704,3.3087106025099096,3.412295072475014
-3.3621120436166145,-3.356263811129893,-3.285261709239867,-3.2822850787258426,-3.2328033182186764,-3.1473334699793423,-3.099924764984979,-3.0815967975795564,-2.9445349460677543,-2.9307185336164263,-2.884902302516595,-2.810024556447709,-2.7278839402468757,-2.681146883197758,-2.622139349987006,-2.5159077501600167,-2.481779221191382,-2.434671935603407,-2.314120356805961,-2.2176662491573684,-2.1306530967539437,-1.9882313738105273,-1.8679602695501278,-1.821274812529087,-1.6700530060252485,-1.5842082772119719,-1.5281621746939817,-1.5057887997895527,-1.3276475918133621,-1.234741125703873,-1.183900271844738,-1.0993848497705658,-1.0448454161498646,-0.9887255172128716,-0.8921725702167591,-0.8233398162770632,-0.8068345453950594,-0.7383788700821641,-0.6870149422604818,-0.6157649936458465,-0.5662646711907897,-0.5613934130842301,-0.5413241775806688,-0.9623180172066133,-0.6609948829526886,-0.5038705952331259,-1.0203976528023433,-1.6567687916137461,-1.6604246716770756,-1.6352037825488823
-3.2464458539202856,-3.269502964780017,-3.217365545008464,-3.19510448316435,-3.1866378724693987,-3.136160863296277,-3.1119615136554697,-3.0874289270227133,-3.001009059658512,-2.936460899716697,-2.906881998288312,-2.896024326340265,-2.834813249541878,-2.7717247118352475,-2.716153735445487,-2.652115647271752,-2.6113805007145445,-2.5750501325941437,-2.447465738331546,-2.412056106104394,-2.35289741947142,-2.2080131972166765,-2.1745729806500917,-2.1338907370465683,-1.9975102057924663,-1.9047684406091754,-1.8571056287151109,-1.8396611235558673,-1.72188247620828,-1.6105316930606834,-1.5257795804881176,-1.4841155570676339,-1.4622889048160492,-1.3875625323931486,-1.2491572938534927,-1.2320725071401475,-1.221959814187178,-1.1396137887030307,-1.0877048104640616,-1.0590025638439,-1.0326264357236041,-0.9876411901743679,-0.9256949568237756,-0.8827164407099767,-0.8668823645710739,-0.8566883056346283,-0.8333128735557259,-0.8346211283861027,-0.8387353893293799,-0.8499294507825582
-3.095401155610683,-3.123871526163276,-3.0898418117779616,-3.072850339186237,-3.0636393156786794,-3.016316910771315,-2.9964607020820395,-2.9757265360426812,-2.940180585781111,-2.9041575433149256,-2.889397376266283,-2.858411545016028,-2.80482669461769,-2.776563982436106,-2.7286215933807325,-2.6561873459386582,-2.6190283382428365,-2.5719724762456226,-2.5198168703263697,-2.487075109162391,-2.421376558734461,-2.3634509136173603,-2.3372267374833067,-2.280734118179035,-2.1319070685988293,-2.1008494685485877,-2.0879519271443088,-2.033236150908866,-1.9118011352031266,-1.8638528572316677,-1.8511765085613614,-1.7516040415193879,-1.6942853488380982,-1.666339068521657,-1.6146357261685094,-1.55937759709365,-1.500691079766591,-1.4374004791211077,-1.4157284944514956,-1.3917061548052023,-1.2828036723952103,-1.256701367338478,-1.2328364775472382,-1.2461108618910846,-1.1960638568825435,-1.1650825674493541,-1.1492786330189337,-1.1908071214587184,-1.2249269715529782,-1.2730566003799748
-3.0099274856817657,-3.0248305865524077,-3.000895948298739,-2.9980485429114867,-3.0009161567833846,-2.965824292967876,-2.9516276911400734,-2.946250236573608,-2.908518520018393,-2.886220435623964,-2.87241638464203,-2.8742196031713547,-2.814766109916683,-2.8110575700467315,-2.794400034061825,-2.7113655272696855,-2.702155180208663,-2.677453047131566,-2.597865491819505,-2.5487493192393273,-2.5105497173467897,-2.481926719506014,-2.414689683419976,-2.3759120625409373,-2.335177302085504,-2.3004309550159387,-2.257325305216407,-2.223913413233626,-2.1671996575283985,-2.122748613924562,-2.068732429376997,-2.021376409261857,-1.9828945732995888,-1.9623489069834505,-1.8734570614879853,-1.817025887618298,-1.8234504655914154,-1.8082252367631453,-1.7999126111981334,-1.794354971190005,-1.7368477537696105,-1.701228377536072,-1.6665598074129597,-1.6733354027949847,-1.7090348428666953,-1.7344228175965004,-1.7928212389636113,-1.7498996189059364,0,0
-2.8991176499999622,-2.9105317746753525,-2.899214018513521,-2.8927436444830947,-2.90090601222501,-2.8846512616276634,-2.8736781261652316,-2.868530008623914,-2.8428077957275772,-2.82168618792585,-2.8334936659493954,-2.8261523854636197,-2.7992106628405917,-2.7964552767259754,-2.779444918919795,-2.7560009304672293,-2.7320013666237206,-2.699017365609379,-2.6708495523251266,-2.6518338188890347,-2.617990915330509,-2.571952166120134,-2.536679020537733,-2.5240372309833026,-2.4606344586693285,-2.4548962268269277,-2.4410728321973094,-2.3871376571631475,-2.337502559181651,-2.3172838989827294,-2.291181013726995,-2.2375870608275195,-2.1959463840294577,-2.163275561433059,-2.1104766352173607,-2.0598300119158077,-2.0305392503135873,-2.041469301340393,-2.0398612373595144,-2.0056692572037234,-1.9871600527562092,-1.9809570776868966,2.246023840788603e+38,0,0,0,0,0,0,0
-2.8124220040735746,-2.826761422319891,-2.8144936312014446,-2.823689633621587,-2.8288851188836803,-2.8160398399163555,-2.8171608403167676,-2.8301887773171006,-2.820587725766339,-2.8295567500872294,-2.827410941572466,-2.826522613886498,-2.794081220343591,-2.8030024857930504,-2.791433239489727,-2.7654796926437544,-2.7537407224586343,-2.7381993863477425,-2.691834863845242,-2.682791083841474,-2.6743688051202397,-2.636165123951026,-2.628767665539641,-2.6225120946692573,-2.5723112791709966,-2.572166181593854,-2.570769756960489,-2.5432469037513443,-2.479701904114582,-2.426652128366452,-2.4078748033625135,-2.398415761928938,-2.383565545277989,-2.3698337426726663,-2.3696165925389856,-2.3424452561945435,-2.3307150116866437,-2.9001718783058776,0,0,0,0,0,0,0,0,0,0,0,0
