jsons/1312693200.json
{"header": {"parameterUnit": "m", "parameterNumber": 3, "dx": 0.1, "dy": 0.5, "parameterNumberName": "Northward wave", "la1": 40.97354507446295, "la2": 16.46031188964855, "parameterCategory": 2, "lo2": 133.9931640625001, "nx": 191, "ny": 50, "refTime": "2011-08-05 8:00:00", "lo1": 114.97908020019554}, "data":
[rows 22 to 43 of 50, columns 100 to 149 of 191]
1.6552498608668993,1.270100418491589,0.7752067077173667,0.6775073111885032,0.8462689480427003,0.9150196185499426,1.0340470507282136,1.029095499833049,1.0937188275050262,1.1619193007019872,1.1625008699799324,1.204772723531684,1.1964548020916543,1.1665107135186115,1.2141350675905005,1.232303651885011,1.2445583545441272,1.2838922700143214,1.1978213408038485,1.1195601083456541,1.057637300221952,0.9314771288193494,0.8798294704044037,0.8384153468124826,0.8197797677631058,0.8078371258944494,0.8052149803675226,0.8139416018282297,0.7554250420715743,0.7197763331537044,0.6774992648859709,0.6179101031083076,0.5567820266433492,0.508989790855993,0.441650016251814,0.41566094549970556,0.37092779408230947,0.30214066606027007,0.2684395631570794,0.2467038888132044,0.2110845940013466,0.19955038083274648,0.18258490491760807,0.1497828854541966,0.1295158255294333,0.11767721218704975,0.08734515641405038,0.07263541414541053,0.06575574483655264,0.055853281281637544
2.9234222049633463,2.7965895833823606,2.371725225783554,2.2896559869251027,2.0985494162669993,1.9364484931501713,1.783112831000368,1.7491063375166456,1.630843431914558,1.6330970202185449,1.6278980825542722,1.5879664884867215,1.5908578272947893,1.5940588589325624,1.6225259076457863,1.573483849907576,1.5434889953479403,1.507214044617266,1.441045142641308,1.4081923436428339,1.2862882676978098,1.1600378124602502,1.1727491544674644,1.18548055134087,1.115638590937183,1.0810183294700146,1.0463804799314498,0.9910051182435236,0.9244399926741642,0.8766701902567887,0.8377105614860313,0.7638826473920184,0.706067722003999,0.6890435586855554,0.6112552162769338,0.5697137550214081,0.5508726253371197,0.48969729705213444,0.4685824125176075,0.45315289574216994,0.4039934580416843,0.38600064924751676,0.36329846142282485,0.3026862644254946,0.2825421012224411,0.2569853086696307,0.2461800905569581,0.23488850963391492,0.24137407521487894,0.22234201890269223
3.2557795332143,3.222504745283065,3.0601177302005813,3.01538910204638,2.930658403577519,2.7717476210379233,2.7252174417103117,2.6670261259718204,2.5324780271225187,2.4549415817091154,2.3904510853202416,2.3648524211250637,2.2872268386028325,2.226627805739829,2.172497849558225,2.1042969851491176,1.9954669568676133,1.9652641227364627,1.915079552625648,1.8355999418337772,1.8100264599624483,1.6634727135445533,1.5672322909248624,1.5052483391720262,1.407494909341691,1.3356405572382242,1.2952025858935479,1.224331758530152,1.1295809762251177,1.0650913569563045,0.9923580664951583,0.9396695336784568,0.882043426405855,0.8402158670013202,0.7904477702761875,0.739748464094567,0.7431365417112333,0.7724986042437678,0.7712536764852742,0.7567908197760228,0.7822404333549624,0.7650982866014056,0.7312836006748675,0.6861360743133978,0.6074402059856823,0.5626200004155699,0.4892913608460902,0.3202963187389788,0.23534973205670087,0.20767807993918405
1.9346152695685894,2.9545762703148806,3.190082773718349,3.1528683683644063,3.1078625869743273,3.0329613811157925,2.9912175263057548,2.9671571022245105,2.834462996033809,2.782915853370784,2.7697393664154593,2.6706562818793302,2.579923521067846,2.4930075792409383,2.512635812816542,2.492105514947534,2.4347693794771117,2.3925677526267006,2.2843249325146524,2.247806141896937,2.1449971649305497,2.0580839478591932,2.0133806560605523,1.8881005948445493,1.7677431519442777,1.7128289575885285,1.6472318212885515,1.5709816733970299,1.425154712979811,1.3715875546092495,1.3147363239028986,1.2043642019739826,1.15688392277844,1.0951890576104772,1.0112576124143788,0.9844144175094459,0.9671705808549311,0.9777111951307291,0.9930276013375782,1.023268086373289,1.2703308403020837,1.3826856803429783,0.9398334101716027,-1.974717158559375,0.4708391521468084,0.7255872746978383,-1.1543301897187974,-0.786901492029287,-0.5001906239416235,-0.17414008029638908
-3.162690552808884,3.1468374269625383,1.7920080253705888,2.780825999169111,3.0823106966874043,3.140017093110953,3.112172153844893,3.096902857084,3.0260632827507883,3.000043470536677,2.9504082955100337,2.9205968287107766,2.8194749262775467,2.775890349702215,2.7157377775175657,2.623427332960783,2.572388948769375,2.532756463201315,2.436294160637356,2.4042589608128955,2.333651541137776,2.27951237824249,2.22733835352079,2.196740408712591,2.1010302396068217,2.049165781147115,2.0029732424945457,1.9621799954578627,1.9328291010638223,1.8257533031770388,1.7629735268723048,1.6461652247955556,1.5389655895330445,1.4932560736208744,1.4469540116118764,1.4206507384935787,1.421293571581029,1.464408442326492,1.271091897997122,1.183488711407677,0.11902016064436854,0.1299398194824933,0.17956198553549055,0.30744929788657,0.3238672574904922,0.4015041709670389,0.3874062315457723,0.5090431967639363,0.4694829986802443,0.5232980334568428
2.976103494722078,2.9829052926859667,2.871029366452751,2.422148921674102,0.8575266985088756,-2.8139886686362465,-0.27118827664729545,2.3534092639110877,2.882668340177144,2.972928017105392,2.9406364544258676,2.9037096596456498,2.8265489762970017,2.7840604674661433,2.764751638413951,2.658837821462746,2.624069984287402,2.5541198212771654,2.4898871755773797,2.4324450532741446,2.4220658949456575,2.3872206101073985,2.355419632586414,2.339569937426396,2.312230545630517,2.28510280608254,2.2681919795708523,2.2392209872789106,2.181780161974044,2.116369859341417,1.9993593499941158,1.9066936351779642,1.8508701669631205,1.7454150102449693,1.6421961033455894,1.5891659720887823,1.5639307008657886,1.5046980310451852,1.4494347968028012,1.3923985878620353,1.3170766806369385,1.2922962924643429,1.2191907484048383,1.1657509663183638,1.140026341935533,1.0896792257145862,1.0479546601092977,1.0258798693193154,0.9988111903571087,0.9849373895062771
2.7724490361400513,2.777546492402895,2.813607446034002,2.830157006299662,2.831839423196228,2.5273287772092923,2.4923760813860243,1.0662680778975244,2.6949725514887453,2.340183265683186,2.692749350447756,2.807891563527153,2.772655538313671,2.75232033442811,2.7156137839267758,2.663515666430789,2.6101060135090246,2.581591304456542,2.5297323049512714,2.5109206223772036,2.469386918232213,2.4478067421933862,2.4546081751648963,2.4241790727962966,2.40792634890293,2.382582882959183,2.361583847454677,2.3595977583035115,2.379622135254922,2.4014510940553895,2.412850466404621,2.300474135603556,2.1162760236541827,2.0548590409670178,2.046708814941346,1.8648508411580076,1.7928814070326542,1.6450684043590853,1.5606829194176584,1.4539534310861095,1.321153480251273,1.254119468988595,1.2044271681930934,1.115545880749281,1.0814798547659876,1.023925042499824,1.0035061352185817,0.9570826667288166,0.9470423414017967,0.9268677940616779
2.6024122518472734,2.6206940290948446,2.65011857510572,2.655509903027992,2.6578202154219635,2.6694466220261006,2.687976835127546,2.682068483570886,2.6987383048636335,2.316690169690459,1.6316877239022478,-2.350888765975261,1.6357414588848471,2.3081990465404263,2.578313934189729,2.6359570173983298,2.6197725019912204,2.6101017233413133,2.590767621458852,2.587869378070586,2.587240935119667,2.5703981593700442,2.5685634089305465,2.569381585516466,2.5817886569025283,2.5839530164252267,2.571346841522132,2.305308561324005,-2.3950010360532628,-1.7062572184196854,-0.8995761832463528,-0.29078549695091993,-0.17194487345145407,-0.06902126881982694,0.11943822290369914,0.19641639227470115,0.31661432174917814,0.42097459703040524,0.4874484629755005,0.5388629823393234,0.6802987862778402,0.7382112382365417,0.7617077225969054,0.8186693127371426,0.864788742787004,0.8770415849417063,0.9027392599115898,0.9300101303989484,0.9488635512379155,0.972781318227872
2.442639618649238,2.448176150568765,2.482689998604751,2.507029328223499,2.5123574395919825,2.5399509519533554,2.537823957863102,2.5406609934440856,2.5588855619800315,2.5584176183677405,2.5635298920242304,2.560469335841523,2.4571162385119805,2.5579815194923246,-1.8681610833847693,1.2375012732505297,2.188881194671428,2.4970274346499517,2.5213683776215365,2.5262930068111142,2.5330956484157277,2.5149806638992627,2.511140638529111,2.519621679560572,2.52214727180856,2.5421707170519148,2.519392835648982,2.492667771401301,2.2479930114499105,2.0768428334867606,1.888771422261401,1.5973439447422528,1.533710328739513,1.513709498776546,1.4353470911825676,1.3897439252732924,1.2665244752839069,1.331255079068377,1.2860514877025844,1.2719009879098695,1.2703292333965062,1.2921006228642102,1.2953303182695324,1.2547119726252254,1.24452238909554,1.2557082568623756,1.2866449428063265,1.288675343462451,1.328973324687271,1.3393591253773562
2.270804780913597,2.265813819472908,2.327629420442652,2.33540715044969,2.3317499493624876,2.386835920642031,2.401644792931003,2.415073944653232,2.4366355638063517,2.433615367828106,2.438707781871361,2.4382848056288426,2.451789442280732,2.4485933329370573,2.4103207956806196,2.285309748437703,1.2888133119354124,-1.3276894947406757,2.1662705933837167,2.185289847315512,2.423942963804456,2.4148744536752482,2.403302230629165,2.4004575260709897,2.397011771807292,2.39665035745584,2.3959301281750234,2.3751262532070143,2.355309143636924,2.3457367790344272,2.3358412617284827,2.322894458729452,2.3219309922592806,2.285506351920151,2.2524407095318955,2.2084316415052596,2.1973553513473747,2.160756703449102,2.1500678476150736,2.1454817296111828,2.0753381878446606,2.0717144020444445,2.0391926068017248,2.021123182428297,2.0150783213332866,2.00184010161919,1.9966694760540196,1.9731041742652757,1.939476177041503,1.9018230316822673
2.1964200439393555,2.209257526513752,2.1346835540455835,1.935115243590061,1.4852809681680355,1.9896536723876783,2.096751022341217,2.172714923967678,2.2430082174435895,2.265189222671623,2.2825035800834113,2.2885544333392627,2.306920661013338,2.3125080977930366,2.3094955059792484,2.3175421330756296,2.309485361915903,2.310476086874606,2.0020003536852977,0.3514952324057817,-2.290922983181623,1.8592419646278462,2.1883114674323814,2.2087298932886705,2.2922076892743077,2.2895518746193906,2.303621934891434,2.2995716714131684,2.2941905940662304,2.2879770108794997,2.2847273176886187,2.2686744382848345,2.25417850731204,2.247587991485627,2.2310125237425713,2.2182902121147823,2.187859157259741,2.2116574521049457,2.209260526724678,2.212225134683111,2.1967720383092026,2.180409650481879,2.1826522602136116,2.197739795220859,2.2107253531360898,2.217467602600441,2.2133885620331744,2.2130793737543524,2.2153903956335212,2.206096983744459
2.0846137738790764,2.106805828738292,2.2194278042725055,2.1144827694293635,2.1067582768131,2.1579286721615856,2.1456219708874156,2.147133104484921,2.149710748085689,2.1500438314010744,2.1665293556518845,2.171518915847336,2.1861703140311306,2.1991005526639396,2.205544709670546,2.2105281441857465,2.2176130351105634,2.219714244570111,2.2255902312611915,2.225218987784662,2.1519877830010734,1.0134751020526704,-2.1911752754401985,0.5330249676672646,2.107352884140887,2.1942684018304615,2.208784761334353,2.2063353144724958,2.197048077972888,2.1849885496011994,2.1817164023101756,2.1760816764308837,2.1738626264487366,2.1676871451208317,2.1657082687804086,2.1697936740099633,2.1583160511126467,2.1417595932803026,2.145903190118925,2.164945562745772,2.1598895013261066,2.15512651845626,2.1575050757060796,2.1538040586697247,2.1525764588263394,2.1513295529320446,2.1489413059583464,2.1589541237680137,2.1713631762837178,2.1745239851749463
1.8705795811747887,1.926519382191939,2.0360494908549733,2.0829700224726873,2.0765569227464815,2.1175350557191197,2.135898230688343,2.117851140543895,2.146274791232512,2.1554986324949894,2.1495820208546745,2.1505907907846304,2.1570932085653776,2.149920824577219,2.1524522610930883,2.1668690344759383,2.16634532605723,2.1710166452584487,2.1735648704645225,2.17551644187203,2.1725500522444605,2.181966111878836,2.186994740678416,2.1478637995712577,1.8397107362817804,0.3035379912122237,-2.0826270604966637,0.27681180858255844,1.8374018779116619,2.1100672160630665,2.153525768533503,2.142978315934946,2.13747931882144,2.1348258459163363,2.1315352280430218,2.125904602572414,2.12142225196555,2.1158925110233735,2.1152675829516423,2.1174505025416828,2.119506580607697,2.122584867301745,2.120091442795381,2.1250781700722627,2.1344523237702178,2.141221931232204,2.144160624913084,2.1459369287013406,2.158591660418698,2.168614964684182
1.7318330433444977,1.7836286341218053,1.8750674888202328,1.9101697871832324,1.9211749832865606,2.009352240155985,2.02268708449926,2.0406955665775044,2.0867521426183284,2.0958566818129194,2.092527567122391,2.096087858052432,2.115013011203642,2.1129895616967436,2.1169848994438043,2.1516028887082537,2.157972838234295,2.1612165802895213,2.1760252487316816,2.179224315851806,2.1716926019173735,2.1861273997149024,2.1897696798138884,2.188216631403433,2.185774503349825,2.1280417722388294,1.8104013371694605,1.0536713861581588,-1.1480125336502915,0.05086833333035415,-0.3543733371208392,2.1683722124935607,2.0700829909757332,2.0791046804416062,2.1557341381515642,2.1504553658230354,2.148060924113906,2.142162964494874,2.135101502811028,2.129821453839769,2.1374156712367873,2.1380106937203616,2.1363817713331987,2.1355795025180155,2.132462562975934,2.1310716796145917,2.1306999330131573,2.1366707936037717,2.142445662596097,2.142538548305623
1.6332300079010473,1.6606976166587892,1.7003969970440775,1.7512306934482664,1.7618693599136823,1.8413295189196166,1.8735723487187765,1.880683628271672,1.921083116719149,1.956015124494742,1.9712192689138928,1.9739443020126688,2.0322772237873816,2.0294188064346446,2.047255526047139,2.077930588623235,2.0874712493664274,2.099584523298313,2.130337883928508,2.1551123954034126,2.1610223442828507,2.1753581485101665,2.1930377501773846,2.225548899768231,2.239766638384854,2.2344061853295,2.21865306972968,2.219935159853295,2.158420680577244,2.116887949603476,2.1085299659940477,1.5046725151682143,1.766616051896847,2.1680626726498855,-1.8440795985297191,-2.185513180585597,-1.0056434600399888,1.511861806003063,0.9386156791492981,1.4830566393130662,1.0361050486045122,0.4904361821250378,0.5259277105897475,1.7875105990667288,2.1534218522106836,1.8756121001454584,1.3994963458455603,1.8118921385884332,1.0395349526587279,0.7199147913402005
1.4921264327464323,1.5496770631893881,1.6361358426231116,1.671064327763726,1.6961730276759461,1.7762744636268337,1.7955745652644717,1.8183317996722224,1.8608615160937776,1.9029754243465677,1.917560607925599,1.939730303409226,1.9829709832573972,1.9915005967418948,2.0137738129186684,2.036025033583284,2.065861953338363,2.087113448296706,2.129944525450853,2.1446905512404606,2.1573960466985818,2.2273435092797205,2.238361728402706,2.2384729095256217,2.2655657823997464,2.26981820420244,2.2294719540929284,2.222712514804167,2.2378821276994265,2.2274222834529804,2.2246114961933348,2.2294435352248443,2.230100631135035,2.2353161935371246,2.2273778127032973,2.1424693953209895,1.9822666023780668,1.931288364967196,1.8685679276439724,1.9907018287356155,2.0759918158085235,1.735618183553447,1.611268740836293,1.5280411024505987,1.687057320852257,1.8102778928895418,1.7085748461693524,1.3798144606161795,1.492126537821061,1.8288758366821118
1.4140551943028177,1.457299521481812,1.5423012328181316,1.5577351605940393,1.574482906024675,1.6164647412370559,1.6674180195032897,1.691900809682763,1.7704522513692946,1.7716959829696093,1.7932603474494262,1.8340537593654702,1.870327172155916,1.870298036764683,1.8890879840714865,1.9159350506388964,1.9225019505646594,1.9486215847470068,2.002388095050379,2.049825278247054,2.094839524742607,2.134409948466258,2.148765913450393,2.1302072069700344,2.17398976809507,2.1869291766446897,2.1902345805924814,2.19439705059207,2.2034922915189283,2.187193760583286,2.1862894429482957,2.20294688179456,2.1982350041020133,2.2009257658543384,2.205999221734437,2.1904224895120117,2.1875275536394154,2.197222747493747,2.1988241484613584,2.1887675588401407,2.1847188459627827,2.1848560606809153,2.1847308286678127,2.187377916201316,2.189151669409078,2.1900267508227627,2.1840308367648555,2.177537518662491,2.1669364784633207,2.165779103205724
1.2859448069834092,1.298503393381606,1.3986071436888876,1.4368899293298918,1.461803999946872,1.5617259079570227,1.5639162583035116,1.5650458850522182,1.6166159047025281,1.6549322724131954,1.6556440324232662,1.671432002904905,1.7159037424893027,1.746085204371261,1.7676889465513421,1.801166503555775,1.8157524027350391,1.8363210584670115,1.8945995710145154,1.9196571277651595,1.9445474542109886,2.0240308492629357,2.033104660887538,2.034014929402579,2.0732505538025254,2.09810338485139,2.101244237567516,2.1035036123995448,2.133747290946333,2.1462470220522802,2.168711532277865,2.1800259152463224,2.155210457852005,2.1564109432694556,2.1794823869465905,2.178883595160093,2.1720823971373937,2.1780652475785494,2.1796151741044243,2.1721519674151795,2.1749729716105786,2.177489414456832,2.1681873474232787,2.18087013004381,2.1902608687723037,2.1840230614063483,2.1640045955563276,2.1342912101303786,2.110200518767893,2.093713808416528
1.1446370123628355,1.1872737078757982,1.2671367433782041,1.3060658356962216,1.3110885821797753,1.3783171505545722,1.4169300553121067,1.4598871705690766,1.495266172880967,1.533312497809726,1.5634885210086833,1.5897292991337948,1.627508866794783,1.661905791474089,1.6947518517565083,1.7317562681582803,1.746046017472792,1.7633692453533625,1.79619185337268,1.8167208827204682,1.8576270520233553,1.8864519494083343,1.9116611868299294,1.936528602780663,2.025921614374069,2.04859281412103,2.0409163242318056,2.0382314522246427,2.0482179895984127,2.0180063676159334,2.0163725049954686,2.067120366719781,2.0693208539387347,2.065015300090904,2.0676110568418387,2.077948203632912,2.083525957763606,2.0980389142226294,2.098430546621458,2.089955712406258,2.1159427031304734,2.1190437281430192,2.1128165138191166,2.0867331231947426,2.0744398754152478,2.0390033930343288,2.0312289340458975,2.025593251059663,2.004722681096096,1.9747498537012487
1.1033271648538692,1.1000164244382167,1.198921269430089,1.2454338616994907,1.2739950686688601,1.3197690285022987,1.351450802895981,1.3779848031372572,1.4465947691336365,1.4933921737723665,1.5092301094582643,1.5192292301258319,1.5997974285500212,1.6317761548957703,1.6523019449969065,1.671959879378536,1.680681014252371,1.693689499756194,1.7303425281718035,1.745126490746832,1.7439299786560645,1.7826502711498304,1.8393121351336152,1.8809750818447002,1.9083432756338647,1.9204607897420363,1.9267067387665364,1.9381929309238095,1.9614705217210262,1.9604406770861642,1.9710598859762298,1.9827962124218885,1.9799561804938581,1.9714888472953793,1.9844096431498155,1.9760297324615188,1.9752448359351937,1.9825381332971,1.9784260997278953,1.9683016887808522,1.9619316456200548,1.95576951284717,1.9357171143854977,1.917395584716976,1.8836180565155412,1.8166500006188089,1.7554230646941404,1.7705139712156412,0,0
1.0496431852835362,1.1135903597133359,1.1944619076455536,1.2154316646118262,1.2343640676407077,1.2664486999109086,1.2795616288006184,1.3054683730255991,1.309525495247594,1.3432018121508378,1.3953330033719031,1.4240593856729464,1.472364370637279,1.5103503849783504,1.5658920254325108,1.602069340414023,1.604660847772141,1.628031785678808,1.6506554157708293,1.6645524827594878,1.6756010111606494,1.6949865029870457,1.7149755797272392,1.7341088202308126,1.8006372263651311,1.8193916105309038,1.8180509844880959,1.8318896444754884,1.8404513794231978,1.8330595033352897,1.8445528236912807,1.865916744128299,1.8553707462158193,1.8590670004905545,1.8585408088324527,1.8462374421866077,1.8482368922785342,1.8463012054918417,1.8299665047477334,1.7969788762981083,1.7813299479455174,1.7545414237066004,-2.6601221094039705e+38,0,0,0,0,0,0,0
0.9036602630455094,0.9400320843449563,1.008256753644624,1.0293792919409996,1.0554264390032462,1.1251712508773524,1.135491066360974,1.157755788282128,1.2371199418140681,1.2654442937536545,1.3023199322488623,1.3242475001440617,1.3792791009999996,1.3820255262164647,1.4062027485018629,1.4380360787791076,1.4587571574910068,1.479468810468979,1.5375950062380417,1.5592350802116863,1.5620037460696918,1.5775322317809544,1.5776033791466186,1.5864884357117817,1.6491437524369748,1.6686126654421416,1.685790204076188,1.6899873267607382,1.6988136657425676,1.6816385757173171,1.6792926554645156,1.6809141536946313,1.678927661011087,1.6739169559067413,1.6354152969718716,1.5845880587661,1.5787948190752727,0.5330456088898489,0,0,0,0,0,0,0,0,0,0,0,0
