jsons/1312621200.json
{"header": {"parameterUnit": "m", "parameterNumber": 3, "dx": 0.1, "dy": 0.5, "parameterNumberName": "Northward wave", "la1": 40.97354507446295, "la2": 16.46031188964855, "parameterCategory": 2, "lo2": 133.9931640625001, "nx": 191, "ny": 50, "refTime": "2011-08-05 8:00:00", "lo1": 114.97908020019554}, "data":
[rows 22 to 43 of 50, columns 50 to 99 of 191]
0,0,0,0,0,0,0,0,0,0,0,0,0,0,0,0,0,0,0.2920754357682081,-0.15557700947096634,-0.36308585535676435,-0.29475407668844567,-0.2472873895501943,-1.0380048044179426,-2.7563285527178767,-3.389193033944947,-3.6087109752027358,-3.8536080655022644,-4.329850042371827,-4.605139447888233,-4.842521280444261,-5.197615740717033,-5.308212864752072,-5.394518989433175,-5.475263898459435,-5.770537366257422,-5.957074911155598,-6.111840347495691,-6.47605310006371,-6.70065191990958,-6.859580336421268,-7.2626294062456775,-7.467167001608522,-7.566239400318623,-7.855658383091521,-8.008187574526428,-7.993732762977799,-8.210195268178557,-8.257660973079332,-8.173334897211156
0,0,0,0,0,0,0,0,0,0,0,0,0,0,0,-0.13706199187221005,0,0,0,0,-0.7284487204644601,-1.5738160558595857,-2.5495451476405493,-2.957283448195867,-3.2157793621916504,-3.801996843741382,-4.021622417936966,-4.215487857220701,-4.539568640019942,-4.698261916894189,-4.890592290965612,-5.205117602337531,-5.354376551521607,-5.577151625280247,-5.8271724874172675,-6.184831483389034,-6.371107928076151,-6.573561172818826,-6.953985641028416,-7.1721181332439246,-7.364597765660847,-7.8171390366109765,-7.997601497419644,-8.262383585920855,-8.669762434824797,-8.880792872113346,-9.007716872738982,-9.422950320600437,-9.578801671662792,-9.651916271729304
0,0,0,0,0,0,0,0,0,0,0,0,0,0,0,0,0,0,-1.1630100163096433,-1.8584920981573105,-2.3806653281331505,-2.7529042709731004,-3.4402215446265787,-3.6749231635584487,-3.7783256081022634,-4.082107263334454,-4.162620888475843,-4.242808185570515,-4.446288294506742,-4.505578454243498,-4.373190311423083,-4.4685884850651085,-4.559526804483179,-4.722421979614956,-4.918784951596421,-5.298588255409174,-5.507645535884873,-5.6902029388497635,-6.113243410806571,-6.461459940393945,-6.689261908387509,-7.185170474497963,-7.481980454575395,-7.880423795521279,-8.29087028437968,-8.513966884037384,-8.782408055518864,-9.101838507820315,-9.267101054300802,-9.292691792998305
0,0,0,0,0,0,0,0,0,0,0,0,0,0,0,-8.1454825486999445e+37,0.2388712489653726,-1.5743090167550982,-2.2229638452553133,-2.987832449829422,-2.9867536348531183,-3.098003359542856,-3.3590522670404477,-3.431052073957255,-3.452058894121404,-3.5524073581068563,-3.4700034013051777,-3.3185723608500446,-3.4517219847455523,-3.4596326067579772,-3.4131411039463324,-3.552645646319162,-3.6715259788866197,-3.8586574528570368,-3.868659787343615,-4.117846731277383,-4.277295956939227,-4.453159018993836,-4.704941310728189,-5.016420409235791,-5.306816894456043,-5.58206613657177,-5.92653803373811,-6.473537032442313,-6.874428699982573,-7.227595457395537,-7.762226671853631,-7.902384220306001,-8.129756989356235,-8.306769074120494
0,0,0,0,0,0,0,0,-0.2634163603192322,-0.6780781615787005,-0.9822808081935716,-0.9589008204270834,-1.4050272019307135,-1.8048577066149258,-2.2356845318750183,-2.4573503984295124,-2.848721905153425,-2.9035460742660106,-2.93338243468417,-3.18389808756936,-3.128454265511683,-3.1082619072923814,-3.099495848270878,-3.0043651693013227,-2.8289633677486434,-2.823472446511967,-2.757129242822949,-2.551274502273189,-2.5856581355757013,-2.5483344778020722,-2.4448721006044942,-2.502024082703962,-2.4890571661033483,-2.543118540147525,-2.578660839118279,-2.669792184690536,-2.7911975434490066,-2.8547028112587993,-2.805886667681859,-3.1068723421169158,-3.2574330156958737,-3.371431319554827,-3.6249800897929942,-4.131065768291494,-4.243466944790003,-4.692142687174486,-5.288742105458507,-5.6415393440733075,-5.899881581288515,-6.451456596136052
0,0,0,0,0,0,0,-1.143663840098121,-1.2876693661540717,-1.7085937129951438,-1.8163736510772943,-1.8942762063315466,-2.1524316771127414,-2.2291219264051705,-2.3239606073817742,-2.4167420510756683,-2.5748685725343208,-2.5846939602829253,-2.61008820394364,-2.6131903744416305,-2.4168055458898787,-2.311263980724239,-2.3424241420050484,-2.2774682596155014,-2.07616915710844,-2.033797661082212,-1.9559203340158797,-1.729416946735842,-1.729153806875196,-1.7053989085135892,-1.4676612213243074,-1.4468556110417359,-1.3460181995870792,-1.0994540235303751,-0.9703719810528898,-1.0158529713937243,-0.991754944701983,-0.9365026185192064,-0.8855588172541673,-0.8490956342972494,-0.9179208119825151,-0.8600932544326751,-0.934506774137015,-1.099894156492162,-1.1464829744298088,-1.2920082135220798,-1.79922706042281,-1.6175998488938348,-1.7213735070142937,-1.981655367162505
0,0,0.21719481230883247,-1.3152109637618787,-1.5462467602203784,-1.6454106012456982,-1.9545545468279721,-2.0002641530551375,-1.9968721964497103,-2.110020594876878,-2.163503885455062,-2.128418157590228,-2.211902207982423,-2.2111940827939844,-2.1422506340904586,-2.0983068209764677,-2.1491832383982468,-2.010399253288489,-2.0079528263713784,-1.9808136298089352,-1.8230248200894141,-1.669160193253694,-1.6298540469730673,-1.5278119224756361,-1.3674307475829526,-1.26055362258666,-1.2240613539909444,-1.0110165254492676,-0.8616730678071398,-0.7936549032770903,-0.6757211741897402,-0.6467491260722587,-0.5952318364521285,-0.42005752826214054,-0.3047034619289711,-0.15011996681116135,0.04749614928864746,0.28004667924962184,0.3461478847846931,0.4582307487643978,0.5605915723849603,0.7781410738585927,0.8439917692040269,1.1514049571266938,1.3681488163712874,1.5236279463344653,1.9064931602148312,2.4099925672513303,2.7078098495367655,3.0410058577920585
-1.4058760724595565,-1.5116539423002124,-1.6863017398840434,-1.9049806315019056,-1.893076103237072,-1.947673831739128,-2.0702321997936166,-2.1243352409510026,-2.0994960209689344,-2.2151567715962175,-2.2310513959247698,-2.1684915051900244,-2.1811451894681757,-2.063738811251293,-1.8481559405779753,-1.7804661286395131,-1.7330163870390316,-1.5917979989915683,-1.5477221834715842,-1.5147582428726676,-1.332772337191589,-1.261208205116831,-1.1927109548645147,-1.091745649443723,-0.9050077469306665,-0.8721211762413482,-0.7720339170142974,-0.5588165079230168,-0.470255427168423,-0.374484817425075,-0.18697821246083923,-0.07921821866877661,-0.0011893972557300867,0.28837472386551305,0.43528060737462654,0.5163715631648499,0.752241463325697,0.9096558520405906,1.0099624233531357,1.353451080402438,1.4380011099521843,1.6765154561668134,1.8568701450430543,2.3619626182257076,2.680833523045486,2.8826891561012333,3.671517940759926,4.072232889405662,4.232011445104073,4.986575276469477
-1.9255198394307163,-1.95278669566784,-2.022789163757566,-2.130803072630289,-2.115411072335938,-2.1299473304291783,-2.1979257552372267,-2.202822091563674,-2.1119671796523347,-2.151565277121383,-2.126589424511927,-2.031567034210304,-1.9755976392327215,-1.925182916829847,-1.7460541723112737,-1.738387790664362,-1.6650539986996165,-1.5522686685836942,-1.4533923411094072,-1.4127055516992078,-1.2294281629654051,-1.1698047319380747,-1.0964673554637765,-1.0000020966198786,-0.8358931415575883,-0.7480251101466777,-0.6588424439129306,-0.4708699273260473,-0.411673873271965,-0.2984155676254563,-0.10270471090968905,0.0026361334200855095,0.0944563809495714,0.2823811675822841,0.41795159881064436,0.5141492855045104,0.689949668908517,0.8853758869002271,1.0436580392607449,1.3969517894972758,1.6706784677480284,1.8088033270019253,2.0818061894867097,2.5481508696461885,2.89001000428141,3.242518476939006,3.8429607211181365,4.214626627125866,4.375978886877211,4.936647169421041
-1.8219616358011241,-1.7933971525766004,-1.8261181390923769,-1.9154989063119188,-1.8803498711093247,-1.872122888272648,-1.8861776372262464,-1.8579234734577355,-1.7826972663623593,-1.7610960683063182,-1.7256024136828585,-1.6245817504578086,-1.6278849663242443,-1.6097683391727169,-1.5636636144506562,-1.5228581320650538,-1.5187587623239314,-1.411037631523285,-1.347699667076408,-1.2774974323738528,-1.1399732630281914,-1.0744486019247472,-1.0357326255208636,-0.9401931272515672,-0.7740797923575459,-0.6900536271727343,-0.6024437627002969,-0.4335691560709194,-0.3454045725933592,-0.2617736256145928,-0.07739185493670177,0.009877721648103011,0.09291436494048122,0.25617778105674055,0.3245540275156815,0.43516442168554437,0.5445038840125297,0.612484189243094,0.8137346028464798,1.174201638498024,1.3951978452661793,1.6251581251992975,1.9117873942843038,2.401498765236745,2.6473915096600837,3.076584634760117,3.65319358906996,3.915960552894299,4.052613334680021,4.469404672071003
-1.2330041149633528,-1.1110897399230673,-1.0598174299606795,-1.0198531898913787,-0.8318700608179371,-0.7130632648736263,-0.6192866218250488,-0.33148074487268586,0.06728860630464,0.5675422124412023,0.7503624291910247,0,0,0,0,0,0,0,0,0,-1.6762034027162382,-1.479663949775113,-1.3395764092087246,-1.174666303816566,-0.9864444231894033,-0.8851351222049022,-0.7846915697511297,-0.5953323923935335,-0.5283730548582375,-0.45168242291688604,-0.24286283121346675,-0.18807221267176052,-0.11140846897572455,0.1240607652737896,0.20099711735768422,0.3186659588437089,0.5405119481973819,0.6665485822698287,0.7853751655272092,1.0524873605254979,1.2476048487320999,1.4391117314435966,1.6014842920949572,1.8550936185199722,2.0356642195170465,2.428335676828128,2.8076317360239518,3.028275766063947,3.24567567906742,3.727253519795951
-0.31712585820827827,-0.1490839000129777,0.012388883186564321,0.10141474794419691,0.4175533086593021,0.49666782511262475,0.6662030276503945,0,0,0,0,0,0,0,0,0,0,0,0,-2.014656051974182,-1.6179516779608694,-1.4510641944434157,-1.3348342355309484,-1.2247508909066238,-0.8958959637462971,-0.8242173870485515,-0.710248515434018,-0.4925660643745286,-0.41157807306683825,-0.3392749094151014,-0.18528259911861966,-0.1736099154949931,-0.07868554627285927,0.013189309601154454,0.10300160887305748,0.16650988799689576,0.46808402258593673,0.9191073090194857,1.2573589272883448,0.7267557672041252,0.7791636746675724,-0.6357197170213196,-1.613123228912355,-0.3521696155655058,0.3505962400669076,1.1073423834113518,2.006448494190601,2.322027541604449,2.5521091259149267,2.9868343326693085
0.3899185204755202,0.5570196747646693,0.6044452159696804,0.6453483705587576,0,0,0,0,0,0,0,0,0,0,0,0,0,-1.6875661488816334,-1.6051774514767547,-1.6317136505354608,-1.3646830057151818,-1.245823371726364,-1.1593055172826052,-1.0240308036429395,-0.793061245707157,-0.7029130173440895,-0.5981878551967642,-0.3808605660132008,-0.23452277480231112,-0.0839403675855086,0.25575792143418713,0.48284023269065124,0.6064903658121364,1.0773387026734527,1.3350472790453742,1.517727144714045,1.841210702476867,1.820124446729588,1.7663317366727367,1.3862447663625024,1.3286647225807169,1.3579089221394316,1.334651416946016,1.3980483104181358,1.5180229662422122,1.6010831735532207,1.8437156553071914,2.0091427452353847,2.287066698482425,2.658020147149979
0.5059927871938963,0.6082158731448052,0,0,0,0,0,0,0,0,0,0,0,0,0,0,-1.6554334584938701,-1.4040927357290034,-1.3299629321307,-1.2114428851949226,-0.9346327672171231,-0.8466552664377448,-0.7569667146299085,-0.6073066424098148,-0.34476381847276905,-0.2218843407467711,-0.1354831451385845,0.15592130260439552,0.30687622992270946,0.4293438144488227,0.6955014711308406,0.7649682748310348,0.8543979618070378,0.9797125139263679,1.0633859077017611,1.0834240852925885,1.0796533348901847,1.0996624030256128,1.1411243643616853,1.1306736016529808,1.1606121038413928,1.225926004948538,1.2559284124640973,1.3852037315310253,1.4841783558190422,1.5954988247523318,1.8253592060511485,1.942800546445207,2.039881951499794,2.327289290811534
0.48275297886859514,0.5477113025760142,0,0,0,0,0,0,0,0,0,0,0,0,-1.2618431170834838,-1.166831424458,-1.15283239036947,-0.9409091932661566,-0.852400246855874,-0.7660538186636439,-0.5874159000999293,-0.4471910876759995,-0.3676582140869,-0.2731267511893627,-0.09204021822070632,-0.0016381584162344068,0.09694274331990088,0.2465624062311438,0.33946094185789394,0.38551936281102506,0.5172306640837063,0.5233689747054017,0.5341195341211373,0.6031171936278855,0.6507911380084759,0.70633413049636,0.7319194737568491,0.7745208228509515,0.8024821353489527,0.84652256043566,0.9072556371522521,0.9933063225836641,1.0348037625983968,1.1981575289144217,1.310146550655162,1.4172760533977349,1.6161309091268077,1.7536859794765753,1.819956248700786,2.017338646649401
0.39966936984084045,0.42589759142324285,0.443803042781236,0.4012657920478758,0.10818343260465355,0,0,0,0,0,0.34621791696016097,-1.1462852332287858,-1.1642421686153295,-1.0992595770105213,-0.97499203425142,-0.9001972902141563,-0.846870209926241,-0.6912135128354191,-0.6341308914435176,-0.5728869692242372,-0.4460362197261402,-0.37671536931239946,-0.3171904696712869,-0.2624487748173088,-0.13827208036355895,-0.05969313593545699,-0.011405192023664516,0.08779668964409575,0.1332958376183409,0.16526140776454953,0.23951190128493643,0.2710905139125276,0.3133663339879306,0.35447179964393394,0.37492272056518133,0.4560045483224603,0.5330996356531084,0.5902107901389038,0.6179344295191204,0.7316719316024174,0.7945201175347602,0.9044658383873491,0.9495772084145134,1.093925844010968,1.206152380426036,1.283819020278151,1.423223841632376,1.4582672856751393,1.5754889519632778,1.7056499004862338
0.45764688085585403,0.4742188996640586,0.5181448636816137,0.5455207741483553,0.48167553130283286,0.2679637147749766,-0.2254272627885669,-0.6304839578406644,0,-1.2104885680137323,-1.089029468733138,-0.950023540276144,-0.9247355539155,-0.8754159755692731,-0.766585650059987,-0.7094418108934901,-0.6903591624749765,-0.6043004965216489,-0.5512684941863886,-0.5181564572418194,-0.4159338052115897,-0.3697970228971169,-0.3320748532856396,-0.2773017985057296,-0.23624456211416808,-0.21019221080301986,-0.17281896245374875,-0.1097367670596006,-0.09294626359959349,-0.056785445076679056,0.04222913558699815,0.07385537510111172,0.09314774142638735,0.18352336017567528,0.21182108690907667,0.25232316823413614,0.31566573673156473,0.39950656928686806,0.448986365274404,0.6339906957706496,0.6891496564788546,0.8004747021522611,0.9166096249205599,0.9961479790505583,1.0573552312333474,1.1023913506788152,1.2471979823226218,1.3037270109960437,1.4046236638360006,1.4965908845655307
-0.3290243544134254,-0.47333243807508557,-0.5587692930519896,-0.695932221741793,-0.730858364328033,-0.8171794201734004,-0.8535594041741377,-0.8701668775721796,-0.8283156128401628,-0.8516327154612159,-0.8321074988397043,-0.7982334862586925,-0.7971194854353731,-0.7794724212396912,-0.7086759560907536,-0.6736345657559936,-0.6513073611699703,-0.5778931407499964,-0.5545619734281503,-0.5446297107060831,-0.481546616118562,-0.4549976097441067,-0.45504275240521547,-0.4212373056604671,-0.3437471082037432,-0.3058887292390583,-0.298779252261647,-0.25703310368072796,-0.23637581268741878,-0.19678061377415687,-0.11979833999876373,-0.09099701027963113,-0.04106541484316478,0.03620206703221342,0.09563402258247682,0.12625276412510422,0.2663299133301995,0.32811043227513786,0.3776197198622029,0.4781383685623603,0.5595627416552117,0.6084246192859588,0.6613409226135337,0.7990790220727636,0.8669148141648679,0.9510557313719845,1.0383201192034097,1.1073220677740003,1.1763886313421121,1.262836705015354
-0.772669418612328,-0.7862071318233238,-0.7932110276931574,-0.8485331072550056,-0.8283716247968739,-0.8305458614249521,-0.8425810157498297,-0.8413320247827075,-0.8133819405467866,-0.8247492749877275,-0.8089453251114267,-0.7685664174749431,-0.7564668302464436,-0.7401240013554206,-0.6877009379661607,-0.6836658202646735,-0.681759405330081,-0.6549528545785294,-0.624870230401044,-0.6186580488512572,-0.5830664169277008,-0.5523699576062387,-0.5459469599909804,-0.5140178924096676,-0.45073720096727765,-0.4262903304716765,-0.39841609356074276,-0.33770354051716106,-0.3361895925399897,-0.2973963745303956,-0.24174001583090024,-0.19504249950155583,-0.14574047653100267,-0.0475556827383194,0.0017462563262312075,0.05868953629102774,0.1562858955444573,0.2330334674223583,0.26606676032612064,0.3953186981080641,0.44102826505944337,0.4723182930060777,0.5463399447571677,0.6431068434733322,0.7157280181336976,0.7516495110080791,0.8938759588701424,0.9633770799191874,1.0041918549127142,1.1011456857495459
-0.8334212361421306,-0.8353844478866131,-0.8258403394977462,-0.8532598039105816,-0.829547538162008,-0.8391890415400637,-0.8430678280168781,-0.8264054910127824,-0.8115971870260407,-0.8055245698862339,-0.7950649324958938,-0.7511087921883008,-0.7668771454128263,-0.7651933958337226,-0.754299455815923,-0.742787388328701,-0.7361359618544822,-0.7162694523538123,-0.6956504395619404,-0.6769152580560943,-0.6399432025324714,-0.616771441700662,-0.5957501170245629,-0.5857473419933562,-0.5200966524525069,-0.5195962001741398,-0.48197413977820003,-0.4164587173316118,-0.3920999858308611,-0.3430788780270782,-0.28437037036276896,-0.23370808206743027,-0.21270479123251784,-0.11619899507494762,-0.06521336344624853,-0.018128326915674207,0.04384084134933251,0.11072554839348775,0.1511689558263551,0.27359774541172377,0.3094957756087811,0.34586105134630385,0.3941293488343173,0.4689128365688617,0.5388816631299088,0.5997718971308814,0.7102981448255618,0.7592891115689511,0.774390403011512,0.9188585968568919
-0.8699551900225996,-0.8588623836040881,-0.8543711423911298,-0.8617256086404098,-0.8414328446262384,-0.8339159031885254,-0.8442017593451653,-0.8396906551519859,-0.8085648924551955,-0.82177209038729,-0.8200393697752272,-0.8046083406902106,-0.8083385788466264,-0.7992771426498736,-0.7857226932938935,-0.7736186665522164,-0.7622451543033982,-0.7350905572761032,-0.7154152054064292,-0.7040558770557237,-0.6609738436396716,-0.6358402837569833,-0.6092565648144415,-0.6008749373165144,-0.5390197353524444,-0.5177794270863825,-0.49651171439163094,-0.4340842224498863,-0.4115064972770185,-0.37919541931559664,-0.32735982447785333,-0.28901165946544266,-0.2486763747678159,-0.1730815913871106,-0.12291375758617624,-0.11392058010092346,-0.023806490635234306,0.02470637435411402,0.0932649620665148,0.14822095852124353,0.20657181380755663,0.2498350735929124,0.3116269867950692,0.39148813772139457,0.43204373294142684,0.4833184007457847,0.5645103276137888,0.6019761077863844,0.667951259585961,0.7581190145327347
-0.8696079043435947,-0.8610161223330414,-0.8501437748110926,-0.8639765680540974,-0.8443716684513828,-0.8304172779501021,-0.8466788029401217,-0.8510281701726011,-0.8270174013464839,-0.8417984781040602,-0.8406098401162598,-0.8130400659567856,-0.819828465318705,-0.8162224641404083,-0.7789134807220343,-0.7647028935087199,-0.7638277347429556,-0.7293604656116691,-0.7126518159821053,-0.7002594460249265,-0.6582586603699329,-0.6555533178019856,-0.6413042464326878,-0.6062910921135494,-0.5679472387317082,-0.5543025030038028,-0.5269920489052127,-0.45812646907761007,-0.4489055700825289,-0.42649485322989544,-0.363566733115758,-0.34264638311812984,-0.3078897786968269,-0.2519086969999738,-0.22691559840345688,-0.1865111329353299,-0.12189190826084864,-0.0975597768005358,-0.04896209553275667,0.04029294897099598,0.07898137445783063,0.13917634007530064,0.15733322854830062,0.24177098155505894,0.283171431433171,0.3336993996524546,0.4247946917864373,0.4603398337789156,0.46998561159690594,0.582452900258584
