jsons/1312869600.json
{"header": {"parameterUnit": "m", "parameterNumber": 2, "dx": 0.1, "dy": 0.5, "parameterNumberName": "Eastward wave", "la1": 40.97354507446295, "la2": 16.46031188964855, "parameterCategory": 2, "lo2": 133.9931640625001, "nx": 191, "ny": 50, "refTime": "2011-08-05 8:00:00", "lo1": 114.97908020019554}, "data":
[rows 0 to 21 of 50, columns 98 to 146 of 191]
0,0,0,0,0,0,0,0,0,0,0,0,0,0,0,0,0,0,0,0,0,0,0,0,0,0,0,0,0,0,0,0,0,0,0,0,0,0,0,0,0,0,0,0,0,0,0,0,0
0,0,0,0,0,0,0,0,0,0,0,0,0,0,0,0,0,0,0,0,0,0,0,0,0,0,0,0,0,0,0,0,0,0,0,0,0,0,0,0,0,0,0,0,0,0,0,0,0
0,0,0,0,0,0,0,0,0,0,0,0,0,0,0,0,0,0,0,0,0,0,0,0,0,0,0,0,0,0,0,0,0,0,0,0,0,0,0,0,0,0,0,0,0,0,0,0,0
0.4301504178307433,0.41152200124048327,0.393685013325979,0.37200296150651047,0.3081183286769147,0.20551655589342166,0.10307733120858488,0,0,0,0,0,0,0,0,0,0,0,0,0,0,0,0,0,0,0,0,0,0,0,0,0,0,0,0,0,0,0,0,0,0,0,0,0,0,0,0,0,0
0.4862375031463188,0.4277404873519838,0.41108196512368145,0.37034537985523475,0.251041453915415,0,0,0,0,0,0,0,0,0,0,0,0,0,0,0,0,0,0,0,0,0,0,0,0,0,0,0,0,0,0,0,0,0,0,0,0,0,0,0,0,0,0,0,0
0.513571723571598,0.44929466095039045,0,0,0,0,0,0,0,0,0,0,0,0,0,0,0,0,0,0,0,0,0,0,0,0,0,0,0,0,0,0,0,0,0,0,0,0,0,0,0,0,0,0,0,0,0,0,0
0.6010881888650144,0.5744929126916215,0.5256399810156472,0.43743317033510565,0.4642286299988907,0,0,0,0,0,0.2945597493911927,0,0,0,0,0,0,0,0,0,0,0,0,0,0,0,0,0,0,0,0,0,0,0,0,0,0,0,0,0,0,0,0,0,0,0,0,0,0
0.7202663376114523,0.7085676725276948,0.6991856284665954,0.6846306529581089,0.6629429406500497,0.6456789379663781,0.6249933867543391,0.6029346983296233,0.598126065340562,0.5723665829082739,0.5684058590152089,0.5721837931995315,0.5550992155005398,0.5541158819154347,0.5281913155825796,0.5433626737091068,0.5255658541272018,0.49873044513675713,0.5099677799281952,0,0,0,0,0,0,0,0,0,0,0,0,0,0,0,0,0,0,0,0,0,0,0,0,0,0,0,0,0,0
0.6493710972243816,0.6717688505981526,0.6780421462891743,0.6623894368627864,0.6352025486650937,0.6198466034632524,0.6075383688882451,0.5865182086867636,0.5890565343253658,0.5748217046442479,0.5574606131022709,0.5319853854911996,0.49628352054072267,0.5224634967608007,0.4178514625752084,0.7217915912929852,0.780624009943011,-0.5936468417359316,-0.4531197431270708,-0.4315051403392339,-0.46355926810145776,0,0,0,0,0,0,0,0,0,0,0,0,0,0,0,0,0,0,0,0,0,0,0,0,0,0,0,0
0.6226422085593358,0.610006762434965,0.6172512594073307,0.622387542030417,0.5956268566035032,0.5683723962882199,0.544153682746018,0.5254648785015045,0.5203889793850783,0.5207926746621979,0.49801979505465144,0.48093095700884236,0.4468498557384157,0.4210081530441188,0.4234779759117824,0.3912961340592456,0.36979592094401925,0.39160876962923286,0,0,0,0,0,0,0,0,0,0,0,0,0,0,0,0,0,0,0,0,0,0,0,0,0,0,0,0,0,0,0
0.5960224612574763,0.5788153293082315,0.5731756953968623,0.5752907775889697,0.5681605536148084,0.5582254155791496,0.5519814291246605,0.5088597421357006,0.49524095085266795,0.4729931106947064,0.44883336406164537,0.4487362323561859,0.4197646548496005,0.3880552741441115,0.333344940400551,0.29095546926592686,0.3661436829169314,0.5146625243521664,0.2613275270375228,-0.09750165810633836,0,0,0,0,0,0,0,0,0,0,0,0,0,0,0,0,0,0,0,0,0,0,0,0,0,0,0,0,0
0.5531041871395989,0.557134548697902,0.568239254585621,0.5469458768219336,0.5288835637475698,0.5220554560807978,0.4993395133968308,0.49649620014463586,0.4756144737776801,0.41837938068812236,0.3903993484130662,0.3690214678136901,0.34043922783043534,0.31809651408047884,0.4460370338684873,0.31947719282439935,0.6019336590487697,-0.7119250571026439,0,0,0,0,0,0,0,0,0,0,0,0,0,0,0,0,0,0,0,0,0,0,0,0,0,0,0,0,0,0,0
0.5635834610080681,0.5172172320258678,0.4972644956847203,0.47020874353333053,0.41528825011340864,0.4223418074471679,0.4119602101765911,0.3840048444366898,0.3924227014035536,0.3813802676239331,0.39026618110237016,0.3866918138072363,0.3707150198603834,0.3456199092983018,0.24721495144339295,0.2618049260674514,0.523863477881631,0.4903026188416961,0,0,0,0,0,0,0,0,0,0,0,0,0,0,0,0,0,0,0,0,0,0,0,0,0,0,0,0,0,0,0
0.5249055743010776,0.5370582439567023,0.5712176293336811,0.5532157978308054,0.5073960002764593,0.4979344982054519,0.48739023711768864,0.46874624365789047,0.4370404328800076,0.3848583115578206,0.3955845406899497,0.41276604235925674,0.4133634422247502,0.41797804428034624,0.5466226891857191,0.45486714982926785,0.6512102670498293,0.6825823179772834,0.7012673801166376,0.7160483007984044,0.661738082894523,0.6825386121887627,0.68608321050684,0.7123330520089088,0.6931246686869925,0.716927259469051,0.7179111931810063,0.7006489190321288,0.71735139405878,0.741139859187392,0.7180340195920581,0.7224193372854034,0.7203069201364688,0.725395681722111,0.722676786703073,0.7230129889143049,0.6971020294494216,0.6810770235088732,0.6790336171150894,0.6702360436209533,0,0,0,0,0,0,0,0,0
0.5411851115391183,0.5812449874315496,0.5994550152565218,0.5807162401663942,0.562239396545391,0.550368037484678,0.5408618308723275,0.5155399229875923,0.5055531997619374,0.4767104372149271,0.42032961887341064,0.40001176399287464,0.35917689867802594,0.3214167575950901,0.26295273563809557,0.2598557402234666,0.26093227236255656,0.45383667626921775,0.3777376928585235,0.5723926788006242,0.5875294832667042,0.5724848835587564,0.52723831989493,0.5962982018014348,0.6156417072101658,0.6250993015249295,0.6437151900815089,0.6608681823800003,0.6524385256681144,0.6578115210862848,0.6981021623127963,0.6882822076187457,0.6699074512374011,0.6841335573278269,0.6815185738850115,0.6832325216325413,0.6861492533789559,0.6800809293222945,0.6721359330697945,0.6672613880849818,0.6610190199360942,0.6544040137599888,0.6406490840635405,0.6385123886247014,0.6227122847164757,0.5820567373148927,0.5793923374853391,0.5956356710743754,0
0.4705217095787632,0.5065482153815388,0.5310688060312854,0.5804813407261337,0.6033738758185914,0.6152943163114202,0.6078522149221552,0.5727359669540557,0.5639481454044175,0.5332050826567296,0.4931112018731601,0.4600472647737157,0.5464785480416623,0.8819478638369669,-0.7782746671422462,-0.6186260936908058,-0.5875562044013622,-0.6889284425458329,-0.6892840744366329,-0.3507483284890169,0.3238095159888298,0.48637212331912766,0.6936756331921398,0.8116939441418519,0.81880433702017,0.8150281976131089,0.7521170962663154,0.7442349999456649,0.7136769326960309,0.6929368243727868,0.6844701902719416,0.6670545487046535,0.6492898263740886,0.6619917233421003,0.6595742536584973,0.6519498109378992,0.646302937941383,0.6518199627211463,0.6554963384174669,0.6489756251275846,0.6447396229111282,0.6405774976651657,0.6124594966082333,0.5969463049864373,0.5696804085573212,0.6120191601029122,0.6066159304382751,0.5116240663310232,0.7207450412537857
0.2900430192759783,0.3543343373384126,0.3753266225153262,0.4446337039560739,0.5127242082718573,0.5197601739115973,0.5194793796939091,0.548203855554105,0.5429485538195182,0.5632997488369959,0.5986899785820076,0.5927217413087524,0.6008743630585259,0.5928882311658165,0.5888784683770087,0.6153460732148607,0.675189933616562,0.6992973599771674,0.725804533675121,0.7429825418268334,0.753586991413903,0.7207778215610637,0.7438366215025772,0.741777271261283,0.7458977130631252,0.7225161923646884,0.7141009258435176,0.7183369871914557,0.7135494247436375,0.7085113739671639,0.7018959717991718,0.6852762220164149,0.6728243390915247,0.6719276105566812,0.6720232523152779,0.6670046588870429,0.6709287728555449,0.6624619558496873,0.6502565004512827,0.6434745320809026,0.643436832639567,0.6418999406285846,0.6514315861367251,0.6437196951776836,0.6044378279162665,0.5598623248231427,0.5325398911466697,0.5886469207017649,0.5892866734377891
0.40442411454014693,0.4960708756073124,0.531122326326291,0.5246966503672523,0.5317971380071779,0.5376733989214083,0.5634184491579933,0.5696797204827996,0.5775804251717898,0.580772685163703,0.5918701912481076,0.6101086164455813,0.5935964662637561,0.5918741438615254,0.5605667476236816,0.5344079606305443,0.5245492763779197,0.5440550242484478,0.5627728768411625,0.5756330718566363,0.5707160540970446,0.5688120921715226,0.5688319805251427,0.5466347542386228,0.5360345330905912,0.5503713268850607,0.5743646568245976,0.5895923001952217,0.5868291507278399,0.5699599802225627,0.601456710956547,0.6020924054166897,0.5986069104281372,0.595901071598994,0.6036446077948079,0.6050460109328759,0.6217135686194916,0.619654851698797,0.6143593233768049,0.609176336984984,0.601763457965764,0.5904377644097423,0.5951654099684645,0.5986566121991318,0.5932860446102545,0.5722694292692636,0.5683706535540995,0.5739511165627547,0.5685784107962977
0.5790196012166478,0.6445938112618534,0.6542261799964911,0.6623048420929104,0.6483553019896366,0.6507161516116625,0.6626432195229509,0.6445427784248542,0.6352900443428573,0.6355211725864222,0.5933445088806957,0.6072149543822019,0.6392678354667793,0.6415316719073201,0.5975467643873665,0.5844024253310085,0.5893229850248676,0.5813561392667739,0.5927424575813387,0.5936547885311951,0.5962255646904774,0.5875518167170921,0.5829371501182168,0.5787839227084873,0.5795667097848681,0.5827083428940912,0.5533048659435866,0.5385607715593276,0.5464020477344064,0.5470858468265453,0.537062092309336,0.5280502171417615,0.5157371045338539,0.5468212656438954,0.552115303990426,0.5605076622396021,0.5716313599949735,0.5728018399921327,0.579032907586723,0.6058860628225281,0.6116234548700499,0.6096754054745379,0.6114173387704683,0.5970715440653837,0.5819830152316706,0.5624230284654177,0.5558808814895015,0.5415989372637,0.5177345618549641
0.6639762319527426,0.6744760372502866,0.6645035524339554,0.6774821216958752,0.6807248840484247,0.6735105326479006,0.6833370694444242,0.7209710666022779,0.7083713828444113,0.7180785307845164,0.7057425562321495,0.7138070667130555,0.7120078100312818,0.7063369840450772,0.6975916478018438,0.69300642914738,0.6865237217846127,0.6830724337167412,0.6504133125469274,0.6171641283023761,0.6416910906204984,0.6628535913290475,0.6465733957335494,0.6573412258279261,0.6270709771811709,0.6067780201409957,0.585738255248298,0.5816592578478842,0.5806612372154021,0.5779171825274575,0.5797210817422994,0.5687280238497275,0.5596924333011306,0.5603131588160325,0.5610610462968287,0.5707590533291603,0.5738613366158011,0.5533814691893458,0.5727262514539277,0.6221390041806159,0.6296083263729679,0.6442405735679627,0.6487405112854272,0.6449791640773153,0.6184734695624149,0.5843815042347436,0.5689754953323725,0.5628454424037937,0.5822014173420547
0.7698237499408968,0.7738809484116633,0.7734019306178754,0.7834927032581482,0.776795792560889,0.786475372463404,0.7908746886776155,0.7908336201347382,0.7846219782820364,0.7789577178806776,0.7697365714668899,0.7654797379317053,0.760744181991952,0.7594980171273517,0.721314062613627,0.7056557830971671,0.6847129190407975,0.6952084123247709,0.7040637207965986,0.7020607717422298,0.689261473926889,0.678308408095932,0.6921894515724478,0.6832047861407454,0.67799834825667,0.6806850714841661,0.6844034157394616,0.6667835276728533,0.6567291865474052,0.6541084240085187,0.6444980587290137,0.641759905003802,0.6384085395188932,0.6059478408323964,0.6112645334247355,0.6138003603220057,0.6287346434979199,0.6422396606137358,0.6382151365828712,0.6214362564625158,0.6390970383792469,0.6472797135471791,0.6179698801006597,0.6223111383931089,0.6216384109971167,0.6181413753409577,0.6289878005289034,0.6260294732930097,0.6176228596923513
0.7532681138123595,0.7632217834369729,0.7656963473394603,0.7678973217047487,0.7717801940641184,0.779234310326201,0.7874964627660216,0.7878157795837555,0.7797375429682927,0.7741209101918504,0.7703303889734913,0.7753020900097595,0.7757813247394448,0.7737619303150572,0.7896459700986611,0.7905698962328886,0.746496979892361,0.7103306948197607,0.6892320994952371,0.6724922001318612,0.6932418699837025,0.6899285384349481,0.6868103600728364,0.6623832370112626,0.6809651231601367,0.6902903982467583,0.6836243988579678,0.6643752660401686,0.6773294146417965,0.689881437794167,0.6767604024526778,0.6710955353958561,0.6623760233509581,0.6372016597751559,0.6123946083180523,0.59096200538496,0.5951937927691422,0.5996927853277985,0.616068338777926,0.6492267584632587,0.6443481258978779,0.6475296630068367,0.6823785296191358,0.6915651505983436,0.6945060068792991,0.6856637959942421,0.6750813551794119,0.6655210209113203,0.6581444559455295
