jsons/1312768800.json
{"header": {"parameterUnit": "m", "parameterNumber": 3, "dx": 0.1, "dy": 0.5, "parameterNumberName": "Northward wave", "la1": 40.97354507446295, "la2": 16.46031188964855, "parameterCategory": 2, "lo2": 133.9931640625001, "nx": 191, "ny": 50, "refTime": "2011-08-05 8:00:00", "lo1": 114.97908020019554}, "data":
[rows 0 to 21 of 50, columns 50 to 99 of 191]
0,0,0,0,0,0,0,0,0,0,0,0,0,0,0,0,0,0,0,0,0,0,0,0,0,0,0,0,0,0,0,0,0,0,0,0,0,0,0,0,0,0,0,0,0,0,0,0,0,0
0,0,0,0,0,0,0,-0.3116362136766599,-0.3100407628139188,-0.33669476222728006,-0.32720620984089704,-0.3334695947295215,-0.3494527145749718,-0.3555704321980748,-0.36429800865208645,-0.3662724219882595,-0.37195797769788935,-0.3738692629621517,-0.36657599350038766,-0.350260280734305,-0.3176385917415095,-0.19400049546095693,0.05856068580680586,0,0,0,0,0,0,0,0,0,0,0,0,0,0,0,0,0,0,0,0,0,0,0,0,0,0,0
-0.3942569002870979,-0.32774045880976194,-0.3807960684499647,-0.3599861394690623,-0.34704169805734836,-0.35415182948287927,-0.3497290603717005,-0.3587954488539322,-0.3711731426722978,-0.37752984323067773,-0.3889376119358912,-0.3987581012307501,-0.4045858020367914,-0.3971212778939762,-0.3898567334889673,-0.3934514662822809,-0.29494058060488554,-0.16835440787643138,0.0032341935164350304,0,0,0,0,0,0,0,0,0,0,0,0,0,0,0,0,0,0,0,0,0,0,0,0,0,0,0,0,0,0,0
-0.5705741639612741,-0.5637742792265115,-0.5735064894281977,-0.5490812694714979,-0.49476692605345746,-0.4817687001407324,-0.4621313674217082,-0.43931908660361085,-0.43150389069262446,-0.41903086905773873,-0.4005840765571455,-0.3741911566293058,-0.3301065089724952,-0.21480571247300928,-0.5278796510363818,-0.43048542482265423,-0.2932121297987923,0,0,0,0,0,0,0,0,2.517845506133105e+38,-1.4392119082326524,-1.5444783192619471,-1.6234314806869816,-1.6594841584600803,-1.658182392633568,-1.6650810773646796,-1.6435681825347854,-1.5964574500550124,-1.5500847196259004,-1.5985239429398548,-1.5169628276464036,-1.5291509993125256,-1.41954379801131,-1.3640573121690496,-1.3075755089384395,-1.223912349511714,-1.1495020912125269,-1.1878546611985397,-1.1107572023969805,-1.1136348625466865,-1.1787200750759956,-1.126295499807058,-1.0935906611452555,-1.108031693881734
-0.7281564387876756,-0.7846739773278878,-0.8180334103535148,-0.9157280236285734,-0.9768398189378691,-1.0213800634959926,-1.097567819715701,-1.1575207529933955,-1.0830929274478578,-0.8784087034599305,-0.6869284249766336,-0.47280994375248,-0.5586680836775091,-0.42543168386045194,-0.6343694120923712,-0.6983772209025063,-1.2389481580137773,-1.3101877108759719,-1.3967153212608434,0.500064695943237,-2.1299437075012313,-2.267718294519668,-2.4057025354356765,-2.536800906113116,-2.49966621163309,-2.6028322560224972,-2.6193090480817767,-2.5993302993866925,-2.6375795007416607,-2.6832956289634606,-2.565076775960167,-2.605578701093932,-2.54878940169031,-2.4208610169075038,-2.3994543583380397,-2.3844762941492164,-2.283665894739856,-2.2114992092510755,-2.162963323886131,-1.9981662101462108,-1.915666952561035,-1.7892875672168997,-1.6724627561501573,-1.5657375590036662,-1.4273378351320458,-1.3842220542465231,-1.4222256785578258,-1.263938802112531,-1.2542111834668517,-1.2694559206062943
-0.6954381704621173,-0.7461524535061966,-0.8064030853757141,-0.8683664530718798,-0.9595550088233489,-1.0149264684265729,-1.141555819965821,-1.2488371483840546,-1.332822821954989,-1.4531402890562746,-1.553729533616588,-1.686121392724511,-1.8284532731024572,-1.9411304822399764,-2.031514012547059,-2.1310253873578873,-2.2663772805671623,-2.407340572995853,-2.486132738694727,-2.681875561520011,-2.8325074778954016,-2.9344058462348084,-3.1023494681582657,-3.166062433961442,-3.24428145707584,-3.3747055471582597,-3.431867343449074,-3.442479061524907,-3.5345550537337496,-3.5754131358189434,-3.4181333741065,-3.510813693842342,-3.527995504061259,-3.435903119858521,-3.40431163921903,-3.386153198167372,-3.136336524743017,-3.0156415416357305,-3.003209866033662,-2.7370763678545,-2.635198200367744,-2.4287469191672626,-2.21989431984353,-1.8803214782022897,-1.6044502095862176,-1.3256160700984148,-0.6208766399571586,-0.07389460951138185,0.1372139129533198,0.7009671511660934
-0.342702946886037,-0.36865319938377195,-0.3945375598220895,-0.41629720060611625,-0.46670024369473134,-0.4870994465952729,-0.5520371539533353,-0.6069174608371489,-0.6811962095489815,-0.7706496203581026,-0.8294872119686644,-0.9444433659290602,-1.0984555825104942,-1.2023701713414885,-1.321105136419578,-1.4779887057349377,-1.7373255291844198,-1.9379660179518365,-2.07417859768686,-2.311963556767247,-2.5161862913472137,-2.692334155811286,-2.8925593857986676,-3.1427736295683784,-3.312938189847788,-3.578292552410496,-3.737186564048129,-3.854543499482803,-4.065786347661918,-4.129024067900964,-4.065810061412136,-4.204680318680434,-4.172895068945315,-4.0138087570247345,-3.907613803730049,-3.87267973764074,-3.678248712039053,-3.519951156614539,-3.4834035520717133,-3.083429108497861,-3.0199366004901833,-2.8209477375732157,-2.7390101533089615,-2.157272526177881,-1.9532358888372567,-1.5452802198855464,-0.9792904062145085,-0.618781320285407,-0.3032403242005604,0.11081911112520398
0.0988649876372327,-4.409085031205038e+37,0,0,0,0,0,0,0,0,0,0,0,0,0,0,-0.6972473563798649,-0.49536771552439435,-0.6126339604026617,4.366236845546939e+37,0,0,0,-1.338714016560644,-1.7401432913293802,-2.620927573711906,-3.3838625943912533,-3.6615394142131428,-4.016168792416863,-4.1310397099365135,-4.130628739758148,-4.229377812225259,-4.174943598846271,-3.9056320561024567,-3.716956959193589,-3.750108852469294,-3.4743630432195696,-3.2805942363857925,-3.289823158241364,-2.943860393910099,-2.7766897900459053,-2.69044146284096,-2.5006548960359796,-2.055465622683427,-1.7913819900095838,-1.6256934831711067,-1.1010761718178863,-0.9274683880873027,-0.6475373608788085,-0.25413404450006105
0,0,0,0,0,0,0,0,0,0,0,0,0,0,0,0,0,0,0,0,0,3.345690341412708e+38,2.943776018958e+38,0,0,0,-3.3164629562442594,-3.518897804070083,-3.732058490029822,-3.8984668955544945,-3.9525837369145793,-4.167758244104862,-4.076813367953667,-3.8390741967756425,-3.7909810189147173,-3.7378350612974236,-3.308760837136299,-3.1479390159815375,-3.0540432784730127,-2.6050533063024783,-2.502193686437284,-2.256067486191626,-2.2152392121247093,-1.741369352284327,-1.5369440537691301,-1.2792645146535424,-0.8806150245425622,-0.6117242743524963,-0.431083568179411,-0.11957574721898598
0,0,0,0,0,0,0,0,0.18639513454947604,-1.235160795993053,-1.0216192689426857,-0.9418178334475589,-0.9836382343329079,-1.003601804976877,-0.973391947414707,-0.9412574600515264,-0.9805999247100761,-1.0359595051130184,-1.1558973555007346,-1.2785266338961627,-1.5995558632013036,-1.7852146377474363,-2.1574835740796865,-2.3754312379813074,-2.8358641548927084,-3.194801566663533,-3.3664666934016214,-3.6430576185748693,-3.880921508952085,-4.050689645968739,-4.0981899443393655,-4.147348568618549,-4.108672777607542,-3.8767404101396443,-3.7209231618883876,-3.660988540074515,-3.1843025690066398,-2.8928315291282587,-2.861476900111653,-2.3696921897940295,-2.1780320216414637,-2.1039750778605,-1.8223175883358842,-1.3953658964265478,-1.3042792412258621,-1.095962406849428,-0.73272641579384,-0.5295120563724596,-0.307508137168162,-0.0245680360099401
0,0,-0.9773419318660086,-0.8425565101744973,-0.7139283651643226,-0.8490007676557674,-1.0397396479433498,-1.0435086233568533,-0.8930072007376118,-0.9309788926350878,-0.9410816114198234,-0.9182787599874555,-0.9584484255054022,-0.9236351010771835,-0.9038420368401028,-0.8662944572184567,-0.8894230003398691,-0.9637524266923948,-1.0300005496974531,-1.1067562678464098,-1.230094839053338,-1.3504517577293969,-1.4579122021363358,-1.6180384019204384,-1.93550328960977,-2.102886919640271,-2.2682231684468417,-2.6322720413658023,-3.04522855078364,-3.2799628592419734,-3.7296237800141703,-3.9772791506331004,-3.998467642242716,-3.6805397130335344,-3.453674456143029,-3.0761246345982745,-2.4713341526771657,-2.1948961517134635,-1.963105939723461,-1.611932801425897,-1.4899766808692814,-1.3918590875822197,-1.2824529268771534,-0.9964751557037738,-0.8427609581781627,-0.7111194022740732,-0.3994397665851253,-0.2596712646476374,-0.13292644182831703,0.11854379731035558
-0.5724198482841008,-0.5649597441357009,-0.5621959317378196,-0.6116350463063716,-0.6032391928051203,-0.6096626614747864,-0.6420376544776095,-0.6516431712439582,-0.6351360795111552,-0.676983720669629,-0.677861643824932,-0.6528716157030209,-0.6221917641998022,-0.5728600192653293,-0.5089411689642468,-0.5055855088333377,-0.500939639337533,-0.49802113240381035,-0.5002038103902242,-0.5373275697097778,-0.5434103192447705,-0.5861783866469366,-0.5250194373962416,-0.5050362272559378,-0.4230566797670011,-0.3954907837797729,-0.3469422283652986,-0.24123203232155338,-0.27694574990071236,-0.3036741421863207,-0.44373074357951536,-0.06241840307886297,-0.766601557062423,-2.961384312759287,-2.193076842930959,-1.327854087986814,-0.48779230914270166,-0.5548297736313986,-0.5585386121980664,-0.5181511660228038,-0.5322398010257364,-0.5524254386422832,-0.5349848593292281,-0.4515922362496483,-0.41378660220253133,-0.314329670189377,-0.10886399665094518,0.03176422169096569,0.16353167136048077,0.3907824544209333
-0.19018456821740765,-0.16494683203253807,-0.1688832488000294,-0.2171801501995565,-0.24240965796677683,-0.2732188865259558,-0.2948427387572162,-0.30633803469449433,-0.31348892878885704,-0.3320981354796925,-0.32909159530065263,-0.3094899747058751,-0.2899001429232493,-0.2860608569868019,-0.26348452430631386,-0.2841690605846561,-0.3292027300807978,-0.2943623145055049,-0.2040357756446067,-0.17710124587639753,-0.14154739036672015,-0.15659386650362742,-0.12918458950106781,-0.06078033766389973,0.130080088468862,0.20541325453615233,0.2684690144774281,0.5181230229747169,0.6603763950972582,0.9251482720061559,1.4817998260777316,1.7054101888598996,2.1775381397283398,1.628126920786594,-2.5138904048987745,2.549185500691297,2.0451967965250013,1.4159487726680062,1.253123638450975,0.584044444855497,0.528085664023319,0.45504762838581453,0.40285499032481853,0.3824533079912575,0.3200676413222222,0.31787469220090286,0.343854354719131,0.38822644885492896,0.4395808041116856,0.5472279294690617
-0.0720497128812078,-0.024685498324991936,0.09138804362691566,0.09414608379385522,0.1801919678046439,0.21026641622077488,0.22630071787200867,0.218818847710795,0.20222858021016968,0.20687659353745652,0.21094185159352313,0.18807918646649432,0.17527783791522458,0.1541490617608165,0.04995266720628546,-0.005423517223129181,-0.02141758233133019,-0.02211027504589215,0.008461411750782556,0.02748409424134795,0.1198490239208481,0.15917422753616198,0.1844077978167945,0.2104329418008024,0.3446207144012976,0.45312322541520833,0.6213118650236681,1.009858087232898,1.3454336000732081,1.5178413151624872,1.986323116387874,2.168577083397542,2.3031352185133582,2.6474032110144257,2.7498215868476468,2.572020793594234,-1.655323769849201,1.7983095159129074,2.2836134792009357,2.3067896338853124,2.0066033993474144,1.8216158080951907,1.5201232550712434,1.1178582418702718,1.0131916697127117,0.8825144275138824,0.730007166111415,0.670205618206205,0.6655673218795755,0.6643773551582228
0,0,0,0,0,0.007707934944982667,0.15232789741050567,0.2356577189617321,0.333490500284024,0.36698868940239254,0.3451788557912658,0.2334949354385756,0.17881791957067436,0.14514672827952121,0.09473802317522216,0.06165976345237856,0.03420665674744552,0.04941142767956588,0.12642898530131705,0.20354482987720823,0.3906712572590215,0.4436066825341561,0.4779083842915784,0.48508296186634453,0.5167142287003992,0.5697761120800239,0.7205828649851314,0.9403255965534434,1.1296457414542969,1.2315333521677239,1.478596607671181,1.6419020713801664,1.8132806226024776,2.200909333495839,2.417213051566047,2.5231380720329275,1.8188204838758635,-1.7219501394869707,2.7078368970122315,2.55417329030733,2.3738523976247117,2.238310640953463,2.0084543832459403,1.7161834428047984,1.533166259382416,1.3991961150521783,1.1246199088899513,1.0101938130442258,0.9220048781161272,0.8032146998796215
0,0,0,0,0,0,0,-0.00859305087608912,0.2596515954333527,0.39420698266981313,0.45529869297315334,0.3452245088899463,0.2790380191254191,0.20677336486585526,0.13825340641149297,0.1511107143316743,0.15628655297559138,0.15969537100358192,0.1955842268387213,0.11948521855854145,0.034754016465359576,0.06589409747117783,0.08285556163494026,0.10260634146387321,0.24129095277473933,0.37243809944631107,0.4453905690092223,0.6152589240884612,0.7141394044173123,0.8256027588789991,1.0988065912142697,1.2573510655295685,1.404768797453375,1.7515108647135236,1.9835251638056168,2.088632710393228,2.3995590238862086,2.346955492310264,2.087935745101115,-2.427047378272134,1.561075680004778,2.400201789353197,2.3903805152643547,2.0896291831227884,1.91390006435588,1.725386106085383,1.3845371843414807,1.1684584912515164,1.0619993792415763,0.858687685119102
0,0,0,0,0,0,0,0,0,0,0,0.3753020327489948,0.33303247288596793,0.29270518997798656,0.17497524388336486,0.17290770915586753,0.15259370801516878,0.05329602819292457,0.059486951038307666,0.10031283579050972,0.11344530057336347,0.11437146113614798,0.1265442127307986,0.16499819892307138,0.23981957539898496,0.3018134595774318,0.39524827690470676,0.49858867526990097,0.5955264115202956,0.7327179668066321,0.9259286467742824,1.0919807310972685,1.1783970089617277,1.4246009896966763,1.5975324400925155,1.7790400549056435,1.9956835507656205,2.078748831716927,2.1406086048861717,2.2513022088827435,2.177169053010887,1.4571872033657394,-0.04242059076537808,1.673057422759684,2.1701576159654548,2.100867495345499,1.904512477005214,1.7917268342098531,1.690007135321108,1.482919765514363
0,0,0,0,0,0,0,0,0,0,0,0,0,0.05614303558831186,-0.20226230464191994,-0.0031642089728372703,0.0315335861283928,0.15200911621350927,0.15309659775968687,0.14136582210681764,0.09157097941504896,0.049789114288750005,0.04215102197357724,0.03133298909494858,0.0356993393917381,0.07645229983229211,0.1521043270746186,0.28155589061866426,0.44135912220165063,0.599776448332725,0.940914722929816,1.0283810778204825,1.0713057669890833,1.215711448189673,1.3090854356230477,1.409253731422569,1.559388189378018,1.623156755657418,1.6954101263732437,1.802710954014218,1.8748415489369958,1.9450153813608086,1.6442669344538965,0.8772512485396523,1.6168731203676874,1.9591053265323461,1.8884743015667462,1.794241674600979,1.7612111877253467,1.637749416259308
0,0,0,0,0.042382365762199746,0,0,0,0.15608179773996422,0,0,0,0,0,0,0,0,0,0,-0.6792432089008797,-0.3536052555825419,-0.28229828722800204,-0.2270366637866659,-0.14526617547904738,-0.042819490754606886,-0.015027595404007114,0.08627624557515615,0.2175217903895735,0.3930663588448384,0.523528958081402,0.7119512469459378,0.7620966656753603,0.8070966958223064,0.845508529897511,0.8985148012131011,0.9921390475174565,1.2413240494378246,1.3322306198435603,1.3968599707452656,1.5226034191374698,1.5700429750164673,1.60463305901789,1.6473030773644721,1.6260934815382293,0.8513070211560092,-1.691620422616039,1.575509910571338,1.6313158155239,1.5781189925997605,1.4471539011756929
0,0,0,0,0,0,0,0,0,0,0,0,0,0,0,-3.336943210834728e+38,-0.03531582347588719,0.13237073190418636,-0.0019871733858713007,0.13861054146397647,0.029329835372879507,-0.20004720934484405,-0.604815430374662,-0.7388406101535342,-0.6387307289069335,-0.6784232755663192,-0.6157303493233073,-0.3610749247243785,-0.2530598340992279,-0.11770230008922451,0.27044959452607564,0.44357789726061814,0.5874368997320542,0.8128611668002658,0.8749933288402615,1.0062381000155447,1.169163478978424,1.215242644457862,1.2556961364911727,1.3563947111607635,1.3794048811661723,1.4099392408530236,1.4548439886926376,1.5394407819834004,1.499555592236752,1.3505552715945,1.5368951478377118,1.2542195073497753,1.476881517293721,1.3369479040271952
0,0,0,0,0,0,0,0,0,0,0,0,0,0,0,0,0,0,0,0,-0.30059449161719315,-0.5508001260529256,-0.8730785819156035,-0.9318978454598154,-0.9723937756853833,-1.062459008865257,-1.0075286677108684,-0.6826962227027388,-0.44896978867706727,-0.1834262016699999,0.12300246073824593,0.2324850120269216,0.3850888623775126,0.6138431178704832,0.733438721840059,0.8059998521063474,0.906662883449243,0.9857557686258243,1.0187933486938026,1.150705564520674,1.2259890248854783,1.2957329680072067,1.337083510694508,1.4281858574958737,1.374808457798103,0.8511269672811836,1.4316808936469878,1.341886267777874,1.3611562029746478,1.2163213237566777
0,0,0,0,0,0,0,0,0,0,0.00692628909086517,0.18451022720905444,0.23454349166433336,0.2616258439371325,0.30692367963917067,0.3508849709624958,0.437224828733709,0.20768025505033222,-0.18959931490524176,-0.4455147048106994,-0.5433642730519258,-0.585826926369785,-0.5406738765730444,0.6803589034641166,-0.7383882090815657,-1.0620721486647502,-0.9190789394635023,-0.6340884633819708,-0.4836018854486869,-0.28534853848383795,0.06656074029049905,0.24230013386654176,0.390639004538133,0.6203393904020562,0.6859409784086397,0.7720694605634391,0.9641708794238731,1.0382753736333536,1.0469596139206427,1.0773411963004897,1.0924817765674324,1.1106809573458818,1.1461916133429562,1.2660143516794506,1.3150401383249266,1.3397513115098303,-0.8957454400883389,0.8800375215086811,1.269469357040245,1.082835596683736
