jsons/1312876800.json
{"header": {"parameterUnit": "m", "parameterNumber": 3, "dx": 0.1, "dy": 0.5, "parameterNumberName": "Northward wave", "la1": 40.97354507446295, "la2": 16.46031188964855, "parameterCategory": 2, "lo2": 133.9931640625001, "nx": 191, "ny": 50, "refTime": "2011-08-05 8:00:00", "lo1": 114.97908020019554}, "data":
[rows 22 to 43 of 50, columns 100 to 149 of 191]
0.06014836623326166,0.12211259866434282,0.2532695065995542,0.28966861753705847,0.2820618044251747,0.3212470466212425,0.33479884990816544,0.3640730685845353,0.4010521408883515,0.42704119597510254,0.427430390558832,0.42673175237379757,0.407522639493411,0.39194503401777814,0.38521662034667853,0.3749132046428292,0.38349285531132027,0.39604754657919505,0.43539532867048786,0.47017353368893,0.4731629157606456,0.4721472564083123,0.48653422360876275,0.5080962965031646,0.5379512354102156,0.5760850525202997,0.5630462045384973,0.5359289626258673,0.5597084410412243,0.5614423430616389,0.5610981055623379,0.5902749598668109,0.6056187654012717,0.6089121923361148,0.6264363958421642,0.6359181780281964,0.6842935522264116,0.6678351717193679,0.6712357862043287,0.682787422747815,0.6933402347055225,0.6947203729307174,0.6935784873112492,0.7020221138741685,0.6983706728604486,0.7000887843160558,0.6936202903527537,0.6787959063561861,0.6631243400650431,0.6477947974509434
0.27835193778946776,0.25926606702144406,0.24966618952565986,0.2619882645533172,0.29603749518990297,0.35567775665499485,0.36844498550702437,0.37263034397261746,0.33348739487930346,0.36805712672985363,0.38538953854727276,0.38232927709544895,0.38745946186880026,0.40556186006956885,0.4143157538101072,0.43736856973420885,0.44148160457631824,0.4384225246747843,0.4831102519329809,0.4955811156790332,0.4686789539004224,0.4478073866604571,0.509959752305175,0.5586911633996188,0.5281020989718512,0.5093481203376867,0.4974854517775285,0.4967757958787926,0.5266359793166553,0.5658686279067078,0.5709077269145878,0.5679263130029508,0.5451628482677948,0.5535614555089651,0.6170706602576624,0.6325463178986731,0.6345688725588947,0.6558247248874113,0.692162698615764,0.6954749941511101,0.7023378947557054,0.7259151333206288,0.7342634007791932,0.7162917913433898,0.7662455771912797,0.7278175580300262,0.7024100652775226,0.5703738078504262,0.7397185766885329,0.575182937830925
0.4464420890562815,0.45772133366032497,0.43514124405656657,0.4396517176556485,0.4534353994168728,0.4454551098339299,0.46765464246061617,0.4730023466091181,0.4951891710116748,0.5068703231295882,0.503558631773578,0.47243483407740433,0.40475356176684163,0.40687231035900157,0.43420446425903697,0.4471711133388742,0.4513587947254957,0.45386171707786904,0.46231881686511556,0.49998609021150936,0.5155598303747044,0.5397654787843321,0.5582256640894889,0.5581635399755693,0.5689348068960421,0.5834736308556477,0.5832317285913464,0.6136988938007077,0.628620370914676,0.6376570748362123,0.6322449308473738,0.6183767168133151,0.6241483045937977,0.6318325473924451,0.6567966146077985,0.6783645291228999,0.6981976727992539,0.7705746069894961,0.7733071471288504,0.7158556726794861,0.3579549140232491,0.025238432326584917,0.636324260735937,0.7476815662238865,0.7444740833092007,0.2376648146494112,-0.8083832072003705,0.13411045990312254,0.6833097955406968,0.6811063627357956
0.5152240776912304,0.5327329800129543,0.523046079877197,0.5234968821866847,0.5353288784115193,0.566252918592483,0.6175210699168883,0.6462171768940528,0.5935335017967509,0.5865158417399706,0.603717048631465,0.5720360800823541,0.5668416459312556,0.5603570197439284,0.5766164887921676,0.641701819301175,0.6271472903336434,0.6271006879985179,0.610665474562973,0.5968965573051428,0.5842208740399175,0.6137140493499874,0.6063408604543596,0.6098015239984746,0.6549011566117491,0.6734115714276019,0.6698112310375864,0.6779403684193781,0.6982324545125119,0.6958061059349039,0.691128274175555,0.7169526892415867,0.6982203699274804,0.6817737342010136,0.6711391580523897,0.6810504594976069,0.693589380301439,0.7321084112929624,0.7478312259029085,0.7006911613431948,0.3192834667322943,0.49395802615816875,0.5653180282263423,0.47030882814228003,0.38680923805826484,0.39518563104075116,-0.5192082879444937,-0.5974041072508254,-0.656203240303719,-0.42982469909847915
0.5839725155869239,0.5586349736959373,0.5689423896066836,0.5736915221268505,0.577396175105084,0.6013830938195126,0.6356637252723814,0.6574131735316857,0.6810330626022845,0.6882011759029802,0.689390834713796,0.6877759550096918,0.6868414987643146,0.6780022881689216,0.651160445187146,0.6422993029103294,0.6539097639609585,0.6521510282100984,0.6119892510761519,0.6028061504241738,0.5821614913915469,0.5793338915143257,0.6002004655735599,0.6078298268712657,0.6384177132749392,0.6347926280678612,0.6458068781443937,0.6396174347403342,0.6837617046916062,0.6950694373110283,0.7007295530800555,0.7212251334888322,0.7150389474610482,0.7155420556634172,0.7265247995527783,0.7376225143653637,0.7402135316113987,0.5196471314803095,0.22379506019742298,0.5433886619429522,-0.5662517597786456,0.2797249470366506,0.5396810437314546,0.4441869278362627,0.37024017983609103,0.36436727010226366,0.24677036928304466,0.2538852692595666,0.17735386176793164,0.1842597819383824
0.6409928537613964,0.6609882439968888,0.6620663028378898,0.6605147781951562,0.6628569202907811,0.6599386172632286,0.6353066663641258,0.6347045755301798,0.64459565056959,0.65721763853762,0.6706239141425681,0.6722843788765822,0.6882347141604578,0.7084172931861588,0.6975767214786968,0.6529033959983245,0.6642626751506701,0.6668485001766832,0.6776436342389897,0.6828750614949365,0.6780820135991271,0.6612109471425544,0.6490465273411674,0.6303379516085347,0.6620033349911368,0.684701824654079,0.6961849756921035,0.7014220620244468,0.7021325810894905,0.7060935144571364,0.7135815628745045,0.653433128318554,0.6054136736287767,0.6397774453582424,0.658449614349548,0.6475428044713202,0.6388346268399372,0.6144097175664959,0.5887869447731642,0.5764581620039545,0.5358852550290903,0.5224351301519556,0.5297011214795945,0.41889176918659116,0.4173372998855926,0.419100335042513,0.4557638329520124,0.5263168142635102,0.5535043168157627,0.571873774931487
0.5848275668954431,0.594585837442293,0.6108130366858148,0.5996614260050935,0.5877328274316405,0.5812320036999241,0.5709575077522456,0.5777253517927285,0.6140706448798737,0.6254726726720318,0.6328052010029137,0.6404043831169448,0.6363337692736155,0.6339672382017404,0.6422221827565725,0.6536277871591142,0.6594831018841107,0.6669611162244664,0.6877188052141593,0.6942621207956261,0.69204777596565,0.6980604588801398,0.6827083073122738,0.49323191211257833,-0.19774505714984214,0.4485814851900362,0.5866811207421783,0.6518269403747812,0.659295049703154,0.6474051523811637,0.6163085386459185,0.5535616213368619,0.533435660285618,0.39275444063958487,0.09717709736412886,0.489109216244433,0.5986868629692647,0.5993249563940344,0.6175475946142187,0.6307677641712708,0.6242348967528082,0.6147827979655205,0.5894690972612806,0.5772231751656889,0.5737396556650639,0.5773566502808827,0.5793232616035122,0.5547808137340998,0.5571158242370975,0.5736203902289899
0.6011788945264053,0.606244797161622,0.6033855204273244,0.6091481216608414,0.6050740712932623,0.5848028557140136,0.5791038409624423,0.5729707358062806,0.5844074458227108,0.5854425003627023,0.5901423848345995,0.5958070828026553,0.6051286067585526,0.5962304284480817,0.6074483732829842,0.6313160256118289,0.644025768709427,0.6522679035714936,0.6582451201008841,0.6607871761137974,0.666253001130578,0.6777999684702064,0.6830282807964884,0.684590941293107,0.6148261197337319,0.21906795021524583,-0.552866979830787,0.603265724163378,-0.40824829547857217,-0.45696142467041995,-0.355771422301582,-0.27774859853982736,-0.28429567369444303,-0.2840015094831835,-0.29366361500659177,-0.3087985044915391,-0.2634898031824959,-0.19633257248226121,-0.10947911686104983,-0.051073824451445086,0.13099919299502233,0.24429325444689642,0.28222085683744336,0.39494845849292026,0.5039651359332071,0.5145115768647213,0.5454686204306983,0.3806463561418538,-0.07694856559968263,-0.6824909929726531
0.6332203651656978,0.6346399946289537,0.6447330788795489,0.6453572929940637,0.6428690416594507,0.6330339477703458,0.6138208952846024,0.5862157128804344,0.5566374587096836,0.5551427104704144,0.5601550767482116,0.5517037900953987,0.5395334332668374,0.5280121488312141,0.5608504636379994,0.5893199457235945,0.6049162555423241,0.6171946644691001,0.625417050682206,0.6311634350977576,0.63487764287173,0.6494681568456508,0.6533764204180762,0.6559871680571858,0.6421227204852276,0.6250921942042191,0.5899084896895609,0.5623354824095804,0.4168822127151611,0.3191075554860522,0.22428070979390438,0.1533412651951049,0.1430408909023795,0.1394039085616142,0.11350790437066186,0.11681416051411525,0.09884647477297698,0.13341216771167932,0.1399706920438246,0.16066696344572046,0.1735566074318972,0.2139687028706577,0.24562337146865362,0.38398729299063206,0.3834394324441865,0.41460891112407744,0.5156725675408205,0.5520889291163068,0.5915477024166719,0.5838914836103762
0.6498338785565045,0.6621311683601879,0.666480000908913,0.6473222258318558,0.6232590213930363,0.5523200152676878,0.5677514944982089,0.6001023112904403,0.5618672674786628,0.5638339094575714,0.5636730676849865,0.5612579630862996,0.5337956631188902,0.5586514661179106,0.5777357504037711,0.6101660713008763,0.6019677776913226,0.5924134094394693,0.6170157716458846,0.6305851532917618,0.6454892280159222,0.6344803593738422,0.6358643134880158,0.640383795495478,0.6264333657409344,0.6184497154043722,0.6221645607331088,0.6179955192562873,0.6139763092477662,0.5998581498459746,0.5893818212930633,0.5647142334494136,0.5425760184586912,0.5157726205906856,0.5052933307339164,0.4822380598925816,0.48766144753052926,0.4739329946768423,0.46666208163508754,0.47435525556832375,0.4717245870058961,0.484463020840651,0.48835318535126504,0.4926276514372396,0.5102944244966675,0.5034053070922416,0.5154227074074814,0.5714742330269749,0.5800047707203433,0.5912383916920907
0.6197055327442399,0.5616161212218196,0.3407747174796876,-0.04707447342035456,-0.23888782433444705,-0.10089428835761613,0.31876371968698286,0.44504227649959566,0.5067132782509154,0.519801136773883,0.5336781075899855,0.5409966783488487,0.5816781748765635,0.5680669450772748,0.5685374674538242,0.568207795574917,0.5865320176215644,0.5941209463694849,0.6165340345167805,0.6365333339247053,0.6461685750188221,0.661702851380723,0.6577447944996191,0.6472550531509792,0.6417409530291243,0.6457958730050487,0.6597230148468876,0.6645074443653368,0.6705570306998244,0.6729948117837672,0.6649147573922831,0.6606300348637927,0.6539984445108662,0.6529063049908073,0.6416432601648172,0.6366293480306424,0.6285484742440673,0.6387075200313871,0.6285071045338305,0.6128532756675523,0.6112999794316355,0.6081842797081712,0.6046538539853756,0.6056551870875735,0.6106673861702028,0.6153363627884356,0.6207294221110646,0.6249755054777525,0.6287149356594137,0.633032682490627
0.5727898972690808,0.5769151388379568,0.5614849233121731,0.5204397890465157,0.48650494124732924,0.4763065227619639,0.4925562939346679,0.5077085519833798,0.5235836197384607,0.5221836033203633,0.5323324808025675,0.5426270875135492,0.5731113144461,0.5818535365467619,0.5824529276889642,0.5718343135467001,0.5758810629948632,0.5871304234958367,0.6176142540679584,0.6441183500877818,0.6500399792000183,0.6446885822472328,0.6492007507031397,0.6573330362755652,0.6537675446216782,0.6569164824537549,0.6796859937509232,0.7005458641255451,0.6864192659836009,0.6840520782318038,0.6866395209303321,0.6947976412197708,0.6929686567620409,0.6921945379570777,0.69489680989883,0.6983289559208558,0.7054120155297108,0.7156585266291436,0.6977610598407384,0.677085151876225,0.6707903390968121,0.6658643514209691,0.6639795762335349,0.6639061292332356,0.657501781660871,0.6612716565972104,0.6646148169528613,0.6459168848444441,0.6429945317632297,0.64272591008809
0.6047354585975389,0.6098940276865067,0.5991870362201814,0.5803414559971153,0.5698678604409438,0.5573095585718373,0.5616033264907642,0.5747331443281314,0.5996688398988188,0.6101610137061122,0.612834159661568,0.624755107443002,0.6162253303417674,0.6112207506194042,0.6011284197303665,0.6047670983368527,0.6097777208920159,0.6271917365517948,0.6348453471303035,0.6329534197149184,0.6382788023354876,0.6609493036563838,0.6683721552170419,0.6696481885850867,0.6725113629825545,0.6811086500857688,0.6801650043700664,0.6815036158870649,0.6919879696287261,0.6980865298215887,0.6965782247657277,0.6960400949654822,0.693731852241931,0.7037131447821394,0.7201952406816924,0.7223851342839158,0.7253877945373639,0.7306380791582016,0.7326815881969422,0.7325924168874353,0.7287428038414926,0.7249813872997659,0.7222545845845365,0.7083548105187162,0.69485458013041,0.6960960176518679,0.7037763038918161,0.7201606644619847,0.7224298718050574,0.7196218515501798
0.6956363891864954,0.6985590728413844,0.6829931676870006,0.6701384680871444,0.6385715478016735,0.6300654118491935,0.6229782384864219,0.618089996851665,0.6240362432346177,0.6303009706317719,0.6484086977039496,0.6601725670076062,0.6513290493131942,0.6634767732787981,0.6651122918578262,0.6609238688323466,0.6600828543905243,0.6613322475478719,0.6654293776163868,0.6691790484801159,0.6725981191691783,0.6771888912157056,0.6800792148279938,0.6827893758955461,0.6821527681732406,0.6903700026689761,0.7010290780336732,0.7098754955209859,0.7137992837294034,0.7134925680779628,0.7150874520861201,0.718330783407171,0.717963474244748,0.7179147183189795,0.7203364681338933,0.7324387925510043,0.7389371062361917,0.7457494207036208,0.7484586936143263,0.75118542029948,0.7471010417674468,0.7510725650732669,0.731176445562654,0.7012287811805371,0.6575773801233079,0.5461254451230765,0.4710667197218127,0.38009264718188807,0.7383423925570562,0.7710386818288791
-0.7671899598902088,-0.5447690810463631,0.6440623071015317,0.6739290481503005,0.7363707159739764,0.7233397391339234,0.719683101449521,0.7068661860748272,0.7064394604156911,0.6973726323135367,0.6875200209262511,0.686599765221552,0.6979967182890578,0.7027856258913345,0.694275128823227,0.6854758213220689,0.6891922659981791,0.6901069728040291,0.6896924274418839,0.685837299911368,0.6926804084371079,0.7068666066007212,0.7066885549313958,0.7167336006434771,0.7108644704035755,0.7079077397262873,0.7124375708015029,0.7140586196659776,0.7133900468835362,0.7154435338674584,0.7222865060444262,0.7344879268529207,0.7317735770963367,0.7329283432897626,0.6933347544227081,0.6852907352391078,0.6905505280669956,0.7161322909821038,0.638652590338037,0.6653725137956591,0.5493790990043321,0.2038044976670816,0.03148858796453948,0.4271696967590416,0.7524180446209199,-0.00027517775815296373,-0.6368967176057734,0.5511961960393021,0.4951789339000245,0.4836793276726539
-0.24383836795452632,0.11656939571797784,-0.06530468751165253,-0.21632475348141808,-0.5872510472413609,0.7790523986253965,0.4519095378216037,0.528583093028854,0.7491058093549309,0.7283742219148361,0.7222918512776322,0.7434410056459382,0.7435968565562642,0.7410363033478945,0.7354389272604736,0.7294832822752465,0.7387761198965609,0.7412819399574344,0.7418564352662029,0.7431168107537185,0.7529316608232786,0.7573656665030765,0.7596460434054213,0.7636310417863361,0.7712754731894418,0.7644187116351389,0.7590343629151312,0.7538937471489374,0.6964212015019587,0.7019058022336865,0.7357296855450507,0.7531941973021797,0.7285825567082141,0.7367471670851852,0.6502828888369622,0.5493813447999741,0.14137409088986094,-0.7663557958972341,-0.5282716633661969,0.33952536123041055,0.6411312267989144,-0.2763943879645164,-0.6923764520035611,-0.5892960509239682,0.015201121974941013,0.4892357677366042,0.5717841176422246,0.6517197592230638,0.677000438577521,0.7114252823842506
0.832353923477859,0.8372399954630971,0.8447614481078328,0.8482708178985899,0.8332873770425697,0.7545564248014957,0.5605744445011822,0.1371520629649791,0.43700916847774274,0.7448004163325537,0.5083262523890494,0.6355359195106067,0.7211936668968476,0.4119252613158867,0.19521546994535746,-0.3166075898085848,0.6862673042374026,0.03932452447536894,-0.40962384112271966,-0.785821478864281,-0.308110400457181,0.1755513347658824,0.6625406229988536,0.7864106447877893,0.7576117627921127,0.7726852538225322,0.7908990293653273,0.7982592961502163,0.7252932874519648,0.7105702257205803,0.7344825457721365,0.4759216970354711,-0.06630531589562233,-0.33631167118836214,-0.184766688034533,0.5530869624951288,0.7328352154994058,-0.6555599867255929,-0.7770065737289334,-0.12828229033846478,0.7012299730629554,-0.14510879267734286,-0.6721954414983745,-0.18678061943009633,0.5280037126582311,0.7218137889320828,0.6505489977616826,0.5878925014792014,0.622451123073639,0.6667459406555157
0.8489510470241387,0.8415082159224734,0.8543860797305178,0.8588159648316378,0.8487845212545907,0.8214079034185093,0.8122254068892484,0.7835905723915872,0.7641125622458368,0.7957050061894734,0.815385584074209,0.6982127639536726,0.7205045789053275,0.6988988041966344,0.798913680234201,0.7797233160529491,0.7842791830375211,0.7834026257324637,0.7901081454860212,0.7470265423509227,0.6407285943597741,0.6074296298746761,0.6259853919474593,-0.5364818809200815,0.03164649680528036,0.6383034988569504,0.8246820131571131,0.6545456803928675,-0.38070046210744884,-0.8370571657953931,0.09866406365612908,0.46956306775569817,0.3836157834961206,0.4653266590965507,0.7799879131023463,0.7856439789645326,0.7729090949622818,0.6854229724050752,0.7090174379862936,0.7759011509946105,0.7080053346531705,0.5144170638398795,0.34526930866149097,0.6610084003591401,0.7835528560691519,0.7625895059214947,0.6952567672604533,0.6889156584641547,0.7203259048175757,0.7387603936144941
0.816456289545268,0.8361061698243752,0.841532823886091,0.8374961374965489,0.8381674368565359,0.8446585229555933,0.8545758667594039,0.8604622986847384,0.8683523863632442,0.8719682214505062,0.8589790306220026,0.860143558964811,0.861966610090941,0.8518916400908554,0.8487245103952715,0.8459645338753209,0.8387666441382339,0.8327952254359828,0.8073373419958797,0.7930180714631004,0.7790513847543654,0.7963188390593886,0.6157703441493071,0.3846535007421233,0.6319710178791444,0.8491631558386679,0.6917333063141046,0.14749912844656257,0.2338234232906947,0.7205407798454014,0.7831296961282617,0.6815727098187435,0.7817179192228758,0.8233347692576781,0.849904234096241,0.8347247829542015,0.8427305409595311,0.8371274811033952,0.8334504119032222,0.8283019670143777,0.7961862828501128,0.79389171336513,0.7839602266054779,0.7512784630156953,0.7492776358983637,0.7569021977987913,0.7661243128791576,0.7387638421669329,0.7222441199762688,0.7112830322006994
0.8307967363683955,0.8444191025537364,0.8374274526304831,0.8453999647657621,0.8587411084945412,0.8799934182234915,0.896077088071469,0.9045534114541868,0.9068282393122062,0.9065259340754271,0.9071900926596761,0.9009436138807336,0.8988850483844801,0.8902102438065693,0.88997657930871,0.8839974689496167,0.8717888659909786,0.8685991121113915,0.8678320065048484,0.8634116694627538,0.8574164301841642,0.8568376551476651,0.8603596518851434,0.8594291193616371,0.8623059743770606,0.8590942317339173,0.851915941491302,0.848916856649276,0.8492826861350506,0.8536958315196049,0.8533049573505113,0.8504312539335431,0.8449358821375602,0.8381713935613757,0.8199618559431642,0.8083067197797544,0.8102589148405973,0.8158066550547057,0.8145633248919701,0.8067100700128693,0.8077678999210953,0.8084446198165317,0.8006266525225888,0.7903733553262502,0.7726037746443386,0.7387807716749056,0.7127995134725441,0.7164532667528347,0,0
0.8113962192771066,0.8400358022458523,0.8627061649644989,0.8763478103335185,0.8888963699887829,0.8995133486049404,0.9112160770577398,0.9231822513635233,0.9418396705425729,0.9438881656175709,0.9306031472719114,0.926666825897255,0.9228082085381937,0.919070420995534,0.9192676616503811,0.91875170099039,0.9075267040001452,0.8978894916516734,0.8908566607496756,0.8953552553669328,0.8837910320222552,0.8791271127942591,0.8769012190407025,0.8757371938392203,0.8867850279474592,0.8865688701456473,0.8803617712802875,0.8698988431179931,0.8572102925160823,0.8545383646389454,0.8512235467032299,0.8346615685111201,0.8270756870073117,0.8218344062668965,0.8146130094861412,0.8179061105157014,0.8199931394165204,0.8125831745968176,0.7982125036440014,0.7818008294763164,0.7722724596246339,0.7577382675465899,-2.941042588008159e+38,0,0,0,0,0,0,0
0.8994104089596817,0.9187067247613715,0.9666102371583167,0.9869034577931773,0.9691659075762805,0.9214207799048574,0.9062136633172206,0.9099445234678069,0.9271339291158428,0.9276048014563976,0.9273841961348723,0.9306174154792404,0.9527549402245717,0.9470869465432278,0.9322316599524099,0.9239926551228179,0.9108491855452328,0.9065257969358899,0.9017128719015313,0.8961774879165689,0.887127993043664,0.8606972114442201,0.8466913037450274,0.8402255597452506,0.8556694881327617,0.8499834054843629,0.8449769355212277,0.839161459389152,0.8174298286735334,0.7999726970578601,0.7937266068457065,0.7943327558848987,0.7856901705146349,0.7781966316311649,0.752054754648779,0.7334732799878387,0.732041878191735,0.21325613887545802,0,0,0,0,0,0,0,0,0,0,0,0
