jsons/1312743600.json
{"header": {"parameterUnit": "m", "parameterNumber": 2, "dx": 0.1, "dy": 0.5, "parameterNumberName": "Eastward wave", "la1": 40.97354507446295, "la2": 16.46031188964855, "parameterCategory": 2, "lo2": 133.9931640625001, "nx": 191, "ny": 50, "refTime": "2011-08-05 8:00:00", "lo1": 114.97908020019554}, "data":
[rows 22 to 43 of 50, columns 49 to 97 of 191]
0,0,0,0,0,0,0,0,0,0,0,0,0,0,0,0,0,0,0,-0.4359254738238261,-0.1862539079466996,-0.2540353602055595,-0.17088768177226868,0.3581345135755083,-1.1460132301233155,-1.030550554532143,-1.420638405970273,-1.692203045013008,-2.0944788342137755,-2.1156738784131175,-2.1567307849279564,-2.2297212481672486,-2.218138119639836,-2.189685994599886,-2.113446076646159,-2.038440578412422,-1.8556098006190511,-1.5989047725052195,-1.459032979371119,-1.341726738096326,-1.1517158167073271,-1.0406133742893007,-0.9083859543590441,-0.8174176864007401,-0.5433447638575117,-0.474627423937458,-0.5704376495148551,-1.4304873687261208,1.709150200289276
0,0,0,0,0,0,0,0,0,0,0,0,0,0,0,0,-0.04522717118273432,0,0,0,0,-0.2945519568120422,-0.6332529365596279,-0.8343059266290385,-1.0314641895645948,-1.2155257964489536,-1.5636201970979815,-1.8399691435403858,-2.0957494957250984,-2.18608042534932,-2.2221303482867905,-2.1937633804147363,-2.063048304733986,-1.9365579587022008,-1.6634138672694352,-1.571863610108044,-1.4504027869542617,-1.3220129041747617,-1.2110565657924897,-1.146524609115673,-0.9759279610636871,-0.8703653993007885,-0.7639618752326193,-0.7083491157645065,-0.542110848684392,-0.46769531673030773,-0.5964175900925502,-0.048550657923303056,1.5157735386970042
0,0,0,0,0,0,0,0,0,0,0,0,0,0,0,0,0,0,0,-0.1042509726981294,-0.1357643020342268,-0.31139514185450273,-0.5146020202216468,-0.8688605924197574,-1.188489334911906,-1.650795565144926,-1.911454679192115,-2.040007581703751,-2.159343073040336,-2.1817071614848906,-2.1614856491688785,-2.03615134234906,-1.8951010569952311,-1.8302002283885572,-1.6787127460435882,-1.5765817944416842,-1.4664669030630157,-1.2677592049604751,-1.131644162613694,-0.9867443776144854,-0.8033247667263377,-0.7497024336958726,-0.6560659853724313,-0.6066674253897013,-0.4304690725273796,-0.37780095549056825,-0.5733325116930091,-1.5743851788478924,0.22344014238869017
0,0,0,0,0,0,0,0,0,0,0,0,0,0,0,0,3.3038944722661223e+38,-0.4035647888728781,-0.002608531408783633,-0.1335310463992786,-0.4256546113358486,-0.9155003687336121,-1.2046420378231524,-1.560319538689328,-1.7683275896333601,-1.9790041359200476,-2.1036989977088942,-2.1543124295120646,-2.168869448369178,-2.1098145330398737,-2.0558208887089293,-1.849834667520642,-1.6932928440469757,-1.5798911528033774,-1.4347580571761032,-1.3182363178192449,-1.22825904467971,-1.0830287934460192,-1.0291899663584485,-0.9337389094507217,-0.8314301716194736,-0.7990806463923836,-0.716244263786467,-0.6252586471165261,-0.5152856972030162,-0.4521976917110839,-0.38000296818773494,-0.24026233384040271,-0.509404740220638
0,0,0,0,0,0,0,0,0,0.05742225392336972,0.19483061363827087,0.3287434308983882,0.3762986924930089,0.5285840703365059,0.5206167203794434,0.25726008695618546,0.07375831050192454,-0.16315998176045662,-0.6974276038880046,-0.9847269463168604,-1.2975619657268445,-1.5903905994080636,-1.7833653351112504,-1.9180399322099448,-1.9910580845385002,-2.0759624827146923,-2.108979990775598,-2.114173404826056,-2.0764483694189955,-1.970001623339074,-1.8886486216652354,-1.7081351029491538,-1.5422412707903848,-1.5119252692456777,-1.4018799541540574,-1.2908560479657383,-1.1067270996311374,-0.901524663627666,-0.8709463338573729,-0.8016092229204449,-0.7334069195892023,-0.6655430825720976,-0.6545875696090895,-0.608541763812465,-0.5137447374217874,-0.4698117595202195,-0.4335011922237773,-0.3489466616535121,-0.2674504281688963
0,0,0,0,0,0,0,0,0.19539819725646726,0.22292090721260518,0.20233476411672197,0.09369110657521477,-0.2369126998348984,-0.42446391226818136,-0.5975130207208872,-0.8833853589905842,-1.0332265636607296,-1.258183063158831,-1.4694593270678675,-1.6158727462886069,-1.7522451790131097,-1.877207704794713,-1.9390129183778813,-2.0078741893090566,-2.0385052249212197,-2.0786580253652622,-2.0929632308446844,-2.07631061201411,-2.0380087366272077,-1.969932682156968,-1.8988365170042967,-1.7397662661664886,-1.6501253698246408,-1.5780347168809887,-1.395092506125315,-1.2860338222824073,-1.1212002536513437,-0.9746191022836653,-0.9073714034958481,-0.867049436329912,-0.7706968584110439,-0.7066074680783345,-0.6762023241288188,-0.6037783504067332,-0.5074257181515834,-0.4535421283777222,-0.4297095511212082,-0.34651941758582877,-0.32536039034463177
0,0,0,-0.41873387983705995,0.2991702884797942,0.26389330351724527,0.16795421682184616,0.06649359155387537,-0.09551927142997643,-0.39599989504204014,-0.5312053122464454,-0.7076133317512908,-0.9181947447875023,-1.0741462236969193,-1.1987655959784311,-1.3440037809358842,-1.4386331596558668,-1.5769534521084192,-1.6981657873675107,-1.7729031160306907,-1.8542785714565333,-1.9023903171661247,-1.943600802127339,-1.9954621888752702,-2.01904854232607,-2.0400470139395135,-2.043153336214901,-2.0389046592255533,-1.971356903059836,-1.881887504625254,-1.8261708495976174,-1.702248792899052,-1.6335004901598185,-1.5755567761264202,-1.351095709455471,-1.2781485689543648,-1.163326557663836,-1.0934133705806046,-1.0439229792781348,-1.0204367334180975,-0.944269772578552,-0.853883349642954,-0.7798921063840718,-0.6964869061659182,-0.58564276845146,-0.52999410020803,-0.4847683634894398,-0.42257535434324767,-0.39782781670208556
0.05951585117098975,0.05505926050187441,-0.0595111561369439,-0.1764803818803621,-0.30391356843789824,-0.5631813508147275,-0.6494576866354976,-0.7769779208430451,-0.8943576506511128,-1.0471170685070714,-1.1857008670734601,-1.2588171121774567,-1.376575645009222,-1.4695628014846773,-1.5412022555291056,-1.6216276261408182,-1.6664698708715668,-1.7246967763193317,-1.7891726692096486,-1.8153625209227133,-1.8727307144062617,-1.92540938440102,-1.9506027863144517,-1.9793872855771981,-1.9914111824354481,-2.0042192379719164,-2.008660921823429,-2.0006991818154094,-1.969070590193847,-1.9126089270240105,-1.885339027088606,-1.818259496809482,-1.7483054361960606,-1.7001543093196696,-1.5239321650598285,-1.424326785031153,-1.3193446060099188,-1.2671532245717692,-1.225423042244451,-1.196238378499177,-1.1159386085907879,-1.0712484862812872,-0.9467051251562637,-0.8699468241628989,-0.705065959892621,-0.5929067712010292,-0.5607319659230058,-0.4441408478022363,-0.4345176633858892
-0.3625744143810804,-0.5137040459568006,-0.6920492914329835,-0.7749908205735972,-0.8906518639120462,-1.0089306605041075,-1.0815110499824976,-1.1841543323163328,-1.2417172685967464,-1.3624066667284336,-1.4411363516958315,-1.4929706115447265,-1.56940115481111,-1.623709686816178,-1.656376566573831,-1.6922556884350797,-1.730092960334258,-1.7907421558288874,-1.817833429308023,-1.840864403609077,-1.8745600620202,-1.904757583521876,-1.9354434374264369,-1.9832561583447323,-2.0054831933881343,-2.022588921668539,-2.0341149245853103,-2.021643320474836,-1.9902869016991107,-1.9564503975816543,-1.9354038283205064,-1.8922560006151607,-1.8323635398685967,-1.7854133245728792,-1.688489573975404,-1.6349172113296193,-1.5883355533674512,-1.4429293791352702,-1.3907865420544179,-1.3466361529950794,-1.27369021200953,-1.1918869496629956,-1.1198546497420763,-0.997409852476793,-0.8686207184233274,-0.7770276627594092,-0.7012092150749014,-0.5788060951558008,-0.49095777914860417
-0.7324483255237006,-0.9284339018490781,-1.0658843140107703,-1.1256507120151291,-1.203789277501063,-1.2868611319854701,-1.3406014426929407,-1.4069087987549669,-1.4724209744003796,-1.527789672566507,-1.6003883583524636,-1.6293496329527157,-1.660217051637319,-1.6825875012817955,-1.7015947553975943,-1.722294835527282,-1.7432020118056617,-1.79676441876954,-1.8333091897132963,-1.8485965905157642,-1.9049018480102617,-1.936045622570455,-1.9652937951401508,-2.001513771169643,-2.007056182202695,-2.006563438167413,-1.9930474095477364,-1.988329670546258,-1.969070525482544,-1.9613057851330327,-1.9504107737836085,-1.928099206991438,-1.9110820803789512,-1.8964876596531242,-1.8544216236521567,-1.8138694019460504,-1.6954608921768648,-1.551910697746853,-1.4916431399574759,-1.3903702528477446,-1.2899320853432654,-1.219188809752018,-1.1370808844724982,-1.0500455627995606,-0.9473539377871963,-0.8885627960439433,-0.793324267897305,-0.6467846294898627,-0.6052985192633111
-1.1796595016437939,-1.2457126738278637,-1.325587786402924,-1.3628570888286955,-1.4304012199160125,-1.4696091745453088,-1.5178073036480515,-1.561173879265408,-1.5985615658015515,-1.6243138983227068,-1.5503746287034736,-1.4769529603089688,0,0,0,0,0,0,0,0,0,-1.5153534762878735,-1.7800486452683528,-1.9193523214168164,-1.9475254388867114,-1.9755041569626393,-1.9858213822478457,-1.9954028756132471,-1.9998084531967488,-2.0214602134497506,-2.0252035681179366,-2.0319401149818366,-2.0496107957265184,-1.9936219325835614,-1.8967298895068323,-1.844064131972452,-1.7226276332082828,-1.6346430799091207,-1.5933882557839931,-1.5196759078389968,-1.4082786814744983,-1.3551952903527584,-1.2989412164684937,-1.302712429950926,-1.2793795849625877,-1.1752969934256399,-1.0567022686809573,-0.897385480966106,-0.8343082921082335
-1.357493971219218,-1.3680840925566777,-1.4187642847041768,-1.4413239892902576,-1.4190989684392457,-1.3804038234143654,-1.2985147742402126,-1.1141557003007108,0,0,0,0,0,0,0,0,0,0,0,0,-1.2563400994389369,-1.5824945571289764,-1.7630451151040103,-1.885018273869052,-1.9154705196814918,-1.968952723084886,-1.9985959907449498,-2.0160408525756655,-2.0430934574424144,-2.0693904515947406,-2.07399499092767,-2.067029973107934,-2.0602470755474473,-2.0315144928873026,-1.9823715105450859,-1.929227865681334,-1.8506747809589055,-1.7391071075847826,-1.7309576778065976,-1.6441571285347458,-1.6817089669018812,-1.642372836594911,-1.5907368316791053,-1.2617905525174433,-0.6465847258465619,-1.577273746134019,-1.5541400527985183,-1.3077740188764606,-1.1996738751801161
-1.2685325385098478,-1.236738184028792,-1.110750363226301,-1.0085165841445414,-0.8799149752402918,0,0,0,0,0,0,0,0,0,0,0,0,0,-0.9973018208061831,-1.2509214343960706,-1.5404957364594276,-1.738804728249266,-1.8001844352689893,-1.8758934390493758,-1.9217041620608761,-1.9612879879306486,-2.0062708416955934,-2.029430960566665,-2.0389865061158035,-2.0675907065666688,-2.07658053596787,-2.071718221216609,-2.060778162101596,-2.0206282127097004,-1.9515235377939484,-1.9028296451439508,-1.762775299285691,-1.4922697909375486,-1.2043808928413193,-0.8347364203636504,-0.9238870915917282,-1.0161310645337358,-1.0448233160246272,-0.8926059033059653,-0.8511056594316484,-1.0007184559574585,-1.184106744269747,-1.3163519678627853,-1.3599586904233312
-0.9737305886840802,-0.7329517964496826,-0.45318198722931863,0,0,0,0,0,0,0,0,0,0,0,0,0,0,-1.1601899074290258,-1.397688102230074,-1.5498353908971674,-1.7001546061590003,-1.8124421934064148,-1.8643165142447689,-1.9064429331552393,-1.9414354686365458,-1.9705683540413443,-2.0176102000439036,-2.038782563464566,-2.0409116858051943,-2.063172203228394,-2.0803084781099948,-2.0778685716493936,-2.059696470008972,-2.019331520808081,-1.9067705083939845,-1.8554281924252323,-1.750124567501386,-1.6202907211705118,-1.5259923898219072,-1.3909191421877098,-1.312970532087937,-1.2803824910882136,-1.2260647060604235,-1.210386717132738,-1.1884976296027308,-1.2080882899782979,-1.2355296355963636,-1.3004106428850097,-1.3246596803234558
-0.6841648136642161,-0.5818864850048754,-0.23724501528489747,0,0,0,0,0,0,0,0,0,0,0,0,-1.1095659190485763,-1.2684601618141365,-1.4495560975166837,-1.6086016513325883,-1.699292692406334,-1.7920551358778714,-1.8599236314142478,-1.8902363598264762,-1.940774554435721,-1.9713707060411463,-1.988172626505065,-2.0262820374979786,-2.0515516714487685,-2.060526142424858,-2.07897595345147,-2.0850255933530053,-2.060903345046861,-2.027835457451893,-1.9976354971700736,-1.8816955952026528,-1.8366273724936786,-1.7463541731985797,-1.683988915703428,-1.6376722347831392,-1.5664043943048154,-1.5008042100868666,-1.4601815272295195,-1.390606565619152,-1.3748662744522018,-1.3540782338268893,-1.3442977049049636,-1.332276189441804,-1.304996286718023,-1.294476004501192
-0.5148901338164952,-0.4348527666531339,-0.27648417116329427,-0.3300694957563789,-0.5416029683360717,-0.4759355061842869,0,0,0,0,0,-1.0621107376091876,-0.9796972519209203,-1.2017948067980315,-1.3327724776000962,-1.4749407985682703,-1.5624471171166257,-1.6596830065367367,-1.7407810765750051,-1.7841971270114045,-1.8502815596923634,-1.8993396690567401,-1.9313196035131264,-1.9767740327924863,-1.9923006587155152,-2.0202540087157463,-2.0311521631830987,-2.034097178463534,-2.033966717407447,-2.028857184107713,-2.0181661022281636,-1.985517430623876,-1.9413372537347402,-1.9051230305286222,-1.815349932598503,-1.7885417097505243,-1.7381393857199405,-1.6955693246490866,-1.6770982970661854,-1.6653334031963791,-1.6160455813402756,-1.5791010078756569,-1.5225237159868936,-1.5065789214710223,-1.4709163346075989,-1.4386788341084942,-1.423220797136771,-1.3892573902386154,-1.3819696390036504
-0.537623004075237,-0.5792640094292355,-0.17461253824655287,0.5918635316587398,0.5218635666142107,0.5182591897007979,0.5812833469499936,0.6081162652496276,0.7472474178032886,0,-1.1187662464237895,-1.2810812315250897,-1.4260314379925851,-1.5640190466685726,-1.638980628962197,-1.7413778182809194,-1.789548156837258,-1.8190953993298442,-1.8408553622947634,-1.867867198273133,-1.9117868991979443,-1.9461376627122715,-1.9668118748192682,-2.006111628454487,-2.0222846661090053,-2.0149454522879027,-2.011907918997858,-2.000641834033504,-1.9812369129236016,-1.9581705205532873,-1.9440937983649902,-1.896558480909941,-1.8532983204820899,-1.8310377597713492,-1.7930665156032708,-1.7728736110115129,-1.7452751064056975,-1.7087505671620824,-1.6938011412340548,-1.6849835333241383,-1.642556743439902,-1.6222322919818857,-1.587120051584978,-1.5474317710945744,-1.543027741885642,-1.5335231079018987,-1.5239108501066265,-1.4776026067543744,-1.4508271059617295
-0.6867076006621248,-0.835200789611414,-0.806547963353007,-0.829690325717644,-1.001524006052852,-1.0496043807059907,-1.2336688752907579,-1.3743780942505393,-1.4613273873437276,-1.5446181025899697,-1.6273072226122713,-1.6631403380559855,-1.7292560894718099,-1.7818233957158136,-1.807444912183977,-1.846422572586102,-1.8763234977875547,-1.890436770958265,-1.9025115232223788,-1.92423854649025,-1.950033271364153,-1.9672853724227475,-1.9706713057893581,-1.9707838678782332,-1.9665458577012038,-1.947610531389943,-1.942782218626307,-1.9366433994491905,-1.8954351951399298,-1.8767606708865023,-1.8634443379819259,-1.8373836248067017,-1.813362463141669,-1.8064411990642237,-1.7862242328856186,-1.7664799406739031,-1.7523389681201151,-1.7182157030739622,-1.7035931696676472,-1.691060711081707,-1.6725520892183279,-1.6495737784935793,-1.630395919717947,-1.6149880741170328,-1.5752878687283103,-1.5648259810038654,-1.5481062702927149,-1.5276361636627487,-1.4925673531896735
-1.090002418998123,-1.206390595967495,-1.2535306978850926,-1.2968249579753364,-1.4600376787072027,-1.4940709795726894,-1.5374409183624143,-1.6359955782384128,-1.645147474903721,-1.6888677926743845,-1.7171136439418502,-1.7490318464087733,-1.7851656730628787,-1.8204487016197397,-1.8376644102281288,-1.8642144440882102,-1.871890025519801,-1.8882701439343281,-1.909167132484373,-1.914897352292764,-1.9296391709371767,-1.9335629779139871,-1.9342684602425495,-1.9342985097810774,-1.9353350096600594,-1.9246765535768189,-1.9164372239639285,-1.9061410984281053,-1.87594217177189,-1.844844604647619,-1.8368101942823865,-1.8120857962796186,-1.800717975042306,-1.7883928975028207,-1.766437347666255,-1.7532530923056084,-1.7391805780272334,-1.7116138263967653,-1.6927764067377864,-1.6838300713247474,-1.6512658639153441,-1.6392449706580237,-1.6417646077891515,-1.6293411604595163,-1.6128997053100496,-1.6261618673627602,-1.6373267172672534,-1.5981818942693138,-1.5778488120782153
-1.3362902264552867,-1.4178020766727877,-1.4884999101634984,-1.503500263592377,-1.5786450689932765,-1.621840209488096,-1.639359284103697,-1.6673215964212884,-1.6920143070073643,-1.7126722927256357,-1.7410429738195783,-1.7495451158539201,-1.7834214942858746,-1.8034994927855652,-1.8188937665617035,-1.8366827108870165,-1.8437130349822077,-1.8602766984029822,-1.8681108001835722,-1.8785212580933381,-1.8786275404568689,-1.8762074599493868,-1.877504349704097,-1.871411014165754,-1.8708757465615786,-1.8648738086677046,-1.8646930587423425,-1.8578629206442463,-1.8420571662453253,-1.8311443743122824,-1.8126672167830937,-1.7967724122177013,-1.783228352291826,-1.775359625686102,-1.7674662164273178,-1.751861866188942,-1.7519727234987839,-1.7422002831670222,-1.7277727686495645,-1.7191644558237058,-1.696437383090715,-1.6888052939881877,-1.6777384452364088,-1.6674558047203567,-1.650613570972631,-1.6573639338107278,-1.6540373433372386,-1.6244740429789688,-1.6153200995893844
-1.487890916796478,-1.5268401392582296,-1.5695883779670723,-1.5913165163127005,-1.6210831261074816,-1.642291223294136,-1.6583775508126821,-1.6623567185688517,-1.6762956464766574,-1.7012574008849057,-1.7016774400604495,-1.7269072242514776,-1.7581767707722389,-1.7674059022274144,-1.7772830392611298,-1.7909138822051252,-1.7984684254430965,-1.792538651663693,-1.7923213889572953,-1.7924731214166272,-1.8091237062011467,-1.814033060711774,-1.814382374618128,-1.8266103702739223,-1.8297697814552003,-1.819524696515242,-1.8142803284763687,-1.8121222101028207,-1.8017687970476655,-1.7991254460252373,-1.7908193804329222,-1.7786576915882972,-1.7789529309517815,-1.7749123946296974,-1.7636689800129326,-1.7624006444047915,-1.7695400234840957,-1.7542757319456914,-1.745861524395355,-1.740578546946902,-1.7300609209033917,-1.7160320947182626,-1.7131908409203433,-1.7025407474363863,-1.6892396905089213,-1.6902860511314712,-1.6817030454646007,-1.662583265420219,-1.6530238827755577
-1.523258186552287,-1.5532766963321154,-1.5740133922294917,-1.5875383656757116,-1.606598816425224,-1.627279482727884,-1.6403143868206265,-1.651097675426852,-1.6566147189862632,-1.6811465896469469,-1.6997954300570493,-1.7020752372420536,-1.718491426567265,-1.7177318531191073,-1.718943080112062,-1.7348196403888603,-1.7379023117996577,-1.7375698848313086,-1.7439026121306123,-1.7471471212206133,-1.7503332413879211,-1.7562652527565379,-1.7514597452557013,-1.7593456755492543,-1.7677879782894819,-1.7707056701091162,-1.776296242552479,-1.7783586515108976,-1.7746840822805394,-1.7717822356956712,-1.7752446096723684,-1.7726758895535581,-1.7791570416500218,-1.7811360606988322,-1.7741406692540813,-1.7737757092340594,-1.7723053955109198,-1.7579109337327141,-1.7554094555444884,-1.752840415055727,-1.7345251997365796,-1.730814610216074,-1.730972682519395,-1.7313335537777998,-1.7152991973764198,-1.723594607075266,-1.7109448386393316,-1.6702283979276513,-1.6611973840270293
