jsons/1312516800.json
{"header": {"parameterUnit": "m", "parameterNumber": 2, "dx": 0.1, "dy": 0.5, "parameterNumberName": "Eastward wave", "la1": 40.97354507446295, "la2": 16.46031188964855, "parameterCategory": 2, "lo2": 133.9931640625001, "nx": 191, "ny": 50, "refTime": "2011-08-05 8:00:00", "lo1": 114.97908020019554}, "data":
[rows 22 to 43 of 50, columns 100 to 149 of 191]
-0.19861346808330818,-0.20437407713446512,-0.18854805002105318,-0.18725490314201285,-0.1927459817321375,-0.17403942165529274,-0.1662859594767866,-0.14650560530215004,-0.127393293599721,-0.11947365738147457,-0.10639121330157696,-0.08331940869914506,-0.04300743217208084,-0.01722976596272977,-0.014770139029190124,0.04051306354945548,0.051235912364249236,0.0651567983768577,0.13362147953261674,0.17542613645620245,0.20600536088254204,0.3103365144425725,0.3660074507632768,0.4146413904267098,0.5452075267358203,0.672153439617104,0.7538529529249319,0.8449644973687411,1.0451644585908626,1.1268118403804201,1.2432582627577287,1.4005354563695964,1.497957491247654,1.5976223431742476,1.7230735851440693,1.7878846599322837,1.857855749844836,1.9032018734013336,1.91085755846594,1.8808552418605966,1.865078280832969,1.799976409052446,1.6995906729972687,1.6851869875957588,1.6829582065500501,1.700817217126544,1.7780435694601344,1.928591258060373,2.0822618288126717,2.2597760195118064
-0.4536285324121791,-0.45412215678960083,-0.42910273166497415,-0.4268374067701325,-0.41966640854869025,-0.4052436907141261,-0.38911163274320465,-0.392072070138998,-0.37629971297292103,-0.3753975136383683,-0.3742518808094942,-0.3452975385807453,-0.3225499933373085,-0.2890572439120617,-0.27474035607676384,-0.21441661619504743,-0.19507511376609435,-0.1407311535699199,-0.07932614082534997,-0.07394466675005534,-0.020338566475396593,0.0193524197589339,0.10021158414934295,0.1544596038540295,0.31923823176547755,0.4252952008729601,0.49224399910893557,0.6127288119356078,0.8123269765034582,0.924600207950721,1.0249849213573767,1.2543625307653667,1.466835790837841,1.5142271545615513,1.7390673107705563,1.8395851862862873,1.8709722907397703,1.994588380260467,2.0330797181154363,1.9860796963958172,1.8930945690969923,1.7838930912272704,1.668751501770119,1.5366189694339945,1.4982430675393483,1.564585266557985,1.7113240964467575,2.0411002614821507,2.2966909725431486,2.555878166627433
-0.7402484816956332,-0.7544622991247059,-0.7367724750270925,-0.7387349786764422,-0.7380286584588666,-0.7248188082926076,-0.7238468643749707,-0.7351262303291882,-0.7059097917948498,-0.6988795817234107,-0.6728964324815089,-0.6620222333514264,-0.6171557762245142,-0.6074650658548487,-0.5886835034010721,-0.5455271007292157,-0.4871448716324587,-0.4613601608270357,-0.42945802891944274,-0.3673761889316034,-0.3542911956638331,-0.2305455907830711,-0.16390906577680164,-0.11281747483548635,0.005533894548800847,0.10336539318585788,0.13332622589913826,0.28939492899628116,0.5180177606479034,0.6831265639735689,0.879097854795149,1.0652953237839435,1.2538886732707577,1.4218243218537359,1.6937202013240944,1.777279087122978,1.8265589235741009,2.0154247758309767,2.094766432290887,2.094060938118394,2.03468019124774,1.7222522494207555,1.4200878821210365,0.9620303919105663,0.9783059257605436,1.115678829830005,1.40089825202299,2.1169826175203816,2.742749540311479,3.1431160684304214
-1.1781796911461186,-1.2162220485081359,-1.1786491206208913,-1.1845716060722178,-1.1768969637935172,-1.1623810373240087,-1.14591772549089,-1.1743815646230602,-1.113916361502196,-1.1308796616485324,-1.154622379027784,-1.1360975519204843,-1.1078179544496196,-1.074143764575413,-1.0661598094977396,-1.0565889878947634,-0.9875122850431386,-0.9636362637937917,-0.8547312137651044,-0.8153405418171199,-0.7840136807944301,-0.645978461694697,-0.6166102477619869,-0.5095260386593884,-0.31671585339173824,-0.24166919761274047,-0.13598492554696245,0.00046398745868406394,0.3353855593137928,0.5346473615912196,0.7311394822232498,1.225162852621935,1.4246125647417127,1.5934904091436572,2.089834179366294,2.1601355025116495,2.324552353853838,2.5865956876309917,2.686114581819557,2.7068555784027555,2.907646095284927,2.1207758807562342,0.1457769130662795,-1.1241667853176904,-1.2692255122285208,-1.726302896076698,0.13073841171459843,1.2986249768821092,3.7341031781471683,4.0878971067397245
-1.7268553288874922,-1.7904162388740377,-1.7519850439129905,-1.7315287830624484,-1.7410824997965233,-1.7532415478700112,-1.7369339087639377,-1.7738471625696866,-1.7216394187698592,-1.707515828279233,-1.7255622853565098,-1.720865908305552,-1.664767447711724,-1.6708396262957694,-1.6224019409853525,-1.521506269596818,-1.4567847371678024,-1.436675337899989,-1.2814584906985895,-1.1995827225118465,-1.1069785766659348,-0.9803746761585301,-0.9125144527382337,-0.8972294507045131,-0.6202829803890875,-0.48260542984395455,-0.39242181651255276,-0.18799132254498122,0.342382409994565,0.5688798780108256,0.8109178934409557,1.4603676925800335,1.9668947435228552,2.3684544192017976,3.029468962491994,3.3427803181728866,3.5254292027469076,3.791986739694496,3.4729845850469623,2.721788883813679,2.7277427152617726,3.4535527507216632,4.298760509985435,4.503203889040687,4.570437108803115,4.723550792857332,4.706649626119168,4.787377166720262,4.732366636304499,4.728267449578717
-2.462524560895632,-2.5040317048255587,-2.5160087394794846,-2.512677760177241,-2.5461325293152894,-2.4947606760026333,-2.4432137145742594,-2.500739214684831,-2.4717380678729644,-2.4540090696236283,-2.503498503347769,-2.488052111669033,-2.4016636467638492,-2.4037822295375864,-2.3682939792775066,-2.10995911072984,-2.103306662152271,-1.9697135909020336,-1.8179399455259533,-1.6794003348508377,-1.646186150652252,-1.4742030778638415,-1.384597639646499,-1.3753433803415602,-1.28603365255104,-1.2360005438028567,-1.24951087296671,-0.9660252583095429,-0.24215614672549224,0.1499576309624865,0.6924655465798922,1.6779390775267082,2.1048022075814763,2.8238895561820114,3.738688576907152,4.165394219107888,4.3507677818475825,4.630601747729247,4.848827519805676,4.874963272852556,5.014919283735086,5.097746242415379,5.0965591737819445,5.242379617728012,5.363380858218097,5.373712717584924,5.364559384711197,5.44771217537028,5.358078212965056,5.306482433633818
-3.2558894019369147,-3.3692445818730503,-3.382800413554947,-3.401041657426735,-3.555535198286235,-3.515972326623753,-3.572738600640039,-3.6839171786626737,-3.721595336381261,-3.639825582464107,-3.6885571460093005,-3.7231965593694136,-3.5764238946814477,-3.6368964144305336,-3.50953115988197,-3.2897513093331554,-3.184799172806534,-3.1339246318600433,-2.94770425918063,-2.865655188465434,-2.7487515425533013,-2.4851515330352365,-2.3485135850167467,-2.15469489701485,-1.9358156095395176,-1.7667938281281768,-1.603536609273646,-1.4066157706186242,-1.0720267015161804,-0.7987391073482347,-0.49608158260271806,0.3543267286522973,1.167815926974856,2.0028951889274977,4.040434916195641,4.76415435555219,5.057778643485145,5.684489976147627,5.926285116601211,6.020746816707803,6.357191802554069,6.478024210244923,6.484441286075282,6.589748445542534,6.55433560537429,6.434546702343563,6.4406923598644115,6.462334431133316,6.295130238125409,6.224301039412835
-4.171006833998319,-4.418872350759056,-4.418452492565642,-4.584111128953025,-4.788238179362846,-4.935720279688315,-4.92229211563135,-5.205134039200921,-5.283379066544441,-5.364585634906015,-5.51466742454038,-5.529545764429555,-5.4820117427581305,-5.565979055292135,-5.49823090590416,-5.287147060114245,-5.275358514613037,-5.091353946403636,-4.816175219588278,-4.632127576902368,-4.399572009149977,-3.9638341557545775,-3.900151438846797,-3.766537889199676,-3.9711355420126204,-3.9604749415086893,-3.768562387070998,-3.9027092279823306,-1.4952410246076113,0.44797092109037007,2.2021995218127466,4.223487053409414,5.087038031518056,5.4980569959036885,6.10304019849273,6.356427539426663,6.745299691261992,7.3539480044867,7.4971950459821315,7.481129021698075,7.798632292443537,7.957781755151566,7.833509977949199,7.9565591701350495,7.9184473029843705,7.614729237903551,7.5698185457041,7.497167478289287,7.341498626070145,7.243788235350986
-5.138281341778962,-5.448225658629215,-5.62422991749104,-5.694797157237414,-6.083494890901377,-6.226700842313609,-6.394039145714075,-6.69192766089691,-6.86156460336515,-7.099133582519926,-7.35611601743949,-7.5206586104748485,-7.615988326078716,-7.810562435428182,-7.874933767732811,-7.693371153995567,-7.751232529143278,-7.568553966842047,-7.070423798932565,-6.802895955677227,-6.486343738995227,-5.170758791254828,-4.477614233189251,-3.5143568087614474,-1.3012905292089667,-0.16151422789721198,0.8584479513705479,1.616730100261019,2.7840246414572287,3.4251837926441406,4.347958746288864,5.832740768663786,6.6804077008921015,7.252796987475602,8.417146348410057,8.807845031830041,8.971297062717992,9.474887494611979,9.51207542140522,9.350434751225373,9.386528147450507,9.456221203758105,9.289665793005462,9.19214339745912,9.112323379489744,8.881778634524043,8.703638102709805,8.503505536315046,8.24912292058329,8.011038854019063
-5.778458394085094,-6.129692452577567,-6.290328899232392,-6.511816279482559,-6.943785149314387,-7.117605620870742,-7.3905368096383315,-7.920166484546995,-8.051395188915512,-8.379842490497024,-8.820711583710176,-9.053749371487443,-9.21696325412299,-9.614069082459338,-9.797006752644704,-9.874205809359866,-9.96462017916106,-9.912389576845127,-9.765327338722791,-9.501289459881754,-9.083290927716591,-8.72637148032835,-9.03836232247906,-7.696530343920352,-6.502991725126052,-4.842661025636345,-2.243073228372264,-0.16882655995446322,4.3898460778762995,6.247753036071202,6.953867381510013,8.065226082419905,9.070564550466118,9.497543980348542,9.881457419301604,10.389338293834333,10.463444655480947,10.509158637636896,10.503946591985075,10.355235899378322,10.234445633352752,10.161354123407456,9.759551637996534,9.661262101407527,9.520383023830723,9.077462531653042,8.942829128094571,8.681069056128129,8.318957511073748,8.158728571738648
-5.862649781521763,-6.18998099260708,-6.290610500006818,-6.515978495496659,-7.037299956425075,-7.40129779039552,-7.694229281824042,-8.265677796128772,-8.482961674745606,-8.822684048010407,-9.269014397274438,-9.468842028065701,-9.63429494843494,-9.896663294856122,-9.994071284728381,-9.985184842294457,-9.944951661852947,-9.796459166742567,-9.416003828525506,-8.953114904037223,-8.392044881918308,-7.275647796596078,-6.8372917675556675,-5.607786217385553,-5.848251678967006,-7.324405225731082,1.8528274866102827,4.5877888424546125,5.452206937415067,4.981602499853963,5.928622160936052,7.084067470587377,8.114584288525856,8.418621123027643,8.722961505422068,9.060368743667317,9.201280386561642,9.153354064840665,9.198730795283547,9.189827012937196,9.118015603213445,9.047472973180394,8.877610881322349,8.709793933521718,8.58152949972599,8.345961410904744,8.099664640467706,7.911148779820167,7.704864371531943,7.469431510768892
-5.2395144885971074,-5.576439796887081,-6.119194304363635,-6.352519011131889,-6.922693432662969,-7.161671353501484,-7.392543952174411,-7.800074026730074,-8.056685310484076,-8.213848563687666,-8.531062686852119,-8.616428932724133,-8.59684010138594,-8.881386573638064,-8.84980499339847,-8.684886815177578,-8.496118042955521,-8.274842039334645,-7.553228150702739,-7.027632009414747,-6.753817972133566,-5.531423761576426,-4.876800033687567,-4.270138936187177,-2.576623479566897,-3.8485042626722556,-7.3935914723391285,-0.9907291049292485,10.054994311301252,2.9765610190451848,4.732522480122341,4.674287504296069,5.038644268805016,5.356722903878155,6.343584686409325,6.388389962108654,6.582859652340484,6.778381781280016,7.031933688069572,6.9686900467464055,7.041006737109663,7.172926221310124,6.942266166889755,6.952542745321116,6.9856734173954,6.700129702272296,6.628172415257404,6.631676169064804,6.306952907391621,6.235627731362197
-5.474430260309662,-5.853327458399504,-6.025784330813115,-6.161218640863051,-6.454951799826461,-6.511153473113521,-6.611784594389828,-6.9118045870709555,-6.9351831161925075,-6.936045969452847,-7.282887490353486,-7.576024711359197,-7.160903323366232,-7.201590490271823,-7.0230378255652015,-6.785520610769258,-6.843412289288974,-6.559976548061552,-6.150531548998259,-5.923906383747321,-5.694822780786576,-4.857103703114665,-4.59696352080012,-4.14707183736621,-3.2168320554570418,-3.914853804574827,-5.361666972767637,-5.835962757938713,-5.133226256974204,9.671819937074014,3.7679974427746754,4.191463926599084,2.1087075871302603,2.324674324173305,2.9986881525301095,3.2284869354173154,3.6371962159455498,4.05383226524137,4.199941423468622,4.432205509693579,4.679288899604897,4.81020888458846,4.8629355802140495,4.930360196879376,4.913854873677716,4.760161769331543,4.831074011930974,4.756885715742932,4.675575885714667,4.66034484537229
-5.053754045097343,-5.271771875787083,-5.3229200947178725,-5.417504315869978,-5.620185831831978,-5.627584179112515,-5.753345479508982,-5.877987084668173,-5.8207357996089995,-5.846096646978664,-6.01962986538904,-6.021693945146381,-5.859900576584052,-5.941429700323141,-5.926422354803252,-5.707875461198326,-5.6445112851219825,-5.581299237020596,-5.203440345256198,-5.014804467486273,-4.896434384615319,-4.274430657435518,-4.059578434695764,-3.925176906447384,-3.2329514935974015,-3.5328558604681364,-5.02155937723189,-6.24665993284219,-8.126113565384726,-8.834572056262568,1.590595537557076,0.6954768825973069,5.233403789699331,5.560956419533355,2.132450218156591,3.0031672569388435,2.86702674411422,2.0468314149163667,2.363927296991361,2.468119403681947,2.7735235072977438,2.7452325774863495,2.8535010578666986,2.9411889246093272,3.103797616429518,3.170253828213073,3.228155412462427,3.1834892178951875,3.1421854298934178,3.1530433339857815
-4.567083003024407,-4.727195273219747,-4.696774838171715,-4.759603949748459,-4.84860111357711,-4.89833059079137,-4.863852570569795,-5.067914837705656,-4.966250770878057,-5.000117493880714,-5.051003559499661,-5.061427468718072,-4.941452593405929,-4.976485066885438,-5.020137180676794,-4.834899524029181,-4.8400079627836545,-4.779859531711231,-4.525940691044859,-4.362090429064257,-4.372098137350807,-4.1522020649961275,-3.9619584673290613,-3.778197811309318,-4.829654362330073,-4.460738777252447,-4.258091999663613,-7.882160220353875,-8.439337646141942,-7.401785427056528,-5.4390128730118095,-6.022430322288108,-4.515855429833533,-1.7260817086748987,-5.6272920421710415,-1.5937895229759884,5.624198127783732,4.854672696186203,5.934267293538384,4.343373214620937,4.325258038359489,3.744872796769205,2.6406033491853043,1.9878514335437971,1.5699464656267006,1.497573170565711,1.4526309568440348,1.4227029935217186,1.5028913453724637,1.653461070961969
-3.933570637450495,-4.05155808072748,-4.02053307245183,-4.099612689120308,-4.190334366549018,-4.182460912538203,-4.234028770148904,-4.3130544268049835,-4.26677987643006,-4.259150501951442,-4.351148915737182,-4.342818487589589,-4.293167711339273,-4.28433498722309,-4.232172896899996,-4.13206701528707,-4.140243233615121,-4.0556441060008686,-3.925051185291288,-3.89692754674137,-3.8726036297469215,-3.6958731198307073,-3.6866668132326503,-3.580980797035259,-3.367573207829761,-3.221447016603991,-3.081192136216831,-2.9269127089041587,-2.4967003784349076,-2.4411276533234068,-2.2336312521799626,-1.9401156501545695,-1.6766025786186605,-1.5065527080157457,-1.311394691007742,-1.9747037332712423,-2.955855793827737,-3.836821126232864,-4.290002310014167,-3.5013236338032545,-3.4721100572219465,-5.741077442733545,-2.7689517667631685,4.204474802343741,5.800204418203101,4.137738099860787,3.9509242275271936,4.111745067825096,3.9622506651497305,3.330672178172346
-3.4752249482532442,-3.559448709759138,-3.5644832094825394,-3.6190595874865448,-3.6822711748012282,-3.641817638578624,-3.6639676649354893,-3.761161780493866,-3.704586484426174,-3.7754581374672083,-3.7898070585110815,-3.7865571699252256,-3.72213489755878,-3.7480939816746157,-3.737689311144391,-3.642189975860837,-3.674718112196318,-3.6593712779570877,-3.5685924108854135,-3.520663568267791,-3.559380481538085,-3.4775542749378103,-3.392366041563289,-3.3882363104755453,-3.245040700671487,-3.176095880882413,-3.1033371095717457,-3.0730455359901105,-2.828037504375306,-2.729512084004371,-2.6414020857858542,-2.4344386845944803,-2.2873961155749987,-2.1586794850691944,-1.8951227607356005,-1.7175549705270399,-1.6706284492192656,-1.524619030893119,-1.4171696516955414,-1.2659136607735093,-1.3056413419790693,-1.7383727890083334,-2.0864447520806126,-2.9067525656069257,-1.9848791350454564,-1.4006770309990986,-3.110679613230205,-4.7303262320118185,-4.540503468771789,-4.140437995050255
-3.1558868600282826,-3.2691359753883296,-3.2720300781705847,-3.3053475919791246,-3.3635715038579073,-3.346405506825254,-3.365216042054548,-3.448659541781324,-3.4383980083277956,-3.420478656281892,-3.4381125362890814,-3.4732974371273757,-3.4739508270561443,-3.487808841252958,-3.4507320089435547,-3.454100933623176,-3.500147872739808,-3.505851678437281,-3.4193685602774364,-3.4162076657463705,-3.3999780583941726,-3.320694662149038,-3.300086688406533,-3.3008676930060155,-3.2147906251102847,-3.1399719712159073,-3.1011873733198305,-3.0963611308975576,-2.955591581889864,-2.8540046602415523,-2.7544706923474482,-2.6793183217684207,-2.6396552600555165,-2.534098858516065,-2.311556529418438,-2.2828631571063376,-2.2602276715023226,-2.0917228625969977,-1.987227469939858,-1.889471080706884,-1.847195842431516,-1.7910512266721526,-1.694922420565845,-1.6485656140593334,-1.6288466944621196,-1.590362375754494,-1.5233397505529676,-1.4695864950864819,-1.4555315807369589,-1.452020417951885
-2.878741899669822,-2.9709369106192427,-2.9799549837646677,-2.9999588087821967,-3.020748100547022,-3.0415725681893004,-3.0665411362651245,-3.1373558481454142,-3.1379888742157536,-3.1205882155740126,-3.219651698653758,-3.223904697179972,-3.1894634011783793,-3.254737080137054,-3.2552029704329253,-3.226859912995306,-3.25191605296446,-3.2520151809085878,-3.2074965779306255,-3.1822515750740794,-3.1655532828843786,-3.1199894784207562,-3.1171369871696184,-3.0973141777809032,-3.0194522306108,-3.0075546652244136,-3.0015574985104205,-2.9701570702646585,-2.8764754378521475,-2.8305325331651736,-2.819058688630245,-2.727478063100536,-2.694269174973027,-2.6621156831854513,-2.5960676260158495,-2.5473775738237534,-2.4677601183672886,-2.3875238402946244,-2.357856884791777,-2.310680225192391,-2.153136434868412,-2.1169996644784352,-2.07568451414445,-2.0491879029760067,-1.9682851200801752,-1.920227909407801,-1.905932655014436,-1.8948189293280933,-1.8826674787363036,-1.885695477358388
-2.7227012097338696,-2.759217621266458,-2.774502963749744,-2.8069097587140996,-2.8512593887151074,-2.8572344134964394,-2.8843179955514993,-2.9228686550466674,-2.9357242495589237,-2.9689883310917216,-2.988653462219753,-3.020765549335468,-3.0347004001042865,-3.0872663374621476,-3.1002630016386763,-3.0698346812337225,-3.1333922494819078,-3.123446895168825,-3.0755504276147945,-3.0786204332829494,-3.0681668834073528,-3.045194128877341,-3.010391247249285,-3.0070195169277962,-2.9782725913480186,-2.9510249558594563,-2.964857689752264,-2.955089187812847,-2.924684830695555,-2.901874560218822,-2.8841244414137166,-2.85680349579677,-2.815979068722889,-2.7914565069633066,-2.714192870847408,-2.6688825852847624,-2.6724862094145374,-2.6222252926337584,-2.5883592907169173,-2.5654332322545716,-2.487378928704081,-2.4426446714220673,-2.409102554896608,-2.396563414873662,-2.4057136788852227,-2.3511060436612707,-2.361172554293081,-2.306468295737952,0,0
-2.532145924278849,-2.5864660273340747,-2.598519091549055,-2.60980303056839,-2.670677317850129,-2.681593245529335,-2.685667713849909,-2.7336373049222282,-2.7321921365703075,-2.724650383747762,-2.776592100166482,-2.7873097311915562,-2.782373382400373,-2.819218073805706,-2.848954564032891,-2.85529510672083,-2.8644524831814517,-2.877239797466569,-2.8631984701309223,-2.844583555728698,-2.874720516205295,-2.865629271186884,-2.8446215616220885,-2.8497287507539646,-2.7919765232868086,-2.803446689049389,-2.8072382454907916,-2.7933579142745284,-2.772801937911895,-2.74819278595381,-2.7452868942102624,-2.712318019421567,-2.6874020624299493,-2.6659248345660735,-2.612233446557913,-2.6032437753587363,-2.591399549801143,-2.5915603799515816,-2.5763583470622478,-2.5376183289200283,-2.511177479648239,-2.496605864054354,2.4273397486520436e+38,0,0,0,0,0,0,0
-2.4214909782931335,-2.4622260329525187,-2.4739312720146422,-2.5099408500503406,-2.528562826057013,-2.5327123690964517,-2.5425389249155685,-2.570156445560543,-2.569138541489265,-2.5862092659515747,-2.6047818289002818,-2.622914448129359,-2.6012085635313054,-2.621572078133615,-2.649506036549576,-2.6625440294810025,-2.6926731482679207,-2.695929523085441,-2.694578255657315,-2.7129314167112506,-2.7141076066018996,-2.6979039189258778,-2.699815401630766,-2.709341542432439,-2.6638459725160373,-2.6571166298283817,-2.6511315676884575,-2.646048486013051,-2.6370873409479905,-2.627530623290097,-2.6204060738007997,-2.611868439490675,-2.6290194521702577,-2.6191068673715265,-2.6109388493669625,-2.57129286882645,-2.5650638135483184,-3.0690878028883235,0,0,0,0,0,0,0,0,0,0,0,0
