jsons/1312552800.json
{"header": {"parameterUnit": "m", "parameterNumber": 2, "dx": 0.1, "dy": 0.5, "parameterNumberName": "Eastward wave", "la1": 40.97354507446295, "la2": 16.46031188964855, "parameterCategory": 2, "lo2": 133.9931640625001, "nx": 191, "ny": 50, "refTime": "2011-08-05 8:00:00", "lo1": 114.97908020019554}, "data":
[rows 22 to 43 of 50, columns 100 to 149 of 191]
0.049941463054672834,0.09137676727919779,0.15979174614272576,0.18729605246660228,0.2249319917051438,0.28221849558552875,0.3095389310176194,0.38741465415582815,0.46341000901648854,0.5059978370674948,0.5612383999340497,0.674602663981348,0.769912455992677,0.8549689793530402,0.8903698954037863,1.07716971538,1.1504392648825508,1.2340211293013448,1.367463517200495,1.4725195004572609,1.5492125685420617,1.6997064188183684,1.7804549033986024,1.8718167528565182,2.0320768148374113,2.1856585016798356,2.3133936821046883,2.4085507111951427,2.5993293040052996,2.665081632108759,2.7232057234113523,2.8474544213756925,2.896828654370833,2.9650596785124304,3.049232446882127,3.081184575796999,3.109582596888985,3.127333729920838,3.0898404362464507,3.0070954100832465,2.96030620394162,2.881589502393071,2.70779497158969,2.6569747213556676,2.588912428326359,2.5358582848910842,2.537482341194216,2.615401471088024,2.708689262684767,2.8525241397064365
-0.1526809132875776,-0.11130725419236626,0.004490128891913199,0.034958301488284126,0.10220318409201888,0.18323497994499266,0.26447298991338275,0.3272329158085675,0.4760875950800649,0.5198613970047832,0.5888538424140015,0.6607286388763859,0.7732351292918757,0.8489552400780922,0.9223304600966339,1.0899469628896783,1.175191584557813,1.2957167401876208,1.4748519766073056,1.5337788251313134,1.6618251064948224,1.7924346400668527,1.9577185343999906,2.137388430266601,2.367762508167456,2.49517134135086,2.561911697921077,2.752501433956208,2.995079477260139,3.098335103370763,3.1682800564828515,3.3157982912700636,3.444405985884299,3.4721224891949882,3.62802984005758,3.604028987289513,3.6114300189153954,3.67209323507938,3.625980159218155,3.5055404882631027,3.351045374078115,3.207179617186011,2.9902281322561244,2.7468928561488,2.606715872188618,2.501584320949362,2.564313083080073,2.7704507236056246,2.9534800131691314,3.218790928375288
-0.5124073989609139,-0.4917902737628375,-0.3694900098209342,-0.3321098005938905,-0.27089447120523213,-0.1625717761633614,-0.11806466641433076,-0.07246404829119801,0.06791358580930613,0.1641525114799868,0.28150340924403405,0.3815780832930157,0.586730926935149,0.6834393428618534,0.8309463064790733,0.9987996265228245,1.1733464089134844,1.264525655907106,1.451041364440373,1.6204044827662683,1.6921456799639432,1.9443461453780977,2.0770075740515805,2.2263335170880048,2.509181938835592,2.6989201469740136,2.7742000352951273,2.940995659023737,3.2091292518661008,3.3795717904892166,3.599812720854469,3.7928201907772796,3.854791037029592,3.9619495883490288,4.159939195889649,4.137441219921587,4.12188092820649,4.138942431768943,4.14495976722252,3.974508484631794,3.8686246480750803,3.5270242108288197,3.0414105083832856,2.3184661216734685,2.111074379935497,2.079605784566167,2.2375748670677416,2.8580267662368457,3.4678215787804456,3.914896173221966
-1.1668867245799255,-1.131671023067527,-0.982917031788634,-0.9458860976460124,-0.8391294089230579,-0.690077906966673,-0.5780622603594939,-0.5315490570663709,-0.27605015787964937,-0.23411669765637316,-0.16029356428810035,0.03783984480102584,0.2838800059744006,0.494773412233708,0.583780868746319,0.8200808067001913,1.0120059515205366,1.1545302770778214,1.4886070179154451,1.6389934952590393,1.8561594466521287,2.1705857387904217,2.2763706146794904,2.5328264378124796,2.8344922307438507,2.9610195872762737,3.148756065455642,3.3106120649795554,3.7060443318103444,3.909091609926739,4.122359478285271,4.502458130976367,4.630963619861659,4.7800309437951825,5.094763926786629,5.0465960990658525,5.129677114611301,5.2795802908491165,5.291706114675467,5.127410895750769,5.025792131113356,4.430653437958911,1.4959495268739684,-1.0882033328429508,-1.5064870217794455,-1.8935548779444396,0.24846856516020185,1.6651014065220595,4.862088004031117,5.279927234745444
-2.00961104870832,-2.044693634439228,-1.8949096541281154,-1.7807262842288514,-1.693685397072129,-1.598513702457923,-1.4457698802883503,-1.4054048493324462,-1.0606652295429255,-0.9252901005571973,-0.7592713898124324,-0.6400849848328918,-0.2553778936680895,-0.09925991196056104,0.1401765956128629,0.5296721785243962,0.7616887786513178,0.8958592740323728,1.3553468897275034,1.4970736401068683,1.825639060586203,2.152958641646335,2.4987690428303235,2.6430378939095034,3.1341924739673925,3.353735530902442,3.5051955496858094,3.847824091467485,4.338751596835966,4.601101343535629,4.795845639995416,5.34855718564054,5.666332597434928,5.899436294797881,6.338463067838258,6.390401527011763,6.490053563982051,6.643292033102071,6.288698416370844,5.7018109045475365,4.702504319724398,5.5247650068045395,6.525113922863871,6.479028781807739,6.474103736320249,6.416783153651335,6.321065397332805,6.310748700219468,6.148109577518654,6.067322490947186
-3.4348787970631567,-3.4260627087555227,-3.375051318945089,-3.3206625767070053,-3.2684024885095004,-3.0418882103540943,-2.854714930149906,-2.825717595081732,-2.5265011958649333,-2.3814926760735764,-2.1755371806113857,-1.9487867387653752,-1.3862969293217253,-1.1190664320972044,-0.958097222499848,-0.18893079545560096,-0.08280833076734159,0.2768126467308847,0.7227710833908447,1.097633822697718,1.2143113422631147,1.702377652936959,2.064795873857529,2.175612933475395,2.6030136222329223,2.8259427760997053,3.01094024919859,3.3674024179931368,4.099675396322839,4.452057635340594,5.003159794813848,5.841891644086684,6.130839156017561,6.677737793988248,7.280938498479042,7.529494189714486,7.636812493288766,7.784627906307563,7.823468585260969,7.641429509141674,7.678117622357344,7.658737403056599,7.441887609348195,7.360615879095559,7.304361020237262,7.1122397598139715,6.97733887486434,6.942134874589924,6.724043589020162,6.5773421260570695
-5.03628112563358,-5.190533828155311,-5.113626893713555,-5.124042856068847,-5.260633730602147,-5.06973996586098,-4.956097477762856,-5.0542492370673155,-4.789437776632355,-4.421322227506243,-4.267482420129439,-4.043007849950176,-3.3086794151178744,-3.1692266248475724,-2.5842503999523236,-1.7287220821025966,-1.1261296218718693,-0.7624356649442368,0.056616059956185176,0.37664876325697133,0.6423896017323663,1.4252948466920923,1.6639730190691118,1.8788869899921372,2.191947689127564,2.1575013436856354,2.0245965416469716,1.913136859170191,1.838442684026401,1.880046864575087,2.0344393783238974,2.84185440554662,4.417262138195333,5.777707819193286,8.538913851681999,9.112902672352424,9.135906066933854,9.161736599561413,9.072173560810505,8.708327798730032,8.695374856557025,8.518172199226402,8.216912708428053,8.109260489802045,7.972243218183237,7.68835737208408,7.648764164111916,7.510062656635433,7.2885327926240695,7.082646954127087
-6.717896667795121,-7.095883696267706,-7.134763040094716,-7.320490183737169,-7.593965746141522,-7.733252347083783,-7.660883409491701,-7.806776067982124,-7.718418118591581,-7.650358604916146,-7.591438397517048,-7.275367366425286,-6.624199881368461,-6.04273581202975,-5.685512215667753,-4.564982083345349,-3.772535262229278,-2.4605823029972704,-0.4425641133371822,0.7635735069754228,2.0317571400975463,4.00440249946003,4.898796687046804,5.427581950319726,6.269726137446665,6.48314614354722,5.914277471710241,5.257780210223292,-0.2656168378825578,1.4375692509132911,6.001181497693197,9.348623850972045,10.365970136021739,10.499715849668505,10.576660863426268,10.329108083201712,10.170138276393685,10.049144115552874,9.847033422553011,9.479705777280197,9.35136668929947,9.160295078436468,8.730658110759247,8.562097729685245,8.385584869522612,8.05613815014571,7.937852460000509,7.730246349001815,7.489278311298389,7.2789242963776255
-7.795221363509077,-8.191741678628482,-8.461350344665075,-8.573118043041806,-8.911476109899736,-9.053091946367543,-9.151580238206957,-9.409766939051126,-9.461973525189004,-9.53077285448765,-9.426397034460779,-9.288644335930362,-9.000570760542205,-8.394400359231616,-7.965152573133482,-7.259581084061923,-6.24025001059998,-5.217585834299583,-3.5341541389105666,-2.596035967818794,-1.2356584795588872,2.350050264809088,3.689782398500568,5.092676685675189,6.579975114581266,7.19124269175342,8.406846985050032,8.838564637879543,9.483794367493775,10.02837537840967,10.33159539202081,10.619733364663999,10.649913010408872,10.60145387445352,10.485694886385621,10.241290191890924,10.155866151475017,9.94334008527325,9.75560871362216,9.430081516697951,9.215401198900151,9.10207904332759,8.703594437579131,8.458702767814914,8.28669263289494,8.002699207550126,7.790689561947224,7.56443795046254,7.2918883977439215,7.044331292645478
-8.03329441154534,-8.401669280930928,-8.572193145554376,-8.748367725739195,-9.093471722127179,-9.256199103096664,-9.348690349884812,-9.52912134707582,-9.482306746253816,-9.466291215972905,-9.283660990156704,-9.13594570920004,-8.750149452146406,-8.127018966706753,-7.645090094435808,-6.747985799686925,-6.04907175106366,-5.258817229895912,-3.9666323487723596,-4.130602126553122,-3.9861427362923907,-5.725865888773339,3.318862551078761,6.272824858982067,6.2179047238609755,6.72154172715513,7.3784794259360735,7.828191468180818,8.262635098247916,8.797764694519932,9.013193659710952,9.156698244576505,9.356658781901208,9.359060611309987,9.294714332775369,9.1689008086282,9.027477978749369,8.931858811391198,8.864098938390653,8.540956490916487,8.428049380821905,8.33063082459971,7.886167633451822,7.746357799928559,7.653612220675678,7.31494407417891,7.213059419949913,7.026819347580765,6.778737773514065,6.67092836939824
-7.273906227242555,-7.505935563267862,-7.446875174245802,-7.667663966284754,-8.113149928415506,-8.23041803743924,-8.364499556555844,-8.526005119140638,-8.282647149978962,-7.983797870227209,-7.646712418811361,-7.421280367749943,-6.585146779269814,-5.988576649201372,-5.52232852961502,-4.363243133433088,-3.6371075810191438,-3.1039847336277187,-3.2425331035203553,-5.92845423815808,-8.645045233547997,5.2764157361284365,3.193956045876025,3.555175842430051,3.4917853750924697,3.931416986807934,4.389548540641967,4.863524770792987,5.6861058676849145,5.88009240144484,6.197061763489006,6.619424866422101,6.79165141982888,6.835518353641447,6.952628931425848,7.0569531808888115,7.142349024277688,7.096190941228099,7.083878919180676,7.01702668197892,6.934491920150451,6.845629950025862,6.699462154744062,6.593112122026524,6.509248518414283,6.330049055534795,6.147710831693799,6.050879686134897,5.92046676173029,5.749809216887763
-5.979871008775311,-6.152288321022141,-6.431898065023315,-6.530392637720301,-6.8020907154952015,-6.780339263699299,-6.831569437896587,-6.899340765778217,-6.649945521670828,-6.52225953504574,-6.3004597350655605,-6.136950965964914,-5.4581294375767975,-5.203417841221522,-4.776508846302193,-3.97528764514624,-3.1842574235164562,-2.782194257312712,-3.2099226459101753,-2.177181113735532,-5.710744652937976,-8.181669547478265,6.070842990706557,7.292283290480048,3.0769718674271305,1.930140845459187,2.4121452059738835,2.77041821884103,3.42780941604557,3.7014423054764447,3.847862178145352,4.53661956706673,4.655545115284793,4.737019673651697,5.174908977435696,5.134665217031497,5.166700371384797,5.187626654768328,5.342964678736718,5.255269793889228,5.272235940934317,5.339039878029591,5.127235120619877,5.112738468707357,5.147977528018568,4.924705888278677,4.85992115619137,4.89517867811494,4.679805679370266,4.640269769071523
-5.807909147735938,-5.976040459494884,-5.956475358313106,-5.992344937969093,-6.1006918766587175,-5.954903548135814,-5.881402210823654,-5.932714087173383,-5.6729351544126025,-5.465291675593568,-5.4267871982095075,-5.205427085969803,-4.741511393923586,-4.522925831566903,-4.2473618800725035,-3.6874510879958535,-3.4316876489602635,-3.065029873162102,-2.4730295115619447,-2.090669446319578,-1.7812995612284623,-3.490697181894449,-5.679980588647283,-7.983617144432884,7.736833567242944,6.180089801698041,4.290300010128628,2.9581381473534605,1.742273770268968,2.0775271716370707,2.222581788140161,2.7250199108141655,2.7875392687282385,2.9636596858719,3.2339110741513206,3.3038293169057535,3.4409039880800947,3.532131504620487,3.5650721410851838,3.6009277392987507,3.6399810963831682,3.6726440190817637,3.6312963275409795,3.644383932221283,3.6129952017845106,3.5057501767433767,3.5512239976846525,3.474699526807565,3.4274987078584975,3.425296276852071
-5.253614322812676,-5.359477936014763,-5.2874019668498935,-5.311998340118268,-5.345443844904485,-5.214927840406052,-5.217831767260621,-5.176513327380884,-4.93752218613376,-4.8297082937167595,-4.722112846858924,-4.622134120556434,-4.247195899794077,-4.071222338067485,-4.0130217370965555,-3.5925224399067206,-3.297251206777523,-3.1794469676604953,-2.7820901772428415,-2.504048781824283,-2.280792992418162,-1.7165933633899653,-1.4623423514391793,-2.9468336024297024,-3.1878779867091995,-6.412712955301397,2.4479322018085843,7.122705933330373,3.1150427191507246,2.0167537643492186,1.4561930899099527,1.8245609999637713,1.7768693962281428,1.7333243209892044,1.6820239246577675,1.8104835741711707,1.8624084762632864,2.0444097187925023,2.1709749819784565,2.1862394254019915,2.244845636162102,2.209662671260128,2.2505000895643064,2.2394848288072775,2.334855163285235,2.359342650906534,2.3898593489416653,2.3620107225183746,2.365204281304528,2.376148142987144
-4.878566138941786,-4.975265267184102,-4.924052617187657,-4.937676604659701,-4.964717206189398,-4.886535363798114,-4.7978561469594565,-4.830908031536381,-4.682541582574046,-4.605198256157883,-4.542432705929469,-4.525091906421475,-4.291228783082104,-4.27648465555144,-4.152583484797585,-3.773989419385168,-3.6459850546805024,-3.452945057036626,-3.1903117389410753,-2.9975594242169747,-2.9582560885177513,-2.6628279427701327,-2.405338395535739,-2.1469817716897204,-3.1043468252961186,-3.1519732196520747,-2.918086208847843,-6.837812203261995,-4.185958525862178,0.3756239653581904,6.067179677658927,6.01521016774112,3.3100932974344865,0.6668163426466815,4.12839355474279,4.103680656854029,3.7765469808850947,2.667853865823238,3.4594929949544007,2.9709412604885377,3.129209666058583,3.1815523153689678,2.204082220894809,1.517504660398818,1.1210805843684588,1.08872851369397,1.0899103969215898,1.0963298049054695,1.7002320411250296,1.2428778957520277
-4.436703723923144,-4.521802074474068,-4.461606165939729,-4.500580000743768,-4.527336037772998,-4.421071876765398,-4.435402144882932,-4.423043811989348,-4.3241429018806405,-4.26581924271539,-4.283744816830858,-4.235701450006639,-4.125159028118077,-4.05900247061534,-3.948283753948794,-3.808318021014615,-3.694636902712881,-3.5855215558231173,-3.4001720072538153,-3.288952847033588,-3.1774959737877913,-2.9064038505013094,-2.8382832195766996,-2.682317967571474,-2.4286197247717896,-2.2497505267445743,-2.048154329694563,-1.8739110654264366,-1.4151543642441888,-1.361519440325708,-2.413477710706005,-2.7929517245065587,-2.7903520390086993,-2.0543867117347423,-3.9232229150391,-4.275704174050269,-4.793471534292081,-4.289801360878368,-4.415704990069207,-3.4724069631590346,-3.1380759767888446,-5.191307962319239,-3.4300840309865284,1.7494215130768682,4.576181741284902,4.974369696629835,5.017590122246437,2.8747841205706965,4.437684664148838,4.650471673622422
-4.071238914961603,-4.122273698500123,-4.0971898756183505,-4.131253006921987,-4.150471059558768,-4.092370511365985,-4.082741365386283,-4.124953483538693,-4.020131267597596,-4.057971020569061,-4.042526893920347,-4.001690408500331,-3.918229302997881,-3.8939660951142097,-3.8424497463654843,-3.7071040634061085,-3.6863583957305517,-3.642426540281878,-3.510891670285556,-3.406151905656186,-3.3520450574394376,-3.203006199266178,-3.075286960451223,-3.0457402162096447,-2.818312269426982,-2.6994263652254946,-2.619655482571942,-2.585101219356981,-2.2972470096747637,-2.1541104919102003,-2.078125469805005,-1.889999930646252,-1.7694859320643388,-1.6521555541386614,-1.462877071029988,-1.3254438831989854,-1.2909827653477126,-1.2075157848316695,-1.1349160406689796,-1.030779325304592,-0.9670193040099947,-0.9462926867151119,-0.8995950637817396,-1.4046309347232944,-0.9718650375152126,-0.7541788283841566,-1.4510876214892325,-2.3002461960771416,-2.2818065190184065,-2.2299178075443797
-3.764669361672182,-3.857054174383517,-3.846092920493715,-3.8657132721312624,-3.9047755342262644,-3.883224125997897,-3.88270655357897,-3.9286222708985314,-3.8909984557503243,-3.8545306296168387,-3.848557477696351,-3.861282841840932,-3.8261368481082476,-3.80045155744466,-3.749803507268114,-3.703358382935443,-3.698748982336441,-3.6754758924883277,-3.5457616289983886,-3.5193466482311964,-3.4685946983923044,-3.3178800457963167,-3.2896362720083876,-3.265684440259162,-3.131383013231271,-3.0269582120669756,-2.975203072308778,-2.946998938889058,-2.755974911008744,-2.598293684910587,-2.467979710686166,-2.401352993526313,-2.363912973250955,-2.251039593643409,-2.0424714041751346,-2.0128686783638274,-1.995545858089679,-1.858990937999054,-1.7664907231424583,-1.692210667397634,-1.6608001513570299,-1.6180134235234842,-1.5376581835443002,-1.5089243471332332,-1.498349381672374,-1.4707272470092323,-1.4131339237056924,-1.3816246465227642,-1.3797073689369204,-1.3872012681089392
-3.4465752182110694,-3.539347935426193,-3.548737447175434,-3.5618532998663124,-3.5759346331226305,-3.5815063252175907,-3.596041747160647,-3.633098742155918,-3.619413145793197,-3.5929991346489563,-3.6522924612155108,-3.6339529239458037,-3.5906064716416846,-3.623509539139323,-3.603953697756155,-3.5542968815864264,-3.5469520728442463,-3.5196748495820267,-3.4657190446541564,-3.4332259904161027,-3.391052406887424,-3.3439158741069814,-3.3219351090898686,-3.2684835932519403,-3.1460206882733077,-3.1251488853644753,-3.104488624417192,-3.0385624488779217,-2.913658134027958,-2.859475351042818,-2.8466203219856654,-2.686695141494078,-2.6142113514312824,-2.5685047634457026,-2.491351047155257,-2.426544549108311,-2.3420580633784267,-2.2523477693611094,-2.2172850062313727,-2.1766651915233655,-2.0177766096099634,-1.9806453222073181,-1.9448476548651754,-1.9508928592133086,-1.8936029708703943,-1.866006948453722,-1.8628433388697108,-1.8415001625026601,-1.8374925205597503,-1.8527318296776643
-3.2496381789704625,-3.2820083742195187,-3.2996675034021035,-3.3315367585489373,-3.367250724461508,-3.363681663628526,-3.3809345318710546,-3.409471547589644,-3.4037279691023534,-3.4190182894810155,-3.418173689880011,-3.4426682915428275,-3.4317701936962863,-3.457957572735756,-3.4604628868595966,-3.4146516464716523,-3.451399790802377,-3.432872662325699,-3.3715646365485656,-3.3613825463741938,-3.338445730789576,-3.3065114589726154,-3.262039176915771,-3.2438311622636222,-3.213184320011831,-3.1689451639877997,-3.1475610204497926,-3.1241208325698677,-3.0787000840047236,-3.027579500290527,-2.9786620146102907,-2.9248009567516147,-2.8666530183758088,-2.8288196717606926,-2.7118218396484233,-2.6444270470396907,-2.6479755543224788,-2.5928063932892154,-2.5598964718790023,-2.534876399094175,-2.453994468484212,-2.4054489062481386,-2.363022567789507,-2.3551181817196336,-2.3739441768374188,-2.341208176427018,-2.3663670511362107,-2.315366710790426,0,0
-2.9898271482025582,-3.041832823804061,-3.052989647669451,-3.0627428303347317,-3.1229572680735793,-3.1342313797966823,-3.1353140911242092,-3.1711927238499324,-3.159494326155458,-3.1495816525686413,-3.1887487419416707,-3.192693782175266,-3.177240847503929,-3.2013193295718816,-3.216958175859158,-3.2126202455320896,-3.2135521288058038,-3.214862261295489,-3.193313135586416,-3.175196232789325,-3.182926664678825,-3.1598280722984065,-3.132545546565942,-3.1303294208099324,-3.072845512624567,-3.0793455846695714,-3.073490023339819,-3.038379900427255,-2.9908044314741216,-2.9583224822996677,-2.9464816919418757,-2.8987798331308774,-2.860857768803365,-2.827333178264017,-2.7593749067115194,-2.7180123654377795,-2.6923537399600015,-2.6885453226990217,-2.6700003714619225,-2.6246224845841732,-2.5931825041700183,-2.5785480052320096,2.468052679132381e+38,0,0,0,0,0,0,0
-2.8087110655515044,-2.8500899444246364,-2.8619316302122235,-2.895351984171322,-2.9141981905200303,-2.9220882853221988,-2.931881668567882,-2.9607608452892418,-2.9651354083084533,-2.983707227209874,-3.0022338870305463,-3.0204283199031097,-3.0031132820937714,-3.020930477296278,-3.0380035000783616,-3.0374867521942948,-3.0594904256785727,-3.058672528090632,-3.04548539388578,-3.0596754857434845,-3.0556353404308534,-3.029083889076794,-3.0247618237149454,-3.0286345403143984,-2.9894592760490535,-2.9866545062864778,-2.9858606724669454,-2.9699165728615533,-2.9360087752810076,-2.90291033262197,-2.8904590945095654,-2.8746766366389522,-2.8810389638057474,-2.867737236445315,-2.854803652258279,-2.81419339050585,-2.8032130388335426,-3.274238407352323,0,0,0,0,0,0,0,0,0,0,0,0
