jsons/1312632000.json
{"header": {"parameterUnit": "m", "parameterNumber": 2, "dx": 0.1, "dy": 0.5, "parameterNumberName": "Eastward wave", "la1": 40.97354507446295, "la2": 16.46031188964855, "parameterCategory": 2, "lo2": 133.9931640625001, "nx": 191, "ny": 50, "refTime": "2011-08-05 8:00:00", "lo1": 114.97908020019554}, "data":
[rows 0 to 21 of 50, columns 50 to 99 of 191]
0,0,0,0,0,0,0,0,0,0,0,0,0,0,0,0,0,0,0,0,0,0,0,0,0,0,0,0,0,0,0,0,0,0,0,0,0,0,0,0,0,0,0,0,0,0,0,0,0,0
0,0,0,0,0,0,0,0.009425019082991698,0.00858751959373602,0.006575329879701853,0.006025411091575438,0.00507271607087956,0.004330408150030606,0.003964903733029301,0.0037305059855044296,0.0034797708425831674,0.002799583274491677,0.002141761776194829,0.0014783941161312492,0.0007739025764829138,-0.00022292771967940344,0.0007933623396677498,0.00042403317283146825,0,0,0,0,0,0,0,0,0,0,0,0,0,0,0,0,0,0,0,0,0,0,0,0,0,0,0
0.02877720629657849,0.027090005832221004,0.024923723839089265,0.019848337127722104,0.01933147527877232,0.017783592632942217,0.013500664878310049,0.013019161714529085,0.011923281541210915,0.008780282961579785,0.007709037000972639,0.00647736468626731,0.005223107439931106,0.004645150207239984,0.003973789060811794,0.0033540849943941367,0.0008295441912300546,-0.000996886356261945,-0.001519142608055206,0,0,0,0,0,0,0,0,0,0,0,0,0,0,0,0,0,0,0,0,0,0,0,0,0,0,0,0,0,0,0
0.03359686421979953,0.03533522341955378,0.03528216439460752,0.03258411246031623,0.032229809450294765,0.030693393525130393,0.02369083135552039,0.020901807898158084,0.02029393601940276,0.014136230085876717,0.01156989334233258,0.008566776272446269,0.0049519000102612575,0.004601051059933938,0.0022261937240276634,0.0011486680356266772,0.0005509038719398915,0,0,0,0,0,0,0,0,-3.1301578269546283e+38,0.18298313151856874,0.18493200993125217,0.18146552525619694,0.1782604764205765,0.1767379779679438,0.1610526061220528,0.1602461366527729,0.15742617729012884,0.1504482328531695,0.14433612557622352,0.13949832622857855,0.1391523361817048,0.13097697914834155,0.1278456837810975,0.12128833318608939,0.11159954058157377,0.1028043764800426,0.09938389845437026,0.08821648218340111,0.08016052768524416,0.07530290617439063,0.061380623970264774,0.05867464452587753,0.050236003643891795
0.02523134945364519,0.028312615516468846,0.029584927490888053,0.03223447061208309,0.03668334367614158,0.038760238215287825,0.04274269736715947,0.047326278482539,0.05312079014171091,0.03779007926042149,0.03595603817412099,-0.011078400104907326,-0.004620684515262199,-0.007899191543409395,-0.006691697479457294,-0.014460710263714214,0.015631845611008825,0.09408347503284038,0.12569187140058544,-0.19194957364388296,0.18440810212257497,0.19570764835079285,0.21166487819454177,0.22831564668662618,0.2343763481611684,0.24709152383643915,0.2533062946985,0.25725825282367154,0.25760463899194025,0.2605984782044224,0.25665555803309886,0.24986759935567063,0.24043718065041483,0.23478243041168562,0.23166596830271588,0.21394857280152904,0.21313158636496354,0.19787505714820017,0.18551823682280916,0.17254725632652657,0.1731433159406811,0.1569720002355886,0.14972678869325284,0.142526333705473,0.1275017029674247,0.12277017628292433,0.11326583824112785,0.09019808085454703,0.08153766527547081,0.07046517356181085
0.004075466998003553,0.004263705298972886,0.0056765266563686525,0.005229019626536018,0.007476282931117042,0.007536671726025357,0.011077291065215255,0.012783286848419943,0.017092440415373774,0.020357800503232545,0.024073142887130763,0.033022865819762846,0.039218466682604106,0.04579846881834759,0.05873757692937101,0.06713901590920278,0.07585239266466025,0.09784652330142546,0.11316481635837028,0.13553908376257565,0.1620413710176153,0.17776139588249373,0.2007895614618664,0.21711932510235799,0.2425540979664533,0.2682846935125046,0.2812176871331883,0.2969213385009044,0.312216007877318,0.318777175986024,0.32714582659582386,0.325894324862725,0.3201884383893692,0.3167453998370659,0.31336943062391454,0.29398229840528844,0.2835026203896689,0.2704211369805859,0.25610413669851945,0.24958274814677958,0.23991442983413303,0.22713133448205688,0.21979114285725893,0.21853532062217368,0.1994255456169028,0.18930387820585767,0.17925244480017807,0.13788389858925296,0.12000264414987223,0.08459420397468052
-0.03446212877135374,-0.034672082639051145,-0.03580594342522379,-0.03571935599480544,-0.037287162492946696,-0.03422579853172881,-0.03995593521138132,-0.03460300817718472,-0.03079573237245004,-0.029461485647953208,-0.026350296592953504,-0.027925841823630355,-0.026823673600832727,-0.022923994679079962,-0.01885238086224267,-0.013572422279530299,-0.0068476418903052685,0.011491654867602405,0.01991426594948679,0.03637571421263747,0.07098181556483303,0.09083457128732003,0.11359014353520398,0.15480989356664596,0.19615383130422576,0.23961718524621667,0.2618389081492685,0.2899349308678669,0.3259496556234629,0.33596351800825924,0.35431601434302556,0.3778871870402326,0.37866884439193343,0.3853163870375498,0.3773678403900224,0.36566365647067445,0.35441895355643144,0.34956187432768765,0.31817869127723186,0.3095559443903138,0.29938643126807846,0.28382508498380604,0.27394005618307365,0.2684915032112753,0.25592912023170783,0.2517804713237324,0.24773993416422496,0.22278668214527947,0.2175726399765679,0.20360046950523458
-0.0703231170097903,3.2305587451931867e+38,0,0,0,0,0,0,0,0,0,0,0,0,0,0,-0.06909437545550799,-0.08100310060000815,-0.07353937956841332,3.1205949866291878e+38,0,0,0,-0.07595019751149913,-0.07241913826745679,0.040666710641611495,0.20946450188012652,0.2691133348218063,0.316481716540482,0.33301821959432154,0.36534671479305164,0.405965343978763,0.4200209464317036,0.4383481536849542,0.44641129130096674,0.4530775219645971,0.44903045113351314,0.4444460363927374,0.4293945428839706,0.40350500406330886,0.39591036191382856,0.3698676934212789,0.3597178070249263,0.3431193262051279,0.32734077266878575,0.3197978576088965,0.3110795581648952,0.29293631717846563,0.2832429440241401,0.2692372716323231
0,0,0,0,0,0,0,0,0,0,0,0,0,0,0,0,0,0,0,0,0,-2.6610865070045264e+38,-2.773766648740549e+38,0,0,0,0.2914517975266983,0.30874974368482355,0.3257173155756806,0.3439201917820114,0.37688393369508427,0.4236376975648295,0.45935352681556163,0.47823053889338,0.49605827899326316,0.5089080643995125,0.5184965516330212,0.5245999644470456,0.5167952192634716,0.5135574671425082,0.49879821227845395,0.4695300794236016,0.45657476577125133,0.4430501638716389,0.40824501319555456,0.39117795352073476,0.38401417771101265,0.3576392032574152,0.3433398881402108,0.3261949614968876
0,0,0,0,0,0,0,0,-0.2708448568860019,0.1880984897902255,0.19146393357157554,0.20797083951269038,0.23098351216241844,0.24045297608121824,0.25783639076730963,0.26121666068371446,0.27492025068260634,0.2739588969494582,0.28630665050039467,0.2921420931420271,0.30516439236778936,0.30517728813764244,0.3129392721213156,0.3190336401520795,0.33057428559062024,0.35051597257673556,0.3584800007315319,0.36847779249496837,0.3969547426350236,0.4191573750254151,0.4406736100377799,0.4760406436060703,0.4910624664477417,0.519318088609905,0.537951410011946,0.562393979660592,0.5869147918604616,0.5943126576235159,0.6061093807374714,0.6146498462036176,0.6148343712153361,0.6080633710831306,0.5925042630651286,0.5888012159504373,0.5634666693238007,0.5396609525041702,0.5171940462660717,0.4902329118824471,0.46720149340233064,0.4401355870444635
0,0,0.11898283309595577,0.11985256818146109,0.12587380248684993,0.1294076511433212,0.14409298075326712,0.14608051925871982,0.15585584280019596,0.16995952313839202,0.18795510846798258,0.20247714672743192,0.21587301126191263,0.2237071466087833,0.247413057715794,0.26186337288120404,0.28028658568679965,0.2921373789288439,0.2996676174290309,0.3103371359116181,0.3221245138116591,0.32544785509258617,0.3465950279634848,0.36147152946616445,0.37650345562791415,0.3915207490797206,0.4036338845152484,0.4179503915763992,0.44053546679212424,0.4539851832217424,0.46927417285609846,0.4972942368393204,0.507678839570235,0.5303305310297615,0.5498384793658404,0.5790923236539277,0.608069810426463,0.6225393100442299,0.6608146857573686,0.6753610950750442,0.6898732273179409,0.6985401583611266,0.7034092849030035,0.7090841756887348,0.7011869475263854,0.6915685745558658,0.6795246260095227,0.6408352167092858,0.6192229045567236,0.5918461730859976
-0.002397898160499263,0.0039183978334218685,0.005103691323662806,0.01044706357596756,0.024656860704508253,0.03228847623477079,0.04518491886871206,0.05440806365496346,0.06676475212723322,0.08009399358029828,0.09355058582734377,0.1192254251737679,0.13981721798963695,0.15995569207578678,0.19276853528851967,0.20329764285663376,0.22413315765861103,0.25373617006385396,0.2786260787375393,0.2997009105166769,0.32729802026247584,0.35059591943077645,0.36582661931956156,0.3795678944815254,0.39404863000449036,0.410940073198544,0.4234002197592911,0.44713908767460225,0.46174623628309236,0.4727994378943934,0.4989133734303549,0.518414943881341,0.5325064090022417,0.5672369080164849,0.5873057539522923,0.6128114181126476,0.6511485767289308,0.6730635925824493,0.7017072914524822,0.7333137592615878,0.7596263632610486,0.7999999594217958,0.8120313986369238,0.8294688955614439,0.8418789447420814,0.8430644308663748,0.8538445090756613,0.8491261136053825,0.8434340411172018,0.8376874862554509
-0.13036705732724505,-0.12411298771566781,-0.11742656236006255,-0.10732525834636021,-0.08701715169793972,-0.07956254275769388,-0.07811680016922039,-0.06938313509271112,-0.03776856476118966,-0.02729135557019392,-0.01738314554128152,0.008626217569146508,0.01874039876784669,0.03506084664280511,0.06814387718317898,0.09217848397841891,0.1264797884482171,0.1815422240620354,0.2174263897100161,0.24930405169529873,0.2906722234510332,0.3179194398683683,0.34455694114426455,0.35907740112038194,0.39748970419403656,0.43216476267381837,0.4473176754144204,0.46850159437513705,0.48441913188715946,0.4986111308354291,0.5178474148547835,0.536941981505988,0.5585425411991873,0.5846599010563319,0.6142281075743811,0.639375589952199,0.7034333389896356,0.7451831349707702,0.7916163440556295,0.8179499294874336,0.852905380214602,0.9158401909511231,0.9459384348809369,1.0318037036050824,1.081345202885737,1.0981492731773723,1.1397063860822954,1.1419563801137333,1.144268224614058,1.1582003327923809
-0.2145550214485851,-0.20274850180609744,-0.19928818860328854,-0.20525589563824126,-0.19754878630809133,-0.19347112579938053,-0.1951306937483065,-0.19083882920231526,-0.174754507290462,-0.1740550445413735,-0.16114893293989813,-0.12074579418587657,-0.11676016065753865,-0.10369036022403995,-0.062071770928646006,-0.043005947820920154,-0.027218370272744104,0.023539756789996483,0.06129597334534958,0.08942305519004687,0.1487883327011646,0.18761460080522618,0.21822988943123608,0.2505002619405033,0.31697111052908394,0.3593488451707281,0.41021149089915226,0.45857284488334615,0.5169718728402921,0.5546230674003048,0.6328371062641527,0.6869472562980369,0.6993289508649423,0.7472703486808254,0.7691048523012297,0.8129836919833368,0.8574057010264414,0.8837222654144627,0.9315955518292256,0.9634150484160656,0.9924239536797878,1.045790955156806,1.0844435830731356,1.139861694884834,1.1878473962183624,1.2160604435946394,1.270967596438584,1.3216226149468735,1.334086407993697,1.366228592368539
0,0,0,0,0,-0.2610188868448868,-0.2783316257356929,-0.2803902094469515,-0.2690638320387447,-0.2732648646591876,-0.26839662611468373,-0.2449669055466802,-0.2490808978050804,-0.24734398504099747,-0.21660617081797834,-0.1924419000292482,-0.1748999458763531,-0.09396577303010094,-0.04210427788906959,0.012457237236268794,0.12708808905923794,0.13994329277812215,0.1705530421239327,0.20620074375916397,0.2871799042080425,0.32217687134670425,0.3930994357184952,0.47105353936112027,0.5336932946658061,0.574775200945718,0.6407270376649676,0.690420703836108,0.7238351808329936,0.7763712792176469,0.820785610511631,0.8556158183147119,0.923028439011017,0.9521562977059057,0.9997778423941627,1.0529303232781928,1.0901353822123052,1.1302136886083363,1.1601737807096821,1.2251246386604009,1.2939508163627291,1.3339507142140796,1.3937961229662534,1.444162300224843,1.4812891963319519,1.5440843506951398
0,0,0,0,0,0,0,-0.3468096133850989,-0.3610431151344398,-0.37980037976847225,-0.3815939890813787,-0.35337625999603645,-0.3737349925516485,-0.35995711031827604,-0.31983047846060225,-0.30928728550630485,-0.3136658822601957,-0.25245109359584894,-0.23874560742591455,-0.21267376144121272,-0.14002587921238469,-0.07952979547326047,-0.027114911871887214,0.05265973977010975,0.1673923160982013,0.20290246420759434,0.23592961769986107,0.30182390875834747,0.3651658388656849,0.4285633308384434,0.5118399452886373,0.5800620181304225,0.6259174307222025,0.7094444724048993,0.7572634999501456,0.7982140853894061,0.8801213177270816,0.921562609971228,0.9753813362191596,1.0493865078489033,1.0941610654936882,1.1557631486930442,1.1973676460109224,1.2756103847049571,1.326188692764403,1.3824258675037797,1.4301649001379813,1.4790344321251465,1.5141387375191913,1.5901819131064512
0,0,0,0,0,0,0,0,0,0,0,-0.37442228517080317,-0.31731913091714076,-0.40027423073369184,-0.4145034256621027,-0.42869703133138515,-0.4519810917606553,-0.3860875353128461,-0.3703386238961584,-0.3841352040650983,-0.3074351666108926,-0.2542757630308132,-0.21226271574850397,-0.16992902303060217,-0.036893108828838624,0.049147731228573605,0.1351843970546552,0.279895341208695,0.317266646170202,0.3316199606146167,0.3737768162739379,0.5033523392299493,0.5554311982136788,0.6743924348341785,0.688867022913976,0.7736819044887061,0.8554514968865023,0.911734327730198,0.9993043610725718,1.166333336269296,1.2750902483318673,1.3763764427369505,1.4665530620651517,1.5450936614954465,1.6575156787422236,1.689310827636571,1.7610484776577868,1.8180077020253398,1.883675998368194,1.9709920563248726
0,0,0,0,0,0,0,0,0,0,0,0,0,-0.34634720213859216,-0.35618264286105267,-0.5713663936238953,-0.629832063806091,-0.5422072412093003,-0.51289194441802,-0.48541581041193144,-0.39729041437540036,-0.3539159829821427,-0.34697533080003196,-0.3126785579954747,-0.2116922702315592,-0.10796634245655697,-0.01177959999722194,0.15877462724120053,0.2663818652265503,0.3645530187358944,0.523363629831886,0.5931367083507171,0.662097062516903,0.8406873890716994,0.9200827946297049,0.9818188372765544,1.1222598878335728,1.2155136553463595,1.3219478196734862,1.3833015308760632,1.4458256153335274,1.5990620906601065,1.6195503913334748,1.7629983499746327,1.8510837519300813,1.9214455742752083,1.9419241044743696,1.9666801341982385,1.951174113197132,2.0332707661739438
0,0,0,0,-0.36803290390680593,0,0,0,-0.36995388061801493,0,0,0,0,0,0,0,0,0,0,-0.5429649496483123,-0.6319549285236578,-0.4886143836356289,-0.41632224805650175,-0.24959705653818942,-0.03206182650245562,0.137122676716271,0.23352432049048938,0.35400745981733994,0.5095239661956799,0.6527305699479555,0.793994956891265,0.8753636834751244,0.8386590605228024,0.78707516991023,0.8345375753554127,0.9540202630911917,1.101279288350099,1.2135582450951967,1.3232538986802913,1.572602467870499,1.6667752404171539,1.786681920854807,1.8779111701998392,2.097088800871898,2.237935599767267,2.239856192524035,2.3275573250271866,2.4514170388676813,2.6115260494792114,2.8329516654426907
0,0,0,0,0,0,0,0,0,0,0,0,0,0,0,3.2112145857468453e+38,-0.32563270358258284,-0.4248055348634767,0.09442684591997323,-0.15854763183239712,-0.37355266706410145,-0.5107108385347148,-0.7460704831349769,-0.7612784790831114,-0.4959657615076359,-0.30460459418167585,-0.07066310651320604,0.3575203199536174,0.5718032590471025,0.722479880903202,0.9517287688712033,1.0639891642431671,1.1018959572080331,1.1315895416266233,1.1339695348443923,1.196954810200276,1.3830142241576533,1.4683208363210962,1.5771299493847508,1.8589440725940323,2.0203832695855932,2.25529489193961,2.435260922553882,2.693743576749419,2.878337062126089,3.0489211520783552,3.2388487525746195,3.40271987953754,3.501034682429387,3.6034093203999085
0,0,0,0,0,0,0,0,0,0,0,0,0,0,0,0,0,0,0,0,-0.4980913306629975,-0.7000823179434715,-1.038309161125498,-1.0906312205638444,-0.9421518954862889,-0.9951926120578961,-0.804495351611408,0.29956748698823926,0.22009748478278268,0.24682712008650917,0.6851853455533085,0.7502590167289982,0.8845380008574316,1.1264050614961887,1.2377108594815196,1.3772841368886006,1.5014706521781827,1.466542138487828,1.556414354351162,1.8489842803125676,1.9857295810417845,2.140295325757257,2.3195993260075816,2.631188088368669,2.828051431853405,2.9908901389180933,3.268064907564868,3.5393766903759523,3.833943911041413,4.0838337759358625
0,0,0,0,0,0,0,0,0,0,-0.733413619235963,-0.8968316388408001,-0.9610355591624739,-1.012917548983079,-1.0798768036217183,-1.1113828682487275,-1.1874530258112723,-1.2392289582404727,-1.2981996257708481,-1.4006024828569832,-1.3764924794346867,-1.3961383881096487,-1.6699026428863866,-1.2252577992760998,-0.5491086175339234,-0.6828730609717802,-0.8978285064835783,-1.1005075853544664,-0.7603813824604706,-0.38140061868584624,-0.22290698768240627,-0.09042942742368025,0.12419613726396513,0.4575187789261657,0.6923794308127269,0.864251148846493,0.997814735350354,0.9341063941919666,0.9923253012634868,1.3767551565443672,1.618649399148839,1.90291179950859,2.06168625521869,2.4378032990197998,2.609675439313121,2.8106255030274645,3.2889550494556095,3.734678012749273,3.946451835805289,4.360811963169758
