jsons/1312736400.json
{"header": {"parameterUnit": "m", "parameterNumber": 2, "dx": 0.1, "dy": 0.5, "parameterNumberName": "Eastward wave", "la1": 40.97354507446295, "la2": 16.46031188964855, "parameterCategory": 2, "lo2": 133.9931640625001, "nx": 191, "ny": 50, "refTime": "2011-08-05 8:00:00", "lo1": 114.97908020019554}, "data":
[rows 0 to 21 of 50, columns 98 to 146 of 191]
0,0,0,0,0,0,0,0,0,0,0,0,0,0,0,0,0,0,0,0,0,0,0,0,0,0,0,0,0,0,0,0,0,0,0,0,0,0,0,0,0,0,0,0,0,0,0,0,0
0,0,0,0,0,0,0,0,0,0,0,0,0,0,0,0,0,0,0,0,0,0,0,0,0,0,0,0,0,0,0,0,0,0,0,0,0,0,0,0,0,0,0,0,0,0,0,0,0
0,0,0,0,0,0,0,0,0,0,0,0,0,0,0,0,0,0,0,0,0,0,0,0,0,0,0,0,0,0,0,0,0,0,0,0,0,0,0,0,0,0,0,0,0,0,0,0,0
0.3108762162620659,0.23882411324167657,0.21662828316565194,0.12397130429036166,0.3223672712052696,0.35172275697962446,0.06186008821759648,0,0,0,0,0,0,0,0,0,0,0,0,0,0,0,0,0,0,0,0,0,0,0,0,0,0,0,0,0,0,0,0,0,0,0,0,0,0,0,0,0,0
0.46399761842361337,0.32840625340612667,0.17602884172484434,0.3307801939236788,0.3499234849124641,0,0,0,0,0,0,0,0,0,0,0,0,0,0,0,0,0,0,0,0,0,0,0,0,0,0,0,0,0,0,0,0,0,0,0,0,0,0,0,0,0,0,0,0
0.9688825485596576,0.3829864192196728,0,0,0,0,0,0,0,0,0,0,0,0,0,0,0,0,0,0,0,0,0,0,0,0,0,0,0,0,0,0,0,0,0,0,0,0,0,0,0,0,0,0,0,0,0,0,0
2.177638882297303,2.033641471330591,1.8838630048826717,1.1292642932589065,0.9945498493427214,0,0,0,0,0,0.6360770694099684,0,0,0,0,0,0,0,0,0,0,0,0,0,0,0,0,0,0,0,0,0,0,0,0,0,0,0,0,0,0,0,0,0,0,0,0,0,0
3.401660924931429,3.3508507133618024,3.2162912559532253,3.057210013355086,2.9735191887960113,2.780562396609354,2.500843224504273,2.31865101820001,2.2655691409215644,2.032204253530686,1.9339660047059184,1.8664721137727154,1.7049425275665375,1.6489830581248768,1.5173814705273259,1.4210638584924233,1.3478261561038094,1.1671993602432669,0.8672305800008525,0,0,0,0,0,0,0,0,0,0,0,0,0,0,0,0,0,0,0,0,0,0,0,0,0,0,0,0,0,0
4.326635399812709,4.330483317042716,4.2601518761911,4.112909063673265,4.08519505182923,3.944352453056478,3.671046465248851,3.6429759108690405,3.4744436323867043,3.2399543757233524,3.1006566618897144,3.065918924302142,2.7512293947481474,2.4662348999362553,2.2339078088142927,1.0871524916816329,0.5905467431168,-0.8506369499325722,-0.08384661919946336,-0.6834065376024342,0.24649493537633693,0,0,0,0,0,0,0,0,0,0,0,0,0,0,0,0,0,0,0,0,0,0,0,0,0,0,0,0
5.715155625234363,5.735829883025582,5.674800836022182,5.4271757079620295,5.292156413220137,5.215476486747456,4.907834856267231,4.743455553964601,4.678759173658462,4.391662964703894,4.168599856217441,4.017719243004255,3.4926543696036028,3.150990493814107,2.9331615903442825,2.63535339479631,2.42867287424596,2.2588273564717545,0,0,0,0,0,0,0,0,0,0,0,0,0,0,0,0,0,0,0,0,0,0,0,0,0,0,0,0,0,0,0
6.871031030705023,6.90647896356228,6.850319636756614,6.612904609374823,6.514648589945081,6.375511064307184,6.04980876736441,5.8200964428239805,5.63549752432303,5.103845814435439,4.976331782101348,4.618213020294205,4.140707319973599,3.9325311278756923,3.6582874728946666,3.1449961451669193,2.8790021770508947,2.5487816275762705,1.5956430929196683,0.28944528928702756,0,0,0,0,0,0,0,0,0,0,0,0,0,0,0,0,0,0,0,0,0,0,0,0,0,0,0,0,0
7.764897769867498,7.759894721066176,7.658679243885449,7.398367670651531,7.3951374600713,7.142645319960517,6.687655299317894,6.499220448823181,6.19457356184176,5.588544167707571,5.257400077506483,4.9370281885419285,4.544776241686221,4.363489054507404,4.11377704365071,3.4637427960114615,2.9543987914918777,-2.5615747327014002,0,0,0,0,0,0,0,0,0,0,0,0,0,0,0,0,0,0,0,0,0,0,0,0,0,0,0,0,0,0,0
7.208225678209333,7.275424153724533,7.195538837219736,7.013082571237929,6.945220111090506,6.742592096380249,6.425797566196281,6.212762936375868,6.012077574878033,5.421540322178681,5.107602236776287,4.960064624472666,4.715329871674681,4.586798706210065,4.2655949139672895,3.129193154731356,2.736113812505424,2.0031689885798505,0,0,0,0,0,0,0,0,0,0,0,0,0,0,0,0,0,0,0,0,0,0,0,0,0,0,0,0,0,0,0
6.449660969158329,6.557265001834733,6.585036916947417,6.482297571894471,6.4782821114072355,6.34140725445456,6.089032651804158,5.971789206646307,5.799738542931122,5.475705896369304,5.249597567275361,5.115074957598063,4.694268722039458,4.520734224120343,4.299832067019852,3.5699535019828623,3.038258296386979,2.822958310747716,2.9120830281641186,3.215640140693467,3.2084301538516087,3.1362478161190546,3.0018909923863606,2.9813628042815616,2.8873925729982255,2.904816591557668,2.9274434005419883,2.83078738855463,2.864525168870703,2.9042981629275766,2.90127655302959,2.8969398910677344,2.9279617228526456,3.001002258346636,2.999219764582318,3.0076180369521435,2.94362229769681,2.8611955623324823,2.8439300114416515,2.7738864975570228,0,0,0,0,0,0,0,0,0
5.492597276421026,5.605069576593795,5.6533737607939205,5.662128639079184,5.663781630117071,5.62058968990101,5.466846328097167,5.402777825232384,5.266225548364425,5.03042648534739,4.962460093897988,4.7973128258056645,4.516722273799635,4.401330891884567,4.179682443467395,3.7739173298538815,3.650972126998983,3.383722227024164,3.135359902162778,3.097726895061818,3.0960015836405153,3.0809551487506006,3.2083582330195988,3.409368536940265,3.4313164000326553,3.4716983906610746,3.4699735522023154,3.4726009601332564,3.4315269010244744,3.4191985584122584,3.3735825905122874,3.3134197428085006,3.2805726703560483,3.2603250307106246,3.1458659905387507,3.1066296361000894,3.0384610279616813,2.991484738341839,2.9162779394251466,2.852719577322668,2.8003114354369165,2.7154760877494524,2.6233921583213906,2.5579358485691177,2.4391869125466,2.2214217372872187,2.088604026669126,1.979416872571463,0
4.853935573093536,4.926309801296963,4.964899259644268,5.025366606664227,5.0698148229845375,5.049663987956978,4.967783193403257,4.962405091192096,4.86404012517952,4.701195633526062,4.628038454150919,4.544482992861951,4.274549493088372,4.058298831119,2.9806892868155375,2.3528936661345896,-0.6834999234897415,-0.37683231812890733,0.14535331148272915,0.7608972301722015,1.6710237007343036,2.1015420675610934,3.2000435725050345,3.4860152758963254,3.552314339489971,3.523257374235286,3.4764707251286526,3.4391502589864364,3.3085347719522407,3.271459795153727,3.2374517356556014,3.134889684580804,3.0591823392180473,3.0457462467238026,3.0011535163181944,2.9257034518652625,2.830456717563324,2.7972253441812014,2.786282106609496,2.747414927430974,2.6784417426175304,2.5863217379328414,2.511561189438236,2.443832842023577,2.2903534189855814,2.1550458287872654,2.089619165084302,1.7524039306658308,1.482269052090805
4.117782116645635,4.152742361394416,4.164936362856513,4.158378776165648,4.153146636822325,4.126673427658431,4.113760205641226,4.101135640939092,4.11906122667834,4.088936198763012,4.090006149663111,4.092427947035791,4.054142203860435,4.01891854184476,3.9721129432146354,3.8637458049126945,3.861457965511569,3.85187632813585,3.8220907401711215,3.777847886047161,3.715247483649322,3.6493055311305733,3.499104682201124,3.411308950619201,3.367643690260453,3.196856213934051,3.160160005662795,3.097668408477537,3.0318794451737907,3.0000384795713186,2.9524002108244147,2.891733877695491,2.838727865024774,2.8189683607495297,2.7257632871253707,2.6964608892967425,2.66147186996526,2.606003378074547,2.549521833637122,2.506882513947099,2.482598721016027,2.4141823864224206,2.3742065860518182,2.3398049469130715,2.2664209281137664,2.1882095806516295,2.098843134744052,2.0051514143361815,1.8486682411540412
3.8213486137274955,3.839986589732289,3.789634367740008,3.8227055675280543,3.799855690548188,3.733931704943949,3.617309604435188,3.502815905837832,3.5021422430195575,3.431099365871529,3.38773415883353,3.349962186135442,3.3085993830440645,3.296200723676807,3.315037505789625,3.2568435614782834,3.24312940347216,3.2039715249718106,3.1675852070587043,3.147610874714107,3.0962061576450197,3.0783435863592143,2.988799053320806,2.939973195896622,2.8738153522311403,2.792657793378504,2.747806501215753,2.7121163780902777,2.6567736610621413,2.6048030029859923,2.577805930465043,2.5379750764292335,2.512859310383692,2.4659627659851973,2.4378206218549114,2.420668416607025,2.4017962780936135,2.364481548646035,2.32835805592607,2.298564408319242,2.2847480553274044,2.245930770790958,2.2345086547507558,2.2123802066319054,2.1656391621197724,2.137041993043974,2.111816133326097,2.04838130973162,2.016289036295869
2.889898019756391,2.965636792680515,2.9826777974832748,3.0385634459551283,2.9406783041069957,2.862989634284617,2.774952357146496,2.7923477737986295,2.78970372757849,2.621437178829884,2.638863255972178,2.640948995369443,2.628563826226143,2.6129355425191916,2.6081296216098666,2.643249565227046,2.6564861331082974,2.6417432303728487,2.6308235285007298,2.6453418053078703,2.627697291669793,2.621387357398678,2.56089354987332,2.5569588430330543,2.520179322117437,2.4648958451604286,2.4400591631676405,2.418385787143076,2.3965387296193854,2.3813077872121986,2.3605900998831206,2.333257937228019,2.3148069188622333,2.3052611313374958,2.2865622449688456,2.2578332629130093,2.2379921881725147,2.235493139901388,2.220436349085062,2.181404637776367,2.1576698438071475,2.129923354433533,2.0880212025023956,2.077395261894377,2.0324858310654803,2.0188525820967715,2.0034290197067772,1.967038605397005,1.9262860015145158
1.6960028825557079,1.915926535867094,2.0462070443428133,2.147414827918073,2.2059625800812226,2.2017464535246556,2.177634980063069,2.194766361714563,2.194314883721999,2.1822880294276383,2.1971899194968394,2.2051388027778374,2.163368611792755,2.186839668121878,2.2090980937661606,2.2175206448662643,2.222964223986234,2.2380427117128807,2.266376227331987,2.2639339165248376,2.280610772851174,2.293742714760747,2.2856211695433455,2.287972672750339,2.2721617206397555,2.2930788636900874,2.2833199345138313,2.2731421407132104,2.2533592615867386,2.246108729650295,2.2344805653006636,2.1873883523500544,2.172363245083797,2.169014794610429,2.1587832475840782,2.1359043430919864,2.1232135459276207,2.104477668302588,2.0899526583674546,2.0773632653906526,2.059539182642415,2.0372885040712734,2.0201841782406267,2.0055827627365264,1.971728468723641,1.9476994254340534,1.931330222494363,1.8986802462557804,1.8768473562421106
1.217936883210652,1.650923540733893,1.7222341652238367,1.7898875013077844,1.9095722233518349,1.9416936716290347,1.9624292415057334,1.998169709588264,1.9954973490262107,1.9868101536794918,1.9924871554058678,1.9962985762279475,2.005409097778037,2.0106409547611404,2.028922571892384,2.0357512224816263,2.0371670665034283,2.052204324948725,2.0907214026204213,2.1105046159709877,2.126050862920229,2.128652689420769,2.1434574156846815,2.1503263054085955,2.1478953400059186,2.1504585400515883,2.1482290155791173,2.1483194478544254,2.1441497783141417,2.140807638693898,2.128476297190915,2.113368210409336,2.1040731042018677,2.0904567444976268,2.0640051661620915,2.050875563155873,2.037979975913179,2.0187132638924883,2.0050980667913447,1.9945661597442443,1.983942965102849,1.9689502645387933,1.9416231556659191,1.929706648545545,1.9145710229404866,1.906041911722221,1.9048902194535602,1.8822282056561506,1.8578829812870694
0.899376693409231,1.3814116752942047,1.5125022222133095,1.6500847221061146,1.7173298842669649,1.7577417322967244,1.7813014596174885,1.8654468932742316,1.851985840661333,1.8843438939547579,1.8753431564695955,1.8809808629237506,1.9038234233575377,1.9120458745962905,1.9355010446337195,1.9571521934787623,1.9666449056766493,1.9758836283100751,2.0170851028685517,2.0285933260338003,2.017157644745198,2.0252515090504177,2.0289516193957895,2.0317972214167472,2.024924846720654,2.0333764034140733,2.0280784210641607,2.0332418900143776,2.0450936796675885,2.038722623922728,2.0294290513543616,2.0138827781638278,2.0011333587323015,1.9959977488828187,1.991846179555101,1.9863617044834658,1.9781439264842415,1.9737039307838236,1.9597853379195833,1.9593006613222497,1.9515338446655093,1.9147292024779023,1.906912883423442,1.8998772364173289,1.8828902770456057,1.8779453726550956,1.8734840188693007,1.846340161853986,1.8303660234938153
