jsons/1312765200.json
{"header": {"parameterUnit": "m", "parameterNumber": 3, "dx": 0.1, "dy": 0.5, "parameterNumberName": "Northward wave", "la1": 40.97354507446295, "la2": 16.46031188964855, "parameterCategory": 2, "lo2": 133.9931640625001, "nx": 191, "ny": 50, "refTime": "2011-08-05 8:00:00", "lo1": 114.97908020019554}, "data":
[rows 22 to 43 of 50, columns 100 to 149 of 191]
1.252018193250149,1.1674621362172641,0.9871068230005581,0.937144169112442,0.8859521139131193,0.8030198218242092,0.78280834514458,0.7593113172406794,0.7312810023197303,0.729726924605812,0.7233385880457937,0.716367879668291,0.6925613532050806,0.6837979431582056,0.6743202379974438,0.6550943831542229,0.6601275030714431,0.6597469025683879,0.6481076087244542,0.6431574998651366,0.628816620920756,0.5749545025043558,0.5672520228419068,0.5525991211003481,0.5746175349390398,0.6072094001623731,0.6461397697815434,0.7074518721372351,0.7674444343416831,0.7998586118478795,0.8437821774316312,0.901240963161443,0.9385179004458802,0.9718179489667358,0.9920553545424475,1.0022708748782354,1.0363672364016032,1.0851760045677628,1.1159530653785708,1.1502337804190856,1.1711259173778454,1.1909720605893606,1.2051846902502712,1.2170448700319383,1.2211736360177508,1.205099224854353,1.1744721159553582,1.1452561457562003,1.1261850403293203,1.0992624281608803
1.3585145433826027,1.31753390102599,1.1562713842392955,1.1275611126211338,1.0587948352308711,0.9888071767207038,0.9268381983829287,0.8952799714819698,0.8261596809071441,0.8050186424463587,0.7875337598750297,0.7566633926636639,0.7212890013914283,0.6916706032458667,0.667875148414169,0.6437647758333259,0.6490862334076902,0.6637597458528807,0.6388408914214988,0.6263618848293834,0.622414984505884,0.5743622232663838,0.6456752193069696,0.7177276198887528,0.7421651923682093,0.7789624657016874,0.8049080545034824,0.863465327796191,0.9114847733152633,0.9414178018996637,0.9630217116181985,1.0283257299382353,1.0850295576760582,1.1010279490748147,1.183149319552125,1.2202920883958857,1.2354541899264226,1.29373831638674,1.3297180753322362,1.3435786234206766,1.369574192848614,1.3772005502170164,1.377594248366929,1.3559850216893672,1.362561907271222,1.3387362231448008,1.3242310879305148,1.2852950153327263,1.2508357411934685,1.2218355309417472
1.3717591858013303,1.3654920911538804,1.3049190261214751,1.285953414676467,1.2418264736649622,1.1582751158196307,1.1243576043144368,1.090275225958913,0.9811624072314125,0.9465670757065638,0.923172096352332,0.9062336038525919,0.8654150516694002,0.8464304980031399,0.8181653123199774,0.8053512094817464,0.7958587149697297,0.794912628573206,0.8061769295646796,0.8379639888383741,0.873141324543114,0.9023993602814219,0.917373923248124,0.9465412345229034,0.9963816388119048,0.9866432663694595,0.996630265229952,1.0310519314193651,1.073538425902665,1.1126163922932688,1.1179500423593143,1.1681166761342787,1.1981286370116349,1.2313571867711623,1.3028662914875955,1.3474156413166873,1.367875037519449,1.4438859693645418,1.458048686526155,1.4694256663998584,1.5095896454191449,1.5319742712069193,1.5312158167498278,1.5439648620127921,1.5242606574244433,1.5120827725361894,1.4993437976670627,1.4573158199514413,1.4129655327689612,1.3700000370354162
0.7894032441627592,1.2257039371881806,1.3207861595929837,1.308290129190968,1.2954388495852598,1.2596057119722668,1.226762282932975,1.2132198179388414,1.124105494512376,1.0955163446729894,1.0937260347073565,1.0343501097633179,0.9901950493916816,0.9409732680236996,0.9709158184051261,0.9895799750593326,1.0158122362389876,1.0219935671432252,1.0348395056761963,1.0305242841616755,1.02036531128347,1.0501149916050907,1.052381158124368,1.0606578233864143,1.116572650006643,1.1417594403084366,1.2084662658726162,1.2486448259837724,1.298097914394905,1.3160893354862124,1.323319992697496,1.3906503845687326,1.385458701032858,1.3968235374269746,1.379551241513317,1.3971906005649306,1.4236206082426286,1.4786708687602583,1.5088460467970772,1.5339511217122093,1.6170614395890037,1.5194683849702744,0.16737441608950507,0.8030936398448939,1.3530927275373723,1.1299195046477206,-0.9224899985107808,-0.8550567535438485,-0.4019209291665029,0.19760281781457514
-1.295413001356488,1.285723783278986,0.6842743950343786,1.1278139549291621,1.2875574296305716,1.330803780708141,1.3206919429032389,1.3207210536450453,1.2837091428540044,1.277733586090941,1.2710417951020998,1.2628642893345172,1.2097334167522908,1.2005188480674531,1.1798341958461354,1.1457625277163526,1.1399546503927513,1.1287585339549935,1.0611323302708506,1.0682826324413461,1.0581142700257002,1.0511033350812762,1.056519469083068,1.0696760498359252,1.1455684475491235,1.1696677292835767,1.207822144837202,1.2199435257047984,1.2540597080583513,1.2878717092693917,1.3057938759565766,1.368274525452552,1.4008718106684122,1.4233573707931688,1.4692539482163551,1.5172864327590598,1.544518578023325,1.56959600284339,1.4583017663310236,1.5063169230327205,1.2674358984021405,1.4177379177866445,1.5242452548848417,1.424575127244453,1.3788586373484923,1.3415504069708144,1.2593872299599849,1.229704586535713,1.1151934843201656,1.0898635750012724
1.171462407572388,1.0987370170998008,-1.1976777709893376,0.7770538709659603,1.1061897010137098,1.3088826690376987,1.3069225356941532,1.3096531887565626,1.2936166680751384,1.2875420175385512,1.2847163347230943,1.270218196819096,1.2428354105261779,1.2506283983514435,1.2433436311886656,1.1684439678137053,1.1871308466350785,1.1791226503543792,1.1760322716308995,1.182629465150751,1.1841143643720964,1.1822125478428571,1.184678861526446,1.1981860298871374,1.1890168764129982,1.2218784247164085,1.2630207887857805,1.2914508163965337,1.3133590539450877,1.3309298996705283,1.3253354801632475,1.3315434664304713,1.3606908118356325,1.382194458987569,1.4155540643600169,1.4377980674285051,1.4498358188230536,1.4412885983385775,1.4584277615270196,1.4636975238882672,1.463504558380668,1.4661859161562507,1.445639071949938,1.3861096240329704,1.3858436067819606,1.3429993530458668,1.3328441412138872,1.3257913556162144,1.3280016799339265,1.3299196725521267
1.2497354934391862,1.0849742392791044,0.8377577620988856,-0.8987025710821542,-0.6765511538099724,1.0234788436215354,1.2560013021750025,1.2702377870846722,1.29852238353043,1.2830133457733814,1.2774992777301333,1.268677549116798,1.2469244494864695,1.2508701971381881,1.2394400226079472,1.2275258051907507,1.2317812384789815,1.2314372362641421,1.2276683431549842,1.241892668340169,1.2498826364711513,1.2630309738270251,1.2784240353110823,1.2950573304022477,1.3029654160798982,1.3142694162806097,1.3338017192120375,1.3753553705073482,1.3868444930446446,1.1116239000492343,0.5982700317505958,-0.7514866609800341,-1.3807160842651143,-1.07405278763125,1.04051610781934,1.43589261830925,1.4887484724764792,1.488288411902692,1.4941661553267251,1.4829704980374185,1.4798057531235254,1.4690676948330934,1.4667318588798546,1.462047639354314,1.479613357522948,1.4733554420519792,1.475348858261569,1.4530699400453018,1.4484802312830465,1.4470064388036816
1.2593075849408841,1.2410455960200282,1.2410596434005796,1.1926762159374877,1.1103329979273087,0.10686978468745459,-0.9089126285517479,1.0106455945164874,1.2736733291518059,1.2822989453078548,1.2882613465373283,1.2853229662019963,1.2779344241677493,1.2710681016667684,1.2709090658702353,1.2594204139172418,1.2597957742005466,1.2829955332343095,1.2963081637131315,1.307815628511138,1.318809132855086,1.3386352472864362,1.356150137917503,1.3857732765565325,1.1480219313996192,-1.4213350612447155,1.1550448686842063,1.4356940587302252,-0.8950968758577729,-0.9787018925871198,-0.5678307258447588,-0.3274274169404806,-0.298251070944627,-0.2531417277380584,-0.17946300380534824,-0.17103435226271319,-0.04848222035747111,0.16314950000561151,0.3450348220348202,0.4752228754945741,0.8824238480087582,1.0545491399023645,1.110808139030653,1.1843525571679432,1.2535580488767486,1.282866502469499,1.303616362330342,1.3360217185195526,1.3471773305512953,1.3588869764840217
1.2672074404399827,1.2656960920685438,1.2663396663940552,1.2278694900908727,1.2262972554894693,-0.6087344713352151,-0.6230871867721007,1.0413918409464349,1.2674252383849338,1.2897566536923364,1.297602354317596,1.297862091603203,1.294735367324709,1.291927317861007,1.2873085428677151,1.279268940543265,1.289031168363721,1.292792430162422,1.298394299461545,1.3099373271826664,1.3259521543873551,1.3334340506173434,1.345218402071122,1.3735523945100296,1.4042508414718589,1.427996839919218,1.4245033267648974,1.436463973679242,1.360088084592103,1.2522260173421766,1.0561934394660593,0.7669539232639425,0.7224735211555304,0.7100073604481691,0.6658288875370582,0.6376117571321962,0.5421422164720543,0.5917698597400084,0.5753706306951571,0.5802888606404929,0.5911983827502348,0.6272650216201071,0.6522556758252562,0.7272667663980324,0.7461787367672482,0.7682722439009035,0.851630814039983,0.8969082885418496,0.956830268295747,1.0097076000015726
1.262187588867998,1.2536850708124383,1.2582440872815597,1.2613830917831261,1.2599081321329464,1.2617242817594625,1.2791330043751472,1.2667113859026877,1.2433962428825445,-0.09163801574120876,-0.09547195544626642,1.0639311763813255,1.2889876830636446,1.3095488300464475,1.310986676308918,1.3137057542733108,1.3205025428110524,1.3252380431760469,1.324327331087521,1.329492760333334,1.3380540226148283,1.3469467640818373,1.3504749100495548,1.3590650694919508,1.3720589430806756,1.3920571527429824,1.4224961719736646,1.432322351190749,1.4516864034459707,1.4839212228068854,1.499075082119636,1.4719004352588065,1.461208986166216,1.4487899257686718,1.4037399350666844,1.3988903992048214,1.3764813511288936,1.4090479688170217,1.3747912225595074,1.3518375693467855,1.2697851650521599,1.254210940141867,1.2130444381947563,1.1704785755886449,1.1614755468759357,1.1232806416836998,1.1179422999569684,1.0955077728263467,1.0710319141329507,1.0454235931664524
1.2907133588187834,1.283475574871463,1.109139452988359,0.8623698538403644,0.5543388463764815,1.091051466022807,1.1809134798481749,1.2501876955753868,1.270966226848919,1.2787156240293502,1.2901375307532583,1.2950906890243488,1.2901466199133274,1.2564196616595793,1.2854457083325028,1.0741239221309773,0.46663970389394577,-1.1456949249698107,0.9560332442725732,1.2255211446677141,1.2875859082608632,1.3323971232795995,1.346832883898528,1.3618736991634839,1.3065614021216578,1.264736842832368,0.9449413202490906,1.150109727239557,0.6870130135730271,0.9409005055152322,1.0053410521632744,1.4436515720301493,1.4950507488620346,1.514294286407704,1.484644759815274,1.3577034573877096,1.5387179610896884,-0.005333750982483377,-1.268696810177688,-1.5359627781801313,-1.2645604664140466,0.7715690294511243,1.0062274554282657,1.3028211978289195,1.3544050960065834,1.4345014768543667,1.457623155769256,1.4280437962067105,1.4101152244817818,1.4005586241412902
1.3183690277589835,1.3233611391873619,0.8510158780631459,-1.057935985538529,-0.2666272026004085,0.7286183100609174,1.1958790365964624,1.2452997164657957,1.2971149402442295,1.2969959142491403,1.2926246270374862,1.2973587241489504,1.3058384135920762,1.3098440422018114,1.3167871486644296,1.3298035647498272,1.3237845639154109,1.2426221181028165,-0.4884014136263246,0.4697441241272691,0.3115863469546971,-0.07670677546012973,-1.2184445676306612,0.36280003167566394,1.256999260575576,1.3359338801286968,1.2772799333318368,1.421324900476231,1.4192944000542376,1.442548205615577,1.437333282489953,1.4318067500393554,1.4463166656572026,1.4569978962151786,1.4682091885449737,1.4780867217206974,1.487517099275012,1.4931921967925452,1.4981355509496899,1.5026416648347238,1.417725878277882,1.1674992863150766,1.296638747663965,-0.25200408994695694,-1.3076884862460978,0.7909831516974302,1.411987226508414,1.060842331937005,1.2603011190588331,1.4042400026298951
1.2255165275013937,1.2381233175617472,1.2998536201309152,1.3140021191058147,1.3080214043363707,1.3255617584592827,1.3223727218060188,1.315068878245052,1.325126045451205,1.3260836795423248,1.3282749550646027,1.3218499065060072,1.3186635626373377,1.3153267863942888,1.3174138539724505,1.323845656149695,1.327804382546481,1.3295271820050365,1.3422249435291502,1.3518272566095761,1.3609269072843644,1.3742104209422026,1.3878038389570604,1.3821154233327688,1.3849689425453435,1.3859155618381276,1.3904735170737763,1.3926730421724571,1.3948022308103014,1.4090687597668874,1.4129282026902121,1.4178117996608048,1.4322896571565198,1.4344497622662975,1.437406280705579,1.4407968689500574,1.4421101700235635,1.4432364914569251,1.4467075902987712,1.45404099333264,1.4563374535543494,1.465046838863109,1.4777068134386913,1.477657650101523,1.4637478209224248,1.4544405332329429,1.2559878854434952,1.0188605823653716,0.36045079665557495,-0.7849586076463543
1.1157573937513552,1.1673816607248706,1.2372203230234564,1.247990518036496,1.2400202452799587,1.298974453616384,1.3033209718245038,1.3115574525920402,1.3239256219422382,1.3260437172443096,1.3122378236989698,1.3110527780991268,1.3091515288026025,1.3081608406929863,1.3096669927438993,1.332090883437282,1.342263389102259,1.345557606232689,1.3488623816425083,1.3607859158456639,1.3680409015619426,1.3775756620692856,1.3849054289655476,1.3879551781187351,1.4080602556395592,1.4159720582569606,1.4094689203545925,1.4093879994219993,1.4107328411765279,1.4091481082940376,1.4081475292168002,1.40446999891097,1.4088824054183051,1.4126773369121668,1.414386783257244,1.4200808440967008,1.42306921513444,1.4272077287594542,1.4300731057511769,1.4330820706208398,1.4380686524228223,1.4386056301594812,1.4384364029677152,1.4382352018272464,1.4362568337524821,1.4379425125552787,1.4386229275626994,1.4403637442343782,1.4497107340096305,1.448312470929028
1.0419043949018871,1.0727790508353534,1.1200752144514488,1.1529891553124256,1.1725165141497884,1.2156810418151345,1.235378389708563,1.2423207882540885,1.2665202443994548,1.2782516816129856,1.2882301272901222,1.2909888979156272,1.3011789707506853,1.3093814093096552,1.3140116966704503,1.3252347548393095,1.330146276341848,1.3341413192881826,1.3432459513560209,1.3570206566171423,1.3637039929616759,1.3817430845937302,1.3920110700165436,1.4107259000678116,1.4176478568330533,1.4135509431363102,1.406540315546533,1.4102064396448368,1.4161449982166343,1.4109813971304235,1.4099390096907065,1.4106154256433376,1.4055018104633625,1.4033545766765492,1.4086750020691903,1.4098200039921613,1.4111076872994852,1.411282970434086,1.413515688007406,1.4168235317224143,1.4158181553587839,1.4111492257916765,1.4039295394967233,1.4015864019245778,1.3948596811409606,1.3974249750821646,1.4051979408338477,1.4084814893396604,1.4114839063146882,1.4145816881561708
1.0653069888519202,1.0988860280821877,1.120786934389148,1.127656107824382,1.1547850472775028,1.2281839225627702,1.2485809573504292,1.2811653334258186,1.3222360782724516,1.3168959764410235,1.3083442826094247,1.3112044471986186,1.3155093084173333,1.3173166479276908,1.3302009960786014,1.3375856454572734,1.3386795924615624,1.3467348568798212,1.3611736186717407,1.366357323395843,1.3733341116809716,1.4051418450458177,1.4144678409853944,1.4135794345204162,1.4136401419548756,1.4195650197384213,1.4081626020017375,1.4053075815604588,1.412033879023506,1.4041277522136653,1.4054735015350273,1.4074514794125634,1.40803811034083,1.4084497742480766,1.411578112668507,1.4159658867707228,1.4158293693516533,1.414747993450308,1.414247544502424,1.4105941815390488,1.40882473793477,1.4083708102624712,1.4065441432734471,1.4059284731342523,1.4033113298398292,1.3972924147848829,1.397859814089545,1.398598781140813,1.397404611179141,1.3971877253192755
1.0960209254032673,1.112768343435196,1.1575996048859978,1.1639726882832582,1.1706796591055306,1.2027299687900952,1.238019665524053,1.2490141294794443,1.2758227307781382,1.2766382006427484,1.2838616824873048,1.2926959100533533,1.3062814264524165,1.3103323860729428,1.3205464618329168,1.357736309408938,1.3684703672977538,1.3663868799221048,1.374612994246451,1.3780778146020198,1.3757304146755318,1.3939252283065637,1.4002805189911982,1.3905917213047252,1.4193307309170036,1.4236692578532932,1.4268141441795235,1.4284667610972668,1.4252569460193067,1.4188722276087578,1.4190631042188868,1.4237071535180297,1.4178968353890604,1.4158038457216318,1.4173618748011394,1.4109759962417119,1.4102974000660202,1.4126756860986625,1.414127847499247,1.4146503425319594,1.4163359137059062,1.414837468732173,1.411976419847614,1.4099263337822407,1.4065828279052557,1.4006587818403473,1.399938774175884,1.3974514682735948,1.3918039985185868,1.387121177407298
1.1248589786341656,1.1422888345286524,1.1592360018400802,1.1707011077561553,1.1790948132899872,1.194310845339041,1.206764461792442,1.2335263578639082,1.2793714128653986,1.306442366514196,1.3126416961953398,1.3171834741235051,1.33540449774937,1.3367841713148605,1.3404310070817453,1.3513977752926924,1.3492368491884708,1.3562949347927917,1.3794772399653035,1.3873860719390987,1.4034983160365038,1.442406996783425,1.4490828463760486,1.4401840809766606,1.4402937441117225,1.4409839151136938,1.436510654711633,1.4354793700099022,1.4357680862279527,1.4263693796309067,1.4237119830300107,1.426127857266903,1.422786336296163,1.420132186197051,1.4239059085960646,1.417681017646502,1.4182730029333066,1.4201597438529379,1.418439128534701,1.4190862780203906,1.4200137852982258,1.4188223036034264,1.4124077943053037,1.4142375197634347,1.41589233684113,1.4114096710316577,1.4022307846362982,1.3844548977437614,1.3718397001787017,1.3612660276584116
1.1399837471026173,1.1498060804138979,1.1788235338254573,1.1939445338273573,1.197855713472108,1.2252810916898775,1.2483433191702453,1.2631019212026304,1.2756779301169086,1.3232558473730116,1.3500783787508048,1.3729817615708861,1.3841951235458472,1.387643848854288,1.3947750684253613,1.4040708424009216,1.4016008716065314,1.4038948775045528,1.4183265357786263,1.428903099242101,1.4373455745402277,1.4391532095778237,1.4457911673735313,1.461329005751405,1.480287282683637,1.4881088190840877,1.4848898385563314,1.4760497878039507,1.4682610230195439,1.4575979988066923,1.456396630817535,1.4599425252311058,1.449505908033219,1.4445949625268808,1.4408058489230668,1.4397587583282536,1.4411196884474247,1.43976432950121,1.4345561755201752,1.4263039631966703,1.422563742983049,1.4140330163095236,1.4040422557164585,1.3945435445411385,1.3919572456103428,1.387810640418093,1.3912904126263894,1.3718494500954137,1.3345709923739264,1.3052273499643692
1.113997483315231,1.1331530241826069,1.159809679022453,1.1772410444546935,1.1965349190284977,1.2591143051151805,1.3087753087356706,1.343904262961558,1.3706624967445016,1.3986976420959831,1.4160020231428976,1.4176284729836026,1.4570391200060282,1.4622026109173971,1.466414214156941,1.4809935869031299,1.4736860529945532,1.4811079262974667,1.5000923025213055,1.5020321800185297,1.509676832803179,1.5133152229944313,1.516802503865294,1.5075642916085652,1.5116412014265135,1.5074506030662411,1.498349315533482,1.493287751372354,1.486350740462384,1.4803923101866856,1.4802865026316294,1.4807443907011228,1.4760262049872859,1.4695298504532917,1.4648011534090295,1.458463961366527,1.4560990355220413,1.449152976454054,1.4494120611027501,1.4450082071110515,1.4266052492740189,1.4085263157901193,1.3756380431375408,1.3527856974593426,1.3274783438391364,1.2700296290884046,1.2243798426854517,1.2293695753827234,0,0
1.104821391736906,1.1322833983108866,1.1679893765358709,1.1844895220447207,1.2175100024390346,1.2514293960574259,1.2582370601904216,1.2621343975092765,1.2356343083836048,1.280439354888723,1.3510741927744228,1.3876285072453851,1.4372356873351428,1.467708994914911,1.5111729131683256,1.5368376701779463,1.5212533280840366,1.5194242963218667,1.5223460477640367,1.5268665668927268,1.524733529571422,1.524137802256974,1.5213261398323044,1.5065360226661608,1.5007189422099503,1.4891111601926028,1.4862203140667474,1.485851561151818,1.4746762198845813,1.4659315177903336,1.4692318715842962,1.47572188360878,1.4671831075074493,1.4639031321911677,1.4583211739851694,1.441089689385303,1.4387947242615593,1.4237008994436713,1.4045033878293791,1.3775865028894572,1.3524482113304896,1.3253796425514468,-2.885317027612802e+38,0,0,0,0,0,0,0
1.1055724886324918,1.1236737842346032,1.158355556199614,1.1655121479827661,1.1825968056999523,1.226590086332568,1.239164392329481,1.2611765329664957,1.3198011649160086,1.343561482956815,1.3675197393547476,1.380780899839535,1.428248434717597,1.4264654615635908,1.4364062740961934,1.4535158905002092,1.4578077969402872,1.4684981635164964,1.5017587969916828,1.515354826661853,1.5026830561364373,1.4808217776376544,1.4714462980467247,1.4634483410167758,1.4749753484646884,1.4682013806739118,1.469073668499868,1.455441410605961,1.43124765409656,1.4169461197050435,1.416236064653226,1.4060569659858235,1.3824709255385041,1.3708649790327678,1.3325723755961159,1.2939506437498003,1.287514568428239,0.3795810932352893,0,0,0,0,0,0,0,0,0,0,0,0
