jsons/1312671600.json
{"header": {"parameterUnit": "m", "parameterNumber": 3, "dx": 0.1, "dy": 0.5, "parameterNumberName": "Northward wave", "la1": 40.97354507446295, "la2": 16.46031188964855, "parameterCategory": 2, "lo2": 133.9931640625001, "nx": 191, "ny": 50, "refTime": "2011-08-05 8:00:00", "lo1": 114.97908020019554}, "data":
[rows 22 to 43 of 50, columns 100 to 149 of 191]
-3.318350793809862,-3.24485417970312,-2.8128822820886046,-2.714566256230233,-2.4537290896811035,-2.0260443957467036,-1.8053512971155852,-1.5861288962369642,-1.223351485773811,-0.9688844116225914,-0.8148784833966279,-0.5908615190928476,-0.3008695455043681,-0.1387150297157114,-0.02253555197880912,0.10196884670117493,0.13547478575941668,0.1693983227450098,0.16452754273795706,0.14625532949089182,0.13460812628725444,0.10144553926892222,0.07104499108295566,0.06157200686443342,0.02253764707593743,-0.020398346946297306,-0.028253219888234482,-0.03795053039597699,-0.12379434566089409,-0.12265825330021275,-0.11532953238549049,-0.12952544949079509,-0.1472887721507467,-0.14682947321461115,-0.16146366686468147,-0.15447912167521002,-0.16950093681162146,-0.18513955918478786,-0.17409685718304269,-0.16352319901133913,-0.10755763053408414,-0.1044149707278572,-0.09215796388089097,-0.0781291483986935,-0.0891381328912297,-0.08851463613198285,-0.09778838997695986,-0.0905652496316874,-0.09245247538062791,-0.07095861842564788
1.2809553572148398,0.9122397338520332,0.04588119040613351,-0.06980329464975542,-0.15927956454418069,-0.0035880176716662055,-0.05668906562685154,0.055583092710068914,0.3200042282315471,0.474085356411741,0.5935584526317401,0.6451386213101908,0.8149330004578863,0.8639632267955134,0.9699536278764325,0.9370618782364047,0.8903054415029883,0.817532507363898,0.7670268670360504,0.7474250179808803,0.6194314335912178,0.49563451991193885,0.5032748899923116,0.49561065854833847,0.3804848292485915,0.3216505138815763,0.2800556989545508,0.25572372407404076,0.21239412881519865,0.19274925947102967,0.16163812835356847,0.103842703189169,0.05836137231126153,0.05480351962556881,0.06715107077167431,0.05246437941483115,0.06000289268509834,0.08406446466037107,0.09926175769241344,0.09990586309399195,0.0994865908656181,0.12419355251532142,0.11979958822295667,0.07783682612932234,0.06681499624312232,0.050607425671804734,0.0452796496294463,0.050720878700549976,0.05984200710272291,0.04232989183462043
4.373067192806495,4.278504916001434,3.8325930058490942,3.644705496622004,3.4369075538555642,3.0100195969289376,2.9285324676200934,2.8052225105000916,2.540971308073628,2.384221694669292,2.2211377980494467,2.177426468339883,1.9966452801263885,1.872890276793744,1.785056044571405,1.6648390008216412,1.4734375747899695,1.423105045072804,1.3727307312075343,1.274949993972905,1.2410741675353094,1.0046308060775513,0.8828115435451531,0.8237377747336545,0.7619324307162805,0.7419062615271397,0.7320917226239012,0.6264898145159992,0.5296709759338168,0.4705890676325345,0.38693834587051834,0.3474444281596228,0.324009973346486,0.3132363791796221,0.31803614910216343,0.31528917493338343,0.32625514950120654,0.3661343521729004,0.3704938213413216,0.4236384769536191,0.5230196922286529,0.5393892188735514,0.5227649423459731,0.5031997910452621,0.4402014375265998,0.3675533484332488,0.26634652497579625,0.059785424109495625,-0.0240766029496275,-0.03294771020540822
4.39165073399807,4.4025180199767044,4.438832297308961,4.353037293091795,4.2268862208574225,4.0525619157174955,3.9474777938605756,3.8598790377181214,3.506462973334207,3.3948154802206694,3.2885676086475164,3.047167503534309,2.837610115599552,2.6303068534633764,2.5517579036681917,2.3610074865984307,2.1860905688129004,2.0968763000761266,1.8271943778872641,1.7529373188446362,1.585662594421554,1.4239793926200657,1.3893510039437265,1.281671461021705,1.1237666318395285,1.06446758646144,0.9935644258097224,0.9256519019125027,0.7801008738153213,0.7536342295463426,0.72073632723345,0.6427367226760142,0.5932844429260455,0.5081110166708003,0.4295432260172852,0.43178127307471736,0.462558937818747,0.5819752736369712,0.6373852360351013,0.7165804152802902,1.1043808813538138,1.2828460812623357,0.792718169295356,-2.3266351939325194,0.3269570340201946,0.6860006159940236,-1.3120719456238994,-0.7725593547761042,-0.5286688026069833,-0.13833829121596086
-2.863781843535525,4.32626884028594,3.7600940331747417,4.0568451589898284,4.176664291109389,4.085805480249942,3.98786237585081,3.901753088251564,3.7215748153334443,3.6302688906697473,3.475319334194373,3.394467418842211,3.1720051420299646,3.0488855719691466,2.911142165900645,2.7289529448623617,2.604256228714939,2.537786792594848,2.3103869309861924,2.268117688887007,2.1370677815150954,2.0221241382392736,1.8968758721452095,1.8437336720543538,1.603010928054751,1.480090179192302,1.3835193100879724,1.300882773042052,1.2614928223400887,1.143927801546237,1.0739391598227226,0.9339343683234325,0.8547684802821426,0.847225998411131,0.889306518450249,0.9351118866580262,0.9955634102981834,1.1323821199435886,0.8769739055856186,0.8173957570043198,-0.48513688821575746,-0.3511420015726466,-0.11558170806965112,0.15422253575619999,0.22934363937956262,0.33350394286045526,0.348660700627699,0.5037893982808659,0.48133078241846333,0.5350852084754574
3.951156023238866,3.877923354364158,1.6001510779720154,-1.43669276521281,-3.0359488195771167,3.444237788499139,3.7559063372852526,3.8675279969277003,3.753704348951356,3.698790011417444,3.5862714795336945,3.499454560281451,3.3359840520786244,3.233745411011758,3.1798010117730007,2.9811856387082813,2.8930709668949697,2.7644208522236546,2.641542677114921,2.549432754140251,2.5068502856886754,2.4235382126637974,2.3487077823894404,2.3146971108284187,2.188478253405418,2.078034708565301,1.975972827945101,1.8490477944988744,1.688729962964509,1.6331920320512228,1.5137590228322646,1.4798580908034846,1.4215462812080097,1.3009404350224163,1.2613119590912312,1.2481352877067398,1.249340534034104,1.2019647439815477,1.179735359769801,1.1268626469176632,1.0807308898620092,1.0691581354844424,1.0064272789955657,0.9623682849036754,0.9336623707640155,0.8921141395488745,0.8656315292304141,0.8554934927108019,0.8406618007799226,0.8351002406018163
3.6461507968773947,3.6467098149205683,3.6783811491419147,3.4007575744344796,3.2223643068891605,-2.633408940909552,1.4511640105803552,2.6288768970548433,3.541601352536682,3.526961125511294,3.4777221752716394,3.4140900480725502,3.293386878757588,3.232050825789661,3.1468968126886585,3.026647481427968,2.9204395943805896,2.8624694417844143,2.755087837161405,2.7117651679515546,2.6322973734950788,2.567119117359247,2.5631490619404267,2.4710944402017576,2.4110664103973063,2.3843254091820505,2.3575028833175153,2.336300058953749,2.391359059058981,2.4480005551339525,2.4850089176945502,2.30264416912281,1.9514741584386044,1.818507415133614,1.759669339754709,1.4763591912852414,1.4063745672419679,1.2523335678530723,1.1609760750333726,1.036985063413255,0.946795188053509,0.9191511834456653,0.9099046982736002,0.8762570918075275,0.8755496850570651,0.8666248211673403,0.867709546043764,0.8916557658260595,0.8996324514906877,0.9244730931923225
3.3196116388805668,3.344152967479174,3.3823425420601954,3.3818712397333877,3.3690654810326746,3.2845882711806933,2.9743053904464354,2.564173067492189,3.3075209413207762,2.236233670106437,2.676433645652598,3.151132535886008,3.222289007036858,3.168122007421691,3.143449505017571,3.069024122656242,3.016240692452605,2.975349995114671,2.9141598015702828,2.882978276374703,2.8581874263324814,2.799567440288319,2.7835402509724916,2.7754549560255852,2.8020076959246034,2.8243177941518347,2.8492849095723383,2.670058763410677,-2.8324515961772962,-2.040536791050274,-1.0789309019621116,-0.2766322766744588,-0.10273371362999109,0.04440338467012233,0.30551326069861334,0.4092439359765205,0.6266384014222924,0.74771701100559,0.8173883002866278,0.8746821513905938,0.9899223160570181,1.0555747379923397,1.0864429074101407,1.1578438514038718,1.2022927828652934,1.2055812847905185,1.2358690785836455,1.26499956003792,1.2955863063177724,1.3448324405209737
3.0424412395909797,3.041197136816851,3.0771636624385788,3.1020874124015885,3.0867991192658306,3.1251062759830073,3.113635426452747,3.103747790744821,3.0633742861590685,2.6057855252460955,2.31904475442584,-2.4644762376999725,2.3096139156287476,3.020667025475765,3.0047544292593815,2.974279954472576,2.9366664805906315,2.919097010707918,2.8744356554756614,2.871822767695742,2.8719234594191336,2.82213031862184,2.806726913230981,2.8256054054715727,2.825600855574592,2.8517691032116446,2.847410658109567,2.8247237890337584,2.6049390393012097,2.493015522364632,2.3348288502798895,2.111802096193442,2.0597282041251592,2.0519076321719214,1.9977004141422874,1.9631150658553003,1.8644193579843131,1.9379304906891601,1.8799985174352982,1.8599143838481746,1.8760920395124592,1.8992731847228603,1.9030299896789917,1.8704599698467674,1.8654796294583749,1.8736362812913343,1.8833479069349042,1.8604258415276633,1.9014425099841223,1.9124114290737453
2.782574026335491,2.7727836810564166,2.840221337644975,2.863344749653455,2.8470632275647536,2.888390541287961,2.8926035029580426,2.8934611552062104,2.9199417622833934,2.9056543101769976,2.8948576813706426,2.857004552630453,2.689778137286959,-2.5685468914801266,1.4796062459588213,2.8431826118179075,2.8511977706103173,2.8389290894959753,2.814702520495351,2.792878052221333,2.771207370537584,2.744989210252001,2.7247765591133253,2.7212453079031853,2.708059112655188,2.706121540310559,2.7180363348556433,2.6871053268580747,2.6675866028260082,2.6821615440754876,2.683080988108946,2.7005250641565848,2.730069431684419,2.7198067044066296,2.7249787164969024,2.707131151873327,2.7286187918971483,2.7121266886636786,2.7049449464493414,2.6934779847945323,2.6435950979654343,2.646330467337785,2.6119314529707496,2.5984990575078144,2.587771019187613,2.555851532035913,2.5463698987375305,2.5287322419492924,2.4833013992826514,2.4488353972650527
2.6360264398667725,2.6446198841711173,2.594692629849055,2.3757823380662506,1.901008236513408,2.4293052575781826,2.5396563389134204,2.6169169065425004,2.686828665012729,2.6964858800316884,2.7027058584461554,2.7032778370339225,2.7117249251371884,2.705361180559046,2.6239950973492214,-0.18971075273160226,-2.6137844267223476,-2.3276752413074546,2.3978313083655385,2.5882876496227625,2.6367633900217755,2.632393903701397,2.633371213167233,2.643521721684433,2.622192919065212,2.614698702141111,2.6563996102394736,2.657926488452653,2.6577620601522125,2.6648389334953406,2.6865156040536533,2.6767698964036306,2.69171715134247,2.691786382766822,2.700597435270869,2.7003001697893607,2.6844241019098827,2.7011661731972962,2.7090559065734965,2.7197615796105965,2.7073245788391267,2.693169257942736,2.691373964404959,2.694983514285817,2.6960609603553656,2.689381958092502,2.6706810678474566,2.661528306528513,2.6559464147194136,2.642012085987485
2.4519865924459268,2.4896358688096414,2.6432730424971127,2.5098584640084254,2.5036201168930052,2.5648671378954067,2.5549519042736906,2.5440316434360826,2.558744824251941,2.5602195929560683,2.572935825847243,2.574949653149028,2.58368475742335,2.598387747152526,2.605351257806354,2.571710430309188,2.47740062765406,1.6586913263398082,-2.601160782943786,1.7233259087652566,1.9430202960504541,2.351074634626767,2.475297510736235,2.519868417657186,2.5816032238535707,2.5953819675255483,2.60701800842966,2.6219211276016314,2.5945222550512455,2.587778781075093,2.5910473095509206,2.591059338760026,2.603901554797037,2.609769028304994,2.614936879786586,2.6287756498278907,2.6336311910941155,2.625814866018922,2.631277736024747,2.654158369247407,2.6446176960413803,2.6399009511620997,2.642917908923568,2.636004923018858,2.636971822348325,2.639310840737481,2.638686605734418,2.6444881880942748,2.6405963623283544,2.6377298527663218
2.124122149084368,2.203970288045743,2.3469107408424166,2.394449985469322,2.3994898850149857,2.4722095674683944,2.519847736759931,2.494991770003054,2.535830335766473,2.5598755759022143,2.5504986047576055,2.5471627174129976,2.5682828044808352,2.5554435809043246,2.564571402779651,2.5755583965348157,2.5631066932340447,2.5734524593253854,2.5877059273241816,2.5917931371342866,2.5360277890323895,2.223861248158236,1.8265471055400275,0.16407466388225408,-1.107665603118426,-2.4021700659234084,-2.0249389916084777,1.1910785415836862,2.1605708678373516,2.5248564094374863,2.5936358736148586,2.586642074252949,2.5890690521083455,2.586648291960566,2.584691235080405,2.5863210617979107,2.582641291864853,2.575999378624434,2.5814690687207014,2.5873966829396196,2.588254932611554,2.5900589409713177,2.591215601839854,2.5994452619714443,2.60773671745379,2.6100857637865746,2.6143004273180654,2.614496766791998,2.6156443853924403,2.6205501503294295
1.898581586653426,1.9735502395151787,2.1069113455211137,2.1529315395204325,2.1746906645370183,2.307143670059644,2.33043047494716,2.347383847830184,2.4118532923214224,2.4339771942742927,2.445860891585821,2.4551700526959928,2.521617751491388,2.5305986951178028,2.535822861514447,2.5608977565247595,2.5779885332226207,2.5852825793789127,2.599992046990281,2.6169387035598004,2.6132325676358175,2.6358032871341597,2.6449445386153694,2.6437911702274692,2.6546447745565294,2.5888945333088436,2.167879180254113,1.226019656057582,-1.5814546103961924,-0.23680100341954452,-1.0099854512644573,2.6274348869711694,1.842728931890174,1.589579863345898,2.4700284429176573,2.0153386307464465,2.053522437673302,2.36827643788672,2.450269917761124,2.536452350617079,2.59156180237217,2.5840752203811355,2.54169129940749,2.5125679218780834,2.496184148179305,2.5011383169235093,2.508868520846379,2.4368786793117887,2.56879503761604,2.5813767504652643
1.7445261172346294,1.7952368963745513,1.863900604988982,1.9185768752498846,1.945390341764671,2.0433287051373155,2.0812449151713937,2.0915025826848703,2.138797465408686,2.1979914865504178,2.231142633546893,2.236388522116041,2.3238748396520745,2.324671540494701,2.3599482532236182,2.4279861961962625,2.4478192735193245,2.47728753939068,2.5171155459025316,2.548275456467774,2.5569938030406343,2.579943410900395,2.6066320833916485,2.6541818989130865,2.6823520134598806,2.676955446356493,2.6494631267358244,2.65437170899931,2.6648172650124016,2.6430466036869054,2.6344849704889843,2.5785068477888977,2.6019410824061713,2.6220538096565296,2.3564010722461752,2.2967646880607484,2.0782813558479263,2.3147332766918582,1.2648953959904818,1.2421865852188452,-1.3409042841573686,-2.405019069532014,-2.5114979012581604,1.4039043802863462,2.549297928712211,1.5680135218638882,0.4843432010970369,0.973790529491579,-1.5146164823718002,-2.4445111390348533
1.56025763085257,1.6355065025837396,1.7222998895803534,1.752485365949118,1.7756990685854377,1.8688332603715943,1.8967132081295333,1.9533917537993184,2.0256835648261426,2.072445647526316,2.0908614059583446,2.1255861610041387,2.1916501634841192,2.2242700166124725,2.2881869685076146,2.331480899317822,2.337521531036769,2.341812273887607,2.3933969855013038,2.434116674451147,2.4611458807780493,2.5350182809257222,2.5431450024947404,2.5624373853663203,2.606829302849673,2.6189677921793906,2.5898406295151384,2.5897232783754807,2.620085883438377,2.6140243517895625,2.6045771357564917,2.6074693225300627,2.6214103535078523,2.6355103169975846,2.6244730855352407,2.603343883177736,2.599252926533219,2.5981111596439326,2.5901921236906116,2.5838370729188123,2.5846426014000263,2.517394243737176,2.481128959711916,2.5619724607017065,2.5567095959370296,2.5199330766885826,2.5112578656658604,2.4623904322523833,2.456211640128508,2.4817843475182966
1.4104799291294698,1.4649095670210623,1.5790413516656865,1.6032396303804277,1.6348694838086524,1.687926411144506,1.7368671569783765,1.7652515493518353,1.8818743402867297,1.8973881004371786,1.916297810728433,1.95455502600556,1.9847364808251777,2.019950433519632,2.05498327142651,2.1098069726268607,2.1442405383442713,2.164751747551899,2.2231868067682217,2.2732138575855663,2.3296845070400733,2.3907869948160316,2.423502677615936,2.4193789609399317,2.452704185865614,2.4602316956994903,2.4381690834508736,2.4387332409538427,2.4754723555712257,2.47553724860102,2.475305384053877,2.4996181698856845,2.504091026705864,2.5147367237734315,2.530804190879239,2.520172496218734,2.519003072869787,2.5324013250909787,2.5341251677231513,2.5280348472329663,2.5317192735365532,2.5319989784894807,2.512710339983016,2.51556386846933,2.5145743391240094,2.5071439963013566,2.4994721700560025,2.491150167530307,2.4718815538705226,2.4662336474981235
1.256025204115542,1.2719821408576977,1.3749270664388524,1.4158785401025886,1.4519440986315768,1.557226660452133,1.5658460594755477,1.6039288303343628,1.6851701014190108,1.728335999588857,1.7299472475723765,1.7676228974643324,1.8427734750783713,1.8783422001461219,1.9062605834962507,1.942426177827822,1.9609159755799608,1.9896520385739953,2.0682471509457607,2.0987531804934,2.1271084968532126,2.218003326325742,2.2297968559589982,2.236683953730596,2.277968078324151,2.294676127279551,2.2842559706594963,2.2974763223997288,2.347878805386617,2.3685509025694267,2.393633010751477,2.408322617385133,2.393655313844561,2.403975574045247,2.4277993508498072,2.4229715153394746,2.4242943194221964,2.438819114430668,2.438719037907362,2.409636178499727,2.410773728781144,2.42445053804757,2.424717786000315,2.4344070234755146,2.4329815909279873,2.4196467369227608,2.410005447441259,2.387996979417228,2.3603274170441884,2.338445519646017
1.0877443897068872,1.1572506453350644,1.2667959084773834,1.3286567479602045,1.3357537537164699,1.3997322745624208,1.4430260501841559,1.4992468367884215,1.5451554949169723,1.5848111767802193,1.6181755038032752,1.6333654028607285,1.6751670400395673,1.7315082234184942,1.771310416246462,1.8167621239130074,1.8483194264279104,1.8828795864438457,1.9186688586832992,1.9358767635023841,1.978558127354634,2.0062140541301714,2.043215278661592,2.0856483127915477,2.1946164338564866,2.219417709080325,2.2128895184979274,2.218554408787689,2.2564462975114306,2.2599688813452308,2.2633437198111035,2.2904440444399987,2.286837518064658,2.28970347223166,2.3021364262241146,2.3038725655798564,2.3010685521812877,2.3113157235983057,2.307932689537076,2.291950639149759,2.3258279753022406,2.3327491241729166,2.3266867507639386,2.2935411596083903,2.2795280602864256,2.2389633886708555,2.22894747836845,2.225591387661674,2.2088190527894906,2.1789061355016752
1.1043386683872025,1.1216001243056306,1.1930756077577265,1.2395118258021154,1.2653919635386026,1.317940098986754,1.3512885211462196,1.3791669087358858,1.4599261876973737,1.5073727045909497,1.5184951713230672,1.5345961800794161,1.6214516270748998,1.6530991581159318,1.6752456475117685,1.7134693687198588,1.7363433412160694,1.7530720987196229,1.8064061077710356,1.8401944156859567,1.8574636816531085,1.8935914696570235,1.9509479686540734,1.9889343758146047,2.0106905952176,2.0341191465081128,2.057931912068992,2.072700806045779,2.0917060410966664,2.0910480891220575,2.105297122196212,2.117625381587341,2.119543910689477,2.114908866239626,2.1318470026171568,2.1133837012861294,2.115609514668441,2.131933415091443,2.1261614389292047,2.113744792342607,2.109985632609735,2.107650464656122,2.0924438447181855,2.0771034902372896,2.045723790146333,1.9884606988973528,1.9322882441086362,1.9485000186186066,0,0
1.0250706790181234,1.0755558244716419,1.1482175476010403,1.1752141115000736,1.209999496537837,1.2559487863966607,1.271338427978778,1.302618428037523,1.3194605698529551,1.3491203025252168,1.3986226755693536,1.4258439732676882,1.4720015115707377,1.5094058750388268,1.5647881472830327,1.6037704322905804,1.6130457265891986,1.643531839895757,1.6633946027048596,1.6830481251801757,1.7165538807545555,1.7546847493123607,1.7817543411450396,1.8091030915629507,1.9024582302561819,1.934087888711339,1.9265765031801036,1.9330528846965565,1.9399946949457214,1.9315561844987668,1.9437421253043687,1.965307522008858,1.953055017587274,1.9593224055098066,1.965377482541898,1.9619635996352285,1.9696901312319346,1.9622545264896671,1.9429043392706224,1.906449168087911,1.8932109361753762,1.8690088686935913,-2.62713812747433e+38,0,0,0,0,0,0,0
0.8342968944047411,0.8741943277590114,0.9461280754486964,0.9710281413659737,0.9992123786736972,1.0756031963505055,1.086551479794204,1.1103685255417768,1.200496686506668,1.2301039841744086,1.2734609295679002,1.3018340155246095,1.3654140172707359,1.3690020446891698,1.3998940454221251,1.4394737163563038,1.4672692001605012,1.4892711569118728,1.5477993639695755,1.5703601823003073,1.5786604655428316,1.606054138178604,1.6086065421838738,1.6197627202314564,1.6861690160603415,1.7055407752305292,1.7208995112705026,1.72984088902196,1.7532673230389748,1.740353813531567,1.7393723277496078,1.742351043302698,1.7458923931988175,1.74289327635421,1.7052407889003007,1.6538407779432862,1.6486021533941826,0.56875955054294,0,0,0,0,0,0,0,0,0,0,0,0
