jsons/1312804800.json
{"header": {"parameterUnit": "m", "parameterNumber": 2, "dx": 0.1, "dy": 0.5, "parameterNumberName": "Eastward wave", "la1": 40.97354507446295, "la2": 16.46031188964855, "parameterCategory": 2, "lo2": 133.9931640625001, "nx": 191, "ny": 50, "refTime": "2011-08-05 8:00:00", "lo1": 114.97908020019554}, "data":
[rows 0 to 21 of 50, columns 49 to 97 of 191]
0,0,0,0,0,0,0,0,0,0,0,0,0,0,0,0,0,0,0,0,0,0,0,0,0,0,0,0,0,0,0,0,0,0,0,0,0,0,0,0,0,0,0,0,0,0,0,0,0
0,0,0,0,0,0,0,0,-0.22495773470215916,-0.38419126839085405,-0.51133185541599,-0.5210105475610205,-0.5784715262528259,-0.6142675665423514,-0.6225592473055697,-0.6347459862939594,-0.6369888797106253,-0.6439554248920945,-0.6483850916719291,-0.6691151208409807,-0.671225989908275,-0.6303827404271097,-0.6560473580538179,-0.38037176550960544,0,0,0,0,0,0,0,0,0,0,0,0,0,0,0,0,0,0,0,0,0,0,0,0,0
-0.34402470851154215,-0.2723338714826985,-0.43476559228067935,-0.4537978189071472,-0.49415695116876657,-0.5196047384686524,-0.5601542917986226,-0.636059732881391,-0.6507747309625267,-0.6780310563201833,-0.7201309164072371,-0.7481631608701971,-0.7761718448137715,-0.823600288212202,-0.8361655283732489,-0.8544780446693566,-0.8852253134931577,-0.9041916974250275,-0.9164530811319371,-0.8682778100405142,0,0,0,0,0,0,0,0,0,0,0,0,0,0,0,0,0,0,0,0,0,0,0,0,0,0,0,0,0
-0.6913262261816318,-0.7298871606072421,-0.7476085689651727,-0.7611769243858968,-0.7626704047905574,-0.7730393109708058,-0.791737238243838,-0.7973678503007384,-0.800866759236531,-0.8265230005243852,-0.8554103751491978,-0.8713233849842289,-0.8930286480353589,-0.9044130199045662,-0.9039752830145612,0.12037167387844112,-0.32830805691599657,-0.04222813928153425,0,0,0,0,0,0,0,0,-9.979298637172291e+37,0.13806911984687958,-0.012633642787522594,-0.18638137807486416,-0.18484628333548014,-0.173165704348835,-0.14652565270954732,-0.11959594208597138,-0.025735817794446957,0.000371692082594921,0.05171274498751935,0.27094445061994016,0.45001791951264897,0.5777487531337441,0.8230335415122293,0.8917103315394668,0.9806569887540438,1.149793015766286,1.3123772899050792,1.38342581223605,1.373299369874205,1.5082093197083808,1.488147880135661
-0.8190537424473402,-0.8680445172789515,-0.8982311197756532,-0.9157051113212538,-0.9772039583338423,-1.010781449759153,-1.0295861502037584,-1.092866198844733,-1.1056758563216529,-1.265959192241673,-1.1889719126594933,-1.134445714838287,-1.1231405185515337,-1.0576055593805418,-1.0187924898924745,-0.9673128684832777,-0.9881569300871625,-0.5741083895737841,0.15327278033543193,0.37630319180245464,-1.6581068682396394,-0.36590766794827634,-0.6181491755767551,-0.823468199468781,-1.1474346549654098,-1.2553116051726925,-1.3497380439616105,-1.3530292137837354,-1.3107394154696983,-1.2809454473799473,-1.2747973487883637,-1.0618389621150224,-1.0188327162584054,-0.8069735623885488,-0.4909323042069158,-0.23264741456342375,0.012399325253888685,0.6459579180078044,0.889756163406928,1.1580145482560167,1.6298973009521769,1.8762909238662617,1.9143407890130832,2.19682231862929,2.428558694984117,2.567550234929724,2.6502679282603148,2.7169889060663532,2.6896163151620867
-0.9374312119490834,-1.0131425617849399,-1.033947993009991,-1.0665733922287182,-1.1355694200316286,-1.1676481946647332,-1.2072870331456866,-1.286346484943162,-1.3619243383213042,-1.355578072996719,-1.4188860792112352,-1.4728350385549493,-1.4846345397046754,-1.5375192054101807,-1.5686285830201419,-1.5298899263419745,-1.5866898760315236,-1.6785792979516696,-1.748379529849007,-1.7676319968249732,-1.8867606102098413,-1.9733385164284127,-2.042718217297766,-2.1312857853802196,-2.139269679203439,-2.1268204794345102,-2.2063839600597515,-2.2337379276901053,-2.233834430843423,-2.1933151061670153,-2.197615505885915,-1.8875891565991372,-1.8598710262578164,-1.6462828575312505,-1.2699745772188857,-0.864532195258533,-0.4401441772555203,0.7957672380012986,1.2048986631304668,1.5918464039294706,2.3324137657313555,2.539166743534372,2.779919955015303,2.950397484219826,3.151550575483974,3.238371525538269,3.2788247401673214,3.1587556766949123,2.8824907111934843
-0.9365684982251713,-0.9988029340317002,-1.042361448414688,-1.075906811978978,-1.1439085876911568,-1.1875557048893748,-1.213848939927627,-1.2905953865354232,-1.3230537086737786,-1.3645603927534635,-1.4475400161834864,-1.5166014840405377,-1.553286015024864,-1.665609577264965,-1.7173761097287263,-1.7938899232732164,-1.8610291531932093,-1.984273186195663,-2.0079388075415077,-2.0777449007549933,-2.2026024580076804,-2.209686981413509,-2.2654105736820194,-2.3586427104390384,-2.408284087716934,-2.4353720500495273,-2.541188508146652,-2.5633931722470766,-2.608040694568214,-2.6242936211323937,-2.6486482929083666,-2.6763938947150647,-2.6250671171165805,-2.604352359387639,-2.3656367892019436,-2.107803853867853,-1.8011192987647968,0.7053352907706052,1.8748695625364558,2.5146591831085647,2.836644009109003,2.8840118701052457,3.0179340661567537,3.101259187315448,3.163209168120315,3.3942749742339267,3.408272734538333,3.4180391541808572,3.397507912487124
-0.6860091073258133,-0.6740560094552469,3.1599452425762867e+38,0,0,0,0,0,0,0,0,0,0,0,0,0,0,-1.4540981091509182,-1.5251351157083632,-1.5146262161869393,3.364889255117329e+38,0,0,0,-1.8057760010071133,-1.9613635386668506,-2.017342815392611,-2.174440204446424,-2.2629512075432987,-2.447567999825222,-2.5127083445801546,-2.544930612228811,-2.5899923402797183,-2.5930747358860855,-2.5077287603469025,-2.2942791245200658,-2.3409596373381794,-2.274623380663011,2.2542496387443944,2.4083637295255125,2.3233375100320712,2.4650859578335367,2.5951870864403777,2.670651693370732,2.7907496222452313,2.9248463945060097,2.994710775379852,3.055424081381715,3.173011830329366
0,0,0,0,0,0,0,0,0,0,0,0,0,0,0,0,0,0,0,0,0,0,2.6314647015328498e+38,-3.042507737348571e+38,0,0,0,-1.4952306292959692,-1.8717353915871653,-2.0643371020097714,-2.1299939712534304,-2.0815159243890218,-2.0892422838302873,-2.013465726092789,-1.5716117882094613,-1.670691753436531,-2.0684873863030115,1.2846715437379426,1.853496041340398,1.4263911593668888,1.4802510790603085,1.6938108399411487,1.958438177330083,2.0404457330866124,2.193222338607206,2.3166419347999847,2.3770319878875736,2.425792613564354,2.4704012376718323
0,0,0,0,0,0,0,0,0,-0.4179095541802643,-0.1703632385407759,-0.7826925823217414,-0.8863936860544493,-1.0704491610621165,-1.0752201241027075,-1.1069777325094454,-1.0710560106079885,-1.1273717919869568,-1.1919325074212483,-1.2334721267410995,-1.2475073332609747,-1.290902216858553,-1.3410458285304463,-1.437939266573619,-1.4966273961430832,-1.59461565981159,-1.67985625732067,-1.7021249124727835,-1.691468094405938,-1.7442600193791304,-1.7536395621515046,-1.5534456519731323,-1.4248594727483166,-1.2832778373834752,-0.9181498471475026,-0.638950161610941,-1.2898127350315638,-1.7238382053032382,1.8329121472334944,1.3096366937311679,1.1981018659087466,1.4088067216520077,1.5418001839120654,1.7292594965578367,1.8523424531990327,1.8987750393515146,1.947045237491063,1.9863706578907645,2.006236551756043
0,0,0,0.019961612228783465,-0.4237105938885221,-0.6703199741254364,-0.6933635511053261,-0.8676951601142925,-1.0164377064065377,-1.1477313423357394,-1.2712873828314635,-1.349279501937821,-1.4083049844624898,-1.4888481032778897,-1.523196526673438,-1.5771230940105803,-1.594041428232636,-1.6575802705734604,-1.691654993682859,-1.719520171064837,-1.7661615721758221,-1.8016744819806778,-1.832572017368281,-1.8705718116811436,-1.8951068437876402,-1.8829180416287026,-1.886440095152381,-1.8606061656045787,-1.786282371962573,-1.7197455801401562,-1.6661508806632404,-1.416045381591448,-1.1757677688744335,-1.0831665000641308,-0.7134275453473112,-1.2933155929847442,-0.9236332149517569,2.0553201304529822,1.50199272729294,0.6015512926793093,0.9108433484147261,1.0770830967079357,1.2096898932873703,1.3586333055181052,1.5118272370667338,1.591903860783774,1.6288365300373526,1.6747740584616715,1.7173895111530004
-0.7030690243516855,-0.8270724826390011,-0.9384181088672126,-1.0178620060909789,-1.114359626847738,-1.175294285959344,-1.226247093011886,-1.3128305202376387,-1.3663329289583934,-1.4041224635267513,-1.4842680072360157,-1.5448213882801012,-1.5855438793748686,-1.6350678658868836,-1.6627904168574308,-1.6887172034326048,-1.7130229164518873,-1.7457100771218905,-1.787217879528932,-1.8233424009507377,-1.8886201117046433,-1.8917349298988466,-1.901910713688521,-1.917826662228134,-1.9173455499342997,-1.8637749115589672,-1.8349349259384176,-1.783187921029349,-1.647435415961185,-1.5810157179034472,-1.5080385144330168,-1.3020053969380945,-1.1440802177614315,-1.016284602916272,-0.7119359909071655,-0.4651593960204847,-0.8343944070002418,-1.3848095385404446,0.7092780669593948,1.1097762592256895,0.7936040893856467,0.88613594873746,1.0477538355400005,1.1725632794291247,1.371478094687854,1.419769667150815,1.475784705179896,1.5172340888209812,1.5198215412315466
-0.9627230221136754,-1.0451477239063052,-1.0849539535733157,-1.1067587656376194,-1.193534267037404,-1.2384637044440983,-1.2911614985747213,-1.3553982749263471,-1.3907485850431776,-1.4337285758947973,-1.4890545263204948,-1.5278187713219962,-1.554975320258108,-1.6013270498058105,-1.6316875784790525,-1.6389676364081451,-1.6875022990590913,-1.7397782487526254,-1.7795946097724569,-1.8071043477153566,-1.8512216495483098,-1.8613766517564854,-1.8562763430302394,-1.859814476453765,-1.8521606221787157,-1.787961624046532,-1.7422923143857376,-1.717795754028689,-1.6165441287270987,-1.5287704188917375,-1.4279124697112646,-1.1722372716526983,-1.10221232464834,-0.9673892925791849,-0.7375683743551212,-0.5085513616936097,-0.4918292340760779,-1.7505719185764805,1.5476252031613429,1.3859706575227786,0.5001317599380148,0.6432085738835365,0.7430415736126204,0.8127913501963847,0.9048500826990388,0.9856392114360526,1.0420205892516947,1.1530736882906176,1.1949515141748392
-0.5450983038351604,-0.7065764324442066,-0.7643185740596243,-0.8640999097524944,-0.9795566799494009,-1.0253593487684456,-1.0725368375521387,-1.1293799406552585,-1.1538014039380426,-1.1851774455733302,-1.243778525661548,-1.2683026483741289,-1.300752696874956,-1.3714500949023707,-1.399427010820415,-1.434311566087658,-1.473994423563261,-1.5884264172883045,-1.6357421969837436,-1.6903652230388384,-1.7720987175489331,-1.798582545670156,-1.8067337891156594,-1.8146359858951968,-1.8090444529350342,-1.754122852897466,-1.7079118781393723,-1.644501619005747,-1.5524660474878633,-1.4367069430516801,-1.3743236320849317,-1.1903629037251227,-1.0892565814778619,-1.026669123637562,-0.8314783064221002,-0.7584050034889536,-0.5990910247133377,-0.37632814903472944,-0.7850434961558621,-1.2006222738252077,0.5082176908055277,0.8528413003010807,0.32925492546885043,0.45253251077217477,0.6386960589545794,0.7195572656174385,0.8016252326766119,0.9184997422641579,0.9999604307025257
0,0,0,0,0,0,-0.6413476883568925,-0.8611922901390853,-0.9328067273828033,-0.9722590992196251,-1.0254386537986264,-1.0459695495709747,-1.0765619931944597,-1.16399650638403,-1.2131856717592373,-1.276678847637704,-1.3189457514225214,-1.3887714580488213,-1.4392442002433807,-1.477349395020636,-1.552494080169976,-1.5567398085209503,-1.5459129862104537,-1.54787257879014,-1.5454730957595546,-1.509783493106926,-1.5175334608702427,-1.4796898326931769,-1.415537507058035,-1.3577733434393562,-1.3209427579229225,-1.2272168866558164,-1.1657000075277197,-1.1037074828580615,-0.9594100183665951,-0.8622321943314233,-0.7875708940856139,-0.5942767870261148,-0.49766707168757107,-0.3898789448123273,-1.5807468924122878,1.5834272495901858,1.274449972072251,0.31602445319512323,0.48766740138032166,0.564058347292248,0.6298761693653758,0.7661493896859441,0.827704863127637
0,0,0,0,0,0,0,0,-0.5817709787057423,-0.7381159566177239,-0.8536154536667201,-0.8612814383887455,-0.8869691818006863,-0.9696640489354705,-1.012403661056526,-1.0716198170270943,-1.1371469677616233,-1.237881889084831,-1.2760575942626526,-1.3192679634736726,-1.4029358783000134,-1.4364884302052647,-1.4734547975902423,-1.5224848600900935,-1.5262797210878873,-1.5370850333611177,-1.4988771942756445,-1.4771702209261033,-1.4296844949071776,-1.4139345913349541,-1.3619026543122286,-1.2796669406223056,-1.2194660006344105,-1.1626421416607164,-1.0390524351468107,-0.9596873034460535,-0.9015761632275496,-0.7414985062088274,-0.6757475470038485,-0.5922678657059051,-0.39853787716559724,-0.29771391860169505,-0.2584690714360348,-1.020645620539887,1.5849057746913429,0.8723853194464729,0.4033163263290755,0.42828688936973996,0.495122039433908
0,0,0,0,0,0,0,0,0,0,0,0,-0.18959249279330107,-0.279060840190105,-0.445625226995194,-0.5768053988307947,-0.6942509671166855,-0.8846538078461594,-0.967142170670203,-1.0377498595916788,-1.1545576055064957,-1.2004546364396558,-1.2220952062799568,-1.265352403561372,-1.289879111947101,-1.307189652401029,-1.338789730161237,-1.330274626696471,-1.3257308380552286,-1.317371604328069,-1.2840001388225195,-1.2279572635690283,-1.1512363960662737,-1.136567717629049,-1.0470841703970042,-0.9958846826014153,-0.9133686304465373,-0.7904728044619348,-0.7104293566937487,-0.6741792788784526,-0.5419679031548486,-0.44777803890572176,-0.40271632046476874,-0.36652354439664275,-0.22136293894312947,-0.18935056661713306,-0.9526268891928262,1.4503255885203756,1.05851406017132
0,0,0,0,0,0,0,0,0,0,0,0,0,0,-0.24590492635915684,-0.30977359198652804,-0.5128334403524603,-0.6824755974433642,-0.7872349382401371,-0.8557196291568412,-0.9327953138448711,-0.9742716021024981,-1.0039023602258168,-1.06993090785028,-1.1066289367618158,-1.1432149116602237,-1.210044854572538,-1.2275212963491693,-1.2297082672437023,-1.2330201241499916,-1.2060820172028064,-1.1271822560793525,-1.0774177124143252,-1.0516877918611924,-0.9868050096723631,-0.9595719986307722,-0.9253948060456141,-0.840847477237872,-0.799892094595513,-0.7432146724659813,-0.6522308270519256,-0.5816114733279942,-0.4894737495770066,-0.43833401868477306,-0.28241531659808417,-0.2190702919099342,-0.35400627023463,-1.0152717884804678,0.8210101512019511
0,0,0,0,0,-0.03739356230765161,0,0,0,-0.02630354871722273,0,0,0,0,0,0,0,0,0,0,-0.36971064200873993,-0.6679733051127215,-0.7714511874000453,-0.8863341014339668,-0.9172708349420146,-0.9537169946026314,-1.004263100787383,-1.0386625850179967,-1.0705966360515748,-1.0960905989411642,-1.0822727740280087,-1.0526108620385675,-1.0495431229977974,-1.0366762887179288,-1.027600877047892,-1.0215566283333377,-1.0114118447141207,-0.9231663570697295,-0.8638036073632224,-0.828052064989346,-0.7335720629470124,-0.6764551395765881,-0.6160901457280579,-0.536114367252141,-0.39711550381690597,-0.32761673319982926,-0.23244582920919268,-0.781251796464357,0.7969245541595694
0,0,0,0,0,0,0,0,0,0,0,0,0,0,0,0,1.5498875164827864e+38,-0.042969710772902875,-0.08068179353688489,0.08712250767976155,0.11868195692696812,-0.0032336595446280075,-0.16796434144068548,-0.3558479390094175,-0.4773349107442226,-0.6700603080226712,-0.8440355880693703,-0.9390445899992935,-1.063398481671744,-1.1206629515270956,-1.1242192771198438,-1.086082726285204,-1.0450267720413282,-0.9956124416278497,-0.9246093960018961,-0.9041527431364853,-0.862721486343427,-0.79077749549901,-0.7670797400604076,-0.7530742091855878,-0.7083275433432702,-0.6836137895430567,-0.6510392829680188,-0.5806150274322236,-0.4334384112162061,-0.35568486249815434,-0.3640540630715055,-0.2644819183223609,1.0060973301953717
0,0,0,0,0,0,0,0,0,0,0,0,0,0,0,0,0,0,0,0,0,0.07859950146612445,0.03719907269760626,-0.14981582098697432,-0.32102523772457464,-0.5486410898352462,-0.7206103374852401,-0.8374588676199279,-1.030789123779869,-1.0420530301297042,-1.0556661731427313,-1.0272183223453664,-1.0157988943259713,-0.9870847897884295,-0.9130375579669723,-0.8675698391544765,-0.8396842626602815,-0.8175159137860835,-0.798546229986385,-0.7765986878943436,-0.7167636323359962,-0.6701551160425812,-0.6210079512217128,-0.568270553429572,-0.444933422475511,-0.38307548058349905,-0.3117256488151086,-0.31090952235783403,0.12798967426617777
0,0,0,0,0,0,0,0,0,0,0,-0.07305496252528193,-0.0911740365778459,-0.15152723702082183,-0.16482328247591904,-0.10669619441038547,-0.08329145866460572,-0.07620432740009508,-0.03599174332521629,-0.06523724355495795,-0.11020418505274888,-0.38228401061451794,-0.48159896426574805,-0.62639353521519,-0.2508089372165928,-0.4298807408103047,-0.7605651175297459,-0.889800775122546,-1.0148004337730485,-1.0680140598561727,-1.1211916285044576,-1.073519568484809,-1.0003821686100298,-0.9494049781184952,-0.8701239623703924,-0.8387116489178115,-0.8193323214199703,-0.7275806893950391,-0.6777127681344138,-0.669974862439545,-0.6797524504895415,-0.6639625517140233,-0.6451136226982862,-0.6457995272711698,-0.5187838819713094,-0.4570650594926021,-0.4092105612186689,-1.02706502086482,0.8600821921370628
