jsons/1312567200.json
{"header": {"parameterUnit": "m", "parameterNumber": 3, "dx": 0.1, "dy": 0.5, "parameterNumberName": "Northward wave", "la1": 40.97354507446295, "la2": 16.46031188964855, "parameterCategory": 2, "lo2": 133.9931640625001, "nx": 191, "ny": 50, "refTime": "2011-08-05 8:00:00", "lo1": 114.97908020019554}, "data":
[rows 22 to 43 of 50, columns 100 to 149 of 191]
-3.1937151184110943,-3.2592690877560915,-3.256496206189864,-3.3299820336493173,-3.4007821707378163,-3.4467783843634803,-3.462872566024649,-3.5434532325084787,-3.5650829107343918,-3.5517506851950142,-3.575074702304283,-3.644162867093271,-3.607982799164444,-3.6398323595293465,-3.6163391818376045,-3.529392924438886,-3.575897222389495,-3.54156564644691,-3.426260757920921,-3.3924684755210985,-3.4107255495408313,-3.2799623281736943,-3.1971095673685643,-3.155172897640153,-3.0168273258489293,-2.9211235467234893,-2.9161398999478076,-2.8060051939314326,-2.642074423113807,-2.5842993805308225,-2.4437785755118417,-2.2930308631163956,-2.1740363081418725,-2.0458503009397107,-1.8727923824962958,-1.811029024838586,-1.7147367016910737,-1.60650408538491,-1.5308237766677777,-1.4588183304593783,-1.3759485542036036,-1.3607386613556003,-1.2910037552424276,-1.2952157148510708,-1.2913172782434692,-1.2414472432448524,-1.233249028729367,-1.1590211800411216,-1.0700221700403183,-0.9601708932611248
-4.10185514412494,-4.245360895022261,-4.259499169615008,-4.325536983190884,-4.407674372737824,-4.41693101880346,-4.4804538165598276,-4.553049986985833,-4.574605547728623,-4.592447698185618,-4.705769522965426,-4.691965059807749,-4.737517764634461,-4.721225084583234,-4.768395814307454,-4.647906761154606,-4.650691572062386,-4.546238322876056,-4.418220966295692,-4.441809509173565,-4.367467128886581,-4.267559267087913,-4.1782577551157845,-4.195766417389845,-3.9961026975447815,-3.8400843225333183,-3.734897746597863,-3.664648457508917,-3.482418963013328,-3.337542398523966,-3.231187784393504,-2.9997351120238696,-2.824299954966137,-2.774933520543053,-2.514516183350167,-2.302140105533705,-2.2477187239085685,-2.0605402428780804,-1.9406685484147819,-1.8600378471945807,-1.753927795554508,-1.7298135084806858,-1.6658580879750364,-1.7306752371701317,-1.818035803266848,-1.7636280326565172,-1.7460412936731555,-1.5482706684529484,-1.509112353554445,-1.2952831478628264
-4.925425749060713,-5.115087249015884,-5.180981412360103,-5.278513437564104,-5.379535192145202,-5.459361486175576,-5.4676597767628685,-5.6352773663789995,-5.600322725347072,-5.69779657066535,-5.703373768881667,-5.795774775345823,-5.783370250620303,-5.849993332477827,-5.833421675272829,-5.775527208436113,-5.698153061270652,-5.657202402947288,-5.626307805797741,-5.520734687125103,-5.464679425923911,-5.250354298862982,-5.181063076483962,-5.130279175603209,-4.993253681536999,-4.846182746597196,-4.789379954787029,-4.579565065118195,-4.355887427505895,-4.189330825770816,-4.040355714222066,-3.7645356832979293,-3.548694451121832,-3.368259210983303,-3.0888919964118653,-2.889426986351978,-2.7833561039241013,-2.480944218162223,-2.3842200591158087,-2.1854741355044967,-2.1028327725514013,-2.2263337806891843,-2.1782777622725744,-2.5299279720068504,-2.690284628946787,-2.521968788801258,-2.4097987235719347,-2.0114487637521585,-1.7540997605169029,-1.4044285741061509
-5.935513198949946,-6.293701235286295,-6.368930774488257,-6.555306909132092,-6.759838653092274,-6.91520380303999,-6.916200029002227,-7.17448200210439,-7.197954449255035,-7.31875648524718,-7.406250896322707,-7.430579932714554,-7.408796401424934,-7.440600592927619,-7.422065689113697,-7.347229544709803,-7.250366120219454,-7.236819653831309,-7.105674054828665,-7.004483927730258,-6.982622907975991,-6.738421601089282,-6.691715806123982,-6.440932837094703,-6.181039044534529,-6.074296652805214,-5.879799335084367,-5.6762215005545755,-5.372517438080169,-5.188881821503079,-5.001127723580768,-4.604153011322902,-4.342426568579977,-4.078722758111075,-3.6008918642653542,-3.426490858694446,-3.138844095351998,-2.7418103085908356,-2.520426595148536,-2.2193975456307236,-1.7686930327174333,-2.305330135561421,-2.922340117618428,-2.72174789473693,-1.7623072270599274,-0.5036373210301065,-1.9548633963082744,-1.2725396703746175,-1.3881815994054103,-0.7688401812043815
-6.742264071885796,-7.291889674573017,-7.36119760417162,-7.479202685328751,-7.830569427594891,-8.020298776022683,-8.207496770478627,-8.526371056720944,-8.688851771953292,-8.831313748053041,-9.12761008526269,-9.211272011321455,-9.180869055224225,-9.304693692864198,-9.25505725997482,-9.15074683701265,-9.044658089299299,-9.033283704550012,-8.781121046824046,-8.612465570289222,-8.42983259199018,-8.204136852341776,-8.004240866968878,-7.836123632395317,-7.451751894482762,-7.243627895896822,-6.99415533635827,-6.763357145263906,-6.413371648098428,-6.180660823311202,-5.934597603754799,-5.500387949465892,-5.082979566663156,-4.747688049873846,-4.144108109874021,-3.6505499542381457,-3.222207956726509,-2.498345087055528,-2.733447841934101,-2.9193279396367857,-3.2561616260159347,-2.9150962645013596,-2.200787230006695,-1.8465832313251869,-1.6529078731188611,-1.3626510258214997,-1.2222146028025422,-0.9145370539590069,-0.7536495246532984,-0.5720144837620694
-6.66833783983141,-7.159204109156293,-7.508533487758937,-7.754268981348431,-8.266651189969817,-8.651962660718247,-8.862612452690962,-9.269931392753113,-9.726799939809778,-9.899945380652674,-10.317909297070573,-10.462172787405143,-10.628767729253633,-10.75130522839862,-10.768892361874963,-10.615185426361005,-10.528069638943224,-10.349310513510826,-10.150042856942536,-9.880253622066958,-9.635495145081173,-9.280100753095534,-9.011694313580021,-8.713101268377569,-8.386954487967516,-8.295967971094786,-8.111990597759196,-7.9944653903460035,-7.655859339815475,-7.306953557238161,-6.794878335963735,-6.1537755749694565,-5.864545327923691,-5.366031232169138,-4.525045109146093,-4.138666393259555,-3.7757852270898327,-3.2888828848555667,-2.9929507104263307,-2.724610245201964,-2.3400119941253177,-2.168631603855659,-1.905931579090707,-1.5671492555190913,-1.4000228310655567,-1.2079889014480738,-1.058194932444001,-0.7797613805386129,-0.6119146891153677,-0.47301422056299575
-6.13129733989831,-6.343399660017124,-6.906402496738139,-7.0842420026296065,-7.57637166851464,-7.983496817921255,-8.387882794595203,-8.664438578905147,-9.165568732603138,-9.567702421788002,-9.884126841878288,-10.050373060140032,-10.503644155062398,-10.631184453179342,-10.810316495704148,-11.008283975337783,-10.848357076040418,-10.661526818831772,-10.220454537306978,-9.888619086965134,-9.256983401852922,-8.477333907908536,-8.009726870592226,-7.384643997457626,-6.801058074561441,-6.517401419667861,-6.017618991403166,-5.862047941806701,-5.812919573788405,-5.334290813671288,-5.398962863283033,-5.34579693494182,-6.133453221164553,-6.018084429293142,-3.9441849747146747,-3.4348722094717474,-3.0821718497323354,-2.4350958590219216,-2.135833972184747,-1.8442806837660393,-1.5863592883337858,-1.4185575074144552,-1.2328938923168717,-1.0129546454955851,-0.8569671072395996,-0.6804249432562941,-0.6137809346762005,-0.29479695922336885,-0.2326719984877363,-0.06460228357554255
-3.7414913987996576,-4.007995944492766,-3.940638048317633,-4.0017731828276855,-4.095410249717894,-4.2134332090950695,-4.450645979638177,-4.6548309376188834,-5.057724965548735,-5.332162230118314,-5.567632277252709,-6.041496735232047,-6.808691119231946,-6.951475707046002,-7.301367845757694,-7.939822956911141,-8.212756515926502,-8.371820373698512,-7.920826020399843,-7.6905227731670145,-7.51497136976123,-6.382195950354497,-5.55060390844927,-4.668429548300967,-3.0610726377194744,-1.9444902429769988,-0.7401451816496377,-0.01731608129994044,-5.5088742724904165,-4.137450916566511,-5.746554277843726,-2.690720500696872,-2.416407719784972,-2.0848838270559207,-1.6050556232695097,-1.4376690888438377,-1.0490276661952695,-0.8218464345057765,-0.6655713761808304,-0.5425221013830597,-0.3710710749026935,-0.17746076331404897,-0.10269109484213719,0.0892660705956237,0.30586517697597826,0.3004014841783252,0.3718904457192636,0.490807476081201,0.5632979285234802,0.6942879997442527
-1.1439937199595749,-1.10485836231048,-0.7624931036675654,-0.5172406052772603,-0.30637936900968793,-0.07225507854417877,-0.12955122117718115,-0.018693179223982455,0.39056948904729566,0.4812305484034507,0.3928111325728935,0.6568249646283589,0.9679539277409938,1.0561114342625721,1.0509071874273044,1.2755474829767275,1.1933199386369715,1.3291214411867616,-5.470566708604596,-2.8934772118513368,-1.2756883990492838,-1.4122574297335455,-1.8886874669490352,-1.8006127225323036,-1.510784914024529,-1.4775064547668524,-0.9900090666753021,-0.8567918352527789,-0.3828528462247549,-0.2277924532926298,0.047368393309949096,0.34987103151462895,0.5672731941227408,0.7038803283174025,0.9066324002834167,0.9815564679945445,0.915982048445453,1.1262551020891356,1.0758239871452144,1.104591785407603,1.162620639499855,1.2315230427913246,1.2188500319629392,1.2386376907065086,1.2557556782163906,1.2452078676144065,1.2829091525988863,1.2766420238242577,1.335480832228619,1.3691840355049745
1.266587689463309,1.4697011702826748,1.8828684474152315,2.228956012029916,2.440397459807217,3.1866344613447164,3.451088047676503,4.068193840753017,5.053077241838695,5.2099410225055705,5.768522841454032,5.908957286758861,6.757354550231175,6.9314084054607275,7.178460037120456,7.363136896002782,6.91131586966467,3.9245096833051685,4.9839101558200065,3.927308110326647,7.026510326597998,6.6262785898557155,6.298252719345266,5.779882716817049,5.117985170132293,4.704999239905749,4.614344022309695,4.402837671261018,4.137702051196144,4.112587646022983,3.9464941310620283,3.722459800693623,3.653787657286775,3.395735609099413,3.4199190086807048,3.1939713582643323,3.1632034930180124,2.969866862807077,2.925310296099232,2.891407245747803,2.736293426222697,2.7895602056771343,2.6421771323207617,2.544813191723056,2.6161595445963015,2.499482148468034,2.4825676333233218,2.5402263600005526,2.397393942873405,2.3279299780388136
2.5532740432356955,3.07258553020105,3.8373640966727303,3.318460354384533,2.090896107172816,3.592314722059357,4.171441092161034,4.855535870042985,5.860003949140141,6.359641193098646,6.834254292070631,7.042398022636675,7.632375140463403,7.8884437913487995,8.016613516034129,7.835376113261997,6.810430956284871,-1.1230224475711033,2.0865430156811335,6.060034167870548,7.76339659403475,8.0201709785065,7.959136667959624,7.851509249880689,7.523949105980735,7.397609414389496,7.215857961973173,7.021353708934685,6.561755056303962,6.416466012833845,6.204976560401666,5.8913783546445755,5.552018913086162,5.4285015353752195,5.1921181443547795,4.898718611558201,4.6795537185450415,4.578499149689479,4.387012217982488,4.2478290842534925,4.084056723169616,3.8855858728618893,3.834371021086736,3.737731214856715,3.6270333195090942,3.583866271772948,3.5691886376481903,3.4350950753173666,3.386138979021384,3.416457791979111
3.242504269456561,3.5397391792398354,3.9713694090379925,4.169415097331475,4.34436416312168,4.664189415254754,4.862780401455886,5.169350551325369,5.826227918938046,6.047199451191724,6.379077164029222,6.558145058986148,7.015740503077203,7.255640977647263,7.421760937716879,7.655886762901714,7.596149326090848,7.395338092491888,-3.709881179585468,3.236031569512197,4.66142282170277,6.9151870887635205,7.231869384730079,7.346983430134846,7.4470100597393785,7.420170912910387,7.260988973843015,7.1356192728579355,6.898180590992264,6.685688382088437,6.582118983215473,6.219759219207928,6.079626740921689,5.932654905896549,5.6123893847201485,5.512668642193218,5.326770015006716,5.168945909387753,5.046289833307799,4.850933242551508,4.76625417241961,4.650959390179491,4.48360409852688,4.409273188899451,4.33014068381182,4.196734798926813,4.165199956837718,4.091141217153041,3.9871937167082687,3.9316057593417075
2.96593463669496,3.2679112034262,3.593072129269909,3.7584177030392425,4.038254942369388,4.410678917750845,4.69424610047292,4.884933001275901,5.342784352602536,5.562260776193268,5.733153967012224,5.984789048860326,6.2772488650045855,6.457879298642869,6.5825443510246195,6.789460217693678,6.943229949516379,6.99652949991401,7.092436418037218,7.1867646235899745,6.555891810616196,4.096796283010959,-2.293543643439423,-4.12805027348603,5.753507136134748,6.122695281373525,6.569709033772731,6.6220549288884145,6.720078787770491,6.559708684743944,6.465790169565086,6.348441344919395,6.210575263945283,6.121241420177989,5.951260912787409,5.795187926795902,5.704999672455334,5.630415396673423,5.506186164667501,5.2945681127174575,5.232574319775307,5.118955244267916,4.92578352254592,4.905000280957443,4.852381156712737,4.737455206814638,4.67703309929769,4.603417709863934,4.472098248850518,4.410779460384017
2.6887992396094313,2.8978464880550145,3.2332065254450346,3.413976599184184,3.6561348507138023,3.9062645191320144,4.04678161487786,4.2410292377644945,4.5779824924362496,4.7153590698917265,4.948662226349835,5.029764029162362,5.334010182873129,5.5056603106507565,5.545829268363901,5.812363518565709,5.952413091922873,5.988737317384449,6.079785383996314,6.1272741652920395,6.2176696436489625,6.116586556749806,6.304076522209735,5.6109688342837645,5.731268711494502,2.6474402350084594,-6.088906398596736,0.9053782111618005,5.717854875208501,6.049474850779641,6.150247222837721,6.062609440586749,5.988425636141295,5.877036901586063,5.753655244811742,5.655080524538589,5.582282895060763,5.460819084977398,5.398826746904819,5.29409165958263,5.2013516396164,5.12323743622558,5.049826024188962,4.990114716627313,4.885993401817432,4.8026879036142045,4.7528727494939655,4.719266557710611,4.582522820576546,4.572325091071535
2.229510475644022,2.3961764294657852,2.6158972633957256,2.80232667093309,2.9492752658658947,3.2521880988947833,3.4170747769262686,3.6490459909858752,3.812046283351488,3.952030911496649,4.152815891346178,4.210459730233862,4.455203313752622,4.516658301590708,4.670318721532357,4.956739752430311,5.013827345898351,5.12099477524046,5.233633538759219,5.330429711629497,5.328700380517139,5.471088210301603,5.573145622567898,5.639347328744143,5.266310479899714,5.244987345790017,5.36756828600012,0.5610674108969873,-5.002167965111095,-5.803727942931861,-1.5129154159799294,1.4340027541311984,4.649507406261188,5.416700457637642,4.01877216664611,3.961561789720741,4.138967503454994,4.7149207586584545,4.274381340506366,4.44840556178991,4.3295241163055636,4.280468025450938,4.6850103518351185,4.83561558221898,4.85331968688176,4.824578027084733,4.7841284123899595,4.736838306523273,4.528693800901254,4.615859273211105
1.7396723612183131,1.9092177879988756,2.1410763317153174,2.2815754359606317,2.413137297536121,2.7225440995509937,2.786501985712718,2.95287154169106,3.1043385946711703,3.2576270051629064,3.3994076430068394,3.5171343489390976,3.7215842315228187,3.821742890508956,3.9529323901210915,4.055473938831279,4.233187060002623,4.2987671105555885,4.4121037373601935,4.522938701232598,4.579992029702162,4.72937738676736,4.797881086593955,4.838684557990654,4.91070276493113,4.943770287821172,4.9713657627387375,4.99438822257394,5.0575394459150775,5.029146406741618,4.6634565877111,4.413785427464325,4.39875278733739,4.701598669260339,3.578498836353524,3.100940487314671,2.3621336785402787,3.041682845149549,2.8299784951262463,3.6521610264094178,3.850258863493186,-0.7616321863058567,-3.495928000819002,-4.412953203821717,-2.1426057104665044,0.9086803682893341,-0.6629808899261084,-3.757152433583962,-1.9839880477944138,1.3188147268620822
1.3913253255378555,1.5063356780207828,1.760778797466138,1.8513051834947698,1.9888562465651842,2.12354544757136,2.2425814871625227,2.3504132478754856,2.589609106250805,2.653269737624849,2.756833365096719,2.9038986927984505,3.0046612459284785,3.133544717959454,3.253510134951509,3.4119752659712734,3.52816253290437,3.5673003818864224,3.6795061772427466,3.762352888883251,3.888431374994342,4.0175031519805895,4.087203757072671,4.100157273879395,4.226986598235458,4.280284380024889,4.225906784189129,4.2274206828762315,4.347676559374684,4.380532304730396,4.371926157038472,4.416715266041985,4.3997831464845865,4.421753258776971,4.451835977831485,4.4339338408167075,4.43425166637506,4.4238741231263905,4.407157931702275,4.373780319157351,4.374162635003503,4.368347622830722,4.311477897830785,4.181254069195849,4.256331690583352,4.26505110018667,4.104242110366249,3.758574728548585,3.702410774538249,3.6964683185090985
1.0504963660930235,1.1427562106583449,1.3627342440280925,1.464516505666791,1.546862824286067,1.7217089168828792,1.7638804425855938,1.8958144037069746,2.0856379731444346,2.203471875818868,2.264052994463994,2.3221653402797835,2.4677961712375223,2.576487883003764,2.6448553827517687,2.7666038073852897,2.8527969003957447,2.9258198102107533,3.0999555760468382,3.1539867802840034,3.22043489987955,3.4080896168713326,3.4362311330758493,3.467342583782357,3.5883625376134103,3.6506096892007105,3.633942220448373,3.669541155255391,3.7843338751419435,3.845680388947224,3.887627852466026,3.9078138945270395,3.894657157165598,3.9276805727046282,3.962072598262624,3.9327929784941453,3.9439490601447793,3.972691134865804,3.9877391345160365,3.9216358156177527,3.916922527739678,3.939556402896858,3.941731435651758,3.9465027660508456,3.9243967958164547,3.8943159853218194,3.90604373358301,3.8750942805219686,3.803002919987696,3.740431750321289
0.710367326257407,0.8478029099997904,1.0093011324884409,1.067049915879057,1.0972951474908395,1.2910089500077235,1.376893611256437,1.475529201980243,1.5467156101482546,1.6548958791586614,1.7957551808354582,1.8576714312818823,1.9476478500211936,2.0718028434556928,2.16545733142483,2.269828811352727,2.359834748770216,2.4437438127521,2.5301439845742553,2.573525957521393,2.67361370350161,2.7528307550521878,2.7956808442786842,2.846249207069369,3.0234900814619103,3.044026289108951,3.0551193618680776,3.11290976172228,3.2239252021065004,3.1961311019170395,3.2014541080616974,3.3354716091228105,3.364645349631371,3.354846311055908,3.363703567260285,3.416997263430301,3.4385784325316746,3.4790937368975405,3.476940721767192,3.441454232548726,3.5341835658629033,3.5594219545846357,3.5561596309065973,3.500981839599768,3.4849285394452023,3.421842593719974,3.4038814002499618,3.4066475454860354,3.355736259240235,3.285351047681486
0.5676502062863442,0.5848557825164584,0.717328814981531,0.7925663146911196,0.8434586715428034,0.9540120704628754,1.0297662679101995,1.0917011351692634,1.2101800639741198,1.2926027671263043,1.30311722655262,1.3590007704389857,1.5326073287416766,1.575561764319857,1.6165373588446728,1.7654548074236567,1.841608419646722,1.8802980999400856,2.003909414886921,2.100330065497789,2.1499812063345396,2.204596616032777,2.306350758532996,2.3524529221790864,2.3675527199274753,2.4391121721199287,2.5243605559597566,2.5682645125018553,2.6206886606184177,2.6494632677554217,2.7206790464335513,2.7843554088848443,2.807529881339306,2.811765254134933,2.902047727180079,2.889414565164715,2.8946490446823803,2.933913728065558,2.9211008330697337,2.902561659910721,2.9355758217377437,2.963752167333148,2.9794608262879847,2.97690279743712,2.927248794282001,2.8168393065451434,2.7147713078743316,2.737039148229097,0,0
0.4129641755837476,0.4765625507192419,0.556129406703976,0.6015941177345784,0.673133178026189,0.7479661074592349,0.803378615428149,0.8943536667945783,0.9615520061436471,1.0036348175838679,1.0854424219447099,1.1352383169032383,1.2116773380594283,1.2631292422689522,1.3343358114150934,1.3944449619679657,1.4551586138944603,1.5433018838054344,1.5948749869930656,1.6329572323562414,1.7105145999634095,1.7988382649777133,1.8581809916921022,1.902317419083972,2.031918351246174,2.072375813691852,2.08189949949534,2.1434158824758067,2.189987366560356,2.185892522628406,2.22919715657405,2.3262044081792914,2.3402550274262923,2.3761082368779483,2.4351579772539953,2.4790042673685595,2.5160009077289285,2.5085684763152516,2.488869739174937,2.4484750352855347,2.4635813310322816,2.452141924672525,-2.382811055224227e+38,0,0,0,0,0,0,0
0.3027781280940801,0.3526010886419758,0.4476409297789262,0.48509473650595725,0.5169462552720622,0.6184682804180648,0.644748609065713,0.6736113660502313,0.7777503300613384,0.8131328795198778,0.8759773019981274,0.9243753607149967,1.0242137584489708,1.0319540866374584,1.0794081609518926,1.138995099852576,1.1986394899003734,1.2361993580146962,1.3341866916144238,1.3771263179925979,1.4015276986127578,1.4882198697597158,1.5086986578011141,1.5366221033374665,1.6402019268661425,1.67837729745016,1.7080604535643076,1.7380222215420948,1.8168947266434061,1.824090728686342,1.827729943195464,1.8652112017314202,1.9055099674203082,1.9263012525880887,1.9179268279420838,1.8707892626234262,1.8711176596346661,0.799903878226535,0,0,0,0,0,0,0,0,0,0,0,0
