jsons/1312732800.json
{"header": {"parameterUnit": "m", "parameterNumber": 3, "dx": 0.1, "dy": 0.5, "parameterNumberName": "Northward wave", "la1": 40.97354507446295, "la2": 16.46031188964855, "parameterCategory": 2, "lo2": 133.9931640625001, "nx": 191, "ny": 50, "refTime": "2011-08-05 8:00:00", "lo1": 114.97908020019554}, "data":
[rows 22 to 43 of 50, columns 100 to 149 of 191]
1.6473116392874358,1.4964573833103225,1.2379392585563138,1.1700587975531245,1.1198457097590546,1.0280114304387424,1.0219899097756946,0.9985120779031031,0.9938032124883804,1.016650950451293,1.0216392799152803,1.0477613486144246,0.9984202926753205,0.9857114000213718,0.9894391666072769,0.9767503418276807,0.9882507232883232,1.0013266004474652,0.9896494758654077,0.9809837968443885,0.9617049709219582,0.900487070725153,0.879945557409499,0.8593443363020243,0.8702963680828855,0.8966186598484066,0.9357801064209545,0.9988105248493042,1.0433513520327615,1.0672906962522986,1.0900004337621667,1.1108462533839003,1.1098599394536504,1.122581287848422,1.1181641304447258,1.110311922502079,1.0838447834370275,1.076096705931977,1.0639740042731727,1.0506306730735984,0.9930245499824654,0.9671891346292448,0.9278565480126747,0.8683173055879215,0.8217358885192003,0.7881017142922857,0.7341753088516422,0.6776705847143251,0.6431903832240217,0.6124043994474109
1.843480486889752,1.7842256236658938,1.5780061650308563,1.53839199530017,1.4390165923013407,1.335481271452587,1.2603586839657843,1.230442527462732,1.1628501564570493,1.1636233566640126,1.151499476714392,1.1060113722216462,1.075307970698206,1.0620341515510663,1.062721593974599,1.043879153362492,1.0563431460202828,1.0773614803949645,1.072840158777645,1.0699323159865661,1.0476351216286945,1.0060620427315097,1.064114986885866,1.1494297967199554,1.1690671351061914,1.1990836787576034,1.2177327092078318,1.2572374385869851,1.2898919017422525,1.3041187913920371,1.3093113084581482,1.3320637807234161,1.3420640147374137,1.3434058334625059,1.3513951497975376,1.3300394647171312,1.318600048848405,1.2803162883262,1.2514167704379036,1.224823397057824,1.1672280175747218,1.1388295967534041,1.0982110570789976,1.0141769752736385,0.9794923064632155,0.920047885051799,0.8849748036187758,0.8011536279755478,0.7551192809169119,0.7258461170780266
1.9318493528551697,1.9226836211526595,1.8352210830573776,1.8091804732948324,1.754288773056278,1.6388126641863794,1.5966468266076241,1.557440214036011,1.4650312627004363,1.4189995045376276,1.377181780555732,1.360196852556437,1.3468540570637553,1.3243345236410196,1.2884736751980694,1.3025020109678604,1.3235915502681128,1.3337636143321903,1.3672381777491174,1.3989488385264575,1.4470767421543007,1.4743932658657646,1.4822662845683587,1.5139357615957836,1.5502272998896258,1.5411474490337247,1.5417712995135038,1.5543842996814123,1.5599983563811977,1.5716873658049675,1.5671028278658616,1.5829554598689863,1.5593907645572578,1.5488036133295338,1.553124159872063,1.5498930283414112,1.5438243167959251,1.5498287406890074,1.5323589506608584,1.5002898082689806,1.5096574585842948,1.4730306822971684,1.4173559978360282,1.3684824066893377,1.3060198921660233,1.2562761870490449,1.1865215592783174,1.0517148911568508,0.9649268088051192,0.8837490910373632
-1.5623747745005576,0.9443808404863513,1.7784296892793923,1.8130288976461126,1.8404870291155326,1.7913622455189322,1.758723311948747,1.7484070007471206,1.645277095627791,1.6087510941408805,1.6315988775383596,1.5678825470753774,1.5122080467860557,1.4604293938188115,1.5135122882908738,1.5512961177377498,1.6085767309708927,1.6237309596888645,1.6448072498731132,1.6603992283248323,1.6600134753232947,1.6667659912766823,1.6622988561327465,1.6472504324301442,1.696381250738094,1.721523689041799,1.750467376239315,1.7728250157393972,1.7665530554906692,1.766207030182584,1.7666905880508335,1.7974923382340393,1.7566191151753823,1.7290407419587241,1.6787660246021285,1.6584633149609607,1.661141080045672,1.6691274174623294,1.6743170156208345,1.6664078207134463,1.7584878115761822,1.5531632715681594,0.3885625741111817,-1.812963479679778,0.7614017196893498,0.8590484831823887,-1.0126842189052945,-0.7349363165019183,-0.3916086317992495,-0.0735623932856969
1.4345734892416844,1.881503510505135,-1.881142885478282,-1.0101260141413462,0.939681947812164,1.8489141314197994,1.8589539070961538,1.9255698648990554,1.8969272649065756,1.891738116681014,1.8867556025787573,1.8785083445465434,1.8248473120443223,1.8205937247434796,1.8001828621207678,1.7619848063893497,1.7459773606078168,1.7354391697529368,1.7019191623277992,1.6990093897801308,1.6869408914676804,1.670404413433533,1.6532078642787664,1.6519500167291599,1.7138330965576494,1.741617794655039,1.7823032974530093,1.7901142583907093,1.8111906310394705,1.8229172298621967,1.8389984560733632,1.8526366040453603,1.8510814039486425,1.8577703884843668,1.8665565116330527,1.8776942728791808,1.8838166137994699,1.8900235431623527,1.838075525942179,1.8337134848821484,1.5449008769909336,1.4505425998578378,1.3546320192527583,1.152577559048085,1.076292422611902,1.0048795599758957,0.9236417815574185,0.8966081730834716,0.8100217996349951,0.7985287238701751
1.8137728414729866,1.8224745409706529,1.8341160710953577,1.6433943985394588,1.2044853120154657,-0.8328671440778601,-0.8894195488233457,1.3639691362884143,1.8313297346914563,1.8897097694733251,1.8928701252525884,1.8765177346755952,1.8456007689491725,1.8439050204862557,1.8419940715799676,1.7823606883980614,1.791744626355857,1.771045779578051,1.7569478892549768,1.740455053412291,1.7519123482383292,1.7583458936752954,1.7491698464381724,1.7591160783861812,1.7575554737171843,1.771466060292531,1.8028325242374472,1.8313488814806307,1.8472535615708487,1.855105401400682,1.8449942780765094,1.8431752288194325,1.8625182059287448,1.8769864762444377,1.8841235621259445,1.8579211215131135,1.8522919223746586,1.8245752163067728,1.803955246818749,1.7642721159064947,1.7082060167543323,1.6766801043990056,1.59617439219901,1.5177266391641508,1.4967069834720081,1.4419666226725734,1.3885226584463335,1.3362340572746256,1.2999227716208712,1.2662368391695213
1.748981248674479,1.754574341451245,1.7750333815754429,1.7218551364548456,1.722551734710048,1.21799109455258,1.419751428233025,0.4288317120151531,1.76338778854237,1.631629670388264,1.7705845393218522,1.8506388110336742,1.835824002447727,1.8362966637352844,1.8214771784374222,1.797045073917172,1.7930100634902626,1.792844315132479,1.794264332600274,1.7965305720697817,1.793161610204638,1.8126397650213186,1.8297296033944694,1.8292081986640358,1.8274371510859537,1.8299306713486991,1.8455927876435037,1.8784722961276967,1.903685245122764,1.724740551731522,1.3110662237716721,0.8610068708897931,-0.31041023830161324,-0.4717712053330962,1.8289017618811583,1.9293139835889404,1.9110121062881233,1.8664297627510278,1.839849250183248,1.7966264126968046,1.7723615603314427,1.736171916509099,1.6969508107247888,1.6412299806503414,1.628463297666028,1.5699300996896683,1.55661857081799,1.456821468912851,1.4333156754279772,1.3971387310306553
1.7057766370129335,1.7281367352921135,1.7410826584403702,1.7493516843109342,1.7548344145426082,1.7627186503360353,1.7112291007999092,1.700818671917663,1.7947618783037038,-0.17697607153554185,-1.7724505862490356,-0.7588309487090447,1.7537929959493765,1.8173548266775184,1.8217477630835066,1.818497459619538,1.8232323499591134,1.8305867239487528,1.8350673017693369,1.8428849603530988,1.8706845510799321,1.8819131458868268,1.89872667565307,1.923959528262641,1.9104957515151324,1.4986107057409104,-1.9353994977728113,1.5563735990073346,-1.1909093102265944,-1.2827997030478435,-0.6585024740498087,-0.29414385491749656,-0.2183310785844199,-0.15082526716343203,-0.036441591564051544,-0.001327231474156441,0.11573491283528181,0.25625069141906953,0.3853021305761547,0.48225262869429286,0.7764044201877647,0.9210765286545498,0.9538086789336347,1.0148134923277208,1.0626091959824764,1.0867992428512723,1.1138049834716195,1.1294436105759866,1.1130299099457417,1.0745331400758409
1.690054063014647,1.6903208853777023,1.6918966539191866,1.7142414540212692,1.7120898780833727,1.739971409467417,1.7505567384524579,1.7630913792947887,1.7747242544211501,1.7789143597220183,1.7919030561237312,1.7592604616849643,1.3331697703547414,1.7992581527848166,-1.6288773440227144,0.6236426136724517,1.3886716174097633,1.7581864858434677,1.8170425522256948,1.826925245929466,1.850892988981105,1.8504001634218286,1.858749134043453,1.8790089962766001,1.9078804756032781,1.93216043613001,1.9454933941837984,1.9516749395351474,1.8415323730545068,1.702463781284311,1.4864284426341667,1.1442135095150603,1.0625429999641014,1.0370639327363855,0.9554607577466889,0.9056257471234866,0.782570822655317,0.8039603886456937,0.7816447277773584,0.7685833481591928,0.7473667123107947,0.7673290366824171,0.77494271065124,0.7700215061432005,0.7545405675805332,0.7634383736501658,0.8075116924944106,0.7874785909706375,0.8494792847255628,0.8814259348632802
1.6295044348480332,1.6274192296411139,1.6534984004772904,1.662787384950267,1.6638980186058339,1.6864205618170476,1.7055602658961955,1.7143815465318064,1.7335791459066276,1.7418517851983957,1.7465890829987196,1.7507038005251006,1.7569491645081285,1.7663750371814486,1.772936568873411,1.7861415689463387,1.7883965473375651,1.6754577889615065,1.308821667503155,-0.7082753995829041,-0.5387029714676946,1.244148434814411,-1.4723654013266572,1.4024512532554323,1.6380563286244534,1.8020962871091202,1.8736099114133815,1.8779231398518414,1.8934030320620303,1.9217529963744933,1.9328029090341685,1.8910823116117008,1.8756246854526422,1.8964603539276852,1.8776336841070744,1.8350451510828019,1.7967236763396723,1.745814869906014,1.700050756312129,1.6599537587333928,1.5692690897249533,1.548178431844726,1.4885472667302637,1.431300174379271,1.4174482487788467,1.3730826932883444,1.3646335446332645,1.3508414250772252,1.299541828952337,1.2466220827720402
1.6205717614996902,1.609688575082861,1.4846316772444634,1.3124983883791457,0.8938981765680829,1.4037532746837786,1.5069707585294085,1.5940653691269335,1.6405170313642314,1.6595171606592563,1.6778085382456422,1.6836972258882335,1.6984816077380813,1.7084399552474065,1.7130120768927541,1.7244022971450395,1.7262915097565386,1.7319564864782098,1.7433253750655506,1.7463334436310782,1.7503486928649734,1.7552041979559725,1.7456981897779376,1.70766638895026,1.3264183479965121,0.4383359958822053,-1.801113986743251,1.108273650601634,1.245772887735132,1.4987597135341193,1.6768619953512696,1.833663862590523,1.835141346071647,1.7635320341990603,-0.34203556815286595,-1.2162429335406173,1.8185190059793768,1.6843469707298897,1.8014038284245966,1.8223536362196064,1.798160583245283,1.7735387378576166,1.759672597778923,1.7415788040552884,1.7315128657913947,1.7163304361762124,1.697028563858935,1.6665715684667606,1.646731564623878,1.6336996646824955
1.5694801064356756,1.5836341121149256,1.5949431934934821,1.3820778857659926,1.4033595542040682,1.5590529349025897,1.6054972569242218,1.6085191317501553,1.6053429618617272,1.6108931767455026,1.6266883544403559,1.632711573128798,1.6513075184429442,1.6589870657824553,1.670591034726578,1.6948973889642764,1.6961743611624587,1.6999710285587806,1.709880353676091,1.7167132123099065,1.716153815718436,1.7197658266131168,1.7218509663158605,1.7292264872018035,1.7334909237626428,1.7425807262449566,1.7557387970282856,1.7651376761484567,1.7681515940737176,1.7753082717094364,1.77424233895751,1.7749850481046714,1.783971124551579,1.784646277580098,1.7597364944982918,1.6588623409043164,0.9195797860320994,0.6489705212613911,-1.559578167625986,1.0603299081612962,1.5913769129771294,1.596595864767485,1.7267720514145708,1.7388766771809776,1.7280471928809216,1.705314407172783,1.698739354007452,1.6921449699860447,1.6786135760994771,1.6726355475744557
1.409989000756354,1.450178153410673,1.5342185021036256,1.5659453428351138,1.5671124848330382,1.6027453905988585,1.6184638986000546,1.605657425377693,1.6116702919134838,1.6139189814205797,1.6217000158442467,1.6249997597188575,1.621964442227524,1.6193841525486368,1.6195950401595103,1.6428752227043786,1.650784178152167,1.6512814822283597,1.662554095307183,1.671246226091176,1.6743350811693707,1.696648397901299,1.7098190016547476,1.7122097587891978,1.7194418514419412,1.7190713781471276,1.717631326684827,1.7169838338090855,1.7232067868537748,1.7309736164850205,1.732737104911738,1.7348513555981655,1.7326005657173156,1.7319436457952964,1.7299378076630474,1.7013671238659744,1.6583234181140383,1.1571753333724644,-0.20070956172481394,-1.7153093186305073,-1.5626432175463503,-0.3410629741536234,1.2855291304204464,1.5310435383828862,1.6847977898842856,1.689703504178258,1.6893069587878549,1.6815530977244029,1.674615678443508,1.6743023236245995
1.330106415976054,1.3752505867853018,1.4257566387333471,1.4548136082707368,1.4668422985172838,1.5296670843708438,1.535213517245673,1.5451677560404524,1.5739572906576131,1.5859657930846838,1.5844344444504301,1.584189738072039,1.6021555693024097,1.6057109581642652,1.6083458079159259,1.6320301648398414,1.6448246957643058,1.6495735546875843,1.6525319206060378,1.6602657847664153,1.667594138770323,1.6809776109811125,1.6883187496211929,1.6871923721681568,1.6964050137099644,1.701707665523382,1.7031102668968032,1.7056029216726307,1.712377272218469,1.7124522446703996,1.710645799298303,1.7092028911365154,1.706393902549531,1.7063427405811742,1.7063130237045474,1.7019321532927103,1.6997181744988101,1.6982188568042151,1.6815648802665804,1.6032855291433468,1.5860358603689322,1.641652375912378,-0.5764422808935807,-0.505360407464738,0.30000897119256537,0.2855821613770289,0.48250400194762405,0.697324623535355,1.5898454179249863,1.6572994406484791
1.3105737119417324,1.324947549986643,1.344835876574689,1.379521827208603,1.3921021471144792,1.4621571218395308,1.4934696379351249,1.4943925073892328,1.5286923968415316,1.5399753559532647,1.5404953353289614,1.54009051308663,1.581014724563324,1.5829960222939286,1.5891746159694904,1.609424818183928,1.6113761882425655,1.6159104622701617,1.63389713816054,1.6507788014132034,1.6537097003718322,1.6621650319938024,1.672579540754245,1.6926616353752646,1.7020705733484458,1.701191128091159,1.6957829032828262,1.6988390910443032,1.7055763997769924,1.7036929798125573,1.7104069519428073,1.7150588947770253,1.7028773146958536,1.6995821342157744,1.7006927547229407,1.6943512544720258,1.6893490213902365,1.6814525198842027,1.681603552718091,1.6808010662391202,1.6362059137012648,1.6045394178404204,1.5742809377899483,1.627070948402889,1.6506835986171968,1.5627501834279807,1.5420595436473945,1.5760694901131265,1.469472057525932,1.4164652788038563
1.291977968308715,1.3487450412026303,1.3799833640162222,1.3841306135082259,1.3992000827627291,1.4542821332862217,1.4731263057255384,1.4908716549537018,1.5267113145678906,1.5523635377854128,1.5480729648316693,1.5510264944712315,1.5603672997605618,1.570618361913471,1.5882095091522068,1.6014673319651354,1.6056374357132133,1.6128000366768882,1.6311404512223202,1.6432224154793353,1.6516152810992817,1.6722514166895952,1.6753148404376625,1.6748047244101947,1.681549612394504,1.685917708699895,1.6793337595783822,1.681754623978937,1.7027260514840958,1.7021506809177815,1.6991236316045129,1.7005827836802634,1.7017536733765477,1.7049187743680874,1.6994613431709262,1.6859767313377014,1.6832887332461532,1.6797601405490654,1.6761795048924073,1.6686238476810678,1.6638378354722267,1.6656107260225952,1.6616838288592788,1.6616462784766268,1.6587838177554002,1.6506402861567766,1.6500818480664312,1.6503076063104178,1.6517402231424303,1.6537899942993717
1.2847769538793818,1.3049918393101063,1.3715931853559677,1.3862275176899614,1.3914117588320556,1.4215758214649121,1.4555264892509627,1.461480184051996,1.5011907755425706,1.4977169117747535,1.5054872315978718,1.5189518297347113,1.5355579908904522,1.541504134550689,1.5503290707752253,1.5578075389257384,1.5481837024767369,1.5673337704507344,1.6046777815749231,1.6200302201632037,1.626723246155097,1.647984559709881,1.6602412853691426,1.6480677337500185,1.6702555071441214,1.6801454921319536,1.683718242772994,1.6861569345255318,1.7045940059750881,1.7102113335991294,1.7192729491556893,1.7209504220635028,1.7036840982312509,1.6993292687882038,1.6964744813029031,1.6841804834872924,1.6819884122819748,1.6888141782308244,1.6894993522708481,1.6877077688779138,1.6893819256135723,1.6883982335540775,1.6796578014194583,1.6760376416687197,1.6712333852036794,1.6624637703605092,1.6629774770199737,1.6640066020344044,1.6621128478812068,1.661396760719166
1.248695080282158,1.2677304219266934,1.3155609703714766,1.3390509782175206,1.3429784839519965,1.3463133323297367,1.3620733388800237,1.391677740493061,1.4358720087657557,1.4508581332647978,1.4427762645091933,1.4632919388759735,1.4994492672281394,1.5075751739104086,1.512625446164436,1.5400292736819687,1.5446154788452469,1.5516242043493538,1.5747800868986401,1.5878997875676204,1.6029574241931097,1.6438853510811513,1.6448763445113959,1.6438062817372314,1.6612442670993863,1.6729940331722704,1.6715499623387202,1.6739497966602188,1.6883190323186201,1.6818568377435648,1.6758391369517145,1.6813957705242417,1.6872123067074274,1.6942799320159225,1.720344138603339,1.7209517954203852,1.7094212052320839,1.7035942224385388,1.6994882616748912,1.6983107429019493,1.6987886454150047,1.6974541140562485,1.6855766329048893,1.680081288734737,1.6771010796127979,1.671387371754636,1.6656321254991182,1.6501293370797034,1.6361046300712645,1.6231307199229303
1.2184140286980327,1.2246087957938767,1.2622296824884813,1.278841651882726,1.2830295305126445,1.3230016406820724,1.3510251573131908,1.3800324614634374,1.4066424522571552,1.4459335761932481,1.4677498625738903,1.4941253931426692,1.5222618064434015,1.5369455904850822,1.5577208381406222,1.5782338706182537,1.586372631802796,1.6009908367166636,1.61893090563518,1.6303447863561016,1.6471881103911403,1.6617718462529965,1.6720682733297523,1.676078291611056,1.6989472124915221,1.6999721392407317,1.6965766243353468,1.6948254538259515,1.6976071228941296,1.6899433003166175,1.6897822527552542,1.706244476585173,1.7016021137470745,1.7064258678387252,1.7145700958202084,1.7097166606456133,1.7094216626149112,1.7119844824388308,1.7103220175668485,1.7049519647037283,1.7152708643418206,1.7119883779141765,1.7021662229113945,1.6801389246798002,1.671744347941285,1.6608643976504884,1.6634986334630457,1.6444189327767247,1.6001342936043323,1.5668846596702253
1.1687159945094354,1.172635404602053,1.2268115636367012,1.2476336221976283,1.2605978602945973,1.3197414680013666,1.363235755321484,1.3941275716155692,1.4463973695031662,1.4930606826308623,1.520814410750238,1.5195275333486264,1.5767727616305476,1.6016742960526582,1.6162698383862373,1.6114451948723871,1.6034612424810692,1.6120731493768132,1.6404678246387228,1.6478831274917884,1.6496339451232724,1.674017182825405,1.7099706738044989,1.7448129395252039,1.7797610946843179,1.7627067293399474,1.7250678514862208,1.7203205539450073,1.7315219916973899,1.7227723762848148,1.711149783837846,1.7036087662636579,1.7029823931957597,1.7022302169891637,1.7133739705424396,1.7184681632539056,1.7144719888833526,1.7089380758594155,1.7083109349233772,1.703848579270904,1.687882945000863,1.6705979370924426,1.6359043679227432,1.6094965243309147,1.5752543917649349,1.5070761599695863,1.4484616979898748,1.4603685587823272,0,0
1.1308116695535086,1.1844377007681715,1.2505963171513232,1.2652918480246533,1.2783975914440766,1.3018070499144985,1.3097507990730208,1.3235698939591776,1.3093371892246786,1.350622478792872,1.4155146298843837,1.449044797854436,1.4946905735308222,1.5288175494196468,1.5781758772984726,1.6061882132758931,1.5974240594767464,1.6044225718550447,1.6094106457959794,1.6271895391949245,1.627093072216069,1.6368476370893839,1.6422646183306724,1.638223383327757,1.6459634588088292,1.6366536067679958,1.640885566343494,1.6564334541332697,1.6458759353127865,1.6268717472321141,1.6402246758625851,1.666540471998472,1.6627603686949135,1.6663596692398142,1.666377647491238,1.65706393857657,1.6575157067520296,1.6465200427476094,1.6234969023528139,1.5877015782631834,1.562593200589718,1.530019063446744,-2.805716485959587e+38,0,0,0,0,0,0,0
1.0407235712974154,1.0657165550459513,1.1072092630175956,1.1138592265013716,1.1399947275947284,1.2039660890497237,1.2153942198257104,1.238343028322231,1.3027895189641743,1.328191324204182,1.3582594861916981,1.37630851201539,1.434330600096922,1.4336716706023442,1.4455695397848765,1.4661634682470501,1.4769005702072104,1.4929446760991465,1.538867551331906,1.5585150908256933,1.5513620707712998,1.5436495413589393,1.536393696104522,1.536230472608261,1.578891749346067,1.5883977583307067,1.6019682881898696,1.595066506402707,1.5858635547010795,1.576119644278179,1.5796119515283178,1.5671455143276027,1.5471133216197346,1.5363248357432964,1.4932513223276354,1.4433107442607045,1.4357523179401386,0.4473604962194252,0,0,0,0,0,0,0,0,0,0,0,0
