jsons/1312718400.json
{"header": {"parameterUnit": "m", "parameterNumber": 2, "dx": 0.1, "dy": 0.5, "parameterNumberName": "Eastward wave", "la1": 40.97354507446295, "la2": 16.46031188964855, "parameterCategory": 2, "lo2": 133.9931640625001, "nx": 191, "ny": 50, "refTime": "2011-08-05 8:00:00", "lo1": 114.97908020019554}, "data":
[rows 22 to 43 of 50, columns 98 to 146 of 191]
0.9083026366104126,1.1777820382114448,1.3936875531941002,1.6368684182122146,1.9513975679855382,2.0212567904435175,2.0673248057869906,2.1292070890955808,2.1814612118278967,2.249764693476763,2.2826886798709594,2.2832862172677912,2.3009111058065543,2.29664605327973,2.335675918586533,2.3664254171865107,2.364458888525504,2.3777560509164224,2.387313243041064,2.3785568490505176,2.395984795869882,2.392179485083222,2.3757048165131676,2.3887656423199077,2.3786056049392266,2.377407301046808,2.3627498357648506,2.3588120368130463,2.342095854366498,2.3239703136868624,2.326183304162803,2.3191108305110086,2.292992577323624,2.2889529126468195,2.2766164903653405,2.2533292111292997,2.2431994432218394,2.203597440289429,2.188486430284453,2.1969550066380235,2.17759672474246,2.1372924962480795,2.139538321487148,2.11322836396622,2.0722123481807024,2.077033049328642,2.0642389343810548,2.028935230666729,2.0182633540886092
0.4958306966929897,0.7831670573348436,1.0095662774164782,1.1697034875772674,1.559865857023729,1.6434228447081334,1.778820680309231,1.8974241552088313,1.973662528976424,2.023517388550233,2.092288708009191,2.115222397961269,2.140218307657817,2.166974094330108,2.18486919067908,2.184104603590514,2.1737659374748195,2.190585907486714,2.1892450197185194,2.1974931274802993,2.1976676432545372,2.1912493688517296,2.2037173193653126,2.2260133979552803,2.1837098661469527,2.193616298123082,2.2123424016199436,2.225888180903937,2.2478210221005583,2.2279995172103813,2.2309008967980866,2.2132454484457553,2.2111563782174986,2.20604044354267,2.167471309794198,2.1601005610115602,2.138851113743192,2.092581476861175,2.084113108765465,2.0767344091095423,2.0614111667918684,2.019702193196438,2.0237049335859867,2.0165580270975423,1.9816250102552597,1.9692248895056992,1.9616391147357093,1.9268736394667738,1.9208794322145932
1.5249863707663833,0.3796486043993521,0.5725081511426653,0.6539974860444726,0.9822498791185994,1.0642279859717465,1.2277291753073514,1.4234701929579503,1.5120983019742023,1.5722211077306414,1.6915081077668839,1.743614229971094,1.808346852662485,1.8251588586712884,1.8538471278361208,1.8842853847667884,1.9055431099075906,1.9023979605214418,1.9302723276500264,1.9252507514648105,1.9054876866882497,1.9110752646785187,1.9147452778666088,1.931368220764045,1.955872873234966,1.9718827238386614,1.990153103090859,2.0165316983419594,2.0256733252800396,2.0280050786217907,2.037477541267624,2.0240082644253206,2.02810190966475,2.035800191721501,2.0200724820554603,2.023593828404563,2.022736751810739,1.9798572936216416,1.945469049749827,1.9133718626284784,1.8907374231622516,1.8087009242007355,1.7781767759962508,1.7682532004417921,1.734154316788814,1.7216734565426528,1.764264404631091,1.7448465330781266,1.7753571255537854
-0.8640852766689796,1.7317299788134681,2.1025522393711866,1.3039447388216363,0.7852520889030734,0.7412233980964533,0.7165000960390798,0.8838171703136263,0.9927871763572979,1.0469236910443445,1.2662606201779194,1.326005603885601,1.3123662275617007,1.409562353480568,1.4616609683979087,1.6033877656275768,1.57776787379755,1.557494163539255,1.5872966710291598,1.6074627126224845,1.6477522249858327,1.667875996289654,1.6803824108924992,1.6909226951211918,1.705408212005782,1.7516318724255042,1.7629450382787504,1.7740319087732788,1.7697914595663031,1.7814670506226535,1.8154051334914054,1.8005261065265887,1.7979296941397607,1.8332585862660307,1.8099928268950336,1.8174059202479627,1.8550774492651105,1.8099664168467555,1.7898164924353042,1.7624246828552765,1.725461304025977,1.651578541503878,1.483406112661792,1.6583440268885297,1.951295421905036,-0.18558660408031058,-1.5627587746796106,-1.1213385013996984,-0.34443159633364057
-0.4461562805844081,-0.6558460818394778,-1.013780802920826,-0.19406443820921654,-0.45412224668557133,1.6127071256759113,2.1271893426960884,0.6814198034999741,0.6702341740880225,0.42562980740553563,0.6123265588008625,0.6897799765864351,0.7732254618680177,0.8236914904857683,0.9828606096707312,1.0393093347828135,1.1177200348456793,1.225812179610355,1.2964671383517865,1.321236350643073,1.4165528603428221,1.4304431125026127,1.4464912843189348,1.4657670487098515,1.4769933147670156,1.4678984177795367,1.4830005067618917,1.4922421311380691,1.5142712855181644,1.524981414245315,1.5242360615992279,1.5205275753638305,1.5198865130822057,1.511847687489502,1.5027915803663923,1.4906306060198922,1.500774507468093,1.4583713271093324,1.4185852385839506,1.3573655465913095,1.4177319191801656,1.4074111612855837,1.671293288628508,1.6706681510558619,1.745353530835859,1.7655584358251364,1.7816470602780545,1.742304733018555,1.7571322309867825
-0.6063345786764055,-0.5286122006164576,-0.48680087387465404,-0.41686401748554663,-0.3307626320059636,-0.8086659101666173,-1.4084447956027457,-2.170279148298074,1.55200600504341,1.880641967831274,0.9065775480649947,0.306744233087796,0.4168563024979654,0.5188656728460629,0.6787342177741825,0.7550680349517597,0.7910599580780027,0.9785671087811683,0.9682532914062112,1.0342873132747252,1.0740661486639325,1.1236840938619288,1.1220272116848307,1.1414890641342077,1.1568680780601448,1.1462223239812794,1.1723886766117637,1.149315095907941,1.1520210391509038,1.161962323793451,1.1596752373084331,1.1569817702881395,1.217112771226845,1.2476842941263633,1.2345784547849106,1.2421133366401715,1.285805024900634,1.272327199784231,1.2833460701285129,1.3590221967161473,1.3855333157351466,1.385814642548348,1.4448420006624845,1.4605347882456103,1.4987925850812245,1.5230370790354715,1.5293129503411516,1.5351837535293151,1.5545610344408314
-0.766649246131334,-0.64580421183087,-0.6249561955921646,-0.5954698355280813,-0.4977205024034184,-0.4363142845964741,-0.3686445675020999,-0.5945964865848854,-0.47598067532986627,-0.8533407798267957,-1.1054638668575905,1.2645957103634,1.92619618687708,1.3408850384736217,0.34940176681923557,0.3741489176597341,0.4913411871124682,0.6027230135454783,0.6501383175739295,0.6778664891249588,0.7325285583147086,0.7402917582807851,0.7395397962654082,0.6937329228197398,0.6486188481970742,0.6520892220819958,0.6560891995998289,0.6586681930340496,0.6476293546897477,0.6065947102744454,0.5345486740977516,0.46658901370403477,0.4121501168232495,1.2840329833381798,1.6841637181246714,1.669088989540292,0.9298480291721243,0.7579247062952071,0.8314398965666986,0.9369172029189511,0.9718803689404466,1.0126961141192303,1.0947574098199466,1.1282884614207227,1.1592889148736096,1.2401987443022193,1.2930366840046315,1.320061408616152,1.3293623515111253
-0.822337783830604,-0.7199677399534667,-0.6985485077597888,-0.6557783988429813,-0.6030782695730417,-0.5592420568792376,-0.5392514796378685,-0.46945546708709784,-0.37921921492884697,-0.3122360362162908,-0.20079712188137963,-0.7141575415727917,-0.9208414349615227,-1.752703793217724,-1.0894463862606418,1.8152547676062896,1.035501419007022,0.24380953542257716,0.2737006703969289,0.2776591909048083,0.32481079460417905,0.3369926713718421,0.33130347028749624,0.36893120783062494,0.3542153117921621,0.34151950836759926,0.24593460786848778,0.19055949577345255,1.2241361406955777,0.28581771699333447,-1.5797849601555087,0.45905902750059613,1.0141347678330273,1.2551166780579948,1.3280584662013102,1.3715479126695085,1.4128456469006347,1.4739727490807304,1.4966901448856464,1.4964522297878116,1.5395928934260579,1.5916325875626143,1.536501083272212,1.50461979443919,1.5096778086942395,1.485251117573277,1.4905286111416072,1.4880957197548967,1.4663329107351235
-0.8710965780322679,-0.7985148037090987,-0.7471093582151074,-0.7134128960406053,-0.6791547377805828,-0.6189170201461577,-0.6014208064884713,-0.48461709318706747,-0.4487683946145789,-0.40487963932148985,-0.33911814667924284,-0.3026463933464314,-0.22524914069782642,-0.20537234442079627,-0.16308042571328119,-0.17828716139543638,-1.0085614994726058,-1.2933932364593248,0.8518489990562464,1.4877670058411807,0.45549383245294955,0.1759481546148617,0.1937362095002021,0.260531931732332,0.29735791949977647,0.32022791257877486,0.2928638597196097,0.28318789370809994,0.36851264030374264,0.44242557973693414,0.7777880548027171,0.9569597672536424,1.166584166938279,1.418172705280021,1.3704593587779506,1.3753343400924987,1.4357047470151458,1.4026109200290744,1.4396920173719858,1.4231860170152186,1.4398812720322383,1.4309817428258198,1.4319386470636055,1.42009199428489,1.4205795770683256,1.4309357655380948,1.442870210391996,1.443531606317001,1.4339484162672473
-0.9495774143377128,-0.9081261583959764,-0.8893683662896763,-0.8746244829906952,-0.7698738952863635,-0.7319356093402403,-0.7094937109102737,-0.6100397998049581,-0.5766743322019814,-0.5316295161334128,-0.43730596618880513,-0.42908420902577166,-0.40577940816557967,-0.3910782858804358,-0.3092073747137351,-0.2599763557492741,-0.2041682930768165,-0.15697748158229005,-0.15342723168582012,-0.41723974511885054,-0.6966393550475359,-1.6956821914841222,-2.0225977946291342,1.4566104913986977,1.516927722905781,1.085281748861394,0.4133899041922012,0.13166922961656974,0.1405688910163461,0.14879829611841155,0.21234207553449944,0.2418711242491914,0.26952188183728654,0.3149766110334947,0.33136536806874667,0.4013446819930045,0.4908326824575084,0.5803824901341321,0.6159462907185004,0.7282277353444373,0.777000781099866,0.7511823685309028,0.8874235323196511,0.9010179488425968,0.936925921322545,1.0392040637447988,1.0144248643836244,1.0156894570372916,1.0176573092288532
-1.1507648495314151,-1.0362480027528964,-1.0024251236117547,-0.9759710316326561,-1.1250452928216426,-1.3291554319977708,-1.5772226410255725,-1.0968184895760358,-0.9516509138297726,-0.8140142793380238,-0.7062502799510049,-0.6290664624021277,-0.5630122011348692,-0.5303533157492905,-0.45507105918285606,-0.42999002640079714,-0.4149208382731451,-0.3777633221739833,-0.3507137554105372,-0.31635138730754586,-0.23400940180153548,-0.20157948126396474,-0.1733326340292214,-0.13431744030682008,-0.30633477524057323,-0.8009834107696766,0.6893815378098075,1.5945404564526138,1.4663952273311451,1.5302317928497762,-1.97288814162745,-1.9575641359951426,1.2681068832609614,0.9677631069957342,0.30827679546393877,0.1345812849346714,0.17526115510607204,0.2286277573761164,0.29386720719001136,0.3157336675313594,0.35582364546444156,0.3954453628111557,0.463715182909039,0.5046811546284024,0.5117390114209563,0.5479911069119379,0.5745439233395748,0.591232253499136,0.6020657494636876
-1.4285161837970628,-1.2655685055321346,-1.1448043147973226,-1.0283919694392598,-0.9503934144795646,-1.2719027983348545,-1.1184945904790695,-0.7233543998174302,-0.5791260458740062,-0.6465252768689258,-0.6725895606377833,-0.6571826611073514,-0.6225024220009594,-0.6222476142683037,-0.5820418993659969,-0.5635994325354148,-0.5345617899834577,-0.4781345078197137,-0.4273102304345739,-0.4023517243122017,-0.32290375157320994,-0.2582802728018955,-0.2454990455675265,-0.21993543769354507,-0.21455331117192278,-0.21482319052607135,-0.2175004321366691,-0.21033241360319588,-0.15391426460242896,-0.12766351698197065,-0.5043404347144974,-0.11005159661842162,-1.4087487611959555,-1.4654019103375722,-0.30043858530348694,1.8819873135730378,0.34809205070505295,0.2995985841810474,0.13858366389477192,0.15852115311943918,0.1842705957261179,0.1962922758569532,0.22969957391764362,0.2749694731454612,0.2917964032688232,0.330837125292641,0.38092193411696623,0.4090289260504163,0.42111850778527554
-1.5375809945958454,-1.4386589588376801,-1.397335016787814,-1.3158116862377247,-1.158948953850311,-1.058091712103375,-0.9684911143058985,-0.8402884724268396,-0.7715200142117634,-0.748210242194227,-0.7023119832530018,-0.6850947441689804,-0.6748639811861734,-0.6427046383734888,-0.6519688663518,-0.6415758836483625,-0.6451344754138941,-0.5828505495348616,-0.5444270380285363,-0.5194852734710521,-0.4619843060938803,-0.4175110345508218,-0.3966337619882949,-0.33914123746724695,-0.32785687714548467,-0.3152382134172035,-0.26793417176063444,-0.24576233951493157,-0.212966986968472,-0.17379345429608617,-0.47102524705739335,-0.45576148434558744,-0.3473139613011976,-1.5605262578694623,-0.401588190072695,-1.5530749141448805,1.296713437690248,0.7949562297040892,0.8189160985958763,0.1514217890585232,0.15986553762038314,0.17288390619396538,0.19541769117112137,0.20551435952155267,0.2139306919716996,0.25430389871861947,0.28096822343017325,0.28530614161972706,0.28820302369552625
-1.528157456500356,-1.478628676035464,-1.443470359643234,-1.3977198426466537,-1.3068186196559568,-1.2576445987140619,-1.193903014096345,-1.0670526531380868,-1.014944783842582,-0.9408511602554399,-0.8555930155845698,-0.8239086277842383,-0.7754037383324934,-0.75337590716288,-0.7374365439166657,-0.7309183874626022,-0.7265551680158757,-0.6549861528998231,-0.5976077955536692,-0.5779578689128062,-0.5243267904988758,-0.48603407072649846,-0.4495534538514837,-0.40296397845056514,-0.38077494000995665,-0.36661718877616045,-0.3000488352694986,-0.29000492776522785,-0.26170030947584577,-0.2377392447566449,-0.17724063253405858,-0.1561223138511446,-0.43561154367735677,-0.07598830107056503,-1.6104643509170036,-0.5333675403116752,1.4298248327015177,1.7394865701211257,1.6026167274316476,0.9213363371875818,0.7223642686465859,0.5926718523990661,0.30721517227613976,0.22677369471833103,0.754308052042069,0.838352192341089,0.824545675410084,0.751717442684489,0.6802546272459937
-1.5427666388241397,-1.5019227256815812,-1.4910077184771109,-1.4680597791912042,-1.4401963438107466,-1.3866413422573438,-1.3478637254628265,-1.2333865356971834,-1.1840490524878695,-1.1102157365411633,-1.046923969035518,-1.0080659244859924,-0.9768558707077859,-0.9708234239416452,-0.8919803191122375,-0.8890481788617072,-0.8404770243822562,-0.7485458203915271,-0.7201327665369287,-0.678730991471308,-0.6135690003922232,-0.540539272035161,-0.5240175659509678,-0.5041502597023089,-0.47056130502034144,-0.4405058886708963,-0.41253951213404666,-0.3816774990012671,-0.37292237587074784,-0.3368618868486625,-0.27322260743769167,-0.2427604196310056,-0.19673319326796626,-0.1605516549016634,-0.28252146627789226,-0.1777413391672837,-1.0223850444948535,-1.1806952576960945,-1.4585319422280043,-1.3176751639231847,-1.2620443122768998,1.3925892834013271,0.4335413925517914,-1.4360131572594719,-1.7217251006129126,-1.4425970735881422,-0.2971891965301863,-1.772863631170024,0.6219839955782062
-1.704191990748378,-1.6651637654604932,-1.6226396353546373,-1.5701035419775589,-1.5264740609379837,-1.4877358739875364,-1.4632767681438215,-1.3795617996522,-1.3668072181220932,-1.2887285340246566,-1.217159617911931,-1.1610254137090357,-1.1096667534483138,-1.0744380733598424,-1.0081497748470132,-0.993443826453617,-0.9533554810070441,-0.9231171643588152,-0.8851077367258109,-0.8651228507701869,-0.811313106016895,-0.7624832737948347,-0.7224097313025853,-0.6370563142370846,-0.6116386630507434,-0.5913822265674571,-0.5549325014621749,-0.5218113539237483,-0.48098722602780836,-0.44535727538900666,-0.32822203296484975,-0.31679946902600736,-0.3071437190958376,-0.27322030397635844,-0.22654220124479094,-0.1865301497642227,-0.22933345804909763,-0.23518794149991243,-0.5338745039151019,-0.6270776849945926,-0.7163676866611128,-0.6062474389203051,-0.4297790156583639,-0.6904196867578921,-0.6870566434592839,-0.9178101171229406,-0.7941901768626178,-0.6094914193149753,-0.8499380215484568
-1.8049858381871122,-1.7564498110780928,-1.7218909717652462,-1.689235462651222,-1.6301279619283338,-1.604260995609238,-1.552325947386855,-1.5014592979483186,-1.4515255473155637,-1.4198648219900725,-1.3596384759128244,-1.3393998575710349,-1.310356559910079,-1.2664644851446145,-1.2399162334830385,-1.2149793451459028,-1.1875108978158455,-1.1566253232923045,-1.135395388453683,-1.10185338316902,-1.0291913488422637,-0.9780464011101719,-0.9197213603567784,-0.8439719113392692,-0.7835737000014158,-0.7584666384842358,-0.6977878507804055,-0.6476570498226379,-0.6081025454199445,-0.5929673716120334,-0.5698537290817094,-0.5347567420085398,-0.5123319009626958,-0.4829705365624286,-0.4616923406307366,-0.4400461064821854,-0.41014311094341027,-0.38181705741821137,-0.37519559340051495,-0.36113383436051333,-0.3469204730939854,-0.32531570094360523,-0.307695261479727,-0.30776135657136183,-0.304375287125423,-0.2839327832319428,-0.2759813778742032,-0.274640891506017,-0.2708544176632085
-1.8747099595451358,-1.8475140159181638,-1.8090509559172236,-1.787987054257948,-1.7223767026716357,-1.6939119137571428,-1.683362312995258,-1.672037743670285,-1.656186464361765,-1.6167181928458305,-1.5662455109748867,-1.529049769311454,-1.4993094340553874,-1.471817891128804,-1.417289686377003,-1.367079076555098,-1.340459411692685,-1.296089723741646,-1.2632184729010296,-1.2439803034175487,-1.2061039923247576,-1.1863909948600686,-1.1373266812661764,-1.0190146143844148,-0.9953463951718657,-0.9846100361073454,-0.9182091758421257,-0.8776965060932085,-0.863581730601607,-0.8471112587368926,-0.7859267862489842,-0.7463156626885006,-0.7247508821668314,-0.7024123695060411,-0.674315919687229,-0.6261367946299985,-0.5296911213918131,-0.524048191111897,-0.5337762844944978,-0.5082806657787928,-0.47548312206959065,-0.4527957057929315,-0.451563675071256,-0.4492849711146078,-0.43120068046583043,-0.4092889692372448,-0.3961705516464522,-0.40108652690799335,-0.41223512571497445
-1.9343201088410282,-1.8820141972784674,-1.8731200317761811,-1.844465638193905,-1.8060258293478688,-1.7922673631956483,-1.7830940106745894,-1.7488383875656908,-1.7303734254132819,-1.6917807522827346,-1.6637013067167874,-1.6219611258331046,-1.5647815801484215,-1.5293909085125004,-1.494664402509448,-1.435685782876079,-1.3910989844229633,-1.3512673457975337,-1.3249524697222947,-1.2971821275646003,-1.267584948680532,-1.253805210508451,-1.2199889039310268,-1.191720913480155,-1.1729659461205193,-1.1339173448118283,-1.026267718528051,-0.9961617762290614,-0.997719883396874,-0.9815338636471905,-0.9436236692242461,-0.9426657254037358,-0.9395106869198444,-0.8533953347974625,-0.8155260590122443,-0.798932868866254,-0.7726468026977132,-0.7444600696931918,-0.7155927537997562,-0.6830911553178689,-0.6708846266597134,-0.6640223970266763,-0.6132801509917729,-0.6058852376916655,-0.5989748521439463,-0.6354704463231657,-0.6374487413143871,-0.643013976580102,-0.6463189778716225
-1.9671851061146666,-1.9231468982205375,-1.9022463383895214,-1.8934088611688982,-1.842284355985746,-1.8183208094260392,-1.802679758516985,-1.7692357785014263,-1.7504823570023496,-1.7429242104592646,-1.6785777921428904,-1.6294792091627175,-1.6127662623987167,-1.597250935647527,-1.5095493255944838,-1.4608943840794335,-1.4384342615189174,-1.4278641869999384,-1.4023934769269877,-1.3899602454625384,-1.3515772343027947,-1.3327017373471923,-1.32123790944246,-1.2837612796106064,-1.2251104939415949,-1.1780144974895563,-1.1321207110341625,-1.1393485489361053,-1.1137129701431434,-1.0945406726843827,-1.057224190964066,-1.0420696831078635,-1.0169407666161665,-0.994150450761831,-0.980005799567348,-0.9741526787839851,-0.9214021741314525,-0.8999756908311735,-0.9023596563986336,-0.8910922422082422,-0.876220235529883,-0.8692302342309269,-0.8625920240513837,-0.8605333879311984,-0.854975065929777,-0.8913017342366448,-0.9423408059480198,-0.9961566212471537,-1.0628319420607062
-1.9619112198811486,-1.9415751934003933,-1.9202194930200174,-1.8890120884474848,-1.8414239449346883,-1.8315201893452933,-1.8075978834848976,-1.7834294442233671,-1.775145197367012,-1.759077116080649,-1.7517065870563486,-1.7210996335202355,-1.6893923352215077,-1.66650660305916,-1.6253351157682985,-1.5897906381520137,-1.537190292789099,-1.505506892484663,-1.496640288685786,-1.4788695998383012,-1.47485008975613,-1.4618660645200037,-1.4277226957274134,-1.4016923581249774,-1.3842376922795343,-1.3688775358961656,-1.3322923312944,-1.3214330759717126,-1.3079748567502756,-1.271355580612103,-1.2608149205536845,-1.2581489793364602,-1.2344541270072436,-1.188590158030496,-1.16708302875107,-1.14874681725625,-1.139543868429643,-1.1236154863587817,-1.1157319273495856,-1.1108371957846115,-1.112229690857925,-1.0988853906183083,-1.1065380993402285,-1.1246679843881737,2.0066444939491462e+38,0,0,0,0
-1.9705146279605357,-1.9480408050353362,-1.9394734971455077,-1.9199072749070376,-1.8811878293673718,-1.857923952182671,-1.8495182927025102,-1.8254684552012777,-1.826228699607819,-1.8231653088873592,-1.7929866648113917,-1.7921348016345682,-1.767589195729774,-1.7440490660842083,-1.6942345737162434,-1.6908313495842022,-1.6608200018105932,-1.6232216745766244,-1.594497201537991,-1.5793517028627166,-1.5358534038829366,-1.526198658065242,-1.5191365527464005,-1.5043440497426583,-1.5003510450482038,-1.488176601315431,-1.4331577317707052,-1.4268892814959293,-1.42070860091738,-1.4023148296430705,-1.3744613219217352,-1.3472793524551439,-1.3362231407811995,-1.3418347763417562,-1.3334645704760366,-1.3335769962247492,-1.3622016373786217,-1.3576733597785666,-1.350492939693715,-1.9485070052232842,0,0,0,0,0,0,0,0,0
