jsons/1312750800.json
{"header": {"parameterUnit": "m", "parameterNumber": 3, "dx": 0.1, "dy": 0.5, "parameterNumberName": "Northward wave", "la1": 40.97354507446295, "la2": 16.46031188964855, "parameterCategory": 2, "lo2": 133.9931640625001, "nx": 191, "ny": 50, "refTime": "2011-08-05 8:00:00", "lo1": 114.97908020019554}, "data":
[rows 22 to 43 of 50, columns 50 to 99 of 191]
0,0,0,0,0,0,0,0,0,0,0,0,0,0,0,0,0,0,0.09958358493314638,0.12002147923124067,0.33880469758799964,-0.14587272723573208,0.2074553000046337,-0.5744679079657566,-1.4943924131535524,-1.6649069270492538,-1.5258960260997145,-1.0611149847211396,-0.845181411172458,-0.6426880125667115,-0.22684430550262377,0.04976813863113119,0.27682597783780855,0.5929175318767673,0.7445749887656905,0.9183712381274729,1.1805085309409307,1.2695101745782338,1.2826973415943452,1.3833409900354816,1.4194505255591547,1.4448397443774168,1.4665877839240062,1.549715713643061,1.4603503440268273,1.3958697449188255,1.1587793524152226,1.2622099493686434,1.5687336981876463,1.4862166830409524
0,0,0,0,0,0,0,0,0,0,0,0,0,0,0,0.011358206224234831,0,0,0,0,-0.3972751291036398,-0.8092714540661123,-1.1729707628676733,-1.283785901645392,-1.3174732858158034,-1.3551032572716486,-1.1589450153911054,-0.7325873721231024,-0.49835232142060365,-0.23033827253676648,0.3054122754155682,0.5805918593862646,0.8036238429069752,1.1409619297015416,1.1797074307676467,1.2345283182038407,1.2983644061270456,1.3338177165383935,1.3392645345161502,1.4135931477028851,1.4547509586880905,1.483080254818133,1.4998544615591436,1.5521961139566935,1.5771388122693941,1.6071025283303544,1.6444536006058168,-1.4160752648511505,1.583335565502211,1.5617251225756579
0,0,0,0,0,0,0,0,0,0,0,0,0,0,0,0,0,0,-0.4903735384651296,-0.8346496991565352,-0.9835756094688595,-1.125619100368013,-1.3435883578083605,-1.2970890229120673,-0.9925004241451821,-0.8762759055219608,-0.688572360489044,-0.2957666850130684,-0.05732950479070919,0.131109645885825,0.6100804661076252,0.7647976389245041,0.8175772872501917,1.0232179169757667,1.108511888592689,1.177072189233026,1.3312456769020045,1.4044832377445882,1.4247326486828893,1.486661217872176,1.4936162839565572,1.5094380763976112,1.5130422118965434,1.5528041272084883,1.566843686280225,1.517141378148267,-0.7119628955760966,1.6072228259492545,0.9016914285837274,1.6006148925180832
0,0,0,0,0,0,0,0,0,0,0,0,0,0,0,-8.1454825486999445e+37,0.09449616682341892,-0.6282209424287056,-0.9150128496596814,-1.2605773348147749,-1.1840597940427093,-1.1282850068963577,-1.144282056022734,-1.0119662631854094,-0.7315539169760865,-0.6071632331352989,-0.41461929500920786,0.011347256624192026,0.2181359809736916,0.4066669087550108,0.8500848828517971,0.9722279557020077,1.0281450844282012,1.155287994966733,1.2298944101220541,1.2436597718883928,1.3280119955985283,1.3473278993551725,1.3679991166823022,1.4097355984169118,1.4164557608661126,1.450770639349233,1.482040498223171,1.5146809862467612,1.5243661991338073,1.533859497418088,1.555767421078706,1.4103812967922802,1.4542032892821162,-0.8395040800502743
0,0,0,0,0,0,0,0,-0.09689097394546929,-0.20917450533672385,-0.27262992398103364,-0.3700999000540684,-0.526903421773515,-0.652258906297684,-0.864445226162857,-1.0212892214587797,-1.2566418837830955,-1.2640278249887777,-1.1943998832897578,-1.2619978634905693,-1.0463729669919273,-0.9471349820518004,-0.8165394581011388,-0.6700227323106348,-0.41179980782157094,-0.24401595163671871,-0.06576824668239871,0.3250494098482051,0.4783366936610913,0.6408972935419511,0.9379076236283282,1.03767796036641,1.0651689927518384,1.1764536760968536,1.2685841713875137,1.312183307367029,1.381491305543678,1.3650722466879854,1.3764463577238921,1.4153996047062343,1.439001498089711,1.4240192872285633,1.4314620211462714,1.4504809975448074,1.4621174373068375,1.4732299570398741,1.4898366562267236,1.50728474729801,1.4653847773484607,1.1860475565401383
0,0,0,0,0,0,0,-0.3998680544110881,-0.5513141540978906,-0.7969042591099014,-0.9050064683539665,-0.995809151679363,-1.1351719765110269,-1.1638471045340375,-1.098254795258364,-1.090028158874146,-1.1123453452864773,-0.9802498875054887,-0.9309959055170779,-0.8661959009089456,-0.6541237228655,-0.5491539602915739,-0.4825228941220518,-0.41109261726576907,-0.22285083128555278,-0.0873005124537987,0.03820570917961446,0.3012539412022402,0.4783105307174723,0.6187365049174427,0.885990516550558,0.9506509569338986,1.040101084451205,1.210299802804911,1.2665247498900143,1.3007093071570588,1.3594069701542435,1.3806217222760058,1.386101300422209,1.424335912928859,1.4374763061867597,1.427011500832778,1.436520874400676,1.4610548942441863,1.4568964463501737,1.4590871791070918,1.4680712645942717,1.473606911802002,1.4831686040646395,1.4862934229740645
0,0,0.1017383390537503,-0.4849013094071992,-0.6307514805157335,-0.736629071854617,-0.9320110079397698,-1.0066099429774853,-1.0462103567571948,-1.1213359059694517,-1.1451687459526154,-1.074195942628883,-1.1105449996382801,-1.0730114120315728,-0.9713088092742251,-0.9218457358795357,-0.9081199581261684,-0.7324267495675055,-0.7002168362691142,-0.6336088736787183,-0.5224570995166277,-0.4096734447935696,-0.35139098860880885,-0.27192895726278116,-0.09342281307135245,0.06826567271097742,0.12660133278398422,0.41896469777956646,0.5472162913091538,0.6386963168278889,0.8270632637265591,0.9093217139071121,0.9676325909314069,1.2217207455346861,1.2437982418576152,1.2677486425995723,1.3223692201101895,1.340096805393439,1.3471003153997065,1.391563744390835,1.4294859329727763,1.4410125778139713,1.4417131995976353,1.4568697629547356,1.4410951117732897,1.4410591669676578,1.4464326774398608,1.4416247675935818,1.4360079324952575,1.4518713390115663
-0.676673968146668,-0.7509158128919066,-0.8284584299357116,-0.9325742011403185,-0.9088609024643165,-0.9437465590097631,-1.0061012522570758,-1.0009991604005308,-0.9195868295124555,-0.9493455432167501,-0.9115547083429385,-0.8310994952300355,-0.8312376352629139,-0.7907546817230507,-0.6939363121513239,-0.6484893671393998,-0.621876039634106,-0.5367025322986523,-0.493957089078925,-0.4229338380417545,-0.2679895087401824,-0.22866177269262025,-0.1720323696957404,-0.12128610308377127,0.011743712205727312,0.11363345636408807,0.1861872564198423,0.3468356863591635,0.41888435662129525,0.5326668995027593,0.7226927223193764,0.8186488019007838,0.8824237205233293,1.0791418567525888,1.182330653229387,1.2216769912635865,1.2526797276321386,1.281570881771098,1.3265983551198786,1.3510922555937106,1.3730290137428092,1.3914442561261957,1.407533290983932,1.4409978228397478,1.439550820244832,1.4333590094789144,1.4431251738523931,1.4359761982736248,1.4310337736444017,1.4431199436809856
-0.9036163549814953,-0.8644087582718513,-0.8939750217233152,-0.9109992903853946,-0.8627636964190568,-0.8379088467778277,-0.853006642928629,-0.8324660944217146,-0.753188248326998,-0.7574387088662359,-0.7308638531402732,-0.6435347952892644,-0.6166550354429107,-0.572741516441186,-0.49531599910502155,-0.4815834970960589,-0.43829446864793,-0.3807958210729546,-0.35085192094905726,-0.3303196745362985,-0.2583975636393501,-0.24380595004376482,-0.21909273745698699,-0.20634290033196925,-0.062110438174464586,0.035149628758066605,0.10397057721691332,0.2522962922698227,0.32331987514311306,0.40822666890237114,0.5736988281792293,0.6404955353205857,0.7346289299514088,0.8980383948532958,0.9724107616207103,1.0042127528301887,1.1520917518441816,1.1923209104503487,1.1999733041696776,1.2517909004163188,1.2983015018135733,1.2965330327905784,1.3528935698132365,1.4037349451796646,1.402564398187781,1.4105422110544963,1.421859697958223,1.4264644377384352,1.4261053103351489,1.4289445074825027
-0.8378231254203217,-0.745219875315268,-0.7175546518408055,-0.715957749709715,-0.650695017808939,-0.6214294141919701,-0.627523224630387,-0.5896265445930133,-0.510577903822474,-0.46706316909956,-0.4510150032824507,-0.39623979587878166,-0.3767636650778796,-0.35997921691930823,-0.3478646926540784,-0.34827192903210896,-0.37420920737133684,-0.39163163299443565,-0.39053959168694485,-0.3747931043306567,-0.2961050891076468,-0.2681421100163075,-0.23195240620385246,-0.179751173349304,-0.06881967768663323,0.012180985192137991,0.08040026991501358,0.21338789497659377,0.28850600877450966,0.35324381516364534,0.45915701577704016,0.5095873483974318,0.5894795073488069,0.7226394627080983,0.7963756765069852,0.904053186273005,1.045608734210676,1.088639677915993,1.1241763287037156,1.215325634415225,1.2589170912099494,1.2896438980005662,1.3285822754617636,1.3724827952426142,1.370980064800885,1.4117016125975577,1.4463377344359731,1.4206157378878024,1.4097297106752558,1.409761817500381
-0.5995912745344956,-0.4903926700909961,-0.46847889431633877,-0.44659174490878983,-0.37617958964353554,-0.332026503246996,-0.3085544082036462,-0.17395878411140217,0.018605259204813335,0.26378635837077796,0.3352364969760415,0,0,0,0,0,0,0,0,0,-0.7714220667286534,-0.6217544223357069,-0.5409432708313326,-0.4514090157729648,-0.3034636453122885,-0.18329212865118816,-0.09294403543018294,0.05750838268005942,0.11698609611655575,0.16622062840340576,0.253535581347186,0.3696156107024806,0.46331292618733216,0.7055540496547799,0.7645246042960229,0.8496132391793974,0.9386272117595459,0.9505586109790698,1.0156190212929173,1.0957011004446502,1.1341725338193371,1.1415793361941393,1.107352520410183,1.1268196172741536,1.1619647860349467,1.2602282188724947,1.3525889656043384,1.35709065027793,1.3683597699725851,1.415761032499933
-0.31448941204953584,-0.20982632355681444,-0.14670629658083775,-0.06442733204798233,0.19861040168118815,0.27255740077968266,0.4168841433294732,0,0,0,0,0,0,0,0,0,0,0,0,-1.124247127582919,-0.8128145354586119,-0.668418753161765,-0.5725069033018841,-0.5029172696847991,-0.301332362341839,-0.24690318263666658,-0.1743112121160906,-0.01627809926833419,0.03751119929979976,0.11100119417896168,0.2768762213287743,0.3745013983564913,0.4446387585649057,0.584977569210485,0.6713875425118263,0.7300065071683586,0.8958214736655924,0.7939641744215037,0.7235370032548132,0.6270360429466809,0.703352047786867,0.12777552574286535,-0.5252455887767079,-0.6726905601985262,0.05667777528649348,0.6092006092660014,1.1032679330063397,1.2213973870244288,1.2918484396151473,1.4125312696114105
0.18565958124727075,0.4902348550925238,0.5606723878272571,0.531310412009005,0,0,0,0,0,0,0,0,0,0,0,0,0,-0.9430642292419229,-0.895650393892908,-0.9037645909754897,-0.6205329978587,-0.5516380426448383,-0.4744581161728832,-0.38201109244098025,-0.23580699119306486,-0.15368860094927536,-0.07178950156508038,0.07100519042161367,0.16601226716048248,0.19368738007171896,0.3013887525552151,0.38772847921156883,0.46371885329262513,0.6449305628340586,0.7275873523991145,0.832594071431642,1.1801879223332619,1.3281157242514285,1.2220882001390467,1.1617818644700697,1.044678275173178,1.2241873483553902,1.2629667813663512,1.2483222310282598,1.197410273243473,1.1042157976446276,1.0183723901420156,1.0661001689032334,1.1277220075085765,1.2518497275290643
0.5455534996706455,0.6948474602338809,0,0,0,0,0,0,0,0,0,0,0,0,0,0,-1.0272873359584118,-0.8192227062708975,-0.7560581083121738,-0.6604239278527864,-0.4498915856308931,-0.3828387922153379,-0.3280684938312746,-0.24005836867889957,-0.10481923731118109,-0.015963720492286664,0.049089955496913355,0.14345701226553004,0.1799307687171565,0.22843861003213234,0.3742966714932882,0.4473665264498195,0.5360154685250372,0.6701972857946287,0.7296614028164827,0.8094994421705799,1.0104616610843031,1.038687281727842,1.0824343392707512,1.1311256612055027,1.1274160675545468,1.137937079290538,1.1436192445123332,1.1423180455049842,1.1304347070218523,1.1143138551949388,1.0548445912633049,1.0687890799073678,1.0737375558333437,1.1370916630111774
0.46745450988362564,0.5891650056527075,0,0,0,0,0,0,0,0,0,0,0,0,-0.8807428851414623,-0.8405836121798175,-0.8225740631806379,-0.6513698397245946,-0.5583302192698761,-0.48666226309141775,-0.3021734414763938,-0.227961832292111,-0.17396187787628128,-0.10900875605851466,0.010353399619662133,0.07965678825919814,0.16236845410749778,0.21354355932377123,0.265570820442621,0.2966279206331191,0.39312675796492297,0.49710921527864704,0.5841313799778229,0.7457173253621727,0.7967519728402932,0.8043691384536088,0.8905202341532453,0.9121409619241829,0.9154098766787937,0.9930779258286354,1.0020411632868083,1.0261643860423029,1.0324813345008648,1.0608573363616858,1.0702386917454247,1.098030264358786,1.1061980582924236,1.1009824644465755,1.1044881447530621,1.1298014218456651
0.5096376292113145,0.5764252953424533,0.5115326541251721,-0.023507413259362706,0.11765752643887796,0,0,0,0,0,0.24604061253022846,-0.9203834501278624,-0.9574125639193057,-0.8871058936010133,-0.7398935619940863,-0.6543225164725005,-0.5976528642133636,-0.47492774420446915,-0.419320996231428,-0.3549291033083502,-0.23111490613269015,-0.15951867907917194,-0.08113681159252811,-0.032625024762330604,0.1007401012502581,0.13295940336758919,0.16777580300687533,0.26532804922818076,0.3347110661465554,0.38703139851576024,0.5005463696346989,0.5791538706095792,0.6419435063079154,0.8126835827279789,0.8169922682548965,0.8034586518114022,0.8334275877845914,0.8600776610502385,0.8619713193916652,0.9010045038055842,0.93876700156111,0.9870792791234198,0.9971540680580627,1.0266250556698382,1.0450736150801676,1.05293365554915,1.0927731920454768,1.0999182018154239,1.1150814862691574,1.1595978764529944
0.2842557957016538,-0.6142548600843721,0.23782389284300284,0.3635989940671822,0.34525442160970193,0.2618864101979431,0.21573489080532848,-0.00911387424211186,0,-0.9951430215826296,-0.9114997946387957,-0.7919859729434031,-0.7700898203643561,-0.7151857380596706,-0.5583652830852657,-0.4623160880286141,-0.40991301607334935,-0.28412820956576307,-0.20304991326175217,-0.16948699441611723,-0.07591965330733248,-0.01008002723604296,0.05435368970286529,0.13517082151042575,0.23414349198459333,0.27177284290440995,0.32139040045764683,0.3939341513986275,0.4429974891349322,0.476585044589327,0.58469855253926,0.6206301744329751,0.6432951793304919,0.713127102925519,0.7308825204070158,0.749702781365139,0.7848673504631897,0.8161091997014214,0.8343955626238784,0.90531293571141,0.926697114903166,0.9801888961521231,1.0395713830690947,1.040197335537112,1.025309356073902,1.0329105176069058,1.0922929509188857,1.1131803595221883,1.140819946323908,1.1628491765598685
-0.3048964693782847,-0.43546471844139834,-0.48573280825027454,-0.5723822643958237,-0.5978682035147408,-0.6665873554084769,-0.6954053976498284,-0.7024058133039204,-0.6631343097297826,-0.6568180368268455,-0.6211119846086478,-0.5335925332996875,-0.5133752431414014,-0.48320187720010155,-0.3949536314681842,-0.3275275425849146,-0.2687637622683992,-0.15215383095015492,-0.10465148997900545,-0.060899185154398836,0.03416653247577327,0.08252517835613238,0.10669673970014855,0.17312575755247897,0.28696144368633447,0.354229601522794,0.3758683788819298,0.5400554630800758,0.5223693601268078,0.5423770572611935,0.5721729484650021,0.5834041033819924,0.6064208873627188,0.6539056286938499,0.7059000201076685,0.7291857047093142,0.7902170704915596,0.8154555185776509,0.8407108320575263,0.8873892276916733,0.9048045122354303,0.9021257389924776,0.9349284636406494,1.0043701819163184,1.0418108745791337,1.0896297416564906,1.1281500431290619,1.1357626186947047,1.1487500410850502,1.1666752665865134
-0.6125088749887918,-0.6279163772582994,-0.6313015242847788,-0.6882037268345311,-0.6677207885295722,-0.6615642805772651,-0.6626846127284146,-0.6602174067155744,-0.5601173114278405,-0.5460746407434188,-0.5085851655175766,-0.4297522827038525,-0.38395824362858716,-0.34611387061287086,-0.24632064807500909,-0.22685850070487082,-0.19379649036506835,-0.1088229802795343,-0.06726134048233483,-0.02110028122413772,0.05969066510196831,0.1378246141896668,0.1740975981769276,0.2150584350580854,0.31641664394419966,0.35039004394024775,0.3910813708609075,0.4661707440042103,0.4637196402544813,0.5307655842857965,0.5932388861348175,0.619279875634716,0.6385520647704288,0.6800122311683323,0.7032215998010428,0.7261772191520495,0.7785741088682776,0.8151970481638927,0.826266595309632,0.8923785090021102,0.9250445642596874,0.9244201587943539,0.9413996291538661,0.9757439216701569,0.9813873618222109,0.9772327045596867,1.0371246376828513,1.0485453001591225,1.0901911816298606,1.1863004484238908
-0.6939919174058986,-0.6816945007094382,-0.6590214522203673,-0.6722572408991354,-0.616923267004813,-0.6106521546007104,-0.5868586339753126,-0.5410848502949839,-0.4950813985317354,-0.44494690490830185,-0.42217342160032423,-0.3384567469067743,-0.330283486191331,-0.2964885390004772,-0.2351821671199596,-0.20936538160589968,-0.15977482373683433,-0.10361904278245217,-0.05951650932400555,-0.004896752675786233,0.05779912877869888,0.10512276903884561,0.16839843841324484,0.18564038835207924,0.28126696439438154,0.2996536425865335,0.35461315935397764,0.4472961908932481,0.4871332168102871,0.555829486795362,0.6056798915373738,0.6640456249315515,0.6905733384790833,0.6947705118774669,0.7245794056359669,0.7682179851058782,0.8043277662491681,0.8256067925241192,0.8394626853594293,0.882858563184747,0.898022300866204,0.9229236473002213,0.9361182351266704,0.9418948559208445,0.9727693808089818,0.995522058350715,1.0407537288272242,1.0736115651565847,1.074742160970164,1.1191987867958784
-0.7377037671276656,-0.6814793062225915,-0.6585140720629804,-0.6328758958978189,-0.5878534830883541,-0.5524038961455444,-0.5345471817230314,-0.5078326578860317,-0.4302246726720177,-0.42601490557043825,-0.3915578375341775,-0.3321029197149501,-0.31648678141862413,-0.2781175920554207,-0.2297817082739992,-0.20160080016612683,-0.15522594889004193,-0.0941135709362844,-0.0627789287398168,-0.02275215122979208,0.049272272904705254,0.08266672552941012,0.13659846759405878,0.15261567597095174,0.22845407281303703,0.26874794621835607,0.30152508136301076,0.3928008691145044,0.42186294146409864,0.455159676863412,0.5114537529638885,0.5488031502922898,0.5812514103331629,0.6270185924753134,0.6555277503963406,0.6638631577541559,0.7058946676292985,0.7358463048039388,0.7857158957801222,0.8183982514120437,0.8458954611192603,0.8678222319128592,0.8987322207348875,0.9271429268355056,0.9472486385603487,0.9689228769371009,0.9988813394113335,1.03074514455056,1.0703510687360578,1.1143890088557382
-0.6662588556164971,-0.6386643463726682,-0.613600998634045,-0.5915710447072374,-0.5473071174968394,-0.5135735784695794,-0.4940855802088682,-0.48959877979857247,-0.43438259982015737,-0.4206758835315238,-0.40830145601467344,-0.32984045127482126,-0.29298605663811644,-0.28242681848583406,-0.22178808063913452,-0.184043641566138,-0.1644447759491366,-0.10411291833177826,-0.07117148300738273,-0.04374732590452576,0.02133662836908028,0.03399696741857201,0.054338618740629584,0.10148075676621139,0.1574455821615394,0.17860695668474902,0.2125802674339855,0.2998185189903496,0.31434213242484765,0.3406137143950137,0.4140914322286032,0.4397585651432909,0.4726112453003855,0.5327466537461799,0.5490486903130682,0.5822996213867603,0.649137791296094,0.6629580156336194,0.6987516046274431,0.7605867927731201,0.7765892678196094,0.8068929703921379,0.8160795684362416,0.8680359791969762,0.8998090566150525,0.9299234567562915,1.0130348038038823,1.0728979977605495,1.069826806783583,1.083688700393828
