jsons/1312819200.json
{"header": {"parameterUnit": "m", "parameterNumber": 3, "dx": 0.1, "dy": 0.5, "parameterNumberName": "Northward wave", "la1": 40.97354507446295, "la2": 16.46031188964855, "parameterCategory": 2, "lo2": 133.9931640625001, "nx": 191, "ny": 50, "refTime": "2011-08-05 8:00:00", "lo1": 114.97908020019554}, "data":
[rows 0 to 21 of 50, columns 50 to 99 of 191]
0,0,0,0,0,0,0,0,0,0,0,0,0,0,0,0,0,0,0,0,0,0,0,0,0,0,0,0,0,0,0,0,0,0,0,0,0,0,0,0,0,0,0,0,0,0,0,0,0,0
0,0,0,0,0,0,0,-0.24307858875110286,-0.18533895343698806,-0.19607988399185602,-0.16608624070202427,-0.1292287399214858,-0.12529423525978023,-0.11501735274316172,-0.10744516933466969,-0.10143193043258511,-0.09134115841133487,-0.07806529824403068,-0.0625200235887242,-0.04931342204725315,-0.016507582138086643,0.07083025680218483,0.2788243246747947,0,0,0,0,0,0,0,0,0,0,0,0,0,0,0,0,0,0,0,0,0,0,0,0,0,0,0
-0.2947847166176921,-0.16451974897667684,-0.22376660335980145,-0.21333480452639017,-0.18790349185510552,-0.1881484304166951,-0.16734644353264258,-0.16354930137315327,-0.14745627928662342,-0.14722639830749906,-0.14210019760412437,-0.1307091856949333,-0.1243149537027474,-0.102632486940156,-0.06569214476810233,-0.059101037688506025,0.02455665393386624,0.1354689278719743,0.2631036270337948,0,0,0,0,0,0,0,0,0,0,0,0,0,0,0,0,0,0,0,0,0,0,0,0,0,0,0,0,0,0,0
-0.31943590434740504,-0.2582950576307369,-0.22851922514264084,-0.2094231793209068,-0.12676799658985352,-0.09251957743944515,-0.07908484276307827,-0.0687798697764798,-0.043862140997723544,-0.04031737828928492,-0.007452497901864464,0.008694841239608408,0.02496428630224173,0.1294861911165403,-0.29883171331637615,-0.5526618144447983,-0.12341844917283297,0,0,0,0,0,0,0,0,3.2309442817196675e+38,-1.1709794905076247,-1.3171450731577545,-1.4093302881367538,-1.4958868098669778,-1.5541075144336152,-1.6092187750816178,-1.6182734473156142,-1.6584081327116362,-1.6843943544939224,-1.7644056411530997,-1.7476959411895239,-1.774514474645719,-1.6713730082173328,-1.516941397768162,-1.3929745090048875,-1.2282238207385856,-0.9662940269721754,-0.7645948765238995,-0.5587500775957126,-0.46300852958018873,-0.24328710943791293,-0.14685465063647468,-0.04947256243729544,0.148879261017301
-0.577638613785968,-0.5864090635284505,-0.607936790111189,-0.6603734779242937,-0.6373105594657877,-0.6411762218938776,-0.649124695185169,-0.6697216473387154,-0.4264334483565131,-0.16766477478737601,0.13320274385597053,0.22711204320630698,0.0565677423182638,0.1590297888458089,-0.13478327388542113,-0.1825143629433868,-0.7514705093569891,-0.8586979777000874,-1.0275301963854153,0.32420142117508016,-1.4891032661585668,-1.5762067639271917,-1.6574818072685211,-1.7076019691147186,-1.6676667544478987,-1.7144739049715902,-1.7248739192943099,-1.7647793154912859,-1.821990530285768,-1.8528495843679471,-1.9535452761059273,-2.0028146278958783,-2.0143144259638164,-2.0640694120244976,-2.121547025475456,-2.1558936703954377,-2.222856426727367,-2.1821353779671373,-2.079324113063368,-1.7762424442615006,-1.4739679047684162,-1.2935871087021809,-0.9770453192381295,-0.5973990456217992,-0.2972621219963519,-0.11168120687289725,0.24868283344674413,0.45385099990354055,0.5718963490845883,0.7551212390682417
-0.5655775331275045,-0.5865902992425039,-0.621555792574837,-0.6487546636387213,-0.6975965750418672,-0.7271303411445385,-0.7817352783298298,-0.8271012302885282,-0.8608721730577998,-0.9186811705012726,-0.9558158244760588,-1.0438768264772385,-1.1127111693247957,-1.1629003323898013,-1.2347350188263562,-1.2585731192087901,-1.2851704281173622,-1.3019409526598893,-1.3153959966254516,-1.3310280002862853,-1.304358180972827,-1.3072094426787602,-1.278447759900008,-1.2975296845763058,-1.3278020923358136,-1.3197062414771252,-1.3142855526495576,-1.3324467568911549,-1.3388785555345226,-1.316388935366169,-1.4336515189511185,-1.4628432386737722,-1.5209229508212987,-1.6097326454161498,-1.7636886395805726,-1.8716849140161211,-2.1482993338279277,-2.1657108757252415,-2.08092869213802,-1.531601808576617,-1.2305533952003727,-0.9083689204217301,-0.5754605492989072,-0.04818135816002716,0.1686315728692615,0.43542919841395844,0.8867156650802457,1.1342289397072243,1.2562558029945383,1.4675704193760104
-0.2435728330476074,-0.2408830773423856,-0.24442819315288689,-0.23303052794295895,-0.26083510199224597,-0.26520337663758364,-0.30567695143558954,-0.3358062680722799,-0.3964473928232807,-0.43590292736129993,-0.4171735229636779,-0.4930982207428632,-0.5371860655602677,-0.5633677928438242,-0.5453242616818593,-0.5815949057050736,-0.6333676341431022,-0.6630327728888826,-0.6900027419694249,-0.7120571867937031,-0.741962282395854,-0.7593652235294819,-0.7576859075161857,-0.7775744608805899,-0.7514427510237094,-0.7670350843583001,-0.7346552402633781,-0.7056090371577172,-0.6729121233108146,-0.6486657342691247,-0.5596707989741244,-0.5044281316661318,-0.49343276885489257,-0.48481836630636976,-0.40788443667812124,-0.3767554674935141,-0.9472311884066129,-1.610742643440553,-1.8525270426611253,-0.17331818445528688,0.08875948391684263,0.2488558153790365,0.27706290617039686,0.4372316202808865,0.5282432236559357,0.6682551388901226,0.8548232616743124,0.9401219972950072,1.0946031948171564,1.1254905085902667
0.21459619574679717,-1.164672079068431e+38,0,0,0,0,0,0,0,0,0,0,0,0,0,0,-0.37194778014153035,-0.17973303062722942,-0.13700009133388857,-2.289048091924772e+37,0,0,0,-0.5345740214125982,-0.4592788861681842,-0.5881569816575062,-0.6318991911735818,-0.4986378247851067,-0.38257753505238046,-0.2941818336274234,-0.06130606490279129,0.08382869436019334,0.20420279401607672,0.5476321603995093,0.8342993948589436,0.958796756658816,1.0459521965374505,0.8597824419256745,-0.2863455466774772,0.46982299298353214,0.9838632570391966,1.072456207414173,0.9442024839831318,0.7618778730835766,0.8104725111152776,0.7990790671966134,0.8640987583042099,0.9159067599194594,0.9631790523103752,1.0319567987274192
0,0,0,0,0,0,0,0,0,0,0,0,0,0,0,0,0,0,0,0,0,1.8287277865736056e+38,-3.6034794122755307e+37,0,0,0,-0.8011896901110155,-0.3134944916842349,-0.11185013764067141,0.06927661266928893,0.3165346470684596,0.5345952534174357,0.7033010218003464,1.0875937824421633,1.240311401249455,1.290058177286324,1.3475121473630214,-1.7583328962890379,1.0493965037229342,1.695967619759212,1.6239560298803841,1.4837912333432477,1.445404155266746,1.2660522352112942,1.2516516650474296,1.2274853367735772,1.1587774923492464,1.1721551441312892,1.1883087353377204,1.1627555525118056
0,0,0,0,0,0,0,0,0.08369475232673697,-0.5449854257393613,-0.21277075306850127,0.030585626884407583,0.15314143364252294,0.24377134427094538,0.3971077622732837,0.4563501383813849,0.5551971744835789,0.5016168298423392,0.5586889170607623,0.6325127930379142,0.5576067771038618,0.5076534697754915,0.4627939029579714,0.42859620565402307,0.3577774637972215,0.3776585693354841,0.3862458285584389,0.4355387058383303,0.5125509564072119,0.5809024101417437,0.89939637774399,1.0658880284050052,1.1698365998671707,1.3740430903418162,1.485172875279145,1.460836938035776,0.05709617612379412,0.27955329912372,1.0345092174299024,1.6108159616794757,1.539094156981621,1.4922083991891488,1.3757922824841093,1.2988531607547815,1.2660722666539355,1.2194687257178882,1.1792587234173255,1.1940747507306175,1.193000750940926,1.1812046140508026
0,0,-0.5234190491581575,-0.6476297366649405,-0.5449203255416339,-0.550402465849724,-0.6111837300435956,-0.5209593616992192,-0.35030125436331383,-0.3167957887253039,-0.2201431932851857,-0.1306406962130405,-0.09026843943048396,-0.019038401219016614,0.042517960896689515,0.11626575662209376,0.15418247375365113,0.23181202932715028,0.23785552878154512,0.2739300509034095,0.2929533040776065,0.27532591931497963,0.34168630341308215,0.36544169621716266,0.47779813544742,0.5610188967027228,0.6399983764712429,0.7724381370633155,0.8585352243015485,0.9148749892144349,1.1010802400198514,1.251249989657152,1.3056584695054108,1.4620884221315629,1.5160402939916082,1.5773983649948626,0.5671847340808066,-1.6419463429323695,0.9843630128355809,1.5222134701215384,1.5373709175010266,1.4900146901588076,1.411601116082498,1.3155943587540073,1.257110715292474,1.2277582992480938,1.1734276717365548,1.1604891902748777,1.1386684363889272,1.139606148316354
-0.6431782518123642,-0.580686085024824,-0.5621561180170824,-0.5651657470274534,-0.49872238837885013,-0.4699049092673101,-0.46499991244504274,-0.4492090865294231,-0.39986484630107455,-0.3886825325496505,-0.3542882270245646,-0.27734761372061795,-0.20124253548314328,-0.11715147306561254,0.02963221535931874,0.05410298160217547,0.08414249103451361,0.1274063344555058,0.16370611233782306,0.204208113610231,0.2964730314631733,0.36008658222575646,0.4009732683266948,0.42986421595736646,0.5821203085721969,0.6522385432704731,0.7326086570276955,0.9003751726083523,0.9490401189024483,1.008241627685415,1.152678209581365,1.21771307078709,1.274690391540596,1.386025970809281,1.465606401095585,1.4974626997234874,1.3596312506829047,1.5300404952393032,-1.2064729170302042,1.354119241887868,1.505370882023323,1.5017480221862824,1.4586112950671444,1.3619028576709677,1.3145474102561614,1.2777937572696283,1.224500501646309,1.1821644205350836,1.138413006564076,1.097938453331497
-0.3905330887557351,-0.3593174599051675,-0.3591973659914721,-0.36032106259281027,-0.3426324493305989,-0.33023523908869745,-0.3267117717615527,-0.28948245377215864,-0.2550998321974256,-0.2512021299343903,-0.22034424852506532,-0.15872468639941542,-0.1482780638433828,-0.1389414562331059,-0.07915272538709557,-0.07485883887312383,-0.07571102687537525,-0.005553772717197216,0.10372847597967116,0.14988636024996815,0.25335713554844363,0.31989085372879517,0.37795875892574815,0.41321823504888944,0.613881232482226,0.6906898656542956,0.732526719779001,0.8644882575581778,0.9325092104935864,1.0108652473078295,1.178154460512913,1.203192330300388,1.2530060259242572,1.3278996358727073,1.3773082104318204,1.4044100112228308,1.4139526929657205,1.3902935093588573,-0.08198516514874382,0.7470454763399071,1.2028662809365225,1.3742982517736781,1.4386607052704794,1.3767160707276014,1.3340081353590703,1.3163955025924563,1.267358257315514,1.2402812840207293,1.1955584717391565,1.1548498710166
-0.2424052907236068,-0.23386700477945557,-0.21430706986301787,-0.22953078637358346,-0.16528441933722476,-0.12523916502076696,-0.10992960349594648,-0.09305560078237445,-0.06926391549690937,-0.06271906355388193,-0.058914526799468,-0.04647332922737933,-0.06465442142278925,-0.07590664724223926,-0.09386503005014389,-0.09863459194544015,-0.09616730054415927,-0.0714368737484313,-0.0033206263617718856,0.04345426872700157,0.18476973825496693,0.2510811444497952,0.30675454076964775,0.3796115439790747,0.5359824035825066,0.6066581460135929,0.6914494263045409,0.8381554282558893,0.890327954333536,0.9241024236347248,1.028586655732027,1.0634442411809362,1.0951460898187693,1.1719410495844858,1.2029620260924845,1.2492678297559736,1.3011511498685675,1.314054162493461,1.344102675730312,1.327759024411506,-0.6543684647921734,1.1973476951255264,1.2399724666647014,1.3643660650795617,1.3714121985689227,1.3585947128845446,1.3175965978370605,1.2966154805050478,1.2811986315655053,1.236456062764695
0,0,0,0,0,-0.23729052088054173,-0.2069628588234672,-0.15861635103793037,-0.0744530018929422,-0.05736466619139044,-0.05187363681140815,-0.08499593339280727,-0.10076354110914262,-0.11524615450296993,-0.07602635016789037,-0.0769522331247127,-0.08414191759002723,-0.039575810798749014,0.020992585061641783,0.0758858697488253,0.2136193498850288,0.27960174185861003,0.33614977757550507,0.39489334035542306,0.5166544120552635,0.5511544375537278,0.6257397387796543,0.7368023498922008,0.8021660295579817,0.8425226304533171,0.9272392225298859,0.969764683844438,1.0019246290828463,1.0782015741162407,1.1169061052902625,1.14072208635018,1.2036837427191729,1.232647389760834,1.25658214712286,0.6214691013701822,-0.8891408840679685,-0.5785660077675072,1.2833940466572709,1.2702145421167441,1.2897644425449721,1.2780427887270775,1.2359640702238117,1.2228037761865826,1.2133451553741759,1.1886449580015783
0,0,0,0,0,0,0,-0.27654661012465515,-0.14737143109022288,-0.07906999840631798,-0.026935775301857038,-0.10293601395996899,-0.15988410955894153,-0.1917090540997267,-0.19130529173230604,-0.16457379244642262,-0.13425922351430838,-0.07634000077588597,-0.05591958390370044,-0.05484190911403269,-0.029789348905199575,0.04810633194206429,0.10554495294624064,0.1563079387497993,0.3039558865872949,0.40791420660799166,0.46995156051990095,0.561830246991049,0.6245990933996916,0.7045357154023252,0.813327014575327,0.8593861116808678,0.9025823222642922,0.9916037113869631,1.0408113149029523,1.0647588752095403,1.161059533451877,1.184954559243818,1.2108715776778374,1.2572802604801285,1.2822253180000542,1.304750452284919,1.0109537889879072,-0.0946404454984354,1.1446231842495387,1.3241644144618134,1.3212304108415767,1.3122436953707841,1.3044890430698164,1.2872679783066299
0,0,0,0,0,0,0,0,0,0,0,0.10490231264942801,-0.03262480159175743,-0.19214783306118952,-0.22056881469834683,-0.22736934472552875,-0.24495290256785712,-0.21047750199146575,-0.18879253926253697,-0.15545263938666729,-0.09006918638480063,-0.07356359596157008,-0.02145959800688893,0.02384037345215622,0.12111107029381166,0.18352812189004464,0.2850299834600188,0.3702818022782064,0.41727500498735937,0.49706320954633776,0.5998107017167488,0.6976464139410785,0.7308788995799744,0.8220083676595438,0.8646611841656379,0.9319132991887318,1.0044363779033245,1.055666069364242,1.0887838560833627,1.1458042995017261,1.1771713990735102,1.2040646300382447,1.2121510803805329,1.2635968952440153,1.28455830694463,0.794999324221016,-0.014921555965152355,1.1211069590418736,1.296162820590864,1.3058941957269319
0,0,0,0,0,0,0,0,0,0,0,0,0,0.01264328089096959,-0.266059954348932,-0.2806207044960926,-0.3405525936739013,-0.2401767057482791,-0.21871937010446826,-0.21867136582337968,-0.1688950471109451,-0.14612914235027916,-0.1305242023810675,-0.10129501091707524,-0.045255035224424915,0.008722779070601972,0.06116852944316024,0.15320602115951812,0.23330162126474202,0.3167795454032432,0.4865097771546217,0.5399113325803523,0.5666488478689455,0.6527935648373828,0.7054520741326037,0.7683585140979288,0.8393465282493576,0.877267283594857,0.9355361909163536,0.9798038872078344,1.0315738922646451,1.0822628645770724,1.118323988814923,1.1642832466837187,1.062960123057299,0.9392709680104214,0.7125038187036247,1.1816452042399148,1.2338516113544253,1.223095306064735
0,0,0,0,0.003489182830686705,0,0,0,0.013357700402204575,0,0,0,0,0,0,0,0,0,0,-0.4909303290139559,-0.3906768336052145,-0.3489569411738052,-0.31998555735646067,-0.25580643797852715,-0.17821472562397261,-0.13102609716641483,-0.09263152758732786,0.05111370510034399,0.15975846080478967,0.23863367288447035,0.35547853386689254,0.408196144386878,0.44659713475373947,0.4855352483822105,0.506683409087694,0.5553400425996402,0.6801776664683672,0.7233085910101967,0.7662967107391497,0.8548807170834792,0.8940790480101791,0.9290840947424108,0.9673724971959216,1.0349152588241615,1.025324242764494,0.9835262996806003,-1.058639679688701,0.9664479260475806,0.871796374279462,1.1110415123115782
0,0,0,0,0,0,0,0,0,0,0,0,0,0,0,-2.5864463818603358e+38,0.02229559474972954,0.035298372132880174,0.03152366449086126,-0.04621396610798586,-0.14267571220485997,-0.20607012091502214,-0.43251619447959444,-0.5206354930900808,-0.5110332381963564,-0.5349886376447743,-0.4735069280379951,-0.2519942105804537,-0.14245114414531318,-0.06418952001005142,0.17207843817809662,0.28402413832893153,0.37060432618710154,0.48555349277378906,0.5104108505901079,0.5911121344080755,0.6959018656568599,0.7228244389084632,0.7516130215350065,0.8146190562918706,0.8353874072488626,0.859001422465128,0.8921143871103066,0.9578892868512885,0.9981797648866749,0.996584129134209,1.0422692971699683,-0.5800375492472648,1.0344783168491203,1.0239662280010164
0,0,0,0,0,0,0,0,0,0,0,0,0,0,0,0,0,0,0,0,-0.17432774860596262,-0.3350584085741815,-0.5750404412070598,-0.615762175290882,-0.6128379157343207,-0.6573993168008704,-0.6274192515850774,-0.39791574731425255,-0.25039538774963827,-0.11522387063609629,0.1606786524097931,0.26315388109627125,0.34967783153207416,0.4841162792415563,0.5607249083017156,0.5952935816330699,0.6074658417548637,0.6437286431693648,0.6738464847176604,0.7433385312044218,0.7676631886329112,0.8170957370002785,0.8449081053065475,0.912111763172759,0.9421146234081837,0.97204136489366,0.9585443828449899,-1.0190958263254273,0.9824398851272443,0.956025866868528
0,0,0,0,0,0,0,0,0,0,-0.10358520694096585,-0.13387619004590445,-0.17327354434184716,-0.20318665527415297,-0.24748412044990767,-0.28547815171482394,-0.35410826580386945,-0.39329820717831426,-0.4332795958637338,-0.5138454175237196,-0.5082684959560863,-0.5134463594887613,-0.4784250729736524,0.39928455246645267,-0.4645681779822389,-0.7123810611318445,-0.6148535255147992,-0.416780422384383,-0.2508966914676585,-0.03785767734844266,0.3212786221657545,0.4229909178262621,0.4910893478747733,0.5574657928158333,0.5874188255096318,0.6187654562718649,0.6855441656335011,0.7113097564163255,0.7130601750446951,0.7114296609079116,0.7265463873424318,0.7248165579730563,0.720047337586919,0.7783115114364053,0.8147904219613861,0.8550854009895755,0.20932149439446693,-0.5848253960543238,0.7623500825853389,0.7891312610696458
