jsons/1312837200.json
{"header": {"parameterUnit": "m", "parameterNumber": 3, "dx": 0.1, "dy": 0.5, "parameterNumberName": "Northward wave", "la1": 40.97354507446295, "la2": 16.46031188964855, "parameterCategory": 2, "lo2": 133.9931640625001, "nx": 191, "ny": 50, "refTime": "2011-08-05 8:00:00", "lo1": 114.97908020019554}, "data":
[rows 22 to 43 of 50, columns 100 to 149 of 191]
0.7173455828698888,0.6821375293153307,0.6525878599516209,0.643900272452355,0.5979499796054636,0.5732642191636722,0.5579075332044162,0.531997230168484,0.532203117927553,0.551590610710807,0.5564959037322719,0.5677783868207328,0.5256333486370602,0.4977103852754744,0.49002262372968336,0.472660198552208,0.47637722297575535,0.475881569813834,0.4828124016112165,0.489809007051069,0.4751272438491109,0.4295674492540262,0.4265232802257767,0.4192757661422351,0.4197693513813374,0.427502697851331,0.4306569275791027,0.43474110614144856,0.431297512039771,0.44553152179654715,0.47843673504288187,0.4992916458277108,0.49760920771375045,0.49854154630889536,0.5153805234048282,0.5235449180267839,0.571149878627915,0.5761959393911149,0.5865457987991699,0.605100085109628,0.6444306381107587,0.6543773217644437,0.677279962103982,0.7162251573566268,0.7408744486105109,0.7480398157709303,0.7559596682093889,0.7624226801623945,0.7770680190029267,0.7622312313262984
0.7438908723179122,0.727250678947534,0.6867018433121523,0.6726931582962276,0.6320880638173733,0.5940197461643651,0.5660861968125823,0.5580875710231338,0.5215649409621912,0.5194189602891968,0.512968500848359,0.49991025628580593,0.48002470022716653,0.48457695002681994,0.4949185485008381,0.4602494033801321,0.4637436438886461,0.46961135432861867,0.4436717676426019,0.4371479889345418,0.43495660043611717,0.4235279297227783,0.44238733181073076,0.47064254451725873,0.4501638583414203,0.45779636478740066,0.46368940420499544,0.4460801652106019,0.4515880060904746,0.46890001750974963,0.4823235013221628,0.5056296088369469,0.5091727015152144,0.515446715551195,0.5633548018931956,0.596759025322317,0.6008098648087865,0.6225289221624898,0.6357321764886287,0.656350434381259,0.7032949722693508,0.7220329266370213,0.7419775044182829,0.7672354219059309,0.8134678659304457,0.8454777348508058,0.8651496736465559,0.8785854771801543,0.8804761474473559,0.8947876707984999
0.7546746829755452,0.7421043389673172,0.745158799178507,0.7266582355707386,0.6941954809202494,0.6660179527803435,0.6325528349390885,0.6233632778917417,0.6118997410217902,0.5914036659023841,0.569615167027387,0.5463422790702868,0.5389490794931848,0.5332427761760751,0.5468276867929248,0.5353961860382563,0.5213746082897694,0.5130478511398927,0.5082241725069626,0.5181519146625643,0.5255484252974949,0.5354357819857952,0.5313910772794735,0.5318237560526899,0.540223936134078,0.5355592024433049,0.5396508747350768,0.5472098302921645,0.553677227555581,0.5573549007867761,0.5516157652364111,0.543073295828423,0.5593431813993236,0.5794772413480149,0.6411917112130711,0.6879897970487864,0.710776783910837,0.7833295736500188,0.7986175900987559,0.8368435818401004,0.8772521313243801,0.9061589224027928,0.9213461372685781,0.9162378678059572,0.9220752393792004,0.9231835498144738,0.9194673998169727,0.9669816861635412,0.9621427489097594,0.9691149069021934
0.7792433660752126,0.780230811478569,0.7463815829749539,0.7355545508845811,0.7374874988263808,0.7305387758743729,0.726565046376596,0.7265500464171282,0.724722824115064,0.7416377866380394,0.710449659891477,0.6603006730276089,0.6210882183309712,0.5797619169798748,0.5942799755486439,0.6140115753067082,0.6139550554304983,0.6172225525371718,0.5974520810520926,0.5849861323337118,0.5583811679021532,0.558692959012496,0.5595014783164008,0.5565547630316416,0.5837473743704997,0.5925977088713134,0.6194141122285697,0.6277058744390726,0.6473922580462615,0.6555936403806929,0.6757449838290525,0.6957238870192737,0.6850281795331606,0.6696810391817584,0.6482372183402733,0.6685803783715232,0.7037081939824481,0.762997944862897,0.8058832902745371,0.8520974057393828,0.7345161441473353,-0.15481295645111356,0.6800411381459986,0.6685170018352258,0.5799597738999265,0.5597148083964754,-0.6378373707058,-0.6933381016517446,-0.568373138314016,0.020033745442965826
0.7860391754005926,0.7862972379568648,0.773579698051201,0.7668966291961027,0.7597630324818412,0.7630479185284796,0.7691047018157441,0.7750931636347737,0.7720213430612664,0.77555789395246,0.7831366037966742,0.780857323873664,0.7331286999342268,0.722147931679391,0.7005803644360779,0.6811682252651382,0.6792881597767755,0.6677413230559427,0.638762584780912,0.6403986648928366,0.6392510494143818,0.6323773877739121,0.6020882500629755,0.5975826963445078,0.5958334517713556,0.6201223688219767,0.6420633429827441,0.6623613125511093,0.6610173270854192,0.6998179666034352,0.7300318764551081,0.7418408814305075,0.7357433257410233,0.7557480813757639,0.7915608985317091,0.824123605522673,0.8424620049183554,0.797733225780466,0.5931165334044683,0.647680436256654,-0.13416664392132613,0.5898642212563262,0.6748146611953499,0.6691230628311162,0.6379863954821829,0.6624708940380951,0.5665250620019538,0.5894379163271944,0.4439727829717521,0.4345985809302975
0.7970837356788508,0.7998417632156336,0.7848411411868573,0.7766429777032544,0.7770559517661038,0.7755228746040709,0.7717455417802632,0.7744586571504419,0.7706914495867748,0.7723782518482938,0.765496613114611,0.7588552673198814,0.7474284884055151,0.7400698629850925,0.7327166347638001,0.6842203525777947,0.6859891822415032,0.6699616954675237,0.682496008958481,0.6881650394866469,0.6958902136805003,0.715542241439242,0.7111138102231007,0.715860556071747,0.716172295801779,0.732756300612519,0.7498443233923284,0.736751706555017,0.7193085827997969,0.7129171279081495,0.702681074611424,0.7040146380318796,0.7057202083910282,0.6903115087572986,0.6717363233792932,0.6571300556450211,0.6504715897614746,0.6488660492248431,0.6447928653559369,0.6350620750883836,0.6588148600021139,0.6618646848326807,0.656187916118406,0.5864051826759531,0.5898333508000029,0.5728941870083849,0.6000892489230255,0.6652993021042192,0.7022513270624314,0.7355839294957052
0.7573184614447884,0.758631220637803,0.7626593444037911,0.7513354772223313,0.7476734452740412,0.7345283185107554,0.7091370893923767,0.7122716686895365,0.7398240162379384,0.7326392474781449,0.7332412974770698,0.737024018426235,0.7234477142373811,0.7200846195954202,0.7166339643975717,0.714005757870667,0.7035120350825701,0.7080498985132816,0.7166807237528472,0.7358499503127592,0.7446904022365204,0.7653470019251617,0.7762078586122645,0.7832911189504622,0.8016622121654531,0.7747043126602235,0.6984966911042474,0.4318501951301322,0.7918901054963483,0.7020909724738583,0.7478518885794283,0.6268258473518993,0.3363402630757064,-0.5488912643211147,0.4227319206577629,0.5928030545428216,0.6553080243756622,0.6904896600523903,0.7258565806577383,0.7196398192322008,0.7299431662447287,0.7254880402941092,0.7134625471114987,0.7437476890900376,0.7424226815674949,0.7483499190842112,0.7521751047295858,0.783076554581161,0.7946324307648966,0.825995285368833
0.7659095264887108,0.764927555404866,0.7617145683319245,0.7547275611746922,0.750401805845466,0.7356282061530101,0.7238931312746865,0.7210387392630069,0.7181027291458166,0.7162885671869144,0.7185762379298594,0.7152167594670785,0.70905295095737,0.7114475369625501,0.7014704102886332,0.6982607082932375,0.7046206519048716,0.7219294837457472,0.7280148666563613,0.7325646195468967,0.737167289081185,0.754678804119771,0.7706178885191093,0.7779766417348882,0.8008526081281372,0.703104266391426,-0.7156723033157745,0.538598234786274,-0.4810151031346939,-0.554678950707714,-0.41611285346527116,-0.3212998577089791,-0.325767399312197,-0.3237447994149467,-0.3160436178530213,-0.3198810245755597,-0.26702909997113244,-0.17129991335464023,-0.09044291998586527,-0.03465456985486635,0.2077028589686363,0.4284994086747826,0.4789049114533537,0.5717106862852185,0.6851954447957992,0.7067251913183595,0.7565433880567346,0.8288698781052904,0.8621400168303629,0.9061739209401144
0.7553727576119537,0.7520999738246319,0.7640652946385841,0.7592099482106794,0.7593779967803796,0.7505871931830165,0.7362350323259501,0.7213924996338794,0.7273216953981161,0.7238630978214158,0.7020016038380336,0.7006502400458171,0.701511678464172,0.7199662422895645,0.7039621211022709,0.6956800446190554,0.6963639324749571,0.7073039144319705,0.7061108458537007,0.7087244002851018,0.7007144308316632,0.7289489844977736,0.7256807560039781,0.7334494278631761,0.7315048874113611,0.7234944004269026,0.6953411771660678,0.6842132158315524,0.5622866513300584,0.44553611147067956,0.3289007483821133,0.20151317023281504,0.20047917200820534,0.20217699812198078,0.18556149304204683,0.19028995295749887,0.15614415220146952,0.19564958486280049,0.19586042867505005,0.2148557034878293,0.23940454401607555,0.2743791146551004,0.30420746149361877,0.4257455147278093,0.46620915340798574,0.5000733900622508,0.5959818077330684,0.6652048590683447,0.7138004664115168,0.7621582056683673
0.7800560962122081,0.7787386614831202,0.7659118871533805,0.75807680912446,0.7627267015052107,0.7544983116398456,0.7426630152962357,0.7327132992742186,0.7163461913665727,0.7140357685060484,0.721746057016209,0.7252278200208284,0.6977721269479484,0.7083506603736932,0.7075031716864837,0.7108399317150206,0.7078487425282546,0.7061487370442178,0.69706226202336,0.706778520699708,0.7149084532040827,0.7102917661996146,0.711718095937337,0.7070445328318297,0.6923147469666411,0.6957912637922615,0.6962450273340162,0.6948519144647237,0.7241452075363056,0.7227894575537179,0.7184295390258303,0.7195285316465438,0.7060782169128463,0.6804980990296946,0.6809609957908064,0.6656767650753014,0.6833063296450235,0.674430752815023,0.6686312240502448,0.6897059886787449,0.6342888386147353,0.6331779962709143,0.6248097141757091,0.6129538324758667,0.6322283024979746,0.6264588152614792,0.6352118819256614,0.6690748336957397,0.6825408700946584,0.69745686667708
0.7801769678529704,0.7156064566821673,0.4023241119244507,0.011180820644268803,-0.1864246085011528,-0.05987755228164394,0.5292556716287358,0.6951218456786892,0.6805860712202467,0.6984869382816767,0.7084787320016149,0.7143911928911039,0.7143256664085369,0.7191714564443297,0.7215625042872976,0.7256089476931428,0.7409994463345588,0.7434013367685317,0.7467606161698863,0.7504825643382965,0.7602617164961133,0.7626270713541486,0.7595695799184997,0.7522578730292029,0.759385840964763,0.7635271863178446,0.7703026209851431,0.7709510238841779,0.7997979872344478,0.8081520129647648,0.8178031055563229,0.8312439045897301,0.8311426950208217,0.8348060911872681,0.8506186673774637,0.8544141280425371,0.861306206483254,0.8552712975270785,0.8474884093106414,0.8401799288627929,0.8424423052834925,0.8434529400355868,0.8453757374352736,0.8410993571418991,0.839718281960139,0.8435070580564573,0.8473468419568869,0.838610832388923,0.8361113471527356,0.8406899153269469
0.7859154256565457,0.7680859585166346,0.731583696197116,0.6838677914951237,0.6468247590133884,0.6327493146146348,0.6503651325203629,0.6630531257569308,0.6728201132690231,0.673716374916588,0.6810270371825908,0.6862885927578605,0.7130318059214082,0.718736705449819,0.7184518071494821,0.7163315771535674,0.7233748387495922,0.7358194053033714,0.7608328219445326,0.7745738162628977,0.7754863034979077,0.764904440227869,0.7699983292645265,0.7812112718138674,0.7713865926379478,0.7738554941375521,0.8022543123975351,0.8266903344358753,0.8353887517146822,0.8508222983003592,0.852522758084394,0.8593563223346574,0.8730264121238019,0.8808021990980136,0.8902146564334117,0.8962406334142876,0.8809034179607899,0.8947396292928124,0.8786299372637109,0.891927255375836,0.8875504324205818,0.9095173329235334,0.8873045054630916,0.8818062031252466,0.9113171278818506,0.9224211165845865,0.9259531262798492,0.9154061727312661,0.9160542059156418,0.9141696191192055
0.8075741380296138,0.7821253663414702,0.8221108619418798,0.7889562251456231,0.7722778659476417,0.7530096787686528,0.750234089784547,0.7632943608371662,0.7853636133222991,0.783517540612465,0.7909973430413494,0.7993863379748632,0.7965748210097934,0.7933604951703712,0.7951653120356358,0.8037233531534816,0.799972787583343,0.7981009225761728,0.7997372305270032,0.8001383035050214,0.8032764569056356,0.808804150729253,0.815354358783423,0.8223814215086538,0.8195130305451885,0.8231872253275139,0.8272953509997397,0.8264241423340298,0.834563619903415,0.844025342641877,0.8464644744817009,0.860523591543522,0.871569552203548,0.8498779623893281,0.8254414918571772,0.6087033823222893,-0.5247040756646545,-0.45474154085217494,-0.8695945681506592,-0.43825932228076303,0.1558095067991427,0.3521281761975235,0.6663554480897395,-0.8917414113577246,0.7158182329202906,0.9290240876145722,0.634140975300689,0.8166476680229385,0.9206196051824669,0.9155876602918335
0.6136736459067387,0.459514330278603,-0.3829048233163943,-0.3203038853372692,0.7880337745037468,0.8074612896297634,0.8032784790145119,0.8289585962260514,0.8280500582664724,0.8333009711272444,0.8406590486648121,0.845792820649276,0.8457848377671517,0.8512797149082433,0.8519532921580176,0.8478395679425695,0.8497840811823769,0.850926346720229,0.8574642667428919,0.8584068839765506,0.8593694989538774,0.8596309295149522,0.8555645498425317,0.8602558295137421,0.8657961310660938,0.8689570542586248,0.8688962278376355,0.8701435277836919,0.8678115747593048,0.867503919567603,0.8738213046711526,0.8749322740934242,0.8845758031945782,0.8943426051442622,0.8845782595340026,0.7937476343042633,0.6829820324167696,-0.8078874992508326,-0.4792103144595281,-0.18276782694273241,0.8388020565300558,0.9341969477038582,0.7681036929431174,0.6473528774673158,0.5770279724206984,0.502411408503366,0.22553538549108412,-0.7979797217837857,0.8434919457463146,0.9743092179040624
0.9157050524268504,0.9196778154146239,0.8899593369634243,0.87533106035667,0.7824344027094277,0.5079761188178443,-0.09306725879084968,-0.8372675942147682,-0.5867791546129305,-0.19365938331535765,0.7756922787614762,0.867912984974356,-0.6666395463726986,0.904987718661365,-0.8024682577129194,0.6528756470199072,0.774437257112638,0.8206406487106337,0.7951715623478521,0.8738360578251877,0.8901585600431748,-0.6263484889557001,-0.3392596925979137,0.6566449415677041,0.7955672619991925,0.8848477980692875,0.8999612434353819,0.8795324790730584,0.8367572304998724,0.783791534488674,0.7617885955730027,0.6932367650593101,0.839105786151282,0.9158369802603606,0.5939151881714403,0.191927937163007,-0.7982883460747139,-0.11643494691229246,-0.8933941770245233,0.08313675116232805,-0.14291421934527826,-0.7653280305030942,-0.9547271677970447,0.717074449994682,0.9620964106713544,0.8835251356452816,0.8404856021310385,0.9220640734877843,0.8908849776869457,0.8407843950849307
0.9360884958903288,0.9541629499704917,0.992498770972544,0.9910510828590111,0.9770298377715874,0.9759854907800792,0.8889194610469305,0.8021807516058507,0.4782529780467233,-0.7835673821521103,-0.8171407620828165,-0.40990537592523774,0.6362456051470056,-0.10458138073126315,0.2606531247472912,0.025882152164442243,-0.9429257194566756,-0.0683896911941786,-0.7644754670160734,-0.42923878230971496,0.3081884755205632,0.8046245374163913,0.8816722058972274,0.6207780312671269,0.7168148352009166,-0.25038772585902375,-0.9285802487026479,-0.9604838320308396,0.7120663636471506,0.8368825394246484,0.3076026331277065,0.3025223111495802,0.45678497129561224,0.7635448945576135,-0.8980650945935638,-0.7890879558209288,-0.9485912373688892,-0.9134103880894529,-0.8403533666297411,0.2890816368528948,0.8712211854631691,0.6783414367777564,0.6926785683033343,0.9295785293677415,0.9461951612044328,0.940104163075098,0.959247305970307,0.9696273488140896,0.966063287613122,0.9599097283245881
0.913217362600154,0.9179930386342466,0.9393921916636722,0.9491877063000895,0.9529406927040284,0.9806233090258841,0.9891641512627916,0.979820876203328,1.0202055345349659,1.0144708591666671,1.0115312182621785,0.9654726041531343,0.9742356181735856,0.9501548680276316,0.9580854704790549,0.98788370315349,1.0046606147599912,0.9832455789865328,0.9903105712078201,0.955840730736105,0.9905642755488995,0.9923448857466528,0.997848625409912,1.0038069261008065,0.9986894753807602,0.9956132424428001,0.99848239599139,0.9919659980912903,0.8419671890145196,0.6861285579224672,0.7165760660434971,-0.07763589458435952,-0.5242628732863398,-0.6763027330250316,0.5033753394788298,0.8960757731915621,0.9729992192065057,0.941872707836071,0.9515862041434555,0.9875702761364901,0.98849607581461,0.9863042078369308,0.9838815394827238,0.9684918307873432,0.9536793005527329,0.9512465374075844,0.957644145768713,0.9664373888965567,0.9733212658972903,0.9783438381364803
0.9363128723193683,0.9381336376311733,0.946990125530918,0.9500923444033206,0.9608382529515316,1.0038185171581202,1.0112031246821942,1.0033203717822927,1.015344676922234,1.0172679559851074,1.003784326307425,1.0151251970654251,1.0263934341155654,1.0334760477742053,1.0425683212099603,1.0328169978949364,1.0138261166242237,1.0076679834861793,0.9984644643358144,0.9956537064484478,1.0017671800834005,1.0126602165584926,1.0111897703268116,1.015792020576049,1.0226718988169943,1.0257412384478741,1.0284607100981533,1.0289587522543042,1.0329810936906356,1.0382983780651964,1.0476233929302112,1.0501207756134272,1.0284212056246511,1.0182546282516232,1.009619205803142,1.0081858114450675,1.0072196947764234,1.004883380302328,0.9978624851841889,0.9921269678144187,0.9891697740385474,0.9851494259045993,0.9793037403964985,0.966742006181163,0.962919536209659,0.9636876825337637,0.9631100374680506,0.9547179206896413,0.9533138087975148,0.9499679730690017
0.9516024976522834,0.9513477663409432,0.9680449927057927,0.9841524157054865,0.9965261556242343,1.0055979397452117,1.0182272520086737,1.0240184003915884,1.033057402384307,1.0567371715990757,1.0494891925511534,1.0634218700480473,1.062864529495623,1.0457492344008017,1.0399406417004067,1.036075607196371,1.023400591269371,1.0132687172850587,1.0189732245247614,1.027261557669795,1.035869607455925,1.0414749744180312,1.0434584182300506,1.0543381857627645,1.0664751549123277,1.0727776477912205,1.0712604680141098,1.0665061245828995,1.0582240314414724,1.0596634698736953,1.0588849737113128,1.0594720568846847,1.050502561872303,1.0529513749717263,1.0555199307337266,1.045399433882783,1.0349038413866714,1.0268059882500598,1.0180845131165026,1.0072448191986487,0.9970366734296502,0.9893728179613843,0.9814050503888085,0.965473371913257,0.9550418833905298,0.9377060342401331,0.9325786865661861,0.9287227395246092,0.9201474919514806,0.9060198635915093
0.9943456823977236,1.028468195541562,1.0041898783069125,1.0161622150411194,1.0319281632354245,1.0591503372725666,1.083205185123882,1.100221960459165,1.0848855875082095,1.0798314724962372,1.081716201929087,1.0737842644851099,1.0781065163744548,1.0652022304787871,1.0642144451926625,1.0632244449151855,1.0518002010633225,1.0558586576752054,1.068268859846855,1.066835651329043,1.0581996445687551,1.0594775296198702,1.0672603790555366,1.0688459311718788,1.0711774739365005,1.070799805867504,1.0637307366300637,1.0600479799239317,1.0577270810407995,1.0548851368039371,1.04796025141037,1.0382145716940783,1.0350039867116372,1.0327395427271995,1.026560506072088,1.0237237455590111,1.0206890640998125,1.002363961237113,0.9888261373468662,0.9704715493586028,0.9684897025984834,0.9674121724845854,0.952451362129635,0.9404531109282619,0.9237264285987562,0.8876066513281518,0.8602989375561155,0.862597777637551,0,0
0.8962001770657759,0.9463300240411762,0.9826630084632257,1.0021116739520546,1.0484686276408581,1.087782032241729,1.075438429347881,1.0470233576196348,1.0129006933502231,1.0490368643482555,1.053212079177896,1.0596277225274564,1.0744930664722785,1.080124605054495,1.0911226564350847,1.100020874487118,1.0952553015533237,1.0997016844937406,1.111920262400914,1.1211593788959764,1.0981404350908466,1.0903140807899674,1.087178734084147,1.0893209750616037,1.1065926614690134,1.115742947005208,1.1069213159024824,1.086191677780305,1.0651683598402704,1.0577559288022857,1.0547526506707654,1.0427639901675168,1.030743624416692,1.0219214049216134,1.0085233727375205,0.996543528566941,0.9933800598791311,0.9868099578150094,0.975175560642216,0.9591950125386708,0.9468484431746077,0.9302338170497182,-2.925261438315648e+38,0,0,0,0,0,0,0
0.9729325025632973,0.9873324425670313,1.023975534985325,1.0412408717526878,1.036811001795212,1.035356184558733,1.0439387492621555,1.0465337200490503,1.050509392808639,1.0510693377652787,1.0544509857188202,1.0576111506221106,1.0800577466300323,1.072774936836301,1.0749790733800921,1.0857908987703664,1.0815384584958236,1.0785739100579645,1.0744636359162405,1.0721273790591503,1.066535356531728,1.0536680930305493,1.0456592594258736,1.0400948726069288,1.0488396374608437,1.0421764790498618,1.0399525379500818,1.0302446260217526,1.0046223089727175,0.9818522461765522,0.9741889244486428,0.9752887315624598,0.9685130167421411,0.9623344883301833,0.9345064723867217,0.9155219607706138,0.9137020591151424,0.26759731367419354,0,0,0,0,0,0,0,0,0,0,0,0
