jsons/1312887600.json
{"header": {"parameterUnit": "m", "parameterNumber": 3, "dx": 0.1, "dy": 0.5, "parameterNumberName": "Northward wave", "la1": 40.97354507446295, "la2": 16.46031188964855, "parameterCategory": 2, "lo2": 133.9931640625001, "nx": 191, "ny": 50, "refTime": "2011-08-05 8:00:00", "lo1": 114.97908020019554}, "data":
[rows 0 to 21 of 50, columns 98 to 146 of 191]
0,0,0,0,0,0,0,0,0,0,0,0,0,0,0,0,0,0,0,0,0,0,0,0,0,0,0,0,0,0,0,0,0,0,0,0,0,0,0,0,0,0,0,0,0,0,0,0,0
0,0,0,0,0,0,0,0,0,0,0,0,0,0,0,0,0,0,0,0,0,0,0,0,0,0,0,0,0,0,0,0,0,0,0,0,0,0,0,0,0,0,0,0,0,0,0,0,0
0,0,0,0,0,0,0,0,0,0,0,0,0,0,0,0,0,0,0,0,0,0,0,0,0,0,0,0,0,0,0,0,0,0,0,0,0,0,0,0,0,0,0,0,0,0,0,0,0
0.05791266424586089,0.10685966286083476,0.14630728826489767,0.15794597899158774,0.21500932297100595,0.2641209190271423,0.25175201534804204,0,0,0,0,0,0,0,0,0,0,0,0,0,0,0,0,0,0,0,0,0,0,0,0,0,0,0,0,0,0,0,0,0,0,0,0,0,0,0,0,0,0
0.15585103888860857,0.2047444586474023,0.17805987965642733,0.1809740752151298,0.23617931098045727,0,0,0,0,0,0,0,0,0,0,0,0,0,0,0,0,0,0,0,0,0,0,0,0,0,0,0,0,0,0,0,0,0,0,0,0,0,0,0,0,0,0,0,0
0.22341076696129963,0.2132114984897334,0,0,0,0,0,0,0,0,0,0,0,0,0,0,0,0,0,0,0,0,0,0,0,0,0,0,0,0,0,0,0,0,0,0,0,0,0,0,0,0,0,0,0,0,0,0,0
0.24849411988020154,0.24746586700917445,0.2679925920855783,0.25889739599628697,0.20417970047195302,0,0,0,0,0,0.09040744291857926,0,0,0,0,0,0,0,0,0,0,0,0,0,0,0,0,0,0,0,0,0,0,0,0,0,0,0,0,0,0,0,0,0,0,0,0,0,0
0.23476581647820322,0.23127227557845995,0.25619754725813,0.2909648885063119,0.31149939545622857,0.3159934678282473,0.3123785628987608,0.3134020131843684,0.3144883021645357,0.293829572307805,0.2941392871621252,0.2927723178569683,0.2897238028039867,0.31100536519543737,0.3201696958075406,0.3485314581035644,0.37460238691647546,0.4175623507463843,0.3774133500400202,0,0,0,0,0,0,0,0,0,0,0,0,0,0,0,0,0,0,0,0,0,0,0,0,0,0,0,0,0,0
0.40485956615594737,0.3849820794670845,0.3936473281129154,0.41624203607433513,0.4503901086513517,0.4601581186119358,0.47448763930169424,0.4911019736420976,0.4876114249135935,0.4985401297662599,0.5221613069981691,0.5438363780580927,0.5520223368443878,0.534837965064531,0.6082165610364719,0.24409432420021887,-0.03564424020097009,0.16991215123343456,-0.07216005521132983,0.08874551641694521,0.12730864431127514,0,0,0,0,0,0,0,0,0,0,0,0,0,0,0,0,0,0,0,0,0,0,0,0,0,0,0,0
0.4315153364898894,0.4528922793244164,0.46308499393078634,0.47863794722164144,0.5068468326707185,0.5333121621003285,0.5620422154783032,0.5898479242097024,0.6106328106292976,0.621715537870612,0.6459004171768594,0.6493377101636062,0.6580609596152195,0.6635892856989408,0.6579306662181085,0.6603199616646872,0.6561925130190713,0.6192530070610776,0,0,0,0,0,0,0,0,0,0,0,0,0,0,0,0,0,0,0,0,0,0,0,0,0,0,0,0,0,0,0
0.4436551077267803,0.48004254844771704,0.4862607233853283,0.49193454607848974,0.5105218981866548,0.5212949152901261,0.532228041491049,0.5747951528087939,0.5891138982153296,0.6079708163678252,0.6313965453591955,0.6388600220699846,0.6472869242974167,0.6639294699467176,0.6678786363160797,0.6529409591931837,0.6187572518297986,0.5021603891484234,0.5568689761485492,-0.5282685744305796,0,0,0,0,0,0,0,0,0,0,0,0,0,0,0,0,0,0,0,0,0,0,0,0,0,0,0,0,0
0.49658028584301267,0.5138422365466017,0.5179125500689362,0.5325298743057486,0.5554205988810275,0.5704636456700656,0.5864550344329419,0.5991573298413513,0.6205452593073348,0.6592201911763836,0.6735094053815118,0.6777540401897459,0.6734378621005139,0.6702720979844418,0.6053256885932492,0.6309474859119067,-0.5581537647790442,0.15632163155751944,0,0,0,0,0,0,0,0,0,0,0,0,0,0,0,0,0,0,0,0,0,0,0,0,0,0,0,0,0,0,0
0.46747582371813595,0.5152947359532843,0.5413251445305112,0.5671903879353529,0.6330723625881114,0.6432216981614519,0.6683428375762359,0.6995600465323436,0.7045729181087845,0.6973500631558815,0.6892291561419319,0.694533184749156,0.693863040315421,0.7036339348366384,0.693641940635443,0.6380959248776809,0.3973640232939112,0.24506484487711166,0,0,0,0,0,0,0,0,0,0,0,0,0,0,0,0,0,0,0,0,0,0,0,0,0,0,0,0,0,0,0
0.49472894050121125,0.508166812995111,0.5059936864670022,0.5201351610679115,0.5619046154998453,0.5831340527795909,0.5951811746507866,0.6270819442570092,0.661751255703682,0.7044755451004546,0.7168800125354171,0.7220295218469023,0.7261961368026243,0.7314819160112742,0.6749151884437735,0.681739847281107,0.4763615941671791,0.3265102313901889,0.17781198147786723,-0.0645294351823745,0.08087207706201377,0.12003077377383216,0.13321746048427985,0.16481978439742076,0.1736253874617905,0.17457002853088024,0.18002519680325305,0.14207613271166625,0.14977860094194198,0.16916085931679992,0.22573283733299726,0.23881550840929114,0.26493751661436177,0.3087781233108895,0.345339837495349,0.362046212725336,0.38217930775997416,0.38448876007482896,0.4068178914486089,0.4403491599705502,0,0,0,0,0,0,0,0,0
0.4402211220943714,0.4448348930748737,0.4525125596836005,0.489385086265059,0.5271454449723137,0.5469014455644242,0.5694107159036286,0.5902899432705683,0.6045564196797247,0.6317339824304936,0.6806216533347308,0.6947007297455642,0.7165287865275466,0.7254157260096332,0.7640344422540158,0.7759133872093792,0.7797144635209268,0.7167136186787879,0.7529241940969973,0.6585539115581862,0.6527377229571993,0.6663428364297317,0.7040249183123239,0.6557508327171274,0.6420534484606027,0.6337337333384502,0.6352909529524227,0.6140305943013412,0.6203986234739348,0.6134556738946871,0.5595138559443098,0.561969872579137,0.5832881044999281,0.5743080944296958,0.5650664979769906,0.5560950155236437,0.534673322133386,0.5444241693095263,0.5558095106746984,0.5604403817667958,0.5576384898778115,0.5563415891438123,0.5600259878304223,0.5598653226756506,0.5630036131052645,0.5836519317303905,0.5784527632987,0.564862655702587,0
0.5346364610676064,0.5181087877291028,0.5065178770013372,0.4799057239865282,0.4693751791851662,0.4671251735290567,0.4884965883022622,0.5427685153589631,0.5577855587974573,0.6034763268186789,0.6311651332910547,0.6648931540481184,0.6024651721924948,0.18578813570840852,0.30155434623044935,0.4142248777241357,0.3697709835925948,0.00048147696884039647,-0.2749520543655096,-0.5895158798981478,-0.5808444380298701,-0.46863107107545987,-0.3387729120093001,0.00736985769007773,0.19818277761284714,0.27524602349353255,0.44704223462896375,0.4790118916265404,0.5397902407585204,0.5687415769749005,0.5852898100289732,0.6079612334997377,0.6242504855149457,0.6229389226425406,0.6231935285831991,0.6257427488088135,0.623380460181436,0.6197579837802689,0.6170502152877094,0.6185854455432196,0.6210176889800162,0.6161699408666251,0.6250223017695719,0.6299417546255242,0.6370887008645091,0.5914933191191676,0.5904210713562504,0.6070730028718937,0.2930067478828123
0.6339387354394124,0.5997789688285661,0.5959304255963354,0.5721017013423311,0.5441388952151679,0.5417407926645922,0.564386500024031,0.5525230553077122,0.5740446999855079,0.5781622985606137,0.5524528885333364,0.5677124327426152,0.5632304078705497,0.6002276458287671,0.6163550007740296,0.6016738569128834,0.5618023270411167,0.5198730733880101,0.4798013925264998,0.4748587130065599,0.45924557495826906,0.49908191103955696,0.46747366337632223,0.4817130456151912,0.4741435571343507,0.5085961904779823,0.5291176549106655,0.5390962196009268,0.5441724916504374,0.5504100791476727,0.5644460396197123,0.5842659949764704,0.6024670814419006,0.6117182789947339,0.6236752632346912,0.6295515886743591,0.6326217925407904,0.632623628509481,0.6303688479711583,0.6267718532914974,0.6279620429710365,0.6267455464771561,0.6078949464374358,0.6170297231898358,0.640601443626305,0.6658404528292154,0.6746299417957563,0.5808428186741492,0.5390615248587304
0.4623136503813787,0.4397842021838739,0.42198920219041014,0.4554845958163156,0.47294304480108096,0.47816586737433026,0.48766482537868866,0.48866355539768574,0.4853035258398458,0.48111074607323884,0.4995343064619056,0.5067035897386336,0.5409934966569072,0.5613757991592128,0.5969981383406945,0.6291161040891704,0.655803705611987,0.651829148334157,0.6432667943765595,0.6344493161269071,0.6440323151396047,0.6476102225469376,0.6535460176367542,0.6843324469263271,0.6972577085988629,0.6993041042788407,0.6884664458867366,0.6784214401083939,0.6824235082713868,0.7030484090649056,0.6808356931528476,0.6847504356649313,0.6908159855909255,0.6958023575373263,0.6877126810157923,0.6889977835247487,0.6787075215223708,0.678438461920262,0.6772916111021249,0.6759062402178123,0.6780878391472362,0.6780521356415989,0.6754961726873182,0.6670046146975962,0.6647799602219736,0.6736850759185182,0.670164019008921,0.6648343972532832,0.6640999793872093
0.172698723359075,0.15501557053796594,0.15870788834213273,0.18547769039359185,0.26152439438158437,0.2777358344755144,0.30010712489581026,0.3340169747402069,0.3543676868004279,0.3747174045226474,0.432796680892071,0.4335347674120418,0.42964862717885577,0.4366305091050948,0.49113010394669054,0.525297883774399,0.5412920929438835,0.5685937549412455,0.5847663762883594,0.5946951363240444,0.6169900054170027,0.6241613937589935,0.6453720090050306,0.6463183718626035,0.6447656278453455,0.6381932317164215,0.6757715381334565,0.6903620967285905,0.6984159301066392,0.7129407577911536,0.7311683688539933,0.7385584284027914,0.7456576477594336,0.726721716641393,0.7305425307518667,0.7259794322944385,0.7281770574101881,0.7332974547546881,0.7308088856893283,0.7148233819882034,0.7156050742550591,0.7073727224078189,0.6975706650138225,0.7047471819617442,0.7003937727910864,0.7070928142226374,0.7048534693116293,0.71423414901523,0.7412178771017947
0.04928257724167118,0.1291198840485826,0.13565024633064862,0.14089352840473668,0.1531299523057175,0.17049189394689757,0.21532430859174598,0.2717359301715498,0.29060865087597865,0.3110186349264218,0.37759464051082037,0.34405507814588937,0.3230226747321799,0.35535435424897455,0.39309841881171,0.4235112996098267,0.42021467941766555,0.41146765060481727,0.4868351627198631,0.5372288184458772,0.514598260292427,0.4970278617911274,0.5214049322000555,0.5248250094219221,0.5611597966737852,0.5972672445345736,0.6211258124170489,0.6310311331033672,0.6432843359149986,0.6526649969912693,0.6726034396149733,0.6922029178471214,0.7012481049563628,0.7258688680849863,0.7297218883631866,0.732877442736874,0.7372314451067062,0.741622991126882,0.7324823401792783,0.7100360495073792,0.7025497730072866,0.6953682271074109,0.7013008864835559,0.7035894479261645,0.7064310715404619,0.720715627294178,0.7266495355363485,0.7262772418614932,0.7091236732125414
-0.2684357927817198,-0.22417167247217326,-0.16722545430931934,-0.1354277357800222,-0.06498424423863701,-0.05049611792333598,-0.03486983535147823,0.023963027785230673,0.06677854244686268,0.094433823749089,0.13988186555452925,0.16195928474076532,0.17871871320299706,0.1937421239771536,0.3188886442433497,0.35164840692361465,0.3843910233367462,0.39300539427114944,0.39467871158091916,0.39607772027719534,0.4080310153256132,0.4209082687090759,0.4286478557145316,0.45623715156001027,0.4751769529113244,0.4920099236867894,0.5159471149118606,0.5349935785818111,0.5507274931627539,0.568904806793877,0.5915873333158951,0.6034553173464344,0.6115201681153892,0.6711319872996364,0.6668841975741233,0.6600848128844502,0.6602009136084941,0.6618792009197965,0.6656356079015266,0.6861001438368577,0.6691503416103213,0.6675473903889456,0.7025230268300826,0.6957033227165478,0.6929610487613087,0.6933429082975376,0.6776918282618501,0.6739112248023091,0.6821829426449324
-0.25242544206928647,-0.16810730679011554,-0.1203062182163629,-0.1166476875721211,-0.08004241414880878,-0.0670837553251118,-0.05701770018309761,0.004644110344125844,0.05108356598253451,0.0906646734441636,0.12830637992897526,0.13412166965897507,0.14648070887834705,0.15861489581277027,0.1711667721231831,0.1921052081032114,0.2676391396583535,0.3293036271801527,0.3699237230038918,0.38948484434066283,0.38676813736920534,0.3989252700417282,0.41364565997117364,0.43294121615541403,0.4420512670071498,0.453402329867098,0.4839948316677712,0.5179973584027653,0.5119205905847498,0.5170659918316157,0.5525930753646061,0.5687844395776799,0.5849757909584243,0.6170028384548685,0.6420133761599989,0.6634971985275214,0.6707216089649305,0.6743206112602685,0.6692290769708155,0.6507087787180424,0.6550960094604222,0.657995386655744,0.6256617546713255,0.6236254512325136,0.6257237022095806,0.6406874135583812,0.6474742037858148,0.6674320019396149,0.6817443368328048
