jsons/1312646400.json
{"header": {"parameterUnit": "m", "parameterNumber": 2, "dx": 0.1, "dy": 0.5, "parameterNumberName": "Eastward wave", "la1": 40.97354507446295, "la2": 16.46031188964855, "parameterCategory": 2, "lo2": 133.9931640625001, "nx": 191, "ny": 50, "refTime": "2011-08-05 8:00:00", "lo1": 114.97908020019554}, "data":
[rows 22 to 43 of 50, columns 100 to 149 of 191]
5.55727809693546,6.396561547989664,7.353706050361265,7.6663023992064305,8.035843573825103,8.454015697687833,8.506916755203674,8.543967543102461,8.733392931302099,8.780562867027964,8.659846460143873,8.550700517210704,8.554400577354107,8.217450987637626,8.156677554474287,7.971365368150976,7.71357476491627,7.5458961862111,7.405538310568694,7.208111972023505,6.931485704343027,6.7651692975398685,6.548559878120626,6.364783236158693,6.286799002162399,6.159516458224947,5.960383625106007,5.804526660355952,5.67101218562734,5.447354596894246,5.289761303813032,5.213539585444846,5.001901199048744,4.865911092860242,4.755175445707801,4.587228406164576,4.497145170002512,4.470928271150108,4.353793390201785,4.2259282891965455,4.16653541155538,4.098306350981551,3.9493312982331754,3.893747784965309,3.8130854043240086,3.6523485536390714,3.5745365042851596,3.499741337655332,3.388561324052641,3.3145341831359483
3.920239620578395,4.728506041669555,6.014244500038732,6.500329747827515,7.163948901441293,7.6560874779524015,7.8090769152444794,8.05309156731472,8.242951465506668,8.329883529147008,8.212811276239455,8.20190519263752,8.167303690469428,7.995286606991686,7.8795310019043985,7.8531219895298845,7.575182335105421,7.41367463526193,7.30289550043493,7.140562433217114,6.906998630167858,6.765802391160914,6.7577071701984766,6.467964726407326,6.330030391232275,6.181470522278373,5.912867931725837,5.728966044123229,5.616693379624742,5.362643753017786,5.26337753491071,5.145464859476276,4.894541708070916,4.859481089744406,4.779144339927128,4.571626857821259,4.529625526672323,4.4401210025662,4.361393441676759,4.231746297012958,4.152445308892002,4.082989643186505,3.9420398933772653,3.817284390226768,3.751881766807116,3.5640458959670687,3.4957706351688715,3.4309265651868377,3.3308643350699803,3.3096726270786663
3.2492750413582394,3.9161740767240736,5.142321028185849,5.429391742908915,6.0293284912023095,6.462030047433261,6.846483785922179,7.050054152967431,7.405588130458192,7.41601269823539,7.607755937336627,7.532717565139038,7.550410081290019,7.4106746080512,7.370551341037276,7.295823254427504,7.084483264899282,7.0764018897542975,6.925800121827507,6.788571850710345,6.549250615906251,6.449586271863353,6.334298321160159,6.143294007295696,6.0404786329733575,5.94545822537298,5.701955929716786,5.57221334391407,5.4215217580397255,5.21454199688344,5.083196288184586,5.046364536911649,4.892567262416404,4.842883829752932,4.732990364434152,4.573911256763208,4.4747206574403995,4.3929903871289095,4.315013430833186,4.136558979084101,4.071878807598408,3.9757768006976666,3.778850812598735,3.647519095084944,3.6017127879522746,3.354138191664347,3.273822020726555,3.1801316135041673,3.118305769312007,3.1290849867286243
-4.647735235832898,4.631181279286121,5.930419682056108,5.775943326666556,5.877754940530494,6.042903197326702,6.236265071785303,6.4019879095604155,6.508102486115909,6.515547600175178,6.61636457898614,6.670758573106249,6.682975382719267,6.572200808296329,6.518462909858285,6.418635494614997,6.263672416324717,6.151241646970702,6.00496346478257,5.970000693641488,5.721311602293846,5.660770870917955,5.551900830360009,5.442571891366321,5.403707801242404,5.322552920096153,5.174328102608639,5.094489068422057,5.0237473637034835,4.876526489152516,4.811986945945016,4.74496528041984,4.592801024676814,4.528696739607312,4.457319690729571,4.352822749234687,4.31429419809744,4.257801915730931,4.203851246528291,4.042806496198386,3.852609146469595,3.6829012827610756,3.0841834326050295,0.37142580185997004,-2.3753771956739946,-1.625080088980456,0.01054446517054654,1.2079947397422108,3.1527904642603177,3.3101850658122434
-3.3515057672068473,-0.7816110184771508,3.1142952055798547,5.466600884266865,4.186304274378968,2.9449801168847127,3.579641433335602,3.803090364289478,4.516500454863238,4.753283995754536,4.901245846381088,4.977464659412736,5.219097898851758,5.222948909806916,5.254294336935821,5.260030241553201,5.243548232948497,5.160874000574006,5.077015221671263,5.051109202722115,4.951815879233367,4.929381157693201,4.895582169947817,4.779824922309709,4.75241729904154,4.698134307993417,4.6890131272594004,4.638288426671584,4.600275326873732,4.4501487951185235,4.422696149489711,4.322133986732604,4.226944281479375,4.181656952464579,4.130552340493722,4.00923326370253,3.938789473044516,3.8281538170732046,3.8527438467090525,3.8710898799935967,3.1327174353638427,3.2054843410524803,3.5750206321459017,3.549192904031428,3.542372018884884,3.4505560031529527,3.446535194298157,3.413368629024033,3.394249476781705,3.383332162220708
-1.543673860864819,-1.639772812314118,-4.782703975820587,-4.9169017453225585,3.36702254310549,2.8059450483654467,2.1160964749459326,1.6033092713628823,2.2323426718013595,2.477555488155187,2.789865313726601,3.0425900851996475,3.4953145423899388,3.656439451228786,3.7524151221115316,4.101613268784341,4.123158373066065,4.219678381430954,4.261915394027846,4.316985910404276,4.289561608415877,4.291308438711728,4.3278903358727225,4.289422640701153,4.340601766177106,4.373436902881728,4.405706262365855,4.480493822967698,4.491209693655184,4.335980473087978,4.212773268637435,4.165034455018952,4.069910803454937,4.046827958911662,4.004436422728709,3.9012372126728345,3.8735355057843734,3.845786756597289,3.805781944850334,3.7374501744005886,3.7012669051315394,3.65219693753899,3.5816902544371447,3.5346775840708826,3.4716974977713937,3.4070230767784633,3.3728378237554484,3.3474988902617184,3.294543790216102,3.264123435694016
-1.3337961133163871,-1.165496766532684,-2.1765807267039934,-4.8984615406559895,1.1327352093538807,4.179115647453214,1.9537617589074119,1.4740543062819984,1.2499356788430334,1.6247605135063832,1.8055403613609244,2.0653480966428432,2.5789583881842484,2.6928916123399222,2.920247718268943,3.226890287951181,3.373730866464362,3.4359913087080387,3.564757000065735,3.58118484178888,3.5533848956092777,3.528731185689643,3.4902706178857272,3.4827798644615835,3.4688222418754866,3.46381787270445,3.439850412978512,3.3934966495739767,3.2686317264000753,3.1407523758297367,3.0267308921463365,2.9901131867368274,3.1829186768595807,3.3567628977637183,3.67511948113091,3.5130521691358165,3.492636944418434,3.433548895863487,3.3994669159199673,3.3283063432140465,3.3158565730203318,3.304800387059426,3.2957283643314774,3.283125400312231,3.2713670690451457,3.2629508558740747,3.2564189995111574,3.2121436007241364,3.1914618182390457,3.156285550142883
-1.4256483334206913,-1.180480554170766,-0.9082809976068614,-0.6963217867253567,-1.170032214331787,-4.29157520105718,2.5566368217763116,2.6763905925368903,0.6914885038174641,0.7940324859188855,0.9715131432581302,1.17413272730882,1.5172099578578306,1.7398310170035942,1.882108891933613,2.204464083495626,2.33493153516886,2.43602506179167,2.5718323771790863,2.628911719873287,2.6727473921786498,2.77611463901213,2.748610835740895,2.712953070078346,2.608573253412627,2.541522122609022,2.365078142850785,2.629770715344527,-1.6262337083435139,1.3611202281389096,2.519471055037028,2.864486456340644,3.1240762839592313,3.2042150632671196,3.241285176751585,3.3537653855168745,3.297400735090877,3.323676713241551,3.2950770060691075,3.2816557681190033,3.2293608249539134,3.176176143217187,3.130888446788147,3.0869358193362206,3.0449907364819087,3.0279300350147875,3.0069563510628754,2.9795235890958285,2.9473353881616657,2.896794724750101
-1.4310327940106289,-1.2749928313370362,-1.0229677601947387,-0.8225804183852692,-0.7275655334639891,-0.9173840086824594,-2.521030272747601,-2.587764426719311,3.461394216292219,1.9814231232377504,1.2543387184329753,0.5895452948205252,0.8484747917390908,0.9689810199855918,1.1157651094202223,1.4117152416542331,1.5117837629137856,1.6626487126611582,1.8675209983019518,1.949259334958593,2.0366637748757563,2.1855741780496527,2.263712238090981,2.3390563021075597,2.343792593164173,2.357575512932781,2.3868962362578894,2.439907664829186,2.7006087841491007,2.767751149668245,2.850346921763325,2.9991581828680345,2.9437494109023477,2.917473929149266,2.9352051327556103,2.861527513936537,2.8947143071827166,2.8160475393562825,2.8779560410580767,2.828672586914919,2.7843651652898602,2.7555073899936517,2.7008969582024114,2.6783357948566846,2.655959573347378,2.6207666934715563,2.6037758629667302,2.6115191991403788,2.550959436822817,2.5190490753341415
-1.7480375054679886,-1.6602434465851255,-1.348836372083798,-1.1588278947589585,-1.0759001987096972,-0.7813427177317851,-0.6629112595373052,-0.517014703349058,-0.5177674208555535,-3.2607009567553096,3.421827040022529,2.545889344435386,0.7002895190396163,0.435973711641025,0.5767708904988565,0.7899724875604445,0.8169654237687708,0.8888181877094951,1.0618348054445292,1.1660707083616773,1.2621868405576362,1.3664543488386072,1.4227308132563024,1.4929597736913816,1.5760177954469166,1.637348030522881,1.6877497378244601,1.7231134511303245,1.7923636768268603,1.8106375745681647,1.8446661185144282,1.876511841934203,1.8892812405095232,1.9269941043750833,1.9126734455083305,1.94204493569691,1.9262279468005412,1.9855250132321742,2.0059504315601457,1.9564247029568615,2.0441110632716164,2.0385097093918043,1.999358927494486,2.0323790664873966,2.007034170702835,1.9565447713755386,1.9553454998549324,2.003524871921334,2.0009341702924575,2.0266827589051095
-2.2928136578600657,-2.183649303252821,-2.024378029794291,-2.304810128340047,-2.5369942565497223,-1.6673792768632276,-1.4334711165448164,-1.202200128251092,-0.8759644376046506,-0.7158523134352749,-0.529236572689467,-0.588885202594631,-2.1936570660068293,-3.4159470679839634,-2.58650679810192,2.367848113133991,1.3753907273398553,0.8167394389579241,0.47391272554724706,0.5227267009690346,0.6040244610413085,0.7064114004673144,0.7368267779801306,0.8376247918564189,0.9425554832832013,0.9729919748882088,0.9930393464460583,1.0352129927271483,1.054347595015533,1.0672719683310474,1.1003440033583693,1.1521528296585422,1.1853091936070999,1.1943896757540344,1.1785010244818854,1.2522465389932644,1.3108526235218039,1.3467050825842575,1.394577283272619,1.4087016464382316,1.4416464025369693,1.4807875514005926,1.4704510931967594,1.4905630180360685,1.500420716726615,1.4864338876977026,1.467525575634695,1.5100975634248863,1.5213131817848133,1.5125173896329316
-2.793986878972111,-2.536534438720346,-1.844486724198883,-2.0015884871854976,-1.6312801163430557,-1.3576935342663916,-1.3673921464232723,-1.2887318369267453,-1.074555299121407,-1.0005444936069403,-0.9061158197155715,-0.8510675994537303,-0.6697386248418575,-0.588069729722957,-0.5153109365718397,-1.2039377507898015,-1.770030792328093,-3.18020313423892,0.9483437757033192,2.415437058409148,2.498281978229137,2.019847782686489,2.3497263963519988,1.9600062145937327,1.0230024628938668,0.711580818590772,0.48410125016697086,0.49624441363912974,0.6035434214036682,0.6531676882403046,0.6615819855506125,0.7575982687241052,0.7642236099175265,0.7610689978989995,0.8360948287737231,0.8375849147449629,0.8432531393932216,0.8508202296867257,0.8945434387953176,0.9021261127626395,0.9281020834119652,0.9820233672398574,0.9894443349546479,1.018608138644451,1.0537972794813533,1.039097807477361,1.0356687289979793,1.083560297952605,1.065291784418138,1.0781961417912294
-3.177444443365375,-3.010165081764961,-2.7250980503054514,-2.5599713854929553,-2.4075324726849083,-2.2002886980880154,-2.0282699134134163,-1.9623366820871582,-1.808365254750231,-1.7115184258929876,-1.6354787168121312,-1.508153695352168,-1.302862159272175,-1.1841586671679887,-1.067189518487278,-0.9765372223165263,-0.8867956773332579,-0.8472813620214403,-0.7425851001499535,-0.6573636834313756,-0.6139145000275489,-0.42596593789494724,-0.40220944471318376,-0.8629931342932882,-1.6566834626036564,-3.270000411475658,-2.0112831737584314,3.261317923719443,3.0553054740988985,2.8728017199324976,0.8833452539177271,0.8604127966181266,0.4121616335763051,0.37004483140906286,0.3886178724848872,0.41526497294751963,0.4552810917433068,0.4894277056925929,0.5070676528948342,0.5368154216291151,0.5690294071485609,0.5972921529283889,0.6177469007660383,0.6356517797882002,0.6320328097523725,0.6229386366168184,0.6614970423339993,0.6804332682827487,0.6955334437000946,0.7077984500537857
-3.147475507075259,-3.073375598610261,-2.9193057714734594,-2.8357515330966647,-2.687529664342009,-2.5053665740257625,-2.433224329557775,-2.3301458971520574,-2.1764437433456028,-2.1145665771453603,-2.017133925076973,-1.9711537060755218,-1.7768118566515902,-1.669699410708077,-1.6432901716206436,-1.4796560033407231,-1.3474561808133219,-1.3048638810733773,-1.2180972582126717,-1.1272278516863092,-1.0604510067133022,-0.9337724458219687,-0.8449843004996898,-0.8389140528745866,-0.7520898191995056,-0.710823430082171,-0.588506086308747,-0.9751059077772525,-1.00512808838473,-1.4727716945440208,-2.2653890893258595,-0.26211038960063526,-3.0986263431477585,-3.301353803474711,-2.916677501986302,-2.62215502875169,-1.6575198140292353,1.5612993158861503,3.221614267712951,3.2290841970451174,1.2825487936600841,0.6061805565687339,1.966397970029476,1.9170134304944453,1.461343702543035,1.3227888440167404,1.1978422158214768,1.0913978777109694,0.48675693947360316,0.3830121635894238
-3.074161457091116,-3.040900905773067,-2.9727733235591964,-2.9324678056419273,-2.8878403123153613,-2.767826905126265,-2.70393996904925,-2.6022487644381136,-2.526111750067535,-2.445184617503068,-2.3699053661924037,-2.350490350822365,-2.204495254602972,-2.195603675591734,-2.08683029535553,-1.881277871335157,-1.8217353509707648,-1.7406378542579202,-1.6512697198074655,-1.566374512767429,-1.5458211174204728,-1.4455773236791802,-1.3497331453796242,-1.2580094394519956,-1.1753979798440874,-1.0824583906195648,-1.0579417977018841,-0.9707758912906505,-0.8369556969947293,-0.7802217760931635,-0.7070513444740082,-0.6242253161603671,-0.5853114532724918,-0.5865637219495264,-0.4701681020929663,-0.43694884171498577,-0.3821263335705566,-0.33208713879120927,-0.6579191183261306,-0.6227091571103163,-1.2252681865186268,-1.4265972905156807,-1.9915491398930494,-1.5267269474634138,-0.3704676905210258,-2.0795891582342145,-2.954663035551057,-2.894973782971792,-1.8760173914015406,2.137871447145981
-3.0256230006892055,-2.9807247638655996,-2.9178857220328505,-2.8930288058406872,-2.861766708179333,-2.765451325190391,-2.738538790215546,-2.66345438798566,-2.5757888754806957,-2.510165291494924,-2.4619404304157286,-2.407472374625197,-2.302768749077117,-2.260828555070606,-2.1955654231341946,-2.1304498191351255,-2.0656678173166134,-2.0305681293788376,-1.9397261394860985,-1.8607987012978984,-1.7912419993624882,-1.6529466544708562,-1.6110503414518949,-1.5485861387062203,-1.459811846297234,-1.3895184000121816,-1.3043544059985495,-1.236175408220905,-1.030195314739646,-1.010116958532028,-0.9846091673595502,-0.9287934885669836,-0.8582623810891021,-0.8110273133903846,-0.792972455619686,-0.7617266407564729,-0.7190983276494112,-0.6322737346170264,-0.6128451938203524,-0.5787900299769723,-0.5433149317867269,-0.5035763594571827,-0.4740638371768368,-0.41372985978704624,-0.37760541257208247,-0.3398125858832529,-0.5944161984365284,-1.2381595047720875,-1.3091918432422909,-1.1509198324227496
-2.8973641635594736,-2.881792163843991,-2.8255574390248173,-2.809220002445274,-2.7673023384059268,-2.707813990650748,-2.665327291871643,-2.6296772654170097,-2.5111057802417083,-2.491970228293196,-2.4613806245053813,-2.409314981810418,-2.3511755281145565,-2.3113314919245087,-2.2668705133906264,-2.1793903638515357,-2.1487100328975837,-2.1177768525937712,-2.0302371561199193,-1.9697718665105168,-1.9086357765077762,-1.8198240048792633,-1.7478335589054197,-1.7179926350138661,-1.6186843131435094,-1.5687297583050526,-1.535717839778197,-1.52311442577422,-1.3963551871324344,-1.331574554180098,-1.2962875624919596,-1.232007081573519,-1.1836623712619783,-1.1379858724731768,-1.0580294280995075,-1.0046986508795512,-0.9925669291711973,-0.9313173315210245,-0.8874453487838556,-0.8243505684139388,-0.7799565138919817,-0.7768251817566486,-0.755240796655471,-0.668064004513752,-0.6157097636946129,-0.6001544330034021,-0.5947102239514674,-0.5726906332785648,-0.5483263736048553,-0.522780358717827
-2.8072396801887276,-2.8050403774736887,-2.7520459140790265,-2.7272199283042164,-2.70689301898382,-2.6531487267669673,-2.6292087841970835,-2.598888614884852,-2.5298051757516853,-2.4857084426591065,-2.4579061042987207,-2.4353650122163755,-2.370959939605317,-2.321774852091503,-2.2831200469690582,-2.2270933982738277,-2.1946980831743894,-2.1672540145752115,-2.0818093003176426,-2.0505255493094414,-2.0031675346543056,-1.892478925285309,-1.8700629025794684,-1.8430251055819549,-1.7529095356064535,-1.6889169407652673,-1.659148743173794,-1.646188843620248,-1.566959736032789,-1.496528046250425,-1.4399154470348043,-1.4033286384134502,-1.3782919502134443,-1.3243912904268422,-1.2327216584457918,-1.2184072960560843,-1.2017190469097658,-1.1341452695327399,-1.0996420694177123,-1.077866295374181,-1.0557895795035799,-1.0155014297499798,-0.9645473058489337,-0.9166783069989024,-0.9018936361125864,-0.8945327948631336,-0.8716046097503669,-0.8468654910430405,-0.8356158574201178,-0.8330314003796353
-2.687851960818048,-2.6790653990816686,-2.641106336806204,-2.614718784985853,-2.6026075759132183,-2.563971895529146,-2.5420233689710354,-2.508898236049455,-2.4761675510159042,-2.438185606426749,-2.3998457723245417,-2.3556464148746556,-2.31556124086479,-2.2825529812653134,-2.2406876862602187,-2.186299779574936,-2.1619979932383058,-2.128091739106606,-2.0895919141579684,-2.0655441828199748,-2.018769535671474,-1.9832626645296758,-1.9467288772949936,-1.8930862002098874,-1.759806363611292,-1.7237461035201547,-1.7251145729502706,-1.702343883492554,-1.6293322148221192,-1.6014880952075385,-1.59364243271545,-1.5172355448390924,-1.4643999032594022,-1.4279853270461051,-1.3774446328376866,-1.3508895591998449,-1.314025746098562,-1.2755849003499673,-1.2571437594871337,-1.2375255415061903,-1.158942251897369,-1.137564325409289,-1.1206472615262746,-1.138254368982689,-1.1097601883062744,-1.0867627846564507,-1.077939867027142,-1.0941296431759724,-1.1201058514826814,-1.1512841738983637
-2.582592044254403,-2.589646050253427,-2.5672143708797694,-2.5532182872064753,-2.545363756292983,-2.5011012381247975,-2.4784677185444077,-2.4691538119291327,-2.41889570751973,-2.384264206883568,-2.3600699461869397,-2.354116827401969,-2.292881138465944,-2.267732459628378,-2.2520961722069934,-2.1987632690949153,-2.1767022864461585,-2.155622874811099,-2.0892633695925373,-2.0581827516386846,-2.0295433523265234,-1.989548994535416,-1.939401555738012,-1.9135220799820771,-1.888060164653671,-1.8562226045362482,-1.8203120315182295,-1.797050135724399,-1.761737825472828,-1.7294394191376365,-1.6928564059796687,-1.6564699302300556,-1.6254463452490802,-1.607935555207152,-1.5550877132390963,-1.5211601929286789,-1.522489990309501,-1.494649058073817,-1.4797345541290516,-1.4688967922710479,-1.4354780867661812,-1.4166032980786132,-1.3996889505203451,-1.4140526689444621,-1.446893567159516,-1.4756761796293918,-1.5270623214630938,-1.4958563276195167,0,0
-2.522294197508734,-2.515410598211231,-2.4910219143624808,-2.479459249141816,-2.469358792244228,-2.445066335688324,-2.434274917901843,-2.405992568195963,-2.375528429339159,-2.3564982096062,-2.34230621061101,-2.3268330756219,-2.2920359182586596,-2.2722411336660127,-2.2414516101669824,-2.210465668890683,-2.193454188239285,-2.165274998922071,-2.1426472447261204,-2.1185911125337142,-2.0893241220461367,-2.046813713487411,-2.0222326168480196,-2.0065974788069108,-1.933083250628864,-1.924414496134827,-1.9208165612776322,-1.8828563570718932,-1.8438277264005896,-1.8237084991710106,-1.8054871438908429,-1.7664869956064333,-1.7351902676933257,-1.7110081756237163,-1.6837746726636378,-1.6498015037089566,-1.631771924310013,-1.643147760277564,-1.643428028527348,-1.619293010199509,-1.6147904087299605,-1.6184458198382436,2.169414438357339e+38,0,0,0,0,0,0,0
-2.4626854265923606,-2.4620175046716515,-2.4389664759842473,-2.435223234182373,-2.4312836280249885,-2.401479675573042,-2.395859040891542,-2.396412562730472,-2.373679804869698,-2.3698738165953643,-2.3505419004846537,-2.336743408435457,-2.2952538863583896,-2.2942754563321612,-2.2711086604004156,-2.22867501759838,-2.208412892674868,-2.195730823326044,-2.1602345645563235,-2.14896671990122,-2.140172994625174,-2.111905583018923,-2.1072040019970695,-2.0968781189019166,-2.043982688644239,-2.0404099756904035,-2.0307059493486075,-2.0068124804683083,-1.953629744950868,-1.9085985958058973,-1.8911608459966736,-1.8896214411233103,-1.8835284769926648,-1.8773524692942665,-1.8928120034244904,-1.8732475064574818,-1.8636914095655692,-2.4721957013354827,0,0,0,0,0,0,0,0,0,0,0,0
