jsons/1312819200.json
{"header": {"parameterUnit": "m", "parameterNumber": 3, "dx": 0.1, "dy": 0.5, "parameterNumberName": "Northward wave", "la1": 40.97354507446295, "la2": 16.46031188964855, "parameterCategory": 2, "lo2": 133.9931640625001, "nx": 191, "ny": 50, "refTime": "2011-08-05 8:00:00", "lo1": 114.97908020019554}, "data":
[rows 22 to 43 of 50, columns 100 to 149 of 191]
0.8480820627559024,0.7865167884773975,0.6772920544174649,0.6512098216337174,0.641562882709125,0.6006516347180264,0.583570442249841,0.5626527210576808,0.5448884074764485,0.5414114125727221,0.5425979634559968,0.5466723205016378,0.5217729756865368,0.505035591543156,0.5042721095575485,0.5162167760333869,0.5123686073201138,0.49137575396248206,0.4736898398365434,0.4733588550350526,0.4547844634828026,0.39957680687014163,0.38668231950195237,0.3700497520305712,0.36667866145265515,0.37628361553463013,0.3867343364171734,0.4014409044973872,0.4310955123803016,0.44513068972246206,0.4651821972312584,0.4984976376987481,0.5177488451416382,0.5290026724323479,0.5499899320921284,0.5628062795807534,0.5984300923772818,0.6309711345992876,0.6511842132915505,0.6835168329194303,0.7020777241890034,0.7382987095401875,0.7886593729219797,0.834437512760602,0.8489619806876665,0.8642573061002098,0.8874686694720482,0.8993676003235919,0.9261256710315771,0.9127543683426503
0.8825030217378736,0.8527181623487685,0.7600567678763711,0.7417789311044879,0.6925424722177244,0.6393415577933639,0.5927314930818383,0.5788319416049527,0.5672222690709469,0.5438348432294324,0.5280637506450482,0.513378718950421,0.48320734700982526,0.48297392331521777,0.48673047172399964,0.4388209729389323,0.43471548497513146,0.43575883723902087,0.409031739377438,0.40190539075143483,0.38928633876479257,0.3353496119260533,0.386894440747538,0.42661180092566253,0.4203078685868582,0.4245856375042925,0.42803496754155407,0.43585322824441347,0.45294134445024026,0.46890191374530554,0.4838136172544342,0.5176467228564821,0.5242215482036183,0.5344985238452156,0.5996804776019141,0.6192154927744901,0.6399321146122324,0.7126998560989063,0.7579022512873816,0.7750085480194975,0.823489589831582,0.8590251110158587,0.8859467853627592,0.9352342845857641,0.9602394993625388,0.9938748265880821,1.000913657199477,1.0172004416440243,1.0317407867254105,1.0447812491324016
0.8661048554613195,0.8528360880595298,0.8379615877444276,0.8264853789890413,0.7990682821563935,0.7549356356519705,0.711620130620958,0.6949392749422545,0.6510434271079725,0.623854417201094,0.6022505882287895,0.5881314156993291,0.5847888334383882,0.5747138168708662,0.5755014399635574,0.5622929673799851,0.5448788154401815,0.5384694406384501,0.5449658973905117,0.5523680840052654,0.5679953276015226,0.5393216862097242,0.5340784403420027,0.5391578707485181,0.5575079811869447,0.5536449768317132,0.5621293233352759,0.5653049508742282,0.573473459167999,0.5862245256526418,0.5886188292747547,0.5954573102193635,0.6134766214854754,0.634114834895657,0.6961858550774661,0.752856186720515,0.7746834015411185,0.8626149926557483,0.88890252394909,0.9296558637932232,0.9931998177989755,1.0073502103890655,1.0227431362216146,1.0057612917125067,1.0589425085533075,1.1076239589217527,1.1102871101833405,1.0971677659058015,1.1054691145151414,1.105948232832754
0.8865537798768675,0.8804893818647713,0.8658215572930889,0.8604681329848133,0.8488824149380515,0.8297914910164702,0.8141994471953696,0.810534530763872,0.7619398728914171,0.7484386455311054,0.7437260449962083,0.7062538004712641,0.6634787396743039,0.614686762672583,0.6281084832721129,0.6253355518455115,0.6307673210793585,0.632205506718026,0.6196422538962482,0.6064563023000707,0.5901201376474428,0.5796779503244412,0.580067713322793,0.5595192175155862,0.6178111430083619,0.6370176629323995,0.6664138730259354,0.6807959929392791,0.6936299124137124,0.7055434347324342,0.7192430401377378,0.7658140942894631,0.7514116401333553,0.7318323418849308,0.7146739474575434,0.7395196996100546,0.7823357981823181,0.8633841292331311,0.899191494938556,0.9409008830164854,0.8658751799739488,-0.3031722649483365,0.710535380298636,0.853174164230605,0.7550729023649771,0.6967525220581584,-0.7106743995903202,-0.7571525693918986,-0.5384335172745948,0.13719887818636617
0.8873848483724623,0.8982273878490844,0.8832459062831296,0.8744995165743912,0.8684771504749557,0.867550160324368,0.8675521355763285,0.8689755572902256,0.8551553902819523,0.8526639830861819,0.8497125225716876,0.8435530643125758,0.7926752282018601,0.7807185055812961,0.7608553073056245,0.727878020472708,0.7187807410239475,0.6964624489008816,0.6421538518989484,0.6531777826227445,0.661610747192843,0.6604697564132934,0.6408972389604635,0.6438570624353122,0.6476304281621279,0.6664713679156539,0.6806069390194435,0.664173663779168,0.6920820284295308,0.7255393678649774,0.7473295027785597,0.7892044581337295,0.8046504038573907,0.8269108074729784,0.8809346296988327,0.922796868296429,0.9463793571306881,0.8956354009459602,0.7505477816319763,0.8463574591394838,0.8188263515723425,0.8692189042821604,0.8850055690370784,0.8786536111011211,0.8502253849438806,0.85790725459327,0.7654452389939123,0.7912446563600141,0.6566069937729072,0.632063329357945
0.8800026605079454,0.8761766724607528,0.8636454304859763,0.8559765040574532,0.8594924817413472,0.8583594946599589,0.860628389831144,0.863897184282956,0.8574481273131636,0.851909078795902,0.8348081624137466,0.8210112513188258,0.8026487712295999,0.8099666704950407,0.7973993182227778,0.7262830577992614,0.7370007603591268,0.7239420663113043,0.7282055771822761,0.7185583621898577,0.7347968640714663,0.755481568647969,0.7557302781291604,0.7691518822814202,0.7533946986910628,0.7635348082427581,0.7794384196533762,0.7553389040553715,0.7504586380084611,0.7531608741894529,0.7244774353693869,0.7413463286394608,0.751966018029783,0.7506856890116915,0.7436342736602968,0.7650361729776114,0.7690895051193735,0.7403610546893085,0.7781209167615029,0.7891871659289527,0.8090036161117664,0.820391526292165,0.8145442938286415,0.7555126644872832,0.7573258210305418,0.7502029727861882,0.7769989871872417,0.8205154119590535,0.8605135144099681,0.8900665539167539
0.8489308694867302,0.8519656574107611,0.8535594000197538,0.8440869634328729,0.8406042297032921,0.828207329808514,0.8143021221863366,0.8175530800240706,0.8289191852687898,0.8178930543411885,0.8196533877788335,0.8018478111165471,0.7808357909649596,0.777218867169259,0.7717675067947325,0.7641387022922236,0.7480327841665376,0.7524179400951846,0.7631834758865262,0.7873291141008778,0.7964572315869304,0.8181825485762299,0.827917606007713,0.840161275564036,0.8643962886516533,0.8664194602752272,0.8388263179949872,0.8331411155483284,0.8634791713797273,-0.8715216909612875,-0.06976833665951236,0.700587822748932,0.49623454434407266,-0.528428312827902,0.5130473731850809,0.7175912388869213,0.7836505232936457,0.8301447812837826,0.8747474055831701,0.8691870260947551,0.8654977287401621,0.8580288533689207,0.849908535058082,0.8900423497926714,0.8996809891637261,0.9334245250407464,0.9442244296156975,0.9523054398636602,0.9679560483733629,0.99693824358404
0.8501273887159249,0.8509730590454386,0.8485293987785554,0.8391265134683342,0.8378417006932144,0.830417124545651,0.8223725531883525,0.8221119365600517,0.8062479564416309,0.8002732428364384,0.794045831392169,0.7882939737365638,0.7790850816204477,0.7761022995093628,0.7643455305853407,0.7561684076553244,0.7634296387805569,0.7830445048316491,0.7921668622671141,0.7981543772615701,0.8003397862096785,0.8214504256585582,0.8404205395974143,0.852741968682993,0.8907584037384659,0.7903414083418766,-0.8100360003556526,0.610139941739532,-0.5458836048870803,-0.6241568444274767,-0.4504208153431939,-0.3407886529410415,-0.34163038105149235,-0.33560579802756,-0.3160825082658205,-0.3227238062363324,-0.25278761824816104,-0.12412986777785184,-0.026293753516905223,0.04344095898407477,0.334035586711004,0.5867190715059487,0.6479977491195881,0.7536008588708863,0.8320612065959633,0.8598382550854612,0.9087279228564451,0.9667844441032353,0.993707775458821,1.0246413053192078
0.840270573915194,0.837102211200633,0.8374338890818478,0.8358968236678409,0.8389979418194409,0.8341738856542987,0.8234658354637822,0.8150531775287334,0.8186104945564312,0.8150939627275956,0.7983087477862685,0.7934195537406212,0.7867433736447121,0.797423640450568,0.7834045425800361,0.7689446144173648,0.7667906027815077,0.7752504952389973,0.7709828741886025,0.7772740631242506,0.781216785567539,0.7969304265941586,0.8004304071274884,0.8083866424642713,0.824116449624024,0.8291078265068623,0.7958033094286332,0.7859907502929008,0.6783455886043823,0.576940344451148,0.4439139601260481,0.2792706535762976,0.277389169435559,0.2753172493083387,0.25500468008372906,0.26239702528129477,0.23436998929608913,0.2773318326553768,0.26948289033709105,0.28753117067513023,0.3098196089876724,0.35744447650307964,0.38934922122866766,0.5036994966727268,0.5454692640673003,0.580578519253194,0.6805639621907313,0.7530723667181939,0.8058901161225974,0.8577763888034533
0.8488454634709396,0.839120345914841,0.8325617255831163,0.8401613641897117,0.8435657741025885,0.8402402469362674,0.8340502660210696,0.8318414707052942,0.8096283001920571,0.8106785590801515,0.8171071448526046,0.8184103193532092,0.7862518366040202,0.7954659972648802,0.7930518179990358,0.794420565044863,0.7991080700962829,0.8033716806927104,0.7929600622424302,0.7940583664411008,0.8036675061319823,0.8060837082235454,0.8109743360339856,0.8015685548359273,0.7930409730313849,0.7980646813307104,0.8074107614585698,0.8157753251188505,0.8450176782571918,0.8533231321035474,0.8531098361809654,0.8638696006122519,0.8585160140700866,0.8408674500568775,0.8410936593799194,0.8301619290135696,0.8270116215142692,0.8046470776824667,0.799751963478843,0.8160666627881542,0.7610200823737554,0.759782456756544,0.7440480988216254,0.7188742440479805,0.7310399481715776,0.713433474889353,0.7216463777964301,0.7560002386443372,0.7643893239760254,0.7735324370067014
0.8813159335339115,0.8276306232756216,0.4195694867721929,0.008600623846441433,0.012019395141624586,-0.4492291746285011,0.5295258453793908,0.8278389871535413,0.8213551500597353,0.8188232802810509,0.8234594331333642,0.8267505864648774,0.8222746721443556,0.8274149339432031,0.8303951009414828,0.8360018786608978,0.8472995617869304,0.8458964141858432,0.8379860470088513,0.8355202844537961,0.8369342054640604,0.8433172318603822,0.8447790133840265,0.8504882393483041,0.863742821315191,0.8713053873279665,0.8851840144444472,0.8942759861580806,0.9172933614866743,0.9332621770500097,0.9494249790956555,0.9660345829117796,0.9788190362984975,0.9844759166254828,0.9929484104146764,0.9989858270498857,1.0027647264744854,1.0014797769041888,0.9996333897847296,0.9969064295857086,0.9967093271139428,0.9948688400907856,0.997656040252424,0.9949908901699698,0.99448173363635,0.9949927936535504,0.9914068590265813,0.9776063091085678,0.9740546353305128,0.9789329080151947
0.9130325358157857,0.8981147223555719,0.8518838905347662,0.8050424690850554,0.763362877320556,0.7547832880039254,0.7761482290111424,0.7910332054335767,0.8007757807312252,0.8041909214420927,0.8110238836973126,0.8177512857672117,0.8347166152818022,0.8399231187700699,0.8432162375878274,0.8441950324945152,0.8477712843273227,0.8526356591411712,0.8616065327651211,0.8654288584047003,0.8682620809428854,0.8603352760169045,0.8653510390358358,0.8723802249963527,0.8705222566316132,0.8786965355572537,0.9075917829633486,0.9286398570225696,0.9466267998712736,0.9668747409452082,0.9696364337198059,0.9779312822042574,0.9910347264055631,0.9966702516259682,1.0000586810945207,1.0027577835581936,0.9346222804759445,0.9395852123516985,0.7148142851427045,0.9117746123402508,0.9048645960522665,0.9120829887501506,0.9656917952418118,0.8053737574665225,0.7253627304867846,0.9504986461926488,1.045793694315855,0.8390362595719147,0.9352809431611411,1.0014572248896958
0.4388894910215561,-0.7968683262966519,0.5116526889314786,0.9238626942576337,0.9082042284496314,0.8905137018322119,0.889462575011129,0.8921419307898838,0.9065313927026438,0.9143030850057157,0.9194320856127708,0.9244030594855298,0.9195132073875424,0.9161804981893654,0.9193065760118052,0.9217837644520651,0.9181307837150988,0.9168484880216773,0.9181972719339172,0.917366588576125,0.9209308906215199,0.9250670686593416,0.9291526328566663,0.9326968149577022,0.923367508394131,0.9272566993948488,0.9331532589585831,0.9355176409187017,0.941925991015513,0.9590858718968686,0.9649183859714908,0.950350575633368,0.9860557013346869,0.6057483705846403,-0.19951359644225314,0.2760068424493189,0.4354478198436058,0.9111170070359583,0.8912983830929789,0.9324316192898549,0.8092654156405168,0.8216205161401763,0.9127463689186508,-0.9423627334148947,0.584432931069951,1.0126214357660064,-0.9889407704582296,0.28453844832371644,-0.2366096997726035,-0.95386387369463
0.9775067577875433,0.9883597443537083,0.9476298254862897,0.7175300537596243,0.9089303851694535,-0.11628799412501051,0.3482233585497172,0.595383369665591,0.8535497054358442,0.7895909544806962,0.8485201302399739,0.947384530598707,0.9330740140896716,0.9602511774773732,0.9642709324267144,0.9662074096390577,0.9688506858720353,0.9659819002463773,0.9415742682900009,0.925386441248471,0.8167201984209759,0.7450284267262355,0.9598376571364835,0.7573472066495296,0.9556876242207804,0.9546008966151646,0.9321210701709481,0.9503256428199796,0.9802527767457361,0.9792910286405256,0.9879839542776055,0.9907992995531384,0.8947825460643347,0.7696044420960212,0.6014841700024574,-1.0229549161791684,-0.24672363246598705,0.8088706866993987,0.9779835247212015,1.0307654372249804,1.052528491278863,1.0506036779791932,1.0362450822869436,1.0117102058072442,1.0063096927410093,1.0146082728476613,1.0259246281126742,1.0530581003981645,1.0951009700019845,1.0982590717374292
0.9370392895940233,0.9492133654909257,0.9749308685315005,0.9944178033071829,0.9942034033445618,1.0080095946344525,1.0117447362068528,0.9978832252186831,1.000192891908849,1.0029795447429761,0.9978056678846742,0.9908254298905416,0.9446365142927633,1.0015483941562668,0.8163690633206926,0.8045401364418511,0.7984628031134672,0.9269933040424507,0.9049354148240463,0.973129560237964,0.9957695711650394,0.9688516251706966,0.7795895464431586,0.7930822171380841,-0.9479648002767898,0.4963522907310775,0.9847021149082179,0.8230919284476858,0.9088641593876394,0.7915688675716099,0.6189627057586677,-0.9416215262069676,0.19793600734064984,0.9918673300714812,-0.2994000596755489,-0.00029833260080812694,0.4883174210662406,1.036617915807805,1.024904172281385,1.0465883192171015,1.0631282118454752,1.062471919984368,1.0641070592219513,1.0619871085674628,1.064436423937862,1.069760683566476,1.076730680363474,1.0812047972625112,1.0760143629132448,1.06874430794438
0.9576618546064992,0.9694401076708863,1.0111001446732706,1.0175966310405433,1.0155994448502255,1.0618158638799162,1.058303296858791,1.0588427479049949,1.067791696062227,1.0732818548222016,1.0633980227807778,1.058577903128545,1.0501673281053105,1.0521593633589743,1.0522730652843066,1.0537821444564186,1.0527739599869794,1.061369943115945,1.0639868028247257,1.0537821302712278,1.055799670172803,1.0570131617640741,1.0339904060316445,0.9276643661826225,0.8825246740207536,0.013038532664899329,-0.8660470879033374,-1.0448889528920962,0.7539302845823679,0.8925004846041606,-1.0676260018721808,0.6871993620388908,0.9511496583010636,1.0370210276542624,1.0476148938196466,1.07270350285418,1.0723984086349725,1.0688666710355215,1.0672305400959337,1.061247175181968,1.0516879271966075,1.0558880531022334,1.0748862730365858,1.075762290821816,1.0771984913401997,1.079612494153971,1.0774770908038778,1.0709341612425083,1.068900725340229,1.06701566242918
0.9144547332818788,0.9200135679289263,0.9609759318164531,0.9687112893610011,0.9760248339250951,1.0201932870810941,1.052473814485469,1.0521843813178848,1.1066365573074388,1.1081858952728123,1.094507427554149,1.088646292871511,1.091006641126206,1.10145625796303,1.103465945534304,1.105507384488107,1.1066896382761384,1.0962118360912343,1.074664313241018,1.0755771305366668,1.0758141303978859,1.0878728082021532,1.1008251859075215,1.1073662261434774,1.0972749468446468,1.0917792065516059,1.0956006776217717,1.0838296651381598,1.1028189342492654,1.0508516040343419,1.0645903125402738,1.0712355846872337,1.101527533834915,1.098926566962228,1.0958134703469171,1.0973660059741166,1.0977454699040028,1.0941420994476503,1.090368892484767,1.0857003485181045,1.083545423486668,1.0806044012598544,1.0799983081490252,1.0679467701152867,1.058646964592845,1.0589655020975715,1.0618199528811902,1.065282229394057,1.0687231360246225,1.0708114695751123
0.9338942594109935,0.9367126887042558,0.9509303160746746,0.9566383710908151,0.9797811092965256,1.0472085590992384,1.0542979110359052,1.0506160346490396,1.070862911915472,1.0805809577336225,1.0774499251217702,1.0867512066093046,1.103094263886518,1.1142726981688746,1.1268096545677768,1.1092350184663686,1.0876405287911852,1.0846824725937987,1.084461628034856,1.0885911527223169,1.0991909008690026,1.117023914851608,1.116957817422174,1.1183305322228878,1.1231793369300556,1.1240793215016973,1.1247771195059533,1.125531258392911,1.1308431390383271,1.1306342280697488,1.1360027195628044,1.1384034655388486,1.1233662579194803,1.1159604812063255,1.1139491484477588,1.1134247866090368,1.1106072930407864,1.1056540657494762,1.0979517555231315,1.0917074894139092,1.0903420365941685,1.0875042967228579,1.0791519588167788,1.0717255884443748,1.071339337197512,1.0708525187098306,1.065529453658795,1.0503928047374247,1.0436374971501576,1.0374071645916074
0.9718762927032857,0.9736315085998622,1.0052760255153592,1.0412629920244014,1.053799864658814,1.061376741875231,1.0754854841466488,1.082578045522818,1.089609231507412,1.118950240285569,1.1240666246455688,1.1464649027065663,1.1481715103802248,1.136376606198252,1.1345149491390984,1.1327480541915518,1.1183457099243337,1.1079517469124829,1.1165055902208714,1.1260984303202735,1.1350342759339764,1.138910718015187,1.1435004597750833,1.16004672528041,1.173526391446778,1.179334575123473,1.176947778957484,1.1707468245319825,1.159952921441889,1.1535988965840167,1.1521451350826435,1.15565090688671,1.1467719466668236,1.1463390385105754,1.1462401755207596,1.1391115716181828,1.130918250143796,1.124347218385232,1.1153518563357838,1.1033248265716384,1.0970624291564242,1.0924108967138912,1.0844716194312392,1.062708431135563,1.0492628009527731,1.0275160804129118,1.0216689685990452,1.0162553805875996,1.00559207733078,0.9889738111277887
1.035088365562745,1.0719194919417652,1.0442749479033655,1.0537185053952824,1.0690831928294455,1.124511182574081,1.1749006454512252,1.2097099419960684,1.1706486556254667,1.1539647142316645,1.1453173495023299,1.14496654960138,1.1629211061591596,1.1539605206202532,1.15370072747515,1.1654522197833814,1.162079092002554,1.16756213981339,1.1798510528738522,1.1769688693672133,1.1697733837011013,1.1724684046596712,1.1822984722753682,1.1880455514817139,1.1941808308931754,1.1900778171360165,1.180068257843083,1.174226243197525,1.1679825023451587,1.1631094132031472,1.1579898778439424,1.15231809490967,1.1447898705807023,1.137583398704507,1.1268914772689171,1.1186895658666889,1.1155174915661985,1.095561202848167,1.0807727378552934,1.0600786602455274,1.0547483298161782,1.0515224460991535,1.0336993025859547,1.0211478248812804,1.0057585456950031,0.9702482101379215,0.9425797450978833,0.9450040580693007,0,0
0.9700805430209676,0.9927808705681938,1.0167659008677734,1.034789703792379,1.0834360223523714,1.1245702765469554,1.1162309782108402,1.093701076633205,1.061361801507738,1.1003908897914383,1.1180640687129046,1.1325970523700672,1.162904047047739,1.17696000198225,1.197056005669196,1.210197796520409,1.2047424536249487,1.20700439156339,1.2138759020261185,1.2215562521425463,1.2004025231148976,1.1900605096180035,1.1851095130461256,1.185495789362805,1.197792635491092,1.2046745004307078,1.1989555530191478,1.1854277781257763,1.1707670578948504,1.1727252206959289,1.168660029059146,1.1579818248609643,1.1393731185655818,1.129775518930626,1.115636409650684,1.1002945252119123,1.0961819553918868,1.086806607984332,1.0733942881010317,1.0547655582770479,1.0388419321724938,1.0204047844685615,-2.9097542956883944e+38,0,0,0,0,0,0,0
0.9855104249298858,1.0006709049633393,1.0423112101259866,1.0602390784662397,1.058525436386633,1.062268455135719,1.0710883604101489,1.0802448393407014,1.1020581738766817,1.108895770346258,1.1215157419737143,1.1286749264331257,1.1480916543735449,1.146071467477502,1.164227212455629,1.188209350718249,1.1877215282427056,1.1853716244255383,1.1840020175752688,1.1818559453203292,1.1738235958079286,1.154836152438139,1.1444679713861314,1.1366037816810515,1.1399585165176949,1.1301260597981928,1.126669551406847,1.1205028849361778,1.1113973680633635,1.1047067029755668,1.1042293891950017,1.095510584206542,1.0816580581704482,1.0745619712996106,1.0516325920814589,1.0419672475741475,1.0401280892703497,0.2987263211643957,0,0,0,0,0,0,0,0,0,0,0,0
