jsons/1312686000.json
{"header": {"parameterUnit": "m", "parameterNumber": 3, "dx": 0.1, "dy": 0.5, "parameterNumberName": "Northward wave", "la1": 40.97354507446295, "la2": 16.46031188964855, "parameterCategory": 2, "lo2": 133.9931640625001, "nx": 191, "ny": 50, "refTime": "2011-08-05 8:00:00", "lo1": 114.97908020019554}, "data":
[rows 22 to 43 of 50, columns 50 to 99 of 191]
0,0,0,0,0,0,0,0,0,0,0,0,0,0,0,0,0,0,0.30601554865217134,0.301350665912819,0.947751089913416,0.3938974159767432,0.7927815683848879,0.9725309707466678,-2.3019184183549064,-1.816287686167227,-1.4870124934574105,-1.0243051149662354,-0.9570848764114999,-0.9055255975123192,-0.743122914416184,-0.5776411923744641,-0.45409983540411797,-0.32674701491673147,-0.29116175410958045,-0.30546317914820303,0.1317606952824798,0.31273045130635185,0.706243771893029,1.6629637793008147,2.170909670738681,2.47233528907511,2.8382709262859507,3.600798350173621,2.69584267289516,2.921411525738421,2.8900937463320577,1.7846965997323394,1.8161437579904707,0.7431739425750973
0,0,0,0,0,0,0,0,0,0,0,0,0,0,0,0.08293749260044496,0,0,0,0,-0.3218952813474171,-0.49307684698499726,-1.0185742950906014,-1.1309860933725142,-1.2948156570352642,-1.256203211060355,-1.0678841335656855,-0.8318421403382221,-0.6600624507315971,-0.4899655870716799,-0.20122784953156866,-0.0029851640925206715,0.2737592977817991,0.967229272508848,1.2077435786490467,1.5151872510272275,2.0290935851953416,2.2466893144704003,2.387564013268022,2.886117061811179,3.0893370294363813,3.225544151107825,3.387121662578115,3.7441247206771133,3.786038651565856,3.061681528850789,3.914115400181253,2.8581635097928424,3.6647043605152496,3.372178534710764
0,0,0,0,0,0,0,0,0,0,0,0,0,0,0,0,0,0,0.16718931155224606,0.18700289586856708,-0.5430901539525924,-0.7205439469548118,-0.8989947033324486,-0.7771004206040242,-0.5557198265459066,-0.5623783971378014,-0.4853477207000643,-0.29260969556846933,-0.14621548293775188,-0.008619664854818581,0.4606079103241453,0.7404749024129968,0.9037512204162627,1.5165281140706768,1.7990485960995182,2.0683139694062116,2.536832781528432,2.8557421013309425,2.995944036158721,3.442671189947679,3.516839726983998,3.5683162368030406,3.6642323040221036,3.852488302803251,3.8498164527323135,3.4562042674335487,-3.281557800883649,3.832848847504186,3.2435342554492603,3.732216230116535
0,0,0,0,0,0,0,0,0,0,0,0,0,0,0,-8.1454825486999445e+37,0.15253652262865466,-0.6701778135237881,-0.7216988448039358,-0.7589564806402165,-0.5435530531673305,-0.4725858943391314,-0.4584255215796477,-0.41925824894960306,-0.10271467072815209,0.048020294784204956,0.19671009082005586,0.4376578316362019,0.5925214626110613,0.7485868547472327,1.1672286205470455,1.3636723989127795,1.5509148607570864,1.9436500034466948,2.1823083643842573,2.3716161797126545,2.77832912913761,2.929752586469673,3.118101130704132,3.33475066148806,3.4065435301653797,3.513740295112026,3.6255349241867143,3.730161948794581,3.73426552542028,3.7482920283476586,3.779735537019113,3.404275111473013,3.5171658660435137,-2.0928286200364012
0,0,0,0,0,0,0,0,-0.15195151795849018,-0.4545429858668034,-0.24420973436592672,0.6889333946225555,0.9236897039166678,0.9683790520276668,0.602512725172744,0.35766099507937166,0.13470317971607662,-0.13420694869274521,-0.11808121836826231,-0.18636038735090335,-0.15881196368713243,-0.011314089315176438,0.14173647357155034,0.2722963645442566,0.4630768563499191,0.5661277837176643,0.6449364111415276,0.794890874570024,0.9499144946537174,1.0718345081957106,1.3475172031793143,1.5840611546205545,1.7347662272663604,2.0221322788303158,2.1946547581704428,2.3759574534869747,2.6779225220080103,2.741604654538672,2.8703203828404598,3.0625434233981665,3.1714347473382913,3.2062290102534505,3.267330640884582,3.3910840747515127,3.3828665204606714,3.4328586462933335,3.495531201200222,3.516894432249244,3.3947164021614475,2.727924480024011
0,0,0,0,0,0,0,-0.7026262014352664,-0.6030848170140312,-0.5684720679323663,-0.4317430279148088,-0.28668178720912163,-0.30726996754149655,-0.30404975402182005,-0.3173301152763683,-0.3005762661505689,-0.3336110533021924,-0.18192992452559353,-0.08030583961992896,0.06057938025227825,0.22237531718764966,0.26756260301340445,0.3366258215697286,0.37801568359710697,0.47258805230737333,0.567624114042611,0.6600815592513887,0.8754479247735787,1.0374591322834388,1.1857140784484272,1.4862604475302252,1.6091550884396304,1.7274835735711844,1.9959451201000704,2.1145210416203875,2.262686930833457,2.417824900864781,2.5091071251158406,2.6050229670139258,2.732787596850286,2.7985468191201783,2.849300822857765,2.923137967063455,3.0699285501711637,3.1100095968441948,3.146908459347019,3.2342975278367088,3.2491129612793155,3.279251949237037,3.301233364929768
0,0,0.15827873362191483,-0.9977608879345915,-1.1859949605096598,-1.1189844786736227,-1.153172579438832,-1.0272923483158056,-0.8012540509222318,-0.776686790806812,-0.7170966950956404,-0.5996051510722622,-0.589876086837118,-0.5254347581602246,-0.41073975885324654,-0.34336061458507444,-0.24949844045713032,-0.06289125591925773,-0.011722271017634766,0.04968635478143223,0.1398077182748297,0.2355678155026167,0.29303576346667093,0.35684658836765515,0.49942073710574236,0.6367152715515142,0.6739553485077102,0.8158650268304021,0.9853902220486048,1.0995517927238616,1.3112792135961333,1.423415255770124,1.4967164380011808,1.7383943413544973,1.8251676441002278,1.898825781846673,2.118961907410268,2.22995007223906,2.273526927909706,2.3902870686209075,2.5115501547039174,2.5678098619000664,2.6587658298947314,2.7911934922373653,2.8207264669124896,2.87607680744999,2.9406411744406213,2.9641701476639177,2.974907767983433,3.040197369286991
-1.1302537758504265,-1.1908827043991128,-1.244533991977607,-1.2829314708094748,-1.060910358710093,-1.0586877106641397,-1.0906799230382729,-1.0337445321154788,-0.8714239464195614,-0.8687805949591497,-0.8239964806183497,-0.7166930863091348,-0.6696624376733479,-0.5511977302166599,-0.2947451803723649,-0.2088858706819212,-0.15942533813080806,-0.0365597446281455,0.026852593167524804,0.09906172244057526,0.2137966863901438,0.2544069623717301,0.32181152143723046,0.38103120688808023,0.515690177186399,0.6051881734954722,0.6716124902679533,0.8216446684941661,0.9003231419365763,1.0111004789855207,1.191213681981131,1.2970505440149185,1.365723427536761,1.543399025261572,1.668515499305159,1.7483215509246617,1.895188985382659,1.9918834843867363,2.065752492671478,2.202555660599831,2.2565021934901934,2.355260938263155,2.4180790250378044,2.569328245662892,2.624331416815923,2.6346764256938737,2.730394567805624,2.7524856351098674,2.7597161703613726,2.8262075341003663
-1.3655352582586147,-1.2155611201396794,-1.210870634299925,-1.1801170513199855,-1.096565374165585,-1.067550704743286,-1.0675695368250966,-1.017265349051441,-0.8923060075022877,-0.8653468166291335,-0.7841845833342956,-0.5989470209997187,-0.47375822731005657,-0.37107919247585924,-0.2190185184611299,-0.19562007639205556,-0.12769378272718881,-0.07943113108756611,-0.030755513186373536,0.011469115050995625,0.12389007104128415,0.15881949897919112,0.1918159435938594,0.1997017474023949,0.35844894228132274,0.44300224795981225,0.5281091676917851,0.7166447521335509,0.8038235813071113,0.8494503100498016,0.9665561705299316,1.0561544535178617,1.1186227120049073,1.2702895598045882,1.361223051799864,1.4368737346804306,1.6120231031099161,1.7437225040532043,1.8085504677420008,1.9610890324848533,2.080015018140522,2.1099013797801294,2.219782932452445,2.327393127130196,2.377495341628325,2.4266855468684234,2.5072797568388867,2.524161292094651,2.533337566101399,2.6026457939680303
-1.3982350545440891,-1.1672782175647014,-1.1242335818645794,-1.1040700768185447,-1.0000588160904327,-0.9752801713218203,-0.9971767076542007,-0.9407923742653453,-0.7988887033783064,-0.7323128617196947,-0.6753363935064317,-0.5813930337676929,-0.5129256645756608,-0.4816011708762311,-0.4730908694310187,-0.45172858831797424,-0.46154000856283905,-0.3690690285042238,-0.31428498992516746,-0.234610423447674,-0.1178350859575126,-0.0781882377161375,-0.03402089771432422,0.03859818766997681,0.17552328136358064,0.2577768971236296,0.3320878974855918,0.4857061901050976,0.5693227601119792,0.6235878391753406,0.6776087939325336,0.7353734806458647,0.7904699332557067,0.9311541299808305,1.040831552134312,1.2187805878334894,1.4727818516861757,1.595780091389129,1.6715207866213893,1.8393922987155509,1.9151130608569684,1.9739810268222062,2.0551454402683373,2.188020812121953,2.2214902251917885,2.289988408996278,2.385498663777901,2.3847864156857024,2.3877394789132826,2.4249046122671194
-0.9928049519178536,-0.8347268142745641,-0.7835966469760022,-0.7385831453214394,-0.5746395295044066,-0.49232901109414295,-0.4216320525196732,-0.2410135136362378,0.04233997976095692,0.4634213970351658,0.6118528300218802,0,0,0,0,0,0,0,0,0,-1.133323050946683,-1.0006333082805237,-0.9268447710176051,-0.8470664734683483,-0.6760347076884181,-0.530191122729473,-0.41405250044174446,-0.22445742760904738,-0.21042206493041302,-0.1548162710688793,-0.0689675722246989,0.09569283254706733,0.2272233756617119,0.6767966108409661,0.8133304727604757,1.0349948323678935,1.2551944704083309,1.349195196951004,1.4701113409040856,1.6721444789779023,1.7784857554708564,1.8244676629311387,1.8305346071162796,1.8969242581713202,1.9380145330884724,2.057352553410488,2.1554006648798487,2.1783095770046224,2.2090304196302855,2.2850033872147035
-0.47237858401877714,-0.29239882240859066,-0.15549935647242286,-0.043926880825735266,0.317092260079618,0.41975473840710686,0.6071305710914027,0,0,0,0,0,0,0,0,0,0,0,0,-1.7655413136501736,-1.4921191741988589,-1.3802320177851244,-1.291188854462649,-1.2012101099496342,-0.9231651900749506,-0.8632883695547916,-0.7633534644734034,-0.5835446892608728,-0.5080624018937437,-0.3931985948153643,-0.14756100988543308,-0.04371533215134254,0.01506204446867744,0.2316687222182741,0.4026236948853815,0.5432125583845097,0.998845893864867,1.1046415942352126,1.1441399591281356,0.9651439201606851,1.0459399398023894,0.07228878500662815,-0.9644059246235118,-0.17573852930140568,0.7604121852249758,1.293133763309432,1.7666282575933596,1.9202154175958588,1.9852294249685658,2.1385341388924877
0.2734660375790393,0.569966590905385,0.640296837225134,0.623925599527921,0,0,0,0,0,0,0,0,0,0,0,0,0,-1.5394754808122482,-1.5313783422909157,-1.5668286533363511,-1.3314769627078735,-1.2612588664062276,-1.1995586755049072,-1.1081336729239213,-0.9335470109114533,-0.828388315055993,-0.7302775790328642,-0.55125092653371,-0.443371883864804,-0.37888810367934156,-0.18065579366513573,-0.009496215862736565,0.1327537066023136,0.5746739169716147,0.8154997722213788,1.0196744215345028,1.5524045197664027,1.6347637208829924,1.5896637773389408,1.450257649395211,1.4827372789173627,1.549425868601358,1.6081622757145242,1.5886521881932165,1.595059146688855,1.5506241791856228,1.6043458842571596,1.6752269952453782,1.7915908846088184,1.9103175106715757
0.5595849479263021,0.7012052702715796,0,0,0,0,0,0,0,0,0,0,0,0,0,0,-1.6329417320580424,-1.4637837154885798,-1.4190768958265256,-1.3793559518145482,-1.2066595759711132,-1.1293400357777748,-1.0673153438347915,-0.9680622209243954,-0.8016281619653404,-0.6897286056574458,-0.6051744555730725,-0.4300154887475797,-0.32949126300606923,-0.21829991158583148,0.08393172231659196,0.21543103464043992,0.3803963949377374,0.7404414332074787,0.8878860223398789,0.9784111655406725,1.1448925945937798,1.16900005086606,1.2272148554131321,1.3283508444648855,1.3370419085558052,1.3451259974344034,1.3581114603550217,1.418516632639243,1.436654451613018,1.4533998656442946,1.5396780116167517,1.576348989320993,1.614117175834183,1.7334852350893117
0.5395494054282765,0.6087977584884402,0,0,0,0,0,0,0,0,0,0,0,0,-1.4574451204185919,-1.4294867564355935,-1.4185056618473026,-1.274122563020056,-1.2128879330291216,-1.1659829621391147,-1.0104251058647595,-0.8900237736749915,-0.8222434682662586,-0.7258763699416243,-0.5192936316509826,-0.42865115016671274,-0.3269182049091598,-0.14740875887785637,-0.043738650377194745,0.017575166194512114,0.20992368983657358,0.3264868362379361,0.41964634581980154,0.6019841301568243,0.7085745503950726,0.7708600614753842,0.8429257762797707,0.8991146418608427,0.9554624743780321,1.0608822867510705,1.0797647524426266,1.1422263571913605,1.163639989313303,1.251805958552263,1.2765425024828332,1.3403186825525053,1.442069683747195,1.5146184131786897,1.560784842746661,1.6591725349297988
0.4677366522800436,0.5146596080802424,0.4523020664885508,0.06975051751875946,0.11151896264871855,0,0,0,0,0,0.3991658109826836,-1.4038337631150242,-1.4313535034126763,-1.368365984259051,-1.2660377069307722,-1.2086814990550436,-1.1583813519318023,-1.0277091321483018,-0.9784549442409424,-0.9226240538447976,-0.7903093197002877,-0.719984696204816,-0.6371547545448583,-0.5685440560750566,-0.41045901061991524,-0.29472871634481024,-0.22296808648359953,-0.050429621902506605,0.05489488860480116,0.12606569912041146,0.2655862538916919,0.3446659261072179,0.4235859790819576,0.6062821424151151,0.6242890462845584,0.6678262986850305,0.7239638814387845,0.7832607532709865,0.8083050471312447,0.8690263213111942,0.8934906340265895,0.9229527084861628,0.9571791201747285,1.0380322061246425,1.1394654375113085,1.1829458404169644,1.28297725481139,1.3021837876975273,1.3694324823055983,1.4369959811897157
0.40030227082214226,-0.4793286153910982,0.0770783985490419,0.1772571793247724,0.3174074949286676,0.36042005376593483,0.3156092333622082,0.08013024891324214,0,-1.4074463034871956,-1.2943143031428164,-1.1892047915626953,-1.1682738977542804,-1.1236843519867594,-1.0101086180703496,-0.9530539032452926,-0.9105258440967058,-0.790382225890733,-0.7110035442478854,-0.6553888506371773,-0.5116011991793341,-0.439386114881774,-0.37692797872878053,-0.31692990093086754,-0.14476011991976548,-0.1013547510718769,-0.027249510310144946,0.08340292331007206,0.16328039776189268,0.1930741473949106,0.30912855235039244,0.35538176608524935,0.3791944836576119,0.48716846256032525,0.5168878699386341,0.5577933286800664,0.6151242596562435,0.6409692336944447,0.6720567775840887,0.7543196313089832,0.7924652605711388,0.8556031323021681,0.8945357054814808,0.995563482611939,1.0440514879391807,1.0730933122444941,1.1914899357756277,1.2289970407116024,1.27988009184906,1.3548523011367715
-0.4171859107804017,-0.5617175538127978,-0.6323208712275821,-0.8055120312631047,-0.8339251521857743,-0.9713627712334477,-1.0371795262848138,-1.0655626515677232,-1.00442810352588,-1.0206520648995956,-0.995865213272021,-0.9255405802180495,-0.9047409632865325,-0.8746024993599602,-0.7749998087698224,-0.7149985004168327,-0.6750968972980151,-0.5691913916241852,-0.5232988803554606,-0.47275533718452745,-0.3605515181270296,-0.28429813106589064,-0.2630571411906498,-0.20083204350481518,-0.08306716836483631,-0.026060562597641945,0.00869214243912878,0.14719340570929326,0.16152207158693951,0.19694923708646697,0.2677226039569458,0.2976550311016047,0.3489909503558241,0.4188104448775853,0.45756797803841537,0.4768734848951648,0.5675710875467164,0.6072518811184502,0.6451259035967456,0.7257445955693221,0.7997173823882024,0.8502698836606382,0.8772513359726287,0.9687340959561931,1.0139245665299346,1.084072863090108,1.1111293168507905,1.1409114404336966,1.185785129744673,1.246227052263462
-0.8700411347956277,-0.8923544369798173,-0.8992169756571504,-0.9709815680767372,-0.9531931155056464,-0.9439387089158301,-0.9259743512465569,-0.9199552889075683,-0.8518395621961807,-0.8403821382946716,-0.8062003342786638,-0.7341763351006211,-0.6932170189500834,-0.6595946123065719,-0.575465939755632,-0.5549376869829453,-0.5210071764701508,-0.4502320319049492,-0.40361679770833864,-0.3563301905146716,-0.28189723171101677,-0.2109744183349132,-0.1768421248510925,-0.14125447537269625,-0.050855356437727546,-0.01078659086017584,0.029377425171630056,0.10116884365909844,0.11642778520807302,0.14960712661364772,0.2043980239262899,0.23850808670912602,0.2734433371258603,0.32896748977463763,0.36668912715122076,0.39600449529157,0.4948100022850862,0.5775842114716103,0.6161359643925504,0.7505193148019461,0.8258237464752364,0.8150599858332326,0.8307979746232717,0.8761862323850111,0.9169263528565984,0.9322145730301279,1.0011794485135115,1.0347317472547424,1.0537248454477672,1.0929401731335584
-0.8803443796231581,-0.878023041054937,-0.8524700428738704,-0.8651997291054221,-0.8135705344452938,-0.8070887264824467,-0.7954912423651345,-0.7572461443889688,-0.7194231484171685,-0.6803752629297052,-0.6611342675719893,-0.5906361191630861,-0.587040489294804,-0.5598308631457946,-0.5020159398019152,-0.4812043086046205,-0.44217815976959157,-0.3930938287861971,-0.3561275188483648,-0.3092840050191637,-0.25226028446170423,-0.21959851989719734,-0.17668522937916792,-0.16512495939980532,-0.10847945421550284,-0.09999231841244356,-0.06265955482902198,-0.002736520679463692,0.02727639022033344,0.07814358029494856,0.13270871472370688,0.18995116253544106,0.2161273830605033,0.2871121241407931,0.3302273554320767,0.36188544396615907,0.40800013224168624,0.4685721766633736,0.5075880918737823,0.5979047432313609,0.6281242426589162,0.6700272538032324,0.7160231316682738,0.7815625974821765,0.8552570541930334,0.912198436000385,0.965246251040386,0.978107272700874,0.9892245788504725,1.0722141455920762
-0.8193699942964636,-0.7871159069337507,-0.7747201073792329,-0.7535923420137793,-0.7201029133439291,-0.6967514392018214,-0.6866282321251388,-0.6743078603912747,-0.616065740487686,-0.6181383558615469,-0.5942133484848936,-0.5502439740942923,-0.5388740220103386,-0.5079542951106903,-0.4651200007276579,-0.4452033711134935,-0.4129693437457993,-0.36366386328869255,-0.3417248832463943,-0.31929259075230376,-0.26899331066626136,-0.24677991414727904,-0.21402628950686192,-0.2043540298131366,-0.15043373069707422,-0.12574581758273015,-0.10399655455134182,-0.03967947275258873,-0.014820699388707566,0.016640128299811343,0.07042738876098455,0.11152550838853775,0.1526972455993895,0.22613876447814063,0.27880409862025907,0.2912514225680377,0.3620255729180752,0.39851304811431604,0.4426722468838915,0.48625413840962706,0.5485103335211281,0.5866664594697664,0.6300771425246038,0.6873128396893656,0.7245522625519979,0.7817555193432938,0.8710454573634152,0.89900880230736,0.9542671404501121,1.0235054837660262
-0.7403381187461017,-0.7195009577230504,-0.7055030132437914,-0.7031639174071976,-0.6722388182667545,-0.6466757227912919,-0.6400086104507272,-0.6397203929171792,-0.5966629534573762,-0.5873807715814964,-0.5804053007187355,-0.5205662596287741,-0.4941255600939627,-0.4859795744793705,-0.4445782234392176,-0.41800455809317777,-0.4070142109741598,-0.3731191532435901,-0.3549117730831864,-0.34197053827457696,-0.3062582276703045,-0.30133463468048804,-0.2881578763311234,-0.2560132741077135,-0.2210935324208095,-0.20428622114885656,-0.17437039980687064,-0.09888657151666448,-0.08647204387249156,-0.05942098873641213,0.014414059197033886,0.039586651697213475,0.07514393744564948,0.13622002193120197,0.1577019244526781,0.19547741734012422,0.25414862877942596,0.2765059068570074,0.3261143807680909,0.411216843309631,0.4477506992636332,0.5082677908759058,0.532758825930804,0.5900387537007616,0.6250472024917005,0.666643831957684,0.7583559023306294,0.8071965869424736,0.8101768865203784,0.865328792584118
