jsons/1312905600.json
{"header": {"parameterUnit": "m", "parameterNumber": 3, "dx": 0.1, "dy": 0.5, "parameterNumberName": "Northward wave", "la1": 40.97354507446295, "la2": 16.46031188964855, "parameterCategory": 2, "lo2": 133.9931640625001, "nx": 191, "ny": 50, "refTime": "2011-08-05 8:00:00", "lo1": 114.97908020019554}, "data":
[rows 22 to 43 of 50, columns 49 to 97 of 191]
0,0,0,0,0,0,0,0,0,0,0,0,0,0,0,0,0,0,0,0.04321651222781355,0.022443303020098327,-0.03621390069503603,-0.058350826187841265,-0.0325736994362289,-0.2724938862152816,-0.39830604300132605,-0.5197241359392344,-0.5241342765566431,-0.5232037411026151,-0.523883933489981,-0.5209299775098649,-0.5205199963971863,-0.5291730465837702,-0.5282503459958767,-0.5232690557705395,-0.5314632763479484,-0.5021978389193618,-0.4258937409508179,-0.39751229837248386,-0.4127766714337033,-0.42616778294659763,-0.40579435115002505,-0.3763684278078043,-0.38305114625686393,-0.3300309013889543,-0.3001134635467896,-0.2846805421088037,-0.13422440014878784,-0.1722660405520498
0,0,0,0,0,0,0,0,0,0,0,0,0,0,0,0,-0.0027956520719449756,0,0,0,0,-0.19138604804544043,-0.31877183206871923,-0.42440962815926425,-0.47276141490841644,-0.4994105570402151,-0.5237834131007576,-0.5282597627872324,-0.515717133191083,-0.515032410266071,-0.5153795046740216,-0.500490465437462,-0.47261347649170843,-0.45505883866697056,-0.38591154016560947,-0.37625434091591237,-0.36587095041867135,-0.31478902952701115,-0.3839443775668161,-0.3892941508002682,-0.37889106516995974,-0.37097051410344584,-0.42821662291536383,-0.40933620845990326,-0.3339808924514852,-0.2983595319503505,-0.2643198186608257,-0.14627896683490685,-0.12523060894820373
0,0,0,0,0,0,0,0,0,0,0,0,0,0,0,0,0,0,0,-0.2337495746050841,-0.34160811801771734,-0.38063308952529457,-0.417749846834074,-0.48335852925589523,-0.5020874588349538,-0.5034130512271634,-0.5032424187146683,-0.5054414463698897,-0.4801395317467472,-0.46935964792927864,-0.44855752144158534,-0.39905644882486957,-0.3846333049891317,-0.3759174788562581,-0.3525573550855551,-0.36518159992175764,-0.37599246954960697,-0.31542126287248284,-0.2147140147081337,-0.22142680840482046,-0.21011707729628817,-0.20807155757286774,-0.18757816285543322,-0.17408652260565344,-0.0821974293341747,-0.05895982941338647,-0.010361835216377527,0.09589618615927253,0.1682743725978677
0,0,0,0,0,0,0,0,0,0,0,0,0,0,0,0,-8.1454825486999445e+37,0.050516233694318846,-0.26690185385331067,-0.3452947048381587,-0.4327042281175244,-0.4562975599004778,-0.47723463559617335,-0.4896935207664083,-0.5034130389291127,-0.4912070031491453,-0.4769392062487362,-0.45242975430216453,-0.395830285903454,-0.36005349742046155,-0.35568180438617814,-0.27878298723891276,-0.21357117431924733,-0.2228899184772984,-0.2325327394352974,-0.2085321146076128,-0.20037470303402888,-0.17165063676115783,-0.16264947902556012,-0.12429773330358648,-0.09678412595891517,-0.08593380974184936,-0.005119903142444447,0.03671742214864705,0.04310034533229591,0.06175649367798355,0.10388110330088107,0.18141344973704232,0.23606280702753626
0,0,0,0,0,0,0,0,0,-0.06831692162869536,-0.14937913290517316,-0.1851142823531753,-0.2043564722880607,-0.25512262977825695,-0.2761718537659124,-0.31657177558818556,-0.35198083879265596,-0.3921524061646853,-0.4285719543002315,-0.46405648842158,-0.48671672321097853,-0.514881835454434,-0.5349189838249696,-0.5331277792328858,-0.5281981351281908,-0.5029823955078493,-0.4501037312650111,-0.39994769404388253,-0.28438389422338295,-0.25969147685689875,-0.23530516678121433,-0.1719374463224364,-0.1362943420172833,-0.14049788034290406,-0.0587456856099608,-0.06291181379403095,-0.013093569288506485,0.08875142052180292,0.08209539754569267,0.08832394082294101,0.1163558296306603,0.13898170992301015,0.12532287442197476,0.12834215203308158,0.19730276317207568,0.2514062175377573,0.24755581450164288,0.2844120847891682,0.3325828878598806
0,0,0,0,0,0,0,0,-0.24318355210704526,-0.27670332091886407,-0.3337058262095966,-0.34918720507114226,-0.3722793992530662,-0.3971504445977042,-0.4152678431702495,-0.43949535315460647,-0.4647227141566573,-0.49960041895438306,-0.5254623980180864,-0.5496955416036351,-0.5500356122631385,-0.5237862912071324,-0.5072538080409363,-0.5040111067210227,-0.48338992226598293,-0.3736405023099394,-0.30005439968251374,-0.25166608667616214,-0.11010338281662571,-0.11212812305819349,-0.10604500868316127,-0.05704324779277605,-0.04000880031523726,-0.044523291894663364,0.05628045857650192,0.06308701169571132,0.12406012504088887,0.12702197103618568,0.13082871975710508,0.11350783166848658,0.10284059362149554,0.09225806894798447,0.11490394916864974,0.10318197329707011,0.2307033879912732,0.3380876636712875,0.2924714520553118,0.2912514088759726,0.3862637316208336
0,0,0,0.07477478479966618,-0.2941176512613144,-0.32992306617413086,-0.3506363003429703,-0.38221070529854473,-0.39742564400678637,-0.4156750326708681,-0.4239400561255184,-0.43586022409545816,-0.46028239584793873,-0.492829340957305,-0.5233523528981473,-0.5442785500388643,-0.5691378042434465,-0.5801797864976592,-0.5779723371668769,-0.5763105758568201,-0.5720560193537247,-0.5922458720083401,-0.529538575221025,-0.47823840806714135,-0.39668636975219346,-0.2749032471018145,-0.11322141753751193,-0.04078358007472721,0.04792153871110079,0.01396868381392413,-0.002427704992751383,-0.034503695112003366,-0.02511465730457521,-0.021099944620195845,0.035416957032333135,0.07359222750576001,0.10987345163743971,0.11172056452008029,0.09574539454861453,0.09625706292990666,0.1207808918338263,0.1853292378704983,0.2517123029400012,0.27576047499213335,0.3253071222785978,0.30027569599425313,0.2932327488418657,0.3000693139248105,0.3681218408957704
-0.28084805721634865,-0.365147703396409,-0.40057594169830224,-0.41657385521920176,-0.4340255987898536,-0.44086695905739653,-0.4562345680985756,-0.4768453848260344,-0.479010957431501,-0.4962616035504851,-0.5240435478602721,-0.5384953282136757,-0.5582762851494107,-0.5814331502391255,-0.5994179823255865,-0.6091904803129693,-0.603907617773303,-0.6099785591969281,-0.615300499311565,-0.6155396404001934,-0.6152003519215749,-0.6192986365286038,-0.5531928323204284,-0.4464930039641112,-0.26347871753040614,0.1495272625488772,0.17729955664022118,0.15575300550011587,0.10885519040372829,0.10388398659974783,0.10904304072112869,0.11872045089676195,0.1805988181284529,0.21633283374714277,0.18646412270482335,0.23336204378465977,0.2852863596032984,0.22044280050328252,0.25513999084975614,0.2856912793545631,0.17823630655203734,0.21443293746596145,0.2781436919884372,0.2927443108174161,0.31177546923550364,0.3009306052785161,0.33025552717855755,0.42430203946869305,0.446086804810526
-0.41886793316356674,-0.459150082919186,-0.4623650161471915,-0.48956011424973706,-0.5039106027488615,-0.5111314350933804,-0.5189225948715548,-0.5388320921246349,-0.5412188573463227,-0.575113254638243,-0.6035283592929926,-0.6064054431864184,-0.5714026072057968,-0.5409228347591315,-0.5381910026622738,-0.5770536346097507,-0.5849882938161962,-0.5915850421201004,-0.46020852679997754,-0.482551947899709,-0.48752560803212336,-0.5131211367808409,-0.53537028058567,-0.6412710736119206,-0.057024655766480296,0.4408294455924761,0.48271459415826024,0.4804886845749987,0.3150262033464071,0.20894876221502798,0.2956442042903457,0.39846007436134373,0.43074023374351206,0.31739571072552775,0.3195783607977488,0.32203624641060324,0.32730063958956657,0.3462077443428189,0.28546206930088774,0.2927853478893294,0.3345132663452023,0.2725251760799027,0.2539837538883335,0.23940858410871743,0.26521418964010546,0.3121050517292701,0.3776381526022944,0.42393265088891713,0.4478101276002163
-0.48452439573669737,-0.5247697924091135,-0.5338393679609816,-0.538415966224166,-0.5418929870398341,-0.5244249749150595,-0.5125501047149527,-0.4936341849147606,-0.46036375113727984,-0.3585018403215137,-0.26726767554748376,-0.2045276888491292,-0.07128497323661105,-0.043840047448288934,-0.029217121939378525,-0.05414505890995948,-0.0937065090186406,-0.14046103197156165,-0.2074624439062106,-0.2522254830745673,-0.33790310225186865,-0.27847528069243044,-0.30924649657601044,-0.3038743689972145,-0.4741129973398328,-0.5819271233625694,-0.1467527924188814,0.02891286407522618,-0.3907300156753826,-0.04422842821870485,-0.5735022334504984,-0.23508080153727193,0.32016877101651126,0.2878529382928624,-0.3393700879880239,0.2847047348739237,0.5818348668845605,0.504721635785719,0.46528538898035193,0.4775619432559675,0.49070981439085803,0.4670593248560179,0.4503673535840471,0.4603945185618573,0.48518854885353097,0.5014250617213168,0.4991431182527307,0.4635183664369923,0.4429582325473662
-0.4662185986903283,-0.45607563648646365,-0.4080808546205828,-0.3591339098326054,-0.3230619298777085,-0.1744972198588644,-0.10277886624507336,-0.047979608610998724,0.044399805029371284,0.22054170150158597,0.32987255712452546,0.3460393413922788,0,0,0,0,0,0,0,0,0,-0.5780666573713282,-0.5745340728924483,-0.5766203111629631,-0.5891273116343734,-0.6402787891036639,-0.629469901773302,-0.6255005785323533,-0.41611474432084644,-0.15560189520090267,-0.0935232346562857,0.18046161916940995,0.2971994579415121,0.27786026612004944,0.09601999706555965,-0.10854378020273062,0.16919105340189725,0.36705249326152417,0.49348605988405475,-0.4484367825401769,0.4196207583164635,0.4323084985879961,0.46415529760561786,0.26734256713621646,-0.5716578706765881,0.5107566199564069,0.5192708702838501,0.481002241888224,0.5056712280860178
-0.14624060716250584,-0.14905112483723243,-0.029407585676848064,0.04265462694772943,0.09645459686204787,0.26996219583425873,0.3213505612588659,0.40937053540782614,0,0,0,0,0,0,0,0,0,0,0,0,-0.6676926630417034,-0.6198839519762401,-0.602936433555647,-0.5929078680799975,-0.5821276780354186,-0.5195551948159093,-0.5490106997282803,-0.5978691375893004,-0.5077597627975549,-0.6194861462974244,-0.19134950938309658,0.3100356576531115,0.5248393353729743,0.5583289126834261,0.649554689628437,0.6450769466906983,0.6097756340679822,0.5895575079188128,0.42185898362181135,0.26410022340244604,0.13431847404228345,0.07087942644492644,-0.44402845241285116,-0.25000855859118687,-0.3365982702056896,-0.24491442874770183,-0.026564337589110865,0.2743760927129146,0.378247287262579
0.12682640670154327,0.18770112555424806,0.34660934817589817,0.39531108063983017,0.40741265348199607,0,0,0,0,0,0,0,0,0,0,0,0,0,-0.5683108217478866,-0.6225272098619705,-0.6944906751185566,-0.7086155879505941,-0.6407454146119044,-0.5797034252071497,-0.5533536541580739,-0.5224697038268313,-0.43573421515133853,-0.36185897650704324,-0.14779932511924787,0.04536501563805289,0.024927750218089337,0.14661638839356864,0.3272468486431636,0.43621612893532624,0.5339041557986296,0.4591231033417612,0.1518503472986374,0.5358025544180174,0.5325935087987557,0.42772830976572973,0.3148746668624662,0.30896028471700177,0.2882273869618388,0.23471144127394536,0.17291459297383194,0.15622631663565537,0.23811267626499422,0.312570670950289,0.35931200037903843
0.39892564807301767,0.45862894807272087,0.5267138099174827,0,0,0,0,0,0,0,0,0,0,0,0,0,0,-0.6325413664778583,-0.6345867956728973,-0.6371019715225672,-0.6162642664385641,-0.6007681960668737,-0.5267692400589887,-0.47839210284365363,-0.4409890911712821,-0.4289639248953891,-0.2795140574287393,-0.19954335687316896,-0.06519326518752246,0.0015158036255665543,0.02420681458777987,0.2510071895706547,0.3422576380894333,0.4515509560500668,0.6049204393923298,0.6253832898532046,0.569705702395621,-0.29352015539186244,0.47352297973212676,0.49652774298548147,0.5104561016691725,0.4925715459640171,0.4706584130419653,0.4571552693210188,0.41693568274069825,0.4000046299196259,0.3621628863371526,0.41934729690035116,0.4667348344405076
0.5041275091253113,0.3822765854550288,0.14657334950632828,0,0,0,0,0,0,0,0,0,0,0,0,-0.5710709460700037,-0.5923179231337719,-0.6559864078033542,-0.6334666622822033,-0.6249508064819397,-0.6528475322125668,-0.22191912654787893,-0.19982804299125426,-0.14909482914079525,-0.07070858904981941,0.022667468831944298,-0.01705682007506754,-0.039069702054789046,0.009993481339880528,0.030403676887805077,0.03964497497194049,-0.06641007211058944,0.22595102466487776,0.36605012028173206,0.5370818729429546,0.6021340493093398,0.6034677698116526,0.5404541683785363,-0.6876879813035238,0.6391850926448861,0.6460740618209421,0.6302201020935412,0.5974383200515233,0.5849591278851219,0.519306141548107,0.5252018565712574,0.5224079130931523,0.5411761816277237,0.575027718363658
0.4793188687900039,0.4596571841109863,0.4532316708978245,0.3434740132626027,-0.12360776121786025,0.09575698519510999,0,0,0,0,0,0.108973919553051,-0.49441881792085984,-0.5780288508752944,-0.6222239061304257,-0.6017550274090959,-0.5502167172680861,-0.48358820028131877,-0.18584633201680922,-0.20963079253712166,-0.11016733957384157,0.07705457365684983,0.17944316980882358,0.29395587044542043,0.2596291713350384,0.18258706613345543,0.14610939961699154,0.13064299443343172,0.09942662214108437,0.11748169204788607,0.13142752152763823,0.19122496036682568,0.298110693486766,0.37525248252151294,0.5418564760744139,0.5631771931505473,0.6104904154311306,0.6524639952749097,0.6627130411530636,0.6578376096814921,0.6828604994607645,-0.49161860263164897,0.36085887419850937,0.5043778664335039,0.6330605560884704,0.6358146157439255,0.6319468823535317,0.6282650107099607,0.6335736482545519
0.44326384213972836,0.4423795083668617,0.36279718058736626,0.2726110361836494,-0.4325407804052844,0.319551945545436,0.3702146078773351,0.3291113000629477,0.19490514145752771,0,-0.5381252145788049,-0.5564812657573842,-0.5408576920960045,-0.5598532378765351,-0.5132795003250168,-0.3744939362338112,-0.30804703193418304,-0.24000770773775884,-0.07330917167568664,0.006384762143275554,0.07179058952062255,0.24516143075316313,0.3009551953801126,0.32742569219322465,0.3780435427513982,0.29170891479103955,0.274100705541468,0.26154215126038527,0.24224804474566422,0.23496766803911248,0.2769988286627716,0.4322597179357228,0.47792071061761554,0.49929520980416736,0.6137421222696746,0.6381380461333204,0.6180731219133221,0.6331978945786266,0.6573843650547947,0.6569784932422602,0.7088481158978704,0.7090633199333389,0.7085518395477459,0.7061210743189797,0.6329281109566366,0.6469131882177555,0.6467255355624706,0.5951939304928882,0.42076638176773484
0.20367982114411587,0.17998440732162915,-0.018246904845567857,-0.17620363546443985,-0.31288780075143496,-0.3978228584455819,-0.4069118356855861,-0.4107160011188714,-0.4339362836130936,-0.4044408421277023,-0.4007294820322236,-0.3767754673395047,-0.28897981629694847,-0.24758707731101948,-0.1902693519808763,-0.07845661942876447,-1.7002985072391507e-06,0.061854174357009684,0.20161836709053513,0.27504202348366225,0.30140397477978687,0.373434410623024,0.4424495227775046,0.4329722766495511,0.4192892550937183,0.39872599666265873,0.3972347329709412,0.39813331023577686,0.4403380868758123,0.4309880616810424,0.4325296016232739,0.45326218964872694,0.46671739395008854,0.491718454126902,0.5424072832357116,0.5818514624182983,0.5891641613597701,0.6582773335272101,0.6668532730003569,0.6657097361833645,0.6812503221847047,0.6920497874600896,0.6773322379165476,0.6913606931535959,0.7060035623107112,0.7107336211611283,0.7205595997739895,0.6719178279708939,0.648905675162201
-0.0023373679973626572,-0.0669566400346149,-0.14516805718752002,-0.17174315188026693,-0.20048530006422494,-0.21643550732116396,-0.20646717475376997,-0.18478776425891738,-0.1779567839135914,-0.16563754896743693,-0.16444275345144305,-0.13588842548007546,-0.05606620107605043,0.0010722424498410816,0.05090064559175842,0.21493046092941875,0.2288024165609116,0.2497569847675733,0.34004742450444314,0.3616129052553612,0.38102047145854145,0.41255926709658347,0.4469486977948008,0.46576721116255276,0.4547951727919396,0.45705335888887666,0.4569586078284977,0.46178629499738677,0.4967515927846447,0.49903569683821186,0.5231373641769745,0.5590820655889426,0.5635721341123697,0.5804391286120315,0.6023857774671755,0.6388921033240194,0.6777648643747018,0.6994876474953361,0.712651029130526,0.7072840295790143,0.7064641092359114,0.7059222051011674,0.6972750816916979,0.688997825377934,0.6856333825343242,0.6873338795340224,0.6865957673273851,0.694589821112883,0.6973339313220208
-0.015884042392702,-0.011684384510270679,-0.012173075961596207,-0.019774619609408697,-0.024726693323778286,0.00039055869490258474,0.0026029141949186103,-0.0026403078266961392,-0.006218090253833037,0.027613619689246964,0.08240627696003014,0.09738321535237911,0.17846730089436036,0.1913249777512959,0.2794079142521543,0.44315384150510495,0.419076458474882,0.4279646211590998,0.46007781661465114,0.4735203157534326,0.4832611912093601,0.4925680927785344,0.4938037443022845,0.502611393243829,0.5055849684303811,0.5414200161760604,0.5505198119873538,0.5568489542717595,0.575635946754215,0.5939254805490712,0.6294901200863232,0.629614909280853,0.6138757466059046,0.6111206209496826,0.6243567284253336,0.6323402717137729,0.6460051786627425,0.6591469207391013,0.6585614133658058,0.6481541812953723,0.685309309510494,0.6882719477547451,0.6935012931069467,0.6963894048882514,0.6999104180608493,0.6894453899537761,0.6837269022115606,0.6923447936096452,0.6996930806685124
0.11703275574088909,0.11458738220047635,0.11441550324298061,0.11674891497039458,0.1319326170699479,0.1337506620877637,0.14055462645827255,0.15301075380015822,0.17308955836526324,0.17839253315786877,0.19814894993113136,0.27615159547488227,0.33930650900779724,0.3764727948569774,0.43438516332769384,0.506426360213162,0.5208195205627525,0.530078818464413,0.5576269292966444,0.5600664406604529,0.5620896519546128,0.5770190039954693,0.566490238449533,0.5595035506233637,0.5600683320749725,0.5725384876327217,0.584055037132739,0.5858581048637723,0.5869733521152379,0.5952189201552931,0.6109415924119568,0.6287880713813497,0.6279100411747192,0.6309915808369237,0.6293928150382,0.61371436251046,0.6130546657600158,0.6704223748103737,0.6916456636182767,0.7154542151958971,0.7239953226222797,0.7169900291686161,0.7042907407226733,0.7039292765876065,0.7122891215908879,0.7100924890864225,0.7083938532043681,0.7061166107850776,0.7108506765617653
0.1693790665870842,0.1817893444923251,0.18568040288395862,0.2030751117718699,0.22440281679960078,0.23203804032048395,0.2250259180697543,0.21905493872775605,0.2314363103977125,0.29149197487182016,0.31831535146481976,0.3267916190948136,0.39792575534845753,0.4445361543627042,0.4540093657410116,0.47748793362329167,0.4955429101997785,0.5020805240786722,0.5390691134453737,0.5526382055464258,0.5603900366677023,0.5879885288172629,0.6015033895174963,0.5866028294183255,0.5851676744825219,0.6187290235745178,0.6034978054806416,0.591052404954097,0.6206757278605902,0.638833348329917,0.6237683103511109,0.6122469223378587,0.61447641488665,0.6150271792498688,0.6065391854198835,0.6247305772659006,0.6474590958104032,0.6655004655458323,0.6784543618049753,0.690233554061889,0.7130699545255633,0.7227627211192802,0.7345749816780267,0.7445899800744282,0.7330364667899365,0.7205107834415395,0.7257600387936896,0.7331760951659365,0.7305655280842877
