jsons/1312822800.json
{"header": {"parameterUnit": "m", "parameterNumber": 2, "dx": 0.1, "dy": 0.5, "parameterNumberName": "Eastward wave", "la1": 40.97354507446295, "la2": 16.46031188964855, "parameterCategory": 2, "lo2": 133.9931640625001, "nx": 191, "ny": 50, "refTime": "2011-08-05 8:00:00", "lo1": 114.97908020019554}, "data":
[rows 0 to 21 of 50, columns 98 to 146 of 191]
0,0,0,0,0,0,0,0,0,0,0,0,0,0,0,0,0,0,0,0,0,0,0,0,0,0,0,0,0,0,0,0,0,0,0,0,0,0,0,0,0,0,0,0,0,0,0,0,0
0,0,0,0,0,0,0,0,0,0,0,0,0,0,0,0,0,0,0,0,0,0,0,0,0,0,0,0,0,0,0,0,0,0,0,0,0,0,0,0,0,0,0,0,0,0,0,0,0
0,0,0,0,0,0,0,0,0,0,0,0,0,0,0,0,0,0,0,0,0,0,0,0,0,0,0,0,0,0,0,0,0,0,0,0,0,0,0,0,0,0,0,0,0,0,0,0,0
1.2163472601542384,1.2227293010326128,1.198699221540949,1.1935501798015222,1.0859641443288044,0.9257133758028757,0.6796175381212143,0,0,0,0,0,0,0,0,0,0,0,0,0,0,0,0,0,0,0,0,0,0,0,0,0,0,0,0,0,0,0,0,0,0,0,0,0,0,0,0,0,0
1.4586465517131078,1.313560434274835,1.2409265342707823,1.0686046103694438,0.7590266017689629,0,0,0,0,0,0,0,0,0,0,0,0,0,0,0,0,0,0,0,0,0,0,0,0,0,0,0,0,0,0,0,0,0,0,0,0,0,0,0,0,0,0,0,0
1.5665329564526083,1.2682921821598654,0,0,0,0,0,0,0,0,0,0,0,0,0,0,0,0,0,0,0,0,0,0,0,0,0,0,0,0,0,0,0,0,0,0,0,0,0,0,0,0,0,0,0,0,0,0,0
2.0733439979722443,1.9684934037068729,1.9269850758459115,1.7890414556105403,1.7405356119801518,0,0,0,0,0,1.0310119866972596,0,0,0,0,0,0,0,0,0,0,0,0,0,0,0,0,0,0,0,0,0,0,0,0,0,0,0,0,0,0,0,0,0,0,0,0,0,0
1.7418809895708731,1.728614368384676,1.7245646933420022,1.6972648423430816,1.6542495881195505,1.6664929702064932,1.6331584209977665,1.623255578683379,1.6096536544732827,1.510216393325527,1.4246102201446667,1.3926852606024687,1.296930587095382,1.272347730368732,1.2171427358645386,1.2736190129955682,1.2539202283205468,1.2556192524364254,1.2462079269142265,0,0,0,0,0,0,0,0,0,0,0,0,0,0,0,0,0,0,0,0,0,0,0,0,0,0,0,0,0,0
1.3982440971878451,1.4480297612820465,1.4598015400636777,1.4680268940128656,1.4416262427735247,1.4264270065824816,1.3988017145146698,1.3528703810214788,1.3052129614810364,1.2748759704274621,1.2488072684049583,1.2278806202448251,1.171342205961935,1.2253865030139006,1.0964227520508962,1.4552663035652162,1.4422572264062095,-1.0075491396447427,-0.7248596770129082,-0.6786456576191467,0.7230095885906782,0,0,0,0,0,0,0,0,0,0,0,0,0,0,0,0,0,0,0,0,0,0,0,0,0,0,0,0
1.1887578960532006,1.1966115226568599,1.224049525699951,1.2404256337792272,1.239589304925753,1.229294596544804,1.202507970141602,1.1790114365465654,1.1662469489530964,1.1622373227257068,1.136164637008056,1.1028557554385567,1.0108349298008679,0.9489833337149537,0.9334529443700079,0.8856042757770394,0.8384193757574808,0.7987632839238114,0,0,0,0,0,0,0,0,0,0,0,0,0,0,0,0,0,0,0,0,0,0,0,0,0,0,0,0,0,0,0
1.0974550541901884,1.1042755016390209,1.0903496118205642,1.0813292401914816,1.0928615519256721,1.0835503354057445,1.0725257060112812,1.0312372125715787,1.0157336836507096,0.9932509484555665,0.960518103839794,0.9302200852647088,0.885784276313352,0.8532328898166205,0.785455467009368,0.7222563670768694,0.6790981890981027,0.7198398229169487,0.48623232796711785,0.5546689203782759,0,0,0,0,0,0,0,0,0,0,0,0,0,0,0,0,0,0,0,0,0,0,0,0,0,0,0,0,0
0.9308586268633969,0.9694563169948676,0.9872327531423211,0.9687775599759016,0.9763100409155322,0.9784378519982198,0.9704626588192465,0.9792166451616545,0.9484832105767493,0.8771770814189126,0.8535631182108555,0.8205199409679201,0.7696424622646272,0.7412603501046804,0.7450742853644243,0.6495241443199886,0.6608562175832332,-1.0228837393893666,0,0,0,0,0,0,0,0,0,0,0,0,0,0,0,0,0,0,0,0,0,0,0,0,0,0,0,0,0,0,0
0.7740044499634566,0.807808722556606,0.8280921066214987,0.8464287283502957,0.9199304520166193,0.9017742951197382,0.8786926994818298,0.885220060372781,0.8747983769111803,0.8440594879007315,0.8235135498358859,0.8277417200133422,0.8094373512242262,0.7870317760941389,0.6595129552077509,0.5794977269819461,0.6052681642195051,0.6352047221800594,0,0,0,0,0,0,0,0,0,0,0,0,0,0,0,0,0,0,0,0,0,0,0,0,0,0,0,0,0,0,0
0.6780039297765629,0.7566179911352505,0.8104629944251114,0.8172334320541679,0.8360108270612643,0.8359571079155231,0.8492725810132865,0.8555105359419333,0.8833524820397508,0.8941839241871389,0.9013801862905468,0.918930207814032,0.8977036582457375,0.9034269903899697,0.8785534140088475,0.8563197373393261,0.9059065456446653,0.950886720673252,1.013254846334704,1.0446743232626468,0.9468821288096444,0.9892734584105675,1.017567088538161,1.0338593522950865,1.0177802381147238,1.0413531205715174,1.0477052433566794,1.0093811207163779,1.038335875664491,1.064046971092736,1.0464813691358048,1.0632274442848209,1.0702622869840115,1.0931037838239843,1.1016654294199146,1.1109975164812242,1.0807125202809325,1.0733713379019147,1.0660060432672445,1.0299223907480497,0,0,0,0,0,0,0,0,0
0.6661531475218369,0.7030144425406841,0.7168375702691099,0.7430817521304867,0.7528752926862965,0.7693200015707156,0.7932355608239616,0.8184457816946237,0.8219927163594959,0.8099917146792236,0.8024739670947643,0.7872589367394162,0.7868000094447861,0.7948337647587863,0.7393118911401682,0.7471682733595024,0.7593442148886949,0.7756607730976313,0.7989133212053672,0.806900423235604,0.914122801399087,0.9468563342354749,0.9642032262716473,1.009382275096482,1.0422883648894241,1.0420929801682497,1.0689498127931878,1.0784461320700114,1.087871930117107,1.0901858682626424,1.0974618488860428,1.0943050892698498,1.087458762412337,1.0841158404903906,1.0835610757497185,1.081303813364884,1.069367022388588,1.0684708356935502,1.0595303423644673,1.047921408084551,1.0441913740339146,1.0362745533260103,1.0047477923018313,1.0017052773639237,0.9775583322612252,0.9047187949485754,0.8739037267648693,0.8760436995750531,0
0.49575195999991284,0.568813083021005,0.5815911549553503,0.6061572283790638,0.7095717093075447,0.7255848562758108,0.723488618901683,0.7155900737853695,0.7184191020333639,0.7224779377115894,0.6843512058749293,0.6859894273339329,0.6382485845100336,0.9988162134470054,-0.9149829744865303,-1.089051760049012,-0.8943508368945282,-0.7315865930789958,-0.7467695770271293,-0.41750217355122254,0.552877145399451,0.5963367094174927,0.9011383244896702,1.0303895947333073,1.05964134332242,1.0829609489110377,1.0670059685469047,1.0668562069595604,1.0709137327420897,1.06324607647365,1.0633726308634603,1.0498241262300765,1.0338562619723148,1.0276146411888587,1.0393889526829831,1.0329581243249106,1.0212105163495955,1.0296570105297924,1.033306227388152,1.0251490756155015,1.021536543524548,1.028122325327831,0.9942113476243849,0.9826336944849885,0.9390089372530398,0.8809318116685235,0.830005689427568,0.7727282157565488,0.7390215014837292
0.2789872635630106,0.27511249483913075,0.2879968744026326,0.38322121362265993,0.5018875544302086,0.5095456834117137,0.49601659460120556,0.5711163621052736,0.6020600668259595,0.6425647297102417,0.7429548500340627,0.7501872197579778,0.7724359449510241,0.7833141525473376,0.8290266685830237,0.8405256343618108,0.9089784777500176,0.9677317233256394,0.989776082990115,0.9854803808800203,1.037294148422135,1.0287095489033233,1.0368518195596266,1.0482055660853369,1.0536123666238832,1.030501842456307,1.031832350712526,1.0300315185809563,1.0357547777386802,1.0359854617568072,1.0395189064744759,1.0355471618677767,1.0392682205136927,1.0333027236459453,1.023238284578302,1.0204675987693712,1.012820132834546,1.011048206947948,1.0011756967976277,0.9929972042832587,0.9957684454725612,1.0015937413790075,0.9689004486750658,0.9546636290448326,0.9479548381095002,0.9117888810904107,0.8740554118156306,0.9170149254749437,0.8881101014088931
0.17067908800920487,0.27076515970533827,0.32988467484552086,0.3649470732082678,0.4210539821915582,0.43795402502538255,0.4687959757895613,0.52051494009135,0.5463499785732405,0.5817085057217667,0.6251821573512478,0.650157146970764,0.6619018313724087,0.6628841650163076,0.7334358972968232,0.7394516156628225,0.765869083002908,0.7995338528042503,0.8126371427550151,0.8444700198943571,0.89965535796547,0.9188643058324664,0.9278830517459628,0.9485761274036993,0.9451850060294429,0.9474916420729902,0.9668801682535928,0.9752678522650176,0.9779617467504799,0.9848891652483297,0.989116483271781,0.993582132386535,0.9948112500993933,0.9951575276998367,1.0074227611610298,1.0144170588259376,1.0085544308482046,1.004779693821924,1.0033526141708016,0.9880577048669247,0.9817256770289934,0.9717856325908222,0.9611414104004554,0.9617002924236994,0.9530020437325435,0.9017314816130649,0.9038427475405211,0.9017830897611484,0.8835351785098553
0.5496755056204375,0.29787724722831027,0.34082305244638106,0.411226887330494,0.4686934050143508,0.4996217841614268,0.5111489093596393,0.5724255924309711,0.6158394261244216,0.6187196122567787,0.6355729697247983,0.657989377928786,0.7210617110622155,0.7255033952194273,0.746605668686718,0.7683035993760645,0.7918655876756006,0.81916690630946,0.833029210196727,0.8496072622185157,0.9009306727121512,0.9126437133983968,0.9196621236403939,0.9505276236390243,0.9522300211683926,0.952566799203251,0.9586613832335272,0.9540763321088427,0.9635446174656498,0.9699538313519483,0.977400033084339,0.9796530145054136,0.9817368307100578,0.995154446526905,0.9924590470665183,0.9909103642014887,0.9868672888332468,0.9902202691596547,0.9864216671899506,0.9781037787741006,0.9777199408095711,0.9753295196936425,0.9652933551117621,0.942938648813489,0.9298662324782699,0.9004451690293839,0.8888639834341904,0.8899524762535861,0.8708491739749623
0.2949214216864061,0.333274088051717,0.4037914934871976,0.45113233373488965,0.5366962296131913,0.5490230057710735,0.5622877284147397,0.6394094137349893,0.6571418193872292,0.6849678248597214,0.7277568913960738,0.7547169880973894,0.7808930634524621,0.7819574620682774,0.8087965217195288,0.8246335673070141,0.8433297851569174,0.8527631137992139,0.8764216078596406,0.8875275825446913,0.919814788794426,0.9380403723992244,0.9289182390305389,0.9236754555675688,0.9407036676192556,0.9615909390313115,0.9840764511149492,0.9873752076201135,0.9867745811812486,0.9892607758525118,0.9942186375276079,0.9840390407673397,0.9714428545633077,0.9959942805161253,0.9997938976291264,0.9964293346987735,0.9914249768724333,0.9916950135478474,0.9964083084266845,1.0041237047567053,1.0026771108405375,1.003953356365204,0.9880142055470688,0.9811257388315542,0.9643743328156636,0.9333316806812897,0.9274364773951742,0.9238966087405357,0.9185519082129272
0.3235113284120375,0.402515657265309,0.5209317321947492,0.6299122972155184,0.7533346972171117,0.7918534070164227,0.8268414236807018,0.877796776459903,0.9050105169931021,0.893714146091643,0.8835134606018211,0.885305086092033,0.895605017691435,0.8997365828147278,0.9129987144949732,0.9104375986428176,0.9083335352031462,0.9014250868761826,0.9189116797362779,0.9255049648645621,0.9431081786841748,0.9531255661142204,0.9566294568434369,0.9739136677267166,0.9855882507519592,0.9954059515526801,1.0005826819268853,1.007288182999516,1.0138531766411132,1.0208130311483987,1.0248296077371828,1.0195781070988155,1.0176716402074446,1.014972261672198,1.0105349328439361,1.015457119944081,1.0071759898078014,1.0058029124925705,1.0036953801901614,0.9961607789414781,0.9889859452201817,0.9833632762739559,0.9732740426315775,0.9743821560597811,0.9762250587121868,0.9704137407127401,0.9607822288328736,0.9565974582216822,0.9578537242084456
0.6229858664136108,0.593945010992441,0.6696109426074048,0.7171186005337865,0.7795361370539406,0.8088907827495757,0.8234624659685178,0.9171300699794963,0.9055276231650324,0.9171150715312018,0.9140715425076763,0.9134373897114781,0.9202516283546622,0.9250488754707944,0.9329381978725777,0.9304027841336965,0.9202316020255229,0.9155689603523037,0.9225158673395821,0.9224643084763239,0.9397223891373474,0.9470553328771298,0.9571621666021416,0.9715281192039141,0.969984586832908,0.9810934065259234,0.9810625024283257,0.9828356040377492,0.9931970613673847,1.0032232969715433,1.010492596282602,1.0097087784583039,1.0100115376366368,0.9984241302438066,0.9939786824613227,0.9903346333071493,0.9916577462319102,0.9975714865328,1.005365743562413,1.0200708208438,1.0142474159274237,1.0162249776361367,1.0164236919641527,1.0370531817064035,1.0570775221944078,1.018933467341658,1.0159733574612002,1.0180702749734727,1.023868060885684
