jsons/1312610400.json
{"header": {"parameterUnit": "m", "parameterNumber": 2, "dx": 0.1, "dy": 0.5, "parameterNumberName": "Eastward wave", "la1": 40.97354507446295, "la2": 16.46031188964855, "parameterCategory": 2, "lo2": 133.9931640625001, "nx": 191, "ny": 50, "refTime": "2011-08-05 8:00:00", "lo1": 114.97908020019554}, "data":
[rows 22 to 43 of 50, columns 100 to 149 of 191]
2.8753526879448352,3.1153360423770113,3.440460666369025,3.6168252932958747,3.834002167779763,4.138519963084875,4.26847430874592,4.542658374559914,4.837870332220822,4.974221493649492,5.112797234748239,5.406193820250366,5.6761419836960165,5.824077500224969,5.86617982823696,6.048912833818976,6.10295616478072,6.140762090407954,6.1742319950571485,6.165025054228724,6.130932968838846,6.1342948961660015,6.028246764986048,5.992220625693467,6.046135616701835,6.052660034436527,6.0044932136932125,5.9141321078589275,5.892794031022062,5.713949074833383,5.559878014744441,5.565890842171146,5.390020707273446,5.293014655006249,5.223141576424391,5.06413314318984,4.984454111275678,4.964694946482809,4.822297243374706,4.656033899676947,4.5926834306896795,4.509026987933382,4.275785901722672,4.179087313443447,4.030958155272968,3.7642966818994417,3.6296428804470806,3.517587378552002,3.387076857488649,3.3545607859792517
2.669515550391347,3.0182940652002173,3.711318715029598,3.9355051738992746,4.312161154133489,4.741184993213105,5.069339005823691,5.327249891432769,5.871102714189282,6.070339068742124,6.328868435597956,6.495544176353279,6.8527903347874926,6.9836416301204425,7.186559998331413,7.409414820492019,7.364926750221826,7.341345326483933,7.464640882135301,7.474563671637651,7.401241777633484,7.448870119147823,7.5140872848667595,7.341071846404218,7.321695132844052,7.205297365467854,6.920248844280538,6.8265305104318355,6.81400447634974,6.4978963801264,6.394061339266712,6.285278108293127,5.99214449116936,5.946633046635892,5.859061538556388,5.537091624065291,5.488600367255088,5.4131829918342484,5.289470113693999,5.082321841708183,4.948342484119231,4.808290587054162,4.517614236012363,4.218686301696863,4.028136472356993,3.6504071858267286,3.5421060655099126,3.459647739227897,3.368115371600167,3.4752515210408443
1.6018976058214351,2.0216884613480235,3.0163808156934424,3.3823492084762874,4.0922321664322725,4.858943500519521,5.304527439758687,5.598266245811659,6.297626254870291,6.643827194801296,6.955698547434285,7.1958160541909155,7.714992022931312,7.817869426264419,8.083529231726462,8.306933696711509,8.360283755285407,8.519705985544888,8.729795415662894,8.806698822587462,8.690319034431191,8.738424725658787,8.65731165221648,8.386044588208584,8.124047085060004,7.993164246334089,7.598167627783619,7.533223067097057,7.4724262794571095,7.207374547309,7.032603905446582,6.9793991909033455,6.540469002765899,6.437238217983602,6.283687971397038,6.065501535146497,5.930254888859859,5.818762736461667,5.710568530590678,5.3755080698724385,5.262484993192216,4.996796042171905,4.468639676547541,3.927302816968409,3.6413041492214844,3.195764588452965,3.020602949854513,3.1475020759201855,3.390716220965783,3.6751513447429742
-0.8591993098070791,-0.3133374311323635,0.7786288014584741,1.22302902463457,2.2209028419068373,3.3611819862918804,4.2513539139522845,4.872817675201335,6.336239357776834,6.624048914951133,6.84975723687313,7.436193104936871,8.053969856641741,8.369078672289433,8.550277047641163,8.97924752785905,9.162564572396812,9.325348261949891,9.555744586726359,9.70616338070031,9.461085409063369,9.491162357206981,9.339940998832137,9.031058611324283,8.932720141498812,8.744215301346461,8.405357253775902,8.191142710931503,8.089835041357789,7.729428943128869,7.481126370072687,7.365013647798151,7.036900439668276,6.923770403409947,6.810930918511448,6.512133685816238,6.412469502459578,6.2990785582937505,6.0970721924054425,5.680235393491819,5.455191617937065,5.157560311586531,3.54514504054574,0.049604547066903724,-1.9358349736159648,-1.7678581479034277,0.2195942820733027,1.5705930109544464,4.3856335836989775,4.603524508839826
-3.403009097115584,-2.861092738861926,-1.9406286650802518,-1.2436935572370431,-0.48201853806107453,0.43442140549948505,1.35100837846409,2.025823428100648,3.630547013928525,4.3257765474588465,5.326005606784614,5.832038649196396,7.012274496604748,7.554801100605015,8.065701248637694,8.727885382607028,8.976827243615443,9.064121774578895,9.367412694843729,9.510603300731983,9.394255398790923,9.53827034789393,9.511138860387058,9.221604044319767,9.125072175143549,8.875146753372935,8.508404583234327,8.273075749429244,8.197650346601067,7.729169353406379,7.550454094826133,7.409146218883397,7.120400736457929,6.983530766631032,6.954819788116982,6.539162059424869,6.377466874895606,6.260775370949869,6.018960516366357,5.787469057113098,4.297302017999373,4.7759358315464615,5.606435028548426,5.412896797667655,5.364657825273818,5.114704207128069,5.0669597531527115,4.991386004401871,4.861439668849661,4.7841548103339
-6.876178761820466,-6.426115490985945,-5.8682755162242275,-5.405337470844194,-4.642051330498561,-3.4661791804305873,-2.3670140616601514,-1.6016455026278706,0.5479202632868709,1.6028237156779492,2.7609216283709075,3.9180904100906986,5.307371165149253,6.219209468175229,6.645239240489616,7.622010117877505,7.925234469814526,8.327430663762431,8.689258221620797,8.873402718057761,8.852788858059034,9.05671636207175,9.056744085502759,8.93121997175952,8.81312550644491,8.753700147334806,8.502386532984719,8.415068174005025,8.318147198666765,7.869966951562797,7.622406512524679,7.460361961898027,7.084898470635945,6.910006257750431,6.818935218791649,6.556377240973675,6.478401695812938,6.369222926466446,6.221562321828579,6.014710530692929,5.9235852793676385,5.840741026859719,5.659432288211616,5.534191291875499,5.415930118975966,5.227733228391429,5.12936728459325,5.069442445969731,4.917839354968865,4.827255076142101
-8.039277389110756,-7.919859808029392,-7.723412437363366,-7.6224013453055335,-7.180078980900999,-7.019606095153609,-6.753096797654345,-6.367256044267438,-5.664035552175586,-2.8456649060697674,0.4107952539527646,4.352447467843351,5.73908726532255,5.834022314145818,6.236772435967336,6.483243696432389,6.94839701491788,7.174029603488156,7.499969026140398,7.7290296863651795,8.002616720220463,8.085600018396285,8.069893799473494,7.996166008539252,7.905440962273765,7.808584087524672,7.549759164136972,7.320257204798779,7.021366875552742,6.3426849132643905,5.8872510803018,5.692412918547515,5.294677744618388,5.301729974736977,5.809235203906973,6.093555352521753,6.102584804713417,6.03064052543428,5.950349751467671,5.763893953407399,5.713925763763258,5.597434476069061,5.417220560204593,5.32631140114811,5.250524262956087,5.0850170697508075,5.049926494136956,4.937992163277434,4.822949899802013,4.725806830978685
-6.568511451324068,-6.1549564769460225,-5.599174858709641,-5.158254056184204,-4.791351074347119,-3.8190332420999367,-3.2550865291758506,-2.6483835898381245,-1.515859029463522,-4.408359622111113,-5.69459791381943,-1.6275782870462883,4.216942661440934,3.413877547400464,3.2477432621058693,4.190409961763407,4.663782708825682,5.167295087604883,5.716667747984276,5.9597371173667915,6.253893896351199,6.642893278118188,6.725302358161961,6.750300717030557,6.738162613571188,6.546056748035347,6.1256408338085775,5.903078610189443,-2.250949615620549,1.8597653864389796,4.6102761786022155,5.435455067738143,5.942956040817861,5.998579270760891,6.000888314768469,5.943789016318013,5.8211184885891365,5.73991186450285,5.652714940861912,5.497118768280385,5.394014117505877,5.280868179440062,5.075215134784033,4.976347357541197,4.902880421127896,4.792513369985875,4.741373387905799,4.655317802661775,4.552182507590244,4.438840767088375
-5.008872811512108,-4.72152233572077,-4.139770727364801,-3.6880836701459603,-3.4227924840135016,-2.7050514639499115,-2.381025568789511,-1.9073574209925885,-1.042931555650094,-2.850654859805969,-4.116320169056805,-4.517640189131899,4.711426905860618,1.612857850560798,1.9745280801978962,2.78650751292016,3.077646749256906,3.4342628266026094,3.9134225710077946,4.089820610853542,4.2540146068727,4.666681377668614,4.76713448751277,5.016186812079815,5.366026132966276,5.50360456132462,5.401665001261017,5.476985728805897,5.603782954294091,5.557164191473134,5.517770372878994,5.573116606654281,5.421108766859013,5.354949463855595,5.295348312528439,5.126694265286283,5.121627975982743,4.967758081016782,4.9368064149027475,4.827281644673239,4.755603678396408,4.6936148351513705,4.535479031969321,4.464434756764819,4.398685598209251,4.282315043370206,4.208917545054987,4.142784674050637,4.0396524561346725,3.9745870452281693
-4.604217935034259,-4.432080928220253,-3.824057538785585,-3.4025609753127286,-3.2073519597479683,-2.4026842438242526,-2.115983941277176,-1.775752686071338,-1.0361382729300395,-1.885686286405717,-3.0549408730707217,-4.4855348650294555,3.5239245540701387,4.869190691796366,1.721405504745317,1.4979771508150463,1.6035414691257837,1.8188717497549574,2.215464155635851,2.4484404772181416,2.6578445006031854,2.8968434030024253,3.0169425153640135,3.168162322623885,3.401725757724417,3.5725655749347434,3.6435942626452316,3.704297749978097,3.89937324136062,3.8980996929355265,3.9786582071002776,4.123515597373932,4.076592463332677,4.126770765578532,4.102506142970886,4.066740100877588,4.0108092047891555,4.028053796623659,4.034118001860849,3.904192498730759,3.9318326358019773,3.910898952807133,3.763669828721632,3.749427941350152,3.7206383865515242,3.629494998704174,3.5991570575780694,3.569089503757493,3.496840747875119,3.4843562792353358
-4.914454714795025,-4.737959816021399,-4.107839553868376,-4.505149961079807,-4.680786989496522,-3.3783823462729465,-2.9960580847992206,-2.577206293777875,-1.8736461258569448,-1.537272455978306,-1.1251569474397558,-0.8930844476152846,-1.7403218210252647,-3.7888567963800805,-5.8383096136281685,4.921989636516613,2.4869861347228945,1.566825120297842,1.0419644121250327,1.185956229655601,1.3535813850281422,1.6246716331066031,1.6853701113537154,1.8383416658699157,2.0667338332974103,2.1324087502590476,2.2042784491469662,2.280209751086877,2.5372848991366372,2.534343454529223,2.5664606154434484,2.656325526258761,2.666482472603556,2.667828039322356,2.770951020092063,2.846673783506538,2.8689921000675023,2.9485095501412553,2.990036920295747,2.9907866741761744,3.039700153133883,3.0597706829165214,3.008479756585761,2.988743024747246,2.973856188455417,2.9099962529352745,2.8425438039507953,2.8634172896950987,2.8332024407913443,2.770036809541875
-4.5577011203786695,-4.318176994173437,-3.3520165045893893,-2.9290423526424,-2.653164953220853,-2.680229746568628,-2.659328665899759,-2.4967394439124644,-2.0667867151272628,-1.8980992112298503,-1.694504398932291,-1.5786383834187137,-1.1837750930674549,-1.0037410235194808,-0.8331954625017144,-1.878300827020164,-2.792907016348844,-5.050276087066647,1.3420181038671537,3.6501576267774785,3.077606883349929,1.5383106067725687,0.7911535256164197,0.8835279921715311,1.1306514870135012,1.1934512441471197,1.2891706255683648,1.3836342429001511,1.5546016684482353,1.6174912334624556,1.6338851404599295,1.814333230880143,1.8358784548568328,1.8494041952133953,2.064367192751342,2.051185081643023,2.057000753064999,2.0766295564770263,2.1622208269783005,2.143198220930105,2.174809404019522,2.244920541143922,2.195926336724792,2.215691440427273,2.255024665958593,2.193708158036192,2.17823079676121,2.2149826435294293,2.14069854617819,2.143697784238069
-4.190647868433727,-4.009288443455905,-3.7028725464159558,-3.5872914073117865,-3.4339100373770655,-3.173496780312882,-2.996526760503686,-2.9124432143656933,-2.6253580723483134,-2.405849763776331,-2.301521971558158,-2.0969975124769684,-1.7554174863669438,-1.5762004624993446,-1.3798815046727864,-1.2354084391701436,-1.0780508291298563,-0.9145809303923946,-1.5392182106680863,-1.6374439117054376,-2.386852211730781,-3.386994037272605,-4.42421791502499,-4.749468061743984,4.699520340744072,3.8387172682468105,2.5183699147779635,1.5703788529654377,0.6281475386501293,0.7358669544239813,0.7693368679163434,0.9610828226490699,0.9840821617280058,1.0448749322833004,1.1220461744121608,1.1593139631473866,1.2299201162284437,1.2849099669631485,1.3160161763911211,1.356609217807755,1.4152995394031693,1.4726222522715555,1.503399568418323,1.544902478198022,1.573909395639555,1.5526351608082747,1.5738258385279809,1.562925942131007,1.5662087698055784,1.575196447410518
-3.7373451439377976,-3.6640994080060567,-3.490358761173073,-3.4340736117541155,-3.3443505130838393,-3.1017685594127253,-3.032400492360953,-2.91969454110957,-2.6750239495560626,-2.573048068347542,-2.438238620671885,-2.3634910060252983,-2.089047647700551,-1.955370110364807,-1.9181516235353924,-1.658715531534853,-1.4777911148796825,-1.4145676850922058,-1.2527108550247044,-1.1055484476283663,-0.9928101867200919,-0.7611607258076957,-0.6481511421111871,-1.1928950997032557,-1.4811647507376948,-3.0551783312690204,-3.751816367170057,-1.7415122953592834,4.183888444868245,3.0455676462959396,2.762618840501359,0.31626498769834016,0.34507224989214474,0.40290278251598344,0.43327241809190187,0.5077743052345896,0.5516591246333422,0.6733864083470067,0.7543339939013949,0.7782665447934124,0.8435160157380027,0.8373485796881563,0.8817422690223597,0.910970746566423,0.982693522108272,1.0194119557572585,1.05433355522137,1.096865801087844,1.1413186377213438,1.1519899017062678
-3.5469269117860396,-3.5481792634789713,-3.466162382346877,-3.4105376608031683,-3.3650795465747367,-3.2351222530605868,-3.1461772780439086,-3.0541412786159254,-2.9210290647258876,-2.808941226805074,-2.704245968817585,-2.6756150076738088,-2.4645946943849575,-2.4310683805406814,-2.315813559767207,-2.0597068058296633,-1.9679662354392113,-1.846410809947801,-1.7126619045141898,-1.5797725008666759,-1.5410387509847077,-1.3757957689530886,-1.223829388279707,-1.0627538863807684,-0.9461004820964033,-0.8233285267307053,-0.9202046625835975,-1.2799791114734491,-2.0234669712992686,-2.2632931533321536,-2.089658301080832,-3.5603284964191393,-2.7808272066279827,-0.8342224534338809,-2.226732308243143,0.09363471273551181,3.527566315062082,2.6015205798325405,3.2115018959678414,2.28401362386606,2.223385201619515,1.8318215162206244,1.1535712119453676,0.7151371895391933,0.46054390354546987,0.4362526307827328,0.44723329360907255,0.4646737802740936,0.8981180921179744,0.5749759271653547
-3.3974784272731284,-3.391214776524828,-3.3108487031615015,-3.2927367390290327,-3.261752224577262,-3.1215568523385095,-3.103504196111291,-3.022888495870568,-2.908174091375032,-2.820823340166104,-2.771450008749299,-2.7092288097089927,-2.587730171202097,-2.5215009641928967,-2.4251155093443773,-2.334338627563645,-2.2367709029330456,-2.172663379267187,-2.0338578248114993,-1.9277341692979932,-1.829366600065563,-1.6133679390610614,-1.5533488525861294,-1.4730814178653302,-1.340205298792663,-1.2500107106424636,-1.1461891294921855,-1.0612342095851053,-0.8326970940279012,-0.8074870845468435,-0.7580870878831647,-0.6823596970723873,-0.6041755277975027,-0.5541604798689465,-0.5380767955736531,-1.0074814366980749,-1.6521507085135114,-2.2656259866489963,-2.564876063736232,-2.1551187224320896,-2.182105928927226,-3.590942666556329,-2.266652629684358,1.3794609835442482,3.2829183127990946,3.4529413498680532,3.5507912499204526,2.1546245975213734,3.217119592076286,3.264407982743209
-3.2528812582633893,-3.248206813782365,-3.1838999379794997,-3.1768648937568527,-3.12496540517158,-3.0465539343255155,-3.0035219460458493,-2.9769845419327323,-2.8301997929839517,-2.8178992762352517,-2.7783259047135584,-2.70423737696266,-2.6225909403019125,-2.579366421544511,-2.5239171377940117,-2.428901123864615,-2.398299776347381,-2.350588136590697,-2.231748257802466,-2.145709118799517,-2.065359526286194,-1.9345641817370864,-1.8236462136172609,-1.7798859888253877,-1.6429675672057826,-1.564979728293828,-1.5100490701946485,-1.4888783711909863,-1.3305595796103074,-1.2431208286618467,-1.1938800246880608,-1.1139028550699905,-1.0610837769402917,-1.0075378640592108,-0.913965751718806,-0.8490847581525245,-0.8336482907597669,-0.7712995178194226,-0.7224881633097718,-0.6528961080285194,-0.6057048706636635,-0.5973322705878282,-0.5740411468855339,-0.9714863644809212,-0.6758346846613085,-0.521950460143097,-1.021035315498902,-1.635107098098443,-1.6380786198049682,-1.6142957546922472
-3.1506159437687056,-3.1719796369756232,-3.114884463014691,-3.091206868976265,-3.0791655748628433,-3.0324142921546744,-3.006550220177295,-2.9754375581599843,-2.889739492537293,-2.8285067536900903,-2.804166699713111,-2.7843501698732718,-2.7122928547110123,-2.6507113690574755,-2.5969570903491905,-2.5353111087874876,-2.4963549557795406,-2.4624674326596687,-2.3497420829899607,-2.311719508207151,-2.254166579824395,-2.109934026523807,-2.0783688185265152,-2.040516928996521,-1.913573023079721,-1.8274532200648046,-1.7828614697300686,-1.7666706672264085,-1.6568912860709804,-1.5518733512099478,-1.4675920923008399,-1.4309173800910273,-1.4129452138536824,-1.3460466286866746,-1.217544371680772,-1.2017188341301448,-1.1935124274593443,-1.1202819532310873,-1.0727101067068285,-1.0451494840445696,-1.019279841267921,-0.975190755279512,-0.9167184401322204,-0.8773589385958628,-0.8644363459605501,-0.8534037280100865,-0.8263438811372323,-0.8138777198296291,-0.8108821120874994,-0.8162024557834012
-3.0135963806476798,-3.0336796950416973,-2.9968802480627055,-2.976573503606723,-2.9643250576305658,-2.9145410558652074,-2.892218883570113,-2.8671084284238875,-2.8316422458731263,-2.7979662710280016,-2.77467009714159,-2.742233704287774,-2.688242720064421,-2.6569713823110446,-2.6081951943912025,-2.5343622445170584,-2.4970047327521363,-2.4480963935951694,-2.400158855575544,-2.3705714109133917,-2.3079149804754304,-2.255324630392245,-2.228537558065256,-2.1712670919811936,-2.01642994177592,-1.9800881115753803,-1.9749700118905142,-1.9304404531668078,-1.822623951786556,-1.7790185670649905,-1.767475272136208,-1.671828698198921,-1.6159940349042612,-1.5867655840310197,-1.5362870869151883,-1.4884005471376645,-1.4371590290530345,-1.377581209329869,-1.3548103364200725,-1.33179041224004,-1.2342316527400423,-1.2109675736949814,-1.1886445304520579,-1.2031698405594815,-1.1582457913206163,-1.1294180761394643,-1.1153360041871279,-1.1503720431743638,-1.1830614827702546,-1.2279772073082342
-2.9289356488298943,-2.9417108472105173,-2.914233482861343,-2.908014056092787,-2.907925669632431,-2.8701173577596646,-2.8533129763174157,-2.84436284563862,-2.802343375736875,-2.775817956093265,-2.7610830747265216,-2.7617067986919737,-2.6973954685249706,-2.68828723068994,-2.6692526424953904,-2.589892649055212,-2.5746357373327746,-2.5496250550015827,-2.4702804298636702,-2.4222830908311135,-2.386501279732837,-2.3604930954454204,-2.29292490657188,-2.251006259743458,-2.20866255980718,-2.1794513676190275,-2.1359551244254114,-2.1014315657692477,-2.0415307944354675,-2.003691549355514,-1.9555105582833454,-1.9135135217477914,-1.878203827218829,-1.8601660554768442,-1.780070741878723,-1.7276841165024897,-1.7339659904150573,-1.722314257061993,-1.7154539293023983,-1.7111966078261966,-1.6578896096428175,-1.62493106479172,-1.5939612907452554,-1.6025635751124265,-1.6383049988030076,-1.664954014873001,-1.7229783386006956,-1.68230388015559,0,0
-2.830285828865905,-2.8373275777293885,-2.8226559178056156,-2.814237026347591,-2.81786102709581,-2.79888394230979,-2.786534464373327,-2.777293309499212,-2.7499484190147276,-2.7296625267009005,-2.7353324879679173,-2.726138741419448,-2.6956171523462515,-2.6899916797228594,-2.668871812813977,-2.6424626037065018,-2.617848099557752,-2.582290112393607,-2.5506982880258047,-2.5328753721817208,-2.4991071093148993,-2.454424904783208,-2.4195701269848855,-2.4061344498816055,-2.344871820793307,-2.337880171910345,-2.3233174199960396,-2.269173917812252,-2.2176691236233954,-2.198228507148775,-2.173423300717871,-2.126364232147074,-2.0868071785177253,-2.0572878896321916,-2.0150345293644514,-1.9690022722581237,-1.9437213220538267,-1.9508374299926636,-1.949237107547209,-1.9172028524179061,-1.900694790695885,-1.896433655729066,2.2181915966251654e+38,0,0,0,0,0,0,0
-2.751886347753076,-2.7630249310134913,-2.7469390607175597,-2.7537460162289418,-2.757475878755141,-2.74133833633649,-2.741223122607451,-2.7521153444093867,-2.739629389160447,-2.746506658917919,-2.7410365752008894,-2.7374772611587104,-2.700851155417054,-2.709256548452875,-2.6951169251812335,-2.6668688318531717,-2.6521476602083696,-2.635523631759871,-2.5864051221821946,-2.57586166242513,-2.567567866689136,-2.529894010073051,-2.522617588266081,-2.5155502322142613,-2.463860560342915,-2.463798659234153,-2.4612307085847416,-2.4341468880046717,-2.3709813891427314,-2.317805250227625,-2.2982845277520587,-2.2929548687771373,-2.2788773135144536,-2.267411065094042,-2.273877323671887,-2.248170621246913,-2.2366540918988207,-2.815839034806426,0,0,0,0,0,0,0,0,0,0,0,0
