jsons/1312815600.json
{"header": {"parameterUnit": "m", "parameterNumber": 3, "dx": 0.1, "dy": 0.5, "parameterNumberName": "Northward wave", "la1": 40.97354507446295, "la2": 16.46031188964855, "parameterCategory": 2, "lo2": 133.9931640625001, "nx": 191, "ny": 50, "refTime": "2011-08-05 8:00:00", "lo1": 114.97908020019554}, "data":
[rows 22 to 43 of 50, columns 50 to 99 of 191]
0,0,0,0,0,0,0,0,0,0,0,0,0,0,0,0,0,0,0.061187707622971835,0.030610242738109007,0.040458287483581615,-0.08817101716691497,0.036406946788818464,-0.5681981984136998,-0.7457421529792392,-0.8944878043545915,-0.8140586079296425,-0.4440323964417929,-0.18664230695265863,0.023261028731547964,0.2517151294871854,0.41110582150033836,0.5070244220564347,0.6088058593805267,0.6425045300986039,0.691982799231666,0.7642677104755293,0.7675440401313923,0.7764984232614162,0.781160002604643,0.7936828624733829,0.8125013494404562,0.8271874012754559,0.8905043283612443,0.9056386659197383,0.8961728342674031,0.533068235385312,0.34019637464576713,0.8762830609926393,0.8949545676574227
0,0,0,0,0,0,0,0,0,0,0,0,0,0,0,-0.002657528394483996,0,0,0,0,-0.2795906916184644,-0.530174983052118,-0.7242756442096943,-0.7879121568180286,-0.8089175753301829,-0.7888769605765834,-0.6491260605290711,-0.26968434039020206,-0.01459096547170438,0.17685182219218804,0.5184146899938202,0.6521236784341018,0.7329508275684307,0.8115002010076949,0.8018086523440684,0.800019262782808,0.7874698969044919,0.8094299931939157,0.8173583737871641,0.8280478155592215,0.8523572233190093,0.8773786184514195,0.8808799185192989,0.9001950648596393,0.9201778858579052,0.936408235880242,0.9536990495585387,-0.8220589145488794,0.9264684920736638,0.918401262657057
0,0,0,0,0,0,0,0,0,0,0,0,0,0,0,0,0,0,-0.2999841929408451,-0.48504653730762737,-0.58604386834019,-0.6869262508318732,-0.8389821822582543,-0.8691118143871521,-0.7170560912253616,-0.586569473376598,-0.39460725085907067,0.0863273080195912,0.31843079585004685,0.5127219247434641,0.7694778854629499,0.7742698408519433,0.7931081112667416,0.7944106784673909,0.8003728139831525,0.8139026656439218,0.8551601927775025,0.8761551094414918,0.8820637562611868,0.8939900683343834,0.8947417939288196,0.9083594909182476,0.9119391218871045,0.9241877446481968,0.9297652315878268,0.9077937445807571,-0.46252237296911103,0.9271224328912677,0.6009806413691297,0.9244413780394019
0,0,0,0,0,0,0,0,0,0,0,0,0,0,0,-8.1454825486999445e+37,0.06380989680020437,-0.3716855394512615,-0.53174345662953,-0.7361124342674676,-0.8180073072788144,-0.8570824530759055,-0.888658042818864,-0.8054615688148927,-0.5232780017200742,-0.2766977268260834,-0.04860197937107068,0.47886456157913804,0.6456450369339144,0.7713069232813261,0.818991552807788,0.8177794621075011,0.8412768256374612,0.8697760560492441,0.8766170675144102,0.8709371048031092,0.8715461088028498,0.8804218725949645,0.8843128062616262,0.8948405890777753,0.8972928105280066,0.8464456581525691,0.816153995793789,0.6498443070213835,0.39120889570461986,0.9122969102366736,0.4580818858583966,0.8032646794612831,0.9112047769341239,0.9145160483299736
0,0,0,0,0,0,0,0,-0.07741020169336922,-0.17989729546792652,-0.238038434598841,-0.2795087914961429,-0.37211480177012535,-0.4172023005028619,-0.49531308953325703,-0.5669246501052005,-0.6883527895129563,-0.816777117240124,-0.8812088526226484,-0.984508259512403,-0.8975446024111193,-0.841001038114614,-0.7041329957432602,-0.5093345293784605,-0.13526146276507842,0.05484869312054329,0.19154187464508346,0.5440509211645395,0.6722864948776209,0.7536497933131796,0.8487840352235322,0.8634946431404699,0.8669468453471525,0.8768798209177197,0.8881460765017754,0.8869769593486028,0.8907365505643109,0.8802517278901463,0.8912502958850237,0.8726344781701386,0.8853932592712208,0.5088897428943613,-0.8935033343083987,0.7773223005932748,0.8756871274180535,0.908809580591473,0.9093829173292025,0.9101886964974722,0.9097487823372055,0.9050097207530369
0,0,0,0,0,0,0,-0.3201350659468464,-0.39516141998669674,-0.5187174006943392,-0.5644267067886717,-0.6351222417398976,-0.7334371278171126,-0.79093226543019,-0.8691229377265546,-0.8981369335968222,-0.9769227287919227,-0.922345278739813,-0.8831362151444955,-0.8210863504457474,-0.6082214199822462,-0.481835728317955,-0.3579708047494653,-0.2495345057453589,0.037668768903839876,0.23795674221311225,0.38657465028407206,0.603093749071626,0.7055661594379945,0.7714127372332542,0.8380097531259019,0.8437260470763458,0.8653510552933915,0.894817146384502,0.9009087183317152,0.8942498704985294,0.536134508069349,-0.6012764805534577,0.06926415398655289,0.7757828819717513,0.8376702207521873,0.8657778449902965,0.8699536886681372,0.8943687634804136,0.8901852979497374,0.8923470336360421,0.8915407979376182,0.8989389382251771,0.9046290358644067,0.9056528041225138
0,0,0.0955269166607591,-0.4160522221663166,-0.5103084644314336,-0.5612878793626996,-0.6593681650636545,-0.7030200293837411,-0.7662346956963746,-0.8263542924317854,-0.8826219942712605,-0.9247648189687478,-0.9885729123100853,-1.013446530319203,-0.9819430862217844,-0.9339735293685826,-0.9204564494077471,-0.7610396354131634,-0.717384194864718,-0.6444016893632076,-0.4609682327230112,-0.3272266872468637,-0.23387891949915812,-0.12398627431284538,0.06982141092592749,0.22482653046040854,0.2705426182213867,0.600077381323111,0.7180475089601539,0.7792674226661833,0.8630193170865019,0.8965986592113628,0.9115506102155989,0.9322118859312086,0.8549911236321983,0.9121586284001465,-0.05630759566870494,0.47971340916881317,-0.052459267755118666,0.17001764881430687,-0.3516841108897999,0.7294019279072043,0.6609585603147441,0.8479106265321684,0.8904654984355972,0.8880085591906407,0.8880046345190824,0.8823868703030137,0.8802281162448303,0.8738720951991368
-0.5408945160476261,-0.6003975335663807,-0.657898675380558,-0.7297512430444179,-0.7704976699869673,-0.8095982559890882,-0.8675961333372437,-0.8970271231383575,-0.9001627950896894,-0.942505426443932,-0.9458875814392226,-0.9112567155816389,-0.9323380179877568,-0.8898315480892598,-0.8133726746943171,-0.762218682296939,-0.7120817504047402,-0.6022060893676764,-0.5375756798154442,-0.43996919283079494,-0.25148426851848155,-0.2081116358653603,-0.13418763679860582,-0.0678137114934693,0.12459645295322962,0.27843706225252013,0.3629683830839077,0.5750547016648931,0.6493761025934559,0.7504089867921033,0.851095401866316,0.8630001007100576,0.8695351132862201,0.9193361850802766,0.8855984333968004,0.8984651776556444,-0.28682555440885643,-0.5944017498470022,0.3767468168482602,0.725219388861306,-0.33977873011291154,-0.06034892509370119,0.6132657105702796,0.8627962922095632,0.8857382168424578,0.8848869310511766,0.8850883631803648,0.8798829949681672,0.8798362996400413,0.87119536599145
-0.7559772930904418,-0.7741910323970366,-0.8182704039731351,-0.8520235065197238,-0.8512225997697768,-0.854417403351323,-0.8890696458585612,-0.8956153636264944,-0.8438148768600634,-0.8493824237824498,-0.8121373146642904,-0.7165525012496473,-0.6957342671962192,-0.6610544139950233,-0.5723194814343104,-0.549916800672649,-0.5083587794444124,-0.4406604551791199,-0.395655332061866,-0.3504424324850297,-0.2271688677444309,-0.21789392446757805,-0.15991062721165797,-0.0852453001352947,0.13283340495757226,0.21834316190419342,0.2991548109647812,0.46844068929699667,0.5026218815933038,0.5832440163018542,0.6992512014238633,0.7368424710677087,0.7921047361061765,0.8679929765738181,0.9143861642598734,0.9224771764777827,0.9396857870191726,0.9463798787909005,0.9378000682475134,0.9311186888505115,0.8309444697298491,0.5987148889779833,-0.9149033169031896,0.8477948853667404,0.8592804138833599,0.8957687813825793,0.8880402347397961,0.8735962044324614,0.8700208936910218,0.8610212589089934
-0.7645988763768998,-0.7389943418712238,-0.710760290487287,-0.7181201143290878,-0.6439149528419832,-0.6416854597332422,-0.6393315104175338,-0.5857632114971417,-0.4904315287359397,-0.4252573943257773,-0.4060718908763776,-0.3445369577633311,-0.3437205672452962,-0.32624069955520346,-0.3522916018841069,-0.3615035044623125,-0.40681127487088325,-0.4704588746928846,-0.4758121089990635,-0.5078600513320768,-0.4585301827157561,-0.38634269860502557,-0.3271367767995078,-0.2448141062547647,-0.0834306037383102,0.010622972034552532,0.09266832466522107,0.2332682496973147,0.30483710223568916,0.39456437919050835,0.521257453018303,0.553254615686741,0.6163958120626105,0.743886824217023,0.8008404695369279,0.8593625432094805,0.9234636576675351,0.936776393505162,0.9248838327883668,0.9351672074588635,0.9040006122226829,0.8760052462977418,0.4098921340490394,-0.9099670573933294,-0.35382125793824293,0.49203930375470467,0.33828056351741587,0.8266137181654042,0.8790461326968574,0.8836546034311316
-0.575141676965401,-0.491450379377343,-0.463478789553932,-0.43675902872068656,-0.32068426157808333,-0.2785717914431713,-0.2509467903847017,-0.13749498981738667,0.02027720650462132,0.20597047527029036,0.25578924441378414,0,0,0,0,0,0,0,0,0,-0.75455870717822,-0.6627473249263767,-0.5914217795451632,-0.512257382751702,-0.3939756385623832,-0.2381284889613902,-0.12071202743763064,0.11926549134779331,0.12892892326254832,0.18319731668084419,0.3329705202375379,0.42096138314080095,0.500782624307034,0.7195161815542079,0.7643020319856456,0.8267379118707451,0.8707050765388988,0.8660339983382506,0.8576757793538128,0.8685122566537139,0.8723381495336356,0.8542785231562648,0.8292158063193056,0.8312554688634589,0.8569012289374126,0.8839570710474672,0.7935342209303781,0.40072413896392256,-0.7051611975661181,0.9030772973997565
-0.2918976249076472,-0.16822212849762852,-0.09194700428533407,-0.022588679635397964,0.2071562415523882,0.273129572066349,0.4092748126445741,0,0,0,0,0,0,0,0,0,0,0,0,-1.0379455920870586,-0.8038909359919725,-0.7178476123727094,-0.6163486739569811,-0.5635064390534552,-0.3569827159417852,-0.30712879301338536,-0.25539567442351946,-0.07770211758174772,-0.018673200980155853,0.05210669503321939,0.1894001915096311,0.25823786785452824,0.365001475856619,0.5685082988736752,0.7060300981120593,0.7686737853204262,0.8584090773048264,0.6529765146044371,0.49116657548435333,0.43821803585637803,0.5620153689414118,0.10446517683026454,-0.3287528556469716,-0.5456892903990951,-0.4685799367761921,-0.6583047941844572,0.7250143792418433,0.7471252935054323,-0.8042752117542228,0.9434106341387354
0.18557400609393399,0.41858781459134986,0.48601768900996056,0.4833770336870926,0,0,0,0,0,0,0,0,0,0,0,0,0,-0.8658462489615771,-0.8373885604984895,-0.859347738991563,-0.6758683417552279,-0.6104769880228212,-0.540401513329284,-0.46986869968686207,-0.3562137224468125,-0.2659960613123786,-0.19328566736048988,-0.06863782820291531,-0.0020471859406429272,0.035462990268699236,0.1532985464876228,0.2773221612487009,0.3765051173577726,0.5950797944786632,0.6945135138990911,0.7606500298193112,0.7903657399876399,-0.25945054194113754,-0.10603208749732587,0.8811791456793718,0.625524375215919,0.7690466745491635,0.8442194128375781,0.7505676200489577,0.717051662197718,-0.8181705284696622,0.8089091536189243,0.9650266880618029,0.9787741894630483,0.8616197554423372
0.5550322441948247,0.6511530381077004,0,0,0,0,0,0,0,0,0,0,0,0,0,0,-0.944877447087176,-0.7633110631600597,-0.669143292354162,-0.6398730913258731,-0.5029111395146343,-0.44708876835147987,-0.3923402894416164,-0.3024447232893259,-0.1780958809344491,-0.11290846720357423,-0.059284828761972344,0.01305055306300695,0.04611552092484894,0.10165983685828046,0.2774277841144237,0.32976731582574176,0.3898940161109278,0.5515291769035362,0.6146564279291096,0.6927412126134503,0.9645673514617171,0.9875770678593275,1.006731700424731,1.0399891390953837,1.024152878457401,1.0170322284104807,0.9650581302547098,0.9277519450502976,0.9170149310505002,0.9500514344994269,0.9511871546760469,0.955450144835812,0.9373261095485527,0.9613470366222675
0.412687275944523,0.21367529314766356,0,0,0,0,0,0,0,0,0,0,0,0,-0.7727852900993072,-0.7329245891641589,-0.7436697265467398,-0.5722211653744821,-0.5135176290522202,-0.4502903707032816,-0.31971268044921797,-0.23233570307644308,-0.18138148157137018,-0.13248851104245948,-0.06552600771577884,-0.023788399374944383,-0.000885308389222626,0.09180523601045454,0.13586867539583689,0.16832524138734928,0.30349213561036675,0.375360306591655,0.4332359627718944,0.5513326693796536,0.6514900085407226,0.677363464207801,0.8153671755659873,0.8478972584844575,0.8884219569092721,0.9383271659863356,0.9281772428051375,0.9239324672906126,0.9226144772959035,0.9289884550043005,0.9211799730271899,0.9231002312557584,0.928451893571152,0.9222546919053225,0.9182212030112521,0.9254150453269981
0.5242877288478951,0.56146440728863,0.5075594584444123,0.026469766816867524,0.11258053810270774,0,0,0,0,0,0.17029183526560335,-0.7422374162943497,-0.8096381972864614,-0.7558508990025605,-0.6224824217092922,-0.5522120046114448,-0.4884768228639445,-0.3335088078900874,-0.30884738851645693,-0.2598090321219608,-0.18344576904915805,-0.13030790014784235,-0.07627229221261074,-0.02933384578453973,0.08362084343529777,0.12325021546163292,0.15158422340368802,0.227018628814694,0.31450631806540835,0.36390709122912024,0.40613059539678176,0.45744950628610836,0.5016416544397153,0.6485983155547151,0.6571049704524962,0.6759847954210969,0.7270364464677533,0.7813909449075738,0.7813393293216341,0.8564462746037492,0.8784698193584495,0.8667302264443232,0.878706631120394,0.899754439966148,0.8959209142562061,0.8884014567663776,0.8863817047170014,0.891030359761327,0.9066471770031979,0.9249811217472866
0.44455838717290186,-0.12420095722147552,-0.10037220005555325,0.24603159816355014,0.39844455035636,0.3139618738159472,0.25158685727523117,0.0607524484932454,0,-0.7809562187301896,-0.7256888818106074,-0.5489708171856683,-0.49744075148351535,-0.41961854391456754,-0.27994481760092305,-0.20082770216678608,-0.14496414123358317,-0.012861398769578685,0.04441606397492171,0.07039102596250328,0.12960254624848536,0.1682523663329309,0.19302072045199467,0.24389922060642277,0.32110087190213354,0.33663775822132236,0.3592036235822223,0.375740750390535,0.36454223305700256,0.39622529445338606,0.4771844044613679,0.527189670850842,0.5598871010883877,0.6131848563550918,0.6431526666819305,0.6742218873966987,0.7429100485932542,0.7745401886855539,0.8067917399266029,0.8631267049059691,0.8657817787822061,0.8866680861913779,0.9045179063325001,0.9224720500712655,0.9196323625355594,0.9250948288498853,0.966920491870457,0.9458413652340323,0.9159331089588164,0.9093799925478374
-0.2868685364613145,-0.4237564912934793,-0.46595003840495497,-0.5277473827562257,-0.4884928493067327,-0.495269780356585,-0.4418713305836766,-0.39216201793980443,-0.2678456100445324,-0.2257558397534526,-0.17729013949441214,-0.04370295562077161,-0.042471648416519896,-0.030297552104991063,0.0353907916784657,0.09239260912031896,0.12055785400674089,0.20195500768118865,0.22728032342312707,0.27914726361669673,0.34512436668806346,0.39899285458583755,0.41579179602278543,0.43966518044669106,0.4739293456416203,0.5130366132903678,0.5259673435036073,0.5965153897275824,0.5908130402617309,0.6084329158056797,0.6327365529366321,0.6444095490514697,0.6702145747795621,0.7158199851392377,0.7298503341501652,0.7302085609164648,0.8031818526608734,0.8282783494550728,0.8643042583921983,0.9050588593954841,0.892471100639276,0.8800648353270365,0.8795246234708782,0.8825188352441079,0.8715910964510943,0.8516883603813729,0.8977696776131597,0.9093077608160515,0.921951188359868,0.9350302677988318
-0.2537469651086275,-0.2776406299701558,-0.2401354798713457,-0.19369249463519342,-0.23447579652427608,-0.21064697495170479,-0.1983673505346953,-0.1982155655940389,-0.050136423944291825,-0.03111821030641498,0.008423541278760827,0.07898778924612233,0.11101921694392738,0.1422725377266065,0.2348522099007427,0.24468189451759206,0.25626307477045895,0.298087502078106,0.332516415184942,0.37517855349311086,0.4254873854240848,0.47687137918978006,0.511083540890101,0.5258493329422087,0.5834583923896419,0.5909464328722279,0.6058695554462056,0.6643329090865321,0.6638378211784403,0.6942666328490695,0.7367152355076383,0.7333167863645732,0.7304633384786684,0.7365298056841248,0.7484108008789446,0.7539227209376335,0.7835995109767283,0.7987819893386168,0.7966540108011102,0.8422652287894835,0.8590275792946009,0.8562779208290758,0.8644260477734197,0.8758676113899854,0.8774503573232044,0.8785978440577115,0.9050528634557238,0.9128722794504387,0.9272922591909993,0.9741047596523161
-0.1819130013089938,-0.15520055411876202,-0.1379642699059402,-0.13171351807838735,-0.07182480489729275,-0.06286507641970153,-0.04143168166611229,-0.010299197095489468,0.025342954779588252,0.07591959999866597,0.09599716106689535,0.13628383091809865,0.1461451766235425,0.1806290630553218,0.22425609793449736,0.2443653609654192,0.2814403515131818,0.3163919692551491,0.34230304993135435,0.3780260250894951,0.41392921460761173,0.44987793690117095,0.5102583926118534,0.5234156834943564,0.5902832234597724,0.6062725939311189,0.6397483091303653,0.6972417458260985,0.7099678429642311,0.7354979123907937,0.7717500463227173,0.8327750011639892,0.8604527231135641,0.8144436968028016,0.8268166030559372,0.8602001440302316,0.8780765291750234,0.8636172823152821,0.8501179745243541,0.8301560143017533,0.8162880327897722,0.8333306767047289,0.8444756693886968,0.8506984790029656,0.8679015391047009,0.878277640115858,0.9022724930841969,0.8965105300516958,0.9042733009171062,0.9765950332682704
-0.24412852587101266,-0.18655703323607817,-0.16394661524203796,-0.14404649060774857,-0.0965933928408614,-0.06659153503047138,-0.05351968745996441,-0.02623958883180649,0.03634791064845185,0.03943359713166707,0.06804613833217028,0.12078647879504484,0.13074169960304083,0.15783522287087703,0.19439794069360175,0.21579011854083427,0.24520666278484254,0.2831789404007017,0.30880331308689524,0.34528447495797027,0.3970435138091634,0.41552683510846106,0.4574774731753626,0.4703605342716162,0.5070418152835172,0.5197867098485399,0.5510217242118925,0.6533852769954265,0.6791760608218742,0.7058477795907153,0.7532959572226526,0.7667972187683701,0.7790134491435599,0.8108084357988647,0.8438539236082128,0.8571996014654235,0.8565025736754914,0.8733450510230041,0.9143800579890907,0.930750715180952,0.9015011115748613,0.8745339498519552,0.8656215441533576,0.8684241053482894,0.8802641526605138,0.9005338872941527,0.9336321579058687,0.9322149163365937,0.94374670739231,0.9607921601027891
-0.25765672298747433,-0.23592134116547586,-0.21550422283604917,-0.19720462681430467,-0.15430734087332693,-0.12537505632171708,-0.11208598110924926,-0.1047874462512526,-0.040644651741857045,-0.025186065196515877,-0.014188110198397216,0.05137712869862963,0.08778619759199198,0.09543219323134379,0.135743097298007,0.16158385403925968,0.17469146165272262,0.227213485817407,0.25552711828073343,0.2803965836598085,0.3353387297788419,0.34600325574551954,0.3649615098822715,0.41088625798976647,0.4704794960428215,0.4852068781172297,0.5100588083818706,0.5858518019650223,0.5992903500721671,0.6186649984174781,0.6720193071697118,0.6908416258825689,0.7067455219180627,0.7214576779021049,0.7439185473191532,0.7815812243809075,0.8453951724659197,0.8444043872435265,0.837499264707829,0.852333313172354,0.8603016187592111,0.8750869090188984,0.8833346472024635,0.8997097475974659,0.9018155347380161,0.9159479475386805,0.9485945782986672,0.9628905591198781,0.9632503729748685,0.9821690073007816
