jsons/1312826400.json
{"header": {"parameterUnit": "m", "parameterNumber": 3, "dx": 0.1, "dy": 0.5, "parameterNumberName": "Northward wave", "la1": 40.97354507446295, "la2": 16.46031188964855, "parameterCategory": 2, "lo2": 133.9931640625001, "nx": 191, "ny": 50, "refTime": "2011-08-05 8:00:00", "lo1": 114.97908020019554}, "data":
[rows 22 to 43 of 50, columns 100 to 149 of 191]
0.8117738931141215,0.7521019305449667,0.6685647467455414,0.6491571627494411,0.6339982689503548,0.595479353686317,0.5710160179476488,0.550472621970515,0.5367186802429249,0.5412365153122118,0.5483125670988065,0.564679883460161,0.5300034881972292,0.5066264819955998,0.5035491617448603,0.5086993690736512,0.5059233171206484,0.48493595198176165,0.47486035277712363,0.4770566616608636,0.4587179907319765,0.40833340770638155,0.3981554165536912,0.381047251325083,0.3818803336244103,0.39585014778328265,0.4017380975346939,0.41048408699776023,0.41993426714097676,0.4354153893883981,0.4633758166718828,0.49123931819093597,0.5050212645714429,0.5116385038624038,0.5267283019089366,0.5334884889139431,0.5789837302555002,0.6008107815609328,0.6169026331807735,0.6441059344424995,0.6681890323885298,0.6940391084989717,0.7335416550315818,0.7770327487599751,0.797426187233526,0.8089295016611215,0.8268889252332101,0.8376123899509641,0.8602135032532384,0.8435323727507964
0.8362525790226006,0.8081353828264302,0.727617189058574,0.7107819223106527,0.6675711108241058,0.6212551286847983,0.5871841351012691,0.5705463262955647,0.5414666561688558,0.5257941870164657,0.5155195307167497,0.5042874381023452,0.4766716283546823,0.4817626879733625,0.4914543392986998,0.4422282199008773,0.44048425042643197,0.43894410742141055,0.41319071079482944,0.4090995876775223,0.3935454731662692,0.3487460006165245,0.3909802923231574,0.4266208178323207,0.4239882896235175,0.43409754648969057,0.440193749978379,0.43753588410080285,0.44698885209157374,0.45953282205509605,0.469239747858157,0.49412453760395536,0.5018215664634124,0.5112943053927359,0.5746969915398039,0.6007082191183795,0.6154736950329076,0.6697242524538138,0.6978035142420207,0.7197475799444877,0.7715200736165028,0.7950168534774783,0.8178548790512408,0.8548112545522476,0.8884468621001572,0.9241403997615029,0.9384480023395064,0.9580393381434738,0.973374923734434,0.9841499956756732
0.8163425361728675,0.8009987307250777,0.8020084773476502,0.7870191551889856,0.7562903972939082,0.7156701293520389,0.6697669024781736,0.6566356248053313,0.6264348290227333,0.600445898866826,0.5780030200740441,0.5619930365799131,0.5585745558380498,0.5518045705429795,0.5623332792619873,0.5536312804465312,0.5430728303184421,0.5348082997006044,0.5262302480229439,0.5303438893777511,0.5385513707094931,0.5362504545201138,0.5307465240244125,0.5349187914199297,0.5500420224424403,0.5460376243879951,0.5543596188705231,0.5545145154794254,0.5568435690560977,0.5620486035837771,0.5592229441939929,0.5506562134778016,0.5739927786666882,0.5991819778799407,0.6680234773377698,0.7221252478841947,0.7458916181810981,0.8258565277843662,0.8444854928981431,0.8834096211045984,0.935590323315325,0.9554528761996446,0.970219051954246,0.9628115285229447,0.9737238833200225,0.971457556052927,0.9750615093215508,1.042776165801121,1.0401630427858735,1.0458981323672982
0.8423839056090798,0.8391882480674311,0.8111028958975786,0.8005614530296116,0.8018815827655588,0.7891046751247733,0.7717081331597335,0.7674531144865089,0.741284394984391,0.7389940894588115,0.7241303193068718,0.6823363135850712,0.638751015763396,0.5900694612835315,0.6054726342603036,0.6129550468076372,0.6155737950992678,0.6164904934522258,0.6024197681902788,0.5917872707096768,0.5674460459945394,0.575534009484471,0.5723315671504401,0.5486060981098341,0.6014122117424254,0.6191114232209025,0.6448855774199027,0.6556317142641703,0.6631644922754307,0.6754787930259843,0.6963221790408077,0.7353709333068226,0.7204221976191857,0.7012234312873005,0.6734954908370439,0.6949633997076455,0.7348719724975595,0.8151994636783029,0.8521817988432295,0.8939542687047669,0.8369910241807343,-0.3280527099004399,0.634929184311,0.7720276780339248,0.6791996658347862,0.6380480634826304,-0.6808108946555576,-0.7321886202399487,-0.5535016116209588,0.08766698387760266
0.8461772925278639,0.8544933050703676,0.8401713105512001,0.8323827573678558,0.8274431962661154,0.8245917743653715,0.8263590434490418,0.8276891737506756,0.8190780721107151,0.8206680877553661,0.8287373832722311,0.8268747387239082,0.776384302690412,0.7644633088524677,0.7407324492352078,0.7112157251314,0.704047524572625,0.6839165221157281,0.6418974977981573,0.6456968356470572,0.647135590236553,0.6419530333261713,0.6115538134188698,0.6057227583452409,0.6202981368746968,0.6392044550726628,0.6556863012175244,0.6519084848101204,0.662929196577355,0.7062126966654394,0.7340751703459374,0.7657565227103692,0.7714006778986191,0.7959409364602406,0.8423927843264748,0.8792211606220347,0.8998067052898753,0.8472350809331821,0.7038507187349176,0.7923825371134748,0.7636100842006469,0.7988146743558674,0.8022663047228228,0.7903539863227462,0.7612631280956931,0.7745189147746965,0.6841564294296569,0.7110621526956573,0.5608702029043947,0.5404581478643765
0.8426906909464463,0.8449943491933813,0.8274590759747019,0.8167789274286645,0.8200243184101302,0.8207538348007232,0.8214068218038854,0.8268668573483164,0.8232656672869447,0.8204489739030715,0.8049835511878737,0.7928697282652732,0.7774545082548757,0.779637437479881,0.7694546878187164,0.7107094846486746,0.7170592356382575,0.7037460468905427,0.7094668149974519,0.7093876476582816,0.7184196668110373,0.7380891725601905,0.7344116684524373,0.7441408142759295,0.7404304838678517,0.7531221669732653,0.7700146630675262,0.7473885466319042,0.7365478677776696,0.7324094253880709,0.7045304156162365,0.7196589971792318,0.7255920415862619,0.7162742982290999,0.7130974398793447,0.7141609183718369,0.7115486081210306,0.6894087078374135,0.7121632536730502,0.7237193491084251,0.7459133576212104,0.7554943397202726,0.7486302153789199,0.6845681086815345,0.6896462747234312,0.6755618172000755,0.7026284486040053,0.7539176553038461,0.7933580722776783,0.8242536534455309
0.8095361350125193,0.8126601332157707,0.8155199557835693,0.80344646591157,0.79824701260112,0.7851066074032349,0.7694565037575217,0.7734671662304142,0.7887850912429223,0.7834113147240102,0.7864498445277368,0.7761275146224347,0.7568738004058384,0.7521738451055311,0.7488901983565204,0.7432500925584195,0.7286884714444164,0.7330861247943244,0.7419696716798402,0.7639383669750615,0.7734155394442418,0.7931785388102571,0.8043729727729653,0.8146529352834126,0.8371501496373264,0.8378484071276866,0.8138858681169869,0.7474726286500895,0.8406276752391036,0.6092780652284228,0.6215941240575125,0.637694318767166,0.4274294987265753,-0.536813859482214,0.46607575170748744,0.6627207242575454,0.7247542415325314,0.7648672934769928,0.8071893897036098,0.8010912003500534,0.8014450525312845,0.7941180878370674,0.7817055421952804,0.8290937398997092,0.8322404230019037,0.855929754770976,0.8642891470826346,0.8852450905562671,0.9000635546168437,0.9314657968832666
0.813981747766238,0.8146792100550042,0.8119896669586839,0.8016471798084781,0.7989511890488258,0.7909030867917984,0.7801393417814191,0.778719736819381,0.7674039878559543,0.7638527592009376,0.759690244760483,0.7550389236295052,0.7475656387154898,0.7502399709948018,0.7380370415127152,0.7292083244679681,0.7355807772773327,0.7535530630011873,0.7625536734306798,0.7690710855835506,0.7717294943637816,0.7889611874072943,0.8072222468052334,0.818238788336702,0.8494653152855733,0.7490044155636183,-0.7705921551300076,0.5826785171930414,-0.517252984574119,-0.5934298184360345,-0.436939225106331,-0.3330521465299427,-0.3357953103987901,-0.33246215037758703,-0.3181303686353389,-0.32457454039049627,-0.25867271915803425,-0.14572178407955264,-0.06001851240217828,0.00012963781939366302,0.272262549906657,0.5172272916907478,0.5749054801290041,0.6786350472495704,0.7737456909781146,0.7989764623671282,0.8489151315031496,0.9112012580927538,0.9405663599622918,0.9766191530193912
0.8032154755310372,0.7996737458150464,0.8022656411886766,0.8001088251218686,0.80232956175417,0.7969337334846451,0.7840444801207939,0.77338171628209,0.783235262408814,0.7792886291495041,0.7570971490939238,0.754704991754753,0.7517145577265346,0.7620659600700715,0.7480937292802189,0.7341911832811406,0.7335083299411881,0.7479368113645939,0.74074060163741,0.7439586617746743,0.7389961882416317,0.7644317486200067,0.7631800006066524,0.7715643709209273,0.7800023425491786,0.7795515913941589,0.7469458294124737,0.7344649514008076,0.6224555735345972,0.5155957752542905,0.39251118353247444,0.24184792157745547,0.23861830228355974,0.23871880513012755,0.22388397072315877,0.23075403459375024,0.1968794193510501,0.24111939725384074,0.2374710565120115,0.2567655184546899,0.2818560801277037,0.3197359843147624,0.3504081121510207,0.4704080500196904,0.5177981527514015,0.5525462004275646,0.648048115414965,0.7199647675333973,0.7706622641824294,0.8211294763475384
0.8267990582365485,0.8219904968035217,0.8112275689950723,0.8056644546614915,0.8098552231641445,0.8032200385627158,0.7939611512372775,0.7881305223496422,0.7695360081984153,0.7691937680976474,0.7770722399557946,0.7797893590127267,0.7509785797164086,0.7563386059010544,0.7516591336010371,0.7504922396042758,0.7535419045945917,0.7580147833828818,0.7500734769751797,0.7524750259356213,0.7607803420303724,0.7607523156329005,0.7661520467866234,0.7593823802684441,0.7453887610555348,0.7505930035804612,0.7555265338810097,0.7598686121290152,0.7912333195596358,0.792365358441477,0.7909615357077256,0.8017215200945875,0.7927261986934285,0.7698215733894849,0.7747831995667867,0.7633179836614472,0.7674498350796582,0.7489609184116854,0.7428639930900985,0.7617046171796785,0.70480323055025,0.702217218968489,0.6904136451135181,0.6709453490765623,0.6875927838420479,0.679247333800284,0.6872312753171131,0.7171206536228477,0.7286409562455313,0.741090480406247
0.8380617703960356,0.7778654040524621,0.4153520377080363,0.012333584843402648,-0.11658751854178251,-0.17936732780684012,0.5940843593431295,0.7735524653175353,0.7650482619923911,0.7707243251139473,0.7773389956964014,0.7811337287177217,0.7733194941821331,0.7789279323709493,0.7821157594666,0.7886535948137903,0.8043524178598644,0.8040785494159849,0.8019562988376806,0.7967180894995282,0.8005730097264182,0.8013529293051475,0.8009578856938019,0.805057487254115,0.8179692218923447,0.8246432714665209,0.8352926062401762,0.8414511293070702,0.8648364897305711,0.8779177938411605,0.8936502235296783,0.9097955067416439,0.9192293905484531,0.9245221942049764,0.9343823667552498,0.9394293935459379,0.9454022664839368,0.9394301160819926,0.9348576202019004,0.9307044357127842,0.9317583515344411,0.93038138758686,0.9337778440367347,0.9309851067053495,0.9296993899614638,0.9312262596662992,0.9311690344164122,0.9203390120478161,0.9176756752025612,0.9222612937421758
0.8621355678846854,0.8477400199842402,0.8009339693976006,0.7521283851302449,0.712437603389909,0.699177575671631,0.7196564606861059,0.7344658323425513,0.7441598022835959,0.7479771901213529,0.7561196506981996,0.7629761654997728,0.7833220711457163,0.7880246260608419,0.7891818257358789,0.7881383076702874,0.7918490912723687,0.7996329090175147,0.8155757150176266,0.8236800208473136,0.8271939782560849,0.8188798541940779,0.8219161704677757,0.8300419179731143,0.8282788323871284,0.8332471646114007,0.8612274237144851,0.8840666904949706,0.8986615707902753,0.9183576273606009,0.9203440887278228,0.9277232783646843,0.9418400224764552,0.9481869647431873,0.9508294632275262,0.9520328040688402,0.8775287854104842,0.881383708410175,0.652560932511074,0.842254908949263,0.8990990491202628,0.9442846671889824,0.9623425716488914,0.9841401275677455,1.0027810554348187,1.017707592168092,1.0231187365645789,1.0071272170798666,0.9996651276382701,0.9962478806383271
-0.8948927446453679,0.14995098579706287,0.85526658789971,0.8666869770791613,0.8498496655017139,0.8317809670468699,0.8328544085638193,0.8396906473359589,0.8555773624766527,0.8606558869210907,0.8669255496415081,0.8739975731933279,0.869067825314377,0.8658701561153174,0.8692444527121701,0.874462624423626,0.869115358489992,0.8682323325455217,0.8696756031431274,0.8692316136253381,0.8720579720250128,0.8762606117841223,0.8809820864228188,0.8855263146284003,0.8776607141243984,0.8815457502432182,0.8866507419340133,0.8869589789170997,0.8949227241012492,0.9105275436846246,0.9158994470268276,0.9283151003505421,0.9419527983499988,0.9255938182177675,0.8246561604194326,0.3215680757813696,-0.9916954062479784,0.496623154382057,0.5645885700286115,0.7113471695590916,0.653796300258681,0.6494306128498387,0.7912161107740241,-0.9916545644278035,0.7464292945953507,0.9974180798857063,-0.14480843152814693,-0.7147269775734759,-0.9750428585205616,-0.7522207436468359
0.9580360523820227,0.960112134075902,0.6371377869059623,-0.7869870920720189,0.7592035060884911,0.8243158162854298,0.8949084002424789,0.9097079352491206,0.9063451956099127,0.9096706512030488,0.9105123833396482,0.911492808650449,0.9152438335546559,0.9173525178999027,0.9175067160958803,0.9162457800535996,0.9182338169178602,0.9128743264266533,0.8847624604646088,0.8682592038654777,0.8300345042627694,0.8503258023777474,0.9184813299701368,0.9057037161108289,0.9328689741237504,0.935915138079707,0.9342820192599318,0.934827942338903,0.9336249641805536,0.932266475470422,0.9404978511736448,0.9428338980855535,0.9547329168376923,0.9642372728971824,0.9453221212424998,0.677479610798657,0.4095242336948739,-0.9863181441472261,0.18971237054089382,0.6330748527698444,0.9901440960948485,1.0065388058334472,0.9974524345398796,0.9755426952357797,0.9707135319151154,0.9777584011546804,0.9374008648056266,0.9329498318751559,1.0401691322078168,1.0505030145344412
0.9359577796754575,0.9439063795675195,0.9647171983284986,0.9776859419213684,0.9334424044572952,0.9028638610449566,0.8414563570134969,0.8242294068788166,0.7965037178797859,0.5549740388928381,0.7860418870454227,0.8960192808478521,0.1286600053832357,0.9611837143693304,-0.06179872980011432,-0.05043047991823043,0.22358916008233548,0.747881368355634,0.8082605508424345,0.9331222924417877,0.9567561136345312,0.3803795476616912,-0.7930386437370242,-0.17011972708331524,0.18329315440362062,0.8373995581612912,0.9615710116562496,0.8857274975935836,0.8473712918588236,0.7274222086650329,0.6410714514109751,-0.7061850588922595,-0.06846709051716462,0.9327915328710251,-0.6957321300673528,-0.6377428286405966,-1.0060966408115544,0.2858036546808994,-0.9068664004493053,-0.6165141207887542,-1.0075231300484593,0.056071872396244095,0.723437555716578,0.9917299657093871,1.0242390021176566,1.0149216644678813,1.0166781188422327,1.0415203823379025,1.0366455426072259,1.029884271855223
0.9536137146663143,0.9686062182811187,1.009128767783149,1.0128295983030593,1.0048715391757934,1.0303524647428128,1.0265763261476684,1.0268415604558592,1.0044266779876478,0.9823898140043834,0.9568291469002683,0.9214092614421133,0.9813286333031349,0.9436539364214631,0.9806616107555902,1.020360669656074,1.015958849161616,1.0239774260902528,1.0274571970744886,1.0173658508014758,1.0180968833281732,1.0182959414846406,0.9992550520498581,0.9110012303570679,0.8706865613255764,0.06502049837970851,-0.7945358052977003,-0.9853822911813326,0.7020459329709653,0.8558886816869852,-0.930083640505056,-0.7619757646498339,-0.7436100155231766,0.5075000891519265,-1.0103376379179452,-0.5925481378668702,-0.9216007167474625,-0.9614227268398242,-0.9152696662106795,0.26761930043372967,0.9066347936757424,0.7812420452534758,0.8151381465118627,0.9773236339417383,0.9995754415824973,1.0187420690186844,1.0169102080273917,1.0294416879638881,1.0263421289241665,1.0224966163811449
0.9143334522013628,0.9189568080553917,0.9536741473962707,0.9610634422599745,0.9643012400359678,1.0034188132183077,1.029185734789055,1.0257676780909777,1.0776999395320903,1.0768763902083531,1.065623956827874,1.060956398661183,1.0621539094443067,1.0711073853689126,1.0718125323512038,1.072903041784343,1.0750234351347427,1.0643320039734137,1.0443060223452945,1.0443343247341386,1.0451119139006237,1.0517416459049658,1.0612903782543979,1.0686213098085204,1.0586177759420108,1.0523390693780517,1.0529893152116625,1.0424491289030584,0.981270051812937,0.859302248643671,0.8637504717563061,0.16572908442333842,-0.3182705624757226,-0.5293330702892842,0.6494078794525655,0.9659236614926783,1.0347811504791664,0.9928924394678468,1.0044918737577582,1.046481768834543,1.045543256850677,1.0427618847334839,1.041266058963908,1.0273021772997002,1.0154288403300618,1.0144037437506244,1.0190361266032673,1.0253358617008286,1.030582837659077,1.0338551124219595
0.9328874037418069,0.9336415713680073,0.9459534739810063,0.9500574410684701,0.9703712491323401,1.0325874938552413,1.0400673594327352,1.0348710191447745,1.0511067629444075,1.0569442562816251,1.0506613477027358,1.0606444069166399,1.07517605340599,1.0859630149081698,1.0988523885534147,1.0806955326986767,1.0577277687543438,1.0532515935322224,1.048928075229495,1.051350269846764,1.0588777097119513,1.077287024481253,1.0766001499933198,1.0783738261621145,1.0831056998742776,1.0844472807956742,1.0856385157170865,1.0867680728515035,1.0921338172170274,1.0939286792580998,1.1006730893872345,1.1031417640778127,1.0859094226665424,1.0777319630671987,1.0741878578290367,1.0739307164694867,1.0711060027325394,1.066245418240288,1.0582852225937929,1.0520407630335715,1.0501848096830533,1.0468550258177987,1.038899119766973,1.029570042512715,1.0278461530463414,1.0278271403111836,1.0246064666723718,1.012274808337062,1.0077602201773377,1.0026805587533076
0.9679068048133935,0.9671063841326561,0.994808977864024,1.025767317490188,1.0383425315132835,1.0469191215044278,1.060256444746037,1.0658531730502354,1.0725676477635748,1.0984832277248955,1.0986696241890581,1.1186575019443596,1.1183789090758178,1.1017194306937395,1.0974111301225886,1.0943611331150829,1.080119858256719,1.0693580955074873,1.076663937782048,1.0858827976683216,1.0959138468082985,1.1017090998248424,1.1051127056238192,1.1201675364580552,1.1347388100505666,1.141902091210517,1.1394396522932584,1.1321485878661912,1.1209051203842875,1.116900799391074,1.1156463810313755,1.1179159224321198,1.108703846810843,1.1091074832920673,1.1098336402580526,1.1020957572873784,1.0935960676804264,1.0866002209427488,1.0773472017256,1.0653431723596574,1.0565849541146117,1.0502633204926426,1.042190884146584,1.023218727857238,1.0113809460791556,0.9921050400647123,0.9868647465271846,0.9813686060469511,0.9710634706541762,0.9550718893802033
1.0266924429487756,1.06359797266468,1.0314822140232611,1.040870116187108,1.0557644019502115,1.1004621150710931,1.1399543057798458,1.1680752390689908,1.139904953493958,1.1277364648025605,1.1232968350599206,1.1187331466470185,1.1282135612660829,1.117271083525547,1.1168220217527116,1.124253626605611,1.1176735197229108,1.1223113590679628,1.1348494962072986,1.1330132865300873,1.1253465822258484,1.1280199059736504,1.1379427935636421,1.1430475033434109,1.1479990897552481,1.1452288878057197,1.1353884009922803,1.1299706615262448,1.1249430329830985,1.1200324806629243,1.1132747388108146,1.1049492279933089,1.0992303114762962,1.0943650175659065,1.0861625312511838,1.0803379108561417,1.077196354428196,1.0576336291210244,1.0434142292649622,1.0234942536074185,1.0198404279213849,1.0174664533906264,1.0004651058867562,0.9878658250766222,0.9718619241346086,0.9362558425655068,0.9085212377269687,0.9110774851259716,0,0
0.9389218031817412,0.9739084788081929,1.0035640730140192,1.0225528867001077,1.070792719346281,1.111532186581671,1.101516617201671,1.07632988600073,1.042752318120239,1.080418400359208,1.0916101621720757,1.1020750804320176,1.1253414454846702,1.1354524797441916,1.1514528461989035,1.1625087757491528,1.1579831477300706,1.162250964828139,1.173251366192532,1.181438626566852,1.1595920739949164,1.150929200615967,1.1473139828281904,1.1490032345950976,1.1642003413254798,1.1726248693392345,1.1654015133024984,1.1482343730220974,1.1303994936472759,1.1287409928285612,1.1245988239579547,1.1121057274920538,1.0952882793537082,1.0858904202929607,1.072138370852698,1.058215541603444,1.054384578596525,1.0468071442655993,1.0345804759628272,1.0175924908837812,1.0031357191561554,0.9853228478234306,-2.9187260633816636e+38,0,0,0,0,0,0,0
0.9818539311769977,0.9965574478491478,1.036867494906539,1.0541051286504994,1.0505620592567064,1.0493385428121782,1.057052443128676,1.0641428685514622,1.0793029947317685,1.0838547498800937,1.0921267348070152,1.0973407492306726,1.1185580298954028,1.1135795935909785,1.1242496409443448,1.141697601164119,1.1395883457435416,1.1371634449192078,1.1336822866145666,1.1314416730810892,1.1259125217281383,1.1130068857662323,1.1049406619646942,1.098948139005886,1.1045360253021117,1.0962736118530243,1.0934880128485398,1.0855954774341525,1.0691590154408002,1.0553192969050327,1.051691531146847,1.047157270823358,1.0367930015763143,1.0303814282464259,1.0058291291207333,0.9935484076241086,0.9919679618456653,0.28691556568840726,0,0,0,0,0,0,0,0,0,0,0,0
