jsons/1312606800.json
{"header": {"parameterUnit": "m", "parameterNumber": 2, "dx": 0.1, "dy": 0.5, "parameterNumberName": "Eastward wave", "la1": 40.97354507446295, "la2": 16.46031188964855, "parameterCategory": 2, "lo2": 133.9931640625001, "nx": 191, "ny": 50, "refTime": "2011-08-05 8:00:00", "lo1": 114.97908020019554}, "data":
[rows 0 to 21 of 50, columns 50 to 99 of 191]
0,0,0,0,0,0,0,0,0,0,0,0,0,0,0,0,0,0,0,0,0,0,0,0,0,0,0,0,0,0,0,0,0,0,0,0,0,0,0,0,0,0,0,0,0,0,0,0,0,0
0,0,0,0,0,0,0,0.009481945183192356,0.008564636924478168,0.006366322872574995,0.005785131692288577,0.004752403527306011,0.004001022860559409,0.0036453746985592376,0.0034164744368912034,0.0031947346821586424,0.0025880740238011703,0.0022644670228176397,0.0016649841973286332,0.00091810564106482,-0.00017580661771364865,0.000757270335101098,0.0003574599753226193,0,0,0,0,0,0,0,0,0,0,0,0,0,0,0,0,0,0,0,0,0,0,0,0,0,0,0
0.029427773902135638,0.027712883806813093,0.0255198735935319,0.02029610384536758,0.019760452311647882,0.018146375414890944,0.013801288055435913,0.013257486963092624,0.012067442932817385,0.008677745601472898,0.007411615427719975,0.005951125193396804,0.004647219580700517,0.004109607969217958,0.003635656793132042,0.0031083777281414593,0.0010295492641731944,-0.0006553644906738113,-0.001230908742518872,0,0,0,0,0,0,0,0,0,0,0,0,0,0,0,0,0,0,0,0,0,0,0,0,0,0,0,0,0,0,0
0.03367034690418285,0.03540655550330526,0.03529125140374998,0.032507909187759164,0.03219722543913068,0.030553899955232517,0.023547812278177444,0.0208305750785834,0.020053874775304088,0.013769090845116143,0.011206662124282485,0.008256178843835343,0.004692029365412952,0.004256881987095778,0.0019880327358720493,0.0010477286150857355,0.00048567662395676044,0,0,0,0,0,0,0,0,-3.1387751323253786e+38,0.1511156029126218,0.15304393993816207,0.15127211596584889,0.1498018086486523,0.14942927824111843,0.1400852568740889,0.13976179570121625,0.13825089755304917,0.1339126702971458,0.1299736071602838,0.1267585816908905,0.1267564157717112,0.11977223132047107,0.11703333935056179,0.11108574535750639,0.10198965689722489,0.09368314197495206,0.09028092792653804,0.07968425776366007,0.07176872604379074,0.06698302767275317,0.054027804397497936,0.051606886893103734,0.04410967512782607
0.02481153944271724,0.027757798098580897,0.028962507376578996,0.031190193022002977,0.03512642013858556,0.03680608070512889,0.039708342767836836,0.043365505214203535,0.04854243249346229,0.037429634466736146,0.032559701636311146,0.026946509352330606,0.010458046211838037,-0.0046709839470689,-0.004541007373479939,-0.01256086402655061,0.01259762887145942,0.08197908619304019,0.10776514458901756,-0.16187893296175396,0.15310668207556152,0.1609214968668129,0.17065182706310014,0.18002050179814322,0.18410987293122857,0.19090519711133433,0.19450090246381382,0.1973972874942504,0.1973203006293087,0.19921075824933204,0.19798501497389673,0.19297874071906312,0.18738499616723592,0.1841063917308708,0.18252033648805077,0.1705964514929131,0.16882374278753873,0.15971578241776285,0.15138477257973643,0.14417874113010817,0.1425753171470935,0.13221111092261,0.12491663515393463,0.11975828603865608,0.10496490875579083,0.10035345769487904,0.08993393309949864,0.06790264142725151,0.05911565548317459,0.04768084275165317
0.007319963786142858,0.007819009337250712,0.009369214037436705,0.009064384954759705,0.011066850093849471,0.011516875498513948,0.014525616555892911,0.016582345318372462,0.01954094093119288,0.02242929023247363,0.025089981411663784,0.029504842211162497,0.034846703841977585,0.03983749957698141,0.04755732201939021,0.0549702627994458,0.06298411838906214,0.08120404243268164,0.09433705606197852,0.11326164069580894,0.13209127209981586,0.14419167101013064,0.16126198665338834,0.1721519155491842,0.18839061141701136,0.20442225959519456,0.212189256736643,0.22093472425595967,0.23009928622213094,0.2340246747988826,0.2392217816151702,0.23832435402688437,0.23530696053698924,0.23426222201011343,0.2325499855028856,0.22040572096355138,0.21503566496580606,0.20707280081629845,0.19556830235987027,0.19007188379302922,0.1811185566820745,0.16843883554656003,0.16048395585263106,0.15836704488597267,0.1429398203035829,0.13380820196767576,0.12273191314853682,0.08925013287765188,0.07437971121923216,0.04698494154755238
-0.012192648400269799,-0.01260301729718088,-0.0129366455320659,-0.014624697554398654,-0.01380646548736578,-0.013231581325340332,-0.014913133997068874,-0.014004634348805816,-0.013700772898628715,-0.013556937376991386,-0.0141399762479287,-0.01360020058826912,-0.012995324883123063,-0.010321453513008798,-0.009084003559825134,-0.005713352508138289,-0.00034562486363750054,0.01116049269891263,0.017469303092402702,0.031059573059857352,0.05693482751619088,0.07514629627692576,0.09500301770764501,0.12776664914503003,0.15614723090687588,0.18913690925587814,0.20340763212659024,0.2204217988613707,0.24176315073067178,0.24767844562742794,0.25907039284664246,0.2718436813302802,0.2724376456170398,0.2769926575953758,0.27211301503899593,0.2648491159477692,0.2590494838213355,0.2564596865259923,0.2378396912395458,0.23293765324933732,0.224903454013943,0.21282383396456242,0.2040324962366805,0.19758209489130865,0.18258518432108187,0.17888515672862107,0.17365927450657154,0.15341161159342195,0.14616277564067648,0.1332836508292579
-0.015571729103087009,2.9538635632031353e+38,0,0,0,0,0,0,0,0,0,0,0,0,0,0,-0.04936110704926817,-0.062223966467693625,-0.055630989198311234,3.093446367771754e+38,0,0,0,-0.045546700809901586,-0.043025544755928,0.04590951312353759,0.1728407990394004,0.21367653131864472,0.24367543633872157,0.2531019369215209,0.2705429153630703,0.29309508952562086,0.3007576143074743,0.310825053450726,0.31612892802983983,0.3193006088925677,0.3170281649771421,0.31467825250284603,0.30529717562356945,0.2906769372577707,0.28615581290813846,0.2698126266833741,0.26350659035888135,0.25230294133098624,0.2398043991634566,0.2343455755087194,0.22765492590397482,0.21691799311608095,0.2103043323667782,0.20134005714856482
0,0,0,0,0,0,0,0,0,0,0,0,0,0,0,0,0,0,0,0,0,-2.7730441332720372e+38,-2.9036194321905865e+38,0,0,0,0.23568004930647024,0.24566268948898462,0.25429498742648204,0.2648965714019449,0.28097022307110286,0.3073687055195452,0.3266604895529105,0.3356200422626253,0.34536628698001764,0.3527302576812973,0.3580743482841157,0.3612752076960909,0.3574179207759369,0.35566829972509667,0.34649770542097624,0.32907420742423954,0.32031345572429065,0.3111601625011084,0.28617908049756724,0.2741777372582941,0.26780389713054575,0.24929461333875133,0.240502366256404,0.2288395054378353
0,0,0,0,0,0,0,0,-0.23216409594454926,0.1796708268754207,0.18258133447635483,0.19610985121279176,0.2151934121264535,0.2199026977600804,0.23002772456745293,0.23105360949451043,0.2387414586137306,0.23885867899286506,0.24536200938697392,0.24810393751538753,0.2488127212077515,0.24796464209535318,0.25045890044818314,0.2528259220507917,0.2576357826800253,0.26788168207721746,0.2712700447470746,0.2763750927817484,0.2906496703938594,0.3023776744899923,0.31305244997779885,0.3328158047853969,0.3409071835978149,0.35452920921241965,0.36453214890710034,0.37912022947154117,0.39291917763864787,0.3964619922448877,0.40563198325414396,0.4110754613915339,0.4114049919428254,0.4080644130747386,0.39959342700038586,0.39582082225723886,0.37934132633705475,0.36279280756075843,0.3458127727623664,0.3255261208033785,0.3087029001528712,0.28907183104555073
0,0,0.14134235712485,0.14831493876525467,0.15697046124295386,0.15986347978336365,0.17380307759987854,0.17845306062247868,0.18358241393073055,0.1907176960841185,0.1996892316626258,0.20308825871947037,0.21160303164292438,0.21508436714190243,0.2262543716236406,0.23126193596601063,0.23891694678791864,0.24478960260383237,0.2488911564477438,0.2537062310874145,0.25751614464437117,0.25968545869596016,0.26669914292758534,0.27377080533578313,0.2761897005658104,0.2809465761957289,0.2847525418177914,0.2871408666397114,0.29736235958369434,0.3029121103340508,0.311439515538086,0.3253212870472432,0.33117993126913126,0.34926386152446004,0.3573334417135523,0.3726191353812966,0.3938290499316376,0.4031254348047184,0.4278209247368006,0.4367306554228499,0.44519575291221725,0.4514923479855855,0.4552034942220656,0.45962078164103787,0.4563542025477643,0.4519190230357126,0.44366826450341945,0.41740139571022944,0.4022246420712106,0.3788058894008128
0.08268324563182927,0.08746074973956447,0.09447935979686382,0.09941863774511633,0.11073307698694058,0.1145803635513157,0.12097640165056016,0.12407779332889159,0.1285129201733814,0.1363431968382608,0.1394284218017718,0.14916760715826152,0.1598483395596584,0.17189590654187845,0.18520879069585047,0.19279758043293804,0.20462487071495367,0.21837229554174659,0.22488442467978675,0.23608496370886073,0.2442302350430303,0.2525330548765373,0.258472453997062,0.2646035787452792,0.27004902537595654,0.276576355882205,0.2813061174756009,0.28388424536607226,0.29145828389686396,0.29826216294964264,0.31030899719052957,0.31689277061301657,0.32340854982940165,0.34143955396177655,0.35287628723568365,0.3680592253416875,0.3930992936866721,0.4068211755493269,0.42664187288707817,0.45160032190035154,0.466936865382364,0.49237089639218856,0.5013930667301074,0.5147277369176242,0.5251841034323527,0.5288385993589491,0.5384273395529751,0.540207179888585,0.5347661646371618,0.5286652775021891
-0.011008464016659879,-0.007176005294920106,-0.0012769557522179812,0.00715323009806394,0.015960968284687727,0.026597131351670703,0.0309779833490878,0.033388624617577724,0.04790669316161165,0.055431775125487366,0.061648059443887425,0.07194263168053416,0.0748666648129303,0.07964849890971905,0.10252242616993874,0.10967804297783007,0.127979773494946,0.15637356053322662,0.1744258485895144,0.1906582353763649,0.2068788388387042,0.21865089171450902,0.23197137027347225,0.23510102104848732,0.26580038041228715,0.27383590650482587,0.27952078176781775,0.2858618700835628,0.2924040907469327,0.29910011785858465,0.30796047490300354,0.31551324655014473,0.32434920335622225,0.3319330325961922,0.3516253087268356,0.36358817138193517,0.39605080208846943,0.419810536686751,0.44392325589413567,0.46473186298867114,0.4871434781502126,0.5284170284304858,0.548100193565149,0.6052140982572496,0.6398889743242732,0.6523941767802993,0.6810937482318626,0.6903247758307746,0.6970062830541975,0.708079519390786
-0.1582225555893475,-0.1430951414863683,-0.12544554263150606,-0.11635558871878356,-0.10291579844882943,-0.10082819039253586,-0.0959150046069078,-0.09789847885715929,-0.08642258608769915,-0.07887445281238399,-0.06856042152976506,-0.051553025617138946,-0.04147585762588973,-0.02995297737636455,-0.0032170818399609074,0.011496225178773451,0.021458975572420467,0.05088786410656065,0.07633296755849209,0.0911473568894004,0.1205904130415137,0.13705279991195393,0.15121308853281828,0.16611674678965366,0.19571936958499564,0.21558363675016756,0.23957501827516303,0.2648655187995179,0.2877293108432846,0.3037980552988986,0.3366507215256314,0.3612775510074202,0.3673185390788178,0.3916099957203938,0.4041093692893389,0.4245908536039042,0.4481826022223322,0.4619224871650477,0.49174632223351183,0.5163426336780169,0.5343993686730515,0.5680335613530105,0.5939804052722464,0.633869207751044,0.671678530746342,0.6946612172608827,0.736348335642147,0.7736243930073318,0.7840976019003886,0.8083375591776476
0,0,0,0,0,-0.18740381571110973,-0.19504979335178324,-0.19152311463267083,-0.1788986853931441,-0.17766959303494412,-0.17359105036255082,-0.15385306623786366,-0.14851433338894193,-0.1442905764159119,-0.11183856386706177,-0.10001828774686136,-0.09017859177350324,-0.046453116777830185,-0.019904619709326023,0.008446318502179887,0.06816926820717603,0.07379290755218178,0.0910618149797064,0.11068244229020424,0.1519084515755931,0.1694205111040715,0.20197752805553842,0.23639169227789744,0.26920234293053846,0.28801963487420457,0.3239553474091443,0.34711599725255676,0.3626884892661569,0.38924568152928657,0.40768336176383435,0.42582715424065787,0.46337107431699653,0.4791412669273002,0.510013705523567,0.5345296133315584,0.5527669181084325,0.5814830484973632,0.6063379057470079,0.654605343715966,0.6985825460485301,0.7280884583535998,0.7790826219279615,0.8232346174359383,0.8535414291567923,0.902212670960303
0,0,0,0,0,0,0,-0.2503860224573469,-0.2613653925966967,-0.27470267773633006,-0.2715497295561374,-0.24524504257612587,-0.2548746115764668,-0.24455450549079005,-0.21261661300430468,-0.20247397127380592,-0.20004336061303826,-0.16313823194718952,-0.15250221366359243,-0.15149426193328056,-0.10956553155239544,-0.07857898741186412,-0.055460036775274384,-0.019222102115906196,0.040269224124955885,0.06164269216560638,0.0833653777870571,0.12037598072289142,0.14660587608602435,0.18009585375765932,0.22224604050032928,0.2589488611104946,0.2844249710180466,0.33453180337643607,0.3626932732195003,0.38601158689180864,0.4381310658608114,0.45744362292113494,0.48079135335105155,0.5259651152388848,0.5498045188179486,0.582534168639384,0.6079764424170322,0.6483017188523345,0.6801684989907291,0.7150078724724885,0.7649597757115291,0.8096328713288675,0.8428275628296625,0.9130774663958605
0,0,0,0,0,0,0,0,0,0,0,-0.2689913618952569,-0.24332092123492693,-0.2880845790345501,-0.2934429701952844,-0.2987141942480411,-0.30595763730096903,-0.26315129506993906,-0.251808202269101,-0.25704017162072906,-0.2211197434522859,-0.1940514924275593,-0.17045677005040774,-0.1507874465453297,-0.08225268689358138,-0.047211042690361596,-0.004673909335368226,0.06731329226725835,0.09703007499026133,0.10592011648912271,0.13832797023086085,0.19548428976126517,0.22452992463332427,0.2884836536354899,0.29608208973426703,0.339814701202501,0.3892851780782896,0.4235599067822878,0.48347444882479645,0.6015500240263516,0.6748726664720542,0.7397621416206004,0.8024433770048848,0.8412555426150116,0.9203011227286987,0.9354871285722556,0.9869998216989869,1.0385801505315595,1.0899054396034915,1.1647659827490098
0,0,0,0,0,0,0,0,0,0,0,0,0,-0.24488079404976712,-0.24825689967337258,-0.387610108860607,-0.41389402113425305,-0.3565917835461221,-0.33702108054738256,-0.3285834390539375,-0.28526637950634465,-0.27329310485966357,-0.2630138770570145,-0.24483342621819693,-0.19896415435988277,-0.15430780618943074,-0.11161877496466574,-0.03609757889899971,0.030910258532079193,0.08916865476572372,0.2290053372727711,0.2750859614415267,0.33011431968472355,0.44374824947041386,0.5010358531359778,0.5377576675317611,0.6252708468499223,0.680056495047479,0.7308981267649634,0.7760262669013331,0.8194710319108653,0.9121991900339808,0.9348008249716484,1.0353665105486671,1.092075805358724,1.13764940314329,1.1205260669443748,1.1293265073010006,1.1236232162262216,1.1764112881338598
0,0,0,0,-0.28954415546232637,0,0,0,-0.2688333673101593,0,0,0,0,0,0,0,0,0,0,-0.3779337877345009,-0.4119790621593015,-0.29656815816736304,-0.2422320830632963,-0.14989453587001672,-0.029932656901529464,0.07719223659132973,0.12575409101432639,0.18851262314321457,0.2771297779438105,0.35423209180496384,0.41945950443025953,0.4734980635988413,0.4475209488590342,0.422310872854693,0.4489979802586252,0.5261468987780672,0.6329210534538465,0.708824513289032,0.8019117118883853,0.9689623795820234,1.0261613318729408,1.1030354620132141,1.1581816459212524,1.2713190478194851,1.3453631975038054,1.3345875633257283,1.374159635322603,1.4458957500989233,1.5345323587126964,1.6358168172059646
0,0,0,0,0,0,0,0,0,0,0,0,0,0,0,3.0445637174925236e+38,-0.23743625133290933,-0.26578090220997624,0.0714707955991589,-0.11068716393897798,-0.2749171995666228,-0.36952637641093017,-0.5229592958196477,-0.5020131327882831,-0.222456465264297,-0.07768207686481192,0.06501564703512029,0.30495315227881137,0.4353596922707671,0.5461749507242356,0.7377520986942625,0.7974306836542967,0.8092581081199,0.8054097304309221,0.7739066420197713,0.8054118595707854,0.8989923214930193,0.9292264498271003,0.9789215002387204,1.1559989797248915,1.2466227033502466,1.3917632337169583,1.4941622460079433,1.6331845194923216,1.717780620434787,1.7919336226226337,1.863804949036077,1.9238120406926948,1.9560747459521008,1.9896255066725859
0,0,0,0,0,0,0,0,0,0,0,0,0,0,0,0,0,0,0,0,-0.3677060676131452,-0.4788486826478571,-0.6534685702117732,-0.6796254640652151,-0.5387722319877928,-0.5246971119139329,-0.3854650547737868,0.3944374693180805,0.3615284375916636,0.4359148266522819,0.7808153347838178,0.8180520890375148,0.8897759986024718,0.994049014006268,1.0776007747000889,1.1992118778805774,1.255117314616755,1.211501494256143,1.2343067819146578,1.3309338428491406,1.3769067557578554,1.4069541452720475,1.469089970168385,1.5821724346111345,1.6527172147081182,1.7064750281426262,1.7989782114262707,1.9248827132227257,2.075200403603238,2.160261346553123
0,0,0,0,0,0,0,0,0,0,-0.5195817646610149,-0.6065988372220057,-0.6523764618328539,-0.6846341164938571,-0.7123936125921198,-0.7393726266115361,-0.7800161966858451,-0.8096408229316314,-0.8320438996252657,-0.8871965970718296,-0.7988485991075401,-0.8194041384794009,-1.0001737779858382,-0.8070588028025676,-0.21092950520472575,0.034504831844117276,-0.08382790585874685,-0.2712729783683936,-0.024719249410401368,0.1700797952804964,0.3042310134005888,0.49804620820505724,0.7054096262579905,0.8196927382470502,0.9600579631169845,1.0404552011614114,1.159524640739953,1.1510683586316484,1.1667634507381264,1.3154656114016765,1.4252846260056409,1.5481714555982036,1.5852735599891692,1.6748386064132976,1.6978549832941732,1.7127156990194372,1.8034598034363991,1.9634271409122879,2.032804093111145,2.07879711208846
