jsons/1312574400.json
{"header": {"parameterUnit": "m", "parameterNumber": 2, "dx": 0.1, "dy": 0.5, "parameterNumberName": "Eastward wave", "la1": 40.97354507446295, "la2": 16.46031188964855, "parameterCategory": 2, "lo2": 133.9931640625001, "nx": 191, "ny": 50, "refTime": "2011-08-05 8:00:00", "lo1": 114.97908020019554}, "data":
[rows 22 to 43 of 50, columns 50 to 99 of 191]
0,0,0,0,0,0,0,0,0,0,0,0,0,0,0,0,0,0,-0.60225160724477,-0.3457994506961717,-0.45651756377937214,-0.20030203318598563,-0.1564486510054524,-0.5484937203203147,-0.47572988987738696,-0.5831152498035728,-0.5148982791393099,-0.3495326865105668,-0.41197134475068115,-0.4024795067198756,-0.28137882124910013,-0.2022778460634341,-0.153914480733802,-0.11959317442135822,-0.1131366266050884,-0.09879543979745607,-0.06514890048649506,0.006793278257867213,0.09436875102941929,0.35986324005244624,0.39027271390928164,0.4639874850911645,0.5031669386294395,0.5981727155403782,0.6650143411219137,0.7114567886124451,0.8221725138891789,0.8993710897507056,0.9337310368906109,1.0219051469604734
0,0,0,0,0,0,0,0,0,0,0,0,0,0,0,-0.3451383310873989,0,0,0,0,-0.42714621643323886,-0.5653755817520183,-0.6740389091752165,-0.6626939949357722,-0.6695992235875052,-0.688524906202527,-0.6919842384232524,-0.6923074363135993,-0.7008626512029953,-0.7074975510935659,-0.6823523941345508,-0.687262774734781,-0.6618144482255149,-0.569691660681849,-0.45743825252523634,-0.2885068394141348,-0.09780952596392674,-0.052989394274422286,0.004605344648457008,0.04363985419152332,0.07468331123943574,0.17989308983828964,0.18095244458520293,0.30456205726703905,0.3620502372182002,0.4305905182925243,0.5602307168271361,0.634672071316487,0.6705908027978279,0.7959571742318766
0,0,0,0,0,0,0,0,0,0,0,0,0,0,0,0,0,0,-0.5731833301534461,-0.6959500421867099,-0.6267081683681983,-0.6638468132683669,-0.7662931399110147,-0.7801224851141096,-0.8343221028919773,-0.9086818612927482,-0.9173489696297954,-0.9188282194962272,-0.9425579114679272,-0.9271699440637327,-0.7973168391499295,-0.7606504824547,-0.7468537843369448,-0.7180299952966809,-0.7074861423091644,-0.6970902712577985,-0.6724788274922896,-0.6797795861382704,-0.7483435810623802,-0.7930303564787092,-0.7922585297157558,-0.7932440890399794,-0.620440728540916,-0.43480963892210667,-0.37576897054142017,-0.2834221400685784,-0.14084913987020517,-0.02497820582265623,0.031345124750268544,0.20668551905707272
0,0,0,0,0,0,0,0,0,0,0,0,0,0,0,3.3038944722661223e+38,-0.6897684982948558,-0.4979965362003896,-0.6713535936339899,-0.9176378300565858,-0.9982846304322925,-1.054353284249461,-1.1534897227722094,-1.2286812299033312,-1.2861872328223034,-1.2575464263092082,-1.2699491055183272,-1.1820137154487336,-1.2310911681531918,-1.2477326405116211,-1.3142703683569976,-1.35958711766226,-1.4145339673691442,-1.3495788611750685,-1.3947325745066625,-1.413376927206285,-1.3930308851131896,-1.3582301132576395,-1.395324644284282,-1.3839232354847766,-1.353946079130992,-1.4019505343698282,-1.3457411505193972,-1.299134930135899,-1.3154308165272102,-1.2767641256119338,-1.2621852010614278,-1.2318903189640282,-1.1113033293394536,-0.8977612051469108
0,0,0,0,0,0,0,0,-0.30981149349834697,-0.3600028570700569,-0.4878262701246609,-0.7502587435106198,-0.9503883175964037,-0.938554960909322,-0.8374241007341588,-0.8876203766628419,-1.0085993459678606,-1.1083902107146084,-1.1808870400593199,-1.3111173649165249,-1.3390913648024436,-1.358619988147972,-1.4453792585188694,-1.467821959137354,-1.5178569175204346,-1.6207718591391274,-1.6824576175088548,-1.7708137715229926,-1.8657610227666013,-1.9280027181700425,-2.0230421979960673,-2.155218830285927,-2.185957272084218,-2.2225941483078295,-2.256160247119358,-2.393206328261651,-2.4117059295213576,-2.442009940447418,-2.6061871208842353,-2.4591400112681785,-2.4363739216725726,-2.5579673032869397,-2.536189509556643,-2.4547144480276653,-2.5672366333260648,-2.4994845180304734,-2.428080970520879,-2.471154013205561,-2.438020934593367,-2.3381484817771865
0,0,0,0,0,0,0,-0.46826900150060596,-0.7422609229706008,-0.9688906009377154,-1.0372156617473198,-1.1188999591697077,-1.250575665947583,-1.3285252849203057,-1.4203583294506745,-1.471479896637646,-1.6168062910132517,-1.6165281261904403,-1.653035645123767,-1.7601460159978213,-1.833653575974603,-1.905124985071126,-2.0337080732204615,-2.1167438195691504,-2.238241303411846,-2.3982091422028375,-2.4958590626202395,-2.583130303486107,-2.751186103550212,-2.8125370165702144,-2.9318066898885875,-3.079361549170803,-3.1754875171329875,-3.2615800842534863,-3.3674981066358947,-3.5191986919585383,-3.595917430232798,-3.678285604637723,-3.8392575813303784,-3.912846586803659,-3.941712670218409,-4.156868256487634,-4.238760888615872,-4.286791375223768,-4.519347197879841,-4.530231948151243,-4.470391008204889,-4.692622638265105,-4.712765671705216,-4.543374961046656
0,0,-0.6490993352781135,-0.6277509426141469,-0.7340887994168065,-0.7721507873018504,-0.9603464501235094,-1.0380511129423098,-1.1598428549771043,-1.2624265704366158,-1.3520097712924097,-1.4434077339249087,-1.5673823157392457,-1.6400915651997363,-1.7273329695700403,-1.7958564496139318,-1.9176194066662335,-1.977244197528569,-2.0722646624210084,-2.231899143469372,-2.3638716199834255,-2.4398654475547583,-2.5749794453712798,-2.650785336341724,-2.7789218600679004,-2.9780431440903996,-3.0322701730850503,-3.228460952167829,-3.4650442138390245,-3.5795755369161237,-3.707557865527545,-3.9246361953150886,-4.0224480621217475,-4.152675746404794,-4.269082290213147,-4.52729206819093,-4.595025647200954,-4.696315261235719,-4.946479444872564,-5.140037763892203,-5.180368964878174,-5.550786354905332,-5.670248881975208,-5.8382463019914095,-6.10210679484544,-6.229692259196594,-6.413553460287017,-6.747726587479172,-6.911466698906116,-6.741823356074174
-0.6618419870365932,-0.718112876290144,-0.8266919052351357,-0.9747071662422502,-1.0809228919400293,-1.1613725400608328,-1.2803155717377979,-1.382288530640455,-1.4190678153195453,-1.5202773204344653,-1.5812317041477622,-1.6821145406366564,-1.7529058462841312,-1.8572186182260733,-1.9405364216805778,-2.0461049536648446,-2.17562289369259,-2.324982798109177,-2.4178483981844456,-2.5891000218532954,-2.7290998001204434,-2.839239947104181,-3.0295718680693837,-3.1211936903713897,-3.278535167550436,-3.4641042633845514,-3.586929486689784,-3.7410683134015628,-3.980121126765815,-4.099148240935774,-4.272470123718594,-4.5211303793694615,-4.641360540285076,-4.840417799209099,-5.002049363923233,-5.2308314179752555,-5.47916557240111,-5.577499000445546,-5.831164367748637,-6.075648226243431,-6.215893209637427,-6.620171856299683,-6.777678579496016,-7.022708290178011,-7.400343672691543,-7.6302891738631935,-7.899564441580317,-8.253331527631342,-8.405318893170488,-8.623153427575765
-1.0260677183258335,-1.0663518757288881,-1.120835356055349,-1.2269866626917971,-1.2979733889676017,-1.3586754234347336,-1.4490177964296653,-1.4862157169965582,-1.6104940284929357,-1.7066394635621664,-1.7833587632414802,-1.8720019609738974,-2.0212853044184826,-2.100240117660681,-2.2101482834942723,-2.299124412778466,-2.471603713758749,-2.5770973477511534,-2.678553520878432,-2.843459348718223,-3.020685329802204,-3.118464482079113,-3.2961814401568876,-3.40561179241318,-3.570920815988976,-3.7837577302429817,-3.910459676352038,-4.085779820025364,-4.32688272546402,-4.430251652822997,-4.60083659764539,-4.832957121565883,-4.9476355304437805,-5.148114080887908,-5.286780987907951,-5.5751665094184455,-5.791359007226634,-5.883737489579472,-6.219851686887809,-6.464482523042078,-6.570654255719277,-6.928137577430749,-7.172711616938331,-7.424120179551152,-7.812271707693951,-8.03940449384058,-8.329236805414089,-8.715713566181265,-8.836498353029727,-9.074439944969244
-1.151994419948747,-1.2202765681597978,-1.2986566378558762,-1.3996804870821848,-1.4691771714286208,-1.5217005527283143,-1.6258700032694438,-1.7080492222056967,-1.7788239889342499,-1.9149235259562714,-1.9896414595168297,-2.0980928883652097,-2.238171697817916,-2.3285247443154886,-2.370008803650183,-2.493170770028765,-2.6261323079131262,-2.741294504630735,-2.8253461725140276,-3.0188477593561944,-3.1376961744601966,-3.2646884172652815,-3.4493639099331608,-3.597188873868812,-3.7434607330314265,-3.9421763559016005,-4.045856839599882,-4.198408144663551,-4.384064079810132,-4.485743934141857,-4.663585947066893,-4.8234996860647685,-4.989167026053789,-5.12914039102775,-5.276920948932451,-5.538937397393069,-5.753516227788687,-5.886874617902871,-6.257346149468177,-6.361890507667684,-6.569458367045739,-6.895926743711101,-7.060695427987863,-7.172134191561186,-7.497541382513429,-7.6946887030579285,-7.873265903211853,-8.205071873155545,-8.36023089678354,-8.44113599794388
-1.3767759083145654,-1.443073067266264,-1.475389455952761,-1.5500072016718258,-1.6176545191676077,-1.6718425380275714,-1.716115846781562,-1.7798651571944673,-1.765771452475832,-1.6865970411053517,-1.5877675472365103,0,0,0,0,0,0,0,0,0,-2.49323468378773,-2.8761224178258544,-3.2193769268583936,-3.3963619166477153,-3.555461284519022,-3.751349655362015,-3.888154083075764,-3.9814458765824434,-4.172484045549458,-4.236172824241097,-4.332158088884066,-4.5416501119048105,-4.673852287935288,-4.767351749806722,-4.931975779104422,-5.206239988901934,-5.361256866975392,-5.479917515273169,-5.744500509372348,-5.914553665953212,-6.054335060699128,-6.367884712744712,-6.482949348383396,-6.570379141969369,-6.886852037898005,-6.965510896130597,-7.043888266627817,-7.280860887970483,-7.320577196687528,-7.318594201980842
-1.1893271627726687,-1.190703369682497,-1.1769550790916548,-1.1544038623547364,-1.1097313339574981,-1.067981741563902,-0.9457316155544947,0,0,0,0,0,0,0,0,0,0,0,0,-2.025372383465093,-2.4346855947633705,-2.7002506667554593,-2.9877758097712976,-3.0824335497913147,-3.2486436144990014,-3.412574779329327,-3.508634083746755,-3.608181918596843,-3.7576277225200205,-3.8422538852240087,-3.9408745199305955,-4.138223084373747,-4.2319586697166915,-4.2871865754585,-4.430542098113498,-4.60903567962391,-4.731667328404923,-4.785132993657887,-4.776727404769847,-5.006014264999835,-5.038121737533447,-4.548238335208194,-4.230435126076241,-2.8941383113532946,-5.327135995329989,-5.677650849004779,-5.620409728182778,-5.81998536642879,-5.819349103762457,-5.7813248443172665
-0.8386907243549064,-0.7857013807342363,-0.7635378805106731,-0.7203927221284188,0,0,0,0,0,0,0,0,0,0,0,0,0,-1.7533590464384279,-2.07554976138839,-2.4145521540798005,-2.566223525411588,-2.6808024554642573,-2.855259534234539,-2.9378037258392116,-3.013475359912945,-3.137779136229126,-3.1717564587546208,-3.2303933761713237,-3.3040632429772208,-3.343460990814267,-3.3243252768034406,-3.376978993176481,-3.381685384671308,-3.315766741630109,-3.222653186721255,-3.1983148808173882,-3.145547601898117,-3.1759276357917665,-3.2969269221612496,-3.617843224312377,-3.7971328410090086,-4.246073787616874,-4.358203400287751,-4.4718080672750515,-4.696244259493314,-4.8282676003469405,-4.9099985112806355,-5.1880227150819636,-5.258073941816591,-5.201115850645087
-0.5594601617473997,-0.4633213243447512,0,0,0,0,0,0,0,0,0,0,0,0,0,0,-1.7093094504290485,-1.924596569445676,-2.1118667109906175,-2.2571210712232017,-2.33822697483587,-2.397756612210659,-2.4935121387789834,-2.5359891176991414,-2.568039281953712,-2.6561526024783557,-2.6831801682585175,-2.700966720201804,-2.777243586605937,-2.7974226888146116,-2.8039313087130524,-2.9269446486443687,-2.9976228692892715,-3.1127777674338835,-3.168850302119343,-3.370568738611702,-3.437710030428363,-3.5858954693674683,-3.8064544519063785,-3.8736724700790655,-4.0112287700209235,-4.226535315212826,-4.296035549568324,-4.383655526993971,-4.554653528627418,-4.619688878668409,-4.589871569843551,-4.711589312604776,-4.697240184180816,-4.640854154119205
-0.4380568116742397,-0.2196798119882976,0,0,0,0,0,0,0,0,0,0,0,0,-1.3668560084286372,-1.5773676259602614,-1.811763455335546,-1.9189945189903768,-2.00303880370394,-2.11465679077637,-2.1717411766644696,-2.2167977661654357,-2.3187732124330367,-2.383416951072455,-2.4177983633894184,-2.527582689107133,-2.5891994384344352,-2.6572625713692513,-2.7809022242648007,-2.844053757763942,-2.9176134136222225,-3.0920879253098392,-3.159399155467644,-3.274801687140122,-3.344211830389151,-3.5233867456041055,-3.601040168927389,-3.703799299565675,-3.8769847721281816,-3.929551782020891,-4.004930222096371,-4.149774386614935,-4.2048139083714,-4.24174488621334,-4.350512939545981,-4.36907511848621,-4.341771550554213,-4.402165732297045,-4.409023407550217,-4.351738752662493
-0.39272851454105373,-0.37109707873776815,-0.34856282022531815,-0.3007369147833119,-0.4645002736316204,0,0,0,0,0,-0.9783987425825039,-1.1897606583304632,-1.4534148360348162,-1.5603527791366398,-1.6633110411595435,-1.7348386927559354,-1.852653961590349,-1.9236400034834955,-1.9808804677375655,-2.085246066839583,-2.146378485807943,-2.2008904863823924,-2.315292625639636,-2.3629077434736545,-2.4413665640090687,-2.561742871150104,-2.6166222294509565,-2.690171595104927,-2.8300248364980076,-2.888969647540202,-2.9770800773445667,-3.11265636330395,-3.189838983723159,-3.2589669105281165,-3.3484495654643,-3.4817132105904687,-3.5427780641335542,-3.591653387873965,-3.6914866767569277,-3.7709623552739258,-3.821391807209323,-3.9115765045296005,-3.938720617335945,-3.9715964763016043,-4.042078485905782,-4.067873097743118,-4.0446415170428285,-4.101210129747305,-4.126076503606833,-4.121903418583957
-0.37324705751405296,-0.37253868828942033,-0.3764446463990519,-0.40543672254403773,-0.3759687860029922,-0.39404962046885,-0.3584547008862039,-0.44251711944947464,0,-1.0737161920754223,-1.1916413806163413,-1.3775600214539974,-1.5282914871211821,-1.5952335245689337,-1.6714006929569476,-1.7339334462472729,-1.8486743175063998,-1.905143810147707,-1.9376504873032137,-2.0379406918538256,-2.114739472740266,-2.1664425861924745,-2.2914842360512746,-2.3546136971300395,-2.3923764322658707,-2.5111372273719743,-2.5829540004555356,-2.640636718449684,-2.77689961170416,-2.8267214235675024,-2.9180087018503875,-3.0385893741317185,-3.0760456978013737,-3.146355261865958,-3.2331763750216194,-3.3212136831430206,-3.3716959845762595,-3.4015463257201217,-3.485192951815536,-3.533236645693539,-3.5837512616815332,-3.648224994649269,-3.688609376672107,-3.681384752359382,-3.777277616960522,-3.798487265172218,-3.813947346646653,-3.8691330865411953,-3.8841889290568434,-3.855122590732286
-0.9402665398967814,-0.9544431372290314,-0.9566915829701609,-1.0614889295357515,-1.0954830559320838,-1.1894594539197882,-1.2535511921697537,-1.2986182446851908,-1.330185438656574,-1.4024097353146456,-1.4295034002327793,-1.4850525952180016,-1.5837209292395071,-1.6288747548978793,-1.6833124968983455,-1.7361830027411937,-1.841767363745433,-1.9032078010272344,-1.9588020065064748,-2.0538327801053406,-2.1330539387595064,-2.160791790864122,-2.2578876554274183,-2.3262036843698124,-2.387065546845896,-2.4915591434598476,-2.5234847187820257,-2.5795675156677857,-2.705846474027231,-2.745235346161737,-2.8386828338989285,-2.9261305784204765,-2.9854865801140544,-3.0245734676114657,-3.0685719206587683,-3.15140049670657,-3.199152945926317,-3.2430922608439,-3.313923463330131,-3.346464656085744,-3.368841796832118,-3.450945014330184,-3.480552009838342,-3.5196027745620233,-3.5693501278258113,-3.5940526869593663,-3.602910293980614,-3.681235678187004,-3.6814393105799645,-3.6615318679991824
-1.0604107742047966,-1.0844304355831271,-1.1026507831292798,-1.1749894332926696,-1.215124444569228,-1.2388899262098128,-1.3293439402576241,-1.3359675668129234,-1.371428181301762,-1.4580828807741193,-1.5098565339171879,-1.5542341554848627,-1.6464601976288566,-1.6878769439257724,-1.7413698663403578,-1.7885802290146493,-1.8525391467102237,-1.913873956109038,-1.9417227175081153,-2.0514247483113173,-2.0842009156941073,-2.1336137948591642,-2.2135432010364076,-2.265411669093324,-2.331323770254424,-2.4172636433709846,-2.463323641210613,-2.5227032126340965,-2.600372203867854,-2.648604616598729,-2.7077392705531897,-2.7706723341387756,-2.8113455480771723,-2.86915707575235,-2.905658509625657,-2.975888504335031,-2.9945112244114096,-3.042636048073985,-3.1052164694010123,-3.151027625612539,-3.1904922931827917,-3.2340222084982444,-3.282846732374496,-3.311663692642204,-3.352382008665113,-3.3570627990652357,-3.3749734815915464,-3.4176744509335615,-3.4275686280437125,-3.4332914388166134
-1.1227091708582582,-1.164058613919333,-1.1647567606301386,-1.2410198476960348,-1.2605012499826806,-1.3012955414067429,-1.363811781536205,-1.4152450307194815,-1.4552771635094681,-1.5305297070692943,-1.5467849300471908,-1.6023748035784882,-1.6652485396656505,-1.7009357927241966,-1.7420779032790565,-1.7732598322467152,-1.8531521378218945,-1.9092905297708187,-1.950207740366746,-2.0332641762700616,-2.088378412997802,-2.1220676217463725,-2.208386329647621,-2.226032913926005,-2.29702732687949,-2.3681071108932024,-2.411485354932321,-2.4769677856848444,-2.5272216936042295,-2.5716420683074084,-2.5948746995226903,-2.662773379068974,-2.701236090768221,-2.75386494403879,-2.793777898808463,-2.8380252682077423,-2.858555261199412,-2.900058262627083,-2.960389332190416,-3.0060674466058437,-3.0422143805843533,-3.065339194364361,-3.093934914629781,-3.1165441100429416,-3.1498486260909706,-3.17777312250153,-3.1798871477819164,-3.2133625834345523,-3.2277663182236584,-3.259582341725499
-1.1584215017508404,-1.2038024635681046,-1.2332938023935391,-1.291316582649766,-1.311268495567979,-1.3429105695699204,-1.387562226782645,-1.4210276746131185,-1.4703663123508908,-1.5076260473944725,-1.5551527367744955,-1.6144141750109167,-1.6509603679226141,-1.7022470771380653,-1.7615951980749147,-1.7716842250881,-1.8476937087952754,-1.8982142766428736,-1.9238608962852772,-2.002270361705389,-2.0566553146919344,-2.09020177465394,-2.179052481121725,-2.1969864529587366,-2.2346925027200983,-2.28734732642012,-2.3127988836762103,-2.357560903443224,-2.403623179203004,-2.4301631931960315,-2.4678055061982764,-2.517829337869363,-2.5542652305749938,-2.585199028153522,-2.6257620109068096,-2.6645770509683944,-2.70683647912531,-2.74261839580356,-2.8117291238032642,-2.827840946390806,-2.8513368275410698,-2.905018439040635,-2.933925526316055,-2.9509255285640164,-2.9723167396248424,-2.996695564908676,-3.024382637036962,-3.0396435865548885,-3.059274114189703,-3.083727818982048
-1.1919288977149023,-1.2146610145607901,-1.2300680184089698,-1.2856191288420311,-1.315492573068172,-1.3385744532990507,-1.3959587822034223,-1.4131121044233104,-1.457441311774049,-1.515257331789484,-1.5320995756291025,-1.5848340501844878,-1.6788555996882948,-1.6898148671991458,-1.7273216487109118,-1.7845834413305264,-1.8483539490178746,-1.8808927471547972,-1.920055243604417,-1.968733303305257,-2.009929556448129,-2.0307307126632397,-2.0681933248442856,-2.1113816402404852,-2.153055967442189,-2.1892125702622742,-2.2213355509477086,-2.2688059571197097,-2.2823209124190678,-2.3138700379189885,-2.3693559357555576,-2.4163305257963,-2.4515262984825603,-2.486410534412139,-2.5021337631306397,-2.5489681821645958,-2.5786457428597696,-2.5868198563503513,-2.648436277060761,-2.6872274736594206,-2.705049898260629,-2.7467683923528696,-2.752580440550867,-2.7821127359388744,-2.839748909124781,-2.8455354843066027,-2.8561220794662137,-2.880645821957359,-2.8941121222165807,-2.9208656701019695
