jsons/1312750800.json
{"header": {"parameterUnit": "m", "parameterNumber": 2, "dx": 0.1, "dy": 0.5, "parameterNumberName": "Eastward wave", "la1": 40.97354507446295, "la2": 16.46031188964855, "parameterCategory": 2, "lo2": 133.9931640625001, "nx": 191, "ny": 50, "refTime": "2011-08-05 8:00:00", "lo1": 114.97908020019554}, "data":
[rows 22 to 43 of 50, columns 49 to 97 of 191]
0,0,0,0,0,0,0,0,0,0,0,0,0,0,0,0,0,0,0,-0.4039216262780874,-0.1603050402472059,-0.22647343190564673,-0.20957793276484085,0.3022977556681239,-1.0705702901509877,-0.9675629104864396,-1.3109674962468487,-1.5714873063807495,-1.9606703347574301,-1.9694237453952292,-1.9980339095252024,-2.0585539339399506,-2.026405345304704,-1.9851608257115512,-1.8976047731695311,-1.8228227071100624,-1.6469759398463397,-1.4140783145816815,-1.2921836773804967,-1.1992409601302614,-1.0423840844205274,-0.9526911387370609,-0.8327355295289499,-0.7525020577016582,-0.5331787722455109,-0.7323625760025857,-0.855763403359155,1.1607709260465198,1.0703887989404814
0,0,0,0,0,0,0,0,0,0,0,0,0,0,0,0,-0.036255665415108114,0,0,0,0,-0.2654415725300181,-0.5679546307630148,-0.7647761769063881,-0.947200483256025,-1.1302184558344857,-1.440298125253291,-1.6930272700833549,-1.943457600587796,-2.0173798354022052,-2.044968819728387,-2.0004143456959445,-1.848947105726296,-1.7198049569107983,-1.4586023666114076,-1.3760052509543923,-1.2670951194439297,-1.1709886614796288,-1.0818698852708697,-1.0205309578465183,-0.8857428005932481,-0.7944563583438361,-0.7239646736861095,-0.6678337501682851,-0.5224979850653209,-0.4592420223838724,-0.3422139780777568,-0.07135260022981545,0.8567310918495524
0,0,0,0,0,0,0,0,0,0,0,0,0,0,0,0,0,0,0,-0.05773736357143141,-0.0706720396987752,-0.25622894100439353,-0.4372990394249014,-0.7673834153848149,-1.0816774961354212,-1.5339072829312714,-1.7819072259447657,-1.8971849757855352,-2.0066494738746283,-2.011236578136514,-1.9760896415627405,-1.8244297858711762,-1.681963830958725,-1.6214891896967054,-1.4836678661285665,-1.3982545579174905,-1.2866124778520291,-1.1111074891878538,-0.989952445304765,-0.8646725555906529,-0.7049686869370037,-0.6586374571951852,-0.571532947524201,-0.5486506597849411,-0.410131050963062,-0.35619809205045533,-0.5359341975175285,-1.4494187972877408,0.2003206122411472
0,0,0,0,0,0,0,0,0,0,0,0,0,0,0,0,3.3038944722661223e+38,-0.3832865166079823,0.03302180774505266,-0.07467352839767297,-0.3253893450097272,-0.8072895824742237,-1.0959364876068034,-1.4278915716395226,-1.6281436934169422,-1.8434996908441112,-1.9665604403612913,-2.010486732017338,-2.0062044629427427,-1.9313266013678825,-1.8581252482347532,-1.652448406787407,-1.4772283033789186,-1.3826665576609232,-1.257334747267228,-1.1579931922900122,-1.0833003842423232,-0.9601682506374729,-0.9151463397606244,-0.8222098640458129,-0.7305868291030635,-0.7070705580026948,-0.6287687859714406,-0.5504362278072359,-0.4530065862220219,-0.40114894158361164,-0.354627976801913,-0.21559577491189955,-0.6807780207647343
0,0,0,0,0,0,0,0,0,0.06646469505306533,0.19332287255611572,0.3031894745927937,0.3650992092863099,0.5106597416166879,0.5154100070743617,0.3116939074861445,0.15480141251911309,-0.052266133757837646,-0.5704561900855541,-0.8767262953188303,-1.1813403080296971,-1.4744066002079972,-1.6682961105598333,-1.7967666161668736,-1.8677817924044469,-1.9489292647187826,-1.9700420222281836,-1.967511371931347,-1.9183511545635956,-1.8044195726490893,-1.714024085823737,-1.5237100904195116,-1.353380202579627,-1.3346826995754741,-1.2323304751891877,-1.122477362841897,-0.9609939347000903,-0.7794222044629356,-0.7611063133448253,-0.6895262810870482,-0.6322987055522858,-0.5692456197030621,-0.5678834420472261,-0.524933076926702,-0.43393461153074864,-0.3922832230355942,-0.3602259625168019,-0.2849143062647995,-0.21704275843063192
0,0,0,0,0,0,0,0,0.19862932138239645,0.2330684382616951,0.2318205673156003,0.14857649072550538,-0.1328345971461426,-0.29098207888416455,-0.4616734353484192,-0.7759487333504036,-0.9220625701300847,-1.1446443895333298,-1.3731431582771245,-1.522766931728509,-1.6547354726171388,-1.7799040722705457,-1.8387722703055953,-1.8993002745057672,-1.9247461808639805,-1.9626933823083985,-1.968685692740397,-1.9463957351184313,-1.896837208175628,-1.8083801900088308,-1.7293427067571956,-1.5654984558244198,-1.47513430257604,-1.3994751481238106,-1.2253108743263328,-1.1324531048163153,-0.9734456555598215,-0.8285455455851636,-0.7600967910758661,-0.7201404757614724,-0.635254541889679,-0.5905303841975457,-0.568648607475563,-0.5142888586111735,-0.42235530762077894,-0.37261100944121517,-0.35033611517461016,-0.27658225209642856,-0.2671638100836605
0,0,0,-0.41266153847554493,0.2917844840208565,0.2647986949392793,0.19097999105919045,0.11208631458777123,-0.02867638486239852,-0.2972491348876397,-0.416478842708661,-0.5907027396008709,-0.8159245760040669,-0.9651779944845276,-1.0968892004363087,-1.2553644514757591,-1.3545204204626224,-1.4803989485179512,-1.6041220057151864,-1.6848834760351576,-1.7604514942054161,-1.8102789208383203,-1.8524228268907692,-1.894567581607348,-1.9135276879063712,-1.930896456101195,-1.9252656299786475,-1.9201699003587958,-1.835387333690932,-1.7361867753366194,-1.6784745097231693,-1.5592624718418084,-1.4834648945221816,-1.4256822855249245,-1.182227747063261,-1.1165139962990258,-1.0101823891348836,-0.9292663834470948,-0.888904315482933,-0.8635584531059647,-0.7786891502390932,-0.6987664599833073,-0.6330046960363623,-0.5689218542062038,-0.47781101134315096,-0.43299891830155424,-0.3938040051081981,-0.33408623454819214,-0.3167426548945903
0.07349986146498388,0.08314712866186999,-0.020988667246087854,-0.12331752830615143,-0.23723737445382215,-0.48678227865042556,-0.5615756976775116,-0.6801863127784046,-0.7965171215599437,-0.9589279976553936,-1.0960821060057193,-1.175811697088449,-1.2975817589681977,-1.3933658660499704,-1.4594406334004113,-1.5454201621769235,-1.5917874412673367,-1.6491163038130077,-1.7098211779773702,-1.7346571761422163,-1.7863792788337736,-1.8403183288669043,-1.8627272057267845,-1.8832005300412271,-1.8917961329655855,-1.9026721691711748,-1.900446686460804,-1.8859524046628495,-1.851700737221894,-1.7892212540563397,-1.7554120565742153,-1.6778508486005903,-1.6037185840622108,-1.5514735726177151,-1.3860697915529019,-1.2667657482523202,-1.1540391894991224,-1.0985222427048085,-1.0516415270692714,-1.0114813487820686,-0.9580941470398577,-0.9108908679797919,-0.7870182312099833,-0.7144791095774943,-0.5663672917212903,-0.47486185123298563,-0.4464605447018336,-0.34222612464684793,-0.3293387402246364
-0.3052215437993609,-0.4446355052895796,-0.6182942067712777,-0.6991329336175335,-0.8136486409222348,-0.9280166970943906,-1.002586894618321,-1.102469503843315,-1.1584563192393391,-1.2787564737625636,-1.3585657160312286,-1.4132132288010604,-1.493543804310773,-1.5515894220121818,-1.586498244665213,-1.6277710996644188,-1.656029646390089,-1.7035056123310381,-1.7361611509962591,-1.761488157584429,-1.7946564676045857,-1.824104881749581,-1.8500777256802419,-1.8951262416124146,-1.9177743528711633,-1.9300010860473218,-1.9343645907256686,-1.9197011080306001,-1.8878490596076367,-1.8489004717181274,-1.8235944771413013,-1.7732092416839147,-1.706568198732578,-1.652701236921409,-1.5423676105579254,-1.4847677465719646,-1.4337743174259603,-1.2833507819535932,-1.2289339541658741,-1.1895393854800609,-1.1130338990196196,-1.05141367204373,-0.9843968873988486,-0.8594174392264404,-0.7329708883137495,-0.6487073466342074,-0.5847551670217482,-0.48374864634622605,-0.4083135428074546
-0.6749912707885757,-0.8612349022042213,-0.9976750137114547,-1.0566515765671507,-1.133518614889946,-1.2199933012601964,-1.2741854305746507,-1.3397808093295172,-1.4037708825783366,-1.4580859412091711,-1.532165246567912,-1.559647850313539,-1.5920629270708655,-1.6151665495296537,-1.6316974178616082,-1.6484394142964403,-1.6674492853321274,-1.7195537319378047,-1.7549340156369777,-1.76811154506748,-1.819172233293338,-1.8515367074837534,-1.8813908306820737,-1.918655296413084,-1.9225761436246858,-1.9214404578957003,-1.9024289699116823,-1.8930165646112294,-1.872677550090794,-1.8587199316723295,-1.846150345785409,-1.8176996096600975,-1.8030478025061039,-1.7823653200016913,-1.7353440695850444,-1.6856087189554143,-1.5645224907082664,-1.4176618848972682,-1.3504565483038393,-1.2558565575866425,-1.1552524845708312,-1.0850070982139701,-1.0042845398651714,-0.9229119352837496,-0.8340417222344312,-0.7775508098006729,-0.6555686584849874,-0.529053150005994,-0.498175285039312
-1.1210614140184216,-1.1853223201484262,-1.2653553508086994,-1.3003241521694437,-1.3668466529191392,-1.408293530344462,-1.4560717807215493,-1.4941509050747483,-1.5322730201507044,-1.5576667720669999,-1.4924319269911592,-1.4216415408307612,0,0,0,0,0,0,0,0,0,-1.4557273032444316,-1.7107081720873518,-1.8410506539178382,-1.8665093362223122,-1.8943723352903112,-1.8969739833323365,-1.9069237196213784,-1.9113131864664614,-1.9297588466613476,-1.932761294117508,-1.9402785666178413,-1.949592352108264,-1.8941552514281341,-1.7990505729450863,-1.7339580851959457,-1.6118789598160226,-1.5209002922481034,-1.4793913190145738,-1.4103338418045535,-1.3044406854568114,-1.2447886075587442,-1.187193928884499,-1.1978440071324086,-1.1834372007895324,-1.0841225907539622,-0.9519874290553305,-0.7779138869549962,-0.7319936723955413
-1.3000442969943637,-1.3168342376990254,-1.3709750210217428,-1.3942455596497545,-1.3722922968956868,-1.335330447010465,-1.2566564169936456,-1.077037883818559,0,0,0,0,0,0,0,0,0,0,0,0,-1.197027945175957,-1.5147090379111914,-1.685781845997084,-1.8032550384838355,-1.832119885327394,-1.884261315044235,-1.909834889003443,-1.9272258069463402,-1.9506544180490104,-1.9736981468484451,-1.9786059328956827,-1.9742118656234744,-1.9711977758873491,-1.9390226131311479,-1.891189162785972,-1.8320150887773263,-1.7541593448342157,-1.64576487350837,-1.635967696043511,-1.552480628476811,-1.5850583806922438,-1.5448106374166155,-1.4999952235628196,-1.1919182002262305,-0.5466916169634859,-1.4937949769374543,-1.473452204435269,-1.2122102179942122,-1.0892368652459037
-1.2361610598064503,-1.2059506171548902,-1.0879931778199121,-0.9877761196007441,-0.8587935160446802,0,0,0,0,0,0,0,0,0,0,0,0,0,-0.9304486710782311,-1.1854419114397485,-1.470044360387984,-1.6621896623126469,-1.7239650475336414,-1.8001980953161598,-1.8376593587293886,-1.8750663036631237,-1.914568020342279,-1.9387656798151367,-1.9459498697760123,-1.9736640853939158,-1.9821905464883982,-1.9783688232202998,-1.967286218717295,-1.9328159970728795,-1.8683611551843757,-1.8244489767309717,-1.692542912979426,-1.4158221142627385,-1.124942703663855,-0.9100129725690196,-0.8916887906324359,-1.0933351332484909,-0.9666922681694615,-0.8100357014438554,-0.7705877386391385,-0.9208344875922491,-1.1203481457648476,-1.24687821112871,-1.2843390352568673
-0.9628464527536519,-0.7201717640019026,-0.4376103556925058,0,0,0,0,0,0,0,0,0,0,0,0,0,0,-1.0784132168202014,-1.3234442470095653,-1.471908182410926,-1.6196844652530211,-1.723073051112294,-1.7720136752476723,-1.8165576809550803,-1.8511662415195285,-1.880771488276913,-1.9265083292678076,-1.9478981352044538,-1.9468062583392127,-1.9646033747101512,-1.9789696710435418,-1.9770220638465208,-1.964022733303398,-1.9308004502865437,-1.8334417769288793,-1.7861083591697255,-1.6856204854410142,-1.5481982518964026,-1.4505680592738206,-1.3126376824655017,-1.2423427893997698,-1.2108974018453313,-1.1537026122223584,-1.1393135125189884,-1.126374434370552,-1.1489166863591338,-1.1880185868802497,-1.2516744428003854,-1.2794467933670117
-0.675340194036371,-0.5724219323263793,-0.22903968418403747,0,0,0,0,0,0,0,0,0,0,0,0,-1.0315734039453723,-1.1941401682967074,-1.3734500754765095,-1.5305110230227557,-1.6191577999775675,-1.707844543710473,-1.7756999326737115,-1.803118069257189,-1.851663209888431,-1.877736144325497,-1.892879900973619,-1.9307909035189628,-1.9476318849375245,-1.9572115529015663,-1.977342747946187,-1.9859125210778712,-1.966150396130515,-1.9353045949034546,-1.904666384006513,-1.8015230717859252,-1.7602145866750099,-1.676681141768231,-1.611113744144792,-1.5712465362209354,-1.5051628362607874,-1.4329430405397057,-1.3965346005489099,-1.3369946222340017,-1.3206369860270253,-1.2902560218519086,-1.2794885979234645,-1.2704123246125383,-1.2491987788230055,-1.2527178591297237
-0.5096055814052095,-0.4286683887815292,-0.26702449016818497,-0.3222687388136816,-0.5420321155934376,-0.4772314579250516,0,0,0,0,0,-0.9979669280874389,-0.8889465592963006,-1.1098235674436687,-1.248251378023579,-1.397819382807935,-1.4896053977687502,-1.5907288727396016,-1.6630258270399216,-1.7021759602837674,-1.7680135805949893,-1.8143571480262837,-1.8431604532009485,-1.8908782061523766,-1.9043110388692244,-1.930281304630891,-1.9384687182053957,-1.9422042574948926,-1.9437357438278353,-1.941898140754352,-1.9324265029634504,-1.9019776913529352,-1.8611331425456588,-1.8234063778218537,-1.7349581461143297,-1.7182503525776984,-1.668116590020309,-1.6281509016935642,-1.6089849331719677,-1.5935216017396063,-1.5456475561768535,-1.5074640993317951,-1.446905441924649,-1.4300233580289186,-1.3894894697958082,-1.3633672546521838,-1.3508438195997738,-1.3199590392297076,-1.3153595557275144
-0.5400177407140628,-0.5814746427655838,-0.1685631221452199,0.5898868315162004,0.5172553603538816,0.5168828722720588,0.5783192591533557,0.6037142863978641,0.7313971737949528,0,-1.0368589321269321,-1.1973502981640622,-1.3477046137094941,-1.487300972195441,-1.5640415258833469,-1.6668348316018267,-1.7164591898265402,-1.7479603424963799,-1.767089540931503,-1.7921429090644572,-1.8330797846281945,-1.8590555723979096,-1.8793195764013173,-1.9217895842088721,-1.9402503312568216,-1.9307462234558581,-1.9298708035379175,-1.9210435822775591,-1.9049419521284883,-1.8832763263434666,-1.869444705941923,-1.8235331128149768,-1.7835608074875922,-1.7635216647852823,-1.7246386695484726,-1.709289686598402,-1.6790128347893598,-1.6411692349946805,-1.6256100291262026,-1.6121603114928977,-1.566822006852591,-1.545721692015574,-1.5075999528737287,-1.464021281423551,-1.462038803727623,-1.4586212384686845,-1.4495270533236666,-1.3957528294359942,-1.3717536370129289
-0.6780527652010865,-0.8133991842639929,-0.7870483618090086,-0.8070902575380274,-0.9678823796992406,-1.0090148215454346,-1.1812010316332746,-1.3122016774421026,-1.396012744745374,-1.473984781518966,-1.55781885059948,-1.5945914677405248,-1.6605266559832732,-1.715232744738038,-1.741490769699575,-1.7771660532545228,-1.805971370259268,-1.8228203696008463,-1.8347611991000823,-1.8537339683970235,-1.8795331638903594,-1.8943712223282871,-1.8965583655512002,-1.89941837452569,-1.8948242606563748,-1.8737701865219085,-1.8697915621088657,-1.8632194777347393,-1.819807650940314,-1.8061502838331718,-1.7939059001414164,-1.7694261378906269,-1.74622254275011,-1.7386437841385347,-1.7186837174008402,-1.6964495004348548,-1.6775425105850876,-1.6448536223451846,-1.6270172578442044,-1.6148602775271146,-1.5987290005963668,-1.5754992921324371,-1.5535789043542465,-1.53692620300547,-1.4968022598474078,-1.4885788842273342,-1.4800430751901525,-1.4446512571616938,-1.4080849835159106
-1.061271695982854,-1.168519325869568,-1.2115191077913257,-1.251508075343844,-1.4076446628786479,-1.4396169714595848,-1.4797114777953222,-1.5752380250389817,-1.5840054417486198,-1.6268606447218652,-1.6576397352059773,-1.68969021843587,-1.7250434953073412,-1.7633848029733958,-1.7806673305760197,-1.80496513452702,-1.8131694425038436,-1.829302761984256,-1.8478614226570065,-1.8524445219339198,-1.868381328500598,-1.8705532365209387,-1.8707515767876466,-1.8747326903123196,-1.8745818622183879,-1.8628125424256752,-1.854135735848036,-1.8431078624993225,-1.8120734503920215,-1.7815611391701585,-1.7717927893003977,-1.7462013473261306,-1.7331078479713606,-1.719271301181669,-1.695802956937699,-1.6829723133126888,-1.6628149356139714,-1.6372941113977975,-1.6172098631284133,-1.6062225321814654,-1.5727359351462087,-1.5592796609258326,-1.5621439031528273,-1.5499207355711693,-1.5316687700047082,-1.543593841275637,-1.5533666591110349,-1.5117910418872607,-1.4884325767347404
-1.2941308901638233,-1.3699372228345932,-1.4367367062993197,-1.4509364084953262,-1.5263969760326177,-1.5676983304532206,-1.5866025268505186,-1.615082351550885,-1.6406842883742625,-1.6615217288218918,-1.6916075232078516,-1.7003424627698425,-1.7318842757745438,-1.7537076447807343,-1.7682624167459078,-1.7846083425567194,-1.791858846403059,-1.8082406132582036,-1.8159883759773838,-1.8255640012593344,-1.826639168466661,-1.8235560654936938,-1.8238602543635396,-1.821147840191432,-1.8204238656263159,-1.8117380785051798,-1.8109121290012211,-1.801969607324134,-1.7829664172814284,-1.7686187123049477,-1.746726101041048,-1.7293418004339427,-1.7103244972305343,-1.6992690763490732,-1.6917033898808123,-1.6739888230352615,-1.6689975872482379,-1.6585632019495415,-1.6429632060319952,-1.6310335459628196,-1.607481953118357,-1.5996846823256012,-1.5884505581709905,-1.578882735458583,-1.5641058010988123,-1.567090096844409,-1.5624509222187903,-1.5361481812201048,-1.5227360974072142
-1.4497092954152069,-1.4881174756518751,-1.5297920167709051,-1.5499982958076526,-1.5819553652687188,-1.6025524565094575,-1.6180045303491033,-1.6235102121162759,-1.6361838666809976,-1.6590416177382796,-1.6596706337020817,-1.6850579899947484,-1.7154376405833247,-1.7248675790801644,-1.7346705934871733,-1.7484236823276713,-1.755583908364489,-1.75023030019233,-1.749991820292846,-1.7501771396319044,-1.7665044001077865,-1.7705565637514962,-1.7705115935242282,-1.781983110864388,-1.7853043824435744,-1.771654869993704,-1.7624946580513103,-1.758852958497292,-1.7448477606231239,-1.7396357473681723,-1.7288212929055442,-1.713067002134478,-1.7108380943184913,-1.7046090384158012,-1.6910930006562912,-1.687570487029561,-1.6934857760839355,-1.6766900571599104,-1.6657175610215076,-1.6568250611842195,-1.6457840816437526,-1.6317535460805168,-1.627006504080063,-1.6151682995267433,-1.6019723945561088,-1.6018848373598344,-1.5937098468649127,-1.5769414022236368,-1.564980703992419
-1.4927859018756093,-1.5253391035973056,-1.5477342161726935,-1.560682866032795,-1.5784215469288356,-1.5982357668319738,-1.6105553745849541,-1.619503480639427,-1.624607405155613,-1.6482336407699283,-1.667094584738552,-1.6687443219204354,-1.6836163298071034,-1.682449490402776,-1.6834908777123847,-1.698233860216293,-1.7014139732237457,-1.7015827571002027,-1.7071105827549642,-1.7100122038264938,-1.7127913424776129,-1.717037913114621,-1.7119513235843349,-1.7186850336945958,-1.7249876529971235,-1.725205888463369,-1.7288229014078507,-1.7288607544720724,-1.7211636624562663,-1.7164494303497757,-1.718128856875119,-1.7111415727513295,-1.7151136043495752,-1.7149166169257883,-1.7044916984622724,-1.7031752290877633,-1.6993171717984172,-1.6814180314858391,-1.6786995242980043,-1.6736401237702916,-1.6530187320109786,-1.649003683148352,-1.6490957223304528,-1.6499157246813811,-1.6308279010897015,-1.6367928556454978,-1.6232695218200057,-1.5789526551351352,-1.5667081712979571
