jsons/1312909200.json
{"header": {"parameterUnit": "m", "parameterNumber": 3, "dx": 0.1, "dy": 0.5, "parameterNumberName": "Northward wave", "la1": 40.97354507446295, "la2": 16.46031188964855, "parameterCategory": 2, "lo2": 133.9931640625001, "nx": 191, "ny": 50, "refTime": "2011-08-05 8:00:00", "lo1": 114.97908020019554}, "data":
[rows 0 to 21 of 50, columns 49 to 97 of 191]
0,0,0,0,0,0,0,0,0,0,0,0,0,0,0,0,0,0,0,0,0,0,0,0,0,0,0,0,0,0,0,0,0,0,0,0,0,0,0,0,0,0,0,0,0,0,0,0,0
0,0,0,0,0,0,0,0,0.004881408041566372,0.030504878182342602,0.03957257614885248,0.05001862355265375,0.06431509769602575,0.07166276736113666,0.0746321092471638,0.05874317166077918,0.034365584532080946,-0.05455798848807606,0.021153327031043268,0.04549907382098608,0.04541197697413857,0.08386480465607157,0.020720807790521358,0.0893312830700966,0,0,0,0,0,0,0,0,0,0,0,0,0,0,0,0,0,0,0,0,0,0,0,0,0
0.033625490073828576,-0.050345588736641786,-0.024785877401309026,-0.014411910945084662,-0.0023876975602354373,0.03906956347524989,0.06051269717017343,0.08917001607063696,0.09625103123438893,0.11766849425083924,0.11890985591486448,0.11926366320297754,0.11383035599404476,0.104231072568238,-0.03935700034204835,0.0899193958411427,0.12607642557793253,0.11306574037729236,0.11958975644153105,0.1027975532981802,0,0,0,0,0,0,0,0,0,0,0,0,0,0,0,0,0,0,0,0,0,0,0,0,0,0,0,0,0
-0.1619532025362796,-0.1357639539747918,-0.05160210906762852,-0.008255067420074902,0.03189861395752473,0.12356644744675394,0.14407096503530173,0.1563061121576533,0.16702762016416153,0.17648573486556468,0.1772494616056149,0.1646523042593727,0.10448228322905055,-0.08030805820652566,0.14768055407736644,-0.0722678896930286,-0.11646264771542154,0.023435225946761434,0,0,0,0,0,0,0,0,2.7326324208986684e+38,-0.23666298129798724,-0.25407532246854186,-0.26465850727127505,-0.2608912756930673,-0.2652287296909047,-0.2637915985246846,-0.26709789118168537,-0.2689705357588397,-0.26090404893188013,-0.2671704349694366,-0.2756762689276406,-0.2599877295511579,-0.21400160535576118,-0.13525509795872512,-0.08896032019587966,-0.08116576842059185,-0.05375851087570464,-0.025690192496175917,-0.007291930623946398,0.007023774790679989,0.03624506209753278,0.056187870344616433
-0.33453229886397684,-0.3330797386794503,-0.32181264569500645,-0.31346375454472936,-0.3109701351021636,-0.24834817896157807,-0.22211429387395648,-0.17798272789858688,-0.10669680625221882,0.05292303639162019,0.08858602622541374,0.22840613653456468,0.03837454962630668,-0.1534284196742826,0.07261804609740082,0.0009389400731460129,-0.01994600624765498,-0.23082776925443815,-0.20031096329284329,-0.19880759230137526,0.07832151419131128,-0.3352785596643396,-0.3447346683443636,-0.3440154274421173,-0.3406641254431224,-0.33154926221266356,-0.3252442591396726,-0.32933290679690264,-0.31569126472807946,-0.31031342556151004,-0.3062935517620486,-0.2905967536658888,-0.2986253410708921,-0.3135884983894158,-0.3166700897822902,-0.3339518840769747,-0.35455111541813966,-0.36665257949749586,-0.35466007571391456,-0.31210047883739495,-0.20048831745758103,-0.13031066557811705,-0.0953190369181171,-0.07532911530251846,-0.041384140094964515,3.852640259574753e-06,0.020044423358853453,0.09010391231908003,0.12504232815594496
-0.3660220819198806,-0.3700822614496802,-0.37339401637191055,-0.3811584980807789,-0.38070516886327294,-0.3860821427308986,-0.3846473007436403,-0.3875583255875498,-0.37845383265434146,-0.3867552876967267,-0.38623203062684586,-0.3802368322445739,-0.3750929626255498,-0.3644325384045848,-0.34162069819930546,-0.3327686561852544,-0.3091460041178925,-0.2910940381429376,-0.23572329343971216,-0.2497265852348084,-0.2191028937298981,-0.14579387201774638,-0.11340828750844224,-0.10026990981714627,-0.10130026654260346,-0.08066847737604864,-0.13499034236946875,-0.14048183606274708,-0.10986631809465498,-0.1423752116017097,-0.1390948242228449,-0.14336768191754298,-0.16622581342726764,-0.20243960749523993,-0.26367636524655774,-0.33882999026400973,-0.37624502211796107,-0.37332424661056235,-0.3200096007133989,-0.23235437394966577,-0.11001690951806285,-0.0700227824374119,-0.03785899334318842,-0.009965001061588022,0.04418444721437002,0.06770713958432316,0.09985688475901472,0.11666804990724018,0.15573505697968912
-0.25378142626546146,-0.24793062418729944,-0.23366929576878545,-0.22573845538875545,-0.2118137094465131,-0.21550695188182034,-0.20879708867647143,-0.22771973220354488,-0.24206942529427147,-0.2530666616275604,-0.25303370097863465,-0.23594691386885608,-0.23204318180610148,-0.2179535420153331,-0.2079180207475185,-0.16919755356319105,-0.15296266459106442,-0.13487288916596127,-0.08962937668732479,-0.0834940950625356,-0.08031341625659642,-0.06948893156412124,-0.06321276149637547,-0.06105913448575825,-0.041951045518769686,-0.04637360832516555,-0.04866917158951678,-0.036538001237796484,-0.024816014454186703,-0.01854170545486177,-0.014441725728609628,0.005682960608271238,0.013101100316616664,0.04761165959738496,-0.08644428119510551,-0.33290831071871735,-0.16881372880375592,0.11960310973710667,0.15568612249118616,0.16483757785187436,0.1310996658076632,0.13001147262232232,0.1325882616979631,0.1306948255803026,0.1345532101886861,0.1431946386438764,0.14849145241663228,0.14774732881024052,0.1659237802834172
-0.029002143979390705,0.05354928497348826,-6.641174574470596e+37,0,0,0,0,0,0,0,0,0,0,0,0,0,0,-0.1348683087426173,-0.05759425820841407,-0.032953030282339216,-4.0607978162310205e+37,0,0,0,-0.1262842921490002,-0.09472952081643966,-0.14987295542445517,-0.19430173683408059,-0.15443246625674276,-0.11120483207032626,-0.0630529161471763,0.02333790002293597,0.10591014785947253,0.17115617056819973,0.2179412938506476,0.35208726582874594,-0.021845115815636244,0.1138801211308744,0.24694048789129056,0.26150516911633015,0.19632564761641513,0.16361408307611575,0.16590764453203266,0.1622668662090441,0.1641267037146457,0.16856918761023584,0.16253630164099536,0.1675444593140117,0.17732106758270755
0,0,0,0,0,0,0,0,0,0,0,0,0,0,0,0,0,0,0,0,0,0,5.048760718398267e+37,5.080161242686841e+37,0,0,0,-0.39837280428144045,-0.33619830547704427,-0.2630244138335206,-0.16268961600496645,0.057970331852442374,0.14774408328378444,0.24460460855538632,0.15327665348123237,-0.4185507812091934,0.02592956008816923,0.3563886353663059,0.32947952797228097,0.2830555724572894,0.26451314195744735,0.2519362452698102,0.26308205064798845,0.2463693458138973,0.24424766546213325,0.2386112615993902,0.24218221061396533,0.2412453553626971,0.25814319477479475
0,0,0,0,0,0,0,0,0,0.04241629462884697,-0.15596570035951324,-0.15620725612033054,-0.1677907041444402,-0.20545323627568535,-0.19903106156535527,-0.2203851852910242,-0.2361700503338506,-0.2905766403512825,-0.2868256387318713,-0.30968510041964525,-0.34598673095301574,-0.36947004183397286,-0.3918439473285747,-0.40742863559821857,-0.3981303518280951,-0.3464385862084656,-0.28615014831274715,-0.2483367857542375,-0.18241796968319032,-0.11159013066059736,-0.06296689953244615,0.1733779467433812,0.1759397794838849,0.06711866541816144,0.05120392801965655,0.2892710833355301,0.34767555549611356,0.31828890191259024,0.25745706743699887,0.2473766022557459,0.2189867343932702,0.20732136118947336,0.21289847336710227,0.21641863224083252,0.22910760871873123,0.23800664792635629,0.24755430322345634,0.26040538803639707,0.2806357326194905
0,0,0,-0.17785914517787288,-0.19921959528207628,-0.2157704890867716,-0.24292667413013577,-0.2818514844592363,-0.3026304500078006,-0.3112301966576717,-0.33664104236053144,-0.35506138513405683,-0.36312348909573366,-0.38320717139338445,-0.37413802692703196,-0.36992451999882814,-0.3547207780106309,-0.35718996045652834,-0.33687355482934633,-0.33002923454243704,-0.32908519286257226,-0.3158250494964334,-0.3416909797849384,-0.26614885017772544,-0.21158078043268905,-0.11430639745439404,-0.07972022397995628,-0.034071405497537746,0.1821345988485185,0.2378834286104552,0.26926936422611125,0.00928625371420557,0.017983900289376017,0.3314780530494262,0.49423259707297684,0.4541317571620483,0.3940050453777862,0.3547045645744629,0.3340370020085624,0.31431833973545054,0.2820575730539952,0.2746900157788473,0.27141784787358403,0.26536320092413274,0.2710952836670804,0.27180382885598386,0.27509434126501137,0.28550008230652657,0.29721291061220867
-0.3038034912035571,-0.3239570679612446,-0.3285639973254329,-0.33649407827945876,-0.3466224593809787,-0.34849750971892934,-0.34627963769182185,-0.3563973312378865,-0.3587261520487097,-0.3377472618790466,-0.3369425658925571,-0.3365305572382872,-0.3146067756963851,-0.30832798577495163,-0.3005645881628521,-0.25552406932414196,-0.25579102514258406,-0.2597973675685984,-0.23293279229224592,-0.19947511759878014,-0.1847484873554871,-0.13307072203470366,-0.12562569728405887,-0.0710902444470353,-0.05307257945892441,0.029452837053778335,0.08609844586192779,0.1606196454918285,0.36288626701287136,0.3696192809251423,0.46657881510105415,-0.11588860416072977,0.007915645916304606,0.36731959318777246,0.42909885419407756,0.375553531916434,0.36349808663397626,0.3348851723273994,0.2767054581803524,0.2767416620865811,0.23455823097152553,0.2237357446911814,0.23724777662979687,0.23261436450008013,0.223696746414569,0.23531974576822345,0.25396315605769165,0.2928145273882505,0.31701226816145983
-0.29264068686917855,-0.29203344927100644,-0.2840872298105803,-0.27584266040371586,-0.2832942819554186,-0.27528983404960805,-0.26759078576942763,-0.2596961049581759,-0.2586371385667407,-0.25137956984616966,-0.2538746795924445,-0.24888897764783796,-0.22831149203765247,-0.23467814495954645,-0.23953010655658588,-0.21170220261022962,-0.21471703776807954,-0.2224010467986077,-0.2040513219426447,-0.15743536635650604,-0.1366544611865283,-0.08274974273266944,-0.05755866398756927,-0.016606564140914146,0.050945995980576496,0.07801660635204836,0.14717472864900108,0.18743999604380313,0.3277726225106804,0.4030388282701956,0.3398989909125306,0.12051290370372368,0.3713913278356259,0.45628266853538474,0.4234516366719236,0.3840482098398984,0.358195004819325,0.3455873365085701,0.3467466348463803,0.319679015426649,0.2503275648578358,0.2331842221539467,0.23429247326694433,0.23772492875521645,0.21636381598371715,0.21669699738410442,0.2244829698335279,0.24844402992558648,0.2701332473960574
0.06486933921568903,-0.18469602336569352,-0.2054578786112412,-0.2189800731594973,-0.23236417169146548,-0.22411687428761057,-0.21575521083629715,-0.22223185418887967,-0.22325666401875063,-0.21304393853910802,-0.2143263901975576,-0.21794253034199304,-0.21839857827294273,-0.22247342933141664,-0.2218530374027345,-0.21491139269515458,-0.21551749745345322,-0.2150926123466503,-0.2053628548380596,-0.19794895776919152,-0.18844000577737605,-0.17290139921619802,-0.09390703826464016,-0.0649545782017503,-0.04207265526356562,-0.005600912769913233,0.016128732142658517,0.11375945396051199,0.10892401498791662,0.196673907241808,0.24289876809559452,0.252980275146092,0.4061685620033464,-0.014726106938216814,0.1245139481867032,0.5174710362437932,0.3620291397623206,0.27562041980305557,0.25821028401444535,0.247662143472231,0.24654742850277217,0.21999326175482273,0.2183951759410278,0.228906350107697,0.24733492214927044,0.2310174691932387,0.22859673709465128,0.22977001503872393,0.23571795547735386
0,0,0,0,0,0,-0.23759112386432366,-0.2517043431182769,-0.24476083976587307,-0.23091343697990735,-0.22695455355124375,-0.22008731623066247,-0.21374616718713751,-0.22179335166816141,-0.2247146674528206,-0.22662713097666645,-0.22405856356626766,-0.23455091728775423,-0.2314727198484977,-0.22348759655300052,-0.21121169424824937,-0.20170285182028483,-0.16545846658555832,-0.14099140060680238,-0.12251518688392708,-0.12310493361273407,-0.1297797427571658,-0.11669244056309598,-0.11933004254811369,-0.09868024273478358,-0.07560830565872392,0.018484311680920674,0.06890769660981909,0.20966779639954583,-0.26247807048714006,0.38571581660693594,0.3808943990991163,0.34982045780368165,0.2252157685639149,0.11268477926115021,0.164794502810816,0.14990141377374583,0.1603426395652574,0.17966382413731724,0.1577919059883534,0.1671105768015394,0.16759527301194269,0.16498728423986045,0.17554798999268745
0,0,0,0,0,0,0,0,-0.23600049568664772,-0.2113240379533388,-0.20060890517904612,-0.19461878848782993,-0.21777579099801977,-0.23144111241576087,-0.2488608941929248,-0.260611349539144,-0.2576160157140723,-0.2538625931430157,-0.24046348921874477,-0.23718038218278067,-0.25175286681845316,-0.24743148077927918,-0.2459151738319107,-0.24640155225620194,-0.25264199733012194,-0.23436956848047688,-0.22160942267957304,-0.22093896426734705,-0.21321363291442164,-0.20853356739695328,-0.22836462754696632,-0.250663727180969,-0.23359875597281926,-0.21104181957287957,-0.1784932881602407,-0.16156187767675595,-0.3025913750447457,0.09216546419249602,0.1800398635571591,0.2193203176206043,0.19507623199115146,0.18640354156653238,0.14890157641074742,0.17596646466457241,0.1908898914981507,0.2063091348002645,0.23461400449139225,0.2225310417688477,0.2148882629631485
0,0,0,0,0,0,0,0,0,0,0,0,-0.06837380683642956,-0.1267861781380757,-0.20917569379013337,-0.24367138697887233,-0.26007854416467796,-0.2775892883105911,-0.2639384766480143,-0.27280622858509695,-0.2842476814382145,-0.28976116876163066,-0.29271033876497843,-0.3044739243811224,-0.3201500960534921,-0.3455249784937973,-0.3555868255598991,-0.36494475892496575,-0.36065469073637507,-0.38068019868346803,-0.3740547902165931,-0.4141762489917401,-0.4272394666566006,-0.4493670090490503,-0.49694466590926756,-0.5095212276169248,-0.5899804620164693,-0.5732260021533757,-0.5629026142031192,-0.4640326774964598,-0.14729952819311226,0.014052398297251608,0.11121508745793396,0.22207748602166358,0.22581009614467404,0.24231436330786685,0.24980199385065202,0.29015241562439154,0.3073105183853406
0,0,0,0,0,0,0,0,0,0,0,0,0,0,-0.057238846130185615,-0.23570928489146822,-0.2553355031426844,-0.2958300011335866,-0.3024079681232419,-0.31641635759615927,-0.32885658701553105,-0.33987161615913397,-0.3575299388532125,-0.3758659420122511,-0.3873553800889209,-0.40501786773496296,-0.43279275565794245,-0.45428437337156047,-0.468986998475562,-0.4825248548031807,-0.4921343065670631,-0.5109696432459244,-0.5152492146764286,-0.513904280443359,-0.5491535138600668,-0.5617203732993794,-0.5779412005812263,-0.5716358645056883,-0.558845571647766,-0.5670487844820162,-0.5062231450259221,-0.46950530969307464,-0.47376349888496283,-0.411249936296371,-0.2279464572847455,-0.16945333459931688,-0.09576080316327283,-0.019137650903049863,0.037223183113700445
0,0,0,0,0,7.842827613477558e-05,0,0,0,-0.008081821524815876,0,0,0,0,0,0,0,0,0,0,-0.31618544981395885,-0.33300411901908106,-0.36090260138420494,-0.3920835187641712,-0.41392669709127183,-0.4329271367257113,-0.464104239350567,-0.481378096297467,-0.49723341067945037,-0.5162256294916002,-0.5256587471173937,-0.5378507980974587,-0.5523370989624652,-0.5606562142620838,-0.5686715634380938,-0.5747312235984431,-0.5803769955949202,-0.5721410570500338,-0.5791732492785757,-0.5701125024300356,-0.5348609152509303,-0.4926003309373975,-0.46037178117147143,-0.4468056572936149,-0.3179190079234151,-0.2729518343581919,-0.21234672042217798,-0.1346403168040122,-0.10886838969532994
0,0,0,0,0,0,0,0,0,0,0,0,0,0,0,0,2.8879427930759824e+38,-0.01841992592426261,-0.049234790644269964,-0.05394951645842128,-0.07492122570527827,-0.11140970911673004,-0.16956212790749745,-0.31247846693213094,-0.3785211456574843,-0.4266232371705793,-0.47506018009131223,-0.49354715409499855,-0.5085395291983076,-0.5334038700894345,-0.5416329501548053,-0.5454722319814339,-0.5583931334035995,-0.5631835197048459,-0.5632090692245133,-0.5586835725150001,-0.5685601841782705,-0.546872059498433,-0.5361602097204986,-0.5342224616404657,-0.5000480861527726,-0.5063379075256514,-0.48310674812774324,-0.4470477756958109,-0.34908917388697025,-0.3058843762046929,-0.2715286830758472,-0.18687624116267992,-0.16133002807685826
0,0,0,0,0,0,0,0,0,0,0,0,0,0,0,0,0,0,0,0,0,-0.14878471986150058,-0.23626046434179707,-0.3495398167226977,-0.3785932987621812,-0.3993195656125337,-0.45100512566053647,-0.4894711918856163,-0.5135128898244699,-0.528431888116661,-0.5361549914076965,-0.5474100284925323,-0.5613210000234656,-0.5661210362528608,-0.5622140434585488,-0.5504746441553494,-0.5477057765891075,-0.5206597640316701,-0.5198763813242242,-0.5268253599725646,-0.5312742102734744,-0.5036774302737496,-0.5007601958399038,-0.47287322654912695,-0.422550574892429,-0.41772497379176293,-0.4152659330365604,-0.2952017112644239,-0.3056994335297135
0,0,0,0,0,0,0,0,0,0,0,-0.11516432228440061,-0.13188469935860633,-0.1524732533606762,-0.16915681699924684,-0.18794537268026737,-0.20322695108050895,-0.23208999142960215,-0.24420945082154244,-0.25689105244965865,-0.28256142011521007,-0.29644151794087187,-0.3130812987777952,-0.3130433966828671,0.14268548406111897,-0.2614747965428906,-0.4868444349164985,-0.5030288315129221,-0.5067464778812547,-0.526605542930911,-0.5436031568779053,-0.5515537076264925,-0.5601380724403331,-0.5613060883570664,-0.5564685796061565,-0.5385223108977591,-0.5327358763504549,-0.5123105910452556,-0.4922256839137502,-0.47482877369538407,-0.47809994782075244,-0.47774883015021263,-0.47393452180717477,-0.4427504572103025,-0.41159291892060856,-0.39417966032420515,-0.3806323168024513,-0.35252071959491754,-0.31401722049559094
