jsons/1312538400.json
{"header": {"parameterUnit": "m", "parameterNumber": 3, "dx": 0.1, "dy": 0.5, "parameterNumberName": "Northward wave", "la1": 40.97354507446295, "la2": 16.46031188964855, "parameterCategory": 2, "lo2": 133.9931640625001, "nx": 191, "ny": 50, "refTime": "2011-08-05 8:00:00", "lo1": 114.97908020019554}, "data":
[rows 22 to 43 of 50, columns 50 to 99 of 191]
0,0,0,0,0,0,0,0,0,0,0,0,0,0,0,0,0,0,0.10249337761308762,-0.09734517854954909,-0.2102526371095603,-0.13965458718520274,-0.08928440370339293,-0.3536703802500003,-0.7662523032373132,-0.8570944331876382,-0.9044517223213847,-0.9759500893785832,-1.064730407960145,-1.1051271378508103,-1.146040609354731,-1.2006910303416465,-1.224493915843811,-1.241770312578812,-1.254845368240276,-1.2918542232307604,-1.319988582845549,-1.3466944746405913,-1.3922586540470128,-1.4371935794367663,-1.4596851260515986,-1.5189832590718517,-1.5440036259617123,-1.5769185711054068,-1.6143333278253393,-1.6439731001504603,-1.6717981908875488,-1.7166128057231311,-1.7351447913536158,-1.762125800851667
0,0,0,0,0,0,0,0,0,0,0,0,0,0,0,-0.11667890546601983,0,0,0,0,-0.30771532664405005,-0.5232000332187974,-0.7362680690004755,-0.8350692821317522,-0.8875866484499391,-0.9945882956163317,-1.0449545036243244,-1.0780955027737567,-1.1423997060229218,-1.1766518965394612,-1.2155064222034109,-1.2789190364905698,-1.309513491073169,-1.354924293767731,-1.4162472356481657,-1.517147531674945,-1.5597816960034627,-1.5873423383084273,-1.6506414891199694,-1.67576878997719,-1.6995036787478366,-1.7672552183559709,-1.8029665757247062,-1.8430349290663706,-1.9071847505005923,-1.9439385035587267,-1.990291643478523,-2.0670211306284365,-2.109023549008278,-2.165012550750442
0,0,0,0,0,0,0,0,0,0,0,0,0,0,0,0,0,0,-0.4586468445049039,-0.6745482975606648,-0.8228499635438489,-0.9286446037323705,-1.094937438298327,-1.1422679025917686,-1.178984621902449,-1.2356635636888953,-1.2433809200490542,-1.2650118833086796,-1.3149095000840278,-1.3438073022513441,-1.3690197953209935,-1.4487324904056678,-1.4907209944756818,-1.5495662737113822,-1.6004672456021598,-1.6815878964757818,-1.7044941079336098,-1.7333548758659065,-1.7915297705961186,-1.831855978549988,-1.863774085235009,-1.9757781559382253,-2.0417060965915077,-2.118159890245572,-2.245309526496281,-2.285969355426131,-2.368537847390405,-2.437829600219946,-2.486506074477221,-2.587155296791594
0,0,0,0,0,0,0,0,0,0,0,0,0,0,0,-8.1454825486999445e+37,0.12476818507445714,-0.6555185783033105,-0.8873700843229531,-1.1348056683292853,-1.2042326194837558,-1.2623211448708542,-1.3467626177150636,-1.3824633291185633,-1.387868249053349,-1.4471121911823295,-1.4681816738518105,-1.55240228775824,-1.6104372209861182,-1.628424060712687,-1.6716985939680327,-1.744207574457882,-1.8007299422493328,-1.8438485105556037,-1.8785961505397815,-1.9726802895835234,-2.025904928689666,-2.0696946310697566,-2.1857051287422964,-2.26180666976404,-2.306460812920842,-2.406070617104846,-2.4564616525007366,-2.5131767718711573,-2.608510135475581,-2.6646018957233926,-2.7784578328983005,-2.921102492896986,-3.024885643837429,-3.1408072721102895
0,0,0,0,0,0,0,0,-0.2028836901097965,-0.36750403711598384,-0.49486516379091505,-0.5833377142979504,-0.7717831620167884,-0.8892526522469706,-1.0163731364573763,-1.116523420953009,-1.2699679173969556,-1.3340367624427483,-1.3728078558141772,-1.4622097577603896,-1.468263272216791,-1.5124628720175848,-1.6072644089024677,-1.6518835784166968,-1.6692360265630408,-1.7401168204300372,-1.774056269017803,-1.7879195232842608,-1.8615043477767426,-1.897254683679665,-1.929176609174534,-2.0055829214781165,-2.055173152688048,-2.1200019358393196,-2.152731425502564,-2.2609166491843045,-2.311288586885582,-2.38195451957577,-2.5429338342235064,-2.620943441795248,-2.691291281956471,-2.839825221672143,-2.9156084505999385,-2.9933097808727966,-3.160551687635374,-3.2382840649593425,-3.3289832494836995,-3.494499837250363,-3.5628082932394616,-3.7300177566000774
0,0,0,0,0,0,0,-0.6178845797231772,-0.7320995379402417,-0.9672027501034537,-1.0422605189237388,-1.114648244011237,-1.2193903172143088,-1.2550879055916633,-1.2918229050910353,-1.31678805154346,-1.3751572016396219,-1.4081917943606839,-1.4539807704115522,-1.5298237663668646,-1.5807876536216563,-1.6109696804963147,-1.6690844807661738,-1.6854443842148699,-1.6788512989961915,-1.73811733115968,-1.7673099124051506,-1.7995789837967284,-1.8760076138089423,-1.93451643533731,-1.971217858483908,-2.0751598245066702,-2.1310810322922125,-2.1636667899461632,-2.2073955419406315,-2.3394920153656917,-2.411196267897322,-2.4945265549246454,-2.6625648822559844,-2.7149757093847504,-2.7821783830566202,-2.9042730333143076,-3.0281043855435583,-3.082970526990742,-3.2010096693975107,-3.303675041651054,-3.451106889508517,-3.6228488431339625,-3.703173646523879,-3.8559345384122836
0,0,0.12651682007805248,-0.6342378918826732,-0.7738510601648051,-0.8745902571741803,-1.0569884544101829,-1.1071683401915995,-1.1452244378203,-1.202658276657521,-1.232987709265289,-1.2379151574960345,-1.2798101627414373,-1.2929817442921652,-1.2900293801924199,-1.3007943029882705,-1.3764353256186248,-1.4204107365947451,-1.4516877226517786,-1.5047204343645497,-1.5072298209451074,-1.5339279736126639,-1.5926124995411264,-1.6129536305414538,-1.637523804802494,-1.7073178188556803,-1.722949853623146,-1.74992241999822,-1.8433155562045795,-1.8827250840562415,-1.9223475571562167,-2.0294469926739387,-2.065518579399628,-2.129447957022408,-2.1955388310255617,-2.3358712620621835,-2.4215596869120373,-2.488926187319066,-2.629364306581779,-2.7311043417996843,-2.7864670551016255,-2.9347967162176727,-3.032289002502327,-3.1096314309140065,-3.2882223864769635,-3.4076184939168286,-3.5599973385136137,-3.7877903302937734,-3.8726149199540174,-4.100250783708908
-0.7248881221705418,-0.7856118291018163,-0.8817572069323684,-1.007935889886123,-1.0514214183370048,-1.0802302850388077,-1.1262376944723402,-1.2723228466488261,-1.172187122456888,-1.2255972339687968,-1.2516821122493846,-1.2520250131289319,-1.287968842674673,-1.283760817707549,-1.3248561352404458,-1.385917632810788,-1.4300022594335593,-1.429673983489221,-1.4473877264863715,-1.5124097275310466,-1.5281127126350207,-1.5481503567807438,-1.6171282010190184,-1.627117342798922,-1.633171377409523,-1.7081320930486275,-1.7360001931358509,-1.759894978323369,-1.8398223600401988,-1.8717054405316318,-1.9100403963777965,-2.0220644744458562,-2.0707655682283015,-2.1080140287053926,-2.136520054939974,-2.2547349180341825,-2.2821273575330006,-2.332352232060076,-2.485110115428138,-2.493427005563961,-2.525954322296039,-2.620509814805911,-2.6874272343521124,-2.7698858499992203,-2.890945348628155,-2.9687300398394356,-3.088678784834398,-3.2869779639834054,-3.3707615909889324,-3.6182468903268865
-1.0052755698801747,-1.051689536840214,-1.1085278006312627,-1.18720104285142,-1.2013094134990037,-1.2146583386948013,-1.2541346201923056,-1.261723526975546,-1.244177743838682,-1.280000620435285,-1.2858142809197737,-1.2810764469899916,-1.3276866488404697,-1.362400769067304,-1.3910834085118902,-1.4134995340083567,-1.4406564641755535,-1.442957102181126,-1.4301593926047018,-1.4899919982244358,-1.4713314909451989,-1.5035526419831562,-1.5396275640385229,-1.5479542691551538,-1.5465431584612845,-1.6001984075451388,-1.6263249108763465,-1.6335156646369131,-1.6876471122952037,-1.705669086586755,-1.702968956429454,-1.747355585479718,-1.773484892101505,-1.7997215560258597,-1.7894224042996412,-1.8767934688757506,-1.8369562276219331,-1.9001478849842315,-1.9744408477896738,-1.9944920779359065,-2.038793664435772,-2.1624818654341564,-2.1983729505703153,-2.1889526269092436,-2.341274461788423,-2.3934558432203015,-2.421374860710763,-2.5301977563098266,-2.5420466462727944,-2.7325310980229216
-0.9523935500676131,-0.994179389439298,-1.019500683555411,-1.080659489873044,-1.070347342899381,-1.0762825593399834,-1.0953947101588148,-1.0980495063955316,-1.0806480837494816,-1.0929570130891288,-1.0870228594125027,-1.0605666102385982,-1.0744562641044373,-1.0782749699801437,-1.0897177846765633,-1.0999550661318425,-1.1267827511339517,-1.1206928592416405,-1.1328222571716042,-1.195196289097577,-1.2023745073129881,-1.1854534901847773,-1.2261098002233912,-1.2118161924982205,-1.202775761247754,-1.2311954579149154,-1.2316056838693243,-1.2434601901367937,-1.2769279793945358,-1.2584393183154954,-1.1937663371330294,-1.2160964048605363,-1.196734546460321,-1.0965761911851515,-1.090043776327465,-1.1237737541611865,-1.028535172219293,-1.0072617930133378,-1.038781251298418,-1.0388690896053203,-1.0525801956502554,-1.1175154588220337,-1.1269892836985167,-1.125196362424575,-1.1612265087691849,-1.1659639089438156,-1.1478210810770662,-1.1842469184748892,-1.178786654036082,-1.136374383622056
-0.5967222761554457,-0.5430225684141728,-0.5246737276295481,-0.49936495758814003,-0.40207453311610747,-0.34396851383626564,-0.29577958927201103,-0.15639717478322504,0.024163816742268692,0.25828300230543055,0.34650550572453537,0,0,0,0,0,0,0,0,0,-0.7269013938275243,-0.5955684559375012,-0.5341425597968196,-0.42547179439501914,-0.3028656351526438,-0.3069630314813635,-0.2810066643337702,-0.20719394656112622,-0.184453420148983,-0.1667385403295364,-0.07479550108892087,-0.1394775801046671,-0.13738636752630742,-0.3234967952902404,-0.37003577453560516,-0.4219004728395984,-0.4538061386502123,-0.5228393402110478,-0.4873119700688257,-0.4241185710200036,-0.3849752944497199,-0.3763383389223226,-0.33753999388419614,-0.21093336608168958,-0.14151174549229337,-0.11865277885127251,-0.032389461882414865,0.04531556790628358,0.12466581351392833,0.18476217700702047
-0.03523468390032214,0.012511145879322647,0.06975758069705774,0.09458420527553497,0.20231563334620908,0.23324877298324662,0.33197358137586086,0,0,0,0,0,0,0,0,0,0,0,0,-0.5938332277201657,-0.3157450406748464,-0.20279551434934684,-0.16631679888890327,-0.13492362514251163,-0.06772616380532977,-0.04690467890220978,-0.013905072271513486,0.06395600064896903,0.08545849308314878,0.1448672428465469,0.19230140133693369,0.2377504246332377,0.30779047066832577,0.36557604964112567,0.37403816053224864,0.373156763949206,0.2035022640571635,0.3500515924548743,0.4688346927450238,0.35360537896279404,0.5614146044887156,1.1923475151637455,0.9260210415869836,-0.6195886979002045,-0.4727052954500191,0.10426282785671706,0.8392780906470314,1.0785255152138489,1.2690527658929935,1.5656863076697132
0.22518061181016222,0.25963764698977937,0.2814680247192072,0.32016758193431005,0,0,0,0,0,0,0,0,0,0,0,0,0,-0.2511179740327197,-0.12913548806243227,-0.06918758484734457,0.04588117296241129,0.08879469714572504,0.1322940473190416,0.1830397583845305,0.23657222062456598,0.2820143291249611,0.31097911942769807,0.39870497069858574,0.46919918640754177,0.5278633438135989,0.621975647472867,0.6748900105584519,0.687449175227723,0.7719659950535745,0.8589439053988622,0.9864063238339487,1.0000496542698223,0.9628459300771322,0.9670382568793745,0.7435954072349477,0.6799314219513566,0.6842596054905178,0.6963009251187593,0.7118635750619671,0.7612945612913178,0.8301485960582453,0.8787505949327231,0.9601063702520323,1.03703769662123,1.260166242415451
0.2723523031832584,0.3663380345956914,0,0,0,0,0,0,0,0,0,0,0,0,0,0,-0.1574621101997891,0.03508121111240235,0.1117046495913992,0.16980696960756825,0.2415553109481184,0.27411346349593785,0.3119189778277075,0.3475972313086584,0.40270560931214233,0.43959040876673794,0.4647890363151098,0.5186609167181792,0.5896435629381463,0.6242397263954758,0.654801771760683,0.6743464894759009,0.6533434421217866,0.5378286824905679,0.5391223185726021,0.510447359625891,0.4154070802427456,0.40409525439487887,0.42852423885024715,0.3870279023138776,0.40105875320297735,0.4575968963865779,0.482278364220415,0.5687964515054107,0.6516835919267132,0.7331467900251157,0.9138005842359765,1.0513895278325802,1.1682270383789457,1.4339086936763052
0.2940215320564645,0.3874739389018814,0,0,0,0,0,0,0,0,0,0,0,0,-0.11965135467268036,0.013900820631698832,0.04308505246352727,0.11911313749734613,0.1478856519942525,0.1837191871465856,0.22765369679052294,0.24596145539591807,0.27192680228336646,0.27643308005686246,0.2585078182561828,0.2867505099971351,0.28056145668720794,0.2595127115925305,0.2662218675195216,0.2608419074368891,0.20172985918815772,0.17853861001499075,0.1363920198466464,0.07315745365389717,0.03438493955049042,-0.005306271643480917,0.03136078933634715,0.06133034901265755,0.07120915568734637,0.15499222368538101,0.2158246263985855,0.3267936215569466,0.3743572679260963,0.5695047143951921,0.6754139413276654,0.7950504397840865,0.9767713969794697,1.1420612043120981,1.2238656303563755,1.501572770678066
0.2710313566115918,0.3040471867901325,0.33056310356586566,0.3588847726344129,0.10057376423545235,0,0,0,0,0,0.17676097722051579,-0.2322916392867309,-0.14160154464751926,-0.1176102736538605,-0.07202882327187511,-0.06017438318267631,-0.05081904237630388,-0.027261670144350665,-0.018144171252162743,-0.013283477590195037,-0.011638651758816627,-0.003437846787966157,-0.009943589004339205,-0.014012694620808714,-0.05053652143524079,-0.10607507748800424,-0.12789989469294055,-0.15583733071239347,-0.18428027669657715,-0.20587276077356265,-0.25834932364744423,-0.25558232216701715,-0.2562565088214068,-0.22988326340086865,-0.227586489245478,-0.1825948654349675,-0.11802396503864426,-0.06030931051063742,-0.0423947241280906,0.14097072835715022,0.19739071840204214,0.317938121620296,0.36334399787545313,0.5026921374569898,0.6295292437744483,0.7202322853141294,0.9349164776212272,0.9974943595411817,1.1218143116796753,1.2970713743536073
0.2859937308020425,0.29496725796785905,0.3183464106939636,0.33525284315729853,0.3445634459015927,0.3829878636229751,0.417092782088979,0.46060664395451434,0,-0.49977538166127866,-0.4808020506408498,-0.30449510907634847,-0.27757529182356755,-0.2530722262202991,-0.23804534761653717,-0.25475897316034124,-0.2711766738447992,-0.3031424488757302,-0.32506577429717665,-0.34575708803168215,-0.36460716471843074,-0.3898678150498715,-0.42136005346025257,-0.4554509764896067,-0.47031760087227725,-0.4901308986102169,-0.4982972142112667,-0.4857630404294631,-0.5117900766373219,-0.4937240061219946,-0.44229616280744427,-0.4257838995052033,-0.40839246079091934,-0.3278316472036047,-0.31269187300760076,-0.26596554677260437,-0.18431580180195686,-0.10696127752344926,-0.0646872242666871,0.07928790737704247,0.11930870340623638,0.2070753184784916,0.28580358168607334,0.42995033891704604,0.5425038327155794,0.6054372728560254,0.7854801403549847,0.8812674650166015,1.0456561458628237,1.1725979421813455
0.04992470774238128,-0.051520527661424564,-0.1015417789425699,-0.1456084979975531,-0.21530806655813672,-0.24550463002241393,-0.2831385598850296,-0.3077918339078077,-0.32707915070541665,-0.3669804250283627,-0.39864800399141687,-0.4189318531859351,-0.4450510884527045,-0.4576050994408244,-0.4890052415274566,-0.5197659018388381,-0.5572548315657928,-0.5693605151399528,-0.5723735172978445,-0.6010049104472904,-0.596583068148224,-0.5962260152220442,-0.6124121185791604,-0.6014810025301552,-0.572979628246188,-0.5783713936866549,-0.5792252684570965,-0.5637258947231847,-0.5691063787116892,-0.544310045929771,-0.4909954303553719,-0.47501799797143907,-0.43926275065443326,-0.36821375374767323,-0.30984961231866726,-0.28604433158312376,-0.1776210989232733,-0.12118999254433321,-0.0687345662058589,0.04358057014697611,0.13182135223560773,0.19100958726818051,0.227131510713483,0.346103071011911,0.41145258153496206,0.49738646140127785,0.6013755741744224,0.6930801564137374,0.7959857906924045,0.931802865835947
-0.30314955448681863,-0.3314610452524293,-0.3526877894174925,-0.4074780095804014,-0.3990676241711975,-0.4330847924033284,-0.5082798548962005,-0.5180772098678207,-0.5582522713894031,-0.598940054473629,-0.6153056249654179,-0.6371619650609024,-0.6697392213510083,-0.6777684818688371,-0.6771520616256087,-0.6820213331051214,-0.6832815115355874,-0.6721399041967662,-0.6459135274142641,-0.6424130359254618,-0.6167534246516372,-0.6022113255290419,-0.6102090519894547,-0.6053198169516635,-0.5840399508637065,-0.5914725483343641,-0.5852987176496655,-0.5613598395173153,-0.5778741899311418,-0.538202026819966,-0.47646668147687643,-0.4532505542488385,-0.4084273592566166,-0.32083339805348937,-0.27557258434398096,-0.21385028719345037,-0.1368783782768647,-0.07886960501182537,-0.05680985863560376,0.048796728496487696,0.0786733914639147,0.11503511324499617,0.1853063169086035,0.2799851067037846,0.3552658620840808,0.400795612538381,0.5033525901948123,0.5613537918535392,0.6121471290676517,0.6896333245134725
-0.49492451231877244,-0.5258302256402506,-0.5422648698756495,-0.590807381470676,-0.618758688272034,-0.6453808811404812,-0.6686687364168521,-0.6928078437656089,-0.7033824810142651,-0.7284073509440776,-0.7295215048474666,-0.7134503889187551,-0.7348173257748822,-0.7188362837495401,-0.6943323689370711,-0.6835328354726031,-0.6753874154633699,-0.6564007780714087,-0.6472058589313413,-0.6475938520950446,-0.6322181642192476,-0.6251829826107738,-0.6361822211755477,-0.6329940238156174,-0.5967776359712744,-0.6071262093446534,-0.5821058887561033,-0.5333586876178897,-0.5121772540232999,-0.4653040352717511,-0.40730057664075875,-0.3584462692396314,-0.3377829763926859,-0.2593530146961132,-0.21151709290469006,-0.17323359822033757,-0.12320870926298637,-0.06645787701917164,-0.03219945033058776,0.06221375238908354,0.09144728648730306,0.12432511464484293,0.16413354871894204,0.22091748141589326,0.27449374292238965,0.3229820826850055,0.4233181234558586,0.48042940114737637,0.4919820233719042,0.6030109908312051
-0.6253858877537567,-0.6530584608696847,-0.6638058852817994,-0.6943462918392713,-0.690266565597054,-0.6980743401270534,-0.7186923349636243,-0.7170612050462699,-0.7026882631797655,-0.7145322275333167,-0.7007616807903831,-0.6691459379322466,-0.6762902620699855,-0.6714933686050327,-0.6458580695406478,-0.6466730112653679,-0.6595314603522179,-0.649332779187394,-0.6449880579824062,-0.6548704613810092,-0.6383788177877072,-0.6264279608286549,-0.6210820629311504,-0.619186107839917,-0.5658463995158187,-0.5464538443714526,-0.5292770867939518,-0.47583143165731623,-0.4492352450446122,-0.40982197518149655,-0.353988380873307,-0.3243419019706601,-0.28693807359374696,-0.2184862509461723,-0.16780783908255054,-0.1612103846335218,-0.10927188196748593,-0.07293198960049037,-0.019498779307693333,0.019336804235898345,0.056008065304220214,0.08996409273328554,0.1402340271415159,0.20679400300138584,0.24353643199601574,0.2892841697009347,0.36439795462714974,0.3903132725377961,0.44032554579099914,0.519291103293368
-0.6915004499267035,-0.6948675643342777,-0.6818706814051445,-0.6964280696972172,-0.6813243291530816,-0.6691726076153195,-0.6827032769131787,-0.6856624198914191,-0.6558594045434136,-0.6603986780125498,-0.6640481244962252,-0.6513442723071807,-0.6696631175632551,-0.6686820578698613,-0.6585005174246432,-0.6662019345161092,-0.6823914992927269,-0.6627748897216373,-0.6594577201806802,-0.6581585779881315,-0.6368984491683559,-0.6408191413688931,-0.6222661590046821,-0.5798237799087239,-0.5350252550076248,-0.519071042166737,-0.4901574839630859,-0.41469606621287414,-0.4034202248242539,-0.37849369629367224,-0.3126376352248896,-0.2955640253943797,-0.26831470458075546,-0.21636597048655795,-0.2056720474831026,-0.1871175018229896,-0.15519236336255893,-0.13453550823208943,-0.09729839847023736,-0.027261803929971393,0.006487847433335286,0.05913604366175353,0.0788939351116843,0.1422658813536886,0.17825822406828698,0.2189267064224159,0.2885331203720645,0.3192035524433372,0.326625006515181,0.40681384538914866
