jsons/1312560000.json
{"header": {"parameterUnit": "m", "parameterNumber": 3, "dx": 0.1, "dy": 0.5, "parameterNumberName": "Northward wave", "la1": 40.97354507446295, "la2": 16.46031188964855, "parameterCategory": 2, "lo2": 133.9931640625001, "nx": 191, "ny": 50, "refTime": "2011-08-05 8:00:00", "lo1": 114.97908020019554}, "data":
[rows 22 to 43 of 50, columns 100 to 149 of 191]
-2.7638310407581015,-2.8229330102829313,-2.818669911689796,-2.890958701269655,-2.966575999147116,-3.0231256494179717,-3.0440642269417686,-3.1340598614223714,-3.16691326033224,-3.1604765668331503,-3.1909429294548315,-3.2621358964689917,-3.2466689940445,-3.2896231230158275,-3.2765918516618298,-3.2180814269267626,-3.274330960630346,-3.264921771563848,-3.1708985558356964,-3.144555934609009,-3.178568849911566,-3.08780486519293,-3.029721659721791,-3.0030007659431806,-2.8874118153112662,-2.8111918415611825,-2.819719401397601,-2.719739802625099,-2.5743421195557517,-2.5315275226810967,-2.4079752390979214,-2.276561456189088,-2.1732302060024145,-2.052567590471605,-1.8921292641004286,-1.837043625615831,-1.7421602951065633,-1.6512238980717233,-1.5903848596591252,-1.5261930826793313,-1.4738792874037605,-1.4652272444373144,-1.3977345144377458,-1.4000862065942807,-1.3806566660859707,-1.3323861853265442,-1.304362523497696,-1.208147101236791,-1.1104390214678221,-0.9947581811294434
-3.5311021926128303,-3.6678679859769145,-3.6961062902327795,-3.7586775312558407,-3.8474565920953037,-3.8661969696964715,-3.939238404592615,-4.0227392379605185,-4.0614780208572725,-4.088020071165922,-4.210691112683778,-4.213076466749125,-4.2744710183129095,-4.277554628013026,-4.334156906825531,-4.246515831415238,-4.273815580667941,-4.204668486827383,-4.116998572126122,-4.1534256679580395,-4.10385693637724,-4.040248218950851,-3.9567528097671567,-4.004671530741684,-3.83762011054555,-3.705269615158949,-3.627431919461808,-3.5746896996408473,-3.409104033301271,-3.283118076186271,-3.1888078129207007,-2.9783637298476306,-2.8292475736821654,-2.784553471527373,-2.546556989562403,-2.348076968289469,-2.296641451313852,-2.130462786692092,-2.026235992195045,-1.952310092491368,-1.8767407564832337,-1.8615091283072678,-1.7936001625785207,-1.8496790669643892,-1.9018563606108547,-1.8369571192384255,-1.8085379354209101,-1.582316429563836,-1.53486015188714,-1.3342226131341908
-4.25358975682703,-4.416307622247885,-4.48470706002949,-4.57909155110446,-4.684771553623039,-4.771320219521791,-4.78291149549427,-4.949239029973179,-4.932807403121112,-5.043518557524787,-5.0752318621677235,-5.191083500355545,-5.225241954093923,-5.3103335248520365,-5.318419539248608,-5.2966314631440445,-5.277417803010889,-5.254660457822359,-5.249124042571942,-5.177991816866381,-5.156744025503771,-4.977988726112011,-4.931154981609646,-4.913440110831116,-4.816059410647431,-4.696400046916518,-4.663295086453216,-4.485892057110352,-4.2874015568357535,-4.145103618762183,-4.018643284190771,-3.768460813050665,-3.566880190106632,-3.392683964124838,-3.1361399869268722,-2.9485226535851075,-2.852204283291283,-2.579839825829591,-2.4951272904670883,-2.3164584273279982,-2.2561298338326896,-2.3856717026996,-2.319706743627766,-2.6064760624545,-2.71623011366709,-2.555340325797168,-2.4348910424142107,-2.0251979744516504,-1.778478970618226,-1.44518560803283
-5.144534260063863,-5.478548863904655,-5.555364512279223,-5.724413564606802,-5.916364436145041,-6.071012716631793,-6.081963882825683,-6.321653734149214,-6.362524003581309,-6.496495987080136,-6.605609847974925,-6.6547806639774985,-6.662464765669445,-6.745469232676391,-6.748348987449932,-6.727899811494134,-6.695885803041984,-6.716116912829216,-6.64986794507825,-6.581565780620689,-6.63195038747779,-6.438894009410802,-6.423317859385114,-6.24037771546716,-6.024289762498321,-5.9496888116192,-5.788134381327081,-5.610178560313647,-5.337493681625584,-5.192017637055983,-5.035739176711835,-4.620234901284471,-4.39478759862729,-4.149935089515323,-3.682330621555883,-3.5214200348588567,-3.255711701952391,-2.8737518609378037,-2.664814174344361,-2.3758922664091187,-1.9387594629180536,-2.501157445960608,-2.980316832830599,-2.6478783572047524,-1.7798646294827853,-0.535702413996646,-1.9671750181893606,-1.30051985384904,-1.4820501055011017,-0.873862978341355
-5.93112175264167,-6.429614244155594,-6.484916940540361,-6.591806888905816,-6.904149569783328,-7.079138551384156,-7.259741313893368,-7.5547235588365504,-7.7246457980919345,-7.863822589751054,-8.14275466432733,-8.231340563347635,-8.278583987936655,-8.438943989611088,-8.450506670511045,-8.422460751375795,-8.393347311102351,-8.422377242596575,-8.277869992331997,-8.14523131592498,-8.075719485904447,-7.911890148325404,-7.765359458577219,-7.677284007453838,-7.340062435671361,-7.178362429531943,-6.990140761907824,-6.794438553425899,-6.4555572563950845,-6.268565581717229,-6.030250322408389,-5.627771084956472,-5.233887850828396,-4.913460578057594,-4.330002741475472,-3.85317933024085,-3.424705757739029,-2.7041481098321554,-2.9289323398437443,-3.1254286798029414,-3.343195297077838,-3.030185906433288,-2.3999118189965305,-2.037643492264837,-1.8527025525570608,-1.539044015666128,-1.3957032954549133,-1.0818997628519504,-0.9081236938403883,-0.7192439853689332
-6.013881205678222,-6.466337215329585,-6.7704085811004635,-6.978423741893186,-7.4179759428908065,-7.743482307920977,-7.913653116260687,-8.29005105920135,-8.700073045076472,-8.855627012336605,-9.249148986344228,-9.415166303904732,-9.65942078023643,-9.840274070558635,-9.89225666424277,-9.863016835910067,-9.878467915804507,-9.803293025656712,-9.72101117026829,-9.549460335241784,-9.411379790266535,-9.17184609227227,-8.989855298430317,-8.791793912217805,-8.559588126734585,-8.47650035810177,-8.385317755016798,-8.300678589228509,-7.9500278439274075,-7.621055940128375,-7.091223227263811,-6.429296464969701,-6.176904089712326,-5.6778274665929445,-4.87384586140544,-4.517933432453806,-4.152646952271371,-3.6380134068969228,-3.3329426042370836,-3.049867409730147,-2.6556371600881055,-2.484592103436447,-2.209165509907898,-1.8490692351949147,-1.6714943294642748,-1.4637003796467314,-1.2873489648896956,-0.984971102168178,-0.7952517784033262,-0.6386505735460152
-5.814323862995949,-6.040897500282768,-6.568200756179589,-6.741997086479249,-7.235362638870299,-7.583078393595019,-7.96792963085018,-8.255687484882394,-8.723252187300648,-9.055448051100345,-9.431720660395776,-9.668183460273314,-10.108924251124694,-10.328441722056642,-10.517434656494839,-10.774132511738731,-10.762228258609436,-10.696626911519923,-10.51343592686116,-10.337460566751428,-9.828481770348152,-9.308518884249045,-8.959695040977588,-8.356414753936756,-7.925309907611808,-7.653963164791169,-7.143629422249499,-6.939429714653088,-6.684937931728605,-6.128616819218151,-6.081871111377711,-5.848828741883664,-6.655015980786209,-6.51338573545439,-4.487873864119234,-4.002441054685482,-3.6407113232624204,-2.9614188408215276,-2.645751212545725,-2.323028731414665,-2.030055453338195,-1.8303720254120368,-1.5976995711052364,-1.330742376103104,-1.1631986404592656,-0.9639804065305064,-0.892925781078774,-0.4971888710949795,-0.4274161962362462,-0.24505889274271797
-4.0517802832762415,-4.398431036657426,-4.422683923523697,-4.575206044248438,-4.7530395020257465,-4.9841671304656625,-5.203297361917661,-5.510300320088552,-5.807377158045763,-6.069184549132706,-6.375590435618438,-6.7671580164372225,-7.465176801735979,-7.718307073316374,-7.9715101214230835,-8.588751251646555,-8.672281578844215,-8.972500333102474,-8.969695911508335,-8.925991687498836,-8.779021825020642,-7.7404548595626155,-6.917195571176174,-5.852573641689133,-4.2603435645711425,-3.06676658011159,-1.696805889326128,-0.7262324598661584,-5.062571342092991,-4.262590006710033,-6.4026139146374135,-3.5607340424057834,-3.3288325300606068,-2.954850898084444,-2.371422583208509,-2.1289141849568014,-1.7146560934497506,-1.3935257721458936,-1.1911693333927094,-1.0307439857194232,-0.8088049400786047,-0.5903980957118923,-0.48695283373480003,-0.2473555110635141,0.01419072889721018,0.021953691683101816,0.11098519006823154,0.2692804862766802,0.3581155970554768,0.5073654777008244
-1.9104938650541987,-1.9656021100857863,-1.7793589881708722,-1.6185569899814467,-1.479933045281543,-1.403443124307549,-1.5372419729664921,-1.5436408986379655,-1.3746802635825763,-1.3544287221085134,-1.502613971844708,-1.367320125103026,-1.4415439395749685,-1.4904937952523793,-1.5713076527578158,-2.0480626680287632,-2.158495039443422,-3.1477855695595456,-5.483894288208556,-5.96739420424637,-5.505344035867711,-3.969544391072582,-3.904860893114783,-3.806127182215437,-3.1101677954513254,-3.0339330637541737,-2.577865851458492,-2.3814768176560266,-1.7044217607295586,-1.4790269300813108,-1.0385414769215244,-0.4736841838555644,-0.14530883874236417,0.04626701641393671,0.33590380100431055,0.46349612046517863,0.42987503034890273,0.7119395387216471,0.6713751905290674,0.7377107362190118,0.8768675900189058,0.946888933148046,0.9544218141602506,0.9996199816990452,1.0420167758916428,1.0415239014676643,1.092278074216211,1.1257863735015912,1.1865907333823813,1.2365593884708241
0.3809988784131592,0.5288816880688274,0.8196786432828256,1.0725709370657344,1.2329799292088326,1.797198186876176,1.988297242022196,2.566990732031189,3.432717267064305,3.602584269634465,4.174888862147052,4.342950750572161,5.300624789500352,5.653813586131195,6.01256135558561,6.699281276541247,6.6446075889472604,6.818695888068898,5.9427298536001985,-6.987562259339125,3.3930618630960447,6.339888005527948,5.512247747261274,5.141482536190623,4.598371575069149,4.065651711103744,4.027040246179956,3.8473727119015555,3.665932885365236,3.7251859080134677,3.58257322446761,3.4196865885252805,3.4042292148395243,3.141617453763085,3.1864046331911338,2.9774469074471916,2.9964667613326363,2.8147314947457933,2.7923373914458534,2.7989729299840342,2.623848398470853,2.7011106628843855,2.5661127438608053,2.4711777066677394,2.5343035818883877,2.3838937617839986,2.3734673201515197,2.4769198518920925,2.325688809506277,2.2578684181400686
1.9323054264524933,2.425885397710242,3.14425415812087,2.713777824407914,1.4705660226680768,2.7269943040723175,3.263631334856983,3.918299649354478,4.908260674373248,5.4854702800176405,6.052679812022244,6.318124788947834,7.161118738806066,7.545995584403039,7.750860255567571,8.230670983002815,8.03604670416426,7.762719057297408,-2.263998000243437,-1.145475058355752,5.558773943678804,8.301678734611984,8.248435571718353,8.147069044519137,7.768472963904917,7.646488381134619,7.449272571031417,7.2306095422222505,6.738462560541259,6.619154424160704,6.410182079137011,6.061288024899072,5.722453309417328,5.597163847480031,5.3656389838471545,5.047064105224877,4.783700034207755,4.720931502740708,4.517867294812389,4.3749652167025594,4.19649921625849,3.975621242470817,3.9263315598820525,3.817910033063748,3.691436312025254,3.6510498633319535,3.644517976576626,3.4884546065022914,3.4285881068041326,3.4532126428592522
2.838658478318899,3.130370271712405,3.388709262104928,3.522289857910607,3.695224316549105,4.0846398835584985,4.295501831430079,4.631659906450332,5.336507827116045,5.582692506452292,5.986888035133582,6.212399876312372,6.808293119839161,7.132511082826335,7.382708649633439,7.742325524548613,7.886437220815059,7.957056665518491,5.8568182790461005,7.253084942959662,0.4871804431975052,5.894952826495695,6.898493074438501,7.5023942539663535,7.904642278787879,7.88433061164233,7.734911430583134,7.627043120648566,7.353079619725647,7.148619072281803,7.027898374074541,6.608433813570408,6.452599231608678,6.295525014355098,5.926589765331858,5.827934161703837,5.620981975229559,5.450438513429036,5.311326585266313,5.0943783042995,4.995673587016536,4.866055517704828,4.684345023552694,4.597753684578269,4.510884884299241,4.371627340164579,4.3390273840917795,4.24772876440581,4.139907562586296,4.0768642439751375
2.596748820261834,2.896267290543815,3.2277343246292696,3.415614203848612,3.698074159135689,4.09762010667726,4.389947939589278,4.603744264934418,5.107652371231459,5.358693026557826,5.576118980450917,5.888526781708824,6.249618266711355,6.481654883617126,6.647164075741525,6.918753274479038,7.098725017463512,7.191548351125165,7.347039103426382,7.477468583568392,7.251039915531907,6.3484933581375484,4.387294331384916,-1.3514683115675452,2.351121123569359,4.5192124473799415,6.127391120276484,6.770940507073603,7.165411428088916,6.992156936662088,6.891944105883771,6.750516001014113,6.607552629935256,6.512862113129753,6.324883939353742,6.160912633178476,6.058915043037821,5.974171814675901,5.837144842376568,5.603498363866689,5.5324421503769985,5.406873484280094,5.18752867405126,5.162748592479782,5.099402417706326,4.971826510968276,4.910341064887014,4.836926259805449,4.685541578204854,4.6132022222334985
2.4467384150688445,2.6612639392066395,3.0103453400851263,3.202277448926466,3.462516338407317,3.721294246615273,3.876506423359548,4.096597117717069,4.468692525466916,4.626814110812429,4.88418487273757,4.977250213432168,5.339201819262059,5.562457469352369,5.612493505543037,5.925468687334616,6.11497736142742,6.166273485570155,6.299974970730725,6.371223720331173,6.493452907484299,6.617086948289987,6.6517978379777265,6.24828883509631,6.1557975209412366,3.128384655015816,-6.431490481268309,1.0207196943478776,6.093727882438706,6.43823440896817,6.547985886706178,6.450765608160669,6.3711400900317114,6.237499159124545,6.08969195921983,5.99297806195585,5.91805135758372,5.783252686219082,5.718252367026846,5.613448569120408,5.5111679672108655,5.426667047993474,5.339966692248217,5.272285917157779,5.155749303224667,5.064186745973077,5.009255560392301,4.955974075213078,4.80202792242055,4.789382027690898
2.0741260904524177,2.2455130739932674,2.4707476026555724,2.6606715375050376,2.8209035868817476,3.145403615930086,3.326942915313333,3.576697464930895,3.7653539887029166,3.9172455177069834,4.131273017470865,4.1922476536161355,4.483005646603782,4.565251223040072,4.728601169125013,5.0439673336683155,5.1206743263538606,5.240538129119945,5.3817562375939625,5.517291425413849,5.535599924695716,5.705356474503074,5.827911701502656,5.9014847032164,5.499289420767804,5.495443290989019,5.654805514535686,0.5765899891963796,-5.360294262866894,-6.175107703097882,-1.5992139076473928,1.5205661111924116,4.929486840182345,5.725958704048588,4.254883120227875,4.190482085984836,4.371803108607851,4.980603848471119,4.516497707908229,4.6985303885450715,4.571440537251486,4.519487644653914,4.942781736932785,5.099130266473125,5.107972355244908,5.074407162227137,5.032550590274486,4.982862513460011,4.765457160207714,4.858606504723202
1.636044295805373,1.8217525946805504,2.0528339899421018,2.1949364180535635,2.3347231380788687,2.6568096970861066,2.7275642819754977,2.9079491091333107,3.0738861416455565,3.2325706538142818,3.3835552286034627,3.508274958848432,3.7269151069449897,3.8395421717883766,3.9893846096271766,4.109129500878763,4.312502696906138,4.394756761302777,4.523046909355796,4.6452420707669075,4.714797548450006,4.883460790841111,4.966317058592164,5.011595946525819,5.0892942890674755,5.1312239503043156,5.173939116963297,5.204913021693583,5.278543148867975,5.237366201763123,4.857039552052389,4.608071974742909,4.596157481294788,4.921671827516317,3.725189261074145,3.2238618685969778,2.449070152230399,3.179343697302783,2.9531323741415947,3.817643680325912,4.026041823610615,-0.82091409707377,-3.6869473137337674,-4.636037389621054,-2.2304689925233268,0.9816674660402503,-0.6687850713441467,-3.9266520630845707,-2.055082601004855,1.4061912110667154
1.3193951259351206,1.4370874637302735,1.6856694886571522,1.7780697410704271,1.9196603267680417,2.0585665880876607,2.1844102512872237,2.2998960758024145,2.559039695016611,2.632247990238674,2.7330025738267674,2.8869525697131246,2.998440897548175,3.1317692421494656,3.2572860177460408,3.4278919809846418,3.55417738975318,3.5948750929387687,3.707297527408008,3.7957831786417,3.9330969972330836,4.072749946925503,4.147789717860738,4.159894994792081,4.3122191560638115,4.382090220384397,4.3363014926954815,4.340175570111528,4.4814688595595396,4.5240693101620275,4.513977766575405,4.569721132612371,4.564623771752436,4.593281806793602,4.628205184462806,4.611368691973728,4.612246048959209,4.602806160249241,4.587577084026006,4.552530712164791,4.551265233442824,4.546549347782237,4.493432856498983,4.358798626939673,4.445897881805037,4.463704300149745,4.283333595700604,3.897793032671932,3.831614845833942,3.8277421912272893
1.0054321897151597,1.097725688119733,1.3132488466709782,1.413902171953186,1.4977650733906798,1.6688261389832089,1.7123186394409724,1.8505402140721507,2.0409033802848717,2.1539452954584464,2.2104042086010804,2.2795610706076475,2.441983712589078,2.5662766260844183,2.6496589508898016,2.759015790609886,2.842212194617949,2.9200380333182436,3.1100391336528213,3.1689297623968167,3.230795396357879,3.4210148756543446,3.4486982630431178,3.4871060768166133,3.617606076484354,3.6826556816807305,3.663690598551386,3.7093044366641648,3.8478783546422193,3.9276612460967746,3.9827388557247434,4.007174484122465,3.989492145441458,4.0295090108133484,4.069823575761352,4.040079006398645,4.0550945957494235,4.091874085177278,4.110918056366357,4.041458149042816,4.036599631585508,4.0599640151993475,4.061269105094245,4.057910078629911,4.024604180018906,3.9897692978322503,4.011556956208261,3.987660999765163,3.9163932780557524,3.8529440142322486
0.6775734003244275,0.8131683220123949,0.971532133811838,1.0295240428076051,1.0596173605704868,1.2495777419045173,1.334917195222035,1.4369045578178046,1.5103717707987927,1.6148118330190686,1.7563009996171357,1.819828242093094,1.9096304793390675,2.0367194935532114,2.130013935435063,2.2332350046334524,2.3264300990443654,2.4111790266607223,2.503062633138063,2.55226398204325,2.6652791578252257,2.7620906514005332,2.7992494194339503,2.8425293768101803,3.0189558815119284,3.0375321314765915,3.0513801034385204,3.116594963650313,3.2335165252958453,3.198988915986693,3.204147115935212,3.361514279135919,3.407111224304277,3.406116706603028,3.4239576025170457,3.4787155340910134,3.500926450779903,3.545800767479604,3.5463611752201722,3.5086688337630814,3.603658281550656,3.6271476050835108,3.6229631034400347,3.5685789669723924,3.551665606197283,3.481771178331727,3.4605241160794082,3.4698692296950746,3.4227390331270002,3.3511617860852367
0.5498493533578501,0.5666998258988822,0.6956153195100135,0.7699655196265187,0.8208843671068727,0.9267803459021463,1.0005944587115452,1.0621522341340295,1.1801444802001837,1.2608652337355568,1.2716905319590015,1.3278297671565533,1.4983243915562299,1.5416230609560824,1.5818192922062981,1.7312651070246714,1.8105225964962606,1.8490988217757949,1.971541520532792,2.068990429947994,2.1184832747918994,2.1773369250347354,2.281172850790943,2.331116527426154,2.3471241835904633,2.4202926909528473,2.5096303656999095,2.555241395636167,2.6096443840105352,2.641433499901896,2.7183382265814604,2.788115406269024,2.8155127523591394,2.82372557068126,2.924540310457996,2.91642808832364,2.9225058649541515,2.9656116482747903,2.952523377804669,2.934007258639467,2.971498381335464,3.0045211216468166,3.0285918066965984,3.0278577723944378,2.9740692523920003,2.8524393307149727,2.7447152704816142,2.7657458775823645,0,0
0.4109737402929005,0.47193910683343854,0.5482449480478013,0.5920331174695722,0.6619931121177864,0.7349177274643252,0.7895044853098993,0.8790611983461236,0.9455145263917057,0.986584473623493,1.0676243630686326,1.116860381051501,1.1923782841640946,1.2429291562661693,1.3128663033810966,1.3715888279735888,1.4311210289447378,1.5173695210861575,1.5692652446983235,1.6040262436281916,1.683383214761676,1.7714457339387595,1.8312519712150457,1.8764594216046437,2.0065393827201037,2.047598281412947,2.0582804039604747,2.1229727174710034,2.176023352258693,2.1739356468613646,2.2172079734573598,2.3136909728795314,2.328668612503753,2.366658325686282,2.429565498686909,2.4778410024527746,2.5168582013369885,2.5116388068539077,2.494663911590759,2.456907121674972,2.476186217110064,2.468006077169371,-2.3599337918492575e+38,0,0,0,0,0,0,0
0.3125112757373421,0.3605027657699101,0.4506585819088413,0.48702318399934935,0.5183498924499361,0.6173016884727753,0.6437562264664299,0.6720831898729934,0.7747037951680507,0.809749777412756,0.8714203906349272,0.9193729620337275,1.0176969547772599,1.0248099688827499,1.069408893152757,1.1247217890621806,1.183164155917874,1.2194180492403233,1.313232325889431,1.355762266268236,1.3805934790871373,1.466963393512426,1.487859762195769,1.5163394517492739,1.6197967781776592,1.6592937170544317,1.6882804837696184,1.7188429828338436,1.7967087363631444,1.804509621477608,1.807629340399246,1.847219254106919,1.8910883173429804,1.9132582383091876,1.9069560979860123,1.8609492828041228,1.8618782826570435,0.8062120221447581,0,0,0,0,0,0,0,0,0,0,0,0
