jsons/1312754400.json
{"header": {"parameterUnit": "m", "parameterNumber": 3, "dx": 0.1, "dy": 0.5, "parameterNumberName": "Northward wave", "la1": 40.97354507446295, "la2": 16.46031188964855, "parameterCategory": 2, "lo2": 133.9931640625001, "nx": 191, "ny": 50, "refTime": "2011-08-05 8:00:00", "lo1": 114.97908020019554}, "data":
[rows 0 to 21 of 50, columns 50 to 99 of 191]
0,0,0,0,0,0,0,0,0,0,0,0,0,0,0,0,0,0,0,0,0,0,0,0,0,0,0,0,0,0,0,0,0,0,0,0,0,0,0,0,0,0,0,0,0,0,0,0,0,0
0,0,0,0,0,0,0,-0.25095466881136497,-0.25069436218524205,-0.2654148781655338,-0.2608274137121574,-0.264793139687609,-0.27401112516878606,-0.2760543496373735,-0.2830937276552223,-0.28316692217415557,-0.28838757792892233,-0.2896420672237237,-0.28211193304449783,-0.2698254560253732,-0.24435964221523912,-0.15649880194099117,0.03086655991103267,0,0,0,0,0,0,0,0,0,0,0,0,0,0,0,0,0,0,0,0,0,0,0,0,0,0,0
-0.33008310368545907,-0.2887905996509745,-0.3238331294362658,-0.30563681575436474,-0.2986384963078954,-0.3046518940377909,-0.29776065238865257,-0.3063573607753205,-0.31686728371760553,-0.31813811567221406,-0.32551920282302044,-0.330837189881711,-0.3320270645012932,-0.32188425435182944,-0.3124187378417321,-0.31288426704517414,-0.23242020067775623,-0.13464557285598833,-0.002512943517599613,0,0,0,0,0,0,0,0,0,0,0,0,0,0,0,0,0,0,0,0,0,0,0,0,0,0,0,0,0,0,0
-0.47885899412114435,-0.4781315551012494,-0.48761589113385184,-0.4754793547599626,-0.44932772281361505,-0.44505304839912174,-0.42560915792948517,-0.4081761074493685,-0.4025109742115779,-0.38382381032122126,-0.36883853837844777,-0.34698000815796015,-0.3039196009650289,-0.21250537209551545,-0.36347072305381256,-0.3028844420292572,-0.20798772241692204,0,0,0,0,0,0,0,0,2.319914633890841e+38,-1.019049064517475,-1.0700533150320053,-1.1112045927345513,-1.1295864827109703,-1.119593269894677,-1.111867387967341,-1.094002085286857,-1.0534673775479302,-1.0166589410884705,-1.0443225119041217,-0.9954221931992296,-1.007390856905382,-0.9400901231208776,-0.9254223339953334,-0.8952629502466227,-0.8429559527404815,-0.8062351098980883,-0.8589047558638457,-0.8135646740760101,-0.8184930806520888,-0.8801703300528254,-0.838864824252027,-0.8142332851358141,-0.8089947069585269
-0.6120705017288678,-0.6555460180107715,-0.6825509095825005,-0.7585698148446353,-0.8023936203380366,-0.8378293157821576,-0.8958810272172069,-0.9351327565953277,-0.9107661672330304,-0.7643173842060418,-0.6492023740023647,-0.43317568270738405,-0.47648465564375997,-0.36263060327227326,-0.49307744534355513,-0.5583981868692919,-0.9644439747883257,-0.997066802346762,-1.0607312067038803,0.3972361744642495,-1.5763854506893256,-1.660880395801852,-1.742557550443633,-1.8115966617182844,-1.7657680045490558,-1.8246236362567974,-1.8181411060905994,-1.7906211315812486,-1.8016681112748922,-1.8244842051347685,-1.7138173216368944,-1.7291164995078538,-1.6708714890751883,-1.5741202107545584,-1.5613906840933736,-1.5436421640841658,-1.496469373155873,-1.4476567954044681,-1.4200572953771615,-1.3374021883862324,-1.308088650005467,-1.218888137996594,-1.1750294038178886,-1.1474519371831486,-1.072644149707943,-1.0568862431313073,-1.1753484330731154,-1.0800056209273627,-1.0828356786178417,-1.0738841534857055
-0.6426251346014166,-0.6885735884257116,-0.7358967398026269,-0.7930608963575148,-0.8650728327710258,-0.9140406286467778,-1.0141135754121617,-1.098617388432638,-1.1626133842646076,-1.2597308207417905,-1.3355559563427513,-1.4231974632936606,-1.535621525515928,-1.6196031104656523,-1.6807126850008114,-1.7630513500363736,-1.8808891424795777,-1.971195474995889,-1.9963975112588308,-2.145912376311125,-2.2273084341233247,-2.2955861911511866,-2.415499502775643,-2.4396324567432295,-2.4578506160667217,-2.5283017164826114,-2.5493406780301555,-2.5025598971755323,-2.548690971858959,-2.573449313472162,-2.4080554182885443,-2.4541342449804295,-2.437603661323331,-2.366798951093022,-2.3446384313433866,-2.3097561893001397,-2.1469915238885298,-2.0553725673442935,-2.0363723987313374,-1.9068611044391652,-1.8416899134318434,-1.718711540804401,-1.6063586158355296,-1.4655521645225145,-1.2871391862133876,-1.1471051880782313,-1.1773872271307384,-0.7378241482565971,-0.5356195248263653,-0.0353828358036172
-0.4474824876958576,-0.48431255228261366,-0.511442018022291,-0.5538036741560451,-0.6011368254109368,-0.6359080670789282,-0.6848330528788925,-0.7348281291782401,-0.7984472924005557,-0.882196950218256,-0.9521430455418646,-1.0489358460700757,-1.20589210678415,-1.3075549275164944,-1.4373583287052787,-1.569281116335054,-1.8060388734269106,-1.9418812210418632,-2.074622146528989,-2.2990048023577607,-2.413721988526793,-2.556733967849509,-2.7335446725913233,-2.887526500296791,-2.9207828049122444,-3.1550188056416615,-3.21297033044784,-3.190863102859255,-3.346654168552988,-3.3707508813303724,-3.2272073771036394,-3.3719757987487258,-3.3303539813175207,-3.2057546369953176,-3.1316617776193976,-3.1352379472207264,-3.010063130250487,-2.9279814969124676,-2.838121497353347,-2.6116962469781133,-2.5803336470163236,-2.4274755671701684,-2.3322766782797855,-2.008440796379362,-1.8228162643836772,-1.5965217353979118,-1.2703425639272452,-0.9513995942750442,-0.7203155260717443,-0.33754617373513807
-0.06834135009190927,6.335064887876678e+36,0,0,0,0,0,0,0,0,0,0,0,0,0,0,-0.9427386421352603,-0.7761294594397905,-0.8682165484011499,9.589650303540745e+37,0,0,0,-1.6034042945672335,-2.0797525903242584,-2.914155336276972,-3.591552455200208,-3.69593973487453,-4.005206702306748,-4.060825825375785,-4.010033821068431,-4.212347159995284,-4.205486743328734,-4.037886904432426,-3.939478521385158,-4.060841407360217,-3.848161100097188,-3.7231212971569327,-3.780241609635901,-3.4792078907294566,-3.361863520294039,-3.2674625536622206,-3.146866289380638,-2.7837631301394987,-2.569407534904117,-2.4225555726673074,-2.027906415402043,-1.8551999754034108,-1.6690997720215413,-1.3277241107423705
0,0,0,0,0,0,0,0,0,0,0,0,0,0,0,0,0,0,0,0,0,3.335919089580306e+38,2.885045080023379e+38,0,0,0,-3.8898648061666092,-4.085648757529947,-4.303490647345041,-4.48215739008454,-4.4540600293744195,-4.743427241086923,-4.761056639774102,-4.540789373873084,-4.57831869972534,-4.602419900839299,-4.2127021006148695,-4.175978629385905,-4.242253751991055,-3.8213093789217023,-3.768571795117974,-3.543570348675703,-3.459386269872332,-3.0587024081239242,-2.814928152027016,-2.5680968141439995,-2.245710674240792,-1.9444066434713467,-1.7607250021263892,-1.4297045483186834
0,0,0,0,0,0,0,0,0.22004299655892398,-1.5005554493189603,-1.51991438583669,-1.6035156666584836,-1.8947332990628685,-1.9841998199200819,-2.1364053391395195,-2.1625863994229597,-2.343713447499114,-2.4379858718482708,-2.644450723160217,-2.8588395190589693,-3.091160094079726,-3.192423003435938,-3.471623362112305,-3.625195440424995,-3.878229795488224,-4.222208590767573,-4.346760696890284,-4.482277245745549,-4.750098084158678,-4.886710761851719,-4.845765517744778,-4.9710768298637955,-4.972828492619599,-4.823404793264889,-4.768770897560177,-4.857162314068548,-4.508317944906022,-4.239022664060659,-4.343280355420368,-3.8403871892487396,-3.5988712308371964,-3.5496719728997776,-3.2865678907626763,-2.788849580908519,-2.677158414187245,-2.4324200061803807,-2.003006722391564,-1.7542599778896537,-1.500258201180164,-1.1694624657312065
0,0,-1.084780916910952,-0.9171074924096058,-0.9473402115482346,-1.006658476085237,-1.2751710370974998,-1.321247868870237,-1.2411402669882021,-1.3539610297582516,-1.4496934232319123,-1.5210314639077154,-1.6587479897379702,-1.6959244331626344,-1.8642632847118892,-1.9778223758320854,-2.114527081461654,-2.2918011951284205,-2.382481345452787,-2.59311459041064,-2.8254823253563988,-2.9857502619917686,-3.2407858597007544,-3.4928277142987585,-3.847704217680659,-4.122388165277788,-4.330155536702346,-4.587891057547138,-4.801521362220581,-4.878728192690001,-4.915059361739564,-4.847228569709279,-4.825924636228412,-4.622441936189766,-4.494695823968166,-4.4225217435834425,-4.063938872871932,-3.847012722762161,-3.760695339057169,-3.389501454392337,-3.2724715245003932,-3.1424932875873552,-2.95689875142411,-2.493414048164745,-2.253099623406535,-2.0499680432650864,-1.593351256228695,-1.3546980189381874,-1.1676142819080784,-0.8050450225529286
-0.4984976493325602,-0.4928700463442193,-0.5024107540589215,-0.5471996563241665,-0.557196657733466,-0.566137663098627,-0.6036122072909347,-0.6241562051298888,-0.666412920528903,-0.7526240980565073,-0.7686717157499687,-0.8009839884398328,-0.8263647523012518,-0.8568185833162362,-0.8891546733378621,-0.9441136822351883,-1.040802717728589,-1.1734271656310362,-1.238120093877785,-1.4163431965793845,-1.58938001316664,-1.7192457829243042,-1.8530060768238934,-1.977897906750616,-2.2854725020232753,-2.5508965255800566,-2.804862775219961,-3.353367372557956,-3.6892182454130986,-4.077362833519121,-4.522960727860817,-4.62497314445092,-4.622318644686969,-4.3358597452491,-4.035467190425973,-3.922568850164002,-3.390561970550058,-3.1014143103672573,-3.068973160295443,-2.5384985741861263,-2.4569644666309087,-2.42018639073799,-2.277482621753828,-1.9369462337032024,-1.8366109840800815,-1.6114256889926304,-1.2353958807224075,-1.0454722905956642,-0.8121883825839836,-0.5167405047645769
-0.09587894237818337,-0.06888356721317342,-0.0660085642841314,-0.0839156116748697,-0.12135420458144087,-0.13855557319701164,-0.15708356671799917,-0.16396257606973696,-0.18935112588995578,-0.21051076783138437,-0.21712029092583363,-0.2371008787883958,-0.24961881008049788,-0.2921823643608616,-0.34696076136526915,-0.4001537691780388,-0.4893175306381519,-0.517643793292082,-0.4453464918898703,-0.4983037094522005,-0.5225132611456182,-0.5234587524044809,-0.6042884229313227,-0.5991246364813511,-0.6975942926350326,-0.8125906427239493,-0.8867220900882669,-1.2220050879498672,-1.499017187371776,-1.7941968584664714,-2.9567542515227214,-3.3844906313248977,-4.226763029168619,-4.281898536004411,-3.72910066037579,-3.251404221819119,-2.545765338782098,-2.2827342166342577,-2.1110373942818774,-1.8411061926512653,-1.5579293647303607,-1.4680139531615202,-1.4028702445708383,-0.8552844418891552,-0.7359526526675769,-0.6633861647924462,-0.450251366737157,-0.337278551605989,-0.21975045853705882,0.0054294174379197774
0.05544168806232318,0.10471602849654459,0.23828273626213087,0.25210728631533097,0.3379804863263987,0.37413950080835784,0.4153334318277636,0.42079645766063845,0.4072766528692352,0.42257020232578413,0.42316668116748424,0.39531948536712025,0.3871942341380352,0.3652836100632104,0.2526765280633353,0.1972677728311394,0.1847522895135441,0.1432737107672794,0.17279762175511174,0.16987306751756923,0.21192430765788223,0.13725655484524835,0.11951361992881829,0.1057903475212177,0.15709491097372225,0.20905364351709782,0.32900940487617025,0.6749057726707893,1.1203733011069048,1.2938893805213558,1.9087666354953636,2.158083413041101,2.306651298759171,2.482666634132347,2.2760929514726693,-0.8268301512487946,2.6788648323644604,2.535367596939306,1.8072064187530446,1.1217941038592463,0.7201695824417237,0.5033527293192275,0.356905448483069,0.08854283385581975,0.05523618871447612,0.01052475616615401,0.016759183555783617,0.036394813321136685,0.07038993911557277,0.17162337054530694
0,0,0,0,0,0.13223893249543428,0.33067294482505855,0.4258827555926486,0.53904660609048,0.6059532144422252,0.6076515545726133,0.5056327959536462,0.4631390735266359,0.40781414774940233,0.33418774848411004,0.3344300806869182,0.29204932196183203,0.24461805013478946,0.29934191346461536,0.3727400703437103,0.6241302259332872,0.6603378683343423,0.6756341584473845,0.6497024405050181,0.5932723103135845,0.6316399914839917,0.7987759028077366,1.010617961752832,1.18107330550708,1.2652817029721863,1.5155000372524452,1.709697465199115,1.9394992831333648,2.6083486382780077,3.0576530374583237,2.576730358712134,-2.6600588473839815,1.7453789852791073,2.948858256700679,2.226009327956239,1.7746772020831543,1.4842255717089998,1.1101470798189617,0.70828506896406,0.576521651002544,0.492609686649455,0.3490812886318549,0.32010588970909115,0.3006088048809629,0.3047510629178838
0,0,0,0,0,0,0,0.12209539074612062,0.4487401462768286,0.6068420232970927,0.6795085088126047,0.6016945332810235,0.5875249411315134,0.5228874481040655,0.43448787041232156,0.4414156333613773,0.45943269837920875,0.438861149817853,0.45742105403782385,0.4105459708119803,0.30803974393023326,0.28440945731180417,0.2623579821558606,0.22887397226797265,0.304328070242122,0.4100453136078168,0.46997035021066985,0.6196526785770743,0.697360408809895,0.8253060942538318,1.1265706319449968,1.319840684093192,1.528695622182606,2.0553003257179143,2.4873551744799833,2.7029092135710058,2.6498565655569792,-2.718226515969973,1.9616392426436493,2.7874785988497877,2.42970050320571,1.9352901363458703,1.6850671481495436,1.1243924503821403,0.9195610891222264,0.7126431010455752,0.5029131425006019,0.37138520354536597,0.3163241596754021,0.19320540214832657
0,0,0,0,0,0,0,0,0,0,0,0.49578950691486184,0.4260692561553919,0.4527608590032134,0.41093615818940565,0.4485276484746594,0.47965131315483917,0.36095917052274823,0.35883981185141844,0.43246153853595454,0.4204809143980143,0.40275734928818835,0.4193740596980552,0.4182022545851036,0.4131951348940154,0.4529688370009548,0.5226152018994077,0.5769888078087423,0.7218958905087456,0.8833117784744103,1.108988760792438,1.3149622137354293,1.4274484806892236,1.7710586384880476,2.0852214339967037,2.369071981172004,2.7242395657409673,2.6726744015457182,-0.35099466074651103,1.6595415993310199,2.3575161229462003,2.603053621764732,2.4618309288864046,1.9687707287749114,1.7715257317499606,1.6155966983146486,1.2520895889670736,1.0978488709217218,0.9748850927480762,0.8027311824040629
0,0,0,0,0,0,0,0,0,0,0,0,0,0.09192223498292726,-0.13807752442408625,0.1849885867582863,0.30171873269334026,0.4289957512003122,0.4394828742521032,0.4603338106588997,0.3555672842115103,0.3098462554440985,0.28393878594375643,0.22718831522407626,0.14073501855792084,0.19935404479470636,0.199807885342093,0.3219243337105506,0.5267782195049823,0.738000708568037,1.1514358495862629,1.2909554292975238,1.3760297372534511,1.5483837124345632,1.6527887744216267,1.7872134416573506,2.019119241187957,2.1272855569735523,2.228635744289018,2.069617148401963,0.05968917710395979,2.167168423411567,1.8294706267124201,2.30022105885613,2.1940537073772384,2.0363286626467048,1.6842872415800751,1.5742386112173503,1.5383288543034472,1.4077676682450437
0,0,0,0,0.061336934711392045,0,0,0,0.23217194478278894,0,0,0,0,0,0,0,0,0,0,-0.7211118438262815,-0.24618188931356647,-0.13108070567177374,-0.0775977692404274,0.020588826288701147,0.030938081663936072,0.04276412541630657,0.12603916970039947,0.24913722698361673,0.4740801546945403,0.6352813979757707,0.8053123020871029,0.8616875704944155,0.8763665900747021,0.9555846735840192,1.039672587931191,1.1505633379231415,1.524816695885146,1.6584746174447809,1.7635316404062962,1.9219878342604917,1.9908502258672245,2.02358149386038,2.055681087881406,-1.712816162309061,0.6472589863768548,1.6928114272767605,1.8547278100862252,1.7226651427439634,1.6150708000386969,1.4286970485153023
0,0,0,0,0,0,0,0,0,0,0,0,0,0,0,-3.2160838646628982e+38,-0.06129213401157618,0.18443521340021776,-0.050582764147622986,0.17444357702955543,0.24422269922895845,-0.10416066268762318,-0.6374052865104207,-0.8060150608714718,-0.6845421677297346,-0.7377467212171896,-0.6681127047641368,-0.41651326564602764,-0.32061760191781163,-0.19056516991058187,0.2569722998472002,0.46100848699432173,0.6496169302390171,0.9152946332888593,0.9948776579969241,1.1820464716611427,1.4142620637454735,1.4684798489645259,1.516732071570242,1.6254972153489957,1.6534043332223771,1.6766565175977435,1.7333363307948848,1.827826623480138,1.442491528078531,1.0325810024926456,1.7786706475953724,1.5894151774912995,1.626831855803595,1.4209333898230085
0,0,0,0,0,0,0,0,0,0,0,0,0,0,0,0,0,0,0,0,-0.37630177534851184,-0.6042687227713962,-0.9556504645823988,-1.0611696469214573,-1.1479790972731647,-1.2856839849302193,-1.2288326071729048,-0.9004425746848607,-0.6398887843650033,-0.31409708269767056,0.014508583655886104,0.13820287932042327,0.30727484096932334,0.580342636894515,0.7486501063374835,0.8255390839760252,0.9684868047943159,1.0809009329491508,1.1527358504140035,1.3267591152457183,1.4135119292455947,1.5042092213817193,1.5629046413995211,1.6860816601196058,1.7125836934785534,1.465540723028514,1.5970494078189157,1.2907520139289834,1.5451263895733875,1.3920324324774407
0,0,0,0,0,0,0,0,0,0,0.16847161853282996,0.2426615469233633,0.28504929292209297,0.31757462683020177,0.36379264486170526,0.41812375162207127,0.5115350898632934,0.4990123785273601,0.3393185802930762,0.03754610785469834,-0.41842041218653925,-0.4885999801115199,-0.46469711346200443,0.7874408547911033,-0.8160777423511667,-1.157056250016574,-1.030907810774024,-0.7479163439074521,-0.6072026114539221,-0.4247271114510046,-0.07211856445893458,0.06329427732884928,0.1950896155406738,0.5120916049113268,0.6284685668411126,0.7612422525740324,1.033875087999857,1.138887447485181,1.1591049127864936,1.2132153064280733,1.2538187060450872,1.2816881574047565,1.340658977548587,1.4862237273446326,1.5353648307554508,1.5483763428206112,-1.139529488131754,1.0692818595362172,1.4878741134071307,1.2361137678850762
