jsons/1312772400.json
{"header": {"parameterUnit": "m", "parameterNumber": 2, "dx": 0.1, "dy": 0.5, "parameterNumberName": "Eastward wave", "la1": 40.97354507446295, "la2": 16.46031188964855, "parameterCategory": 2, "lo2": 133.9931640625001, "nx": 191, "ny": 50, "refTime": "2011-08-05 8:00:00", "lo1": 114.97908020019554}, "data":
[rows 22 to 43 of 50, columns 98 to 146 of 191]
1.020916962166347,0.7240185187364515,0.7029926759606527,0.8694925588671052,1.0527798423633792,1.0947120019599539,1.1382580168658416,1.1956656706272368,1.2296006672275668,1.264328612367258,1.2855922885342028,1.287973977358051,1.2993991010235564,1.3014900690671842,1.3146992888320352,1.3330075616911494,1.337461518322451,1.3518964993029643,1.3639942480348286,1.3657649848160547,1.3788968665232333,1.3819296967487422,1.3901462567919862,1.4144507985830634,1.4163546302777583,1.4278830594423488,1.424034167803562,1.41927078719735,1.4232770577325287,1.4272861608428933,1.420118616985656,1.4404970685885863,1.442193050808181,1.4192091347394822,1.4112234353709714,1.402458482975535,1.3993676647204354,1.4089609845112978,1.3902479644769143,1.3601252190785105,1.345000853397127,1.3369706079498997,1.3206783795332986,1.314960619287204,1.3039750180618128,1.2821450629478952,1.2685444238853678,1.2672458697732714,1.2799167664961684
0.43703500658028066,0.4658040595919596,0.45697642331429755,0.571915658860807,0.8552434750717555,0.9068549937841226,0.9782779422884236,1.04333897323184,1.0982778131448578,1.1245191128987584,1.1594384271942804,1.176747445122317,1.1961468626626062,1.2206531427302691,1.2470639093190332,1.2603807082515448,1.2693804493847811,1.2884017999266766,1.2917326557333246,1.2992626317797549,1.3263172859015717,1.3360609360066689,1.3461422980829008,1.3706702518003688,1.3374220519050715,1.3540396249174975,1.3601957978354546,1.3632174199358238,1.3863645379238998,1.386547285401078,1.3774592551860447,1.3877821231834286,1.3897730589180912,1.3724760993716483,1.363799787548804,1.3585884670922577,1.315909589008384,1.3321414628479116,1.3184052527058552,1.2632391868841975,1.2461164158854727,1.2348704732986893,1.188197801704625,1.1698044940089363,1.1638306355526993,1.1535924077561197,1.131086089940809,1.1130331772526256,1.1035107834531972
-0.42263659231303924,0.41221503839459006,0.4378721001022269,0.3586998530793686,0.5244388918096603,0.5748368181326435,0.6699410132009243,0.8000790376085409,0.8622948203615164,0.904452363274682,1.0222143498191003,1.0470212465428343,1.0742238531660782,1.079196829752705,1.0972878470343366,1.119535420665746,1.1490900034188056,1.1675486909426045,1.1981774446190245,1.203210063927824,1.2095459881321071,1.205228653433286,1.2109489690573783,1.2190494547961004,1.2305724647373935,1.2461310251196267,1.2462021759095059,1.2674999817992725,1.2934987550831423,1.2775161066950356,1.255724929691757,1.249954032218853,1.2674009097297245,1.2324835981349997,1.2409208703644137,1.2244440190554706,1.167746369578015,1.136463441693162,1.1157663625225638,1.0324177215010957,0.9988900968176107,0.9653906947517584,0.8883944371667962,0.8435121922351568,0.8193448292866026,0.777789512567405,0.8048995573096073,0.7875574375317957,0.8035909639417245
-0.44882021993863924,1.0599793112746374,1.025193296827266,0.5298250712163652,0.2997245875732349,0.3415305224998386,0.4100289153926537,0.5069370607380725,0.604595676794708,0.6464948128213753,0.7881354911596776,0.8248394562776341,0.8301654865079904,0.8962346815487504,0.9333313887225753,1.005261950678186,1.0018260891563413,1.011857928326523,1.0237098987677702,1.0348463490495636,1.0449900646395416,1.0591683375951315,1.0933566283136686,1.0735762170793217,1.0826904306813339,1.1080114873232907,1.0941991838663918,1.095317886930672,1.0725066159814904,1.0616985469947946,1.0061437391753922,1.0063999934581978,1.0086007769620977,0.9699632749751177,0.9822589289235963,0.9727104537662075,0.984377279272143,0.9721206012284248,0.92944166909098,0.8387472291991388,0.8036667701440293,0.7635364574962062,0.5722919040960511,1.0661301641181282,-0.4072011921892614,-1.1310963340028004,-0.7803180412915817,-0.7635672171313832,-0.7612144117323123
-0.7163389007498837,-1.0899021606992767,0.5182731449414218,0.2291503585520577,0.9395531593226251,0.6811422479982988,0.3907599422676637,0.23676352839524017,0.2931528111844688,0.3265384348884562,0.4584211517097972,0.502560246219874,0.5527065592127952,0.5836151338121575,0.700073484640258,0.7413480012937338,0.7792099739356281,0.8212148216417888,0.8467365844188145,0.8705379672820639,0.9614002715317079,0.9575446205713116,0.9891318458350987,1.0023892551987403,0.9981637032249621,1.0066038087788716,0.9443041310316358,0.9440552023232703,0.9474045109710082,0.9513860193030713,0.925447227462599,0.9104058237710203,0.9067561356226137,0.8348583125476671,0.8088216067617215,0.7973016721273681,0.7221518444472981,0.6645868223795621,0.6011636910575024,0.5096585839602267,0.7298905511225542,0.718759060294851,0.9435729443385752,0.7121855021512734,0.64554379245669,0.7724206810532099,0.8293179347651403,0.8040757038897308,0.9001639566016447
-0.08024229350133187,-0.07058825167698458,-1.1807745531128948,1.2096559185650633,1.0900948278710356,0.5441410919543938,0.37634842185229384,0.17012824648528835,0.20754746892101258,0.25247897883960224,0.3345586850151665,0.3694610761008508,0.4380495667480425,0.4894482033633663,0.5744181514598782,0.5989069585367691,0.6317178490767726,0.7333227945861648,0.7315691870178911,0.7593239390753439,0.7597129901161912,0.7435411029324864,0.7644729238158877,0.7921181587021797,0.7685517658211883,0.7538276878043733,0.7901167459438586,0.7467789659923593,0.7319545608029483,0.7247302976833286,0.7099401303077858,0.7100739534889523,0.7394723819301028,0.7197509629266649,0.710855621659696,0.710824267661987,0.6827399373345376,0.6674431871384905,0.6509803839481296,0.6649787429699666,0.6644831689100629,0.6724344713182074,0.6626743801195419,0.6550207049918468,0.6614634492737153,0.717919999379848,0.7415749272889999,0.7757686546945005,0.7757611542256435
-0.1261476860404515,-0.2674829804061154,-0.18689230390447267,-0.7905017381696493,-1.1260539958186082,0.3575923324859206,1.057689793967452,0.38802581667102704,0.20836941895673647,0.21810271576943419,0.24840462872560465,0.32091629842463837,0.35956846232130896,0.43028509409819043,0.49870818724249333,0.5158446458521668,0.5443348749754089,0.5696633772624156,0.5938520611458759,0.594824302091643,0.5984971080647015,0.5674430000594013,0.5428880777541794,0.5042607176662319,0.4705440800634991,0.4449491468488923,0.42113158845769066,0.4070883787382296,0.3776676218697329,0.28803757615766984,0.2726175035057122,1.1083308245650763,-0.3431602188727491,-1.2919310663982142,0.4697270597708766,0.9509350305634486,1.0470587658797,0.5219259947785886,0.3766710901724993,0.33117030109066936,0.30115800284030253,0.3631494759932366,0.39060321963936084,0.4092429055794902,0.4199058981445454,0.45700688054508815,0.45864133860454603,0.44475686367266687,0.43359102007834305
-0.07283714837683168,-0.188877735616267,-0.288294341460279,-0.7951516435723263,-1.1830398358764396,-0.8511806042039604,-0.6081842271314387,0.6008108487791874,1.1706403214648464,0.44040545898432604,0.24540098338082275,0.24770019421120223,0.2714169778102695,0.29622698561698907,0.3389513054817241,0.3881562052128547,0.40498535933125945,0.44603076488765486,0.46024010204444704,0.43002227086875383,0.41366793100163646,0.4065345298220717,0.4029518453039012,0.3739796228727702,0.3212059283620152,0.26082328047510467,0.8971721012310486,0.033174208062461644,-0.7094365931400756,-0.16458469662237973,-1.022748463217752,0.2622912927472713,0.6283105745811792,0.8077746513909594,0.867900250465559,0.9052080431038095,0.953855164627457,1.0067455459721264,1.0627701839052333,1.0703378825762397,1.1015011000031132,1.1353585561752133,0.8915838743872433,0.7101188881684248,0.6865898662933603,0.5997694699550422,0.49549360462922076,0.5010336124479995,0.478119045267501
-0.09378573005007812,-0.07065657528847198,-0.23052600938182757,-0.5205241972126081,-0.9341695872180932,-1.1640979220850804,-1.12885844147177,0.5170579241927457,0.3080143168642223,0.10120302730502859,0.18527875582061606,0.19393992980537922,0.18402394859789997,0.20682081114631595,0.25028731273239613,0.2659878241858638,0.3057342977316949,0.34951224386329266,0.3592409679667784,0.3716406501294999,0.3557260768886311,0.3539131766047405,0.3506213329775506,0.3666970995801474,0.3432816829724601,0.3492852032073128,0.3171610702863466,0.3015421578945537,0.3857581075716489,0.4124635641533018,0.5810003984464667,0.7277583685935256,0.8865389931895958,1.041204955616972,1.0100487134348843,1.0075692212609044,1.0215997259519072,1.0040860319093043,1.0174769731334796,0.9976628988365038,1.0050764945773485,0.9971937537567644,0.9894691860144211,0.9631439100305856,0.9641853813953554,0.9135183194222883,0.9050085035707441,0.8997071482347594,0.8463694573272089
-0.23556929946985963,-0.20371089628806086,-0.20791587459132074,-0.2091078516125243,-0.1592871390224466,-0.13426368452108553,-0.12510746315697724,-0.4966602478228572,-0.6667120064826935,-1.2103509056408073,0.4915963274228098,0.45555418065638753,0.200007515417787,0.07693564207166413,0.1363365999744133,0.16656132136350799,0.17846019881102965,0.2111333250601389,0.20233123750456716,0.1974225041873655,0.21625468419308708,0.2263824908962102,0.22699402529509644,0.2019127777040872,0.22444076124829676,0.253212889217465,0.23509843745193365,0.2350463832189486,0.22706351798256988,0.2221668718428925,0.20939653505604522,0.19886143578359294,0.20043218838878846,0.3927789991820383,0.4237198056117905,0.4658034921793981,0.5812193552910637,0.5797641006232018,0.5771223148903546,0.47485857510589924,0.49736483251146235,0.462587224190994,0.5794767579108562,0.5788503769266194,0.6018306412591427,0.6716201809213083,0.66517141049945,0.7033454977445472,0.7011790195957374
-0.4127594401705374,-0.30638904213847673,-0.27689479798898375,-0.2756019538297891,-0.6726887216247571,-0.9073073498898716,-1.0494955668061998,-0.6516655089955078,-0.36657793483131434,-0.19911183847724584,-0.29054928565488725,-0.7521519593328054,-0.2507989681619474,0.9794704313912082,-1.2110449624058983,1.1660866925322853,1.087561763485857,1.097710180796278,-0.679699824653563,0.2876408603883527,0.618869936313375,0.29367331299405547,0.10782616104617865,0.09589811133482082,0.10032307902636368,0.12039115373056297,0.4284281650049405,0.5595861108998051,0.8327814774975938,0.6822744360418326,1.3611747456042353,0.7257248971880499,-1.3718849530817627,-0.6005519507413791,-0.21132872150580234,-0.18750042940038125,-0.8518410607228006,-0.8517349018138811,0.5124544631055641,-0.5498288449156837,-0.1488726213369767,0.3488909747608603,0.9608633964079374,1.2499887354230494,1.076166814391657,0.7032173157250678,0.5927691443128482,0.3593800966641694,0.1978596356470373
-0.6496119649239591,-0.4250299581484449,-0.3710620663843679,-0.3987180212237704,-0.25200256615935324,0.519405378700557,1.202678302041486,1.1457737271595945,0.1524537139521605,-0.9159698429160518,-0.10219849331584346,-0.11380219839837188,-0.1460860824925119,-0.15906333959530883,-0.37877178081294116,-0.39953937284162366,-0.5675568438530155,-1.152670971461814,1.1037043756748566,0.7099064898886218,1.1391354994755885,0.5487221555718829,0.5960676969814125,0.8076452690005508,1.2423201386612601,1.2798196587607147,1.046193925536307,1.1242091682785154,-0.8505800551429914,-0.17316346118723333,-0.5274300467034048,-0.14739800186065,-0.1523912731412971,-0.1852133899062501,-0.18632999841222866,-0.1886190732234334,-0.18789841043891026,-0.19124960475492728,-0.2000810484431766,-0.20687506871284747,-0.177932837461486,-0.1681057809423664,-0.5067963072881058,-0.7297553973622463,-0.5870788914564781,-1.3528453974637864,-1.3747250618496847,-1.3081871403795442,-0.892472156039457
-0.9346495549480726,-0.815040618388274,-0.7604262123383434,-0.6768354581870071,-0.5317311822933702,-0.4411480482201309,-0.39073599994435565,-0.3165807380544093,-0.2874431426327312,-0.2932371695657092,-0.3125482060321014,-0.32450345414260395,-0.3196712243283062,-0.30150918599722737,-0.32173343432984447,-0.32046861415171884,-0.33113054839823225,-0.30181469467116745,-0.27531766894607995,-0.27695943973175013,-0.2336336153534724,-0.3795470923842756,-0.18298564388570257,-0.14503326646393452,-0.14499335486209203,-0.15411939502310862,-0.12660067473338354,-0.31708989095364815,-0.3277680849033551,-0.12039100177792744,-0.12296726408322747,-0.12456787827798259,-0.12269182314475462,-0.14332043370234265,-0.1418777692293514,-0.162177629779187,-0.1745854627049719,-0.18192749097008704,-0.20453375643535457,-0.20915102135407662,-0.2033720291002926,-0.19554116623571835,-0.20079851089434103,-0.19196672944950535,-0.18306822911717974,-0.1745410614010626,-0.18718097549929252,-0.21478972234136473,-0.3243292609067515
-1.1247230410091962,-1.0366286823551936,-0.9887821941317353,-0.9267144600067121,-0.8090807434726547,-0.7691449589813748,-0.7089350607540025,-0.5846359206373157,-0.5418583414292574,-0.488377618150576,-0.4450508236145536,-0.4509152205766199,-0.45589344258712333,-0.4537829866071159,-0.470645134466663,-0.4665487377417581,-0.4624867829278049,-0.41373732195298774,-0.3665578830741213,-0.3512297251612176,-0.3875538118408251,-0.35547265219454455,-0.3345707248582683,-0.31756770095351744,-0.2964551153204288,-0.2986547844615996,-0.25892042906295587,-0.2513331899499024,-0.22296629915999133,-0.20206022122913891,-0.18218709637772101,-0.18316874565769756,-0.19977738413289592,-0.2298858527210651,-0.21847387483661976,-0.2112255892138492,-0.20810890286443468,-0.21054069958476632,-0.21178202041499983,-0.21246328017963992,-0.21248992847706896,-0.20726957648204491,-0.16524117496766083,-0.15887166348526674,-0.1753947554566365,-0.18060319957247054,-0.18009502619895457,-0.18541782133288723,-0.18387055093057567
-1.14220906663696,-1.1328099072673812,-1.1173658210756614,-1.092426118850924,-1.040217308404949,-0.9800549294661488,-0.930126455396062,-0.8406305988329632,-0.8094275865624441,-0.7563066496782719,-0.7215476432235145,-0.6833213554303975,-0.6367552994438708,-0.6240826035782407,-0.6139270213416764,-0.6218431935120331,-0.5873247262947093,-0.5396523805694243,-0.5298613950239592,-0.5148695536446748,-0.5041453989894084,-0.4865062822220526,-0.4831952571032227,-0.45595514727409986,-0.4306398089911242,-0.40820124618194015,-0.3856719541612777,-0.35846858329562487,-0.3518755698619296,-0.3344462770879921,-0.30714649294849233,-0.3024941684562776,-0.2972791377223203,-0.28910068105507297,-0.28238993238942484,-0.28212907445597624,-0.2678470976655626,-0.26370795336930997,-0.2586946344675977,-0.25632443385779674,-0.2502584781097187,-0.2466812052036543,-0.2452848964222527,-0.246652081047397,-0.24518380769405854,-0.25401133703226303,-0.2600779708786836,-0.24982306339405577,-0.23653231308952533
-1.1586914194112143,-1.1640132029981143,-1.1378597882163488,-1.1194298820209487,-1.096787063702524,-1.0775193035043837,-1.0497014150150592,-0.961814762071147,-0.9350069023651507,-0.8473698003463753,-0.775522350580477,-0.7743161073909279,-0.7483189839194392,-0.7265687420672754,-0.6904499781980533,-0.6804733153829718,-0.6531556484807893,-0.6415489355845226,-0.641154188029375,-0.6455990487836344,-0.624236581953974,-0.5957811720841675,-0.5760421954825051,-0.5078253675883017,-0.49059725545085503,-0.48411634335306114,-0.47685821487119795,-0.452042115583973,-0.42510703916298276,-0.41200121192130085,-0.37245063279418233,-0.36653477422218755,-0.3633432387548494,-0.35100260310837933,-0.3242505105302233,-0.3034227120229454,-0.300316809550556,-0.29578702000429247,-0.2943646982703123,-0.2967457158667937,-0.3001139678173776,-0.30073703834994153,-0.2995395927226599,-0.30391723520132563,-0.30678641707125814,-0.3035160498097802,-0.2989801370201565,-0.29526116593864,-0.2931707544184967
-1.1831639443932083,-1.1670931848295216,-1.1617090985383374,-1.1551232702014569,-1.110608367185688,-1.104175241259493,-1.090253029992586,-1.0526933443953364,-1.0042377195988184,-0.976019312575258,-0.9357876047483489,-0.9267338243856714,-0.8988437880613658,-0.8695124788159989,-0.8485913570189931,-0.8047651058027544,-0.7716087780840899,-0.699962616659669,-0.6632547717219206,-0.6750479858444992,-0.6781732569394281,-0.6757706662736889,-0.6681025942084593,-0.622615068417083,-0.5978892358214674,-0.5994189100078761,-0.5260263925348241,-0.4949657886334594,-0.4644845069074117,-0.4563715744574367,-0.4618633036384867,-0.45523307400607377,-0.4595822278272742,-0.433812337535143,-0.4110774706114811,-0.3979195319435118,-0.37928894826465004,-0.3604611663343475,-0.3553298976776396,-0.35586117072624146,-0.3520290108733156,-0.3433458849536261,-0.3316301433988296,-0.3428946429361651,-0.35102121167801353,-0.35255168915402374,-0.3528540040235342,-0.3517903928382453,-0.35381592213315877
-1.2076005147778701,-1.182126469995132,-1.171350413511583,-1.1692264206183642,-1.1518149868250747,-1.1449121934544957,-1.1330199432383465,-1.107796118778755,-1.0945970250133226,-1.0455009029792788,-0.9811989558201832,-0.9438434940590525,-0.9244692245078677,-0.9008911711453295,-0.8487575004636633,-0.8158185006947681,-0.791554212455845,-0.777229758717617,-0.7699862982432923,-0.7514752520444027,-0.7059555017390606,-0.6813331602737336,-0.6508328462264884,-0.5615031886497428,-0.5463959141543635,-0.5532798832613843,-0.5393796783391114,-0.528770332137723,-0.5246866850345203,-0.5177202954561148,-0.5035540588674229,-0.4925310064960403,-0.48587429839154384,-0.4788049467659382,-0.468362019182697,-0.4522462392659998,-0.4285443635854745,-0.42521026594350775,-0.42052745393258595,-0.40681183569889023,-0.40314720213696914,-0.40545085039181133,-0.40515376154719496,-0.40342831839138765,-0.3977501570130821,-0.38639731345144673,-0.37777381532633597,-0.3825153980232656,-0.39827810858289375
-1.254997354256539,-1.2032003848799508,-1.2040972070613127,-1.1819479007000822,-1.1566677257541433,-1.1442392515893636,-1.1451776695364202,-1.1235298622472096,-1.1033496080053338,-1.0631410978099607,-1.0297631215009242,-0.9726834521777916,-0.9236522065062422,-0.8821835810947825,-0.8591203652789796,-0.8302578720366454,-0.8074386797467322,-0.7854563771898454,-0.758698888174933,-0.7318497779800494,-0.7014517586614607,-0.6851462934532419,-0.65220295445894,-0.6281128942336857,-0.6092217556452121,-0.5921758616964148,-0.5408211641890108,-0.5272725345117872,-0.5296100240568441,-0.5261269663817608,-0.5155817981234428,-0.5113165393499687,-0.5100109998676401,-0.4912557509947113,-0.48264596496690104,-0.48053308671297346,-0.47651877016413763,-0.46555885292489935,-0.4556493151866592,-0.45493029868041857,-0.462716811137765,-0.46800860399880684,-0.46282400318815187,-0.46514986152963433,-0.4640193682747062,-0.4837690386490209,-0.4857688553599974,-0.48336612102905496,-0.4808440580395782
-1.2978187174616473,-1.2486699657201346,-1.2200533818998478,-1.221947891462815,-1.194657745388552,-1.167892659247561,-1.1497489135231624,-1.1005940962858423,-1.0707051793025069,-1.0672487926153813,-1.0052131849460761,-0.9555874289765428,-0.9377741583609484,-0.9239924599169489,-0.8591547025375916,-0.8370582745972018,-0.8208220669590854,-0.7742401125173084,-0.7431741174858784,-0.7303171660807202,-0.6954823828918939,-0.6680224941655923,-0.6489012136141283,-0.6420557532986553,-0.6214168285639482,-0.6022605820349669,-0.5856794460571588,-0.5850237716427841,-0.5796327848302619,-0.5801164568107143,-0.5853807606016861,-0.5675555777163017,-0.5451643090173555,-0.5258135880219892,-0.528094381027742,-0.5337259180577026,-0.5235404720817903,-0.5119896717244399,-0.5180970023999651,-0.5410094374092219,-0.5433231419620421,-0.5473311601727299,-0.5615863493986819,-0.5725950211315239,-0.5801617195460892,-0.6118945697310945,-0.644195362893553,-0.6755760015951379,-0.7123834197767772
-1.3061868796065002,-1.2815690876002228,-1.2725732184549454,-1.243185797501382,-1.2103558322721304,-1.192048818963687,-1.1688478297792486,-1.1389314916951707,-1.1345808162513709,-1.126042414024643,-1.1454514597161056,-1.0921281962153413,-1.0398940600235185,-1.0029431433741016,-0.9413661591968852,-0.9030355945160388,-0.8421831882585143,-0.8045507435022993,-0.8018983953945679,-0.7837444156626394,-0.7705886624528762,-0.7629252715018826,-0.7501925504460197,-0.7454525828039549,-0.7475286704065373,-0.7431475251568975,-0.7399059639173532,-0.7376764060301403,-0.7306972868815721,-0.715179728036093,-0.7232433977217949,-0.7295420089339324,-0.7125197382295314,-0.6866021085348679,-0.6730880984049257,-0.665931203795463,-0.6678050131923872,-0.6510153298649493,-0.6420428707540047,-0.6666438999395203,-0.6908661858686637,-0.6987996937721396,-0.7245860328719003,-0.749822722540109,1.801012442157992e+38,0,0,0,0
-1.320191402840699,-1.2973642267451735,-1.2897217166310462,-1.2718222740457314,-1.2322745667216575,-1.2122151153882972,-1.2090910415578533,-1.1905696627247628,-1.1932279157921126,-1.188797803897948,-1.135578379124979,-1.1257259240320099,-1.0943315530505713,-1.0669792285017887,-1.0055335651974486,-1.0010193231670346,-0.969055276834251,-0.9281371261238248,-0.9017078884410047,-0.885170766106579,-0.8341821085446388,-0.8228326570381391,-0.8324037568658578,-0.8505120122019154,-0.8522105056368863,-0.8479124523095047,-0.8394913490484949,-0.8556722694609575,-0.8532139485224993,-0.8524611843437246,-0.8543275224974874,-0.8452979687842669,-0.8393479345581353,-0.8525711047729242,-0.8465910093069957,-0.8510585803764824,-0.887332810459183,-0.8976072576301523,-0.8944422989177288,-1.4864011765544496,0,0,0,0,0,0,0,0,0
