jsons/1312790400.json
{"header": {"parameterUnit": "m", "parameterNumber": 2, "dx": 0.1, "dy": 0.5, "parameterNumberName": "Eastward wave", "la1": 40.97354507446295, "la2": 16.46031188964855, "parameterCategory": 2, "lo2": 133.9931640625001, "nx": 191, "ny": 50, "refTime": "2011-08-05 8:00:00", "lo1": 114.97908020019554}, "data":
[rows 22 to 43 of 50, columns 98 to 146 of 191]
0.8843887883302699,0.6492357643405361,0.6008100919983478,0.7076880053048269,0.8875280663260235,0.9311871937378229,0.9763269760016394,1.0246935154717036,1.054885985242686,1.085915901337913,1.1028235789831529,1.1024636332706215,1.1094980045677054,1.1095802152161447,1.1254270202167025,1.136984671363658,1.1423642653940718,1.1525103353343598,1.1625801835888085,1.1704701121931462,1.1856766688265494,1.1864719789742588,1.1913279284930731,1.214975980615295,1.2183244067048329,1.2347130433473288,1.2381469237796883,1.237033146325908,1.2402459565873425,1.2429197218556012,1.2318475497304198,1.2469826217046422,1.2480469926962112,1.2327406582851759,1.2278917087492047,1.2259004139705343,1.2185436788504111,1.2240906088081998,1.2174968239660424,1.187183960336282,1.1778187224215857,1.1839847274705741,1.1542794144310098,1.1470318946388596,1.1439443142777963,1.1040309786163969,1.0938926743986674,1.1033734732469647,1.1080705765535346
0.2810688858257401,0.3249543418921198,0.3968249666167882,0.5044550863981337,0.7531695909296194,0.7928255320676402,0.8422419816056076,0.8849692707770813,0.9219573869817812,0.9498002167522771,0.9986329568230562,1.011100666129642,1.0260310226960498,1.051003895832248,1.0735597773171504,1.0915866536168664,1.1030969866449971,1.1174108013843669,1.1176193671177015,1.1195017512265952,1.1441232220182718,1.154503853080599,1.1636592935430508,1.1863132456044718,1.1591594960184044,1.1566494928493034,1.1793297934965106,1.1832265465081282,1.1990383849233235,1.2047894506983319,1.1941394638869123,1.203936740535309,1.2086174060714152,1.2003371244979997,1.2057008828602391,1.2009029513896419,1.1550166601479555,1.1813726491732088,1.1672847776545738,1.109315535130355,1.1028607411993023,1.0940497276472674,1.0333630681060415,1.005710674573611,0.9993360610881261,0.9793342788791816,0.9489182823829954,0.9368715761237659,0.9329382675695966
-0.21016294279006467,0.3659661159621957,0.3610386378897062,0.28429915899618236,0.4112373787532448,0.47058348440352266,0.5585638845911709,0.6864145497653085,0.7555012980622686,0.7861661337092489,0.8479662918558863,0.8769141203540922,0.9090141645773626,0.9122542597104049,0.933069057745671,0.9524353858983502,0.975158064957162,0.9916485569309345,1.015356924424483,1.0227124027937051,1.038653456658257,1.040160007839506,1.0475575796767886,1.061287354272332,1.063705663734936,1.0739240381038957,1.0731677216383457,1.0974757029546984,1.1142102463181658,1.1183251846861995,1.1084934925470928,1.102202660268923,1.114001950534141,1.110368753278784,1.1006774234429977,1.0749052149307785,1.0182976952765619,0.9852610291530379,0.9685888282422427,0.8803664388547101,0.8470528100164086,0.8034804983212053,0.7088780169320098,0.6721747221501082,0.6540738283051718,0.6118037826701584,0.6397662331466363,0.6293538844521666,0.6429708659328655
0.7577662214666944,0.47640134280862834,0.1252590217144391,0.15068622162557657,0.2693538186068241,0.3060977891368105,0.36924264724306316,0.4466045233539369,0.502216348594756,0.5283776334763883,0.6722529616583093,0.7079109707195236,0.7079158230968905,0.7602809183562431,0.8000625955675145,0.8706816126360519,0.8663025447889123,0.8781078030664097,0.883015315201564,0.8835237305993026,0.9191078494274756,0.9362177261998572,0.9605543525293804,0.945668212207783,0.9549640796476182,0.9897465271825543,0.9581107036735766,0.9531306017821396,0.940297905784715,0.9313321056290439,0.9198232151778252,0.9230554305137911,0.9317182376106168,0.8899081769143393,0.8881045728027767,0.8735617676903551,0.9013679213954157,0.8859092089913504,0.8376763948508845,0.743096762305346,0.701374656093698,0.6523641281549969,0.6226146715057507,1.3945207920871983,-1.348962287210221,-0.4932837933740221,-0.6621639837140617,-0.7276145359058778,-0.6980893369040413
0.5306569282008886,0.30410769346188804,0.2910162304095851,0.12383924893906866,0.1522910747436609,0.18504056059634597,0.20608176600702077,0.21664390051857246,0.25340541128190547,0.28533380714579804,0.40626246469468197,0.4503833355568309,0.5201417431643697,0.554641042839354,0.6153698290502043,0.6509362082418807,0.6958686997103688,0.737452429744659,0.7638376187679384,0.7885062672238142,0.8734647553702082,0.8681576858235367,0.8820930813440735,0.8902897925345316,0.8795565173014374,0.8736391388612067,0.8362187264411247,0.8426338499798672,0.845223696397375,0.8354191918494823,0.8251558908573637,0.8118914766407496,0.7971745487456816,0.7839790398912374,0.7542198692868289,0.7229800746550871,0.6267515707494216,0.5661372154508941,0.5029173338787971,0.5977140129107761,0.8515988458477289,0.7783140992347919,0.7757969612418384,0.6040876501774174,0.5825801010514804,0.663564938426165,0.7246387459729151,0.6835046467450723,0.8022494471705881
0.7503080492370483,-0.031099334959862612,0.1445640148200261,0.6481772091542329,0.3075838401633903,0.13460713436793484,0.16143246344477782,0.20299351861230305,0.22959860885391314,0.2641547924671936,0.346296471934128,0.39023885508017725,0.44100635643453145,0.4832847681319163,0.5468925510136683,0.5566743655213872,0.5837045865424993,0.6764374456577219,0.6800787305376905,0.7117749684447929,0.6984537288830761,0.6913541851811259,0.6879486869594397,0.6851177357652595,0.6882162521836532,0.6768625358611527,0.6927356667852593,0.6649931994483724,0.6563080922594117,0.6644286540892237,0.6670567973859283,0.6733687403757886,0.7052654581783215,0.6820914757433678,0.6709444254619215,0.6502565683398933,0.6182912568100868,0.6498341445885724,0.6561727923464714,0.6780130202511091,0.6611107252378396,0.6537017340532871,0.6390123959733932,0.6304205562820548,0.6417681075083738,0.6780797108538956,0.6972016238754505,0.7157602224033257,0.7161058101665657
-0.7293409803241847,0.6598769304757635,0.1591340686541511,0.24628884927390315,0.10187128432529689,0.1346021163810185,0.17705815534796893,0.24193921897293355,0.30446875023878717,0.3113008053348352,0.2840995387105072,0.3781799056450994,0.41962458922921486,0.46931878776362174,0.5237227930899664,0.53703572460239,0.5520457753576115,0.5643351313732613,0.5971416451963988,0.5915901187011575,0.5805520570573484,0.5477097523919385,0.5140119705540588,0.46044529218987956,0.435431780853197,0.40733515485318716,0.36570430698659034,0.3515560892130898,0.3242208169430272,0.2402224408761804,0.1870314694413426,0.9122447135959928,-0.2594177997174472,-1.0780392737028481,0.442935026004522,0.8265034077126857,0.9447529069578275,0.5420698042715502,0.4207891874130918,0.384212671431513,0.3548256207709309,0.39434270516268743,0.42606857777379464,0.43079293112214456,0.4278081803815205,0.4357488736563065,0.44481138703520695,0.4272494786510453,0.4136204073621906
0.18915404894018245,0.08325664643435067,0.08007435253276705,0.07963959074934882,0.09815299646058653,0.11188933376165683,0.11953073074245393,0.1413904883856493,0.19266878076127653,0.2374608971852404,0.2828747245733285,0.3208861710189974,0.3645694740780657,0.38352527554212107,0.4115612259020896,0.44824529477647485,0.4681776536145155,0.4900548235421831,0.48837263851822693,0.45644837337611427,0.4565944371591046,0.45271353322842794,0.4468577048213486,0.4033828435709483,0.3469679106157497,0.2893389138274501,0.2812973889063755,0.8494504412821111,-0.26343572238088486,-0.5497077066774508,-0.8480098498798883,0.2123144863827552,0.5384214238358774,0.699676254185006,0.759658862089459,0.7963729775682111,0.8373798988763287,0.8836264550240079,0.9408614449571339,0.9675280200185394,1.002262964606864,1.0335036499009962,0.8473392819515626,0.6667181515661785,0.6396095846755139,0.5272244115809039,0.4495203484900027,0.4484205307066221,0.39858742312906925
0.6664091502909786,0.4991294867752862,0.4366990412267208,0.32246230087640404,0.16382929544563377,0.07565285048827565,0.058234414767193154,0.1397942087723766,0.1725502630428454,0.2019835483264248,0.2594831989148274,0.26962139350944275,0.2744018497475564,0.2906855538178185,0.33610598777214135,0.37129137753026636,0.39908644444801894,0.44036419475703803,0.4489312667183561,0.44814966562034125,0.4301397208047994,0.43236949789049867,0.44981901601723406,0.43597526736367237,0.4153508269375272,0.4205482091297843,0.3848355688701756,0.36693029302035,0.44863317648679374,0.4885182078153329,0.622980067881018,0.7370086932426066,0.845781635018366,0.9665626312632497,0.9329164176598642,0.9289920557721961,0.9382549480309048,0.9217242024521574,0.925086450740849,0.905739352953742,0.9152419173939,0.913675349561773,0.9095442705539143,0.8842675771382548,0.8864194209331357,0.8248131371703595,0.8130632307319051,0.8070182702234991,0.7360104252033101
-0.09368965128570078,-0.06880351675700391,-0.06793847303578864,-0.18182628950399352,-0.3834196469306059,-0.7378947778377365,-0.9458866089721755,0.8929175266315885,0.5251147186280795,0.26816447386639236,0.2036008645195691,0.2072256603050418,0.22980838694382105,0.2454698030750941,0.31262153901521167,0.30688624020975835,0.3007172305507094,0.3183001946079041,0.31513403755699604,0.31458958253654334,0.34202871018188,0.33625968019124197,0.3298132509228858,0.34138491696924983,0.34796694791873745,0.36900934689653436,0.35687961682283714,0.3525648396383237,0.3440758486128044,0.32868381427223053,0.31346872879417803,0.2964969525848332,0.3003709375250356,0.3018609995100331,0.3233583839598368,0.3406429777003175,0.3861326375762148,0.4378620707807969,0.4393282105098209,0.5072135365657514,0.5222841302588656,0.49485114738894737,0.5768725551631103,0.5655064460644449,0.5869102345742332,0.6425487586210972,0.630605859905481,0.6821289220742138,0.674564437741498
-0.23434593175460933,-0.16197821539969756,-0.2957673876942021,-0.4754765894960852,-0.6185677868633311,-0.8695887828461869,-0.9359121192583962,-0.9486291651738902,-0.7836301389659803,0.12082044599510898,0.08700813649288051,0.10212492725567435,0.14972730979116244,0.1892021165579251,0.1575756156423819,0.1893018912273384,0.18671248596661852,0.17366063918462868,0.16977941666059315,0.1909696054211063,0.2440235837728216,0.2610749184702861,0.25291872261632015,0.22138623761012433,0.2218789970801076,0.23535688695960097,0.23422384422946974,0.23423328644003985,0.21629693880904838,0.20629949393335345,0.24311761837836568,0.4173215919716457,0.8166223417275996,1.0625821850127293,-1.1623100033368734,-0.7618135190199372,-1.2504411203351553,0.469300966708664,0.372603039079702,0.083477039803921,0.6449111847903936,1.2635640501330574,0.9488029640212534,0.6411318324737483,0.5835618322142871,0.4174093015922423,0.3817781273511531,0.35194812894982064,0.2178537691032677
-0.35596954014998755,-0.1495862646746425,-0.5992012387535892,-0.713099187631378,0.5518546105876799,0.2465777488232368,0.29573558189488824,0.2401052809116214,0.18541936722285582,0.1337934037170052,0.10483711443250329,0.11412231045888961,0.129517262158972,0.10656695320543902,0.07401590249479965,0.07415489790675088,0.2138970148019435,0.10605682947144728,0.1541180259145215,0.15476976201803835,0.16496019504196835,0.17541502628008857,0.17583012332678427,0.17184857895133412,0.15883508722068707,0.15219016438906396,0.12028780117435109,0.11424153174143005,0.2859396969213744,0.07425313832022908,-0.39161257380887027,-0.2019714110472501,-0.9231846530883858,-0.29960653802534504,-0.2436844424342648,-0.10465657117862584,-0.10179818741291781,-0.10480871850511222,-0.10946930561453858,-0.1041962465750233,-0.32802172817971814,-0.282387565910519,-0.6322142712776014,-1.0130438609032921,-0.8128719389094136,-1.295220049300096,0.6572965494515011,1.118920176808743,0.4472574506008031
-0.7285955694228129,-0.5817703245995002,-0.5102453769638947,-0.41574938384652227,-0.26049223820434414,-0.15995851647298878,-0.3034708041619032,-1.0119579442835895,0.7994370244880018,-0.025309904732492287,-0.7654131032986143,-0.31002692696539214,-0.6771389062119506,-0.8307175412402507,-0.699109743154385,-0.7533709589844602,-0.41207799454034405,-0.5130108675319123,-0.6960426221350461,-0.670712784910476,-1.1267314771228314,-0.541467388494809,-0.860759717931265,-1.0199072796304776,-1.1224559062368875,-1.0237224231553652,1.1221663461611227,1.073556282883248,1.0877625597946206,1.0183454157928344,-0.7750342768354849,-0.9117592736711145,-0.18737918953511024,-0.19632666978752236,-0.077391349661717,-0.09306441306502794,-0.12970384780738264,-0.14036078785694012,-0.1621599883568432,-0.17479714232681035,-0.1736855962586992,-0.1763396227986764,-0.19249379817833948,-0.18867384883667213,-0.18537915685874948,-0.15717526330192247,-0.2067832939363254,-0.2231141281247497,-0.7000770470013564
-0.914392121407619,-0.8272328293050107,-0.7856873884048481,-0.7299661727147075,-0.5706767952639992,-0.5235894661077847,-0.44208267455692873,-0.34714648215508553,-0.31196569167546817,-0.268047563312815,-0.2511967881780968,-0.2544540168133901,-0.25289274757587277,-0.25201237737601423,-0.2508058454245577,-0.23826502175255537,-0.2345710351632638,-0.21012606589993785,-0.14768732600822285,-0.12522705949373528,-0.3828542876278879,-0.39566560396220907,-0.36063204225799833,-0.15819503515784733,-0.12981484669791776,-0.2942456129811864,-0.3563003693730588,-0.6584358366634216,-1.1956132455343833,-1.1966900290218787,-0.6313944681078532,-0.338989898533279,-0.33787755587811047,-0.07849419536765151,-0.09515265571583349,-0.11813989036876003,-0.14408372322367874,-0.14665871136183278,-0.15477759425806803,-0.18241925466504533,-0.19765218417464345,-0.1962394062265672,-0.14538998005016207,-0.13713615633506546,-0.16842717117785105,-0.1889974493579123,-0.1874052522321023,-0.18863064789784803,-0.18455209984941315
-0.9816351434134363,-0.9756158059941963,-0.9525755169750892,-0.9113842994495192,-0.8468446660482586,-0.7820661556247902,-0.7466242475633558,-0.6420193050146964,-0.609860939973068,-0.5450011804191933,-0.5027795941534259,-0.482315678281222,-0.46665683524695317,-0.4649941866293166,-0.42356911987001017,-0.4313525836283093,-0.3973789050560857,-0.3526605223665565,-0.3577072099915549,-0.3692575266510417,-0.3723251137414291,-0.3802515345864298,-0.38383448154232735,-0.37233851532076373,-0.34866837620630453,-0.3205005001821931,-0.28859476748798873,-0.24815705630415033,-0.23830696082145983,-0.22265652565956717,-0.19009486614891066,-0.19117283413028052,-0.1938845188404138,-0.19047282478212935,-0.18748317985311877,-0.18676647564737506,-0.1808057621064166,-0.18046790426142117,-0.1808958277819109,-0.18631739316841067,-0.19289697363348796,-0.20068179038880402,-0.20992376079636765,-0.21877785142804607,-0.22400264351207666,-0.24466634112091648,-0.2524682553782759,-0.243394677675264,-0.23173820327108652
-1.0256157581312204,-1.0284281920868925,-1.0071223483502652,-0.9904673592857067,-0.9461242393319663,-0.9148337496557359,-0.888972360937393,-0.7803672460174732,-0.7627152200925299,-0.6817974874518222,-0.6072036888297304,-0.5913621545901468,-0.5592198121810923,-0.5295154900451235,-0.47322939670371494,-0.48618565307362044,-0.492964173659703,-0.494131485213735,-0.49321418700613723,-0.5205539009927421,-0.5152906818850435,-0.4905157591549661,-0.47655760342657344,-0.43359942832708603,-0.41969447146264455,-0.41549451890900074,-0.4047007628381682,-0.37104366448987863,-0.33144807472256005,-0.3130060756891878,-0.2709680421491224,-0.2653632227577447,-0.26661550241870363,-0.257481724876252,-0.23240852614359345,-0.21120253503595837,-0.21199568613885192,-0.20909906985482452,-0.21376133380709472,-0.237562990774663,-0.2546416544703649,-0.27773038955041707,-0.29023269548307806,-0.2918427942228034,-0.2962647215261715,-0.294428053713066,-0.2883988309170307,-0.28359451498729166,-0.2830632222131681
-1.0610835767496454,-1.0501674886351768,-1.0532442195909397,-1.0542615459722233,-1.0146587129350615,-1.0049688574214664,-0.9920052370839687,-0.9510450765495032,-0.8904991100338541,-0.85584685106943,-0.7982867161781761,-0.7845740054993345,-0.7592376817964195,-0.7324416273958974,-0.7177651981358055,-0.6686808207385374,-0.637910083792516,-0.5815681331607119,-0.554265729906412,-0.5732522405249263,-0.6022579638020313,-0.598885339883282,-0.5937093229541457,-0.5469506778443447,-0.5155335055869295,-0.5124485502092656,-0.4513392845989194,-0.4251528398797947,-0.40168530849158707,-0.3954566322445163,-0.3942543673639729,-0.39120749434023405,-0.4037468467895164,-0.36774414500224684,-0.3375083822852334,-0.31999841911709553,-0.3179655281928903,-0.31609593726001367,-0.31708071559193163,-0.3165999024389876,-0.3175899287781135,-0.31806051205082037,-0.3134920554198729,-0.32666296428763764,-0.33861734168701724,-0.3507268485746097,-0.3584843450370708,-0.36096936852981604,-0.3621827535325588
-1.092544526667417,-1.078087569260554,-1.069019409010069,-1.073525766127796,-1.0556468113265214,-1.051190316836976,-1.0319184593600264,-0.9719971908546716,-0.9666002999680429,-0.9284747484293038,-0.8750737706995713,-0.8500856633042114,-0.8385339327386572,-0.8054200665248165,-0.7429715876063614,-0.7012121870747067,-0.6691794254067398,-0.6683762949350011,-0.6661253875251754,-0.6521965558617367,-0.6196488088666602,-0.5952296886587155,-0.5642440922551776,-0.47836434857665855,-0.4641873147859781,-0.4692337445252196,-0.4525571255260961,-0.43841847458197325,-0.4315910649994327,-0.42869603017013463,-0.41971109629422504,-0.41154164065361704,-0.40701931256705765,-0.40196192598293046,-0.39304433834648217,-0.3802204582426857,-0.36058716849238254,-0.358464909936276,-0.3589617896367723,-0.35995307060144355,-0.36376551786847555,-0.3709113896020202,-0.3729555421808773,-0.37607929170834015,-0.3783091981646027,-0.3829241230434338,-0.3790537641293817,-0.38302984619023994,-0.39920953043556506
-1.1204304505131462,-1.0799866049832658,-1.075854039157161,-1.0659241923167109,-1.0436696727561334,-1.0285423529372477,-1.0328827334261885,-1.0074352676211453,-0.9829944785449769,-0.9363734275559192,-0.8994963588293321,-0.8500007328464372,-0.8055586620611851,-0.7656571032261629,-0.7442976851494297,-0.718454566333762,-0.7002181072174617,-0.6860115542389338,-0.6625902940364036,-0.6386346155073898,-0.6170036801367808,-0.6029505622785124,-0.5702074832420313,-0.5452498260178603,-0.5265193095621972,-0.5108734417664125,-0.4698397658685467,-0.46067746778607377,-0.46060553990538794,-0.4556901385289893,-0.45118003659439976,-0.4546243206836013,-0.45467235318914384,-0.4300159982914859,-0.4199261034447796,-0.41641089497765466,-0.41275150230164087,-0.405838715869119,-0.4041121832763729,-0.40388560471672696,-0.409842195924142,-0.4171246133737208,-0.42201068611267933,-0.427076767568672,-0.42993062402976423,-0.4586514039553655,-0.4649308234841385,-0.4651933381135535,-0.4645022325392024
-1.1529318072935602,-1.1029915994620818,-1.072711234224075,-1.0764443660628125,-1.0539250509852438,-1.0269874206902383,-1.010170135949299,-0.95897687970508,-0.9258186455974116,-0.926850957216031,-0.8883918593739778,-0.8569706900165204,-0.8461126984293496,-0.8252316262038724,-0.7569850880064172,-0.7411331527186382,-0.728110090827387,-0.678879121497073,-0.6495622179049698,-0.6339534361225183,-0.5967473195373715,-0.5715290798710625,-0.552653471548222,-0.5353209511869261,-0.5135303087645586,-0.49271423239376605,-0.4711277279466824,-0.48776503569118723,-0.49913311819018796,-0.5104325431903564,-0.5251734142413209,-0.5094250647739762,-0.49216564873627866,-0.47689782437511,-0.47870739602796974,-0.48221907537684017,-0.4762751598982447,-0.46702965635840393,-0.4738694190686171,-0.5074064253594472,-0.5204221387417131,-0.5319401342353453,-0.540354232590895,-0.5454921506795885,-0.5511134567519057,-0.5743682290417597,-0.5974302863046175,-0.6188173137027965,-0.6460389419767141
-1.157960102416137,-1.1343296082676058,-1.1307912463584988,-1.1048816134898787,-1.0791114383617912,-1.0596261892813197,-1.0359316815345225,-1.0044048181486032,-1.0041396543107612,-0.9962710063283998,-1.019071282563822,-0.9712775961160381,-0.912114862476315,-0.8740335408425306,-0.8098969931141852,-0.7751032114257537,-0.7211710172516121,-0.6818707202817093,-0.6805340081295959,-0.6631569560867479,-0.6546905801790199,-0.6428720175038231,-0.6227571207184136,-0.613850470398576,-0.6234576061465038,-0.6269668840093949,-0.6319329454776538,-0.6330563692072827,-0.6312182868571206,-0.6251391854351666,-0.643682823026819,-0.654373941663788,-0.6380337990750594,-0.6125051893692136,-0.5991307086393545,-0.5970883651863972,-0.611910533732592,-0.6044209360495387,-0.6003819775236141,-0.6195608159935198,-0.6400277049429519,-0.6469291563937094,-0.6673479807009127,-0.6878181672856997,1.7935096902598426e+38,0,0,0,0
-1.1718273106506107,-1.150394291966145,-1.1443950664505569,-1.128552753049554,-1.082533500796894,-1.0656523281766201,-1.064491734010418,-1.0418242396714277,-1.0383172490733947,-1.0359856353433239,-0.983889517373372,-0.9727965683127731,-0.9447050360746344,-0.927911541110918,-0.908430546329714,-0.8923193756563015,-0.842364631709782,-0.7813037566130563,-0.7573422410184671,-0.7413370617280473,-0.6871920714393626,-0.6755785611030889,-0.6922108128904023,-0.7293366797090777,-0.7363573885451123,-0.7343491097539929,-0.73845236530091,-0.7608658455872891,-0.7578216752501066,-0.7575902289108231,-0.7492509416931282,-0.7365953066597052,-0.7262799222435902,-0.7518569950858126,-0.7520202508022805,-0.7596869257823095,-0.7942143950152621,-0.8070982109928602,-0.8054366873216674,-1.371201145171231,0,0,0,0,0,0,0,0,0
