jsons/1312502400.json
{"header": {"parameterUnit": "m", "parameterNumber": 2, "dx": 0.1, "dy": 0.5, "parameterNumberName": "Eastward wave", "la1": 40.97354507446295, "la2": 16.46031188964855, "parameterCategory": 2, "lo2": 133.9931640625001, "nx": 191, "ny": 50, "refTime": "2011-08-05 8:00:00", "lo1": 114.97908020019554}, "data":
[rows 22 to 43 of 50, columns 100 to 149 of 191]
-0.08890229293941826,-0.10457484017433163,-0.13875077808820294,-0.14937173370866227,-0.15440119623040816,-0.15402213259317984,-0.15538289127788782,-0.13809711864958785,-0.12777989581366048,-0.12167106738765546,-0.10295396249222147,-0.05574093528542051,-0.030112975282756617,-0.002918575642353138,-0.006426624122811857,0.04405986446000152,0.05574876000765851,0.0700854537061328,0.12106034073067823,0.16073084806515897,0.1834954180559893,0.26675270001750834,0.3190768674537708,0.35651357982304616,0.4833137518379345,0.6105903925827689,0.6904087985344286,0.7863758362101541,0.9630436583588052,1.0400443196851203,1.1475891971782515,1.2932623181821412,1.394540613656422,1.4798240162237186,1.5913176145692551,1.6464621255028404,1.7202731361665675,1.7444510811912821,1.7358883419524789,1.6920627804366637,1.637432029737295,1.5945864339119717,1.508826265146125,1.4781114789858076,1.4684513343311278,1.4667218722099447,1.5249421555279665,1.6677260122271187,1.8185127689898513,1.998271447558709
-0.3670071893549709,-0.36905399154427176,-0.3470950699106923,-0.3450095713392744,-0.34965822763409493,-0.35432943283589263,-0.343274081659074,-0.35193976402021443,-0.3336409256219271,-0.34043548807605317,-0.34506392215711257,-0.3300208275985257,-0.33120647307709583,-0.30769290354282647,-0.30552892977378854,-0.25315418402270884,-0.23090799672781628,-0.1729435300246324,-0.11404483292652137,-0.11094600513975313,-0.08963293035238276,-0.08835102271373124,-0.010803349462018046,0.034704724164391736,0.16924360519003986,0.25694841460860074,0.3159444385293687,0.4067718191048124,0.5701053536491087,0.6649539148722842,0.7508045778662085,0.9700178661804483,1.2163816351572245,1.2649162373834935,1.4774370623016349,1.5748036403286394,1.5952924499691794,1.6790445699665886,1.6960206449042727,1.6547322380964056,1.5573558980205584,1.4361214524187418,1.3232713083394805,1.1673927447908514,1.1131908741237437,1.1559290785259007,1.284065469925687,1.6343746843116531,1.908917285705935,2.1727295829113493
-0.6728086245000637,-0.6896245594622484,-0.6756748233240033,-0.6828294401181064,-0.6943561271691882,-0.6967401972797662,-0.7064391039177383,-0.7179550098295959,-0.6893404415754844,-0.685164870177694,-0.6577757641458318,-0.6460648409412553,-0.6079606930540258,-0.6064285149826839,-0.6075149937546578,-0.5891836540522111,-0.5601618764099965,-0.5544257030751638,-0.5544364158603733,-0.5131059117780588,-0.5135468298175901,-0.4375462524973099,-0.4073716046374089,-0.3817796689527617,-0.3056248878500065,-0.25001881823699973,-0.24465210943979002,-0.11446622593864814,0.08378465308991409,0.22536169844189463,0.39473187241901064,0.4848078660171309,0.7132262970874755,0.9016163649432016,1.1744006155601363,1.2117011716909043,1.2529143634169926,1.4653351537722772,1.553716902795422,1.6268399913799456,1.662456825942623,1.3163824069542618,1.0041280259497574,0.4737029923217978,0.4721887619939418,0.5842434957165679,0.8400331731894637,1.6164005784663094,2.3374087615527244,2.7734441605897135
-1.0808362820837218,-1.1080090379462832,-1.063704430429508,-1.068018047875537,-1.073471243235408,-1.0647360028998865,-1.043972022860309,-1.06212233943091,-1.0441355443077376,-1.0629889550884528,-1.087499130657015,-1.079867393245987,-1.0904429948058612,-1.0869137498911519,-1.0954690272863585,-1.1127156671570155,-1.1072628657200565,-1.126751274216564,-1.0708318377130968,-1.0542988491336702,-1.0405828006794156,-0.9543303296816918,-0.9304340190265356,-0.8598129342940473,-0.7336787187264555,-0.7005958676608552,-0.6157461699948786,-0.5315873331194917,-0.32163061653090874,-0.14127499052827516,0.007048042453877761,0.41994745101460274,0.5976546047176731,0.613687301689887,1.2328011298360444,1.3292393278293477,1.4939746144744455,1.7701093037659221,1.892977954160442,1.9828635700325252,2.2734777306448697,1.3589941282738198,-0.18390730155510876,-1.1071358686693615,-1.1815069493094765,-1.5242119508370586,0.12035880806242365,1.129998921923817,3.337507652973199,3.7715561297592752
-1.5484698481741015,-1.5909311416267902,-1.5672408228531054,-1.5438722670555844,-1.5427022045116205,-1.558404144352554,-1.5349221674154465,-1.5539939664158566,-1.4917995226164036,-1.480499756831315,-1.5344088863649086,-1.5492645427707643,-1.5679887897153744,-1.622959224855616,-1.6354135489449777,-1.6189986407448338,-1.5766847936425301,-1.577933560182349,-1.516660444081114,-1.429262662350315,-1.3534188099647988,-1.250036916805957,-1.2279449136912302,-1.2133382296231245,-1.0401493023419224,-0.9588950319347058,-0.936456977999752,-0.8740582790124898,-0.4870694265748725,-0.3181854980153553,-0.07699593261629097,0.4335457699853081,0.9327254683647028,1.3472981242162256,2.1759649307867166,2.634668742583566,2.9028535729013485,3.2138544379776,2.8730948126741933,1.9944263045715704,1.9160395036095699,2.660976470248648,3.578048128600973,3.923442842167171,3.9904150124026545,4.414092206095803,4.371673994134364,4.460283389216399,4.426967731910935,4.411061244171962
-2.153775794909694,-2.188385381198818,-2.196562988084473,-2.186268005344381,-2.2060870722219326,-2.152680867574261,-2.1124113017430473,-2.1923849868173466,-2.2718203686710545,-2.310476041568385,-2.4151169812210505,-2.439921359844636,-2.413392022132099,-2.4380464896530154,-2.4135329674368107,-2.222781085779918,-2.2149257820861616,-2.1260283564015823,-2.0059565964960093,-1.8751358071060906,-1.8564232682207447,-1.7276723167505923,-1.7462842855578353,-1.7718017172998235,-1.8236529127188863,-1.8682658401216583,-1.9261892884853908,-1.8003392225605561,-1.4135639453513695,-1.1070656075016723,-0.7547805720537106,0.1296971878663905,0.5466200379868402,1.3257949758264336,2.6030639873056125,3.177274519684459,3.479005886310362,3.9060766441178707,4.139360516918249,4.186195008429709,4.22352521350786,4.245422410268782,4.200411994913638,4.42915236732706,4.608596257894373,4.754358893796193,4.795062591406455,4.882455673053416,4.85451754507997,4.833902973263557
-2.8824384336287086,-2.9935660739854932,-3.0201464052928246,-3.038547255499206,-3.211298450420742,-3.215476743153242,-3.308795820889973,-3.43748067492844,-3.537062242339503,-3.5140412856475507,-3.6138443080021827,-3.6963750818414303,-3.646155708679447,-3.728303254815896,-3.660625549297043,-3.4915024392750063,-3.3988841287945055,-3.3598502360212286,-3.189655416103004,-3.1099588098611535,-3.0085918752208323,-2.8386596592778397,-2.740260394682262,-2.639934949728623,-2.589654268891755,-2.5219734593430685,-2.398292857335989,-2.242768216900541,-1.9714370534658403,-1.6493501832986168,-1.3899831235793534,-0.750797605009497,-0.27116253814142877,0.32545454587069494,2.290682922435496,3.0675066030355294,3.4935179667707983,4.175592544764394,4.462598343908428,4.720232794972568,5.185465033835066,5.386372137505171,5.498195026585298,5.6709310918254525,5.690694914214491,5.59813591368867,5.609634929724536,5.697942381707326,5.569989141646602,5.5866969818955114
-3.727416327334547,-3.984425784770808,-3.970168222546524,-4.151639299482214,-4.345646699487317,-4.508529486819258,-4.518040458141967,-4.8023211171205356,-4.99213684911842,-5.068882302427525,-5.272070601484312,-5.318032344591397,-5.321278447114596,-5.478767417679301,-5.425985449344127,-5.198520830353435,-5.236156834940782,-5.118410866042325,-4.97104507255709,-4.878427688556595,-4.763456171485765,-4.524856375011313,-4.5099211281001725,-4.366790123366042,-4.48755444844269,-4.533928232844086,-4.363874449615234,-4.2528655643126125,-1.584198492129275,0.16746941374965543,1.2534942284906307,2.631219662093335,3.233320242189743,3.4543959766966728,3.615571697230887,3.8301163943561596,4.300031406024767,5.107934234084238,5.393346760766778,5.5385752740837155,6.137158050191387,6.5300154032657085,6.573001833872131,6.887682980974839,6.97947326471913,6.779105517870579,6.805442351835968,6.851112452617453,6.766550610300275,6.734970477865002
-4.620276201157722,-4.931635874371712,-5.119503781486752,-5.186774510087834,-5.5437287367822945,-5.701438854136995,-5.844955311224663,-6.09162428499744,-6.2684909942706115,-6.484848665089717,-6.777735717360733,-6.951840856948793,-7.064580330089912,-7.3368413055382495,-7.412409698869995,-7.232088964278056,-7.514305586212835,-7.414948164880243,-7.179725977741111,-7.052735307521087,-6.9003660197879695,-6.258049449183114,-5.93750438272449,-5.322099538800949,-3.8352743176972295,-2.7961724647801804,-1.4117975031605847,-0.5377619997318202,0.12380929144192444,0.5653289939483075,1.4506764724275705,2.92466372670169,3.891386011349503,4.513881582324998,6.0072577846846364,6.540013851454952,6.856908380327423,7.670713725632076,7.7736065761538855,7.762961815952272,8.005650005219762,8.250887339059949,8.264941806380774,8.368846360884863,8.393092091563751,8.241112115437526,8.155882725661607,8.035071468310122,7.887798557703983,7.736922452194212
-5.229139118527287,-5.53582969906395,-5.682502663849936,-5.887959656207457,-6.279454271988071,-6.424930340142706,-6.697714894582632,-7.200870762287905,-7.318626012954908,-7.665362477046557,-8.091895962333155,-8.32143572331454,-8.479356266252873,-8.954192440359364,-9.228499051678027,-9.382158573933065,-9.606628954485409,-9.615458685923324,-9.543091685272405,-9.502203479513604,-9.414745532911937,-9.32957244844518,-9.681858209516594,-8.67691046992621,-7.6798376420678816,-6.677285101775896,-5.2424352655470985,-3.795550713975976,0.01057472433434629,2.315728901698851,3.3372616596429983,5.4881511653210575,6.762218551089755,7.366718740787386,8.264698018463871,8.92692845609171,9.242186481378141,9.433774633567184,9.56499114065359,9.601937013770264,9.543616725593289,9.524799712400888,9.30302397068181,9.293590248810437,9.159606545517041,8.79971993292383,8.692928705713193,8.472014903939568,8.164357322656581,8.039115960579993
-5.245554964225884,-5.424645898791003,-5.44434994502615,-5.6603662968715,-6.3998230483093055,-6.81285109818185,-7.125848089082957,-7.67148880062778,-7.895239316929256,-8.335621943782549,-8.819616004014907,-9.044214437056281,-9.278222503792072,-9.70422154025796,-9.915583825659349,-10.062073008520034,-10.234348464252154,-10.191894731147933,-10.110931634484665,-9.933588937292555,-9.800008833493491,-9.129854705075495,-8.82271415629556,-7.796530283283903,-6.416410261355423,-5.596278221198711,-4.742716462025777,-4.263514045859853,6.596828423640119,6.2815959731051185,6.778469354499553,5.634199821514819,7.10680771262709,7.530634869882072,7.9670056761525965,8.479957485941055,8.716240791095737,8.658826376892552,8.753773699417104,8.804564504588532,8.733440832687364,8.729582446563164,8.599655497102885,8.477934392259824,8.40001520263742,8.207404967047529,7.980486174350253,7.813430480806367,7.60991485362156,7.3740729724906116
-4.532537842210609,-4.787589549543159,-5.3619638678510855,-5.623739085854077,-6.276109498549549,-6.450065462328637,-6.597112214299885,-7.042095713474911,-7.3191429249382685,-7.525028654405528,-7.9790707658288555,-8.087234181477768,-8.142857135746684,-8.535325394546282,-8.584931904979506,-8.59073393375056,-8.968025386560168,-8.937671289264838,-8.659508644365332,-8.48258804662533,-8.429438005855161,-7.49837219314233,-6.970973237405777,-6.386481447957041,-4.302114676337523,-4.472440607792798,-5.892407564112525,-1.389251472226066,6.095554371482486,2.5869893107686686,6.9540219051940015,4.402450580760278,4.346374428113605,4.735401268494218,5.774044697427181,5.84448830841314,6.111079363193809,6.340926808762829,6.681010414573907,6.697413701803955,6.833042886585969,6.996502189895597,6.832282765823293,6.882060523668464,6.908557229204326,6.6303032134718,6.565804659464519,6.58772932198732,6.269943499200711,6.200832039671728
-4.81478335404137,-5.1883160593666755,-5.385563334902191,-5.495872542775258,-5.764794896512503,-5.809410161783899,-5.927581351863455,-6.2968094047261465,-6.233945535255806,-6.239896760113131,-6.638191661222896,-7.013529720087609,-6.688363825615361,-6.8344279593876385,-6.734317754769279,-6.604338104118872,-6.748683000695593,-6.506993691850182,-6.2211080010627215,-6.102760256302639,-5.931851187159143,-5.3356001087948774,-5.243509579906936,-4.895709582402711,-4.310763384767954,-3.883022841590319,-3.3218383024483966,-2.774960685812254,-4.98538798490894,-5.45517549358848,-3.8750480841638146,9.604402928808588,2.6727165252825302,5.568961141531535,4.249999020281738,2.953115396521365,3.4101072330106184,3.95111116885281,4.111901364014613,4.388165115367162,4.660263314726398,4.782009788593291,4.841196744328829,4.959640677287006,4.980138195613184,4.8353715708657266,4.889963478995428,4.828456668747209,4.742390596974236,4.715689085555336
-4.612280420792015,-4.836529179549558,-4.882439236206719,-4.9766622917531915,-5.212333617895211,-5.2602676171638585,-5.401696628118014,-5.533840615324061,-5.464700218136078,-5.5019153775405885,-5.661338509330235,-5.670696929588626,-5.521189251627615,-5.625958150116641,-5.61382674343655,-5.44668204927943,-5.495064737722959,-5.468007862794944,-5.059542672947031,-4.916915877237256,-4.843946089451395,-4.281981771203886,-4.0980433479485505,-4.069631711146492,-3.7241603243296395,-4.013499224519176,-4.199947663646151,-3.922614113936878,-2.896106358913749,-3.341400866676763,-5.170728211533405,-0.5215303483159279,-8.09700168395432,5.854122629420377,3.6759837529180936,4.388567858462431,3.945152397474928,2.044775826219352,2.421578302674158,2.557805166120442,2.948250062876965,2.9391652937711825,3.019375577289286,3.1108535535837745,3.252031165745567,3.306225852707144,3.3566192434941247,3.3062923909638493,3.270557318463939,3.2839760096699133
-4.219965956779143,-4.323506063585493,-4.179178005690941,-4.18116976029102,-4.211254671187091,-4.323519509483626,-4.302318204627689,-4.562123975061258,-4.433366663610474,-4.489838523525404,-4.5089331115961215,-4.4990341797147595,-4.346322468836324,-4.320040582821906,-4.453916797306565,-4.370049635614293,-4.41340687172023,-4.394250044944683,-4.14038137173383,-3.9866940701350524,-4.004658565847533,-3.863345973138962,-3.7665459201495612,-3.624467776710678,-4.7869868849007755,-4.550650105780253,-4.1787408248255495,-7.307299981999882,-7.78099502667369,-6.435207814103696,-4.336788691866355,-4.325619546292032,-3.9997276910712163,-1.7780222546197213,-5.445655450804635,-1.490507020482423,5.580975883929084,4.84034138738605,5.925102768284622,4.419470706342224,4.4381294141492695,3.9004156470519824,2.8333050841569944,2.2131634450000046,1.8134205870366686,1.7095773737461482,1.6086741948838355,1.5102652063958795,1.5915424700808187,1.7296363919321645
-3.4097968875347866,-3.5084571201875976,-3.4702017784909693,-3.5504133812328265,-3.6539779134066963,-3.6978872276820884,-3.7341127300672756,-3.819542574909933,-3.7876246654044636,-3.7849218282234487,-3.882255584722227,-3.879939476356803,-3.8420318341889885,-3.8322615573873366,-3.7678719133075087,-3.661313533318811,-3.655156074800347,-3.5440789268933623,-3.4446850920113965,-3.4877892675771642,-3.527644493059175,-3.4509599680758183,-3.4719557725713726,-3.435003348189893,-3.3386466158349357,-3.2193929027496804,-3.137916446005207,-3.0172899080042535,-2.655467176678698,-2.615369995498885,-2.384088658150271,-2.056146464586758,-1.7809252695076483,-1.602444176390044,-1.3573570602689644,-1.9845549365424902,-2.928624769545907,-3.7519986591933123,-4.191591390831369,-3.388798479603499,-3.340577028872876,-5.740862590924111,-2.8918228103986254,4.073575714629918,5.7985466401735675,4.264026647342366,4.070946090937586,4.198553230295641,4.056990382229994,3.4484159141149435
-3.1353107163763356,-3.230967050740017,-3.2247898827411126,-3.2821562187645528,-3.3532530347814653,-3.323633577211125,-3.330486637992211,-3.4133357900446333,-3.3701551752884353,-3.434873404050509,-3.4526028436712535,-3.4563612208246464,-3.402648671242101,-3.422515731300171,-3.4047066112598694,-3.3183360204831214,-3.324264547873592,-3.3373209215071364,-3.3179716549641607,-3.2922177708996094,-3.3802590054217947,-3.3569343315581524,-3.3222221222312007,-3.3574656086330625,-3.2131420186825435,-3.1565431053635176,-3.107555772825522,-3.0805807280170443,-2.8394793217636165,-2.749146343042504,-2.649866848872768,-2.4488193731202816,-2.3043985125030138,-2.1761273728582267,-1.8811228198963021,-1.6858361663764796,-1.6305855188779252,-1.48088848100485,-1.3617940004886193,-1.188935106474348,-1.2094999179346224,-1.643198761791118,-1.9897768035411274,-2.796300159076942,-1.8539644194608442,-1.2620874265860669,-2.993960606451623,-4.675509642361706,-4.488536925011298,-4.078585446807211
-2.913478884269946,-3.034142522171257,-3.019574447965316,-3.0526703544267098,-3.1108278557607494,-3.059273751855744,-3.0892558331112148,-3.197367555771778,-3.220116434519389,-3.2113934501834556,-3.218049959376037,-3.270362405931656,-3.304629689801363,-3.3187098170074703,-3.2856315062318338,-3.3177621234502803,-3.386610391141075,-3.4000052754851073,-3.325579019351222,-3.3250256729629917,-3.3312480592247153,-3.3024324423417286,-3.286994578030881,-3.2789445741084613,-3.178026417378769,-3.114784949864432,-3.096509940971565,-3.0866877614091837,-2.934096102952672,-2.848454515941078,-2.76342781761347,-2.6759951514597278,-2.626687434288488,-2.5138639742134727,-2.2866349133120756,-2.2601476053343967,-2.2283249255333337,-2.0402025319727186,-1.9292984625701899,-1.832361609818363,-1.7863941657028624,-1.7214806117230108,-1.6183533165732922,-1.5416296708261203,-1.511365677719403,-1.4808493048298577,-1.4233570164275642,-1.3798925916561577,-1.3667390698015667,-1.3629110627469423
-2.729593150215896,-2.7867462126084415,-2.795390904127322,-2.8191204521987765,-2.8130733394129575,-2.8399637928047126,-2.8743444489879595,-2.9677668520552394,-2.9819355269935555,-2.961527822554608,-3.088805571891431,-3.1137389445263683,-3.084690735088412,-3.144371628689017,-3.1463932709214855,-3.1237305759814804,-3.160608734826624,-3.1748308172541515,-3.1334823525339015,-3.1123820158895623,-3.1052186107671336,-3.063663685441277,-3.0662160053758045,-3.0470794445073137,-2.980045053239987,-2.9732621574303937,-2.9637744229391028,-2.9322839376186924,-2.8355952639321287,-2.804211005654138,-2.7939486121281867,-2.691421417941606,-2.662357534901214,-2.6324440475130504,-2.565718942401035,-2.51163721315819,-2.4174149633096853,-2.3273340214118803,-2.2972526742586283,-2.2522027407391962,-2.097445994843732,-2.063041739162558,-2.0196577499035775,-1.9911781238348922,-1.9155153170437975,-1.8814847874935068,-1.8767360206209138,-1.844274698459587,-1.8014144012790083,-1.7860235236417727
-2.6029395643396276,-2.6303682616258,-2.646012930122411,-2.6797171582701136,-2.7266286834990336,-2.735794620732292,-2.76065945502957,-2.7913721645251153,-2.8077781596230578,-2.8435161803526587,-2.864283191605506,-2.8968976842174654,-2.9050704149850652,-2.959227236896346,-2.9707680511229557,-2.9359987891148664,-3.004495865033318,-2.996819576314139,-2.9628626539398266,-2.9906044724489074,-3.006304731150249,-2.9612908577724597,-2.925852030616568,-2.9276571073094115,-2.9084910294871755,-2.8749095031593983,-2.8688687905888153,-2.8544908473346817,-2.817773423447873,-2.799672406580518,-2.785169292414266,-2.7574923765318067,-2.700126315233518,-2.6672550549489658,-2.6215939102692354,-2.628177187997597,-2.6154098695948416,-2.5066184960824307,-2.4395997159203646,-2.3887185158793565,-2.3236170213860885,-2.29771660242851,-2.2973439349314444,-2.295569822483899,-2.2949017194670494,-2.200450758294645,-2.189965764511266,-2.127724386654128,0,0
-2.453264295382392,-2.5016036725741047,-2.5119730139112506,-2.5227721479351,-2.5807232342632025,-2.5869549819899773,-2.5846220911943827,-2.617734532243292,-2.6283149886388033,-2.6093872342537896,-2.581313689977508,-2.548949767946412,-2.4840520984688848,-2.4727273307752107,-2.4565129660964353,-2.438827875410337,-2.4953588208464437,-2.5192237322162336,-2.451265596333913,-2.4360717559788303,-2.5564461304685575,-2.588843864051113,-2.57058145316495,-2.552104277403199,-2.4592767148046257,-2.4404536995549253,-2.449971520765727,-2.460307208785278,-2.442668767037013,-2.3972661052538675,-2.4056323712543786,-2.3813849689565907,-2.344200843986703,-2.3218198263333107,-2.2705148585387867,-2.2515655782684063,-2.2363867593362423,-2.2525646834884205,-2.260249266879745,-2.244285036063136,-2.2283780066468855,-2.207982474213982,2.3200094372336753e+38,0,0,0,0,0,0,0
-2.3648738282897535,-2.399737057832641,-2.409040312383727,-2.4480192072013223,-2.4528163066531072,-2.433215372772272,-2.4266389928872036,-2.405823188234334,-2.3328161177045925,-2.296408931624765,-2.293488720351587,-2.3082801656783762,-2.265156377333523,-2.2838610553521503,-2.3173269677329054,-2.3473921146926027,-2.3815369681538296,-2.384371361242807,-2.3796068313365506,-2.3970717847121312,-2.4028240956610216,-2.393200324247682,-2.4001283218463683,-2.400214854226563,-2.3016051379039744,-2.252623424632239,-2.202701391561194,-2.222879695250117,-2.2697401513677775,-2.3245303587387642,-2.3354651971728404,-2.3085610578691025,-2.280185183317706,-2.253479939604299,-2.247620878551813,-2.2271749111165553,-2.2271254678076744,-2.8058776807869856,0,0,0,0,0,0,0,0,0,0,0,0
