jsons/1312808400.json
{"header": {"parameterUnit": "m", "parameterNumber": 2, "dx": 0.1, "dy": 0.5, "parameterNumberName": "Eastward wave", "la1": 40.97354507446295, "la2": 16.46031188964855, "parameterCategory": 2, "lo2": 133.9931640625001, "nx": 191, "ny": 50, "refTime": "2011-08-05 8:00:00", "lo1": 114.97908020019554}, "data":
[rows 22 to 43 of 50, columns 98 to 146 of 191]
0.7436999893707519,0.5503796874094441,0.5053328113641838,0.6138396006965271,0.7728298344875796,0.80663134117684,0.8367633966280477,0.8829405386532728,0.9071789036941408,0.9317500818255853,0.9475990237749311,0.950795876553462,0.959745756292538,0.9692950352889811,0.9819019017999431,0.9934889248168558,0.9951401431141789,0.9966471605995678,1.0031512462332393,1.013840147940211,1.032732430111644,1.0409975370406266,1.0440938221395248,1.0590569842894884,1.060170107878547,1.0754129043690372,1.082942385750466,1.0875033332408475,1.0888377712384514,1.0916328336158614,1.0844797474171803,1.0952882040264564,1.091539861251701,1.07792781357879,1.0787833038093047,1.0725852903417172,1.0610253678454469,1.0700625070000247,1.0598564001575124,1.0395100629338576,1.039671279655316,1.0483264891164512,1.0388664701066113,1.0211655338786478,1.0140984940029671,0.9707810217970569,0.97735570885187,0.9929966224831654,0.9915466179801721
0.22525498311626424,0.31436344402666855,0.3457532960017998,0.4405321949918949,0.6464849374922146,0.6852133099265476,0.7569039571442976,0.8009165484601871,0.8340940877807932,0.8549520013249138,0.879176737945225,0.8992214397423126,0.9155860502926713,0.9312414883154462,0.95010349089453,0.9517950287210246,0.9485691741786627,0.9738757010396365,0.9782635298616805,0.986040583911886,1.0023551082995668,1.007710931114845,1.0201965576699545,1.0431004228704759,1.0246001701848806,1.0259093585853363,1.0363065848604465,1.0410512581602802,1.0523076308853276,1.0621631398088933,1.0572958695253416,1.059647791096816,1.0611965973316373,1.0550378574301111,1.0586782803921169,1.0564038011735306,1.0301068760307546,1.0566582800065465,1.0418167528085598,0.9823271148549928,0.9521162644604634,0.9566937981202157,0.9209869280143942,0.8805303787011888,0.8681885889237397,0.8215217608669991,0.8120453484920804,0.8170669886106097,0.8188569688275366
0.7467562691124574,0.20896872383095008,0.28280093171987,0.31731925595268523,0.42099810969331586,0.46474024200998915,0.5429053614660239,0.6226770203124586,0.6688169754390063,0.6923479490833233,0.7452477137935714,0.7701007508503924,0.801544364278442,0.8103821652255208,0.8066774647349291,0.8272065085931392,0.8568025817724497,0.871787835093509,0.8917317428873747,0.8983713924346903,0.9039174310563824,0.8980895906653231,0.9000979425086301,0.9315266815919501,0.9420669235277449,0.9512818980579238,0.9482362248262405,0.9582545948777101,0.9658556328884482,0.9677705047964157,0.9629836518595997,0.9629136079177928,0.9718778247201679,0.9714151872408204,0.9705013019565989,0.9555375702728153,0.9102386207520824,0.8647440303099228,0.848694065944444,0.759511793556153,0.7220074045042802,0.6739043636214526,0.5743258631107993,0.5549107268252832,0.5400091972698257,0.5014628253175307,0.48575094071486896,0.4934775598552835,0.5251035615283514
0.4616137336703767,0.33419574232003535,0.16952014238299168,0.19362299051510512,0.25310702650263256,0.2706504166411709,0.34857065680290356,0.41468762485178207,0.461126720141157,0.48040659023771387,0.588758015786714,0.6199538616184683,0.6211616749663651,0.6661596712893497,0.7043407625004904,0.7619001372825981,0.7600631637572639,0.7743665047591995,0.7866669852915101,0.7899196177790678,0.8108090218988874,0.8283109691183475,0.8500924886516509,0.8676360058732081,0.8664893848094641,0.8877864500498824,0.853997031308146,0.8471401530670971,0.8352168223690151,0.8297147793536979,0.8088123810600412,0.809981292566792,0.8190494157383079,0.781865113504298,0.801109530633517,0.8138480185846021,0.8355807287030788,0.8186861480715514,0.7714703582769278,0.6808179318876145,0.635709342292934,0.5711736842174308,0.7346456525249102,-1.1574931548957907,-0.7883925264007219,-0.554827771989,-0.6871444217260666,-0.6948712076161133,-0.6110423687380143
0.08982415054744977,0.13814181276393966,0.11830158114802367,0.07985486293205493,0.1743790828387165,0.2092439769449315,0.23536111407317248,0.23713114467634788,0.26055054591822974,0.2818392124741973,0.37357953937167176,0.4033890370837295,0.43825880802386463,0.46061609113064844,0.5395344214360165,0.5649849405341927,0.598157343662712,0.6420127026948457,0.6581719079081015,0.6901601475441559,0.7676771099729165,0.7610857786732258,0.766072706477852,0.7676966059506743,0.7661845069927087,0.7640598949524336,0.7628938911199697,0.7613466626135489,0.7664123285022888,0.7860360079273465,0.7577054792146033,0.750537665400027,0.7489191486208779,0.7005963549922667,0.6793173412582232,0.6547458587165753,0.5568826301474893,0.49897812951849724,0.4408311568211831,0.5237870354471512,0.7509154766619893,0.6883822841466423,0.6947154480140806,0.5852642797557777,0.6129586383138944,0.6604486739841886,0.7064683424751983,0.6697965578093742,0.7735740837495244
0.07676185903503402,0.034311219031688434,0.08760969454056503,0.1454725876366671,0.1812190314665507,0.20531529345041133,0.21640154438615172,0.237085856282701,0.23700073148043269,0.2525334294414356,0.3268226099289189,0.36621433736003745,0.4091663696833539,0.442814999732512,0.49505819693633313,0.5022363273062332,0.5276053394559628,0.6313816449787041,0.6178067740568141,0.6355631628228781,0.6350437117951258,0.6570793902035957,0.6344074242914662,0.6094312937658845,0.6016474761259804,0.5887825621576975,0.602760840346055,0.5975367059733262,0.6024156248693578,0.6397793549588202,0.6384058804982558,0.6320465886210693,0.6709663382731537,0.6347657643622874,0.6319814582597755,0.6469452820717149,0.6461919765406573,0.6573963179075701,0.6607663459766552,0.6861217884803636,0.6520010496663124,0.6562785868527755,0.6421714692884007,0.63539278624285,0.6590054266492003,0.6890930029393428,0.7001387495829235,0.7118849112777843,0.7097342548745662
0.08369207116098225,0.13958139984602663,0.14804189871856083,0.15005253787079606,0.16313977531687046,0.1997687918899631,0.23478252867792246,0.28409663286633124,0.3293112596716493,0.3324245349969217,0.30497301704409685,0.37477012865433623,0.40634832435962603,0.44604536542140605,0.4852169977008969,0.49371085155770217,0.5022496908614534,0.5135177594109739,0.5416461314310291,0.5369872835277356,0.5214487497500638,0.4863994836845172,0.46163213423292443,0.4091219559880949,0.38858511959436354,0.34121183625490525,0.2751770391200372,0.26188402613503825,0.35817192887547783,0.39314222613316246,0.2903382311869733,-0.28917980207036353,-0.9750028558737918,-0.7478299660598582,0.046083837750931174,0.7218887945795035,0.8208936996197337,0.6179172553552977,0.5303573583328978,0.46323921503012355,0.39642780334294636,0.4382718863067781,0.4715863282497501,0.4859463749359223,0.49305164302581433,0.45235936108789043,0.46780146111043613,0.42236165461684033,0.4030432393972246
0.0935260601328061,0.15307777001847372,0.16061084350492777,0.17368914261504273,0.19584221309236405,0.21113879196862198,0.21739527543946188,0.24506020967827521,0.26539014221918494,0.2796086753262374,0.3599085144367019,0.38197820789163844,0.4140453276173629,0.4234853847290388,0.4371459898769557,0.46629262330796284,0.478329007531945,0.48861612907275415,0.48222434284774124,0.44625139238313155,0.44355146441482207,0.4427311982044136,0.4393845847876298,0.3824374013767808,0.3384968811127413,0.3103611606174802,0.14548586756225318,0.4699709545551835,0.46131988755192177,-0.7001979616340084,-0.7211966117277303,0.17155257053163855,0.4664270547969453,0.6098163658900757,0.6666458110464857,0.6970318636784033,0.7347272206722881,0.7743075679073917,0.8313700570440894,0.8659845868010049,0.9045270810149312,0.9398088638461004,0.8306256293919195,0.6814266928098984,0.6565107297445674,0.5200962964930876,0.4734985388311526,0.46558554276960695,0.37965349231875073
0.1387031432877741,0.1721116252973809,0.14882983010445075,0.15468317572828152,0.1553197763199633,0.15602797499812518,0.14747278271637934,0.20751052484508029,0.24314256767261794,0.27602075213866717,0.307843041637112,0.3273325668960711,0.36141338557991587,0.3748462758443784,0.3976091906011071,0.40051813249783863,0.42687965604841416,0.45775847710358414,0.46720223379617665,0.45924348878762816,0.4642384751861312,0.4601845137970518,0.46748486414175866,0.45907031662015557,0.45723130665747225,0.4515326669700443,0.4339885897456356,0.4270507703720483,0.5031755185010549,0.5336585121971372,0.6557984533444818,0.7362480585402792,0.8152617234947863,0.8788920419879308,0.8521926155065689,0.8513209384316677,0.8622199185041775,0.8482717644514907,0.8417846057082419,0.8305450457966876,0.8381427952779541,0.8383315552276349,0.8300650998135629,0.8080786317210922,0.8105094558204072,0.7550728050244375,0.7403085561628677,0.7350462464183272,0.6567172469726338
-0.8563360968620247,0.4923635128861109,0.23490970033828862,0.2619662057419794,0.4919235026175112,0.6006365597136107,0.39710396813673793,0.15222028169591947,0.20978334946078728,0.23294928110377786,0.3083973122413076,0.3044780869466796,0.3005084163438554,0.30899424229939754,0.39126310714023477,0.37579083239122546,0.3613947266636179,0.35853849743408367,0.36434407095361643,0.3767761173660613,0.41944897538575077,0.4159945646212947,0.4088748625120378,0.39880489196530217,0.3989297801791728,0.42137051036412587,0.44317953568995355,0.44258358763482136,0.4438093628021184,0.4363760438051994,0.40853033127224797,0.39694441075643383,0.40645989403887406,0.4082655750212284,0.4220591568401866,0.45454709707644464,0.47060335699970013,0.49893415095396854,0.5001624378039047,0.5412052430043462,0.5293792308288523,0.4890742635709942,0.5682516287453724,0.557814489405904,0.572019491102845,0.610552864986017,0.6032953497435846,0.65983561491958,0.6487229813083261
-0.7758997771427175,-0.5204552477553133,0.9401450607757058,0.6729395291125075,-0.6858659975038764,-0.902938408873052,-0.8776394368541126,0.7959256556075059,0.6383437736766184,0.1911633626558997,0.2284288423791616,0.248111081510767,0.25955424180664605,0.26504467671987414,0.27885375549624775,0.28063082700169223,0.2784803076301101,0.2686230250655884,0.2617610478583584,0.2804176453554035,0.32105084167371944,0.3125126009571347,0.312066776777738,0.29511987733221307,0.29684027293623233,0.31012286271771045,0.29365202025367276,0.2932239685215625,0.28875616729338527,0.28094736951461813,0.22869881653189186,0.2183543668817172,0.3706448192890123,0.46109337893818736,0.31780499597761236,0.2751022937913194,0.23056267311140377,0.2714761105676955,0.15151776012270768,0.14873141878782734,0.16259972220024854,0.16824415167954954,0.19740000821228149,0.22306204445103167,0.21215606479507937,0.20414924348292088,0.21418992848113774,0.22813658484474642,0.24048999319204153
-0.5374452529798084,0.2253898887370318,0.49127414811838477,0.188937339060991,0.2636535812707213,0.35947339897255814,0.4099535548139005,0.3945240446079864,0.35744903762189845,0.3227502277354351,0.3011570944911819,0.3030589621510687,0.30170503181661074,0.2927255373163396,0.2556898821190344,0.2424437059303689,0.2408918054447912,0.2570374734181853,0.26328646154715674,0.26515823622626455,0.2655581280369548,0.2673615043949213,0.26602720655131357,0.2741495032719827,0.2648118310601778,0.26271262018279884,0.2840058441874491,0.28043571181880284,0.2240039391655211,0.18916357649988963,0.3939962724133175,0.07044753616434687,0.8134132424688306,0.6265622159375253,1.0379185399295845,-0.05246793990093428,-0.9097499746321005,-1.0579649389063963,0.4719313685000544,0.9379408901985303,0.6822343569406606,-1.023477390900964,-0.9687161531637679,-0.10431463525680545,-1.158763992824362,-0.9147492002070229,0.9585648102001234,0.8830125507160378,0.3891777273332535
-0.44043281786183286,-0.29116160358818466,-0.39278068197244065,-0.6287059703096141,-0.26322559748122315,0.1538112428232772,0.6562234624383831,0.16569493827187093,0.17068894043852598,0.15580497082188163,0.11414222781445632,0.0768149362534483,0.21511094946466472,0.2588495879130721,0.8794205397812483,0.9041804409248412,0.3468127320024853,0.2066876455940355,0.089163944404971,0.11097377524268712,0.11108846840482207,0.10748786776692829,0.09653512799830123,0.07353072704515204,0.07795081680131795,0.09633587332182182,0.16052157730528133,0.14924061642034275,0.13780377208195324,0.12572972617193282,0.10172074151477609,0.20987139461730864,0.22348207227464317,0.7408535645917042,0.21216937633625638,0.9065204355062798,-0.7896357248318013,-0.5296456982690583,-0.3316722792975697,-0.24870275455795626,-0.31370746639507896,-0.3846939508899493,-0.5403588609610214,-0.4846218835458433,-0.31719399404889353,-0.3443690655402564,-0.20326554073333644,-0.16857787916746955,-0.595923143802811
-0.6653770081937297,-0.5911654650584655,-0.5438053800030589,-0.47612538036025176,-0.3436575170802837,-0.2810971876771989,-0.2544837655268784,-0.44847189002445426,-0.5654769498097104,-0.601585625462915,-0.5922809925427693,-0.5753231625007328,-0.4719753027758924,-0.13681565012524477,-0.5321885449818079,-0.3268327509545358,-0.3633222165551554,-0.9826544802498396,1.0439686738390945,0.6763453898542356,-0.8135818982845615,0.3054052180084606,0.893841914462611,1.0510752709538347,0.2276345745971075,0.8795855593078827,0.3424978227992896,0.4415624488939947,0.7082596540744379,0.6393485334029388,0.4445444279502563,0.5306619318201848,0.8996670287476782,0.12384168517936017,0.9299445325152957,-0.979641069446782,-0.39256546874230364,-0.29775181524860883,-0.24571858231120783,-0.10084713591154697,-0.11926534003297885,-0.12605156654443242,-0.10280807353283195,-0.09636372009447244,-0.13140232128685841,-0.1647835105005135,-0.16711734853495872,-0.17367781363161772,-0.16874643243369872
-0.7359839801072995,-0.7464216846234012,-0.7271514854311132,-0.6852007863027014,-0.624847867217437,-0.5525798608706194,-0.5181820650675253,-0.41954390891268883,-0.38445893712476575,-0.3267042420620246,-0.30049022546231174,-0.2722630309583241,-0.2662980462123457,-0.2691790127854794,-0.2165774913265371,-0.2235265839399018,-0.19791407537599615,-0.17434978301817275,-0.17726707343601686,-0.18251296439959788,-0.2140453710567551,-0.2505105360196219,-0.26004335647269045,-0.2385018991798701,-0.2054179330916729,-0.1539693004207036,-0.12085254936868775,-0.23626932512594043,-0.13687590604954167,-0.3884290035893043,-0.4789648864056566,-0.5103492856866227,-0.4339607137873735,-0.4421882215469594,-0.21611772811077534,-0.13285528316918185,-0.07308770273624274,-0.06843989532899646,-0.07234647984336319,-0.08504676524166714,-0.09305020563433138,-0.09945044928065426,-0.12200181670852994,-0.14474502836067235,-0.16105275317837486,-0.20682368992973255,-0.22137817465519333,-0.21009068682087226,-0.19694526085300001
-0.8471950447752821,-0.8484148452254086,-0.8222892683908225,-0.8008158147002752,-0.7460597724394574,-0.7103008074145711,-0.686141753302016,-0.5542457494675145,-0.5402945225885004,-0.46742812729288835,-0.3909465534033171,-0.36076772247916944,-0.3337618186916699,-0.3125652416504064,-0.26274009960736616,-0.28454396779258845,-0.30341938297202564,-0.31322819538464985,-0.3086508320847651,-0.31551655561914344,-0.3249156908272028,-0.3295366950158998,-0.3326071257119925,-0.32488695418194236,-0.3180930560999199,-0.2990111943726182,-0.2687121774447206,-0.23350910926275734,-0.1895018292034178,-0.16889245648930892,-0.10353402098914923,-0.09692368858084964,-0.11653376564571168,-0.12025269878526966,-0.10562971168662116,-0.09098454884444136,-0.093583606936846,-0.09284551890959508,-0.09806804962627115,-0.1286519917234805,-0.1571854857945097,-0.20244455783416956,-0.23007958056589406,-0.22947660526580865,-0.2357070102409445,-0.2460645728599967,-0.24534270743776748,-0.24518727949002922,-0.2503435268921651
-0.9084412690245693,-0.9037303718386385,-0.9170519456495763,-0.9253073883928233,-0.8723459253076976,-0.8595229158452362,-0.8460462012331239,-0.7987565229161665,-0.7235665438560809,-0.6807122243218453,-0.5730759026267294,-0.5487070891662218,-0.5496661391669115,-0.5296574062645509,-0.5123862798699311,-0.46204331508693375,-0.4355988537635953,-0.4211328812343297,-0.4109417454578562,-0.4312851678092019,-0.4795434474368368,-0.4774730634225042,-0.4847539947635626,-0.4312280856037939,-0.3744929318320883,-0.3511480419387356,-0.35019370362261193,-0.34290551614617626,-0.33973465955004406,-0.337505203324594,-0.3059958661728531,-0.3009327520501956,-0.31587724799075945,-0.2675222068203123,-0.23331817634993446,-0.21306875092932076,-0.2197289158679156,-0.2210489051893797,-0.22320425357994497,-0.2335044717975021,-0.24047920808783052,-0.2522442112563682,-0.2550377176392842,-0.2714426593143702,-0.28958671165628597,-0.32537593716635793,-0.35054652857377033,-0.3608461467254008,-0.3563402015027532
-0.9637733354094588,-0.9523473321648509,-0.9480243224317572,-0.9534704964877417,-0.9414827612882355,-0.9390186877968444,-0.9130907419360647,-0.8372929918324209,-0.8332355602558403,-0.7935629220408607,-0.7360466330191593,-0.7101997624017506,-0.6987132739853582,-0.6665501810086434,-0.6114638180480221,-0.5643010905805491,-0.5314964750752101,-0.5555491931599046,-0.5681535321461385,-0.5592117240220411,-0.5361183145534578,-0.5121580456324857,-0.4785669666529884,-0.41474879724392255,-0.4034098529543348,-0.39445304191204894,-0.3724123170332509,-0.3667050259628022,-0.36828312889590514,-0.3575529750219746,-0.3296583757609342,-0.31927683044942523,-0.3091341636027952,-0.30748553908236576,-0.30712907570246617,-0.30141856453683885,-0.3019501623692888,-0.3015819512586705,-0.2964984960659321,-0.2991973475002868,-0.3114278911158391,-0.32883836798525845,-0.32990420912896296,-0.33035790486792566,-0.33320276570034163,-0.3428571421997141,-0.34092426529626324,-0.34586976507445444,-0.36460042801771325
-0.9978937830154406,-0.9559360577427991,-0.9578417882112695,-0.9533989951874852,-0.927057714620219,-0.9035371685719923,-0.9115883314915062,-0.8906879329167428,-0.8675691545043759,-0.8230003283057122,-0.7918717630708503,-0.7362865553469922,-0.6783796439065098,-0.6191170066657264,-0.6075027039141107,-0.6009574568907042,-0.5912378041959901,-0.5871432634003468,-0.5699454335386813,-0.5542942186372107,-0.5262669261794297,-0.5073297678270906,-0.47547128007809186,-0.45348350129340564,-0.43151706623029745,-0.41017258484182,-0.3640732099146063,-0.35129641599606387,-0.35624490084429444,-0.3592544746908236,-0.3684924842285878,-0.38102499390977057,-0.3828272279642798,-0.3520687313630828,-0.34043511855173764,-0.3337185441241424,-0.32848559503870983,-0.3267109760032611,-0.3326665515093908,-0.33871964725932346,-0.34798904284610527,-0.358045473323103,-0.3626548405311177,-0.3665768316161673,-0.37179178806195595,-0.4144797142184734,-0.4296846116264074,-0.4400655344755407,-0.44526545657620653
-1.027503081891023,-0.9667981731488894,-0.9207227807007042,-0.9154799960853698,-0.9197013062282553,-0.9027717861591984,-0.8946060850474766,-0.840597806250769,-0.8054139855779663,-0.8100539382793309,-0.7876326435432579,-0.7584968309135237,-0.7495259390480843,-0.728422140116678,-0.6614281573303245,-0.6420907889738534,-0.6294955049528295,-0.5867258054665168,-0.5645966383856059,-0.5492920361457277,-0.5126928488415197,-0.48795076671685755,-0.46898578581423633,-0.4640878058147067,-0.4444137669709241,-0.4266084535517435,-0.4075123455739477,-0.42146733153989047,-0.43100135834156506,-0.44010142865990615,-0.4515080942460038,-0.44063129026937947,-0.43081238926062065,-0.4232775222631887,-0.4265852198125132,-0.4303771451811776,-0.42744729836212997,-0.420533682588221,-0.4277842388991222,-0.46950072896740846,-0.4906552795195085,-0.5079798715255285,-0.5079981270314727,-0.5046099048544349,-0.5051107539857154,-0.5241031857257961,-0.5457305907641717,-0.567062776029,-0.5928498491334223
-1.0456220755060377,-1.0310464962771853,-1.0236369110713104,-0.9952887025796672,-0.9694529390193096,-0.9501669145704307,-0.9244715699325337,-0.8926113838837977,-0.9010616869499157,-0.8997640100946818,-0.9347710798710122,-0.8855521332856223,-0.8156638226516867,-0.7733251344793465,-0.7063763445688767,-0.6721736422245935,-0.6211419199097038,-0.585828546929808,-0.5890891537541129,-0.5804533794302611,-0.5832934253208089,-0.5777700268437728,-0.5649726788987492,-0.5661177907640521,-0.5715991633491047,-0.5720625584631162,-0.5684473872863322,-0.5705449166338973,-0.5690700782906861,-0.5610744879568512,-0.5741300085805082,-0.5849749662210322,-0.5703791102533877,-0.5509662165725285,-0.539256906786631,-0.5406302213408002,-0.5625889175044506,-0.5618828741669678,-0.5619466725178267,-0.575823165797885,-0.5937754900051175,-0.6000637315450571,-0.615641819756211,-0.6324727269138474,1.7850876254832787e+38,0,0,0,0
-1.0436259981984854,-1.019996559937111,-1.0097712425292062,-0.9973472600713946,-0.9579695319946145,-0.9463701670619793,-0.9499110537486944,-0.9416062401885643,-0.939321536542397,-0.9362325865192058,-0.896046473576002,-0.8839138637003305,-0.8515931463554985,-0.8280842651590057,-0.7976047290695395,-0.7820461862255959,-0.7324916594353491,-0.668680359921617,-0.6482868880813106,-0.6423168534612381,-0.6213626532301337,-0.6160055088553447,-0.6304554524711695,-0.669321749529008,-0.6812359582552453,-0.6810652335758596,-0.6738290587709733,-0.6893903087031841,-0.6872411414601417,-0.6867113313954907,-0.6792769399878363,-0.6676724682293328,-0.6583655545726359,-0.6806052899301528,-0.6820133460108242,-0.6889243212472529,-0.7201359105503516,-0.7334159395082935,-0.7325705103449456,-1.2724589225202616,0,0,0,0,0,0,0,0,0
