jsons/1312585200.json
{"header": {"parameterUnit": "m", "parameterNumber": 3, "dx": 0.1, "dy": 0.5, "parameterNumberName": "Northward wave", "la1": 40.97354507446295, "la2": 16.46031188964855, "parameterCategory": 2, "lo2": 133.9931640625001, "nx": 191, "ny": 50, "refTime": "2011-08-05 8:00:00", "lo1": 114.97908020019554}, "data":
[rows 0 to 21 of 50, columns 50 to 99 of 191]
0,0,0,0,0,0,0,0,0,0,0,0,0,0,0,0,0,0,0,0,0,0,0,0,0,0,0,0,0,0,0,0,0,0,0,0,0,0,0,0,0,0,0,0,0,0,0,0,0,0
0,0,0,0,0,0,0,-0.0011861580594884936,-0.00039563420121525687,-1.4242977364937082e-05,0.0002727653345722424,0.0006927211716121615,0.0006873264587003031,0.0007463315234815562,0.0007197947160759401,0.0006787412200637374,0.0005362563160433682,0.0005195935632430964,0.00034212824688152073,0.00023186533725523298,0.0002568090419502302,0.0002236709965019,0.00021735573707325312,0,0,0,0,0,0,0,0,0,0,0,0,0,0,0,0,0,0,0,0,0,0,0,0,0,0,0
-0.0206166745753096,-0.016847324596393286,-0.014465107993419291,-0.010094885130711963,-0.008238143875230504,-0.0064104756437488,-0.003911950644368377,-0.003382730298512246,-0.0015897577571031384,-0.0007142425954716636,-3.8465386050678734e-05,0.0006300240501858454,0.0007199380916013578,0.0007335400733906404,0.0005010155763786713,0.0002347192500444234,-0.0009828387065650517,-0.0009154463398608278,-0.00018999181873783754,0,0,0,0,0,0,0,0,0,0,0,0,0,0,0,0,0,0,0,0,0,0,0,0,0,0,0,0,0,0,0
-0.03718618777152255,-0.03500184666850959,-0.033159082551593826,-0.028877264005738985,-0.02461250614751935,-0.02256970538743198,-0.015464558721003361,-0.012016095656925085,-0.008991201365582147,-0.005173596438679741,-0.00207719927610563,0.000705830316236491,0.0005693059194861474,0.0005699090886491176,-0.0005296980672008507,-0.0005857886137379932,-0.0003930173086328837,0,0,0,0,0,0,0,0,1.2957542302951462e+38,-0.05392025900437887,-0.05143719095796087,-0.04971969479352846,-0.04663243560314454,-0.042707006676540205,-0.03709586669002054,-0.03485837828971173,-0.029227977765397976,-0.025003170166013583,-0.023450479496967675,-0.018498787502883137,-0.01706461384746784,-0.013800079231774558,-0.010044860575448985,-0.007083951640042244,-0.005553904161026251,-0.003015157740599734,0.0017437959145424349,0.004273294850658211,0.006473418026937746,0.011254395587501813,0.012059974005005683,0.012968344531437342,0.014609103305423102
-0.04682036687561707,-0.04663776129195437,-0.047549878530831,-0.049492541371497396,-0.04808714828435454,-0.04861652452359236,-0.048996938461675764,-0.0494764893282212,-0.04637070140411092,-0.029484203064894608,-0.024022218673256258,0.00037149883548153107,-0.010161542483862966,-0.009014222941626831,-0.01151924959850214,-0.029764662169937374,-0.07697775241284985,-0.08788206120999931,-0.07084368531171673,0.03637365693317281,-0.08222328558864495,-0.08135190322336193,-0.08261613850616648,-0.08230067892238054,-0.07689659503177998,-0.07597988885732289,-0.07336762749298821,-0.07029175658842245,-0.06739797971707182,-0.06633966950182471,-0.060826041590157115,-0.05821391337976598,-0.052820233416626866,-0.0469035250363186,-0.042653426635204876,-0.03772828367777194,-0.031110722080166735,-0.02768894157652981,-0.02438424583757365,-0.019344312288023312,-0.016655912340149067,-0.014335123407483689,-0.01079871218632545,-0.006788601832685382,-0.0024465777099521497,-0.0007434394915821232,0.008272215675736546,0.011365339189221396,0.0132898324798914,0.019307747792426
-0.0441776230473508,-0.04411341324659708,-0.04550916919307874,-0.04751139850527221,-0.04858395040574891,-0.05012354161319414,-0.05312785883376587,-0.05507620847048392,-0.05525482695673642,-0.0592330378843603,-0.06135345818628698,-0.06209581140192635,-0.06811514351417688,-0.07121778974614597,-0.07072868645756768,-0.07663720083397434,-0.08345245088423203,-0.08716946404188587,-0.08446426357493941,-0.09449801043499131,-0.09009316201717223,-0.09211198448434538,-0.09688797558413466,-0.0963757835779234,-0.0931816429504394,-0.0934000566242565,-0.09228494339689756,-0.08875045789563292,-0.08804197015771895,-0.08780151463355484,-0.08271155346305274,-0.08123391951971161,-0.07697410396078667,-0.07316350653681082,-0.06957502338875776,-0.06378814077380501,-0.05281398969802872,-0.04673632257677862,-0.04204923068139209,-0.033044342748267536,-0.029050600000803,-0.024520071753769704,-0.020662445473325044,-0.015556596724501687,-0.011288668374345652,-0.006865302047558907,0.009236772811731452,0.015197026373287539,0.018594798177507723,0.028192754433711716
-0.02860168000723836,-0.029781621048940485,-0.03079626883997801,-0.032481449281664805,-0.03434975214752557,-0.0345686965486767,-0.03663691434473043,-0.03867239651254694,-0.04045015767406979,-0.04295589479918475,-0.04503845957720398,-0.047459818323820235,-0.052369835184922726,-0.05336395658475868,-0.05767191340470471,-0.06210560214916288,-0.06868103707876456,-0.07228006717757626,-0.0769256896146428,-0.0927860251265285,-0.08758039289286886,-0.09634258791593855,-0.11117729067328945,-0.11283888305041374,-0.10292046297500025,-0.11253125285963156,-0.11262257813775334,-0.10772504838353157,-0.10785489871064728,-0.10816531507638429,-0.10358401548569257,-0.10378471818522435,-0.10210942287405517,-0.09829923567285608,-0.09436608175700434,-0.09060618904495504,-0.08386011179651104,-0.0801803314829851,-0.07227761790837413,-0.06211107432270545,-0.058344175289838665,-0.05062536233461745,-0.04644697626089188,-0.03597082580114482,-0.02914577016952806,-0.023957028374661998,-0.01452599369178007,-0.009431308246276228,-0.0040558672527852445,0.0025163167820037437
-0.0022911932903682927,1.7341023404033695e+38,0,0,0,0,0,0,0,0,0,0,0,0,0,0,-0.026456462475982778,-0.022457359179978535,-0.023121625010761006,2.313572430313043e+38,0,0,0,-0.05900139825113195,-0.0993183301084975,-0.14233708220531738,-0.14309398148701846,-0.1287369160066967,-0.12849956402872878,-0.1270208586129262,-0.12340489823098963,-0.12563747229403863,-0.12469861607559111,-0.12117329315002047,-0.11963195452720343,-0.11989434531156887,-0.1157001753803403,-0.11331732109666164,-0.10976735709712604,-0.10184744502278875,-0.0988895834492686,-0.09367691939484436,-0.09062687575190546,-0.07670016818103564,-0.06939241622897893,-0.06502244324852766,-0.05910720816666786,-0.056318285645283864,-0.05865960083594634,-0.05423957976407667
0,0,0,0,0,0,0,0,0,0,0,0,0,0,0,0,0,0,0,0,0,1.7529817348585192e+38,1.6714713498566488e+38,0,0,0,-0.14862972465397012,-0.15035930975336534,-0.15214678316317282,-0.1547138535481835,-0.14864924185558503,-0.15301414899026775,-0.15292066750835717,-0.1491950053251927,-0.15034426074185883,-0.15021355863546562,-0.14745125668938902,-0.14854550959304808,-0.14684778491301048,-0.1453872039000744,-0.14078613599929357,-0.13596793812696142,-0.13187707951259064,-0.12825721066143786,-0.11708016095331135,-0.1117954968032396,-0.10425330492159258,-0.09738534559834149,-0.09307793888097479,-0.09246858913731636
0,0,0,0,0,0,0,0,0.05343149808172821,-0.16461243693423722,-0.16752818364749908,-0.16846411391766988,-0.1813659359825965,-0.17901997791374225,-0.18104807461629305,-0.17835022888902724,-0.1795807797638161,-0.17740592553749845,-0.1781462859697086,-0.17577105606934904,-0.17678151144119528,-0.17575875357587162,-0.17649225692469425,-0.1775992078946342,-0.1785843245268751,-0.18106407157577956,-0.18083329318611555,-0.18187953383413472,-0.18393558671500104,-0.18531352818378855,-0.18197051672862316,-0.1841061379527492,-0.18473103779421218,-0.1836443564460097,-0.18418772477195147,-0.18790951496241934,-0.1896884330229076,-0.18908878240926968,-0.19032079388565323,-0.18817083679264865,-0.18598591571834203,-0.18359231244852045,-0.17899428317041535,-0.17948315403330567,-0.17290917099046577,-0.16614701543643934,-0.1603191319120782,-0.15461193222990494,-0.14958512458287715,-0.14581538004409472
0,0,-0.18501747404743496,-0.19632856451456662,-0.19579444275809832,-0.19812533174408115,-0.2105712572584266,-0.21468083571826366,-0.21418107967790173,-0.22002025726141844,-0.22173157325470244,-0.22003661856453824,-0.2223576510167224,-0.22254667829207161,-0.22174432780375888,-0.22095551380276676,-0.22366097556693387,-0.22266496682697848,-0.222746760012392,-0.22243157755937984,-0.22250714343474387,-0.22227289048582505,-0.22624706478998802,-0.22711125521050798,-0.2258959996446871,-0.22760769468861025,-0.22916132539943085,-0.2315299901455093,-0.23149973497159163,-0.23145525217166793,-0.23039308558370175,-0.23098067838400485,-0.2323823348432499,-0.22987632968845664,-0.23155356453588657,-0.23470894201291045,-0.23461826183842985,-0.23392098488367155,-0.23979851312493647,-0.23698856195096146,-0.2366361529343244,-0.2369599239451837,-0.23354142326672633,-0.233209975881906,-0.23048053485984288,-0.22861432973403684,-0.2275623251576776,-0.21443184931082213,-0.20809641852179128,-0.20991762854501703
-0.22170475863203437,-0.22430561929265852,-0.22681157821179343,-0.23831185434665667,-0.23854030831037104,-0.24028273630142408,-0.24564981606751446,-0.24689193041739307,-0.24789300967816044,-0.253134968800548,-0.2586396834087418,-0.259017324547782,-0.2680113734378476,-0.2671682546818795,-0.26789134269002635,-0.27093034404324334,-0.27351457903473725,-0.27231870899168953,-0.27478570578830036,-0.2747913681475237,-0.27420356973898846,-0.2738826894690827,-0.2822335204698462,-0.28450243602974296,-0.2822399962931756,-0.2848936933156262,-0.28527209653201685,-0.28722783752516645,-0.28865251285867705,-0.28925286545192663,-0.2912204844978054,-0.29572440428671154,-0.2953243735115239,-0.2937951150718684,-0.29535435329394205,-0.30203011866686463,-0.2992072725268812,-0.29734665965873625,-0.30053790496190036,-0.29264230170152644,-0.2945128852572202,-0.3014264779556977,-0.2987591229541809,-0.2943784398018831,-0.29353724932221065,-0.29493007619305306,-0.2964143946314714,-0.29211107041984613,-0.29068932608188663,-0.28742313445097806
-0.23334716868354988,-0.23782981246105084,-0.2412221383864356,-0.2563257302674143,-0.26106686319541045,-0.2620826568761867,-0.272511217730518,-0.27968446406538755,-0.28287890502301766,-0.2922035349187844,-0.29909583314676574,-0.3016787253515665,-0.3115055063823889,-0.31720101379349736,-0.3185881769060464,-0.31838804108106344,-0.32588549571537284,-0.32353762327311997,-0.3259954263183111,-0.3376991879898608,-0.3415572936481073,-0.34321040677754605,-0.349835162898548,-0.3668806702869056,-0.3590071242768188,-0.36512916253150646,-0.3661545156949372,-0.36008958885711057,-0.363023358071265,-0.3663182269394429,-0.3671843940242189,-0.36937380942697967,-0.3670542946577234,-0.3710456121031683,-0.36681664711187956,-0.36167586057748125,-0.3664486361607649,-0.3673082850961139,-0.37563321725831095,-0.35901330503079093,-0.3659498123312816,-0.3805194153471585,-0.38395528748348323,-0.3794733243344879,-0.3893073337292293,-0.38910715124821005,-0.38505483183682043,-0.3810301871250394,-0.38158514804822824,-0.376804238658009
-0.174149325411949,-0.2085151308132157,-0.23589862462815805,-0.2638435001352664,-0.2700486800134956,-0.27610030713095995,-0.2898213936088597,-0.2956185393162007,-0.3007188478930434,-0.3160897863335441,-0.32570787165146453,-0.33064040121771243,-0.3487810626976556,-0.35161200973146206,-0.35200436737557556,-0.3572435351454123,-0.3756525122916105,-0.381745027934853,-0.38938692404818354,-0.4006028843277542,-0.3976256806922496,-0.4034093197226805,-0.41748279962017015,-0.4234785117816166,-0.4282740325536701,-0.4414894773172264,-0.44053237959860697,-0.4320263747564843,-0.4497459442177249,-0.4532538375655805,-0.4549690386194457,-0.4715848184071065,-0.4693538158344138,-0.47227431273075143,-0.4751745887839129,-0.48189621292631957,-0.4759231521779301,-0.47595822225174517,-0.48347925619099125,-0.48364571766970865,-0.4761136915743365,-0.49397021132772156,-0.48436331163903634,-0.4804705090773487,-0.49036505254754353,-0.48230946113260165,-0.4756877254118193,-0.4753628182616488,-0.4738503142132516,-0.46511842440629353
0,0,0,0,0,-0.23808663697165777,-0.2690017311910582,-0.28407575828805837,-0.2968285552158245,-0.3150459372857576,-0.32396738270862563,-0.3328818337754806,-0.35346527554781865,-0.36280665794220895,-0.36807529704796793,-0.37678001297987435,-0.4063795120247035,-0.4145745526793294,-0.428089106141827,-0.4557826962860077,-0.4633658311655319,-0.484495889731321,-0.5017407732447319,-0.5110940274100345,-0.5155737752514733,-0.5316732289571884,-0.5397742316399333,-0.5414515567164921,-0.5547745531769376,-0.5616281762534802,-0.5606003838330957,-0.5727207676755416,-0.5754882980468125,-0.5752851071137285,-0.5793559211813398,-0.5879787090483245,-0.5870698639762402,-0.5892955266194206,-0.6057373315337172,-0.5997323450146526,-0.603089579088425,-0.6098419567507628,-0.611414595839887,-0.5897064384419171,-0.604803047919322,-0.6096526831097546,-0.6012650265861788,-0.609143673899381,-0.6079328290501735,-0.5946074492003732
0,0,0,0,0,0,0,-0.18806505857034841,-0.20009945627960907,-0.22545060370379394,-0.2436726741343788,-0.28242339357416274,-0.32516392089856444,-0.35172598171493996,-0.3798200237509881,-0.39981755456977597,-0.4270483110738853,-0.4430759759731566,-0.4588678956029767,-0.4879996864424649,-0.5016442171918007,-0.5120498958813828,-0.5454958346529483,-0.5626266590769615,-0.5693888812931373,-0.593838270055689,-0.6018496897498873,-0.6143745456502202,-0.645392910544776,-0.6512635183858134,-0.6583736599929827,-0.6752327248213766,-0.6835838258946354,-0.6829310604081611,-0.6858007869436316,-0.6955718228628552,-0.705284948526395,-0.7089176021576976,-0.72345192765029,-0.7200527484295002,-0.7252809344714367,-0.7384487125280218,-0.7426974679218811,-0.7407456246767148,-0.7497217721394397,-0.7623476432036256,-0.7559703630676183,-0.7678303350932038,-0.7710986519455625,-0.7521021590293832
0,0,0,0,0,0,0,0,0,0,0,-0.15141930161197423,-0.1727614137283045,-0.25007732124097626,-0.3251888780290124,-0.35824326329956135,-0.4032729408721588,-0.42970771205943414,-0.45619149156813943,-0.49305382153084437,-0.516029145411673,-0.5340807582919279,-0.5741169357453921,-0.5943255480780785,-0.6179298123146282,-0.6571589545488453,-0.680728531204734,-0.695071850396445,-0.7176966061389582,-0.7323880217441384,-0.7459414389865792,-0.7767365851070722,-0.7828067666671836,-0.790769316998555,-0.7967500029153785,-0.8254727399450157,-0.8285513696412217,-0.8403749821428566,-0.8703293543677062,-0.878940028243789,-0.8881114535902167,-0.9204953491442813,-0.9497587613987969,-0.9420083494014829,-0.966606901630407,-0.9704276332955329,-0.9689711887902775,-0.9836204102104666,-0.983196748373033,-0.9907977362773093
0,0,0,0,0,0,0,0,0,0,0,0,0,-0.1584778423380098,-0.263664757107217,-0.3069672630185932,-0.39322761515203863,-0.4539277689782459,-0.4895265753646178,-0.5398401109318027,-0.5653191053509258,-0.5792335380958943,-0.6231649002507604,-0.6426930488153618,-0.6697696857808773,-0.7247565603982694,-0.7441423828597734,-0.7631697240428708,-0.8010602033647226,-0.8206552336039045,-0.8408401373336817,-0.8933586401696816,-0.9322742059311383,-0.9540707872715046,-0.9761753226325057,-1.0169830773266568,-1.0225137471731431,-1.0357463717407684,-1.071549288342271,-1.066710762184135,-1.0882779737026427,-1.1181969544559356,-1.1349656884722357,-1.1375342626215352,-1.163436393153554,-1.1534400948903776,-1.1725169980682708,-1.173982917082163,-1.1683756190495342,-1.1572158226706837
0,0,0,0,0.05203990447476728,0,0,0,-0.10905320044255754,0,0,0,0,0,0,0,0,0,0,-0.4849728852215272,-0.5613604317332659,-0.6372979219269677,-0.742518441569511,-0.8054992510940441,-0.8442519918093934,-0.9229534968372847,-0.9515113181765892,-0.9626067176433691,-1.023494963734557,-1.047561134457542,-1.0675456516973738,-1.1022036885125759,-1.1141101887867872,-1.122613053311499,-1.1432814672457028,-1.192731063645197,-1.206475246568445,-1.222599328891401,-1.2711931263474405,-1.3315172845659862,-1.346366259178429,-1.3923001335776648,-1.4206505522467912,-1.4353918397074663,-1.4821087242470878,-1.4950998601810963,-1.5013422987635443,-1.5825221698880318,-1.5814323578364433,-1.5639746979198854
0,0,0,0,0,0,0,0,0,0,0,0,0,0,0,1.6831456671138958e+38,-0.10199174236940031,-0.2452989858877903,-0.2614738467585545,-0.23582085342406214,-0.2305546125434694,-0.32394550767954616,-0.5898024198822941,-0.7868531959144204,-0.9892406117417193,-1.1214062058545884,-1.169211437956829,-1.1957512552326184,-1.270438537306449,-1.301546001175084,-1.3820186075368037,-1.447087873961068,-1.4747958096739562,-1.5124244886016343,-1.5266337982346985,-1.555354155872245,-1.5695486119422817,-1.6413533604533481,-1.6741476552627659,-1.6834201419957828,-1.744920274515991,-1.877567793944625,-1.9087112303403078,-1.921998557916772,-1.9898398606110363,-2.0149854677718766,-1.9938432972274187,-2.0392884037636145,-2.0512733300225703,-2.0404147593195656
0,0,0,0,0,0,0,0,0,0,0,0,0,0,0,0,0,0,0,0,-0.3289479544092558,-0.45415414667145887,-0.6758082343273487,-0.8154013839639022,-0.9253601748734426,-1.1386509985132414,-1.2855594930429044,-1.5036185123482335,-1.6066045867515908,-1.7605787055617392,-1.8086386281417695,-1.8868499346850514,-1.9332089491795679,-1.9439083304484823,-1.9797144587497382,-2.1480216514643824,-2.1543993659035965,-2.185095321291624,-2.2133999395431507,-2.232105060307448,-2.2602120057248767,-2.307905990265277,-2.3471095847089054,-2.3561657637738054,-2.410087695440986,-2.4395346285183264,-2.473301470049425,-2.62476869467188,-2.6178027866919047,-2.6270374090406765
0,0,0,0,0,0,0,0,0,0,-0.313328955764117,-0.3274174684448629,-0.3292027517452492,-0.345765588759696,-0.3831001089212964,-0.39328723617177797,-0.4051683408268293,-0.43737426180369576,-0.4768947335247591,-0.5505768888124961,-0.6825630278029088,-0.7388688441700964,-0.7547048728757633,0.09820314286979757,-0.8398587446612684,-1.7640498959079811,-1.747757681329647,-1.7368633846085477,-1.8801295179981232,-1.908972141407511,-1.9773984542181393,-2.26973498777224,-2.4154822624860177,-2.4615004836368706,-2.52054241802322,-2.630006627471248,-2.6630508322585458,-2.781146977886028,-2.944121793147866,-2.971742987757979,-3.0119252332065,-3.1016840267284227,-3.1483580690768425,-3.1988570648383363,-3.2308623296721457,-3.206835089292885,-3.2220499309988027,-3.3277662771020986,-3.328546371576664,-3.34075233311212
