jsons/1312657200.json
{"header": {"parameterUnit": "m", "parameterNumber": 3, "dx": 0.1, "dy": 0.5, "parameterNumberName": "Northward wave", "la1": 40.97354507446295, "la2": 16.46031188964855, "parameterCategory": 2, "lo2": 133.9931640625001, "nx": 191, "ny": 50, "refTime": "2011-08-05 8:00:00", "lo1": 114.97908020019554}, "data":
[rows 22 to 43 of 50, columns 50 to 99 of 191]
0,0,0,0,0,0,0,0,0,0,0,0,0,0,0,0,0,0,0.3993186192929409,0.09073599296286396,0.6264028371608714,0.11854327678525657,0.23142945602467055,-0.057118840645179976,-2.8871438908950884,-2.737981495217503,-2.7543797725408092,-2.7146702099395887,-2.936224778544702,-2.9817750528611113,-3.055112034230831,-3.2111844560244327,-3.3102654553071873,-3.473740469355978,-3.6334604995400395,-4.118244917629444,-4.632600226513895,-5.014183827537464,-5.39873464038017,-5.6278740449331535,-5.91117739451229,-6.21512514686918,-6.417268538201967,-6.782765606966094,-6.8310942900541995,-6.921772387528679,-6.769058493711703,-6.793061397384208,-6.867476942848813,-6.339933147925322
0,0,0,0,0,0,0,0,0,0,0,0,0,0,0,0.05580298144771639,0,0,0,0,-0.43736669203611295,-0.7621927636019801,-1.4606554470505977,-1.6521232230794578,-1.873161215302647,-2.0985097445722003,-2.007037915423744,-1.8432954586615768,-1.840406662143586,-1.8064199563515615,-1.845026655323304,-1.971039053410728,-2.0365656244875,-2.099987371675392,-2.060071064784483,-1.8699475657743272,-1.902256381020087,-2.107504615488581,-2.347078765783704,-2.8964088133615036,-3.199591576803574,-3.7126337738512687,-3.9449663221179945,-5.1658705499935795,-5.403891796784694,-5.7634475919546535,-5.957840250492656,-5.746196269624636,-5.443636119636494,-4.708143116333055
0,0,0,0,0,0,0,0,0,0,0,0,0,0,0,0,0,0,-0.22264815414146263,-0.27389961084259506,-0.778368279639914,-0.9471735171401918,-1.0944033328612492,-0.9492522021323562,-0.7000835126682807,-0.6326815955081357,-0.5062605163004689,-0.18609889868579169,-0.054810179841072997,0.040997109462680995,0.31650401552035085,0.4318267151049454,0.4648988377159953,0.42650842651301074,0.34731654617143476,0.3115248590033804,0.27726871556229254,0.2776324298861058,0.2204708436007566,0.6901255432494195,0.836307520209538,1.060700333021343,1.4045099698243155,2.4050357675204728,2.307019499232216,2.5490394747473495,1.1834690279770461,5.050504287012358,-5.061588651645535,1.7036810528877624
0,0,0,0,0,0,0,0,0,0,0,0,0,0,0,-8.1454825486999445e+37,0.20587980637049091,-0.9033672208606351,-0.917563152312092,-0.8964583463306031,-0.4785106977807619,-0.3475290023560333,-0.272360092567151,-0.07020705521634472,0.18087634024952443,0.42391012591474475,0.652180354876028,1.1433328087574544,1.2703717552418918,1.4291087842628432,1.7164800930768915,1.8506505930768464,1.969879891425275,2.0223818771976916,2.240089027422815,2.4419823411696093,2.8141208218779075,2.9731023556014895,3.2671208078973972,3.66762949593985,3.7846515472450366,3.972077141851555,4.201456146169064,4.6899326109121064,4.908249795832781,5.184660981424352,5.569413847317924,4.742446672713304,5.154698441214151,-3.2262927687295813
0,0,0,0,0,0,0,0,-0.19702706921630955,-0.548339253713736,-0.46473110970004516,0.5020394994185777,0.668424792123026,0.615387573020664,0.16601548862722068,0.025126659988485546,-0.04963638319343124,-0.08071421558274817,-0.06481387897664655,-0.05443020588411647,0.08447019015435132,0.31089423743738176,0.5906189435051457,0.8204547972658154,1.0545408039206057,1.2360104443176971,1.4118465153891062,1.5572421327724437,1.7587372210138976,1.8878127420280402,2.089584716834403,2.3389379791540175,2.4509403790028492,2.6963890437701186,2.8612642682106966,3.116718708613146,3.522941724408558,3.727923244574146,3.984767288939474,4.201445820334873,4.33844325736898,4.4823105471785905,4.631662411187027,4.945498949565796,4.983186284691698,5.111880399932315,5.321925566124761,5.334773419691009,5.101791960838063,4.09179887903558
0,0,0,0,0,0,0,-0.9691954902062503,-0.8120903586602964,-0.9222898035183449,-0.8738374665158116,-0.742311685984482,-0.7875009243188238,-0.7801373632931562,-0.7763437520445253,-0.7212117871384321,-0.7393205797884278,-0.5198095403056913,-0.3595482757547154,-0.020595549388150336,0.38309452551599465,0.4628774729909777,0.6416973667286213,0.7379496741895532,0.9783095917424672,1.1625505677224415,1.2827851045367775,1.6092703817530525,1.7721115920238302,1.934160592983442,2.2556382331884754,2.422537797098929,2.5454423932815944,2.8597960941988947,3.0023306730564543,3.180748839466309,3.404062862978915,3.588660803941181,3.7569506030142286,3.9989054027404713,4.114516672396619,4.244999177777586,4.3679398772953375,4.564860653008513,4.635559849588081,4.709488090077963,4.869961025374986,4.912674768737905,4.963354874239609,5.007577071644148
0,0,0.20298632180433343,-1.3006602616831326,-1.4454708686472524,-1.3920319254692226,-1.5145133109250382,-1.4533619009226952,-1.2718632877608287,-1.2952128936605873,-1.2479218075279883,-1.0997479110092665,-1.0938890680608628,-1.0378768849706326,-0.9067931578982797,-0.8007064052090607,-0.6639620188899763,-0.3159083687092443,-0.25035061981424617,-0.12990529813339569,0.08167047350854943,0.27421817955489425,0.3756342057766806,0.4937354936451809,0.7305481922735836,0.8690218913812799,0.9037591863432013,1.114442896550937,1.3927087902982864,1.5448675954630875,1.800792854181859,1.9631059450682826,2.0621243010668984,2.3453551127297128,2.515204936902161,2.6485445065241535,2.9968778328402093,3.2209266994282375,3.294740765776743,3.4828149500978114,3.6262848761919786,3.6891297851222276,3.8336658770280763,4.014330121433322,4.100693271005792,4.198600189809646,4.302262428421252,4.334193444431614,4.3482172094536615,4.449591681060057
-1.3636814218481879,-1.4509357206390439,-1.559430746231978,-1.6819981573453184,-1.5208901321689243,-1.5370939008337188,-1.610630766307595,-1.5905063008484424,-1.473973235411589,-1.5199834096031324,-1.5014887705378828,-1.3676833100426122,-1.3127385968398722,-1.1525697069996037,-0.7981986780605463,-0.6594204818569668,-0.5842139521270101,-0.4069746277411979,-0.30807055977761777,-0.22364834534020425,-0.04056590540868297,0.06474578741613408,0.17644185853338018,0.2783524080395405,0.5093226658919453,0.652477815571974,0.7530697149668825,0.9572243218968189,1.0716135878532942,1.2114396541496046,1.468760723665397,1.6190970462919274,1.7218231297819855,2.0401482495214727,2.19524929250479,2.3006597120028633,2.5155449047390483,2.6410410894878207,2.7513957444303863,2.970623898469559,3.045498171698772,3.2072270606906765,3.306680950969079,3.5278355678436966,3.6245704404399635,3.649499537078192,3.8207649931399557,3.8688977863350185,3.880490769938793,3.989448599927147
-1.754210645648845,-1.6967384470620979,-1.7131946913770286,-1.7355709602750844,-1.6839163584378634,-1.664190883854396,-1.6953850432175925,-1.6697653697652783,-1.537418322938917,-1.534735602274953,-1.4673931568595258,-1.2720311675635334,-1.1203934913077724,-0.9965181282557953,-0.7690335426969251,-0.7407401515356411,-0.6602089050938642,-0.5590595105083439,-0.4601295493947387,-0.3974025654334874,-0.22071125616923448,-0.18050539901139318,-0.1341694613248252,-0.08011815865760571,0.11867064109562434,0.22911518518282242,0.34272576697309387,0.58444895807237,0.677961937600511,0.7613495523397903,0.9204304966018251,0.9970927161670231,1.0806392011058403,1.262161499165941,1.3386569506898014,1.4454247224826182,1.6242849535795958,1.9380903337141329,2.0521160910093768,2.3421302075495856,2.585069260752905,2.641678511709153,2.8380129228296602,3.0661183318030596,3.163108346134046,3.25438697979566,3.3905573515669687,3.4455046800671294,3.4611881512658376,3.5514073063598186
-1.7954084219259236,-1.6757791855404036,-1.664425321931446,-1.7044988019981004,-1.6276464168822857,-1.6016491288041559,-1.6144015079840381,-1.561172146077922,-1.4344387387568711,-1.3663522853702343,-1.3102553300214548,-1.1743866952381299,-1.1330901261025215,-1.0974646010171563,-1.0544363629074371,-1.0281981631899104,-1.0334418076272012,-0.9042289526708465,-0.8377520665955424,-0.7442080785909246,-0.5896883047478995,-0.5438035697719902,-0.4806259547206122,-0.4340860565724415,-0.2968027744800439,-0.22877828391954758,-0.1699980555670125,-0.007155630690283124,0.07388775717237586,0.12996183648932644,0.17374531208078234,0.21428656705022606,0.25317772175989556,0.3731608440465196,0.49956035662751125,0.7500346689210049,1.1215073813518668,1.36171071880807,1.5316906760828677,1.969830661594386,2.1444997753241832,2.2852263632935004,2.455149816744242,2.70696551820684,2.775108919589532,2.9589108719258106,3.1255708462773715,3.127462845833603,3.1311851406151825,3.206982563656797
-1.2751181092251918,-1.1351473466420696,-1.0812820697475756,-1.0394508775249052,-0.8579729256519452,-0.7549942081165164,-0.6804979725337679,-0.4409004058180642,-0.07904452606045347,0.46574299017704196,0.6569133878836764,0,0,0,0,0,0,0,0,0,-1.554983005557624,-1.4257674718121738,-1.3634931818029752,-1.2869826822678756,-1.1492832111973965,-1.0400909029584389,-0.956804874433046,-0.8244283640847789,-0.8114413928619842,-0.7634464268403436,-0.6704805316037236,-0.5872903018249487,-0.5015972387548385,-0.13883365655538604,-0.00252913195400128,0.27605754845808356,0.661968580183024,0.8444711473621334,1.0456160876273686,1.438033345249367,1.6760475780500037,1.815234632469485,1.9110975432447366,2.071705158688079,2.187345005110067,2.4331490263804425,2.616543061455272,2.6661794680645845,2.739780679412676,2.916191788982701
-0.5279899489158616,-0.33220578790303684,-0.1582374158698034,-0.04356451310964973,0.3413106168814332,0.44736562698350885,0.6372495450879365,0,0,0,0,0,0,0,0,0,0,0,0,-2.040167787065716,-1.755754279554976,-1.6491309396823275,-1.5890525499542398,-1.5075100663378935,-1.2385945313411681,-1.2033225612496212,-1.1279757968597615,-0.9553392341234532,-0.9122772804273837,-0.8202416813142676,-0.6556836822828864,-0.607742958672926,-0.5392023530160227,-0.3947547660545896,-0.26755098042852526,-0.15887628984947205,0.3201826111896815,0.6869980036855085,0.9788432989300613,0.5951208395370869,0.7364513900454142,-0.350439616639526,-1.3356597722761583,-0.2307642394980178,0.6761346403757847,1.2995920723084216,1.96815588419642,2.1772211494342586,2.2814604990930993,2.5308367901998
0.32106371917022636,0.5832992399818298,0.6466730901348364,0.6607495453401999,0,0,0,0,0,0,0,0,0,0,0,0,0,-1.7315103444071085,-1.7162863529317745,-1.763422778930962,-1.518429227264002,-1.4813287356423417,-1.4388594082921888,-1.3441350096174014,-1.1847145277525932,-1.1158826312472165,-1.027167613844448,-0.8546886195482649,-0.7392153007338225,-0.6417211353471296,-0.38835572330900653,-0.16934343512100497,-0.03900078242051103,0.4550100864970926,0.7611845093164911,1.0012326782939411,1.5094591491199327,1.552101853656367,1.501253117781029,1.2989914024076616,1.2923719858739044,1.337608794217243,1.34250461935359,1.3712892196018758,1.4367088497796008,1.462778044564093,1.6267808727301003,1.7313547063573904,1.917614994204847,2.158323964423421
0.5481786950618839,0.6726110918510716,0,0,0,0,0,0,0,0,0,0,0,0,0,0,-1.7652674784166598,-1.59213492242225,-1.5652651462247165,-1.5175162951395749,-1.3404827795102088,-1.264403517700291,-1.206902564063105,-1.088388172758855,-0.8828472601202351,-0.7659878706498644,-0.6768846529810087,-0.43409740971301325,-0.31634888444315373,-0.17670160347713865,0.15216866875815663,0.2609499630359847,0.3944688569877124,0.6557541678867441,0.7793170549162598,0.861523577551688,0.975477271715404,1.0090930222570813,1.0717914586363495,1.1023769699475696,1.1151614173199922,1.1536201872922334,1.1732621564356838,1.2433319876957876,1.2963714142832397,1.3641009340478738,1.548831231683782,1.621815135950048,1.69520912795042,1.8791697108565628
0.5231616710288132,0.5847508543895109,0,0,0,0,0,0,0,0,0,0,0,0,-1.5093007006199561,-1.4659110469198444,-1.4663056270484256,-1.3137404502834837,-1.238330627102882,-1.1657119731250636,-0.9904067536023713,-0.8624133792175959,-0.7868533004676076,-0.6875286867788563,-0.4806511847563404,-0.3836406583326597,-0.267340940464472,-0.08750176868075087,0.02900901717175014,0.08853966442064463,0.24975023814011268,0.29582105605425335,0.34648208038487166,0.4798237629423708,0.5489884596556599,0.603328985103224,0.6521760678914914,0.7279386725672691,0.7832263390919404,0.8763744937521927,0.9016384099689895,0.964656012581387,0.9950366158575056,1.1345968110454199,1.1999288962977708,1.2827690094073303,1.438033470743589,1.5460450997702402,1.6031596003952449,1.7026228117035755
0.4377393821799997,0.47250315146819116,0.40903984914670044,0.03701091616351439,0.1066231113716399,0,0,0,0,0,0.3923525578394627,-1.3770577764642495,-1.4094723744366955,-1.349102234974602,-1.2441774961622183,-1.1774003690172163,-1.1130866152545273,-0.9732962330674211,-0.9194799324013797,-0.8580094243440672,-0.7161289365480626,-0.6455453827837571,-0.5616861746903017,-0.4996935924936166,-0.3520242138209263,-0.2502244737182098,-0.18833638864916075,-0.0369767141968191,0.05059652138004303,0.10044437715847479,0.18823683936253918,0.25512911735031213,0.33556272855137736,0.46652092258888045,0.4823491450888231,0.49452027758400974,0.5439496137679061,0.6011636174480959,0.6270563520882317,0.7071286827489079,0.7551162294697426,0.8129173861536945,0.8502766941962532,0.9579644801913694,1.0571550598232626,1.1132318161965324,1.2448081669918043,1.2696370607080685,1.3649601376489895,1.5018619771566912
0.4015108974133824,-0.4592852078431821,0.12345531420656694,0.25946306471694114,0.4308109189139535,0.4817844132808218,0.44666179093815994,0.19548953288099544,0,-1.3466298696452337,-1.2303445661206245,-1.10756530479318,-1.0771191673876306,-1.0268733112198165,-0.9125922008890213,-0.8616318884973313,-0.8299361678245788,-0.7188300780376067,-0.6490524758646872,-0.599529167931065,-0.469068247709548,-0.4062474717447105,-0.35490313823383285,-0.2942965662089086,-0.17964855596348794,-0.14528184867652083,-0.08782603926843882,-0.008238280540729366,0.04615066867354014,0.06522370503168405,0.13190030243535625,0.16318695177678602,0.17438088684346065,0.31067217694721583,0.34882904517609886,0.3673520375888578,0.4054425305670906,0.4577595814586042,0.4837726822499437,0.6072323959672765,0.6540712730600828,0.7371498510207186,0.8112342609924895,0.9042535335530102,0.9748367914801317,1.016088125641389,1.1412461350355976,1.184278579690129,1.2597007126833575,1.336219233277088
-0.33283476667405587,-0.505926151618111,-0.6028499319508056,-0.7690708553162539,-0.8031132888626502,-0.9206698805688228,-0.9686942274637006,-0.9879354164518449,-0.9183786402934382,-0.9293063373475609,-0.8971065348140882,-0.8336936836695561,-0.8184537028300242,-0.7920177774131043,-0.698882666174862,-0.6543080975075174,-0.6269244187266388,-0.5392078361270958,-0.5059556175743584,-0.4735224521475843,-0.38460190955010304,-0.32534769999126223,-0.312899319753366,-0.26267890153613943,-0.15534052679616417,-0.08368473001370562,-0.07967570445111649,-0.01581691223361145,-0.008956069561479178,0.010294493298372131,0.06203951214459045,0.09583412641497263,0.14529280615701565,0.211496651272333,0.24958349625967358,0.2675472348660958,0.40007678419036014,0.4523850034701155,0.5028062072435155,0.5941455855291551,0.6532094714554221,0.6882567428888816,0.7317292130731599,0.8498515915438567,0.9059549687527159,0.9880594387393374,1.0342387326446998,1.0787649783134035,1.1288828187529234,1.1954655806127366
-0.8348103571698949,-0.8505041215630351,-0.8521606205133396,-0.9054070477437868,-0.8815781886540538,-0.8696582226039351,-0.8481595792528877,-0.8420932347194428,-0.7833193917012964,-0.7773281649321353,-0.7485170806568141,-0.6880151516295101,-0.6620682816591482,-0.6383097540199043,-0.5758231151173442,-0.565675061360223,-0.5493345415941949,-0.5011083698964593,-0.46337253319863236,-0.4355917552722022,-0.37876860658967243,-0.3249746968600866,-0.30134357091541825,-0.26890917942667236,-0.19672048282728385,-0.16719123030316071,-0.13842941054687413,-0.10072760738396487,-0.09713631143635248,-0.06341291325281223,-0.019966817381875716,0.018561275611877176,0.059882215015132925,0.13156931586902454,0.18237242331938566,0.237269806347731,0.33722969102436035,0.41861513689550656,0.4544852233262429,0.5853544117481807,0.6553958232176589,0.6540104319508868,0.6814735051231094,0.7438154793939056,0.805209544057698,0.8326107968051517,0.925915660475572,0.9691909419739172,1.0012419202153602,1.0679015649368397
-0.8378611117143578,-0.8269904308482022,-0.8036526320372152,-0.8144405560290792,-0.7674824781038282,-0.7651153488230104,-0.7581429403430289,-0.7257058904514156,-0.6994805855633586,-0.6778146005717821,-0.66324951076094,-0.6134058279846154,-0.619596505132773,-0.6062781698872748,-0.5759051002935058,-0.5583899934971276,-0.5334974213533304,-0.49677982441756224,-0.4654123867212005,-0.4287896810837483,-0.380198346332746,-0.35420556573451667,-0.32392979614414535,-0.31472240953518654,-0.26803447314647355,-0.2661888715280715,-0.23732490662241604,-0.18850953991349215,-0.16327140863683612,-0.11714416420580763,-0.05968015485360005,-0.0027880616949172354,0.022153428151826048,0.11317204699349462,0.1634420541692762,0.20130209400605206,0.2548139378850814,0.3207277664230777,0.3643873484469619,0.47686713934878217,0.5115282154642709,0.5417695270786692,0.5823964144160408,0.6497222352990502,0.7276036582383562,0.7867940897681877,0.8575428141652617,0.8757939809034905,0.893696995979112,1.0302016735284265
-0.8084452333727277,-0.7757487361117382,-0.7643257472472508,-0.7550170836316087,-0.7287705386056652,-0.7138511047603903,-0.7141613560203932,-0.7066716875285192,-0.6659739959566854,-0.673742794663481,-0.662447480217518,-0.6362905624323203,-0.6300537127428992,-0.6068335943333416,-0.5777547999350725,-0.5575123823883328,-0.5314269267043807,-0.4881548717746509,-0.46682140102080316,-0.45043554455838347,-0.40651346762103213,-0.3873760746508008,-0.36364564455846715,-0.3562474666165078,-0.3087099713763553,-0.2909100668067697,-0.2716110472568763,-0.21250314941828208,-0.18793075022638836,-0.1538033550587753,-0.09803181623675628,-0.055876323651862424,-0.011979755103427843,0.06938342128155561,0.1269669705698936,0.1386560609984443,0.22190247407469366,0.26642664459832466,0.32531479559348603,0.37388118173093365,0.4318576668715403,0.4721820643049719,0.5228430305616885,0.5871078412899484,0.6207054437307802,0.6745680797444698,0.7613569551858971,0.7985830691640156,0.8649861050481145,0.961029264801019
-0.7744452139942696,-0.760497720942149,-0.7505595950722505,-0.758133097548702,-0.7343473995852242,-0.7165443802180723,-0.7220725878211586,-0.7235819667872481,-0.6883305442822307,-0.6891119435062664,-0.6837538598591517,-0.6342199482357078,-0.6152386362050035,-0.608328057951183,-0.5656746602345802,-0.5412463286546393,-0.5330342067399386,-0.49964067491893077,-0.48267567017144236,-0.4723870680852525,-0.44039486240509795,-0.4383112678593837,-0.42758730881414675,-0.39932441002582775,-0.3697373585057971,-0.3552990855346199,-0.3271500841107369,-0.25586493452419856,-0.24448689534551316,-0.21560796850568778,-0.13854142434197614,-0.1124705505052614,-0.07298479041958411,-0.00611947523875303,0.016458495344821175,0.055868984573956455,0.12009217059567326,0.14167193264866654,0.18856764258089181,0.27267483352776956,0.3099707656117101,0.36971020923870085,0.39030794471646396,0.46298799051392636,0.5015494790205505,0.5485992571208168,0.6460873522325798,0.6918035922312742,0.6974289283566316,0.7733748483210262
