jsons/1312833600.json
{"header": {"parameterUnit": "m", "parameterNumber": 2, "dx": 0.1, "dy": 0.5, "parameterNumberName": "Eastward wave", "la1": 40.97354507446295, "la2": 16.46031188964855, "parameterCategory": 2, "lo2": 133.9931640625001, "nx": 191, "ny": 50, "refTime": "2011-08-05 8:00:00", "lo1": 114.97908020019554}, "data":
[rows 0 to 21 of 50, columns 98 to 146 of 191]
0,0,0,0,0,0,0,0,0,0,0,0,0,0,0,0,0,0,0,0,0,0,0,0,0,0,0,0,0,0,0,0,0,0,0,0,0,0,0,0,0,0,0,0,0,0,0,0,0
0,0,0,0,0,0,0,0,0,0,0,0,0,0,0,0,0,0,0,0,0,0,0,0,0,0,0,0,0,0,0,0,0,0,0,0,0,0,0,0,0,0,0,0,0,0,0,0,0
0,0,0,0,0,0,0,0,0,0,0,0,0,0,0,0,0,0,0,0,0,0,0,0,0,0,0,0,0,0,0,0,0,0,0,0,0,0,0,0,0,0,0,0,0,0,0,0,0
0.9056317980481638,0.8920070949317188,0.8649446701153034,0.8326277947155769,0.717017439456968,0.5800762543065321,0.4146428344088418,0,0,0,0,0,0,0,0,0,0,0,0,0,0,0,0,0,0,0,0,0,0,0,0,0,0,0,0,0,0,0,0,0,0,0,0,0,0,0,0,0,0
1.0684719864558752,0.9297624507936919,0.890948370099756,0.8144689057225861,0.6363994730883682,0,0,0,0,0,0,0,0,0,0,0,0,0,0,0,0,0,0,0,0,0,0,0,0,0,0,0,0,0,0,0,0,0,0,0,0,0,0,0,0,0,0,0,0
1.1234099174663605,1.028401971554238,0,0,0,0,0,0,0,0,0,0,0,0,0,0,0,0,0,0,0,0,0,0,0,0,0,0,0,0,0,0,0,0,0,0,0,0,0,0,0,0,0,0,0,0,0,0,0
1.5079459310717467,1.4165391846871533,1.3714727558062532,1.2886027527725616,1.279100876967911,0,0,0,0,0,0.6765473142308339,0,0,0,0,0,0,0,0,0,0,0,0,0,0,0,0,0,0,0,0,0,0,0,0,0,0,0,0,0,0,0,0,0,0,0,0,0,0
1.342901071965641,1.3235082248411876,1.3134118961379744,1.2887687266133958,1.2247697406619096,1.2032440328566636,1.1667106273530046,1.1496045818904685,1.170166444613731,1.1188820513929343,1.0630488866072172,1.0519482380365783,0.9953696114992452,0.9874391499509466,0.9482108533826855,1.0100334065826673,0.9864822705307075,0.9758812268451427,0.9676220878144627,0,0,0,0,0,0,0,0,0,0,0,0,0,0,0,0,0,0,0,0,0,0,0,0,0,0,0,0,0,0
1.0751284360697702,1.1433706769041743,1.154252178948539,1.1478943370547514,1.1260739448423938,1.1176063130778513,1.1013913273220406,1.0606620950327048,1.0292075468100095,1.0110269119112958,0.9896992566327459,0.9746907365936321,0.9207088207190386,0.9765657197368801,0.8466353082985341,1.219393128482685,1.2425336770699784,-0.880861548054205,-0.6585443614084813,-0.6140537468926404,-0.6602981268063415,0,0,0,0,0,0,0,0,0,0,0,0,0,0,0,0,0,0,0,0,0,0,0,0,0,0,0,0
0.9327276815745278,0.9414798966866808,0.9752265324971096,0.9894504811302237,0.9910663256535456,0.9817164052606849,0.9559327148213763,0.9346099166132099,0.906807652017418,0.9142946981414805,0.9065254708842982,0.8828451281162404,0.8153936128937321,0.766567281181069,0.7531284421783386,0.7106601276861712,0.6677214132689109,0.650126750396634,0,0,0,0,0,0,0,0,0,0,0,0,0,0,0,0,0,0,0,0,0,0,0,0,0,0,0,0,0,0,0
0.8850199186620639,0.8856913693020967,0.8869515348435081,0.8911182476793172,0.8812715539397162,0.871024967372213,0.8609382289767273,0.8248030276367608,0.8111990526006788,0.7982937589699717,0.771367829974407,0.7525822513842632,0.7198179606257045,0.6891611471251942,0.6213463463411307,0.5598478218371381,0.5230428648449247,0.5704146870625348,0.3673755499088522,0.5303365956989988,0,0,0,0,0,0,0,0,0,0,0,0,0,0,0,0,0,0,0,0,0,0,0,0,0,0,0,0,0
0.7423628770854144,0.7810351599424362,0.8006072771500641,0.7832984138640304,0.7909393595606584,0.788501126824874,0.7813011669874519,0.7914078421586751,0.7658658936168049,0.7036259947101438,0.6921103509736729,0.6696542465559265,0.6350539961438961,0.6081044344638065,0.6077075390668224,0.5190766782557102,0.5345734757564311,-0.9183164325636738,0,0,0,0,0,0,0,0,0,0,0,0,0,0,0,0,0,0,0,0,0,0,0,0,0,0,0,0,0,0,0
0.6270957303847204,0.6368274894719861,0.6499834550942379,0.6703795664905156,0.7249350204349948,0.7182190661773639,0.7072006398975533,0.711479642966551,0.7199056596940031,0.6991341939203581,0.6955968713097896,0.6974302582366927,0.6759009128102981,0.650896274252576,0.5380364223591999,0.48009072744066483,0.5106423584144364,0.5710842888878165,0,0,0,0,0,0,0,0,0,0,0,0,0,0,0,0,0,0,0,0,0,0,0,0,0,0,0,0,0,0,0
0.5827215261667088,0.6489169331723724,0.6882313820982181,0.695735094997003,0.6949298486814364,0.6911641555064305,0.6933548251971913,0.705481188109804,0.7257511710523347,0.7316028631872101,0.7392583478802254,0.7673952689503111,0.7530137553570656,0.7598556916095094,0.7395889415084665,0.7218916705939515,0.7844540107043094,0.8483031552438692,0.9135231154012557,0.9351279775265361,0.8560018554169226,0.8904137884705694,0.909035123003158,0.9281528748263616,0.9071986803974071,0.9381063020619159,0.9480492096811036,0.9106318631199094,0.9356405447718051,0.9633617714434993,0.9447189054723549,0.9579204068663693,0.9611730869703403,0.976614777237686,0.9839853974829985,0.9917835896020892,0.9627915796687567,0.9543162027670345,0.9473664085630769,0.9173424589394665,0,0,0,0,0,0,0,0,0
0.595255370197695,0.6130151698116109,0.6171748637346317,0.6640596404791514,0.6702332017631429,0.6837100225967506,0.6974927421807758,0.708906474353526,0.706489341628885,0.6682131057305046,0.6741984470933836,0.6745396199341683,0.6527134951743393,0.661076954443732,0.5754176298179571,0.5726102013973738,0.5802849081470947,0.6002058176163404,0.6223636111024341,0.6342954631773292,0.7504114425201287,0.7914977887374226,0.8175248766077248,0.8741941126043349,0.906267925329463,0.9122702053816034,0.9366297093040112,0.9581680591411101,0.968165564801218,0.9705215704653563,0.9785988092759963,0.9708310962912631,0.9594808305133298,0.9614942198311698,0.9626066540418172,0.9616231653136664,0.9552423771727232,0.9526066817700338,0.9436914151878398,0.9318850406368115,0.9272877146377723,0.9210171994672988,0.8947163429013424,0.8925759675636412,0.8727239378537274,0.8104394450942614,0.7872983091094218,0.7953438738836551,0
0.4820059660632294,0.5434514895284362,0.5587316847424475,0.595895092434894,0.6748626056196303,0.6864811612385266,0.683881798223169,0.6646906813540261,0.6613318704838744,0.6519689921564826,0.5970382209083431,0.5786603072713297,0.5270382044966161,0.8859675796938082,-0.9005382694380448,-1.0245369062620133,-0.9101422029326742,-0.8217339999240717,-0.843288363415108,-0.4209051900071491,0.5276598424760556,0.5730691873005423,0.8386120287117461,0.9622779573554596,0.985582289638064,0.9993447394136297,0.9760906967518304,0.9754561616117946,0.9684759306437525,0.9582394033171446,0.9575498328672888,0.9463259815656455,0.9346598456339339,0.9339125696125787,0.9402196788785778,0.9326784919043721,0.9229328504719339,0.9288942271479396,0.9323301121269152,0.9198506902158686,0.9151549423574307,0.9186506251161622,0.8863123691895223,0.876145890076235,0.8394275627915672,0.7866685350059551,0.7349060190961958,0.6847179610346802,0.6573203702095041
0.2594409879747149,0.25717530081148204,0.28075500730454594,0.37428580561833263,0.4807979160837961,0.48643963824201203,0.47257784135890274,0.5407727947324016,0.5550313936747017,0.5845241876373092,0.6545920641638897,0.6655893037993378,0.692883839066362,0.679548644670595,0.7077149007263719,0.7225851042208119,0.7862072410473915,0.835040234008834,0.8699540502268436,0.8723993617162251,0.9344188658165775,0.9363206077375882,0.94411786234819,0.9575920386118175,0.964917464804998,0.9392708294793783,0.9376362438103595,0.937053480123715,0.940922589312787,0.9411750943504152,0.9453181693792378,0.9410786463641827,0.9464543912883461,0.9414005153597694,0.9325525986281825,0.9285036054223516,0.9192139831036931,0.9173048908365928,0.911079347793321,0.905660084029822,0.9021825926971164,0.9008342719372043,0.8778392710388904,0.8667859921310053,0.8624437419039599,0.8284530275331888,0.7879239752208227,0.8333892557030125,0.8120000513533755
0.18424596264375825,0.29678050187053195,0.35025303384799766,0.3912239311782254,0.4365441617785851,0.4514284928702781,0.4586838657281267,0.4847742475681603,0.5030771159588211,0.5395326399321999,0.567135130264165,0.5821746848397267,0.5881943593999251,0.5806902744850513,0.6395837597078803,0.6324211806456592,0.6505346654742508,0.6699638816013045,0.6802055415479472,0.7119034050159978,0.7619421803034173,0.7813276167030188,0.7961759313484404,0.8166595811783717,0.8138878625301844,0.810127769404637,0.8370086777046972,0.8561332729524175,0.8621567851325601,0.8747925096399491,0.8866243941108529,0.8920907907420879,0.8959458438677453,0.9012357459732616,0.9099667661266495,0.9168838603904398,0.9211522479541764,0.9196818056257887,0.9153463697674278,0.8999859420012856,0.8890277400813555,0.8751758065577868,0.8636684140950693,0.8620670151358084,0.8560015168630444,0.8105090185607065,0.8134183045576445,0.8154138059948085,0.8001474434859108
0.3591496404131768,0.3253102683790836,0.3618907802276214,0.41612334555193986,0.45208839646833393,0.4835451624072193,0.4939724458350157,0.5669132134195063,0.5982803193746846,0.5966787685055448,0.6008310416242647,0.6147268578792263,0.6480565480619428,0.6536992949619214,0.6699464650406811,0.6865783021541261,0.698724483544647,0.7125530617401126,0.7146826973682575,0.7314413073800304,0.7871706977497288,0.7876248649885592,0.7901150796323338,0.8139481287988505,0.8181226754040049,0.8149262816881664,0.8417988241142719,0.8452818004323062,0.8539383695463776,0.8633831618236418,0.8699065409223865,0.8763763931233121,0.8815464325285433,0.9025849433082409,0.8992546235863828,0.8915443079200311,0.8894873249945169,0.8943527069004095,0.8923828200431875,0.8950683346089019,0.8987500426003201,0.8935462876761882,0.8868171111068202,0.8608638669641774,0.8405471211022884,0.8092024361571905,0.7954226223412589,0.7973024486739586,0.7839793470971387
0.26923853252476376,0.33399729215555873,0.419326978285603,0.4691395301193771,0.5324769231827393,0.5397271809205527,0.550593890744326,0.593935836677316,0.6195992071958082,0.6557295557922626,0.6667038853789785,0.6922802108853654,0.712011300486604,0.7201043080786765,0.7515721871252304,0.7705643861799513,0.7759927138554378,0.7580859523523589,0.7824308492042966,0.7821867406027783,0.8063383133238196,0.8147752446932548,0.8176834745051396,0.8303448566978906,0.8402606831860773,0.852754583181791,0.8753247585907921,0.883520765269673,0.886052328584993,0.8910824442176264,0.9008161706063817,0.8878317934973969,0.8741314793745218,0.903538138212504,0.9056960012243636,0.9061487924821384,0.904714986707279,0.8980718014329337,0.9031505754772338,0.9111006169938052,0.9136819277405195,0.918469646562529,0.9081378777511085,0.9032397781904266,0.8842715885917973,0.8512698259318169,0.8414025289363802,0.83610818590614,0.8280280585252114
0.3705948692445101,0.44900124249719636,0.5530452216245713,0.6541712702471845,0.7827104494067083,0.7945431452988626,0.8096616250262866,0.8308675520916523,0.8423758698048558,0.8449066969044169,0.8462434007128229,0.8405644575888854,0.8262683299380543,0.8245021412051032,0.8254858515832556,0.8260689252101573,0.8233025335665164,0.8068920931121986,0.8263370604034832,0.8243912704596553,0.8508808110659891,0.8617121613241886,0.8674087936724137,0.8844049882287154,0.8971521725248877,0.9069035944997116,0.9225282787832954,0.9180289979959774,0.920338738530735,0.9315756574513466,0.9394233839053259,0.9301597103099906,0.9278187968724034,0.9267913492333135,0.9198372645608686,0.9215760629021729,0.9208097049101701,0.9277359874547262,0.9239128854487093,0.9073514461763169,0.9043816360130054,0.9019708767631998,0.8980734519915514,0.9012951962552952,0.9036501875024368,0.8987691762226118,0.8878999697622917,0.8829693309897668,0.8800379571759742
0.47565557306280115,0.6413043317372803,0.6926283442764688,0.6916317172960303,0.733843602543581,0.774078406482524,0.7952795565630578,0.862191071558601,0.8533351761986628,0.8631702929868335,0.8614192316370031,0.8609199820718048,0.8659581099663147,0.869173017884519,0.8816725790673863,0.8810794884063928,0.8655237240861997,0.8555610298967059,0.8536294816937031,0.850380937564004,0.8610730526593975,0.8631486753168042,0.869496552807001,0.8822448534374472,0.8807415206875792,0.8936788370127516,0.9003237861209104,0.9042018625478658,0.913241132490815,0.9240172809164922,0.9320684145723038,0.9250440507036741,0.9201383398433042,0.9101221707952162,0.9080102894363706,0.9040774690376705,0.9139925205207018,0.9190292296588257,0.9280469020466597,0.9384522425953258,0.9383254089437183,0.9377742658078676,0.9397421704158193,0.9536861194425647,0.9665966600597408,0.949777309613505,0.9445928820183255,0.938291306679954,0.9385913502119889
