jsons/1312880400.json
{"header": {"parameterUnit": "m", "parameterNumber": 2, "dx": 0.1, "dy": 0.5, "parameterNumberName": "Eastward wave", "la1": 40.97354507446295, "la2": 16.46031188964855, "parameterCategory": 2, "lo2": 133.9931640625001, "nx": 191, "ny": 50, "refTime": "2011-08-05 8:00:00", "lo1": 114.97908020019554}, "data":
[rows 22 to 43 of 50, columns 49 to 97 of 191]
0,0,0,0,0,0,0,0,0,0,0,0,0,0,0,0,0,0,0,-0.190337019854051,-0.04387987382693685,-0.09345488808253936,0.07274628830928195,0.09319973864407081,-0.08499542037271388,-0.17305646332548172,-0.04528870732404746,0.019224225080164862,0.035280700481719704,0.08925054491615787,0.10442915830477235,0.10782743887916676,0.14180132098426718,0.17043937723778121,0.20517029002894008,0.20922188661964822,0.33371568185420186,0.5608669940484738,0.5878302570327683,0.5783872148297573,0.6263666131323812,0.6592746977719453,0.6671124278324806,0.6706554314914628,0.655212558575423,0.6956594632413757,0.7054320871442509,0.6792348511112862,0.7114721503273355
0,0,0,0,0,0,0,0,0,0,0,0,0,0,0,0,-0.0005314504342193259,0,0,0,0,0.0015901208164218505,0.012303730532299424,0.002963840963631786,-0.027730401060902073,0.013399809199330625,0.032155321059322756,0.03974064994107046,0.09981113702133326,0.1640973225704786,0.1863535006081014,0.2628589895838452,0.39124102743210376,0.45145640726982883,0.5830857218124915,0.5922075940242348,0.6281849600506908,0.6598726825033441,0.655509128918215,0.6607000370924315,0.6714551858460478,0.6789098229201137,0.692872455085123,0.6918578041868262,0.6960349246640362,0.6907952395012369,0.6982921225544211,0.6477812999618459,0.6712664380969323
0,0,0,0,0,0,0,0,0,0,0,0,0,0,0,0,0,0,0,0.07083902023388246,0.1344775439868254,0.12311239191566377,0.12839406785463325,0.13990326802554445,0.11713745224821931,0.15817300997573863,0.16808589794546042,0.16932426287774,0.26761426374438446,0.36378283758342983,0.4438507431096791,0.5454331362224509,0.5670436372946458,0.5768148692218836,0.6077520683199003,0.613617065179311,0.6387132154096065,0.6632642548986074,0.6605449473852587,0.6695235898559746,0.6701223246025759,0.6715272559256344,0.6761392997915879,0.6678742675465121,0.6335701869658749,0.6101495583151303,0.5773731990367212,0.5415753703553489,0.5573628596975357
0,0,0,0,0,0,0,0,0,0,0,0,0,0,0,0,3.3038944722661223e+38,-0.21881408869070554,0.14257833627649946,0.19995977161128456,0.2342574396674379,0.22506015433915713,0.2185346887721772,0.22183538097129346,0.22714839095046593,0.17350564628301932,0.2436062340379651,0.30929152253878556,0.5291549221331928,0.6000170299625381,0.6292186256440234,0.6296709967922841,0.6442571799629088,0.6470721280208955,0.643653908307136,0.6468543057540217,0.6491520669386238,0.6455272700664938,0.6409341486617322,0.6420051517015307,0.6258271491254196,0.6138718226540566,0.5678506197040009,0.554873325689351,0.5501930164499058,0.5447985291611145,0.4853362224601019,0.5226928920341389,0.5172584713400123
0,0,0,0,0,0,0,0,0,0.06046382662760004,0.13997989945874084,0.19366327658832594,0.25872264809529566,0.3281845472462429,0.34310041017177556,0.3280411981032921,0.33139454042197647,0.34493688040789805,0.3028846794470071,0.24755973306942164,0.24201017965627966,0.13305308104467603,0.11291085689214994,0.06855739176471766,0.03564055891505482,0.11261066537108638,0.29524233706586955,0.46601483162678364,0.6277455500782131,0.6426010740272275,0.6368985210949997,0.6205400245251366,0.6234915210665203,0.6176597971212924,0.5941506412485107,0.5994513801200657,0.5763474721150131,0.5606187941191549,0.564896356890937,0.5631559568319638,0.5441515927980708,0.5371473211145117,0.5393586768000552,0.533131654096416,0.4898539134238741,0.4782385126285285,0.47538650772990076,0.4621238860735612,0.44617096639095644
0,0,0,0,0,0,0,0,0.1995803436096967,0.25246255807339063,0.3103291740812292,0.32691944739980533,0.32700983343632817,0.31947387396070215,0.30931340942654006,0.26507097494816045,0.24168908384081542,0.21267758199308254,0.13577798688064194,0.09531322839265821,0.09423392086277249,0.05738119176063248,0.047691347470952,0.046775809760591494,0.08723008254402845,0.3722733148491894,0.5922067005369818,0.644632592327792,0.6476905157565572,0.6293755493070685,0.627504047400566,0.6101704471134133,0.606135180963752,0.6069387405453681,0.558745698074946,0.5521267497438554,0.5360123315275783,0.5465924664297509,0.5471792594041711,0.5581576125625338,0.5609731688500168,0.565502616943703,0.553956885833876,0.5400807366768622,0.4855540203574676,0.44232782103701895,0.4500914921552149,0.41367928124171477,0.37964240213456696
0,0,0,-0.3287272579358205,0.2484793050050872,0.265918946502661,0.2678237707066152,0.28093374897349155,0.2774699139134184,0.2816012158357264,0.2893957514778857,0.27749481190146,0.24667169132991432,0.2291085932917339,0.18829598547132087,0.11736048909236209,0.03204510007323087,0.015744953542150216,-0.028966448026599378,-0.03082804148091981,-0.06580143606777247,-0.1502202800359644,-0.17051353715203652,-0.12813150602520104,-0.040814112419456004,0.5239137137397468,0.5981665838337291,0.30563901403175914,0.567977259254522,0.5945107929466056,0.6002884817231284,0.6062997916632457,0.6088360960134391,0.6099561276187906,0.5861171787937113,0.5786032638639517,0.5756011068267909,0.5784348708919231,0.5790370689291169,0.5799228855866717,0.5724778371336743,0.5372456705587844,0.5110649769000147,0.4876480614222543,0.45901540207986835,0.47227070318788916,0.4848662931901993,0.4953677805973557,0.4466745513276344
0.1235482802245648,0.16844271465899044,0.17142799431209804,0.17150381499908127,0.16791894434721275,0.16056446069194433,0.15209363715539256,0.15059800607882262,0.1561035810390079,0.12721854982376563,0.10923725814575419,0.06260232424853165,0.007415610451388711,0.011575090659896927,-0.03731168504193072,-0.13748680375201355,-0.19480172704503396,-0.2500136612729013,-0.3828447585619344,-0.40681778734365703,-0.4168521647529389,-0.5424374833325822,-0.6040258639289119,-0.6502647523668137,-0.7066210400759313,-0.6993104043711329,0.6774399825763843,0.6382787979244157,0.4773803821884986,0.48175245511539777,0.481260973406623,0.497269633539501,0.46827316869813573,0.4464532025894961,0.45830995494268933,0.45615867655807024,0.43648491574097104,0.47623251103823405,0.47457168076875506,0.4589766247104444,0.5232339583201003,0.5007718444493571,0.4557891546939827,0.4493309041967207,0.4716248940547614,0.4976384823554262,0.4812748570717692,0.41173190868073634,0.3975457098454553
0.10930190016138935,0.10994774454110072,0.11857452536961756,0.08360337010139438,0.030455527143884505,0.009661359401450192,0.01638674030896413,0.028206966859016466,0.06838874006443178,-0.12746945116947728,-0.18976480425709794,-0.28790134170395487,-0.4298462600686407,-0.4939053098139701,-0.5015228110136032,-0.5026909092149575,-0.5062822801942941,-0.5434054964169098,-0.6150335539333438,-0.6158577826645832,-0.6425288110485199,-0.6830454739429961,-0.7191239291269903,-0.7356192450304021,-0.6585018079677887,-0.5293494394423647,-0.6691821200218937,-0.4153128203940989,0.5450272744259224,0.4694992472764639,0.36699502266464534,0.3045904980855256,0.2988539061256044,0.3963001198183197,0.38710493153731657,0.3933214734038001,0.39287011963653135,0.4199644886728572,0.4641733798519679,0.4667247906562374,0.4378114889120284,0.46199808009126153,0.46262675732968384,0.46216496951216696,0.43981807787117644,0.4188811373149273,0.39651706122993774,0.3818815028862835,0.36251440150406977
-0.05841109641783879,-0.07954689140119425,-0.15082503021255364,-0.19816405979492213,-0.23884783585585576,-0.35288444752065357,-0.4145195897122317,-0.494478194007985,-0.566042901674379,-0.653866637430025,-0.7321430557067614,-0.7561013312436052,-0.7888879832048229,-0.7638506962787468,-0.7556805038735278,-0.7525375671812489,-0.7376521291926712,-0.7313154073082041,-0.7213693384103664,-0.7105191159540574,-0.6898289532164043,-0.7240183162515771,-0.7209086776472027,-0.7281544666416873,-0.7201222305634888,-0.7381184164023394,-0.6721989151647242,-0.6682225813743589,-0.5580225949552448,-0.4868770840529256,-0.4272812982391928,-0.3073331693991662,-0.34065980495566317,-0.34096169543767835,-0.5375451071196992,-0.6037533061227517,0.2894365261273381,0.3618859720244709,0.2927807308580929,0.2885754307647387,0.2839177956653474,0.3210862700522301,0.3494835914348492,0.31871744240633326,0.28637814560508607,0.27756492758630275,0.27077945377300844,0.29192953326794263,0.2860287112907007
-0.45795281172412766,-0.5005477067554656,-0.5884061164912432,-0.6369041582136399,-0.7041790860098108,-0.7631261359951296,-0.8144886130502329,-0.8502148848372936,-0.8556320461560564,-0.8222178477487705,-0.7392588254886256,-0.6715523059340548,0,0,0,0,0,0,0,0,0,-0.4337080912010463,-0.5481142966155909,-0.5863608783662027,-0.5870421516854181,-0.6325214256793446,-0.6952731218417,-0.7269008078023744,-0.7277684157633302,-0.6887555808103267,-0.640292556993832,-0.5693666793622704,-0.4696537590031519,-0.3596671770253669,-0.3457614143716035,-0.6044402956488028,0.4557038670876217,-0.13810210023910702,-0.2719131966847348,-0.48599607771242703,-0.6344936568700325,-0.6052990164631539,-0.40749646986694366,-0.5171746010588859,-0.6084543255474258,-0.6080077012998776,0.5514443358932793,0.23394525536203453,0.2704303890477024
-0.7478767654342834,-0.7871962929779742,-0.8180370898954293,-0.8337931343889157,-0.8473282219745274,-0.8066598173179657,-0.7617917717661752,-0.5969924740353176,0,0,0,0,0,0,0,0,0,0,0,0,-0.18218606456398892,-0.47400896394117914,-0.5458435252604498,-0.6025627804302497,-0.6026240475900762,-0.651031245510403,-0.6590611939395145,-0.6879337385115128,-0.7283287425596635,-0.703201554559443,-0.7618015182160582,-0.7246019449347363,-0.6831648266469829,-0.5624904262978349,-0.29823006928331275,-0.2579343760474632,-0.21135900562020193,-0.22996194438206344,-0.4785693572187784,-0.5032303752307988,-0.5560255555165907,-0.4649091101942108,-0.5434685590326321,-0.44589041226656334,0.25620563395889834,0.5780945115074477,0.6440737477774108,0.5010524148460906,0.4355262083425982
-0.780975299773021,-0.7782322545123941,-0.7121828048417828,-0.6528034910891573,-0.5565028755928171,0,0,0,0,0,0,0,0,0,0,0,0,0,0.01885516057608652,-0.13147259715951956,-0.3182200245575442,-0.4923256120613358,-0.5798765600141107,-0.6161610137784671,-0.6048977401663146,-0.696011964675586,-0.7230361335385368,-0.7436142695835993,-0.7648424532209158,-0.7806630025057406,-0.7856302966741227,-0.7845793310575992,-0.7373208083816553,-0.6637572446666924,-0.4283685451904188,-0.4466191321518271,-0.5896549859024642,0.4376636749161111,0.3072389697666615,0.40253420582901306,0.5084850295442696,0.5156038541459173,0.5305726164825131,0.5504815331743532,0.5819939178881105,0.5970600572474576,0.5735284977848898,0.5165048194817411,0.48634641217237423
-0.616548130397712,-0.4318674617232637,-0.19268118834951764,0,0,0,0,0,0,0,0,0,0,0,0,0,0,-0.07878902588463557,-0.34858945694772275,-0.4551216339460094,-0.5824132268842442,-0.6052448028226449,-0.6799854175486089,-0.6969573857010266,-0.7335247183307376,-0.7847755343957699,-0.7939320629802111,-0.798045686467985,-0.8069282812135101,-0.8174895810035744,-0.8260347372032241,-0.814736327623179,-0.7930304291455306,-0.7389805075915129,-0.5245884629787658,-0.46786770384489457,-0.3308106437412739,-0.6470808850883605,-0.762789112645184,0.7099922587434112,0.4083907747106922,0.3238222687429614,0.36025902970284657,0.37231335802558624,0.41120734064826586,0.4307629166553944,0.4689657085037704,0.42903139884930347,0.386123562152004
-0.38774506352217036,-0.39709964220595295,0.4837648117534445,0,0,0,0,0,0,0,0,0,0,0,0,-0.17373900327596786,-0.3025123163929329,-0.4433686459924467,-0.598632023345471,-0.6638666154947628,-0.677199542121999,-0.7995733146332847,-0.8263008255892894,-0.8216424464373284,-0.8389776940187372,-0.8257989759922232,-0.8261269558104617,-0.8345574749173141,-0.8398668106909736,-0.852237667350469,-0.8565631164709757,-0.8718330144741326,-0.8383061596606491,-0.79369245281619,-0.6664416319545641,-0.5700659573226236,-0.4692295704753576,-0.3041558251841432,-0.23567215673595582,-0.20036292390149962,-0.27902041929071675,-0.5681176632600641,0.5888429773897742,0.3263103245925111,0.28171096853736377,0.2216486610283404,0.22795879896747934,0.22276925216770876,0.20548717484724466
-0.27767100895741,-0.22427332182919213,-0.1746387639390222,-0.33218368782341423,-0.43147360193860207,-0.40842925934519,0,0,0,0,0,-0.5037312071325887,-0.05964017779013706,-0.0999582946426903,-0.24766209504850942,-0.4395620950808409,-0.5766840861490492,-0.7068373320912897,-0.8517392392773893,-0.868492904655509,-0.8807027730846667,-0.884789246238699,-0.878072317052958,-0.8623135745296613,-0.8570302247733153,-0.8364089612758923,-0.8387006025915209,-0.8414044760236123,-0.8508632975844499,-0.8578699992148106,-0.8593359139017035,-0.8528770799870892,-0.8425285201414063,-0.8262021936672712,-0.6461194325405404,-0.6322335697921171,-0.5683099187140803,-0.4710335440157438,-0.3857859395286479,-0.35547752324106,-0.15586414927323264,-0.2930741728055104,-0.3142739895404434,-0.7620702074730588,0.4570879889679731,0.7190451139622744,0.5848028549232159,-0.6044134035924137,-0.7212825235014416
-0.26662694698325884,-0.21677023218150726,-0.32446296102938355,-0.3992656711979662,-0.17831495799650657,0.352701738495382,0.29284473249075915,0.3326765243096347,0.4478826787164833,0,-0.16020790378264907,-0.25541172251097527,-0.4097816825329042,-0.5521993856792304,-0.6670225837537589,-0.8150544177574502,-0.8572294160316395,-0.8963910923740324,-0.915809126757837,-0.9129046943447718,-0.9051982193607485,-0.8939923958660141,-0.8734239350019904,-0.8422446031752042,-0.805161701611329,-0.8198327439694011,-0.8242297563668709,-0.8413282708498998,-0.8469884195097586,-0.8823757151153181,-0.8651595601237885,-0.8009944370749552,-0.7701201024172138,-0.7436422291764846,-0.7066719877550132,-0.6930881887659992,-0.6414732737387543,-0.5756746125432743,-0.5211410581699079,-0.5092988842965835,-0.34542530239207636,-0.3180703981781681,-0.2693905877498159,-0.2164197212167662,-0.19655518882783898,-0.18582408492098132,-0.17414416642526487,-0.11432062395199671,-0.12111197131501462
-0.5222201093216802,-0.5277522856125737,-0.5091230515095752,-0.45521725282448006,-0.38618034267827867,-0.36252710751362976,-0.3901793317534733,-0.4441225557663841,-0.4702728494479263,-0.5713470406225317,-0.6402360686206237,-0.6817071661294937,-0.7708900565455666,-0.8676027019389297,-0.9098062159984727,-0.9231523538110543,-0.9411676277230036,-0.9507286327259065,-0.9413154106476748,-0.9171525241407843,-0.8988531959213716,-0.8695225571562439,-0.8514678189161167,-0.8375003168135217,-0.8270525510194422,-0.8037549714181383,-0.8296786945933038,-0.8261431180940866,-0.7888977555692194,-0.8004802381401764,-0.8002871585717195,-0.8071753888064518,-0.8115969842249018,-0.814223510515015,-0.7936286571021398,-0.7558704315912015,-0.7346248008801435,-0.6183768134077512,-0.5727788801740494,-0.5538540414276371,-0.5003307989790428,-0.44278579185559996,-0.4106047743014245,-0.3851392218724552,-0.3253472535691026,-0.31569804362067544,-0.28892654724936495,-0.31319112430318247,-0.3184955353411475
-0.5580312697148861,-0.5625758953191111,-0.5519454683262723,-0.558362562367821,-0.6177775008045381,-0.6278290327542367,-0.6535797100208577,-0.7307526345918599,-0.7391537857396765,-0.7536615034957244,-0.8027207168501505,-0.8530432902057684,-0.8920704305663176,-0.9415826025009357,-0.9559374369323455,-0.9359732848008051,-0.9541611961649621,-0.9427670121321208,-0.9071185598394664,-0.9002922833777417,-0.8831169888171262,-0.8646455025396342,-0.8471380413743556,-0.8461968370822665,-0.8507904971642527,-0.8402546425297808,-0.8505042773063228,-0.8488634579772931,-0.8042445074161818,-0.7972303746472599,-0.7879085158016537,-0.7543014596653362,-0.769372669510348,-0.7751380374357044,-0.7657524534299929,-0.7426760793598636,-0.7029307904686262,-0.6652979490802047,-0.6364544820011574,-0.6175514702856227,-0.539940945180267,-0.4930542308505454,-0.5100131619480883,-0.5130144897431226,-0.511864489369855,-0.47490972948149573,-0.46413118381166324,-0.43828390689869623,-0.420026689854625
-0.632830994353527,-0.671141279787185,-0.700203194838677,-0.7005988251249352,-0.7305831888916497,-0.7378019809070517,-0.7584637516937763,-0.7821396788188055,-0.8093184665674159,-0.8252698371614139,-0.8924259098886805,-0.9033763407099573,-0.9164478490694349,-0.9551704967278886,-0.9521650976158048,-0.9180152631908048,-0.9314518414743581,-0.9168351030325795,-0.8974931312516699,-0.8888596729162279,-0.8723788737828071,-0.8547997627208879,-0.8429466111102594,-0.8305906526005544,-0.8307825611516593,-0.8421785408285809,-0.8387139535694113,-0.8323471792334016,-0.8190281902668867,-0.8156051790328611,-0.8069335709057531,-0.8034403584406656,-0.796784019064868,-0.7963991763892669,-0.7829500178329026,-0.7738156261372541,-0.7569062488286269,-0.7416133732373974,-0.713218631209607,-0.6896306122806919,-0.644074544163913,-0.6223338147210098,-0.5969303834569261,-0.5733047059461802,-0.5534524211725679,-0.5621844832264759,-0.5604786844663808,-0.5530750378199235,-0.5582760245123026
-0.7410735730696841,-0.7601555774300234,-0.7672633707623497,-0.7685883440270559,-0.7953840651408158,-0.7989700099722729,-0.8131764296381281,-0.8340180844370126,-0.8527013307376125,-0.8771872595778255,-0.9043063511025923,-0.9234764409127081,-0.9340582687236112,-0.9497502491591321,-0.9495763624139851,-0.9494674131057298,-0.945043706366677,-0.9250264870975211,-0.9074532156179195,-0.8991817864379563,-0.8914574840503828,-0.8759743028639273,-0.8798769904517434,-0.885073229972098,-0.8907603687523505,-0.8678251038741,-0.8452269976686904,-0.8402910508669288,-0.8318203267535093,-0.8220853599405007,-0.8081329544378884,-0.7878052002976053,-0.7930380074618657,-0.7931008425902716,-0.7915246933829813,-0.798887030651459,-0.8030820487016982,-0.7553537096339795,-0.7217149290616494,-0.6468931852014554,-0.63196340748812,-0.6566940181837657,-0.6527051996593166,-0.6426010173177761,-0.628949918034708,-0.6160025657334185,-0.608129395893993,-0.593859558856111,-0.5914460430369394
-0.7867631359233933,-0.8126974961587344,-0.824110900396995,-0.8283454759837644,-0.8519062679326055,-0.8595537003935336,-0.8698785228520075,-0.9064297150748978,-0.914095590441744,-0.9203675750754303,-0.9625114874273721,-0.9622994389050165,-0.953600832257192,-0.9666994765198835,-0.9659204758793019,-0.9563386115679142,-0.9550947614602956,-0.9584393528454704,-0.9386941339376151,-0.9309116367908746,-0.9254983554702974,-0.907537428399561,-0.9015977074399246,-0.901150508264974,-0.8885299123943821,-0.8533157157239678,-0.8561068478029069,-0.8602512385112215,-0.8457924883758087,-0.8467673970047532,-0.8416577289850755,-0.8210108280594093,-0.8197285180173094,-0.8196933351362884,-0.8127817784209178,-0.8130823380301349,-0.8068059843257471,-0.8072562650845309,-0.7879494178352476,-0.756034118249094,-0.7214157205224258,-0.7126605618569586,-0.6870330370050088,-0.6798005961474952,-0.659180538676724,-0.6385407296382914,-0.6246736412135238,-0.5922786325356861,-0.5723368874736724
