jsons/1312866000.json
{"header": {"parameterUnit": "m", "parameterNumber": 3, "dx": 0.1, "dy": 0.5, "parameterNumberName": "Northward wave", "la1": 40.97354507446295, "la2": 16.46031188964855, "parameterCategory": 2, "lo2": 133.9931640625001, "nx": 191, "ny": 50, "refTime": "2011-08-05 8:00:00", "lo1": 114.97908020019554}, "data":
[rows 22 to 43 of 50, columns 50 to 99 of 191]
0,0,0,0,0,0,0,0,0,0,0,0,0,0,0,0,0,0,0.049455653420501504,0.023368093570097247,-0.017889493792425108,-0.06640877922353586,-0.03506496242642658,-0.34655683564000667,-0.47087748644750743,-0.6329761891981132,-0.6508352237403655,-0.64783790250617,-0.6568919070426459,-0.6540289833867095,-0.6403873603591717,-0.6695218602053828,-0.6759035513775736,-0.5982113782519465,-0.4065527488699323,-0.4515734972470357,0.32559400575082786,0.44539955134177656,0.4163649162764835,0.30678990853165156,-0.49161265606859783,0.44638296921607107,0.5259337964088349,0.28997330269672306,0.43054980762915096,0.4580672087818781,0.5629559711535536,0.4382786330305497,0.38617849164491996,0.20426225892206534
0,0,0,0,0,0,0,0,0,0,0,0,0,0,0,-0.0030906353633314895,0,0,0,0,-0.217371479319145,-0.3845646244610542,-0.5153088730826783,-0.5715265928458965,-0.6099332566116098,-0.6512153324027208,-0.6564748324475296,-0.6616293948581055,-0.6670348715590902,-0.671835905800062,-0.6797117455317971,-0.5567534535103802,-0.2983749408175547,0.22417031904563223,0.2854648859737347,0.3770794093467089,0.47420445433520225,0.5689006461587748,0.5929802524957726,0.5202476485557239,0.5617125839128488,0.7026512285536723,0.6527528088422805,0.6339557501899573,0.6338679543484942,0.5941802623999479,0.6127336745595984,0.56738252504751,0.5415800642446721,0.5024184385588383
0,0,0,0,0,0,0,0,0,0,0,0,0,0,0,0,0,0,-0.25398336571634805,-0.37895005105896645,-0.4377851979951578,-0.4937151321146676,-0.5886968384552462,-0.6220308953285907,-0.6449448376328709,-0.6730954602493255,-0.6831658452836336,-0.6663629062261968,-0.6128353032386783,-0.4286560737161853,-0.11865542733567959,-0.019303477987867915,0.04677262508064281,0.14825323516910402,0.2323719281957223,0.44963465478141196,0.5050617083910562,0.5593545987100363,0.49310123016359636,0.48715590480321597,0.4834469115014078,0.49376667831265225,0.5302454560284395,0.5805828759312587,0.6087804758531165,0.6255989087443717,0.6280909981986856,0.6035642987499169,0.5835277556258899,0.5577715344543624
0,0,0,0,0,0,0,0,0,0,0,0,0,0,0,-8.1454825486999445e+37,0.05559498767272943,-0.2977887694890993,-0.39986918560181334,-0.5164575032979103,-0.5662541349850201,-0.6123008820626238,-0.6680800763622876,-0.6797235680131065,-0.7000950321626919,-0.7060488761517254,-0.6948942260968998,-0.074719186751823,0.098053323620914,0.21081989611699575,0.2089329996482325,0.24737878719011172,0.29997255451208543,0.41883904993839677,0.42950619416681024,0.40192417497182886,0.4209383917149738,0.44915330425148337,0.4823720239983955,0.524161647228686,0.5490828013386994,0.5995993962072885,0.6094172894913983,0.6314642912551557,0.6476210803968364,0.6931684876414844,0.6289481064337292,0.6192478649030518,0.5581775737857111,0.5868547057790418
0,0,0,0,0,0,0,0,-0.07145148106043094,-0.15966690454093274,-0.20272213502263456,-0.22848944614629868,-0.29040652255959004,-0.3161340803476827,-0.3633582463028631,-0.40623558398441384,-0.46508145407113044,-0.5372701060989379,-0.5913512558576082,-0.6521692657669801,-0.7004628804063353,-0.7271942871390378,-0.723236054827709,-0.7068207568093323,-0.6969662415430672,-0.7167929749360468,-0.6980423607499686,0.2492914357837755,0.4630078549244094,0.5183970903995617,0.5324282327182536,0.4459970992978292,0.5087644403351824,0.5528208886177569,0.5471686443183281,0.5801443828529917,0.5419124840995524,0.5288076101060983,0.5231245168013641,0.5545390962240784,0.5601513225057856,0.5724192632773153,0.5798340129832292,0.6041670479435226,0.621471986493943,0.6322193940115727,0.6421863730088169,0.6491566082981002,0.6490635431454185,0.6353355068228632
0,0,0,0,0,0,0,-0.27046342614455776,-0.3170810506127163,-0.39203462259142985,-0.4147006219990231,-0.4540782697392196,-0.49766261908470205,-0.5234730762606765,-0.5736168843638315,-0.605083746278799,-0.6577939556797925,-0.6996005949392357,-0.7237472138342629,-0.7342557066188734,-0.7135361906960914,-0.7090682041755471,-0.677419953571432,-0.6356669525333337,-0.644339412357546,-0.02479092415062282,0.3351148543933992,0.5092781567281388,0.5148507474766375,0.5188097754630291,0.5132773815096067,0.5173056035886606,0.5241733125134436,0.5591456352704782,0.5745542498516111,0.5661667072913911,0.5437545812694525,0.5302286381551315,0.5111896329287736,0.5302534146371164,0.5331404005246233,0.5457033491876645,0.5599972770833261,0.5901473331389646,0.6121610885708626,0.6271564452731138,0.6692626475252116,0.672613518855912,0.677043770727798,0.6849259891483496
0,0,0.08476287670830861,-0.34669437146221216,-0.40681786782581675,-0.42936918465143736,-0.4745786465956659,-0.49281676539013897,-0.5176223997833542,-0.5460701543527474,-0.5786389978367737,-0.6104316218353788,-0.6514808999079182,-0.6862969269207254,-0.7254556676675692,-0.7437713447189278,-0.7621643566727886,-0.7386715458808272,-0.7323973898169386,-0.7131878240233828,-0.6555755839957765,-0.5681092488328667,-0.48966213442828516,-0.36833091561087,-0.015890835652791698,-0.040676344332532054,-0.044436448293991467,0.572414693019609,0.5283579230530546,0.5409889022064397,0.5179949654327369,0.5130267534737658,0.5025523245449011,0.4984916706907424,0.5030570176642805,0.5132395485455449,0.47729089755914234,0.48110491218860607,0.48187932517116877,0.4852552478539742,0.5250720404597342,0.5443155152721031,0.5683133267320329,0.5861019817041467,0.5832285694478131,0.5808236006319498,0.57674901210323,0.5970260900118751,0.5930766025785952,0.6246235046338303
-0.4402536136685582,-0.48340658696904204,-0.513592318325498,-0.5524803034859865,-0.575342792789472,-0.59000580536867,-0.6181335272098849,-0.6354901440282592,-0.659161517958216,-0.6950673380475035,-0.7127413461611023,-0.7258099001242536,-0.7629780348999589,-0.7718769573815508,-0.7552230816377908,-0.7183737542310339,-0.6952510362453237,-0.6217882244521579,-0.5666612832444254,-0.4963797595779856,-0.33716436220024176,-0.21774967430015496,-0.06908406204017396,0.08149097598300716,0.3227986716946777,0.4557804442771251,-0.33955871282895117,0.21597397199520418,0.6400332573783138,0.652050943551133,0.640427304474971,0.6511575026601372,0.6512553549497113,0.6229975561122826,0.612135792520754,0.6127623596403751,0.5804127615384769,0.577663334972151,0.5772362254185517,0.5453365536902921,0.5619575195348708,0.5927870928849075,0.5984453807771408,0.5812066748072459,0.5557291916978694,0.5653301085340716,0.60344848508899,0.6099964480502263,0.6129801159486173,0.6342255276057132
-0.5884101461341098,-0.6086440415956016,-0.6375952255762783,-0.6590824113237564,-0.6672415475514945,-0.6792083613652944,-0.7177396224411186,-0.7379914518430697,-0.7332799959073835,-0.7348971481518181,-0.7203636693081322,-0.657040107280445,-0.6112593667489756,-0.5789558377511075,-0.5228808002917732,-0.5006967547034797,-0.4448199259682767,-0.3896765543502367,-0.3566273892196179,-0.31638670163751226,-0.20109110896958002,-0.17611369024465182,-0.1069961545890498,-0.13237590628575358,0.385923408626943,0.49967451123355583,0.4629198760451955,-0.7264675224429802,0.6012749790028198,0.0689402848095671,0.2368131846414497,0.5823149062114317,0.40153426041704876,0.6055476021652548,0.6679584640407298,0.6538451768384661,0.635626163946797,0.5960178029268474,0.5918471350744537,0.5895367262313538,0.5936156141422828,0.592158425473304,0.5978065457985919,0.6030759242152997,0.6048694263032565,0.6061621044914418,0.6025095293379992,0.6042302934939553,0.6136239434050209,0.6584720788984857
-0.666591659214177,-0.6655174100826505,-0.6418080941045302,-0.63356903812222,-0.5733751110057808,-0.5484009764088909,-0.5477927518383632,-0.4866897898733141,-0.38423894282197135,-0.2748062229944251,-0.2545328332072363,-0.13844481571464182,-0.12247087889885162,-0.09847424850308972,-0.08307425721353945,-0.14962323359673055,-0.20322115880953825,-0.2669587139269583,-0.29105186674787364,-0.3779756607584036,-0.3637123256559076,-0.35196168727248645,-0.28004468415296535,-0.19962540827327727,0.13840624615831376,0.35395890562632404,0.4403554304494645,0.5094551499056271,0.5522796796268578,0.5777590962567546,0.6017766065143814,0.6273048793258087,0.6747041021689391,0.6807876013206449,0.440845543660054,0.6706585034596438,0.48589541470196446,0.6696194846835309,0.6712524146783696,0.6602242894950071,0.648379602049372,0.6314647000203161,0.6416944105345364,0.6489785691333265,0.6528087014414912,0.651030359175155,0.6515856394183137,0.6608981277716447,0.6579521727978889,0.6540697786390484
-0.5048979416400825,-0.40394927046042023,-0.35404123714564106,-0.3169241702075898,-0.16953820738259914,-0.11169915948081352,-0.06865077214528646,0.02339474294194049,0.2027165862734526,0.3186840241453893,0.3388322280443541,0,0,0,0,0,0,0,0,0,-0.6395852284831665,-0.5905522287794177,-0.5286935743056421,-0.48744160683670956,-0.3820333618736205,-0.18840772588440516,-0.04152406148866059,-0.004468657994650278,0.2386366225096863,0.3429971414211013,0.4765604593030499,0.5463979401525009,0.6076660893724625,0.7242640698149162,0.7066988864787236,0.6990467847616922,0.3639335889807305,0.6906746768599354,0.5625820268330655,0.14431891369204225,0.06233593845349785,0.5967903725759832,0.5714793726176236,0.5421365891360849,0.5451745021098382,-0.5428311850882124,0.6029494540132744,0.65860832776446,0.638922040165489,0.6569417020703242
-0.17303313136938314,-0.08464484536165098,0.0011249327388606074,0.07601659192012733,0.26982101990085083,0.3216858819082263,0.43671206674873503,0,0,0,0,0,0,0,0,0,0,0,0,-0.8353667042471399,-0.7057527975945429,-0.6741171657837366,-0.6094850704928597,-0.5746061338763285,-0.4147329964702659,-0.34686807485899857,-0.24687569774521317,-0.11443280421003782,-0.13671156539817728,0.02847494065924421,0.21247370296731047,0.3126841140324322,0.4782998081736968,0.6684422130682784,0.7146663205422482,0.7176705649099588,0.7085419718478904,0.525929144542116,0.35760982006442965,0.29024593004914684,0.4298073021440533,0.06450075074012837,-0.20851859837212758,-0.37806499759856754,-0.20477420281260975,0.19017347231593829,0.54792383274613,0.6165311628330228,0.6078086447072939,0.623161625194223
0.2264376566948859,0.40099691131608156,0.46054813066248285,0.4562557888872808,0,0,0,0,0,0,0,0,0,0,0,0,0,-0.734644640209395,-0.7844744371126623,-0.8265239025139919,-0.729734969936704,-0.6542215227013719,-0.5751198237986084,-0.5093438223868572,-0.40553066348914985,-0.2979264896406401,-0.23233082375028416,-0.13771717891577026,-0.06849799546635794,-0.03367304381860171,0.10051705138988117,0.30180037050614317,0.4299413533502331,0.6643269686997048,0.7366992658574475,0.7162104002367152,-0.7995309046945914,0.4909702350637129,0.5597787762162737,0.49847727321769125,0.4931806706217035,0.4789932385942184,0.4301986076846883,0.3645939613199142,0.35037322439094043,0.43507141288872186,0.5556408309711655,0.6027219070212133,0.6536724545406534,0.6679943622227087
0.5193004079383766,0.5921913106744583,0,0,0,0,0,0,0,0,0,0,0,0,0,0,-0.804460219587745,-0.7318470776642245,-0.7056230459456582,-0.6432709382460295,-0.5878298674730007,-0.48321651770636936,-0.4207847991748708,-0.3348156084336122,-0.20819135800546854,-0.1406831333646348,-0.09166738107570593,0.007406874393126517,0.07218529173439445,0.08669575872042148,0.17883124579714302,0.26541810855878434,0.3895730874715839,0.6525605255149629,0.7061266105698837,0.7621526646200316,0.42315572058233497,-0.11355785247535682,0.2588105845223484,0.70277887613892,0.7305830184346997,0.6890645536187594,0.6799648306545862,0.6531053509636159,0.6435366729515456,0.6277768569311307,0.6645235176266562,0.7031427740399285,0.7336141837952056,0.7500387724561625
0.4100993232648137,0.17583509687194251,0,0,0,0,0,0,0,0,0,0,0,0,-0.6822878731880656,-0.6864878957036598,-0.7171912177834797,-0.606530405279005,-0.5450241037195084,-0.5010738398476728,-0.32371891221514015,-0.23336475023174535,-0.16931439426885947,-0.07788510400181918,0.06931004251518087,0.027517779352240087,0.01836771188091415,0.05719509370582418,0.10873325252343743,0.13843502431576976,0.1657607586286906,0.3056881852925023,0.3942851906566934,0.5518779622852078,0.7139855228202622,0.7908340390878176,0.8199997143277173,0.8270744683855971,0.8016821530870899,0.8130613769793883,0.6651682965915724,0.7157944739231936,0.4216165352752004,0.6021875226207101,0.6337128229770234,0.6873686945061301,0.6846306195142766,0.7220802071637157,0.7786640592063974,-0.3421568865171824
0.4943620144955935,0.49300721564101785,0.3717852437073759,-0.13303631495376148,0.10341556363784636,0,0,0,0,0,0.13446845946314961,-0.6290282728336436,-0.7210928984378717,-0.7189581147394161,-0.6400946988430467,-0.5612392388883839,-0.48833795918694717,-0.27339462805514547,-0.2663479358185221,-0.1950923898186385,-0.12360466793776193,-0.08792759437376353,-0.015317374667425599,0.02849209016128957,0.13190811004683328,0.15900604650819794,0.17258087695449906,0.19241254834642477,0.23055829133067332,0.2599899892318426,0.31187677075764214,0.395006104059056,0.4451059700053858,0.6643474599009539,0.6801443407621582,0.6822338394041471,0.7347954265221825,0.7905927643227048,0.7897675334445446,0.8462854263344273,0.844636413516206,0.806829777975515,0.7731240785211924,0.7796428843355269,0.5174823222314285,0.7514579460994694,0.8100587718875807,0.8218069140477239,0.8187217742184938,0.8509543580608051
0.4745000397407906,0.39430156792901033,0.30848136652870106,-0.4589795607386098,0.307902270093827,0.36681005574412384,0.3132796951141042,0.14488590604880147,0,-0.6491365588801976,-0.6352652926774656,-0.5595460306973479,-0.5452242335602288,-0.47987807456436976,-0.31217574824745475,-0.25311271735748697,-0.16003115878885055,0.024168609134265866,0.06264881051611954,0.10725106202974843,0.1868135394237764,0.21563281525975644,0.2550359586525211,0.3511874661206143,0.3576908182141163,0.35812868429335837,0.3526538826833871,0.35616643822324046,0.3450397260995011,0.3946396799142696,0.5095859965234101,0.5789623203930299,0.6217326782574772,0.6260027446219449,0.6241268468196967,0.6729598473584082,0.7374998693339448,0.778380007319482,0.8020837405679437,0.874650205221657,0.868048301995619,0.8644931266274601,0.8771449596078544,0.8796259455891239,0.8609442844999644,0.8611466093917651,0.8744010640126479,0.870919646498231,0.8651678284961986,0.8637716601789226
0.0076634062905622195,-0.21601795425444872,-0.3255772866731473,-0.4252008154141885,-0.44397793366987304,-0.45724791191243336,-0.4393057630633586,-0.44030276351393766,-0.3377103828790902,-0.31331944678582563,-0.27220590881985085,-0.16926107879907032,-0.12198499853159306,-0.07056104301262056,-0.04381800041069288,0.01925025792287544,0.06294120645739935,0.17828181995525633,0.2299280470319818,0.2651900322648421,0.31335330594442545,0.3280337428347999,0.34343908289611136,0.39074123712654285,0.42704960593223024,0.45220817734631025,0.4755456869339237,0.5567376323767884,0.5442283543656709,0.551766585389965,0.5517874133278416,0.5506084909800811,0.5669890690331088,0.6053580805573616,0.6394928392261021,0.6367008393551024,0.7332838631982984,0.7522234835375948,0.7630429903453745,0.7987895985292465,0.8306023118995742,0.8287230357475917,0.8296448743618473,0.8446485837355122,0.8513443972088641,0.8652921110236671,0.8650189529650927,0.8707703251954911,0.8868267195509648,0.9081483033981355
-0.19272768540289628,-0.24250626955059248,-0.22722752412276961,-0.22054205225449097,-0.20360874280162616,-0.16354318647055344,-0.09708429761532582,-0.08247852293876681,-0.0724868250714363,-0.0628122602059736,-0.021241929604789045,0.04941457565584573,0.08321210565463104,0.12176760639154723,0.28459825117705767,0.29613407698386407,0.30665854573757756,0.36911043632783325,0.3948502658116916,0.4369510195745232,0.47326190508978694,0.5124621601090619,0.5450623588387415,0.5367876895510297,0.5892879609249763,0.5984651838649617,0.6125419374956748,0.679741024912668,0.6966395598459741,0.6934488904592976,0.7390597572429756,0.7006092620508576,0.6851277034679568,0.6848995647544139,0.7078504259047381,0.7353321555911512,0.7655857973683329,0.7811858954140478,0.7777629537954729,0.8169485489470846,0.8359439233126653,0.8279406161663553,0.818926308345347,0.8196143846391231,0.8239758861971007,0.8237342384899712,0.8409190183845331,0.8378522059420052,0.8416506977454338,0.8605887238313442
-0.015239847243182635,0.026159910279612685,0.02870622503759723,0.03834309436940079,0.11387969685113639,0.12658511017731663,0.11253031816058168,0.11441152418378946,0.14502068392508796,0.21724927956178805,0.24024438954572747,0.24133314928904667,0.25134695758936837,0.31296754049461645,0.4031855168883619,0.41589872616505896,0.4603416649218438,0.4997028128169191,0.5181818542033232,0.5361954614389889,0.5547695790021208,0.5808433768062391,0.647443284015773,0.6479842381253575,0.6243133825868962,0.6243680925367505,0.6437121537254795,0.6746972522392185,0.68634156644324,0.7000206631001824,0.7087845426547047,0.7134707260359322,0.7158017629925254,0.7388303811285677,0.7549370479694276,0.7645535247731975,0.7835993095630535,0.8001574103155459,0.7988412415999304,0.7981209151281293,0.7911694456733984,0.8080914290256472,0.8114967290953337,0.8026439673280086,0.7967747319205162,0.7927127722961226,0.7993026103324015,0.7881162303975584,0.792583409138539,0.8326759486066759
0.0586517200673058,0.11022410902886672,0.13173884198572983,0.16209414541745368,0.18307402582486443,0.18709657412849087,0.19387963118313312,0.21601573210095393,0.23962494362956,0.2497349057956549,0.28173813352522986,0.3330591451506762,0.34255545327745046,0.36663824425075336,0.4021586912937686,0.4271813913945552,0.4554397285283993,0.4894875458940524,0.5103480944538704,0.5444644375485229,0.5861483341841814,0.5907234936069262,0.6219501600334187,0.6365910442491234,0.6345427853862463,0.6325508601725803,0.641847506781253,0.6750439438462764,0.6868972364744268,0.7003976210750014,0.7168980211994831,0.730763738298898,0.7399258536309372,0.7553239653318494,0.7626830775152192,0.7704125464482193,0.8098271348306809,0.8394909714107437,0.8924684774268287,0.9061972023547621,0.8670238156674467,0.8315276005397961,0.8170450624285598,0.8149040863043301,0.8148613055613869,0.8271668976239798,0.8493913855092042,0.8404750652722183,0.8342300543967666,0.8069993950375949
0.06236926900947896,0.0879448041934424,0.09304972712831243,0.10236098802004064,0.12089067026564522,0.12425065212137291,0.11903951610683168,0.1292186453565925,0.1808263718740314,0.1936311622729689,0.2048398606827196,0.26467434104564797,0.30197211174501304,0.3088115367843061,0.34504118105544496,0.3688646147694543,0.3811218723115611,0.4306534243049371,0.45470458442249045,0.47535400848881176,0.5174315044078182,0.5278261115858085,0.5335351915609969,0.559496414540644,0.6161576703463616,0.6095072231275201,0.6089689212661283,0.6585181060637816,0.672488216548113,0.6894429513983943,0.7364522445280668,0.7512339233634735,0.7568440826897641,0.7698772646507733,0.777066816031502,0.7814531203438317,0.7789524364572116,0.7857983592832444,0.8030165054502384,0.823091109246982,0.8219088736522216,0.8101617656091117,0.805078899812647,0.8326500107061727,0.8373678185149215,0.8498115883224024,0.8739419971449692,0.8770878196596333,0.8799849800419889,0.9155655701996842
