jsons/1312833600.json
{"header": {"parameterUnit": "m", "parameterNumber": 2, "dx": 0.1, "dy": 0.5, "parameterNumberName": "Eastward wave", "la1": 40.97354507446295, "la2": 16.46031188964855, "parameterCategory": 2, "lo2": 133.9931640625001, "nx": 191, "ny": 50, "refTime": "2011-08-05 8:00:00", "lo1": 114.97908020019554}, "data":
[rows 22 to 43 of 50, columns 49 to 97 of 191]
0,0,0,0,0,0,0,0,0,0,0,0,0,0,0,0,0,0,0,-0.22891851622215212,-0.06094524408446929,-0.13918070512646927,0.09808875132053482,0.1547091537571902,-0.1152015633171503,-0.3705036955543526,-0.41670722495699547,-0.4987698308177628,-0.7378427174179435,-0.7868459635617693,-0.813336784253716,-0.8170922126190302,-0.7728794793753764,-0.7196891862184989,-0.6555985676142637,-0.627742280142284,-0.5526225446077523,-0.43330690319315296,-0.3747294461890363,-0.4210344803622291,-0.44624957292127587,-0.42608231162935717,-0.3854633243812774,-0.3493667831996802,-0.21841069052871648,-0.24100685549533093,-0.31191296334298735,-0.7196810943679085,0.8382836192314139
0,0,0,0,0,0,0,0,0,0,0,0,0,0,0,0,-0.0010735417940782588,0,0,0,0,-0.04845170400193964,-0.10700937249988622,-0.1818825213582088,-0.27241053600403353,-0.3357487094040375,-0.4446919261362122,-0.5815003822539403,-0.7678456146338132,-0.8327842711146427,-0.8304468754516723,-0.6746869712863973,-0.5481990051398539,-0.4513381944529108,-0.3301370800407342,-0.33752115075959194,-0.3334974452009791,-0.32412300022202406,-0.2890366812019821,-0.27390154734428,-0.26068155044158386,-0.22528135986987896,-0.2652174395635837,-0.21430654250338976,-0.16791961478657472,-0.30828987568267346,-0.7552262240024573,0.05875909298617417,0.46662670215320246
0,0,0,0,0,0,0,0,0,0,0,0,0,0,0,0,0,0,0,0.070069984966788,0.12929494848475054,0.08069349905284699,0.028041569496773947,-0.03652061073138671,-0.13374164315159068,-0.3955264016903068,-0.5804871091397603,-0.7056980363983505,-0.862055795727361,-0.8086119359810365,-0.6609095432505798,-0.2906173216435214,-0.2796335232647161,-0.26457599907351687,-0.31530136946972803,-0.3298481095327793,-0.3198388883013821,-0.20716002374197412,-0.1500541823900383,-0.12453915339448701,-0.1460906902106481,-0.1408568840299519,-0.32386374891707,-0.7836556300607618,0.6545780629104258,0.8212378856371739,0.8431093285310218,0.33439188404253223,0.2501541976273334
0,0,0,0,0,0,0,0,0,0,0,0,0,0,0,0,3.3038944722661223e+38,-0.24387761942687852,0.1421908847231612,0.1891047652121733,0.21288586553629738,0.06159373605111809,-0.05303456931069881,-0.1743353222593141,-0.3217772717824547,-0.6879575589991456,-0.8300721988877425,-0.8877258501583799,-0.6622896080957996,-0.4967429968271241,-0.20390239020695614,-0.2058529678511326,-0.15989971852395368,-0.10288297786713863,-0.4620845513645195,0.358443566747853,-0.7259163973016074,-0.37546075264281237,-0.23316838009966037,0.5165034934553954,0.8210066751307215,-0.7465347501749711,0.38979945957180245,0.8295892935707045,0.7949272844489584,0.8260803957373674,0.0970518749628859,0.28048548632146586,0.21531564414198548
0,0,0,0,0,0,0,0,0,0.06295058345811208,0.1491988229815195,0.20967701650656204,0.28199696893387394,0.36795584239800555,0.3882985407901958,0.36855392543207377,0.36883402988753733,0.37917611204150814,0.2716190522828023,0.16500220965606655,0.0035552744386849445,-0.2348796301044432,-0.4320206970465886,-0.5789296883346449,-0.7258626985475168,-0.8909164729311174,-0.9031891347586747,-0.8645499909844392,-0.6419232333468299,-0.4524885473598897,-0.32847195537878243,-0.1448466417085191,-0.05939258722901293,-0.06941251277068652,-0.1953032135511957,-0.6532718791583341,-0.7192177982356011,0.28620914237349127,0.14450870314387512,0.12726698721956248,0.1081686614094056,0.12290315134622509,0.13573320378586937,0.15354377478142023,0.16495337129279866,0.16004670090664128,0.16917833963571993,0.19766329708037375,0.23987939270937383
0,0,0,0,0,0,0,0,0.21604157768540475,0.27579063195398873,0.3467939689453616,0.3607886614819962,0.3366750704167106,0.3279957120090285,0.3012931575299596,0.2411879967545987,0.1335939126580518,0.05630305749249922,-0.2604027929165504,-0.3844391975550188,-0.48690027121115564,-0.6941228935239786,-0.8105733279896296,-0.861254770788622,-0.8978451576685164,-0.9295108196608585,-0.81682920384812,-0.7213747310433184,-0.49265547442381374,-0.41034184144952635,-0.3334337963993928,-0.19515592516281616,-0.15794592359495582,-0.13533785674074889,-0.7088803988707678,-0.2885396404938092,0.8105120922488482,0.2384036732363577,0.13967263581472925,0.143967649597374,0.1963048462845515,0.1922676237326403,0.1952344800524642,0.19513526336777035,0.22182738095948237,0.244236267517161,0.22287326140605923,0.1908067394217888,0.1851493541182233
0,0,0,-0.3739401081395884,0.26792060900030895,0.27614345494493303,0.2775481192069906,0.30044016098986376,0.29206789195216337,0.24554759632066733,0.24554019907355074,0.2222511051965099,0.13862061559572236,0.08065010049601733,-0.0021174705419445827,-0.20227773583972236,-0.35457982700279855,-0.4372127952269816,-0.6190502060556743,-0.6613590032066808,-0.7090397948803658,-0.8376019291954034,-0.9114389559284162,-0.930159272911513,-0.9441162324839694,-0.9358971425337878,-0.8624174808532461,-0.8313158311227676,-0.46842083845399507,-0.289169435197365,-0.20807420540811317,-0.3360575835548672,-0.4000829710275544,-0.4247947640075078,0.587119050980334,0.39271075592042326,0.18209673011975924,0.1769858915420247,0.18111607930598264,0.18375728458665203,0.19205063357704377,0.19680044286096945,0.214032170352007,0.19874196746789372,0.19841142202051557,0.20175813386517347,0.20205185852626323,0.18942556370350136,0.21990020143747416
0.11696042364351023,0.15795000635283768,0.15404607164555986,0.1426183053032715,0.12940121815292013,0.04317054155614038,0.03657294544393257,0.017167687398053032,-0.034231255486276105,-0.09177479625213018,-0.15358398886190622,-0.22829539709097255,-0.3538203145786617,-0.4251272929998783,-0.48890188848156624,-0.6086289376090578,-0.6661707352008859,-0.7129188571026175,-0.8132444126565496,-0.8503507877280773,-0.8933154377248049,-0.9489899454225167,-0.9668000175989552,-0.9676270672691618,-0.9666363505133991,-0.9444084322826453,-0.8658793189371299,-0.8046783527880194,-0.6068532765584984,-0.46930504253807853,-0.33311104316938106,-0.20003761609224352,-0.1859313625709389,-0.32460424153601164,-0.7551466041502336,0.4006399166530863,0.5675661925059433,0.28481766176910167,0.1878049547825974,0.1944984357871377,0.12030309787425843,0.13402119734657988,0.15764044653878842,0.17419920645108827,0.21268228003937686,0.2558376143627567,0.24924259669881582,0.2330903710491172,0.25228699810618727
-0.00482183909630054,-0.02356877986522957,-0.09000212220882045,-0.11910975170840743,-0.16556646416521043,-0.2535964606119528,-0.28713980265371525,-0.3280939905644141,-0.351066209814801,-0.5139068351487776,-0.5860299579328235,-0.6780928020306667,-0.7981146899075917,-0.8251813530113606,-0.8265755538560522,-0.8784242412180792,-0.8746536703306802,-0.8626391471252914,-0.9048964472912041,-0.9522544394684099,-0.9784451519477784,-1.013683128928723,-1.0123930305392708,-1.0229634505049428,-1.0333972389325847,-1.0041126636274016,-0.9275941460318308,-0.8480366191569898,-0.6999992382503659,-0.6603578541505876,-0.5855451721767082,-0.4767593596391348,-0.4203576846719123,-0.37352615171255477,-0.2565517876819816,-0.6314062411262148,-0.8191858770414266,0.3824524865937424,0.301486036794485,0.10347650066489941,0.0999239169634773,0.07699390345885523,0.08005467728398878,0.1330315082728742,0.1781396744282515,0.19956598037683557,0.20478097576600127,0.22367327592277797,0.24258231841846337
-0.28071733087706946,-0.36534518572840885,-0.4391331719211916,-0.526270151080803,-0.6089145262550015,-0.7295545085547279,-0.7667649693768797,-0.8239281514317826,-0.8866009446187372,-0.9629439331168306,-1.0300074427508212,-1.0416246907830276,-1.0619139884436355,-1.030119393387721,-1.0290430348139499,-1.032532324573433,-1.005542854590178,-0.9914287792612937,-0.9883812546499152,-0.9898569271364414,-0.9934448176918232,-1.0037738184485085,-1.0293007358774757,-1.0475997641879886,-1.044067509854755,-1.037815327232945,-0.9870420489586658,-0.9486070942461409,-0.9023516580876413,-0.8683352770808025,-0.8326114360190476,-0.7466379594609676,-0.7027060684776784,-0.6536878550880525,-0.5250801712995786,-0.44817126281867087,-0.29480720597848653,-0.14617139873558793,-0.056439453435640864,-0.5051020949343428,0.4352415088626034,0.8225861037414761,0.63351300249129,0.5379300350139127,0.29065208654023417,0.212732361293107,0.10753984444389421,0.129438445469883,0.10583245193012794
-0.6942394469908112,-0.7626720397005318,-0.8495403232146181,-0.8891352487874074,-0.9445348250775326,-1.0032475058658048,-1.0488027699109292,-1.0716820862878718,-1.0902118288554705,-1.0845898093446547,-1.01490268449203,-0.9559597762998298,0,0,0,0,0,0,0,0,0,-0.7583652936537931,-0.9254519350443868,-0.995395850728023,-1.0022033901597214,-1.019933646402665,-1.0330625687175503,-1.0344046207934026,-1.0309989874148644,-1.0066707027415174,-0.9878119259897402,-0.9161071403175252,-0.8743239603569752,-0.8198338291848607,-0.6212340455747842,-0.5511424715066381,-0.4179907083863866,-0.32656859260505056,-0.30141973023341095,-0.30859306506446943,-0.26134672445333335,-0.25485233666048085,-0.261832026685855,-0.31134075898496133,-0.2948724454004584,-0.25967547008180064,-0.5560044443003069,-0.288626045216686,0.7431811731810404
-0.9323852048627269,-0.977000724520786,-1.016202668274486,-1.035761628837424,-1.0335971520410274,-0.9943491273168665,-0.9347175155021472,-0.7608791502251364,0,0,0,0,0,0,0,0,0,0,0,0,-0.45721772134955324,-0.8310013770581716,-0.938993513555521,-0.968278597550817,-0.9863779084953059,-1.0580040415869543,-1.052971664337997,-1.0637332012686087,-1.0807820898235947,-1.0758778870996453,-1.0741486880787172,-1.0539043876053396,-1.0396833777918237,-0.9832062046215566,-0.8357233697727451,-0.7331754024722626,-0.6307739152146921,-0.5076117513993377,-0.687743298844375,-0.6948289165666665,-0.7223998929055794,-0.6288230179968497,-0.7204028555184863,-0.5881220649447089,0.3053173949620518,0.706207669427445,0.8255316216954458,0.3704821858317475,0.1627169565097767
-0.9475539743166816,-0.9191160440779039,-0.8313795038870945,-0.757554551783168,-0.6461469800598909,0,0,0,0,0,0,0,0,0,0,0,0,0,-0.28603234363217467,-0.5094957781530581,-0.7281264498886171,-0.9133936002170228,-0.9539779316442927,-0.9896555483883096,-1.022785217222412,-1.0625869944174682,-1.0696096427909187,-1.0800471184562328,-1.104152050431752,-1.115627490965775,-1.126008641192081,-1.1246993083116998,-1.0942775138093732,-1.0310096777123883,-0.8987135937820093,-0.8109880249711667,-0.6547320574391856,-0.7466273435590399,-0.9060941273692064,0.8728556303443457,0.3629970155750498,0.36865270957065094,0.3914360608285323,0.45975498589007724,0.5579012239345916,0.5515837370418387,0.42730878111541915,0.45931798334426965,0.8671891313837632
-0.7311985514970086,-0.5151031496617602,-0.2536142729077491,0,0,0,0,0,0,0,0,0,0,0,0,0,0,-0.3794380402529547,-0.7161842645514197,-0.8975903400794458,-0.9871456002289742,-1.0571178060199575,-1.0638817256514466,-1.0828898513451124,-1.109275831156598,-1.1307919018474315,-1.1364891692021788,-1.1392222870206437,-1.1538957941657582,-1.1787901072968323,-1.1865495284069112,-1.169820130182174,-1.1659812034454438,-1.1380205934136038,-1.0102868648217769,-0.9473018932709197,-0.8428831943341406,-0.5540737918774946,-0.564818626187335,-0.645270073414594,-0.8222859735634718,-0.9586877399453659,0.8715283209586056,0.7078251370887417,0.4471318176676977,0.7204187067189373,0.4521748345058264,-0.8814610509459159,-0.6503402782375699
-0.4792637448548723,-0.4795202128888068,0.5265853895478542,0,0,0,0,0,0,0,0,0,0,0,0,-0.4254203757741568,-0.6152030390440927,-0.7822377288112231,-0.9730809177593691,-1.0347934919238901,-1.0830028134699783,-1.131535461783167,-1.146045857744462,-1.1587732416356649,-1.1695167743664618,-1.1767445360469444,-1.1829657423504782,-1.1879810135777555,-1.1939357862499693,-1.2098145962385154,-1.2191142546431195,-1.2064095587896624,-1.1952458913800672,-1.1721259783890454,-1.070938494476581,-0.9839577740889237,-0.8846039330739381,-0.7875093373337537,-0.7215785487566808,-0.6259506247280349,-0.5360662505637981,-0.4825488553333147,-0.3902380484486752,-0.36673224053464765,-0.3055189165754015,-0.3242416012824999,-0.32362933602433713,-0.30397721473887646,-0.34617391303879375
-0.35544821752025246,-0.2848970311560231,-0.20911381734046838,-0.3709367969737646,-0.4737385891010003,-0.44406487947974055,0,0,0,0,0,-0.6425611550107871,-0.3221980077227055,-0.46987900267368204,-0.6276049281983762,-0.7965348744491242,-0.8944154512803283,-1.0085340507230371,-1.1073370060398287,-1.1435486398683181,-1.1712393470098579,-1.1869652626494547,-1.1912033421978512,-1.1883228188493649,-1.1937373998000922,-1.1968309451552768,-1.2082775128916434,-1.2135378969291577,-1.2200002740242253,-1.2170970213991918,-1.2095459323429263,-1.1980584694578948,-1.1764733541479653,-1.1544863152472942,-1.0793266876218928,-1.0572170901536537,-1.0206071261145004,-0.9706797726660167,-0.904261960709506,-0.8707385020071675,-0.766009452573952,-0.7155417775368955,-0.6330231375219171,-0.605247769485897,-0.5519479068655937,-0.5234417275923255,-0.5157356483985314,-0.5203178858571763,-0.5225115323545471
-0.3550670121186995,-0.2884980422649782,-0.4384518191379384,-0.4931233018494778,-0.0700697081536194,0.40107824407590387,0.41252895724486394,0.44842962676698234,0.5511060008258785,0,-0.3997509063133271,-0.5492039461042896,-0.7515719795936764,-0.9049529440222667,-0.9943294175142874,-1.0919562799248235,-1.138283692385406,-1.192752244007055,-1.21781771136955,-1.2178074752447974,-1.222626965860169,-1.2223516217223351,-1.2188567963938577,-1.2177084330232562,-1.2082736606508995,-1.194984040696278,-1.214975874317461,-1.2114062045335305,-1.214657804999254,-1.2357586259294502,-1.2277251756818652,-1.2022221841740628,-1.176407963377769,-1.1557220045459753,-1.137543647844706,-1.128249641665631,-1.0704248624857087,-0.9958056187014875,-0.9592927382376288,-0.9169529028378142,-0.8276516593323803,-0.7976229243581027,-0.7379477572422957,-0.6746137020536535,-0.6627655970987,-0.6425749160333453,-0.6304338931106439,-0.58285690504636,-0.6116585238931398
-0.5930677798801521,-0.5867724592460265,-0.4984520495834562,-0.4643816258291967,-0.4386751788425668,-0.49477632661869564,-0.5738419119294803,-0.6916189320076398,-0.7687541394537893,-0.8986148959753041,-0.9845789699896769,-1.011966069132157,-1.0647413290841967,-1.1393079288995012,-1.1687073807945927,-1.194076511034929,-1.2180010122265972,-1.2334775503553475,-1.225100968151161,-1.2183755227675073,-1.2117717467970504,-1.1994091704992234,-1.1822049348136308,-1.190328404566349,-1.1844417063562425,-1.1607638580399449,-1.188931174693518,-1.1882945047820506,-1.1608392558368785,-1.163358496547357,-1.1597035674824345,-1.1480343440998337,-1.1411430982909738,-1.1437730918273312,-1.1355728003229966,-1.111052847857863,-1.0819628754451664,-1.014206167830796,-0.9741946386901581,-0.9429666137026798,-0.900673341718364,-0.8663194418389834,-0.8167945407015774,-0.8157777744366427,-0.7975462253018702,-0.7856812479481057,-0.7858460766065178,-0.7473616694766034,-0.7324014379451419
-0.6781692547596754,-0.7016222662375485,-0.7099849605175228,-0.7474113166186669,-0.8923856221654297,-0.8897902248367717,-0.9122031396775332,-0.9876977665583311,-0.9928639575173164,-1.0193561652482024,-1.069056817597673,-1.1115861452989724,-1.1430845803477663,-1.1964471727441417,-1.2149916025152907,-1.216965821068237,-1.2401167463942733,-1.2360974303248553,-1.2258923049267276,-1.2122138073928035,-1.2339967118584323,-1.2284080961799322,-1.20916454463515,-1.2225245974343406,-1.2217815759401398,-1.2054178680003944,-1.2046592398647664,-1.196481113864402,-1.1651359603024258,-1.1580561960855595,-1.1497158750167784,-1.13511821137445,-1.137457514420794,-1.1340834698412905,-1.1224523108366633,-1.101880031344322,-1.0644671792506366,-1.0396029197908292,-1.0163353094468814,-0.9968153352806888,-0.9538107893990687,-0.9380103484932146,-0.9288960649398141,-0.8999033877690613,-0.8729151215656163,-0.8606718238941288,-0.8591057860533258,-0.8143199908702691,-0.7950718755530687
-0.8454088533975529,-0.8927907850502589,-0.9334474377295089,-0.9371996545362852,-1.0003469387578485,-1.0145830597957175,-1.0350383662142921,-1.057144372375172,-1.0766764828508568,-1.08974394740008,-1.1413032157506755,-1.1496536327363582,-1.1689421311188206,-1.2111292080112865,-1.2202856477817163,-1.2238399766376544,-1.2273762372379224,-1.2374001312745337,-1.2361333291147576,-1.235999407385222,-1.2342388634583006,-1.2231853336841392,-1.2127449571128337,-1.222921400737983,-1.2205633937097138,-1.194585528008607,-1.1936013058138668,-1.1824993008818678,-1.1620442555107091,-1.1452478991587853,-1.1231065019770685,-1.0952509795593939,-1.0719050266212542,-1.0543049504041833,-1.0753708812294478,-1.0574445564282164,-1.0368252107648386,-1.025782352813108,-1.0154116852503192,-0.9932141311830903,-0.9922960290214139,-0.9795315040367906,-0.9614956888323091,-0.9451493318020878,-0.926043551015042,-0.9249147472667376,-0.9163249004222952,-0.8908863097572396,-0.8737083522143657
-0.975938426205517,-1.0039984099244017,-1.0296188688310985,-1.0415254749227258,-1.0710388527203663,-1.075841037412998,-1.0843488431318669,-1.0974735048776696,-1.1110076822877983,-1.1252807388633583,-1.1430313243977697,-1.1671887249372053,-1.1898097487559542,-1.2056921837516414,-1.2163087467492506,-1.2301316540066243,-1.2319046216959793,-1.229537198267166,-1.2259625401868173,-1.222748618909993,-1.2341699534246402,-1.228875689211324,-1.227342353421382,-1.2387791381727575,-1.2438453115587202,-1.2162745775605874,-1.1911656427953485,-1.1824942139845385,-1.1495182549049578,-1.1470910056575734,-1.1314839987722383,-1.108870011007293,-1.1066638774900017,-1.1018954815623043,-1.083472747178097,-1.0711727250732432,-1.0818150033379663,-1.0633139347829235,-1.04085940182124,-1.0061866859794237,-1.0061713967518346,-1.005319619840567,-0.9790056891379244,-0.968970557736861,-0.958816836080646,-0.9432618442172515,-0.9228312922566514,-0.8880508850595288,-0.8899809029459201
-1.0221746664391018,-1.0587785752968601,-1.0796559896566498,-1.0848292275018634,-1.0977954962723069,-1.1052466676999573,-1.110848666869085,-1.1275621951093666,-1.1352485878109992,-1.1494192887122776,-1.1836009275098083,-1.1857829726853637,-1.1903560469801089,-1.2104196760197876,-1.2114656508266453,-1.2139989249229821,-1.222907687080946,-1.2348493928456248,-1.228349115019525,-1.2281938067434106,-1.2310410123992295,-1.2214542297666173,-1.2185052246881074,-1.2203874023523196,-1.2126763696278982,-1.1944248213485325,-1.1933488408038886,-1.1874620006990089,-1.1607171324386483,-1.1571623656107046,-1.1516160377555167,-1.133097732316602,-1.1326529078592023,-1.1271327927915933,-1.1236839979984872,-1.1100222964386302,-1.0939059942408313,-1.057545910695169,-1.0598446478118986,-1.0452091397923027,-1.0214429142504822,-1.012201645840643,-0.9959978163705482,-0.9907775457308188,-0.9649573784346847,-0.9405805203515597,-0.926517351386913,-0.8938402815062038,-0.8744645296042374
