jsons/1312574400.json
{"header": {"parameterUnit": "m", "parameterNumber": 2, "dx": 0.1, "dy": 0.5, "parameterNumberName": "Eastward wave", "la1": 40.97354507446295, "la2": 16.46031188964855, "parameterCategory": 2, "lo2": 133.9931640625001, "nx": 191, "ny": 50, "refTime": "2011-08-05 8:00:00", "lo1": 114.97908020019554}, "data":
[rows 22 to 43 of 50, columns 100 to 149 of 191]
1.0570908388735487,1.1300143078873832,1.2521852980147166,1.3174418780110595,1.3846459298387412,1.505741675506282,1.558489659360397,1.668683343065379,1.7677100429809391,1.8165311975472584,1.8852835214576653,2.0208168736035383,2.1561996016167235,2.2677161166023576,2.300680591197089,2.479100573536872,2.564948319806219,2.6516726924600595,2.7547986354149705,2.828585755837699,2.908413644633904,3.063948180632116,3.1177877958501323,3.206356240433931,3.362790422784655,3.508722695801728,3.623361860838267,3.684659856564522,3.8455235799669065,3.868843699125213,3.8811583852995635,3.9824196997876555,3.983469546379658,4.023152955072911,4.078950386015464,4.086203632662528,4.097807084485632,4.104001665966111,4.030147827493198,3.9134899780294954,3.8736553900482895,3.791008128984721,3.5752089153616793,3.496897116633694,3.3762398937975346,3.2079251660134567,3.1226167296343292,3.0910049578065797,3.086372340751542,3.182614821371583
0.8762881840985514,0.9622460841075136,1.1449772391612936,1.2061507518061672,1.3265237877995546,1.4501649906553367,1.5870832148931868,1.6887045300280632,1.8836481476847857,1.9421020582354558,2.051563644192213,2.138343034194024,2.279507139888471,2.403496374897545,2.509993194630546,2.72437467210136,2.8135136093729702,2.931804213263409,3.113546115686807,3.1765136807573953,3.296349597756647,3.452102219894774,3.567019943791712,3.699060120954969,3.88849260787423,3.9712326655196604,3.97897092519068,4.127957637930724,4.3224165189583195,4.355199662790601,4.3982724449966595,4.505694624871415,4.5482184493968605,4.565007465509078,4.696987813205437,4.631141633973676,4.631383118091357,4.68064961941371,4.6206688354705765,4.470367875184784,4.336758126810035,4.195633790327429,3.922065736760744,3.61262633784576,3.3973936461797027,3.1162023343181056,3.087141444395221,3.1551425167662335,3.255353402502934,3.4995107790031894
0.3313071715700916,0.4080501604081309,0.6197803738594684,0.7150071184075839,0.8750309483500502,1.0825970991314535,1.1471332164359165,1.2562730935968243,1.4594636883140535,1.6259909547190705,1.789364596229399,1.93029962721883,2.2304042469506764,2.3732792430284233,2.5818687225025294,2.7983932454928855,2.9957831335356273,3.1160908283792588,3.359881318129356,3.551346576409499,3.612647143800871,3.840038679908004,3.9532733498706163,4.0388972293150065,4.206633922525288,4.3334554580292615,4.325983431387741,4.4533741877825035,4.6512005248070825,4.721500740844525,4.8481961119264865,5.036818561885528,4.991089237135513,5.053109182945577,5.18830875682888,5.162325738925724,5.138951618029719,5.167571876093916,5.1397804566296585,4.903170776473495,4.805551368700968,4.495318098133778,3.9370402162503133,3.1561027455914337,2.814475404580048,2.571664938109235,2.5724265429232367,3.074450234231845,3.6236671159401554,4.063924338327987
-0.7555894448364593,-0.6160754084854533,-0.3474889054729904,-0.23857938062294975,-0.034258925835272944,0.2586133117560308,0.5060177032150639,0.6540857417300673,1.194213373971957,1.3111185089914361,1.4770836670629186,1.823085437305334,2.226338624417187,2.530925220749109,2.6769123011397586,3.057057764730232,3.260760469012574,3.4495992837246363,3.8208962843128775,3.9833421682613035,4.187461743312472,4.4260752514673545,4.50118238535352,4.656145394204122,4.870066266822314,4.935055580633014,4.991325091883555,5.055255963411349,5.33421121930405,5.39117084331725,5.47916376296365,5.670024926112704,5.701919168357756,5.806951321266161,6.002506960455206,5.905252769569569,5.9687978369156856,6.064743417862983,6.024663214851349,5.765896235236623,5.607773655504122,5.092563789801874,2.2220047430213437,-0.9995413051489845,-1.6835313769489402,-1.8885147674713374,0.2557609547541535,1.7268799196370013,4.99233013255525,5.333032800750939
-2.156127418035342,-2.1623724057082,-1.7857298345758748,-1.5474672454946217,-1.3026668259585474,-1.0291452506628624,-0.6849110864068239,-0.48189409101157776,0.27594499304088993,0.5744579179532964,0.9801869967736198,1.233454951525867,2.0041320540537364,2.3084226368651772,2.693799421153993,3.2887677525764376,3.556719224726672,3.7562521953095476,4.291649578405506,4.40270892618211,4.6565987201791295,4.944465996719219,5.222904467645443,5.254615748241053,5.4716320151373665,5.521627408539148,5.484485688784022,5.645371055119522,5.975850847709848,6.042502560700615,6.124531244589827,6.44684979768227,6.530992376630278,6.641348419424698,6.968395788424342,6.826101337117529,6.8338149446110386,6.90695393485261,6.585716568761666,6.229693600257909,4.8523395060508125,5.602853272793443,6.643411410043133,6.493908077749954,6.462613318757904,6.2622843348535,6.166854268039397,6.113064504232203,5.942800614761663,5.8572150991602285
-4.556191861282481,-4.516649944126998,-4.360346772462207,-4.213249319461013,-4.007623262202548,-3.47212082518835,-3.0052346109192207,-2.785055361665137,-1.9298816464376265,-1.5348538713005198,-0.9410403540787158,-0.3601087030280423,0.8337609277154435,1.469496145047146,1.7816999854896411,3.0346562010526767,3.2664552425441657,3.8263160890939463,4.5205778195016215,4.89362552521747,4.962336709776477,5.441849126713855,5.6919222170385195,5.662956579438004,5.841483674850165,5.837755996317841,5.669882581882579,5.752764653233651,6.01426190744497,6.09638167317259,6.3857746181087265,6.816626489985076,6.8442749044604545,7.144343332359592,7.587359828271797,7.657982401287081,7.699836566023591,7.743919369329013,7.7073901921182255,7.495032448794043,7.483366618739009,7.425763347994559,7.179068247229849,7.049618305125601,6.929605032099658,6.704027084980022,6.561006496966544,6.5000226526701255,6.280615052171397,6.133987070286357
-6.887937175513461,-7.113109454389709,-6.993581624012178,-7.048359860203261,-7.074569825669148,-6.752029198417539,-6.265860302320355,-6.167172858049117,-5.346381390230731,-4.504492150194398,-3.872743159295209,-3.119504938611935,-1.300923679729409,-0.7791917739658938,0.3778060206779317,2.1724740177395456,3.160482329225481,3.8392027303917797,5.130879134499952,5.757974804434298,6.024520489417474,6.887622720511908,7.159133050279854,7.10362417637003,7.421366552206445,7.311826356303713,6.897605823638355,6.524896221207697,5.932979530854782,5.014719021762645,4.363358254077198,3.716153155029559,4.76213170232246,5.746633317569659,8.176119168680543,8.692582315650194,8.67745204197679,8.591397462952585,8.442265410813217,8.036308744420001,7.968881376850718,7.757047230410502,7.439407018682012,7.307297331624997,7.185197544668331,6.911150634136677,6.864459002628357,6.720402458813368,6.535076447630781,6.350305583941491
-8.943023497720223,-9.2725560100039,-9.43712209513999,-9.518980001063483,-9.627335498352076,-9.620379688642807,-9.548199131850955,-9.032378536209626,-8.595351196753702,-8.130322515354203,-7.245188176073503,-6.650893309076616,-5.419090651846164,-4.253657889718262,-3.627227756578187,-1.0557807082425839,0.47928952599808783,2.6347210277935567,4.846981428573373,5.796867667766206,6.840544157161383,7.659177118656288,8.117591200411805,8.457292807972982,8.809892521857773,8.717397502898036,8.026846218830007,7.095552878320468,-0.04496476853931786,1.6452385109201775,6.142982868175338,8.765633314959262,9.618096587008464,9.637771425266346,9.550676532272538,9.238546457792017,9.023025446561196,8.831055238443684,8.596792751132917,8.240870045182922,8.084161424957854,7.887021546712363,7.49690120716638,7.320393635937195,7.161185358062233,6.913632897321392,6.821023159373625,6.643978789784311,6.446182782206058,6.265874856444704
-9.206835375653798,-9.456824768606827,-9.542860801805595,-9.544428034473624,-9.538925817490455,-9.475801454869156,-9.432757466149214,-9.242392952647478,-8.906271382513259,-8.56448431814245,-8.001945070441137,-7.552109691663187,-6.749054549170263,-5.746297772099895,-5.174862628667787,-6.217023832256661,-5.935738981177898,6.051904514608395,5.794699266936401,5.597650996816048,6.057897276888264,6.657375133547048,6.988022819980199,7.644743964593703,7.965434876762228,8.234945344009006,8.807538856980567,8.970791794074534,9.105397646755968,9.292745211371303,9.305069883673173,9.320326742660177,9.052449240633058,8.903071287458818,8.676749017280816,8.381403470572405,8.283885622976447,8.093730871719732,7.937641154010013,7.66142376434959,7.497948958992291,7.398200163617766,7.06329221973922,6.890350246244703,6.754210713488222,6.524684196428975,6.365728399280299,6.217847200210901,6.014050202262869,5.845893177153575
-8.491005980109561,-8.666565599636952,-8.604459608056716,-8.507979525347713,-8.542769086453086,-8.18997355622482,-7.931800394295865,-7.411968485614673,-6.535478901308239,-6.223703272524855,-5.42212452713206,-5.067197503282519,-3.776777111075753,-2.987533355831219,-2.9355579871728996,-3.779937143113647,-7.063331900437955,7.7238480018371005,2.601602975806545,2.214467483030706,2.929940956094576,3.992566229973378,4.642759164304175,5.331890088563367,5.90243310823575,6.356194230518009,6.638830054450094,6.88556092626083,7.148864118360527,7.267206298775057,7.36412525368187,7.430283772573107,7.403836375351635,7.3893762441358835,7.311693842866295,7.123192839229349,7.004522299257795,6.94223548649538,6.88969872798062,6.622528342534463,6.550746863137169,6.478811722876276,6.151672484162946,6.051909259120807,5.983185875840465,5.739789519440523,5.672704191113726,5.553574214349492,5.412949640774446,5.365281350352942
-7.271934289882559,-7.289480307929958,-6.933415149384098,-7.316921092819652,-7.5903214605997835,-6.91337349487893,-6.678350307422923,-6.323087383656455,-5.444704959803207,-4.820044961095243,-4.153097485466124,-3.790761053991681,-2.808580674826043,-2.1892163320336637,-1.7904542220441402,-3.81515269611225,-7.110133245731071,-5.501774216759509,5.258712392669469,2.5640327485847947,1.74632395284373,2.5162668083231754,2.6578384461563203,3.079360037882627,3.7188497949546564,3.9486073193278406,4.175920869562016,4.409999385355752,4.899784933313144,4.923412167929026,5.035085330906642,5.252116206312486,5.260344924374339,5.2584872325222864,5.331035808472071,5.3850385709019175,5.4313097989104975,5.437871328107168,5.4454282341312705,5.400672505893381,5.3349610156335014,5.260040703869382,5.14533614444331,5.065632527977887,5.008740520291267,4.877187905337879,4.741175857283409,4.684185574153208,4.587796465889461,4.450250649731193
-5.785847634502719,-5.78268502791828,-5.451998815441619,-5.272972998214542,-5.224728742141961,-5.087953911773325,-5.068833173865642,-4.9424856415361615,-4.369266611788372,-4.113982120672713,-3.7095895742070866,-3.4779699343509916,-2.7022685347270077,-2.3775651319696256,-1.9996623000271916,-2.128831321283145,-2.8560954341433864,-6.712651896359291,4.024173776404377,3.866700888891252,2.126031082565586,1.160860372896583,1.5223682567035541,1.77915978059232,2.227003934542752,2.348133997924995,2.614260855059744,2.817470454301492,3.166914775493267,3.2867625481648406,3.342967391803506,3.7263162202296716,3.7639474431201108,3.7865463308658454,4.070647343445023,4.0187841616908875,4.019878162502407,4.035068864960406,4.140307304546349,4.079604479888235,4.0933299562851495,4.1306380946679,3.975584145649366,3.9566762304735037,3.9710423403302864,3.8147120127219214,3.7716909850331053,3.7783583417004003,3.623618119437503,3.5997684458616965
-5.20279400665143,-5.185498332198064,-5.015891250070969,-4.999395526057978,-4.941881243086843,-4.6867728593893245,-4.51704550933873,-4.461164763294545,-4.086571594970591,-3.827173216593712,-3.699414252597686,-3.4122852921167643,-2.9307765052175987,-2.6807186491970283,-2.416975665381298,-1.9974286498607747,-1.761719107237673,-1.482443630576661,-3.31124641794485,-4.826193593759977,-6.428553206278561,6.855302517390572,5.699205210180803,4.449849140405779,1.6567370460789874,1.0676946666840326,1.2855130721002672,1.5208177345328384,1.7828145959523292,1.992263551596413,2.0823994086527877,2.310304056253921,2.3037031327991544,2.41598565601399,2.5606062452550566,2.594004413755231,2.6762369850668986,2.7341370911901364,2.754571466205981,2.7761129193682774,2.806673870975411,2.8547327457657117,2.864067916945204,2.843888865303153,2.7996110476564824,2.7190434680223072,2.7647615759658764,2.7231296788917176,2.6996646611718615,2.699973503651136
-4.610724503109894,-4.62123583597618,-4.471120306003135,-4.432167625777722,-4.370068904651782,-4.177744688169212,-4.133542150966615,-4.035411209423685,-3.7492477166821616,-3.6143550862667846,-3.4564713860388543,-3.351492506500419,-2.9785657346693744,-2.81022259615589,-2.760191054514832,-2.406238969286082,-2.155704998299309,-2.0642668936660638,-1.7204411320522832,-1.4724477911779665,-1.2727091902475347,-2.877075551144835,-1.0132930282336168,-4.793298413437861,-3.750229002737973,-5.911710500831246,3.7032182617545346,5.595435230685093,2.6771347103889185,1.7355925517918698,1.1521631833738195,1.3146372426517257,1.336897269653376,1.3456792279070802,1.3186132025565007,1.419760942519253,1.4676015547938661,1.6014778662087394,1.6820384942386333,1.6929587105828543,1.7504319234512054,1.7258031036856016,1.7666903516897072,1.7725031790325805,1.8545896904491694,1.8795974071853034,1.9071925284421338,1.8663869053100566,1.8420383275783727,1.8436647738040801
-4.338958553270957,-4.3803853738526515,-4.301180587568943,-4.279838722835988,-4.266000520966095,-4.1275239934867365,-4.024857748039068,-3.991995471519781,-3.8344193448582504,-3.7169031041337095,-3.6080376753090873,-3.5784307845420926,-3.3659924190757886,-3.3520169626414678,-3.201630807564335,-2.830787917377653,-2.7027988250734056,-2.53033372736603,-2.3251620502061523,-2.149898703573073,-2.100111916930269,-1.837061956538929,-1.616714085220907,-1.402260716980839,-2.343552590607601,-2.4153753280512684,-2.184128968012084,-5.63137477782468,-3.3302990233042373,0.33357180763087546,5.119953024732624,5.095140186212173,2.810807660740603,0.600885318511886,2.6122095150709477,2.3121178102458426,1.8790843184931414,0.8787780761030038,0.5855451138550793,0.5726807988903313,0.6770672041118667,0.7618392134020587,0.8315081120542224,0.9079775420092394,0.9158072789163362,0.929823383796576,0.9281419479023708,0.9349455661404121,1.4499115755344847,1.0460403251994013
-4.0845324762730115,-4.1217234351332825,-4.029705462395834,-4.034688014084153,-4.025403647244368,-3.8757763832729397,-3.8686156457403498,-3.820157871824639,-3.7062369268146913,-3.620321719977053,-3.597119385554661,-3.5299524186672144,-3.3912492122723603,-3.318559463281491,-3.2030216836299057,-3.0755385502742847,-2.951427733148099,-2.8554267351561915,-2.680766285637084,-2.565071580647042,-2.4492912799787474,-2.175267740850685,-2.0994882956679977,-1.966340464666301,-1.7624981042347343,-1.6083893192221508,-1.4391133870743624,-1.3042543307558965,-0.970921683646371,-0.9363089804835197,-1.8895047018050881,-2.2540200450995953,-2.721562421060628,-1.9905053681605756,-4.582277440154536,-4.606027975819499,-2.1884886154248244,4.317108915736544,4.462604493751344,4.2253988741374435,2.420223600500497,4.510329361948687,3.2664147818515974,3.2290322076797904,4.32991469739084,4.157226129392878,4.382924380827075,2.4506740028620513,3.8456975513548786,4.081623776027219
-3.8523981591152663,-3.86910002976771,-3.806215196827122,-3.821383855676635,-3.805010753460528,-3.735250940844572,-3.7011236672166303,-3.7020512092970086,-3.578689001907499,-3.5848957622587476,-3.546827570822588,-3.482200701398656,-3.3945863463144175,-3.3471603870021673,-3.280029786261548,-3.1413418217645037,-3.101690674035784,-3.051061713808761,-2.9106312537560157,-2.797139490972427,-2.70836743780332,-2.5561609704050845,-2.4298995563818626,-2.39341427948525,-2.1817007956439136,-2.0767408584670246,-2.018384735425662,-1.9925717405824388,-1.741661781208895,-1.6159434970753153,-1.5496902315107324,-1.4107264470364504,-1.3208068808118747,-1.22835548341284,-1.0790456618712068,-0.9700890221901574,-0.943019286128267,-1.5733106184781822,-1.6066362846107656,-1.3261825071718298,-0.8386954334537767,-1.3017630165947998,-1.4695454683615363,-1.692131886887994,-1.025220699820794,-0.6926477169458622,-1.1785744974038268,-1.9033771951992624,-1.898893070831888,-1.862625890775313
-3.6465176106189885,-3.7050004397899894,-3.6658959257066464,-3.664124477022329,-3.679650117742037,-3.6304422097684803,-3.6226862234457933,-3.6254262064056086,-3.5537686152692944,-3.5011960361955046,-3.4823054720271216,-3.484798061497791,-3.4357589409839697,-3.3849232658601034,-3.3301863831437326,-3.253262102549321,-3.220420303771222,-3.18310090594439,-3.0425663590606233,-3.0005457095302006,-2.940936883381791,-2.762230915640466,-2.730646936543037,-2.70330473559377,-2.5635630171304165,-2.4558295577015254,-2.4048528067652826,-2.3789922315031284,-2.216443523657392,-2.0704671995459987,-1.9568642378634888,-1.8989422533060853,-1.869061618988485,-1.7710089489401004,-1.6056963560617141,-1.580644133817155,-1.5603287553902614,-1.4434880660335716,-1.3680334644943881,-1.3231448250758657,-1.292319179087026,-1.2383658420356518,-1.1556444833858768,-1.076336198303562,-1.042868308031541,-1.0371895381578677,-1.0208293292846606,-1.053712822902935,-1.075883855459423,-1.1027952229111522
-3.4143012904090484,-3.476820344094563,-3.4667344494341186,-3.4677551572005343,-3.4708388928596583,-3.4485918879593886,-3.446861172602838,-3.4530217772413603,-3.4254195138341013,-3.387774861975038,-3.409800364657977,-3.382692904671346,-3.3322861241823443,-3.330800273157676,-3.294368746789537,-3.23107781020372,-3.1976378017098384,-3.152140512789784,-3.089714175018556,-3.0570066647019334,-2.9983593914874125,-2.9510566073704934,-2.9090448531798865,-2.8532425699264414,-2.6982845479487785,-2.6710233641378998,-2.6547845139846125,-2.589838327667805,-2.4545225648554374,-2.402060895204448,-2.3882473979621732,-2.2484754747492643,-2.1808028088926315,-2.148464430512623,-2.0863815165432613,-2.0158594558769916,-1.9376692622197427,-1.859365792636231,-1.830318775957964,-1.7960713578360856,-1.6241205609738094,-1.5799062005098101,-1.5526454494143185,-1.585820095835664,-1.5359267921836692,-1.5148483450186845,-1.5098053498357846,-1.519352464365188,-1.538504971595426,-1.5783065831355232
-3.275172249435128,-3.2997703266296883,-3.300983805796497,-3.317082311543158,-3.3370201941901527,-3.319653758332576,-3.3221081964152233,-3.3349497783894,-3.3134071028246974,-3.3089282929499433,-3.299067121964051,-3.3118489134444755,-3.2777380670594525,-3.288024147708239,-3.280837264110083,-3.2159019099555843,-3.2245732144659858,-3.203153849196637,-3.1279604458592365,-3.0932915177038667,-3.058300021971401,-3.0279703255297123,-2.9711250612338977,-2.945957139052083,-2.91666544449556,-2.8655459879913177,-2.828347607681227,-2.7980194846017925,-2.74795790893986,-2.6940335993098574,-2.6371233411779125,-2.5810765949627004,-2.5283034949788967,-2.495469863658165,-2.37929444824725,-2.309636188230715,-2.3151782055115815,-2.2724315038913736,-2.248486735982366,-2.2312528138942747,-2.1568696725200454,-2.1109765884549256,-2.066655587487692,-2.064409951962627,-2.0963771478202378,-2.100321040416226,-2.149691159782917,-2.0998707444027818,0,0
-3.088673687822791,-3.121065734678221,-3.123873304694574,-3.127082607175983,-3.1625085140849225,-3.1621166891110937,-3.158334786919374,-3.1768182555898052,-3.1598187086804903,-3.145850658327248,-3.174578499739274,-3.175363679569799,-3.1568784408660036,-3.1681774263811993,-3.1688097766570444,-3.1565695184161915,-3.1427508970151736,-3.127392777973035,-3.108636045263408,-3.0895240691115973,-3.067312363560806,-3.027843995208679,-2.995655816616193,-2.9886426879775003,-2.9229084373773637,-2.924785442903973,-2.9159870347070336,-2.868721683211768,-2.823030715763811,-2.797949798386811,-2.7745384607918244,-2.710351260963335,-2.667044010799295,-2.628846469196914,-2.5629275119682107,-2.511109964694608,-2.4813741504362055,-2.479117291349225,-2.4642778399949004,-2.4202086744731397,-2.3903449065536204,-2.378269833494025,2.3988549304906286e+38,0,0,0,0,0,0,0
-2.943107128493875,-2.974129300465067,-2.9783965330682975,-3.0019603472958782,-3.015035259772187,-3.0162046898743506,-3.0227244793374486,-3.045362614450105,-3.0461747950411464,-3.0620764125719853,-3.0726503725985475,-3.083007246183917,-3.061613231839852,-3.0756524676101837,-3.078842286645919,-3.0659890546214834,-3.071770541390188,-3.0642090076579116,-3.036727211785589,-3.039885668254937,-3.0327066049690843,-2.9993005528365217,-2.9928370059672185,-2.991499430011702,-2.9487620852344296,-2.947656233666044,-2.9489164702389656,-2.923843854653886,-2.868334353957528,-2.8214061936025168,-2.8053258297464754,-2.788275480855937,-2.781060909175517,-2.7648840365433234,-2.752278660254801,-2.7141515370140676,-2.7012731370446983,-3.198493736239032,0,0,0,0,0,0,0,0,0,0,0,0
