jsons/1312855200.json
{"header": {"parameterUnit": "m", "parameterNumber": 2, "dx": 0.1, "dy": 0.5, "parameterNumberName": "Eastward wave", "la1": 40.97354507446295, "la2": 16.46031188964855, "parameterCategory": 2, "lo2": 133.9931640625001, "nx": 191, "ny": 50, "refTime": "2011-08-05 8:00:00", "lo1": 114.97908020019554}, "data":
[rows 0 to 21 of 50, columns 98 to 146 of 191]
0,0,0,0,0,0,0,0,0,0,0,0,0,0,0,0,0,0,0,0,0,0,0,0,0,0,0,0,0,0,0,0,0,0,0,0,0,0,0,0,0,0,0,0,0,0,0,0,0
0,0,0,0,0,0,0,0,0,0,0,0,0,0,0,0,0,0,0,0,0,0,0,0,0,0,0,0,0,0,0,0,0,0,0,0,0,0,0,0,0,0,0,0,0,0,0,0,0
0,0,0,0,0,0,0,0,0,0,0,0,0,0,0,0,0,0,0,0,0,0,0,0,0,0,0,0,0,0,0,0,0,0,0,0,0,0,0,0,0,0,0,0,0,0,0,0,0
0.5653491627763472,0.5458087143093213,0.5298971484149129,0.505938327763756,0.4180043942951037,0.2880777071302001,0.1558559150716402,0,0,0,0,0,0,0,0,0,0,0,0,0,0,0,0,0,0,0,0,0,0,0,0,0,0,0,0,0,0,0,0,0,0,0,0,0,0,0,0,0,0
0.6550161869126753,0.5709292034890424,0.542300542092606,0.49090951937916477,0.3436598369287672,0,0,0,0,0,0,0,0,0,0,0,0,0,0,0,0,0,0,0,0,0,0,0,0,0,0,0,0,0,0,0,0,0,0,0,0,0,0,0,0,0,0,0,0
0.6827131863834659,0.5984668944122583,0,0,0,0,0,0,0,0,0,0,0,0,0,0,0,0,0,0,0,0,0,0,0,0,0,0,0,0,0,0,0,0,0,0,0,0,0,0,0,0,0,0,0,0,0,0,0
0.7776419847919089,0.7354751516157534,0.676725401463125,0.5750494833284877,0.6099635559862236,0,0,0,0,0,0.3646779855004725,0,0,0,0,0,0,0,0,0,0,0,0,0,0,0,0,0,0,0,0,0,0,0,0,0,0,0,0,0,0,0,0,0,0,0,0,0,0
0.9055862370074206,0.8930316545619753,0.8797187525075292,0.8648154824560849,0.8258516282966295,0.8020575014582509,0.7695771636370906,0.7391443912977186,0.735728679292733,0.7031662203718333,0.6931586180087003,0.7022454311666833,0.6814309781441729,0.6806665557584062,0.6522680472541699,0.6851931168066736,0.6642954997559407,0.6335426709001821,0.6437743323498513,0,0,0,0,0,0,0,0,0,0,0,0,0,0,0,0,0,0,0,0,0,0,0,0,0,0,0,0,0,0
0.7748482795693881,0.8072777590436695,0.8105098626182017,0.7964770774249246,0.767397968464574,0.7515032368813613,0.7423236268268144,0.7182278405526733,0.7139437373372919,0.6975217948016497,0.6756014928126138,0.6527842220890007,0.6116173703161111,0.6478255460111928,0.5350249788433743,0.8792126679845094,0.9343966200527306,-0.6953824795776731,-0.5276680061476583,-0.4978974421906286,-0.5398558129239812,0,0,0,0,0,0,0,0,0,0,0,0,0,0,0,0,0,0,0,0,0,0,0,0,0,0,0,0
0.7128373051524434,0.7063998423134392,0.7146640066442983,0.7182001791376713,0.7011903514166018,0.6842692079840488,0.6624620842892599,0.6464396186378996,0.6312633450982497,0.6327433397824913,0.6153910877564888,0.5990037421981947,0.5552806695233097,0.5236589564214269,0.5129208789453219,0.489644323735873,0.45324306572365125,0.46447117950009753,0,0,0,0,0,0,0,0,0,0,0,0,0,0,0,0,0,0,0,0,0,0,0,0,0,0,0,0,0,0,0
0.6545635645653318,0.6489417698919212,0.6465316558293983,0.6451596234843704,0.6419998316250952,0.6326318217737331,0.6250664848937497,0.5892726513120561,0.5784272539927283,0.5570804883753147,0.543171338704929,0.5421495741818291,0.5109150752264942,0.4777122585198052,0.42329236438224993,0.3775658348739122,0.34182893493011496,0.3850263739721634,0.22528147350717329,0.4737925208897659,0,0,0,0,0,0,0,0,0,0,0,0,0,0,0,0,0,0,0,0,0,0,0,0,0,0,0,0,0
0.5559637294818499,0.5890430253044181,0.6125551907849487,0.5918592349890835,0.586110542098213,0.5821917687500539,0.559507865522284,0.5777852202627006,0.5529940109917858,0.4820853363501425,0.4763641350278446,0.45659595848979,0.4376810651683533,0.40987807133969634,0.4115609093462683,0.3404909241295037,0.3683760964024768,-0.7795725400246817,0,0,0,0,0,0,0,0,0,0,0,0,0,0,0,0,0,0,0,0,0,0,0,0,0,0,0,0,0,0,0
0.5294521364144409,0.5124122781316759,0.50456758971608,0.48377286116393536,0.47427325850403046,0.48177203377424827,0.47930127514394105,0.4600359879210838,0.4783659336104133,0.4677778527086001,0.4801000205481745,0.4913198681109663,0.4741466682746511,0.4479084924810182,0.3493871981208774,0.336071539916092,0.6013007828429782,0.532776894670563,0,0,0,0,0,0,0,0,0,0,0,0,0,0,0,0,0,0,0,0,0,0,0,0,0,0,0,0,0,0,0
0.5263982412708071,0.5454276405743187,0.557577805359921,0.5642454378590707,0.5410058525765168,0.532982219607409,0.5251555330452303,0.4971000980889766,0.4931816258428326,0.4652806091093919,0.48849431914181535,0.5210130361675767,0.5195487839636835,0.5256589325817403,0.6585346072815853,0.5583394151642085,0.747114126813619,0.7667816143710061,0.7761175617141142,0.7897705258655576,0.724975018818553,0.7514409736198627,0.7586856755402195,0.7804139316920352,0.7592400120095164,0.7859275549161767,0.7881390298767783,0.7686004143429909,0.7898246851612687,0.8136892935068694,0.7901666642265284,0.7955804642868314,0.795258698071801,0.8034688431193308,0.8048489306421552,0.8083113322760797,0.7804382280404144,0.7688390581664953,0.7650957270951921,0.7497517308772209,0,0,0,0,0,0,0,0,0
0.537250408575277,0.5624038939614793,0.5736508942117101,0.5922175362940069,0.576842200886753,0.5787611277675222,0.5859510019887295,0.5563657344544085,0.5489303155078945,0.5329863425791198,0.499358749509823,0.4898686405964641,0.4547053385323504,0.43351582640104125,0.3596079020036845,0.36037604882336993,0.36396295460621025,0.5719210483997862,0.46886939876437733,0.5420936089381054,0.5243237595737705,0.5678853300645068,0.6048583712827695,0.6729705637308947,0.7003867480837201,0.7104423781587802,0.7437868543629409,0.7568821646534127,0.7468635364949098,0.7525454773945719,0.793644602241997,0.7844256580008471,0.7685176246277997,0.7806204884703254,0.7771363103559067,0.7769198429575436,0.7656483774101258,0.7661692794373842,0.7647454371415778,0.7598213855867342,0.75350531065323,0.7462264144515962,0.7249426174945104,0.722284607216469,0.7070631388940867,0.6608737492691348,0.6535361102523176,0.6717371692786228,0
0.46771774183813614,0.49846935016525423,0.5209411678648219,0.5723017025439601,0.6160477341612285,0.6357404297364588,0.6270636807235255,0.5871100801486894,0.5780252414481828,0.5567244287043839,0.5104913904788563,0.4741104962271177,0.41482379571621664,0.7109926020462587,-0.9112911435692236,-0.802433767577115,-0.7205240832253971,-0.749481483535645,-0.757636051703786,-0.38744315184915307,0.49517526998205963,0.5358926949854401,0.7503412770274599,0.8666160586002467,0.878192674063328,0.8793754118890257,0.8290136972412288,0.825880048553824,0.8011367994772958,0.7840890385099254,0.7776815728539211,0.770689082065483,0.7596618093407207,0.7707897621251997,0.7695244792571376,0.7583317499636593,0.7486619287534934,0.7584253424827176,0.7641009371317858,0.7526932325498678,0.7461043326400152,0.7450136962970741,0.7181367351317328,0.7061811576528471,0.6755478917973302,0.6320908765413944,0.5830447989914149,0.5440834685139256,0.5249920374052042
0.20831260195924525,0.2960855671123354,0.28116185236066044,0.38641985788910377,0.47385185369071725,0.47958272210448954,0.46922647737651274,0.536982744625885,0.5276159876524497,0.5438302386488669,0.595226905610968,0.5911458555396827,0.5991292149427213,0.6038443237695754,0.6055642174871497,0.6276445176275873,0.6861133909752117,0.7202540029471468,0.7533729469105702,0.7634057536738947,0.7994952837698708,0.7864385037611974,0.8021984169104012,0.8036683385845095,0.8087294930827849,0.7845419149755687,0.7823724366078622,0.7854015012003512,0.7882622572066301,0.7872156598100871,0.7885483619959559,0.7784598662897866,0.7788692271280616,0.778069290750431,0.7716797285960759,0.767395044142822,0.7697179693112338,0.7635218156335601,0.7579889003366017,0.7557988737999405,0.7501612974165889,0.7473568727575942,0.740690448655372,0.7306749349143196,0.7024374922001907,0.6575602983320706,0.6247493104869055,0.6749624365321093,0.6668706347633728
0.28080434414836775,0.3805419397818342,0.42857125616888075,0.45642629134727625,0.4752377483509048,0.47995316253792747,0.507479590631972,0.5261026819000584,0.5385055171666994,0.5503337411793272,0.5627183038552238,0.5833865704205268,0.571884297054075,0.5680622721512077,0.5692976689180246,0.5362304814644406,0.5397255542275969,0.5702159216836222,0.5886023329615508,0.5900680469649525,0.5976239659098266,0.5984463592017134,0.6068002364825178,0.5999691021933466,0.593729050673444,0.603027930658395,0.6339613268705777,0.6572285988520571,0.6649323844647526,0.6741563284860127,0.6986663590029455,0.7027722822640566,0.7046701347868299,0.7075033920122716,0.7164687037496179,0.7222259959857646,0.7331870875052189,0.7332650774104489,0.7329989761390805,0.72523234039823,0.7128816340185982,0.6998877361153423,0.6983973579272239,0.7005061288444181,0.6941891372165097,0.6550819139688279,0.6538136786065103,0.6602264119406166,0.6511422734177803
0.38637096946756416,0.5056317081624709,0.526292716251995,0.5295076997003304,0.5392176913317653,0.5631522969529503,0.590031172253891,0.6129948094723995,0.6130769444141899,0.6111090956481952,0.5813188337401869,0.5958380992607725,0.6381042084092938,0.6412654950543764,0.5985170782097334,0.5901766465339775,0.5965710171805437,0.6020480132921221,0.6252596799682042,0.6250267727245701,0.6360323888459594,0.6319603911467238,0.628432061898711,0.6377991082816016,0.6404726842335444,0.6345848237218066,0.6320638882831756,0.6274603440729607,0.637239469292375,0.6455686805934897,0.6437456562385606,0.6494114736960324,0.6478916915422318,0.6736441847469523,0.6795680055016879,0.6815448708280016,0.6920947552295458,0.7036653215470655,0.7050905102506168,0.7179273690959579,0.7262698506394064,0.7273265975703164,0.7267822945451168,0.7041464155323158,0.6835421054604495,0.6519868861687541,0.6376346773603638,0.63392181932045,0.6238972089810033
0.5047917700627322,0.5333547277541217,0.5613409798571295,0.5843068147160625,0.6228694915949904,0.6284871183379495,0.6192751197427233,0.6706446121262257,0.6730029434651049,0.7000462481000977,0.6881022616551066,0.6942762577422241,0.6971246448979137,0.694657988816505,0.6995281377267665,0.7021737117082889,0.6960710834610642,0.6721024135427478,0.6705634605674344,0.6618888878063698,0.6777065558518799,0.6928461356516515,0.6890959155344856,0.7002829222842144,0.6816866964442436,0.6682397088633951,0.6621523109873678,0.6627990902378148,0.663399438472808,0.665635042747282,0.6789210810411829,0.6725506828236427,0.6632997399886358,0.6924527475962081,0.695341372911585,0.705664780367255,0.7131532983727163,0.697171356664719,0.708855273886895,0.7449313515151524,0.7475606572427745,0.7551990737708311,0.7584540185571579,0.7573465695287632,0.7289753395220328,0.6941369182100258,0.6814766401294741,0.6750392060065085,0.681115251072599
0.6985881984044402,0.7558019325306622,0.7550657804224803,0.7765543378017118,0.7959015286966009,0.7986756063632863,0.8099501676212865,0.8126189426537175,0.8028975547694402,0.7912092807322563,0.7811987470342213,0.7750626068131515,0.7593961916877284,0.7560870040857037,0.7362067600493578,0.7289233966566833,0.7175643868162876,0.7214903580654403,0.7361334691883019,0.7408045829916187,0.7350002796343628,0.7243471019512716,0.7304110118303003,0.728101972104082,0.7249387230307477,0.7383710111198006,0.7618368959945953,0.7469527913811083,0.7436077630457488,0.7422567293252922,0.7385498433160382,0.7356189647889847,0.7340587947210179,0.727989536169543,0.7273695242689991,0.7259805438608405,0.7370145243812198,0.7514924090160027,0.7479719870209486,0.7273472948199152,0.7425964659957565,0.7498896800025435,0.7474147557135105,0.7490901571434015,0.7423196043393014,0.736272295261847,0.7361062356232682,0.7317276596447758,0.7247471962829303
0.7573797057501351,0.7783832981278574,0.7815694001537791,0.76993359371064,0.7741957797084413,0.7979072033996994,0.8145088642604458,0.8182980140445913,0.8020936854401538,0.8022055066637186,0.7944653914596712,0.792006049304041,0.7968725038304497,0.8012238384310967,0.8240276251511199,0.8247343215407761,0.779501919209098,0.7503418411924465,0.7336076887548706,0.7195782341277993,0.7444629994283949,0.7367986670873452,0.7342992511555793,0.719420509397078,0.7334950746558045,0.7508564281246624,0.7554862827328997,0.7376829856820882,0.7512496938083177,0.7699669842013083,0.7703922048831295,0.7664388334561802,0.761547924457651,0.7352618948330422,0.7225750114305534,0.7150377865163852,0.7244482170131946,0.7292748945547503,0.7449983128276211,0.7652073859498373,0.772116782249008,0.7770749490954915,0.7933046160263264,0.7990708870825489,0.8020569709432308,0.790580984081033,0.7839603802547841,0.7793214741267503,0.7792077459734306
