jsons/1312588800.json
{"header": {"parameterUnit": "m", "parameterNumber": 2, "dx": 0.1, "dy": 0.5, "parameterNumberName": "Eastward wave", "la1": 40.97354507446295, "la2": 16.46031188964855, "parameterCategory": 2, "lo2": 133.9931640625001, "nx": 191, "ny": 50, "refTime": "2011-08-05 8:00:00", "lo1": 114.97908020019554}, "data":
[rows 0 to 21 of 50, columns 50 to 99 of 191]
0,0,0,0,0,0,0,0,0,0,0,0,0,0,0,0,0,0,0,0,0,0,0,0,0,0,0,0,0,0,0,0,0,0,0,0,0,0,0,0,0,0,0,0,0,0,0,0,0,0
0,0,0,0,0,0,0,0.009424134722020699,0.008468929729383462,0.006164270639153379,0.005568255796982444,0.004483406415800598,0.003720179325899041,0.003364278821852256,0.0031081015972360126,0.0028896003656127683,0.002241097713534787,0.002067900171652281,0.0017345976069615104,0.0011908559609077043,0.000858072251592599,0.0006206114490923526,0.0002968245870415487,0,0,0,0,0,0,0,0,0,0,0,0,0,0,0,0,0,0,0,0,0,0,0,0,0,0,0
0.029913268332104902,0.02815383959857053,0.025903219794969144,0.020552470088281524,0.020010075715482065,0.018372341198573287,0.013990077773578842,0.013412126818904033,0.01216812481534762,0.008583447027674416,0.007163412933755191,0.00550068270166877,0.004118042662418128,0.0035677839204397185,0.0031073267295845856,0.0026059805225185275,0.0010573399991726997,-9.292351498913398e-05,-0.000632138389787012,0,0,0,0,0,0,0,0,0,0,0,0,0,0,0,0,0,0,0,0,0,0,0,0,0,0,0,0,0,0,0
0.034148251525037934,0.03594315400050672,0.03580393596233032,0.03296125539326321,0.03268806694762269,0.030970077378366788,0.023857146242974997,0.02112853372937057,0.020317218923819734,0.0138173240057952,0.011133788591562858,0.00782752318972611,0.00403580264150464,0.0035747620780938343,0.0013727060613725848,0.0008637944397961261,0.0006477046776702746,0,0,0,0,0,0,0,0,-3.14569121936739e+38,0.13809245738221188,0.13987052278995424,0.13882195326737504,0.13809847618104643,0.1382163772560674,0.1321528211428845,0.13211100937696013,0.1313435852623946,0.12813087944668689,0.12506377296359503,0.12242397786966829,0.12254397552355817,0.11600577033229166,0.1133726868097707,0.10749516516476774,0.09845171131766957,0.09022387873686784,0.08677387765754971,0.07627336586620465,0.06828808109959154,0.06347726960673843,0.050730926979536024,0.048465937880671585,0.04132653530336008
0.025070501890814032,0.028004060636859954,0.02923180779839381,0.031382756669605195,0.03520214902675953,0.03679085670027486,0.03937810837525107,0.04269711897300716,0.047745335072127026,0.038028422202653206,0.032015320707637226,0.031189804381359536,0.014794203621769291,-0.0031125082967482826,-0.0030670679440544107,-0.011066906233570555,0.011848580220565485,0.07765378694839996,0.10092938723017063,-0.14913299136402036,0.1407391592916065,0.14674667682700035,0.1532761161530305,0.15907951923057234,0.1624971279047579,0.16658784500618817,0.16919115915108707,0.1714580858666977,0.17087209412561283,0.1721924773887472,0.1719488785325665,0.16888808107978595,0.1654041435972124,0.16353840035918712,0.16272671861003637,0.1544795027978687,0.1530842893337926,0.14682426579095548,0.14058899508288958,0.13515193376132217,0.1333589938313164,0.12426847713900481,0.11708144859194425,0.11222310359023693,0.09771712914691508,0.09314586142162179,0.08309328689270172,0.061809935759160085,0.053388256773775684,0.04285598280637041
0.009940676023111267,0.010757511103122666,0.012268005877188346,0.012523766683459541,0.014730234457163018,0.015627178348495478,0.01846729177961413,0.020705827995884454,0.02346575598737863,0.026344814130304362,0.02917156691288086,0.03343332483893848,0.03885441960954151,0.043668235099891796,0.05006028173401879,0.057188003760580974,0.06475905512495046,0.07915706722728597,0.0894733764068514,0.10709027693738632,0.12202542323975872,0.132352832238575,0.1456355391086992,0.15364642958118183,0.1654997701345744,0.1760097642272663,0.1810070046336667,0.18633190408443634,0.1921901466835271,0.1947554145754911,0.19888553093317718,0.19826129305635287,0.19681749876307805,0.1967495906333396,0.19638312462414212,0.18891176677671792,0.18614655812773165,0.1813002112009309,0.17353008536040945,0.16912647042493845,0.1620814261730906,0.15157565309147034,0.1449112046869024,0.1425511041963135,0.12878202394442329,0.12040746852647206,0.1101634636501759,0.07902484369087688,0.06544381647408008,0.04136772192181224
-0.0035687191400152517,-0.0033960255780737334,-0.003412417370567546,-0.0037943551926485474,-0.0033206114938207,-0.002147065885857353,-0.003607047537978517,-0.002153280762259487,-0.000593836508243652,0.00035104131746836466,0.0006925629466830499,0.0017780417855776446,0.003718935578619674,0.0063809945885051995,0.00884290188232388,0.012185014582489332,0.017775411003004227,0.02719595423430681,0.0327246956038481,0.04717104016087743,0.0629909310259785,0.0791155289616663,0.09909756723534381,0.12339210577491284,0.14236371380862706,0.16979972052364947,0.17884317656203763,0.18942000112432175,0.2028426986216089,0.20662958687035274,0.2137625017011097,0.22206844510410434,0.2227066942950414,0.22658959777517398,0.22346806976849107,0.2190282029126954,0.216794383255961,0.21610239194949096,0.20399556849294026,0.20089915987412105,0.19415271523866967,0.184227293034231,0.1772873088166642,0.17229586864929208,0.15857722501031682,0.1541344811956766,0.146888658209448,0.12751275326311293,0.11915553037613875,0.10789774314955412
-0.0033807404200068554,2.924991494264182e+38,0,0,0,0,0,0,0,0,0,0,0,0,0,0,-0.015658958816098408,-0.020927985744264622,-0.016842586991163654,2.5533412196642598e+38,0,0,0,-0.02210662607441908,-0.020019523899228384,0.05171579491244734,0.1578480732183966,0.1895672130100806,0.21137060361477766,0.21753259367097952,0.22753793090180466,0.24115646704447047,0.24568176521269766,0.25182846075475385,0.2551783575383223,0.2573176287487412,0.2563870147772549,0.25542582026150956,0.24982708588955474,0.24063227686016445,0.23834737996930505,0.2280601148980308,0.22433300178926144,0.21596364580480995,0.20588782836743164,0.20123368465555147,0.19611891158592135,0.1857180001188518,0.1806203049344343,0.1739123996341896
0,0,0,0,0,0,0,0,0,0,0,0,0,0,0,0,0,0,0,0,0,-2.8985508749017733e+38,-2.9598036616250308e+38,0,0,0,0.2154104850907751,0.2223951745296483,0.22748169038655094,0.23384397924584324,0.24215857201320423,0.2589368426727944,0.2707210734935765,0.275774559406694,0.2808391076450086,0.28485362732517683,0.2874930413316859,0.29075956255359503,0.2881931536071966,0.2872637694788399,0.2814910976322225,0.26994711082207534,0.2638756744667759,0.2585782370744147,0.24079535546195965,0.23237483816099883,0.22900928651252786,0.21511311399282237,0.20871493514380385,0.20138770415718069
0,0,0,0,0,0,0,0,-0.21835733565460197,0.1826818449317713,0.18594254740059535,0.19594075161627642,0.21383499162238506,0.21735238714025193,0.22612415309003736,0.22642938307084873,0.23230864950343014,0.23315975125460514,0.23773636475364912,0.23920955924181825,0.24021901903814982,0.23791538409365834,0.23869316335182783,0.24031709794650813,0.243424207094851,0.2495038013560667,0.2512725485819845,0.2537214062840525,0.2619974294117907,0.26918450945931677,0.27411661610687593,0.2858461317131546,0.2907201330601119,0.2982779764088766,0.30386477299542325,0.31279396533219683,0.3211170882822919,0.32269154276046297,0.32767782794628963,0.33130218653655114,0.33135771694026034,0.32867646478816354,0.3223463560200654,0.3203065458169758,0.3093974349722923,0.29792200009411984,0.28669822972580394,0.2711098062599887,0.2592571076857436,0.24808354677693775
0,0,0.16016968083426344,0.17017203596875827,0.17663886012435107,0.1817124226215319,0.19448469680145808,0.20012368217670537,0.2045871012356326,0.21044632425726945,0.2158324241402613,0.22255337429597924,0.226185023042762,0.2282372503753907,0.23297669566387114,0.23574068385069413,0.24072694534498765,0.24439487295662696,0.2463227206865499,0.24974809348600885,0.25294572395734355,0.2553771410596448,0.25917525343506165,0.2632415751002171,0.2656754499226906,0.2673985378929806,0.26989070690502776,0.2671373381570701,0.2734507782441226,0.2764560281531542,0.2799611914541864,0.28929025203455433,0.2928370428123259,0.3027616017955094,0.3075299011193703,0.31800799758279014,0.3284774329841996,0.33421941567050417,0.3507470670100784,0.3558021229503865,0.36009537582492285,0.3642521080525151,0.3666043973955935,0.3692932178345541,0.36638554659773287,0.36280811493153536,0.35667793659892255,0.3382842081327998,0.32676081286054276,0.3094082846784207
0.12825086566493246,0.13481193668812547,0.1421607219688126,0.14898548367596218,0.15775862074219751,0.16245020546466504,0.16903592025607314,0.17193004306080734,0.17716679492764917,0.1843789937251502,0.18765080235912504,0.1944520226886122,0.20500894095546635,0.21212861543736494,0.2151037506801199,0.22182769640449157,0.2313194296799882,0.23901008041397914,0.24235281219952817,0.2484890913866206,0.2538143961997069,0.26041818133077504,0.2621309570179864,0.2655930249060114,0.2688501129585296,0.2719487425479407,0.2747726899939318,0.2732202466017278,0.27783248917939424,0.28281182010275646,0.2856930205279256,0.29194050844147784,0.29506405390934287,0.30335007819989007,0.3083174078082531,0.31947862395649756,0.3346189352543337,0.3433073125844424,0.3560507883594065,0.3691951241780674,0.3812464784403332,0.3972406835431835,0.40243876103041953,0.410043255069368,0.4184104262671074,0.42075272177103973,0.42736781964469506,0.4272584923307978,0.42326130541191054,0.4199853427360245
0.07131755830389336,0.07895469745891164,0.0839151702564859,0.09274131288630254,0.10439197552663051,0.10760563150110974,0.11297922753871417,0.11791272332603348,0.1290638281145661,0.1375780934045983,0.14276240352261105,0.15067975116064833,0.1550361230723763,0.15722461520588973,0.17504928465112876,0.1783487064261971,0.19201563198162522,0.20699608708134234,0.22027097305731064,0.22850767838676678,0.2335738491821245,0.24216326359200283,0.24877731941656342,0.24672059254420126,0.2601485925845567,0.2685053768932499,0.2716961814008615,0.2798464303692777,0.28284410521207953,0.2860514113200378,0.29094178918607055,0.2949381348569663,0.29957355876106806,0.3008380989055942,0.3174277821986056,0.3234006616348974,0.33733511207652406,0.3478648561402537,0.3652934597065742,0.3766674843319856,0.3913865265575056,0.4205352933695267,0.4331522661601526,0.46666185378676833,0.4905577968158939,0.49941878610459245,0.5191774845676895,0.5269945291548926,0.5318633452018223,0.5415566999201035
-0.10142615117978238,-0.06999415199351991,-0.03919081269848175,-0.014366633176768895,0.002167012063432288,0.015023278058635675,0.02338944331573529,0.025513889176590702,0.040210327523214164,0.046459218217769396,0.050309061278567976,0.06437751368772221,0.07697380816073833,0.08584718896474693,0.10635707125872287,0.11661252443562914,0.12360398757987501,0.13606695150220893,0.14919492689445868,0.16024837006150192,0.18375345571124566,0.1869408882164257,0.1980094686541638,0.20715671381359135,0.22060501867182153,0.2351346025076507,0.2457607859840006,0.2592068483141577,0.27048233361915053,0.2793409486477157,0.30011737218701023,0.31124246448564735,0.3140334472998306,0.32248214910998574,0.3296452019297037,0.33987953238812774,0.3575911498322789,0.3670727943037365,0.38375399408820254,0.3906942949664273,0.40232079383608355,0.42730535475622916,0.44313387910547086,0.47428082162180396,0.5008482347806308,0.5172351488849602,0.5475491894422364,0.577224685020228,0.5853319818481237,0.6027495642083771
0,0,0,0,0,-0.08875108410729217,-0.08249956586964097,-0.07529851679342998,-0.051101523711609746,-0.052336569862822854,-0.047817437996938016,-0.019348326057885706,-0.011342382965033529,0.005008730393251251,0.033437489299184595,0.03667840416731229,0.04252241494116491,0.07152475983699495,0.08563512336578247,0.10861025880249081,0.1260906337776277,0.1352550312901439,0.14520988017238462,0.15776061937897934,0.18446296110052127,0.19786667207882344,0.21947790377383683,0.23696186177331685,0.25649450764144804,0.2672443250460648,0.288960236401409,0.3019089617258947,0.30886157876833387,0.323771322365411,0.32953894266569045,0.34160347932514745,0.36129806822524974,0.3666493491005437,0.3775785455571133,0.397241700857385,0.4095499181168219,0.4272611895508903,0.44201610176326595,0.4880170479674178,0.5072776828132389,0.5256030859250536,0.5592996227782984,0.5921191552951828,0.6140013571023227,0.6453357000350938
0,0,0,0,0,0,0,-0.16750680787143374,-0.17436205780941144,-0.18430120198771005,-0.17731773287200758,-0.14252795171619953,-0.1389782382772669,-0.12328794432301467,-0.08624267342464191,-0.06934429262578942,-0.06301787910320654,-0.03916407151412456,-0.027729653782123904,-0.019931450397227855,0.018491180322277614,0.03749322490206913,0.050822839001270916,0.07301080881211175,0.1048235272440949,0.12494057058404222,0.1415707462532958,0.1524573496462162,0.170439314011305,0.18595477970651736,0.21052132159780013,0.2344583983852911,0.24892156456321712,0.2797294984696914,0.30364878816955826,0.3171223561439248,0.33259987797031976,0.34179495249383973,0.3557271303953267,0.3808453717828978,0.3906942587201024,0.4041784744098811,0.41933726318324915,0.4424827075217114,0.4610417472555651,0.4833288348443504,0.5195023648667065,0.5506880040341375,0.5762509699069308,0.6237370181271216
0,0,0,0,0,0,0,0,0,0,0,-0.18553953177533447,-0.173030410905058,-0.19111109404242968,-0.16570882012128654,-0.1626771527611061,-0.16153857375143665,-0.1283391680187262,-0.11884834234114228,-0.11143794595162206,-0.08072484618769975,-0.06732919359535933,-0.05066286835068977,-0.029946580731137016,0.008081644039338682,0.03043722110692722,0.04574668870106888,0.08679653118148371,0.10905852896919926,0.11253610473599439,0.12662670328810835,0.1675870418763826,0.1851351345629252,0.2258161442133067,0.22681600480733893,0.2520223041349226,0.2834214169740606,0.2915497397802304,0.32784611021532434,0.3893629232103055,0.4287403550104326,0.4645400808164279,0.49938893717060845,0.5179243430247596,0.5609868440364046,0.5766458108687386,0.6162334382424233,0.6547263336404487,0.6914926167207445,0.7449290227656601
0,0,0,0,0,0,0,0,0,0,0,0,0,-0.17508195737067764,-0.17319905437064348,-0.2607448134108855,-0.2672241236730808,-0.21198487095957896,-0.1989672560787387,-0.1828894533987302,-0.16266731693138473,-0.1501245199075837,-0.1514410880773698,-0.14262479178994344,-0.1144334571129974,-0.0989658648734472,-0.06672937014600945,-0.027829127229454305,0.003998483635654759,0.03023119486504965,0.10526664358105836,0.13045852829629273,0.16240968803979558,0.22499528552615583,0.26333519740720246,0.28561623335866126,0.343313690478979,0.3733312240097726,0.400521185991714,0.4316726559904936,0.4664174580980845,0.5214710511546382,0.543596290096925,0.6151729547614173,0.6545035158957787,0.6870518019928017,0.6796092174415426,0.6931620601535132,0.6952823991799206,0.7332906336389693
0,0,0,0,-0.21870620122189896,0,0,0,-0.19443000530299376,0,0,0,0,0,0,0,0,0,0,-0.25275935866157523,-0.25461531993326947,-0.18997389812241347,-0.1575583446811324,-0.11369189389676528,-0.05576056470356819,-0.005539382516102322,0.005121920562945692,0.03861050552930148,0.07638009682181555,0.10750305937608547,0.14435379780177182,0.16672703929703447,0.1647332546788267,0.15223956515434406,0.16569331676066149,0.20776909618803635,0.29658516095104753,0.35353431272390023,0.44553193458855256,0.5811812566128401,0.6101071210172698,0.6517143197463535,0.6819329181371876,0.7490593117359686,0.7936909528789996,0.8241247043628473,0.8939985590343845,0.9713227061415947,1.0477797476816155,1.1237932483629598
0,0,0,0,0,0,0,0,0,0,0,0,0,0,0,2.9606684520595035e+38,-0.15529801698997606,-0.19493325980884024,0.0552669850219663,-0.08376840686867798,-0.21010965564186998,-0.2750406869916785,-0.37674213814201807,-0.34906811423686385,-0.15473064399335737,-0.08149965772757281,-0.01345229774208952,0.098970662981394,0.15590301330284945,0.2134641967635415,0.3828621059277159,0.4083336780289322,0.41576702666715015,0.39979184922904487,0.3824850591001964,0.40694864884447,0.49848161365137494,0.511033337691642,0.5478000182374275,0.7228436349601493,0.8125800437131111,0.9507385860726727,1.0505544544325403,1.167850275075832,1.2448628518803047,1.3076657192057017,1.3578449913014456,1.4080701778351514,1.4370042624515165,1.4744044686325817
0,0,0,0,0,0,0,0,0,0,0,0,0,0,0,0,0,0,0,0,-0.2742346740454209,-0.353021655736405,-0.4595338797380701,-0.4762124874056727,-0.3996677278555384,-0.4077703933830835,-0.34899385943619055,0.10324926521975286,0.07689057447225355,0.17711273963192398,0.4807353610892274,0.5254829308339249,0.59536285873707,0.6754081905969491,0.7689368308061458,0.8919083593074559,0.9402453914898556,0.9260467430790651,0.9495025989138498,0.9899932703868461,0.9984659290014134,1.0075716368607306,1.0463615401961557,1.1145110511599716,1.1595567856086875,1.194247880307259,1.314144957124682,1.4294303118306964,1.5511262302733804,1.6258985601371516
0,0,0,0,0,0,0,0,0,0,-0.37438108618166166,-0.42970294672509246,-0.4589080034180448,-0.4778458308649902,-0.49508780562911164,-0.5087557651381233,-0.5395638119232448,-0.5579842530690511,-0.5702917655741396,-0.6075624087964955,-0.5560025832548836,-0.5782322897128024,-0.6884251959022265,-0.5413879470196845,-0.17855542030554084,-0.015733160263853838,-0.09678444920238415,-0.20886626510961184,-0.09091606467578144,-0.0007886917072537405,0.10658719855191384,0.3317270631811081,0.5484731641135835,0.6449583999963124,0.731796566702065,0.7979430553166585,0.9279683677308409,0.9688535705891521,1.0132701613105983,1.1140820896519925,1.1892372591703022,1.268730484364637,1.2902455333826781,1.3304276539919246,1.3404246663001325,1.3464476804953924,1.3846527727846762,1.4833125647525862,1.5257876535851742,1.5565995117630906
