jsons/1312920000.json
{"header": {"parameterUnit": "m", "parameterNumber": 3, "dx": 0.1, "dy": 0.5, "parameterNumberName": "Northward wave", "la1": 40.97354507446295, "la2": 16.46031188964855, "parameterCategory": 2, "lo2": 133.9931640625001, "nx": 191, "ny": 50, "refTime": "2011-08-05 8:00:00", "lo1": 114.97908020019554}, "data":
[rows 0 to 21 of 50, columns 98 to 146 of 191]
0,0,0,0,0,0,0,0,0,0,0,0,0,0,0,0,0,0,0,0,0,0,0,0,0,0,0,0,0,0,0,0,0,0,0,0,0,0,0,0,0,0,0,0,0,0,0,0,0
0,0,0,0,0,0,0,0,0,0,0,0,0,0,0,0,0,0,0,0,0,0,0,0,0,0,0,0,0,0,0,0,0,0,0,0,0,0,0,0,0,0,0,0,0,0,0,0,0
0,0,0,0,0,0,0,0,0,0,0,0,0,0,0,0,0,0,0,0,0,0,0,0,0,0,0,0,0,0,0,0,0,0,0,0,0,0,0,0,0,0,0,0,0,0,0,0,0
0.0699647068643407,0.10048684024919687,0.12146352283195914,0.12461761847513,0.1577214822589417,0.17644879905823174,0.16444514502328125,0,0,0,0,0,0,0,0,0,0,0,0,0,0,0,0,0,0,0,0,0,0,0,0,0,0,0,0,0,0,0,0,0,0,0,0,0,0,0,0,0,0
0.1390491969767549,0.18017639937304114,0.17172927277428482,0.15904096789413757,0.16420906341675762,0,0,0,0,0,0,0,0,0,0,0,0,0,0,0,0,0,0,0,0,0,0,0,0,0,0,0,0,0,0,0,0,0,0,0,0,0,0,0,0,0,0,0,0
0.17727513815119805,0.15796563342489672,0,0,0,0,0,0,0,0,0,0,0,0,0,0,0,0,0,0,0,0,0,0,0,0,0,0,0,0,0,0,0,0,0,0,0,0,0,0,0,0,0,0,0,0,0,0,0
0.17302836732516066,0.17914609111203222,0.18939316937544978,0.17455919466502673,0.14745180804954985,0,0,0,0,0,0.05276064783122544,0,0,0,0,0,0,0,0,0,0,0,0,0,0,0,0,0,0,0,0,0,0,0,0,0,0,0,0,0,0,0,0,0,0,0,0,0,0
0.18218580236748735,0.19990548973571248,0.20663221808743204,0.21701593696500293,0.23238589510776272,0.23398304815388374,0.23200207643646753,0.22909046807970626,0.22568906455787216,0.21361645726761486,0.2164449548039706,0.2193172670806426,0.2193662241556868,0.2367331281022136,0.2483194641660314,0.2681136118873829,0.28250052534736475,0.3043534699720295,0.26511800545151315,0,0,0,0,0,0,0,0,0,0,0,0,0,0,0,0,0,0,0,0,0,0,0,0,0,0,0,0,0,0
0.2279845837362202,0.2368844796376086,0.24619700973171948,0.2633203338789163,0.29952060024216054,0.31043651741696066,0.3151816365083043,0.3284748497713989,0.3293910016056094,0.3358125471496759,0.3505045809941817,0.369628614969218,0.38236939231148986,0.374109662124977,0.41846616161459377,0.17541538448718774,-0.012054749544297612,0.08906689226782197,-0.08083084476700195,0.06679383218642494,0.08247766011205106,0,0,0,0,0,0,0,0,0,0,0,0,0,0,0,0,0,0,0,0,0,0,0,0,0,0,0,0
0.2575474265604678,0.27732045194620053,0.29113953167608386,0.3005089043880773,0.31733222362653635,0.3345447396529192,0.35477741536640345,0.3770393536668912,0.3951572930909618,0.4041279537225347,0.4274280286798484,0.43890738070519714,0.45639269648418407,0.4697662510609061,0.47367077143035735,0.4724344023130325,0.4766610666037501,0.4523016801634712,0,0,0,0,0,0,0,0,0,0,0,0,0,0,0,0,0,0,0,0,0,0,0,0,0,0,0,0,0,0,0
0.2560928309138032,0.2984194751400611,0.30257407443258455,0.31067798157257576,0.3218654448218047,0.3317239513399883,0.3324152505945946,0.3789144315901615,0.39467185633449636,0.4116188875231906,0.4327535298996053,0.44307360901348375,0.45601484312918694,0.4729577122212218,0.48942173377072734,0.4930223588624017,0.4722460974024706,0.39093283069806045,0.4328665085866499,-0.4096066812189037,0,0,0,0,0,0,0,0,0,0,0,0,0,0,0,0,0,0,0,0,0,0,0,0,0,0,0,0,0
0.273598841761717,0.29118288078618404,0.29256001487397537,0.3023469149494838,0.336455156724854,0.3509931294538901,0.3594635851014618,0.3877728142161067,0.4076214179131701,0.4470843913900028,0.47896037485856663,0.4912466467668292,0.49672102745956126,0.4986347275900501,0.4583114513651707,0.48813323397487896,-0.4240276131842755,0.12135630794652785,0,0,0,0,0,0,0,0,0,0,0,0,0,0,0,0,0,0,0,0,0,0,0,0,0,0,0,0,0,0,0
0.2077720396597666,0.25014077208294977,0.27549761355904984,0.31256947702905424,0.35517796738892127,0.37489759457606514,0.4027623438260415,0.43821760062107046,0.45324475061271285,0.46835707061299137,0.49778003795892767,0.5123623002696431,0.5211487266523561,0.5355479874213424,0.5333007583752529,0.4939578810879168,0.3125196426193498,0.19096393157967806,0,0,0,0,0,0,0,0,0,0,0,0,0,0,0,0,0,0,0,0,0,0,0,0,0,0,0,0,0,0,0
0.15682314174097625,0.19487586381888866,0.22476153210207964,0.24353124746642554,0.28436287488410766,0.3022559216618448,0.33685554367179815,0.40133788037548185,0.42910446624698034,0.4628570382833682,0.4920023500666313,0.5059952449954992,0.520840474593405,0.5317622309869905,0.49748882755423385,0.5237176608565062,0.35175655639149384,0.21727765253939724,0.10814275483796522,-0.07745720994226363,0.007219254429120795,0.04268634253312313,0.04974500883693353,0.07441695631144973,0.08372955181871686,0.08818562727842531,0.09664527724729258,0.06938152431960205,0.07884848508330163,0.1059745891336965,0.15615816726935605,0.17271704986898334,0.19558147361894998,0.23000816979987493,0.26670735488081165,0.281821223863428,0.31433887040356856,0.32416491192930885,0.34797006544342285,0.38799796527245584,0,0,0,0,0,0,0,0,0
0.11547588028094817,0.1854650093745624,0.208670566946109,0.2251988289733455,0.26199984495940704,0.28684840140651535,0.3130926987938993,0.3739153753170755,0.39066988771692973,0.4259027515110139,0.48793837363982345,0.5053523978121451,0.5296741637349616,0.539213142170162,0.5424469523894416,0.5153179466794876,0.4653692847798148,0.2971494519273836,0.48044170038249934,0.38150888317102744,0.44864712634127774,0.4671765602548441,0.4974809580844768,0.4399890936548144,0.4493519944929838,0.44539901645725427,0.4373197603766548,0.43950542682110116,0.4687165534152544,0.4677680010188394,0.4337976923497085,0.4430225082806941,0.45877734846483925,0.4666512533201963,0.46938267871174433,0.4668187991732864,0.45992911632905176,0.47660260779885966,0.49734652074698293,0.5131770334220773,0.5119354389770344,0.5158231643196752,0.5282585809623193,0.5283713598679759,0.5287074313664353,0.5433004464478512,0.5351641817630016,0.5198594653428982,0
0.11218783213558337,0.1617956738947437,0.16136634551153498,0.1545367636998837,0.16273779376986452,0.2024813707436007,0.22386360401452657,0.28589030260515474,0.3096945945924118,0.37025191549554004,0.4317224439321449,0.47246975116945017,0.4247859880825971,0.10028906218205579,0.22556818195788775,0.30521913652127336,0.2660972945803616,-0.030349307311237157,-0.24707161409321735,-0.490149647733442,-0.4668798203545823,-0.3959562844717692,-0.3305315661550109,-0.07174086562912411,0.08469010353932147,0.14871259825322727,0.31448926355322593,0.35544366371519626,0.4145765409351054,0.4493173153755767,0.48033460213486656,0.5170124949282408,0.5386519617281189,0.5512204020659366,0.5591932649309288,0.5684480141556099,0.5732277955303017,0.5798067385546241,0.5841180618786441,0.59201462347104,0.5982445476194719,0.5957914904170716,0.5987912845599219,0.6013144191499874,0.6020242810748215,0.5651420903882465,0.5631456488883998,0.5672562985147921,0.30613543717045644
0.13566781144362589,0.1443044754151881,0.17200557788949025,0.182057316756641,0.20272132404422225,0.2201563707641377,0.254677605319813,0.2621781503248496,0.2985291500127436,0.31346485525397527,0.30537331980027677,0.3337562271955681,0.33751868268726537,0.38026926565891317,0.38590478000052447,0.3613285262651588,0.33330432671700444,0.288940815864187,0.2653280108396228,0.27139962191345557,0.2733624985562497,0.3163109283200203,0.29559553958745466,0.3195663026935923,0.32325628653728233,0.357138744673085,0.3866105692853354,0.40378979825864414,0.4260810527998684,0.43894020673406503,0.46341886686079653,0.4974192591958538,0.5246092251497434,0.5402427421518746,0.5616092853875303,0.5749423835960219,0.597488575856513,0.6021736652875083,0.6049282827690643,0.6043715788822662,0.6027959645216958,0.6036443828642769,0.5795404344742404,0.5895426835431204,0.6183913703838743,0.64422616677708,0.652861208765979,0.5743773296560599,0.5320764942688521
-0.054723976120037175,0.05700296623628251,0.07949382866168717,0.0942244468061448,0.09699022509882006,0.11584437555845213,0.12361628305973893,0.16273953682297485,0.1805365195885126,0.21394308700890413,0.23491303026169075,0.24825349178176306,0.27107917821521266,0.2848507430118077,0.33525233564716145,0.3627914873332844,0.3715204931357711,0.3842931278082502,0.3865853589611829,0.39070566213905206,0.39452534577868315,0.40003971058520194,0.42585096759766494,0.4556685958073012,0.46870785334039844,0.48740402514692244,0.49333088911556033,0.49599543182786193,0.508648090452595,0.5327821713210286,0.5353555217754198,0.5601087138958932,0.5777245363854061,0.5973601008798447,0.6016974308100367,0.610593724490939,0.6149190468591175,0.6245552239456467,0.6297842792642915,0.6334626088660255,0.6434682353532611,0.6515903296037533,0.6525342332668609,0.648534139760244,0.6474251359363031,0.6654085463511502,0.6617809804289857,0.6486781328587511,0.6458609331206702
-0.13852064940887746,-0.09251578759683743,-0.08962277441196961,-0.08800346333565263,-0.034921263941799965,-0.026036218269990596,-0.030556182501410324,0.05136865470736182,0.04678657768511462,0.08636388582461656,0.16954483306239249,0.1752733013071885,0.1943020521182815,0.204638804294251,0.26642561002273746,0.30467149771053675,0.3224245862253608,0.3519528859584837,0.35185067385820157,0.3690451652047516,0.4048920682534592,0.4171551689320946,0.4242003585544493,0.4305882487313112,0.4338236073007768,0.4371498925205363,0.48555394355887954,0.5119144155632315,0.5177061509922152,0.5364689277898291,0.563832825803631,0.5830363459747038,0.6003084107611826,0.5928769881369369,0.608664068309862,0.6161131392740185,0.6369865233814582,0.6618351942138907,0.6666852825480669,0.6653924134475342,0.6734507914161032,0.6663269108849835,0.6587305226326792,0.6680769515781952,0.67187375093935,0.6821972105162032,0.6828746039862101,0.6928053258001738,0.7187702205101872
-0.20983028361115613,-0.1236650719380258,-0.14323282809372112,-0.1301625249499456,-0.07923009109147054,-0.05750864703733545,-0.027620993509806603,-0.0017354826775684347,0.026798957992102933,0.05258281875735312,0.1616153356955373,0.16101294070147307,0.18710712456703707,0.19350630595859364,0.2139012758203452,0.2380708107521673,0.23764067017613485,0.24508921531497815,0.3032236596238262,0.3448931139192861,0.33370398353394215,0.32105570440697184,0.34294677620167513,0.3830044469851676,0.3860155135857833,0.3997250360869283,0.42389381404280096,0.4387683523867413,0.4484531432978173,0.45164069514512706,0.4941329610660486,0.5192792923985126,0.518975395508637,0.5998243871094047,0.6114700885447479,0.6291896979434493,0.648817385699837,0.6619239783869884,0.6582007124830864,0.6533671350186666,0.6468529356745335,0.6511529271842392,0.6615841501533472,0.665580697632286,0.6717508713166288,0.6880558410378912,0.6991637020301604,0.7051125206422078,0.6914023183266291
-0.24637104534798066,-0.2894796779527205,-0.26369257117945477,-0.23886414201450826,-0.17768254349405585,-0.14486345955476904,-0.1263044620104309,-0.07388395068196624,-0.03387442273354605,-0.02650101333755386,0.020968773451902775,0.040581664066329355,0.061884660457267066,0.07511900935181526,0.15365471836664135,0.18001424076530761,0.20905731033696404,0.2678031094109429,0.23856984446233512,0.22126757491402677,0.23379283348021504,0.25525070176098225,0.2932790732794259,0.28035749119517117,0.2785261067708837,0.30555091480102264,0.34293765369147433,0.37963654026142607,0.40295004720228683,0.42298739829506565,0.4427723571486025,0.44532485481166306,0.4577370952458602,0.5671205755778475,0.5642936206998448,0.5585241231477961,0.5627925234588264,0.5693017399430512,0.5819972462631343,0.6181815724760268,0.5979870961976343,0.6010881339744241,0.6469456859317163,0.6479388445852423,0.6595672916197441,0.6700662047424761,0.6630692916530393,0.666354013360412,0.6814551571681262
-0.3009677361518089,-0.25751660277184546,-0.2240602291969943,-0.21853382813873204,-0.1985917413391158,-0.17422447984197478,-0.16068266362775532,-0.11620765873899823,-0.09073956420232504,-0.06792080859067322,-0.04014779684280509,-0.034357312597598166,-0.0072031208899220505,0.02051626381770949,0.06587214639111681,0.08357713272083725,0.14197398499379238,0.19462556399976716,0.22999831888155597,0.25041292656404723,0.2239044383526887,0.21887086115189805,0.22022441125214348,0.18575562563669754,0.24435824082475668,0.2963134680939457,0.35231041308533156,0.37944709880685823,0.3740285155908392,0.37980703643197866,0.42566016022452696,0.4513324113065626,0.4751357520582989,0.5270154544669815,0.5463309295011979,0.5706061403878637,0.5888494758271418,0.5928514788113538,0.6075760181815961,0.602900460652428,0.6153631761475423,0.6236083430894392,0.6079441932520451,0.6018050206085869,0.6048632611970837,0.6352753515335866,0.6451538597600772,0.6678104145506262,0.6844741086302613
