jsons/1312552800.json
{"header": {"parameterUnit": "m", "parameterNumber": 3, "dx": 0.1, "dy": 0.5, "parameterNumberName": "Northward wave", "la1": 40.97354507446295, "la2": 16.46031188964855, "parameterCategory": 2, "lo2": 133.9931640625001, "nx": 191, "ny": 50, "refTime": "2011-08-05 8:00:00", "lo1": 114.97908020019554}, "data":
[rows 0 to 21 of 50, columns 50 to 99 of 191]
0,0,0,0,0,0,0,0,0,0,0,0,0,0,0,0,0,0,0,0,0,0,0,0,0,0,0,0,0,0,0,0,0,0,0,0,0,0,0,0,0,0,0,0,0,0,0,0,0,0
0,0,0,0,0,0,0,-0.001304129507547841,-0.000529134068052717,-0.00011690957558541404,0.00017950140434777747,0.0006169989636476651,0.0006238131161788851,0.0006891322715804942,0.0006719004686801245,0.0006392326265418818,0.0005091427675353982,0.0004954914637173217,0.0004480739605185601,0.0003275703951108535,0.0002642505719368552,0.00025893096664878694,0.00021238596467998164,0,0,0,0,0,0,0,0,0,0,0,0,0,0,0,0,0,0,0,0,0,0,0,0,0,0,0
-0.021143346153715596,-0.017233638665636878,-0.014720745471662047,-0.010195162182869259,-0.008285707871957605,-0.006449688666045979,-0.003930218532541713,-0.0034369692915512205,-0.0017402950389987242,-0.0008428547117439992,-0.00013827736312481295,0.0005322535624399105,0.0006524370378960055,0.0006611705549508386,0.0007040443612681408,0.0006370625085809983,0.0006220303170664889,0.0005763549905653773,0.0005146019100784588,0,0,0,0,0,0,0,0,0,0,0,0,0,0,0,0,0,0,0,0,0,0,0,0,0,0,0,0,0,0,0
-0.03824525534983381,-0.03602986048598067,-0.03409281019418676,-0.02961899265208216,-0.025249906761954693,-0.023132547482027928,-0.015747497548901607,-0.01217364888863374,-0.00916686633870147,-0.005279122791125697,-0.002173137304553191,0.000648871915253083,0.000506506466941276,0.0005174177051786202,-0.00041657770293027405,-0.00022314463177559843,-2.4789656884343882e-05,0,0,0,0,0,0,0,0,1.2932625879285108e+38,-0.05067862878014983,-0.04800324166757464,-0.046431657055581346,-0.04386175327490826,-0.0405418872948996,-0.0364659926674473,-0.03463117374669996,-0.029839246526912187,-0.026288958850062053,-0.02493285866313319,-0.020418422872902298,-0.019099250076632473,-0.01584685144709915,-0.012111813213600695,-0.0089494642924147,-0.007251529741208601,-0.004523111355181041,0.0002714359053453121,0.0029608568412790915,0.005232610952340677,0.010090952062504674,0.011033069998249658,0.01190211062238461,0.013334097625889925
-0.047164071576218665,-0.04710736672508346,-0.04816429609712221,-0.050199308017650865,-0.048697396666578366,-0.04921409194188198,-0.04947963704669512,-0.04982170949014276,-0.046613430496766556,-0.02968390992459058,-0.02421425172575139,0.0007108993251166557,-0.008900524760240672,-0.008736740292496223,-0.01125651815698452,-0.0298818599074182,-0.07206067627338733,-0.08493146660056038,-0.06788375644843306,0.03451684334803028,-0.07680967117923496,-0.07559234788112765,-0.07590086815759478,-0.07539843868105268,-0.06965608468532195,-0.06792254601262854,-0.06540170472304688,-0.06231819105760643,-0.05928057270332153,-0.0582003984017483,-0.05357887499449436,-0.05184896554439556,-0.04745419363996973,-0.04305724858330941,-0.04004191980224978,-0.03655063144493823,-0.031203986709072717,-0.02846676095081831,-0.02573604419350171,-0.021534098367202475,-0.01893852275556954,-0.016632100097774195,-0.012910583094064164,-0.008935014176498092,-0.004544016401295853,-0.0029023001651328414,0.005675728942994347,0.00864368237175526,0.010444798180093532,0.015608687035157024
-0.04469392552769053,-0.044673151187153384,-0.04601133721339526,-0.04803671440338907,-0.04908622183722928,-0.05064999841346414,-0.05368289600004507,-0.05561091393380213,-0.05559543306281772,-0.059239979690077896,-0.060896148845254607,-0.061039733334800374,-0.06590350088937205,-0.06809473822741106,-0.06687788012985982,-0.07141135066687561,-0.07658084852669723,-0.07878369977563383,-0.07666747689343897,-0.08574439765896644,-0.08145278715113764,-0.08272562455129871,-0.08604306841018507,-0.08533241125786538,-0.08286756606417583,-0.08099726869947221,-0.07917317791848495,-0.07481776409197387,-0.07293942263997538,-0.07216846109272493,-0.06725154193368078,-0.06593875855305766,-0.06249544025011167,-0.059262115076867065,-0.056888588049922,-0.05305492727950694,-0.04501657290937091,-0.040879251758254846,-0.03819324633648589,-0.0313208559309855,-0.028111510362032865,-0.02479115672514163,-0.022011180054750543,-0.018163682718701796,-0.01443283432568027,-0.010731438175772018,0.003127646609370396,0.009012146674967796,0.012175185946081383,0.020755812154155798
-0.02611747887290011,-0.027367044812195013,-0.028446312063657515,-0.030270255049702134,-0.03229555649373089,-0.03245014948787519,-0.03487057899173621,-0.03683000711994621,-0.03912819197489143,-0.04218555188128106,-0.04441828358604846,-0.04694581025038764,-0.05150564687552783,-0.052236529488662496,-0.05542360606994539,-0.05907785550280804,-0.06366370561182463,-0.06604351812206717,-0.06910561334747417,-0.0817612536837176,-0.0763918326497427,-0.08313793468214765,-0.09530071136501281,-0.09685341799252908,-0.08842943833138639,-0.09492810023883216,-0.09449440379432729,-0.09008681758935669,-0.0882140136920076,-0.08805860004881791,-0.08424515832456912,-0.08307787381519514,-0.08158244848328217,-0.07811530881460924,-0.07498192924670026,-0.07225830640383532,-0.06686965243636513,-0.06349929958302081,-0.05837006603990053,-0.050061785175956074,-0.04744505560585337,-0.042404155064100967,-0.03956711720218932,-0.03264030021959472,-0.02765314232756434,-0.024247515622171662,-0.018320773262953623,-0.013390004981647512,-0.009324166931755256,-0.0032141655535277897
-0.0012570905170972912,1.750715113137916e+38,0,0,0,0,0,0,0,0,0,0,0,0,0,0,-0.018919858263373585,-0.0139510412080772,-0.012940948804507302,2.3461799629569455e+38,0,0,0,-0.04294474345398655,-0.07935172546293497,-0.11263377185892243,-0.11364630251015763,-0.10306542850522334,-0.10099591675712888,-0.09864563264830371,-0.097097461659578,-0.09698771897638034,-0.09601601524268495,-0.09303713457748532,-0.0901906736132557,-0.08976427446459469,-0.08594832465407545,-0.08411849005088218,-0.08252033519551578,-0.07730320336175081,-0.07472601771549588,-0.07199447885849386,-0.06975418783037894,-0.05660102618394072,-0.05254668234317376,-0.048334505362717585,-0.040129339482044106,-0.03506437739068381,-0.031617096792875145,-0.022355809102773377
0,0,0,0,0,0,0,0,0,0,0,0,0,0,0,0,0,0,0,0,0,1.6768082957027907e+38,1.6805014026392015e+38,0,0,0,-0.12248064711471374,-0.12332690506648573,-0.12307940290993004,-0.12313778837654611,-0.11913059418310235,-0.1196902825053989,-0.1185866571750371,-0.11594867216833399,-0.1153313657284761,-0.11386974545181029,-0.11086688749611485,-0.11142134671476905,-0.11060658070466545,-0.10838317628120708,-0.10685620972306473,-0.10516241991487696,-0.10257706918052238,-0.10102058702950246,-0.0965300514082373,-0.0943397905743653,-0.09093756113150413,-0.084157972641021,-0.08082620217078279,-0.07768195257766104
0,0,0,0,0,0,0,0,0.0508476500932668,-0.148686953082646,-0.1512577995075561,-0.15191051847509943,-0.16234718719597435,-0.15901120676463684,-0.1600161206942667,-0.15661263525773744,-0.15453844444495346,-0.15284135718150652,-0.15267459027635719,-0.1488978981341684,-0.15028973410053884,-0.1485115372829585,-0.1483335594500053,-0.14876774624634806,-0.14932084936934592,-0.1504176698533634,-0.1502934449724379,-0.1501951582117357,-0.15044072443514334,-0.1504599660668759,-0.14955289305566927,-0.1498821647467655,-0.1504686788813823,-0.14943524868783,-0.14861921090487593,-0.14958759306286207,-0.15114348857562232,-0.1515820926715108,-0.15106337230322514,-0.14905572023438934,-0.14752364495464157,-0.14622796899630383,-0.14213553524334627,-0.14456659741406036,-0.143215243431255,-0.1406795683710651,-0.1395441906760621,-0.13949174690868824,-0.13853569287601253,-0.138937381426278
0,0,-0.16368962462664155,-0.1732110422847568,-0.17432897896397703,-0.17909928025732644,-0.19004590227167323,-0.19421359051815618,-0.19409963655016763,-0.196903920777849,-0.19681169025601852,-0.1949738444108965,-0.19579001252350378,-0.19569837825035843,-0.19415068692633014,-0.19358427458769958,-0.19390729989731967,-0.1890643588564628,-0.1881939291066227,-0.1851006601953777,-0.1847664651052455,-0.18460690888366924,-0.18599699319043547,-0.18647981526558072,-0.18674180737031254,-0.18758876903158353,-0.18946892060872156,-0.19281688185397006,-0.1942658435483962,-0.1955171685293695,-0.1936871432521376,-0.1930724256908899,-0.1933444446486974,-0.19384405910755184,-0.19482835609510227,-0.19579935673514937,-0.1973746598047625,-0.19754895281190654,-0.2005295008597196,-0.1976129630337608,-0.19713910419395952,-0.19821014183375502,-0.19625329648490233,-0.19736587128590716,-0.19494834727076585,-0.19413561870302656,-0.19012361493448174,-0.18541510248578125,-0.1805067153260675,-0.1802415630143049
-0.19095604102502425,-0.19495642350918435,-0.1974673355187494,-0.20993218969256378,-0.21039645727195533,-0.2133059988712231,-0.22009328351035604,-0.22149104264218034,-0.22274305463469618,-0.22697213396529334,-0.2329559776810857,-0.2339260915483558,-0.2421521296825769,-0.24104292097174848,-0.23876876766741695,-0.2392676744446236,-0.24116485864521112,-0.23884672416620964,-0.23834821324650887,-0.23285397305172967,-0.22951065989589625,-0.2285179366006117,-0.22674965767154143,-0.22484726275761946,-0.22048533725705352,-0.21999479089554375,-0.2207071912246496,-0.22255116304055808,-0.22388865863547125,-0.22685033804430113,-0.2326628828562421,-0.2310082278411774,-0.23073387997748554,-0.23146305384482166,-0.23208482492430796,-0.23503547573972683,-0.23973540292428777,-0.24281895880512291,-0.2392783899083637,-0.2358203163950905,-0.23940960127426464,-0.23751789429256678,-0.2346551048159854,-0.23082420351595337,-0.23301126928612018,-0.23668421775496493,-0.23989609090648253,-0.238561316878134,-0.23167407725755806,-0.22981345605032907
-0.20344009173471456,-0.20506867998375372,-0.20869854414924466,-0.22281148426923336,-0.22575515475510466,-0.2300965452918597,-0.24243221942589735,-0.24806259360972396,-0.25044213337275884,-0.2600897315242698,-0.2653766494768028,-0.26677032271693685,-0.27505131596593085,-0.27649701668181476,-0.27379748647283586,-0.2760276060100752,-0.28158892448429695,-0.27971160766014025,-0.27506564908980713,-0.27644409582327584,-0.27272796837312535,-0.27393974230909646,-0.27207287950893544,-0.27130937848993164,-0.2679774582149901,-0.270424490182145,-0.27077001761197195,-0.2734821773242266,-0.27209672799269363,-0.2807115844684077,-0.28771482447954777,-0.28675217778124495,-0.28619697536364985,-0.2836483246710801,-0.28142208181230005,-0.2781706578052863,-0.28074926311509907,-0.27885869960309634,-0.28121664819037784,-0.2761110092227426,-0.28135905447406756,-0.28836725964696985,-0.2905578072612384,-0.29440518460248316,-0.29707688158673423,-0.29545063496067764,-0.29092301422820466,-0.2924058660284227,-0.2935498459453271,-0.28967878075996234
-0.14559085422398088,-0.17812818527779736,-0.19556264708583987,-0.22585019097184367,-0.22956353631440773,-0.23455565881669968,-0.24937226127007706,-0.2551165824823665,-0.25969367984286473,-0.27559784210903443,-0.2817629769180819,-0.2834775013967179,-0.29597087322808663,-0.30110682301557123,-0.305519158388859,-0.30611949457434035,-0.32082497829004153,-0.31748094380305325,-0.3178459316160441,-0.32442557612120987,-0.32421873749296237,-0.32482252406488665,-0.32713341888662434,-0.3289724732075906,-0.32677313832523,-0.3270934235820081,-0.33412052993429353,-0.33712435297214666,-0.3385811842007746,-0.3374822879105309,-0.34228307405199926,-0.34238827003283884,-0.3444276349660733,-0.34652121961643345,-0.3433885823203221,-0.3464441222642709,-0.3468135846336334,-0.34948872860486435,-0.35440160512642505,-0.35657527518493615,-0.3506847061691141,-0.3588669373347311,-0.3567595181610412,-0.35842671734667625,-0.3663758727481532,-0.36390522694215616,-0.3540016018686008,-0.3617196770155401,-0.35791550993679827,-0.3499697718049751
0,0,0,0,0,-0.21627337690908413,-0.2553752050478138,-0.2647142813409719,-0.272120950711881,-0.297092139709158,-0.3045226993650496,-0.3045706336757768,-0.31706906092708975,-0.3196075151783172,-0.3274340211952772,-0.3351584925447284,-0.3474359470683148,-0.3521730321745477,-0.35633512476082446,-0.3640141127157192,-0.36552892749136146,-0.3702710367355034,-0.37803527485110666,-0.37902613422198267,-0.3774217339780439,-0.38480234336051083,-0.3913653591190549,-0.39480899138399705,-0.4039100566722835,-0.41015319092435065,-0.41028702222115854,-0.41632064493133586,-0.4187075342721535,-0.42196722854133306,-0.423101929840674,-0.4269187805324594,-0.42910533390979305,-0.42934944097885164,-0.4299106572311848,-0.43794537115368426,-0.4420846489191068,-0.4473154839236907,-0.45240205319444937,-0.4382495904356889,-0.44450985722760095,-0.44740870404803906,-0.441153833236941,-0.4410511386286041,-0.4431341182786195,-0.4357296736443845
0,0,0,0,0,0,0,-0.17102193517505232,-0.1884855902497766,-0.2174453906697643,-0.2384736214788471,-0.2773519339089262,-0.312691218177553,-0.32878604152652746,-0.3411235349957079,-0.34956190089892825,-0.3665854265511117,-0.37094273088531493,-0.377803003874248,-0.3884073725911571,-0.39615123803846286,-0.40081283282475455,-0.4176817818432698,-0.4275712194783322,-0.42779046030084755,-0.4368245445292087,-0.4432028442316307,-0.4491382891392299,-0.4638375055932867,-0.46721049303851525,-0.47190092857910854,-0.4836444590720253,-0.49087117556829296,-0.49423441044370325,-0.4948112069175786,-0.5062095509278112,-0.5096384474011264,-0.5130537234861196,-0.5171037607896667,-0.5188455747345175,-0.5213673394708508,-0.5294267835551797,-0.5348876523712064,-0.5354350664861383,-0.5434957223197523,-0.5493696587831579,-0.5432762145690383,-0.55395670702228,-0.5612434351961637,-0.5530340440033772
0,0,0,0,0,0,0,0,0,0,0,-0.11587694696163608,-0.1442697988518706,-0.22660370368460472,-0.29347651995733925,-0.32446163187673016,-0.35508436647389857,-0.37004880367482673,-0.38672009020770504,-0.40776270591627606,-0.419237503021273,-0.4281320683163251,-0.4498850285279149,-0.45968664186713687,-0.4678421048094906,-0.4882633100948073,-0.5044168011168669,-0.5115790006154385,-0.5288376322894998,-0.5342003986023264,-0.5406258604080312,-0.5567836810598548,-0.5678041098086795,-0.5820979858151067,-0.5872684911009282,-0.609440346653782,-0.6120665658731017,-0.6169787508879545,-0.6383502694487934,-0.6466565252227422,-0.6524893331232897,-0.6686807837114285,-0.6755415160286891,-0.674237023214645,-0.6902402617531287,-0.6926541270664224,-0.6931845031914071,-0.7053385956863749,-0.7081407886193682,-0.7123090431967424
0,0,0,0,0,0,0,0,0,0,0,0,0,-0.12228942011567615,-0.20855580253417064,-0.24603112513587191,-0.32912430399753173,-0.37944761930082643,-0.40237143868124375,-0.4402213238077799,-0.4558552695866274,-0.46494052257538115,-0.489348789521555,-0.4986731518653726,-0.5138958219426135,-0.5456399604531657,-0.558195774620398,-0.5697177491251886,-0.5921626865668468,-0.6048414409289052,-0.6153795551889915,-0.6424026999022239,-0.66431631031416,-0.6780568892778939,-0.6933981567288212,-0.7172670285262627,-0.7227234493088863,-0.7341801400249659,-0.7635536428373018,-0.7678074263639205,-0.7831423135470079,-0.8004567758034649,-0.8124970381392925,-0.8133553733709848,-0.828250777888091,-0.8341452235426758,-0.8327435086695518,-0.8354609104378189,-0.8334661296462592,-0.8313558915728252
0,0,0,0,0.03818830555483376,0,0,0,-0.07657356173839008,0,0,0,0,0,0,0,0,0,0,-0.37674163157053425,-0.44713694110991714,-0.49616978460698347,-0.5639227292785891,-0.5926679763821127,-0.608079052114614,-0.6572225236874193,-0.6715774086567633,-0.6829430307632008,-0.7119793708227422,-0.7188840570784709,-0.7279518996610542,-0.7409290859289214,-0.7475590937112743,-0.7544961611230433,-0.7701498682161965,-0.7986486030265815,-0.8104058570954674,-0.8245752002951326,-0.854329730587539,-0.8878867749011352,-0.8993749706673901,-0.9248164253540931,-0.942974626919531,-0.9548751929149292,-0.9699205644393692,-0.9833251966538252,-0.9895576656309589,-1.0199009139104593,-1.0231185144732478,-1.0250247459314352
0,0,0,0,0,0,0,0,0,0,0,0,0,0,0,1.779612048602047e+38,-0.08299890707528138,-0.18459554005974796,-0.19738504885375197,-0.18435380594714318,-0.18572980856746776,-0.25801470826770695,-0.45099199554366176,-0.5903607119369295,-0.7035662058436445,-0.7774805795634536,-0.8041147268345678,-0.8208015728706988,-0.8386120853360446,-0.8497172633333696,-0.8675716918411716,-0.8875564083868238,-0.8971324305224163,-0.912870350599041,-0.9156105669889512,-0.925776755262303,-0.9304806059973154,-0.9450595428899942,-0.9677609286363126,-0.9914991613869812,-1.0160091481101714,-1.0764871993285907,-1.1004297978430237,-1.1257451065233213,-1.1675757215377291,-1.1867562920079853,-1.1869324060608315,-1.2195911632285257,-1.2360654636439652,-1.2429507314687838
0,0,0,0,0,0,0,0,0,0,0,0,0,0,0,0,0,0,0,0,-0.26252605249830974,-0.3589653919100699,-0.5158937354398967,-0.6069914402674442,-0.6717134788506309,-0.7894941553874832,-0.8565242541930795,-0.9316248714275784,-0.9672329823366455,-1.0079148287326944,-1.0391774712628385,-1.0597482039411048,-1.0810988691650283,-1.095379012856081,-1.1157248320360054,-1.159559187974586,-1.1686125288147446,-1.1775255816341144,-1.1917335104411433,-1.1961162976086734,-1.2064060305528654,-1.23159494664376,-1.2541881072062837,-1.2692443741389896,-1.3025378819554254,-1.3247319958992165,-1.3619776487640407,-1.4421863076954091,-1.4637812988931205,-1.4779092999927554
0,0,0,0,0,0,0,0,0,0,-0.22582753195624816,-0.2329861586405905,-0.23685670087092922,-0.2475059571638504,-0.27064980080201806,-0.2720188422175465,-0.28836926558922643,-0.31631756427466245,-0.3468589561910697,-0.4013710524960909,-0.4890091214652537,-0.5168802295566951,-0.5290038856194567,0.07712817338815814,-0.5589376322570174,-1.0096738107689578,-1.0033310640756694,-1.0260750853516432,-1.1109090082385251,-1.1280204036512431,-1.150345114366303,-1.22229092517582,-1.2663328145577106,-1.2876399363642919,-1.3177919086857843,-1.358950475873657,-1.390095697643551,-1.4402509058474349,-1.519007827447026,-1.5457166355350436,-1.5710160946373162,-1.6100890628772915,-1.6380765261561099,-1.6649457263099339,-1.67546573819457,-1.6595201072007317,-1.6836092167850767,-1.7638809352077718,-1.774711989682826,-1.7892679083591898
