jsons/1312696800.json
{"header": {"parameterUnit": "m", "parameterNumber": 2, "dx": 0.1, "dy": 0.5, "parameterNumberName": "Eastward wave", "la1": 40.97354507446295, "la2": 16.46031188964855, "parameterCategory": 2, "lo2": 133.9931640625001, "nx": 191, "ny": 50, "refTime": "2011-08-05 8:00:00", "lo1": 114.97908020019554}, "data":
[rows 22 to 43 of 50, columns 50 to 99 of 191]
0,0,0,0,0,0,0,0,0,0,0,0,0,0,0,0,0,0,-1.0032538625652694,-0.4501127596171435,-0.9666636967211746,-0.35539601758926337,-0.3788437534458114,-1.4002950066735558,-1.5245907894638677,-2.606483017135346,-3.021999111485609,-3.4538749417731713,-3.646351962282742,-3.7372567440207534,-3.849947593947884,-4.104626436611659,-4.221078831817905,-4.315365096150134,-4.368135759111185,-4.256523440317885,-4.071895759452845,-3.917406288406254,-3.6307469355712483,-3.110528187587515,-2.7360557072373957,-2.354748349804307,-2.0506302417084434,-1.2606770168909323,-1.5396070798349868,-1.6157078755592722,2.040088017528072,2.1895478703698985,1.6686171877304117,2.4579560408916157
0,0,0,0,0,0,0,0,0,0,0,0,0,0,0,-0.20587366313823427,0,0,0,0,-0.6314170247071348,-1.3961532657462956,-1.8321801092095027,-2.147048094237023,-2.3836373218946214,-2.8964684142302057,-3.23596966308903,-3.5046128414446858,-3.7537098406153526,-3.884266930275448,-3.987279398738696,-4.048985299760352,-4.029864772447187,-3.852441938912066,-3.7119772138753437,-3.5012708447598193,-3.2091905247396344,-3.059965759946274,-2.8921461896738054,-2.45754042622984,-2.188800942320363,-1.915120996801949,-1.6988630194578245,-1.1448731092102375,-0.895820302792203,-1.9761574219930607,0.17106375302747803,2.0767036505225,0.7993363408297337,1.2379499428260898
0,0,0,0,0,0,0,0,0,0,0,0,0,0,0,0,0,0,-0.8853730515863977,-1.399633805521997,-1.3527789816273301,-1.5913311388499463,-2.1378944495341043,-2.4427397255824292,-2.8564766456262856,-3.2096113924035112,-3.3925654047134266,-3.534170227246117,-3.750191524292503,-3.827080168892786,-3.851984206176547,-3.8665179420772615,-3.8430715709258716,-3.6795875469499695,-3.549470742140081,-3.335774202449565,-3.0333212757075123,-2.778463094223155,-2.4816085609236382,-1.9738546054882664,-1.8094338304161068,-1.5316247522581325,-1.3326678118094737,-0.8732912026014003,-0.7093349845402278,-1.5503392814143224,-2.1123564004027426,0.42301836404070636,2.1550800839036417,0.6496905153614586
0,0,0,0,0,0,0,0,0,0,0,0,0,0,0,3.3038944722661223e+38,-0.5613423920780426,-0.5081309249284968,-0.9221841251795638,-1.519890722212587,-1.9186159474914832,-2.189911786295955,-2.5961199340896184,-2.8062841146929567,-3.021263593929827,-3.2495632800440744,-3.3262749234127917,-3.3797886971093862,-3.4726645044873092,-3.493580363313424,-3.4346447900484227,-3.369649046726723,-3.277534988744275,-3.125139116706734,-2.9743883643498807,-2.8026209268585456,-2.456144406306756,-2.3402796145666245,-2.069421987916487,-1.8095702206549593,-1.7021096088693444,-1.5473590286875984,-1.3432359601100343,-1.0810704094328303,-0.9447734857867154,-0.8106673702067327,-0.49539496134313893,-1.4008823179191168,-1.1252029036867304,2.6415455959775134
0,0,0,0,0,0,0,0,-0.22502350972001195,-0.1993959781836158,-0.5715446741957111,-0.42102643791107125,-0.6228147498067295,-0.833408479270662,-1.2858372306466623,-1.397369172428588,-1.6356009999700107,-1.8040992231549027,-1.9444639847278022,-2.2724885430649815,-2.4099447579796314,-2.5665934239482415,-2.747798946846228,-2.841390876778089,-2.918760944820068,-3.0402142009625144,-3.0752333656095088,-3.097454982755576,-3.134632701332016,-3.122258672312726,-3.0419304465267434,-2.948757620885252,-2.898212218623695,-2.7593900939648366,-2.638617711191079,-2.4200096493514853,-2.115921194915089,-2.0132818816277447,-1.8818463467640358,-1.7625115343289257,-1.6746781167998448,-1.5941352432994358,-1.466984903596757,-1.2280678669074145,-1.1442669464252992,-1.0035298233908652,-0.7840378889789702,-0.6284452689293124,-1.0159025993722228,-2.023524482735224
0,0,0,0,0,0,0,-0.031605782379329095,-0.5066722352278681,-0.9586038950122707,-1.1925801420334439,-1.3746534332172773,-1.603213417517592,-1.7052285501427495,-1.8127744092986444,-1.9006278552187137,-2.085094013082459,-2.2237814102602735,-2.354588591453908,-2.4820441029637386,-2.5450561891928882,-2.6113980037640543,-2.753465747921824,-2.789712760029615,-2.830725865512802,-2.9171106026360096,-2.958695504317191,-2.9624822470650347,-2.9862685663046653,-2.965265453821109,-2.8499403173686506,-2.8001840479398425,-2.746942542540984,-2.5720917924641533,-2.4809309751688984,-2.3353705692803595,-2.1901269636895613,-2.1164458656544958,-2.0510553924918224,-1.954283062918769,-1.8693319033572702,-1.7962316637790794,-1.6716567964256173,-1.4592837779497498,-1.3548541719666014,-1.2551534062965763,-1.0018365080401492,-0.9112268164696794,-0.8319548021607771,-0.7487702738272813
0,0,-0.5740562437728912,0.18492525385080158,-0.16309625646562048,-0.5191563089718861,-0.8477392789234246,-1.09969498698499,-1.3872168492975874,-1.5543201560520326,-1.6798575987487165,-1.7895956047254673,-1.936185697818376,-2.026627499877328,-2.1051106281736875,-2.175067514488408,-2.3005112814199515,-2.3537357858874928,-2.441186660433356,-2.521125145474947,-2.570401211159413,-2.607067435784418,-2.7232786239625515,-2.7622363306409086,-2.7995580750083886,-2.851067702682804,-2.8595387722001955,-2.860523191927374,-2.826305087287594,-2.7971399347441013,-2.7123187062197736,-2.7074480931606835,-2.6759550325062134,-2.5531544672392337,-2.505567857806554,-2.428602261295853,-2.3158251456072163,-2.241150583951676,-2.214200532887655,-2.116160023869508,-2.0048568603693266,-1.9105785214435174,-1.7753445965545438,-1.5845107432310452,-1.4446206406939395,-1.3223988514844565,-1.1721623309402203,-1.0505081598775954,-0.9973925937246493,-0.8374404858007777
-0.2900852873377287,-0.48558551627149077,-0.71370029976977,-0.9622950765535694,-1.2467322248834236,-1.3505938411120977,-1.5177975451495298,-1.6350543899514327,-1.771945862914682,-1.9180351516357357,-1.9857186757624183,-2.0902387240535383,-2.185412410897848,-2.2371088510752934,-2.296786087648373,-2.312807393782391,-2.371721939011787,-2.426297741990696,-2.455686726420338,-2.5363387685743723,-2.5825898439732966,-2.6093339583151236,-2.6729085916740045,-2.6953756162524045,-2.713455596100291,-2.7532651121359053,-2.769853730732452,-2.7569331380748547,-2.7613658490745823,-2.7355346198138113,-2.685559912797505,-2.663401937758745,-2.6450060485557922,-2.5454508986463247,-2.487320971831778,-2.4413226487168433,-2.3590726448281436,-2.306433287179233,-2.277154286803394,-2.174457985005773,-2.129228955957231,-1.99073789453901,-1.8904532022564715,-1.6553260022107097,-1.490880661678618,-1.4351000963953946,-1.239693152435355,-1.1422068861456331,-1.1070701996275958,-0.9630337225700574
-1.031284857591635,-1.2990323613654846,-1.419697257072969,-1.542337416162656,-1.6534897443491772,-1.729201021940292,-1.8564605413826094,-1.9150257871235874,-2.048200672382323,-2.1391407156192277,-2.197376618112206,-2.262661665340401,-2.3019289421819975,-2.3153798396104306,-2.3341402791931958,-2.361620888375064,-2.428700269731295,-2.458588278747243,-2.4849860927442213,-2.538960459044958,-2.566001547285241,-2.599815822811224,-2.658394117768371,-2.6813748601740977,-2.6931235931105726,-2.7184737059850397,-2.7150129697988286,-2.6847310060435876,-2.683197296462224,-2.6814890389044974,-2.6574184637840723,-2.654764108151821,-2.635013012988681,-2.5704609931116704,-2.545368771485839,-2.541694639385959,-2.4407366483351436,-2.3675749340257215,-2.314679130219327,-2.1952627743459976,-2.0951415989371864,-2.0228805994435564,-1.896851575718703,-1.750486300600038,-1.6195770287435407,-1.5085766465110086,-1.3449097416716294,-1.2301671427906593,-1.1912771664182942,-1.0694419044684
-1.392179310892158,-1.6206495518925543,-1.7027760783369772,-1.8182765752525898,-1.9308173894703302,-1.9913434422996878,-2.061544247223411,-2.125838237794695,-2.1828961383957513,-2.2486957468836057,-2.2829416958859805,-2.309819256933879,-2.330023540229507,-2.3492392361948444,-2.3795796668964453,-2.401457135605642,-2.4630054718325396,-2.507826043947643,-2.519309333512731,-2.56064523368764,-2.5828173579362907,-2.6097421903451203,-2.6483382099446393,-2.6609795680727535,-2.660689935744227,-2.6739025022116083,-2.674402108841388,-2.6685381102281793,-2.699608963416126,-2.70633596227253,-2.707990784811342,-2.742871868809465,-2.7501845537331064,-2.7261854817015423,-2.711356535036645,-2.599238280255446,-2.436756165929042,-2.346560903843553,-2.2459191725373726,-2.1334387004406774,-2.0520754949273603,-1.9671633964745021,-1.8769323865292271,-1.7384428907302514,-1.6607059494853849,-1.5237045889992697,-1.376206920155204,-1.2881483093983577,-1.2447867764906648,-1.1734458622794763
-1.698874970525007,-1.7976664960840987,-1.8509360110084947,-1.9373623869685297,-2.002883193670773,-2.0673875255265184,-2.1071907842658777,-2.1504373100891567,-2.179074806307698,-2.0716000101185843,-1.9837548319626142,0,0,0,0,0,0,0,0,0,-2.045495978715824,-2.384463232426831,-2.637822247695782,-2.6919435883487903,-2.750936185237247,-2.8025215688942926,-2.8195813666225864,-2.8368343285711592,-2.887626511444457,-2.904363826419643,-2.9551791244769903,-2.9600592197754487,-2.9343211644485145,-2.8319148761773434,-2.764067031613917,-2.614708400428877,-2.487129069419692,-2.410144154431683,-2.3257897298984536,-2.167620899301557,-2.0593631238543604,-1.95824917693178,-1.9439820522797302,-1.897115780401272,-1.7890067516773256,-1.6740549216224971,-1.5336571960151466,-1.4584346469979206,-1.415333671526706,-1.2711183581029553
-1.6590092059448107,-1.7219164399233369,-1.7428374426846411,-1.7160798649784774,-1.6652149299443932,-1.5634397153135469,-1.3590665771488513,0,0,0,0,0,0,0,0,0,0,0,0,-1.8897831809076313,-2.215513436528043,-2.4274514517468293,-2.626353027605465,-2.694999808260992,-2.822890759899559,-2.9017466635049955,-2.9463605063450955,-3.003522075348761,-3.0663935485296863,-3.0837714806745056,-3.094484320972137,-3.077992449696611,-3.082849154501498,-3.0549296919614375,-2.99371910619163,-2.8776087389994065,-2.703821483817367,-2.5937518217634117,-2.425706855943783,-2.480251876248545,-2.428489082891091,-2.3389710874768865,-1.8277364513752914,-1.1187459665158763,-2.0854567522539,-2.0473985676218582,-1.8125107519535164,-1.7133259061317243,-1.6399094809194654,-1.470027358506745
-1.3586068997974212,-1.1933133613711482,-1.0891829053215418,-0.9619385476628908,0,0,0,0,0,0,0,0,0,0,0,0,0,-1.6641230790503179,-1.9151799591677636,-2.2050835969146867,-2.4104808555620054,-2.5174006449659023,-2.637858460263901,-2.7190415542591126,-2.8031296569052464,-2.889417744926276,-2.9281569880208247,-2.978604833402093,-3.0340366086830732,-3.0783048745554695,-3.1079349993260004,-3.1012831835499486,-3.0302191825577713,-2.9418359981967135,-2.838348725286144,-2.5762487106060474,-2.191602874297087,-1.8924010330396606,-1.5545215300002517,-1.6218706027859773,-1.6541918644419398,-1.6745422766044353,-1.565616045622847,-1.5499929205137308,-1.6164487778351895,-1.7484634316689929,-1.7808210449169743,-1.8238269357814925,-1.7717640630686307,-1.67106717170864
-0.7526886695658628,-0.5018307500296897,0,0,0,0,0,0,0,0,0,0,0,0,0,0,-1.841149144831718,-2.0485232616075084,-2.2047741602902744,-2.355605054942691,-2.4905769961970017,-2.5654086216690524,-2.6519443288097877,-2.7050000442011832,-2.7714392411276516,-2.8481949064376173,-2.886960873333986,-2.9182294525593795,-2.963631701026648,-2.9751689231073293,-2.977488898141349,-2.9129523177691965,-2.8501140573668824,-2.6575442393558384,-2.557474535670318,-2.394509808201782,-2.271259984005747,-2.1778750209386297,-2.0599545077276282,-1.987481139546868,-1.9600571026661844,-1.9507335936435428,-1.9448215264592905,-1.9081317547407413,-1.9218630230590519,-1.9548557172718228,-1.9048091375159553,-1.8848215519943252,-1.8640617265368478,-1.7869433598994258
-0.5048824296598992,-0.11588022742077929,0,0,0,0,0,0,0,0,0,0,0,0,-1.7675204704250949,-1.907350981221631,-2.0838561556403525,-2.2389869328235883,-2.3231661886689507,-2.404397773295162,-2.4914079335360397,-2.5499655977447846,-2.6326266865062897,-2.6838611238728567,-2.7397419893863644,-2.7877589403933256,-2.8005565081756996,-2.8191344415599895,-2.806644585802645,-2.8104937872674833,-2.7582838129273144,-2.6834184541999364,-2.641991245313769,-2.5287815098934026,-2.4620305376167897,-2.359657732103824,-2.3148588513304196,-2.274386545641471,-2.2320549913746603,-2.179124004557453,-2.175355745511388,-2.1520546597637185,-2.14499170237469,-2.1071858577256855,-2.108455489036531,-2.098006055254292,-2.017766483938233,-1.9475821567541027,-1.9214549534804446,-1.857735048730585
-0.4326611779285428,-0.3140320914446572,-0.35957986787518154,-0.5154169817942299,-0.4568532989651523,0,0,0,0,0,-1.5611859862984896,-1.6080804701352331,-1.8123211616263475,-1.9215562455391333,-2.0397707826885725,-2.1076360135953123,-2.196619441720773,-2.296519978692527,-2.345686637416931,-2.4065226092374523,-2.46602212978904,-2.4947531644706347,-2.518582108503706,-2.543464647940077,-2.575016332500629,-2.5817378172187464,-2.587007945254735,-2.5906081576857685,-2.5731390981741105,-2.5564163921360157,-2.525874445084133,-2.4767667358956547,-2.4472330076241624,-2.389977399424728,-2.366817415302874,-2.3354105343326665,-2.2966111338974353,-2.3099893513305476,-2.3407488183552516,-2.334885647822577,-2.3335194389125253,-2.3331243983623713,-2.3254383849682836,-2.3132914522389765,-2.26350921372085,-2.236438685212721,-2.1888191051902894,-2.180228362111267,-2.1420783610588576,-2.103321152463221
-0.4780031444326053,-0.24563224550718205,0.5786362392189355,0.5101762251695968,0.47581309204021244,0.5551335262541146,0.6022416473858715,0.8322269227518396,0,-1.551413296603567,-1.7505400176862511,-1.8868077433478314,-2.0075920934668017,-2.0674443360421604,-2.1518176520295555,-2.1965398066618307,-2.2356618412431954,-2.282063718315545,-2.3142044838994864,-2.3488018339264642,-2.3996116971982686,-2.41552274138258,-2.429348993382015,-2.434829401088611,-2.4487436915946534,-2.4419009418209265,-2.4340854338961404,-2.4223254768485543,-2.3936779564877613,-2.390736926887642,-2.3666153223485185,-2.3452845389531487,-2.3290947907590875,-2.3260574068211546,-2.3353930142636172,-2.359979235593553,-2.3740155201895825,-2.3737280120859765,-2.4025572670140423,-2.3919638772437897,-2.388049569060535,-2.3767034428898257,-2.359276761279178,-2.3270653557896037,-2.3234380514560646,-2.314323610080219,-2.272827710951783,-2.263299450634611,-2.23107404356269,-2.178897792082459
-0.8932764619696378,-0.8768314906648197,-0.9257860022515467,-1.159903290576002,-1.244701703864183,-1.4829141760260522,-1.6770726704946566,-1.7766844684391307,-1.8929655884624708,-1.9500274059911546,-1.9777438208448421,-2.0381199656939595,-2.075214809839491,-2.095334422081053,-2.1484407395551894,-2.17647771483059,-2.1979346731584286,-2.224231139123832,-2.2501809475173116,-2.268470323455245,-2.2917041885009017,-2.300844298840466,-2.3024689477453806,-2.3051338688845204,-2.30042247716887,-2.3070090355564106,-2.3141016397177614,-2.3049814828074466,-2.3037266751477925,-2.302336666680157,-2.3089718528832,-2.3212203395999187,-2.3418667500998662,-2.3460800344288484,-2.34583441872416,-2.367570273837401,-2.3611970283129793,-2.3675134372619917,-2.381113712619466,-2.36830211766446,-2.3472004412055814,-2.354194530252431,-2.351272884871148,-2.330348551739576,-2.318041997706489,-2.301739613593244,-2.291141184431535,-2.2867732389454978,-2.2606683326369956,-2.227935511048421
-1.3411222411972765,-1.4048027577912472,-1.4602611538252726,-1.6313630804126478,-1.676229302915608,-1.7340774046839982,-1.8242427444617846,-1.8322256116690547,-1.8900959445287286,-1.914137142618688,-1.9476127829736665,-1.983569091793048,-2.0103805303048197,-2.029341292379994,-2.067697219625218,-2.0793695963749665,-2.0969116906656056,-2.128699064498008,-2.138796818789718,-2.1641402852085494,-2.174844510101524,-2.1820593886315516,-2.1716179746265825,-2.188903593367187,-2.1998143371551677,-2.216056525383018,-2.224457380064139,-2.2278009870675946,-2.245781864344746,-2.262205935516875,-2.2752080744455347,-2.2916279585723287,-2.299923077068576,-2.3068163506293846,-2.30984464793382,-2.333600394243032,-2.3158453620713746,-2.3228573178211023,-2.347849196529343,-2.318020800263205,-2.3097231107869316,-2.3255363686361217,-2.314750542710073,-2.294670710039799,-2.2983838791954994,-2.2981930810967914,-2.278511293611443,-2.279888848829437,-2.258339453284293,-2.2183190427964714
-1.5287806633718484,-1.6089234850467895,-1.6267419481671022,-1.6930365726198975,-1.7408377735090896,-1.7550343536142607,-1.7872299325150904,-1.8127436197235327,-1.8355919390243824,-1.8634817606167018,-1.8707920334261188,-1.9195944027187435,-1.9410473804027593,-1.9621388464324112,-1.9861648095015085,-1.9928594902240486,-2.0219463979176098,-2.035832065075627,-2.0539935542586862,-2.0679145489319444,-2.078416713999535,-2.0890646026756228,-2.0943588224174583,-2.099420931684693,-2.1235564506105242,-2.151983917943303,-2.1680222069376196,-2.187814951618921,-2.2121295784155723,-2.225923613388837,-2.2264581174961435,-2.2546566126673757,-2.2709452697532915,-2.2785855347581205,-2.2851344350804457,-2.303274448405291,-2.3005072619888787,-2.301566257223385,-2.314534182358157,-2.306532275703961,-2.309221465300201,-2.300517067052777,-2.287582866070478,-2.2607173479338565,-2.276464615597533,-2.2806126642525837,-2.259638906420818,-2.2480517195128344,-2.241865471035973,-2.2033952696559376
-1.526005885054944,-1.5820620164333983,-1.6152376579284156,-1.644440522164303,-1.6669469566774258,-1.6906632854674664,-1.701292731531557,-1.7286233134661109,-1.7709551989727397,-1.7819045484209308,-1.807540587855584,-1.844713331651645,-1.858483339914856,-1.876224470555009,-1.8952709085565034,-1.9032638071025596,-1.9185776870494802,-1.9297926067758424,-1.9356617927777164,-1.9733305309773888,-1.994743259590534,-2.0067365709219613,-2.0515888372551463,-2.0592229940502076,-2.0748848320593494,-2.1081013600295266,-2.1201452750253416,-2.136708524140644,-2.1598787284603276,-2.1664754827578303,-2.1765265853734683,-2.1972028995592097,-2.2096828387650618,-2.2126413434063505,-2.2253289596143886,-2.2466204737299185,-2.2479732918831443,-2.254059492460422,-2.260704332937443,-2.2520675793130587,-2.247093472035151,-2.2546268769265834,-2.2467220254929945,-2.232441810040723,-2.23167295407232,-2.2305992749702286,-2.2206441341530274,-2.2127416268749545,-2.197813493196393,-2.185024961315965
-1.5194743436653515,-1.539233462164921,-1.5543047885072139,-1.5903500498772096,-1.6162062483363273,-1.6350137141943044,-1.6678229980446482,-1.6766982228268792,-1.705553587763103,-1.7277867179574236,-1.7369216750674783,-1.768886193602112,-1.7886811828976656,-1.7922498032646457,-1.8186352937973784,-1.8389474885616437,-1.8581268392623642,-1.8742308442713116,-1.8903813870337027,-1.913332370292556,-1.9401231111511672,-1.9529752356933472,-1.976019278812942,-2.0018466841296165,-2.026340085845454,-2.048914971025398,-2.0653837358222966,-2.085295142116022,-2.093766765986646,-2.1073742419058363,-2.129030805913991,-2.1520465128958914,-2.166415224583718,-2.1765365241578727,-2.181783993712394,-2.1966141357511697,-2.198603652011251,-2.1958838951594384,-2.208389836886011,-2.2024474064672304,-2.199989017939991,-2.197081710662253,-2.1926571362453062,-2.1875664514117132,-2.2011921525904348,-2.1913960715177065,-2.166567669485459,-2.1667656320469013,-2.169389368905754,-2.153739047945947
