jsons/1312869600.json
{"header": {"parameterUnit": "m", "parameterNumber": 2, "dx": 0.1, "dy": 0.5, "parameterNumberName": "Eastward wave", "la1": 40.97354507446295, "la2": 16.46031188964855, "parameterCategory": 2, "lo2": 133.9931640625001, "nx": 191, "ny": 50, "refTime": "2011-08-05 8:00:00", "lo1": 114.97908020019554}, "data":
[rows 0 to 21 of 50, columns 49 to 97 of 191]
0,0,0,0,0,0,0,0,0,0,0,0,0,0,0,0,0,0,0,0,0,0,0,0,0,0,0,0,0,0,0,0,0,0,0,0,0,0,0,0,0,0,0,0,0,0,0,0,0
0,0,0,0,0,0,0,0,-0.06901959279260036,-0.10794244320519997,-0.1055878008681242,-0.10227926810084485,-0.08967804817527368,-0.09276936270284722,-0.0890739037425801,-0.09124139524729899,-0.08938852282517785,-0.08940035917060397,-0.09241743473316934,-0.09314138199645598,-0.09451960551522674,-0.09877063407529366,-0.1116057030996979,-0.05918608608855046,0,0,0,0,0,0,0,0,0,0,0,0,0,0,0,0,0,0,0,0,0,0,0,0,0
-0.17582212597677113,-0.030399851889374156,-0.16342365581737028,-0.15302325723497742,-0.16125583989362302,-0.19434498259394603,-0.20795490102652128,-0.2157118353642762,-0.21391137980582048,-0.20141298579636022,-0.18829512994339126,-0.18538788466314116,-0.17841993004158904,-0.1772129404095399,-0.163445391602892,-0.15596393811735668,-0.15503464229896677,-0.1490180506794395,-0.14847799503801623,-0.16032169792951753,0,0,0,0,0,0,0,0,0,0,0,0,0,0,0,0,0,0,0,0,0,0,0,0,0,0,0,0,0
-0.1919553431018769,-0.2309334985674958,-0.2985029780862634,-0.321461097038077,-0.3161940201778941,-0.3003185188269261,-0.290289741158989,-0.2635519653393878,-0.24980189231412323,-0.23191379681759555,-0.21788360975646293,-0.20622433285179623,-0.20530590528355544,-0.19877865193596098,-0.17771582313134404,0.1919398932382903,0.0017035168648675057,0.16470819499586944,0,0,0,0,0,0,0,0,-1.348963259899696e+38,0.09559476215797896,0.06272211493103047,0.014417896303068249,0.039169708473678504,0.022372050687849167,0.006916866015299463,-0.014659526610467367,-0.03495841252350505,-0.04203219074272279,-0.02974934350072894,0.026495049903571356,0.09152220721267797,0.18581675942603296,0.38960569623598534,0.45060609025266496,0.44505049605162905,0.45909964295342515,0.4795791725460292,0.46938851295543715,0.46333751232684167,0.46254713229359584,0.4361444725078372
-0.2601385411740746,-0.26592931336112263,-0.27414179231609975,-0.26532836346473904,-0.24801037699461664,-0.3197046313839821,-0.3540416880231236,-0.4006196938247473,-0.33461554409456706,-0.5844944289976758,-0.4434305698409168,-0.1394729705372945,-0.23351623803233013,-0.3148429588181829,-0.2789411694620762,-0.3438806780033615,-0.37592412494020966,-0.26764019834150715,0.07556229642003383,0.21523119609111804,-0.5896122944045936,-0.06962128653861059,-0.11798091732111601,-0.19257855280590386,-0.3201049644759075,-0.36659776246852555,-0.40146780730582043,-0.4249288077455772,-0.43403742228672,-0.4347374677716855,-0.4683213796591537,-0.4997997367006525,-0.5026056450746758,-0.5058735661544047,-0.5005556451033258,-0.4734618683916633,-0.42688256010576875,-0.26271069454916157,-0.18723760072000065,-0.02687148115418489,0.2880664430279617,0.5178625226588085,0.5610323610039386,0.588515406567892,0.6145100933549168,0.601716578356851,0.5998215105802203,0.5783797342030454,0.5203722357641498
-0.4130075610881763,-0.4410361494879045,-0.44495199093017657,-0.437388253220325,-0.4625562012188965,-0.46246070526447797,-0.4691569140620297,-0.48156321040215205,-0.49631571170486855,-0.5034578717396404,-0.5155374883442578,-0.5165059477867033,-0.5195185658475253,-0.5187410735644817,-0.52825317045452,-0.5231226481488583,-0.5394860005334847,-0.5672841129981048,-0.6132103717843802,-0.6195047609603326,-0.6339048802473087,-0.6981757168761737,-0.699084969732903,-0.7263055263299568,-0.72972103870128,-0.7484254428616971,-0.7355403221257021,-0.7387405708173027,-0.7506383930169779,-0.7423733745877231,-0.7477208737470482,-0.7445842346710447,-0.7343477225275545,-0.7151548630612317,-0.703525878749352,-0.6792550776993146,-0.6523813743861013,-0.4655073961224045,-0.27698272869709717,-0.03742291268775513,0.5585726018255228,0.675099307768034,0.6838252034239928,0.7008393130156207,0.7036511346036466,0.6847389543408728,0.6688239408214756,0.6468607747305051,0.5677642774670812
-0.5461886070162194,-0.573946065977401,-0.6004156499396747,-0.6152380927262244,-0.6491450100174686,-0.6557267075493695,-0.6616192005430795,-0.6781908156075847,-0.6799708017551278,-0.6799895432522446,-0.6966667683482163,-0.7075346986622902,-0.7131174689108524,-0.733529097157296,-0.7433934299299708,-0.7731529902222384,-0.7829545951163109,-0.8000778039162072,-0.816756499234158,-0.8232767057790545,-0.8320306547585287,-0.8432327959667313,-0.8460936103776718,-0.8434847060229114,-0.8459506123474251,-0.8440242820618169,-0.8306263452602153,-0.8416221313747636,-0.8526237530651971,-0.8372859717091021,-0.8330277934627462,-0.8300737636277054,-0.814618902867347,-0.8098688795073588,-0.7997939911307074,-0.782090313558353,-0.7625892652770061,-0.7225690459535895,-0.17352019864004833,0.7289126107695084,0.6642776146721754,0.6456208034855058,0.6751343694340647,0.6847378783828627,0.6950222068749129,0.6995003031218612,0.6917553047383862,0.6854147570644614,0.6442048827940322
-0.44970919851565566,-0.41734416242150424,3.3264814024255272e+38,0,0,0,0,0,0,0,0,0,0,0,0,0,0,-0.6744802954305211,-0.6975958371333256,-0.6936303788395524,3.4001035071487423e+38,0,0,0,-0.7046438618966706,-0.7470622987129314,-0.7440150706483685,-0.7724239749890229,-0.8099047597729455,-0.8389694730433288,-0.8477066914153827,-0.8422528474475753,-0.8165984003522028,-0.7996592396620664,-0.7486215579762048,-0.7070616022788407,-0.7036284175053539,-0.6724656615724608,0.7278102683180232,0.6137032001547276,0.5441236652487843,0.5900366277495545,0.6271799990807652,0.6602854797460643,0.7027533641053246,0.7073845264365657,0.7144194439702114,0.7273990104928378,0.7297383538954799
0,0,0,0,0,0,0,0,0,0,0,0,0,0,0,0,0,0,0,0,0,0,-3.4000061624515294e+38,-3.4026207434693084e+38,0,0,0,-0.4752475426253422,-0.668108264785299,-0.7573247418626065,-0.7933201056251147,-0.7933424609096631,-0.7754270556616318,-0.7406728239476476,-0.6666932607392474,-0.614815595165408,-0.5263891677848801,-0.4601171106124389,-0.7715562765107812,-0.5008633927605749,0.4036484017709315,0.5408489737559251,0.5432102260106867,0.5590607107668917,0.6305482723096949,0.6409368277955704,0.6550801194849935,0.6764277282171282,0.664989190838382
0,0,0,0,0,0,0,0,0,-0.19672392328433266,0.193017710583714,0.2225386091170128,0.1144382850679168,-0.26403317901543666,-0.12238716290903602,-0.40116632553946957,-0.44486549050985685,-0.46729854770767604,-0.46570307150258394,-0.5084020812629527,-0.5470243889534574,-0.5633096059376813,-0.5739315677019166,-0.6157463523740563,-0.6362245931083188,-0.6691494429359229,-0.7098886517025923,-0.7223917840274655,-0.7322982097886594,-0.7494610478270871,-0.7578110281976977,-0.73250382300769,-0.7110886833119758,-0.6819301685568249,-0.5759584785095744,-0.4841790894165906,-0.49653676284188536,-0.7900723678599286,0.788829096818588,0.6864013311567361,0.41376626164411273,0.5083696277338146,0.5562621626352741,0.624899968455467,0.6080356346889784,0.6206268778315832,0.6311278221222333,0.6551855106897366,0.6344892046762959
0,0,0,0.14205896015385616,0.14295042535645586,0.09959035492047255,0.03841040376335316,0.006073766560390537,-0.10026042761209807,-0.28160930144129687,-0.3713346369423195,-0.46634945029537384,-0.4878290622319492,-0.5269313072828156,-0.5554298958460697,-0.5725258923128376,-0.5787898205933901,-0.5993368644553747,-0.615361943433516,-0.6242319480459583,-0.651702209689627,-0.6695283040092338,-0.6793381694752211,-0.6994623813806702,-0.7067174494569699,-0.7000183581851516,-0.7096748524143183,-0.7090421097929362,-0.6920241131173533,-0.6768885819889934,-0.6588259825698681,-0.6175436717707585,-0.5633135006005453,-0.5364933739241867,-0.44506602360055814,-0.34894564870924544,-0.27160537380484817,-0.7242026521361049,-0.0640697012136085,0.6942886097332814,0.4271214792901427,0.39638726250774353,0.4497953394064789,0.5039839359204102,0.5527165685450419,0.5695132071020902,0.57510963965202,0.5804321019338317,0.5869182294993616
-0.15311916310758977,-0.17692139059132456,-0.261913563857158,-0.3220731566088267,-0.3404904750616392,-0.40881550220441926,-0.4243112474121501,-0.45878145492419503,-0.49681503365034463,-0.5441900869354511,-0.575554999582643,-0.6077042672968912,-0.6370117661796284,-0.6398348683207539,-0.650667246524586,-0.65358080933475,-0.6605849099635247,-0.6695267964857733,-0.6761061283174788,-0.6836670008411225,-0.6998141826058109,-0.6973267783766764,-0.7024875666611456,-0.7037493942969844,-0.7015568341814017,-0.677991559969226,-0.6566970052041495,-0.6321334196827563,-0.5627700754063559,-0.5509462728058953,-0.532965995319265,-0.483232683572825,-0.4474128639296544,-0.4192785408752306,-0.3427828114700105,-0.2767021483185941,-0.41185985590236857,-0.5254127918151613,0.24711507398275076,0.442694459522989,0.35081544927252795,0.39994323968823975,0.416218154976597,0.45408580711033203,0.5169139940925275,0.5307506494700482,0.5376096911453238,0.538597440960416,0.5406453647827837
-0.39080136122429526,-0.4226247799493774,-0.46729755264842454,-0.4882509280131326,-0.506235290245727,-0.5325895221072287,-0.5614334380212658,-0.581583158183309,-0.5990486687437457,-0.6180742207278709,-0.6374759903550029,-0.6497278993533278,-0.6632122308473787,-0.6750144548029052,-0.6814108592636776,-0.6827190729932922,-0.6932299064805199,-0.7073510872796803,-0.7173801208489713,-0.708546386775938,-0.7135515974260292,-0.6973893216320766,-0.6949476951129269,-0.684911830220962,-0.6641437713502386,-0.6303121755791984,-0.6180891090881997,-0.6094506667496266,-0.5554449162689984,-0.5191654694167199,-0.5063715817619119,-0.4245486060458355,-0.409746780000884,-0.38142200084014577,-0.2992209012159011,-0.21596179983518826,-0.2505944953822596,-0.6314355345151839,0.5357758741348061,0.3837657786034741,0.22787882990257718,0.2886007584507055,0.32369133721909255,0.34677879702918635,0.43111600617290213,0.4675517323305502,0.49138211218878985,0.5176245928646239,0.5266888150290546
-0.33708191768331397,-0.36243894843004576,-0.38294629087947113,-0.4209603960483593,-0.4668870230632762,-0.4929397903065098,-0.5113263251279966,-0.5287699904690589,-0.5412149471894349,-0.5574948158021729,-0.5792991231291446,-0.5908552872460282,-0.6059276977604411,-0.6236371438728188,-0.6299232963945858,-0.6414756428567479,-0.6554457325227957,-0.6901820609635746,-0.7053481110737211,-0.7179766479663253,-0.7317933104272608,-0.7244648565702525,-0.7162097019901708,-0.7065712439343891,-0.6915963553697805,-0.6359913212649632,-0.6079234359479833,-0.5797921823503769,-0.5379107331274181,-0.5187893034199262,-0.5002661849159926,-0.45920939788984627,-0.4360200526297612,-0.4168579397357765,-0.3306754406835211,-0.29451765860737616,-0.21477569576704103,-0.16517401264538267,-0.37102397419474104,-0.5703810941117229,0.2915721090413264,0.47007668288731025,0.25162922338635707,0.2873844694782569,0.35865493739512117,0.4105390659233197,0.44773804952701,0.4819708891127584,0.5191014677270835
0,0,0,0,0,0,-0.34517578379468683,-0.4281611050349958,-0.4651798215133331,-0.5031294316891372,-0.5227191669441242,-0.5343241676727205,-0.5471090619328107,-0.5762360311718872,-0.5921833330714252,-0.6185212499120561,-0.6276208436905982,-0.6506747425521129,-0.6703002413873332,-0.6799122060549341,-0.6939548102227134,-0.6834477459363661,-0.6738816892597146,-0.6654266477941261,-0.6525041838674908,-0.6239727005685702,-0.6222707960189983,-0.6203055641061542,-0.5923766313773792,-0.5743423064475146,-0.5590768132716087,-0.5187943164563555,-0.50615327561508,-0.48158350098711955,-0.4181805786445582,-0.3772063026383874,-0.35354780985541856,-0.24375681553567863,-0.1979438171916216,-0.1520970497563142,-0.7827806876111563,0.7945773369629724,0.6193652485424279,0.27170214055198477,0.41867832845916897,0.42024879944842364,0.4462835753935149,0.5154809168014083,0.5334049290538289
0,0,0,0,0,0,0,0,-0.30848557022871165,-0.39669649136043894,-0.45465018420740966,-0.46331284783801696,-0.45994685135387214,-0.47693010979342565,-0.48625890546000494,-0.5196885248607822,-0.55189196768382,-0.5955311545518569,-0.6190974051464012,-0.6316135028640878,-0.6582385750191299,-0.6711917067790538,-0.6832159126406299,-0.6932336418905501,-0.6918069277060669,-0.6799815738621581,-0.6648140921076556,-0.657239639379947,-0.6335448223580098,-0.6311199717351366,-0.6206202908889034,-0.5713742219756589,-0.558105617346716,-0.5386049671848616,-0.472827095813109,-0.4325594349597996,-0.4105311208624869,-0.3240448017248148,-0.296098697299689,-0.26828090547176847,-0.35342189626739495,-0.7717464626864304,0.5336738817244532,0.8042824702914598,0.3387537685802959,0.2597444157097721,0.30064584714655623,0.3948548316163379,0.4278890935593196
0,0,0,0,0,0,0,0,0,0,0,0,-0.16697749488875666,-0.1249665128157711,-0.16559198887657828,-0.2588337436101236,-0.32220163598288004,-0.4149577475764522,-0.481219774511441,-0.5180671130721882,-0.5581715556684204,-0.5861206062470176,-0.592775311229335,-0.611131934168223,-0.6249057048939457,-0.6388444442034238,-0.6566102984050883,-0.6602469857279522,-0.6577098355237541,-0.6662017352610701,-0.659135583316496,-0.6343520323658729,-0.6187890526427291,-0.6122848622353816,-0.5700549318204964,-0.5515170422996307,-0.5000423923918592,-0.41342525527384344,-0.36564012175886246,-0.33367524417624206,-0.24834979537507879,-0.17546366223919285,-0.14789057385561907,-0.24302451930864705,-0.5622904257377463,0.0692507215046377,0.5142285293337461,0.200616529737054,0.2541868978260668
0,0,0,0,0,0,0,0,0,0,0,0,0,0,-0.1743429969003439,-0.10738488557815071,-0.2641203373668942,-0.32435325722535435,-0.3805798225849972,-0.41308993862454296,-0.4407384599180778,-0.47569301574376566,-0.48609435171413334,-0.5117194148200442,-0.5302508326071915,-0.5584203255816789,-0.5877894561897179,-0.5995737112126915,-0.6233873194689656,-0.646851402805972,-0.6613355680126851,-0.6761411590594465,-0.6745599194829274,-0.6722658705001965,-0.6654813334729615,-0.6548793736146066,-0.6377435653935012,-0.5985151397773806,-0.5737256659272504,-0.5314193986030221,-0.38570752124307367,-0.35851446394846354,-0.33031658177396517,-0.5250985906509842,0.7273757085377909,0.5291727879256652,0.21978630709974678,0.3239264822415363,0.3639039548818409
0,0,0,0,0,-0.0018610800867086203,0,0,0,-0.010327636292194025,0,0,0,0,0,0,0,0,0,0,-0.1910307241699868,-0.30947324091526285,-0.3324122321469089,-0.3572610903033721,-0.36627805858016954,-0.37289939869458455,-0.3957163437229118,-0.4198015111399088,-0.4684510310680052,-0.5179305672260249,-0.5596347221339666,-0.621057583157626,-0.6492823808643298,-0.6684144634652094,-0.6723160968753813,-0.682261538480418,-0.7035479507048091,-0.6928400522069831,-0.6623998307542437,-0.6580273981639243,-0.6069855240199828,-0.5278774529097308,-0.5428173326242124,-0.4817716213476069,0.7052500388718782,0.41341457365363765,0.36780045058195243,0.5093910689892206,0.561964994932442
0,0,0,0,0,0,0,0,0,0,0,0,0,0,0,0,-1.780526502079809e+38,-0.005056604689666977,0.025966573573256414,0.04001040401705378,0.045513849650949796,-0.0198569243913546,-0.07341309950720742,-0.15286103527605863,-0.19546350580609703,-0.24829192968673572,-0.2996622857417254,-0.32960474791047406,-0.37175404373801746,-0.4053767969160487,-0.4135002779208953,-0.5093753210465795,-0.554223042556503,-0.5884554089871166,-0.5980182480558358,-0.6346747900372087,-0.6741632228645048,-0.6911396139781456,-0.6766829510205664,-0.6579839115724454,-0.5496734608713038,-0.5237695241547893,-0.5715424443945715,-0.7476884545731471,0.6705289312453794,0.5073564543530485,0.50238198673743,0.5742332897732694,0.6418043391901649
0,0,0,0,0,0,0,0,0,0,0,0,0,0,0,0,0,0,0,0,0,0.04482566609637674,0.026662170199490163,-0.021930726772784587,-0.09570801023419713,-0.196756736921163,-0.2555455001015603,-0.2728497357398727,-0.29417487468544185,-0.31402375628628393,-0.3316527382769904,-0.35424016495846644,-0.36164277370723225,-0.4139172004858469,-0.3903616032975666,-0.42505002795616587,-0.4126341769532952,-0.4239036128113619,-0.4625824857740456,-0.42775031592959595,-0.23092988049994448,-0.7137091169590776,-0.6971125805821088,-0.23184804756409313,0.7461054523460817,0.7559469559414462,0.7577811106801311,0.7677714408958558,0.7672660533337918
0,0,0,0,0,0,0,0,0,0,0,-0.02051160393864479,-0.02465888939366145,-0.026849520831507816,-0.02509019172701313,-0.02414113530340447,-0.025082950858793245,-0.030819506626494186,-0.0336048524298561,-0.0394086816583965,-0.04081138199035939,-0.13217711986310593,-0.18203678157456574,-0.24094934197345094,-0.12499812051559663,-0.13224420581912075,-0.12718830054446972,-0.16006518350847868,-0.1007499697452573,-0.13125656571503075,-0.22280818935596422,-0.26843096893497503,-0.30811195168507166,-0.3464096530304164,-0.42721066974889527,-0.4126903740001707,-0.42065589828544386,-0.3310617008538069,-0.2191389309202156,-0.04776144103823757,0.11128733181437851,0.09378814683984558,0.47768690128009766,0.3643066435441859,0.48945230045284066,0.5975482376936391,0.645057821783529,0.7062965892291383,0.7419697711222923
