jsons/1312563600.json
{"header": {"parameterUnit": "m", "parameterNumber": 2, "dx": 0.1, "dy": 0.5, "parameterNumberName": "Eastward wave", "la1": 40.97354507446295, "la2": 16.46031188964855, "parameterCategory": 2, "lo2": 133.9931640625001, "nx": 191, "ny": 50, "refTime": "2011-08-05 8:00:00", "lo1": 114.97908020019554}, "data":
[rows 22 to 43 of 50, columns 100 to 149 of 191]
0.49732954056570067,0.5574944896793814,0.654334171617242,0.7023268143898105,0.7537600688899924,0.8367486364031587,0.8772041772907597,0.974392017910862,1.0662149210524916,1.1142653687836694,1.1799896644744605,1.3155600947621777,1.4320422974095388,1.5320595025556694,1.566320726336364,1.7552902624533366,1.845998311806868,1.945337013687614,2.0666504824240173,2.1583614479389017,2.2477612212068787,2.4134725153669225,2.4938092239316023,2.5896530060134646,2.7542929015576108,2.908800035988428,3.0386623025131807,3.116306988843908,3.299739008110731,3.3448359390882447,3.373683231842847,3.488336161479645,3.5113547494783015,3.5677437125297473,3.634544838808253,3.6503226404448976,3.664457474358563,3.6734089401985486,3.61698663807502,3.509481427106172,3.462642495591116,3.3808461344156524,3.170698725000243,3.10549541500224,3.006438341624968,2.8938784071088826,2.848417885928331,2.8685758946548403,2.9135436309392437,3.036611565721873
0.3096286192102427,0.37127892025255665,0.5047611988577725,0.5514137322731832,0.6596561330735143,0.7621125594330742,0.8748626830266502,0.962289066290178,1.156083836003866,1.2074523500949426,1.29967810919758,1.3772126505283286,1.5019330253056928,1.6114474046860596,1.7078377271781586,1.9119412910462552,2.008731419592211,2.133428551710202,2.329881739045788,2.3958532130384453,2.5195058249184243,2.6554971529806033,2.8134618622213425,2.9953189872706476,3.2171177637839508,3.3323141419763624,3.373697003930929,3.547547097635846,3.7703731451350486,3.8358136257459106,3.892846948155798,4.022593945421798,4.1094823953714705,4.132123563601331,4.277178881413647,4.22562074534846,4.228387554585647,4.279325566009804,4.221683383268242,4.0802821796980275,3.9300652232586315,3.7855327468365543,3.5309448563385293,3.241868011353587,3.048859341897725,2.842153344527129,2.853713157484504,2.987685823890702,3.13374805024472,3.3989338588213847
-0.10371769149046285,-0.05574796240325941,0.10573019802099974,0.17041415213884686,0.28958098166074114,0.4319741878043692,0.4772984527930003,0.5566597081185517,0.7412605463284845,0.8714707200161057,1.015338919725377,1.1427193079436904,1.410375165116203,1.5365921777338631,1.7255395123485233,1.9251531389781984,2.1257213938473103,2.238204104717688,2.465927278364378,2.6522220290789202,2.7283395479796555,2.976540164142558,3.0999985831952985,3.218239214022469,3.4533244518178527,3.6209291051358834,3.6654456691107007,3.8150091184359107,4.055234722623119,4.180657781086611,4.354757979950397,4.551776253991378,4.559382776401812,4.644285192000042,4.816473296853899,4.7866527731120545,4.768129340170446,4.797216760871779,4.780021269120695,4.561238673478075,4.45740583749569,4.128160271398636,3.5885216190369706,2.8059618517718667,2.4996509536862628,2.3550410761926517,2.434798469200417,3.010220213954857,3.6029804905418166,4.0604943437630565
-0.9647474276991951,-0.8777730642577798,-0.6524291292604905,-0.5765524386712648,-0.4225787301125454,-0.20913795815613048,-0.03966069855245341,0.056744479279631284,0.4238321094918008,0.489151686216362,0.6317315682131532,0.9140993736538451,1.2510616923988296,1.5253628548106144,1.6462434911111665,1.967510664205408,2.1734779132886013,2.346900347142002,2.7140913787178707,2.874243367784483,3.1084831568294207,3.4199744837262767,3.518411339179313,3.7291299362306214,4.0067407651340945,4.114133070933549,4.240445215984591,4.357358957056596,4.691890181429031,4.831928856733007,4.989208549444668,5.272310479629516,5.34006428483543,5.460132586392414,5.7048589733384585,5.64326876877959,5.713551201812681,5.832403120313413,5.804845953997214,5.582386129626701,5.441176228782286,4.881169546470014,1.934610145955864,-1.0414447755358958,-1.600987528411175,-1.8973712951164128,0.26302265338153924,1.7235630821622667,5.017285258944892,5.393907121203449
-2.03664183303827,-2.0829718409974185,-1.8055750490642881,-1.6269781456208727,-1.463778009594244,-1.2867534485069259,-1.050540120112885,-0.9525285368785439,-0.4075772310396491,-0.19385223665873352,0.08474965461946385,0.26926713800671837,0.8558550585535601,1.0946067811691587,1.4149201322153453,1.9332607657621377,2.197390751130664,2.371781384976784,2.870569381592537,3.0180401693028074,3.34308108773597,3.671334203058364,4.01271709819157,4.124579961418282,4.486124567183985,4.631369428734842,4.686770809627792,4.944845458256644,5.367206770246394,5.525434297193852,5.667465805709544,6.10691892856327,6.313520735417081,6.489805021096302,6.868411681811162,6.8048280280184565,6.853122071813627,6.9581287405112215,6.616602747462777,6.127544403597748,4.878977340656603,5.682772167658749,6.73064855160345,6.615322702913637,6.592136328287279,6.446081788898118,6.3412083570233415,6.300370634843006,6.1268160063494275,6.042575101480812
-3.930966848749023,-3.934511229850424,-3.81968445302608,-3.715499951198109,-3.6030142023847884,-3.250176753040765,-2.945754218717198,-2.84575678422542,-2.3095727150687972,-2.0587827805870886,-1.672109836626098,-1.2933281903102176,-0.38121136777153847,0.09341019149191662,0.3341119624525874,1.3736719776760835,1.5503301108395007,2.035920577353014,2.5970540852559996,3.0046336186605154,3.1123467803764493,3.6125546721147765,3.9196412631008912,3.9709856450843954,4.257190147429234,4.349863313414395,4.358201632388321,4.6019091588540215,5.151713891726256,5.406595401192604,5.871256023572246,6.52828935199199,6.698031941730813,7.144927128320426,7.703164203169656,7.835095563231199,7.900672133535882,7.988428653782662,7.97338174273601,7.75913027112164,7.754143795817,7.704959731467899,7.449003401864958,7.326807127663817,7.2228388506835755,6.993123160603827,6.851076568280207,6.796292037779369,6.568966765365539,6.423951733785972
-5.91027298111556,-6.09349612421305,-5.972586587044366,-6.010602467206744,-6.14884606335717,-5.925876750434284,-5.682138167577767,-5.7411046886384645,-5.251629578466933,-4.653957539495312,-4.2747508213738135,-3.8014642996680448,-2.5330633734388703,-2.1889042585028076,-1.311276163381377,0.03794638454994859,0.9132416460840875,1.4654064843578753,2.5977708934976516,3.1165292741027932,3.391346800217079,4.281673835492503,4.578854061286797,4.633689155695694,4.97527971690228,4.854820128872618,4.5261099609173385,4.157736140971968,3.654147617043005,3.2901259091615276,3.084501263078544,3.2640264904646297,4.685547285381977,5.929734925560587,8.617453646166991,9.139510101164444,9.132215013397982,9.074479148300943,8.93619585425023,8.520899110895577,8.46572001624229,8.25485357047984,7.928966850216909,7.796641151700813,7.662726250528014,7.368164154827617,7.32062295259143,7.17208785119934,6.9662235458563835,6.769966158787597
-7.899452218426361,-8.280297919917414,-8.393785791184884,-8.562226784844407,-8.809795025374044,-8.935124434259672,-8.871357691705319,-8.788447450218426,-8.50638504128595,-8.20789088297233,-7.6959607090107305,-7.123903390406333,-6.007974094792032,-4.988359180515607,-4.532660594823779,-2.953386227333006,-2.00813501589375,-0.27471325280592984,2.1504907260397386,3.4127523847334573,4.680059064535598,6.223171060915677,6.955777078027527,7.350214898811453,8.022660890204891,8.028819594650658,7.30430632793381,6.35623966691662,-0.11988694058487054,1.6005906179702458,6.277188422367748,9.302093002517061,10.227315643345609,10.279780164721988,10.24393458943528,9.935243170191644,9.719269403750436,9.526365876909436,9.317053517073715,8.94003387055422,8.788259381261732,8.594543476498695,8.167867066074121,7.986443859494855,7.815007620978088,7.52905032673918,7.420603691945374,7.215731579680178,6.9924959947702945,6.798943477173624
-8.687177328547321,-9.038497524151241,-9.254899752786274,-9.340523157419144,-9.535649984488652,-9.637303259488938,-9.6878955126985,-9.753930140258428,-9.708261735271076,-9.571009976010073,-9.181694662666516,-8.9274962512056,-8.599029940061612,-7.8956761398820055,-7.546906557145579,-7.128857710527299,-6.379214210337894,-5.813258371182208,-3.673009191982371,-0.6925238242272359,4.278057750067153,5.671735907012812,5.921773060330303,6.939267912690951,7.572321599048907,7.992450846556663,8.916857094106813,9.197107535303706,9.520615836443843,9.907969469993233,10.028805449664898,10.134663531148798,9.971033562850419,9.843879565691886,9.625921638111775,9.337629585107546,9.248579047996497,9.034000300950902,8.856311202197368,8.565553255402792,8.36496027006587,8.257775197139571,7.878715385510814,7.665029278684308,7.50474201608551,7.240659413893762,7.064657381149211,6.872461328522352,6.6446683760281795,6.439402341929961
-8.467601017361648,-8.757212484819892,-8.844622644292148,-8.915895140132092,-9.118935711905024,-9.088745880327695,-9.022986257337696,-8.847571788259208,-8.43187735353761,-8.222105694304386,-7.660994822247254,-7.372639858734471,-6.43918264843368,-5.602451586626012,-4.868178309806029,-3.4634704925098285,-2.8621852263428966,-2.8790380587205484,-4.709408239448892,1.0912856922803655,5.222363854134105,3.3256960338233057,4.042487595529656,5.231006211216997,5.978059638777874,6.625124945022378,7.09437381704671,7.4497029433593065,7.781463767480179,8.0748742891823,8.224183743685115,8.318369855526623,8.36790764716323,8.331502348645992,8.254376674606744,8.091843063554101,7.972842498748394,7.900571087204397,7.833759918354159,7.534120934143095,7.43949225406246,7.349362603188117,6.976337169176452,6.867236840922607,6.7798144565015175,6.478931459005344,6.397097470730424,6.252866986946237,6.069045811477321,6.0029424056180085
-7.406824125755474,-7.541070962738502,-7.354117207581421,-7.624587937322642,-7.9984757754711255,-7.762647147268811,-7.712008171266375,-7.599613954973402,-7.004552417522094,-6.467645760199516,-5.8871155854121575,-5.55523344016049,-4.512160169388022,-3.8039590452784053,-3.331118664250288,-2.1915810928843027,-2.5990130371675093,-4.548259078250552,-7.4416133647383775,8.374261791914666,5.235335120916628,2.096257399303169,2.2943893834249027,2.856978688053585,3.6925738812586624,4.001253839023175,4.323636974939816,4.646469463460275,5.297549845705795,5.381645867050326,5.569497105341711,5.8696528080171815,5.951110250498802,5.9676723965030565,6.072957286455278,6.13866023492471,6.180023346161348,6.194575208698565,6.206963803333651,6.152583503019815,6.067670855503213,5.991276051265359,5.864843531202126,5.780604034202172,5.720159530191573,5.568334391725023,5.406743914066069,5.328926342483733,5.213095714579285,5.05207456525748
-5.943651085217273,-6.033887319159635,-6.042515705291461,-6.017096946070411,-6.131007223461792,-6.0404337354571105,-6.03959996615467,-5.990390053324706,-5.546873237665968,-5.338154139716856,-4.971265454082485,-4.74902153190955,-3.955662603466234,-3.6256600948042452,-3.198025560421443,-2.4458864095755373,-2.408764732251756,-2.960753480634473,-6.86111119960632,7.145173604802467,6.23940615929437,3.397337737805254,2.6352529860677807,2.388325685992303,2.0574572245283056,2.204915566366909,2.581093851974022,2.8686169032602677,3.3379134624175033,3.5231424535127185,3.610710401623453,4.1092651742286606,4.181964091080083,4.231775882626369,4.605549204578405,4.5687275739778475,4.57656295415697,4.596703182364209,4.717992901212037,4.631053632375622,4.636952842309934,4.688139574899887,4.506306995454036,4.495793917202551,4.51727899615492,4.324836033150597,4.270553806060574,4.289654514828854,4.112060365900445,4.079970893059101
-5.550789382669791,-5.617951346479766,-5.518199903334507,-5.520467762661996,-5.541276571967203,-5.321189856609839,-5.193531312700788,-5.176992198030727,-4.869764484353841,-4.64671333058228,-4.5430776060939895,-4.276800678202202,-3.803415599686062,-3.5584681859238017,-3.278905760974618,-2.7858790484430433,-2.533084555744095,-2.218269001961726,-1.6898166619741417,-1.3377118621110295,-2.1376682836164087,-3.9437908469129304,-5.89168037769851,-7.255380843623163,6.995740134262377,5.902835411342407,4.208646576832466,2.9692263681616478,1.8034639777215549,2.0715329190562315,2.1869035706574196,2.5183356785919915,2.527911610751918,2.687582718310894,2.9194989629388335,2.9687711712783904,3.0612703822320815,3.122801115941016,3.154808976838925,3.1934819455998027,3.225169323263026,3.251012065683829,3.2129164708410363,3.2134019516115866,3.162435137104025,3.0641532973409022,3.12252652034183,3.070319068848408,3.0344007614180444,3.0329548079375193
-4.948606852733017,-5.011907577686502,-4.887569456477326,-4.876976856146239,-4.850460150769157,-4.687757179750425,-4.66607925155278,-4.590677725722923,-4.322195096156939,-4.200684051900475,-4.064937266923243,-3.9632336584972454,-3.58092518449573,-3.411966116237296,-3.3578917057579765,-2.9537850272779163,-2.6608081633269713,-2.5507392431577043,-2.1866401928925567,-1.9247470264348125,-1.7108131576943761,-1.208351185701619,-0.9682823137119705,-2.384197244891459,-2.6956036218922224,-5.7633789246241385,2.080025176703507,6.523631116209592,2.9066759088139458,1.8889538231621976,1.3247722311426053,1.610257323992496,1.590956583479114,1.5723543189808882,1.53246805611644,1.6411680514659035,1.6872271620751735,1.8414443474147817,1.9414144978678631,1.9553423446036255,2.024050851750441,1.9960518221153705,2.032009403866921,2.026768941139345,2.1108306681722895,2.1304614895825504,2.1543526032124016,2.1061920996701224,2.087313965733336,2.0917540467979316
-4.624509533546996,-4.684935791380166,-4.620622346805293,-4.6214315142908164,-4.6277259215702555,-4.510098643661273,-4.405863592668095,-4.405375224251376,-4.253278065680149,-4.156937889088147,-4.069496627479217,-4.046180576518681,-3.8093563572215348,-3.784601476961325,-3.6466136721460716,-3.2687795075017085,-3.140081387690544,-2.955303282647448,-2.7244518914855096,-2.532807527552089,-2.4838715466528916,-2.205538883759437,-1.9636508065829972,-1.7253912354944672,-2.6744414784749218,-2.726211325027341,-2.4859398767021177,-6.197466915524345,-3.7494012430153205,0.3257912582012568,5.5585438964749425,5.538448569633152,3.0641475897501262,0.6540592644710216,3.8105636896883195,3.786037526787913,3.479777353539419,2.4524421462003128,3.1813853782871284,2.72394103471648,2.8683021995355475,2.9178526723608558,2.0264815018035276,1.4230266635381106,1.0677759870914814,1.036331473081322,1.0415471385823907,1.0579486994262826,1.599989606110299,1.1556367082390118
-4.29194193280134,-4.35357812736474,-4.2755802051749185,-4.294803919442323,-4.302486753638268,-4.164102554835184,-4.168682161997749,-4.140748769560485,-4.035404274745453,-3.9584217103134187,-3.9517952037632784,-3.8932312747471247,-3.767346856654587,-3.6915914123690796,-3.569860856763412,-3.4366134556943697,-3.31342372589512,-3.2143689021636788,-3.032728172987841,-2.910240041964465,-2.787435388889456,-2.5019253082190893,-2.4247699932350586,-2.277564900982013,-2.0299430906675937,-1.880478259616251,-1.7045691373962626,-1.555716168169025,-1.1580134829869766,-1.1142889508162244,-2.1209621432101726,-2.4947030926611258,-2.4888600127837988,-1.7910227229480207,-3.5715675059780714,-3.908429719978894,-4.404510700818707,-3.933757405266825,-4.05603442739192,-3.1756806631648917,-2.865690348884795,-4.816927143214281,-3.2147291278092096,1.5728573740790046,4.225670084836917,4.649223727833825,4.668935672597804,2.6424255183180123,4.128807501543423,4.357101011920412
-4.002418069689084,-4.0344265382092654,-3.987044403828849,-4.01306012082388,-4.012645862690041,-3.9461056458056296,-3.9231695506179936,-3.944343679501131,-3.825694909437782,-3.8448546627719047,-3.8176069897956544,-3.7635475781631325,-3.676626685947258,-3.6377526480435876,-3.5757540986641785,-3.433667368996361,-3.4019825005041873,-3.3518620000254784,-3.208770886510116,-3.0974063729221997,-3.0224035385842627,-2.869055374731048,-2.739221248408667,-2.7082709672726732,-2.489141714607519,-2.3792318892673654,-2.3188225327185337,-2.291197537264377,-2.0081625346585037,-1.86878372579843,-1.7922480346682195,-1.6317220362388858,-1.527528471314451,-1.4204596467649437,-1.2395500230392456,-1.107520046764744,-1.073185122946356,-1.0149960842629018,-0.9495664379973544,-0.8486753852388443,-0.7783110417399774,-0.7779702234006312,-0.7488966470489512,-1.2441816295183963,-0.8449594404424269,-0.6434236700417877,-1.293670862820379,-2.084413368587074,-2.0744880460222292,-2.0297977769837527
-3.7434578413040116,-3.818488451075437,-3.7946787380995555,-3.805468778876606,-3.8318629672607507,-3.7969787019796146,-3.791004541313811,-3.8140347996977617,-3.756228225092162,-3.706312482963553,-3.692532379681279,-3.700982792019854,-3.6593238055933153,-3.618085816877311,-3.5628339895481598,-3.498508947182944,-3.478528005513326,-3.446838813095692,-3.3089957566719015,-3.274534486751619,-3.2180338686396817,-3.050097246861055,-3.0199980948976606,-2.993903326867919,-2.8575740197886055,-2.752844518650598,-2.7021828832355506,-2.6720153110231686,-2.487215510266552,-2.332938073832386,-2.209152683156409,-2.145452162769024,-2.1111812560237313,-2.001860732685103,-1.808883990360466,-1.7821964190333246,-1.766464845468665,-1.6451379629227842,-1.5623331887808483,-1.505152896928977,-1.4731555382127668,-1.4237031926913106,-1.3422967065716103,-1.290993494011131,-1.2718129896821984,-1.2547848113668199,-1.2140377748593052,-1.2106859639858771,-1.2206334300286896,-1.2380856647929845
-3.4681478396117447,-3.546145050653263,-3.5470108654611394,-3.5545548681947685,-3.5639505905102955,-3.5561353454164015,-3.5618584112569396,-3.582680955952756,-3.5619143723997033,-3.5302189075523764,-3.569481050952149,-3.548263759185612,-3.4990324488730846,-3.5139336639880723,-3.484815500053299,-3.427589722413252,-3.406097337910664,-3.368792242524332,-3.3094727407055577,-3.2750857389989294,-3.2215151607514043,-3.17052069555952,-3.139398054611247,-3.084106788813122,-2.938952304372694,-2.913312251900145,-2.89656461363388,-2.830857779449543,-2.7008574605556466,-2.6483081633289665,-2.635010700971577,-2.483269923149308,-2.4120886598178988,-2.3760385509823334,-2.3089238069283393,-2.236541923808069,-2.1511590442855697,-2.0614880802083646,-2.027714049008147,-1.9910325562368787,-1.8269094110668727,-1.7872528034743012,-1.7551711958556908,-1.7739100124180176,-1.7203437225752298,-1.6978969043783818,-1.6951232663803202,-1.686509261919152,-1.6935922612727679,-1.7216790194201321
-3.2973520253728705,-3.3270784838726657,-3.337645966193212,-3.3625734402088368,-3.39099726050462,-3.380791620078878,-3.3909309612087295,-3.411868576453746,-3.3974949504141985,-3.402358116821279,-3.3978850338671474,-3.416111683852933,-3.3945681887043206,-3.4123660052605715,-3.409857293378282,-3.353292232031788,-3.374191896670498,-3.3539275933231307,-3.285034918467537,-3.262449787647466,-3.235811498249179,-3.2036173746286973,-3.151000247668942,-3.1289274233307416,-3.0998619322512138,-3.050173637076659,-3.019033001270343,-2.9908973026626833,-2.94240649515602,-2.889156163963725,-2.837041018129367,-2.7834318287139173,-2.726603603594799,-2.69005256028022,-2.5701809653033263,-2.500387841361731,-2.5048536041394747,-2.455543382518242,-2.4280022305367996,-2.407829070322109,-2.325543957105567,-2.274364843674862,-2.2285153619973688,-2.2229219425771194,-2.2496879479012,-2.235431804424028,-2.2739525798113305,-2.222969328800193,0,0
-3.0707920988139037,-3.114788499909877,-3.12212297547139,-3.1286446734491076,-3.1778113297784523,-3.184334646380474,-3.1832973583025086,-3.2105584607989615,-3.196300886978986,-3.186257206577378,-3.2180833905950568,-3.220372833582038,-3.20396717526309,-3.2230682128859254,-3.2323905004161144,-3.2253603421222525,-3.218071265083671,-3.2118653045575556,-3.193911530710951,-3.1746613817773013,-3.1657014358000284,-3.133471964435901,-3.103854307829645,-3.099071217184918,-3.038094840405595,-3.042644741750203,-3.0341603091581275,-2.9908726133461934,-2.9429501314829474,-2.9137239811934457,-2.895339267197087,-2.837803936444803,-2.7958954224973103,-2.759228910589406,-2.692634302941986,-2.6454256192174253,-2.6180663187355324,-2.612070635697969,-2.5937535918495533,-2.548183087857784,-2.516197540140515,-2.5022348691357674,2.442179296766655e+38,0,0,0,0,0,0,0
-2.903532056161957,-2.939997855747896,-2.9490608747044,-2.978099486645349,-2.9941784360534642,-2.999702847430201,-3.0079790138173044,-3.0338266095671473,-3.0372073305399874,-3.056486852504137,-3.0711318399529572,-3.0848382932785956,-3.0648282273633454,-3.0814533663579513,-3.0923448447158863,-3.086469622078103,-3.1012998087516404,-3.0977364003770487,-3.077580128158374,-3.0878213216368975,-3.0820484899202123,-3.0517882698910728,-3.0456477472606043,-3.0461869830235897,-3.0057761872720468,-3.003605902705023,-3.003720046511567,-2.9823677154141657,-2.935015873698864,-2.89339322680373,-2.878242533594596,-2.8625797767274728,-2.8620651042254015,-2.8473326668183945,-2.8347015454146347,-2.7937696455399745,-2.7812743786406386,-3.25898271126701,0,0,0,0,0,0,0,0,0,0,0,0
