jsons/1312653600.json
{"header": {"parameterUnit": "m", "parameterNumber": 3, "dx": 0.1, "dy": 0.5, "parameterNumberName": "Northward wave", "la1": 40.97354507446295, "la2": 16.46031188964855, "parameterCategory": 2, "lo2": 133.9931640625001, "nx": 191, "ny": 50, "refTime": "2011-08-05 8:00:00", "lo1": 114.97908020019554}, "data":
[rows 22 to 43 of 50, columns 100 to 149 of 191]
-6.952985052918151,-6.946655385775128,-6.372154204321739,-6.2524362518444185,-5.980266594427348,-5.519441846433662,-5.265994521479057,-4.883337832647115,-4.422800265626469,-4.083390608279026,-3.8423210651138966,-3.487563644965971,-3.20484619507521,-2.916344070779394,-2.7789304243845736,-2.5166434814597958,-2.3564820508273945,-2.1994022201694023,-2.0403064732324734,-1.9454119394914782,-1.8112824236792657,-1.6306018226838814,-1.5356784755149344,-1.390347354160051,-1.3062406623681435,-1.2616250114679894,-1.1892386306058476,-1.1109614508810641,-1.05392628147042,-0.9956734965342122,-0.9331037764300529,-0.8629109485562607,-0.8175682451936237,-0.7571808144398402,-0.689651457324922,-0.6410183083907603,-0.571533377879053,-0.511907270753935,-0.4572988730192467,-0.41116329991720024,-0.3018420965270082,-0.25755876936909716,-0.2035474599965598,-0.1546793343821812,-0.16493866445215957,-0.1506914709790147,-0.1292940863524446,-0.09927120549665426,-0.0879100079776474,-0.06347417499074165
-4.935941216068644,-5.0104583288701585,-4.423101007268615,-4.4986166321904735,-4.393433922086925,-4.047291769132149,-3.8519244974147626,-3.7036473298108037,-3.225110568795786,-3.0172650451573118,-2.754538451158473,-2.5624666793483297,-2.205379252199227,-1.9827707202707967,-1.7503295699480677,-1.5377347417425309,-1.4329251557266722,-1.3751129932896193,-1.1873305402234196,-1.106984643328308,-1.0900451097114479,-1.0558745135046985,-0.9485138204089226,-0.8168660293683732,-0.8325930421153311,-0.8324372982996656,-0.8203176946475546,-0.7580090972173673,-0.7348967450562451,-0.6929243826791769,-0.6803307639163833,-0.6546707289008831,-0.6444647281172426,-0.6219586881627304,-0.4640134197392204,-0.415850481378437,-0.3832706030438659,-0.2684075560381854,-0.2081192113857605,-0.18646673030877922,-0.1169203886839002,-0.06887093769614616,-0.049733373194422746,-0.026941561426789756,-0.03900086755202644,-0.044869641194580354,-0.033782589174152104,-0.04717652035709748,-0.05539308105258612,-0.0636100645148886
-2.468913140978337,-1.6627907844050451,-1.3499216418686506,-1.342386004105043,-1.4483354022427593,-1.4484911888367997,-1.3530679271807848,-1.3601411798900234,-1.1778933993336487,-1.0925579724371093,-1.042600620457834,-0.8639506541063298,-0.6979404634904447,-0.6848148751514213,-0.5250934005560776,-0.4322248595803413,-0.430500474923406,-0.38204644590758047,-0.24941689880410003,-0.2859662173336005,-0.2591957624065715,-0.3347359666115792,-0.37852791847435735,-0.3479108662225355,-0.2843731145010209,-0.20057734810245123,-0.15282787202475134,-0.20219637690988135,-0.23563654834623057,-0.23744079859806896,-0.26377676694219926,-0.2524425319990124,-0.22661730603652624,-0.1930855123624712,-0.1216650533108749,-0.07205966205282544,-0.036935615043015436,0.06075034139719584,0.08131963900575961,0.2120015116669118,0.384483380071956,0.43764007415199574,0.4326321191358166,0.39633248884824807,0.31801030973300953,0.18706226552948071,0.02793350946522641,-0.2671880084183385,-0.36640341253590714,-0.31780163059297334
2.8247590928500736,4.510481603010566,4.708834138651205,4.459934500608417,3.9095547278379374,3.31722624353562,2.9500233747469644,2.8522373629212496,1.8225638683449028,1.7229057636065117,1.6518188237624674,1.293886890290573,1.0877356557386837,0.910185145555633,0.8350985592694288,0.6179689103386116,0.6545941367985381,0.6704381351368383,0.5167409059781913,0.5272673444880774,0.4375601626285642,0.3901587288581895,0.3837443470764671,0.3239517618352266,0.27293777747246994,0.2527663530150022,0.21878500606223736,0.20463071998151072,0.1574188286835398,0.1896309546929728,0.22683959836575518,0.16434020400705832,0.14393032451898205,0.08080649410989552,0.07421142025369162,0.09596015880507806,0.16360444148067305,0.36932642843582913,0.45632924172099254,0.5714681676471859,1.0311675999377665,1.2393590822803695,0.6735071907216468,-2.66729622708293,-0.03971462903541364,0.5459127434362945,-1.4196024828329499,-0.8264609230560618,-0.5913632657661844,-0.17075095794681402
-5.5373729208597355,5.280025643381014,2.478704086288656,4.134452814848726,4.646078214660747,4.659540149342427,4.393847960410192,4.190225059739067,3.688668793736515,3.4627891748630226,3.190203045707404,3.026633830079248,2.5218512162601887,2.3302583772133603,2.1000722503480986,1.8169796871180826,1.6251081455519993,1.5928661875383383,1.3914522536105964,1.338015958447758,1.199929917734198,1.0838587255818735,0.9626567585370636,0.9168362993093974,0.7435205456172167,0.673128564807074,0.6182786268085115,0.5744929444249771,0.5486215096355715,0.4775341824405102,0.45677565550991617,0.36393504194915216,0.36973586045865037,0.40805606526647387,0.5807398454417285,0.6854746195421895,0.7881658358485757,0.9875029220232343,0.6821015785291664,0.6128263745025082,-0.8711352137333528,-0.6720314310544482,-0.2709786703893269,0.05535938718369398,0.15142528091823254,0.2979130933189118,0.2720409404069431,0.40430522510332373,0.38288889986650315,0.4385718749659463
4.954122882755289,4.678895212806543,-5.037504187825355,2.028306570108289,3.5053094373902884,4.804602899471213,4.708408774420514,4.541797963378263,4.277432621517859,4.148617145822086,3.9103778590252163,3.7440685813594663,3.4146620675824164,3.2293268898604666,3.128142348677035,2.7518865726355077,2.653991024147725,2.457246605158471,2.2932605431319124,2.150042340998419,2.115116347587086,2.0374040483677858,1.8986079527925255,1.8817583168481289,1.6276836534094297,1.4579842043286082,1.298079271318509,1.203926509396896,1.0590791403826447,1.060836409161275,1.0548551897971314,1.0808019280303904,1.0517379326291847,0.956070695418646,1.0012764725937546,0.9813073451872779,0.9806456349688458,0.9545543088505448,0.9018297107947152,0.843048932423972,0.7716747108020358,0.7424232418863811,0.6927787926383427,0.6773412340133736,0.6574354686719243,0.6354831149462878,0.634913418517409,0.6635149349098283,0.6782233580577998,0.6986893990980514
4.624891167980302,4.600593847215662,3.8639273057677284,-0.8865724894941189,-3.861261789642779,2.9880501291765866,4.192760945422862,4.187186809306384,4.21410909997398,4.10958827620269,4.000901461879326,3.859570459279916,3.600290334600273,3.491399348715963,3.335621899497502,3.118166449757747,2.952860194418652,2.8645672361339343,2.693135407908537,2.630073189539452,2.5356340725756565,2.4632200527933032,2.4609544494024767,2.3281289641110465,2.270675316380494,2.2622995209951564,2.258965042418933,2.2811096181043555,2.3999938949371735,2.5289665619709853,2.5796507395571484,2.552332314604253,2.1761825457604544,1.8481097699533053,1.17175978909588,0.8662445789283535,0.8438857883031334,0.7740549532309514,0.7292166261592854,0.6712280773701023,0.6753713453174136,0.7010109374501682,0.7498530006965805,0.7743544902188676,0.8239513005439751,0.8536802442655512,0.8738716343722557,0.9772084166033934,0.9892931447937029,1.0244409541256414
4.133254730380092,4.134115319331324,4.184964467756701,4.158223116878064,4.017595719351416,1.4336062942221224,-3.687969240943862,2.828857410176593,3.957543928251221,3.935535940221774,3.8885425732039507,3.8208969222165488,3.694979788462139,3.5768582107805664,3.5321190806302165,3.3776137995682376,3.291826952197916,3.2300200184113637,3.1341300080050316,3.0927404423567895,3.0739097652021794,2.989764467846185,3.005529165329469,3.054138390367127,3.129483253634183,3.2057606082861727,3.297581817177261,3.0447270981204504,-3.4048194492522836,-2.1642081186815454,-0.8291500428265772,-0.22546953373559322,0.005644360396125713,0.19882162198440176,0.5342477622297604,0.6775409411742167,0.9413940581530077,1.0778233124717418,1.165840108630891,1.228927789842816,1.3495450958621917,1.4502839723242795,1.4776236484945195,1.5474177287839876,1.589647061776736,1.581483330044926,1.6063714182113407,1.6268124095238397,1.6467834904131795,1.6958846953307187
3.720993727432446,3.706085946760086,3.7382683695799694,3.7616183205597142,3.730849614365563,3.772230314717364,3.459505797065928,3.246096717742856,1.4605876573846792,2.992720261565065,3.497388406749714,3.610733882088235,3.5521149974296815,3.5122328834509227,3.471689701774269,3.3950241912581087,3.3483962010546193,3.3186799255739503,3.241236785541867,3.2476821108279763,3.2720835452328356,3.2136274788684553,3.206454657112987,3.2663956943489607,3.334598751006847,3.4074563113511114,3.455940202548707,3.4419881678115263,3.2062334204747036,3.098193072199409,2.953428362837649,2.7331959569184994,2.6846086456547598,2.6756107230230795,2.6104934433794424,2.5547117415701233,2.4474292681917684,2.508484294335097,2.4450854248667553,2.4100291662630253,2.4157159072910943,2.4232779377783613,2.410007547884329,2.3796398751694925,2.372355257796467,2.3634362360833854,2.3504462642421693,2.312807519872616,2.3283636833522294,2.3236361379851354
3.351683093224901,3.331832236463209,3.4216175500696795,3.4580675252409745,3.433060598355862,3.4811513201609707,3.473325811657391,3.462356694365732,3.4536917004270156,1.7040353078111876,-1.3523236098450748,2.5215945985082673,3.368280867725889,3.3921934596307364,3.364865891528436,3.358863490986221,3.3414755452690628,3.3285537429182397,3.280411594917117,3.2525379938657983,3.2264349501864764,3.1977178575633496,3.181230409078448,3.2026212851292084,3.2071418319250076,3.2398313589324066,3.2923840117266097,3.2669358121774343,3.273344233369623,3.3285589837007272,3.342189493226638,3.3664808679251292,3.389878012804057,3.345188119791116,3.3431898834315112,3.305633048541337,3.309480248096778,3.2722066267971406,3.2418866906437986,3.207062760377133,3.136004746783565,3.1296821359276517,3.056397631208031,3.0253102358121757,3.01407147582921,2.9539532303841787,2.9353700087569057,2.8844798986158975,2.835093834900347,2.8034277706558184
3.0701422891656107,3.0812948679995524,3.1078131149374504,2.8574010004839496,2.274440748529371,2.8658237330890852,2.9901642446372643,3.1007232809619283,3.1907512312929653,3.1970340055610076,3.214702332758932,3.2202343149789967,3.1264942475703963,2.784216237325003,1.3792686572640704,-3.1916645266041783,1.5454830209263128,2.6966768325018413,3.1568829280756203,3.1507357492432337,3.1321546798714768,3.1289332144896127,3.1320693116443294,3.152671215545738,3.141696369237431,3.1441820610686855,3.2292529364693308,3.24518410003935,3.2637816488308964,3.286134318243064,3.3183874690863355,3.3173220056567874,3.3148760372052166,3.3101168281154676,3.3232601820346916,3.3022432904944905,3.2642119328680947,3.2700095731903884,3.2609084635917274,3.2491920670271526,3.2178456171396417,3.176901152403179,3.1574374448355793,3.1392481662097262,3.1145039540364667,3.0843827745140486,3.059151386939955,3.015376307472317,2.985805490322454,2.9623684646412056
2.7413764821280675,2.813867392452035,3.0627526193281938,2.8855386176037556,2.9142983776308156,3.0119252845566153,3.0212931339210205,3.013770160562662,3.0505856870645807,3.055177809392962,3.0682508632115484,3.0762332615034604,3.097420538083243,3.1088622444631873,3.1198480426365203,3.0602061313954367,2.9789990367610986,2.4877502403701452,-2.312506037189468,1.575315596528275,1.8389843936132795,2.837570425577039,2.9832235814121564,3.0374974849859235,3.120414057570255,3.1455522909647233,3.17261626297104,3.1987471646187653,3.1761004646425923,3.1781263051098447,3.178845148050795,3.1659840912621267,3.1821488190437086,3.185428201006119,3.1887937911265656,3.1968187209236145,3.1907603254919428,3.1729033386899683,3.171812579135688,3.1739993724715485,3.155874809321697,3.1458392937949817,3.127710486060817,3.1140963833232367,3.0996045883733703,3.0707208552428282,3.0619652687850274,3.0493701858262163,3.0223145360641697,3.008222828500015
2.2657818054737042,2.3751847206304335,2.5741147552892047,2.652128955267571,2.675135670999977,2.7932489393077127,2.8773636088437966,2.8650377943034315,2.9473858133151243,2.9729060088002504,2.969441418793767,2.9793748408044314,3.023101589396477,3.0194155745759237,3.0461736833434885,3.0633122614314963,3.0491224187902164,3.0649482323863166,3.097878942908143,3.1165231025775966,3.0296962096100026,2.866813875731736,2.7198723472514974,2.204037247191256,1.7539221503619797,-0.5185353860441868,-3.156120883362442,0.7919333896881119,2.3932494850358204,2.9724812667471077,3.123052550821653,3.134909355969863,3.1358184223510466,3.1337135832466694,3.129692897115369,3.1195771295416077,3.1148374996108887,3.1070910537645022,3.1023046990753933,3.0928788598112673,3.0861853230133764,3.07687291423487,3.049806961175055,3.054311392645624,3.0586716867533434,3.0505677259644304,3.0443251982197412,3.0287354850706047,3.0088219361016555,3.0004915504673364
1.9923003345870203,2.0775750934441364,2.223284089334192,2.2990254634144307,2.351174872107664,2.52308192012572,2.5565029928642535,2.5872584961366187,2.6825737760569592,2.7218220377828306,2.774703736535768,2.802724656118609,2.8780716358595626,2.8977001641994238,2.9071270063335914,2.965909803349635,2.9989522606328505,3.010843456461089,3.0297777875386696,3.053613312564677,3.0556219219901886,3.088097875779084,3.1061324525495224,3.1056355833999914,3.134630876758334,3.088366277054296,2.996754474941768,2.7770728898091277,2.788825585711969,2.5651636084398777,1.8186984278015836,3.1243138244330533,1.16995569329862,-0.21897196929734586,1.4678625268798622,-1.8373099963512318,-2.643377485503604,-2.7044495651077796,-0.4786228862476593,0.3070412468574979,2.8053457984665604,3.0010824608287967,2.407998251572911,2.4320404914622156,2.6901139576402793,2.7421122413293464,2.7880327487685843,2.818105531212502,2.9393997895442654,2.9511927058294694
1.7540005234541842,1.8240005050696997,1.9351022586874127,2.0054020550759213,2.0514276051680334,2.190713953432561,2.2485749148568863,2.277846864237449,2.33609350075829,2.395984164159129,2.4362866739665123,2.443919361067947,2.5555453099155847,2.5571276039368414,2.6183016853293215,2.7314013948236684,2.758791602982335,2.803308399017641,2.849769536106772,2.8884221642362577,2.8943534937725075,2.9337930674599653,2.972208785365492,3.014769748143809,3.046412089976702,3.053841757960782,3.029659097890866,3.049242010122048,3.0747890431568283,3.0456446244918953,3.034306081840388,3.0451539175783906,3.0387706166349444,3.0285805636220933,3.044513678991209,3.034831297217504,3.0247918643482614,3.012679822941917,2.9645541510701006,2.9563584546962014,2.776582031813342,2.6814520910629382,2.317801025835191,2.59277815490482,2.9291422717837894,2.1711830244775205,1.119108634574112,1.2906060540858355,-1.7523001689146485,-2.7524407589267277
1.5623610383495365,1.6517657934787975,1.753894418862035,1.7999171649739893,1.840106122637651,1.963647130099997,1.9956692766693354,2.0560257160018045,2.1272131481219563,2.1983907682153645,2.240785861915409,2.2924553226554396,2.3971969624403044,2.4174527216689214,2.4740607054741197,2.5219600410418535,2.5679966050509413,2.5905657301499723,2.654684304538986,2.706655283983715,2.7374248958263023,2.805740898499389,2.820764494729429,2.832515380552563,2.859336039905234,2.8796054899209227,2.880817342653098,2.8934735206822366,2.9490696744334626,2.9480637508313454,2.9314814446957875,2.926654087715789,2.9349717620477938,2.944705027286562,2.936914741881769,2.9092813037998413,2.909703133862006,2.9188633147316896,2.911127804244581,2.9017057452673916,2.9021777736320433,2.90665572153604,2.8888527857875026,2.8869071665824264,2.8808177617529225,2.8718434761473866,2.825916748163931,2.768300353414071,2.7596302756211077,2.7912633520194556
1.4038408131632982,1.461165496691604,1.5820167319061347,1.6231238542146953,1.684056786483317,1.7564778040952371,1.8167555208627817,1.8565912081613463,1.9991077342866803,2.0241569163880286,2.0426546345211616,2.091532378459472,2.132351216165397,2.179921065956662,2.227219411050228,2.3028608380181588,2.3507007812329697,2.367499004135852,2.4255026476407573,2.46569298979001,2.5195557408981353,2.580858552874782,2.6077986173320498,2.59288956150273,2.656839256585776,2.679628025747589,2.6592629443298836,2.6601768453117054,2.717735013571184,2.732843472278261,2.734567121958903,2.7579617704388926,2.754961930628756,2.765389580700099,2.7837113062354266,2.7734143849252946,2.77357557072047,2.783293346984465,2.782840810909309,2.778701589039466,2.7873967346980075,2.7860296026552165,2.763186308643304,2.7740673510379183,2.78008898511983,2.7781496681038367,2.7669863022714334,2.7548047477915802,2.730160973711817,2.7229456190614774
1.251891375395433,1.2853616683455291,1.3938783557856194,1.4372122968297545,1.4786324243752924,1.573586440394679,1.5879504083945366,1.6533763375982415,1.7557179579931108,1.8106183688676194,1.8238526123464953,1.8681292105381746,1.958095524197903,2.0038859324676688,2.0340859044417168,2.0934787577700895,2.126310846442016,2.156492358686075,2.230062649331825,2.258400390435305,2.2917840754335193,2.3849085036005686,2.3952189700076345,2.410065541566084,2.4676784666118796,2.4974269557153264,2.4967812414318455,2.504832207512639,2.5471204734256645,2.565071773373236,2.585017556863573,2.5999589285207354,2.593245944014647,2.6055211712502295,2.621326204082821,2.6071598903039916,2.615887369022348,2.635510915665564,2.6369461636644704,2.6045810621748506,2.6047420176850964,2.62033566639744,2.621898268682658,2.628689552170272,2.6200827707566288,2.605698223703526,2.609580064019235,2.600643922960026,2.5751910539272975,2.551024838280143
1.1137447427737046,1.1928449738653286,1.2975622358851364,1.3461851279393524,1.352930856915341,1.4322535479305314,1.4792661150720836,1.539794226517707,1.5885976727013853,1.641426723659437,1.6970058941939636,1.731576813454625,1.775780932283144,1.8347805608814252,1.8791472306862238,1.9297905631239538,1.9676868680786461,2.008868750802487,2.0477121310820032,2.06751798996649,2.1198413193183323,2.159395092900591,2.195943976809381,2.2361131091717583,2.3491354886226308,2.374157494594853,2.3676855069205174,2.374251888683689,2.4176322533608645,2.4212161246560444,2.425054326123274,2.4622623153983225,2.468925697230184,2.4839043404701164,2.506737925435002,2.496189108943589,2.4812499216809027,2.484717095848876,2.479795654046575,2.4601703437366984,2.493186248589161,2.499042756343626,2.4918594051151586,2.4580849197777757,2.445208246365597,2.40123424890772,2.3890789588244647,2.3884743845320218,2.3788617859894905,2.3495554456992687
1.0999118317288041,1.1295851382819275,1.1842027844434202,1.2294048169231206,1.2540088075873346,1.3311711726153836,1.3806310346491077,1.4159435742369482,1.4985852589049409,1.546337087356712,1.5537603301860667,1.5734322826855605,1.6597395466827303,1.6854631089283385,1.7083591216815495,1.766827896004544,1.8023838896793642,1.8269704169124976,1.9002025646370555,1.9472519134109607,1.9688419897303129,2.015089784183201,2.0800351976831633,2.1160700542557596,2.132557722696331,2.1578901525159577,2.1863305881320616,2.200988441996181,2.219758497170162,2.2209992863063803,2.240561202969924,2.2579209760776644,2.2631736225151196,2.2597406431015723,2.273973028314486,2.2451375647689535,2.2496230635215353,2.2687275806808347,2.259272399228637,2.241943492117178,2.2388638717697718,2.239991819137402,2.2294302060777986,2.216151557660212,2.1847656649930642,2.1287917357114203,2.0731287107894083,2.090072702895109,0,0
0.9707097025022875,1.0271764185416516,1.1027588296299713,1.1374496934248246,1.190105662084015,1.250497583382157,1.269169561102189,1.30853098169072,1.3357209945267867,1.361851508280363,1.4073561981584637,1.4315748355041866,1.4773210166157842,1.5171104936096702,1.573244944186087,1.6186381235723608,1.644846740818862,1.6913725931597907,1.719319648709711,1.745698024977046,1.8021034840723984,1.85964925029519,1.8881563778119044,1.9092826367111422,1.998469206682471,2.0308335690224615,2.0232066315159383,2.032463785789628,2.043956228047444,2.0353978819074663,2.049795599739854,2.077660995982529,2.066492823107129,2.0736425323373515,2.083140866172073,2.0894713600185115,2.1037800513301934,2.0848031345303766,2.0555554099078925,2.0089451522641526,1.9934808483147688,1.967802156735703,-2.624175197345704e+38,0,0,0,0,0,0,0
0.7837933575940468,0.827251149838718,0.8999586098383556,0.9272080800185291,0.9581145628458273,1.045643468074166,1.061148060449826,1.0848264443924849,1.1712357415428132,1.1996281784026288,1.2487142023216868,1.281660523693756,1.35108740550897,1.3575897448650827,1.4005346708084896,1.461207887903996,1.497750446889403,1.5178235202806165,1.5729470901208724,1.5974353472529683,1.6087419321765886,1.6447269826362012,1.6483278894256608,1.6601117009569228,1.7272580792437748,1.742314297353469,1.7564328398249938,1.7698908560871083,1.806981178985911,1.79810363613039,1.7983122289133484,1.8039109401100561,1.8101768750319727,1.8085008031817877,1.7697627177030606,1.716196186723382,1.711142002429634,0.5969352342463293,0,0,0,0,0,0,0,0,0,0,0,0
