jsons/1312740000.json
{"header": {"parameterUnit": "m", "parameterNumber": 2, "dx": 0.1, "dy": 0.5, "parameterNumberName": "Eastward wave", "la1": 40.97354507446295, "la2": 16.46031188964855, "parameterCategory": 2, "lo2": 133.9931640625001, "nx": 191, "ny": 50, "refTime": "2011-08-05 8:00:00", "lo1": 114.97908020019554}, "data":
[rows 0 to 21 of 50, columns 49 to 97 of 191]
0,0,0,0,0,0,0,0,0,0,0,0,0,0,0,0,0,0,0,0,0,0,0,0,0,0,0,0,0,0,0,0,0,0,0,0,0,0,0,0,0,0,0,0,0,0,0,0,0
0,0,0,0,0,0,0,0,-0.0734284822999625,-0.10399591846537913,-0.11380942348218064,-0.11661667519082768,-0.12073095539774319,-0.12092382938499163,-0.11796588336138915,-0.11915137398852382,-0.11769987558714468,-0.11796667528237226,-0.11817382530006826,-0.1233013063396938,-0.12239214280918831,-0.10363558349583502,-0.15487126260565082,-0.06827429358156265,0,0,0,0,0,0,0,0,0,0,0,0,0,0,0,0,0,0,0,0,0,0,0,0,0
-0.22435087011755328,-0.06393812330778481,-0.14083866834671926,-0.1346866585971876,-0.14779580127916317,-0.16114612501116915,-0.169743172097174,-0.1804409647829734,-0.18069442625929238,-0.1800757926552009,-0.17707665757769048,-0.17948245740672275,-0.17978981994015766,-0.18006808880089262,-0.18017370998638527,-0.1818375075891747,-0.18433200693425958,-0.20532351204094515,-0.23214432776723543,-0.21044176395408198,0,0,0,0,0,0,0,0,0,0,0,0,0,0,0,0,0,0,0,0,0,0,0,0,0,0,0,0,0
-0.20565727706281312,-0.21574295528612694,-0.21236176020906328,-0.2086133166808178,-0.21881961675214098,-0.2344457965975321,-0.23854666890826265,-0.23501058549566456,-0.2377668567230909,-0.2533795395925759,-0.2565088796542763,-0.2539892589611127,-0.25385979326484803,-0.24000493864362427,-0.27870353196858194,-0.0007062699260352911,-0.08664018016289565,-0.03831919443493323,0,0,0,0,0,0,0,0,-2.6129827282466144e+38,0.80210036956331,0.848509355282685,0.86675568034042,0.8983646846134643,0.932418346405946,0.960125671323209,0.9794228591478504,1.0376654104809078,1.0618760044768139,1.1031085123907842,1.106006061962387,1.1441632101823556,1.089626041281259,1.03324080588659,0.9640333517576279,0.8942980219052384,0.8194767157011215,0.7624667427823827,0.6721370575943809,0.5977780165038962,0.515199473706693,0.3876877030181802
-0.2866618297599502,-0.29779345987846845,-0.2816779336165465,-0.2781991125700309,-0.2853923233487754,-0.25953724791365224,-0.2525219976662292,-0.2565933056479092,-0.23960979683923359,-0.30464288043430177,-0.3279996602563181,-0.3678756480600342,-0.46821811463702534,-0.3423286964174662,-0.3644936034018708,-0.29312138557091444,-0.3351624944724876,-0.09166120187612399,0.33541604261816577,0.5434013936856843,-1.1659933633870323,0.7373262558444166,0.7874922282708808,0.861280065977799,0.9670338897802176,1.0332691753100203,1.1095241610416857,1.1684007309673223,1.2205490446018035,1.2791320660899277,1.3413768410089075,1.414899033317652,1.4604933775255666,1.527143557291361,1.5621251971857808,1.6282297913222645,1.6629499782193218,1.7000862157505152,1.6717468346697293,1.6624351726861764,1.620599240930049,1.6098429188371648,1.5055809922306547,1.434262443681362,1.3694466701925443,1.2265452817100868,1.186152098009566,0.9583277336318705,0.7012032999811019
-0.39297842318562887,-0.4124849538832697,-0.4076613413388577,-0.4083558389059775,-0.4287972561553989,-0.4094937164237315,-0.4070489833951403,-0.4167489976854785,-0.4215741526379633,-0.3587673704250692,-0.35763157535594514,-0.33109528228659313,-0.2525261109907571,-0.22305050042514427,-0.17990882732649593,-0.08933351178071479,-0.06756361942640768,-0.04654831704730644,0.07708476529336318,0.21118183238880478,0.2881449209418303,0.4811155779558915,0.5399438908569464,0.6753494416117534,0.7869680944175533,0.9782401424838709,1.1554689734217465,1.260065339367662,1.422715412728617,1.5568285979662233,1.6196011463123112,1.8123379535054016,1.8565545005741397,1.9528522359128613,2.0212686102886,2.095033909892748,2.135214794520555,2.2206895313941497,2.2283865114009487,2.243369365695823,2.2527799386092493,2.228259552884079,2.182380476618215,2.133014686485815,2.1489983662655954,1.9995978573362396,1.9130416193103594,1.7209977508937548,1.2435886093882669
-0.5079550319236621,-0.5350875487032786,-0.5416738428700707,-0.5562546480968424,-0.5882600987140937,-0.5954824202646558,-0.6022020956331016,-0.6444756319793515,-0.6440072241328962,-0.6339127590141873,-0.6506618786566113,-0.6605539302858465,-0.6497956895909096,-0.6708186064052352,-0.6555222270247711,-0.6285298733553344,-0.6020862723444353,-0.5862089638943825,-0.4349813024741208,-0.40533053915938444,-0.35592792806817125,-0.13928151695966395,-0.046376024708378066,0.04587930736488164,0.2849236063882064,0.597763578648554,0.7470385863321318,0.956367236905016,1.2387640310183876,1.5104104836403172,1.5941292901976738,1.8554767440837043,2.0845839108203155,2.1750807329167605,2.3690970196690135,2.4372146719264007,2.526162381174307,2.6439024615102675,2.6926769892166917,2.7381973342883827,2.7995802975566977,2.8426853316586986,2.863644965851389,2.8309685090406216,2.8534565133076373,2.769597984374228,2.7415031926834827,2.703922245021188,2.4509097955159773
-0.664574422922637,-0.7012432427484011,3.385962890654282e+38,0,0,0,0,0,0,0,0,0,0,0,0,0,0,-0.987673794952405,-1.106679938765326,-1.0691479955713552,3.21004872687664e+38,0,0,0,-1.0773994917656537,-1.073632633274981,-0.44117346084413217,0.46600874022656746,0.9774437790236457,1.2990947163359894,1.4914991090263343,1.88940419058013,2.216272396030491,2.388943397685437,2.7061853690306776,2.8943151474251265,3.0221330444777452,3.204843403366425,3.3202664077899207,3.440191615193332,3.4872791935797394,3.5827734445401154,3.6358383664747436,3.685011258186553,3.7462658229349097,3.784971406520828,3.776850171141947,3.807960007752569,3.7245382222860077
0,0,0,0,0,0,0,0,0,0,0,0,0,0,0,0,0,0,0,0,0,0,-1.283342062396873e+38,-2.024944450843873e+38,0,0,0,0.7837153493462864,0.9369407253863373,1.0817841779788913,1.253133313319858,1.6837403494276522,2.144721029087424,2.59007016789944,2.9520309075357805,3.160540275587232,3.3720120538726186,3.689214153277549,3.8544165149822938,3.987825830052132,4.182119639026998,4.2861854517626545,4.399241569381569,4.432479991072236,4.663655101995568,4.673528174256599,4.697893128559196,4.81529936845854,4.756036486528067
0,0,0,0,0,0,0,0,0,-0.9387760749920347,-0.19985523592305993,-0.4764724794938244,-0.5200298326999857,-0.7326587826866451,-0.685212473398679,-0.7024461690734128,-0.6643052391023488,-0.7091036602461377,-0.6063029937434204,-0.5271213826297401,-0.41959062813941783,-0.16947562809019878,-0.10104835779601867,0.0443484689369333,0.1466616949234355,0.4101958455372738,0.6346058947466825,0.7851294070303907,1.0286932403791096,1.283148205887317,1.5301374005368285,1.9081982308344165,2.29084276268474,2.4809932704662163,2.9663093251395334,3.283282187251834,3.5735626743468005,4.094600562552965,4.394213996231757,4.66569460463145,5.111736716818051,5.321993429417028,5.490690540824894,5.629925958326652,5.887535370207626,5.948409681963084,5.9726925614584205,6.097016349429292,6.110672312688979
0,0,0,-0.4324635834835932,-0.932097005713022,-0.8976450345627698,-0.9704033167095415,-1.3057208430302665,-1.4835220893525651,-1.5604232573865526,-1.719955206992504,-1.7371969155086469,-1.7277701759069917,-1.81085930890647,-1.832290359882776,-1.7224464707456404,-1.6222040212302369,-1.6475323969331361,-1.543827930408936,-1.5019020149419948,-1.4499597071089185,-1.2900315609822046,-1.1987660464925305,-1.130493278403764,-0.9585843631602379,-0.6134488726516215,-0.501145955216987,-0.3432186440380933,-0.029779629758142464,0.32613302906660935,0.5675947686752424,1.1238997859097613,1.5906332606110554,1.7897454755882487,2.473217605865275,2.768685680145602,3.2535210559303693,3.8910721234813894,4.274434260748628,4.886736785682679,5.477397906917155,5.962260574805362,6.314242844749446,6.610447319562181,6.910876427959228,7.094002263314515,7.1561199369484525,7.312769895632612,7.187546023753797
-1.1642841049293486,-1.3901640085350486,-1.4970988076658778,-1.5876723091034701,-1.7636778188833273,-1.818217802067585,-1.9074510273141236,-2.0874108746285827,-2.18140812423541,-2.2430986617594795,-2.4248374873088365,-2.5595270741235505,-2.573506802924796,-2.745781241237359,-2.769453315395691,-2.753524138836549,-2.7834708806468167,-2.796884938633105,-2.6979018937975927,-2.7178128218244497,-2.7487413148664968,-2.579279478716797,-2.518795243110591,-2.557107107264517,-2.4629280369109434,-2.2082776319805646,-2.086996750255165,-1.8527057918691217,-1.3076066791986074,-1.0237709400948218,-0.5159579086214467,0.3164944715156263,0.8848340068048628,1.2780727570351955,2.039812592474075,2.4984985010413077,2.756309376699475,3.395144577495014,3.891422861983769,4.4075062362015505,5.235920755493416,5.589766383390427,6.21415345662595,6.496893617744897,6.9383705486911,7.314453534255827,7.472092066762784,7.67466928278662,7.665237469849187
-1.392083967110961,-1.5406242786342716,-1.6006148781879161,-1.6509605542675387,-1.8112080336021048,-1.8871910260153921,-1.977570886939536,-2.132866169584894,-2.2401492181679847,-2.3449363177803337,-2.5104344960346303,-2.6338339854287818,-2.7208033715479574,-2.9232504895509757,-3.010322191005195,-3.0354537192068154,-3.166368114230429,-3.3273741176928806,-3.350669168844004,-3.419431755407241,-3.555914392130637,-3.5688277011022653,-3.617606486589803,-3.7000224336141216,-3.725800397282971,-3.5681978309263185,-3.4923257450291554,-3.3875252719343947,-2.8117004373934105,-2.4228981513732775,-1.9080513612491383,-0.5410729995577774,-0.1564612087573008,0.6422228815905906,1.5872300807984407,2.0952222262998306,2.3852786097026075,2.968253625919319,3.3317461101807098,3.6296891691934237,4.396325750188231,4.701853173173906,5.2054990585395755,5.44300943481705,5.849337025246618,6.243574822830388,6.383728897609006,6.594893666647529,6.7532044716326105
-0.8919588453875829,-1.136645197050908,-1.211393264454835,-1.3200208985474282,-1.4992988475798428,-1.549447237052674,-1.6278979501191098,-1.758813309852614,-1.8305000533592455,-1.9195653684632445,-2.1073084943287297,-2.1940396047669535,-2.2910826344095163,-2.5169709932238096,-2.6060899859106366,-2.7167365607580707,-2.8379662277386126,-3.1721051977963457,-3.28525237513318,-3.417862057687413,-3.7015236729161822,-3.806797465860805,-3.892823446703081,-4.0928605753345835,-4.159815847105172,-4.202360052871975,-4.327112225712576,-4.308634942410363,-4.243187194359721,-4.338569005343985,-4.262964270529884,-4.08651144844652,-3.673758251223223,-3.2979156766122952,-1.6517407638389416,-0.9149050974796143,0.6464378640583478,2.286426112031866,2.7622932997171135,3.2197371114630857,3.9158196723366143,4.184555500454093,4.456905520980342,4.79701797929947,5.080922380955785,5.426276288783784,5.565622180469889,5.761442889660141,5.949840751962742
0,0,0,0,0,0,-1.0740434064211124,-1.441652547899644,-1.5471068666490244,-1.6076536520915132,-1.724757091538336,-1.7838991539134974,-1.9006387610108624,-2.1079754241495476,-2.251342148790654,-2.402767398177798,-2.5302065116796544,-2.770865397558524,-2.935844850852449,-3.053247482165161,-3.3105334253273293,-3.403342903673296,-3.4603667145978796,-3.565225738792152,-3.654481425866038,-3.7512782620176943,-3.989800225161727,-4.136961882252838,-4.187395572959895,-4.315129207873391,-4.335133897376662,-4.327909966121386,-4.320811003056913,-4.2865616565946025,-3.9813040466726948,-3.4836653766832684,-2.541384833358073,1.2294450775158028,2.5793390322801404,3.5368073328334266,3.9823771295512205,4.103403167133752,4.259143010156496,4.362883614810479,4.5249803938153805,4.7122504800559915,4.795648070686933,4.921485993795607,5.063564741619217
0,0,0,0,0,0,0,0,-1.062290087241602,-1.1903565265318434,-1.3628005008612791,-1.3532724434601886,-1.4337711488063984,-1.646291767531602,-1.7896855744508213,-1.961042855953887,-2.0920101888424187,-2.3206301987079723,-2.4438592912191264,-2.567920917237115,-2.798128615434322,-2.930497212814897,-3.047125423263296,-3.3006019402616347,-3.436946229705237,-3.574298850111978,-3.7148629138234934,-3.7543438256702006,-3.7898274205236735,-3.910652841867461,-3.930825486924179,-3.972022910084118,-4.041371910584155,-4.086415755341711,-4.1087713407352595,-4.152314797950242,-4.098850080064611,4.102055078350765,4.099633245646027,4.108040485506986,4.133076581400834,4.138233434683465,4.174569646527073,4.207701939621857,4.255870909916429,4.35352504315374,4.382304858901264,4.433838319830313,4.504918187017156
0,0,0,0,0,0,0,0,0,0,0,0,-0.4576441361805128,-0.4148151122781206,-0.686757467140251,-0.9532298440016249,-1.1582876608512533,-1.5127887539218159,-1.7249265223959573,-1.8724319924535182,-2.0991455414531934,-2.219635770871421,-2.3231017333373356,-2.5310841107738846,-2.6508437819521022,-2.780517722865248,-3.002741615397189,-3.0855473879263173,-3.1899613221915604,-3.3069449159152007,-3.35238418226448,-3.372921302005766,-3.467813855328133,-3.515196504111117,-3.460221076436483,-3.344883591645005,-3.112357483349244,-3.7072615973505987,3.3735629274151164,3.6683797861091754,3.3223098938143685,3.5556459610430933,3.642527791233193,3.5361565718879504,3.729080885757976,3.7016706345050645,3.7406781430816474,3.752881646963739,3.812052852150651
0,0,0,0,0,0,0,0,0,0,0,0,0,0,-0.48139498682984955,-0.7074310934309976,-0.9977901439691353,-1.277608061249858,-1.3535281910268808,-1.4742584512193126,-1.708781296940531,-1.8374583726241898,-1.9376956246707366,-2.156297452136836,-2.293651725766193,-2.446014995703835,-2.6929525736174575,-2.7783582945468943,-2.859644743267998,-2.983632759816309,-2.9961810372475735,-2.8491336219995453,-2.763621742033734,-2.7001062286685653,-2.612775265115351,-2.5214224031454022,-2.4047406225807646,-1.8995984866927011,-2.1412934286957177,-1.58682902920453,2.3542517701276733,1.772894975362541,2.421937181354697,2.795755049062148,3.151512649692361,3.2804902774720297,3.358805615473349,3.435605692733034,3.429495156772859
0,0,0,0,0,-0.32091511720472915,0,0,0,-0.22376575484067063,0,0,0,0,0,0,0,0,0,0,-0.9444137666878208,-1.4736276932224337,-1.6478012600761847,-1.9082646866693405,-1.9912307252099044,-2.0646876436742225,-2.2617259979006774,-2.3635719615430695,-2.4838072629410264,-2.6223922467392877,-2.6300782279456727,-2.6117227087787174,-2.636964017677239,-2.6472318473561525,-2.6276052000664802,-2.6184013862048205,-2.6034344042044095,-2.2746243247006745,-2.04676038376494,-1.7412707502714326,-1.19184693296251,-1.1053277974780424,-1.866336363340629,-1.4294961963617894,1.4570268559253272,1.2578326439074357,1.6705912648480734,2.28644233680937,2.4639288994132844
0,0,0,0,0,0,0,0,0,0,0,0,0,0,0,0,1.5470066515538823e+38,-0.25628889772554486,-0.3089565463198559,0.4968041402250308,0.31532724440449056,-0.24445783443742417,-0.6107611276137057,-1.0786303424148698,-1.3142206075191059,-1.6565454161813211,-2.0399211975804854,-2.2015922518731488,-2.376827984325155,-2.5059582527400717,-2.530293312331938,-2.512938079318758,-2.4930731125170174,-2.4319970387401644,-2.2616269312726156,-2.2377207469631566,-2.0999997046004384,-1.8352089199917925,-1.7616226102845527,-1.6965305932201509,-1.4889174024255791,-1.3559650207974805,-1.1875151944981637,-0.9606252606905993,-1.2925101636903882,-2.239231688129052,2.232355656167829,0.9439053211637533,1.1716314047602594
0,0,0,0,0,0,0,0,0,0,0,0,0,0,0,0,0,0,0,0,0,-0.38160867287627936,-0.6000888524411481,-0.9228573697885211,-0.99317024249488,-1.1371691079499517,-1.4056511419054156,-1.6370026750686628,-1.974258602759295,-2.09801972834612,-2.2456047293189596,-2.303377037541749,-2.3655362172453325,-2.3576272171035475,-2.28871960013289,-2.202111832246938,-2.122589858379987,-2.007050225721409,-1.92561918306286,-1.8210547020000358,-1.597514521775422,-1.4473299798859014,-1.2893274481486172,-1.1620066457027758,-0.8242838732613765,-0.9343808839962215,-1.7089001278883404,0.9622631794746023,1.1860571864972969
0,0,0,0,0,0,0,0,0,0,0,-0.07454887904162656,-0.08923222257879683,-0.11994691002219875,-0.13924867790090428,-0.1892282088014863,-0.21377163236026106,-0.29868145829236786,-0.41356637101567784,-0.5805174932777084,-0.9117512597821836,-1.140912786210604,-1.2280045496721474,-1.400571220779035,-0.3470502875161978,-0.9489887869411655,-1.7386230482426737,-1.9037244633254562,-2.079018510128269,-2.2359806180803257,-2.3705424217133886,-2.4430424251351543,-2.4083944759157254,-2.381006363017248,-2.314455510077713,-2.2501432886341384,-2.178854475511308,-1.9788548808102753,-1.8288139742351937,-1.6853368982520656,-1.5683100561421253,-1.4583893613834975,-1.364425272640324,-1.2261472670152194,-0.9064354104579493,-0.7311383365574416,-0.6730572350984456,1.4681033252862592,1.4620022703012525
