jsons/1312603200.json
{"header": {"parameterUnit": "m", "parameterNumber": 3, "dx": 0.1, "dy": 0.5, "parameterNumberName": "Northward wave", "la1": 40.97354507446295, "la2": 16.46031188964855, "parameterCategory": 2, "lo2": 133.9931640625001, "nx": 191, "ny": 50, "refTime": "2011-08-05 8:00:00", "lo1": 114.97908020019554}, "data":
[rows 22 to 43 of 50, columns 100 to 149 of 191]
-5.837245755571594,-5.895880075085398,-5.8213431984339,-5.913892858801229,-5.984557462053562,-6.003193218117865,-5.992833117299495,-6.049783877398831,-6.00903380940194,-5.908953587726191,-5.859147115174103,-5.859731405962102,-5.692757288173287,-5.5906442186121055,-5.487678296206207,-5.194594746666584,-5.150721208099839,-5.0358582164612224,-4.775116906679038,-4.633953614758115,-4.538048964694575,-4.266484772989333,-4.059832871302868,-3.871385114997389,-3.637641138513911,-3.4642742197304535,-3.377553086240711,-3.222903719574476,-3.0381162155590244,-2.910597820138727,-2.734923186625736,-2.5723514349511927,-2.418645726131288,-2.245079756931843,-2.042743486212593,-1.9341031557812762,-1.8153472069292633,-1.6523807506424497,-1.5205679602502695,-1.4087517122967703,-1.2406813689584002,-1.1953880936051047,-1.1007763178669663,-1.0686290186573035,-1.070548977650678,-1.0150468451268326,-1.0262440894994844,-1.008905889227488,-0.954617178958968,-0.8720483880253515
-7.449973398983181,-7.692231898402865,-7.637593930473037,-7.736954711110576,-7.81481944017995,-7.754668806636189,-7.753134442964049,-7.761090785783294,-7.633149768423844,-7.548842108105306,-7.559047229638415,-7.390768643746647,-7.249122653889253,-7.051494101369969,-6.969926720487953,-6.6344199615937836,-6.472733624998012,-6.198209193095397,-5.84736565803376,-5.772378044508676,-5.467803209597645,-5.109490555051232,-4.988786956088409,-4.79088256059081,-4.4931407013849025,-4.25877379889092,-4.041871072006036,-3.8535968808200836,-3.639436483705543,-3.39552426997881,-3.264947661684679,-3.018715879320086,-2.7754545283524936,-2.7181776290441566,-2.453589691240177,-2.226624552154554,-2.157679511532136,-1.925425862632355,-1.7869914749886306,-1.6812409979770448,-1.4986568148244834,-1.436542834350149,-1.3709842314288947,-1.4040201540945567,-1.509243528186113,-1.4636474976083023,-1.4781677921172498,-1.417182548528359,-1.3852154436968593,-1.2204393331802883
-8.775080929112825,-9.122139576034376,-9.188789249274791,-9.310450988082978,-9.419011386227881,-9.405906110864755,-9.353950470637011,-9.457194229372998,-9.176388114251202,-9.128406225386618,-8.910493441652171,-8.841706056662225,-8.499960329936744,-8.412272811439747,-8.145735805338472,-7.795837525424512,-7.395126081984527,-7.218754847956693,-6.826047658915312,-6.452793942157095,-6.1634962110051115,-5.750412761795754,-5.570585816011893,-5.381793834772185,-5.130121215478288,-4.816479579617401,-4.581609629166909,-4.255695672520305,-3.9500293115861784,-3.6912577613571016,-3.5112206223131768,-3.28649433941862,-3.02362102626917,-2.8762762287482326,-2.60993763141609,-2.3992113715895678,-2.264330599447784,-1.9447756383658859,-1.8402220188729839,-1.6125482690251787,-1.4950251334536164,-1.5833528675886253,-1.5762701757518038,-1.9637668243564734,-2.250300862728851,-2.1343559596134396,-2.113081072789944,-1.904141817270335,-1.7092301609401765,-1.3880126993621593
-9.780084554016566,-10.323768809057498,-10.438983335329201,-10.689331047186185,-10.930239214204166,-10.976540904688274,-10.924623510108049,-11.156289534781152,-10.827258225696282,-10.771396903527044,-10.680472482006401,-10.412466551016843,-10.038295655863873,-9.71489508262564,-9.454877127589725,-8.87732421654709,-8.364730355087017,-7.992859866117036,-7.456523711082104,-7.154361237808381,-6.72713741406536,-6.172083753783066,-5.983569964687905,-5.555881923691464,-5.193129900537467,-4.986891914061835,-4.627600451253827,-4.37122402453561,-4.076255788012657,-3.835685721695702,-3.6877743897951953,-3.287801522339228,-3.0329077219612772,-2.837756211319925,-2.518453852637629,-2.3432233303517354,-2.163888238680321,-1.9288101483463773,-1.7230286248735527,-1.450294979547096,-1.0033046327097468,-1.478053300789299,-2.495427608286696,-2.881542332343853,-1.535600580937412,-0.3031008931313648,-1.8027663933911928,-1.1546986872305651,-1.1957477393486087,-0.6573638485714494
-9.05331253719917,-9.296122076369462,-9.661751848808422,-9.927058042295808,-10.257984463943034,-10.353675208706884,-10.391676702525679,-10.67799372242279,-10.546965344659709,-10.679236919710046,-10.769261499852695,-10.65894336731367,-10.055857472224352,-9.926198602181657,-9.49214260881786,-8.76002258883349,-8.355079853946943,-7.97243485990626,-7.17189872263131,-6.84739121317822,-6.21568136778063,-5.767862154714089,-5.359353973776322,-4.9971966623052655,-4.530356100506983,-4.403809100662041,-4.143579149875553,-3.958653780469065,-3.6734645346732946,-3.4776593595972476,-3.3971832750885715,-3.047970972504737,-2.7873928292403987,-2.605273711187345,-2.2371101931797908,-1.9013474529623549,-1.6159467992664196,-1.110718844217734,-1.444130182517084,-1.6266031708603668,-2.5309724059318146,-2.1960137740533745,-1.445605146064743,-1.171016195642235,-1.0298145534455483,-0.8047927430851665,-0.7415157468095571,-0.5298108877399275,-0.445768291131719,-0.3386882904361382
-6.3769929151783,-6.7155927032573555,-7.1791952455584855,-7.519390410924512,-7.867040913495809,-8.407111396585067,-8.790627395860254,-8.914806338748605,-9.192822912846296,-9.254278142867568,-9.569512168699118,-9.296860751675906,-8.731869798142906,-8.524767385298336,-8.413543234413963,-7.390366980690661,-7.144000967526355,-6.542412460391003,-5.709331495943545,-5.191543979167493,-4.8143443432488775,-3.9549173435348,-3.41232576103266,-3.009412977594849,-2.482978385128358,-2.3397845274377445,-2.221106161969008,-2.133311021691323,-2.2000624574013514,-2.085620297958767,-2.04156311428032,-2.1148382551578195,-2.0409444452547425,-2.0737097960706428,-1.772140466759518,-1.592679344951495,-1.4633521322597722,-1.3389396972720087,-1.2420521947434666,-1.1573823753758148,-0.9167201175567651,-0.7963269023343003,-0.6746840542233935,-0.45956277967548537,-0.37146434870108075,-0.29152623746733364,-0.22694838543526308,-0.06496591744091917,0.015528911116552486,0.09262291575149093
-2.3384476055918837,-2.0985404171799202,-2.4847746259468537,-2.4078793948514154,-2.6182436313909054,-3.1362183908778705,-3.9244712387248795,-3.961420301590915,-5.188028295586562,-5.969389438368761,-6.45728912142514,-6.727522042595742,-5.949042412062593,-5.54374975567059,-5.248554395848662,-4.526802995163789,-4.467804030325117,-4.181668553483935,-3.468982308954562,-2.9550583136203494,-2.6073309336858603,-1.5268349768579335,-1.040684244540287,-0.645093575358131,0.04785754292155138,0.33931817377881424,0.6325467871084351,0.9128976808867014,1.4256908690087629,1.3484469012599778,0.9923125278492546,-1.005472938497651,-2.4270572009301943,-2.9448330845113255,-1.4821390076702539,-1.0861239351331524,-0.8156666407479939,-0.3374466366017589,-0.16930902186496735,-0.08037023116783873,0.05272699546717475,0.1171050974979629,0.19376541061038122,0.265912609837382,0.34712562110507467,0.3878493866462754,0.41965179361516375,0.5882882317822531,0.5916441614502582,0.6393186731023365
3.0342698155859305,3.3701241481845345,4.153831727610435,4.437642984060079,4.5541828099803325,5.242885247458663,5.616122875911437,5.622645169323889,6.241549311448855,4.34056211166246,2.171769246614548,-6.3999752206418545,4.869823508347103,5.521200901205112,5.550074627304271,4.498678256214282,4.295874406333837,3.5234755675976133,2.7362758417560227,2.4719745514549003,2.5200249853354277,1.852145084660692,1.8974235420809598,1.9686790044176903,2.194837701836105,2.509734760959104,2.900420767758583,2.5290269437505035,-5.876688558194129,-3.2817911384032237,-1.760442438464463,0.12163347443936462,0.5353994085913625,0.7563582497015492,1.0143374734291224,1.0304172655590411,1.288592543028357,1.2732937403645985,1.2671284194859922,1.2540154716647796,1.318972369181718,1.3633121329052817,1.3354440714792337,1.387566074433842,1.4149227755404206,1.3634718770594776,1.3649874316561732,1.3666361898108634,1.3710439834790789,1.4252967495425222
5.08422024135489,5.331846902954398,5.905439374752642,6.287709825946987,6.457587135085225,6.908923290712096,7.066778700374081,7.240525083483303,7.571051018820026,6.6720461176702655,5.617826535680526,-6.164974270532829,5.8673953100244525,7.444959733753385,7.314475356904936,6.92220074472613,6.776240947696454,6.5662959733202655,6.096249431186903,5.933349077740566,5.790534143520473,5.23692437851449,5.0472789977173385,4.688715689435666,4.1323210245417865,3.832190606908176,3.7096470462839264,3.5252567453869132,3.2518167894419796,3.1612260734745603,3.1155771181470344,2.946161553803534,2.882872468766084,2.8749732487975805,2.8101166781093485,2.7291279522214618,2.586669380912558,2.615104615364658,2.483434800588616,2.4081181597149386,2.3621616798414684,2.3545593856594844,2.2782104306499398,2.1944752396854823,2.159101330839591,2.111255303700355,2.1012684212065325,2.029780734178865,2.03783936542279,2.0133927157467033
5.295659682601012,5.475848417964217,6.054221297813717,6.399006161449232,6.517878119210149,7.0232201657072295,7.109488678958817,7.245414011257176,7.4756963714585005,7.4678282339199535,7.277485645066234,6.535541312604778,6.0824281570704395,4.05555319037119,7.295451266456789,7.389224477004005,7.35137417478155,7.298418644683882,7.108344748585513,6.966938112644935,6.828715284802293,6.638192036091962,6.505883481819784,6.353531640915811,6.182341639977291,5.988941450649707,5.796376778726478,5.616296663650349,5.322973983842013,5.088030478231775,4.896374866635424,4.587060578451945,4.400320237198227,4.168494779213671,4.115874886252805,3.909296928593334,3.8091321583046778,3.631994346263494,3.5412364605131184,3.4345070968217626,3.2639258553891186,3.2407185112698804,3.076103842848346,2.973443580427392,2.9740592998923785,2.838888472833311,2.810926413375046,2.7618214556464786,2.6598832258840948,2.6071178263000574
4.632549591307571,4.909524291078327,5.573850119192272,5.034125401501188,3.910450785767898,5.347363736695282,5.71778545215849,6.111250094937206,6.474682205305422,6.57174129532855,6.708444332268016,6.7473343176428795,6.554445841680975,5.361513153706534,-1.8165227611449342,3.902183711997016,6.097060238776686,6.530802346980036,6.612463192871327,6.5812751879066935,6.524437082873036,6.44274213871167,6.4045296747581695,6.361186346465255,6.229182543181969,6.104551156874963,6.012630719247995,5.876772770812434,5.678591392468374,5.510640727973548,5.347103099199814,5.154715194427683,4.944466447003205,4.861405652708564,4.727109827673984,4.514332056243384,4.359756531501006,4.270283442489871,4.127408141460662,3.9970820232823083,3.8605628082440386,3.713674171118288,3.658993515144871,3.5723457530007012,3.4881111617855884,3.43484020965747,3.4087244314032286,3.2904100468817803,3.2332633726920417,3.2250515745758936
4.133482319126162,4.362207608395809,4.992111561500414,5.181190008054896,5.2263863363884395,5.270845780047917,5.3650608716249115,5.485355371615821,5.738915707655102,5.769975178164513,5.8351990844905615,5.877895048846596,5.972449840689163,6.038322219685997,6.051062092195321,5.463328245702037,4.167100679953603,-4.96326799767122,4.1259427742380215,5.811365232917999,5.918466061993383,5.850055714344177,5.807910403561399,5.752201911667271,5.675416578304955,5.661775827718368,5.546674840589287,5.4560035517653,5.35516263341159,5.175841470509024,5.12949107597572,4.970784208805739,4.878949849889464,4.796409458582809,4.648230503717932,4.57608293218612,4.456416441085919,4.355836243853629,4.294517397240291,4.147882381831231,4.075887238527976,4.0051100406852465,3.878874971002096,3.821768095117956,3.7765632672522154,3.6803582233528114,3.6538246033274295,3.6111080282265435,3.537719962693411,3.4974941889656876
3.5480686748226713,3.777507293061446,4.054092952133991,4.189813177221676,4.344927442403475,4.559828562132707,4.737947578198469,4.788653215366539,5.020007239343671,5.134580045406245,5.174588415970165,5.243797422117157,5.350295779134387,5.384900862290471,5.431815719938086,5.455206785341598,5.479370798731676,5.472173184224556,4.941104331106887,4.0851335569620835,2.1407758974977864,-0.3201245407255485,2.103708292234644,3.14183762849448,4.8837525781506255,5.022561597651071,4.974811426770322,5.009535457274734,5.087853782846393,4.976895998678907,4.918657695309379,4.870536753761741,4.776613895987015,4.738057380373295,4.669470236960639,4.560215489619747,4.501445383984806,4.456375420521022,4.390664564686766,4.265459432305778,4.221258714531068,4.1498593446399346,4.0213803107135675,3.9985022243161237,3.9590760296258347,3.8919018968720116,3.8584891815166706,3.8047620968767935,3.7230443022081543,3.6827978604078453
3.0316052072028685,3.1735424276825057,3.39284340794693,3.5029593964451515,3.62174470275237,3.850509468571462,3.934933870322476,4.043886864851645,4.243020284368667,4.30402694634685,4.400012980215132,4.424699804187148,4.585935415776461,4.6499122914278574,4.666850163047765,4.785656131967596,4.824305230458582,4.832364163366258,4.835678257104365,4.834508806914419,4.854533422829168,4.751995093583239,4.849274890148153,4.336453404790148,4.3704192096349335,2.2636095428139846,-4.7129070998251885,0.16458449923622895,4.150361812894582,4.309708690383448,4.307928633768773,4.607405440044304,4.563324359558532,4.512648675264169,4.450915320329667,4.3963564256869505,4.358670113769075,4.297164567132128,4.2631692590465615,4.199670452772983,4.135259313794425,4.0838051980765915,4.040656771351496,4.002505860220037,3.945074759055593,3.8968707614577993,3.868131159609637,3.8305514424372293,3.756009650964055,3.750022084571121
2.4690382291177047,2.602356615614334,2.759068030642576,2.885459096334594,2.9874548040956554,3.1968200608791975,3.3038521690428566,3.4302956403923144,3.5495696822524114,3.6458253938207226,3.754147665476081,3.7798449675935997,3.9542146998758314,3.9948073085472733,4.056863480266327,4.184173815671538,4.187005024846134,4.222365996075129,4.285312026036098,4.340700152397671,4.325002173576367,4.384975310680743,4.4332406059818,4.443386501509534,4.466904454362532,4.402887485983058,4.377781507143181,4.083023648786498,3.646338858486392,3.398863335620441,3.5772930990044385,2.337930389797545,3.228018192441186,4.177006737340759,-3.4652899173612925,-4.207454377025737,-2.0723203300524826,2.9844260353305443,2.2530775687298235,3.211578365644363,3.2404666977239653,3.5000486146310963,3.791341160979668,3.880353313865268,3.8909489744384937,3.8764765544354365,3.850096965020978,3.821816224061382,3.6894588533840116,3.7419390686882643
2.0213638981281354,2.1403172451366212,2.3050159129998646,2.4077818527694013,2.5005811129446895,2.7219003715926697,2.7660290804159824,2.860064196572816,2.9564614932496993,3.0750044507955527,3.160423938846117,3.2297309573955473,3.36540078004827,3.4168526932942376,3.50219928248902,3.5670142265735625,3.6447613074680696,3.6670793335183482,3.7406428622374555,3.821074779986419,3.851467480450028,3.94103823099652,3.974592417884944,3.9711873296854714,3.9860349844671616,3.9988882315133507,4.005999904217463,4.013243554596197,4.036779906336135,4.0122824833663095,3.9949058513450106,3.9707187678984397,3.9535394928089267,3.944238721305534,3.9323379777611875,3.7962629666151484,3.5546734801069735,3.1800210737869152,2.8978816083819305,3.1864764135095403,3.1528606181780634,-0.7239925859098729,-2.8849664902331047,-3.502616109213248,-1.5881509392535966,0.8933259441396795,-0.37327380753159656,-2.952407165440177,-1.489395008389132,1.1859420449646443
1.7227720828348274,1.8091676102821221,1.9854359976095013,2.0466652396787186,2.113388632871831,2.204076433986222,2.3164365397374986,2.396319517828881,2.5728831281299054,2.610005854435228,2.688023811946994,2.798919987440915,2.873829518751404,2.9373840419140795,3.007407925204017,3.097801522434014,3.164966497608059,3.1913785876734053,3.2651710766404873,3.319002703452007,3.3934989274017844,3.480288181392397,3.519319734434834,3.5035874962021807,3.580409537186289,3.6118256842418233,3.5704295902958485,3.570297995432996,3.6336024141700154,3.6455170943229573,3.635498577255163,3.651791635131084,3.618554249959926,3.6193702044141043,3.6264087137839414,3.6025538199401685,3.600855712107015,3.5996593657055573,3.5883151146034975,3.554900743310821,3.5455962606064833,3.542971799366828,3.5189219904566804,3.41320089835023,3.468935157502141,3.47063086426154,3.3422367688105186,3.0578328814359694,3.0100257603922804,3.001917521405562
1.391605317797627,1.4624967827401072,1.6123804423881598,1.6766694151885861,1.738127479152421,1.8573123503224265,1.8942315188463124,2.012768485438746,2.176360495508481,2.272295323469101,2.316789574326429,2.362197700135992,2.471461169387456,2.5484732430249717,2.5967933612933978,2.6743297713685386,2.719920186155084,2.7663649000953794,2.8847979645307316,2.9220698395640823,2.9524221281831156,3.056135042096122,3.056934970061299,3.0885878645358904,3.1816035691268776,3.2205831704533745,3.2004363491387404,3.2149940377695,3.2700545918323294,3.2848369316320967,3.2958883645210806,3.302432015563837,3.2940108069826124,3.309717345863488,3.3319632210420878,3.313527618164996,3.316574860894585,3.328210927986933,3.329871774198581,3.279620145594564,3.2758513735774324,3.291894166534613,3.2902815829822227,3.2873797825999937,3.2645967455640723,3.237124493052473,3.2469192545989105,3.2310384039814415,3.19245213499513,3.1555298120478312
1.0431828371310468,1.1739681178082624,1.3232646328599218,1.3789372326334233,1.3997454543103924,1.5597633186698685,1.6364765096964684,1.7337764280273278,1.809703277801426,1.8755156076053734,1.973850599891322,2.0191372144065034,2.091581721112379,2.1907447847248394,2.26675585272402,2.3568955000628633,2.4066347527306564,2.4577815351090724,2.5107496294809266,2.5393148526259255,2.612828113597146,2.6819956374287415,2.706710358206231,2.724037462952724,2.844672271500893,2.859559019524979,2.8613364639205696,2.8898988577356852,2.961181618926025,2.9519511109588885,2.95668482564193,3.014391579152982,3.0137150410252747,3.009284391713625,3.0183690939199415,3.03920248223591,3.041446334501534,3.0603906194973813,3.052876987808381,3.018002612086847,3.057856127886056,3.05981045742169,3.048329066068828,3.0188052720903444,3.0182856295041782,2.9975030335649517,2.9961194388519865,2.977728798678812,2.92694911955251,2.872419794807812
0.8686271270449942,0.8859471896508804,1.026170047210728,1.10183692863099,1.1491057909571458,1.2554254626412795,1.3248352814612268,1.3813861212708503,1.4892442998181963,1.5691267096336166,1.5815908797633504,1.6276328441131325,1.783769238609963,1.8195675348219262,1.8542642199256667,1.9860421042557994,2.052303069748456,2.077214613809493,2.1671304219261307,2.243056066506817,2.2860226174600577,2.3195900636759346,2.3976034380169775,2.4443306053780396,2.4771902442079607,2.5124027886466744,2.5547634514048894,2.5851022459601496,2.6281733745669986,2.642274006701641,2.687277220804086,2.7278602268089513,2.72212185363284,2.703566147680104,2.7370631360965088,2.711782425991494,2.711702567331839,2.71346231225399,2.6889202489848096,2.6555547239723203,2.6638594136622933,2.673418701610563,2.6633080059687053,2.652736665834239,2.61597570450928,2.5407817093130842,2.4631399982799285,2.484244925394972,0,0
0.6529004543282286,0.7247533934845556,0.8107673063312342,0.8599325663321771,0.9373660628498911,1.0156281255945374,1.06226218043587,1.1427045437163628,1.1928877346515037,1.2366380021645063,1.3186734759910748,1.366537847014026,1.4388389970185083,1.4921617561236196,1.5656760586678025,1.6253548482223006,1.6835343406583372,1.7711262240608814,1.830093508815914,1.863791088774345,1.9170421986758959,1.9856134712241496,2.032339424364571,2.0612118127712202,2.148636018205852,2.1731398051182054,2.183988277147483,2.2364572554251363,2.2750301054312825,2.2688115544904033,2.2969092010840093,2.3487928908609086,2.3384818278698036,2.3511436482580907,2.3832771386363114,2.4129791930061493,2.4414633690240266,2.416623556830966,2.379564209214973,2.3249552921720444,2.3204917849740347,2.3001136192530742,-2.5562833274094643e+38,0,0,0,0,0,0,0
0.4776830465722096,0.5346607440108184,0.6471469915734701,0.6897506672306116,0.7193130910895114,0.8191899413386257,0.8431993093178131,0.8714821071766806,0.9620250136695653,0.9940288682827527,1.0573333338791517,1.1078684803355738,1.2140004797535502,1.2226396930599206,1.272098892779511,1.3361030771236244,1.395046090153012,1.434173512581915,1.537207696817825,1.57805474758842,1.5962051685165315,1.6686349000902654,1.6840887106871305,1.7063380285885437,1.7975971696447803,1.8235360339260127,1.8502424789385536,1.8684687963413142,1.9253238529541856,1.9226817443420114,1.9262628311332377,1.9389224542604653,1.9478570086800462,1.9500468521926848,1.9202803290338932,1.8698436685964726,1.8680792198757923,0.7150137397326671,0,0,0,0,0,0,0,0,0,0,0,0
