jsons/1312826400.json
{"header": {"parameterUnit": "m", "parameterNumber": 2, "dx": 0.1, "dy": 0.5, "parameterNumberName": "Eastward wave", "la1": 40.97354507446295, "la2": 16.46031188964855, "parameterCategory": 2, "lo2": 133.9931640625001, "nx": 191, "ny": 50, "refTime": "2011-08-05 8:00:00", "lo1": 114.97908020019554}, "data":
[rows 0 to 21 of 50, columns 49 to 97 of 191]
0,0,0,0,0,0,0,0,0,0,0,0,0,0,0,0,0,0,0,0,0,0,0,0,0,0,0,0,0,0,0,0,0,0,0,0,0,0,0,0,0,0,0,0,0,0,0,0,0
0,0,0,0,0,0,0,0,-0.1634734099496003,-0.28034055252964085,-0.3492528822053811,-0.3591854006473106,-0.4019522779625518,-0.41522817299217046,-0.4129480309343728,-0.41615555018077194,-0.4086918186296083,-0.4065496165700771,-0.4018849866431993,-0.41806109907981626,-0.423615079092695,-0.4091916674067043,-0.4006886979337583,-0.28840747524764687,0,0,0,0,0,0,0,0,0,0,0,0,0,0,0,0,0,0,0,0,0,0,0,0,0
-0.2748974441345574,-0.19915562109650123,-0.313845998491385,-0.31591908927365736,-0.3480055539262763,-0.37568590113185724,-0.4074900936870012,-0.4616203127839263,-0.4703614153067158,-0.489719250212263,-0.5064394894280934,-0.5205544293980446,-0.5363386744931495,-0.5520397388046747,-0.5548710184057997,-0.5604442085923166,-0.5674104799197749,-0.5641332626496455,-0.5482271489291811,-0.5030934744985412,0,0,0,0,0,0,0,0,0,0,0,0,0,0,0,0,0,0,0,0,0,0,0,0,0,0,0,0,0
-0.5313195884699616,-0.5565910241189526,-0.5720417069944062,-0.5885967845578701,-0.5807280112178874,-0.5842288649926294,-0.5926664652192537,-0.5802587889493651,-0.5759551994329334,-0.5852851115728277,-0.5856826122735468,-0.586918073205761,-0.5898152759303528,-0.5858363352307592,-0.5663101949872223,0.47257658702517974,0.14539827163805644,0.34110381040651366,0,0,0,0,0,0,0,0,-1.1306255458259693e+38,0.1949736449559278,0.129183654714365,0.037801340734543616,0.03913252336671678,0.017942306551341367,0.024420844981590466,0.017534473316032445,0.005509649410811696,-0.0445566297392281,-0.0017970170119767735,0.22099028442361035,0.3657296499158516,0.526742245497864,0.8186039898220817,0.9329506498633418,0.9718643792565872,1.0721445077880352,1.170474078869529,1.167750942071945,1.1548468402071357,1.158323487617739,1.0976399850347864
-0.6496013030653782,-0.6716660229518252,-0.6886547275501169,-0.6906285768570848,-0.7138839175266526,-0.7481307411572767,-0.7657079761264687,-0.8194304298374381,-0.8336093541117321,-0.9865439472436077,-0.8700608161508209,-0.742132870657779,-0.7244229841016924,-0.7018499769203278,-0.6232583958428256,-0.6485746421515772,-0.6844434337682588,-0.4697727589744475,0.07845284263222414,0.22743880757043777,-1.173983951756619,-0.188917435685622,-0.304138543737282,-0.42504518057157836,-0.6286502796920865,-0.7219538785235965,-0.8021933406735711,-0.871513506265497,-0.8592293109414548,-0.8393615461790527,-0.896264700997314,-0.8538157673710967,-0.8687306067260558,-0.9229128718388705,-0.867945324420731,-0.7439902752612605,-0.646912118683024,-0.17875507796403198,0.027530561769205084,0.40035562190123325,1.0027542859530523,1.295675938179376,1.3637072243923134,1.507994608107201,1.6059134205832826,1.6156766663064932,1.617142089141226,1.541066756278148,1.389699364423306
-0.7515306948571013,-0.7952132730627678,-0.8044374756161353,-0.8181566230133129,-0.8650920210479116,-0.8725499426212864,-0.8878044899381878,-0.9326452230167187,-0.9664496661629695,-0.9510692833239615,-0.9817168000162758,-0.9998313741223293,-0.9705941382970272,-0.9886785736339092,-1.0071111046306986,-0.978278195739757,-1.0142744512077764,-1.0787743279670372,-1.1294765385039311,-1.1523267969687108,-1.2214976505676987,-1.3198710789914845,-1.3585649619352886,-1.435925284894079,-1.4502331984122288,-1.4710435285602215,-1.5218163929091368,-1.5462400235126659,-1.5601869826214594,-1.5768144600737548,-1.5964386186927835,-1.5644781390347835,-1.5606679269621477,-1.521149373913559,-1.4514959541471186,-1.3238206161536825,-1.1977218720962148,-0.6233501531566762,-0.26330273826261874,0.14353738609578579,1.189751440591787,1.4663663315790636,1.6093409700920447,1.7247593946002373,1.78871223231588,1.7868445166072047,1.763630000904291,1.7158413033807307,1.528325275259148
-0.8038968647076193,-0.8505592682233203,-0.8781153127830398,-0.9036794662236559,-0.9562931696103711,-0.9843049767524521,-1.0027997791067802,-1.042777421000829,-1.051333180892516,-1.0700217194473802,-1.1199277277778188,-1.164943289651691,-1.1805910827220294,-1.2521024377629715,-1.2846846151295914,-1.342717581860963,-1.380061866471037,-1.4418237349268672,-1.4602592377592176,-1.4999174907339217,-1.5675806200423608,-1.5792596006911752,-1.600739292530027,-1.6419732065138328,-1.6652938166364704,-1.6844427435286855,-1.7151079980888122,-1.741589673345483,-1.7849162201994748,-1.7790991858625496,-1.7875529510904946,-1.8141391951560841,-1.7737730057889063,-1.7771126900401883,-1.761491234036085,-1.76509109916313,-1.7379502217245102,-1.5934964573741328,-1.1381204557869717,0.3046430245286175,1.6935538466207656,1.6800540040998173,1.6843758150535768,1.6959131294258984,1.6837048962823726,1.7574834680468254,1.7340314482012407,1.7069397332421152,1.7507933998880187
-0.5928082458409847,-0.5667008556806552,3.2175189384824243e+38,0,0,0,0,0,0,0,0,0,0,0,0,0,0,-1.1101169589857505,-1.1546089269962745,-1.1462638945747066,3.399921231571926e+38,0,0,0,-1.27783219184065,-1.3823726191833905,-1.4035176295842717,-1.497584012483153,-1.5622079899528107,-1.6600358559856063,-1.6916398222931808,-1.7079585383187768,-1.7041682500864301,-1.6939763898153313,-1.6358442932038002,-1.537209348498925,-1.4560222806332823,-1.4351305216259274,-1.5254154680110843,-1.5266438699938594,1.4927082359651864,1.3073886441196951,1.2925222685824431,1.3844693879411105,1.5244325612808904,1.5389714585302021,1.5637958899801627,1.5769584174162277,1.6085464276785402
0,0,0,0,0,0,0,0,0,0,0,0,0,0,0,0,0,0,0,0,0,0,2.9022875002600286e+38,-3.401185309499953e+38,0,0,0,-0.9648058695278732,-1.2762739257485574,-1.4319299870221225,-1.4963415402048768,-1.4970178855127818,-1.5064523898529603,-1.4682031695200006,-1.3043377738889235,-1.2002007960722059,-1.0208462834979024,-0.843064829816331,-1.5418723070193987,-1.132255884506241,0.6802868492020516,0.8655184543061348,0.8447168820019826,0.9075454829974936,1.099954973206424,1.1555232546443133,1.2021994247582246,1.2601157115959765,1.2763084506734337
0,0,0,0,0,0,0,0,0,-0.30831738523961655,-0.10693312172762977,-0.5388159093040247,-0.601359845731134,-0.7327593111566529,-0.7371522117528784,-0.7705048414962334,-0.7468625581599181,-0.7731285165225058,-0.8246068767915111,-0.8671482380652458,-0.8937171198045147,-0.9476296252628508,-0.9884171976897482,-1.0817402078907288,-1.1244805774778992,-1.1887052478713211,-1.257611539654734,-1.2817060945108854,-1.3026987455339483,-1.3387124900612049,-1.3529404488572514,-1.253225401997704,-1.2058546897734062,-1.138533655097444,-0.9263017728118452,-0.7907230777530105,-0.6860748864545668,-0.9516083446558741,-1.0593402529818403,-1.381683730409271,0.7942471899274585,0.7693689186548721,0.7158268682136937,0.877934317138036,0.9307700793782065,0.9884841881462362,1.0492819058471727,1.082029938993981,1.0748827228722317
0,0,0,0.09585224723918713,-0.14185178302464302,-0.3758847988229579,-0.415311168321332,-0.5387746962977036,-0.7030032727612285,-0.8106117374030517,-0.8892221309768155,-0.9533275891700126,-0.9819731591334353,-1.030164294122432,-1.0514983342085462,-1.082018518483171,-1.0903890149807887,-1.1280671667692441,-1.1453472190491663,-1.1613863742090447,-1.1897855943019733,-1.2149243423866278,-1.237035205885779,-1.2606070736928543,-1.2814113747188705,-1.25679160665978,-1.2648162648181445,-1.2518364382306482,-1.1942945247001382,-1.1703366031057212,-1.14280409418895,-1.044743857341124,-0.9200667344486578,-0.8724411011189017,-0.6785954862597839,-0.5893094319152364,-0.48790670238269646,-1.2667393165169545,-0.3417901799621626,1.2956489979674968,0.6447591527736088,0.46702294082727247,0.5505745278326957,0.67441151421496,0.8027444304666442,0.8806508945540291,0.9101187742929907,0.9704509808762782,0.9969234781818982
-0.4871660480200401,-0.5683450676305725,-0.679776909648248,-0.7544556104394328,-0.8070474954236191,-0.8769276669140968,-0.9063396504521362,-0.9629157792508722,-0.9990450021492877,-1.0396630573157974,-1.097914073748953,-1.1464243674463679,-1.173135913406983,-1.193289992620037,-1.2102392463942186,-1.220101662199873,-1.2310925094620377,-1.2417406220405638,-1.260001835643967,-1.275295632743753,-1.3090846113549828,-1.2996505437872152,-1.2957846903868486,-1.297239773321149,-1.2936282539973634,-1.2422581006476825,-1.211383708950422,-1.1718484860143272,-1.053386365661154,-1.0369534149272135,-1.0146456739155114,-0.8954682686266224,-0.8334869450433134,-0.7683553598783109,-0.6046305624079288,-0.45807083559702627,-0.4031313719396271,-0.7104929916269498,-0.31781369527461734,-0.8971058876405279,0.7036698873571129,0.39077316221696884,0.43617332984271423,0.5233930605680704,0.667164812215576,0.6962111447998883,0.7418750258587516,0.7932655823101653,0.8053623496027355
-0.7507324518800964,-0.8083964861962286,-0.8399239849485374,-0.8602364339217734,-0.9239004646696428,-0.9679436874650268,-1.0023691166638666,-1.048226299173215,-1.0724739207955973,-1.1073371272002144,-1.1421232339917868,-1.168701519845708,-1.1891538557630714,-1.2122313726306662,-1.2271292507850087,-1.2329641507000468,-1.2604689477500177,-1.2899208786642637,-1.3122774461900386,-1.3134030202961702,-1.3273130609971964,-1.3192423052552944,-1.3067731815162926,-1.2915861990075435,-1.2803192619640205,-1.204562450481317,-1.1610676189142375,-1.1387973418356327,-1.0632383643979937,-1.0094127274140023,-0.9442665421645738,-0.7706074132060775,-0.7376047653598499,-0.6895235934070427,-0.5635061919321696,-0.4525671246018155,-0.4021545181394137,-0.39326561111397407,-0.47833089220104474,-1.3421317584837404,1.1667227918348555,0.7872457201159532,0.5314951516696915,0.3853927902548135,0.48162592501083396,0.5438562185569714,0.5799854343281103,0.64717046675327,0.6758420514928485
-0.46919324107922616,-0.5729107658847126,-0.6182913305796871,-0.6958387866756842,-0.7858109095238109,-0.832379336725954,-0.8736107315276492,-0.9115184359079114,-0.9291494792881186,-0.9530102724395301,-0.9923797950559543,-1.0101508736217213,-1.034530464264664,-1.0804558264574975,-1.0968101286962846,-1.1183291398357023,-1.148024710047675,-1.2188575834485595,-1.250533100408092,-1.2850526137881533,-1.3213573048838538,-1.3214782691205949,-1.3110265307804527,-1.2930770945728676,-1.2730177727096526,-1.2056464682375196,-1.159455695556828,-1.1061876406290883,-1.0206682374747948,-0.9511038804995368,-0.9120470611655662,-0.8167152795472155,-0.756410805097492,-0.7179385270531697,-0.6010318443961157,-0.55931192531575,-0.48976566890548306,-0.3607361359927752,-0.30438247918360817,-0.23484058083671752,-0.36130735635430006,1.1316725461215917,0.6332152667097236,0.6036584589165699,0.34525889383233827,0.3891164106688518,0.4407014932564145,0.5400269253267381,0.6072516539970251
0,0,0,0,0,0,-0.5337302904866037,-0.7017866288222044,-0.7631211396051654,-0.8071363270376226,-0.8466083475291304,-0.8625413111849971,-0.8813283307725854,-0.9442789990395027,-0.9810585366609921,-1.0257213699569718,-1.0522114204846162,-1.0954458463825383,-1.129240863755159,-1.1516096181888944,-1.1949995418015573,-1.185914998087278,-1.1675593288047807,-1.1528364767835664,-1.137267085786779,-1.0860430572045436,-1.0719987460035676,-1.039184068826421,-0.9848341040306674,-0.9468892795193128,-0.9170484709333079,-0.8507561760425586,-0.8097561676534257,-0.7749454230130359,-0.6833902941139571,-0.6256019070547765,-0.5822172287175408,-0.4718388583721557,-0.4164758551861655,-0.3770297744119377,-1.05972488153568,0.9041847941488328,1.1053048875925775,0.32039464018253955,0.40813632374363684,0.40915722962996437,0.4629663916944791,0.5642408439268295,0.6165155955595094
0,0,0,0,0,0,0,0,-0.4607504983460073,-0.6039704751195174,-0.7069126970162232,-0.7214208989161797,-0.7262690722544995,-0.7815288709830039,-0.8109047959275965,-0.8617932647212262,-0.9129875829590112,-0.9844681945881257,-1.016329182700627,-1.0452057925119536,-1.1008425613978348,-1.1229401836420514,-1.1473009139752794,-1.1619918682865686,-1.1570664790613805,-1.1390526793155056,-1.0909632595876841,-1.0680338586918199,-1.0337662732278674,-1.0181935889735432,-0.9724020131636678,-0.8997408162263801,-0.8656774378702626,-0.8324804051441155,-0.7454379185132782,-0.6945523762753177,-0.6585835987605793,-0.5186971491895309,-0.47709568129499674,-0.43055344667134327,-0.30834435585178294,-0.23464565097818574,-0.20245107704996584,-0.7910686328128917,1.2364422388309448,0.699329538981942,0.33347063523364207,0.3639874126175556,0.44892585328849055
0,0,0,0,0,0,0,0,0,0,0,0,-0.2189974650373267,-0.22553623914692691,-0.30696791283873104,-0.4334513827722998,-0.5353999111751095,-0.6981423703887522,-0.7802334602242996,-0.8356594034886908,-0.9234462299346707,-0.9567290480221936,-0.968146882318649,-0.9930047474465347,-1.0097905117653883,-1.0173515455022215,-1.0308274971038585,-1.0178701061700595,-1.0055849203458957,-0.9956207050386611,-0.9686368437156138,-0.9210139948459525,-0.8640449625392126,-0.8548543415812021,-0.7850252680180992,-0.7496573581824099,-0.6991249921997048,-0.613444879320965,-0.5489623788482723,-0.5172954124798321,-0.40408611401075006,-0.34160320995785887,-0.3109587110673223,-0.28496053575974273,-0.1692237854354311,-0.18985148220484302,-0.779881742567242,1.1703230249854326,0.8364998502519158
0,0,0,0,0,0,0,0,0,0,0,0,0,0,-0.22555386174357486,-0.19732385721421933,-0.3908216875048294,-0.5237049023770489,-0.626279673411016,-0.6847923381332786,-0.7412746815821137,-0.7766606557409936,-0.8029941510773353,-0.853344170551655,-0.8781327680961328,-0.9106676500649451,-0.9569075476334629,-0.9704706541378543,-0.9754562663214541,-0.9739153299371683,-0.9525410348314891,-0.8886587965009197,-0.8559987204119107,-0.8397127787339405,-0.8047692183027519,-0.7772456447329609,-0.7411897264927355,-0.6810553227265406,-0.6534800880441674,-0.6070715609408092,-0.5417719355581871,-0.4702680759741228,-0.3948040702507967,-0.3347614503638221,-0.19003600283897965,-0.523490209339574,-0.7096827383308274,1.011530691284832,0.3440345967407747
0,0,0,0,0,-0.009446185749560267,0,0,0,-0.012002469168922536,0,0,0,0,0,0,0,0,0,0,-0.27832408346780046,-0.513925299515709,-0.5872243558918445,-0.6703195217387528,-0.7112867903999356,-0.7450730499569609,-0.7953842457383009,-0.8256355033810797,-0.8648299075588075,-0.8959842490359733,-0.8902893061667729,-0.8676790335033903,-0.8715635793225515,-0.8636216111154833,-0.8599226536716461,-0.8531491262219139,-0.8559069715104761,-0.7760381286294941,-0.7546100030888142,-0.7171616415132467,-0.6240282738288974,-0.5800299885751792,-0.5455886722167592,-0.5066682531563601,-0.332157868375426,-0.35887871057726506,-0.4639867423710565,0.5147581142342795,0.4868869004845824
0,0,0,0,0,0,0,0,0,0,0,0,0,0,0,0,2.4187016718628243e+38,-0.024359538977395255,0.05436725922676713,0.07605985983681364,0.07093460995993069,-0.014686958077406598,-0.10925077984309854,-0.25440996215176637,-0.3494210625845908,-0.4848541213515014,-0.6253530611064888,-0.7049067983183325,-0.8301322326428298,-0.8852334475845125,-0.8954708572467358,-0.886933876185622,-0.869601687277752,-0.844135257669192,-0.7935743605789779,-0.781826213088601,-0.7464954730047015,-0.6715711295296531,-0.6548019368119286,-0.6464687944909755,-0.5980330468216312,-0.5708397785950103,-0.5451741255862554,-0.502303598489726,-0.3682300513170111,-0.2864562651911023,-0.4843015987102468,0.22095591778534324,0.8272786603038113
0,0,0,0,0,0,0,0,0,0,0,0,0,0,0,0,0,0,0,0,0,0.07193140498799043,0.048949408509199994,-0.06109662127964098,-0.2101831004601371,-0.4074336821174826,-0.5324458694532175,-0.6152907009796337,-0.7755265685234862,-0.8063751623531683,-0.8363300802360089,-0.8529930919167998,-0.8521308785369333,-0.8393460466737555,-0.7779894712763141,-0.7304566693921892,-0.7018007462579098,-0.6873510028883034,-0.6768002192640401,-0.6770000088054612,-0.6114699599207469,-0.5817099556214894,-0.5279636329158952,-0.49967372841286617,-0.404548481933362,-0.36820906413517057,-0.30502214705439606,-0.3234969010203716,0.15493342881706518
0,0,0,0,0,0,0,0,0,0,0,-0.016917497883255413,-0.027178124236830782,-0.04747779886357309,-0.05593294139432129,-0.0544441573310998,-0.04908074700054479,-0.04178165955301304,-0.023400873591953995,-0.0346479398534224,-0.05281170029946013,-0.2530637274420015,-0.33700390463050917,-0.4661505103758305,-0.19237859801251275,-0.31252049495296547,-0.5302363327113085,-0.628239198529799,-0.739531590447345,-0.8118743416053019,-0.8918582567214234,-0.8654599636740348,-0.8203035728081688,-0.7706164898322142,-0.7262145349446097,-0.7027782808306949,-0.6825383357532216,-0.6217984820572374,-0.5902289699886604,-0.5820999393389733,-0.5905997220040801,-0.575667131402174,-0.5995227204419976,-0.6032965643619533,-0.552514823973536,-0.5190650674552642,-0.44796911496163705,-0.9014474618921994,0.7361299131885826
