jsons/1312596000.json
{"header": {"parameterUnit": "m", "parameterNumber": 2, "dx": 0.1, "dy": 0.5, "parameterNumberName": "Eastward wave", "la1": 40.97354507446295, "la2": 16.46031188964855, "parameterCategory": 2, "lo2": 133.9931640625001, "nx": 191, "ny": 50, "refTime": "2011-08-05 8:00:00", "lo1": 114.97908020019554}, "data":
[rows 22 to 43 of 50, columns 100 to 149 of 191]
1.8398469395277148,1.951506983583868,2.1252380880160193,2.221475234894192,2.3271511437547003,2.475234948075312,2.5394565882885907,2.696017316700221,2.854225460768928,2.926001931879856,3.0185033688570435,3.2039132582868812,3.3883701524108325,3.4995532455594924,3.539817197243795,3.715116064644766,3.7728244486251206,3.8405828736448218,3.9401318479525336,4.000745639041921,4.037179783577062,4.1521388946950175,4.157425295907842,4.206257863636739,4.323523429494072,4.422822369795006,4.475878524471167,4.476409857480948,4.574446058288328,4.528909977928613,4.481819819553914,4.554165549717005,4.507843998551767,4.5082401929777385,4.530885252214974,4.486361706705728,4.471170922877965,4.483512201447346,4.402792411860073,4.290533922593716,4.263445242961127,4.191627095528437,3.9843982781385328,3.9072763132820576,3.777498337190957,3.5527890111414497,3.4360296112808992,3.346065717329771,3.2673215181210686,3.2887958827828125
1.557740873119354,1.7117823744898966,2.027555989093566,2.1306433590165197,2.3206037348910953,2.522070154522019,2.718261288846109,2.8605888871261027,3.1750422961762346,3.284635716265395,3.456124039332683,3.591255395451184,3.8285630979331664,3.9669846068111854,4.117106979496163,4.346417889750328,4.400333219117598,4.469692614977696,4.65183734147028,4.7132217527099165,4.774848485590245,4.893837597294707,4.994727365004066,5.011398986552626,5.12389151021047,5.131155249319059,5.022707227322391,5.074603479924634,5.182655484334438,5.086091472820962,5.077657739403338,5.1052955395391795,5.0481827267228025,5.044561805532778,5.102686274313997,4.964523415900754,4.9482019468723,4.963226129644488,4.895243518175011,4.739894822010931,4.643501222402757,4.520429316694782,4.262384480817596,3.9687361163611286,3.765607050539644,3.404871853939626,3.322652015837657,3.298130271281557,3.2874146498668804,3.465884738690722
0.6898111275799924,0.8485179723338397,1.222439198883755,1.4177340092009223,1.7373418904641207,2.1562326395319396,2.3409359209086573,2.5377755601386496,2.9432380216822973,3.229281543608742,3.4776318860413338,3.725145189745013,4.208706945733566,4.38358631719967,4.6777858894300754,4.953014094608524,5.12094568402635,5.279226018882344,5.571194715536675,5.735306848606047,5.7355226282112275,5.874208479690029,5.90275002819671,5.843046055129226,5.827928936702217,5.874678738282775,5.714650614788356,5.741098178957146,5.811090071182731,5.712872729382683,5.68654733163393,5.771463942256376,5.5658626030868055,5.55729811611074,5.56412836748978,5.479120506417635,5.410874332976068,5.390954750674951,5.342718636732039,5.09153288762095,5.004047422640742,4.731952955182716,4.20532976647504,3.5480151439036605,3.216137792294968,2.845101792802292,2.7356927908030713,3.062576022709929,3.4550865571717764,3.8293777272786347
-1.0891443895047062,-0.7936017221279082,-0.21837557520601708,0.014695667317629883,0.4837983869185649,1.1226655578780105,1.6334566845171756,1.9718506618688558,3.055655278207642,3.30083591987067,3.5934954894876507,4.154434849535507,4.830877285953429,5.235981544969565,5.465122896352979,6.027627143194213,6.239320855148395,6.467513994750215,6.797087082917012,6.948644289330688,6.9737326715825825,7.144830563675652,7.109157538780367,7.011616534517154,7.027367535113944,6.940231451467585,6.80195802330741,6.711866696820881,6.774249455896328,6.594367713449169,6.495519420364374,6.524122443842297,6.349992487022732,6.3299991663085615,6.348044845466839,6.1239666647740165,6.093193568898655,6.08750260969777,5.986589100858612,5.669159080631913,5.515332785967928,5.073553639283499,2.497094881051982,-0.8744204624746833,-1.8297243115696984,-1.8522157337018506,0.22899384555754487,1.6528544581956677,4.65960454737867,4.936724833469589
-3.3376234970123098,-3.2498035544383566,-2.5259191053835695,-2.020960716578405,-1.45922464804096,-0.7273040529596279,0.0019374420626485764,0.5188786266756099,2.0115820062581595,2.5976865328611822,3.474520672188785,3.9643881538889953,5.194629293776867,5.6692061589148555,6.200178779487652,7.006212547964923,7.229516225320523,7.447849772276758,7.915931301059995,8.063791795875273,8.066335796989575,8.282921840411602,8.367698135885062,8.168847044305679,8.11634629000308,7.8789573205019945,7.522958534509896,7.441491780384324,7.528181883532318,7.284990187768537,7.192510712046955,7.232957884342514,7.03252182387437,6.963844821950394,7.062049487677151,6.758134021385695,6.662170695759253,6.623545603239551,6.298139637205363,5.970167007114296,4.551415563984781,5.139519502326982,6.045790194420818,5.895838789314125,5.857635604206024,5.635311443085443,5.562043058543333,5.499501979104164,5.342473828149404,5.263775648768211
-6.791768958005765,-6.587748540141601,-6.129089842271065,-5.7186754996473255,-5.096741059403079,-4.012091029019628,-3.094822741698442,-2.446078268502872,-0.7933176041498766,0.016508468044518727,1.1677401529231684,2.3276625939696225,4.174246889830594,5.323899829643067,5.786491816776732,7.3152314724873015,7.577330502975149,8.181718664091523,8.813206076805162,9.05392872837769,8.977426240591395,9.32268418200794,9.385909968290193,9.229232352938954,9.172651909363527,9.094582473985808,8.675166890751267,8.455847617857065,8.281650254083884,7.937895771212776,7.752022789787809,7.6520411381356634,7.364657373744391,7.301710378088998,7.385416256661908,7.262037761477571,7.222127946608358,7.1482890612684775,7.03004246514913,6.786836580237655,6.720806126448695,6.6367619922645975,6.394971499101385,6.257587894690331,6.121025269638588,5.917229025764386,5.78832588290325,5.722239523758066,5.520257195952004,5.40261850894687
-8.846556156724922,-8.88867930560561,-8.605564534780246,-8.53755538236103,-7.901053240592621,-7.296635821501749,-6.293546305584744,-5.715134430135074,-4.2450517823844915,-3.2265404795424963,-2.2361825418295984,-1.169316835361465,1.7514166819833805,2.550325050760006,3.897790750471557,5.659565471815674,6.642388035294976,7.147174807763708,8.034332329124114,8.508960446729787,8.853767397136924,9.285930549570127,9.367630402069008,9.286689984198254,9.31010023696976,9.17317767110265,8.779996472677958,8.499461923674708,8.120342964779285,7.049023828520809,6.416031407265067,5.444858267399076,5.1249125430212334,5.380458405182468,7.027830307872098,7.536465736706168,7.534861235664555,7.433647264360217,7.296438576786009,6.951308018382759,6.87534455615603,6.685132500903366,6.404901992433331,6.280094635779491,6.17218812603525,5.927299303570207,5.8820194761262075,5.740121962437741,5.579270590099051,5.434437937017258
-9.26355535195845,-9.099199492928436,-8.936973495240037,-8.645855269452385,-8.321952086356866,-7.767223653589724,-7.552212627533486,-6.883924496783262,-6.122513272884242,-5.864697473930494,-5.167995655929747,-6.084569101534881,-4.115178882045462,6.140985100728875,5.909685752924868,5.5660565611833865,6.167527581929657,6.92906172850317,7.332561687009257,7.640434800570827,8.23753659086028,8.394126145384568,8.500019021668042,8.624789827040374,8.554635480028516,8.347950870748669,7.796400383260772,7.221669900045095,-1.3792478060651976,2.164229834397012,5.909005755450784,7.122298007304975,7.846731633516086,7.884218971161437,7.808526691094229,7.582731081406122,7.380781771071199,7.212422177564629,7.056074997528994,6.788354730141661,6.652900837412716,6.497075186657625,6.184535715311944,6.024834642372394,5.892635038736282,5.692452681432186,5.615477325832209,5.494163011481659,5.347191310942589,5.206869918468515
-7.825975018230609,-7.676264768637899,-7.243986729526393,-6.857830982647929,-6.585193967733276,-5.89290946280654,-5.567476900818603,-4.9420663978258315,-3.785435156014381,-3.247733757626561,-2.4430128706146252,-5.394786303530962,0.25506791057202716,0.6259445104525688,4.082267575560833,2.6904976100092917,3.3171391843390126,4.063674832219452,5.081634321933035,5.355860845902611,5.679197676731926,6.3186134248211125,6.55283944197651,6.812115020557865,7.111997490757088,7.226745775059777,7.248735521822379,7.32640483108027,7.3941242473219875,7.391820312859767,7.319539344170825,7.31416165221063,7.088425329836101,6.974143740719603,6.825455381310053,6.5686116610196885,6.506814920559915,6.339641821289048,6.234857141992132,6.033103843388421,5.889671651804009,5.814569083811212,5.589816882958921,5.474789710738917,5.385610573428652,5.2185638592928445,5.0993865910065885,4.9977900052541555,4.840502292863079,4.713094952343184
-6.717540614329182,-6.613724927851171,-6.075138812153299,-5.636743796435902,-5.435058231813946,-4.485095892260298,-4.069761960903168,-3.5223060480738266,-2.479074910828743,-2.2273376691623508,-1.5745280559553838,-2.6412063838642186,-4.550624614585203,4.232139178560319,3.7812446759247864,1.4415041914996387,1.6361674387025615,2.0281478618411115,2.6948316503086245,3.1036961893932244,3.458374475400346,3.9651234313068002,4.219291878013845,4.489578525265899,4.853893704969482,5.083471552056057,5.1876357612793385,5.314358378637474,5.519825849214915,5.5140676733817715,5.584698452286415,5.679022222860811,5.585930726674357,5.540099401435157,5.487952420683041,5.380939164186621,5.3091803299523175,5.2894131352684495,5.261215812747422,5.048439081550323,5.0309929225524375,4.988196383686994,4.757979341173138,4.702893306126945,4.661739527962502,4.509849932963093,4.462297664336559,4.384396671924513,4.274681721389295,4.239254489838608
-6.101049241812311,-5.956700535939302,-5.349845030107642,-5.826083720396524,-5.980251791095061,-4.607317714104194,-4.173226984864939,-3.6519918578295694,-2.766957669566262,-2.271670598697843,-1.7709582842416531,-1.515416577022884,-2.3570541017383992,-4.76991877012522,-6.801983776043848,5.082458576272134,1.9898558119883085,0.9658993938013676,1.4960917882709373,1.7643822993717164,2.003050400158351,2.4474293858685088,2.525429812007506,2.724704609985379,3.0556049328369648,3.1521401551059127,3.2859179900497892,3.416900349485735,3.711315694580895,3.6893371867003886,3.734321225049657,3.863096763457623,3.850767650049948,3.8415296007251976,3.9111897450025253,3.9562782194044828,3.9715644146795364,4.027564896529452,4.043038845285483,4.002623284423477,3.9839997530730114,3.951126548649257,3.871497953752745,3.8329699092900644,3.806733684523297,3.720403018015168,3.634961624308742,3.612682334375068,3.553684080967808,3.4552207695213375
-5.099609512625769,-4.920731631947936,-4.084122973357467,-3.687576649612902,-3.4670002565044586,-3.3573056564738306,-3.311421403453865,-3.1239572651429257,-2.5832074834734144,-2.3441252243167217,-2.0227503160061944,-1.8476492617663836,-1.2705681803289592,-2.0703666249482455,-3.235154873481829,-6.541438913807322,6.596346346773181,6.042374580815323,3.041177454431892,1.268180691691632,0.9395190902939256,1.2117097321739099,1.4268649311374786,1.568535642607108,1.822745157793178,1.888471903161491,2.057096297914059,2.2158538805636345,2.395940827657583,2.448975764234559,2.4752093783466624,2.705404813012274,2.723217091422753,2.7297339092914803,2.933782454144353,2.8951722149750245,2.887387749358457,2.88672655030026,2.9810033589303804,2.943150983366492,2.9623470969424615,3.015119278743057,2.920693767634214,2.918332238906011,2.939357684097608,2.824199010782647,2.790009400459631,2.8332926276327677,2.734638590907648,2.7286986182796986
-4.48617542480283,-4.340021796947506,-4.056333811929578,-3.985917278909739,-3.857841803476086,-3.5708346888425293,-3.37232004238354,-3.2708093759006203,-2.9127733532464197,-2.6690891907558867,-2.5245278421993658,-2.2520811430673375,-1.8424845068309414,-1.628590674349698,-1.4067802183019984,-1.1960984144201707,-0.9921677443291985,-1.551450686811881,-4.9062175002311,-5.743432319043298,-1.4920825517779557,4.978117119998403,3.853156429162615,2.890350322932325,1.3875058291901476,0.8187980373659219,0.9360449064722518,1.0959998345535487,1.234711839844729,1.3513243931923025,1.3905729863495346,1.5715016489259177,1.5513445532264032,1.6560501322929284,1.7722801611497117,1.7983112702795967,1.8601739519605505,1.890550219725664,1.9173592676477886,1.948461502012475,1.989388547205267,2.028279085460868,2.0314571268000945,2.043169362968723,2.0306383298953268,1.983972832261333,2.026607902373433,2.017683690625139,2.0120993170800796,2.0152946833328826
-3.967354641799854,-3.9146659739760885,-3.740773255489357,-3.676710880521314,-3.5934884939184357,-3.34944752129394,-3.2832842675299556,-3.16008589565011,-2.891152416015006,-2.757955756111278,-2.571594244781959,-2.4631961274706993,-2.1625260251192615,-2.0124569592618013,-1.9684067058083663,-1.6590971384731774,-1.4283695720237777,-1.3478104349224784,-1.1391560649460535,-0.9682888976638844,-0.8378593976234017,-2.322602765470816,-0.7555433014569033,-4.0223316917554985,-3.161416405420265,-5.014953360897934,3.231076689453065,4.614392017913636,1.970796074593422,1.614692109502308,1.357759422410859,0.781835071237403,0.8168568178668808,0.8628858213075927,0.8740327213961603,0.9451044668915561,0.980986364994954,1.09574122669411,1.1673469478598448,1.1827120782593084,1.242718842560061,1.2298793190988724,1.260021765855679,1.2684830880143694,1.3360354461414568,1.3582728144192242,1.3838509709061473,1.4024723763401643,1.4277371640764507,1.4363208244657526
-3.802722004369727,-3.813843233270255,-3.7260170139684448,-3.6765291301753327,-3.628407596927423,-3.470716157958555,-3.3694745826633223,-3.290013413704262,-3.1534972349817916,-3.0368339051297446,-2.9169421774101316,-2.8853211833634855,-2.647884898437548,-2.6055793990324267,-2.486106454191017,-2.1994381184599265,-2.089363746148252,-1.9471116009942733,-1.76451977970384,-1.598389658813843,-1.5536737389731754,-1.3755692655985021,-1.207144643265759,-1.038923554734145,-1.924212652048982,-2.0076020011291105,-1.6201299741401736,-4.540605147649349,-4.696611918082383,-4.575146582882114,-3.778137078232875,-4.216141701203086,-3.171042203430458,-0.7624958730414626,-2.6492777943616805,-0.15767986634105902,3.734931464853812,3.0469355804063656,3.658433048949134,2.6768362590654733,2.6042014702953264,2.184045340080227,1.4603355626104544,1.0168344048425033,0.754596465569299,0.7064455136613367,0.6870120997808242,0.68432806067707,1.1465273857684248,0.7967563278900666
-3.639338527793283,-3.6434192550425806,-3.542074822563066,-3.5323047129171607,-3.5076895816026377,-3.358300118020944,-3.3377655755513698,-3.259910264253172,-3.138800285248033,-3.0484122617399465,-3.00704933635823,-2.940310621121895,-2.8076924741006084,-2.7378664220300055,-2.6253188792166027,-2.5163592117074645,-2.4102966357638427,-2.3473014071730742,-2.182396041322263,-2.0565405575423603,-1.946729948862796,-1.7084637337256496,-1.641545643753004,-1.5385159044928725,-1.3828236584886142,-1.2642753584759328,-1.1359023515277136,-1.037748270598951,-0.8257226037991937,-0.8013048558820308,-0.7236312604812514,-0.627564088962211,-0.5179417830427636,-0.447961410912342,-0.42030864696711706,-0.9268175705728819,-1.634757386658328,-2.31535512426826,-2.65457963226713,-2.1972909886102157,-2.2263370417205066,-3.9151160015352424,-2.5783185213048685,1.348059232112713,3.4859613116852257,3.761244621750874,3.8165978843362818,2.216718666184205,3.4145539863978525,3.559823632612007
-3.4793313927764076,-3.4779094942778723,-3.4065178015032984,-3.4051309689235585,-3.3617257764306734,-3.2744367841763857,-3.225550499418016,-3.2130731805863464,-3.072531015135427,-3.0618528820783895,-3.0191182212840455,-2.9493626038331713,-2.869574356632856,-2.820978329097604,-2.7605157575639705,-2.644310754238359,-2.606052643957785,-2.5600829803535436,-2.4410321919629565,-2.3320953290119597,-2.2370752544398522,-2.0860171291383436,-1.9589301629501288,-1.9105138355992486,-1.7495101864107725,-1.6597434491490732,-1.6036137937219705,-1.580429313820265,-1.381255228172243,-1.2810611576010542,-1.2275868946426745,-1.1318367879793714,-1.0713107096060233,-1.0072202870909268,-0.8910076487204708,-0.8038644506773318,-0.7809484868821062,-0.7285923406522056,-0.6782485589296677,-0.6045153628872718,-0.5500586686936647,-0.5509769739561114,-0.533851817283586,-0.9791125866171849,-0.6713976067988293,-0.5110872870633139,-1.0413281865885973,-1.690445094029631,-1.6928209212712182,-1.6647105285975414
-3.347618061109469,-3.3775835962457244,-3.325878665761644,-3.3071417338320215,-3.304271736415248,-3.2516352130494335,-3.2292584402456117,-3.2122194551460614,-3.128445633301304,-3.069952523790714,-3.0389385622882883,-3.0308652445359496,-2.9705434181899837,-2.909339030917357,-2.853057623365981,-2.7873174152833724,-2.7431681133654395,-2.705247682017282,-2.5688952724984304,-2.5349023796812604,-2.4745434884944792,-2.3161920690579567,-2.281705200501637,-2.2458186144237606,-2.108479813708978,-2.0097394483326347,-1.958585745470489,-1.940166105889763,-1.814057366319471,-1.6920473444231394,-1.6000325492341165,-1.554588756850817,-1.532169790512572,-1.4529798250040475,-1.318618651228166,-1.3003686750314765,-1.2820082977485279,-1.1837915096205822,-1.1247440352232352,-1.0932000896123748,-1.0658005292392523,-1.0182221943359295,-0.9496722278192299,-0.8880869513344029,-0.8632095928628274,-0.8567116933877534,-0.8416079070875325,-0.8622320052704511,-0.8753586066984641,-0.8940096000282397
-3.1813763742894823,-3.2173148442261015,-3.188230500177129,-3.1755301782738874,-3.1690962523989077,-3.126229903297372,-3.109868764210264,-3.0952927045616545,-3.0604428702166353,-3.0209280694349947,-3.0148159940713635,-2.9835109676023195,-2.93019866352743,-2.908386323079869,-2.8629694484046,-2.7936592016448505,-2.7562071367796035,-2.7101197034069067,-2.6534986745112445,-2.6185959258910048,-2.5512003521690083,-2.491306543403692,-2.461496819821636,-2.4063706359546058,-2.2620860791369357,-2.2365102597266326,-2.2171102512968375,-2.152195155206879,-2.01131506001454,-1.9560932031805003,-1.941594966932038,-1.8466118961577067,-1.7878627891690853,-1.762599460509609,-1.7112462891463815,-1.6493675226045597,-1.5837694453074358,-1.5171637288433621,-1.4947026520891304,-1.46927599284108,-1.3472598070378246,-1.3178640480226849,-1.2923945500336045,-1.3032778553576736,-1.2483647128942883,-1.2165296048236132,-1.200485205345996,-1.2439161606672031,-1.2781448077410151,-1.3279774194079528
-3.0893113699074704,-3.1063467987508537,-3.0878010264654714,-3.0891432433181016,-3.0958838771816546,-3.064199347472791,-3.0535777108128586,-3.0528942624773983,-3.018807462019003,-3.000927542801959,-2.987216001763254,-2.990612895332532,-2.9362813094501488,-2.936209550441146,-2.921647058552226,-2.84175089153571,-2.8357860565732897,-2.8118634141453427,-2.7317792013813,-2.6841138999648138,-2.646063858602703,-2.614587765968726,-2.5482236257750235,-2.5128790843984405,-2.4756397712539484,-2.433386714642193,-2.3904571999405593,-2.357630934831023,-2.303613165262421,-2.2541839793403877,-2.196538398653725,-2.144658886420406,-2.1021535280938646,-2.0782783685881805,-1.9800081143816342,-1.9194875794607291,-1.926414548320339,-1.9078627281858542,-1.896895101090861,-1.8889585165258167,-1.8266713137634876,-1.787717892943887,-1.7494437268176712,-1.7544637265579934,-1.7912275788095564,-1.8150417741209475,-1.8742864831365196,-1.8286302483000583,0,0
-2.964678013480117,-2.9804332160056437,-2.9727494718523326,-2.9684747847324284,-2.981879115055636,-2.968984729236777,-2.9594408806399826,-2.9586847976426554,-2.9341204535696863,-2.913929201579777,-2.931137885931952,-2.925959882720089,-2.9019906938848443,-2.9025650835084744,-2.889876176082085,-2.8692788019153994,-2.846685875722861,-2.8170028382464243,-2.791508909402266,-2.772159496116925,-2.7390903368081605,-2.692889491209388,-2.657482459297404,-2.6456306665281804,-2.577027707104759,-2.5726648026407872,-2.561182542992284,-2.509123918207846,-2.4628349033054637,-2.441764601255718,-2.4148002701290143,-2.3545842538821966,-2.311815708481761,-2.2768990170091996,-2.2194992696770313,-2.1667786887079132,-2.1360971747568738,-2.1454711687899874,-2.1414384785226224,-2.104471717476084,-2.0833556736935472,-2.0754922113513032,2.2827836062415215e+38,0,0,0,0,0,0,0
-2.866344772848464,-2.884394770530074,-2.876340567160459,-2.88855848520129,-2.89537315871784,-2.885956250054974,-2.8883097994660614,-2.903449199045281,-2.8966961110089624,-2.9073743590714134,-2.9084313913689903,-2.910334282971045,-2.8815654515157005,-2.891492544820471,-2.8828855260870636,-2.8595941673452683,-2.8514271789918944,-2.837470211204175,-2.7949796074689135,-2.7882351481339165,-2.779910351604273,-2.7423190269782083,-2.7351304885767442,-2.7298452576681647,-2.6809914776389427,-2.680691095519296,-2.6803673678692577,-2.6527049509251475,-2.589791216859979,-2.5375140746459435,-2.5196600222314127,-2.506350717787085,-2.4918686080511336,-2.476622569098225,-2.4720561759260535,-2.442640623902294,-2.43050659101926,-2.9821840633640555,0,0,0,0,0,0,0,0,0,0,0,0
