jsons/1312747200.json
{"header": {"parameterUnit": "m", "parameterNumber": 3, "dx": 0.1, "dy": 0.5, "parameterNumberName": "Northward wave", "la1": 40.97354507446295, "la2": 16.46031188964855, "parameterCategory": 2, "lo2": 133.9931640625001, "nx": 191, "ny": 50, "refTime": "2011-08-05 8:00:00", "lo1": 114.97908020019554}, "data":
[rows 0 to 21 of 50, columns 50 to 99 of 191]
0,0,0,0,0,0,0,0,0,0,0,0,0,0,0,0,0,0,0,0,0,0,0,0,0,0,0,0,0,0,0,0,0,0,0,0,0,0,0,0,0,0,0,0,0,0,0,0,0,0
0,0,0,0,0,0,0,-0.22175883973733296,-0.2217166156245594,-0.23292412391694128,-0.22949607520363666,-0.23311923088198486,-0.24025879623142238,-0.24202696263265966,-0.24607464106153168,-0.2458523846610627,-0.24974552915681245,-0.2510824116184221,-0.24493739223714678,-0.23390401154448548,-0.2099543828917633,-0.13729129120123243,0.02221679005985484,0,0,0,0,0,0,0,0,0,0,0,0,0,0,0,0,0,0,0,0,0,0,0,0,0,0,0
-0.29830148956089014,-0.265025663931315,-0.29389003283958853,-0.2762425699273391,-0.27029780047378493,-0.27546033001054754,-0.2688248958973047,-0.27499222541372936,-0.28309179626913844,-0.2823086267109815,-0.28916312109955716,-0.2939107587761546,-0.2940267804978301,-0.28411695550188565,-0.2750844575753898,-0.27476571663328764,-0.20250272222159518,-0.11699921379244937,-0.0028617381921759062,0,0,0,0,0,0,0,0,0,0,0,0,0,0,0,0,0,0,0,0,0,0,0,0,0,0,0,0,0,0,0
-0.43034667734295684,-0.43081289454095273,-0.4399226117694955,-0.4296586297283251,-0.4104982963462049,-0.4058152852409416,-0.3869417596147607,-0.37101523561420413,-0.36629697983674947,-0.34916231757582683,-0.3361231327706161,-0.3173048056021356,-0.2774272446897929,-0.19799890565585535,-0.307155738467977,-0.2552411195042608,-0.17597204746612127,0,0,0,0,0,0,0,0,2.26683359954688e+38,-0.8546626120798839,-0.8956347708952396,-0.9281521030732943,-0.9472787692255686,-0.9388221762126301,-0.9249647934345914,-0.909905803773883,-0.876301036286408,-0.8455149757477886,-0.8674983172955959,-0.828189359561577,-0.8399232088571505,-0.7847458788465157,-0.7852267943436936,-0.7662706534783686,-0.7241361890085585,-0.6979847926735575,-0.7486229871677171,-0.7102501319960092,-0.7191978877588313,-0.7741437598728684,-0.7303921392654393,-0.7094401178037681,-0.7005845789898363
-0.5405039098273917,-0.5769720706991031,-0.5981895870962582,-0.66161600763621,-0.7010225699383373,-0.7317381609570232,-0.7811313472820786,-0.8104726555227443,-0.7932998995793958,-0.6741701947517894,-0.5852084217320763,-0.3870207376566637,-0.4182233340181386,-0.31716886264632776,-0.42406224108716356,-0.4807446318433537,-0.8247490080106115,-0.8461868739703163,-0.9029676537182348,0.3414709574778245,-1.335768561803549,-1.4050647894293684,-1.4725323868518565,-1.5209724407415748,-1.4762830850459483,-1.5179688429841762,-1.5045269015182776,-1.4856115337489282,-1.4920204905588168,-1.5085450470114743,-1.4203561115862948,-1.428894003101307,-1.3730136742874333,-1.2942285672795928,-1.2874127163911782,-1.2736267246110957,-1.2418532856107516,-1.2032365726080525,-1.1819597359168903,-1.1262427528187136,-1.1099415539483528,-1.0367971813614358,-1.0102426971738332,-0.999888464334037,-0.9509922907180927,-0.9448310300249092,-1.062671990411889,-0.9824864579489945,-0.982860146583878,-0.958279725051824
-0.583859902345989,-0.6233793748215726,-0.6622291992418264,-0.711658714937697,-0.7714097463350965,-0.8133161343212575,-0.8944307485594241,-0.9639345770452556,-1.0198479691173201,-1.099373895334295,-1.162905512090131,-1.2368505204678486,-1.3321355548146099,-1.4029405238371917,-1.4541276549189697,-1.5250605635506485,-1.6266119276601119,-1.700943911473962,-1.7178588396442434,-1.8420058750279744,-1.9034939424430906,-1.957132081421565,-2.0540501471532497,-2.068421118640844,-2.0739257582256276,-2.1222767156569353,-2.1342422334030706,-2.085441237731454,-2.118593247056168,-2.138007508248725,-1.9891634043689188,-2.021106657916684,-2.0035792088406095,-1.9439454158376073,-1.9262864150343104,-1.8922768678308968,-1.7706795814960001,-1.6996712570293162,-1.680393787030296,-1.5912932875962453,-1.543426818583245,-1.4464087548675604,-1.3576173919109942,-1.2770268431761134,-1.1377514417620898,-1.0345852131258206,-1.071018822628852,-0.685369818356934,-0.5129581081426466,0.024894634537156124
-0.44845557659942337,-0.48620750555852726,-0.5107263850428132,-0.5554729812401623,-0.5925026911286857,-0.6261057929047702,-0.6667085129441379,-0.7156407162569608,-0.7670025080251944,-0.8385767837987969,-0.9049963078439626,-0.982556206460273,-1.1210031495492108,-1.2091112675227662,-1.322928359228534,-1.4317671432253496,-1.6326737225768775,-1.7403541716011248,-1.859551753413931,-2.050632487379446,-2.1360739147248466,-2.2588381411088627,-2.4087736362743044,-2.5324179576647983,-2.535732663561361,-2.725305946937451,-2.7632136160543963,-2.718892455686536,-2.8334407571034954,-2.8461694508589366,-2.7059468508205367,-2.8186474581052736,-2.7684478825574312,-2.6614970679635443,-2.594623332714193,-2.5844002264485373,-2.485971730524834,-2.4256667989122604,-2.343820482213862,-2.196128087082696,-2.1753617249099033,-2.0549026739162715,-1.9779022556920396,-1.7456816670308872,-1.5973009092894224,-1.428355325255957,-1.1898732488979502,-0.9386403410938732,-0.7822492502511218,-0.4274658944781695
-0.12345208571498921,2.358809274560922e+37,0,0,0,0,0,0,0,0,0,0,0,0,0,0,-0.9306164058646997,-0.7866555830899872,-0.8504861503880822,1.0750640819874958e+38,0,0,0,-1.5044541322751694,-1.946744996319684,-2.7174979024043244,-3.3132407060323468,-3.3705459513576113,-3.6147010726716897,-3.64243486465103,-3.5784849212356162,-3.738861280453615,-3.718502115151706,-3.545311212290853,-3.456100858575114,-3.5310285988242893,-3.369173394034626,-3.2789762990166627,-3.291267408007694,-3.0478978308682443,-2.960640130626659,-2.8952398212169546,-2.8160667542989843,-2.5202519920013784,-2.375309343052951,-2.2569071356676265,-1.9486898736567302,-1.8109612769289964,-1.6814608433561284,-1.4284974457263688
0,0,0,0,0,0,0,0,0,0,0,0,0,0,0,0,0,0,0,0,0,3.25251601191386e+38,2.821300579458252e+38,0,0,0,-3.8140689434053545,-4.002214320551619,-4.234635022507057,-4.431066001000576,-4.413545575795117,-4.715715332337433,-4.78569796740945,-4.588456500997029,-4.654377316837455,-4.626083608138673,-4.300197661986644,-4.320645265151431,-4.29391387242627,-4.037517056495168,-3.9097398343164986,-3.7380310988701386,-3.611760857229945,-3.280127333243401,-3.035067670891395,-2.8141893804085907,-2.5432069769073866,-2.2811944589146322,-2.1291283732784816,-1.8298848564650778
0,0,0,0,0,0,0,0,0.2307813259067915,-1.5878655051551076,-1.6541029847507063,-1.7710835223268744,-2.126661790375023,-2.224360816358517,-2.414940049123229,-2.459783519124528,-2.683573452372534,-2.7770601068622383,-2.9652530668998063,-3.1805473856645285,-3.336113470055452,-3.4194294550166737,-3.6749797654676883,-3.812856007730154,-4.021740363156202,-4.364091015786475,-4.477379577781745,-4.606815367748604,-4.938452968463736,-5.114753973955136,-5.106180148011967,-5.324344763376619,-5.3574340410906345,-5.233085921391208,-5.199893691352347,-5.355923949334444,-5.10883449219238,-4.873420991065633,-5.014996214545537,-4.603847791945327,-4.388618709279801,-4.29906625251518,-4.066373299178587,-3.6036866218840116,-3.453500113612332,-3.185563012752237,-2.7603019137883225,-2.487752489226207,-2.227110619768893,-1.8966375466596725
0,0,-1.1187228382443553,-0.9794475634578613,-1.0628906791440078,-1.0906879031801224,-1.3979847890712267,-1.462682836667134,-1.4353946963569215,-1.56618323304838,-1.6867416425955144,-1.810192644184881,-1.9805866588161287,-2.0519235880962103,-2.2972592550210362,-2.450193431435073,-2.64402710829687,-2.8513251532663717,-2.95135204056856,-3.1877838098606257,-3.419339641188152,-3.5736269876163296,-3.839296701920788,-4.0637770357877905,-4.3308911159553665,-4.608840826103861,-4.790225821550943,-4.9466280858378155,-5.157169881939773,-5.230363991879703,-5.249736796024444,-5.239974662359193,-5.248236588379825,-5.095397144579739,-4.998309885011559,-5.008076731649518,-4.702966432209452,-4.507399544170067,-4.558015328089362,-4.187879827943252,-4.104566546382607,-3.9738999198221916,-3.7884581027791593,-3.2912209393041914,-3.0220813864636424,-2.788276162920672,-2.311999817032167,-2.0387239901244656,-1.8174428333821533,-1.4170567463968793
-0.49966468382417684,-0.494727854388418,-0.514574725958999,-0.5675363785774008,-0.599337068762631,-0.6069773619934933,-0.6567166203361869,-0.6837590259004682,-0.7449053681171377,-0.8541120578823229,-0.893528091214387,-0.9798754410532494,-1.0334299116432157,-1.1006351843998998,-1.2077317761794553,-1.310795497487909,-1.4928998264827735,-1.743020633253985,-1.8760296369335943,-2.1252303156814576,-2.3800061768104572,-2.5711902954906387,-2.780375912957177,-2.9553134284248963,-3.3088730077526542,-3.6205887305148696,-3.870085553097954,-4.369304360849516,-4.624315106133487,-4.848715114312653,-5.033721898058869,-5.0231657001727,-4.96287296602813,-4.700155698696557,-4.5068825896330456,-4.485398930871041,-4.087746652479914,-3.8728693643248997,-3.9462011975573605,-3.3991900898468517,-3.3165312105479847,-3.314273368639584,-3.1489632075929093,-2.7693233103368007,-2.632479746152652,-2.3642582456550527,-1.929627125574177,-1.7112107333689406,-1.4442485943759866,-1.1042550630466452
-0.0746222415957604,-0.04483630771402325,-0.04086115653775133,-0.06155589084333627,-0.09310739326727602,-0.11272662587164207,-0.12945159709364717,-0.1453029231175463,-0.1896290782524711,-0.22458887737274993,-0.2431949952330994,-0.2974795464211947,-0.3270149590528795,-0.392324455890838,-0.5129858835049584,-0.6131552623480025,-0.7451753133879865,-0.8847259171718342,-0.8934347698975329,-1.0121927168572822,-1.088214137774052,-1.1093410490252462,-1.2763773818389685,-1.3385628814631336,-1.616250360848012,-1.9271523128555372,-2.1000924389274447,-2.7174183778988543,-3.15419913152362,-3.615375027647247,-4.5369008417058945,-4.698779201229563,-4.873019485595855,-4.684228764174593,-4.412421039698936,-4.199977931227456,-3.7567926035189974,-3.4695343161105434,-3.3804526683079255,-3.0277062481626413,-2.7249650695877756,-2.6047116863256616,-2.4843471768774705,-1.8324673665921316,-1.651060263441232,-1.5386827547364963,-1.2060387948175582,-1.0300256882215437,-0.8469488851435235,-0.5331678464680764
0.11482552276517528,0.15797617317969537,0.28683834514579126,0.3161839482782284,0.3976396776225527,0.4271354014731797,0.47708415485756395,0.4848110443727361,0.46370387155239495,0.47344158144231063,0.45855002483590357,0.41698420752903165,0.40570630310109973,0.3726529078418569,0.2410139621176163,0.16952842542069055,0.14367366284469935,0.04165779122563105,0.029654164817540643,-0.009998636986453587,-0.010041431390681208,-0.15936047995306807,-0.2209270024041288,-0.2795693978374401,-0.33919862878921814,-0.37024781797482437,-0.36116350926200913,-0.28154104884362674,0.15513195986601425,0.23283491305562867,0.707661530777676,0.7726392486434863,0.5979755425268033,-0.15335189086343035,-0.5923007593151745,-3.840456126003736,-0.8972382934269163,-0.651168693282956,-0.9019962247061453,-0.8008498957358404,-0.8964720448572693,-0.9733602476160044,-0.84792689990097,-0.8078347275231756,-0.7857636226365917,-0.7365518910152429,-0.6160418388749516,-0.5220804797293624,-0.458883568707202,-0.2786444036905164
0,0,0,0,0,0.18758127004707517,0.40404741560212215,0.49408617817831896,0.6071129196841204,0.6867331733577802,0.7065291064393258,0.6089769198108607,0.5784654436635942,0.5146903548179345,0.44921521895762645,0.427178402653034,0.3746706924430764,0.244140326427417,0.26990276198469465,0.32482206085367665,0.6137322563041201,0.6177671965190022,0.5836516353241329,0.523183238736614,0.46913786536638835,0.4950553868036923,0.6053900983327151,0.6956889541702888,0.8003850403307461,0.8419757207341146,0.9811794745706225,1.1112730419087091,1.2932895480535365,2.0789037381186466,2.8633798676018354,2.4788950204064775,-3.646002347214737,0.306226129680066,1.7237503351672907,0.9222053506330623,0.5670872990126657,0.36841873185062946,0.1140546554662894,-0.03995732007007152,-0.11427649851005874,-0.13883872489475102,-0.15259551194187365,-0.13914470637368906,-0.12652914729703674,-0.05362567300056616
0,0,0,0,0,0,0,0.17213643815219382,0.5286168719578922,0.7039641681507928,0.7867925007273107,0.7355083866025748,0.7261329099373484,0.671520099535085,0.5837889144108533,0.5927072015558403,0.6327189938712949,0.6048181242817964,0.5983888070490847,0.5655859022336275,0.42115934920287706,0.3790553338433621,0.3165053400549396,0.19122451129268017,0.2714654824282451,0.3684752022793174,0.41487513629023876,0.5047108973292609,0.5285751716734494,0.5883453981114044,0.7879420015430544,0.9651143778857791,1.1773963923998694,1.754596704824917,2.359403543699407,2.746227371715344,3.2299846636178198,-2.533075235450106,1.1129945340246823,2.161652703836544,1.647886653009886,1.1291531628797433,0.9067533934757437,0.4474568896239275,0.3010153975199738,0.1714782534447132,-0.0074383171710580625,-0.10496949914504725,-0.14510307309089937,-0.19201124356126775
0,0,0,0,0,0,0,0,0,0,0,0.5666414479071803,0.4726695597759529,0.5066930363706196,0.5116618870202616,0.5732461436441306,0.6499492148962237,0.5227911293212473,0.53368651435809,0.629586699028156,0.6158890032079241,0.5810144949267158,0.5635339888549823,0.5364665292618989,0.47394676725715473,0.49650873304888715,0.5602471080407431,0.5728281698909847,0.7094171273609935,0.850135653239892,1.0436266377448986,1.2604588899338887,1.3686683440282006,1.8083763655500242,2.223770173216667,2.627298267057941,2.971195611400973,2.9877754347268586,-3.2523100940113117,2.464110002031529,2.411905263476031,2.164721663183078,2.008040529689319,1.3395264122310542,1.1846627618873866,1.022738778661014,0.7090786969733134,0.593678817656524,0.5112348613500001,0.3741583174950234
0,0,0,0,0,0,0,0,0,0,0,0,0,0.1030919363226926,-0.11700884235372462,0.27266487749116836,0.42384900579281715,0.5575073120113457,0.5876231019809812,0.6036851737945332,0.5107991016102005,0.5109653178095052,0.44707572412146296,0.3450832222326947,0.19731862619657456,0.1879437900983175,0.198082413726694,0.2820959425802598,0.4736753186204724,0.6627647360386649,1.205952504805744,1.3701399081645362,1.491962980231099,1.6461705276123213,1.7791074864422414,1.952479071711675,2.3101351416570592,2.466987750298201,2.64885423523576,-2.070258020775533,1.0485626823807384,2.5957704272828295,2.517380917272671,2.044035950491821,1.8575336610966864,1.613048588331579,1.236486268604892,1.160986656158685,1.1317593332658533,1.0216595794876906
0,0,0,0,0.07258871995666641,0,0,0,0.27510060491321925,0,0,0,0,0,0,0,0,0,0,-0.7390704384336092,-0.18676214373029631,-0.034288646622488796,0.01374332497601281,0.09615457210115425,0.06535240313918002,0.0761107356557174,0.12630358164128733,0.21210697243484034,0.4496729934422711,0.6232793914386433,0.8311718710818288,0.8640063020228573,0.8554946074175633,0.9730839001153646,1.078853357444542,1.204564862553858,1.6669821872000694,1.8413839583359477,1.990602005850375,2.1862144223791664,2.285903806425264,2.1676473330858195,2.145596925354707,1.5429877976374986,2.1768481438243716,2.1759587301974124,1.8266614560012862,1.635178576946213,1.5336686338951149,1.340259057276725
0,0,0,0,0,0,0,0,0,0,0,0,0,0,0,-3.1325923474691432e+38,-0.07649002893871225,0.21285936223194263,-0.07789595109728549,0.15550423105415107,0.27575433956524215,-0.038603151103317676,-0.6393750387176379,-0.8424437877172123,-0.7034399086917092,-0.7712009919697299,-0.7136726673300543,-0.4650743818974285,-0.37996757048313184,-0.24721009148358644,0.20360465620586415,0.4289400919253411,0.645553429280973,0.9671530274429769,1.0511400673614042,1.2731252267531288,1.547272639820822,1.612048940231674,1.6621295318829978,1.787138479478754,1.8229944761382664,1.8398414527886564,1.9076614687079518,1.888352862479501,0.582248963034804,0.2832406928644292,1.92648249622923,1.8289019596368365,1.7195204306925973,1.4699076044234247
0,0,0,0,0,0,0,0,0,0,0,0,0,0,0,0,0,0,0,0,-0.40170576629924676,-0.6023157020581241,-0.9965140690550276,-1.1370345417147436,-1.2571380900783644,-1.433983258813919,-1.3906167896844366,-1.0738063068191244,-0.8255151139820274,-0.4362466597476873,-0.09125273937992845,0.03478546353720691,0.23587857608024362,0.5654386733360224,0.7531371541399366,0.8204259774235702,1.0183379340088952,1.1418703414028173,1.223351284648309,1.4456144547964853,1.54373383952075,1.6266826867985111,1.6895848111818725,1.8343105468578003,1.7486153539629812,1.0805575037640294,1.77720869138412,1.6310721252072489,1.6799951076675372,1.4081341169973103
0,0,0,0,0,0,0,0,0,0,0.20560866076117773,0.2741164449088607,0.3222364653575242,0.3523116645866532,0.3931301225102437,0.4481397732285465,0.5444766568154141,0.5517134618289224,0.4844391393555659,0.27325676011748723,-0.2964938133273078,-0.39737970834191416,-0.39527877094736996,0.8483679650422414,-0.8600932675733617,-1.205949922015171,-1.0854311775065588,-0.8388996102435562,-0.689518990271057,-0.48148765032492163,-0.1599943817397085,-0.009362572175447895,0.13331035546541575,0.4414450598042931,0.5775753389993187,0.716928046876847,1.035464256104571,1.1613478469154563,1.1997861645784351,1.283226881755589,1.3457274305102858,1.375724705652442,1.4458641396614378,1.6005958289741313,1.6513106741392287,1.6602632810563875,-1.2446094715518816,1.1395614578686308,1.5938038673194963,1.2977865992987407
