jsons/1312858800.json
{"header": {"parameterUnit": "m", "parameterNumber": 3, "dx": 0.1, "dy": 0.5, "parameterNumberName": "Northward wave", "la1": 40.97354507446295, "la2": 16.46031188964855, "parameterCategory": 2, "lo2": 133.9931640625001, "nx": 191, "ny": 50, "refTime": "2011-08-05 8:00:00", "lo1": 114.97908020019554}, "data":
[rows 0 to 21 of 50, columns 50 to 99 of 191]
0,0,0,0,0,0,0,0,0,0,0,0,0,0,0,0,0,0,0,0,0,0,0,0,0,0,0,0,0,0,0,0,0,0,0,0,0,0,0,0,0,0,0,0,0,0,0,0,0,0
0,0,0,0,0,0,0,-0.08740317657990702,0.011022301440975423,0.045883513260769226,0.06751533630477473,0.11288699590087059,0.11801681120023282,0.12256329129153089,0.12451734765703601,0.12661830550453496,0.12815170816067886,0.12825370772213907,0.13417582117573792,0.14233708832451186,0.14202741067722888,0.1342758826735786,0.20579077556049766,0,0,0,0,0,0,0,0,0,0,0,0,0,0,0,0,0,0,0,0,0,0,0,0,0,0,0
-0.20730970046800937,-0.10936439869412863,-0.14151440979925553,-0.13006584047910333,-0.078743902642241,-0.054563307503636534,0.005729717445696148,0.009000567278398148,0.05794784875423068,0.08097322723530034,0.09419985913280272,0.11493514269728602,0.11596927532271384,0.12751501612922,0.13654474052110263,0.13619129019725873,0.16124412608765554,0.1794942425982934,0.18628725279345854,0,0,0,0,0,0,0,0,0,0,0,0,0,0,0,0,0,0,0,0,0,0,0,0,0,0,0,0,0,0,0
-0.2512008643655325,-0.16344828878390325,-0.11941641949847115,-0.08378561745699903,0.027939767763785935,0.06677414190264577,0.09324948152754231,0.10791085240658792,0.13947003969094957,0.13803180435891338,0.14961159473366054,0.1527820687222615,0.1542865475439012,0.18707135781504994,-0.17565416364505254,-0.2793733179503627,-0.09726757107980706,0,0,0,0,0,0,0,0,3.135895628915458e+38,-0.5754202803805635,-0.6325617496898118,-0.662157518917263,-0.6788436194580489,-0.6934040149052473,-0.6909474715497179,-0.6940878495509512,-0.7080011095389244,-0.7126519205235909,-0.7371845004561786,-0.7267824193947969,-0.7216901012023933,-0.660844466703039,-0.4949389285037103,-0.36469960870248525,-0.32111416942977655,-0.22159550558437505,-0.14872051917700777,-0.09318185947545199,-0.04627553699484363,0.03675737100029012,0.08091831632622228,0.10884984813250491,0.16668178666363737
-0.5070014892094898,-0.5048780442899575,-0.5120309900341731,-0.5425038832308624,-0.4917288880694054,-0.4697698099259892,-0.44838280967931926,-0.4805935044225792,-0.13336537769174264,0.12288811661364947,0.37035773250327797,0.3592914338972281,0.2160094251022079,0.21116493825245333,0.035314319831906714,0.002868080437031207,-0.375368928141849,-0.45004357629255903,-0.5299078644537268,0.1739034618187055,-0.7758789305284732,-0.8031698415298452,-0.8085515557187977,-0.7968370986555474,-0.7633219574063436,-0.7535370140727099,-0.7410660423115499,-0.7405741040594785,-0.7430379198308328,-0.721996252395407,-0.6960376821232837,-0.7004461854996752,-0.6798278434800724,-0.6846690982915681,-0.7188116312711906,-0.7381618159661991,-0.8519726018476009,-0.865272808691575,-0.8699014973281073,-0.7707373522189302,-0.5615919807167131,-0.44699913292191784,-0.3304160005672687,-0.1841742603635839,-0.1090996425893998,-0.05895440659005153,0.10624127217447601,0.19565237915669065,0.2537028314461261,0.3332633862582435
-0.5494675114818046,-0.5684605277343007,-0.5956600629205332,-0.6175785027605659,-0.6473006343266987,-0.6674052238762599,-0.7003955752907801,-0.7264273523149852,-0.733297189569169,-0.7612656552082254,-0.7689725690293575,-0.7931505891591726,-0.8072018914738396,-0.8157258601284397,-0.8272662250231498,-0.8215468379100169,-0.8210262955923129,-0.8022363916774473,-0.7917276876176911,-0.7461217984552545,-0.6521999587663232,-0.6314183727935339,-0.5525399143865493,-0.5339346251947181,-0.49262387382151257,-0.4839630361735797,-0.46391029041714177,-0.4226939021168102,-0.4115614549144189,-0.38758205845716626,-0.4135498506269939,-0.41419389200598183,-0.41223833010727756,-0.41337256599803085,-0.449223004796988,-0.47296140445002127,-0.6705234169508086,-0.8044070246046673,-0.8724569841517306,-0.663657680948869,-0.3638251082463341,-0.29813198447152156,-0.16348438661667414,-0.02049028960294196,0.0588948232352408,0.1563782905442208,0.20480536553768314,0.2890840757568333,0.3531180542023787,0.3371940945004155
-0.3310050872897284,-0.3249792571530822,-0.3229515298000972,-0.3111310456851362,-0.3450537882478056,-0.35252635748868955,-0.38791185195083316,-0.4216820891878354,-0.45668674474739407,-0.48420589274371284,-0.4725273598164133,-0.49224136436498367,-0.5020593990188191,-0.5075155175569189,-0.46585892852675753,-0.4718867340739864,-0.4835181380427259,-0.4567894515150251,-0.4512323943043136,-0.43253052754685445,-0.4051605454453811,-0.3886449557027244,-0.37284863773133103,-0.36082219456791453,-0.3352235510173362,-0.3370969051925828,-0.28288098745118156,-0.23253038937779366,-0.19220814619715176,-0.17467057509754189,-0.10631532648668894,-0.07990735188396365,-0.053718219994862954,0.01127522115209838,0.07245444921749318,0.0793449081054176,0.0649916222442577,-0.17818241288311068,-0.6103375032664031,0.135300865171256,0.27136095952533584,0.23902470556177582,0.2507193049137817,0.27104121856081326,0.27824462375442355,0.2928848268520705,0.3194811060549993,0.3411398649809135,0.40544781052863355,0.3899750010727618
0.10448942511480354,-7.830842761305565e+37,0,0,0,0,0,0,0,0,0,0,0,0,0,0,-0.2953728291498321,-0.16870796134334412,-0.1343637431618613,-8.069917155111845e+36,0,0,0,-0.3288577321056181,-0.2634884405810436,-0.32675839947802177,-0.35839436403409397,-0.26009363561569665,-0.1823776471309867,-0.1377685692567344,0.003025126840234676,0.08610695716496848,0.14463382031546496,0.2759749081207691,0.3578357967908282,0.420953009644694,0.44274365266673166,0.32606285153597064,-0.25576118494389977,0.3492190276668662,0.5582307744634474,0.5837908407356582,0.5107825270786044,0.38801953325129446,0.38666593545643896,0.3627161025752719,0.33793335366574107,0.34647781994199617,0.3709209009487634,0.3995143920808521
0,0,0,0,0,0,0,0,0,0,0,0,0,0,0,0,0,0,0,0,0,1.1206324309230761e+38,1.2304438607870125e+38,0,0,0,-0.5426653567120526,-0.308173441876745,-0.19478964370161253,-0.08921677257816697,0.11542846530151764,0.199177577902625,0.31045412391238064,0.4644507940815494,0.531506602427446,0.6302776922891903,0.7733995629212455,0.5193288289010334,0.2987671101939642,0.7014603886321714,0.5610049229836355,0.7061811478965972,0.7100754574400874,0.6324385128113202,0.6263484239372673,0.6107451615337107,0.6016387008184709,0.6256948845627403,0.6511623521848057,0.6193705599529125
0,0,0,0,0,0,0,0,0.05280033270163024,-0.27964478399693266,-0.30576899801798046,-0.03386174381312451,0.1270348486578181,0.19356406447069735,0.24324442577381303,0.2368465205498459,0.29748143049612,0.22989342515577124,0.19234452496019291,0.1274692306598082,0.08139537090960275,0.0410601035539373,-0.0326825708822644,-0.04604085415711851,-0.0573857818384157,-0.023694453429434645,-0.000781163990524454,0.009209315719252166,0.06982550744776746,0.11172410313076109,0.25982706585742965,0.34155410698015953,0.4083096119416615,0.5831292964811907,0.6822961356571836,0.67648726336534,0.02197891340198665,0.05785754130537209,0.43949110520167234,0.8461840168653691,0.7971336449454851,0.7751299710646455,0.7037327664654355,0.6969090294202751,0.6971048293611316,0.6872496538767905,0.6723108104483182,0.7149467678962844,0.7323203475094082,0.7436124102257131
0,0,-0.2869100989176795,-0.36887447257644784,-0.4071846348778015,-0.4328036271147459,-0.4977454635025149,-0.4880831134469203,-0.3378154775977779,-0.2902178582793296,-0.19222239684227657,-0.11405504431121322,-0.07766955706086874,-0.005637776843358188,0.018766752674168444,0.08190183447923388,0.10750060666094005,0.12037796968098081,0.13021388089103772,0.11391920828314932,0.10093776867081887,0.09905397988720119,0.13184719014634158,0.14367844867936977,0.22959859215121556,0.25485849276507005,0.2876834497327993,0.3501734371084017,0.38163776738442495,0.4084633830501006,0.4984919742923652,0.5728529108656784,0.6107411544400106,0.714469244170201,0.7796486037745342,0.8319064919733282,0.28641329104784496,-0.9134324712523386,0.5468625547519432,0.8492917029268966,0.8716728019689641,0.8526145747390784,0.8087810576229421,0.7682820887006206,0.7497653410084542,0.7454772101701049,0.7358941869355862,0.752170546343716,0.7575569886161744,0.7740055954278309
-0.4932053517864904,-0.46027327721726974,-0.43137929699974265,-0.4406575121795574,-0.38607641873405646,-0.37994264125258315,-0.37076527655480584,-0.3414024385006318,-0.28013425737229425,-0.2766604317729419,-0.23582968822174327,-0.12501071366760177,-0.09397996398154068,-0.0363594783606132,0.057900757448623205,0.08722278923139615,0.13049912643146377,0.17330602065289594,0.18126071474790356,0.2118106774371057,0.2531402463057267,0.270646396075556,0.28531975420363614,0.2910384109736076,0.3652113183087809,0.4065205213729919,0.4578665599299832,0.5740472901441587,0.5829023337932455,0.5909947152318901,0.6533133596866558,0.6842166552475168,0.7114799364473172,0.7698229973456537,0.8009208923583993,0.8323451325631878,0.5866463654161542,0.8609745663782622,-0.8564355892392599,0.8181666778390831,0.8594581564295187,0.8882426175928683,0.8701349106374113,0.8303276124876732,0.827452066812082,0.8344149289021044,0.84247076465728,0.8468685057787593,0.8386560330829659,0.8278971970849165
-0.36484005867339286,-0.32502749327022284,-0.31294262991648236,-0.31852004007328605,-0.3023561654946969,-0.27620258578960694,-0.26548362861445635,-0.22932447649901502,-0.1925776569871894,-0.1777996784099827,-0.13964805240402697,-0.07896502189969479,-0.0659273124644955,-0.05013410990053723,-0.005350352833596917,0.017045676446166527,0.017434214920978516,0.08033652068669175,0.16271220609934783,0.2047979907714933,0.28504584687899426,0.31241862845183593,0.34643374909307845,0.3976220015361937,0.44807485988129847,0.46959845615980644,0.48353348319002964,0.5615262722380385,0.6047281243688866,0.6257937600806237,0.6933008274581172,0.709738338909963,0.7301918062493298,0.7900368226091955,0.8140964601837559,0.8342824267470814,0.6617824893799918,0.42728522052696827,-0.899170686007652,0.8462002917972535,0.881120697778623,0.884308865487391,0.8815222696795934,0.8452798644974443,0.8292700576494028,0.8266189800593328,0.8189646916686495,0.835107610548137,0.8335614291509438,0.8517393574024638
-0.22944137248300364,-0.23504918060911623,-0.24263808933667916,-0.26322953085315565,-0.2211343967831374,-0.20497240958349852,-0.19464809764783653,-0.18098318443775555,-0.15677617029442387,-0.13911257392301168,-0.12498366603588008,-0.10348048552645817,-0.10027449754347979,-0.09611145365809858,-0.07062664042539585,-0.05571929820118304,-0.041474071311518125,0.0002836260149092637,0.058533181294841106,0.09757082859626681,0.2018050171908202,0.25748177130115313,0.2978546700406917,0.3487843686086433,0.455209723705447,0.49738859491199094,0.5292558321937617,0.5534242543896508,0.5828518942477847,0.6009416164744423,0.6446806118915427,0.664794291457291,0.6867273871057927,0.7386217235458102,0.7571716035219825,0.7938796568778311,0.8211926461621304,0.7884734167670195,0.6946583113859955,0.7977132954903681,0.5411837715428415,0.8623874608802353,0.8837657580682833,0.8662466377359037,0.8667350276037238,0.8516595177361292,0.8253509109878866,0.8120019842823653,0.8128894251856065,0.8143574629749161
0,0,0,0,0,-0.27131568260400585,-0.2846475374843337,-0.25865418421580255,-0.2035136440462298,-0.18746818409102953,-0.17989369629957194,-0.16086943215593588,-0.15860589061154343,-0.15358575296176108,-0.1057760648577003,-0.10290962530837545,-0.0979086025827125,-0.037756637269909986,0.019366479957430394,0.07211579962208382,0.17789291144442113,0.21851848057690196,0.2714356315542176,0.321954464855464,0.3932812778086884,0.41440294395714317,0.44054270062076056,0.4778319501568549,0.5185717674836239,0.5497343713658003,0.600582296017533,0.6194826898105209,0.6426615966948919,0.6963433299989935,0.7154206057122614,0.7391093852449931,0.7857573966875308,0.8094806779619628,0.8320369181283417,0.21451650839189876,-0.10994944878737938,0.472124927749395,0.8655501547762535,0.8343563020092581,0.8320162504109008,0.8197374683004696,0.7761611994657535,0.772360939415076,0.77088522781209,0.7527377766752731
0,0,0,0,0,0,0,-0.28152052021579765,-0.23079864478131845,-0.20220778346894017,-0.17105487553424187,-0.20982815646187222,-0.2293864268099045,-0.25265282984751375,-0.22250317539987344,-0.19261722591433048,-0.1632228703148949,-0.10742731179888008,-0.08417738358894808,-0.062363458378142056,-0.016468303308915595,0.0169706204532019,0.07235872686686352,0.1152382891278053,0.23014673649604372,0.2961265263769276,0.3238856358093438,0.39840104107335433,0.43563103918731283,0.46339254935687296,0.5409194510637647,0.5686771716976308,0.5959076973827157,0.6540771051718676,0.6916880994348322,0.7130677344679095,0.7566471687929086,0.7815345274176464,0.8087790921444193,0.7659489162989249,0.36373361166999374,0.6552603244808158,-0.024715336069763564,0.8568524230138481,0.892441668975467,0.8829908897036717,0.842588530346843,0.8277830862177817,0.8228954144393695,0.8107284857919744
0,0,0,0,0,0,0,0,0,0,0,-0.05005120849573738,-0.13232068446897471,-0.23464338063415496,-0.25631174174366955,-0.2666840537894235,-0.28281636536039223,-0.22453572878967648,-0.2133343913617177,-0.19166654112948958,-0.1210412003035628,-0.10779785269771307,-0.06933818283835734,-0.024456202837608496,0.040609681512271775,0.07544288486189944,0.15204779722245246,0.219988952763908,0.2587707867356517,0.3015483765093194,0.37869803108263395,0.43541189404749553,0.45632336315284644,0.5134526147068968,0.5573882389839465,0.6297162031983279,0.6917484870353802,0.7241487057287281,0.7549484775759311,0.8010009455266989,0.8315841264318936,0.8544773925970846,0.8217958929163075,0.47629235163918865,0.8916977441317864,-0.8211256478158878,0.8035120929915222,0.9049521996296787,0.9046224904363485,0.8853659723906984
0,0,0,0,0,0,0,0,0,0,0,0,0,-0.01484483438693525,-0.256784659030356,-0.27135156022012236,-0.33387137758474256,-0.2937895009451766,-0.28324616007226705,-0.28491218309320854,-0.24573968155406392,-0.22838808706090816,-0.23069168419238884,-0.21331308095291224,-0.15600413833704685,-0.12270041750390379,-0.1232176659870301,-0.07585525493338796,-0.010612245940187469,0.04421504209456885,0.18101295326166467,0.21929786606876056,0.2524842335736664,0.31463497927379575,0.3800504406162692,0.43976350589214674,0.5070918584497939,0.5500675237919723,0.6037622281685858,0.6756414985387889,0.7128429161967078,0.7681934350898743,0.79690961110238,0.6276223443529796,-0.8445281647036048,0.7986979517779372,0.8474070023025886,0.8443792090762944,0.8454715487691642,0.8031638983032011
0,0,0,0,0.0006340265230920218,0,0,0,0.004627853419759781,0,0,0,0,0,0,0,0,0,0,-0.3719552737244439,-0.3450264563117568,-0.35369456326955945,-0.37624807187932047,-0.36988836947650244,-0.3513825824135732,-0.3534836924752415,-0.35785487646602065,-0.291200361114331,-0.22737577625408342,-0.15358952990661434,-0.02738210436402568,0.007144554545502713,0.0577059461795962,0.08112769923298774,0.10693650020498977,0.15755059163049875,0.3698460955914574,0.4127108833362177,0.46142950756652473,0.5435172712849278,0.5955725920424542,0.6595855942120673,0.7138117719054048,0.5115404273850969,-0.4860575329968625,0.1617884035370391,0.7720722401547789,0.7503159745760967,0.7299433413181091,0.662241563090223
0,0,0,0,0,0,0,0,0,0,0,0,0,0,0,2.939584725381154e+38,-0.016232737535329934,-0.0505906068625779,-0.05495104131138816,-0.07721956277889805,-0.11885738884970508,-0.18155365201101065,-0.3524054151260824,-0.426542035435728,-0.4558448239355397,-0.5024667568111867,-0.5011727895954549,-0.45807944896048536,-0.4386676927354467,-0.41020938058683176,-0.24036949186025722,-0.16229999275223483,-0.08032143622370913,0.026949491176919877,0.10689372600263107,0.2006999839488589,0.3446038179169484,0.4366577820359638,0.498153233522048,0.5731359887216412,0.5927072323219807,0.6377712924951816,0.6554594746409467,-0.1139779584091819,-0.7018957391691263,0.39854433721474136,0.6852664524466562,0.6621405734198185,0.6105260905215273,0.5887383836853374
0,0,0,0,0,0,0,0,0,0,0,0,0,0,0,0,0,0,0,0,-0.15683075582378847,-0.26834270246135705,-0.42066467722299655,-0.45929856325372836,-0.47187928155773223,-0.5279162815930782,-0.547571401070123,-0.5290279450340254,-0.503819760150363,-0.46845499146982045,-0.38821463891735897,-0.3768394340926076,-0.3154097779355835,-0.16023789937207766,-0.08750062406013102,-0.025138414327572453,-0.00017145982440609352,0.16078001463003322,0.23312986250662002,0.5647407050911062,0.5932111719912018,0.5835638618842317,0.17914762561941555,0.4043055332459327,0.5897411354298552,0.6068434463458239,0.3977281119367578,0.3773405083670346,0.29951391729683485,0.23326165105143098
0,0,0,0,0,0,0,0,0,0,-0.11903764798704025,-0.14199553737394635,-0.1675704095740876,-0.1893378725571859,-0.2144597887114385,-0.23565147298328426,-0.28216302930583714,-0.30837642148936584,-0.3310106640542265,-0.3670508186434062,-0.38189394129255355,-0.3875874501612689,-0.37634191694715846,0.2468096264406881,-0.3410634960878493,-0.5968583687649294,-0.596002917777865,-0.6098041502730592,-0.6056162607931934,-0.5608975797654188,-0.4358128458163095,-0.370207212167219,-0.21197274823862283,-0.037881934768808564,0.02114569654746829,0.10941340756255413,0.2811336419774602,0.4414320008197647,0.439687500922056,0.32081956295422404,0.24601812237249576,0.5056484356963697,0.46180554543498875,-0.768117417602022,-0.1548618724617967,0.2761554670686562,0.11829684714219926,0.14324863186369727,0.15753977078880801,0.1750486792606641
