jsons/1312804800.json
{"header": {"parameterUnit": "m", "parameterNumber": 3, "dx": 0.1, "dy": 0.5, "parameterNumberName": "Northward wave", "la1": 40.97354507446295, "la2": 16.46031188964855, "parameterCategory": 2, "lo2": 133.9931640625001, "nx": 191, "ny": 50, "refTime": "2011-08-05 8:00:00", "lo1": 114.97908020019554}, "data":
[rows 0 to 21 of 50, columns 50 to 99 of 191]
0,0,0,0,0,0,0,0,0,0,0,0,0,0,0,0,0,0,0,0,0,0,0,0,0,0,0,0,0,0,0,0,0,0,0,0,0,0,0,0,0,0,0,0,0,0,0,0,0,0
0,0,0,0,0,0,0,-0.29858987719751023,-0.25591382320443484,-0.2954985367244159,-0.26745403218187597,-0.25896869402881423,-0.26910311533949727,-0.2665535018796529,-0.27256343132893834,-0.2755215364554201,-0.2790634814509184,-0.2679929130282976,-0.2629777692825569,-0.25412919971295517,-0.23469078657681747,-0.11952097076175341,0.21686502029417526,0,0,0,0,0,0,0,0,0,0,0,0,0,0,0,0,0,0,0,0,0,0,0,0,0,0,0
-0.35906080281164887,-0.19320382331156583,-0.27301378732396664,-0.24776265933049368,-0.23379642099565065,-0.2388139928893536,-0.22822498512688438,-0.2217895986333866,-0.21106771715721587,-0.2192225626959162,-0.22379698399065623,-0.2257262560614718,-0.23035683895059594,-0.22730138107500594,-0.22434855087917008,-0.22841099648751745,-0.13111335819828848,0.010627119448566546,0.19357387253002153,0,0,0,0,0,0,0,0,0,0,0,0,0,0,0,0,0,0,0,0,0,0,0,0,0,0,0,0,0,0,0
-0.38530795066493434,-0.33510014855879794,-0.3162306924335783,-0.292202113752195,-0.21403185442993006,-0.19063466574429924,-0.17488789692850779,-0.15943711467713337,-0.126384513671866,-0.11254321411388292,-0.08855859848919274,-0.07300965540278638,-0.057564990497193734,0.03416278116598345,-0.8268208187296484,-0.6993772462715047,-0.49440850220789906,0,0,0,0,0,0,0,0,3.2532051165709957e+38,-1.53490817556352,-1.7331366230344163,-1.8604030845976798,-1.9995925500993017,-2.09422920722694,-2.2026503361722694,-2.2193370024807684,-2.280030444132817,-2.322262972649859,-2.433247668945202,-2.405976178477028,-2.4499828742788683,-2.2940486967968416,-2.1617396815048746,-2.05446856167037,-1.9087049872786535,-1.716948536670267,-1.6092369607130967,-1.4337938678859024,-1.39004476811923,-1.245242242910411,-1.1770713822300873,-1.024854234168229,-0.7331751822498421
-0.6203557509532229,-0.6288933020821185,-0.6482880680993972,-0.7004864758262312,-0.6926369797812225,-0.7135858732368179,-0.739749649320831,-0.7774156789315536,-0.5390688094648459,-0.29119061866167134,0.0025795149835241386,0.09684382983213405,-0.06781837432183635,0.038789391457587946,-0.3416475845949869,-0.39683082417429744,-1.0356500017550243,-1.1288368455696445,-1.3063487897861676,0.40879273452888937,-1.8891514631354724,-1.9887700231652667,-2.113942583891056,-2.1764113725127143,-2.1456152517854905,-2.2451506725443577,-2.3170123048469593,-2.381867775146316,-2.4897784871896547,-2.5710231162849193,-2.721325481210859,-2.8410333261064085,-2.9480272547768713,-3.0361086333228133,-3.0788106927450682,-3.092144901462992,-3.028335653841255,-2.9122667168587895,-2.7737870796494226,-2.4982668266794734,-2.2800530877583807,-2.1400019076980388,-1.812884682738415,-1.4449036439407008,-1.1350370183041734,-0.9358958071902462,-0.466808954867206,-0.04401589611504965,0.24720891283638183,0.7221311627866267
-0.548585684849792,-0.5631658394333289,-0.5938943434624596,-0.6247482575751403,-0.6720990657287305,-0.698000967287495,-0.7553723574798918,-0.7818784949348331,-0.8293199372988788,-0.8848944226660278,-0.9159672206356413,-0.9968340876777695,-1.0857327728995823,-1.155428217377602,-1.2626110743977448,-1.302145757088965,-1.350754494209931,-1.4234291893095605,-1.4670518523526779,-1.5132729020864837,-1.5051416370113917,-1.5234076225748598,-1.5603516436598859,-1.626071391936641,-1.7257915428629949,-1.8064452715094506,-1.8512020879971227,-1.9512843875344834,-2.0609066178080724,-2.0729004924153713,-2.397047926529608,-2.4641197821602745,-2.611455981705979,-2.8103643406878636,-2.9462339608225308,-3.0263754854398353,-2.9423722932049112,-2.8068515902212874,-2.6058735693077137,-1.9707217692075016,-1.708693056240373,-1.3752116239655232,-1.0598904029387604,-0.3326508708845515,-0.06652128813107891,0.262194809038755,0.9236543927726685,1.372471219427826,1.5986499378374786,1.9978024327550303
-0.19700293922212836,-0.18406379614698193,-0.1864213198570511,-0.17438943684573255,-0.20559135958682512,-0.2129625285491592,-0.2409508222776401,-0.2643741239481719,-0.31835708077112523,-0.3543088506763464,-0.3277151688819474,-0.41273389121537846,-0.45528268209950346,-0.4764488509869209,-0.45466606921250585,-0.4971173625022514,-0.5617736521883034,-0.6241764108141016,-0.6582447901053674,-0.6898406046145272,-0.7579578413491223,-0.802266054999441,-0.8114629309406681,-0.8573514994609966,-0.8611887964413927,-0.8824091923442894,-0.9245067280721279,-0.9782767232619333,-1.0095472255536393,-1.0153444134340404,-1.0464478738936365,-1.0855623206838543,-1.1669542042986487,-1.5632687938032115,-1.8964058552412693,-2.167806789433738,-2.711854836734083,-2.07048618229952,-1.290157943525089,-0.360957282585214,-0.1948075193269125,0.057522290150420555,0.12226736581607933,0.4320040794870651,0.5261087360086384,0.7014871704943547,1.0297157630964962,1.15192787472947,1.3459379411645331,1.4610296032560943
0.26148560881085636,-1.2625187552277725e+38,0,0,0,0,0,0,0,0,0,0,0,0,0,0,-0.327389499350272,-0.0797896541870114,-0.02876692058885286,-5.066831792928784e+37,0,0,0,-0.533460135557328,-0.4535449547791075,-0.6632767852072389,-0.7356981243860841,-0.57799447069183,-0.43471298402165165,-0.3160834055336109,-0.09859365093385047,0.07071900639799406,0.21341814895021893,0.7332468322686616,1.2323858611501024,1.0789628446375643,-1.190823596836792,-1.2239479732236918,0.9087790591287422,1.22469613284361,1.0090481876476551,0.9878127538975491,0.9284157071283838,0.914517774369274,0.9809630196777464,0.9863214208741348,1.0566362860384728,1.138348185973316,1.2141895035625612,1.3044696711798986
0,0,0,0,0,0,0,0,0,0,0,0,0,0,0,0,0,0,0,0,0,2.1574524485997416e+38,-1.523927233025406e+38,0,0,0,-0.8236557139640167,-0.0876537246640555,0.2130893440679692,0.4393715207315572,0.7537425271208412,0.98229978368111,1.1523716986043675,1.7351316014037528,1.6587127353477673,1.1661174955455647,2.00029868607754,1.4771823874711962,1.9461016399229596,1.9233129569065304,1.8063777041361035,1.626980546234585,1.58504223111713,1.4098285273447535,1.4076453836209932,1.396996760984519,1.3474547800075456,1.3783206681884235,1.3949902192334234,1.4175027481560956
0,0,0,0,0,0,0,0,0.10303219455358335,-0.6895424550801382,-0.22021297653236843,0.05160018262236512,0.266208727052134,0.38308498658824774,0.5938116477626717,0.6687958185693421,0.8063881935814422,0.7469294635425903,0.8227151552990505,0.9195958915291331,0.9000213713950168,0.8649332700067687,0.8771330695886406,0.8602667324510874,0.8068042640885809,0.8607068825917115,0.8885444285881722,0.9841062689700596,1.0563187514789942,1.1346032705614681,1.4309716556549603,1.624117752659123,1.7454827112646016,1.9677663498879026,2.081889897505682,1.7552664152223099,-1.3332899351420964,1.196237686996658,1.776644566656117,1.8646323092713375,1.7277690000340027,1.6524180939000976,1.472084165276537,1.3298914951808816,1.3424938894875784,1.3311295927808366,1.326960073484157,1.3571432219155206,1.3728140632074741,1.3904504690584636
0,0,-0.6381269799426356,-0.7274671296240514,-0.5740503105674425,-0.600241535196972,-0.6770284247162767,-0.6068772602420881,-0.39544793218204227,-0.35270905016183013,-0.26517355484928623,-0.14247415973123975,-0.10881387537309253,-0.06528089971946127,0.030720296027371884,0.13406967020991606,0.18532292670186803,0.2968056000501242,0.2937678106468651,0.34187605471462207,0.354647783757507,0.31405242182828685,0.4149999779832119,0.45632239577586325,0.5839964022262119,0.7068495147518795,0.8147538964006488,0.9940590510150459,1.1344270018297242,1.2196798846123373,1.5251053892289421,1.7227838849928576,1.7877781239924728,1.9742124197904383,1.646931656978344,1.8766708464803317,0.29688035818675884,1.428387560128012,1.9646965533724468,1.8413048255839564,1.7503843274569746,1.6640505927202114,1.5390661872509612,1.4125607480907003,1.361426366171985,1.336215932313485,1.2992114791578153,1.2876736951551402,1.2704928221427165,1.2985201275581086
-0.6641529943669562,-0.6138615431915796,-0.6036708843299446,-0.6083944240129042,-0.5557123231184679,-0.5260274598663814,-0.5283997707813608,-0.5145711998991409,-0.4730712483645475,-0.4675846452768873,-0.4554125962111811,-0.33864220164788794,-0.2812725557130358,-0.19409976190249376,-0.056439054259412556,-0.02630596989508167,0.012764816087417108,0.06919033361501442,0.10637430553603147,0.1586451474722164,0.26089982619944313,0.3224721317769963,0.3644272147454748,0.38908238157968095,0.6227638292834058,0.7224140005620738,0.8420151943705874,1.07977478835543,1.16612036535146,1.2548638961846486,1.466540296235862,1.5813344182888904,1.6653786469735388,1.812113989026922,1.8951031073612474,1.7689030988301413,-1.3904118191948092,1.8289510145611907,1.612566684485863,1.7923617134397964,1.736908966054709,1.6455517876423407,1.553795330913578,1.3634132822361074,1.265959095065252,1.2092240447504348,1.1438021261204707,1.1095728766982274,1.0793388498071883,1.080644945831353
-0.3694065815025493,-0.3280875688767487,-0.33975776964228044,-0.35286858181683595,-0.34468245275920734,-0.3525862719626919,-0.35762561311173047,-0.3226139334084468,-0.30514033086875814,-0.30864497126421137,-0.2746698178298139,-0.2255503300852224,-0.20503728561769943,-0.18767707968184275,-0.15043622813729327,-0.14524204358007026,-0.1514984441444258,-0.09348891458641015,0.0006602901192645029,0.056696134996641154,0.17737120831362072,0.2706808686317824,0.33722796634815266,0.3976902611485213,0.6132572818926106,0.7260109653884947,0.7837343069368834,0.9664947341572745,1.0845871998490264,1.1987078621264593,1.441997876078537,1.488935724691173,1.5835579373639832,1.6927148799877092,1.7617970709839008,1.77193955350869,-0.5648013714452484,0.997028575574353,1.213009284498286,1.796731352155168,1.7339709935876337,1.684129269927064,1.6502603511313234,1.5421259169058243,1.451351423262227,1.4079719871155199,1.2971719889072144,1.235807369250072,1.1568919985628696,1.0938519992814257
-0.22389268908949803,-0.19945689451276666,-0.15302337404737518,-0.16870324550053983,-0.10333156122758812,-0.06635666353888468,-0.0533321903157786,-0.04039623440501044,-0.019596841911309407,-0.016277977255546864,-0.014727408865594338,-0.006530602527443249,-0.029932455789506655,-0.05003629808909286,-0.10436720681450773,-0.120701003132375,-0.12886212942208766,-0.11641359488387451,-0.04341327571399391,-0.005796368532879244,0.13198660606786927,0.20539413719148109,0.2633475320508447,0.33830135550992424,0.5129440556311667,0.5991988673198011,0.7418900390973496,0.9217112806180763,1.0226713145415225,1.0770096186493692,1.2383583935272675,1.2914463169466854,1.3445649849677856,1.4612857152327585,1.4997793640391788,1.5600943302439256,1.6247490077174425,1.461752111107173,1.1515942752865178,1.5930754403593868,1.4523824506201592,1.6630163937621216,1.6486341277612413,1.5902308010906077,1.569822886669677,1.5340927095811367,1.4535114616944123,1.4016026387224403,1.3752580974188808,1.3127883176531043
0,0,0,0,0,-0.19942487637937067,-0.1420929532724725,-0.07417490903998032,0.01380024936741182,0.0352021183587079,0.03261863055907155,-0.02124593720122442,-0.05270033962463833,-0.08541993203077043,-0.038058643942577644,-0.044787653856165864,-0.07797339327633243,-0.062067655431891584,-0.00012747518969599862,0.06164862259532801,0.2120487886338108,0.270878296010952,0.32586744067194806,0.3823076350163974,0.5127535595611548,0.5620746632975919,0.6685692180586891,0.7948946693388863,0.8965829176729665,0.95270530090856,1.0723137319832983,1.1291943485436233,1.1847004921953597,1.2930791033681361,1.3483216113593322,1.380903343196185,1.4720084395383126,1.5068639160630088,1.5313054350573625,0.05371645217545216,-0.018458724674584117,0.9583575177514365,1.5709702301155757,1.5351682771574267,1.5294232089650912,1.511080302039783,1.4549239855580753,1.431637573889329,1.4120755525082935,1.3693162501420864
0,0,0,0,0,0,0,-0.2390505142243974,-0.067437587673006,0.0229723949544512,0.07800135122017621,-0.023844949598640943,-0.07885594506122949,-0.13061586358327645,-0.1529579707335266,-0.1265419512905307,-0.10055405729336761,-0.061210330894799145,-0.046235185430438905,-0.05914013567417103,-0.04294060716773906,0.007643328247177955,0.06267847998341303,0.11411620155765745,0.2897284561730058,0.4094608912829754,0.4757516567798101,0.6072398570871406,0.6810590859645861,0.7719501075724183,0.9018152971485203,0.9787954235974242,1.0411351219595442,1.160912237619018,1.2305159646378725,1.2564426659873182,1.3525930548617928,1.3883657306050037,1.4215489443049654,1.4916722100087352,1.5224338050667352,1.546756782796192,1.204777519194374,-0.12784959977941535,1.3417364630657682,1.5549258871983944,1.5578832515180288,1.5456961958552713,1.5279265452760844,1.4820278524357844
0,0,0,0,0,0,0,0,0,0,0,0.20299807286573082,0.10139733810082965,-0.0830195019033184,-0.15314442343718893,-0.16782594250335925,-0.19496112397047946,-0.1833337656261638,-0.17078985086200635,-0.14016659351108995,-0.06771196708335285,-0.05246699550799899,-0.015396198353857034,0.03004930745680421,0.12636698737408816,0.18831678715104455,0.2902877119480801,0.3734290475907304,0.44649497510117975,0.540879494238261,0.6646522005367139,0.7948974149670066,0.8331593018668216,0.9433725797786661,1.0108854898599855,1.0889307878128642,1.1831734865545331,1.2359896855291124,1.270531625566414,1.3396567079934656,1.3779867365534055,1.406714838781769,1.4074675839556208,1.4669482961542282,1.490878114369812,1.1684140550348137,-0.4368546329844229,1.106433771464705,1.4894797633132153,1.4885585818705669
0,0,0,0,0,0,0,0,0,0,0,0,0,0.023062218138655582,-0.23970102383832043,-0.24248697676991496,-0.297188953458762,-0.17940516126362038,-0.16364002671509068,-0.1608370545827968,-0.12064806634249091,-0.10258836469288227,-0.09200260161277718,-0.0731805118329561,-0.004406725887410475,0.07575764644853537,0.098057436941961,0.1991393006898789,0.2986717454680248,0.3950398688944548,0.5772327684574755,0.6358462432326561,0.6721201426026558,0.7800808820753191,0.8286930138774407,0.8900203177060555,0.9829474999829588,1.0303796837513253,1.082508950580371,1.1378659934559956,1.1910839192194105,1.2518942184136923,1.283313175857979,1.332414020847494,1.3699058186068085,1.3459813565464867,-0.9563028674779814,1.147864585415035,1.3529330096162206,1.3909000139329697
0,0,0,0,0.009219078023451054,0,0,0,0.03750971452416888,0,0,0,0,0,0,0,0,0,0,-0.5428513966180393,-0.40003176358980524,-0.34281560820118123,-0.2961829701044404,-0.24579742707367563,-0.1360191924719493,-0.08487150568884408,-0.02336221113589079,0.1290414016728907,0.2325382874246116,0.3161756184942057,0.450481719272608,0.5074521450850905,0.5480959119713638,0.5893528200540192,0.6182420102097483,0.6734724937832643,0.8024600142781405,0.8735794904853758,0.9089706516210865,0.9884778711410857,1.03233866407311,1.0723177108946753,1.1221392504905368,1.1786938296055611,1.202630780823521,1.2237832172154195,-0.9838073208847145,0.9880120291955825,0.9282729464805952,1.246847742777369
0,0,0,0,0,0,0,0,0,0,0,0,0,0,0,-3.0293656480578918e+38,0.03626502746683816,-0.015144079775549414,0.07037149573434225,0.02808703894629518,-0.16122490139266746,-0.2168102455383877,-0.47445039134612155,-0.5738262202259852,-0.5359811751182177,-0.5679519796803908,-0.5007217981978566,-0.24804351103658928,-0.13273846522788213,-0.033412436855503234,0.21993185181674677,0.35771353645924264,0.466181214089213,0.5787342783401527,0.618910045232945,0.6907360883611859,0.7789723860762918,0.8223648346926883,0.8589011105047024,0.9088359402953322,0.9363521230966539,0.9608618417367584,1.009351203457345,1.0842836259322806,1.115013583411587,1.1153148614781778,1.1489217612480005,-0.6321447159686604,1.148734780949791,1.1426942659143613
0,0,0,0,0,0,0,0,0,0,0,0,0,0,0,0,0,0,0,0,-0.19154625530449346,-0.3853117731851479,-0.6523396495952827,-0.7018176358793995,-0.7024595216678854,-0.7469818183424428,-0.7008936401705814,-0.41033780855423807,-0.24299960819070604,-0.07001312835145833,0.21839174603936032,0.3197306192582576,0.41780244425801893,0.5655584356798385,0.6265436155311952,0.6578812006112681,0.6873318512018225,0.7135355863292633,0.7524812023732549,0.8120711120031165,0.8566378218223094,0.9066175597795528,0.9445526469245923,1.017862288089221,1.056237408280141,1.0817173452256101,1.086907099701636,-1.131438068738194,1.040857957533769,1.0181737667268314
0,0,0,0,0,0,0,0,0,0,-0.08412610069029214,-0.10903161820116106,-0.1312230813957816,-0.1650254994909424,-0.2520776527304239,-0.3031581173462814,-0.38235672727782405,-0.43262208709972966,-0.4813745990986396,-0.5796248129101419,-0.5565733711014327,-0.5623082295510512,-0.5250343145232266,0.4656579932068716,-0.5307966480207241,-0.7901441856978323,-0.6624374123864055,-0.4131458748425453,-0.2297367084773228,-0.034283596250684806,0.34060541436471375,0.4644382368306426,0.5431698354572332,0.6422827814327444,0.6576903500564262,0.682105809338123,0.7669153842766925,0.7978895351047657,0.7913840465005642,0.7833525781030801,0.7984804376339736,0.8237607027321616,0.8178838036470588,0.9045897344541798,0.9451124163929031,0.9736801779582939,0.2617487512665772,-0.637288409697089,0.8451802483173741,0.7945982827277072
