jsons/1312725600.json
{"header": {"parameterUnit": "m", "parameterNumber": 3, "dx": 0.1, "dy": 0.5, "parameterNumberName": "Northward wave", "la1": 40.97354507446295, "la2": 16.46031188964855, "parameterCategory": 2, "lo2": 133.9931640625001, "nx": 191, "ny": 50, "refTime": "2011-08-05 8:00:00", "lo1": 114.97908020019554}, "data":
[rows 22 to 43 of 50, columns 100 to 149 of 191]
1.7865558754410136,1.6305013413731169,1.3529154168675528,1.2790665724135253,1.229760945373733,1.1178808958746727,1.1095556307615315,1.085386424047238,1.0705518103732306,1.0839219542374798,1.0810918841499404,1.0938797621647924,1.0471865797960715,1.034811046328834,1.047531938988392,1.0493674544368976,1.0615060675073518,1.0724455194776799,1.0593655921455933,1.0475476361784801,1.0250526629280792,0.9608652719422284,0.9344908367851461,0.9067046286447078,0.914311851720906,0.9335197834428616,0.9706492968737312,1.0339301198928363,1.058469593789831,1.0763208459649738,1.0925584006149915,1.0986673268496456,1.0839971798317674,1.0803574131687528,1.068975648024782,1.0530170366773048,1.0185175444382721,0.9920665809709361,0.96523872280991,0.9397773992368589,0.8547496117984449,0.8330569792125496,0.7903896002158485,0.7223342238485129,0.6688322597882388,0.6391372348067167,0.5924285683514505,0.5391406005010074,0.5079446301178617,0.48053749269461105
1.9973915733385534,1.9379272947254773,1.7122946793903848,1.6725564180110448,1.574059986169254,1.4642329530155511,1.38261950582986,1.3456308499569372,1.2665643257532249,1.2559632665130778,1.240621335243041,1.2025469964387017,1.1748230523560488,1.1757765375524878,1.1873633658583505,1.1684409057963414,1.1834061352866767,1.2067942629254833,1.2069793484669578,1.2046408050223352,1.1719443207619764,1.1221918498080594,1.1789052414447332,1.2607287046176772,1.255672789176615,1.2664441066173844,1.272099978734949,1.3050182189491062,1.3228592943289081,1.3206812785532274,1.3108061953289483,1.3035433033188426,1.2846455821259606,1.28233966591456,1.2788076179119878,1.2403048195613504,1.2248192690199513,1.1705095534643437,1.1312885329079345,1.1004272534754338,1.0302490438547716,0.9926660943122788,0.9503175046352871,0.8667451146787769,0.8273440242689991,0.7709398266988278,0.7367264193287096,0.6643070865070082,0.6306451496942833,0.6044913327539605
2.101887915956966,2.092495297757353,1.9943201426666168,1.9694838889653494,1.9092983473663612,1.7943907083568742,1.7528910843914962,1.7140208367098477,1.6188270382132575,1.570713844706869,1.5299997423152238,1.5092444615920462,1.488070423321823,1.4686593653920732,1.439129361108687,1.4592050861215438,1.4837707127320778,1.494460979448779,1.5246696987444057,1.5463164749553315,1.5892666147835368,1.6011233323153844,1.5985961789389964,1.6223665024354104,1.6434416415536557,1.6258920814498226,1.6227529357725532,1.6200346866399282,1.607053526472476,1.6005116368660721,1.5809734659454997,1.5779458506206263,1.5390652975890304,1.5193318590667795,1.5042317730888886,1.4750983864280107,1.464584839400615,1.4522010954015558,1.4296291547780309,1.4012347321272913,1.4085011185119958,1.3601991850494255,1.3008425994897959,1.242988279926424,1.1666090853451758,1.1206140776800142,1.0461968301671019,0.8960077334966482,0.8038298684201893,0.7308560868949142
1.2847228653188043,1.9288892407022356,2.064444624182861,2.0457132733287904,2.0227984625632893,1.971301642260104,1.935852988116039,1.925310239594238,1.8306635118729109,1.8008365028313957,1.811045016015807,1.740467658254293,1.6764518278233826,1.6167652508824815,1.6788484324472481,1.7356110209176023,1.7838688623193215,1.7951867494129745,1.8121005297444315,1.8255100790816472,1.8154190799571852,1.8095022457296,1.8039882293640621,1.7766058232295259,1.8062884089700146,1.8230762789416421,1.8441462782729905,1.8501724526799186,1.8217787721136705,1.8094379498313982,1.8019863753101653,1.8004225141754977,1.7585425238921164,1.7218273285955632,1.6621720601997627,1.6338889732317352,1.6268229740970814,1.6249628930383295,1.6248108277534514,1.61066018012687,1.7106089500682125,1.4897932270619383,0.29869838387612724,-1.8241419260272596,0.7134959305136028,0.7793764314946695,-1.0996467436003083,-0.7411338694564763,-0.42735671763167016,-0.10942067422833875
1.3635905482407393,2.059960082414276,-2.057124345299587,-1.090858507970537,1.0412170912497503,2.0224506865039946,2.0333802604942792,2.106197077752797,2.0718607034495347,2.065319795943464,2.055560657563867,2.0457715525386146,1.9962805387525706,1.9932012177303946,1.9730126218685797,1.9308838267122084,1.9102658017991478,1.8966003672026754,1.8509831069043878,1.853309345275357,1.8321149085210768,1.8163891061663935,1.8062814682467132,1.8060605819949485,1.8516447398457412,1.8725675058657818,1.9071686311255631,1.9090627833974565,1.9275942018656336,1.9251233161030372,1.9360092855373907,1.9255494059256342,1.9094199000943606,1.9066880924809535,1.9017184884589402,1.8985133121264524,1.896812521652596,1.9014435256823745,1.833315186131271,1.8040911975933385,1.401922466661117,1.2885995391326837,1.1650404447389096,0.9818724928828568,0.9036294080486483,0.8377059575477133,0.7783451710541832,0.769168579122566,0.6950881559617473,0.7028837959087363
1.9686292326429724,1.9815682394826375,1.995429178246133,1.88388384462974,1.5774018677936426,-0.42687780035474526,-1.4684688310568061,1.1241712236252883,1.8931849824512559,2.0586990885714056,2.0648756926384393,2.047519494668962,2.0130008462182176,2.0050401111534515,2.002616055518588,1.9408255062524906,1.9497610314200162,1.9232173139823632,1.9068083176523132,1.887160473226877,1.8942657411167556,1.8943558381549384,1.8834382843044077,1.8928928751819751,1.8831219063549423,1.8944952369196864,1.9254178242499613,1.9505072211921657,1.96926906126218,1.9721083333533846,1.9485217363078018,1.9407802187199676,1.9472951830425251,1.9494733751990148,1.9336469110234304,1.89942119090673,1.8886807535482966,1.8439021404793192,1.8090464416483436,1.7607926158555118,1.6967953087208687,1.6605395232170839,1.5638653441254955,1.476788487719083,1.4501994447290918,1.3954901493012664,1.3365025229159173,1.2847180256802389,1.2450449321954076,1.2102784464422092
1.8952813820406835,1.899429016423692,1.9207614671690787,1.9360010043056803,1.954020621715456,1.7445332947393486,1.7177244948564532,0.7190508600238038,1.9044862372075388,1.6781575860036932,1.9317445652619072,2.007732455600877,1.9946466385562724,1.9953564493950813,1.9794223241360158,1.9561165304302144,1.9443804101955722,1.942386314981763,1.9391750767266847,1.9344019047348011,1.9285603019215725,1.944336036663253,1.9597660317266907,1.956109062349637,1.9562834134868363,1.9549407968207873,1.964854898845393,1.9955253846362624,2.0180954599008065,2.0395291598070595,2.0495218101915182,1.7269370947877822,1.4048578175615183,1.4288186016681674,1.9741990138683914,1.9965034049090162,1.9693363176810377,1.9103922880643178,1.8740927479322953,1.8118970980935698,1.7719967891520572,1.7278274268982958,1.6790873161927822,1.6140463823006388,1.583140466855436,1.508471974052306,1.4897201104515143,1.389254044329755,1.3605123597664541,1.3178441319387564
1.837794988609101,1.8580551807590964,1.8772338790508103,1.8840752638313716,1.8886660090316243,1.8951585791451226,1.9104189555076223,1.9316258791184069,1.946792720152085,1.6847764154440366,1.1828266876280733,-1.7201621917024803,1.220077771591291,1.7239597320407232,1.916009525584468,1.961286299410243,1.9620650567282472,1.9696013850997574,1.9713481094814336,1.97887414248637,2.0031059835350216,2.013195034225065,2.030094668103956,2.052208123014293,2.0736816396481736,2.061434137682193,1.313549443966628,-1.3085245054823165,-1.2398389049417589,-1.3558986907455979,-0.6902560216259592,-0.29178969539004224,-0.20681821370054052,-0.13868256282120894,-0.015859825858868738,0.020699090394970608,0.13086305127644104,0.2646706788451772,0.3808143469835898,0.4676043907181146,0.7098075266646835,0.8403128751119979,0.8668150888711867,0.9168697657759542,0.9452306395255514,0.9678274447308408,0.9985983820843832,1.0106104382520757,0.997787799392516,0.9615149967614536
1.8017413664188806,1.8017392317276166,1.808185896425655,1.8286426853521545,1.8274731625639482,1.8671435711829785,1.874991738155259,1.8838948011814922,1.8976927584021819,1.9034891880887854,1.9229792457511115,1.9233629246059198,1.8490289203856474,1.9248491317281888,-1.4259716193222103,0.7004618438150905,1.506123867870669,1.8884224246616927,1.9429183902757228,1.955670778676329,1.9732013981536005,1.9744912082698873,1.9809941475502677,2.0020445051520412,2.0304990685406064,2.0532967602491827,2.0632302061860956,2.0647344161660275,1.939516297890985,1.7918485825395836,1.5723273902163148,1.229522678344138,1.1416477536631033,1.113059811752175,1.0290814052699084,0.9712620905318134,0.8319591713901026,0.8513595583544175,0.8304201879179863,0.8183603302062864,0.7959985866173567,0.8114217754947209,0.8174525378380315,0.8001360982339208,0.7848746143611806,0.7925879130886516,0.8247813131454725,0.8028650956925777,0.8621872534021585,0.8873465548074692
1.733971452683226,1.731557394226642,1.7616775114649235,1.7752762308642809,1.7753575845878913,1.795897886198202,1.816229356781536,1.833364962193085,1.860340644816599,1.8613720639089215,1.8632946853685086,1.8665034050877736,1.8746524020909276,1.8851440275161542,1.8903030413192579,1.9053591069979514,1.904001048735652,1.87243901493358,1.7980882810935144,1.060608056355821,0.11573265122085824,1.3276706999346433,-1.2726681149574524,1.640089258458121,1.901160961258111,1.9521166694665972,1.9742086678347093,1.9739528731766725,1.9895221009704687,2.0148694831000213,2.022739614170408,1.9683760778498667,1.9516596910139241,1.9760381169548922,1.9503219587798872,1.8998292794953842,1.8613981402163509,1.8069819843967918,1.7626764566222473,1.7251481597031988,1.6297391565989359,1.6091353579533432,1.5505468058136271,1.495503087696726,1.4848756461300419,1.4488887996121032,1.4407817062304802,1.4213654190659304,1.3734418988082309,1.3224255872918875
1.7046527860108738,1.6978789595967636,1.5876831413984782,1.414610446331325,0.9801900887626617,1.4854627087860932,1.5928644458073515,1.689414995533881,1.7402849879288802,1.754861054401692,1.7733710343611748,1.7798225228459985,1.8002353233575634,1.8107574393525785,1.813587510720149,1.8248068622844362,1.824957280842301,1.8321974558879015,1.8461797021619621,1.8481734636223515,1.84451778379098,1.8535277145149165,1.8581781994562308,1.8627447198156015,1.6660869440409816,0.8462575728309716,-1.912098559026019,1.0717026841771966,1.3163754711033673,1.454899741497322,1.5329539774126353,-0.2730693834436928,0.36595944485691095,1.6540836300651371,1.8531814748535749,1.8784950823818714,1.9053773843035156,1.9015177255280702,1.8905371361747993,1.8755958469026994,1.846007156382795,1.8185971590692653,1.805782207771687,1.793231224161663,1.7868028454708857,1.7744338957489103,1.7543863650054812,1.7319233353056778,1.7181858706539017,1.7089408601824403
1.6480588917377024,1.676485250680103,1.672754682378406,1.4346888342151203,1.45588357854235,1.6336487647182731,1.6849135253812149,1.68473529814563,1.688127844602425,1.6951242539318034,1.7139277309046077,1.719429715243593,1.7372431891291409,1.7472466543621263,1.7568725053726324,1.775456404672653,1.7793085638090542,1.782953167866694,1.7948492926376272,1.8036245076964144,1.8026603860379973,1.8077904211351417,1.8098548079405263,1.8119296157121847,1.8149537214992626,1.8228691686312708,1.8356227858463818,1.8437036806467566,1.8460823279276999,1.8493770126235833,1.8477969290573597,1.8341512189085922,1.5359403377228724,0.8182994228237437,0.9503980525128443,1.3346763020442143,1.6391509246820228,1.8228036815848616,1.8231651109554827,1.810594364719873,1.799993871195244,1.798900806698386,1.7914707452615293,1.7835844764543831,1.7732590878275327,1.754798580703659,1.748355038296744,1.7442361282734442,1.7333423951116083,1.7294018622559397
1.4855698874298937,1.525498157101922,1.608496342084039,1.641281273962541,1.6427001305273103,1.681232853872492,1.692148302730611,1.6805487262132919,1.6944565374416563,1.7012807060275432,1.711134386849787,1.7186876337545935,1.7049137852810794,1.7000397253665798,1.700741142351583,1.7210769857598331,1.7265988312372442,1.727541352640479,1.7427621097419912,1.7535410491723498,1.7550121725392842,1.7777300388974238,1.791721949170637,1.7905367584653982,1.7953296063233497,1.7931206330096525,1.7938376600539334,1.7947244581373007,1.799188556025887,1.801173402785781,1.8011603177118485,1.802747371526122,1.7967915371747838,1.615983328891842,1.1533055056533077,-0.1837870669087276,-1.3632244517457315,1.542415409734205,1.6309698545338054,1.732906025106432,1.7687044112017936,1.7636238791592052,1.7523422234499237,1.7493813847060262,1.7453064596999863,1.7411638894454748,1.7392096031808508,1.7336626505586228,1.7290228301124149,1.7306858874838242
1.3988107340996436,1.4474167218252285,1.5048965070786897,1.532112941805735,1.536061088946346,1.6033085068124464,1.6094491767562027,1.620841100361523,1.6535665466268468,1.6644802543207906,1.67151091155991,1.6775316389748525,1.6801644240927363,1.6760649416886972,1.6777153135364222,1.703006724266417,1.7199568337518176,1.7259668301236757,1.7287632090307092,1.734795164338257,1.7402853387752626,1.7533280344955058,1.7586055099660352,1.758861859536397,1.7715535183941786,1.7741939850874526,1.774223489913153,1.7747610885610576,1.7799425182525115,1.778680998714506,1.7777924444217952,1.7762531266996435,1.736313640016939,1.6744101717783348,1.4740710017700938,-0.41969707311789517,-1.273691975398936,-1.3960767839354085,0.573355294479198,1.1190683110491233,1.7109907265229343,1.73440231415699,1.6104172759099236,1.5640013233524277,1.565251135583407,1.5932963289756965,1.6185804966610668,1.6382355839536231,1.714153907626026,1.720646666560317
1.382270809984939,1.3893734718828512,1.4096803348545612,1.4467396912333546,1.4617471912299116,1.5336191723301003,1.563654443810798,1.5613947529025223,1.6022054874950793,1.6151137229863481,1.6164084255535336,1.6156284239280738,1.6498423695319426,1.6459875435288225,1.6555604275519733,1.680244592547392,1.6869035422083516,1.6971449955280187,1.7173772726095773,1.7372894828940593,1.7406795128038066,1.7422022497217844,1.7501967486661694,1.761333979883067,1.7703847980047904,1.7733570488647756,1.7687582364279584,1.7711920708738442,1.7774612069162934,1.777471121339672,1.785271314047245,1.7894447051132467,1.774987463917071,1.771080416845986,1.7698311272445326,1.7053603538500204,1.690363875443242,1.6941539629350282,1.460420905297082,1.4944004900225736,1.2481963206601225,1.1860432295195928,0.9739661240393349,1.4372101157643902,1.707415060487921,1.2843459183065733,0.49973889655675247,0.5843111446480937,-1.3485043622294066,-1.2071186443129431
1.337088546709679,1.396984410891269,1.4344401041401207,1.4395281915795328,1.4516618619671546,1.519480877630709,1.536669442085166,1.548434195946734,1.585260649807519,1.6125601109443617,1.6095623172566857,1.6158208358046742,1.6290209930111303,1.6399392137046493,1.6615166632545668,1.6767282526433784,1.681111729187263,1.6886697059734574,1.7107722402278285,1.7251417481015643,1.735717228983738,1.757974681551913,1.7602206716668196,1.7568382948872834,1.7603064994600561,1.765198816234482,1.7607986738542525,1.7635909664534026,1.7831318172377353,1.783246920668804,1.7772152574182472,1.776602003450719,1.7780458958669896,1.782015041891478,1.7742960496419793,1.7574774747021276,1.7550035384581224,1.7526893999582125,1.7488057599428941,1.7394973315757232,1.734026308501916,1.7357853977162172,1.7311752726955787,1.730784656449202,1.7276313462444894,1.7193360732214154,1.7007019501715348,1.5896806189645436,1.568696014188542,1.6071302394107845
1.325219262436332,1.3487189221021143,1.4115197781635023,1.4304178614236394,1.446182889543388,1.485760326297294,1.5219423220663582,1.527427223526487,1.5686216390962744,1.5662837023834935,1.5713324530238961,1.583573075281477,1.5992374923325843,1.5987709229743094,1.606113551979171,1.615903453552638,1.6066775320431004,1.6279807665004096,1.6688022677109304,1.689431997966342,1.6999593446356407,1.7265976170556263,1.7438821599098795,1.734568749826793,1.7568308165542883,1.7674463929322721,1.7746605783078053,1.7778792679495232,1.7869796977652759,1.786316428303652,1.793977930332317,1.7969442784898195,1.7774249375652613,1.772978218152945,1.7705211049659193,1.7567789979594843,1.7541777113216201,1.7609819709012162,1.7618404466900655,1.757808540945074,1.7572001420673138,1.7563836544273044,1.7506821762432878,1.7474073441449434,1.7424702418168652,1.7328467564236887,1.734344661659046,1.7370083956284454,1.7370262847598654,1.7372514147237195
1.2651131601625252,1.286323121016376,1.3474196200667503,1.374761830896722,1.3790367437767217,1.3783229274761124,1.3955591616638439,1.4279240409254215,1.4724259429929858,1.4881883114337042,1.4804976247521138,1.4999448899216308,1.5361287652126279,1.5489499845048385,1.5572460572592481,1.5861043082417527,1.5914381608561776,1.5988741025902704,1.620161081830294,1.6357363527954916,1.651387005360147,1.702599570104998,1.7029733739938748,1.704289259487164,1.728721734464145,1.7433005056274273,1.7410118729515038,1.7447512594082557,1.7636682769205443,1.7618072753978125,1.7601168408380872,1.7677813041934578,1.7688397532758684,1.7765430957356982,1.8092930764959254,1.8130385087829708,1.7963094809830653,1.786363031181331,1.7819823655004312,1.7844931973608669,1.7851173749190017,1.7801244744081237,1.7630251987578434,1.75767671373404,1.7564017781157184,1.7511796817922853,1.7439361384606158,1.7279141956100321,1.7145687546907808,1.7026192259349102
1.220058636041464,1.2307833397894852,1.2714509349290553,1.284486183270144,1.289203504445167,1.337953742776278,1.365880019442201,1.3938993400347748,1.4192388068943318,1.461694518697265,1.4876219146724274,1.5171375672250988,1.550116387357265,1.5672570189405493,1.591160299288012,1.6120120019301893,1.6186000567228085,1.6318795772351042,1.650511924651283,1.663253701171162,1.6880519949858148,1.71176466987128,1.7236504488911948,1.7247795342523564,1.7590805611366027,1.7633508316373565,1.758460156645847,1.7561877926252032,1.7596465531616745,1.7487883417448655,1.7485746005864686,1.7739224987988753,1.7713199945092981,1.775742371806315,1.7841455453916166,1.7816918920147906,1.7824724065530702,1.7862121193420712,1.7834948878619092,1.775825613891907,1.7852294242615392,1.7807973790340585,1.770766997006182,1.7484745052960486,1.738684837775002,1.7200563630082137,1.7192650351948098,1.7041886985827255,1.6668949970997353,1.6344982494685
1.1639125673750557,1.16391822827299,1.2321922178782738,1.2576694532203694,1.2722929446919917,1.3282614093484542,1.3684982889450423,1.397139254017872,1.4525490067695725,1.5001950512783766,1.5268412764548542,1.5266572544442227,1.5881587577828624,1.6155233396497126,1.6316307503448466,1.6276324626600174,1.620132913926654,1.6299141569470614,1.6596006695291987,1.667513240575403,1.6671020518883541,1.6941159504296026,1.735028934002369,1.7726725898283622,1.808349255528937,1.7939509177179014,1.7609588384785717,1.7589425159891212,1.774519635746075,1.7682492421550962,1.7606977933163532,1.7569615114506614,1.7563020576295063,1.7549511678654226,1.7706089251547066,1.7771733944405053,1.772587885187018,1.764680327085713,1.761313965439986,1.754367719099255,1.7403064808943864,1.7256579321263354,1.6938471692565973,1.6678902447013952,1.6322707254206352,1.5650381877929722,1.5055727082446226,1.5192425254557607,0,0
1.118155855428088,1.1842150220374559,1.2630208703846801,1.2780893923700725,1.2872806689153948,1.308763728212202,1.316518408019418,1.3324389463009163,1.3230464626629994,1.3611304651065295,1.4196866471350171,1.45056672682806,1.4954071413984693,1.5300739283709088,1.5802898201636169,1.6094535002663015,1.6025722031799596,1.6119488821411712,1.6185396179520504,1.636085121261388,1.6378928620471964,1.6491329540583006,1.656947322200914,1.65603251315198,1.6704698084598588,1.6644141762083113,1.6690182812305308,1.6864334290273917,1.6794994123876132,1.6618844021039998,1.6757558462488926,1.7031613863511934,1.69871907794065,1.7025068676745034,1.7028783963543055,1.6930887962294834,1.693672043343867,1.6847365571019928,1.6630021182599803,1.6279921617216147,1.604696862608835,1.5727045807994433,-2.7769965980708247e+38,0,0,0,0,0,0,0
1.0175633157858293,1.0450062493882932,1.0915630617542893,1.1000469355271383,1.1271401796759102,1.1934087204614572,1.204285665873282,1.2271015793363627,1.2924891556030502,1.3181373447395945,1.349267640006216,1.3680501378358325,1.4265441074762446,1.4260967974760885,1.439150487039384,1.4611288723432088,1.4733933360847031,1.4903482665460304,1.5391068171698206,1.5592981327125612,1.553900755268527,1.5497460333414406,1.543392372100055,1.5456272665442177,1.5951567203456074,1.6079761907088361,1.623518309784948,1.619347590601715,1.6149447651683317,1.6052419187873368,1.6086434641631353,1.5963773671987243,1.5769166951060705,1.5659521439819204,1.523209883216115,1.4732625454512804,1.4659911634312393,0.4638775193662791,0,0,0,0,0,0,0,0,0,0,0,0
