jsons/1312513200.json
{"header": {"parameterUnit": "m", "parameterNumber": 3, "dx": 0.1, "dy": 0.5, "parameterNumberName": "Northward wave", "la1": 40.97354507446295, "la2": 16.46031188964855, "parameterCategory": 2, "lo2": 133.9931640625001, "nx": 191, "ny": 50, "refTime": "2011-08-05 8:00:00", "lo1": 114.97908020019554}, "data":
[rows 22 to 43 of 50, columns 50 to 99 of 191]
0,0,0,0,0,0,0,0,0,0,0,0,0,0,0,0,0,0,0.07899098865759419,-0.07774467542175924,-0.17878443838772407,-0.1861818328032389,-0.11378476995637989,-0.2745860401476115,-0.6134367240157799,-0.6793803801908322,-0.7046084178613752,-0.7575681907786399,-0.8359932043652073,-0.8625802158616813,-0.8865860731634885,-0.9283559680393727,-0.9399352400276615,-0.9463525412302108,-0.953738281450837,-1.005923040797293,-1.051853588722946,-1.0871055840986854,-1.1597000073843782,-1.2081071327476112,-1.2309323538693435,-1.272890280500757,-1.285598375308927,-1.30242170521453,-1.3182143216010287,-1.3234022775169185,-1.33102589284695,-1.3484673921554942,-1.3552847491584268,-1.36283031227528
0,0,0,0,0,0,0,0,0,0,0,0,0,0,0,-0.0784539416229138,0,0,0,0,-0.28453049396614116,-0.4566463478014335,-0.6256161927901984,-0.6964413339412439,-0.7308835678386374,-0.8026918943920177,-0.8273048903407465,-0.8358522254297419,-0.8639720873289459,-0.877334928632987,-0.8965642730845587,-0.9354540755027851,-0.963522448222959,-1.010151340433276,-1.061374968335106,-1.1414748301213402,-1.1729353830197171,-1.2008091314856488,-1.2517633225785436,-1.2794814524372318,-1.3066389849035016,-1.3662767496728634,-1.3966335971329615,-1.436561726495113,-1.4957246000172404,-1.5254113552614885,-1.557373750338062,-1.5923424791934018,-1.6106098305739787,-1.6317219452684892
0,0,0,0,0,0,0,0,0,0,0,0,0,0,0,0,0,0,-0.39035601206062875,-0.5688675684612915,-0.6742463925357385,-0.7535394779187694,-0.8728622500856899,-0.915550747066032,-0.9418536131838998,-0.9909161605312261,-1.0000002932469516,-1.012420376464658,-1.055451003923165,-1.0670303951087459,-1.058411016514001,-1.0813206459419942,-1.0923098429892968,-1.1049460667522806,-1.123764159710534,-1.181150967990544,-1.2005060478054261,-1.22065923262039,-1.2773108510389064,-1.3220497547216283,-1.353508295219112,-1.4616295773686037,-1.5287764832702186,-1.5926295884458288,-1.6763400531657973,-1.7021913261717077,-1.7534038855662462,-1.797582252690326,-1.8180395537904828,-1.8678297105909016
0,0,0,0,0,0,0,0,0,0,0,0,0,0,0,-8.1454825486999445e+37,0.10041487070163539,-0.5349928170680758,-0.7240757228745935,-0.9077060889579529,-0.97377370755732,-1.0223458437890764,-1.1045343057959827,-1.1426265644046423,-1.1766650674446781,-1.2433611950327976,-1.2661518281507704,-1.3101893116322993,-1.3494733988895877,-1.358396207956369,-1.3647720834264943,-1.409370501549595,-1.4505178050957612,-1.4630915504433735,-1.4835309832107622,-1.5416731865281144,-1.5576907004400422,-1.5690178892926545,-1.6329467738785708,-1.6743469795319994,-1.7006223271521472,-1.75761306310788,-1.785955044990486,-1.8293803380942117,-1.8931173238710788,-1.942876224106057,-2.010835219402466,-2.0915069530725043,-2.140093866517448,-2.195316848495849
0,0,0,0,0,0,0,0,-0.17382795523709604,-0.3060964717784468,-0.41469872566798544,-0.49999557159112223,-0.6566295733971305,-0.7463225191191767,-0.8450582903232429,-0.9247701888290732,-1.0549485559364369,-1.1231737912558997,-1.1621025041268245,-1.268498276693449,-1.3071219329830472,-1.3491434952187458,-1.4188663274632358,-1.4417197085713218,-1.4507059944957053,-1.4871769783281068,-1.5046296974635482,-1.5073934433354477,-1.549566463264251,-1.5664602151020743,-1.5702846986890986,-1.6197328594566982,-1.6459826923836507,-1.6743312076834966,-1.6884154767907111,-1.7577744831238993,-1.779834162947869,-1.8214178429546752,-1.9006420315215133,-1.9382895541455942,-1.9686719524132288,-2.0441995053874265,-2.079611648179723,-2.108513774046552,-2.1960040606379265,-2.2350484910918245,-2.2745144665530486,-2.3654363608380584,-2.398630784405311,-2.4715168123400475
0,0,0,0,0,0,0,-0.4830005067630115,-0.5859912855939197,-0.7667965062910003,-0.8239553164898042,-0.8812132686296996,-0.9730311701300879,-1.0088337289761828,-1.0457165724331676,-1.0945056810062377,-1.1764116029147316,-1.2416393093378693,-1.3006962401072968,-1.373931746417876,-1.4005993936456953,-1.4058327711734233,-1.4491825731617867,-1.4572714481593392,-1.4503829262285863,-1.4886538679034396,-1.5012992804658745,-1.502384371197484,-1.5420192485832778,-1.5621072048605793,-1.5653485390300779,-1.618829925078135,-1.6451063807244546,-1.6546732925587542,-1.6685206463894737,-1.7318345543133138,-1.759141275954013,-1.7983907509868386,-1.8863111870654201,-1.9051198039840047,-1.9368128737340764,-1.9983897644664934,-2.0599348620729323,-2.0754786251894477,-2.1383890724232,-2.193133105470738,-2.2493619660007362,-2.3713606082591956,-2.4222592036144355,-2.5193219301673264
0,0,0.10008664672653618,-0.5007958621980843,-0.6080843002336338,-0.696445871928381,-0.8548973556152406,-0.8998207254292628,-0.9336191698908725,-0.9880808864660696,-1.026046531847274,-1.050697591325193,-1.1084247536665235,-1.1391669298395715,-1.1585737259637547,-1.1779902083213851,-1.2362192607694793,-1.2424458949433388,-1.259825400262277,-1.2912262546313429,-1.2880857699260788,-1.285555076728268,-1.3212206964362112,-1.3278476509806423,-1.3248053418495473,-1.3470103056531861,-1.346762418443864,-1.331881759794753,-1.3771339319902793,-1.3940507431016047,-1.3928771625110603,-1.4512001628372921,-1.4619007939371416,-1.4835498463691965,-1.503317490081833,-1.5642581224145864,-1.6266271844335891,-1.6685490096106137,-1.7434928512348005,-1.7919749012918076,-1.8290542101248766,-1.9173046940942098,-1.9988696255582366,-2.0642373752131,-2.2112053627290376,-2.3066661907512875,-2.4216818043451704,-2.605605751226117,-2.676877167150847,-2.835247305728354
-0.5090409351907649,-0.5444786520396349,-0.6180289126447642,-0.7221922972977458,-0.7771844405015211,-0.8062891187489875,-0.8488698802771407,-0.9962641790031742,-0.9489675530415582,-1.0085325394125355,-1.041270483271656,-1.0940177655992271,-1.1562029081318,-1.1724171385388897,-1.2137035985015319,-1.245099282401929,-1.2777209774062879,-1.2674192348562885,-1.2728513099498615,-1.3059960302190883,-1.294268282847586,-1.2903715758135952,-1.3224032585395364,-1.3179444529424664,-1.3067228499851664,-1.3502832809250307,-1.3502921728386856,-1.3434593342314445,-1.3878772544797824,-1.3866178115561907,-1.3840564586505706,-1.4378033814485822,-1.45491216368406,-1.4728911459991643,-1.475559005039892,-1.5469528106995174,-1.5587713422555016,-1.5963394835846147,-1.7054856720650269,-1.720052425599516,-1.7523617651039711,-1.8501181740345005,-1.9190187037019222,-2.020093226262779,-2.138250747046711,-2.221733078625437,-2.3587236335374344,-2.547685184199686,-2.630918836236421,-2.8034164690992758
-0.6416880680070431,-0.6860875680710007,-0.7511262561716684,-0.8344790622544127,-0.8582805941524804,-0.8777533891451444,-0.9310294218118026,-0.9597919647757446,-0.9999550932783597,-1.0671898036015628,-1.1182142865048554,-1.1748480331558464,-1.2659515139370996,-1.2879302083748005,-1.292004865337335,-1.3052146637970468,-1.3220892593090066,-1.3026308933975774,-1.284963835908259,-1.3114417064813326,-1.277778353470544,-1.2783986547944308,-1.283207504310805,-1.2748423842629228,-1.2562211943428885,-1.2726625610441693,-1.2752983859205071,-1.2516982914517565,-1.273349775664936,-1.2639148831099687,-1.232584392582196,-1.2318066067853588,-1.2375995713515493,-1.211599708526571,-1.1883667991436782,-1.238774197957647,-1.228067157099475,-1.3055896805994516,-1.3862431454941329,-1.4474988418908041,-1.547677802335803,-1.68626081013018,-1.754905795477333,-1.8146243600081238,-1.9660383759132616,-2.029896026665557,-2.095121583056366,-2.2067458163179166,-2.23120706169751,-2.4178648820837085
-0.5891587734061858,-0.6543658339426419,-0.6810729555055499,-0.7387104443784457,-0.7583966891846947,-0.7778672708536022,-0.8212480616133492,-0.8440135225952389,-0.8808690185120818,-0.9531075209013049,-0.9587096651088934,-0.9472759729164543,-0.9987556651596101,-1.0011851486462477,-1.01336423059198,-1.012127554601207,-1.0268136262111114,-1.0017350670064482,-0.9923357200584895,-1.0095537207008294,-0.9576275234631249,-0.932225657114138,-0.9415021231022672,-0.8974665686861415,-0.852805600011712,-0.8351529143211062,-0.7968056433604471,-0.7417835329393974,-0.7270194926996992,-0.6879085948133019,-0.560540847764502,-0.5336310120278551,-0.4814186376756028,-0.37788002062393766,-0.37310901560096893,-0.41079403049923,-0.41448346368709643,-0.4234273099936262,-0.5273207677374614,-0.642555316432991,-0.6998809537783889,-0.8009428590119617,-0.8592343816832819,-0.901048724930206,-0.9503966332674102,-0.9965049166390003,-1.0264230305236506,-1.0885063194858993,-1.1142486606285769,-1.1597024374407234
-0.3008845006858325,-0.25340254012640456,-0.2341071470981725,-0.2077541101784028,-0.1415984672593116,-0.10653098749689706,-0.07633986137977632,0.0015624614337826671,0.11544352392394489,0.24016022667007567,0.28795377279404516,0,0,0,0,0,0,0,0,0,-0.384480450395569,-0.2341294897204181,-0.16431270926257108,-0.07796538828180535,-0.005944031475581928,0.009117847713966336,0.052170905158250624,0.12822588263045223,0.18121532852319183,0.22039419910459185,0.34098709149470924,0.33026675407996336,0.3416775899620017,0.20696762391344892,0.17771111009164067,0.11467092850373203,0.016499469645146665,-0.05589884931115706,-0.07948023564925755,-0.13919300071567572,-0.175327268133728,-0.21712992593332128,-0.2331707280123469,-0.15494406698920052,-0.09242691872767146,-0.12412237087880781,-0.07072604063960757,-0.045560858914322634,-0.01322876974359986,0.05986867789806272
0.0479923657678116,0.08753343708552545,0.12315138093795518,0.13634897871403362,0.19593592523490178,0.2165654712800546,0.28598276942355094,0,0,0,0,0,0,0,0,0,0,0,0,-0.27630840452574873,-0.06982145118532235,0.006725722286307359,0.05467654108706234,0.0855106701933646,0.15128686579929404,0.181284743389565,0.21862201781099813,0.3066473797663591,0.36073068677097075,0.4185436428179485,0.49862796678545,0.5874712754589834,0.6256564649960771,0.6395799516585781,0.6560724539427735,0.6914211698825874,0.6032634250010167,0.6493157564151395,0.6662602060751157,0.6165159034855799,0.6247031280570136,1.0243276830300803,0.7532370260863057,-0.4379108416674966,-0.3818605595919445,0.03713492525996003,0.5440814879148603,0.718516715661218,0.8548002908045611,1.0908687496697314
0.197318837201652,0.22031035543126729,0.23768281642745037,0.27214598544753277,0,0,0,0,0,0,0,0,0,0,0,0,0,-0.13987607904802812,-0.03557511208791578,0.00801523230772902,0.11096206313269927,0.135714174058672,0.17459851766221807,0.21531749305485665,0.2846153908805422,0.34360771453140243,0.37859342107493754,0.4426914014760073,0.5059804743982549,0.5533700038133174,0.6354415975212867,0.6922647741261543,0.7127819528611328,0.7439118987411352,0.7706957955432266,0.8669450184875839,0.8868777320946344,0.9254141095668541,0.9483139684936694,0.7052824423203309,0.635412888688085,0.6371957237525195,0.6269000852313314,0.5588391917145362,0.5733193450422849,0.6029611980860672,0.6084910796882622,0.666617136429941,0.6794502597278003,0.7781035663530925
0.23998156489948966,0.3150226772310941,0,0,0,0,0,0,0,0,0,0,0,0,0,0,-0.15094013520201127,0.007565991115221221,0.08781096826545289,0.12566949869335278,0.19711449889694166,0.22614750108664483,0.2637015192284293,0.30452863878501507,0.368848310452356,0.41177441342594073,0.43772526118467514,0.49371757666785215,0.5529824565738856,0.5857122101866026,0.6039075790079972,0.647926352780787,0.6542524596695656,0.575184935118934,0.586759226490653,0.5944770701327038,0.5280472264279429,0.5292908415734452,0.5189632839905726,0.4543215661195664,0.46279935264560185,0.49181229956516137,0.506887181948692,0.5789734049422168,0.6552109449508837,0.7430816981667807,0.8107495173445536,0.9182039482433291,1.0050584718773121,1.188004826849001
0.2630596001130112,0.34591863037483467,0,0,0,0,0,0,0,0,0,0,0,0,-0.15464950713245987,-0.04069836614020344,-0.014575179010792274,0.07521025461675959,0.11458598219208468,0.14430470955177385,0.20546421855271998,0.22497315191865647,0.2517602503374225,0.2666531537487358,0.27222314748635645,0.30362645984931286,0.3177081326195093,0.3051905531230304,0.31952765235485664,0.3198455673595335,0.31098730412975084,0.27282281305449607,0.22262578832236246,0.17602334685056661,0.15816883901842244,0.14394020472745392,0.17612972882811118,0.2178532689627852,0.263558456769093,0.3285546516195952,0.38261709906242475,0.4934086479771871,0.538114992369164,0.6979631361308581,0.7983250327871252,0.8970127703917987,1.0291140018637919,1.1776880884585923,1.2452301875667,1.5421728055369734
0.24289109366963957,0.2780785753152333,0.30117328093222673,0.3228957374694909,0.09188127563411323,0,0,0,0,0,0.14376969157161104,-0.24857113926603608,-0.20441211084366753,-0.15388698831584813,-0.08098932421483453,-0.05021353458686842,-0.03030226047176543,0.0033794762821188176,0.018586813466939852,0.027786466612322522,0.03184815629282158,0.03990119730498874,0.03684113054305664,0.03956295624506803,0.013382442904555336,0.00027807196745973257,-0.0019339424178328069,-0.004742275856153613,-0.04148457327676647,-0.0654602276182907,-0.11131549021765344,-0.1002747748407648,-0.09531831407690416,-0.0561815900831238,-0.048085542164293976,0.003806478522726449,0.07972651997498309,0.13164805077780117,0.15590638963830172,0.34398028964673033,0.4140559810739887,0.5426188300367965,0.5862818832232881,0.7042270446819615,0.8423102458644768,0.9264845640439343,1.1489365093647446,1.2233646273798873,1.3577447132443143,1.554880429403177
0.24279536947596198,0.2596348305033941,0.27652456636161377,0.2930647100912985,0.2985542356964404,0.32295562035099873,0.3514899818209439,0.3793280501823267,0,-0.3173839812070095,-0.2977861810755514,-0.17532536114366493,-0.16228160121488117,-0.15436093303296425,-0.17625983883658072,-0.20043393050975566,-0.22054234996899058,-0.24278430661215217,-0.2563804322155626,-0.27530419814641305,-0.29153424998638566,-0.31002814146066454,-0.3313814630974748,-0.35625720347090833,-0.366465838616555,-0.38048421319469933,-0.3896035099843684,-0.36864232775184075,-0.3724511667083853,-0.3522009095360124,-0.28502509471165366,-0.2553410787305167,-0.23259138313321043,-0.14418971130508917,-0.1239262631043037,-0.05566327215969332,0.04146864757748889,0.14215917651818305,0.20842170749225322,0.32483801117188144,0.3681051484628527,0.45300964223240314,0.5068042157413241,0.6777433867093245,0.8043770454886312,0.8736475907258208,1.0879886059172625,1.200061339177965,1.378301454153479,1.4919141954630628
0.1921756223307313,0.1381838305626065,0.11146941749208494,0.11398722646281752,0.004326997352309478,-0.01903853336698723,-0.06838959579157344,-0.10255706783852225,-0.14789068397880212,-0.17756104031765424,-0.20935052542821667,-0.26033577753726656,-0.29940482344271035,-0.32936695366948754,-0.3928890267764415,-0.434209193241983,-0.48294182898326676,-0.5092859932807822,-0.51126136971089,-0.5333200179614243,-0.5205100313115529,-0.5063210674368027,-0.5238031692540425,-0.5162976715335178,-0.48236337550941993,-0.48133350131511776,-0.4793104139723267,-0.4609358147905165,-0.4546622025775771,-0.42284611046013915,-0.3609924427627207,-0.332772898514013,-0.2846611509286229,-0.20118670789674317,-0.12701359591341227,-0.0918680223385185,0.03891857705496388,0.1055528503125207,0.17323325769033307,0.30464258469955313,0.40752550828242184,0.48424798432034527,0.5242252280835771,0.6603777307652093,0.7263275782920711,0.8071027090250332,0.9212976763353636,1.030261990424822,1.1280400307042735,1.2526912038178142
-0.12016172758483011,-0.13808294726835738,-0.16981021271870267,-0.22196500207831096,-0.22295834390357616,-0.2587846585739274,-0.33762931429354787,-0.34888669052359794,-0.42063736974521687,-0.4701404750660944,-0.504831644502776,-0.5543453755033965,-0.6092617108624723,-0.6275596122674775,-0.6303936422154711,-0.6442168769493196,-0.6491743033025762,-0.634033841829876,-0.6079933944546556,-0.5973298712031467,-0.5711657017209382,-0.5584130950161288,-0.5659215289801065,-0.5495159858833626,-0.5183054340221295,-0.5197515217677333,-0.5091011031580897,-0.4711911206935953,-0.48187141150519397,-0.4372013685383194,-0.36898307923653345,-0.3314630277428255,-0.27648629448723777,-0.16722336604761612,-0.11309809404167238,-0.036352611481581816,0.049325562430142016,0.11888039272072569,0.14943121094877485,0.27930795377566203,0.31728920431407365,0.362912118636492,0.452086158727928,0.5636945036772589,0.6348261419904688,0.6728053793598926,0.7964590352774057,0.865359657428786,0.907635286109417,0.9687487031491572
-0.3593636750546116,-0.3978185802514125,-0.4173396710010828,-0.46459483350382114,-0.5208527866080669,-0.5557159658538701,-0.5837388263541758,-0.6295532367869365,-0.6526550728099383,-0.6912613678266304,-0.6965631257358581,-0.6845958824349198,-0.7123962165891856,-0.6963903437795026,-0.6728378158235825,-0.6627502236732655,-0.6521452293723996,-0.6328582912862382,-0.6221582540207009,-0.6205123408200943,-0.6002877408159394,-0.5889961638638228,-0.5936608961023901,-0.5896191204741982,-0.5527245430219564,-0.5597311448751272,-0.5339347012040773,-0.48331090510628694,-0.45764223710316904,-0.4057852407817925,-0.3413747360882716,-0.28312053622885003,-0.25807398945660553,-0.1613494324664515,-0.10244557826074274,-0.04971003710172789,0.016750122331647663,0.09029863970786198,0.13616807439847614,0.2537674234543322,0.2884164893882835,0.3241944794321981,0.373304153104741,0.4472147815859817,0.499808678645724,0.5499054215691102,0.6489998634000655,0.7053603205293214,0.7178271001394714,0.8288832119801718
-0.469190386360977,-0.530858911053889,-0.5558424884698794,-0.607198002231044,-0.617000730626854,-0.641655902192738,-0.6809323255766303,-0.6833030945072266,-0.6884852057624877,-0.7063901829599082,-0.6917026755790081,-0.6636755271680641,-0.6695358925897693,-0.6628200543213691,-0.6381888571530172,-0.6362060081389406,-0.6475331563624876,-0.6389406589826704,-0.6323096050443537,-0.637902400539721,-0.6195569828293962,-0.6083331239825187,-0.6001240587041863,-0.5980254153085798,-0.5398795192243078,-0.5191949129168645,-0.5003932031208382,-0.44179091576074647,-0.4140959905883351,-0.3744060689267192,-0.3161846616072688,-0.28431907008976776,-0.2445724845367943,-0.16340294716658024,-0.10312677313532186,-0.09325114135721306,-0.015053959266966514,0.03031641546059683,0.09340880414602386,0.14284522515201306,0.19540359607373348,0.23658631088941742,0.29347701985311614,0.36185328377448095,0.39742536426610875,0.44777614121908804,0.5287387937332219,0.5514746148677362,0.5993918079314198,0.6758377115539907
-0.5202549942185,-0.5218021415315112,-0.530614577897462,-0.577973925116649,-0.5886301804791328,-0.5937236753106306,-0.6366223839502345,-0.6416566332460018,-0.6255294026738195,-0.6444913656917786,-0.6476381254629623,-0.6335315002544761,-0.6575932334239744,-0.6569044826141565,-0.6498408810883188,-0.6571630961288268,-0.6727231081296355,-0.6581079760196534,-0.6559723062071143,-0.6547309440594079,-0.6346362340544518,-0.6396821209231611,-0.61861384651852,-0.5718155762201016,-0.5191235069673001,-0.5033585774073877,-0.47450975169326826,-0.3949378632579341,-0.3826791120429926,-0.35659649697112616,-0.2890517200210761,-0.26887124249926864,-0.23738683738626645,-0.17582181524174184,-0.16634555439132,-0.14715350047137626,-0.11692129565870364,-0.09254784199552282,-0.04885397571132148,0.028963615146487126,0.06653270508216022,0.12573356983465075,0.14657596533114176,0.21288085519324995,0.2504028797469944,0.2921643048172117,0.366996891931917,0.39912928324051833,0.40752416030398636,0.4947481988277101
