jsons/1312552800.json
{"header": {"parameterUnit": "m", "parameterNumber": 3, "dx": 0.1, "dy": 0.5, "parameterNumberName": "Northward wave", "la1": 40.97354507446295, "la2": 16.46031188964855, "parameterCategory": 2, "lo2": 133.9931640625001, "nx": 191, "ny": 50, "refTime": "2011-08-05 8:00:00", "lo1": 114.97908020019554}, "data":
[rows 22 to 43 of 50, columns 50 to 99 of 191]
0,0,0,0,0,0,0,0,0,0,0,0,0,0,0,0,0,0,0.11931433377815812,-0.11151282914032795,-0.24413603420519608,-0.14948419213938033,-0.09802490970581605,-0.41395632077358635,-0.8778135799211287,-0.9833662017248201,-1.045442161860042,-1.1307715594784493,-1.2455574976027977,-1.29201158111054,-1.337986543759872,-1.4116670316726212,-1.439510802545067,-1.4588057316670293,-1.473430409296063,-1.52954818752079,-1.5682630735653749,-1.60826130909125,-1.6851667383684175,-1.7977511658933656,-1.8466368186019677,-1.9517551934121609,-1.9966138462988776,-2.0416800498802337,-2.105904626904558,-2.15533434845689,-2.1933083757957426,-2.272413010853391,-2.3006383869707663,-2.335410566826333
0,0,0,0,0,0,0,0,0,0,0,0,0,0,0,-0.1374243383977203,0,0,0,0,-0.3430355604538667,-0.5925497397749828,-0.8630089215037313,-0.9854527773768658,-1.0629333246793917,-1.2013202481692051,-1.2665628812392102,-1.3094743140435765,-1.3776894293762452,-1.4195889947201585,-1.4680106511426974,-1.540764164516455,-1.5781092342478829,-1.641103179856243,-1.7216460263029474,-1.8990763497487044,-1.9797533059946946,-2.041651736873363,-2.1426417782352045,-2.1810204276304512,-2.2227163025902867,-2.3124271689868108,-2.3760248226757006,-2.4434407883178437,-2.5477050967645294,-2.6165834662458956,-2.6917147377655373,-2.815336102250227,-2.877840336265776,-2.9540256152282574
0,0,0,0,0,0,0,0,0,0,0,0,0,0,0,0,0,0,-0.5100699920361735,-0.7496646625369867,-0.9316535972650515,-1.0561869321167165,-1.258201598898077,-1.3368759446483414,-1.3793130983512174,-1.468494691283801,-1.4912386310412244,-1.5355079590423895,-1.6197286925107683,-1.663033630723081,-1.7326289133117068,-1.8433191547013457,-1.8966606409673388,-1.9956679506340844,-2.059338074075916,-2.178387500119975,-2.2127864927517544,-2.2586098593650856,-2.337809647194189,-2.38332314807369,-2.429355285964502,-2.6252138825116536,-2.7420669522564807,-2.8747314919296447,-3.082016084834643,-3.14181201174246,-3.2505556859462863,-3.3593743567763923,-3.4363050799964685,-3.565528820728959
0,0,0,0,0,0,0,0,0,0,0,0,0,0,0,-8.1454825486999445e+37,0.13800111365422807,-0.7235530246777446,-0.984697089099236,-1.266343786904468,-1.352437893553127,-1.4273940248665298,-1.5398117850016466,-1.5733487363088288,-1.602495395074783,-1.7186035788717748,-1.7771309623532074,-1.9589536510624481,-2.0763304645064755,-2.1255813548080176,-2.18462280758839,-2.2938563763845616,-2.3912972137914217,-2.4545647467839427,-2.5143704265366598,-2.6517199610658357,-2.7322043861270386,-2.7993260040642722,-2.958328152699826,-3.062332450312123,-3.125448762982978,-3.2735852308162983,-3.3402998834020003,-3.4187908690655506,-3.5565761655239374,-3.650722071861642,-3.790001567316094,-3.9963327802422657,-4.147611789896274,-4.296351675770828
0,0,0,0,0,0,0,0,-0.21434627770550663,-0.39164481140310015,-0.5253785512639243,-0.5970882403957409,-0.8060858787007366,-0.946917265662627,-1.1078477386923253,-1.222497599267294,-1.4078828652210993,-1.4923928730351936,-1.539927959767993,-1.6615148898159673,-1.688592761385659,-1.7589714152812208,-1.9385182048226373,-2.0305794850836185,-2.0876250978927557,-2.1906774581312063,-2.2426749675139264,-2.2819957595196363,-2.3980045117940323,-2.4523536659496505,-2.5005569451534138,-2.618175271237862,-2.6941107953065737,-2.791036737780445,-2.8432081075393807,-3.0085032103417664,-3.0951875087854432,-3.1963355016586914,-3.429629946733465,-3.5407974296447886,-3.6407949534555692,-3.8432067528770903,-3.9486370167081826,-4.052173053591736,-4.2756876591919575,-4.381597972414812,-4.504698554471332,-4.722713189975126,-4.809439710069737,-5.008753047616207
0,0,0,0,0,0,0,-0.6646089938169532,-0.7814770505230069,-1.0327462555236229,-1.1152267831531337,-1.1949653591171345,-1.3168444985414787,-1.3598634713862157,-1.3881970027410997,-1.4302900060054962,-1.5120399391751924,-1.5786208820352123,-1.6485925082298774,-1.7983931534100392,-1.9144758507365942,-1.9629540071261824,-2.0609156575624206,-2.0880184268818542,-2.109724044755535,-2.187130825769267,-2.2364759631127473,-2.299857828014087,-2.405777598109686,-2.480384349611394,-2.5505088547125063,-2.6890818869104853,-2.7732807271860946,-2.8227469760559325,-2.895043816996606,-3.052660444863648,-3.1527870938432345,-3.2568719474689023,-3.472727752525542,-3.547470151877441,-3.633666042297628,-3.80314301325853,-3.9671402135921836,-4.0497302793042955,-4.222856967364561,-4.345449804073068,-4.532354591851434,-4.758536238269298,-4.87369121507654,-5.066313461177038
0,0,0.13701062759387628,-0.6726064092060862,-0.8283547184439333,-0.9473760758869133,-1.159239907932247,-1.2205306794251571,-1.2650218642696502,-1.335867974024605,-1.3761685678293873,-1.3846726930547868,-1.4475441738805022,-1.480119029544921,-1.4888873800934197,-1.511181958011554,-1.636208216104183,-1.7534159201903987,-1.7867976346518075,-1.8635106401602275,-1.8717832017396783,-1.9268093313015235,-2.0082099155181496,-2.042111846082642,-2.076749232334592,-2.17015418685859,-2.194932871381902,-2.2260285329323577,-2.3395093393451636,-2.390489418229514,-2.442313759943444,-2.5694749076190773,-2.610744379375036,-2.686392207709917,-2.7628583082096485,-2.9132000961639095,-3.0334128459017595,-3.1259418317055196,-3.2886307146026263,-3.384606891635015,-3.4531964744097183,-3.611672541904188,-3.743433866954643,-3.8323314778544484,-4.058980855756207,-4.2145730906645165,-4.400994191108541,-4.675989950699895,-4.7757554239586195,-5.081055015768105
-0.790488037689811,-0.8579977493488605,-0.9568002232666002,-1.0962493590938391,-1.1492121247027962,-1.1831537942484114,-1.2443783112547904,-1.3527397246801423,-1.3092435894898669,-1.3833943329330642,-1.4086393423622552,-1.4309473893966174,-1.4889820930851565,-1.4959886678834973,-1.5765657135027027,-1.668918861484843,-1.7504396614299307,-1.766540935363759,-1.7985038759061427,-1.8887329536812871,-1.906995324429209,-1.9283697269696785,-2.011349563080417,-2.022585465088075,-2.0318242923550156,-2.1309609261654803,-2.1507290567173825,-2.174136556058419,-2.2744676803517843,-2.2843338589669764,-2.3074865177166375,-2.4169887469176596,-2.4673144417239055,-2.479857677924646,-2.487641840724359,-2.617570153907346,-2.6129125829671977,-2.663864894438215,-2.833310409150488,-2.812579631437368,-2.8439252632075305,-2.933233498378522,-2.998829299059302,-3.075435402347207,-3.205792149214636,-3.288486683555296,-3.4483718791300197,-3.6886944922934477,-3.7954805152603033,-4.070960360097936
-1.1035574592732258,-1.140395734742158,-1.198448930756372,-1.278323436382107,-1.2922243885031943,-1.3050111523564243,-1.351657551413593,-1.3610822007578294,-1.3424355236942986,-1.385414810921981,-1.4001912701962023,-1.4080903343454196,-1.5175527164454963,-1.5819507379884095,-1.6502277463754902,-1.6824440489106303,-1.7302884606781797,-1.7395092373917773,-1.73312055831679,-1.8050942666803251,-1.7701920000478453,-1.8101579887797685,-1.8510042529037651,-1.859980259473451,-1.863202629364127,-1.91064894891449,-1.933844827814538,-1.916173802603217,-1.9767255551127594,-1.985928454588127,-1.9651523453362223,-2.00337377971094,-2.010557201430735,-1.9977007029802432,-1.961756017612976,-2.0381902847660838,-1.9599217002396236,-1.9933212548052002,-2.0544799506628593,-2.0399255815360813,-2.073449506496807,-2.190151089196968,-2.2247687874700173,-2.2068956302122342,-2.3181821434085155,-2.351879492975824,-2.3533240330779104,-2.4437558115982787,-2.4322035823778747,-2.5559645577974393
-1.0508717324285946,-1.0668558706757414,-1.1006548330937158,-1.1620665608842178,-1.1463023109473758,-1.1508987476625328,-1.1702907948970676,-1.1818147528518637,-1.1720056269611907,-1.2001527473415983,-1.2052333955923806,-1.1948924691679372,-1.2374254463677505,-1.2558230682669662,-1.2854597382309028,-1.318070389963936,-1.3681552351451303,-1.3727830361476838,-1.3928714850595938,-1.4821836657877978,-1.4766312303269828,-1.4730409152030168,-1.520401348684185,-1.5008566149935878,-1.4689824326776881,-1.4986416755005523,-1.489331943227018,-1.4789816442929238,-1.504541715204602,-1.476412409692699,-1.3658504956244994,-1.3711745236141781,-1.3255800206526789,-1.1738560858085048,-1.1507868303782074,-1.1453631196701612,-1.0183294712939708,-0.9828233499452744,-0.9731445711661142,-0.9285551079618319,-0.8986649828178126,-0.9142227288322452,-0.8803200852778098,-0.8196135762189067,-0.8097326480658329,-0.7640035845036027,-0.69703635078134,-0.6786364567576472,-0.6264085637569944,-0.47626281639528356
-0.6538670242075185,-0.5821358148529875,-0.5668353396609096,-0.5392632288704107,-0.4247979126628066,-0.3536005478145778,-0.2903457344965609,-0.1327948084034559,0.08905885420356618,0.3347260348938845,0.42992129349940705,0,0,0,0,0,0,0,0,0,-1.1023596525533563,-0.9733328444171347,-0.9178594705722224,-0.7966561058479037,-0.6877604660403006,-0.6745749871827338,-0.6467189497969607,-0.5663797994050803,-0.514844764075915,-0.47793229018511607,-0.35122338414789506,-0.3811576020182701,-0.36706109772290246,-0.45742744035479527,-0.4680474110224084,-0.4749160967729045,-0.430781284320765,-0.4583366023452617,-0.3919267277572951,-0.2493828878592376,-0.17576960545698872,-0.1325714096990142,-0.029005862307876856,0.16490734573306318,0.2777706159692013,0.35643038481255646,0.5336520494733455,0.6796714925388788,0.8047001380313491,0.9518789355950004
-0.051936781302378034,0.02462013492782759,0.08484407664989854,0.12044091440122363,0.24620997081015156,0.27762139549476467,0.391684491552157,0,0,0,0,0,0,0,0,0,0,0,0,-0.9881556715885272,-0.6596810387548644,-0.5280006620702032,-0.5078534487566106,-0.47207753903347344,-0.3722900081822388,-0.36636045423625513,-0.3376454299567652,-0.22405628202492714,-0.17987006574464576,-0.11391836615758853,-0.03316156596032297,0.018640591929860055,0.10724577795307724,0.23251168462570618,0.2734235375589,0.29424802011739526,0.2346556287441984,0.5073968994937043,0.7139394065319101,0.5292846227166905,0.8172813889235515,1.542483719049101,1.1609504032186182,-0.6037762977542517,-0.3039201675752796,0.4295107248446486,1.3720720245280993,1.6884026961065892,1.9093867274011467,2.225389435476126
0.25528272363007476,0.3009221978873289,0.32418993848573024,0.36558570295672504,0,0,0,0,0,0,0,0,0,0,0,0,0,-0.5156671682688642,-0.39749238554373145,-0.3528426692211368,-0.1812399525630769,-0.1257682720436575,-0.07853297350042247,-0.01163906765463762,0.05673913111556291,0.11172901615527754,0.15389995896101755,0.2807448394740304,0.3726493833853977,0.4529615361738749,0.5945219777889095,0.6662056530865413,0.7003426199458598,0.90518470263859,1.0397794624724548,1.195203709437597,1.2488680338694595,1.2126395927203473,1.2321851004494044,1.044211213470876,1.0204124180916094,1.0834503771547892,1.1200652859551314,1.182449886339671,1.272455718021997,1.3722325674376696,1.476615208452843,1.6126176983140077,1.7230289953939797,2.042095465597646
0.30541814702081743,0.4000579515050478,0,0,0,0,0,0,0,0,0,0,0,0,0,0,-0.3690399204575252,-0.13024639667049964,-0.03608871906558664,0.027372405347354235,0.1354921701877494,0.16727471782661468,0.20357426103913992,0.25823162140121214,0.3335635396563193,0.38369037460296745,0.42582823163922673,0.4841267040404356,0.5519361865467491,0.5926318512725377,0.6469203565238332,0.6749605614551821,0.6795360248636307,0.624999805771654,0.6488907488402107,0.6367674128982602,0.565921205012261,0.5688350735872157,0.6252123016826928,0.6665515521810109,0.7066683851201464,0.7882428156085016,0.8318344282868815,0.9813355302964282,1.0953596190743444,1.193517390222456,1.4114498847540657,1.5792020424057118,1.7136619788637297,2.023644641216633
0.3295095267737853,0.4213087968788913,0,0,0,0,0,0,0,0,0,0,0,0,-0.2109297531722573,-0.06571343283480882,-0.03878418291368904,0.062280075308411904,0.08474028699324096,0.11991479935529799,0.15626153720001343,0.1782498401494125,0.20304551436810697,0.21187117651141085,0.19677244204040134,0.2266039063775315,0.23283460896233665,0.1927362605385474,0.1871068005073186,0.1784208643803888,0.12831786452368993,0.10341220299641099,0.05694860118766714,0.0574422153626482,0.057052940507449725,0.044659490383875074,0.10061466828447493,0.1496098818443,0.1603639747362078,0.27444784042447573,0.36358922140272903,0.5088252567786954,0.5657880887088169,0.7967484119583587,0.9144512991870608,1.0567152723155442,1.254128470888911,1.4358160132991877,1.5182303304144604,1.810474686615944
0.29942620086943134,0.3317858322691187,0.35933332243716387,0.3880152102898458,0.10774970526352286,0,0,0,0,0,0.19650630777356515,-0.29530364784744284,-0.2008519712811761,-0.17665427441075213,-0.11979035737759709,-0.09785816786038849,-0.09234105284832496,-0.07705408024157855,-0.06847886188758336,-0.06916358391860569,-0.07212186525097827,-0.07051332471653637,-0.0902639246263443,-0.09384578344258329,-0.13141023115859368,-0.18347276130678156,-0.20962844682196938,-0.25158570045877715,-0.28509909299757813,-0.3082167765914876,-0.3525560195346076,-0.3329641200690301,-0.31583162894797284,-0.26851412992374357,-0.262775226312406,-0.20185282607315894,-0.12075677814635043,-0.05756059726167788,-0.03765294041805673,0.16207027568282037,0.22565692495522624,0.35194219267279503,0.40846522277566727,0.567028826648481,0.7283020636277323,0.8368182353507748,1.0544394906769794,1.118452550622287,1.2543453453664297,1.4399189709642333
0.3183015439859609,0.32639799698173155,0.35288642190590663,0.3721459059342296,0.3841041699915498,0.42685332541472787,0.46506433766855027,0.5112260696418103,0,-0.5820287071321,-0.5647888933193813,-0.3751237865443967,-0.3480146590129501,-0.31856455450980864,-0.2947801635323603,-0.3018207599854324,-0.334229966720925,-0.3834642719778728,-0.4109827680873454,-0.4355288315164947,-0.45625161134839304,-0.4873609249033093,-0.5251809564075385,-0.5681522383109128,-0.5768118908751876,-0.603515855090591,-0.6187411909703154,-0.6022578779240808,-0.6306826222300754,-0.6091951259219311,-0.5454580706253139,-0.5398325332036936,-0.5294112387077161,-0.4340908481087182,-0.420601951701067,-0.36776970049531754,-0.27878782749323405,-0.18922209798246947,-0.14418112151354387,0.02000820520867532,0.061414601252491124,0.1552479015240899,0.24122002605981788,0.39734695291660455,0.5039582958910277,0.5702172692654249,0.7731718775747662,0.8717223260611154,1.0480386149837475,1.1851112197007936
-0.03141882608634319,-0.14397464603257026,-0.19931739604654602,-0.2605624524059338,-0.3046716858880624,-0.33986903948214814,-0.37168866176443865,-0.38725720894272375,-0.40608031479872436,-0.4492280445384753,-0.48206023743207577,-0.4935674387076764,-0.519866127516692,-0.5312066992386639,-0.5560420231438468,-0.5919113249193302,-0.63859694570191,-0.65990421073331,-0.6689082722305338,-0.7057110159647603,-0.7079104228202092,-0.7106193660666793,-0.7335310377662457,-0.7256354628509213,-0.6985980535219486,-0.7103573827389859,-0.7116394256249607,-0.6958737391070297,-0.7041722971319717,-0.6756881934918519,-0.619730455957267,-0.605911186925792,-0.5672037154760022,-0.4907890363160707,-0.43021240054510806,-0.4076594574838806,-0.292719528429196,-0.2351637335506178,-0.1850230445925281,-0.07188090153377784,0.01965895026836456,0.07838442978932689,0.11519039104819141,0.2422326533259318,0.31415636338207203,0.4113579482073472,0.5221098494768396,0.613750765638682,0.7277183293238746,0.8768219187144056
-0.3872767506565017,-0.41815468806287315,-0.43574036603985133,-0.49118644231001407,-0.48115610085475213,-0.5109224903282956,-0.5808359957591402,-0.5894051114450876,-0.6217676415983657,-0.6623869697661302,-0.6779820515680053,-0.6974747357816355,-0.7337193027642066,-0.7438803591597343,-0.7489850664945732,-0.7568602969611543,-0.763563639334466,-0.7617644785459309,-0.7385874928130306,-0.746285497768377,-0.7242824417499684,-0.7146976798855814,-0.7286739546590801,-0.7242828441838289,-0.7021447835786226,-0.7148599061377962,-0.7106534063571851,-0.6797215489250539,-0.6985117170367403,-0.6636210062076999,-0.6039843466540052,-0.5811744468476991,-0.5364457843346297,-0.44777047144256216,-0.4061101819836633,-0.35286384192407283,-0.27404975004251997,-0.21711320347739124,-0.19750368123402778,-0.08772986644425396,-0.05778628736552843,-0.021825375672359676,0.051140306563870024,0.1506504855957319,0.2325572400369983,0.2814020652507983,0.401697941818751,0.4638807873267319,0.5203224750857941,0.6094410750749305
-0.5537005824187429,-0.5832354410649097,-0.5970070021937072,-0.6439345977700397,-0.6676806951474185,-0.6926599603829823,-0.7168691877928156,-0.7379575669526488,-0.749717757806191,-0.779823503888651,-0.7826917655540809,-0.7683501801673907,-0.7911912298459155,-0.7789500354270963,-0.7592894357242966,-0.7504617331931568,-0.7483964364430766,-0.7343235986098425,-0.7280299078767988,-0.7327963261071336,-0.7206547336112853,-0.7152675926811775,-0.7292260751702372,-0.7269997596487207,-0.6927951855903393,-0.706668758810688,-0.6841537063667521,-0.6378992651662986,-0.6204847821779338,-0.5775416725571946,-0.5224590199623376,-0.48014689057967186,-0.4627609231612013,-0.3877375495137687,-0.3429441557093529,-0.30759840935051297,-0.2591150685953259,-0.20554695387202976,-0.17507929423496674,-0.07966031743283916,-0.05061388583782523,-0.016033915731537892,0.025272554147239317,0.08562584335815622,0.14387883194703088,0.19644032549104842,0.3073852672918283,0.3650572510335056,0.3776535945249811,0.5031397777748303
-0.6690230253863191,-0.6924796956688553,-0.7020017348193914,-0.7291433894626633,-0.7244801006000672,-0.7312022458798182,-0.7500983174291809,-0.7512451552725334,-0.7411339145572976,-0.7537669940653773,-0.7426136734614103,-0.717934395913149,-0.7253247904021989,-0.7218361690728662,-0.6963630586487816,-0.7007355014859493,-0.7175898956975789,-0.7101622455046414,-0.7073361529436464,-0.7214496251451211,-0.7065280811156077,-0.694904741917671,-0.6932829700898054,-0.6911938706284223,-0.6432393695633268,-0.6278247377774602,-0.6129161019229437,-0.5650806510336852,-0.541979813353424,-0.5052665975507868,-0.45435561319855106,-0.43016686213169314,-0.3972939600987656,-0.3333215589206535,-0.28810619618434236,-0.28414903772630196,-0.233157274796242,-0.1984259914587942,-0.14959659904921682,-0.11028895289685497,-0.07093057525620053,-0.03710288796138951,0.014464023609158026,0.0855285538043217,0.12470761171813706,0.17141551318603745,0.24838222711909985,0.2772213695656088,0.3313383487344325,0.41267790957983236
-0.7184443963713102,-0.7167042799117177,-0.7050242244061566,-0.7181556251299657,-0.7021618581730751,-0.6890617918976463,-0.7018687440387408,-0.705355880507481,-0.6768179151507502,-0.6804912502372562,-0.6862486489492301,-0.6805149098808367,-0.7045134072751713,-0.7041623459686968,-0.6937959417411824,-0.7028606838573285,-0.7205489741123106,-0.7043263548117188,-0.703252552352988,-0.7042590701672613,-0.6845750933614881,-0.6894378110697182,-0.6741895869437392,-0.6359721816264889,-0.5950169057355401,-0.5818643636081543,-0.5560274930956931,-0.4872925074021728,-0.4776560462976001,-0.45519067724310475,-0.39580729864798153,-0.3823896476247311,-0.35806614202986925,-0.31100501647813306,-0.3008376560300823,-0.2845734783970613,-0.2542764896704837,-0.23343282195868195,-0.19803682662356362,-0.12893519142818294,-0.0951455987490367,-0.04341242915505288,-0.023514543424820098,0.04112958617207672,0.07515977896076785,0.11767370520145727,0.19232210715733078,0.22399278889274052,0.23109414808395337,0.3150984258597067
