jsons/1312851600.json
{"header": {"parameterUnit": "m", "parameterNumber": 3, "dx": 0.1, "dy": 0.5, "parameterNumberName": "Northward wave", "la1": 40.97354507446295, "la2": 16.46031188964855, "parameterCategory": 2, "lo2": 133.9931640625001, "nx": 191, "ny": 50, "refTime": "2011-08-05 8:00:00", "lo1": 114.97908020019554}, "data":
[rows 22 to 43 of 50, columns 100 to 149 of 191]
0.5315468326080612,0.528496165971961,0.5939977991653784,0.6027285318473639,0.5238115316794488,0.49928061163436643,0.501759141603896,0.4822181958492865,0.4936903308740414,0.5135148394823138,0.5197115442524549,0.5313762627703681,0.5056220363033077,0.48708989999103597,0.4764607745597524,0.4649705944290029,0.4680051239707381,0.4649575697009031,0.48262690424681315,0.4867135491499332,0.4804750573701643,0.46719216625622145,0.47319419388252826,0.47023780820651534,0.4813899646001112,0.5027085165351827,0.49676512734296446,0.4858734191593556,0.49735701553330974,0.5004574789361103,0.504793231112271,0.5179487464840143,0.5241681141609507,0.5282133509157625,0.5467763585511972,0.5556066348508872,0.6011691001748322,0.5878056984501007,0.5974990971446965,0.6169524061500758,0.6495966858937158,0.6512495695294227,0.6547376817792034,0.6789873801698446,0.6844653794000722,0.6874733639387752,0.686997235984973,0.6900662795352759,0.7000433050694227,0.6823733686423309
0.6202709612007128,0.5996886338471441,0.5510220416670852,0.5461055387021173,0.5467694682994121,0.5376766738769553,0.5177351841553591,0.5208534350503043,0.5040368967122225,0.4874283743525055,0.477692320490452,0.4787325347044866,0.46279685389079034,0.4640228660185292,0.4718382639686712,0.4602926939005199,0.4693194679858438,0.4860804856881872,0.49577956695815795,0.4968416244268452,0.486864943346593,0.4819418050359196,0.4969089023956334,0.5262415463741054,0.4867381681906737,0.4723962617031848,0.46521022978162696,0.458630183148902,0.47724158969460206,0.5017998189635948,0.50507895921273,0.5091132063956185,0.5066918230987238,0.5132131104186908,0.569082940933469,0.6062278087282948,0.6064345086784971,0.6155539581057278,0.6325571644604459,0.6430089414006493,0.6621066825719109,0.6776920893683295,0.6945223298316722,0.7051547652625574,0.7693403426547991,0.7988888348171032,0.8207364431249126,0.8193950980449934,0.7984301467711787,0.8052036216590001
0.6778694625991886,0.6752932518462768,0.6501991616838072,0.6353595384761479,0.5971963284314035,0.5913885845798633,0.6011621003185285,0.597332808705038,0.5756323832735133,0.5705380155370636,0.5591625608476823,0.5356456380695606,0.5028852689723976,0.4942415146291813,0.49053849982033604,0.4938440515419529,0.4987998998465582,0.497472042210285,0.5037767500589115,0.5360746196745285,0.5543279580227471,0.5489238414045123,0.5347567390692748,0.5396018431189062,0.5584098970096165,0.5474396332704259,0.5432303609770371,0.5567903629531067,0.5663958341241553,0.5781818009601355,0.579683663866281,0.5789584567607976,0.5834781630611142,0.5976663286104578,0.6378651761636479,0.672005613045601,0.6924365939166256,0.7717874649960963,0.7909166656924503,0.8146223634525367,0.8474060632368364,0.8092701576236622,0.7409548107333928,0.5242844950675961,0.7118238108687998,0.5341845573285081,0.5078374091478127,0.7855446343310929,0.8617399510176326,0.8742364358981451
0.6866150899285,0.6888979200029132,0.6596442458348843,0.6544461558740671,0.6623027541131252,0.6697982870092536,0.6881954737119996,0.6989526855140842,0.7008216382379423,0.7184260121972275,0.6931827010590788,0.6461628140507524,0.6151150727305023,0.591671913503789,0.5987422944239461,0.618821534089521,0.6154558937638034,0.618561351632731,0.5940692465517554,0.580442989639012,0.5582688789961352,0.5795191575627907,0.5770503565782007,0.5855119638823367,0.6098336603404331,0.6224637982484089,0.6473186671962738,0.6492799342024564,0.647557165984765,0.6532062723533151,0.6577024056383227,0.677012858371735,0.668323027992865,0.6634325672958974,0.6380700503089645,0.653029035092034,0.6785927665846082,0.7417208394307644,0.7726778701829009,0.8039414217878463,0.6889026196544359,-0.18532773511674444,0.5823436568929171,0.5755570812042201,0.4837828764525586,0.4812726374582419,-0.5877013050361681,-0.6458212879754338,-0.5685875878305249,-0.04827339521569361
0.7076129388976521,0.692399207122534,0.6975063739889252,0.6964107792025794,0.6934468353817019,0.7021907047433689,0.7153946768574919,0.727771529364624,0.7324643681336073,0.7379009078969633,0.7423773102726435,0.739870349168618,0.702423521405767,0.6918302849950396,0.6741052793120472,0.659727074048627,0.663097256550803,0.6559143922910405,0.6398539482860777,0.6234461920109425,0.6021668945263671,0.5957550597135899,0.5880776376736645,0.5879970842194862,0.6030421636201083,0.6144945185450346,0.63125156661055,0.6447166984351568,0.6481394984047968,0.689366086663186,0.7231306540429543,0.7216380999431674,0.7095902858000728,0.7187095119602448,0.7488334336612693,0.7792358630623031,0.7941875822797847,0.7522735123795179,0.5701019371451932,0.590119210705695,-0.5523927220400908,0.3154997639161589,0.5860711525667349,0.549941686645675,0.49364301719748455,0.5089573738120023,0.41392868527111065,0.438028215246506,0.3203095321270167,0.3151096837378807
0.7371379243614068,0.7418411728715625,0.7338997499349827,0.7290964742320053,0.727437822772518,0.725860751913975,0.7153736794317697,0.7149244410712876,0.7158058626970352,0.720900342706509,0.7242764680205849,0.7253759347501562,0.7251970532049571,0.7253237919580903,0.7179280167491834,0.6845423187708407,0.6813187372013464,0.6668657766128646,0.680357022394202,0.6924177678999605,0.6892594843514288,0.68685948095989,0.6790675016989286,0.669065412055658,0.6873902746362882,0.7065580383799525,0.7214490036716673,0.7189619498959802,0.7112484689615036,0.7118640615738716,0.7176445259314859,0.7196280376990427,0.7180667988936005,0.69735306539059,0.6296889434599694,0.6251108855329146,0.618089898895885,0.6084056249368837,0.6020907972569928,0.5875523977907925,0.5736747505447167,0.5674017760014467,0.5780789643267652,0.4924486586207752,0.4911873487639081,0.48694347220436457,0.5099844033911859,0.5758254640527019,0.6108688092010978,0.6401994904217703
0.6917139973255484,0.6892863524265866,0.6948931209150162,0.6859793676449559,0.688039653715571,0.6751762897905811,0.6473768999117572,0.6524465511334211,0.6900371587221446,0.6742397552589828,0.6712726637094226,0.6876887332351495,0.6817631224549652,0.681061363641555,0.6796504419532443,0.6822226108479376,0.6815262311902905,0.6869970623980681,0.7031680653451355,0.7152366656129571,0.7203306310934598,0.737646687193047,0.7459088329781577,0.74946664654703,0.7166242400107924,0.19009450165434333,-0.7357248382953258,0.5739678652660835,0.7442708870229219,0.6991566624293238,0.6689689845559573,0.6727092605676411,0.5137171832961169,-0.40244382978044263,0.4155601466930277,0.5340297942815259,0.5937884088964794,0.6299078657954527,0.6596751228496418,0.6605180410991989,0.6532779733840435,0.6491445212000847,0.6425277875734065,0.6578919380666923,0.6527276834239557,0.6537749914467392,0.6556311222370257,0.6700531520842326,0.6761400414313032,0.6988520877258936
0.7001466205244413,0.7003095961915692,0.6964438040860295,0.6978567104930608,0.6934191585497554,0.6712527480111671,0.6585692530044136,0.6484422895282473,0.6696678887355814,0.6662522991536312,0.6688388474268268,0.6687717231123366,0.6668229233426437,0.6607052005716321,0.6584020519731854,0.6666619218759593,0.6742534137286231,0.6899893653329136,0.693153095696974,0.6966568866772491,0.7039719898714729,0.7186526764458026,0.7313464734284264,0.7370159408048291,0.7028447619826581,0.38510105355439633,-0.6892677683020567,0.6302344782544331,-0.4466470811599353,-0.5130476072919743,-0.3924150613948904,-0.3063503659533261,-0.3116878671675355,-0.3102145181565343,-0.3083426002209227,-0.31308498456883954,-0.2670728945087649,-0.19033479303642017,-0.10861002859971912,-0.053153638068796596,0.15329971165757816,0.35281073618312403,0.39554489427353806,0.45977172278351125,0.5773629950864362,0.5932006808597344,0.6359279984897377,0.5060216204733773,-0.029714121669381217,-0.7699970149330945
0.70331806328161,0.7016044844980058,0.7141258212251286,0.7097824518650228,0.7049073515914689,0.7001705665500094,0.6849062422312978,0.6648575358112735,0.6628081257226329,0.6588400921750553,0.6380112724447549,0.6345148572809969,0.6298709893079304,0.6366491098460091,0.6403099074784254,0.6488164832714679,0.6552258309349681,0.6609212722109615,0.6680859558429298,0.6723926406041254,0.670061071430847,0.6917959169394534,0.6857224193878266,0.694263917760911,0.6869629958433795,0.6773214643953542,0.6453327291738948,0.6318105055787245,0.49882338940403403,0.3914186428936955,0.28280847442157636,0.17704740870341612,0.17237817344496723,0.17044628204697582,0.14529600993788042,0.14901600057708392,0.12203139110268146,0.15778269440536732,0.15928695186373037,0.17680884794311927,0.1971729423937851,0.23288532853993976,0.2624369614767488,0.3833282709638587,0.4057083190862321,0.4386541987140315,0.5400214351816236,0.6014058455917541,0.6491679843176615,0.6441337009061485
0.7237997001079217,0.7292371035600186,0.7333700908296665,0.7286784395303002,0.7283515272892022,0.7015256296836959,0.6917757789236215,0.6790997058284776,0.6488756446469607,0.6482503639738982,0.6526776387360005,0.6543302204184532,0.6317381419875977,0.6491631179018476,0.6582801247951684,0.6767921972238036,0.6678254945652412,0.6595629639381175,0.6614984746895075,0.6662548349807652,0.671334163648853,0.6663120776686104,0.6692336440691831,0.6670377535285313,0.6519338144639363,0.6507454694574729,0.6507975978849423,0.6463736989102941,0.6581241402875917,0.6590817195619622,0.6519383594881141,0.6389278875265537,0.6217412606048576,0.593326884368096,0.5918514728892016,0.5696540557683409,0.5903434559476765,0.5840110913008657,0.583738077445334,0.6071709159691404,0.5647438348057187,0.5678416778163327,0.5634382420733544,0.5565888043158436,0.5736469527946891,0.5686750610379948,0.5786267450184007,0.6210846988481112,0.631945942012484,0.6448436299945243
0.7101821788346584,0.6473746314890041,0.39549702001035053,-0.00044185546591855927,-0.2274644626840396,-0.009950670886472127,0.45825593802814113,0.6015858261473328,0.5968422977979962,0.6191645560615423,0.6351947043193495,0.6458237005394222,0.6637491274980168,0.659948259843098,0.6601477715869998,0.6581882977393573,0.6746083522458632,0.6790596656917112,0.688349821438125,0.6978076179257405,0.7069593691579891,0.7157607436284155,0.7119131668691213,0.7010007151989732,0.7006939534718319,0.7032867107442449,0.7105190809803293,0.7083316769301973,0.7360112394515655,0.7413645968985937,0.7436765443105116,0.7518616847384793,0.748506751210292,0.7502767241901201,0.7557811923846695,0.7576299042287712,0.7597944164403321,0.7617773283965105,0.7525100891949539,0.7407073057688531,0.7416781442371984,0.7422999963304153,0.7415789981216481,0.7369110438753232,0.7364253891298312,0.7432453626646132,0.7514301771903023,0.7460232463219516,0.7454505531891009,0.7510237322220382
0.6945885268191712,0.6826246928699133,0.6537055072283364,0.6080864093225483,0.5706450806869952,0.561879871618703,0.5770670472966289,0.5880805991905885,0.6036670299081053,0.6021809010956968,0.6052864676801452,0.6142143185856342,0.6458994439730192,0.6535692061336725,0.6531335978039012,0.6474733272317764,0.6577790361190613,0.6716319647740372,0.6999345323546886,0.7187201067906241,0.7209540435882822,0.7122973429239928,0.7201319515271914,0.7328516860964561,0.7129054427574306,0.7146502115273203,0.7452086071141663,0.7703841468753903,0.7662234243888797,0.7751838520821944,0.7755714581104165,0.7768790175434253,0.789585600933725,0.7992275693310981,0.806856077227177,0.8100584829523505,0.8180732694196271,0.8237027843225971,0.8184076648896786,0.8150738585446747,0.8134828886569552,0.8083663478156299,0.8055917723520454,0.8049573639056685,0.8046935170927636,0.8129285259721664,0.816102894836612,0.8068184314884332,0.8108378228205307,0.8095118314847081
0.7603076446562759,0.7549961975124128,0.7284751382503933,0.6990925107266197,0.6846989559482497,0.6654467256231562,0.6599852230670387,0.6740916640165862,0.698705477855755,0.7046860963074071,0.7099716412129842,0.7168441355291318,0.7126017456976027,0.7096516351187871,0.7082517479378203,0.7146850503933797,0.7166246599850018,0.7194011401512389,0.7230475154109408,0.7232536498980816,0.7265770112803039,0.7414247844873594,0.7479073777360058,0.7510882697634543,0.7517288844346905,0.755977621195936,0.7589358050949021,0.7588911746347016,0.7705053661853202,0.7761763921912086,0.7769840780358577,0.7845170183811598,0.7922625987776312,0.801257920006016,0.8202364878134897,0.8315003992204317,0.7843509729604446,0.7485480366947042,0.6288715088363597,0.42588852052680837,-0.1842254007480427,0.315844843470842,0.7005742320269559,0.6738163805108004,0.7932363139381556,0.8329822427892004,0.7634552479486022,0.8056731628253166,0.8117413493513725,0.806310730695907
-0.6633367475622929,-0.5454310359896378,0.5541749554816681,0.713744805668211,0.7579508968143879,0.7529883791183795,0.7407930757882817,0.7349296534944172,0.7379018047978314,0.7439199680094318,0.7563632103996327,0.7650524973075978,0.7606156760527931,0.7686645863321536,0.7697274751982682,0.7672391371446264,0.7706189012256963,0.7727380146929184,0.7767849733551573,0.7785845171448208,0.7799218105342252,0.7785788810544667,0.7753517289907458,0.7813233723751569,0.789798631619326,0.7942620980918932,0.7962212568740029,0.7992571515685094,0.7979222091860195,0.7976376664851896,0.8009994799413038,0.8017178604255871,0.8075896173459474,0.8149034320592397,0.8023049728420399,0.7093699153727784,0.6054660731852018,-0.6108786033072648,-0.7223499905982862,-0.7788714546029586,0.7090548058730339,0.8424746746732485,-0.23009786353857947,-0.5513646291065328,-0.4245160241940908,-0.0957169232255473,-0.17762973262144002,-0.6537877169935511,0.7746154392779175,0.8864775725334076
0.8482993356005296,0.7301122019317693,-0.053407180494566955,-0.726861773607961,-0.4632842238467681,-0.8168453425825533,-0.8388719314250506,-0.2272367095982373,0.7310058544316047,0.7071665879140652,0.7921712051107541,0.8052710150070307,0.8188472618623673,0.8324373084053753,0.8226745614153723,0.8094310959868357,0.8147270272766189,0.8173310203338684,0.819785234904928,0.8235695034111532,0.8317114722985492,0.8345695444039721,0.8331575475484425,0.8385021272210946,0.83239955075232,0.8221466126375119,0.8210168693570583,0.8255285456543308,0.828457348065244,0.8293445802596998,0.8313088002399874,0.8386426791705941,0.825874155011841,0.8378831257006475,0.6509118260426087,0.2906357150784746,-0.6863271111253597,-0.10076262559960296,-0.7883515355362974,0.16635962200062632,-0.009538576125212724,-0.6169380882164005,-0.8891036213402767,0.6485143118538226,0.8890424604717687,0.8307181335747567,0.78881902703911,0.8560088610043058,0.8301724163370268,0.7860994801886965
0.9140355118071434,0.9266214945381752,0.8968630354012853,0.8829083079007524,0.7806667934842364,0.9001462797230705,0.716424520992556,0.4976146501004222,-0.10871331781869867,-0.5725162392203536,0.3673721370169143,0.6642882287726236,0.859128575846573,0.8293352250832063,0.8192058843136104,0.7124815207926958,0.4397270496458007,0.611632684957116,0.30466456554807797,-0.49081559199953784,-0.8499742142126828,0.14960361162364286,0.45241846638288596,-0.7183218058651236,0.3726734355820141,-0.8540005436428979,-0.2906655451776122,0.35643717445940265,0.7706452964681679,0.8067487602343666,0.7971424558629662,0.8387493637182216,0.849547328458568,0.8538903835724163,0.7362857018685751,0.6046545730634717,0.38759792338238797,-0.41471280717104203,-0.8832062599791541,-0.04680548424052617,0.6807679288178046,-0.0614114623335768,-0.49354079797904926,0.03659737485191045,0.5121940955358018,0.7298808835904462,0.7959200363310448,0.8295577393904319,0.8430928454631559,0.8549921866891709
0.8977678527431022,0.9048890219771275,0.9206971183548677,0.9324730742206399,0.9421615784808656,0.9564376749793618,0.9425605228730578,0.8773252716810032,0.829706639480088,0.8294884952211984,-0.42961071948045476,-0.5689702889222626,0.321720320972176,-0.7534732771858976,-0.9151463089824315,0.4884635086625216,0.8768623684530268,0.832290550827566,0.9062861604514909,0.8870452000589224,0.9121339940766063,0.913445910027865,0.9160871977683999,0.9168709275719871,0.8844585262902761,0.883944970328515,0.913322224967315,0.9132913400221234,0.6624970989034885,0.5360844158579285,0.6302810030868955,-0.2605142697981564,-0.5896904183176898,-0.7441235117795837,0.2571248705799017,0.7834183047831003,0.8925146234233317,0.6805870086863268,0.6877060460625235,0.8304633366850278,0.8976885162856093,0.8025280064507084,0.6660823442423183,0.687996137045736,0.8101373276656602,0.8570273439325954,0.8221221065686234,0.8061452209841592,0.8281194222343033,0.8538245378307601
0.9221812562210835,0.9130983756130716,0.9215478318363597,0.9252867941524832,0.9284024916341465,0.952542523176442,0.9620101359848507,0.9538244804787295,0.963029228755864,0.9622109554499247,0.943555494518905,0.9170729456015463,0.9553518253077198,0.9184080127617389,0.950364630551653,0.9473861672050499,0.934577140575999,0.9302395375714766,0.9252397810587769,0.9205445503835916,0.9285430469856304,0.936092063517651,0.9377896081197202,0.9423889678367462,0.9482970859091397,0.9518764683050708,0.9568974643511191,0.9561447954594233,0.9578734506813228,0.9646390003214115,0.9755567869073363,0.9787662560145959,0.9526506345062656,0.9398231339356046,0.9201855333862994,0.9174917299802496,0.9217106919971686,0.9251993177572059,0.9201240799036567,0.9151804277356617,0.9120297959455269,0.9092236964793686,0.9071690962304346,0.8931596889437197,0.887544994419568,0.8888587698757601,0.889844615118127,0.8833999303569654,0.8835848273016941,0.8807850509423941
0.8993023163803406,0.9079585743698863,0.9099139477687088,0.9038985885231662,0.914754605826613,0.9411007359885517,0.9549365740369113,0.9605499726099167,0.9695161432989116,0.9900774833983433,0.9772825295507127,0.9837869390067469,0.9841589079786466,0.9692594460158319,0.9646881895376471,0.961795775942557,0.9509189690659958,0.9414746050561409,0.9467286045329988,0.9530371850274957,0.9563595702640884,0.9556164640734026,0.9574832341955348,0.9721702477730602,0.983576938972817,0.9901221380354085,0.9898514195076321,0.9861898905352201,0.9777220975564775,0.9787041644038544,0.9774752339597176,0.9810491876568695,0.9726575242338645,0.9765346203335171,0.9801959133960153,0.9680973408666782,0.9560217349437977,0.9482258430201349,0.9418407310280436,0.9346122776524562,0.9264689027043029,0.9191888829734995,0.9119315838549114,0.8980946776575006,0.889220654457173,0.8751411141803712,0.8705617580216346,0.8676502279607767,0.8582989666127978,0.845075559125194
0.9126093183970093,0.9317096769902643,0.9361143931332805,0.955363966035934,0.9760253283479732,0.99753873205627,1.0185547153302847,1.031754585259202,1.0166851144826776,1.0086018595964985,1.0081059624005921,1.003261499850976,1.0083951148148493,0.9981755437177773,0.9986252767546632,0.9957124878700865,0.9852630425238809,0.9866941358607675,0.9936445261189399,0.9901298933818279,0.98104689661165,0.9812185461860246,0.9873952041420356,0.9879440852190441,0.9908765977562766,0.9894455893799936,0.9824801543952945,0.9796837903281916,0.9794904189002309,0.9785126439161302,0.9725579470659589,0.9633934285586773,0.9590732166712371,0.954589699507845,0.93982081571207,0.9311220977372139,0.9308854153221519,0.9255251423236961,0.9178665292708631,0.9047475926849105,0.9047521300764633,0.9049185081784945,0.8928847900803657,0.8818193380057009,0.8648433650957392,0.8298709978590205,0.8035657844267873,0.8061983922977543,0,0
0.8632062546046773,0.9095070736052246,0.9389704426455847,0.9559993416838761,0.9905769603562086,1.019473890875452,1.0188254252512225,1.0090500506511177,1.0024488816117527,1.0198407186807343,1.0133661733125785,1.013843595816407,1.0172711882431003,1.0166496986859892,1.0192780672022492,1.0233333089653158,1.0203461920512547,1.0217420138762856,1.0269977754733053,1.035488362562989,1.016232344493636,1.0095791229660493,1.0067270614240342,1.0074836134683227,1.0225335562875737,1.0280564398768117,1.0195505192109093,1.0012401930625312,0.9797573664338622,0.9711844358479274,0.9691288643161299,0.9577242229591573,0.9486784518466105,0.941499998637165,0.9308104227675105,0.9260641544340388,0.9256659259062738,0.9177316811448879,0.9036995681276798,0.8861819624544675,0.8761507200405868,0.8619017379438814,-2.933689747128268e+38,0,0,0,0,0,0,0
0.958789023179132,0.9737163053021001,1.0148131500008593,1.033467564940554,1.0196544158467091,0.9853935492546563,0.9782629965553489,0.984917749392778,1.0042735587929605,1.004725745438677,1.0061167247755234,1.0096600694084772,1.0334308556785914,1.0263052552101577,1.0193077022383135,1.0205011855259667,1.0118657692470188,1.0078385595872865,1.002175795733533,0.9986495590713748,0.9922135834743506,0.9760315438471088,0.9663938304191229,0.960319909119942,0.9714398490063549,0.9644684306785252,0.960230287568789,0.9520719807394766,0.9262637955152364,0.9041910359674789,0.8963620052396121,0.8982766771176675,0.8907312772025248,0.8836641919079088,0.8545551282865985,0.8321622899131949,0.8300315808000026,0.24471370563443737,0,0,0,0,0,0,0,0,0,0,0,0
