jsons/1312596000.json
{"header": {"parameterUnit": "m", "parameterNumber": 2, "dx": 0.1, "dy": 0.5, "parameterNumberName": "Eastward wave", "la1": 40.97354507446295, "la2": 16.46031188964855, "parameterCategory": 2, "lo2": 133.9931640625001, "nx": 191, "ny": 50, "refTime": "2011-08-05 8:00:00", "lo1": 114.97908020019554}, "data":
[rows 0 to 21 of 50, columns 50 to 99 of 191]
0,0,0,0,0,0,0,0,0,0,0,0,0,0,0,0,0,0,0,0,0,0,0,0,0,0,0,0,0,0,0,0,0,0,0,0,0,0,0,0,0,0,0,0,0,0,0,0,0,0
0,0,0,0,0,0,0,0.009448993663170886,0.008499266961897711,0.006222080825535805,0.0056250816350865524,0.004544568846797078,0.0037734453212531897,0.0034098522751706715,0.0031507236925744655,0.0029258518722581023,0.0022737240598902746,0.0021045366143971622,0.0017635758064556495,0.0012174244268550092,0.0009019994776662004,0.0006636570126736694,0.0003010461825192003,0,0,0,0,0,0,0,0,0,0,0,0,0,0,0,0,0,0,0,0,0,0,0,0,0,0,0
0.029728177443092727,0.02799156177826376,0.025765602893173187,0.020463001027247952,0.0199240242953866,0.01829079269007414,0.013912516850824605,0.013344677266793874,0.012114475605521079,0.008588064210721327,0.007207749146702304,0.005597267594397902,0.004212986370998389,0.0036545079815369316,0.003191332867415358,0.002686091664627708,0.0011254230097935973,-9.855489430285507e-05,-0.0007140504187258698,0,0,0,0,0,0,0,0,0,0,0,0,0,0,0,0,0,0,0,0,0,0,0,0,0,0,0,0,0,0,0
0.03394084105309213,0.0357090675269261,0.035575809124318854,0.03275826724959362,0.032475273194555176,0.030784888261722952,0.023717933894035925,0.020998029977768923,0.020204135778405276,0.013758828495134691,0.011120614004403652,0.007877726274798146,0.004128662342548201,0.003666004677690142,0.0014705270704955368,0.000861074077061848,0.0005599096801814636,0,0,0,0,0,0,0,0,-3.144145813086059e+38,0.14248959326801938,0.14435072872400775,0.14307358525961103,0.14209718799638865,0.14205620722461668,0.13481710728276639,0.1346714409012781,0.13364265097762715,0.1300513793833722,0.12670993831553123,0.12387505003684568,0.12396094883409102,0.11725696128111907,0.11458420926400045,0.10868715607502977,0.09963150855483643,0.09137705686456978,0.08794448715076054,0.07741429032116788,0.06945887315801899,0.06465240012581498,0.051842985999998634,0.049519154874163654,0.0422450838232333
0.025010159988832582,0.027926068808943452,0.029143791242280944,0.03130451215249625,0.03514637617886208,0.036768329679274764,0.03944420108809452,0.04285949483632611,0.04796728146607938,0.03818040256510804,0.032182423514273285,0.03145282202372928,0.014829461945311704,-0.0032770621363243865,-0.003311542362762528,-0.011522939640381312,0.01170771739495531,0.07918762632602379,0.10327851641097671,-0.15319974273111708,0.14515356124285583,0.15171846671406755,0.15929026772033988,0.16625906605131235,0.16992774446699102,0.17502954862852896,0.1780398990016965,0.18052542973210306,0.1800271941374833,0.18154956475488887,0.18090891412058557,0.17712089183330054,0.17300965927379797,0.17073235429868455,0.16951984220585023,0.16009972051498678,0.1585684261282991,0.1512659786959778,0.1442901026048861,0.13823002302487783,0.1365059950358534,0.1270179116870019,0.11979909260014265,0.11484639237437938,0.10023821516818424,0.09565383778496563,0.08542431936844586,0.06383161989246626,0.055252269507186876,0.04433624878222978
0.009930661296728979,0.0107233313719611,0.012226423644171829,0.012468368564322317,0.014641619326969862,0.015521723382958496,0.018374390556485546,0.02061798586584538,0.023372211465415554,0.02634389171688803,0.029210876861589997,0.03357009465289767,0.03918847788350772,0.04420201543173699,0.0508378306860598,0.05823842465790868,0.06614169064555575,0.08119963979023014,0.0919411992914261,0.11024792741908032,0.1260220580444194,0.13695676335460044,0.1516483705325936,0.16059682077293638,0.17385703941259129,0.18629943979725336,0.19224044982264457,0.19865819223104972,0.20564906868261493,0.20867916726570554,0.21318970399912568,0.21245367489976277,0.21037036469538278,0.20993996790526864,0.20912940145331044,0.1998972110083453,0.19610170488123393,0.19004899041267828,0.18098480849204568,0.17614609992967212,0.16854747421448915,0.15725189064004746,0.15013493744163123,0.147776838692484,0.13344930380692002,0.12481344464284848,0.1141564016841678,0.08224531682019458,0.06823799851673522,0.043139830104884334
-0.003985941457642235,-0.003862263688277071,-0.003985320333065006,-0.004553997766231987,-0.004077138586988993,-0.002931932519976048,-0.00448371397764265,-0.0030514822682698823,-0.0017836570890706208,-0.0009780311398904947,-0.0008134391924837767,-0.00013177463122143203,0.0015754360277832823,0.004367583746260495,0.006472729744927234,0.009827564031390847,0.015622738911869357,0.02561234486031408,0.03137099465852124,0.04589047307103226,0.06375448150793264,0.0807563058308473,0.1011989425676034,0.12740053772365542,0.14820911056093888,0.17803818097275115,0.18854221005140173,0.20099200402737966,0.2172221559826016,0.22184223568679234,0.23038486643526535,0.2403106403910051,0.24087080544225103,0.2449207248680769,0.24107274151286967,0.235481009924754,0.23194559058329214,0.23066578088182307,0.21568338509939536,0.21207392678985773,0.2046198819437148,0.19372389822943467,0.1860822320295995,0.18024246782783535,0.1661313872310311,0.16193524853825156,0.1550046601339766,0.13518734026627813,0.12674248790500334,0.11505936105019691
-0.004587758833465339,2.9130657888166825e+38,0,0,0,0,0,0,0,0,0,0,0,0,0,0,-0.025369134400127044,-0.0337770484362185,-0.02853706647277168,2.779593996350131e+38,0,0,0,-0.030170133380839577,-0.027536447079915767,0.05067160043505055,0.1649591431340103,0.1994544280589206,0.22426275045899355,0.23157126230036296,0.24382444381717897,0.26072595885830085,0.26632899770093765,0.2737610702288407,0.2776136298573327,0.2802661950574269,0.27875191116748843,0.2773564089417757,0.2701759407444148,0.25884506460010037,0.25568864659726437,0.24327319402772746,0.2386419213177086,0.22905352830492962,0.21820095768874798,0.21332799262572322,0.20760507865456349,0.19780674365014275,0.19238080197744337,0.18528105365639844
0,0,0,0,0,0,0,0,0,0,0,0,0,0,0,0,0,0,0,0,0,-2.8702342530652636e+38,-2.9486530186814077e+38,0,0,0,0.22516504617539493,0.2332102990263344,0.23968808599352615,0.24771680655190748,0.25776242561469964,0.2783090801635163,0.2923733844964071,0.29885225965593254,0.3053228959506413,0.3108313445326395,0.31380804063920703,0.3175004658406764,0.3142178573939124,0.3127123699198316,0.3056910617248247,0.29184638055784246,0.28466604223169484,0.2780855554612024,0.2574180571011577,0.24780861025139597,0.2435020531188907,0.22825576647322507,0.22157337063543098,0.2130443064839058
0,0,0,0,0,0,0,0,-0.22240164723839187,0.18453438553283066,0.18784364777585585,0.1986543173846703,0.21733213979818028,0.2211804287102715,0.23017004366701646,0.23079680698398541,0.23748509563750994,0.23853269962715215,0.24346638620772879,0.24564130782869428,0.24687080548063384,0.24476416576580887,0.2460596619735854,0.24800564428886898,0.25189222437555064,0.25912893141708027,0.2614614107183906,0.2645024553693757,0.2749842982354063,0.2835942810666103,0.2902860471587685,0.3047443410876715,0.31068183941597477,0.3199708263189306,0.326999324873863,0.33816338890052283,0.3482888299512459,0.3505561406109111,0.357078621847784,0.3612727309620865,0.3614517693095538,0.3583162484069554,0.3509023461547398,0.348373821704969,0.3353820749164861,0.3220502606191895,0.3090294545353631,0.291511011403311,0.2782702638625254,0.2650490939151325
0,0,0.1585891458453853,0.1683502050702062,0.1752106580927364,0.17986935534777973,0.19302225927592231,0.19879000039690944,0.20364265435933987,0.20924615287221046,0.21569373261827451,0.22302823732718258,0.22755139880717484,0.23028644925817743,0.23548092361705997,0.2394169269730567,0.2452176791829692,0.24924591907344457,0.2519154865957152,0.25547489456526534,0.2586705150945074,0.26127128672983385,0.26563238564669855,0.2699550451504441,0.27425281291646914,0.27652654781754077,0.27955688547066493,0.2773679339081991,0.2853811959138845,0.2892729478473484,0.29428359300409557,0.3056305861425803,0.3100692556332918,0.32190581764940085,0.327576244749137,0.340435411257982,0.35391397509435063,0.3608437766513885,0.38040040524486823,0.3867078341918128,0.3928856873900076,0.3978352742537831,0.40017223869915397,0.4032881185985196,0.39932028273990794,0.3954809016763249,0.38957246865367423,0.36814319192722894,0.35527594082624425,0.33641093193847244
0.12364082019854615,0.12928273286527267,0.13788369724461938,0.14358560867438677,0.15390124316484116,0.15752107866678094,0.16388199950824736,0.16649636477473304,0.17092040651127322,0.17767927424963198,0.18072068062320956,0.18833016346912845,0.2007396563480127,0.2081597995170014,0.21112753485750088,0.21901034937864533,0.22972802429303962,0.23890763150212874,0.24444229980587526,0.25261534939103114,0.2578709244401373,0.2646814594460216,0.2665632246218948,0.26946422116423097,0.2753279111986857,0.27968704132838673,0.2833857298384228,0.2849764025626097,0.2901639669765287,0.29253285606387347,0.29983984143038794,0.3075328874300476,0.31109691215173074,0.32075357667533466,0.32683329914053433,0.3397352249747181,0.35829090946356923,0.36914221097909794,0.38446544574539127,0.402001971197935,0.4147430348638261,0.43325896459464275,0.43925852787245795,0.4482197528195232,0.45831421156011715,0.4614463788976331,0.4687093897853612,0.46940749898362455,0.4645758001677812,0.46025655234570273
0.06177659856210674,0.06685744799710339,0.07090523789390885,0.08004109800731872,0.09049864450802791,0.09477296964453269,0.09948670314790528,0.10377151362934608,0.11723655061786009,0.1253993489316786,0.12996836812647342,0.137413491181339,0.1421500097531241,0.14437386404463257,0.16487215339340522,0.1673954149642521,0.1828247658648071,0.19986140500521718,0.21563626170199762,0.2271052215032075,0.2337414091918226,0.24186487575899376,0.25175957071668326,0.2529726941326084,0.2734041136214632,0.27971556270979875,0.28382160475119966,0.2908328900478071,0.29544521108241956,0.299987382830759,0.30900695875168543,0.31317144531790186,0.31841874043974133,0.31676047296449394,0.33867407853082654,0.3466184488701016,0.36359690466098804,0.37845232063633355,0.39752933739117924,0.4112175422396657,0.42829802439201164,0.4618179696313884,0.4767776578228906,0.5162988817853885,0.5444075959358778,0.5541123665637467,0.5762140315881142,0.5845574739245792,0.5903626784050494,0.5998520548218405
-0.11384086581366089,-0.0859237231469097,-0.056884509252027454,-0.03625045121239005,-0.018971014934649196,-0.010424744926400196,0.0009196259733673625,-0.0010934870415218584,0.015588405213607893,0.02367887885795032,0.028418744183040728,0.043705045637627525,0.054383769960893426,0.06233594464724662,0.08429208972408134,0.09767380529320199,0.10637028173964311,0.12168044605705565,0.13973898737177856,0.15296146990410395,0.17612696770518768,0.18633167837493683,0.19836941368097596,0.20843470278349746,0.22634082607530562,0.24175494276250184,0.2555466288459661,0.26930121174410226,0.2890799137636518,0.3006214660933986,0.3225135734989125,0.33825536167138154,0.34101167282743833,0.3516919703108882,0.361181110688181,0.37530686305774275,0.3930865148555476,0.4025928354899765,0.42497523717319724,0.44019952255867034,0.45430230851845416,0.48318455573247054,0.4987681580482508,0.5335005172409876,0.5634624620559688,0.5809910703709826,0.6138195731304301,0.6468669794470534,0.6550949825839649,0.6733456361669372
0,0,0,0,0,-0.10911998551751884,-0.10431859382340314,-0.09712739182862136,-0.075927594176579,-0.0776070174214459,-0.07359136260324062,-0.047616435821039915,-0.03862863083215781,-0.025809289521463902,-0.0038934370616530646,0.009290600931773061,0.018983410205087918,0.052061562673828304,0.07100729675864444,0.09646335291168671,0.12533456281189792,0.13376621025290547,0.14640365260050434,0.1607680635441389,0.18984008774546102,0.20596937902292717,0.22756597297534487,0.2507488072331021,0.27360382809243144,0.28642643284133573,0.3104296199010989,0.32789359265594675,0.33857861855085536,0.3536469854130701,0.3654628113090906,0.3789317825393808,0.40299216845982544,0.4111670957649934,0.4286758146753966,0.4506960445626708,0.46203255756568706,0.48338507576202666,0.49894280769533156,0.5482970098771502,0.575423713095111,0.5973796607216094,0.636437883713546,0.6743253204722359,0.6977463747628272,0.7351637960072038
0,0,0,0,0,0,0,-0.18158434241472307,-0.19105025803983922,-0.20127530462626506,-0.19290622749461966,-0.16333663035385068,-0.16097836123541287,-0.1506265022377516,-0.11089798996266863,-0.09498474354839331,-0.09090969907569739,-0.06265365211972655,-0.04939324242602136,-0.040593827212247746,-0.005223687962916382,0.018909280713641567,0.042066464846918714,0.05554270041673969,0.10062471690266186,0.11916131324420863,0.13984004859505286,0.15948700721255532,0.18071434522175664,0.201574499618503,0.22691945388458404,0.25584277643587905,0.2738620782681582,0.3097612227075709,0.335303131742292,0.35114921713789204,0.3768578514570526,0.38951354218345985,0.40537833885147995,0.438854200704324,0.45439898662131467,0.469407440180653,0.48964471232616286,0.5184853987448764,0.5417349410859974,0.5668642892209753,0.6096031902958053,0.6417271518983605,0.671548618074947,0.7293475272294532
0,0,0,0,0,0,0,0,0,0,0,-0.20368488748072539,-0.18982605844184838,-0.21440759111905297,-0.19263751558661474,-0.19166484048330554,-0.1931194469010562,-0.15288793397093617,-0.14602697663848563,-0.1409011886033694,-0.1088043261494396,-0.0921169610038834,-0.07150485308855667,-0.047919769113296526,-0.005612424826997789,0.019956501215001626,0.04459866545575982,0.0983967504309186,0.12235805826396164,0.1282012582873359,0.1485826684060603,0.19143325320279406,0.21537701376321472,0.26237966072243457,0.2626254936910889,0.2941225242090711,0.33613438761159303,0.35116224444142424,0.39496553594378686,0.47171573650761534,0.5250777053402221,0.5736074184815411,0.6213126370959144,0.6452409424415521,0.7011077195381745,0.7174203325550493,0.7637581010384054,0.8066793383539992,0.848444861548645,0.9109717864251393
0,0,0,0,0,0,0,0,0,0,0,0,0,-0.1909271003903804,-0.1900014531923224,-0.28964798165721106,-0.30110205503558696,-0.245699628543256,-0.22782252032951913,-0.21620344035940628,-0.1861187792700986,-0.17222763563126942,-0.17212564350154716,-0.15866571975686072,-0.12213235448062637,-0.09966452892478668,-0.06601196819875835,-0.007819537327749686,0.03487130475051246,0.06626574249505489,0.16694775070655712,0.2088116648159974,0.2589888310804731,0.3359745188121397,0.3764028828549782,0.40708183573080753,0.47134790284343503,0.5088546164408846,0.5494661374477627,0.582109387307666,0.6168227453588496,0.6845384701438899,0.7094845703824809,0.7869161286175201,0.8385270814446327,0.8765265449059945,0.8700109311872694,0.8746044903326895,0.8753950680934264,0.9214697308295564
0,0,0,0,-0.23766177051499573,0,0,0,-0.21401942324317613,0,0,0,0,0,0,0,0,0,0,-0.2825922918139963,-0.28810582029621373,-0.20271062190695116,-0.1631011038200736,-0.09067145371825307,-0.013866818692040218,0.0606011008423147,0.08025958043259314,0.13140962492125735,0.1839538541249109,0.2318292182236391,0.27707006844089566,0.31425341063766726,0.3094036129111938,0.285235065998194,0.3060684324500293,0.3643681764344643,0.4674748336322097,0.5292011691373064,0.6215154099573666,0.7757433397764132,0.8173973472558804,0.8714399163897881,0.9073217069175709,0.9833009907911917,1.0319820955079173,1.0533176414567318,1.1162160533762813,1.1994784968979835,1.2762272933425967,1.3603569782246017
0,0,0,0,0,0,0,0,0,0,0,0,0,0,0,2.9844306398666543e+38,-0.1685447808094273,-0.21430306066793126,0.059219741569468035,-0.09130474247464283,-0.22647907811210477,-0.2985684054100714,-0.4139029956846746,-0.3737007756598164,-0.1379949087682985,-0.03188852808256028,0.06626348443563276,0.23268351256238862,0.3225793083137182,0.3987017911856421,0.5848755080208456,0.6250343549045927,0.6340487079812972,0.6282500185953992,0.607428499419741,0.6238205141785177,0.7145810410956558,0.7396633681343675,0.7793548289729249,0.9609682989677099,1.050575003510457,1.1889400939733985,1.2846861388897592,1.4065046084547796,1.4890419337932774,1.556174209073274,1.607146051860189,1.6598978177313024,1.6855511572678028,1.7186797927727362
0,0,0,0,0,0,0,0,0,0,0,0,0,0,0,0,0,0,0,0,-0.2981648702461657,-0.3838782508122487,-0.508478025767995,-0.5250197691171626,-0.4238482113718643,-0.40645911282007724,-0.3003721869052482,0.2806460831231571,0.2651854394711813,0.3632796478269785,0.6874202361600606,0.7397819290912867,0.8102199402382694,0.8985340061791163,0.977046575917324,1.097305919626216,1.1597760170496934,1.1230581254351562,1.145622443758726,1.21480775823344,1.2305971182650883,1.2444477969116663,1.2938833655420654,1.371562131696025,1.4178066366705306,1.4555037849687762,1.5486891545160728,1.6723822306728189,1.7933822495096463,1.8611124418409004
0,0,0,0,0,0,0,0,0,0,-0.4109219960530493,-0.4731107090656892,-0.510207208074336,-0.5300946883977242,-0.5492257676008189,-0.5704345150357053,-0.6016197995319963,-0.6236467924319445,-0.6355851335558946,-0.6816897273622604,-0.6138392228378926,-0.633800680334937,-0.7579368670180524,-0.6153401891126591,-0.15539203981407396,0.0876997847593716,-0.007304429008621888,-0.13673893473455356,0.03616465419306899,0.1621390247312727,0.2868029917227449,0.5126094576351398,0.7244081124380211,0.8333659095964582,0.9492632706283158,1.019968729234862,1.1242417062365877,1.140872722949013,1.1677202949237195,1.2675617376790835,1.3613209757915643,1.443817358599638,1.4731652265456998,1.5242828220907785,1.5395123828444126,1.5563922493053404,1.6087288387999363,1.7000262714841805,1.7363986906895457,1.7856292562754856
