jsons/1312549200.json
{"header": {"parameterUnit": "m", "parameterNumber": 3, "dx": 0.1, "dy": 0.5, "parameterNumberName": "Northward wave", "la1": 40.97354507446295, "la2": 16.46031188964855, "parameterCategory": 2, "lo2": 133.9931640625001, "nx": 191, "ny": 50, "refTime": "2011-08-05 8:00:00", "lo1": 114.97908020019554}, "data":
[rows 22 to 43 of 50, columns 50 to 99 of 191]
0,0,0,0,0,0,0,0,0,0,0,0,0,0,0,0,0,0,0.11462346821475508,-0.10730947522764374,-0.23493596684530033,-0.14545878161739328,-0.09585827096239175,-0.39652625917061485,-0.8463008567202168,-0.944617881697112,-1.0020781440356443,-1.0826178939810298,-1.19010959429873,-1.2323316745507074,-1.2778739338025413,-1.3419638157571923,-1.3662286927660092,-1.3833354024947186,-1.3958946106232837,-1.4450529475497813,-1.476544207482787,-1.5109493960470233,-1.5752501527365694,-1.6726582385303688,-1.7141790021236032,-1.8043802915052067,-1.8434371223120252,-1.8845336487240825,-1.9416544015593378,-1.9870744438113022,-2.023751265557786,-2.093665625696791,-2.1215821061091984,-2.15564240904718
0,0,0,0,0,0,0,0,0,0,0,0,0,0,0,-0.13097318353808488,0,0,0,0,-0.3309718271544411,-0.5675435747807053,-0.8232470083234283,-0.9390412488889609,-1.0124615709804115,-1.1421281793720826,-1.2045549762783263,-1.2456047786801363,-1.3114430296752613,-1.349675159216153,-1.3985282961982206,-1.4637678683374769,-1.498280401945013,-1.5528163906245032,-1.622107955030227,-1.7696555863117398,-1.8377377777693515,-1.8902085321797573,-1.9776157062743536,-2.011040693710961,-2.0467052500602745,-2.1306491671158434,-2.1851204507711888,-2.245820713955236,-2.337355946181762,-2.3981734370027232,-2.468996663990898,-2.584186585603814,-2.6427933136579473,-2.7162382559285505
0,0,0,0,0,0,0,0,0,0,0,0,0,0,0,0,0,0,-0.4946762322010986,-0.7233111180430156,-0.8964791376730122,-1.0115881835399798,-1.2024208143671988,-1.272852401953912,-1.312795250892396,-1.3934289136788534,-1.411788295071122,-1.4495583334521358,-1.5230343847571088,-1.5590326095164466,-1.6189123851264808,-1.7189951269578025,-1.7679807164243067,-1.8509934380096063,-1.907723309527298,-2.0179332657336735,-2.0471578925921317,-2.089775222597464,-2.159354001068958,-2.202604238413023,-2.246891383579269,-2.4137995243090224,-2.5166034243379967,-2.6439598077191,-2.82752678370079,-2.8821682520740595,-2.984984983876927,-3.084608405224601,-3.1512864872261406,-3.279116277659229
0,0,0,0,0,0,0,0,0,0,0,0,0,0,0,-8.1454825486999445e+37,0.13374362587046165,-0.701553403441248,-0.9511915786623569,-1.2199009600190986,-1.300645533811323,-1.3670858659238372,-1.4697390597374032,-1.5034759512583333,-1.5286681788600907,-1.6241429343243194,-1.669520052911874,-1.8193495492374412,-1.923057486131675,-1.966322370029209,-2.018719824615503,-2.1210350589364806,-2.2047465197898273,-2.2633449322951145,-2.318171703402156,-2.4423947556211387,-2.5146957928659663,-2.5750505924083535,-2.726266941225387,-2.8160274044464537,-2.8740230488687493,-3.0163848394624555,-3.079493719030267,-3.146657050363913,-3.27548334856977,-3.361335095943516,-3.4915189221032477,-3.6866819372265875,-3.826797899802537,-3.9713015975392265
0,0,0,0,0,0,0,0,-0.2125739331065083,-0.38483345360959265,-0.5164930505994016,-0.5902749179528342,-0.7927022385987805,-0.9270604788672222,-1.0751179372751514,-1.185416747622271,-1.3586004016566935,-1.433799501856284,-1.4819797612308723,-1.5920931979301454,-1.6125908228558108,-1.6764862432161165,-1.8284836005616543,-1.906073485647349,-1.951590063729301,-2.045795409859572,-2.0929394159613235,-2.1253573430972312,-2.232244521687813,-2.2808391662671603,-2.319610988945722,-2.4336330671641133,-2.502395865212949,-2.5877944723797968,-2.6329319610148256,-2.7916744845917276,-2.8707543188591167,-2.9633315796179143,-3.168830699300252,-3.273165812409043,-3.3655516406821735,-3.5518056285445,-3.650100191240798,-3.7459428681093927,-3.9566332301689116,-4.0537495479635055,-4.1672908088007885,-4.377561307946082,-4.459648618768071,-4.647110148198897
0,0,0,0,0,0,0,-0.6527802676694363,-0.7667424791455801,-1.0122717492184508,-1.091503469349422,-1.1676562191604165,-1.2835292831505996,-1.3242294024570773,-1.34870336944964,-1.3882334849943743,-1.4603429069940113,-1.5183367184175942,-1.5759831164657336,-1.7068821748401506,-1.8057001671193629,-1.8551396214791287,-1.9338610902134103,-1.9613785859784296,-1.980634353868155,-2.051288047944704,-2.0949276876584153,-2.149749213054889,-2.248638394268955,-2.3152450706659287,-2.387208012545096,-2.516389902453974,-2.5966701805388133,-2.639485759535715,-2.695320856598519,-2.856040235391887,-2.953069007414442,-3.0537817432225207,-3.251555206790962,-3.31693606197287,-3.3958356388604227,-3.5561034221854086,-3.714053049473358,-3.7866498446329824,-3.9469187788601032,-4.069902839913513,-4.252001913174393,-4.458683747461494,-4.560519234600877,-4.738360204738887
0,0,0.13429252302302058,-0.6611792909801435,-0.8143824715307478,-0.9256690076582971,-1.1260974435291902,-1.183861126106023,-1.2269032943422422,-1.2922704438050312,-1.3298994258418437,-1.3351500062475008,-1.393335159247064,-1.4193289237067714,-1.4213556594692869,-1.4378136766023333,-1.5511241873700876,-1.649120669753069,-1.6885203379346696,-1.7589472648552418,-1.7666447953116224,-1.8164074843018982,-1.8921556274365117,-1.9233509124109067,-1.9577917997832042,-2.0491471507578707,-2.0740714473251516,-2.088029407341152,-2.212870927312911,-2.263250098069842,-2.310198079089287,-2.437196061882446,-2.478010189639586,-2.5418578152421993,-2.6229424239173,-2.7755576054435553,-2.8880975187375237,-2.967752338103871,-3.1283980520888792,-3.22902988319798,-3.2881034820043706,-3.449807442570441,-3.5677590198379687,-3.6488954864437613,-3.8679590948779827,-4.011453112286973,-4.183743269769805,-4.453166340599832,-4.551956528659524,-4.829336372483965
-0.7771664067741636,-0.8435311070246877,-0.9397651312576524,-1.0730381402493376,-1.1223861236747297,-1.1507284140265495,-1.2042232583983685,-1.3196745635401017,-1.264402840892495,-1.3297613611765646,-1.3584672055535054,-1.3676977609600578,-1.4194731239016782,-1.4218693445446247,-1.4996139539840703,-1.5810167202586871,-1.6584010802776055,-1.6703437785215889,-1.700949589336838,-1.7873782011771548,-1.8069954509260935,-1.8258304643058247,-1.9080146983927664,-1.9243760066592794,-1.9382877199264357,-2.0364524451176216,-2.0620233128341474,-2.0812986933923496,-2.175161689714385,-2.1896163427402775,-2.220521978992046,-2.324254863383378,-2.3697226610816147,-2.4048007608681483,-2.41226344418512,-2.540489590856058,-2.555440635533207,-2.6065240322486436,-2.772648404951523,-2.7505218108808758,-2.7866298075935565,-2.8798719074107177,-2.9497400176662723,-3.036331951768606,-3.156611168181779,-3.241960293682366,-3.403296746637868,-3.6381081416491305,-3.744574819754335,-4.008389451723265
-1.0827145083220195,-1.1209136821799275,-1.1737924724376505,-1.248632156840411,-1.2606606002095333,-1.2733038769123317,-1.3155884179232804,-1.3241789779047914,-1.3051242427239298,-1.3430826405706453,-1.352791796514078,-1.3586578172108696,-1.4517892822739742,-1.511328835467743,-1.5726355816625832,-1.605003041004064,-1.6535597336991712,-1.654641298460804,-1.6517344717427243,-1.722084757756984,-1.7029615540954308,-1.7401427310396302,-1.7829599059309715,-1.7960117734344425,-1.8012209768925462,-1.8493324766454315,-1.874559741756148,-1.8593427032688281,-1.9214755553779308,-1.9362819778134521,-1.9210358319935479,-1.957713768455618,-1.9753025524689687,-1.973702887597867,-1.9430266633184394,-2.0230407942484305,-1.9510008078045267,-1.996116237091955,-2.0649192037960766,-2.076772177014864,-2.0996986864413687,-2.220771737571833,-2.260187142909454,-2.2465497357445283,-2.37816940019364,-2.416149316834451,-2.4293329167867572,-2.52858068701498,-2.525861631657908,-2.676126157488601
-1.028401215503853,-1.049370703293464,-1.0792639573387781,-1.139408981291169,-1.1227631576748645,-1.1281186345767265,-1.1486827353081965,-1.1531764296055456,-1.1389171378421061,-1.169355283246013,-1.167273403827292,-1.1535823172658526,-1.1864198735834481,-1.1999884658484654,-1.2234213123801052,-1.2572986928371137,-1.3028210352265568,-1.3020223399799618,-1.324406790163941,-1.416374407207278,-1.4163244757638451,-1.405094387584882,-1.4542270005393667,-1.4407171834306745,-1.4150389247063178,-1.441257280620371,-1.4344867482529724,-1.4437063039800226,-1.475339678136062,-1.449714799102418,-1.3456839929485322,-1.3571125091244514,-1.322390305565946,-1.183759824849903,-1.1648449772185847,-1.166192754617656,-1.0558505815758368,-1.0480527542290943,-1.0377191893295066,-1.0031497221838042,-0.9820051345974314,-1.0099395012068058,-0.9965280899807859,-0.9511617364972996,-0.9531762802569862,-0.9301386429554049,-0.8726943358182032,-0.8643308589015133,-0.8276470398493404,-0.728328092460411
-0.6458429352812431,-0.5798629459624479,-0.5641577814156421,-0.5355106239321921,-0.42551451492650716,-0.35411851882795664,-0.29169098113276315,-0.1371410009720309,0.07454705257271847,0.3147863014154932,0.40752776281847747,0,0,0,0,0,0,0,0,0,-1.008402167569055,-0.8790809126662736,-0.820840786098301,-0.7060898837590514,-0.5980279769995112,-0.5862618532374713,-0.5648967487494422,-0.5089527787867975,-0.4606077015532941,-0.4314052947955517,-0.31795897625269526,-0.3641804456992434,-0.344744846716038,-0.4560368518396469,-0.4804433793652858,-0.5012167793240251,-0.47984367991521404,-0.5098069041175072,-0.46481606571933626,-0.34077871315081537,-0.27169240722104443,-0.2406818430649059,-0.15295063994175256,0.017277400883871898,0.11472868973558635,0.1822326775667014,0.35622066823872955,0.46769746066755097,0.577183474163782,0.6796617269488097
-0.05884849851334009,0.01969443464184904,0.07907274300835763,0.11058371073121276,0.23397602468460493,0.2646966317601833,0.3747569290266117,0,0,0,0,0,0,0,0,0,0,0,0,-0.8845007399610535,-0.5638884895174164,-0.433515413616779,-0.41235822340950734,-0.3792018351805817,-0.294171721057964,-0.28621236349316315,-0.2615243310748112,-0.15786842308699436,-0.12136794267812322,-0.060511232884639554,0.008138440509697534,0.04546290790955965,0.13352141025381434,0.25484908424398584,0.2790245117405877,0.2896282128924668,0.20114885935505206,0.4456668957348218,0.6362589332637095,0.4661473844439365,0.7407407662704335,1.447767412364783,1.0985267474282931,-0.6183418424486058,-0.3669774382179028,0.3184106615928143,1.2070807407401056,1.4985479442688887,1.7194254445686246,2.051704311128584
0.24711845444291347,0.2883201489582064,0.31207933653494085,0.35327498452237016,0,0,0,0,0,0,0,0,0,0,0,0,0,-0.4372156266846483,-0.3186593785173398,-0.26573141077610607,-0.11507522218736786,-0.05977475623607835,-0.016476596631239272,0.03771641180066826,0.12033761149951086,0.16409781997332382,0.19794108272848623,0.31163896568274424,0.39372501905910245,0.46927214412536505,0.5908622386055249,0.6518585597210842,0.6784626750656448,0.850730776229678,0.9706847726043821,1.1224186188606746,1.1647447671770468,1.1229897728811695,1.137687192733378,0.9474939795530753,0.9070227855423116,0.9515337352745439,0.9814969057347365,1.0349351439722174,1.1126319318630395,1.2126708221559321,1.318690825249679,1.4373115516075672,1.545352829524589,1.823849768596437
0.29470510392925386,0.3893094614267156,0,0,0,0,0,0,0,0,0,0,0,0,0,0,-0.29757440423331416,-0.07220058467131121,0.018798128178165743,0.08185551313802769,0.17452801616012006,0.2031115184865876,0.23508611065591037,0.28529537291094614,0.3540004511124271,0.398104712520008,0.4341302279036574,0.49068389399873963,0.5560641541939415,0.592433173701107,0.6446526338143395,0.6670901321515429,0.6569349709625729,0.5821671098154395,0.5985515710027967,0.5865838077114895,0.5049567429479892,0.502400580454361,0.5481419605259111,0.5669470606360725,0.5986814387429641,0.6676395264826888,0.7093925288011076,0.8550176698752687,0.9635615628350324,1.0617666280096305,1.276183484057667,1.4407652599032172,1.5790917085073906,1.85492175840749
0.32082450044005506,0.4124444633293066,0,0,0,0,0,0,0,0,0,0,0,0,-0.1734043566773254,-0.025470412900793216,0.002000925948362874,0.09651845599784731,0.11325727982216809,0.13436811653866879,0.19103769541697585,0.20777577523953322,0.23132165396770418,0.235116765974805,0.21712389491074285,0.24314146904935569,0.23918782621914025,0.20985341439750016,0.20501972562595683,0.1961416765927947,0.1351326259719519,0.1251480174196851,0.0930561116464949,0.050282193165698784,0.036053302019317675,0.016693654975115428,0.06662681746978623,0.11133547475642576,0.1335604460689307,0.2311774922402974,0.3082406689524361,0.43324248295024664,0.4862933396453102,0.7117463843035942,0.8273618841729852,0.9657411160152856,1.152815320617816,1.3379538592688323,1.4220119952359391,1.7112040821983887
0.2916412218099349,0.3250238535678125,0.3516123290836678,0.3799843183886064,0.10618349142246662,0,0,0,0,0,0.19120823962717684,-0.2775555455150155,-0.18943574512618086,-0.1515178945008267,-0.08797902729972093,-0.06710197611321445,-0.0646293912027047,-0.04293789184387839,-0.041536162937763944,-0.04164514479211639,-0.039720374619163605,-0.03280392813738129,-0.04435824774818175,-0.05235113013915829,-0.1004265973049396,-0.15795450375033918,-0.18420882121841323,-0.223579611524067,-0.26303529813348986,-0.2907173919537153,-0.34824300011651005,-0.32921229747364833,-0.31383399828488945,-0.275718652713819,-0.27178806869818206,-0.21603537230765135,-0.1388411457780855,-0.07571558505138534,-0.056775941005065604,0.13359819930111871,0.1982336239397771,0.3206349888021082,0.3746080040856679,0.5273922644326241,0.6838726385701523,0.7891500494692348,0.9858776920301169,1.0464467351261724,1.193052287511072,1.3750003735738365
0.3107831625873399,0.3176315960848033,0.34321665676895274,0.3622188700293798,0.37287796798202527,0.4143464969680246,0.45231583997992597,0.49809665505846934,0,-0.5625560703707049,-0.5434405956117274,-0.3528074904832207,-0.3266109066057334,-0.2993512209082353,-0.27789279490026164,-0.2877196487640942,-0.3117510012802949,-0.35227455624581505,-0.38252404642024973,-0.4054455027798183,-0.42690694840116755,-0.4581896742841848,-0.49307504352963627,-0.5329101658728135,-0.5506034940631769,-0.576305795771175,-0.5904237830916598,-0.5794132876767224,-0.6117000199375924,-0.5914448804651992,-0.5332281684601011,-0.5201919088839918,-0.5046867654880842,-0.42219839609593446,-0.41209129313200715,-0.3573170575961073,-0.269465512243894,-0.18206425690469769,-0.13478730699984162,0.022657887478534502,0.06083762177367539,0.1550949359781329,0.2449578290687605,0.39742711845831075,0.5081423027457432,0.5753994884761964,0.7727907381578388,0.8725835168244841,1.0458530093536538,1.1794363251466782
-0.01257380981685503,-0.11841954765117745,-0.17196325389531927,-0.22937720573746495,-0.2816080301872897,-0.31512106025362524,-0.34798689833714996,-0.3657031872146087,-0.376432252915935,-0.4221220708682808,-0.4534638695777395,-0.4695744071858792,-0.5001541231773318,-0.5155159830212933,-0.5398038199986714,-0.5720056640008584,-0.6157372163242119,-0.6343126985474333,-0.6412509849746713,-0.6769513640714602,-0.6753763161851862,-0.6713053652511008,-0.6940475603283021,-0.6888790798273835,-0.6654059028298622,-0.6772957527092134,-0.6785842258909811,-0.6567018123457099,-0.6686951806182304,-0.6437500357400916,-0.5907490620814179,-0.5769190393271738,-0.5403228597659488,-0.46681119753549255,-0.40621897070312657,-0.38463063532734526,-0.2687756562330187,-0.21146641297126303,-0.16102788354019074,-0.04774516530623258,0.04475010864328832,0.10745248095552921,0.14047928423472958,0.2630058613490639,0.33030849595690426,0.41917834409883337,0.5331999988338209,0.625243328363831,0.735717743357767,0.8800100277406278
-0.3642173820849531,-0.39662507281267534,-0.4145925450234019,-0.47135822322015514,-0.46070733639310685,-0.49157963901748086,-0.5629283283798655,-0.5718413871611685,-0.6042525847362611,-0.6443362593906219,-0.6587224244360915,-0.6781302009465607,-0.7136526787169049,-0.7231859345889425,-0.7251901292381401,-0.7340208723574893,-0.7400782770189623,-0.7336262641310703,-0.7099045766748265,-0.7117246354691927,-0.6916839991680142,-0.6836358953440405,-0.6967664451641927,-0.6923246986334476,-0.671339521020436,-0.6822075888967517,-0.677488729603126,-0.6539284383012217,-0.6736132375696554,-0.6361135912576141,-0.5793398531937267,-0.5534044116409099,-0.5077088243173277,-0.42253173625097284,-0.37997706430931744,-0.3250707008812857,-0.24548877193588528,-0.18703950653091359,-0.16674717089529908,-0.06259798341688536,-0.03663131486398266,0.0028781001579329516,0.07792473311716643,0.17718315217440575,0.2596091404363134,0.30952069485924527,0.4237006013963268,0.4844842321861253,0.5375862705965213,0.6240065168603732
-0.5385682181194259,-0.5686293096652718,-0.5830830775942393,-0.6303881358191216,-0.6562038205961035,-0.6814035129141882,-0.7040322806658144,-0.7246400114362296,-0.7353880716801581,-0.7630759736577676,-0.7651377411572065,-0.7524904441372801,-0.7746620658603685,-0.7595365323023512,-0.7372439490304574,-0.7280310263439891,-0.7239310897818065,-0.7082589490355469,-0.7025190704749299,-0.7076331582992429,-0.6951967352229226,-0.6888605446781964,-0.7013924526175346,-0.6990950285510805,-0.6655167159965496,-0.6789210972369066,-0.656123708860455,-0.6107923108580492,-0.5932129175775459,-0.5518733026510555,-0.49395628438684847,-0.4478573851188981,-0.428808844004317,-0.35702421191889433,-0.31123705756689396,-0.2740211126141737,-0.22508859011326068,-0.17274899824458617,-0.14149778471965888,-0.046267416491834,-0.01792276522009092,0.014477704605471004,0.05584967604884867,0.11826341172859815,0.17114719101731315,0.22021764981319628,0.3253965448950765,0.37959392251388896,0.39264226452498147,0.5147417115482579
-0.657698536093142,-0.6840984056673886,-0.6925716177318711,-0.7194193221866557,-0.7145286813312212,-0.7205886383077644,-0.7391079567146158,-0.7395513584715021,-0.7267401139424032,-0.7389062067204443,-0.7276856294556789,-0.7007319647080594,-0.7082476133713983,-0.7046107239874193,-0.6797260744323033,-0.6826397408489532,-0.6990332761951414,-0.6920188083646718,-0.6880482606416105,-0.7004787067498967,-0.6844474301021081,-0.6727878970457508,-0.6696531064837035,-0.6674696302481762,-0.6186537638237404,-0.6030838017654457,-0.5878400599010729,-0.5391558684572796,-0.5153590201549912,-0.47875432572180926,-0.42816917619018524,-0.4013822943281415,-0.36669368017045856,-0.3026080786121558,-0.25719277810737456,-0.2526443621383835,-0.19978554798240158,-0.1642763517495697,-0.11414839194785603,-0.07483631870700458,-0.03688381028692185,-0.00424360586151325,0.04435431516098598,0.11253328426682434,0.1516415160018835,0.19669947141383018,0.27097637671841046,0.299000599068445,0.3505214169823485,0.4221069308972067
-0.7138519876871713,-0.7142702084938074,-0.6997459190876093,-0.7118168395604687,-0.694237992301361,-0.6800618219927508,-0.6912300618097617,-0.6949014741086547,-0.6652158513047699,-0.6671284049197355,-0.6734405943937745,-0.668624789921511,-0.6903705848554855,-0.6898534856824428,-0.6801768180873459,-0.6879459070225469,-0.7042864444617908,-0.6908687349082824,-0.6898335648605727,-0.6899768964172662,-0.6707945777665111,-0.6757004971994782,-0.6589739624015376,-0.619081665466393,-0.5764494609680829,-0.5624907654466945,-0.5354476703756282,-0.46299351758613083,-0.45246046027131204,-0.43047781811752134,-0.3703462968488508,-0.3564170259232701,-0.3315445514576638,-0.28207287792876845,-0.2729710266612051,-0.2572873199365611,-0.22665737259190655,-0.20635426098013943,-0.17162994228159187,-0.10479531098576034,-0.07267190894601523,-0.02487589253551777,-0.008650599492927388,0.06166158694688794,0.09695646071015523,0.139406656305013,0.2152199412144314,0.24878419889693906,0.25549293232300896,0.3346860441878161
