jsons/1312718400.json
{"header": {"parameterUnit": "m", "parameterNumber": 2, "dx": 0.1, "dy": 0.5, "parameterNumberName": "Eastward wave", "la1": 40.97354507446295, "la2": 16.46031188964855, "parameterCategory": 2, "lo2": 133.9931640625001, "nx": 191, "ny": 50, "refTime": "2011-08-05 8:00:00", "lo1": 114.97908020019554}, "data":
[rows 0 to 21 of 50, columns 98 to 146 of 191]
0,0,0,0,0,0,0,0,0,0,0,0,0,0,0,0,0,0,0,0,0,0,0,0,0,0,0,0,0,0,0,0,0,0,0,0,0,0,0,0,0,0,0,0,0,0,0,0,0
0,0,0,0,0,0,0,0,0,0,0,0,0,0,0,0,0,0,0,0,0,0,0,0,0,0,0,0,0,0,0,0,0,0,0,0,0,0,0,0,0,0,0,0,0,0,0,0,0
0,0,0,0,0,0,0,0,0,0,0,0,0,0,0,0,0,0,0,0,0,0,0,0,0,0,0,0,0,0,0,0,0,0,0,0,0,0,0,0,0,0,0,0,0,0,0,0,0
0.14345915787331767,0.10592431073788969,0.09446252020840303,0.043415590697285684,0.1759845330637735,0.24756405886075283,0.05888176333628089,0,0,0,0,0,0,0,0,0,0,0,0,0,0,0,0,0,0,0,0,0,0,0,0,0,0,0,0,0,0,0,0,0,0,0,0,0,0,0,0,0,0
0.16111938746969828,0.022852103961956013,-0.007239584658774381,-0.06219313230317992,-0.270369065615848,0,0,0,0,0,0,0,0,0,0,0,0,0,0,0,0,0,0,0,0,0,0,0,0,0,0,0,0,0,0,0,0,0,0,0,0,0,0,0,0,0,0,0,0
0.498355004669481,0.32651556829474876,0,0,0,0,0,0,0,0,0,0,0,0,0,0,0,0,0,0,0,0,0,0,0,0,0,0,0,0,0,0,0,0,0,0,0,0,0,0,0,0,0,0,0,0,0,0,0
1.2505425888358415,1.19479773094102,1.1348268626553566,0.6476265547098068,0.5490498808280382,0,0,0,0,0,0.36131558890632837,0,0,0,0,0,0,0,0,0,0,0,0,0,0,0,0,0,0,0,0,0,0,0,0,0,0,0,0,0,0,0,0,0,0,0,0,0,0
1.939661150994887,1.8864725588544604,1.7940625387384963,1.7049207371722679,1.618054999420468,1.5116678901990541,1.3463193337754986,1.220362671924058,1.1744707687201728,1.0472930941067873,0.9675404405204828,0.9082318926173132,0.815687820617687,0.7677684899842893,0.6837037868592597,0.6257645614973969,0.5989811259772644,0.5476338505981996,0.48158043204574824,0,0,0,0,0,0,0,0,0,0,0,0,0,0,0,0,0,0,0,0,0,0,0,0,0,0,0,0,0,0
2.4876775153738384,2.46183251108693,2.407789026227779,2.325654983482103,2.299205435273263,2.226295518394122,2.080233359009922,2.043070986253774,1.941199471326026,1.815249287998797,1.7179859875669403,1.6708030104491849,1.476201235684584,1.2549251770179217,0.7315823917397362,0.16226209732105226,-0.07490051469202974,-0.5905882807078936,-0.09437174404577182,-0.5618933893104457,0.2804396630122131,0,0,0,0,0,0,0,0,0,0,0,0,0,0,0,0,0,0,0,0,0,0,0,0,0,0,0,0
3.3365065175261366,3.3532291334532918,3.3157529817989206,3.1807330224835795,3.085111392401626,3.0591915971110644,2.912377595561113,2.815138087950356,2.7949093415303667,2.6281799162012174,2.5022912110393367,2.403935415981128,2.115637786815445,1.9180568560325644,1.7515957700525608,1.5864521919160959,1.4857540679803571,1.4732355661170669,0,0,0,0,0,0,0,0,0,0,0,0,0,0,0,0,0,0,0,0,0,0,0,0,0,0,0,0,0,0,0
4.231825845727432,4.291863233949436,4.30814035829689,4.20544879056173,4.159607381426244,4.102329800214327,3.9201412429891476,3.8155491843991505,3.6999728390821454,3.3893984952356466,3.3102440460355225,3.0769156379630753,2.7682276673385853,2.6190255189444436,2.479846179055239,2.138718555132868,1.996059579642278,1.75893028180269,1.0142012895560588,0.17740786728730748,0,0,0,0,0,0,0,0,0,0,0,0,0,0,0,0,0,0,0,0,0,0,0,0,0,0,0,0,0
5.61842042855756,5.758809438021552,5.76274743804359,5.603811644649878,5.650365692026172,5.377138632375564,5.2160338974798,5.091943390800097,4.885012042601752,4.515347026630324,4.274323469171217,4.034507414342343,3.8015880999774683,3.674899444956782,3.53021497252171,2.8332846419882083,2.5112915683543178,-1.8316300810970645,0,0,0,0,0,0,0,0,0,0,0,0,0,0,0,0,0,0,0,0,0,0,0,0,0,0,0,0,0,0,0
7.598066343865958,7.818477858640625,7.762937593823042,7.600689881971112,7.663942973805604,7.544004381772223,7.201434583010295,7.076822587273506,6.932887784881917,6.228438490327495,5.841969916186966,5.6447385414434015,5.213380094637504,4.861175526300143,4.534527594938082,3.04914284750799,2.686049640898472,1.765548595298719,0,0,0,0,0,0,0,0,0,0,0,0,0,0,0,0,0,0,0,0,0,0,0,0,0,0,0,0,0,0,0
8.299168238328896,8.492036396546068,8.51053104488491,8.357192328471235,8.447088053800922,8.264647491065952,7.954984094586548,7.885146374461324,7.675586500553668,7.184977600286746,6.871469681358407,6.659717121407254,6.017598930508699,5.646397206786517,5.364092245220833,4.183600486431012,3.4045504966226137,3.003144445720013,3.202645232830481,3.8099754627102915,3.8353655074623796,3.7764090174506166,3.6276532450523518,3.612483682590821,3.475800760610752,3.4756191809078243,3.5055719850239693,3.413695764924815,3.4268973896820145,3.4451212051421924,3.4302123811921486,3.3443791335523487,3.375502063098894,3.43238018712629,3.3941885483673975,3.3825469244591035,3.3107970637720507,3.1792937378424133,3.1667467270279093,3.101606704016555,0,0,0,0,0,0,0,0,0
7.694408667832486,7.995713528907685,8.052206850941957,8.079500163862825,8.145894213265958,8.115223371030929,7.922379265477711,7.88976502537646,7.68691094050952,7.341270516517168,7.260253295277442,6.955566787226513,6.4182992432837835,6.2220419341579305,5.791499108695677,4.872373125274758,4.609746765452881,3.9608774214759435,3.376456439658296,3.3768639001042597,3.6150127533004763,3.7399869775403807,4.037435822606287,4.352581691809255,4.403626458890004,4.4238135572944515,4.391918959398963,4.377543981965535,4.248289229652336,4.216320392599491,4.111803863666625,3.9724741568329067,3.9106347199966245,3.882142144975519,3.699519008658922,3.636909537644598,3.5405041033125992,3.468805958331702,3.3649842539189847,3.2787194286067387,3.191693666243377,3.069992274923556,2.9452733225606513,2.850661289181698,2.714170088096157,2.4816828363156906,2.323820168219897,2.156560383759316,0
6.648396131803758,6.954625824550728,7.068633109155384,7.251891948367187,7.412379820896541,7.440801405481931,7.35417193525787,7.392951378299524,7.257157760187932,6.9469155096146435,6.834213374265799,6.6887113338574835,6.254500329800347,5.974397100746373,4.154638840911738,2.5016048055639066,0.035463135753148765,0.024124067964827536,0.4883511759792465,1.0861918921196252,2.133285412948941,2.813515285638437,4.3634676122297416,4.72187928635041,4.772029488862142,4.645961662871275,4.551301532024715,4.477176250216456,4.21603255585974,4.150184561067495,4.0784006527159455,3.9079818743901424,3.815791914455545,3.770584216758312,3.6390063100113266,3.540921884559642,3.4215923294352866,3.331258672592614,3.2845606473333375,3.2321333032993214,3.151537852619358,3.0055789557490282,2.9091354553652646,2.8051431718578286,2.62027819486379,2.4597105667672685,2.3885928657893745,1.981598532418151,1.8269319517857325
5.605037899006836,5.753619226606317,5.828217020094232,5.956872730285829,6.030362847232082,6.068997325671857,6.094972127845966,6.063971706160532,6.102174696091474,6.058041829756405,6.074809582606089,6.106672750779524,6.049161026770194,5.947196575935476,5.831427185756156,5.643008834966562,5.597593401398128,5.572693349396835,5.447203839057991,5.377856541104602,5.245104205831394,5.132333934951899,4.853699620960128,4.700903033371782,4.6155186632473715,4.3245377038655235,4.238382789962576,4.148887000084109,4.003749504802483,3.941222251913093,3.8466163564014155,3.716160113675833,3.6139487082280235,3.577515750318954,3.4107705718438344,3.3556413025867835,3.3022992934491278,3.189123186406114,3.092497801654053,3.0294395400054905,2.9842375035612525,2.843933102685982,2.783048995770114,2.7238140761685607,2.6052939665165087,2.508177604327293,2.4125712064039733,2.253743507319832,2.0454367271561424
5.306286864096929,5.38590575653058,5.403342662498038,5.534014483132395,5.573546502850761,5.553452070964365,5.457959941721185,5.34992796704829,5.358296080555653,5.283489829015003,5.24545684725549,5.184139284306905,5.097272515347706,5.049806270599704,5.086594311754027,4.904848907911867,4.835795077126704,4.743720553983171,4.597478819882935,4.547504864677948,4.435699860344856,4.387526084318356,4.216463498229532,4.132514658716026,4.007636422217584,3.8433493790275657,3.7562690417109286,3.682498846943031,3.5584754820745075,3.4560268470101967,3.393770286669445,3.302271598904942,3.251229706071556,3.161854022542741,3.091846987967385,3.055949829904589,3.00696410835387,2.9231232358735983,2.842027704387576,2.8027671951942397,2.762034268915927,2.67932639272158,2.654661492355768,2.6194400350527824,2.541265497588824,2.4972845805442416,2.4634064009455656,2.380219067809763,2.343672457066998
4.630658467652694,4.710701033844854,4.7551623435660595,4.936187147961907,4.8490759823921605,4.785154951825954,4.78327859863006,4.791785033814061,4.778791958650079,4.423780013004841,4.399585138335568,4.336575074160122,4.1973571193142805,4.089845217858534,4.079305556743605,4.07165178541356,4.02191585137581,3.9475739430239303,3.854310464390064,3.8438413237098326,3.7796313684596345,3.7388364884971232,3.5914905036034415,3.567514662220924,3.481365183096417,3.362667253244208,3.3090687925913156,3.252945818204356,3.1807994840857203,3.1378592073731624,3.089536979835609,3.003742266215364,2.9594021435501,2.915017490905372,2.8632815925277364,2.8073545939148516,2.7701537970127945,2.7030998840974028,2.687916946246392,2.6284808859858266,2.587150282255557,2.534260046361009,2.468936964231124,2.453710082422282,2.386593361901303,2.367643359771009,2.3386394273128492,2.282745980140783,2.238823095391664
3.6425951932158913,3.7874178882253178,3.8628267038930764,3.991997591648098,4.026294269941194,4.050161199179813,4.044454745127333,3.9991480753754955,3.954283844068027,3.7200475798543944,3.6242712581006002,3.5389599181048825,3.369470858899915,3.3531278059854523,3.327121474673531,3.2632245568456884,3.231937711208364,3.1964948610690613,3.1967379424525073,3.158028310062301,3.157335666594341,3.13892438273557,3.104744980589367,3.093836398968579,3.0795400744816903,3.0455225237872625,3.020944374540462,2.982715122700664,2.914563477054083,2.887212191431518,2.85761385747503,2.757505986763615,2.7337362674533554,2.711315730729947,2.655362950510448,2.6116372546079707,2.586113346331832,2.5501689510846544,2.520138230413488,2.4908118077788393,2.4585058983979535,2.4114276770135845,2.3827477016445333,2.3575461725718654,2.3003675565062505,2.2634297201234412,2.2377061209175872,2.1938726498571834,2.1637617694187665
3.0129311730917228,3.1764354827084977,3.162515793649928,3.1790857136676367,3.2357343053954164,3.2649395454411025,3.267690541886094,3.2689015163858453,3.173061724382909,3.0410825632265697,2.9998838899532063,2.930917805868717,2.8958833446300054,2.872283316103911,2.854982707426032,2.8273999395681098,2.8170522740624526,2.8159628186251453,2.8246308192129614,2.8347374838387345,2.8432445480486312,2.8433847940585366,2.8332166035993867,2.8366022027782685,2.8227868347470717,2.7925300590932043,2.761814782404571,2.7474725746440556,2.7173688284760504,2.6903405075632807,2.6566670104194654,2.613434216904595,2.591088832062688,2.565439439033825,2.5109170243895247,2.4882643926429675,2.4587376009058057,2.4171973172174606,2.3914639500063797,2.370467432321521,2.346600964402593,2.314104605453783,2.2790520711467366,2.253235750533175,2.2186613584253156,2.198908984598915,2.1886486170225137,2.153706943709794,2.1337604876051226
1.890866130196893,2.3004465903746185,2.306477186044227,2.3549015582731023,2.402475858174288,2.4444776486107855,2.4624648440582875,2.50678515024031,2.4751667208277532,2.484730983133576,2.4804781394358155,2.474845878635271,2.4945237843956245,2.4965313348540903,2.513906139084517,2.5171476050219668,2.5299891887484813,2.5385867575975656,2.5814748523595727,2.5928749267963784,2.57411109665332,2.5731524614547343,2.5609596839212605,2.5455824200522223,2.526355844702334,2.53960524883703,2.5269604911568004,2.523926459512384,2.522476171796432,2.4972271842125355,2.473970848962234,2.439454819795401,2.412321024508596,2.4006201665989177,2.371279504800055,2.3591956252859005,2.3498951946243345,2.324008424805116,2.307014409576156,2.3011428727747725,2.2929821046239383,2.23235441703113,2.2189484300806184,2.201689253533077,2.1696079571237923,2.1637096419070154,2.146602514750462,2.1155580495868764,2.091335812108988
