jsons/1312776000.json
{"header": {"parameterUnit": "m", "parameterNumber": 2, "dx": 0.1, "dy": 0.5, "parameterNumberName": "Eastward wave", "la1": 40.97354507446295, "la2": 16.46031188964855, "parameterCategory": 2, "lo2": 133.9931640625001, "nx": 191, "ny": 50, "refTime": "2011-08-05 8:00:00", "lo1": 114.97908020019554}, "data":
[rows 0 to 21 of 50, columns 49 to 97 of 191]
0,0,0,0,0,0,0,0,0,0,0,0,0,0,0,0,0,0,0,0,0,0,0,0,0,0,0,0,0,0,0,0,0,0,0,0,0,0,0,0,0,0,0,0,0,0,0,0,0
0,0,0,0,0,0,0,0,-0.18911639062796887,-0.2746264999643789,-0.3202894205933619,-0.32779744416924245,-0.3446476582023893,-0.3538366810742676,-0.3531084864106226,-0.35324338224814184,-0.35006722879856705,-0.3477582643823604,-0.3493634466932538,-0.3564188654228199,-0.34781115422371056,-0.307791778646146,-0.40155819315239716,-0.1932142058753298,0,0,0,0,0,0,0,0,0,0,0,0,0,0,0,0,0,0,0,0,0,0,0,0,0
-0.3573318038393458,-0.18921392123909783,-0.3487711075119301,-0.3548674595076871,-0.3859358090381407,-0.4159158591029644,-0.4402873332115808,-0.4747895322168136,-0.4849650874923442,-0.4964784492961934,-0.5078973432757733,-0.5187627128859249,-0.5262828005234071,-0.5335644335191951,-0.5303336471128065,-0.5301006467912659,-0.5425113445299674,-0.5633664000264506,-0.6047901373610941,-0.5545365424651921,0,0,0,0,0,0,0,0,0,0,0,0,0,0,0,0,0,0,0,0,0,0,0,0,0,0,0,0,0
-0.5261136505864612,-0.561303922068736,-0.5726818241414185,-0.5744093910697924,-0.6064803056238824,-0.6566820815369985,-0.6774161771160659,-0.6703745565342717,-0.6726052099128644,-0.6992162871390022,-0.7105859298608439,-0.7135145861426265,-0.7182515983126874,-0.6886577541749819,-0.7160046905456512,-0.05732511215989006,-0.26725799388423954,-0.09886790098467776,0,0,0,0,0,0,0,0,-2.0611430791487477e+38,1.1318170020472484,1.2292441081232428,1.2622312633806376,1.3580225550653764,1.4486964939372822,1.549010675653079,1.6051002879193337,1.77592576517371,1.8794479431317372,1.983886270897632,2.0576525169450957,2.16435333684323,2.124225709260925,2.093656713081126,2.0256736061464498,1.9452999461744336,1.8787696309671644,1.8588277124110943,1.7342825521287546,1.6264365799411011,1.5570935906130863,1.3190699474655083
-0.687587629155493,-0.7353207838227904,-0.7372582134905434,-0.7427242586256899,-0.7885451900643243,-0.769942416651199,-0.777606845013067,-0.8235680641469726,-0.80609256236293,-0.996843507579376,-1.016379262827364,-1.0918208172279604,-1.1071587739594941,-0.9192550543968996,-0.9371737788657132,-0.7907888830426251,-0.8332782865702015,-0.37422502393530876,0.4344517243179276,0.7989516309288252,-2.136342835613429,0.6490018687514528,0.626354196552117,0.6738201488375728,0.7573597586618364,0.8969692827170462,1.0043549619478969,1.1407558416731391,1.2852815914302065,1.4407552053969643,1.5556295315121316,1.8246026583267716,1.9469680709179091,2.1718973527085508,2.373860166410402,2.563941826102562,2.7204813826521637,2.925279289633281,2.9773066310504617,3.078496381686708,3.1864003068585447,3.275056980371081,3.186181955805715,3.2051843004954583,3.242693037707522,3.106912588054793,3.0972517056751485,2.8701025890299023,2.4159505322683175
-0.8752343041347781,-0.9568857222336679,-0.9694236846008393,-0.9921630205328826,-1.06629839242089,-1.0773464745570418,-1.120155566895705,-1.177268868026036,-1.2103072987158332,-1.162759853625325,-1.2095364214243358,-1.1916367900677043,-1.0928317212847978,-1.097204431001271,-1.0660310638092014,-0.985390182427622,-1.0294972158586493,-1.0952004894329532,-1.0306499438794825,-0.8772352819908038,-0.8888464117622438,-0.7121835044727377,-0.6970319561177374,-0.5886134991041233,-0.43237980851681224,-0.17475210258124396,0.0841561753341023,0.2523918732031776,0.6300677382012737,0.9213672920474362,1.042220152499655,1.5983515672577786,1.7134419992974574,2.014092211886618,2.292378575754529,2.5018593916329657,2.7156331710830135,3.172904136752432,3.362844879058195,3.5654958350259958,3.9175051039685562,4.078471713496786,4.364912123062854,4.5391829906551004,4.850388880050776,4.800638388188894,4.781211886287682,4.680991434547262,3.7184380115921614
-0.9533917721210728,-1.0333839381801424,-1.0837612906237881,-1.1262889124131514,-1.2185519989237141,-1.2623612473686292,-1.3001409905198205,-1.3918991657763335,-1.4288585883665876,-1.4688744077438995,-1.5605854090486522,-1.6334895593818517,-1.6683992936327305,-1.7943573006584415,-1.8326844938896343,-1.9096285845934744,-1.955989953177075,-2.0868738378355594,-1.9960186098137391,-2.0362754646399255,-2.15456674437833,-2.0073830540912656,-2.0053055472044963,-2.0369910534220774,-1.8700563574173654,-1.5534955095266223,-1.572070805131036,-1.2161202637574762,-0.6790664110389079,-0.26517066253389854,-0.09956816668780656,0.7223041256084376,1.1471352456792954,1.4800860489804746,2.1469989278062047,2.4794478564133695,2.7883256165405426,3.2055005469824356,3.4381576173223114,3.777885990066665,4.237837000541493,4.4864624554653485,5.068290203203225,5.337607839516428,5.869626690662632,6.106656116261147,6.0932096610522795,6.032170773978303,5.410776249906109
-0.8706365821349284,-0.9121892977235019,3.329215006236504e+38,0,0,0,0,0,0,0,0,0,0,0,0,0,0,-1.8982524831369676,-2.016227189555659,-1.997960300436865,3.4015181673392854e+38,0,0,0,-2.371656357435041,-2.4972170446131186,-2.2299280629637996,-1.9383351418450754,-1.4959334914766333,-1.2571811587402244,-0.9412204515402797,0.14257245585655665,0.7580963048467801,1.1873964654990252,2.070505413194915,2.5099294858642134,2.6704598961448665,3.1790254971111076,3.501726427224162,3.811652652378726,4.290813715634975,4.56002971553486,5.055111340682261,5.336363868686289,5.812318429516672,6.1914653576378305,6.340792110215429,6.468875952584036,6.51200663736624
0,0,0,0,0,0,0,0,0,0,0,0,0,0,0,0,0,0,0,0,0,0,1.637133001114478e+38,-2.1008758531755075e+38,0,0,0,-1.050269589751833,-1.4074244485543403,-1.4153950445159198,-1.2541806606347046,-0.35149540928445766,0.2966451774680549,1.06065247127519,1.9489668978365664,2.2754569643467852,2.733099913780556,3.3634679084636705,3.6223520955270665,3.9904091623827456,4.258536831262474,4.492511584470925,4.887415640022863,5.027462366924997,5.282744915590059,5.611764285435969,5.750155589953299,5.810956007592991,5.862735675751005
0,0,0,0,0,0,0,0,0,-0.6787974553022256,-0.3864899079820039,-1.1568100086018027,-1.3928144967241416,-1.8393567260980754,-1.922782823573014,-2.159495157271113,-2.1773652488528854,-2.3879579962522217,-2.4209341117406415,-2.5405186146996104,-2.6785617503032015,-2.706438032803953,-2.72050187590088,-2.795304768480856,-2.7976163468447917,-2.6298731757088065,-2.583018677585873,-2.477098438715223,-2.0697598962531982,-1.9520469977573043,-1.7058334622250795,-0.8114882436365813,-0.07298841643132052,0.3986551435024493,1.572793372761448,2.150452066309935,2.4881341484990838,3.155965135303247,3.446775343701322,3.678439817819138,4.007715443658344,4.163094017792339,4.420333040980093,4.622644725606818,4.731848108492747,4.908757841186797,4.9901003205092,5.045236104693112,5.0330467995639925
0,0,0,-0.173197859809032,-0.923961005074335,-1.1252287701976862,-1.0799629984268106,-1.359485224475293,-1.532199878894076,-1.7009865722763355,-1.939481405328718,-2.0768490247739875,-2.1600709197834824,-2.3274740448906477,-2.4122271425373283,-2.5418052212411006,-2.5986130999787265,-2.7256810580046524,-2.8188563748399873,-2.8606498326610206,-2.9856544420952282,-3.0546093793349645,-3.104300288440762,-3.2253384653185084,-3.283660323341936,-3.3315594870230574,-3.4345774670579705,-3.4774110653108803,-3.5112577012560986,-3.4979662002683174,-3.4775166820975874,-3.424800438062722,-3.1906406806266454,-2.9282356129559988,2.095702633326648,2.3847643669379672,3.3161785049613237,3.4669634940731466,3.513522261288368,3.5964049439996018,3.7194763280635783,3.8494462868802803,4.036813235815924,4.170405068515082,4.203897765989637,4.370928405682218,4.38054226430555,4.420991744057582,4.408823194642611
-1.026051836560951,-1.2023006126427798,-1.3079831104639705,-1.4039704208989574,-1.5586467918735576,-1.6258152961996002,-1.6987875464643394,-1.8441622380965967,-1.9383160968219408,-1.9901237986692133,-2.1248559031467122,-2.234039105220996,-2.2923140341316546,-2.4241352949687065,-2.454907200197867,-2.506351838448691,-2.5753898715314754,-2.672108173611798,-2.7596732733662224,-2.840909650920848,-2.9979426053324976,-3.0380506930890245,-3.09775220809895,-3.1886997749899972,-3.2187498818295572,-3.2561907229484066,-3.295476514693203,-3.2894807134594832,-3.2536647847419604,-3.227061911992739,-3.1568528452730296,-2.9995447779345836,-2.6463404452169,-2.8355310124075173,-2.9481719765516554,3.1836772016880666,2.7060270164686977,2.724813131408891,3.0735042423270515,3.159450415324619,3.285501122800461,3.3093938209396327,3.397276706791113,3.4306978672475603,3.471099248919048,3.527553340124211,3.5829531364542153,3.6001377429181685,3.612986512125062
-1.215997627831823,-1.3242430255407875,-1.3755872252504602,-1.4105312720028813,-1.5299614129650454,-1.5928431641365686,-1.6628750653747395,-1.779902844530922,-1.8453831436008974,-1.9245347968683624,-2.040559976236226,-2.108121449382062,-2.150601032438305,-2.231749199433445,-2.2872117523984863,-2.315169229160045,-2.40830206322566,-2.5148238312059834,-2.594243918772599,-2.6619084012727505,-2.7885070302462176,-2.8503161530117023,-2.877523058209539,-2.9445805108294243,-2.9715771308801147,-2.9940515486496118,-3.0223406445040215,-3.023723934826673,-2.963694618098937,-2.9071287559424195,-2.78492613532892,-2.4039948035150016,-2.2421691309372216,-1.8965730120134017,-2.682907038088343,2.439684449859881,1.1739389161275608,1.4381627946238067,1.9102226333180499,2.079993080492395,2.613466674647187,2.7004771721669005,2.7483869791840387,2.777827695489488,2.729740212170081,2.739914757226368,2.759238899170684,2.7355350582944213,2.779804502867752
-0.6524927050627152,-0.8808068792393702,-0.9549659687451851,-1.0535008691980945,-1.1997825461638612,-1.2430711084507193,-1.3044068437781688,-1.3936349257053573,-1.4369230198930756,-1.4866399965439463,-1.5981209027387568,-1.6431140498463757,-1.6985676092302873,-1.8169998256619053,-1.861974779744513,-1.9216300609753278,-1.997061032915097,-2.188418806111664,-2.2663376178490693,-2.356205727929141,-2.5343828594941398,-2.592591125712478,-2.6560529197539955,-2.7415400272793584,-2.780348948159808,-2.7844428890553803,-2.8003286025894396,-2.76395783701016,-2.683195348433958,-2.504801602363641,-2.392989831412106,-2.0459499463999644,-1.8091193611044234,-1.6926874267736187,-1.2358212189409057,-1.0364970710221657,-1.4151857668551135,2.343348941272267,1.8087197956440435,1.23495407090221,1.1800555202484746,1.5018347503723182,1.6599270953453547,1.9096582211578248,2.1648403230282036,2.2357474283352885,2.3113687551172184,2.378995522823677,2.411864086909542
0,0,0,0,0,0,-0.7934195639966346,-1.0767328894613388,-1.1610999279139826,-1.2050276209989634,-1.2856654765272817,-1.3235772854141736,-1.3936967649804628,-1.5310788921589507,-1.610395929585097,-1.7030998500335146,-1.7747274838713514,-1.883316246445872,-1.969981967708336,-2.027148738261312,-2.154387407881089,-2.16946889734117,-2.164439404849514,-2.2127510836477575,-2.249441849408436,-2.2645057145608085,-2.3452782080777386,-2.3537316069919836,-2.299779661070029,-2.267413328000429,-2.227920231350107,-2.0960928369298157,-1.9930839888932508,-1.8731050165587777,-1.532985401710184,-1.272181151025192,-1.0974304578769707,-1.742253589232161,-2.1612514296791265,0.20850686011078684,1.1278975606891495,1.1302389857063717,1.0331598946955896,1.2835829057079808,1.5527027850807802,1.7018906376056437,1.7966270030153546,1.9947759945837558,2.054485092871789
0,0,0,0,0,0,0,0,-0.7600780143702688,-0.8935381847925161,-1.0201568878347498,-1.0279498857722,-1.0969160121327632,-1.2353152442858646,-1.313110197832111,-1.4084375345246982,-1.4951252517550313,-1.6407450184965735,-1.7018451506152925,-1.771856415203673,-1.9039790299287946,-1.9594894576307322,-2.0223899305098905,-2.1436706923826097,-2.1996777401361567,-2.24758170060039,-2.2589501894602435,-2.2492966679937973,-2.215129911738596,-2.229738808139666,-2.186661604743833,-2.0891586198517693,-2.0202085978057553,-1.9467838798553065,-1.7236883137775112,-1.5650480968481093,-1.438102423302419,-1.0493579432509303,-0.8881464627490768,-0.924241108638128,-2.2718331285919313,-1.2908608116600955,1.0019653167838043,1.5099518668817762,0.8965982430135631,1.0718601014595681,1.2365499087990126,1.561134900658141,1.694862961016999
0,0,0,0,0,0,0,0,0,0,0,0,-0.17560120965973194,-0.25363065393571116,-0.5354272980130301,-0.7512942058987765,-0.900976270616535,-1.1536653215625572,-1.2644161267519636,-1.3572406836716302,-1.5192350890081594,-1.5842389368604226,-1.6237766952934756,-1.7068162991507476,-1.7545561321326522,-1.7900902152263058,-1.8635410750087136,-1.8714775021490297,-1.888983795348921,-1.898715318302072,-1.8772802753053077,-1.809960672542696,-1.7506484873341757,-1.7288222160386972,-1.5902725382578695,-1.4899244341254065,-1.3437282250992766,-1.1243964165846618,-0.9898162395429957,-0.8875227702801882,-0.617315830383284,-0.4575867321903226,-0.7070682866971177,-1.2549400422548003,1.6363783496937139,0.219732253644794,1.0383598525058662,0.6697949200011651,0.8125792696550633
0,0,0,0,0,0,0,0,0,0,0,0,0,0,-0.3048661759555667,-0.4176854964785953,-0.6863036328726579,-0.9160593132438962,-1.0054461149280838,-1.0950379014655502,-1.2230677231402867,-1.2826237084558523,-1.330505453250697,-1.4426972535577425,-1.5027263307776255,-1.5687908128658687,-1.6806614717541184,-1.713143099568903,-1.7260465769094928,-1.7332094740470934,-1.702134772796095,-1.5723714504183872,-1.4956353886596654,-1.4564007271952157,-1.3786944717421221,-1.324784187832726,-1.275152341165565,-1.1334912931903511,-1.0612590692547437,-0.984403389681537,-0.8357366059491252,-0.7025143932269934,-0.5720096918426092,-0.46117277470091644,-0.8380764513322024,-1.191676188207728,1.1162141924124467,0.37961080860546814,0.5583132997051816
0,0,0,0,0,-0.13986858721012238,0,0,0,-0.04536404780902066,0,0,0,0,0,0,0,0,0,0,-0.5423045641695876,-0.9468923643551479,-1.0694597535195811,-1.2365633756986103,-1.2804037565841322,-1.3240531209851156,-1.3954541225479384,-1.4383872412404304,-1.4863905069963952,-1.5180409143519387,-1.4958394313630499,-1.4502187456037594,-1.4543950269138082,-1.4293779719073987,-1.4277163682967582,-1.4208958253664634,-1.3905783526744377,-1.2285413123791453,-1.1488443904068788,-1.075149545243614,-0.9258157978857098,-0.852486116177452,-0.7620555372727716,-0.6584424910260599,-0.37347911972371334,-0.9387747695683659,-1.5694771189239727,0.9731630580010994,0.44124357706142253
0,0,0,0,0,0,0,0,0,0,0,0,0,0,0,0,4.972378393828342e+37,-0.10791165015252989,-0.10827478828933788,0.18187670170721432,0.12796968000533315,-0.2224447691789273,-0.3032233480134922,-0.5672544357027808,-0.7489717548144242,-0.9956030329069107,-1.240348617785285,-1.3526850057554465,-1.4823606569572252,-1.5602770325763171,-1.5731079271145398,-1.5191544648078372,-1.4605476277706517,-1.396643408935521,-1.2748278961684616,-1.2406135465286512,-1.1725188755836469,-1.0539812622066376,-1.0074193488086602,-0.9839992332498348,-0.9131711232009095,-0.858574305873282,-0.7708175955778407,-0.6817150017761079,-0.4770448745905078,-0.3354904553438475,-0.5848026595174848,0.325139856018471,1.1239441580568943
0,0,0,0,0,0,0,0,0,0,0,0,0,0,0,0,0,0,0,0,0,0.07187080529816045,-0.09065428830633125,-0.3785575397598554,-0.5504085690641485,-0.7959160366096716,-1.0248553164159249,-1.1809041023482767,-1.4236131630743027,-1.442464557921479,-1.467749064194422,-1.4437552268135259,-1.440415324991965,-1.4057734525128613,-1.3265918891422066,-1.2548337385966863,-1.181721929252568,-1.1392023286936668,-1.064481422342426,-1.0304651030993934,-0.9183464222670457,-0.826778719087009,-0.7380561636153928,-0.6697189731357963,-0.48205813139994946,-0.38303163851300975,-0.78440296354331,0.5571972179834743,0.89895936800213
0,0,0,0,0,0,0,0,0,0,0,0.0801945527817818,-0.08054275069903263,-0.09058864593508516,-0.13528891099555912,-0.1762647131859303,-0.23884341442022328,-0.337922053140228,-0.4833538585164864,-0.4184589091031096,-0.47193385114128145,-0.6582153390454089,-0.7462359776315061,-0.9188998028591107,-0.33979871233823944,-0.6244000424514012,-1.1250526849899074,-1.2792259644861566,-1.4240015544025337,-1.4749306842981458,-1.5589730102746344,-1.5683543791305106,-1.5063476878404491,-1.4505546514388152,-1.3259596476855526,-1.2722506495220254,-1.2172452498243678,-1.0722219156397275,-0.9743108416117786,-0.9148977677569362,-0.8888637062962271,-0.8681673457152431,-0.824572135927963,-0.7785882794417212,-0.5998697998412644,-0.4944026244777814,-0.4397504185726348,0.9827607790456393,1.0683993243850929
