jsons/1312790400.json
{"header": {"parameterUnit": "m", "parameterNumber": 2, "dx": 0.1, "dy": 0.5, "parameterNumberName": "Eastward wave", "la1": 40.97354507446295, "la2": 16.46031188964855, "parameterCategory": 2, "lo2": 133.9931640625001, "nx": 191, "ny": 50, "refTime": "2011-08-05 8:00:00", "lo1": 114.97908020019554}, "data":
[rows 0 to 21 of 50, columns 98 to 146 of 191]
0,0,0,0,0,0,0,0,0,0,0,0,0,0,0,0,0,0,0,0,0,0,0,0,0,0,0,0,0,0,0,0,0,0,0,0,0,0,0,0,0,0,0,0,0,0,0,0,0
0,0,0,0,0,0,0,0,0,0,0,0,0,0,0,0,0,0,0,0,0,0,0,0,0,0,0,0,0,0,0,0,0,0,0,0,0,0,0,0,0,0,0,0,0,0,0,0,0
0,0,0,0,0,0,0,0,0,0,0,0,0,0,0,0,0,0,0,0,0,0,0,0,0,0,0,0,0,0,0,0,0,0,0,0,0,0,0,0,0,0,0,0,0,0,0,0,0
1.622239601844146,1.6133158697097414,1.649520834649359,1.2924653379412931,1.494047131042154,1.471896769255785,0.4391041481714008,0,0,0,0,0,0,0,0,0,0,0,0,0,0,0,0,0,0,0,0,0,0,0,0,0,0,0,0,0,0,0,0,0,0,0,0,0,0,0,0,0,0
2.994847890497055,2.7816994161725614,2.3494090576630478,1.9940419362744262,1.394962701173166,0,0,0,0,0,0,0,0,0,0,0,0,0,0,0,0,0,0,0,0,0,0,0,0,0,0,0,0,0,0,0,0,0,0,0,0,0,0,0,0,0,0,0,0
3.6455125909303794,2.8155058990949664,0,0,0,0,0,0,0,0,0,0,0,0,0,0,0,0,0,0,0,0,0,0,0,0,0,0,0,0,0,0,0,0,0,0,0,0,0,0,0,0,0,0,0,0,0,0,0
4.736302924841588,4.366832427042428,4.08716597964404,3.363601156093862,3.1876779952948047,0,0,0,0,0,2.2784901536568216,0,0,0,0,0,0,0,0,0,0,0,0,0,0,0,0,0,0,0,0,0,0,0,0,0,0,0,0,0,0,0,0,0,0,0,0,0,0
4.986478859723417,4.938181484001915,4.959057562362941,4.717907773885548,4.536421295151519,4.313284917506085,4.025693937864412,3.9072324933804623,3.790576145493269,3.496901036524953,3.355748005668641,3.2876687442399355,3.1092968261305236,3.0532845407693507,2.9341505599839075,2.9519899984325106,2.887321263078824,2.8005491416021866,2.4999584942761808,0,0,0,0,0,0,0,0,0,0,0,0,0,0,0,0,0,0,0,0,0,0,0,0,0,0,0,0,0,0
4.180758977012229,4.145341350328216,4.123632737333909,4.036489114594909,3.9467701610420267,3.8983104787979097,3.697860440815676,3.6042020671660877,3.444840206831881,3.2903756828831328,3.1494516935573045,3.067318202466002,2.9453805428651485,2.912923289688462,2.708301045946282,2.6216193808288537,2.3315933496442227,-1.867591464968025,-0.8272405260275728,-0.778190909111291,0.6898103761268498,0,0,0,0,0,0,0,0,0,0,0,0,0,0,0,0,0,0,0,0,0,0,0,0,0,0,0,0
3.3426897238662345,3.307409767437953,3.2913678679412275,3.237045207404407,3.206054170323448,3.1245131611515267,2.987627136830484,2.9352261074434884,2.870545593788874,2.759530862491104,2.6484753004622013,2.580877064060058,2.3061868875407523,2.1572135906826984,2.0936873287639215,1.9648503595270546,1.894518046021765,1.7762442234032292,0,0,0,0,0,0,0,0,0,0,0,0,0,0,0,0,0,0,0,0,0,0,0,0,0,0,0,0,0,0,0
2.777953511409706,2.7454117014037345,2.712617091145523,2.662416753802534,2.638180508737925,2.584142544430676,2.503682072060657,2.4226419259711975,2.3794752500499152,2.2542962402613096,2.183888302264702,2.0895535159136216,1.9315450001196126,1.8460391917244816,1.7152241105409491,1.561428757608889,1.479848555272861,1.4636091178331616,1.1393429975162754,0.5734728205586844,0,0,0,0,0,0,0,0,0,0,0,0,0,0,0,0,0,0,0,0,0,0,0,0,0,0,0,0,0
2.3532632230651953,2.3197128248925667,2.3141901357144232,2.2899481397619015,2.2506035264151785,2.2428203635982062,2.141269722514614,2.0871713318114256,2.012907363415932,1.8406853007920354,1.7669873772857878,1.6761056196341877,1.5660687548183376,1.5098402591233815,1.5044788612178475,1.3614896664259972,1.3479918509636928,-1.562299902350301,0,0,0,0,0,0,0,0,0,0,0,0,0,0,0,0,0,0,0,0,0,0,0,0,0,0,0,0,0,0,0
1.8716334095903928,1.8546172338295803,1.8543898759324657,1.8235328904568557,1.813574426967066,1.7894923172462291,1.7438037369872008,1.7112623556639595,1.6586263769086995,1.5587181612933667,1.4873661316638374,1.4872096003641144,1.469646283314006,1.459807377689498,1.3172244758268246,1.1389888446006684,1.1234522587137716,0.986507161147171,0,0,0,0,0,0,0,0,0,0,0,0,0,0,0,0,0,0,0,0,0,0,0,0,0,0,0,0,0,0,0
1.5792220134202037,1.6374298254212696,1.6362138168949956,1.6707278374307246,1.7378848433672434,1.7249123004705929,1.7057124898821312,1.6841857156686517,1.6800094793241906,1.6617739404334184,1.6165650844888182,1.6016952055353364,1.5727446377038636,1.5697741706018742,1.5148302285477295,1.4287478349722793,1.435843451883533,1.4309139260759558,1.483827305773026,1.5451521813828684,1.4264564093502383,1.4685904073934928,1.488447606393534,1.5002517341404062,1.4802871564536908,1.5022391499124015,1.520082580753398,1.4461517019195393,1.4844300276134046,1.5117792511943906,1.5030521728643371,1.5352747908200217,1.545821113335162,1.5836610529798731,1.5987732343367345,1.6128816667289667,1.5752233859753326,1.559566818967724,1.5495425873722226,1.5042187694929678,0,0,0,0,0,0,0,0,0
1.2896260939990085,1.4007183501451994,1.4231244422553677,1.4541653383410633,1.513235827984571,1.5375524305859842,1.5529157435774625,1.5823820788539005,1.5758898837603486,1.5739489982938992,1.5739646385274988,1.5576912907950793,1.5180386832483073,1.5193753276094664,1.455849389634929,1.4393964051589265,1.4348829715000477,1.407995897534263,1.409802002914034,1.4158842610558895,1.5132476662493517,1.529570303379747,1.529928281492348,1.5798082653303016,1.5992873011022528,1.5889906991669267,1.5902721549139507,1.5878943578591964,1.6018171931781129,1.601745058107956,1.5951904035182316,1.5958000937795025,1.5931521751501598,1.5875007374094066,1.577468750995182,1.5727407640960367,1.5494670336932563,1.5481592871701928,1.5356290678742976,1.518186255201763,1.513454131977135,1.4940236995550369,1.4562531904543985,1.443829321614066,1.3968750426842331,1.2852034797112586,1.2362634381232493,1.22941102850756,0
0.8983932023333601,1.1095629285302802,1.1455059098486535,1.2140362672635012,1.3307214335228763,1.356602836582404,1.350435229525395,1.376975048679382,1.3693725081569041,1.3567338112358123,1.3621555348725227,1.3550934634570944,1.3016327592519845,1.1757173156581378,0.8327595150750972,1.293215123632506,-0.36304319518787526,-0.5974528017223979,-0.2647229084054034,0.003676161052054812,0.7687008765557168,0.8084341225160623,1.2932364318208174,1.4522396230728802,1.4927580407230827,1.5341321029934727,1.5345179166967837,1.528074670095332,1.5309962001131034,1.5228896691919913,1.5210553303362184,1.5040620010376442,1.48355297554922,1.4821726997382296,1.4939575033666408,1.4763135195678943,1.4505061165970687,1.4608019802419319,1.467516623791162,1.4494979386767093,1.4263091868923328,1.422942524681248,1.385497389925931,1.3752128514256887,1.316654875922766,1.2509549854737616,1.197906742763793,1.0883715407152468,1.043061795225962
0.39142785299214944,0.6063093628887303,0.6974492817803329,0.7628174134926221,0.9146829770192816,0.9724199478547243,1.0424491552047956,1.1539761754621636,1.181782778607311,1.2176704554816995,1.3395304596420363,1.37600082142869,1.4008707087696195,1.419583287342578,1.4599623268798343,1.469856434055941,1.4948970455872703,1.5264455183264884,1.5250714474960916,1.5196764308673578,1.5056887039072988,1.478837241652369,1.4760040785054378,1.4657716483267367,1.464787048506195,1.4288569067626093,1.4259250318680943,1.4120161417918833,1.4128494021441749,1.410490691992254,1.404993344635276,1.4098423107339522,1.4068178260337276,1.4079021884589127,1.403131807444789,1.4022170745378328,1.3950610274165325,1.3926682470418659,1.379369277316919,1.3624447992398383,1.3597804194397827,1.367381331493887,1.3351893966274568,1.3166595924805118,1.2963638755490683,1.2519687571531446,1.2206634194740702,1.2501728175683935,1.1892549451095107
0.3043955347990649,0.45751534582929815,0.5242045187129948,0.5879810417912948,0.7076124067111196,0.7365769435149134,0.83181098023247,0.9467731027251485,0.9884722692461081,1.0499098220272292,1.1260603556450903,1.145149288511529,1.177897423879387,1.1891004861421217,1.2505381623854497,1.2556777653048095,1.2849684921619795,1.3176203791474101,1.3245983752496657,1.3398152586766796,1.3581863094708204,1.3581434349504997,1.353935260279228,1.3509688173483507,1.3389475174763787,1.3329715656437653,1.3304236524263517,1.3276375527605022,1.3267462541184656,1.321839920221822,1.3226357784880294,1.3314094005661754,1.3325377355281158,1.3295506850241285,1.335081139788214,1.3343645641720503,1.3314271262817687,1.3268615812218598,1.32466048845852,1.3029887266689657,1.3017427445668046,1.298095486152117,1.297760323915973,1.293677396611888,1.2831274911581552,1.2466242026024053,1.2411460260260538,1.234860473542778,1.213177962588494
0.7540289883708923,0.42999648410483743,0.49154937431915,0.60287693114786,0.7280324329343526,0.7908018167156472,0.850427072380147,0.9103365188540837,0.949642187619239,0.9678454317072804,1.0258214830861543,1.0480794505332411,1.0827987094361056,1.098239546469445,1.1533654206366513,1.164511738019516,1.1900699767076057,1.222403154691575,1.2481919995655193,1.2602372879146366,1.2728034491985514,1.291502195194727,1.2928967430354232,1.3043272345172,1.2972191130660438,1.2868202335413115,1.2863009672138155,1.2843736914516743,1.293044922617315,1.3002607074014514,1.2955674179447771,1.2979762731801459,1.2985322525418963,1.306448974776367,1.3100984390283517,1.3057687780902665,1.2937182168846135,1.3082220118706807,1.2996721361092072,1.2790098460202637,1.2839328321810033,1.2803830344031941,1.2652928046271228,1.2523472517619805,1.2442052002458115,1.2114182503019515,1.1992076922779615,1.1946791777435803,1.171071573916061
0.3620232097823514,0.4686535173795156,0.6107621283891594,0.6903169441038681,0.7907996926978356,0.7939680782209817,0.8569944750099039,0.9420566550411723,0.9707867298147445,1.0167706525139404,1.0582325000912318,1.0777819294650115,1.0672057058853714,1.091747098568341,1.1201597785967825,1.1192061298681146,1.1478980977694009,1.1824789665126323,1.2164943555356278,1.242806785170364,1.2631502504094347,1.275063802572384,1.2695829729537744,1.2806393758935193,1.2723212336836207,1.2810715936120165,1.2841787550343189,1.2875567330655149,1.2886513015817436,1.2896067462735263,1.2867316912854696,1.2793389075744523,1.2670883252500103,1.2806556655902082,1.2943630172921774,1.2909467312291933,1.2886778670946024,1.3008941771582483,1.3014783833771661,1.2976804614745139,1.3035111561751647,1.3103938394694472,1.2891255901508882,1.2778523190534714,1.2618182457297928,1.228803281597926,1.220036016298744,1.2124862655125352,1.2117621548203201
0.4332217044334005,0.6214447039165352,0.7546885262901705,0.8659998616418074,0.9615988628125313,1.036423596758758,1.0665664769780332,1.1122037323881757,1.1282785577893233,1.1326723881315373,1.1443447855480542,1.1461015075871106,1.1553183837528314,1.158470482503579,1.17765886665519,1.186090727531049,1.1930640199061562,1.2105233915860012,1.222303691589702,1.2251949401361315,1.2337744913406907,1.2348665691652236,1.23821455740708,1.2528249381488565,1.259412988672089,1.2724881258051466,1.2835278133148513,1.2913656251244925,1.3033712317719583,1.3048611553824159,1.3044090802971557,1.307815016448805,1.3076996018141942,1.2965281031231124,1.291492939763489,1.2798221364525555,1.287181860224679,1.2877419573089424,1.2893374418387369,1.289192579469076,1.274363548769005,1.2707190682870164,1.2710135898846906,1.2670793365871802,1.254434219310654,1.2414597109252197,1.2329005487763576,1.225995726192288,1.2136223827866293
0.5084603430085257,0.8605095895284967,0.9346834029612311,0.9976801190816421,1.0211059828137408,1.057048372464753,1.0816939515161317,1.1277689044447483,1.1308509667143989,1.1418964654256956,1.1356167668848063,1.133968178986987,1.1513591751019596,1.1663645190336362,1.1841399275795224,1.1896456509231268,1.184150316608215,1.1903253756085819,1.215211447749907,1.224273432289646,1.2232093853031591,1.2284465269880402,1.2355907121776086,1.247770249687724,1.2430698185596176,1.2548542112100787,1.2550505583670388,1.2528453139049074,1.268114201790318,1.277801540834156,1.2800457094092303,1.2808468455116093,1.2774314263853264,1.2739391325054776,1.2799656963870063,1.2783383952158784,1.267715549577742,1.2731777757057674,1.272862096416941,1.2738421855490452,1.2610404043245655,1.2639740326599422,1.2579552891175616,1.2638375019165076,1.2800545910216905,1.2620850360431968,1.264810934343317,1.259513088298908,1.259895921830261
