jsons/1312891200.json
{"header": {"parameterUnit": "m", "parameterNumber": 2, "dx": 0.1, "dy": 0.5, "parameterNumberName": "Eastward wave", "la1": 40.97354507446295, "la2": 16.46031188964855, "parameterCategory": 2, "lo2": 133.9931640625001, "nx": 191, "ny": 50, "refTime": "2011-08-05 8:00:00", "lo1": 114.97908020019554}, "data":
[rows 0 to 21 of 50, columns 49 to 97 of 191]
0,0,0,0,0,0,0,0,0,0,0,0,0,0,0,0,0,0,0,0,0,0,0,0,0,0,0,0,0,0,0,0,0,0,0,0,0,0,0,0,0,0,0,0,0,0,0,0,0
0,0,0,0,0,0,0,0,-0.03939802176914546,-0.06354672760397859,-0.05490089501890832,-0.05914130335228838,-0.05530473982943692,-0.05899459567460084,-0.037555167404472664,-0.03229988220520536,-0.04439938525927908,-0.05210176527529093,-0.0508252412278869,-0.05372098960875287,-0.05279018779835001,-0.04550474049115067,-0.062162034029795386,-0.031457883239694444,0,0,0,0,0,0,0,0,0,0,0,0,0,0,0,0,0,0,0,0,0,0,0,0,0
-0.14841707402206558,0.09689407204756054,0.09883619600089154,0.04296000125473272,0.012266553575763901,-0.13474711255469557,-0.1496343894990532,-0.12016215755239563,-0.12254978169373773,-0.09148898360341273,-0.07495194597928143,-0.07927384900969534,-0.07692641180968154,-0.07445851761995717,-0.07107553094984771,-0.07243614759145599,-0.0743502913986373,-0.07660378346250496,-0.08941662394234859,-0.11142049860801391,0,0,0,0,0,0,0,0,0,0,0,0,0,0,0,0,0,0,0,0,0,0,0,0,0,0,0,0,0
0.03351372463792501,0.018643625126949163,-0.044266435254834445,-0.07368456244487881,-0.1461300900315389,-0.21080413757845115,-0.08209463366114601,-0.15014339187735234,-0.13546384383900476,-0.09799816340775604,-0.06263627245568865,-0.05841025014135559,-0.08063636208966289,-0.08565108600920732,-0.08257429361692362,0.14455706225077283,0.03341224853157716,0.15143786132779286,0,0,0,0,0,0,0,0,-1.5883052138125331e+38,0.09011158240030334,0.06382084479125776,0.03138226565985113,0.050609471296600976,0.039480318912592065,0.028451098577115544,0.011998734824732403,0.0035870893118198728,0.009783618818347535,0.015568568686289608,0.0156436051067939,0.07812769040166823,0.16375673696702195,0.29047492804202313,0.3250755270921501,0.3154336122531953,0.31612013584611304,0.32829360727722223,0.323632827769145,0.3204488497624642,0.31910375423652265,0.30238758184242615
-0.05658064537811092,-0.06363994183793549,-0.04410772876290907,-0.044028465927616604,-0.03280147438748739,0.03614374024450994,0.14512311881498954,0.24900133774574532,0.303444532029059,0.4113028498135476,0.3462166985826025,0.10050421120037184,-0.22466482011970576,-0.2663856278224586,-0.21142230963892952,-0.26085093456162195,-0.28602796714899104,-0.15842935319493825,0.11091108922145006,0.20570767776104265,-0.41327208577119173,-0.01283651385450925,-0.053160277975620236,-0.11094135743566941,-0.1980223143134042,-0.24243587764696972,-0.2687059636775717,-0.2909909952114005,-0.3066894873615079,-0.31747596489633517,-0.330115044663559,-0.3630386910360337,-0.36348583300109966,-0.3569647532746433,-0.33864569453746574,-0.3082162311100954,-0.26356745313369195,-0.13100956563287827,-0.07554494066929857,0.07803611351205698,0.2946049521328004,0.3776454205556058,0.39391024517574025,0.40371029502979416,0.4158536553840603,0.4094782901294969,0.4070285060005924,0.38948000009954825,0.3506389784162503
-0.2903519789830717,-0.3032636617416562,-0.30647937039454093,-0.297922416319293,-0.32022182331072174,-0.32131387292160013,-0.32518965726726745,-0.3344334811846009,-0.3631941786343193,-0.34799227459553217,-0.3512182198783797,-0.35633451243000647,-0.37311044017200257,-0.3740963814294656,-0.3923792444815915,-0.39974377982512765,-0.416821718048037,-0.4362041069154231,-0.48605749406553517,-0.47227542282304763,-0.47421463953956494,-0.5235058763960582,-0.5299493951569335,-0.5308340236502352,-0.5279475332962411,-0.5317793847218508,-0.5149556625344303,-0.5143322009292188,-0.5199691036825579,-0.5154272216845187,-0.519386636298781,-0.514369299951069,-0.5058391806204589,-0.4885777074843926,-0.4688010517886614,-0.44418249964549894,-0.4219674712972873,-0.17640152844824983,-0.018934038418119154,0.21729979128043767,0.444808158192901,0.4781757461965928,0.48671879500578547,0.4920255628708089,0.49254323892129287,0.4812704326987073,0.4694476119121735,0.4563524255081757,0.398604270370901
-0.4370361473115151,-0.4546929016208498,-0.4750640949692242,-0.4860480498839257,-0.5084908985436635,-0.5097038796256946,-0.5110003233137148,-0.5237281017437313,-0.5264133409079909,-0.5275307516220595,-0.5327533932637171,-0.5338563156988096,-0.5348155226648064,-0.5425152059777306,-0.5527438677066073,-0.5684203811035335,-0.5731771883509195,-0.5806855066839607,-0.5984659143903839,-0.5991886257325214,-0.5948397455570169,-0.598566407070055,-0.5935139451769763,-0.5870934613837114,-0.5866623147242622,-0.5852090352018116,-0.5775936861408177,-0.581744097627441,-0.58526892596152,-0.5787079702765417,-0.5758618140193585,-0.5723442313509203,-0.5653729661196688,-0.5606384912936306,-0.5412954693345763,-0.529084393709518,-0.5079746914379818,-0.32712909639365156,0.4037148109388869,0.5303528818593131,0.4994327208547984,0.5038897522038621,0.5094141736589443,0.5115640435209307,0.5077301195944742,0.5117524788307285,0.5086587469342451,0.5110593950671616,0.4816446605312216
-0.3879421095567496,-0.3560362498763833,3.344266955453895e+38,0,0,0,0,0,0,0,0,0,0,0,0,0,0,-0.5128317772351906,-0.5184842298174727,-0.5135412566153043,3.3911997283251944e+38,0,0,0,-0.5138748416135783,-0.5382185443955622,-0.5338126789989123,-0.549701954196393,-0.5777621826979319,-0.5954367546900409,-0.6032817826050508,-0.5938227772353731,-0.5728408069086379,-0.5554106303370131,-0.5014505275567795,-0.45049209509088123,-0.4615916321412393,-0.5317369525444985,0.5043067246924613,0.5082369915659839,0.45082970982327486,0.49494162157917965,0.5096864291019237,0.5218612314162692,0.535969365137145,0.5364067675125653,0.5393637885725758,0.5474648938482927,0.5492244307485926
0,0,0,0,0,0,0,0,0,0,0,0,0,0,0,0,0,0,0,0,0,0,-3.3994351064386976e+38,-3.393470226536168e+38,0,0,0,-0.27251161927764006,-0.4560923455983567,-0.5395955812193383,-0.5772197164970989,-0.5724148690539934,-0.5595481680553532,-0.5307882382862619,-0.39717480161802243,-0.32376651234030357,-0.350149357408404,-0.28581817569287093,-0.030422342274442606,0.5444831567196823,0.3828790556926491,0.42564915460821523,0.46141567701483516,0.47424885338319295,0.49714981678040004,0.5110783364974323,0.5180262211851638,0.5313433237635246,0.5198782320477058
0,0,0,0,0,0,0,0,0,-0.1772990717144207,0.174383517469145,0.19263890631038166,0.19503332919616156,0.21198805772261467,0.22824449841885208,0.20446033697366012,0.13493110677095196,-0.028665674067818177,-0.09234686307527383,-0.1415224259220114,-0.30722850174278993,-0.3579316039512605,-0.378523097430194,-0.4264815230626926,-0.4532976360580466,-0.49273112967432037,-0.5390090787398641,-0.5545611285880738,-0.5666266363015848,-0.5781522370304584,-0.5821063355426842,-0.5494091259534397,-0.5113755888789505,-0.4747751040689747,-0.5474528119428684,-0.5019906278999111,-0.5350703510518536,0.37831351012766506,0.39372894976519085,0.3878581936168363,0.4753093967981891,0.4986229395655733,0.5173881965034236,0.5496475332831812,0.5261888010189386,0.5278184088331918,0.5280712376551596,0.5368776943972366,0.5266840186689168
0,0,0,0.13226390376987054,0.1403968976515003,0.13521977743754396,0.11124991540913953,0.1088863255139997,0.06275162447216388,0.017465078395996807,-0.05541964024356554,-0.15452618567153914,-0.2221374622716217,-0.2666180757464613,-0.3430269576482335,-0.3779538768333011,-0.4273751873999212,-0.45959554489017845,-0.4866786155436166,-0.49843478534620816,-0.5122648070765071,-0.5280600767000831,-0.5386243326751462,-0.5588649410891006,-0.5675512871577609,-0.5709870020192577,-0.5779837944050981,-0.5770780673482969,-0.540391614342757,-0.5360627983726097,-0.5232242808124586,-0.44946121318098675,-0.3663362964949488,-0.3312155491648815,-0.266540707713545,-0.5212815698836232,0.5021974128741998,0.39952936433435937,0.2869371289828092,0.3632682376834267,0.4269095624367358,0.45479505727796904,0.475069389788196,0.5007259139191612,0.514093634040057,0.52089856956454,0.5210328624157122,0.5161932196569678,0.5146814494946479
-0.04020743560387975,-0.05723483589384175,-0.1162617118380895,-0.15103645008852018,-0.1724900096703034,-0.2096911830803972,-0.2386313619286078,-0.2643205104205818,-0.29767953914272377,-0.3599289566743566,-0.39244849131245674,-0.4235306004167103,-0.4498511147790475,-0.4715352333622217,-0.48685543479630194,-0.5095671774733919,-0.5192961194983988,-0.5310724202772127,-0.5459287984828446,-0.556674537068256,-0.576726448140218,-0.5795189526039206,-0.5859741351694735,-0.5874837623661208,-0.5881498473467124,-0.5752039670897879,-0.5668502238882954,-0.5472266285980752,-0.4561153134351113,-0.43106680214828175,-0.3919378958355213,-0.35101290891703296,-0.3124537527287681,-0.258472394252669,-0.42227013478017217,-0.4866772680757591,-0.536585889530646,0.4365627278180242,0.3169839633929135,0.35088043023277127,0.4717012050880998,0.49734222717397153,0.5151966026419897,0.5297666456658339,0.5469815563087417,0.5470074445232125,0.5428131749917967,0.5318616443134403,0.5308548591188774
-0.26822535682612825,-0.28273525841536423,-0.31932358284570567,-0.3411113595779484,-0.35856770577420066,-0.3880871273047911,-0.40508625129287745,-0.42322196499618364,-0.4350035682934007,-0.4499705429321543,-0.4670494559150171,-0.4803494174890405,-0.4981680681067005,-0.5108629551892587,-0.5163151942806158,-0.5221212918893218,-0.5371105722201832,-0.5513969483232064,-0.5652358879090357,-0.5734846500400785,-0.5864414119690964,-0.5831151538735732,-0.5825285926940618,-0.5801374443821649,-0.5636932717301391,-0.535929787486381,-0.5295201381407376,-0.5214946062566863,-0.4621890851935413,-0.4330722759999191,-0.41861158877433746,-0.3176250198754128,-0.28949663135418197,-0.31593049757259534,-0.5978595811896031,0.6092979289002833,0.17386693731145147,0.1839985957358234,0.27727731036537256,0.31517646165839863,0.41969127031122383,0.4637864968065629,0.48624235176082,0.4985258591293283,0.5275065389690141,0.5508974051311897,0.5499110808392262,0.5437764085131308,0.5489691195844788
-0.2929101518942417,-0.2992814999175147,-0.3018874221659366,-0.3247453303646437,-0.35598996994057325,-0.3746187058690708,-0.38753448643245786,-0.39735705880331623,-0.405145150500502,-0.42024497321285786,-0.43602902978225777,-0.44410880945569664,-0.45762640281416667,-0.46987193611915046,-0.47667338348584215,-0.4894458617871931,-0.503776483627515,-0.5352713328501251,-0.5504481120313758,-0.5669594663533888,-0.585910725518002,-0.5955036438298722,-0.5943815756887325,-0.5955481996344371,-0.5909461019291745,-0.5683076617070913,-0.5565375273950707,-0.5227804269970301,-0.5040747380770674,-0.47426168666084684,-0.4574881309282132,-0.41354486487560854,-0.37510838051995626,-0.34159370670524297,-0.3188914441798086,-0.37656883388110235,0.6129311900122795,0.18058661479156776,0.11224069908491967,0.1913643774288984,0.3311692939587805,0.40808516075499135,0.44875893795777216,0.4669262533123904,0.5126667970530623,0.5362287433251589,0.5490852711275875,0.5544556594659229,0.5561422409640533
0,0,0,0,0,0,-0.28132629197281184,-0.33492402605176763,-0.3604682027639477,-0.3859628393422625,-0.400576067372017,-0.4116530014988438,-0.42470926733789816,-0.43957608217876715,-0.4507579944632723,-0.4753301632116674,-0.48977899908087796,-0.5024886522625934,-0.5190167278081224,-0.5330666496249288,-0.5565971312755573,-0.5662018791365961,-0.5690622653744084,-0.5754238155012826,-0.5755529299633584,-0.5696160206371615,-0.5756800549123917,-0.5661598278743111,-0.5560455674558086,-0.5505323850695787,-0.5432468941465232,-0.5002612271052804,-0.4764882432514225,-0.4409658588282152,-0.3679925470524373,-0.33848978903452553,-0.3964792279899998,-0.23017363635673851,0.2384664800554116,0.11498427346967502,0.29036557617258324,0.3765814876206224,0.41697334887427595,0.4826694807883396,0.5731064037983874,0.5623593170596777,0.5705606727421135,0.597055611174451,0.6041399876928414
0,0,0,0,0,0,0,0,-0.26546468895961894,-0.32682808809698966,-0.3675684203104084,-0.3721189410151171,-0.3648569258746829,-0.3735170771097975,-0.3783027936189263,-0.4005203792401427,-0.4257481098770047,-0.4568921282480081,-0.48139517043751323,-0.49737455528989055,-0.5142199739078909,-0.5308055438334256,-0.544073710431729,-0.5616116942120151,-0.5617283589624569,-0.5775053907058038,-0.5853073633360564,-0.5898769490111646,-0.5886020532450134,-0.5970137765442401,-0.5988811495624503,-0.5888093885219922,-0.5804209616382339,-0.5643268335862858,-0.4831959870872577,-0.4297430354367414,-0.3937304455688698,-0.23016164855521734,-0.37549838142398484,-0.6056214904193133,0.6301947005485686,0.37220759786442204,0.32404513129934603,0.3367257316866787,0.42356160563144385,0.4505807882102514,0.4761236363904258,0.5221133607046609,0.5349139995857799
0,0,0,0,0,0,0,0,0,0,0,0,-0.15058894496758163,-0.10762100573257859,-0.13995174796498205,-0.20955776681385585,-0.2567394387527756,-0.32663215248719246,-0.3750462853658539,-0.4010079459181779,-0.4320999338682047,-0.4531631275211647,-0.4580449262650285,-0.4695661837156167,-0.4782697552395212,-0.4953952632494555,-0.5194616845651983,-0.5381723580079124,-0.5619523850059118,-0.576021338495583,-0.5897861777847978,-0.6009300369450835,-0.6139246101805891,-0.6193712032558203,-0.6039307456785964,-0.5994148882835039,-0.5513896229928416,-0.38556467547241424,-0.3289770216233545,-0.2730005396429638,-0.5460196252152036,0.23650794966219532,0.5658195130628914,-0.5195689233213392,0.45702697424911914,0.2646227404619671,0.31541695527645797,0.40506902458211685,0.4359921413577457
0,0,0,0,0,0,0,0,0,0,0,0,0,0,-0.17308319832197644,-0.03206323008416489,-0.22320112152160507,-0.26716997780492785,-0.30129945379609624,-0.3195365932562603,-0.33689569326526436,-0.3509297783581841,-0.3558722185928708,-0.3728601002372583,-0.3870136640213378,-0.3899925858731239,-0.39840624007991343,-0.39401605425873787,-0.4084386748752134,-0.43805407738373153,-0.4529576047744603,-0.4554623619152517,-0.4750355443830116,-0.48305824049718477,-0.4885457300743209,-0.5053369588542,-0.5087092909934262,-0.46769158249657,-0.393895936260707,-0.33181398439470394,0.40871485511513356,0.4675238591177035,-0.6590456034885335,0.5641753186157001,0.6158602236350162,0.6096724502697254,0.6046342901474137,0.6196735011455397,0.6065946677579522
0,0,0,0,0,-0.0008280022103881422,0,0,0,0.004640131057723759,0,0,0,0,0,0,0,0,0,0,-0.16212197028064235,-0.2400273482659119,-0.2424605769948563,-0.2520375674902364,-0.24011566485277996,-0.22399832516850532,-0.22207907982208405,-0.2233236400334957,-0.23499687626209387,-0.2535840962564311,-0.2726313341693915,-0.29359817831427293,-0.3041567935836761,-0.3133872391803024,-0.26978745870577897,-0.2569739535233908,-0.22999347953776272,-0.16594978322880571,-0.16023412521407662,-0.09950161511719842,0.07883238020115987,0.2696356781153722,0.43937405534379276,0.5735735410680882,0.6732962974856843,0.6857773467078766,0.6937890644134557,0.6961953261689201,0.695837736239819
0,0,0,0,0,0,0,0,0,0,0,0,0,0,0,0,-1.802559192570219e+38,0.0018175971697390295,0.02484600355643877,0.03746637404023044,0.044062300679796676,-0.01677766975536204,-0.0650630315945337,-0.12935183739789544,-0.1577635653943448,-0.17568381159305224,-0.18530354107047955,-0.19405857035529717,-0.17107044939074062,-0.17291768414208908,-0.19197515294483375,-0.19773143922160766,-0.20382514950623815,-0.18998864128205956,-0.09968289449237237,-0.0515809173312061,-0.03643143971570695,0.053413351747363495,0.118594646679159,0.1717591714395272,0.30723857751096745,0.30561228960550874,0.40554053533649925,0.49637236512142213,0.62853111257395,0.6692247592964545,0.6855444515253754,0.6990132924891361,0.7042611204519996
0,0,0,0,0,0,0,0,0,0,0,0,0,0,0,0,0,0,0,0,0,0.03505487455876438,0.017392688795946187,-0.021217810262465872,-0.07700895033531517,-0.1471400950509886,-0.17915076417543913,-0.16134793514829424,-0.14054643027749678,-0.13472654002276505,-0.12603424717788464,-0.05857258300659541,-0.04728362287476787,-0.030261649448739297,0.0340374323551116,0.10056610896791544,0.1366089294557467,0.1894060939529897,0.23193804653023786,0.25796234204109225,0.3038457697067285,0.38227647642328094,0.4219493749818601,0.4764287912881815,0.541240767174384,0.5600782238580558,0.5646013852413859,0.6353358005795843,0.6391793365728041
0,0,0,0,0,0,0,0,0,0,0,-0.021128345047373587,-0.024721279864290464,-0.02640731266033308,-0.024445635297603786,-0.022348039702048798,-0.023099829248391417,-0.030083901154351785,-0.037199132579425545,-0.04280376945071244,-0.03691154955171164,-0.10532331458964309,-0.13925297414822782,-0.1785396459553308,-0.11366566832935608,-0.06703106997305992,-0.02499520889869824,-0.015096250173891294,0.054846709337421716,0.05115822777383128,0.027394346853182188,0.06507406196950537,0.06112138419782289,0.08743535456438489,0.1064640229311716,0.1657979257240559,0.20765259828037025,0.28306213667544916,0.35219323286633364,0.39397673867979877,0.3756642511673711,0.34613824886653494,0.40252370816507577,0.43832209056207844,0.48694506982693336,0.5170667896546055,0.5451723877584641,0.5974304700634664,0.6301579832907912
