jsons/1312801200.json
{"header": {"parameterUnit": "m", "parameterNumber": 3, "dx": 0.1, "dy": 0.5, "parameterNumberName": "Northward wave", "la1": 40.97354507446295, "la2": 16.46031188964855, "parameterCategory": 2, "lo2": 133.9931640625001, "nx": 191, "ny": 50, "refTime": "2011-08-05 8:00:00", "lo1": 114.97908020019554}, "data":
[rows 22 to 43 of 50, columns 50 to 99 of 191]
0,0,0,0,0,0,0,0,0,0,0,0,0,0,0,0,0,0,0.0659203350840521,0.04278935572511809,0.09141679767390772,-0.07946292123299208,0.09169385516965632,-0.6104191415683484,-0.8731596677009871,-1.031858718884992,-0.9073399720013493,-0.5068637375820514,-0.2294186391328258,-0.021893815160774814,0.27275798811149105,0.43757667940631484,0.5305792858201972,0.63438039206799,0.6714181794940746,0.7468684982656327,0.8393092055759382,0.8612408766992217,0.8559153737405439,0.8684816736081676,0.8725095400876622,0.8934198373218587,0.8997782388697597,0.970457869327629,0.9869910669839861,0.9921826457189281,0.7393675590366379,-0.18974334937929624,0.7032073501149704,0.8931054748517062
0,0,0,0,0,0,0,0,0,0,0,0,0,0,0,-0.0001158962553919224,0,0,0,0,-0.3050613254312701,-0.5886582837231332,-0.8165045657125214,-0.8825091526124337,-0.8945700808784957,-0.8743052445746069,-0.7081564187103513,-0.29312170514376124,-0.04129746457755607,0.1527732971163103,0.511885342777801,0.6719321555681762,0.7729494940971433,0.8621344347877271,0.8647534945951167,0.8658400930493872,0.876432352720547,0.8720367730260661,0.8728567268606361,0.9027648037062572,0.9220777762626761,0.9422641986266713,0.9515590566839567,0.9763589264313172,0.9995313036658238,0.9868214491578219,1.0484323679992054,-0.41227917633203437,1.0439718834033758,1.0272972757657786
0,0,0,0,0,0,0,0,0,0,0,0,0,0,0,0,0,0,-0.32463140490567644,-0.5368772912726445,-0.6543432954895121,-0.7688986469314257,-0.939964887707468,-0.9564667228115704,-0.7282630466862395,-0.5628913188678976,-0.3751452790873425,0.05387685661428661,0.28560946516795566,0.5066293733696303,0.8037488678437232,0.8284970805193919,0.8267076142815988,0.8328768675189804,0.8468812897648748,0.8723689801447853,0.9068587406124543,0.9241579148329963,0.9345645086275283,0.9538490476816207,0.9566364886968214,0.9794841882203691,0.9836192301361363,1.0010456392006355,1.0098624807846448,0.9805565291069595,-0.5665078066629206,1.0296617045218466,0.7177054100935168,1.0255499341350471
0,0,0,0,0,0,0,0,0,0,0,0,0,0,0,-8.1454825486999445e+37,0.06759718157102192,-0.4076638490455996,-0.594596009952807,-0.841705391375249,-0.9111411709078706,-0.926972258404358,-0.9313408509331802,-0.8086287767167964,-0.5034928319681079,-0.2815662445915786,-0.04973446034117879,0.43167938608579376,0.6031447590462587,0.7386328040001372,0.8726033838681897,0.8624378403873807,0.8913813265958072,0.922395502939895,0.9285347328429068,0.9231786665394945,0.9285234087564462,0.9335976618041719,0.9500964251991589,0.9583529455243567,0.9642082570794895,0.9695893742426076,0.9743197130577227,0.9877765267446701,0.999030131947925,1.006133292398334,0.5958002930281963,-0.7724500974720637,0.7634219874856072,0.900828206238896
0,0,0,0,0,0,0,0,-0.07902456684884307,-0.185815844639652,-0.24907524892183527,-0.29637373443571097,-0.401006317786577,-0.4553184620334343,-0.5525679779199879,-0.6420163739422657,-0.7884176929545701,-0.928617454225935,-0.9877140820235198,-1.0786187294934988,-0.9406163522563593,-0.8489700757884299,-0.6938724648905857,-0.5156668952765249,-0.17641143472347434,0.020023359691384742,0.21235513549950688,0.5315315089794995,0.6758663883315729,0.7615571460476003,0.902621578838994,0.9212866819567568,0.9251354350063454,0.9403399181656752,0.9589718393980778,0.9599651665399395,0.9664368893171179,0.963169781842859,0.9731258646221219,0.9771428099464301,0.9801003138465938,0.9791692910470359,0.9822315740556599,0.9841458452188336,0.9853793566827609,0.9156430608811986,-0.6500473768529846,0.12992877376360423,0.7077748751066915,0.9980556437231662
0,0,0,0,0,0,0,-0.3370778863177805,-0.4246205142703502,-0.5690614619242585,-0.6269124233762947,-0.7120709162292655,-0.8287621667907552,-0.8937000829909374,-0.9708472407277862,-0.9884707876173119,-1.0663507955805396,-0.9646750817437842,-0.9084047066451152,-0.847253125786171,-0.6213321538153618,-0.5082618206767249,-0.3943184951473598,-0.2886091459905076,-0.002387619176843105,0.16668129892242517,0.2975425832085272,0.5490245873184407,0.6689394342048113,0.7573456957469505,0.8572802513060422,0.8687675041726408,0.8960262435729582,0.9516124577120348,0.9672390645606678,0.9698306439204708,0.9784200169521837,0.9805149465472879,0.9829377599586865,0.9675998563484685,0.8998598481989266,0.27425952616902133,-0.5819527003061569,0.6112306110328681,0.8987339138248235,0.9073897176851861,0.8238971189176825,0.129930000149313,-0.7124778439602456,0.9853334991587053
0,0,0.09764152114690329,-0.4320589890304336,-0.5355342390234544,-0.5985218404167167,-0.7176859286987,-0.7721579668265725,-0.8499040262342235,-0.9238326097751101,-0.9806787576332037,-1.0099984616750994,-1.0710613360260908,-1.0742783233164377,-1.0189560665412927,-0.951388547009177,-0.9391975989955176,-0.7730243065500603,-0.7318494935051011,-0.6593654452860721,-0.5151934183316497,-0.3608611022478066,-0.26355865029219483,-0.15495877364156796,0.015732721176004303,0.1862572594335758,0.2359463166853795,0.582900881869921,0.6677197667931671,0.7401921509980796,0.8639306339797191,0.9077196269405811,0.9318102037150572,1.0115837410194115,1.0041010108830999,1.0001803713997195,0.999932272546831,0.997005990698165,0.9947420967012893,0.9991077595208524,0.9568823014169494,0.9272652359582887,-0.5809951172731523,0.12023883409611966,0.5687713431656529,0.8468312970680378,0.9608124162990841,0.9685497732908478,0.9688831961333966,0.963614476016386
-0.5635226883172327,-0.6284712101829963,-0.694962135107424,-0.7804909025140595,-0.8221926244435437,-0.8652478330802217,-0.9376948226349725,-0.9510622871670019,-0.9337222330510865,-0.9754872461497842,-0.9723962437272425,-0.9351939276514774,-0.955090903510833,-0.8961376598904379,-0.8027665564883996,-0.7453403939625819,-0.6962241451656916,-0.6032835813526009,-0.5464414523230352,-0.44591990795194586,-0.28903792513253374,-0.2166893745635039,-0.12757075765914716,-0.0723468753216954,0.08109571181411951,0.21988169271243074,0.3176543223083994,0.5241351889810856,0.5821712186623381,0.6968198373981364,0.8282730129843593,0.8624777483617772,0.8855547281788214,0.9595580857456738,1.0108736379578234,1.0111658634594423,1.0216718292864233,1.0158787151767896,1.0168025660362219,1.0093451777347107,1.010186691392543,0.9998522789150818,0.9681425185753498,0.21589870453154617,0.2060513990321931,0.3186226543750711,0.864221148053838,0.951304457109667,0.9657681882093998,0.9552620570777456
-0.7951308051908983,-0.8099867746943222,-0.8509524200596233,-0.8846912600355834,-0.87423842350807,-0.863633732779185,-0.8947812182445697,-0.890695183399529,-0.8345309368653028,-0.843889285130095,-0.8119654376721711,-0.7316030188572182,-0.6887942632036177,-0.6545454033333453,-0.5830025172322728,-0.5664345030289951,-0.483464220716783,-0.43358851254340836,-0.41400911174344696,-0.37534737151188097,-0.28454151855697435,-0.26235527424182664,-0.21896289824309045,-0.19183144602189572,0.013607376860108962,0.11731290189126242,0.21129508617105683,0.39008070569489145,0.43149352791774787,0.5278687036467145,0.6689423484275822,0.7169567984036537,0.795813771672322,0.8976541023175724,0.9438792072724248,0.9507351748422885,0.9891561744648945,1.007460751712232,1.0007031470745789,1.0034431194198512,1.0022989682756158,0.9907968770255908,0.9361489879094573,0.2715419113765133,-0.9974498585846442,-0.9889385425263916,0.23089739514263344,0.7649698365257277,0.9271581149607624,0.953735369997315
-0.7792631477152555,-0.7400605288683677,-0.7176149809665838,-0.7269213713866449,-0.6635430979693844,-0.6586567065345068,-0.657399801074204,-0.6130074988997399,-0.5309976936570632,-0.48211954647818284,-0.45970674231925407,-0.3968016016270938,-0.37842722358157044,-0.360673905582331,-0.38353107061650765,-0.39139125167423217,-0.42732527722941527,-0.4745441144535891,-0.4858665397137448,-0.5254947936756489,-0.46972391100426714,-0.4001536096271977,-0.3464859738044815,-0.27919544441281,-0.1251098094515552,-0.03894954623773635,0.04512407439379694,0.2137585755946481,0.2845052207935223,0.35269580150021446,0.46674187520039784,0.5056892546240449,0.575318082917211,0.7150727598277766,0.7836143366910892,0.8650527551793883,0.9634906870022374,0.9924352348413973,0.9878543117116895,1.0089065593706676,1.013656581868119,1.007320820892526,1.003536305785629,1.0015205596064725,0.973659561478392,0.968445085703441,0.05911986121418746,0.8606461361285846,0.8882186784220568,0.32665362784459556
-0.5783098673773596,-0.4999985774482984,-0.47457964899142097,-0.4498005163744366,-0.34345868776451066,-0.3049175484926538,-0.28170860809297077,-0.1698606210195971,-0.0059676109133391985,0.206829949035621,0.26709126572657355,0,0,0,0,0,0,0,0,0,-0.7723510799681919,-0.6752907699907758,-0.6148704138721388,-0.5286263515871286,-0.40859560517250954,-0.24613522308889674,-0.13448979216911272,0.03726265408151887,0.08008048710939132,0.139652983972143,0.2749293667925938,0.3675612235808938,0.44634346048215,0.6955792513513765,0.7537773552188233,0.8359578468533518,0.9013791171337376,0.9051936557278323,0.9065177234092702,0.9212448362245224,0.923456636422777,0.9029463432813597,0.8685300822433899,0.872688462128465,0.9093933360707558,0.9504981065346995,0.9824741468099603,0.988949066780983,0.9934866661821962,0.9427289704488124
-0.3041053925027299,-0.17548497434136243,-0.10979373010536976,-0.037582732370422665,0.20157957914150917,0.27049479074368205,0.40451278501435306,0,0,0,0,0,0,0,0,0,0,0,0,-1.0524302527754101,-0.8063973015590863,-0.7115213348690024,-0.6152184984070351,-0.5607213448327009,-0.3937218711838148,-0.3303446969764295,-0.26349498962089235,-0.08865838356854565,-0.0411460543777484,0.019060606148326976,0.17343108317622677,0.25168054999804385,0.37304754360368514,0.5727903503068362,0.6882754921265367,0.7493425128829834,0.8587410969994215,0.6728643650623588,0.5312245367243333,0.457155062081681,0.6041921728142375,0.20041270611772066,-0.2863459549475433,-0.6117057768047726,-0.596509133032901,-0.339715424354316,0.9950017151961187,1.0354389865918032,1.0529636062142695,1.0552886855641903
0.17186636382171783,0.4239224307687382,0.49361656526968806,0.48808790915833045,0,0,0,0,0,0,0,0,0,0,0,0,0,-0.8788836926909172,-0.8366398625339388,-0.8523253108264108,-0.661096447938617,-0.5901226257763563,-0.5160745122410265,-0.4414328635399957,-0.3225309405473379,-0.23614650183740218,-0.1703715202961057,-0.04252224918431915,0.035362344557918944,0.062470164880090905,0.1659655915766271,0.26905167966596694,0.36021232495020583,0.5691917193650647,0.6644648909224606,0.7596085225181727,1.0562321234292362,0.9087013704818553,0.6849993076909666,0.9929287900391311,0.8173197569219937,0.2336031726496732,-0.4086944494632844,0.506724141107409,0.7700764265320864,-0.49607666965360175,0.8662108972951247,0.9457899562213349,0.9713537668160599,1.0531008398569586
0.5551777256176834,0.6643258974950952,0,0,0,0,0,0,0,0,0,0,0,0,0,0,-0.9554128129245534,-0.7583031585352846,-0.6691379605689531,-0.6355816096023323,-0.4907942365673695,-0.4364483735330852,-0.3855205937798725,-0.2982168229376168,-0.15383448152372156,-0.08750797725301546,-0.031092335808614664,0.040949196870483456,0.07139116103990838,0.12589390129131833,0.27296817122039685,0.324781999874656,0.38532181701719154,0.5479877941895325,0.6102052981474465,0.6758080393822844,0.9315686039816989,0.9588257091375948,0.9964341669322109,1.0354540890185817,1.0223884011648168,1.028700086223121,1.027894243693819,1.0263298910116607,1.0101152797365711,0.9753417603839147,0.9272023229095935,0.9274981213316636,0.9040705551047958,0.9722508500301307
0.40559678998055954,0.04524765396775279,0,0,0,0,0,0,0,0,0,0,0,0,-0.7808435552433876,-0.7361595776168145,-0.7401478079364878,-0.5693844019974852,-0.5118487210349133,-0.4555805272365678,-0.31574379633099275,-0.2229977340770019,-0.17309913396164367,-0.1310558258730395,-0.04925699677660731,-0.0006309903785616628,0.03749621794363815,0.11828188808474002,0.1775768320500663,0.21028583872554646,0.31699577393777173,0.38228970976254295,0.4334922787873425,0.5353505182011628,0.6287832946996583,0.6529670931767353,0.7843881543079027,0.8202159631793124,0.8594025451362671,0.9322381946887803,0.9172252373697313,0.9097542360882964,0.9094655506604041,0.9121830683010518,0.9047258337717974,0.9060872955653168,0.895023307580664,0.898064134446721,0.8975771541576963,0.8905397013433316
0.526513298986829,0.5717355692886097,0.5150911470906787,0.02001144009857921,0.11469385848540438,0,0,0,0,0,0.18092493946985305,-0.7665550010026656,-0.8252125618709498,-0.7617687490170673,-0.6109505180435417,-0.5378709544906194,-0.471482284628322,-0.33309519991352865,-0.3062148484656459,-0.2565431497861736,-0.16949822747827045,-0.10976875915660533,-0.06467050623212203,-0.02213472515891412,0.08519738655690444,0.1285108276503747,0.15641151349591556,0.22129081179804097,0.2964798508003555,0.3418827102981998,0.39836403344986077,0.4527966160727161,0.5019622361433287,0.6796806474671993,0.6975262274177396,0.7236437726253794,0.7768553930604373,0.8074511141802528,0.800979336392555,0.8567031129098298,0.8691280688733293,0.8598943772625719,0.8690249420692538,0.8841010961166126,0.8865490575888529,0.8843744394592128,0.880857175971084,0.8874775696623122,0.9077845457053012,0.9312100318774946
0.4395284602080356,-0.13635144743159053,-0.11459873737533968,0.22739113746468329,0.37987370512611307,0.2926625539277461,0.23209114831805464,0.035900287050265774,0,-0.8130203305331197,-0.7479690006665254,-0.5714726001817682,-0.5244499945979295,-0.44891468585865885,-0.29772136149163747,-0.20155802708845294,-0.15546511154368595,-0.03153936261241296,0.027998872353744264,0.05040752485183526,0.11214189635445639,0.14987345220083587,0.17825028217653083,0.23063654869502517,0.3123727519354966,0.3385228668492838,0.37764682954466205,0.3986713611849953,0.3848821367198747,0.41858904198507235,0.5092900841552774,0.5450653379509173,0.5702407252470048,0.6187925574750202,0.6449767162047564,0.6760205885615982,0.7386433049640976,0.7708344892128827,0.7991960468215569,0.8493259211899813,0.8532501215669489,0.870495778556711,0.8822490266095484,0.9010328129199758,0.8976553935216238,0.9053481175705451,0.9673123973420196,0.9549989690903151,0.9372887948631241,0.9322491001497465
-0.3534275719298501,-0.4505563783866148,-0.48224220616840563,-0.5397794325969926,-0.4872612432955801,-0.4983539863530253,-0.4387783951027272,-0.36782557558685874,-0.28151446124731133,-0.2530157985980573,-0.19924402857305074,-0.08949579045592153,-0.09605200549258087,-0.08897028574900116,-0.010133916978941658,0.04624313890046202,0.07687640191415641,0.16270937651044606,0.19198425596459306,0.25132499718795714,0.33071826421996314,0.3848275105029975,0.4028891254783824,0.43023573370631324,0.48307795357516126,0.5422233332368017,0.548177465750875,0.6263672411325593,0.6090370023860852,0.6161056419049172,0.6317849818041906,0.6435398949959383,0.667164637436688,0.7141400780154868,0.7461464490685639,0.7606887766062786,0.8141427546347892,0.8355278033781578,0.8630637212397826,0.8954160352062223,0.8798702665932494,0.8647594619988044,0.8761060435482398,0.8943982069283402,0.8941878909416966,0.8921056582309098,0.9248062728312281,0.9296288110961511,0.9393381454096128,0.9474071551783083
-0.2766649944164809,-0.2811468509582607,-0.2665255291100898,-0.2609078217994714,-0.28192709828191626,-0.26602599331096094,-0.2578366731231252,-0.25683397462523366,-0.12407958297251288,-0.10498158028317785,-0.06156958545067386,0.012301311303746036,0.05112677416849158,0.08310667060592469,0.1700297549243991,0.18094367122654031,0.197444635645456,0.24799033568073528,0.2810852912873869,0.32014856272877307,0.3738120982302491,0.4301057172220079,0.46456156224788453,0.4822361359972637,0.5451374842136226,0.5518022458538597,0.5678749911396326,0.6332928887594977,0.6310446923562467,0.6745050499893136,0.7200261388196483,0.7282712968745093,0.7276564673647693,0.7290843452413547,0.7432542995997036,0.7508715857049971,0.781427619571184,0.7993734006997355,0.799911094087545,0.8467184491091997,0.8636721270538674,0.8608454060221856,0.8687597370162216,0.8820310287459245,0.8845373675569927,0.8844523480106978,0.9215367604130854,0.931348742607248,0.9476658418284936,0.9922817705347052
-0.2801274379640996,-0.2521015030537865,-0.23566370339238243,-0.2345065203612659,-0.17941666777319926,-0.17131801992793408,-0.14482583225967866,-0.10106505414241111,-0.06182889207530855,-0.01641066835928011,0.004100057547043423,0.06305553290744847,0.0731176127582381,0.1037478616636898,0.1476803377043993,0.16938930935240168,0.20851802873560735,0.2474568871615689,0.2759966574484973,0.3133254546340296,0.35259625562556374,0.39044355169057404,0.4499342769201403,0.46409541245167585,0.5384471333992229,0.555417372507504,0.5935168661951271,0.6603198672202325,0.6847144959911509,0.7323994188994674,0.7664200127730907,0.8181362258074469,0.8439096677725607,0.8042039533328454,0.8188420769966354,0.8516310790638558,0.8686378187522089,0.8566474089597972,0.8464464619694654,0.8359814857278993,0.8265530519571107,0.8469590947451963,0.8631283289272101,0.8775987176449809,0.8950573432434415,0.9061880966958108,0.9311908031271772,0.9304933140145417,0.9370083016294984,0.9928338377966882
-0.3488616689278419,-0.2926769867681528,-0.2697532668897641,-0.24961991312738857,-0.20366586184160854,-0.17295472576218274,-0.15961862200936777,-0.12948053828271436,-0.05847797226675256,-0.05541756772554092,-0.023539712150031145,0.03485265485316059,0.04636676014313955,0.0769457090076916,0.11707589333766504,0.13966346180212263,0.17153214662512054,0.21327507149084893,0.24016059688645666,0.2768666649906766,0.33182212457182747,0.3536208660155107,0.39901609586833586,0.4131330273829177,0.4545872618909445,0.47160995349929846,0.505076214161299,0.6129734670695518,0.6410744676990863,0.6725109770527897,0.726674667631798,0.7429546514535988,0.7581559082113445,0.7936182458818124,0.8253778613627949,0.836763194049877,0.8415973663450355,0.8591329277064172,0.9001763106792995,0.9151940797122784,0.8908839713906425,0.8753904501840764,0.8778116168881829,0.8919646531789228,0.9072959925835086,0.926791780685331,0.9580918190036283,0.9635213432803811,0.9810040548133596,1.01101594322365
-0.3527237482695324,-0.3318186772625444,-0.3102114487294939,-0.2914222750441756,-0.24740813510529128,-0.2157814948626729,-0.19974169694026023,-0.19305132822533913,-0.12800945527195498,-0.11250789882841938,-0.10046608803426767,-0.027759504847666455,0.010387784332088937,0.018982293391141606,0.06402855827082428,0.09260858787391228,0.10676493857065185,0.16083664781525867,0.19011725417043593,0.2155497970641035,0.27305796479795685,0.28408798915073946,0.3039081598366523,0.35152006893227994,0.41167553184743627,0.42884503618199454,0.4574000447743844,0.5398550645979457,0.5536878545747818,0.5772725240627604,0.640783148424116,0.6616217529381718,0.6825664873712453,0.7127735527387312,0.7314035148360423,0.76377603527755,0.825649104146198,0.8251438402881953,0.8213543850597899,0.8390449717955594,0.8480989635547573,0.8664138129881319,0.8735009331957326,0.901354051475471,0.9120109570902334,0.9289146810410909,0.9609066169533603,0.9725619247956966,0.9742958587782435,0.999426419332092
