jsons/1312887600.json
{"header": {"parameterUnit": "m", "parameterNumber": 2, "dx": 0.1, "dy": 0.5, "parameterNumberName": "Eastward wave", "la1": 40.97354507446295, "la2": 16.46031188964855, "parameterCategory": 2, "lo2": 133.9931640625001, "nx": 191, "ny": 50, "refTime": "2011-08-05 8:00:00", "lo1": 114.97908020019554}, "data":
[rows 0 to 21 of 50, columns 98 to 146 of 191]
0,0,0,0,0,0,0,0,0,0,0,0,0,0,0,0,0,0,0,0,0,0,0,0,0,0,0,0,0,0,0,0,0,0,0,0,0,0,0,0,0,0,0,0,0,0,0,0,0
0,0,0,0,0,0,0,0,0,0,0,0,0,0,0,0,0,0,0,0,0,0,0,0,0,0,0,0,0,0,0,0,0,0,0,0,0,0,0,0,0,0,0,0,0,0,0,0,0
0,0,0,0,0,0,0,0,0,0,0,0,0,0,0,0,0,0,0,0,0,0,0,0,0,0,0,0,0,0,0,0,0,0,0,0,0,0,0,0,0,0,0,0,0,0,0,0,0
0.31441611380093165,0.2962563507067813,0.2782548316158321,0.2637199370965999,0.20904443593134694,0.14003789137500644,0.07282779952146781,0,0,0,0,0,0,0,0,0,0,0,0,0,0,0,0,0,0,0,0,0,0,0,0,0,0,0,0,0,0,0,0,0,0,0,0,0,0,0,0,0,0
0.348817163347804,0.3032221289117868,0.2945532566766839,0.26522945476521653,0.18477975253627388,0,0,0,0,0,0,0,0,0,0,0,0,0,0,0,0,0,0,0,0,0,0,0,0,0,0,0,0,0,0,0,0,0,0,0,0,0,0,0,0,0,0,0,0
0.3771143013509187,0.336910065282151,0,0,0,0,0,0,0,0,0,0,0,0,0,0,0,0,0,0,0,0,0,0,0,0,0,0,0,0,0,0,0,0,0,0,0,0,0,0,0,0,0,0,0,0,0,0,0
0.47396405704006767,0.4462141208492956,0.40831319609485656,0.3433175148677634,0.3641325370930603,0,0,0,0,0,0.24852666996271008,0,0,0,0,0,0,0,0,0,0,0,0,0,0,0,0,0,0,0,0,0,0,0,0,0,0,0,0,0,0,0,0,0,0,0,0,0,0
0.5665784900587657,0.5686441779091832,0.5586806257505056,0.5423546267329095,0.5266155927358829,0.513158049280978,0.4986418255460874,0.4830105059631126,0.4824031877342825,0.4646080495589509,0.4599965730714854,0.46291010311782277,0.4480972529676182,0.4418013462597436,0.418749705218952,0.42997538482921766,0.41322267567569204,0.3810140796531033,0.3941335978873563,0,0,0,0,0,0,0,0,0,0,0,0,0,0,0,0,0,0,0,0,0,0,0,0,0,0,0,0,0,0
0.5214814797757114,0.5413681925504892,0.5456808198920715,0.5436948574816819,0.5234663942264588,0.5105374128158038,0.4982249983543066,0.48186194446188824,0.48654411583610346,0.4728534137090097,0.45671321720293745,0.4365250259380377,0.408325929587402,0.42829820612472613,0.33224201770410294,0.5818703218130051,0.6410902915115599,-0.4907901324645878,-0.37384800638685317,-0.35996126610711926,-0.38072937555873476,0,0,0,0,0,0,0,0,0,0,0,0,0,0,0,0,0,0,0,0,0,0,0,0,0,0,0,0
0.5358419284312239,0.5232024756078714,0.5206659857096845,0.5247367094572882,0.5057227395399798,0.48094436946939967,0.4639571624837381,0.44107901297153523,0.41917559420345324,0.4242424244880852,0.4102538681776603,0.398544272456182,0.36608044850694343,0.34173155914189335,0.34352165346118285,0.3191075978556905,0.2999284791036375,0.3226613045001883,0,0,0,0,0,0,0,0,0,0,0,0,0,0,0,0,0,0,0,0,0,0,0,0,0,0,0,0,0,0,0
0.5319361589017243,0.5043553212544267,0.5046865315133832,0.512369960375196,0.49644459743771996,0.4899124459515762,0.48678632179491865,0.44158607976882314,0.4260016026184758,0.4035657100932719,0.3703348585726946,0.3679673371981816,0.34648589347972863,0.3187048645675612,0.2623468161618078,0.2295111448872589,0.29181257786157466,0.4197034425031455,0.21318011472704007,-0.07507027555042478,0,0,0,0,0,0,0,0,0,0,0,0,0,0,0,0,0,0,0,0,0,0,0,0,0,0,0,0,0
0.5275849133333586,0.5166885330484378,0.5208362496378958,0.5134408334561242,0.49007157952478186,0.48218425821685673,0.46486992807255156,0.44649822273206136,0.4241022734194338,0.357166559040886,0.32352475346693943,0.3031189663802849,0.27404231782418076,0.2558105951242804,0.36701957997891094,0.2724024793512008,0.38421850610992664,-0.6340571860668228,0,0,0,0,0,0,0,0,0,0,0,0,0,0,0,0,0,0,0,0,0,0,0,0,0,0,0,0,0,0,0
0.5611854710099247,0.5213655136045537,0.5064673684463759,0.4961552436512922,0.41774724373678407,0.41687898863623135,0.39480185370316895,0.34626553878937627,0.3508081780537963,0.33596973891831977,0.33093333390035473,0.3112686080565624,0.2938324471494117,0.2679355803997212,0.27104931921762404,0.27738593229158454,0.5315698546699588,0.4409527496406752,0,0,0,0,0,0,0,0,0,0,0,0,0,0,0,0,0,0,0,0,0,0,0,0,0,0,0,0,0,0,0
0.5495000471831376,0.5473822161576821,0.5548272965560278,0.5536032350844484,0.514602624585914,0.5048595128987997,0.5061765359882119,0.4741161821246059,0.43754495371995694,0.3831891937147323,0.3698470757079989,0.36713952415844703,0.36123627105384704,0.3567755865353982,0.4487796361482448,0.3544752320479996,0.5546914225145687,0.6005293509771957,0.6255381566057171,0.6362179530898456,0.5951014253072754,0.6125796319188153,0.6180076809551792,0.6435954053285489,0.6261684352460533,0.6459531196775845,0.6490958507964204,0.6323731131613307,0.6467699757559957,0.6680426580547114,0.6453193850690768,0.6472780397225291,0.644638907742881,0.6478176162398618,0.6489324528595767,0.6496137974539534,0.6254723933731999,0.6044720515600128,0.6043770762356642,0.5982095255753881,0,0,0,0,0,0,0,0,0
0.598044511399468,0.5994917272099498,0.6002616963052405,0.5812038718826802,0.5515930228914984,0.5363801941649469,0.524583848180877,0.5060124568067408,0.49522179602198424,0.46565263124287637,0.39196384082687796,0.36778832234983194,0.3209438935932912,0.2968526258346304,0.18922090174347928,0.17582826222924214,0.17540128761407095,0.36192531477420253,0.3070196498861408,0.4830298881597984,0.5164613957976857,0.5058953226272955,0.4738725512227629,0.5435131018624588,0.5592945920587352,0.5720605735492752,0.565797544409505,0.589697612913756,0.5849688000131053,0.5893249054245606,0.6262223455928202,0.6154471917063887,0.595050665495727,0.6028704011070011,0.5971757675149608,0.6000051763355103,0.6148742441203424,0.604221298363349,0.5879719633476098,0.5784126271949214,0.5702776769173661,0.5634908418262317,0.5544031710847424,0.5530375139786298,0.537873393747542,0.5019170501584215,0.5014594724273571,0.5130007623644959,0
0.5355464885072206,0.551997971796535,0.5751031319787421,0.6100908864156914,0.6242342926983401,0.6323786877421694,0.6210694810831666,0.5733148384943523,0.561997959724343,0.5240313853305949,0.4910213699405125,0.44484821382532047,0.5059407517730845,0.7667887441982655,-0.6842712874194079,-0.5606054499867492,-0.5387562665630152,-0.6062759633345337,-0.5993061754908391,-0.2989445676866658,0.2881095996942286,0.4354378403425609,0.6221811877986876,0.7404094127088995,0.7494074408758951,0.7466662357840592,0.6685822864252459,0.6577855366052914,0.6324028730279966,0.6106914808629075,0.5943462439253966,0.573686715197728,0.5545022908726014,0.5566499401421142,0.5522984992629393,0.5442768340532725,0.536965066709061,0.5439095945085483,0.5468206813324344,0.5432310396549541,0.5359736175342713,0.530963660632845,0.5121919852384821,0.4973212437252419,0.4759480191760809,0.5207809938858539,0.5200287944934989,0.44005227237607647,0.657879003045381
0.41433847004900126,0.4706473284179821,0.4814242122923975,0.5290313217257528,0.5658965277194083,0.5667610756960189,0.5620936732592893,0.5819211499878985,0.5661080779042036,0.579682787081791,0.613295151784937,0.6046997063786745,0.6211845048580197,0.6045977580907994,0.6010374013818194,0.626828564078966,0.6638098890105125,0.6971184158581234,0.7055973572269849,0.7090091923130065,0.707813904638778,0.6779998794769041,0.6935012282916903,0.6856352150747862,0.6870665365671174,0.6667612347790479,0.649047162183918,0.6547117470724735,0.644640015612378,0.6379185030717301,0.6266600480604816,0.6036596279368844,0.5836174075759587,0.5726742010910802,0.5711719503029474,0.5640925862218088,0.5596826667663038,0.5540288602507075,0.543040847754576,0.5358130572873513,0.5381322335511981,0.5379813512595155,0.561098168180876,0.5566954004543619,0.5107121469025803,0.46758361176332514,0.44346151496359626,0.5085657696438123,0.5169978999176151
0.5902623819688174,0.6124392778153183,0.6301947585875434,0.6159970644365534,0.6077848174929543,0.6105458624231913,0.615264953602381,0.6179925096781484,0.6280071875560682,0.6396103987854292,0.6277844641201236,0.6279321001358852,0.6105418615553758,0.6046048338388129,0.5770717950785076,0.5593106324753339,0.5456496629190871,0.5511141751937795,0.5732051168189307,0.5874424705993426,0.5763680305450672,0.5727490801894566,0.5651654243404447,0.5316690877566316,0.5151312054141112,0.5118023094370869,0.5246909718657783,0.5366555384332875,0.5295724994248766,0.5015668526281517,0.5265200420500965,0.5210075183427848,0.512304130350822,0.5040671786146504,0.502581788311832,0.4985348353919045,0.5121958841802361,0.5057253436258936,0.49687275867464475,0.4922690931044118,0.48890392883441763,0.4786616508951196,0.4854984885946789,0.4950049073780613,0.48926496764459626,0.46854560550438523,0.4696157894892916,0.4698646707075436,0.46585102523792976
0.6980770667870012,0.7056896066453054,0.7092845448836813,0.713046931140379,0.6914780017022937,0.6889433138257927,0.6926695845207572,0.6850499661365025,0.677195860396118,0.6707207676842836,0.6370774225981188,0.6424255852767246,0.6544527414061027,0.6586204872564801,0.6230400174765309,0.6126131285472532,0.6066540121570254,0.5835198539918974,0.5840759537492803,0.5798165745087206,0.5607679751701108,0.5542871917089647,0.5515439211003942,0.5515867301035702,0.554557789548788,0.5714217083399437,0.5311261520199207,0.5123970317618723,0.5088334369531402,0.49604769360416406,0.4638286179659793,0.45067885663965646,0.4350168022429943,0.46094728671625446,0.46057013448007794,0.47069825618860417,0.46809942350701383,0.45532592637589714,0.45847884997603683,0.48134146810968814,0.4839980596575413,0.48305753604599366,0.49311023510368,0.48084245763498057,0.46502187955101953,0.45244531715214903,0.4523633768801609,0.4283674135312818,0.38095824496405867
0.7124377199405144,0.7064269842531322,0.7048988195263561,0.7130079648910969,0.7129904084270878,0.7141649719133428,0.7099652454070842,0.693365756723133,0.6880357305548591,0.686832926279343,0.6584620264174899,0.6840891564782516,0.6984359468182999,0.6857454433746683,0.6679089638969411,0.6553872448909955,0.6621501016110826,0.6751432573120315,0.6359452702968341,0.6016086331340245,0.6226573007696242,0.6397002143487036,0.6255795099924177,0.6314414472130508,0.6041825882704075,0.5833256173372773,0.5634484403023603,0.5594834481252483,0.5601336450984014,0.5542987965990489,0.53358872978506,0.5129164847445801,0.5034961673142744,0.4602609845811724,0.45265516286527896,0.44632110296849,0.43940651778241613,0.42934373115219837,0.4462581055513516,0.4828583881095899,0.49417653995346494,0.5102363446718392,0.5027509229826003,0.4917494720882538,0.48421390660462643,0.46322821026117456,0.4494572957231963,0.4464761683087334,0.4732883233808033
0.659428163380294,0.6762513447456611,0.6955493225793519,0.709868545470077,0.7213687076383631,0.7250555653335442,0.7302853551866749,0.7362940644668335,0.7342095966390243,0.7361948417919238,0.7323939127897173,0.7334494347157693,0.7348422299801051,0.7340548735795455,0.6925615196509303,0.6829442778009345,0.6668187916661631,0.6657305229064725,0.6752618207344538,0.675426512227051,0.6719509057298153,0.6667046478822594,0.671170293081953,0.6594926899107322,0.6511029110377834,0.6450260849821035,0.6324688531907375,0.621407558103441,0.6094795480578064,0.607999488693848,0.5886690898557341,0.5803109220792101,0.5729099819580692,0.5027088845086368,0.5129336410270133,0.5252834573756101,0.5289159200777547,0.5352192736833441,0.527075071903985,0.5033243802411027,0.5291604889780315,0.5393428518599079,0.48671544665600225,0.48908347518629486,0.48617495839411184,0.479221447592731,0.5009505207529734,0.49961317207444,0.48087705776432416
0.6581588638929993,0.6876601655709627,0.7004801682133888,0.7062747602264022,0.7146076362826387,0.7202717345154493,0.7261783992833367,0.73246264430034,0.7354857155611696,0.7337442662264401,0.7282054013622933,0.7325793454228752,0.735989785767231,0.7351480972077936,0.7372511738232941,0.7390511197269054,0.7176346040340434,0.693689135748508,0.6785582309476836,0.6686172431178067,0.6741413957651412,0.6724988107624023,0.6728814996182042,0.6706056214735046,0.6710001761604605,0.666247715403099,0.6473225811209486,0.620297945933522,0.6267369718145932,0.6278704911246382,0.5981786547093015,0.5839389711305236,0.5653999489465341,0.537157347911024,0.5136915483380493,0.4863217295119081,0.48056242655804876,0.4850827268461148,0.4908073175868399,0.5133365726376389,0.5076077509094062,0.5132159046375121,0.5530969850038143,0.5591231661605301,0.5587783180869083,0.5446628461018316,0.5298801450138867,0.5134042818979837,0.4947841242683422
