jsons/1312585200.json
{"header": {"parameterUnit": "m", "parameterNumber": 3, "dx": 0.1, "dy": 0.5, "parameterNumberName": "Northward wave", "la1": 40.97354507446295, "la2": 16.46031188964855, "parameterCategory": 2, "lo2": 133.9931640625001, "nx": 191, "ny": 50, "refTime": "2011-08-05 8:00:00", "lo1": 114.97908020019554}, "data":
[rows 22 to 43 of 50, columns 100 to 149 of 191]
-4.2789397606047075,-4.336374697470605,-4.30269741601445,-4.379337387450199,-4.444873204287821,-4.472474576160512,-4.46885471254484,-4.509210597929397,-4.4960101499582725,-4.459962119041564,-4.443296110475297,-4.450351543057089,-4.365722486440901,-4.334246040055711,-4.286333609741336,-4.123843742392634,-4.125378986526367,-4.072187622850914,-3.9085099205600056,-3.8304633692144465,-3.798204933339404,-3.624623113259837,-3.499961305500884,-3.410031065224358,-3.2342746213661475,-3.0999082796888313,-3.064672378629272,-2.954393505096327,-2.7682201880432262,-2.680947433673966,-2.5109757355245783,-2.337306754428252,-2.200513732838965,-2.0511134647175613,-1.859760686709314,-1.7836547859790173,-1.6756412430797984,-1.5260619626986864,-1.4151045324767102,-1.3261577377766733,-1.1753129941124498,-1.1372209366249577,-1.0553963923214664,-1.0502904548287297,-1.0577276025904156,-1.0162931919351095,-1.0527285658626755,-1.0289547498526688,-0.9671461917920844,-0.8735410967363527
-5.498825270946379,-5.633296185464573,-5.6055466903196,-5.652962545712306,-5.717563164042019,-5.702355641280019,-5.745662914203462,-5.786225205866978,-5.763324228851372,-5.743219313294691,-5.804483589250842,-5.718684254172156,-5.689687631881942,-5.615641199568066,-5.627056491838872,-5.426761341425705,-5.356113533037065,-5.187276978805999,-5.0030990540348315,-5.002219571284241,-4.829321625161256,-4.655003748552353,-4.550304652194472,-4.476777272159546,-4.2279817894809915,-4.035933885331174,-3.8770885079391944,-3.7649541244310742,-3.5661857432197266,-3.4020822825315946,-3.2798562692131306,-3.0231276244811918,-2.826476535129235,-2.7700828418436707,-2.4727346998754234,-2.2415731829115493,-2.1730008632232494,-1.9233718479747954,-1.767272749433412,-1.6828445645067398,-1.523527024566309,-1.4756574261787878,-1.4170944985851863,-1.4710324685618552,-1.6014967571531908,-1.5626113435416367,-1.5765017754827493,-1.4530191852297631,-1.415528177794844,-1.2152854389214853
-6.579947662562735,-6.800140266467562,-6.849846577433687,-6.948564943447904,-7.030164684941479,-7.070604350495949,-7.052510253812704,-7.191828714436853,-7.081719012541461,-7.141862966873623,-7.048413077271119,-7.0820211031417335,-6.960296672095601,-6.963382256610174,-6.87640885205907,-6.709891165427635,-6.462360989008089,-6.376888559072654,-6.253684356397479,-6.059853390421544,-5.922311102576109,-5.632823461522693,-5.510518558925977,-5.393569449529959,-5.1961252171371575,-4.978631034579333,-4.829244231592214,-4.591757212315014,-4.340965822481525,-4.124223743280424,-3.9344065095042366,-3.6635927824151833,-3.429242370649537,-3.251990536846541,-2.9594386142952964,-2.7426271995025973,-2.6203315260324858,-2.2570057305205165,-2.138418562388625,-1.9120990717721116,-1.7860578118360362,-1.898087196239297,-1.8758499235188897,-2.2827896964820678,-2.5336899562446624,-2.379279010724549,-2.3101380301738597,-1.97526410436631,-1.7281969466721268,-1.3648083133011286
-7.800762014484145,-8.263168250454493,-8.328936306091682,-8.536270191143243,-8.748711301618215,-8.88831473545799,-8.85303606570199,-9.088187719744054,-8.98583574275986,-9.075907774443857,-9.090897557522585,-9.001774918710748,-8.869483921226026,-8.764073649823851,-8.648983661533963,-8.379638140232844,-8.08848596515661,-7.948698735059737,-7.650053421478973,-7.469805999654819,-7.261664751666693,-6.902672034453401,-6.784324839097864,-6.438157597659965,-6.133257845291788,-5.971641791424772,-5.700712258014251,-5.452818087581684,-5.127106134527778,-4.884373009175512,-4.679891196708092,-4.288803707116284,-4.000847279319829,-3.751726282667978,-3.3214846390718504,-3.1367524853411983,-2.852616262502051,-2.4594577029300098,-2.2344752057091744,-1.9308757696645011,-1.4316671495366036,-1.8943921069266911,-2.6920468612995867,-2.7876439080592714,-1.650359327151037,-0.4021036419083687,-1.8958792445189894,-1.2116812976388711,-1.2491611146963937,-0.6510708364283603
-8.595974242742757,-9.215607973610654,-9.33406098184957,-9.495498469660447,-9.89486428957804,-10.095950592484954,-10.274334282238936,-10.56939105947366,-10.646406683448516,-10.758464865733728,-10.936179318873789,-10.942676217511348,-10.66872628425302,-10.628022110605363,-10.393063761589119,-10.030899814656783,-9.700582308798946,-9.531718264111342,-9.02226985564531,-8.747648919500003,-8.28558586037727,-7.94547882067589,-7.640542710665617,-7.315570964087894,-6.891907613925668,-6.660752275964526,-6.339635492263838,-6.086036098726826,-5.724360419189216,-5.434097990999434,-5.217208734865918,-4.791825674400278,-4.396801900105125,-4.091901833136643,-3.5442423280326985,-3.0904118461845695,-2.7079259831592233,-2.0575533848094376,-2.30121795991511,-2.444511295482177,-3.0139999613704784,-2.6630387357288092,-1.8777300250479347,-1.547312683600242,-1.361513639631952,-1.1078595954464903,-0.9926478349319922,-0.7244010785913353,-0.574014938381999,-0.4171133953660376
-7.74031584829393,-8.283564253782881,-8.714432705703654,-9.03940470018654,-9.625518405117814,-10.147409338683268,-10.474687049685741,-10.811460271431073,-11.24966831023974,-11.445117417498356,-11.742291834035107,-11.705661817056319,-11.508297709346545,-11.382089800173137,-11.250327285498132,-10.690359577419832,-10.318258538751607,-9.843948524388457,-9.214673467970302,-8.7104244731509,-8.238695122578859,-7.5410393864006275,-7.107249573832845,-6.688021231879003,-6.287824676855267,-6.226013656174292,-6.0210156330352325,-5.898289728631925,-5.832108706316183,-5.568154891200989,-5.238347726726312,-4.837257792043867,-4.5597960056788205,-4.214884619932413,-3.520109060100039,-3.178817307327452,-2.884915291986124,-2.5335572442236556,-2.2923575084326884,-2.095715636602013,-1.725902737741497,-1.562288650355993,-1.3779197074261647,-1.0794753325029036,-0.9254015237881057,-0.7814196915217153,-0.6703814629606598,-0.4431466325667721,-0.3082712062168083,-0.18335854844231145
-5.724081523478662,-5.763099941353812,-6.355289469293622,-6.481421701802865,-6.696764525450514,-7.287136607152455,-7.671404684860544,-7.603900126332853,-8.152905356322483,-8.53023841728521,-8.656505701087879,-8.76013300001028,-9.070804386830945,-9.065330991736486,-9.26682390820218,-9.021710335399005,-8.765297054603364,-8.416989400468323,-7.547933130823597,-6.961683355806851,-6.334446336088082,-5.123756720979762,-4.549277634744224,-3.9629872623570317,-3.078782787180165,-2.6798033485177792,-2.2369261806939296,-1.9640561516259858,-1.9017186298834519,-2.01381750653704,-2.675274456901038,-3.8744616463890873,-4.56584754337054,-4.641534064456345,-2.781232821181097,-2.2904760150660515,-1.956253605974205,-1.374990304098665,-1.1417706682007083,-0.9517155171194078,-0.7429012264467972,-0.6323657507585788,-0.5080373371523488,-0.440630759707289,-0.3017822158100562,-0.19974544158328214,-0.15466264195772544,0.10503841978751112,0.1466081587282524,0.28196977924092026
-1.3504402445078856,-1.2255972362947831,-0.714675238748204,-0.5419020246908215,-0.4310501224035557,-0.1450160134982312,-0.2830681723289854,-0.46475591687238327,-0.7446746456461082,-1.021001596723795,-1.3118497767661705,-1.8995975786828763,-3.445456890550369,-4.691733599053512,-6.13312804688716,-5.609538479058433,-3.7646323239597814,-3.626405929332418,-3.0207389358239474,-2.860522040660465,-2.800382462043161,-2.4233157492593347,-1.8779223745684825,-1.416832820979224,-0.38758103052155757,0.41002439134887814,1.231007816575509,1.4232195743194131,-6.243557964058904,-3.8536364459195642,-4.1936916785801275,-0.9823410379305811,-0.6053357546645817,-0.3664930346432527,-0.08370335337323041,-0.023326165057519017,0.24493371784073914,0.32051971126230216,0.382745561122668,0.4278833269749203,0.5587578621459799,0.6209342826963626,0.6314872907451957,0.7209493340509278,0.8565367334763424,0.8216292474330839,0.8430084521723635,0.905882397189883,0.947874596378438,1.032998839545301
1.9343918647419986,2.2016021035285855,2.9047618247947002,3.419540610416393,3.718676540046769,4.369894266385977,4.56966174492799,4.895596450209524,5.831870424871787,6.0460223915391795,6.183262099429078,6.523925985499624,5.317294168989815,7.007066410879776,-7.110852763411431,5.224140398766257,5.922028614548013,5.817087032744439,4.55837941673061,4.135187679082239,3.818965654458897,2.818446840150175,2.4291033610990986,2.1919418987916077,1.7581493093617204,1.5738910034499087,1.8253373669677218,1.8029760101552397,1.8801011328649668,1.8854681455203222,1.934754179939847,1.9097465691568112,1.970693781884928,2.0137392867125983,2.0325771376379302,1.9822748042583744,1.852772188705368,1.942581395971926,1.8382865646693525,1.8011454861522094,1.7990929308472716,1.8193460775867307,1.7649772329916147,1.7134310959430643,1.6726485995110427,1.6446056343135247,1.6709143525689056,1.6327245555223417,1.6691055397395047,1.668664529917212
3.7805102872255976,4.060951349099727,4.727037943564675,5.2306518721950335,5.468733977704444,6.407232795434762,6.660197397055687,7.0681461981103775,7.75665498556304,7.778648834116488,7.9794875688810745,8.006057231901385,8.083297920343895,5.618866826184141,4.059784177700576,7.39103585810655,7.755030964170846,7.924815654220775,7.6932355196868984,7.500186672701367,7.316240659791584,6.951176086602376,6.714899530828332,6.3912461532350795,6.00639009821484,5.681753945354667,5.484026124412826,5.263472884128249,4.921788956740644,4.757052255121961,4.560813669642994,4.267095049235862,4.1111411469461885,3.8462715092465958,3.841576244717979,3.603837284023675,3.522011789439635,3.3298535180152102,3.254100766989592,3.1694230967179893,2.973669664346861,2.975438870516583,2.8238843871212764,2.729647979811679,2.7582892789477005,2.6232791716632744,2.603453217309685,2.6149164679102013,2.495429402869068,2.4362901347837176
4.024204487406233,4.469935341803924,5.2733192102985615,4.649087807082018,3.515051753553378,5.2570029964768095,5.788311010757204,6.374553916324488,7.054499348928271,7.2752665166440655,7.507330519802175,7.591496210210245,7.807061898279846,7.9067675412934335,7.265471827904981,-6.688897034630439,1.161217619358134,5.4541241208423505,7.7392578660040305,7.666410447714385,7.556565281041325,7.367571654032621,7.299589493635039,7.189196544880798,6.954494961590454,6.827652970682553,6.662791182539176,6.499478040632542,6.1507074697104205,5.975293046909736,5.7645918136823,5.509081326448472,5.206818408112984,5.098171159923611,4.91808299582082,4.6518391710198355,4.44218630649246,4.359575080921187,4.186082244334719,4.037234348766961,3.8885732861535907,3.7195005086797286,3.670645205488638,3.6030718007356284,3.5132224105899525,3.466362488882308,3.440256991754604,3.3266816589875687,3.271283745669185,3.277572911283631
4.043291807711156,4.318931397890058,4.984810404669077,5.239154742213757,5.3881413016367254,5.567928116446727,5.713623074068202,5.906007725070452,6.327720635691276,6.425642505081033,6.583421057675502,6.678374393561775,6.8933213275972856,7.002217637403757,7.044474134169637,6.287775855595866,4.813397041454991,-5.870609268112316,4.836474466527577,6.827824510171332,6.9859201138553875,6.843865593547346,6.757659592823801,6.685182132698415,6.535665091778301,6.500029526960254,6.348785756776312,6.237573161582015,6.065853442169646,5.860155945647614,5.785115457717146,5.52246028490757,5.39893002434315,5.280751527132783,5.048215266422348,4.946869145399783,4.798492026654779,4.668653046965524,4.5904725929206345,4.415060014419323,4.333658347925648,4.239681300898478,4.077739504634203,4.015377051364432,3.9705945255851964,3.8683922509578865,3.841633803775899,3.7922213078892937,3.706985472222575,3.659751758521438
3.6326702782526508,3.900970785208833,4.201635901467664,4.3593510965153985,4.5840735972174,4.8743347300525945,5.116780039535352,5.234063853465325,5.571835595282786,5.721515215160658,5.794037278163064,5.934970005037101,6.095459187562801,6.171380043920984,6.213460322739013,6.297730239684773,6.356666720352647,6.362203851352001,5.7780731564978565,4.827610425046001,2.596125853903163,0.21796162674851197,3.2280760531839947,4.6194461067835375,6.0065107415312005,6.100940191826784,6.009273271404501,5.911182792132237,5.849248605324188,5.677957158671243,5.598326534375771,5.519302834542441,5.395051902340405,5.335279970145592,5.2261890403045745,5.086842614182604,5.018602954297748,4.96450263416902,4.861736095611365,4.6878639542504335,4.637964044461569,4.546288349269351,4.389397716329481,4.374985177598009,4.333664109224075,4.248649298005989,4.199982268938701,4.138241710912126,4.034173516881269,3.9825989013499137
3.119891754693838,3.2952320532501336,3.5571200000525063,3.706086737081434,3.907476260577866,4.117806727546142,4.219680946463974,4.369869690158912,4.626186898728867,4.722037484193389,4.889589340855157,4.946682748397796,5.136042659002543,5.234670707043844,5.259639143857423,5.425797741433407,5.4975960899299485,5.513980502801279,5.536281840660871,5.541283173565549,5.578130734091218,5.042731081177682,5.550184686830356,3.5125359887587555,4.4710293815014355,1.1148323372917308,-4.353771360148688,2.128305073834644,4.967691914258581,5.2323041337296194,5.30216682463741,5.238970382884631,5.1739344786816295,5.093351255349665,5.0044035784277945,4.930902332714229,4.879550324300616,4.790031591824057,4.742027006614795,4.661593806640876,4.5945501041947,4.5305930670994625,4.472470660705293,4.425365091720462,4.347380445532393,4.283462680497007,4.2457607933842185,4.209958509015895,4.111607883798619,4.103900950580418
2.4892521153662455,2.656843768595632,2.8480824906311883,3.0080266273333387,3.1263813133538205,3.3784922090687717,3.517086661993919,3.6885845207728707,3.8264970789811743,3.941562649129881,4.081577212195468,4.119761321186685,4.3124496407077215,4.34868116439588,4.469808651837517,4.681668679725491,4.697583820259742,4.752758019117128,4.827542092861257,4.882680107044836,4.863175869057577,4.960697678070758,5.0216231968115395,5.019902207957665,4.702596523106586,4.669218508230797,4.7366900427409275,0.47015199107854283,-4.275678450309349,-4.998429266832478,-1.2659676057373714,1.3033061029477824,4.083368448395086,4.745233460070393,4.149974438232003,4.248133862687702,4.372335220734887,4.568024255695459,4.597093640929073,4.534491668431445,4.5015329519175875,4.477846818414255,4.42542437637306,4.366741202674805,4.32020498173334,4.296163772956762,4.262751711424716,4.225844046712806,4.050901450192166,4.126145652585624
1.9664579028840292,2.1158493188608465,2.325973248208699,2.4568341705247425,2.55989111985018,2.81865969866413,2.873758186035626,3.010584632016264,3.1302851578113486,3.2676544344643443,3.3788834686748266,3.4720231725825967,3.647057380247775,3.718671443900305,3.8248627702445197,3.904780758760393,4.019868753232379,4.0595482655571065,4.143412580105527,4.22777904777968,4.2598234657552005,4.369843557934965,4.416018204724171,4.419593704168419,4.444916009902359,4.462186521188177,4.470408102155378,4.47935319848146,4.5083057401156,4.479636865230032,4.182388741725894,3.9693607124602925,3.6653862758719127,4.0295776356584,1.1253958871440397,-0.6847567246559249,-3.8347371895413147,-1.624318541326254,-1.1452262735963188,1.6144288969186706,3.5937323303590554,-0.45788082512506567,-2.862587601706037,-2.8613749328963354,-0.8369345613709349,1.3856227932774763,-0.07533422796795179,-3.3446747146776032,-1.7678961817551924,1.1871116316153658
1.6098003673453218,1.71456448797522,1.9503978443650507,2.025243352081432,2.1197877420309323,2.234830630831324,2.3632407243113547,2.4652336323754036,2.6618860657965495,2.7087359744703914,2.801732870462743,2.9319542573285386,3.018622017321076,3.1077957760508252,3.196678541756871,3.297570657889111,3.369684479434598,3.410012524485669,3.5059004744342306,3.5739580457681512,3.673578773624169,3.7776686683152563,3.8279626834174576,3.820517034822626,3.9254308298728966,3.9685177856100884,3.9316671642042724,3.934693092984912,4.007261681672447,4.015792326714071,4.0004219399499865,4.02802990508272,4.008550108721615,4.016584249456417,4.027673464391391,4.002532283012296,4.001762495806976,3.8067230849936804,3.767234615264051,3.8088637231608162,3.9116660730947843,3.7987635826067416,3.6986867724724717,3.5924014429377773,3.7837345306743564,3.816203020449493,3.699816822861346,3.4068470075357475,3.3598126907165615,3.3534321836758307
1.2380060532022963,1.3144589896753112,1.5119616524390558,1.5989248798653437,1.6805478519788803,1.8544618520439031,1.8949324109674779,2.018097035201879,2.193977939510835,2.297020084668649,2.3428134908113036,2.3985185718264406,2.5233023731296154,2.603845489028674,2.648212604259999,2.7563433678839537,2.823049425892591,2.8812325900594247,3.028729889129978,3.0731155730468864,3.118378498116605,3.2739485132137265,3.2938410542808327,3.3237324679833344,3.429055500172395,3.474132102979415,3.446475494727011,3.471195474757087,3.5486575513741125,3.570932704038766,3.5817560769774808,3.5892571867609875,3.591374564814727,3.6162849366288983,3.63930085396538,3.6149107886872187,3.627582466110316,3.6545303375789033,3.666488112824567,3.611361248879518,3.6083074292778283,3.629513330835599,3.634797868451767,3.653637021390685,3.6481789582757362,3.622130208020802,3.611263496793211,3.5636462433670015,3.4909209708608326,3.43376226753595
0.8759094836630035,1.0079348618035853,1.1667177106138358,1.2240916931276147,1.2526900641798033,1.4447634729528605,1.5306442814605836,1.6270186751749571,1.6965737350043057,1.793230868628813,1.9154350431778544,1.9581482338576472,2.0406967796178774,2.1592748187456112,2.2475899182871073,2.340923175543101,2.401143074236518,2.458609106333711,2.537951755742535,2.58144253852458,2.6683589106610435,2.7366123099085122,2.7766432323831562,2.824174204811387,2.9794620135452123,2.9979486926281984,3.0041763614074175,3.0454202515818616,3.149832165851407,3.1627370434579114,3.1716034421991233,3.225364821466593,3.216353968596564,3.2033621145513966,3.209717301843018,3.2468930879551707,3.2601249245173096,3.28571548979761,3.2777170892307566,3.2449290917752314,3.3226687963262167,3.34495028860454,3.3414903536327,3.2933291531210194,3.28185777099159,3.2384176862535825,3.229698246675603,3.216290280487199,3.15602299166471,3.0891951931481585
0.6881056169751597,0.7040226912809098,0.8502718944600302,0.9273956362365529,0.9766278020403192,1.0926304609078954,1.1691439083229482,1.2307467377529484,1.3462461097222262,1.4305650193719635,1.4428267575360174,1.4934841775721943,1.6583878380551489,1.694910515731169,1.7343711186976747,1.879341541821036,1.9496980097996914,1.9828122388633875,2.099859294141025,2.1938202023310884,2.2464350038878007,2.2882346305579744,2.3788176252173745,2.4196862359779843,2.437927449216369,2.498147167780503,2.5683379942458844,2.6061227205142172,2.6506042987016514,2.6720067646121373,2.728204031290195,2.7772845094093195,2.7874834615620694,2.781458251195448,2.843402557813527,2.824490790831885,2.825943574374576,2.844083572736681,2.8252357519019973,2.7994951644244916,2.8187200102295553,2.835183390932141,2.8325268620799697,2.8243662780629473,2.781441512216226,2.6873037430157902,2.593364861648506,2.6172176361644297,0,0
0.4956473576820264,0.567964145634858,0.6543228729565008,0.703509056299636,0.7812420235168936,0.8615055137181103,0.911058357692478,0.996757114500923,1.0561379957110337,1.0999937046076573,1.1828410643444718,1.2319374787805382,1.3061725211793807,1.3630499452813625,1.4422790732550446,1.5062817219440667,1.5643093679134845,1.653498497608978,1.7085276878007498,1.7476854698987805,1.814432084956891,1.8950455772667545,1.949336719462042,1.9871960385955951,2.1017406727493517,2.1355356801539536,2.1450125575573327,2.2011296647387,2.2404263253227437,2.2345879527498664,2.272716049853708,2.3530952663749813,2.3569567214983116,2.381756875532337,2.4285103653181954,2.467565990403863,2.5016501615141817,2.483762464233834,2.4537499359866906,2.404727591025285,2.4084107265939556,2.3905595432038194,-2.467114164799301e+38,0,0,0,0,0,0,0
0.3518542599863866,0.405314424594922,0.5088027853918292,0.5485128348870348,0.5790543545047819,0.6773046840287091,0.6999274483574617,0.729285463350941,0.8286275978572736,0.8625734359007626,0.9292931009959281,0.9839720834260045,1.09965381439155,1.1072527143183528,1.1556537729427996,1.2200394088049005,1.2825880887353696,1.3236439828184317,1.4325992868958473,1.4767853237622546,1.4968533234144474,1.5757790586998226,1.5933979468524353,1.6184388017993945,1.7171335995354915,1.7491067455576643,1.7782916929091581,1.8030152061181124,1.8756699423953456,1.8797135461246703,1.8845651150971179,1.908608711067666,1.9318234945968482,1.943018916756021,1.9247921452233554,1.877094721891724,1.8767719026627958,0.7639157662195779,0,0,0,0,0,0,0,0,0,0,0,0
