jsons/1312682400.json
{"header": {"parameterUnit": "m", "parameterNumber": 2, "dx": 0.1, "dy": 0.5, "parameterNumberName": "Eastward wave", "la1": 40.97354507446295, "la2": 16.46031188964855, "parameterCategory": 2, "lo2": 133.9931640625001, "nx": 191, "ny": 50, "refTime": "2011-08-05 8:00:00", "lo1": 114.97908020019554}, "data":
[rows 22 to 43 of 50, columns 50 to 99 of 191]
0,0,0,0,0,0,0,0,0,0,0,0,0,0,0,0,0,0,-1.3227425560976667,-0.5633523969553895,-1.411912508561638,-0.4095402329262814,-0.5449540763755898,-1.6557880486205323,-1.8324730580181767,-3.3370457447117494,-3.7592536123760905,-4.160065953680827,-4.432291854929236,-4.5745946401139275,-4.728771923169618,-5.053459067340795,-5.183062086704975,-5.312580088180057,-5.405989910179061,-5.354808694114296,-5.331574592344635,-5.311321299990768,-5.2317655366088704,-4.900290575802769,-4.571196568639684,-4.142709434653357,-3.7778168911040186,-2.7385776078444337,-3.5579767121359995,-3.276725386350772,3.9884977533274193,4.516013887574385,4.678975705524073,4.821831177335951
0,0,0,0,0,0,0,0,0,0,0,0,0,0,0,-0.30364817815243045,0,0,0,0,-0.7341625938032417,-1.6390589791908001,-2.3195571290539614,-2.718940500410791,-3.0098224588826485,-3.640423524337571,-3.988205996461598,-4.260400638326562,-4.599622681381223,-4.775809438962911,-4.904992646722884,-5.066707678334905,-5.102430340676652,-5.0343314087923385,-4.943196275027937,-4.782780639756504,-4.549688146896234,-4.40287700692833,-4.241102044203838,-3.7922373414786397,-3.5164955053042246,-3.1842962299162183,-2.8483529663420653,-2.0343635281425536,-1.6238468584234713,-2.7970467077221763,0.24370750915319506,2.8188432473292835,1.3031376311781755,2.170723499919336
0,0,0,0,0,0,0,0,0,0,0,0,0,0,0,0,0,0,-1.0555383873280288,-1.6386153423528278,-1.8919153075681583,-2.172775977429858,-2.8170557825037985,-3.1431349929546077,-3.462917781563838,-3.861714223235147,-4.0448066210801965,-4.18189372767322,-4.451243469213816,-4.55755270235758,-4.589689428759825,-4.695484115241067,-4.722276406083541,-4.612722027529141,-4.563547995390037,-4.422942775168761,-4.1616549597445305,-3.898000953022837,-3.585344603714878,-2.9378438073586426,-2.7117511059198707,-2.294282217239586,-1.984280184626543,-1.2948650953855894,-1.0230815353557567,-2.049205411184896,-2.245318466061957,0.5424244967455027,2.236151082176977,0.9909940654266435
0,0,0,0,0,0,0,0,0,0,0,0,0,0,0,3.3038944722661223e+38,-0.6431026612710116,-0.9119562878347535,-1.4485421443716735,-2.1725973544949198,-2.443938357028024,-2.686604622127113,-3.12265970125177,-3.3317084773058685,-3.503115788184552,-3.7235872287771468,-3.780299666699613,-3.8162245239643404,-3.9635749601383123,-3.999524706776928,-3.9278959107316784,-3.9769974079112864,-3.9300275346219835,-3.815617455634432,-3.7124174902897793,-3.5821611262934296,-3.2346975688962605,-3.085886938302076,-2.7614271472431913,-2.4220972311509272,-2.2757848079284333,-2.0692988857465036,-1.781493378626185,-1.4026053837758627,-1.1940107386494547,-0.9752983745345147,-1.6695363348000258,-3.987645484971073,3.590356255844762,3.5047525256369947
0,0,0,0,0,0,0,0,-0.3109301828789272,-0.2641099711596322,-0.6832589131809217,-0.6250814744963835,-0.8587585022055517,-1.00957345884828,-1.366684854381927,-1.6231787019910302,-1.9996910080519035,-2.2080817993819046,-2.345243055030048,-2.700551087088523,-2.809774680191171,-2.950673714680621,-3.110323773788456,-3.181422178700176,-3.2317509558942903,-3.3819132819697373,-3.4155891811378822,-3.458959615271638,-3.538307072780131,-3.549575670262275,-3.4846125065504525,-3.4307137850948286,-3.4117975250324015,-3.316927301612918,-3.216299981990254,-3.0148249592626977,-2.6802092227242817,-2.558232544921092,-2.365577841212167,-2.2065302642737423,-2.081913865019535,-1.9828275689473425,-1.8361334402161096,-1.5401444503341108,-1.423878142464032,-1.2320578983786896,-0.913188756993728,-0.6702487177430153,-1.1299370546469014,-2.350669354157391
0,0,0,0,0,0,0,-0.20582052683517046,-0.8845025972443102,-1.3404491081180703,-1.5266648981871254,-1.696813441994222,-1.9491791934739382,-2.05868714751783,-2.1722594484897053,-2.267669396559267,-2.4701762222833903,-2.604318289640857,-2.7369155677068977,-2.834275605920606,-2.8701782364192567,-2.9337931920721196,-3.077471151289795,-3.1149189902487877,-3.149770944588383,-3.2399392730132455,-3.284282107921058,-3.2772478744391536,-3.3319825121121336,-3.3166990973900075,-3.2145529685033574,-3.1912196838454427,-3.153621633131243,-2.9983999494084954,-2.9097808996403067,-2.7812481433746847,-2.6275631118578815,-2.5515509363171724,-2.47791317185299,-2.3695539178755363,-2.2788834675335035,-2.1986705272140985,-2.055944288190261,-1.8041743603413682,-1.6914395980667871,-1.5617318102602307,-1.2440664370356131,-1.0737289515772395,-0.9352829701531166,-0.7502457112998207
0,0,-0.6658206921036685,0.06497147150141802,-0.3774855858648029,-0.7561936507291058,-1.1277601930637196,-1.3788430956334035,-1.6647492279656675,-1.8462723240273797,-2.0013713975483207,-2.126218046206541,-2.2913342976280817,-2.387700265843322,-2.467300485081914,-2.5393718547876025,-2.661976500572317,-2.69996776357318,-2.7824501005324724,-2.8533726423523817,-2.897957683315049,-2.927543680386595,-3.052237037738808,-3.088167946009043,-3.1199094585987,-3.178939042791369,-3.1921180140629093,-3.199621437416768,-3.1673894591563805,-3.143872464162613,-3.070420232275828,-3.0803114249674706,-3.0542660626389395,-2.953239663014116,-2.9282293282314225,-2.8693529405988327,-2.7214003187046285,-2.630511375567293,-2.6004439315611525,-2.5013319156637057,-2.36985432511098,-2.2748453874909504,-2.1334575059329133,-1.918216576711727,-1.7388391500580929,-1.5857198903089127,-1.3785618571437663,-1.2116197670484332,-1.1267081649515014,-0.9114988189948439
-0.4080739791971947,-0.592338843135785,-0.849148943764721,-1.1287305984799352,-1.4636537194419443,-1.5871894788785357,-1.7897960306791991,-1.9198997973030845,-2.066210875464747,-2.2318623827544206,-2.2939080982364803,-2.4063876583628634,-2.5036403833261276,-2.5682694989277666,-2.6297734306276896,-2.6292694135539447,-2.687141502900445,-2.7497110147379122,-2.7779967496720914,-2.8569844109120726,-2.8988507818246676,-2.927480391233509,-2.9833546992672786,-3.0058527190993374,-3.0237409719408967,-3.067484688894489,-3.0896459620033854,-3.0694098003896206,-3.081005929312222,-3.058633858088488,-3.0037252343110614,-2.9882759883609236,-2.969121522210004,-2.884648195112941,-2.819410535671446,-2.7825075008053664,-2.698030199117691,-2.6345287851115233,-2.599871088833437,-2.50239552911057,-2.447651454227401,-2.2881429774404554,-2.1724343465166425,-1.929627009028633,-1.7535628106361931,-1.691645250763578,-1.4698305223775505,-1.343405412445632,-1.295135397329451,-1.0736870132465555
-1.1901707232795458,-1.4728252739874308,-1.5970237454574827,-1.739230044818692,-1.8708368386818186,-1.9599672945507467,-2.1068179985713296,-2.1964510900171765,-2.3277625859544875,-2.423483545118722,-2.4853704769877574,-2.5670103881215818,-2.599996348289406,-2.6119265889063676,-2.616834997879467,-2.6607188147977077,-2.736122837936758,-2.7635339832586645,-2.790554070615986,-2.843940509019874,-2.869715848678453,-2.9063962910266503,-2.9685103550230854,-2.9975656077921005,-3.0079502711304906,-3.0385402958637053,-3.0304022770632693,-2.987219442107612,-3.0075120318641826,-3.0093949080703912,-2.997267860240449,-3.0117391476261313,-2.9923748836108777,-2.933144418407681,-2.9110505457680986,-2.9230492209583248,-2.8106705945560084,-2.715493202446721,-2.6463103862450783,-2.5071341843038817,-2.3813699353117097,-2.299267156703976,-2.1501803144789684,-1.9697653643329485,-1.8390981311515047,-1.7254363123604577,-1.5500984090636973,-1.4068278709914828,-1.3545444235123665,-1.1787715620652908
-1.5192663593960893,-1.7746972085623427,-1.848547746354287,-1.975074267783173,-2.1016263857711888,-2.1684545270823095,-2.248701758787222,-2.3349124629164275,-2.415911053473677,-2.4931249285561226,-2.5356491223684974,-2.577412961420035,-2.6156514789347454,-2.6355406654103786,-2.6582694453246543,-2.684346444300657,-2.749989344196306,-2.802508100100262,-2.8167513640068753,-2.8613061307560805,-2.887083511648841,-2.905683951205985,-2.949200533076554,-2.968892046309469,-2.978868873421658,-3.000544902595383,-3.0142722455341313,-3.022947952244254,-3.0730742272460203,-3.0879542720869284,-3.1000180445132823,-3.172958320312212,-3.193546945506614,-3.1824041401721908,-3.168189007171103,-3.0258946314869366,-2.852514429122285,-2.7416153800529,-2.618295841034999,-2.474527425619067,-2.3592324924934176,-2.236482791229446,-2.1325788317746572,-1.9804190694288597,-1.8927624907042742,-1.742301106998703,-1.5523499740013924,-1.4593986542774078,-1.407457676793877,-1.3094472958978465
-1.8046619915242628,-1.9192643023793092,-1.9750834737134935,-2.068425281510722,-2.148307707303828,-2.2125864196146225,-2.265409432400147,-2.318322652710695,-2.3605421768319954,-2.2460406700068987,-2.145779655375594,0,0,0,0,0,0,0,0,0,-2.279564870591145,-2.648046179452369,-2.9548907122698704,-3.019288545574261,-3.0941716150483645,-3.1735220863541285,-3.2068111612045995,-3.241983902446593,-3.3115309629254983,-3.3416337315507305,-3.4232602487016877,-3.451729293493772,-3.4376579257681166,-3.371011520763124,-3.3019554024598143,-3.128132249780762,-2.9778640755006602,-2.885391365318569,-2.7643493532436096,-2.5500879350494463,-2.4066140298605196,-2.272762061035504,-2.2364553311091293,-2.1799655753573774,-2.044745777419902,-1.8926543206249424,-1.7328785841181369,-1.6397962858628745,-1.5777217163076254,-1.4551448159948626
-1.7162053692876031,-1.774755371521361,-1.7922312182368996,-1.7557290858587404,-1.700633542529769,-1.5963379649005423,-1.386020184173431,0,0,0,0,0,0,0,0,0,0,0,0,-2.106090986169813,-2.447887524515796,-2.6703045588696694,-2.8935721680593818,-2.973647387342401,-3.1308910917235466,-3.2260010136132076,-3.2897466934009407,-3.3638182231645164,-3.4670964699787827,-3.490231742677995,-3.5249162598269015,-3.5261244559447045,-3.555045731823932,-3.5603791474832036,-3.5231360712601103,-3.4186751557437516,-3.2541734330754566,-3.0868747913119092,-2.866889188538774,-2.94855447688162,-2.877614268168281,-2.697971674633751,-2.083162517465619,-1.2618884900917484,-2.3509325838216233,-2.314498959930712,-2.068644750364625,-1.9475527840531597,-1.8663428130866297,-1.6844247957037328
-1.3528368060603373,-1.1824425308060669,-1.0809472467918768,-0.9563813393057471,0,0,0,0,0,0,0,0,0,0,0,0,0,-1.8710039406475754,-2.119187811972578,-2.411647354684416,-2.6184652133618727,-2.7355571428628633,-2.877054678633103,-2.967880293684975,-3.0749866391588014,-3.1798161890060435,-3.223553767876856,-3.301928883059746,-3.388874549188921,-3.4354171057792047,-3.479866731280734,-3.4723523383402752,-3.4005328160997594,-3.3286180120863342,-3.212075620335496,-2.901457516363456,-2.5038589765308394,-2.2091259343603515,-1.9149778992000825,-2.0250716656527117,-2.052402510589411,-2.0824900679361633,-1.9844435370149203,-1.9835355417187845,-2.013930516721853,-2.1423497166771814,-2.141486159385597,-2.1673479339226605,-2.083290193684173,-1.9584923829410017
-0.7385155430238144,-0.5004950276417304,0,0,0,0,0,0,0,0,0,0,0,0,0,0,-2.015123859067717,-2.2220273036104587,-2.3825956466015126,-2.5341647555574007,-2.666101330888782,-2.745286142218617,-2.8440007263416645,-2.911406047782248,-2.9885488564472142,-3.069121291321642,-3.116800351524652,-3.1435310128683587,-3.1826539598169643,-3.1826127714266654,-3.179854575309451,-3.0959738345009016,-3.045372770405361,-2.875244509643927,-2.7856012519759314,-2.6317276508382013,-2.526038061761816,-2.451841721720549,-2.3819997718307473,-2.328020630280792,-2.3155138241963176,-2.339977991378653,-2.341470612345035,-2.313566473471667,-2.337079333447472,-2.3588222554048843,-2.296149672742328,-2.2584725093240166,-2.219327192196861,-2.127123489218359
-0.5044095573822457,-0.12404698572952569,0,0,0,0,0,0,0,0,0,0,0,0,-1.9051275492548991,-2.047009929335262,-2.227501571187727,-2.380580764022828,-2.4647133868568303,-2.5406832411293925,-2.632012767105003,-2.6957274694881357,-2.7785963774434794,-2.8277834801370303,-2.887886280236547,-2.9290106001976697,-2.935655193985726,-2.9529298354696065,-2.928109743586918,-2.9272142679580604,-2.8807555901856023,-2.818691485007021,-2.7846025471970117,-2.7069410541825847,-2.655337864584852,-2.5895922076924713,-2.561047419024306,-2.5378290766798983,-2.528868622040742,-2.495504235476455,-2.4988347344320854,-2.5019579262215568,-2.505163541248297,-2.480366061243807,-2.4836471960413586,-2.4666655431266427,-2.3779742876115826,-2.2999066097107153,-2.2704216627926104,-2.195719395176145
-0.41409527249727623,-0.31181487171374594,-0.36245650223029185,-0.5069844542438969,-0.4497213542188368,0,0,0,0,0,-1.6290749102932705,-1.6772593188470077,-1.8765014763913743,-1.9981473536149663,-2.126809536153178,-2.190172240106629,-2.2838262612713085,-2.3796381783715175,-2.425082250276348,-2.482859630000985,-2.5467513415658303,-2.5748810700965374,-2.592081372128722,-2.616732638271986,-2.6449788388287496,-2.647659029714162,-2.654476274368818,-2.6629028397223564,-2.663560311553665,-2.654521205322433,-2.6337805133793237,-2.608701507722067,-2.5950224591284403,-2.5592428795158995,-2.5674251159197294,-2.564477234205883,-2.549164370732563,-2.565280349193225,-2.609725609667805,-2.6169655387928046,-2.627699733693374,-2.642496648138159,-2.641052724215517,-2.6425234937053848,-2.5963799022974223,-2.569803792934592,-2.5268451403752157,-2.519641124920492,-2.4780468984812334,-2.435182457799527
-0.4255538229209337,-0.3399367222693263,0.5916235465471054,0.5841793665213258,0.5007093800756943,0.5174594863007426,0.5770262348498982,0.8315990110111579,0,-1.5544925633745779,-1.7621896192225872,-1.9001287889551648,-2.015986304177211,-2.0732826880126742,-2.1559141578768406,-2.203611554021183,-2.2555798649364487,-2.3103872583784058,-2.341677749705203,-2.374564604624758,-2.4261656895560586,-2.442252143869162,-2.456901205269555,-2.4608309359016833,-2.4816274652044354,-2.486148606679748,-2.4899452302116027,-2.4866246096869244,-2.486254372440182,-2.489862459610452,-2.483803129219408,-2.4921479480808153,-2.4876766557359913,-2.50249767973096,-2.53265084184932,-2.5735958572029842,-2.5994771870544926,-2.6036456315675647,-2.6402546975085333,-2.635921880940691,-2.64175470303299,-2.632749940836724,-2.6174182862989963,-2.5862087010328594,-2.5906730989071765,-2.5824878516753182,-2.542315946250817,-2.531060613151594,-2.4978633526151732,-2.4505753134654693
-0.9249523531056912,-0.8999225121054311,-0.9380423669401352,-1.1657044557965117,-1.248100225930657,-1.4756632182918978,-1.6621401810561658,-1.7546938030191088,-1.8719666578863114,-1.9225230975194887,-1.9523476049683997,-2.0091886586239087,-2.0469210470348034,-2.067509575940134,-2.124852502035058,-2.1535282340623314,-2.1875743209559233,-2.2220760100231094,-2.2500644807571346,-2.272730641191685,-2.2982040660219485,-2.3105976400610424,-2.3276543471841107,-2.337287926843683,-2.3395225530318666,-2.364372697209426,-2.3755973556482175,-2.3807811450760723,-2.4049959341612164,-2.411836799366297,-2.4380676397933847,-2.4689567314429417,-2.5043334685538796,-2.5140289819192856,-2.5247776228890753,-2.5627411242997615,-2.5638431212730044,-2.577763363504727,-2.5917257609058666,-2.58255582170405,-2.568734545542025,-2.5804097415377565,-2.577162724051249,-2.556219105797103,-2.5418865273898916,-2.5191001725178124,-2.5117773975474242,-2.5133017075925066,-2.4865051652233707,-2.452314053313325
-1.3221648565933783,-1.381848848066679,-1.4349784128901726,-1.5893682152421702,-1.635137345048015,-1.69142227379307,-1.7737865987757127,-1.780899311987206,-1.8409312581798973,-1.8682540366069598,-1.9039653389450903,-1.9394911299948605,-1.9743542875026183,-1.996266647168097,-2.037975416471252,-2.054457520531046,-2.0776706242881553,-2.114178900909568,-2.1260192516689522,-2.164258802773684,-2.1775211009113584,-2.1905703496022775,-2.1903683882678506,-2.215519535658045,-2.2376376818012567,-2.270723562950881,-2.2889072163296067,-2.308902116415417,-2.34860519247528,-2.372918313173134,-2.3990132263151422,-2.425361735735482,-2.4384764365441023,-2.452247970504979,-2.460450631718388,-2.48910204452993,-2.4767793126407316,-2.4896273826833535,-2.518962802080667,-2.4970236174152314,-2.4936384031893577,-2.508533344846168,-2.4991736708337333,-2.4768876159024127,-2.4739978751075165,-2.467460035272228,-2.451017662301633,-2.4535442513346175,-2.4353197233013164,-2.40461721320063
-1.4829754404946118,-1.556619547647895,-1.5747809332497027,-1.6372385010276873,-1.6834673680857053,-1.7001577255024505,-1.73495922035003,-1.76392372647931,-1.7887923988614975,-1.8230188314956364,-1.8309869389515068,-1.882167752385374,-1.912334113446653,-1.9354562964477142,-1.9617353382672473,-1.97200268098344,-2.0082241077901184,-2.0281524344778767,-2.0498800193469813,-2.0755791057869164,-2.093480069976681,-2.107979813637849,-2.12879320797947,-2.136906410539416,-2.172705514475853,-2.2161601425698816,-2.241100234611118,-2.2745030328532327,-2.307158406794906,-2.328959073752917,-2.333720228118778,-2.3681005131683173,-2.388530190079869,-2.4042022959650113,-2.418639703003647,-2.4273430821590907,-2.4235996554056976,-2.4296421383861704,-2.4477940492129187,-2.443977632371174,-2.454344567654248,-2.4459454472056374,-2.4335349004182336,-2.409928072309519,-2.4176302605918836,-2.419062159338762,-2.3975216288900043,-2.3850376656527272,-2.380920830186878,-2.3450313797101687
-1.4679822218881433,-1.5249127582944475,-1.5575088888332975,-1.5925347644814551,-1.6153669041108538,-1.6419529738885348,-1.6606281473788342,-1.6901262289476333,-1.7353203791759042,-1.7521594261251343,-1.7808191810145515,-1.8210970910224542,-1.8384862260607573,-1.8599248731344615,-1.8829286177623197,-1.8916268307158923,-1.9171175356727133,-1.934202943499815,-1.9434635855951208,-1.9914996798611109,-2.020116509327268,-2.0375076023008534,-2.098660602415885,-2.109569328195896,-2.1303086910463693,-2.1738548894112206,-2.1896772726225877,-2.212519297813457,-2.2412349346376494,-2.250466641352188,-2.2656138515953064,-2.2870122753102833,-2.3005662823045183,-2.3054900181100457,-2.3200946191823486,-2.342781479251251,-2.3479919615845435,-2.356271712836688,-2.3654153348714084,-2.3565354123966484,-2.3560782905136524,-2.368303632315085,-2.3607832026978612,-2.3462581805980585,-2.3418320616526795,-2.340643973289523,-2.330910001470793,-2.3250874467785687,-2.313336518148187,-2.2972048470901827
-1.4728491785223827,-1.4960278918376575,-1.5109759676143684,-1.5530661407984003,-1.58015036971659,-1.6005743899429805,-1.6412601113712852,-1.6509927275849794,-1.68126469696167,-1.7099077907646472,-1.7193123404274648,-1.7536194521936066,-1.7791787284578762,-1.7834353933202867,-1.812973095666851,-1.839960793738173,-1.8671381948832582,-1.8867790476942772,-1.9079206367137864,-1.9385284755695977,-1.9720346560354445,-1.9917667280799474,-2.0197099651303385,-2.0499773120718037,-2.0796829097846867,-2.1065340478873313,-2.125719920086318,-2.150082872780756,-2.159024867376145,-2.1739523517230417,-2.197985711669517,-2.2221560383977,-2.237760959730721,-2.2488007556012173,-2.2544423433151652,-2.2726156927319776,-2.277098202804793,-2.274672630535684,-2.29309838068255,-2.2916021173438375,-2.290590031849005,-2.2908314818679627,-2.2864486518803577,-2.282670904391687,-2.293520866172545,-2.2840371260617984,-2.261231500224017,-2.2608851162603587,-2.264706400255108,-2.254475493093482
