jsons/1312858800.json
{"header": {"parameterUnit": "m", "parameterNumber": 2, "dx": 0.1, "dy": 0.5, "parameterNumberName": "Eastward wave", "la1": 40.97354507446295, "la2": 16.46031188964855, "parameterCategory": 2, "lo2": 133.9931640625001, "nx": 191, "ny": 50, "refTime": "2011-08-05 8:00:00", "lo1": 114.97908020019554}, "data":
[rows 22 to 43 of 50, columns 49 to 97 of 191]
0,0,0,0,0,0,0,0,0,0,0,0,0,0,0,0,0,0,0,-0.20622871235095983,-0.05063507022834864,-0.11064473414667458,0.08205366942144958,0.10699141060819302,-0.10523792653328713,-0.2538754452733641,-0.20368589147564764,-0.172211140417258,-0.2857471319621241,-0.20569018858694033,-0.23981789563022077,-0.41558442678084695,-0.39766566583315094,-0.5174653093379245,-0.7104698489645322,-0.6974390072835563,-0.5411829950016341,-0.7197392306792272,-0.0716398453436086,-0.6805933556961348,-0.36356837000983544,-0.4609076475188445,0.12232965077886238,0.5377364222708151,0.42868234456505677,0.3669945724716217,0.22852340210144645,0.3530851753212311,0.5084755420628656
0,0,0,0,0,0,0,0,0,0,0,0,0,0,0,0,-0.0006361532065527377,0,0,0,0,-0.016859732374912922,-0.0319087104337991,-0.07698187877329586,-0.1298165287832744,-0.128192623312289,-0.14517773865780167,-0.1936317956812348,-0.23053338222491973,-0.20711949405009175,-0.3684907030617087,-0.684352231442557,-0.6695060560635627,-0.7047069476684072,0.3655623219685342,0.2242074186749506,0.182674599298064,0.26116513038583694,0.21561327689400278,0.09087203456026433,0.3308820378018032,0.551066109541115,-0.5299660776380597,0.7215254784394695,0.45654849176702184,0.37415778258738697,0.4018219499667448,0.32036943939110035,0.38775549735123954
0,0,0,0,0,0,0,0,0,0,0,0,0,0,0,0,0,0,0,0.07078769686759769,0.13041473803494832,0.10456102184104729,0.09518512777863194,0.07200589538929116,0.04767849767944374,0.00805066116206805,-0.07440747985244384,-0.15379962355679894,-0.13076940009122845,-0.0705592588262387,0.5990015252369464,0.6602081295700537,0.5974566492983059,0.5293644507664301,0.420139576423569,0.3631576399950258,0.26448470079339736,0.2563275450421482,0.21625110178190352,0.3424469109709149,0.36303984908179515,0.36847642625705085,0.3693782439255209,0.34098724431715804,0.3374966579700093,0.3163670403410096,0.30717952011280897,0.3328690497300933,0.38510422769414204
0,0,0,0,0,0,0,0,0,0,0,0,0,0,0,0,3.3038944722661223e+38,-0.22916221429437666,0.1430537207798681,0.19960896802809325,0.22766322290837301,0.17742568866376116,0.13169081322129625,0.07421245972992996,0.07057297522529866,-0.1538213222143513,-0.19753639770706666,-0.1589365934748913,0.3582492222317242,0.5050485600612524,0.556199954533092,0.5252012860502159,0.5246083776362984,0.49436120375232423,0.4129518434565891,0.4072143743823078,0.4094947515955383,0.4106708678713014,0.4070640134646726,0.39919406784797673,0.3656372199544416,0.33100961515915356,0.30018096440437536,0.3037417468423614,0.277577361359708,0.2694945274126534,0.20131553476247746,0.3513871815171913,0.38093748715993103
0,0,0,0,0,0,0,0,0,0.06195242443627866,0.14498953694668285,0.20165229748234484,0.2701788054762483,0.3469823693297945,0.36454829148684337,0.3492067573287757,0.3511613762207704,0.3658059791101771,0.29811111377651345,0.22269705454358585,0.1815790415793264,0.031963052668481075,-0.07389820513249906,-0.16340780362012192,-0.26903808681113184,-0.4444918022488588,-0.5054992271263222,-0.6879393559606662,0.5337314884349504,0.30673976730055874,0.2406152212240335,0.2725113233077802,0.3794970006992151,0.3151716470645983,0.28102939480944084,0.29744630731548893,0.2524055558301783,0.3492719866038026,0.3689603662130559,0.38026183096339883,0.3612153448925892,0.3731296491930222,0.36809860627677016,0.3663011827815351,0.34181758113597965,0.33436080011827146,0.32585318205817876,0.3229580411356244,0.3367343412057318
0,0,0,0,0,0,0,0,0.20908240122060467,0.2662806102061398,0.3306369330856375,0.3460294713415366,0.33478737264355635,0.3269605871610847,0.3081805524185216,0.24431688304387392,0.20796568366433163,0.17305018938057692,-0.013466816535067216,-0.08962570392448738,-0.1358752207245483,-0.29042252957002773,-0.3447950066523423,-0.4719032026273063,-0.5640002351478686,-0.7673071302224957,-0.635475430287175,-0.5414984724020308,0.24169880383711215,0.19631592809063267,0.19212420616609052,0.28200368973078727,0.30114487364310555,0.3144719726037347,0.30769546223000105,0.28223170108618223,0.327488349648457,0.3661785098169933,0.38892410195695587,0.41645830775961984,0.4029840576148529,0.39635089627065584,0.39428880965303775,0.390140326642704,0.3651383134291858,0.35620442242293704,0.33462854974366246,0.27851507434056205,0.2673700432876509
0,0,0,-0.35096694955784535,0.25907050260976955,0.2711122907420847,0.27895451042045183,0.2958128775097579,0.2905052039727818,0.27971567536977576,0.2848360978989789,0.28090035553556486,0.23456063684603526,0.20876606872448336,0.15434518059058014,0.007582606257823617,-0.12172921628498794,-0.17776943653629107,-0.288633243245579,-0.32235317886640946,-0.3979012509161936,-0.5281305931244625,-0.6223620944464868,-0.6904739555127999,-0.7530945040676126,-0.7839048004213417,-0.7374952237269686,-0.7489516108343414,0.4096613498617918,0.478651603760118,0.39108734890130326,0.32684967166737666,0.35359567905909295,0.3741342957718263,0.4007989656347181,0.4065384104344827,0.41324988119238504,0.46173412373377676,0.450667661935647,0.45219189222222933,0.4593335589463611,0.4254795049848513,0.4135537866056402,0.38561940229759406,0.3652772747665268,0.36692214633795156,0.37172250137129803,0.37606336705498117,0.36058866397558387
0.12328742059128389,0.16778312652855357,0.17017017146294972,0.16729501048372322,0.16205156216295225,0.11425476525008132,0.11584308141734538,0.11266291855334203,0.10027685946383535,0.06215346782405605,0.032101557341121564,-0.01570938225972689,-0.1174215573359887,-0.1491669629422099,-0.2024415385619831,-0.32511708212887297,-0.4050313185161772,-0.44748702708705607,-0.5615988969822167,-0.6202337201452068,-0.680146999154803,-0.7598858004555409,-0.7969287195116521,-0.8143348993347722,-0.8067356405183984,-0.7147160758459682,-0.5269227737500533,-0.5780250590086036,-0.2900769394759991,0.42676466743495034,0.4398934681658973,0.21973588483315012,0.20067046969202898,0.19824567094103115,0.29696765212649917,0.31940577928068886,0.3188542379705939,0.3704772975580272,0.36799171336080777,0.36285014456647924,0.38228730271607525,0.3684710147865346,0.33708177445641035,0.3344132166534983,0.36396898833775065,0.3956679694087261,0.3882112604597286,0.35305134343564226,0.35290628756633535
0.059483029612229864,0.05402130714570122,0.031148528495936075,0.005824320566801139,-0.03846009552632804,-0.09404040748734595,-0.08247660261682378,-0.09247564826862702,-0.09068115252200415,-0.2925821246763519,-0.36425112499935264,-0.4590259060175379,-0.5789428351989994,-0.6422373272158641,-0.6591024741754461,-0.6954350545208301,-0.6939015966207476,-0.7016660578152842,-0.7444646001160874,-0.7652429549994579,-0.794089476661124,-0.8377373582961667,-0.8450500024631069,-0.8530901222905596,-0.8630512673906248,-0.7750964595341998,-0.626388855914936,-0.5554449192563453,-0.7097537758575921,0.4202857188337868,0.7625680669193691,0.6829654348201619,0.37355906756838686,0.5468012029911757,0.29068706240292835,0.18772546163115114,0.22513717806290867,0.252408664552096,0.3230434669727638,0.3229018500152034,0.33185006238950643,0.3216953719077914,0.31530118675195246,0.31164448296749137,0.3072288035732633,0.32092704432882185,0.3230638844495848,0.3352149942144576,0.34077758617847864
-0.1632687239486545,-0.21133539580952818,-0.26844309590608756,-0.36018625862022147,-0.4318482410965633,-0.5448908665415916,-0.6028592005838816,-0.6665287663238705,-0.731241431408469,-0.7997571297343027,-0.8671116491535298,-0.8834492461075704,-0.9124669629604588,-0.8894980690131586,-0.8804631950129913,-0.8737733379650993,-0.8551063867428598,-0.846676412221915,-0.8340033163008598,-0.824867203448657,-0.8076363001393536,-0.8176292171148523,-0.8355772754897108,-0.8552192494176709,-0.8567019008959905,-0.847001830983917,-0.7730999026339597,-0.7207783915943817,-0.6512163028800007,-0.5988939481306103,-0.5622257807449209,-0.5110851863710528,-0.4765591980300753,-0.3847096008748247,-0.24207163244748822,-0.4213577903206164,-0.23932288739151328,0.678418850922155,0.20579835262857243,0.17482037265728176,0.22714365905675776,0.23922905339883221,0.26677148212214424,0.24649290347441563,0.22635467480164426,0.2230630529671757,0.21387742968025272,0.21258239073906873,0.18758141204945933
-0.5768556901175916,-0.634936138694537,-0.7271302336891422,-0.7696737981829834,-0.8283687404586382,-0.886262668636418,-0.93921613282915,-0.963814415450167,-0.9713362359070609,-0.9487635086457122,-0.865263263967243,-0.7978460874615658,0,0,0,0,0,0,0,0,0,-0.5864834597541687,-0.7225901408596503,-0.7772949056284972,-0.7754962922202643,-0.8115754239081062,-0.8445529419297351,-0.8508253330426703,-0.8473857535225962,-0.8064387842193685,-0.7710826680841855,-0.6923743512842068,-0.6384827710561495,-0.5649511796394157,-0.3609695215539285,-0.296561327794616,-0.1648614184304218,-0.28694067828703196,-0.20227099879616361,-0.40305886936000734,-0.7178026729167463,-0.7200978561080601,-0.3387588464621718,-0.37789146736704227,-0.3331253114890394,-0.36760303674155387,0.310723869834487,0.3033064863974592,0.2087643727895666
-0.8415437665818768,-0.8900108765799756,-0.9181368443988078,-0.9336581744667917,-0.9430536692843,-0.901742558517617,-0.8492942791277519,-0.6759783354316894,0,0,0,0,0,0,0,0,0,0,0,0,-0.30894452953354723,-0.6335318921898908,-0.7189298986438041,-0.7429308967458528,-0.7483273771681423,-0.8287452945776437,-0.8344704404745965,-0.8606153831223934,-0.8827288001761341,-0.8856913515318522,-0.8841692249092762,-0.8607182630410851,-0.845577634177385,-0.7557036027984542,-0.5770871880886852,-0.4618203282976706,-0.38049468140924714,-0.31526507112878566,-0.5482533053410146,-0.5620689453147247,-0.6142002162755802,-0.5478925145249157,-0.6158056613925657,-0.50133198287779,0.28216963660913674,0.6528641182129462,0.6768938805777136,0.4195518519372194,0.35780987357221283
-0.8649321707605251,-0.8477071581893691,-0.7699806302546257,-0.7026443550485112,-0.6007838070008702,0,0,0,0,0,0,0,0,0,0,0,0,0,-0.09379191492158609,-0.26366536402036683,-0.4881086182859138,-0.6679377427863463,-0.7283976821623477,-0.7656343797309861,-0.8211103468807693,-0.8496079561067228,-0.8737032413880831,-0.8864735333298231,-0.9033591990515986,-0.9096583112372026,-0.9195771473994884,-0.9168614711787504,-0.8761873328369122,-0.804324416666495,-0.6181036543649772,-0.513530060382037,-0.4354243043101783,-0.3348531328525433,0.7199451745369039,0.4544751769294815,0.4811134635407127,0.49604592963796873,0.5125297365265382,0.5403105488129875,0.5901051328588254,0.6072438573176652,0.5633534292103731,0.43272771500315654,0.3870927155811088
-0.6677381944467515,-0.46594836705635123,-0.21838174219320333,0,0,0,0,0,0,0,0,0,0,0,0,0,0,-0.20058987793265184,-0.5112016329566345,-0.6701745474185397,-0.7866523322030234,-0.8316190404892208,-0.8622139116341009,-0.8743115236378719,-0.9011794840722092,-0.9333769069666799,-0.9319688680725147,-0.9311441932938989,-0.9451266344766358,-0.9663995875691,-0.9733134739311817,-0.9685181457411087,-0.9552379823154341,-0.9131368077177849,-0.7182992917535818,-0.6368884349276502,-0.5180552356450864,-0.7575838992555576,-0.8826668570193135,0.8040881123405466,0.31774998701576784,0.2111908455274907,0.2745667986944168,0.2895386354574747,0.33241610243837266,0.3460152611780102,0.37523398673623437,0.30504469786586585,0.2531617776653653
-0.42702467208725553,-0.4356263534499504,0.5064229370044694,0,0,0,0,0,0,0,0,0,0,0,0,-0.2849861476626605,-0.4407536819718593,-0.60219558130755,-0.7745095571070459,-0.8507292861241463,-0.8887663855388946,-0.956265503254262,-0.9675775052052661,-0.9687487454168784,-0.986020829878314,-0.9871671492617936,-0.977199585426374,-0.9822029039785187,-0.984656179513999,-0.9970056477529665,-0.9999405764135995,-1.0019759068351426,-0.9793722511635401,-0.9500853195549426,-0.851510016564754,-0.7111913209679434,-0.5514400242919273,-0.4853015711114138,-0.43440746597432006,-0.3733792133417008,-0.2921370091726573,-0.5577080375944492,-0.42241558104702515,-0.6513925667892324,0.8042922622005311,0.25833365491361676,0.37481796427725356,-0.4313812161710258,0.8249610138336618
-0.30811916218586954,-0.24764571234965524,-0.187293103133538,-0.3482287303051722,-0.4511052240642852,-0.4250142123815659,0,0,0,0,0,-0.5683404215217869,-0.16939405173060626,-0.24442959280129686,-0.41421986935679345,-0.6050225703740812,-0.7289015923994959,-0.8565950339532364,-0.9687930500687437,-0.9992024941399543,-1.010292268675359,-1.017008117776886,-1.015394028773463,-1.0007089801993247,-1.0026066281660995,-1.0003605520238512,-0.9977455386015155,-0.9986424834508785,-0.9999191231269566,-1.0047430354390188,-1.0038116109160573,-0.9979662769441703,-0.9765753324730871,-0.9519180498293001,-0.8377415000336749,-0.8217780485478041,-0.7780428832800818,-0.7105594581285789,-0.6197307154738183,-0.5868320123230631,-0.44459144710195114,-0.38826923318180445,-0.2881576370327813,-0.2572081068642092,-0.1754639835862978,-0.14407181307880457,-0.129063696553634,-0.16999854239908863,-0.17619892099968204
-0.30106642982890763,-0.2440663210137232,-0.4065977805348212,-0.4698258575381815,-0.03484957532415126,0.33263401844383633,0.3424975639253416,0.3825782701879556,0.49412776282381515,0,-0.2806200339145386,-0.4063186956180062,-0.5779658747444828,-0.7263715068575671,-0.8231034349351387,-0.9444249306659714,-0.989581484733683,-1.0399345613009845,-1.0691423778743079,-1.0638484008270614,-1.0552681974341585,-1.050461957508293,-1.039360682447542,-1.0166756760542492,-0.9939677226232619,-0.9813085089504927,-0.9862760279449613,-0.9977185594595329,-1.0059472865522168,-1.0482262858144822,-1.0309721079283038,-0.9886084337446777,-0.9611460540534447,-0.9383156261714027,-0.9230558639168466,-0.9075221083023379,-0.8420811271886419,-0.7661580706376281,-0.7139995903964449,-0.6708667764932517,-0.5405970055870043,-0.5115758425815424,-0.45856825657468325,-0.4015538749087931,-0.383200749425319,-0.359769290848909,-0.34627937053438557,-0.310118256775516,-0.3221506388496437
-0.5640720328178858,-0.5655634355310499,-0.5067077210406046,-0.45300981558744685,-0.3949009362362451,-0.41199060112390384,-0.46379580843844764,-0.5511209895818471,-0.6039463561827993,-0.717376352145842,-0.800749232981032,-0.8419938773306483,-0.9053878491354693,-0.9941951255397097,-1.0316318082611728,-1.0486095178251176,-1.0677556648470643,-1.078420892626627,-1.0696955875244676,-1.0581077273610417,-1.0473338638984595,-1.0265942158274155,-1.0185355742322226,-1.0087686102274303,-0.9947317876060806,-0.9723601767143552,-1.0022576519872937,-0.9993182290542523,-0.9568249304682708,-0.9643297843475315,-0.9613599424145204,-0.9634640936904267,-0.961806075656862,-0.9654753245019465,-0.950628695858962,-0.9213741280311037,-0.8991920008745324,-0.8102770972815204,-0.7671793163369856,-0.7390858235629838,-0.6836794376839654,-0.6213933067819191,-0.5652346996801729,-0.5615860274612449,-0.5210931566959482,-0.5001515520485905,-0.4707997517997497,-0.4640796337603525,-0.45814185090131065
-0.6011446337659276,-0.6095767810124555,-0.6054464926163539,-0.6277048319875598,-0.7264056386631618,-0.743186590991458,-0.769995051849205,-0.8469254714232887,-0.853684309048535,-0.8665550045846091,-0.9108233959044817,-0.96376460918489,-1.001717340240372,-1.054203339061209,-1.0720044861042957,-1.0628674525197104,-1.0908944918133776,-1.0809649504803605,-1.0588496095779345,-1.0469157288926818,-1.0409425214802257,-1.0301347391474152,-1.0082388306196963,-1.0180221993223764,-1.021689621404361,-1.0021307097122842,-1.0069865078940141,-1.0001280799759096,-0.9640590734277857,-0.9628116353466548,-0.9524380296352977,-0.9229564712847383,-0.9367642064136575,-0.9419777803820241,-0.9360023806131125,-0.9126609296453112,-0.8711196825710106,-0.8391327981639983,-0.8121332871200823,-0.7927285039336631,-0.7406916061097374,-0.7206715217322809,-0.711184905863421,-0.6799856941033822,-0.6577292913165841,-0.6343421124049836,-0.6316434957204353,-0.5867577329190165,-0.5628795971992573
-0.719642407327878,-0.7657760694200961,-0.8024973912566433,-0.8032347033924676,-0.8501608902511885,-0.8551757045164723,-0.8746823556241381,-0.8988774603550052,-0.9254265449265894,-0.9401038885662462,-1.0074351266336465,-1.0191611858120018,-1.0347720038441781,-1.077485714693422,-1.0802409037287763,-1.0712039199952248,-1.0753890279702576,-1.073441165005392,-1.0641558089834375,-1.058688870301782,-1.049854654867824,-1.0362068277878007,-1.0207071954490365,-1.0197984019829764,-1.017466179685561,-1.0086126187291162,-1.0008047872238217,-0.9889742159274145,-0.9644942582303692,-0.961372477628579,-0.95264804547421,-0.9447551656389682,-0.9402094706089311,-0.9385404935592959,-0.9217565675794553,-0.9081407847327247,-0.8907456667714506,-0.8757592444270976,-0.8470125425114632,-0.8234780288169381,-0.8071657727619913,-0.7934406177279191,-0.7654755755221515,-0.743162336588553,-0.7301256036746844,-0.7369887345773445,-0.7349805715902609,-0.7207739855008402,-0.7144315584974639
-0.8524289032797933,-0.874716068511348,-0.8893337615351833,-0.896332858368535,-0.9224928058911852,-0.9242484831227784,-0.9350247274676067,-0.9512922339575981,-0.9685177242028197,-0.9897581897122883,-1.0140496814852313,-1.0374785657399956,-1.0579822426398322,-1.074026760122358,-1.0795988684980804,-1.0881540687211662,-1.0857805372445362,-1.0750228410527862,-1.064197089170669,-1.057498932648227,-1.060427752617851,-1.048999741705838,-1.0493080223397835,-1.0584668842013676,-1.0633493377685137,-1.038203261150677,-1.0122667830819136,-1.0034992670334146,-0.9755576809255673,-0.970062102033848,-0.9607206201232401,-0.944538938257192,-0.9413283237114134,-0.9372355476716965,-0.9278722553864962,-0.9271993109013669,-0.9348711949970133,-0.8962144198841905,-0.8667556640965008,-0.8096480700108982,-0.8020142390404545,-0.8144161438011861,-0.7985189134014683,-0.7909324848669803,-0.7787975863123568,-0.7595059792460507,-0.7434139327258062,-0.7151051532599219,-0.7192567352050646
-0.899503229267302,-0.9302261179530974,-0.9458994726721252,-0.9494461256541427,-0.9663001993978838,-0.9715718411578634,-0.9783078258198036,-1.0056860407879535,-1.0138779612073527,-1.0247053679735416,-1.0641499731598416,-1.065764676076668,-1.0657226664799593,-1.0848294425364793,-1.0852538586340958,-1.0821420790865148,-1.0866357246545126,-1.0947639569160987,-1.0812567574435192,-1.0770055625267425,-1.0757535456560212,-1.0622336943959978,-1.0575051834752975,-1.0574309619154518,-1.0465038861863567,-1.0192641658995385,-1.0194199578176593,-1.018108204783038,-0.9905219277025984,-0.9903950878463283,-0.9862207841699014,-0.9657898493608178,-0.9669095089540787,-0.9625878721266592,-0.9581977733257041,-0.9511304232394127,-0.9385307963227083,-0.9268025019114986,-0.9112500116758954,-0.8901684304768778,-0.8625192388552763,-0.85736093906541,-0.8396161525728445,-0.8386462536958298,-0.7959079619206484,-0.7714105145127359,-0.7539362071303347,-0.7198869571712146,-0.6988143440136759
