jsons/1312675200.json
{"header": {"parameterUnit": "m", "parameterNumber": 3, "dx": 0.1, "dy": 0.5, "parameterNumberName": "Northward wave", "la1": 40.97354507446295, "la2": 16.46031188964855, "parameterCategory": 2, "lo2": 133.9931640625001, "nx": 191, "ny": 50, "refTime": "2011-08-05 8:00:00", "lo1": 114.97908020019554}, "data":
[rows 0 to 21 of 50, columns 50 to 99 of 191]
0,0,0,0,0,0,0,0,0,0,0,0,0,0,0,0,0,0,0,0,0,0,0,0,0,0,0,0,0,0,0,0,0,0,0,0,0,0,0,0,0,0,0,0,0,0,0,0,0,0
0,0,0,0,0,0,0,-0.01858490148922926,-0.019320888897057503,-0.019578578223405054,-0.018892292783452655,-0.019154062017492358,-0.019963316930265103,-0.019995680105943676,-0.020421304124534495,-0.020163233578654807,-0.020999755235801717,-0.021362133496360857,-0.020687010031473857,-0.019670198371980138,-0.016154876126405406,-0.008729407005369191,0.004283902117594743,0,0,0,0,0,0,0,0,0,0,0,0,0,0,0,0,0,0,0,0,0,0,0,0,0,0,0
-0.04284504426376014,-0.0453134201912084,-0.04544941687303661,-0.04124452408264968,-0.04034596765546378,-0.03989795621971716,-0.03698121362507203,-0.03765625705962583,-0.03720968982077986,-0.03570527598356644,-0.03668380944573479,-0.03677230666800713,-0.03659533398109727,-0.03495161370680482,-0.03366651920782629,-0.034094470275017136,-0.02745162991167252,-0.020507565293757,-0.00805271611534935,0,0,0,0,0,0,0,0,0,0,0,0,0,0,0,0,0,0,0,0,0,0,0,0,0,0,0,0,0,0,0
-0.08636118597720976,-0.08349860198722148,-0.0839769351394883,-0.08311778173703602,-0.08105777520367431,-0.08158950315182338,-0.07589760821911878,-0.07175293039911533,-0.07078315508475075,-0.06545481453298485,-0.06171119303406329,-0.056393212491099645,-0.04616033874507934,-0.03456171304814904,-0.03203712595095268,-0.02663235328482409,-0.018638856585641995,0,0,0,0,0,0,0,0,1.5797898608214238e+38,-0.16182722615463022,-0.1673299311890476,-0.16658623360101193,-0.163651856778552,-0.1610529389065995,-0.14545554346019704,-0.14302652871386265,-0.13138665164821953,-0.1195621879971524,-0.1146203079406561,-0.09997972973715659,-0.09922984366308388,-0.08753030477863843,-0.0837491097254722,-0.0778014299349132,-0.07592098902138764,-0.07306859184950601,-0.08041680846468031,-0.07946864076499587,-0.08201835447551781,-0.09715434724370324,-0.09868359875236166,-0.1000043954317718,-0.10856352710549393
-0.15615262540793728,-0.16030178368509637,-0.16316007193259582,-0.17513918440561416,-0.17406201660330392,-0.17606665542578873,-0.18484038277323664,-0.18324801488321246,-0.1902171150586399,-0.16130204852815258,-0.14835805999047827,-0.08726486587334358,-0.08436751225089612,-0.05887450463521459,-0.08028749415982063,-0.1027966459034267,-0.18743018716317938,-0.19470433388862513,-0.17489906740593705,0.0834043095286276,-0.23962085193657567,-0.2489723400811875,-0.26390276708253907,-0.26966284743026175,-0.26172068687497874,-0.2726219321249567,-0.27043018918789263,-0.2707321851723715,-0.2667604432112731,-0.2696880822101788,-0.263587512639148,-0.253320215157082,-0.23999078471034674,-0.23204280686677414,-0.22844840630182653,-0.21470326424267724,-0.20547652597229618,-0.19051240995140156,-0.1853354455698215,-0.17699716273832855,-0.17614777861009023,-0.16492774778634298,-0.16684863487552687,-0.17282270648569079,-0.1756902933903639,-0.17979490047672178,-0.20814485471813265,-0.20742447978716258,-0.21178155845430993,-0.20577048798752945
-0.17434129891777972,-0.17975324218522928,-0.18546326077221575,-0.19454794601955064,-0.20267389634986302,-0.2080457206415662,-0.2213083506182448,-0.22950915511621423,-0.2356980510311903,-0.24877622372491137,-0.2558242745243952,-0.26210280796084834,-0.27683545376082497,-0.2855447810470227,-0.28833947396038356,-0.3011318646599721,-0.32000328580240117,-0.3235395477988877,-0.3143365495902643,-0.33688291229027517,-0.33024634484966864,-0.3389892316669863,-0.35773368745748485,-0.3590970425848357,-0.3558613082208217,-0.37012322047202534,-0.37402581819033526,-0.37029227463862113,-0.38061483305169297,-0.38510486869825694,-0.36848428981370346,-0.36740683460471496,-0.3575692026975527,-0.35442933865036497,-0.34912091568250325,-0.3259685350804043,-0.3142875338912612,-0.29804767042733227,-0.28598103557937654,-0.276646002408914,-0.26771789568092286,-0.25679003980942966,-0.2492645719267419,-0.2524286243590495,-0.23850193598286615,-0.2345326123964819,-0.25553090310965737,-0.22727104145849425,-0.20640394774628168,-0.18347198827271788
-0.1465494098926436,-0.1523011434631826,-0.1547394633107501,-0.1627385060478095,-0.1676034626554737,-0.17467732805585143,-0.18123252830699285,-0.19247131753223704,-0.20384289572476605,-0.21939697934250177,-0.23232944609810002,-0.24504263511652952,-0.2697000208289145,-0.28582103826746336,-0.29902317529008576,-0.313620561427742,-0.3421233266891609,-0.35703197762583044,-0.3777268082755562,-0.4126068525422057,-0.41321456933697537,-0.43657634112893723,-0.47163356157852554,-0.4786828722860868,-0.45125081085456487,-0.4952629134797617,-0.49409954891107544,-0.471204595152345,-0.48457539458721377,-0.48830123001970616,-0.46116754845139013,-0.4708390787642546,-0.4642041211146676,-0.46002490130805523,-0.44896627144111145,-0.43268049861518404,-0.4229940590473214,-0.41900642178159936,-0.38415082740343826,-0.379734195203317,-0.36931484728251623,-0.34822182512950467,-0.3350490374381561,-0.31185362035347514,-0.2893649951209017,-0.2701182437176376,-0.2519275805019645,-0.22651153272428148,-0.23373187264037953,-0.16456387526717278
-0.0515634990993168,8.093171918281844e+37,0,0,0,0,0,0,0,0,0,0,0,0,0,0,-0.20225363458934648,-0.15971294828584767,-0.17029675826053317,1.2954437621253331e+38,0,0,0,-0.2881328962552732,-0.4065386172240691,-0.5748189597642344,-0.6492713833174224,-0.6142814800778784,-0.6359276814636237,-0.6306225267460143,-0.5899360020604367,-0.6122260191636205,-0.6054390505320396,-0.5790525134120842,-0.5768456395485786,-0.577497664836433,-0.5641900579968252,-0.5605241638047525,-0.5407822662089545,-0.5183883456254559,-0.5124558374046636,-0.48833326106326536,-0.478507700242319,-0.4416589807698495,-0.42307504629054515,-0.4109850036288852,-0.39729240558123247,-0.3836375648032924,-0.38472556085574405,-0.3916254946858336
0,0,0,0,0,0,0,0,0,0,0,0,0,0,0,0,0,0,0,0,0,2.4639275067858954e+38,2.232909210589848e+38,0,0,0,-0.7334609991027659,-0.7527230306026176,-0.7721017046797224,-0.7940556401368806,-0.7479901383945029,-0.7714124867894189,-0.7561483250522828,-0.7237255588786514,-0.728167988229342,-0.7127657816560076,-0.6904546065759056,-0.7010743149181149,-0.6839348377733235,-0.6874811124091408,-0.6687238334665755,-0.6483492186186313,-0.6278997931077271,-0.6115536863420319,-0.5755305335116315,-0.5565700173080153,-0.5406018384363919,-0.5202824008750148,-0.5064314979280701,-0.5166687656509019
0,0,0,0,0,0,0,0,0.11663116395498353,-0.6067091572087276,-0.6398847334280092,-0.655958905687587,-0.7511065563204817,-0.7525887347536446,-0.7771164238764995,-0.7743367013544399,-0.8160856728443523,-0.8129330918811213,-0.8352341436791075,-0.8522073941038951,-0.8508123006320173,-0.8574648855681265,-0.8885559750934395,-0.9025766845438296,-0.9130364249225271,-0.9407350614775357,-0.9418927787894341,-0.9524409107152434,-0.9651945521787038,-0.9657642206773381,-0.9339946334578572,-0.943481507104484,-0.9426246734963633,-0.9179302191384432,-0.9062317426420069,-0.9216668597769239,-0.9199190130754775,-0.9116737652386537,-0.9101034915075041,-0.8956633365141252,-0.880681006744874,-0.8599971915445526,-0.8407983348280519,-0.825761405930465,-0.7929725110390481,-0.7616897648467146,-0.7302020930111535,-0.7147122487066047,-0.7013150274847653,-0.6948549939474187
0,0,-0.573386854374512,-0.6303320701579102,-0.6431718808553311,-0.6665928991841921,-0.7860808848243324,-0.8303639867055415,-0.8405746472035094,-0.8923705299214683,-0.9168549139686061,-0.9251776738714801,-0.9699624902358432,-0.9860567401867815,-1.0062763535311507,-1.0106919155244043,-1.0632741543005422,-1.077304766075802,-1.0864920875397979,-1.1099265265310765,-1.1211694191723687,-1.131857953049362,-1.1668033980132615,-1.1854501993921485,-1.1629341921501994,-1.1874388606316593,-1.1963633653970465,-1.181832503639908,-1.1946634256771262,-1.1934835965800983,-1.1850052656584902,-1.1962224725360178,-1.201727686077858,-1.184536032625279,-1.182072939107949,-1.1889721084013447,-1.166818286635817,-1.1546564717127512,-1.1723827397920286,-1.1530573514260285,-1.1392232173909653,-1.1261799889748751,-1.107299362380879,-1.0932736657649702,-1.0575798816551247,-1.0372355051334055,-1.0005435084829073,-0.9516343786318865,-0.9281923161380616,-0.8997273528528896
-0.6321880668027354,-0.6612420673157082,-0.6910126113464122,-0.7547236145800034,-0.7882066561826939,-0.8279407671278181,-0.8878152801020011,-0.915790077476167,-0.9509858534638084,-1.0211283368803372,-1.063194906758604,-1.0871440864747701,-1.1536097342280853,-1.1841197320850088,-1.2043272741053903,-1.2361129236095154,-1.2949091163233688,-1.318793846671323,-1.3541767721131697,-1.4072804072138003,-1.400994867369643,-1.418639745611223,-1.4699424873396312,-1.480945477436348,-1.483502842343291,-1.5186263535234696,-1.5221554962495965,-1.521519290774471,-1.5425479083494085,-1.5435626618066167,-1.528773695052148,-1.5538619699483383,-1.5506346530112125,-1.548651443307854,-1.5368071502786178,-1.5615382842547916,-1.5313823521473418,-1.5026085619029184,-1.516858472637739,-1.4811492777745139,-1.490011137701233,-1.4770390887552995,-1.4519835071734182,-1.4157970776642979,-1.4044103380694677,-1.3717100402515385,-1.3271838234285953,-1.266251914250817,-1.25191485216849,-1.1936789030566142
-0.5487685076250874,-0.5894265866115745,-0.6198846211679491,-0.7025936589487108,-0.7561690596577082,-0.8081898576012553,-0.869284804298588,-0.9304880244448557,-0.9978829840934373,-1.0685313867144774,-1.1202750467411053,-1.1661961025808778,-1.2375580355250755,-1.279421139257686,-1.3421036121506043,-1.3962083447322613,-1.5028884431840352,-1.5341960256195317,-1.6020799271385766,-1.7190263349079349,-1.7338690268369343,-1.7627942074313343,-1.8268346478655548,-1.85170554677667,-1.8570743600591335,-1.9160154921867019,-1.9213371755324185,-1.9237906491872185,-1.9518268066232214,-1.9695117336445145,-1.952287375668921,-1.973690638532573,-1.9521929929499293,-1.9500677947670286,-1.9473161408194555,-1.9702113829176422,-1.948931122996971,-1.9079258206149996,-1.9609135509276974,-1.8867801975203555,-1.9010307880039061,-1.9103122635343621,-1.8965448137600645,-1.8924729293206188,-1.8787908822738952,-1.8601184657855305,-1.8065328978251436,-1.7571059330924625,-1.7176494262887472,-1.6660574226615532
-0.40657732636294114,-0.4684937720157668,-0.5216830855000558,-0.5845233422082049,-0.6286818871400602,-0.6606410159317356,-0.7223211868725353,-0.7642448889384895,-0.8287468723556337,-0.9256971101429383,-0.9847096438005429,-1.0735431271456357,-1.194825894486626,-1.2526124330725272,-1.3394991503005085,-1.4155814900135806,-1.5664158378061415,-1.6604981536098222,-1.7455772722785066,-1.8855802478058787,-1.9373976831483244,-1.9992246088745194,-2.115432249858183,-2.160023587301581,-2.207429545089213,-2.3147105191875053,-2.3203480961108727,-2.282224992810784,-2.423198328737941,-2.4817074622877007,-2.5324221832214158,-2.6308517014697044,-2.62312685517419,-2.621507575559207,-2.6223106979548096,-2.64619946487254,-2.6160684208331544,-2.6394816279557625,-2.6748349928760193,-2.6394764569363622,-2.5834174365221223,-2.6348824793999075,-2.59078590901065,-2.5519581398702247,-2.5473556646893742,-2.507390574187759,-2.4501400857790294,-2.4133733101338537,-2.3801810985025997,-2.2774725995965697
0,0,0,0,0,-0.5247628583983523,-0.621888748004024,-0.6735177383937367,-0.7281460745371454,-0.7925917375875816,-0.8398212782449984,-0.9313520339423981,-1.0457432707050012,-1.1236713885178682,-1.2603381993936984,-1.3572753506896895,-1.5422210200127888,-1.7195256494818338,-1.8505266275436243,-2.092477233458735,-2.222001787021654,-2.346021368305327,-2.490193258350013,-2.5726652301397275,-2.6592214557647655,-2.792713559423057,-2.878487974549899,-2.9103637598118963,-3.0357459168695384,-3.090007875135275,-3.091373447209209,-3.1843457172057743,-3.1950403413653428,-3.2236128085059743,-3.252916539234054,-3.3538497073588442,-3.340486670322536,-3.3438806696254857,-3.4103410733587283,-3.3773892767881977,-3.387867622662945,-3.4313381212616867,-3.407506934742892,-3.3623753139216603,-3.3517312994302415,-3.3431167153122834,-3.259424945382204,-3.2150077382507347,-3.179053348149286,-3.0419351179564527
0,0,0,0,0,0,0,-0.5175725942834746,-0.5322723001523213,-0.5814957711545786,-0.6227594545818074,-0.7520348545472533,-0.9093391746366574,-1.0133539181493099,-1.1586098591315026,-1.2534791388302315,-1.3928678062345126,-1.538643128232964,-1.6550646677963323,-1.8332840664833294,-2.0107507867332184,-2.1729762409640174,-2.4355448568683418,-2.597930820392248,-2.7570453484740467,-2.950532795045776,-3.0431784275536216,-3.1451905152218584,-3.385682286870186,-3.455951146043077,-3.563277848719169,-3.7363931620499735,-3.822268031398752,-3.8632390144000426,-3.938980890193867,-4.075479063429665,-4.08573941454651,-4.114761730928993,-4.195100360010185,-4.195809819264981,-4.2120501068102945,-4.285979682452636,-4.296967204379776,-4.195156876383554,-4.210508631045573,-4.216930962703399,-4.108813223174142,-4.044081129807809,-4.004720122321153,-3.856933675748933
0,0,0,0,0,0,0,0,0,0,0,-0.268941673277996,-0.357844658034817,-0.5677050589281587,-0.7593027406595295,-0.8939452575970033,-1.0962697659521257,-1.3036573429231038,-1.4182194495734772,-1.6005077696253818,-1.78497574970735,-1.9393114211894216,-2.202019605330383,-2.368168020627585,-2.6282198148306173,-2.9567282717757437,-3.1509253607403567,-3.338318167686511,-3.5679935658950845,-3.664486792143018,-3.77338433451651,-4.089376408074483,-4.189598168522111,-4.3268280597645825,-4.42240241591384,-4.655764119513517,-4.702220926023806,-4.78881722371001,-5.036527280050614,-5.072447700549759,-5.175299240664725,-5.412119338777813,-5.615101806220097,-5.491527749190453,-5.771711544239196,-5.7110750083785184,-5.6163387601541,-5.565193918482938,-5.49383582227031,-5.348816425316737
0,0,0,0,0,0,0,0,0,0,0,0,0,-0.3353090751561163,-0.7696181073658369,-0.7567189030674439,-1.0046866251769306,-1.1993037294681965,-1.3512711175964736,-1.5977964391942296,-1.8166558843137868,-1.9553923470323966,-2.184612659983286,-2.351378234261796,-2.6131962173176904,-3.0015237105170005,-3.171860078471253,-3.411405733992577,-3.6910475111273287,-3.8580122116515905,-4.065539394817191,-4.42347703734489,-4.646784144748432,-4.8937178597141395,-5.111529834546335,-5.409210440793347,-5.533967645780459,-5.67789232778321,-5.932281126805677,-5.960858242935035,-6.11297616744922,-6.342029264498876,-6.453486824790561,-6.348912045991825,-6.558498529647856,-6.470905169001105,-6.4170197970260405,-6.374144039349886,-6.260351137110599,-6.012356935645837
0,0,0,0,0.13596239968183346,0,0,0,-0.07333611795176348,0,0,0,0,0,0,0,0,0,0,-1.4529249198034078,-1.3149672183132273,-1.5828807943600138,-1.9848624734388818,-2.2726285081279896,-2.651906979121978,-3.1389732065229636,-3.4071673248794965,-3.6948542034385063,-4.133687369437956,-4.354654607637435,-4.5728737878859755,-4.831664118262421,-4.956786848602822,-5.134348327634315,-5.35706813565157,-5.74753690993957,-5.987829473222687,-6.17771171644397,-6.4919041428313,-6.574791768093127,-6.611885821330897,-6.872195311989728,-6.904349673554355,-6.663521889924054,-6.788988219569146,-6.755394390278412,-6.600238094140575,-6.829609444883755,-6.762228098571164,-6.4254223507777555
0,0,0,0,0,0,0,0,0,0,0,0,0,0,0,-5.5875141730571985e+37,0.08616890435702904,0.2008839650490577,-0.647189435227694,-0.35434505563920243,-0.2631927418698489,-0.4882295695271396,-1.3047422282159227,-1.8351565103800864,-1.9707603738553792,-2.4034766546738804,-2.685988256968392,-3.1737679932669187,-3.623240924902003,-3.8764512210833293,-4.187289581934713,-4.64472025023529,-4.885393182587021,-5.294120269828213,-5.561594464091343,-5.875218143165641,-6.155887363407109,-6.304952182134893,-6.52005642548324,-6.621991277958055,-6.636032377128644,-6.650688538816763,-6.618481875039654,-6.407949207420007,-6.506924405788091,-6.450949841341333,-6.033879270746638,-6.19601703393141,-6.0665051591879715,-5.741268558138339
0,0,0,0,0,0,0,0,0,0,0,0,0,0,0,0,0,0,0,0,-0.279147536700896,-0.46973290113454313,-0.8030336523695656,-1.033053280387751,-1.4678934327613478,-2.102560171865178,-2.50643826604173,-3.0373423874303787,-3.2914838821742842,-3.2431657417583044,-3.247693280554933,-3.611727436793788,-3.8661806363714772,-4.241677729731497,-4.347015512522303,-4.547872772387455,-5.2550452770143945,-5.5868019399315845,-5.946199176817203,-6.372001943882481,-6.4415456134476665,-6.477201605342957,-6.479327226968634,-6.343601624350343,-6.497981070749544,-6.370949072905762,-5.864940376851091,-5.990342936498112,-5.677732114955075,-5.373162319399472
0,0,0,0,0,0,0,0,0,0,0.10486165792353506,0.2800213968260573,0.3214919328027919,0.3132088300335361,0.37393003309710254,0.3681680695103335,0.352259693799429,0.3105418534961068,0.3106047218583275,0.2776240343128311,0.11282707881602565,-0.03440613436768045,-0.08343269771758656,1.1403033024959162,-1.02657765263152,-1.1170218071821514,-1.1654424304885194,-1.6937293834516227,-2.113203841788307,-2.365228022083775,-2.523908808491609,-2.31465016032936,-2.169495207138655,-2.638581998211401,-2.8508670126488314,-3.1623559879361234,-3.411958333504998,-3.3936498184429595,-3.671004613305896,-4.579018001263745,-5.025726559604202,-5.63896610805394,-5.8496595022144975,-6.046831554185562,-6.147326063857636,-6.096475806615054,-5.531600529383205,-5.382539247336195,-5.283798332681267,-4.752339645199705
