jsons/1312812000.json
{"header": {"parameterUnit": "m", "parameterNumber": 3, "dx": 0.1, "dy": 0.5, "parameterNumberName": "Northward wave", "la1": 40.97354507446295, "la2": 16.46031188964855, "parameterCategory": 2, "lo2": 133.9931640625001, "nx": 191, "ny": 50, "refTime": "2011-08-05 8:00:00", "lo1": 114.97908020019554}, "data":
[rows 22 to 43 of 50, columns 100 to 149 of 191]
0.8875906906174345,0.8274528517990922,0.7067989218451753,0.6767040587036218,0.6593628213192192,0.6103019405364499,0.5937893703734024,0.5754039000969707,0.5610841845851301,0.5636685440876659,0.5606025617909325,0.5554344758103317,0.5322112934043781,0.5185349846404372,0.516748891560135,0.5236404116588762,0.5187248186149478,0.5007026399354304,0.474826653158206,0.46252614925455987,0.4468926860475383,0.4035000582949309,0.3897889905015208,0.3694766801990857,0.36262520441687374,0.36870950241142125,0.379121242778043,0.3961075423296792,0.43759921604219565,0.4547783566546916,0.47904447233904907,0.5195189432183344,0.5418317718210325,0.5631057632096379,0.5907208062485042,0.6068050717383575,0.6351229283713635,0.672268071407979,0.6914840786868207,0.7232121265688721,0.7517862015509231,0.7966496574991466,0.8541814204708413,0.9061578808167097,0.9201280428581237,0.9366785593430508,0.9579334544840976,0.9669262502547892,0.9951494441921064,0.9840206165837806
0.9327299380319057,0.9042981557577028,0.795430344057225,0.775087483307016,0.7210825065889044,0.6717728553917962,0.62211436725556,0.6083816519738794,0.5889657910059037,0.5644113940781437,0.5459448280726488,0.5253022009595403,0.4911236029069226,0.49351410803049917,0.4967823733197829,0.45391141948358693,0.45147999765679336,0.4540053564257437,0.4253197013980878,0.4172446079371356,0.4040956673705176,0.3463598472080495,0.40056711499459563,0.4415509705187204,0.42942460455264025,0.4334432951334324,0.43728943751647964,0.4447945188256699,0.4724523192895333,0.4965621081082692,0.5127063714810195,0.5521707005182982,0.5654655912405301,0.5762494899116319,0.6379619509866831,0.6475040721094635,0.674141853559728,0.763124878527868,0.817278720026867,0.8324557039035309,0.8819567973593935,0.9276891102720228,0.9577020582533677,1.0113526003930955,1.0300287572681464,1.0617406582729805,1.066514799495742,1.0795754556227668,1.0928726614770812,1.1040894188387789
0.9250562177916182,0.920546790284469,0.8830915710399996,0.8735697237815278,0.8487381568055165,0.7942465468497342,0.7533449838789388,0.7355231725151083,0.6860462652989524,0.6610283479297485,0.6443846710387835,0.6345931222083591,0.624155457471464,0.6091119110127229,0.5916859300314306,0.5745342131788742,0.5553286893575865,0.5471021827636892,0.5496281970288129,0.5654575673671166,0.5840117197667425,0.547956420250369,0.543636613448632,0.5555115351697134,0.5845425529672221,0.5757914380956067,0.5824432561989239,0.5895010127966958,0.6010893689974295,0.6196382501472804,0.6234932559357672,0.6326222673373282,0.6570887265188274,0.6818038571672306,0.738666384368619,0.7978094378898942,0.8204806364451634,0.9140609840918729,0.942762622354518,0.9869643464031822,1.0523630547356218,1.0691341188754695,1.084344815539662,1.1256858503790959,1.1439863093496305,1.1654519381202346,1.1672721653103018,1.156991460343996,1.1685956365064678,1.1690746869901447
0.9353846015862114,0.9268863513492811,0.9206276988197789,0.9194787867472244,0.9002657865466502,0.8760463541164364,0.8618509827864271,0.8587146422353772,0.7887676196423601,0.7654401380586517,0.7684544870820352,0.73361841915326,0.6942368708498075,0.6494611332761553,0.6581943615792298,0.6405857576515253,0.6541368149068028,0.6610830329705436,0.6483137524888911,0.6314365868901296,0.6114970691320726,0.5874129771272167,0.5944870354818768,0.58797654273208,0.652363009964277,0.6752556857567525,0.7025055184377441,0.722775808346747,0.7391057132096323,0.7456148952643168,0.7448827440917319,0.801433323267978,0.78886781595752,0.7730687458143387,0.768445294605541,0.7946906836193576,0.8398535247165362,0.920405835073427,0.956691596019894,1.0003600690531482,0.9009761550960387,-0.2778106329032782,0.7956911349924299,0.9426818579990244,0.8388544690250596,0.7601397405442838,-0.7417344935063416,-0.7815997782187258,-0.5170172118553678,0.18430134010120813
0.9296949305807569,0.9382486146162498,0.923891901758299,0.9159461511235397,0.9118870845496149,0.9159332000430861,0.9136886704719402,0.9137895564323663,0.8901079309407719,0.8842166228242138,0.8737965747574797,0.8650498726420893,0.8185944313228888,0.8072194823981019,0.7897626175486627,0.7550560544331536,0.7452604934823289,0.7192864141856561,0.6508867352963609,0.6672862972555779,0.6766430432788102,0.6807424629746436,0.6765114752918883,0.6881695658510407,0.6884292767592234,0.7008019702423323,0.7138911879044522,0.7020807252114745,0.7350735654925621,0.7571470032738854,0.7726817577376843,0.8147278236381689,0.841727529320852,0.8664756171050688,0.929716189009929,0.9753457087304829,1.0019081405977173,0.9568263627816213,0.8081170527775916,0.9071282420985923,0.8767177384818144,0.9421429209336751,0.9782651900077741,0.9654861000231679,0.9360648548434304,0.9446883364626633,0.8553639222800357,0.8746775444461238,0.7538798727474556,0.7255623419378382
0.9191768730901823,0.9122602744794912,0.9055348860166392,0.9012690350968683,0.9035289110977182,0.9020855949238202,0.9055062452234494,0.9075997606223543,0.8920443278736405,0.8817601866764322,0.8682485748150712,0.8539984569542391,0.8299449458233671,0.832699202642537,0.8203926968238665,0.7483545232564981,0.7602084131310427,0.7457302782484201,0.7492978630108588,0.7358527721788447,0.7551609568669603,0.7778876948192767,0.7793483395971739,0.7935231666588421,0.7794587195511367,0.7867186976896338,0.8006580644915663,0.7801035241571757,0.7807855330269504,0.7883475106466087,0.7679535100106717,0.7868071035860584,0.8017802999394608,0.7994469843372575,0.8172093222745094,0.832284314732694,0.8381456144797795,0.8107194689546773,0.8551800099954546,0.8641689908976617,0.8863685947434752,0.8960980273957452,0.8907555837035299,0.8334085073326438,0.8329023828179901,0.8271209215795804,0.853342274277059,0.8911643282725343,0.9306190555340411,0.9573134418857719
0.8919439269336361,0.8924750072657323,0.8930638882291426,0.8863290837647954,0.8858066833080377,0.8741541038413978,0.8563095070412033,0.8590449701007064,0.8753944929113288,0.8527000811236365,0.8479980745997729,0.8286432822466532,0.8095781290910754,0.8095994815176817,0.7986717391021612,0.7885349258945284,0.7767806118812445,0.7812078434920956,0.7927646636198502,0.8146624887884056,0.8232402370808775,0.8462236792590537,0.8589275842558947,0.8736303730793098,0.8979597235772588,0.9002448908019247,0.8688914197838085,0.8623636927130239,0.8993482523721046,-0.9065604335908479,-0.03167394335652948,0.7648477514718897,0.5650575082142965,-0.5167098951458731,0.5801080403243887,0.7963977452794033,0.8616544448480323,0.9078495457177497,0.947282986875219,0.9414068272029203,0.9298350963240851,0.9251557410540143,0.9265661787838511,0.9601211389184319,0.9703229800036657,1.0069571876724794,1.018613612756318,1.0249188723472227,1.039256388057325,1.0627749067899266
0.8873593149699562,0.8876140534735667,0.8846880214280952,0.8798410758302428,0.8808745203863194,0.8733075440976333,0.8675820310581582,0.8674977064396988,0.845323604433551,0.8380156006836914,0.8313614610404729,0.824214261909295,0.8138992371256003,0.8064666619798484,0.7975462504774459,0.7924794270162513,0.8002277934378157,0.8216727079994796,0.8275624281934582,0.8329404701291868,0.8342223924153547,0.8621005833724302,0.8801159221097559,0.8931886421406304,0.9347559711584683,0.8360733668166915,-0.8519248365434331,0.6406633016494292,-0.5805901231948304,-0.6583524336089537,-0.4641132932475904,-0.3463130237373367,-0.3435250685331853,-0.33556373011499535,-0.3114412341884329,-0.31923075665600514,-0.23855486326772146,-0.09693600998515373,0.02242103530008862,0.10809892005211863,0.43763638898622903,0.655666145740404,0.7181311102613267,0.8323226637266391,0.8851783267613546,0.9159625978850561,0.9671365450886998,1.0211883456121884,1.046672065578579,1.0737420680710146
0.8829792855529637,0.8797583242372387,0.8790139482308924,0.8809168956615944,0.8862613016014704,0.8766459491572166,0.8696467371080717,0.8642085152239599,0.8595980770248561,0.8558741811089067,0.8425509249046874,0.8375935628985236,0.8298158549895194,0.840108971637405,0.8237539557853467,0.808019809237474,0.8054698555011328,0.8129466480720702,0.8100179880781164,0.8183198929051602,0.8288936007990878,0.8365858794235521,0.8420818211725618,0.8544793525207781,0.8759608676029108,0.8870138179283552,0.8548262746089381,0.8468146470642286,0.7464525296273269,0.644191215321091,0.5020147417664467,0.3208534429219973,0.31793155279555896,0.31509457705776867,0.2936955085978059,0.30056841801398654,0.27640284004988186,0.31976768272934825,0.308284834228811,0.32527450872914615,0.3466915226798796,0.39903339062112986,0.43180238100473267,0.5417522702729836,0.5761461253937437,0.6107652887882364,0.7149512470237299,0.7915726724624275,0.8405643916740538,0.8908037200785343
0.8910054724593035,0.8540931629364364,0.7456485728801409,0.6686275294132064,0.802215370364382,0.8792675189417816,0.8779453004383563,0.8789982034118792,0.8553344982204195,0.8577458237485042,0.8627873651352301,0.8625026906749155,0.8308562578619656,0.8418911107617756,0.8444225900624849,0.8519002635176536,0.8548215100291036,0.853549783258899,0.8377462705309611,0.8394174469015169,0.8485648701986769,0.8548631863803131,0.8585059476289449,0.8549377162743592,0.8481516757857457,0.8573182984422196,0.871894665074495,0.8809931905836909,0.9098064584849928,0.9262362659393374,0.9249068129297493,0.9321975875846559,0.9293803426478411,0.9172924390458349,0.9124944586815592,0.8982889568351717,0.8923299235394034,0.8692694297706475,0.8652097930598653,0.8808951943483874,0.8204657143905256,0.8197023972972396,0.7978837811835258,0.7654053995486959,0.7753523548102421,0.7489911334774719,0.758276628903695,0.8028673723805263,0.8045112668225356,0.807667720095874
0.9039530585284804,0.8846095855902547,0.4269347764810566,0.016197217344654676,0.04707032253513715,-0.4249193893457834,0.6044476373127614,0.8774265183654804,0.8743612470024197,0.869921415607248,0.8747350475971654,0.8784923782724501,0.8760217013611706,0.879184714953903,0.8828393597106379,0.8891843867004601,0.896212814270469,0.8941453814736028,0.8826917589987818,0.882583509003124,0.8855508627490473,0.8921197658586114,0.8948641148639491,0.9020698005184042,0.9144659295408117,0.9223114228276532,0.9406174257481373,0.9520096713450878,0.9756489393556057,0.990704163943884,1.00681356703249,1.0245135605096545,1.0394136810930723,1.0390223156597815,1.0525595557195513,1.0619724514697353,1.066490643281644,1.0682727247953507,1.0684220868568186,1.0673204420010902,1.066018255269665,1.0632637819402337,1.0645835953785912,1.0612920720265384,1.0613840056652668,1.0603445945184466,1.0527679176399969,1.0368744984494296,1.032291856019515,1.0359636861252552
0.9684561866349498,0.9505785627905052,0.9062145623658451,0.8615974018168924,0.8178926243014645,0.8183131345903273,0.8401130675213151,0.8555215465352369,0.8631079798662563,0.8650662389273089,0.8709349944018807,0.8762010498174573,0.8905520515781558,0.8945895032139976,0.898978851487303,0.9020405078889039,0.9078814701904981,0.909603859321894,0.9126168812570531,0.9140124367390848,0.9170676642718535,0.9138426731515007,0.9193007294777087,0.9245346610216874,0.9230166405576774,0.9331235752741539,0.9613846513242905,0.9810221330021394,0.9979284502156187,1.0182892757723851,1.004362845538084,1.0024080140388603,0.5965537791019462,-0.30749861733957135,0.7722470062541936,0.7679395944297096,0.41713335274123137,0.919120709938245,0.5874239674762004,0.9195235428682484,0.976697842198732,0.9858784498198064,1.046465895298183,0.8897062706490998,0.7979642061867586,1.0167364807541455,1.1079941433779237,0.9040769735974473,1.0009840748264829,1.064516048281286
0.9056382391940582,0.6995581820899037,-0.9569875555485529,0.9819690939682435,0.917711840817919,0.9532342242347166,0.9485723290928452,0.9491623592776477,0.9612600338682281,0.9682740165376031,0.9725445720759628,0.9741327720068782,0.9720709137998703,0.9692219985445109,0.9719303814033059,0.9717708944328326,0.9684596739478718,0.9680352925651654,0.9700514243811903,0.9687429493521614,0.9727206611851491,0.9772133690823949,0.9823943806236992,0.9841411455011035,0.9753942474126261,0.9773087545417446,0.9848458436886918,0.9889540656113759,0.9940171375545996,1.010648355310026,1.0102978500767257,0.9352296827738459,1.0336223526610147,0.21889518876651382,0.1550850338206698,0.627342178820686,0.8378522165971212,1.02387253087203,1.0036532091519912,1.031361913077494,0.9662125177035442,1.001485665499454,1.0567704087957472,1.0114315810695975,1.1045297683188882,1.1335864191818892,0.9905396622828943,0.7807517852851003,0.09564103396318109,-0.8434809291279876
0.9882449686352442,1.0071875103282726,1.0378503482367336,1.0036618112894986,1.0228234129170357,0.9579357644558342,0.881836415113387,0.7182040410035755,0.2165347921429552,-0.779964291259762,0.08483248233105659,0.9436340601729452,-0.863167167583163,0.7432789554717717,0.8587450951303691,-0.4198310873429658,-0.07268719319213593,0.7863177204696278,-0.8111594649744709,-0.7101675160272259,0.24855013533390433,0.671194109724985,1.0106433502929923,0.7379057155999108,0.9884703246372318,0.9634520826836087,0.8576154588718135,0.9132828738511082,0.9847123545146527,0.9422533527147139,0.6693851742486574,1.0380215681543736,-0.44082706637800345,-0.6223933223160432,0.9416184948653181,0.9227766348417172,0.9591897595679126,1.0519022101475088,1.0680278876278027,1.0976220756711506,1.0996959982552323,1.0987543149871295,1.1040182334649615,1.1055729455175671,1.1087452059443088,1.1167532568878298,1.1207353313797053,1.1286428513735831,1.1429586428757925,1.1426617201617542
0.9335729691627446,0.9477653136289993,0.9776288540174402,1.006076451417181,1.0085925793706525,1.0324821220370317,1.0392908710885618,1.0325126548146537,1.0375776178159681,1.0411871738069938,1.0356408919318112,1.0342864649754862,1.039682638873145,1.0443663861333539,1.044741277187769,1.042496653448962,1.047788646819616,1.0470946861629957,1.011489520385636,1.0235246858917564,1.0353623234432916,0.9947807228746239,1.0150987523141202,1.062136681992572,1.0356786132764413,1.0024995972435227,1.0504990670963805,0.39410663285686787,0.0386260060562351,0.36915935850183373,0.7629715008693386,0.7119612475340602,0.965290125777021,1.0664445740595314,0.42673433787498904,0.4242277858349003,0.7642059731118002,1.0770144784814328,1.0610421867966147,1.083840664362363,1.1069391213493613,1.1043636978725806,1.1038618008252958,1.1014702100208191,1.1029314705561724,1.1085411941957661,1.1164351050779058,1.1212748601339542,1.11608762785188,1.1085531387190461
0.9577249338187708,0.9690915114263376,1.0109614953150423,1.0200205009130474,1.0221720146084246,1.0822117238516153,1.0805380397145006,1.0874308896957077,1.104673806854277,1.1096398907612246,1.099123772540285,1.0958708023595913,1.091712712178259,1.090350130799191,1.088010649745361,1.087254187807429,1.0890814304038932,1.0962439499863288,1.0991740444730165,1.0904327103622675,1.0934155045452427,1.0988944584955675,1.1016636681647818,1.1044385948848168,1.1081245898723535,1.1167167256246606,1.1147426034888348,1.1139075681634734,1.117463651249438,1.11431082939067,1.1106525788005277,1.1093185227191569,1.1047507717339675,1.1017976243577894,1.1070047727759753,1.1203960761395049,1.1194436460934791,1.1135839023895233,1.1105119092124471,1.1024481164915687,1.091856813159993,1.0958621040233365,1.114131047042222,1.1160131837129543,1.118204644270713,1.1205370311392753,1.1187582642522143,1.1132039126532014,1.111805743636426,1.1110463078710704
0.9186787502701814,0.9255106819017054,0.969180405455871,0.977218131701298,0.9884640359099028,1.0360818478058849,1.0731799652111707,1.0754494230855645,1.1282392087248134,1.1302886861312451,1.117001346701028,1.1110615577548288,1.1142416290643733,1.1266369222723456,1.1302980706751184,1.1354107648287393,1.136946047047263,1.1261941206328272,1.1035476116160716,1.1057211446648414,1.1065186229901254,1.1240183491900484,1.1393797003116346,1.144729304442127,1.1376757523925258,1.1328945430314956,1.1382268665003898,1.1400084638042487,1.1449942600068477,1.1400519014676485,1.1380637864340557,1.1486312849364078,1.1409684947959113,1.1387226120900127,1.1355454788260164,1.1364784983063614,1.1364775059088117,1.1337627131495145,1.1303055111478546,1.1242810328123825,1.1205972133064357,1.1179596935567087,1.1187224401114277,1.1095158359407236,1.1027534711737454,1.1035229488274747,1.1047890353815608,1.1056187297331166,1.107419601342247,1.1083712129475767
0.9377540106313945,0.9436700707633847,0.9594913551542208,0.9668305677201424,0.9907590340843022,1.059185894776556,1.0660449214198453,1.065808865883488,1.0899747796379216,1.1016213143242548,1.0997637261358235,1.109682598927857,1.1287034299267158,1.1409858324699884,1.1541277439611224,1.1380662325313853,1.1188471634594097,1.1175253575458737,1.121452662209134,1.1269869558087595,1.1399158723374632,1.1581872799239865,1.1592130107905276,1.1601030486659358,1.1652503951956588,1.1660269523229092,1.1654022209750545,1.1655404869796815,1.170004960717294,1.1680972960140634,1.1723275944484988,1.1747097310176087,1.1613041932336232,1.154336228627221,1.153292099810598,1.1522687968370742,1.149729286393779,1.1449649267708093,1.137758660340344,1.131429376686018,1.1303566724716265,1.127941498827544,1.119273120115039,1.1133231404938633,1.1135813627031785,1.1122836007301746,1.1053862645453445,1.0884052391446595,1.079896130048089,1.0727920083602307
0.9777396707648458,0.9815463697372776,1.0124165555852471,1.0469953008553283,1.0590713117445087,1.0701835118269585,1.0863968122812049,1.097446871926494,1.1067558501310153,1.1400438440891614,1.1504444639111595,1.1745730977421223,1.1776544338540855,1.1715050362569488,1.1718989844489656,1.1714529240486364,1.1578392163897686,1.148820304393523,1.1573664453128167,1.1665105772101247,1.172966146596703,1.1739284156813692,1.1794868648340413,1.197660874172845,1.211842276585013,1.2173138533207215,1.2148120543773637,1.2090160893838455,1.1985898140247058,1.1905927470609394,1.189050807743795,1.1932929536960009,1.1842583166489566,1.1828557428881008,1.1817731260711828,1.1753446222457395,1.1675928011228691,1.1617314809914054,1.1535369996738303,1.1418732680596184,1.1371614396197203,1.133423998767656,1.1254155068263851,1.1018678809464049,1.0871713233379994,1.062952562265383,1.056502724457017,1.0513510631961174,1.0406236954539805,1.0236578035039927
1.031368957023877,1.0660468171115294,1.0536810938905605,1.0654893803810999,1.0824746557017317,1.1409548963406568,1.1948725646582812,1.23265028016746,1.195708279494542,1.1797330697239026,1.1694638965786466,1.1732838912477401,1.198918038656525,1.1913081319146714,1.1903220626263968,1.205098129165074,1.2035170612329045,1.2096467051238973,1.2223102732033209,1.219140092998304,1.2124259416025869,1.215928523588539,1.2255252405996961,1.2305835420456661,1.2374317400464132,1.2321102520420812,1.2228243498299858,1.216991245382202,1.2099891816049175,1.2044363583417124,1.2002535528879068,1.1961745717404295,1.1879964733174133,1.1798923909144854,1.1693012815569805,1.161322518486319,1.1577343948942318,1.136568793208964,1.121425636430817,1.1006367915510171,1.09325410550095,1.0887501108964464,1.069935901276829,1.0570143939405015,1.0417367964666977,1.0054338435847912,0.9771354417443224,0.9795054041441374,0,0
0.9909722119146392,1.00762377603178,1.0295383180362994,1.0472997743385735,1.0963551134811775,1.1388485206322754,1.1322402112816101,1.1130767596044397,1.08331364407195,1.123398352506261,1.1490204237691302,1.1688182400737366,1.2057410049085677,1.21978709711693,1.2392633698016642,1.2530109492335058,1.249357298535001,1.2516598665592509,1.2571468465867865,1.2637714209425162,1.2441834520047135,1.232858591904764,1.2266127468230799,1.224772711390615,1.232872384787867,1.2380234939558774,1.2337708925762503,1.2231316778684758,1.2118774183761163,1.214832684994878,1.211050973199073,1.2014856762201407,1.1819095668997726,1.172215590059244,1.1574274802958964,1.140546101329483,1.1359721863279308,1.1255032541592276,1.111344917372924,1.0917456320698418,1.0752125536113253,1.0571838978874335,-2.9032867205545665e+38,0,0,0,0,0,0,0
0.991971093451484,1.0075792614348422,1.0514914064851835,1.0700723603802549,1.070034576992395,1.0797136999110404,1.0904817261295179,1.1016084362414067,1.128487985797863,1.13762882239317,1.1543677804042507,1.163114240857896,1.1799206724351794,1.180952831164882,1.2063209779097237,1.2365216310503668,1.238071830167484,1.2377154877386607,1.2436854396320445,1.2443937009521082,1.2321914742238684,1.2029880313163617,1.188773808157376,1.1784139302417072,1.1800993348449889,1.1682337501891373,1.1632918446922047,1.1591781395299232,1.1579279317847624,1.162173458659441,1.1664637424442277,1.1507301856024217,1.1280658444559977,1.117507893657923,1.0920000967735661,1.0798903771055786,1.0773419299684457,0.30880984336091444,0,0,0,0,0,0,0,0,0,0,0,0
