jsons/1312909200.json
{"header": {"parameterUnit": "m", "parameterNumber": 2, "dx": 0.1, "dy": 0.5, "parameterNumberName": "Eastward wave", "la1": 40.97354507446295, "la2": 16.46031188964855, "parameterCategory": 2, "lo2": 133.9931640625001, "nx": 191, "ny": 50, "refTime": "2011-08-05 8:00:00", "lo1": 114.97908020019554}, "data":
[rows 22 to 43 of 50, columns 49 to 97 of 191]
0,0,0,0,0,0,0,0,0,0,0,0,0,0,0,0,0,0,0,-0.1735653145785232,-0.03926856489106049,-0.07671843725645143,0.06560264577970323,0.08321123909009345,-0.055542144465088976,-0.08711945464064326,0.07953512238652452,0.11048168565026639,0.16259089907656374,0.1877050695861847,0.20536837171758163,0.23208829430142383,0.24490479473706064,0.25586159203183473,0.2829392164264382,0.28024757397458244,0.3376927550780125,0.42155341934056356,0.45265072618405505,0.4552814441874593,0.4386987834029478,0.45962491820069573,0.4879205185464022,0.48817971180855274,0.5326974033464956,0.5575795186700251,0.5664166055646682,0.6271677317699654,0.6240634116744276
0,0,0,0,0,0,0,0,0,0,0,0,0,0,0,0,-0.00048108948746814536,0,0,0,0,0.016709144273244197,0.04900425155170179,0.06620199483598328,0.0636435091823643,0.1066283086044049,0.13830881333744266,0.15585681948197785,0.20631736057959085,0.23681471751961117,0.2577679730542597,0.2992717162977497,0.3490670443621103,0.3735316961622596,0.44478479331550635,0.45612118732423135,0.46972774340639056,0.4996550876445249,0.46511124747000365,0.4640306505196712,0.4764133854777497,0.4845676437004194,0.4606157609850152,0.4788929327198054,0.5311828092855714,0.5578463363572254,0.5848494667383184,0.6282613308034795,0.6394240563686199
0,0,0,0,0,0,0,0,0,0,0,0,0,0,0,0,0,0,0,0.06833595425058892,0.13075570511901938,0.1406985104885421,0.1562986744954184,0.17728416931167554,0.17585998024903915,0.22202423799292287,0.24750868424483094,0.2512060460890976,0.3092461476674583,0.3294130415838839,0.35659465045021954,0.4092543894483872,0.4318422775646232,0.44390133916327645,0.47304972687862484,0.46807783709805845,0.46330557946562545,0.5045234578671107,0.5622110404687859,0.5593541158170973,0.5664147924010361,0.570401525140434,0.5874592441778963,0.5937999896490334,0.6174875303003396,0.6305722957941751,0.6393793184985876,0.6439392863307963,0.635660428572052
0,0,0,0,0,0,0,0,0,0,0,0,0,0,0,0,3.3038944722661223e+38,-0.2039933713836773,0.1365377917492752,0.19068743888817752,0.23170734618101876,0.24653534942002367,0.25432054484815786,0.2754574219189706,0.2688098372439038,0.29415164242642317,0.3202093377977733,0.35270968476622777,0.41124420738691725,0.43504763095933624,0.44571344446830474,0.4991296137387338,0.5438896063729406,0.536614772004962,0.5267139604722256,0.5382893796864492,0.5483836804582344,0.5622138939197345,0.5691729445202054,0.5969036206336805,0.5969763397181261,0.6002797392949837,0.6204753282180887,0.6252278435256131,0.6295266402553075,0.6359903854982324,0.6388054079218874,0.6279329018525415,0.6175378587427143
0,0,0,0,0,0,0,0,0,0.05840347777387835,0.13259021096201484,0.182528020708142,0.24314751114897643,0.3049269712437996,0.3171041778925311,0.30306942022518923,0.3065949327544274,0.31153654351468923,0.29129759534536237,0.2617311890288293,0.2677557192380904,0.24193930066079575,0.23676282237119214,0.23070390837835952,0.24733929236243474,0.2930219831245648,0.3622569105014903,0.39908646782028895,0.48849233285893406,0.5057975370094946,0.5194183903770604,0.5445241337594123,0.5621949044606019,0.5623859388534511,0.5872214545780498,0.5874012783166934,0.5915759609849661,0.5982183423957251,0.5979045546934125,0.5958210118355778,0.5965870943521386,0.596836137383287,0.6084315047359882,0.6130821049161966,0.6033196520035532,0.5984660725028514,0.6049636336777382,0.5974930140684676,0.5752022959890076
0,0,0,0,0,0,0,0,0.18228334664303544,0.2333650904587629,0.2838501488273094,0.29718882208958936,0.3007971499848065,0.30022521432562915,0.29296860884848813,0.2767226399702435,0.2618532860115082,0.24291511008348352,0.2200901833362665,0.2092966913869253,0.214526463092591,0.2695711522974275,0.3008603250465626,0.3308584869700956,0.3607459475645782,0.46029321982195115,0.49873953403653654,0.5214623422397908,0.5648248568196791,0.5640401904060893,0.5683277581163648,0.575696983865002,0.5835234874810675,0.5872783950427974,0.59479528852195,0.595401821202855,0.5976729335839447,0.5939290722041708,0.5916471383841512,0.5934287050726529,0.6030135667871227,0.6057533056116593,0.6044549721841632,0.6088063532020896,0.5848980395246712,0.5489351416085142,0.5766175893522533,0.5831188808625797,0.5329656443126048
0,0,0,-0.2997327140962418,0.22976697099042734,0.251304757674741,0.246862609429326,0.2543322383688444,0.25174007859437453,0.25916432014708546,0.27305263908502103,0.27490104267964477,0.24949368255412474,0.23284187410757262,0.20336341768524535,0.18799963992711136,0.15794567590939596,0.16281876819656366,0.1563522484235816,0.1864061893553682,0.22485775129254348,0.1762060106362144,0.3403629750167458,0.4122285763989438,0.4866089584991766,0.5368621273147689,0.5850693473863012,0.5971977741277796,0.5876795755017384,0.5868022838398022,0.5861238185793958,0.5799136472369502,0.5900446298630626,0.590174197752339,0.5955764095783893,0.597668975063888,0.6065114830936204,0.5947004301906252,0.5945094791471149,0.594518768315025,0.5909494531583803,0.5793285458339703,0.5651390600709947,0.5600705005016259,0.5383416727484686,0.5555777169249277,0.5624369361470108,0.5635653407704042,0.513312121228834
0.11911265073246761,0.16117919781696385,0.16670699321743376,0.16618656025367987,0.16451590586754716,0.17409852040013,0.1687118200541809,0.172578497808734,0.19676398518225496,0.16296141407378667,0.15558227288166246,0.13549850408206407,0.10545223957988499,0.1277595147444668,0.07522711975829545,0.02264404468289158,0.01735865684114597,-0.008617472253182153,0.006721022989719615,0.04333218082054631,0.09972124474674274,0.05203980140210638,0.31152004333714894,0.4317991425877496,0.5471487685038922,0.5939006610830236,0.5836718865824185,0.5844800719466904,0.5883249313156977,0.587880362717733,0.5873399464352027,0.5878369409047965,0.5812725666958501,0.5707983928935831,0.5789552416179122,0.5644675783759326,0.5463402818348951,0.5681872572540063,0.5556488393334661,0.5344800602829664,0.5769637942468845,0.5655795836087731,0.5546449052502015,0.5495792822361866,0.5427699175504412,0.5463606865214364,0.5294272925785264,0.45967710746069684,0.436192324314179
0.13894021399995832,0.14076210352417273,0.16404123326850328,0.13648853896897561,0.09797960603944997,0.08269299571193192,0.06850112366409493,0.07495111627138198,0.09670104050206287,0.013614182961054664,-0.03229021881524591,-0.1298217183831404,-0.2579153723467594,-0.32146777581741737,-0.3089783958001707,-0.2095998483818014,-0.19796261559297862,-0.17264633808456578,-0.3840541863948802,-0.35581909450711996,-0.36265549876696856,-0.3183097136968355,-0.2836536945063348,-0.028401882603554196,0.6291989908806039,0.49794933079511455,0.42083417880515944,0.40882459612363237,0.5283410109846856,0.5823711732871687,0.5433700688676326,0.4842145449324815,0.4458597996891165,0.5324058564866246,0.5285947405131834,0.5255935004370746,0.514677741649334,0.5024414661568884,0.5317095094992292,0.5258124021717746,0.4999750992856069,0.5407771725922971,0.5446766756365122,0.5538362757875703,0.5467955945744836,0.5260340131965596,0.48281411212713193,0.44233607255639545,0.4192029866195961
0.029530939372602993,0.021438199704367805,-0.015305461689437477,0.00022817713423417362,0.001704864097944792,-0.1557970044761341,-0.2225837613175876,-0.3008225432852182,-0.38338865378521914,-0.49211943158803806,-0.5715758995093757,-0.6058653342257604,-0.6357045257678604,-0.6187273158445971,-0.612382058999767,-0.6093768688220168,-0.6034120768408897,-0.6041104629921564,-0.6011966258461288,-0.5842968477233845,-0.5581157146133598,-0.5891664834554791,-0.5781917765532771,-0.5692707440893243,-0.38071631245846155,0.3547591982919002,0.594523347327405,0.6000272272588593,0.5123691287004032,0.5826758086226442,0.28966723093785773,-0.5811244442938485,-0.49743017480041307,-0.5249397669503554,0.49527925684456453,0.5441108686890931,0.19251460444852464,0.34371876821685876,0.38658084084668615,0.3662853760771238,0.34466119265684375,0.37958708000681896,0.4002536187915269,0.3853919591983845,0.3399670704760053,0.3276416284289089,0.3303495505105237,0.3926924319687545,0.4294858240197574
-0.2975294140400652,-0.31776726353395834,-0.38447019187095566,-0.44364516134313364,-0.5170176059561452,-0.598835687043859,-0.645774748375706,-0.679561356193568,-0.6842026664032705,-0.6522567787825816,-0.5845530185679317,-0.522951652399482,0,0,0,0,0,0,0,0,0,-0.24571931284361312,-0.3259720691747637,-0.31502112034974183,-0.2591843190606927,-0.044961081433144576,0.10127429901002588,0.08934889487189308,-0.30328996463160507,-0.534107950090567,-0.5700837952387491,-0.6071934044075912,-0.556296660848973,-0.5510578863920231,-0.6133700913086259,-0.6125151869483146,0.5971717495857349,0.48811761549732086,0.3524013515489393,0.3903557476340845,-0.35059524996031877,-0.27094322539227883,-0.2670851064762688,-0.4544232699743482,-0.006596246120288336,0.27825577444296457,0.2732116910539444,0.35253686398441164,0.3352861622480061
-0.5832560127166491,-0.6156687975111741,-0.6664198479751822,-0.6860259988876928,-0.7076861129209553,-0.6674340699834164,-0.6234877318610894,-0.48111450738425476,0,0,0,0,0,0,0,0,0,0,0,0,-0.03077942498773169,-0.2604703511206358,-0.3140396877389789,-0.3097795729429836,-0.30913140344848017,-0.3567832474322009,-0.2822110774399996,-0.15619260605485843,-0.3386862899049797,-0.11919578546587786,-0.6028892393049178,-0.5487289429738055,-0.34267376672030175,-0.4418579510247512,-0.10731353410863466,-0.21623912508161502,-0.1680000030857382,-0.19801519474617302,-0.42333481462115263,-0.4479453828744375,-0.5144822102515473,-0.5374792011579512,-0.2012210136523959,-0.34709110998746895,0.22323238801637307,0.4927232787749765,0.5757825061020554,0.5342887162295671,0.49765748244337166
-0.6558196456641691,-0.6765886434555255,-0.623620985904808,-0.5743564192214293,-0.48014239000259157,0,0,0,0,0,0,0,0,0,0,0,0,0,0.08368261964054541,-0.0812899769698777,-0.1334033669433953,-0.09456751893225317,-0.28498684467932617,-0.3338932459407698,-0.3559201542999324,-0.3249939671356891,-0.4328544439233061,-0.496752562108935,-0.6233969725329581,-0.65996111806454,-0.6637533927522475,-0.6516650319170922,-0.5824273182456587,-0.5580534174029358,-0.600633092682086,0.6323895253970421,0.37538562031846234,0.25412155800811537,0.3476118645048384,0.413217699948828,0.48767128462048964,0.4982638290133442,0.5122681042149525,0.5280533385428243,0.5480834672101226,0.561169017105323,0.5463392651752931,0.5110254088023567,0.4952783117639712
-0.5490053846128786,-0.38386961494678895,-0.16112483520244078,0,0,0,0,0,0,0,0,0,0,0,0,0,0,0.006976811921717049,-0.19706692817891705,-0.3062848163130748,-0.35851806627782423,-0.36573093238524473,-0.4444356812900288,-0.45731367772493375,-0.47547317121924115,-0.485061173937171,-0.5844641051666645,-0.620245392642798,-0.6587950942666372,-0.6768388795308042,-0.685268124863202,-0.64607653878176,-0.6101336161311773,-0.5280698026840379,-0.3334112010276422,-0.34131176848394806,-0.4561563853412883,0.6678672575201486,0.34638013406764206,0.31502596185186155,0.35783566129476885,0.37551498559571683,0.393977570636119,0.4100480874652959,0.44851474674383385,0.4670607892343721,0.5045349472797995,0.45818203980912875,0.4246882067915075
-0.33875211618700357,-0.3539670114807172,0.4388040549882504,0,0,0,0,0,0,0,0,0,0,0,0,-0.02043636219358769,-0.15542183766810694,-0.2248916403363837,-0.33706335214250976,-0.3746793282425981,-0.31907999632017015,-0.6813675638262714,-0.677555849952181,-0.6694385049318102,-0.6729426846963018,-0.6733253318878356,-0.6736159872272486,-0.6782173577381965,-0.6846304362329917,-0.7011191886277911,-0.7092022887912613,-0.7147835941714422,-0.6860873192265136,-0.6236289447581851,-0.47449673363580547,-0.3917500412941731,-0.33370335073166685,-0.4295753132892629,0.04261311745452241,0.2036324445591842,0.13557969089319583,0.15859194287032014,0.2155974262304922,0.23877600402894691,0.3644621292152829,0.3460462132326036,0.344186104438943,0.3208916244625076,0.2890163910187085
-0.24125566238743254,-0.19566118927619025,-0.15543413030058673,-0.30712559296179165,-0.4053662478802157,-0.3852404126335061,0,0,0,0,0,-0.43454343780796434,0.013529581563062618,-0.010199824945804565,-0.09927627641321767,-0.2711486743690498,-0.40202569639267033,-0.5267516393717503,-0.6989313959584739,-0.7064623595959942,-0.7193061970772728,-0.7187960321490935,-0.686718150275266,-0.633209462615423,-0.6456620645433614,-0.6733983854609119,-0.6787096050100392,-0.6852350003587323,-0.6996773055488943,-0.7120391152996116,-0.7156900877591673,-0.7094381837545851,-0.6800050801782537,-0.6347588688515513,-0.5060098029835834,-0.4829889838757427,-0.39168785313725873,-0.29260420561887984,-0.2592233059972894,-0.24038986746784685,-0.10544163632571148,-0.465845521821912,0.5564262146640273,0.43176442676992594,0.18866238164042054,0.1711028572255183,0.18166371409167617,0.20793231650029914,0.20983484087647003
-0.2289626747914061,-0.1863836166514881,-0.2991653471079341,-0.37604808494028846,-0.13515679036822476,0.30729280999640063,0.24181576540367752,0.2787099054822076,0.3913293100218044,0,0.0010272804028640915,-0.05740735897737153,-0.21948745035656686,-0.3562636429904625,-0.4719939738228614,-0.618510914041962,-0.6725016491770899,-0.7051690408895805,-0.7315011945175576,-0.7352856763289808,-0.7264496970772042,-0.6933826572893905,-0.666055716886741,-0.6415697719192158,-0.6060186661011009,-0.6495053850741201,-0.6559639137849738,-0.673174838016285,-0.6839787574650871,-0.7125488211641681,-0.701726602879125,-0.6344017660522618,-0.6112196144235565,-0.5937087432048008,-0.48352760449209176,-0.4498648498950291,-0.4426952638457402,-0.38567853503655825,-0.34980706817616813,-0.33632381993331456,-0.19276611074689626,-0.1678518304730839,-0.2676502350650915,-0.17484946196358103,-0.6933860024047185,-0.614000002769351,-0.5144495502344696,-0.38882298147173755,-0.5053013056407999
-0.44367089443003677,-0.45057300992287697,-0.4905628584073922,-0.463127826440138,-0.39409889867236875,-0.3131160949821644,-0.3288704624591132,-0.34604621792167845,-0.34362262616852285,-0.39276995400345016,-0.45881807655628887,-0.5018731062622336,-0.5996228345052276,-0.6798314630350182,-0.7216417158235838,-0.7600137706802701,-0.777879012788205,-0.7758386192607002,-0.7515689175858155,-0.7179732511506803,-0.6910265831305903,-0.6452783565340829,-0.5944571418847447,-0.5930706223678543,-0.6038167976271024,-0.6149049699175971,-0.6449756040835902,-0.6480065449254344,-0.6355716240504362,-0.6521254188162346,-0.6520493873220581,-0.6402588715810081,-0.6353223940039389,-0.6284299857207812,-0.5971791087191611,-0.5508293256911115,-0.5200696717402069,-0.41051023686710164,-0.37097099369120745,-0.3523208990616472,-0.30733139407497334,-0.27369018274280627,-0.26702921291384357,-0.2277533270287649,-0.15660019620334725,-0.1586761901414962,-0.1540644861141745,-0.17594042274777005,-0.18575164566299918
-0.5103526329686211,-0.5152638739716853,-0.5055110090842867,-0.5004925198483056,-0.517599060045017,-0.5141653815190139,-0.5259682872312611,-0.5715845278609581,-0.5767052298517781,-0.6021819992995133,-0.6510550272271104,-0.6954069621076742,-0.7353100928936303,-0.7828774739730163,-0.7949295610407734,-0.7779858724358244,-0.7857096248063684,-0.7745573512478964,-0.7392785739929292,-0.7268312244468825,-0.6877847818830497,-0.6657291839052133,-0.6522211050455677,-0.651352846712676,-0.6560237419264702,-0.6594981397963926,-0.6663516457777542,-0.667417632613966,-0.6458581855511798,-0.6464741958940294,-0.6347068386814065,-0.6107548370204116,-0.6121749715310868,-0.602076269643096,-0.5840040797928343,-0.5420081939374298,-0.4618867079671168,-0.42606896884188794,-0.3897148125877056,-0.37112850048953167,-0.3544643997910394,-0.3366986403739717,-0.33283732692612145,-0.3236729712526239,-0.3150860994757509,-0.28848587832031525,-0.28170217108101636,-0.2666466251210016,-0.25637144185208766
-0.5467538864285548,-0.5647812307783955,-0.5783118142790115,-0.5787763171543706,-0.6004723752117288,-0.6073832936170931,-0.6247912389373147,-0.6458255936418285,-0.67229665120277,-0.6910088608780968,-0.7496886301517686,-0.7587373698751455,-0.7643667501665617,-0.7974958241225732,-0.7848543789926875,-0.727838520435203,-0.7486548835536242,-0.7291275352482474,-0.7066185205774899,-0.6900640327275092,-0.6734396639783823,-0.658899844997969,-0.6519707772027838,-0.657581853077471,-0.6559119800185065,-0.6247640290833465,-0.6221873174780569,-0.6264933996473888,-0.6227681980973294,-0.6196709780864748,-0.6072738719396865,-0.6147981387909759,-0.6114924347068109,-0.6125451418675906,-0.5994409285078688,-0.5897349286447948,-0.5735086782014417,-0.5565546378662368,-0.5396903684649772,-0.5289494835410496,-0.4613218865613476,-0.43714016421186835,-0.42324936654133644,-0.4053855304258084,-0.38255312142001635,-0.3901213638843478,-0.3882245896220328,-0.3754107791285966,-0.38258611625808187
-0.6094681217377785,-0.6221406919616147,-0.6309735209023118,-0.6317598015349613,-0.6542017276811033,-0.6613658996517107,-0.6776634245572151,-0.7051532215899934,-0.7212695600841599,-0.7462807359715229,-0.7685209511373301,-0.7811784315872535,-0.7919605775228024,-0.7928432527585487,-0.7775640294648495,-0.7580080615950671,-0.7566722869569312,-0.7231589506287038,-0.7005783962940414,-0.695151222244703,-0.6724265028115191,-0.6543653278513871,-0.663346048256823,-0.6744178259933495,-0.6797853547014497,-0.655987786093881,-0.6462197324699142,-0.6437123207624077,-0.6372665861511431,-0.6363419939902262,-0.6359415305660846,-0.629370037477343,-0.6336581118238936,-0.6342243245050414,-0.6406875959346285,-0.6568255355788664,-0.6587581401208769,-0.5954195291193338,-0.5650660515807148,-0.5075074819700143,-0.48486829978774265,-0.4843120864298544,-0.4757587408702535,-0.4594648353813463,-0.4376560247428551,-0.4293034139012103,-0.42751763479730825,-0.42348417975617864,-0.4195905485494442
-0.6323551596751017,-0.6606993150634243,-0.6709254624353557,-0.6704873053795107,-0.7047037197819108,-0.7161335463538874,-0.7299827349651984,-0.7730029225888192,-0.7789302950650221,-0.7747483814475787,-0.8141720954414542,-0.8116530146052028,-0.7860808682494859,-0.7894375806881688,-0.7857367346576632,-0.7688017619402607,-0.759672665672494,-0.7554009089460848,-0.7324341115185384,-0.7227331590207479,-0.7149095691523323,-0.6928906639901731,-0.688854660283662,-0.6933612701850069,-0.6875683272990196,-0.664570883983775,-0.6674053347661817,-0.6720999422679726,-0.6504063822522271,-0.6527440066327614,-0.6642412338073822,-0.6757427663756482,-0.675559471234406,-0.6770129548206527,-0.6898247024173703,-0.6769283952264904,-0.6572661998897055,-0.635324957951756,-0.623368539867632,-0.588930308516427,-0.5478057167078102,-0.5274814552301182,-0.4884971466913903,-0.4701560205133211,-0.47055425466360495,-0.4557780491191211,-0.44615976958349035,-0.4311654131379693,-0.4194667553218495
