jsons/1312599600.json
{"header": {"parameterUnit": "m", "parameterNumber": 2, "dx": 0.1, "dy": 0.5, "parameterNumberName": "Eastward wave", "la1": 40.97354507446295, "la2": 16.46031188964855, "parameterCategory": 2, "lo2": 133.9931640625001, "nx": 191, "ny": 50, "refTime": "2011-08-05 8:00:00", "lo1": 114.97908020019554}, "data":
[rows 22 to 43 of 50, columns 50 to 99 of 191]
0,0,0,0,0,0,0,0,0,0,0,0,0,0,0,0,0,0,-0.8455053978021295,-0.4750704442823578,-0.6702600653227927,-0.27628256072712876,-0.24800829333365004,-0.8494625211520909,-0.38600867826244856,-0.3932528734720243,-0.3127428292030666,-0.05579838091168701,-0.09061833021328747,-0.09015977666691535,0.12371105010962004,0.25381959909425633,0.3337555227839219,0.37593417957995423,0.38894406086128464,0.449505534997512,0.4969287877641038,0.6292001353079839,0.7552051633806078,0.921752112961781,0.8980379557563514,1.0027745144510458,1.0490099617657525,1.1489918101221606,1.2812385221922862,1.355041712485614,1.5492463365877347,1.6859474452237864,1.744755366272608,1.8955735114423975
0,0,0,0,0,0,0,0,0,0,0,0,0,0,0,-0.4565115738259681,0,0,0,0,-0.4694995714106005,-0.5964074655752905,-0.6049421796044882,-0.5644859662322494,-0.5901905089177539,-0.601513976812309,-0.5823515712384831,-0.5423166361371426,-0.5454191923707531,-0.5400581787212968,-0.48490284565199987,-0.4520983801187776,-0.43795148267510164,-0.38883180873598594,-0.2724517381611579,-0.13552315435642348,0.02631822838204057,0.0625671435446338,0.15075967835672677,0.21983431497811692,0.26965648902638883,0.4118604118487613,0.3911402088823693,0.5939322371844244,0.6895178256609876,0.8052459248195337,1.0217982417875238,1.1633829036843018,1.2405654024589081,1.4677772585228643
0,0,0,0,0,0,0,0,0,0,0,0,0,0,0,0,0,0,-0.6177901065700429,-0.7246481573086062,-0.5472912325891466,-0.6422641022797188,-0.8117957124679633,-0.8588024056809834,-0.9618389448560835,-1.0295773015056229,-1.059246362302937,-1.074600903556852,-1.1123465113029234,-1.0834839816637698,-1.1324316524448124,-1.1973240614350702,-1.2178827934528849,-1.2015055335005376,-1.166714508587539,-1.1219171896614208,-1.122727021384493,-1.1507682434485773,-1.2278174220673668,-1.2924820606370968,-1.2797051715754613,-1.28654174915821,-1.08763046519387,-0.8685197431150786,-0.7500074368695748,-0.5815709696794387,-0.30998012946414083,-0.12228437633631492,0.034540989908678585,0.4690194404307884
0,0,0,0,0,0,0,0,0,0,0,0,0,0,0,3.3038944722661223e+38,-0.9224899718357271,-0.39516253784092453,-0.6401322525747231,-1.0001035736763273,-1.2739732480495456,-1.4088517486052259,-1.6014064532460597,-1.7011990821861924,-1.7933778773083886,-1.8548675810803028,-1.952810229414757,-2.0145481585357947,-2.1098775747784786,-2.1956739131702725,-2.305602120831806,-2.44923778617033,-2.5416311413634447,-2.4640518902399866,-2.5857913711167244,-2.6258900995488306,-2.634549411998285,-2.6141005187508903,-2.708030715447168,-2.68518401410046,-2.6087946670763924,-2.709849836466754,-2.6139022351018593,-2.5244122731666376,-2.5427558430273476,-2.4395377537025147,-2.303756311964171,-2.253778578383388,-2.0039174505172785,-1.5142443737998779
0,0,0,0,0,0,0,0,-0.38609260340196405,-0.4128476471766993,-0.5269484910378711,-0.9021546804291759,-1.1406606546631248,-1.0810214586347855,-0.9179057880494227,-1.016648949904917,-1.2228640864690326,-1.4607604106662166,-1.6057906291528392,-1.8200596631135277,-1.9231522661168687,-2.037833394140853,-2.2402642205560506,-2.3418712152509933,-2.4863144376702713,-2.665208642822442,-2.779126698245869,-2.9800348456808052,-3.142016131803481,-3.2630559542477084,-3.421380887806726,-3.658896773791587,-3.738179055069279,-3.829707686619036,-3.8886498976400667,-4.15346191625505,-4.211510319286896,-4.264441827302525,-4.5166281936998685,-4.367404608021609,-4.378471138491856,-4.562527621242898,-4.537581621214447,-4.428290419125334,-4.6098017689534085,-4.5098983717673455,-4.380894561682616,-4.36913730074947,-4.269821186632646,-3.964610396927222
0,0,0,0,0,0,0,-0.4629726872288947,-0.8852037542001198,-1.230201006365476,-1.3608986073933425,-1.5021089231378875,-1.7097509770748853,-1.82965441908765,-1.9917040963223016,-2.0788204975781586,-2.2953439427105944,-2.3459887903988905,-2.4614119625288398,-2.6348682733838333,-2.818092290201324,-2.9450252454211188,-3.1500560173115693,-3.2768827425284397,-3.449395917784145,-3.7131299931489603,-3.874193230198126,-4.0507915905993235,-4.3110857684318615,-4.416071134022622,-4.625790840446468,-4.845983903900326,-5.004108866455166,-5.161724511631703,-5.351821767776328,-5.5405110236267126,-5.661917939652445,-5.811672284626786,-6.021506234689061,-6.204645496287865,-6.260053094850571,-6.544637449568269,-6.646094972371039,-6.734417098048857,-7.094277642736812,-7.115463752207504,-7.04929642468511,-7.262407026099128,-7.310399726743908,-6.9651597741014735
0,0,-0.8205230756434557,-0.6650078304751716,-0.8552177572111969,-0.9674589879504998,-1.2469671933427013,-1.3852719968637597,-1.5597225992647068,-1.700427034049851,-1.8557307588124363,-1.9930490926616014,-2.1752254740772585,-2.292322354759576,-2.427927229383885,-2.5493485456952842,-2.742374403726075,-2.889405613357809,-3.02370414593064,-3.2300024282967668,-3.402023643620466,-3.542415057288154,-3.7423938480879664,-3.865351816414169,-4.039905889791427,-4.3067042025478175,-4.382558433596775,-4.6475654326143605,-4.942686830338969,-5.089611586596828,-5.266773241362238,-5.5471227643380585,-5.6629662980822095,-5.871452729050787,-6.05185836056389,-6.339972809174866,-6.4976002015638485,-6.632407315567951,-6.900085388209219,-7.142484161365224,-7.2163692865239675,-7.597666933313743,-7.768356541961367,-7.960706141150584,-8.208130337356847,-8.334792821999908,-8.504773563711487,-8.744150477731965,-8.876929900007356,-8.799374136881097
-0.791821762084866,-0.8622485527927566,-1.0199493194538543,-1.2304347304158492,-1.4118016752352311,-1.5232086662752196,-1.669778591471156,-1.7733647145854365,-1.8812657751701105,-2.0419285819974538,-2.137144650628381,-2.3098017340473627,-2.4324853690548007,-2.556604951862867,-2.7340581275979585,-2.8727417475357,-3.0444569060503834,-3.2346241292276794,-3.3550216956719283,-3.5794570586072334,-3.776339136964111,-3.9117137655136336,-4.153238914762318,-4.2688556393844586,-4.4499110034708185,-4.6695584587532855,-4.814870168444051,-4.994313100648072,-5.287450454475017,-5.415409240894033,-5.598390955118752,-5.891030621419384,-6.033011675263619,-6.227738571637112,-6.390483515039572,-6.648734478532153,-6.857672716518725,-6.976782636998195,-7.253262835188523,-7.47276415792184,-7.6111215709382165,-8.003046686931048,-8.104407075325561,-8.283830944955493,-8.572710270636819,-8.712621404998153,-8.920279003764726,-8.987089283830457,-9.007592483770686,-8.876786293642722
-1.2228937152928634,-1.3144701090343327,-1.4000800699658167,-1.552839247805918,-1.6546125704535664,-1.75131409774433,-1.8879520011532531,-1.9666340583648803,-2.1036737483246535,-2.231955131223501,-2.347419385442528,-2.484599657874903,-2.6697458099905877,-2.7868646353573507,-2.965115751583547,-3.06584828573187,-3.252301935349063,-3.3675377772719512,-3.4935812337386887,-3.698719934373271,-3.8915052526194787,-4.009584396512786,-4.227616873428505,-4.350623358679577,-4.503668397700785,-4.736815053905241,-4.858903236373285,-5.0103875290522515,-5.264814585976558,-5.364000576032925,-5.521365730764822,-5.754497644903476,-5.853833429428696,-6.016637540517245,-6.1254100078283935,-6.388326919853357,-6.538427422559754,-6.604568832541707,-6.900990714303499,-7.076858793583092,-7.154738697618061,-7.445539411363257,-7.618207523456901,-7.743054956636453,-7.983297762472184,-8.04032701739286,-8.049393006258354,-7.966694647840643,-7.873606229629926,-7.508531842477113
-1.3838662422052919,-1.4954633571253289,-1.5901650622582353,-1.7267220504516911,-1.8419871699210837,-1.9134406090665241,-2.0316394048446966,-2.123459127015739,-2.2298881285551477,-2.4110188652293134,-2.5075525614453165,-2.647551170065432,-2.8130576532068052,-2.9149998594182844,-2.9874351032727553,-3.124652933958904,-3.2676021638892454,-3.4018371886027596,-3.4908691455933054,-3.716508565076668,-3.8444406291774573,-3.9567582577234415,-4.133502808680982,-4.2792182384631525,-4.415466984781322,-4.618813947938637,-4.7452599070261625,-4.868612215159904,-5.0478909546286115,-5.129561276932441,-5.234474054839411,-5.410548443676239,-5.542779711755332,-5.6304401959414525,-5.7651432364506086,-6.003762367260966,-6.161300666926546,-6.268418351278174,-6.578466198926298,-6.61354416078451,-6.73614442290639,-6.946533044161106,-7.019995135924274,-7.016987155602249,-7.185103093256371,-7.170213165405227,-7.04354279807181,-7.015640162991878,-6.927534494293805,-6.5385196879290195
-1.6475712573579218,-1.7318092783750771,-1.7830325102453513,-1.8827476748065937,-1.9712543635897721,-2.051086429502027,-2.1119417234659985,-2.1921415566726803,-2.177103367550468,-2.0596351128570722,-1.934456746199301,0,0,0,0,0,0,0,0,0,-2.902977303266968,-3.356056958811648,-3.745946145915969,-3.9247766847052765,-4.07975765109151,-4.266133491047991,-4.40815964414006,-4.49707293066079,-4.68554625515971,-4.73719924171443,-4.789526380495512,-4.967662285285229,-5.06883637522566,-5.115023173845513,-5.2682731994026595,-5.487515240004567,-5.596932015538389,-5.68393828649928,-5.8909680745319655,-5.990950308633078,-6.062565588030415,-6.241630070411714,-6.276253291151985,-6.284719218773009,-6.429155326589198,-6.385226618145704,-6.2954028865365785,-6.326810753805527,-6.227183200721977,-5.991368949191233
-1.4349593056703995,-1.440067740389787,-1.4257037050426586,-1.398939118623923,-1.3385868905398317,-1.2680003947678558,-1.1019241346248467,0,0,0,0,0,0,0,0,0,0,0,0,-2.3087087164871782,-2.7949023766050525,-3.095538510994754,-3.4175591300191046,-3.519106920889112,-3.6947612250383064,-3.8670674600666524,-3.968240660757214,-4.059910638069237,-4.202401011408901,-4.271665378594372,-4.349146928287713,-4.549570296074649,-4.622929290043283,-4.66865121979135,-4.795533362630033,-4.942484831149739,-5.020721619837782,-4.955023738711776,-4.8584248914755,-5.149012404540969,-5.214377877881022,-5.138443640694747,-4.497607872454973,-2.774197583330363,-5.217388670002538,-5.489927358776895,-5.335546798115807,-5.432113784077037,-5.34574239825041,-5.118048614238358
-0.984467929009989,-0.8956653909169442,-0.8541817203650625,-0.7873193802028147,0,0,0,0,0,0,0,0,0,0,0,0,0,-1.9956412642475232,-2.3460111923850366,-2.7053197511832283,-2.9150206089082764,-3.0642804552149085,-3.2754038086662005,-3.3770855232065764,-3.4729963160852906,-3.6046597711960424,-3.640272621347993,-3.7005043316193533,-3.7521251943399636,-3.7927831882346323,-3.76051356959348,-3.735311211244779,-3.6742206564591617,-3.547576405368044,-3.3921210755247033,-3.2861985106420537,-3.1285997779425325,-3.0849042934132522,-3.116540383172247,-3.4748901074696197,-3.67401393734569,-4.1047649246918265,-4.197512005293815,-4.2900729120395535,-4.4566721317423,-4.54823617998065,-4.5543520407634475,-4.708765116967025,-4.6795130405307335,-4.4711238109609575
-0.6094811636488372,-0.49431076575728516,0,0,0,0,0,0,0,0,0,0,0,0,0,0,-1.9630356010254595,-2.234172186530496,-2.4509764352080783,-2.616784225691486,-2.737787659607305,-2.805877247610069,-2.8923505307375663,-2.937681155348262,-2.9702261122310163,-3.0261643167170744,-3.043906852658922,-3.0184134389745276,-3.0487606315597287,-3.0300046583446347,-2.9781561266672663,-3.0214127131934174,-3.046726642639552,-3.087188553046395,-3.1095635051452586,-3.2752827070636106,-3.321992366825862,-3.450837180142085,-3.6410763344352794,-3.709679227810199,-3.819192587888186,-3.9949787628885947,-4.041954169174885,-4.084338366467049,-4.175433176455537,-4.188938822579341,-4.099318378930292,-4.13470409252308,-4.073423013062798,-3.9602424931859277
-0.4533447040641619,-0.21427407319350936,0,0,0,0,0,0,0,0,0,0,0,0,-1.6406884615846382,-1.8605505165829652,-2.088142525363136,-2.2293977359304353,-2.325352664279981,-2.4187359573597322,-2.4794370290470633,-2.5170892720773534,-2.5922380438989423,-2.639621852281143,-2.6620001487203564,-2.7358583605324136,-2.7653596112343615,-2.800296730329222,-2.8684857139255437,-2.909471432903073,-2.9294364794598806,-3.0546572944843895,-3.1008364574792995,-3.1789025210731343,-3.2222889692076095,-3.3644571628588387,-3.431282282910093,-3.511607938257998,-3.6514104000309398,-3.699907771111871,-3.7581014090209734,-3.8702420734975256,-3.9089183580945432,-3.902302646667842,-3.94594532828222,-3.9220874792712657,-3.865244218519076,-3.869640937326133,-3.8540380945580455,-3.7554269128407727
-0.39297746331167116,-0.36365560113740303,-0.3390683493059178,-0.28840939052345566,-0.48778903597419854,0,0,0,0,0,-1.2497003814405,-1.3684029842243306,-1.615854370386175,-1.7374005357397884,-1.8655032395638902,-1.9386830248611218,-2.0413690339201844,-2.1327058309556524,-2.1874700747453186,-2.271997455946388,-2.330550296170275,-2.3736962752442277,-2.451717157150506,-2.487600000087613,-2.534584263106833,-2.6182619105815848,-2.6571671656588594,-2.7053992918783667,-2.8101148208953615,-2.8527068550710086,-2.9177073838454826,-3.0194155387186634,-3.0772404307791574,-3.1290466701441364,-3.201739579689283,-3.313129942084611,-3.357596326556673,-3.3949843150162953,-3.484653051882321,-3.534880940372515,-3.572644654993798,-3.632761619131133,-3.646381997124451,-3.646596522539674,-3.663909116950186,-3.660464471226483,-3.621125349081148,-3.6429919054647337,-3.6414133055976308,-3.608097123487133
-0.35536719756416796,-0.34703922306825513,-0.3419668478676555,-0.3703243023497252,-0.33079498150200387,-0.42506991280827244,-0.4449912375343603,-0.017827828151605447,0,-1.1167742667440266,-1.3598233619106603,-1.5429939114001294,-1.6823410933172849,-1.749178715561455,-1.834968415609226,-1.8975024045577,-1.9916347506460201,-2.047226189088973,-2.077629677941036,-2.1521106113366684,-2.2236203068916054,-2.2660176115369497,-2.3639100597559666,-2.4215551994726527,-2.450002015995432,-2.5383841883970524,-2.5979090160380336,-2.638770783509721,-2.744833317654596,-2.785847777375399,-2.8549341232636793,-2.9558154036040496,-2.9857532616772438,-3.03904869063699,-3.113380268760084,-3.1878809787587685,-3.227744799865259,-3.2424404918542273,-3.308501279045338,-3.3287459034282163,-3.366874415892204,-3.4043177738944412,-3.4244941276766774,-3.4020698639546247,-3.45988945021725,-3.4683968323218948,-3.4525269269425105,-3.4845982036466636,-3.4742122354647194,-3.433750138737712
-0.9986580016213992,-1.0027830667650584,-1.0000278357079448,-1.1166579924105462,-1.1559371933053726,-1.2708249846626107,-1.3687669825228546,-1.4259849037800398,-1.4788240104892898,-1.5446306682446962,-1.5790075943098318,-1.6324682214993291,-1.7167668031246393,-1.7580994758192254,-1.820133800037609,-1.8739722864348451,-1.9576051138577073,-2.011604433935059,-2.062198081453478,-2.1387580755116566,-2.209733885823589,-2.235518849473586,-2.3223633529735235,-2.378838365324324,-2.4286326870214046,-2.5174486198427815,-2.5414238989344633,-2.5851120835916714,-2.68724021131822,-2.7191749011211717,-2.7969016386390937,-2.8721434855630883,-2.921773947297221,-2.9501623364394294,-2.983367942661107,-3.0548554467683924,-3.0848202919910745,-3.1185502982415763,-3.165715517526949,-3.1783175921127653,-3.1880608961540875,-3.247800466671503,-3.2682340683073896,-3.2859577476141477,-3.3149489548360282,-3.321673695155675,-3.3156778232372544,-3.366411476646914,-3.3530304443759946,-3.3207149533930225
-1.131291762117229,-1.1647587305701426,-1.190181191492117,-1.2755799721638004,-1.3163148976428065,-1.3467651905006974,-1.4344079447728082,-1.4407713461485088,-1.4892828134755256,-1.56538780304565,-1.619001689731541,-1.6694741840748797,-1.7493369353969663,-1.7888255224446363,-1.8462346988477731,-1.884629111103666,-1.9447841345008023,-2.0037149874289835,-2.029692944560359,-2.133265176196038,-2.1651492618862256,-2.2042777498715234,-2.2685872176115196,-2.314815424331669,-2.3714368456123585,-2.4422425226724562,-2.48044944448383,-2.532500575121783,-2.599952646823606,-2.6395249368796914,-2.687415879132599,-2.743072481771041,-2.7774325642031608,-2.822213196171222,-2.8503744964835502,-2.905202211455119,-2.915453226494125,-2.9505902329056575,-2.9991453801070387,-3.0260839691350006,-3.0535328537590347,-3.084938371321366,-3.1176149087467575,-3.130634992097026,-3.152699409704633,-3.1506855429796947,-3.1479802035042184,-3.174672665044212,-3.1740385507010074,-3.1641030357879605
-1.209624591877078,-1.255473186460803,-1.2618520864720855,-1.3373172618534204,-1.3647932841511579,-1.4031639469885622,-1.4641031036496561,-1.5165772694418043,-1.5574982759496918,-1.6263493655097863,-1.6416437334006238,-1.7067801823355802,-1.7723867432855807,-1.8045280511966901,-1.8452105258855582,-1.8770727131914242,-1.9497217953560502,-2.0032906828075627,-2.042168467718813,-2.1127478030116746,-2.161097397325612,-2.191072827947657,-2.2577231434012615,-2.2728697101367454,-2.337120810522386,-2.394980874992999,-2.433102033525571,-2.4898760374499926,-2.5342781638380294,-2.572510703373768,-2.592267680085681,-2.6535313245703303,-2.6868010738330788,-2.7293131667681654,-2.7611779332933395,-2.7962703598696703,-2.8113805037564106,-2.8421846695045807,-2.8886203623336906,-2.919774303324642,-2.947246556982231,-2.9612969614017888,-2.978660531124682,-2.989430072737518,-3.0073462409234715,-3.021716621427653,-3.010219851950488,-3.02600639208037,-3.0363229246422754,-3.045352202032332
-1.244500636273491,-1.2936730452462992,-1.3242819585044252,-1.3846447435412723,-1.4099709253011843,-1.4458931602171914,-1.4923205621715718,-1.5263379154441814,-1.5812572195757293,-1.6170233792657085,-1.668265012799062,-1.732791466155969,-1.7693405025360005,-1.8156873210898243,-1.8705428799282007,-1.8852390842716793,-1.9473649508849722,-1.9916682219744721,-2.0159734683232786,-2.082034482619304,-2.1311681818747332,-2.1616826400207176,-2.238177341831271,-2.2535267433471544,-2.290654835988894,-2.3384539683106995,-2.3614614899247344,-2.4020313848797468,-2.444241462257359,-2.469685326276797,-2.5045058680290997,-2.5456476570905946,-2.5763127096302507,-2.6021513049281686,-2.634441677053737,-2.666883193477563,-2.6990925334924327,-2.725429228175776,-2.7779556325488817,-2.7897836669508695,-2.805057074118476,-2.842426830597726,-2.8597803410824376,-2.8667126191610293,-2.880168563434724,-2.894056550713436,-2.9074587614629976,-2.9148272384267266,-2.9228704242124754,-2.9323470918420718
-1.2858961311386783,-1.3115669772442486,-1.3301257700138964,-1.3915897657391527,-1.4259673543912361,-1.452827558609206,-1.5186388231296821,-1.5357377473372353,-1.5809237628464896,-1.6476330788636744,-1.6615660131095416,-1.7103714672415147,-1.796033677459883,-1.8061104811788402,-1.8432460052952375,-1.8941106086961292,-1.9475746881429101,-1.9783579490678824,-2.0112958600254407,-2.052741170484542,-2.0924454096820604,-2.1094371466340416,-2.143581230483758,-2.18571894668363,-2.227071014601176,-2.26201583727934,-2.2926821267366178,-2.3379354859719146,-2.3554166015612545,-2.381011745078438,-2.4293500404732464,-2.46865514443746,-2.498112048141117,-2.5285418764771794,-2.542669519015525,-2.5774568279528167,-2.600504380140172,-2.605948865929506,-2.650311167838605,-2.676311276040424,-2.6885066193540395,-2.721906090351197,-2.7260708036752437,-2.7454183629362587,-2.7850504506050866,-2.78713237807137,-2.7909150829470253,-2.807844060008378,-2.816832732612177,-2.827195670498537
