jsons/1312617600.json
{"header": {"parameterUnit": "m", "parameterNumber": 2, "dx": 0.1, "dy": 0.5, "parameterNumberName": "Eastward wave", "la1": 40.97354507446295, "la2": 16.46031188964855, "parameterCategory": 2, "lo2": 133.9931640625001, "nx": 191, "ny": 50, "refTime": "2011-08-05 8:00:00", "lo1": 114.97908020019554}, "data":
[rows 0 to 21 of 50, columns 50 to 99 of 191]
0,0,0,0,0,0,0,0,0,0,0,0,0,0,0,0,0,0,0,0,0,0,0,0,0,0,0,0,0,0,0,0,0,0,0,0,0,0,0,0,0,0,0,0,0,0,0,0,0,0
0,0,0,0,0,0,0,0.009473107823546918,0.008581224768449811,0.006451201194670652,0.005879421222075882,0.004872713622741469,0.004119540838180585,0.0037568333234652834,0.003525714720106458,0.0032935933811436167,0.002663776286700461,0.0022799717561407533,0.0016697792255471607,0.000935003934418981,-0.00012807871803807786,0.0007528866887088501,0.00037436541021123064,0,0,0,0,0,0,0,0,0,0,0,0,0,0,0,0,0,0,0,0,0,0,0,0,0,0,0
0.029128134872285327,0.027431797207742175,0.025256977628131304,0.02010245653675299,0.01957404420198298,0.01798163887868885,0.013659204231907038,0.013138828366146106,0.01198393548972092,0.008697618211207948,0.007508666544214706,0.006140787432686528,0.004850808067323139,0.004294790885929385,0.0037814217762356943,0.003228461197350221,0.000998411023146349,-0.0007335265244230044,-0.0013056335678636492,0,0,0,0,0,0,0,0,0,0,0,0,0,0,0,0,0,0,0,0,0,0,0,0,0,0,0,0,0,0,0
0.03352809893282285,0.03524891025812748,0.035152228460932744,0.03240283308714057,0.032070689649024674,0.030471549568274782,0.023490878329883638,0.02075781052680858,0.020041208748582624,0.013821884554506938,0.011302704010788063,0.008398114294760093,0.004790328572788364,0.0043422403832183145,0.0020377168177890437,0.001088085664133039,0.0005233518569357143,0,0,0,0,0,0,0,0,-3.136068353755083e+38,0.16250899930131085,0.16444779583346397,0.16203246746819083,0.15989083553898548,0.15908878463932705,0.14726733923218474,0.146730596229878,0.14464446039839987,0.13930715381348902,0.1345576771745789,0.1307802925407826,0.13063981290875673,0.12325751065910244,0.12042533745349837,0.11436048026411853,0.10515081942830411,0.09673790333698955,0.09334506173438638,0.08260691412626868,0.07467944871479332,0.0698735174280776,0.05662549432730703,0.05407448564237093,0.04623588276293396
0.02491601181845714,0.027873179024298006,0.029099274178558076,0.031435824240448884,0.035513467693772297,0.0373398382161987,0.04057210650834307,0.0445404681137131,0.04994347002818246,0.03727275239093079,0.03351768839373907,0.013136550595099444,0.004920158215877306,-0.005813581473653956,-0.005416483283217238,-0.013730931432004151,0.013016188009447916,0.08623973634074476,0.11411876563054059,-0.17231014797582553,0.1644954731559991,0.17357342422822328,0.1855033356796778,0.19757733939066452,0.20235348590397334,0.21155031191651952,0.21621905818148007,0.21948267945985933,0.21941193468248144,0.22177515979888485,0.21920741778952846,0.21360641493745625,0.20653119187518548,0.2018899547930031,0.20015384617168727,0.18504447306309157,0.1829375692230251,0.17154734294091697,0.16126940782847066,0.15207740344251697,0.15095694246331123,0.13922473220467274,0.1318211776143978,0.12623254179936608,0.11121720112424617,0.10652897503146727,0.09604591608523193,0.07344348360515468,0.0644010307668389,0.05223225254585948
0.006079286821121516,0.005941170508736773,0.007958551478304045,0.006395010746843159,0.00802258219357601,0.007318661493309827,0.011214818668196612,0.012976554339847655,0.015974509368701085,0.01890199334513281,0.021810872656037397,0.02880687255337978,0.034249625113991385,0.04007861213654562,0.05033396594443713,0.057935644519995944,0.06595099158693934,0.08507410837081543,0.09977333814814307,0.11975377390224483,0.14258701291752368,0.15590015073844202,0.17531602140427238,0.18837673853605652,0.20802808865073955,0.2280421360509509,0.23785191065312697,0.24936288862946246,0.2608096894686871,0.2657427353016525,0.2727634499958151,0.2711087299615905,0.2670212351838583,0.2649867729844428,0.26275571094138317,0.2477410127195729,0.24024236111429204,0.2303719466131027,0.21762433478753856,0.2119113677510494,0.20175845810383464,0.18748287451259757,0.17814344128558418,0.17682460091620333,0.15925998017877294,0.14932944606637177,0.13852168595993347,0.10243360010935228,0.08629053365755651,0.05832425840061873
-0.025443108612057563,-0.025864238085008234,-0.02699104998287323,-0.028947164936654782,-0.027679200359848746,-0.025662521226214954,-0.029964532416876716,-0.02802591647181859,-0.026973325069586305,-0.026819519585702296,-0.025381362579178827,-0.02456570315706668,-0.023371246634947836,-0.01989192493774687,-0.01768902321527533,-0.012548287422409888,-0.006368185590152666,0.009490281081386063,0.01671195156154933,0.03128395215728852,0.06132645015364086,0.07909575785989988,0.09989012617129696,0.1365380923776812,0.1708719793301014,0.20815298196156284,0.22501516651561432,0.24651724127922217,0.273112613547006,0.28047896217002183,0.29440735489436515,0.31133235885205324,0.31174983896025643,0.31659981409501653,0.31097428539800026,0.3020874302439426,0.29464413646568394,0.2914027107945962,0.26801893388780895,0.26162701973015867,0.25345373343649247,0.24055134561696434,0.2314135430876119,0.22623560118544792,0.2116352763610953,0.20690283311496757,0.20310358091890784,0.18135162191908535,0.17626655865894159,0.16165194256877705
-0.035462065541621304,3.0968846197845615e+38,0,0,0,0,0,0,0,0,0,0,0,0,0,0,-0.05984996825313998,-0.07260249508184237,-0.06569376587331005,3.167312187730906e+38,0,0,0,-0.0559526589716095,-0.05548952210912343,0.04236542723024291,0.1852589010510211,0.233221412888113,0.2698548600994002,0.2823586870540432,0.30445039700277976,0.3337883435725799,0.3438466779279956,0.3574416839487447,0.3635829270656446,0.36820381869550384,0.3652225540233711,0.36175081395061004,0.350637493122194,0.3319020552247698,0.32657460208081557,0.3056953010551604,0.29790283929298417,0.28405122644827285,0.2698022355676682,0.2633880105009478,0.25602809768352014,0.2418593282283225,0.23411809896952895,0.2235475339547564
0,0,0,0,0,0,0,0,0,0,0,0,0,0,0,0,0,0,0,0,0,-2.7288693709801033e+38,-2.848697910559337e+38,0,0,0,0.2527191158090781,0.2646342567749036,0.2767173064281587,0.29010923554867746,0.31357194881871603,0.34631198779796873,0.37178788496130205,0.3844895027118893,0.3971665205744792,0.4070762855340946,0.4142306284556838,0.4184858044188748,0.413506132969805,0.4120920525400123,0.40091889327753844,0.37842729135429537,0.3682572822157553,0.3567778863226962,0.32812768154128086,0.31370904961947693,0.30608778896590894,0.2838710193609923,0.27343014743909,0.25682937571672965
0,0,0,0,0,0,0,0,-0.24595145471972255,0.18014305291522315,0.18273247508747292,0.19633209365899992,0.2147690446355858,0.22204450414552487,0.2345986818971985,0.2363329602702631,0.2467671987796524,0.24370555661433702,0.25250552295559064,0.25491609530812126,0.25937819180228266,0.2597822518651398,0.2640757825578741,0.2677780528829692,0.276128270794887,0.28959312216670763,0.2948081273221791,0.3032148041061028,0.3215245324775428,0.3361056873939112,0.35174972395178844,0.37707353037511704,0.3878140481623348,0.407010904949332,0.4216248817750173,0.43944340533764614,0.4572040555399748,0.462502105285581,0.47362515442334113,0.48047814807461003,0.4815722389819473,0.47726248700153406,0.4663872492751847,0.4637483515901568,0.4433057251149055,0.4237219312393187,0.4038216571616357,0.3806912326950649,0.36091138245187854,0.3363403345846148
0,0,0.13135977763947676,0.13436640587009732,0.1403128719407043,0.1426642528636187,0.15657119335078884,0.15971397315713762,0.16603783842264083,0.175358831375591,0.18900013164493337,0.19402642967177866,0.20505846754196616,0.20998513742957686,0.22566213165697288,0.23185313958622703,0.24331293473343316,0.2503986404854245,0.255797821402862,0.2617165794662011,0.2681511454106803,0.2708981236675941,0.282527103905842,0.2921079934968268,0.2963814053004097,0.306040430392558,0.3137580735679664,0.3194565617127109,0.3352764371876166,0.3442827636915511,0.3576141753607314,0.37640596231704787,0.3839843384943407,0.404090709233188,0.4164313577118994,0.4362121637612935,0.4621965082512385,0.4739006791054962,0.5039953060185021,0.5161830638682415,0.5270051349313063,0.5352428351018069,0.540484308430272,0.5449841822779953,0.5417364317623709,0.5347597128742226,0.5242001795302907,0.49349868833737043,0.4772651262729157,0.44978456618218593
0.047071205069201955,0.04872018571374845,0.04888050421563764,0.05750636676001822,0.06645714413323957,0.0731409229355029,0.08244393489974017,0.08905724896092918,0.09562635161897441,0.10438211939052505,0.10816033946606143,0.1242574180318563,0.13690350971353732,0.15134974021196626,0.17782625292027607,0.18571493694413788,0.2007852875375514,0.2186048323551455,0.23142837896999413,0.24504021818453717,0.2600809421507392,0.27468505575824687,0.28185402512891383,0.29085164713599665,0.29868294199138584,0.3094949631980896,0.31613455828014375,0.3264526519551219,0.3366611185163186,0.34475008910972166,0.36698930951461217,0.37443989490630675,0.38442750563098804,0.41076040989541135,0.4254148840230727,0.44449897838337243,0.4758060645350739,0.4926702282485911,0.5171060858023894,0.5462310162556431,0.5652316090216942,0.5971904985190102,0.607564637243299,0.6225537957306767,0.6352647262902474,0.6376467374156161,0.6480643423119099,0.6494226986179898,0.6440406174599141,0.638437591662348
-0.06723017983386502,-0.062123413524310875,-0.05400348465389048,-0.04620344595049065,-0.03287076151346504,-0.02174035742131103,-0.0162842087137517,-0.013017661582739207,0.007137477849103951,0.01545861622529302,0.022596407132134497,0.037032796539938205,0.04233251194399973,0.05233758220649097,0.07687279252733624,0.08789866900018979,0.1107473090999521,0.14960089346557792,0.18050056690542984,0.1969865580601072,0.22177152168248943,0.2374240227936221,0.2544488774452226,0.2625060347777073,0.29172601059518327,0.3153983499952617,0.3258340187620799,0.33448065660660475,0.3429229012052266,0.3523121271575431,0.36216376111942905,0.3745480468003314,0.3904766119963609,0.4043330482488353,0.42680740409333423,0.4436864677784821,0.4934280686439855,0.5264199239583974,0.5574262025507132,0.580343702725897,0.6082451385836032,0.6601263395627243,0.6852024560035713,0.7577775942075441,0.8007037521627312,0.8150269092976518,0.8498653686909595,0.8565726702196469,0.8619506137523504,0.8738442601858611
-0.17884158702147446,-0.16609143075660796,-0.15464560298264632,-0.1551550261097004,-0.14516794655945647,-0.1459383896158435,-0.1432987290867904,-0.14241556798838595,-0.12642899488943404,-0.12087465641222775,-0.11215937957469788,-0.08925664782131365,-0.08261629154089191,-0.07054276817887424,-0.03603968351450835,-0.01952628366954925,-0.010043469625981941,0.028311498303485342,0.0641450364227069,0.08178472517478208,0.10980317569417936,0.1387672001673095,0.1580270213489248,0.17890410158163614,0.2209347079535252,0.24634414734426557,0.2802770515438791,0.3138974479400489,0.35134173571807736,0.37524804032300946,0.4299149500099987,0.46748389216437347,0.47617829120081057,0.5096524935292778,0.5249152520064388,0.5568849102454329,0.5918315928207312,0.6097919541084155,0.6482623015791422,0.6751206811067993,0.698902061285504,0.7423985870900311,0.7756178985636224,0.8201987646839568,0.864197698604192,0.8899360741262264,0.939357506710396,0.9830203231271051,0.994602636285911,1.023043419871045
0,0,0,0,0,-0.21600606512384596,-0.22822018785598464,-0.22874474960423244,-0.21902270477631489,-0.22069829188377765,-0.21341322898413517,-0.19145934105304044,-0.19077306776920197,-0.19342873371035602,-0.16132423808495533,-0.15366916287011417,-0.14114039642609752,-0.08065737018262088,-0.044985587630843496,-0.006963653850122184,0.07557803697707444,0.08175497321772181,0.10472285740014174,0.13129204543044745,0.18902035978723383,0.21322202886753547,0.2618785277281181,0.3110315448367854,0.3550467456037688,0.3839627371305205,0.4315582759852706,0.46756681119170856,0.48884600469049194,0.5277628503409341,0.5548219507378128,0.5816544375154376,0.635011580105342,0.6552658121313054,0.6939064570921115,0.7280925246286786,0.756840431134121,0.7916586747146963,0.8221374103540201,0.8731739653617436,0.9284254681823252,0.9632461104852256,1.02005184274001,1.068654670454344,1.104418955264001,1.1570422808272254
0,0,0,0,0,0,0,-0.28453162584240155,-0.29677612557468275,-0.3136036575464894,-0.313249076605598,-0.28773377959562474,-0.3002107942503197,-0.29501932943533044,-0.2632271480566698,-0.25106745426623045,-0.2511572201991699,-0.20682192877736083,-0.20010800709605495,-0.18494826065142744,-0.12967300577808122,-0.08654588954142517,-0.044604624946643266,-0.00330521096847546,0.07993126177675922,0.10522732328017909,0.13355963014322317,0.181716563877248,0.22106257101842974,0.2668333870886325,0.322319226107796,0.3733835272560945,0.4117903619492874,0.47966743248286775,0.5199271991076428,0.5511121538969459,0.6096998603948374,0.6377448084592839,0.6741771710644412,0.7315882258157829,0.7647685842226012,0.8066851828549619,0.8388490044126966,0.896143917811133,0.9360858437393593,0.978527426554953,1.0335545482784674,1.088024098471785,1.118614526990114,1.192445019086036
0,0,0,0,0,0,0,0,0,0,0,-0.3082130430707293,-0.26784936827344547,-0.32751368704145684,-0.336762467868495,-0.3456236616801587,-0.3571514996617298,-0.30418419904120564,-0.29606125279715306,-0.30361729424844497,-0.24937974646502126,-0.2103952662566286,-0.1804055320285775,-0.15498042740759133,-0.05816839046131391,-0.0037311961113941465,0.05714883525568296,0.158040387479813,0.18985718296866333,0.20087764524051246,0.23979122942770356,0.32605184019527134,0.3622893980268205,0.444250364642307,0.4527992150860783,0.5086258102544937,0.5739744376225203,0.6150601645866433,0.6921383955430234,0.8382080887902946,0.9288791670023413,1.0109517866670832,1.0863772628373913,1.1383268212358548,1.2321281843344811,1.2512062455312365,1.3062326051919781,1.361602500853458,1.4198660958902822,1.5015873938206044
0,0,0,0,0,0,0,0,0,0,0,0,0,-0.2803381420043276,-0.2829764911944779,-0.446267385200834,-0.4838940688780188,-0.4101128530367861,-0.387213706385342,-0.3748526225763501,-0.3131376397304197,-0.2926081660446564,-0.2808173673907237,-0.2595068243348792,-0.19095450660834565,-0.12233495750740171,-0.0586968905524329,0.05795480027272956,0.1469847349254106,0.2248461006677126,0.3960179456616156,0.45137458829407545,0.5175111009085834,0.656783670377171,0.7191202814258606,0.7652938852472325,0.8668367919952928,0.9360886500397854,1.0107517621405457,1.0593575078578863,1.111297455408425,1.2226995662579596,1.2401498832627607,1.3473486614046783,1.4071958844221284,1.450279967428468,1.4416470869422264,1.4511016791378741,1.4412457091502626,1.499234756588885
0,0,0,0,-0.32518044112236505,0,0,0,-0.30687507974451994,0,0,0,0,0,0,0,0,0,0,-0.43549754721230804,-0.4740607552232245,-0.32718437900788794,-0.25576611230885793,-0.12637592225039035,0.036027663905636165,0.17639083854013887,0.24587158726136993,0.337224267623295,0.4575575884759732,0.557405105755727,0.654533854077734,0.7052089346294631,0.6647974534520491,0.627296802058061,0.6562856449181175,0.7460444064223616,0.8529304150357073,0.9336896442403596,1.0338380747093023,1.2187391627795083,1.2875382556308759,1.3719129168272077,1.434985710929035,1.5765726733136292,1.6675019704187404,1.6488179767391442,1.6968028761164664,1.7814717669822957,1.9011598891466883,2.0458691087441525
0,0,0,0,0,0,0,0,0,0,0,0,0,0,0,3.0927233367728582e+38,-0.2764193036986394,-0.3183287812071068,0.08669895397072228,-0.12378971412785066,-0.3094510116490693,-0.42020947245752927,-0.5959918656162699,-0.5741844262206495,-0.2734174582614367,-0.09800558693149682,0.08787817891827332,0.3935623576807277,0.5591942813820087,0.6856995848386332,0.8895371250948468,0.9690902093046228,0.9872312712569485,0.9854842300036649,0.9597617443030472,1.0041138521744972,1.1160977802310421,1.1581613327528841,1.227272477674077,1.4594199801539296,1.5875419031442854,1.7735291655664749,1.905118605808076,2.078871429457685,2.195200569437193,2.2989510424378703,2.415011848703289,2.5024903805208254,2.547729086630798,2.6317985362748537
0,0,0,0,0,0,0,0,0,0,0,0,0,0,0,0,0,0,0,0,-0.4081818052343226,-0.5472329614806386,-0.769066970283318,-0.7880764746965278,-0.640967190869469,-0.6332766665445076,-0.45949687747394674,0.4294162278948688,0.3786560854357735,0.4462843869264729,0.8161138171976694,0.8653430705790307,0.957094386738014,1.1232177803605472,1.248252907172603,1.4146127130202792,1.5110137419145802,1.4749389277124605,1.5249858893274055,1.6769811405511037,1.7509638529119373,1.8229662364178545,1.9305760916704084,2.1203326265002653,2.2319518887543666,2.3171812821375055,2.4500336549787765,2.6415060765811647,2.8545815521497895,3.004165007235363
0,0,0,0,0,0,0,0,0,0,-0.6055537484161597,-0.7279677264873379,-0.7769189117351494,-0.8187416391837656,-0.8609330538351597,-0.8880473790351242,-0.9404734684639733,-0.9835864721396722,-1.0141499456701022,-1.0815244140270328,-1.0093407352592882,-1.0211329888679483,-1.2415740072369976,-0.9824910876297818,-0.2870088868413265,-0.10456919631553398,-0.27439963179374266,-0.48491377505988187,-0.18537863261416496,0.07142354048776287,0.18588459304157792,0.3846485037050928,0.6261161863760493,0.8357659924439971,1.0241476228295003,1.1465312046957221,1.3272269068848177,1.3487027289869606,1.415844313953134,1.6729800648286446,1.8456239388450695,2.029541187431714,2.1208724583523066,2.306124310161578,2.3763374723551647,2.44671753774619,2.6512625114173436,2.915398056298722,3.0253654335348146,3.1534000099704342
