jsons/1312754400.json
{"header": {"parameterUnit": "m", "parameterNumber": 3, "dx": 0.1, "dy": 0.5, "parameterNumberName": "Northward wave", "la1": 40.97354507446295, "la2": 16.46031188964855, "parameterCategory": 2, "lo2": 133.9931640625001, "nx": 191, "ny": 50, "refTime": "2011-08-05 8:00:00", "lo1": 114.97908020019554}, "data":
[rows 22 to 43 of 50, columns 100 to 149 of 191]
1.3729894980592166,1.2768025781805425,1.069950778773649,1.013982779816971,0.9502389146576613,0.8706003851881733,0.8541488543869132,0.8311090593216397,0.8086598369921941,0.8095033186725559,0.8102630100840993,0.8284851847351314,0.7900828992651835,0.7839316460371966,0.7706107436737114,0.7451397618630368,0.7547658892263011,0.7673497495947106,0.766326000593065,0.7749279671147336,0.7600706489271734,0.7014609994097489,0.6894435137412419,0.6717305343663826,0.6834460531037392,0.7102207405015065,0.7479996810269528,0.8042428626439422,0.877027836508248,0.9124857502978152,0.9568718420159025,1.0100347734249358,1.0410484808648794,1.0681043771071328,1.0859201132999852,1.095753703355524,1.110150613571215,1.1488827115603557,1.1683315341890015,1.1871042963814848,1.1828072278837114,1.1867887172910792,1.1785273792020243,1.1641271699464808,1.1465781605592351,1.1225210173187739,1.0838368401974288,1.0424477397082292,1.0100178865160052,0.9792535817488309
1.4871390169991605,1.4396652543058666,1.2766021598742856,1.243925345150321,1.1651573544242524,1.0722885813155265,1.0032567972131419,0.9699734608995835,0.9034327176896471,0.8989176337294839,0.8843138013690297,0.8466576118273357,0.8157982671037703,0.7820165755193886,0.7634004968124022,0.7396125793861845,0.7500729661566089,0.7752219976733973,0.753456055714222,0.7422680967957092,0.7452258332216416,0.7175004161001793,0.7696554326704578,0.8353568958905404,0.8722059174665132,0.9109810324343588,0.9374141748895156,1.00661528864571,1.059726274935266,1.0943834896822526,1.1158127890311476,1.1741371502628197,1.2234444488255418,1.2366209359644575,1.3019731641850367,1.3218248359222489,1.331011534328821,1.3657988713730211,1.3822002532723785,1.3856522287904047,1.3903879122741087,1.3879133732868392,1.370154853557555,1.320163677021946,1.314291349999839,1.271072444520918,1.2433374332773681,1.1832217779709222,1.1390137761362709,1.097197389723436
1.519554009043669,1.5119534569936348,1.4619282305031638,1.4333180922143618,1.3862738801410766,1.2856960225737408,1.244344083094757,1.208154988717624,1.1223455629707992,1.0824292935540738,1.0467806255777405,1.025834374294853,1.0032448098541178,0.9777963314699509,0.9297252048681506,0.9297175685871096,0.9403170792006176,0.9472117411564734,0.9674481717109097,0.9958191769961973,1.0326618600846336,1.066035127252249,1.0793397274044563,1.1211064778956166,1.1929427418809833,1.185956751436979,1.2010259976013467,1.2259030577847494,1.2530142274713978,1.2857780213873227,1.2946036086565653,1.3402086358827816,1.363454306321521,1.3878325890218313,1.4410885886689262,1.4804425846794276,1.4920765244084886,1.54999528158402,1.555089023313742,1.5556361093207673,1.58684151368246,1.588145371803282,1.566786427361918,1.553996984367415,1.5178447870187826,1.4939238740670577,1.464276313792826,1.4014172994154503,1.336151311488367,1.276070317121599
0.8907112416113276,1.3630419135471723,1.4619291297692547,1.445975298355607,1.4339084662361308,1.3939677912259594,1.358308270520842,1.3467860014974307,1.2496617881924288,1.2080344221234534,1.2295671731720659,1.18353885748279,1.1398523816288662,1.087288752384781,1.1276003163864476,1.1580934191551042,1.1923703281221907,1.2029695616279483,1.2124064292828098,1.2142237435367045,1.2058722760170681,1.2277228949897796,1.231695870425861,1.2316698859860595,1.3024910998209025,1.3329625765251725,1.4005910361806861,1.4470817873921265,1.4811288183974456,1.4918984156481472,1.50216129504192,1.5618562094310626,1.5512373321370903,1.5580045196081977,1.5342675293885206,1.5327219875099451,1.548781271872766,1.5942731795870633,1.6211042829687368,1.6392455176495078,1.7159892606418878,1.5807136800365584,0.5900934170946062,-0.694807351292225,1.3840062961970292,1.142144021855682,-0.9313734588487963,-0.7324663403595766,-0.29078747587102505,0.10584623715450382
-1.4528869140466836,1.444897564666501,0.7906296884112418,1.2785549223356154,1.450934358670107,1.4913951143156867,1.4804226606151554,1.4836151523641483,1.4495272270652038,1.4471142608690257,1.4556305219404746,1.4531495498161535,1.3857210136486604,1.3800744474016353,1.359007209144856,1.3326686719063097,1.3328143205354006,1.3177894168143232,1.2410425116223605,1.2552056780261378,1.2504242217641584,1.2460153297049552,1.2464694203875213,1.2536707367651554,1.3327848329384921,1.3552619256225198,1.395272186172871,1.414136297968738,1.4307601758010031,1.466164602620163,1.487354788596707,1.5357158727317535,1.5628008807729667,1.586439849669475,1.6346963824674088,1.6685137690800436,1.6905597655708768,1.709735341054719,1.5730375981514546,1.6068784059692958,1.3017450590232107,1.4631356620199076,1.5566486934125474,1.4223177750853542,1.369927979366834,1.324265236025883,1.236122783350104,1.1988416144428635,1.0835310910075542,1.0545379817239957
1.4326380703772916,1.413587030766447,0.37780070038063324,-0.9076304980492494,-0.6785821846544658,1.4068471326948386,1.4241798629696771,1.4772030590224057,1.4685924825451389,1.465366931200383,1.4619376344618698,1.4472539208673663,1.4166082357939342,1.4174936231464683,1.4103938921791712,1.347659614036995,1.3622293612633298,1.3531271103687594,1.3445453116052015,1.339914450682178,1.3469534272334445,1.3500228279202198,1.3511861432791732,1.3611933023868865,1.3604477853018568,1.3955892394803933,1.4420524524154572,1.4696094436289209,1.480406790201567,1.4940723373781784,1.4819725376719988,1.5085555272022357,1.5367030398308839,1.5549916820490142,1.5812863679392497,1.5965758602068785,1.6057383160302137,1.5898603937392968,1.6081581933027331,1.599871943379649,1.5930395819069398,1.5864431817093736,1.5445215814149182,1.4850124569344254,1.4728574692922294,1.4162368063492898,1.3936693732289158,1.3748660690727639,1.364989331519553,1.3538858784929655
1.4039266541271422,1.4067130230052454,1.3346117950367304,0.8230175743801039,0.5919934864741535,-1.3368547126291,1.128155624973359,1.2765956020133515,1.4555273429314128,1.4476638152438137,1.4420370922276284,1.4330499159706178,1.4096099648859812,1.4115428258610732,1.403974077667814,1.3903851064888206,1.3980003336856301,1.3957061446030259,1.3900738213273587,1.4006211928237504,1.4054524667030606,1.425495803267866,1.4432593615278932,1.454715689021505,1.463688595405035,1.4742278880383108,1.4944953466772606,1.5318207311040093,1.5460105608386387,1.2215014948595742,0.638129894931475,-0.7931672896527439,-1.5436915333442573,-1.2102401661414777,1.165014987380205,1.5845878897262582,1.643238630464748,1.628985699951966,1.6276200235639788,1.6081634420571123,1.599870014233762,1.58838036776512,1.5765933050966003,1.5665373578450874,1.5760775604067285,1.5551267302132223,1.5535472068431837,1.5153293640391758,1.5000506923638197,1.4857814623179462
1.3870159789088417,1.4028598361760878,1.409220943738343,1.4108725259114,1.4141958716792118,1.3918680197030493,1.1571549311066711,0.9835535313166885,1.4188706915667926,1.2645663244400034,1.343425067289614,1.4397222464549364,1.435286679710532,1.4331454095152532,1.4345272807596712,1.4219183181499615,1.4282526152703585,1.443431963196037,1.4590500230177295,1.4733073987982765,1.4864782442678302,1.5026124476680949,1.51961054119049,1.518552129949593,-0.14883223747133403,-0.6800047503536284,1.4821511952646627,1.59408777009043,-0.9952853861127984,-1.0737604485615542,-0.5916742806601543,-0.3120446392078776,-0.26439453168104726,-0.21823353916508068,-0.13874004208694626,-0.12288421619420443,0.00588013905767249,0.20815834767164798,0.3872012766740006,0.5166041508422307,0.9089662630642098,1.0396723852738994,1.0922146160980637,1.2008137960022813,1.2769759031126857,1.3018090057641352,1.3168143501792493,1.3411059478073792,1.3436464254997251,1.3440511566392783
1.3878304732075364,1.3888090529088453,1.3888704178002527,1.395734988561658,1.3992337795670724,1.4165443991719338,1.3251081180158575,1.3279233864076843,0.22874494523349928,0.7709840821730574,1.2600583094236855,1.4186195685323082,1.4424767061031207,1.4464557044840796,1.4464763201276938,1.444146712215423,1.4509951443502946,1.4571053519666617,1.4581142149399882,1.4668437011418025,1.4878295915459159,1.4907391657988178,1.5011495224874438,1.534729772694867,1.5650804285304027,1.5865798027515554,1.5906899632453992,1.6031838730324666,1.522618017324735,1.411823835745588,1.2074487506115854,0.8932456716006041,0.8344419090444709,0.8165750653840567,0.7597589539279497,0.7274634408186964,0.6234794520378361,0.6776152042084352,0.6537035771351469,0.6499405262293805,0.6456053255609199,0.6694976511494312,0.685798488091418,0.7348723234127745,0.7354601796751411,0.755956740078566,0.8396708717999645,0.870598189401639,0.9245186157265036,0.9671808511405898
1.3696614085197854,1.3621211834634481,1.3736500821335047,1.3765752145061272,1.3741706295968938,1.382197438481619,1.4015248686108273,1.4158005381453815,1.4252142713293392,1.4322461918928342,1.40708233669886,1.2806089039998425,1.1818229228301103,0.8475842945846728,1.4396372850768673,1.4449919200160926,1.3745652960703802,1.4073909645920981,1.4586318523840482,1.438766473751165,1.4568467828253588,1.4889960368822548,1.4939469869236128,1.5046252256655184,1.513645432893922,1.5382467162717872,1.5711794169040214,1.5791859218067013,1.598031455679754,1.6283015717440974,1.6416312453331519,1.6173460831825557,1.6078922724624112,1.588839281778146,1.5404753382704164,1.5367535805862271,1.508654414348522,1.5376819353059448,1.4947861984564461,1.4607416955028727,1.379159776211557,1.3621282468758016,1.3092033484228516,1.256560868055319,1.2456394997946263,1.2028406783764387,1.1959162797982539,1.1797402105305075,1.138795626642893,1.0962548905180893
1.386161110992558,1.3764988104098668,1.2031436001708615,0.9580008255110033,0.6648012245294359,1.1798868941142509,1.2733098533609173,1.3464469880010226,1.3804905190915135,1.3947050321636985,1.4112868643118455,1.41961550271969,1.4268809337246229,1.4004793297948483,1.395128769274281,1.437020282397136,1.4475846977517972,1.4060047757860188,1.1419517647256623,0.04754630172304083,-1.4503902299059743,0.8697859294772953,1.0242531430439445,-1.2652753524127052,-0.9281246124320105,-1.0728908949653106,-0.4162952888204892,1.357486735894697,1.4217413216221082,1.4601923614725711,1.540432450040947,1.6110616536042952,1.6247222202628633,1.628404475239044,1.6006537314330618,1.457122957400057,1.6442553512390243,-0.0005763972569330691,-1.3517406891696921,-1.6386316737340934,-1.348857461494464,0.8134464742945853,1.0569273698165695,1.3728910108513117,1.4305693870233265,1.5166505295771928,1.542534875419497,1.508782878463577,1.4863646880086199,1.4739640942406629
1.388540035869936,1.3941414140660584,1.3350641080279035,1.2535569150268244,1.2691148671682373,1.362948740101701,1.3927912121005475,1.3982117262718021,1.3923343053246084,1.3943340028237992,1.3909964626499591,1.399941127992824,1.4147002566919207,1.4192662179541478,1.4274185842915965,1.4442098394222236,1.446840168386568,1.4498119916261398,1.4563854037217252,1.4609533419127014,1.4637084080518719,1.4702919853679297,1.4725441139295405,1.4748680377800154,1.4889246581561515,1.5050272568520464,1.52301726413727,1.5404371960937968,1.5333341470626343,1.5468475558664834,1.5451576020825375,1.542945070958831,1.5590558941131545,1.56514653364025,1.57693886802966,1.5846933067347218,1.588250430590284,1.589838658258692,1.5946302996581097,1.5942814105123542,1.5109281937518773,1.2542958698459292,1.3813410370874528,-0.4345295850593953,-1.191072112344426,1.0010951688465404,1.5102891373810725,1.4107795586463212,1.4691735211505403,1.5267677688490076
1.2685864742142148,1.2901917943743162,1.365360780241569,1.3953747859537522,1.3857111904967583,1.403581475313832,1.401406186246818,1.3944947184704928,1.4062705726159543,1.4109835074604686,1.412597552565219,1.4072450945036177,1.4123066889675437,1.4128254319967402,1.4160118620268483,1.422268367485529,1.4269246859750913,1.429913377844539,1.4437547813166105,1.454880055923305,1.4629982582667758,1.4750289868987159,1.4860182386372751,1.4825729876716411,1.4887974543106217,1.4882313266200335,1.4936330030058715,1.497828304750655,1.502074721199525,1.5111814488103628,1.5137398575966945,1.5220922822139356,1.5337748838559937,1.534772173432671,1.535522525405338,1.5343194309502297,1.5355086910732365,1.5366876295711556,1.5400565553920795,1.546124525031503,1.5476581465242512,1.5512709395224755,1.5557967660404903,1.4823068953960006,1.5107548634706764,1.5163776030840064,0.6401184291750102,0.21028792349543868,-0.6279016205096992,-1.468750157849056
1.160795704737396,1.2056746394994717,1.2694365651518578,1.2922534046507277,1.2946722077363957,1.3613395298762205,1.365526472775645,1.3711267256495723,1.385271537154598,1.394210344481398,1.3883181486346656,1.3879693581838677,1.3989081278596072,1.3968216322405298,1.3981547798254659,1.420483498649276,1.424342325449886,1.4251655928869913,1.4431514924610853,1.4548687515521548,1.4639671651814017,1.4714889803925122,1.4765363238782254,1.4808701010966958,1.5030699952349755,1.510765833558709,1.5065024110577645,1.5082379964011334,1.5102480473312587,1.5081902818513018,1.5076763463332152,1.505116611936273,1.506084908028514,1.5072009121347043,1.5050189216269036,1.5101055061279687,1.512403568082487,1.5161766812564268,1.5196273116899544,1.5209172273847085,1.5209105651038026,1.5179179477425784,1.5178790676615923,1.518141264505807,1.5156203996402113,1.513125324473575,1.51223012809823,1.5132788829287243,1.5242247933534556,1.5239470864899591
1.12356073738787,1.1491708157268157,1.1894874048066384,1.2222890196791913,1.240754236518058,1.289002347805889,1.314889095685872,1.318741066901129,1.3458733460065253,1.3542601693437424,1.357258147922036,1.3585366829882306,1.3835173776847418,1.3914086724999863,1.3931285834339049,1.4020939435342972,1.4084180521213705,1.4150022406487268,1.4310471918190941,1.4486997053351582,1.4548573786419032,1.4754034012629487,1.4859556778243497,1.4995585935533309,1.5048571071899262,1.5005673508390789,1.4942503527192739,1.5008451043077455,1.5097796840920958,1.5049684428210357,1.506622626457081,1.5082389142922088,1.4978069598118775,1.4935339244795165,1.5003562830196993,1.498886627342375,1.4990346499953844,1.4982046091321886,1.500833534148188,1.505019655533962,1.5027033537146115,1.4965997064487715,1.48759847654038,1.4856635377665872,1.4786908448382128,1.4791844343134857,1.4838656252496347,1.4849137874469904,1.4843533270292015,1.4840695580269687
1.1411387333179857,1.1663697255324288,1.1886227948402612,1.193372804668855,1.2210773371096606,1.290446919605825,1.3095019419545926,1.3384435977651907,1.376074513076042,1.3819505379013652,1.374927499593245,1.379638505811014,1.3895557546846693,1.3896843959446834,1.3997575509846905,1.4083087414660265,1.41589706568407,1.4277197507021047,1.4435030582400838,1.449259800343861,1.4552422082425782,1.4828244497517018,1.4889828494255064,1.4915997168085646,1.4997221037756043,1.5033893699751224,1.4873640266925556,1.4853142947794242,1.4984784899605006,1.4913402774687696,1.4921097784744413,1.493625702640768,1.4930458644130586,1.4923575668458966,1.4962776548615493,1.4988581183945657,1.498794477766569,1.4984955994587894,1.4985648353081047,1.495585579369229,1.4943261789551823,1.493324808515709,1.4890951779300874,1.488064615691674,1.4850337918753758,1.4774867523062154,1.477420722545177,1.4772227677572487,1.4786547233054583,1.4812787012157604
1.1615225968432075,1.175602865615332,1.2288717449511484,1.2366313045380366,1.2370155654031711,1.2623373254232089,1.2943637613948846,1.3051410480736254,1.3319227739528012,1.3293712450125654,1.3442473572843723,1.3604502912319798,1.3762767376667762,1.3757336695533724,1.3838564352310205,1.4094744345652552,1.4138314801464318,1.4212404136883465,1.4442284067168318,1.4519364824554017,1.453163902798817,1.470931345422572,1.4774217176588968,1.4675162944136813,1.492524619856743,1.4975677592750671,1.497114424443599,1.4982761737682622,1.5045127393197797,1.503443803734589,1.5066725590596448,1.5088639112078464,1.4998362277173853,1.4969165263061577,1.4987157155669317,1.491474187503827,1.4906337140092571,1.4956174048973834,1.497771841976206,1.500536481051312,1.50473331849807,1.5028670069984549,1.494813878839848,1.4918757475977573,1.4877087029129994,1.4797169946490027,1.4790501611652402,1.4764117911953367,1.4705694184104627,1.4661626694185421
1.1817208251708704,1.199491792613628,1.2213986763425166,1.2351861634824646,1.2394272461878966,1.241138083355721,1.2552367502250825,1.2843227357899671,1.3314738141916,1.3579186972614592,1.358063607011024,1.3656661539461405,1.384948030722855,1.3848118737956574,1.3844273657525394,1.4052881938094564,1.410168366973054,1.4177773962769442,1.4418154945739954,1.4512232845545063,1.4658199448279667,1.5010207316750495,1.5045258580504373,1.4972796547668328,1.500799379278433,1.5036852963634726,1.5002504094277023,1.500669779339697,1.5059383671201332,1.4962768438752794,1.4919622193736144,1.4942717165807426,1.496404913157672,1.4962514808566505,1.5018057061348689,1.496137494758382,1.4963851601114329,1.4987903109272618,1.4963831976865016,1.4942120945120978,1.4950413432364715,1.4960445785360093,1.4913818763667808,1.4921145921570955,1.4925402855484693,1.4877805686225694,1.4794298286580108,1.4622041361377254,1.4489960329253537,1.4376898266422913
1.1783380424641874,1.1810084648200903,1.2130746862926332,1.2301514515113856,1.2334293980768143,1.2690956518225163,1.2984434371775613,1.3238780662231613,1.346369989817128,1.381035811069994,1.3973214420627913,1.4144894375481865,1.4273089660191562,1.4345343068214804,1.4451784219799448,1.460684645306541,1.4618760506675357,1.4682953849337468,1.4848026031662525,1.496774846569399,1.50469879701148,1.5049756832413534,1.5119889603282113,1.5305056526086442,1.5511040165910421,1.557251376922395,1.5529129289102017,1.5454080300629789,1.538933276931648,1.5306987155172604,1.5297589019617532,1.5365308031447338,1.5282140573096954,1.5270226674085041,1.526893023951624,1.5221174034857794,1.5221149070049294,1.5205773473182471,1.5163401146812614,1.5089533786434293,1.5095649078951103,1.5020275740682782,1.4917523615343522,1.4808624200576022,1.4786899625400423,1.4764295737637256,1.4814292394676245,1.4594188373017911,1.417543744649893,1.3866390145658256
1.1414438060538108,1.1562381417077423,1.1843843913202277,1.2009973892975156,1.2180107244510592,1.282343836930041,1.3324484882225145,1.3673457956748547,1.404691733832784,1.4408904842874832,1.4646330105571026,1.4653623385947656,1.5135210514884612,1.5289631212631372,1.5374719062652005,1.5370128031384591,1.5258059541854454,1.5322720893037394,1.5554392932749896,1.5613460964815509,1.574774591841409,1.5851599259466806,1.5968321292944874,1.6017356836051164,1.6189072830033973,1.606203756057315,1.5811047810150893,1.5722604775000006,1.566778061062245,1.5610449383694314,1.5586597453086115,1.5582824746110273,1.5540463805854976,1.547672425202463,1.5423345760886877,1.5313861097747485,1.530813153176605,1.5332693579409085,1.540160842034352,1.542611698029938,1.5229696953480094,1.501866583606631,1.464635871893972,1.4387118768926288,1.40912318725019,1.3437473636013888,1.2914124255188253,1.2982937268457904,0,0
1.1252098000265194,1.1535175465114111,1.1959453613116129,1.211021757681712,1.2356840832712706,1.2645242975857507,1.273118960002297,1.279817273819524,1.251803359680525,1.3003003605482466,1.3792220200735406,1.4184113695176985,1.4667652580921684,1.49941765458157,1.5458641966307496,1.5712642324235748,1.5566198625444185,1.5560935274909014,1.5567996411235216,1.5697442835946638,1.5677159456896792,1.5726620281884167,1.5721155040725103,1.5602380805027956,1.558045066769909,1.545351230140402,1.5442635500876,1.5495394344570896,1.5362000740037076,1.5228191522956944,1.5304074151043947,1.546806599284949,1.5424998708738624,1.5431787609383325,1.53929514921634,1.5241232820448498,1.5223548086048637,1.508421877048661,1.4872884724078013,1.45640054137501,1.4295360776378212,1.3985235861299778,-2.8718037908700002e+38,0,0,0,0,0,0,0
1.091973985039387,1.11101839360351,1.1471940682206188,1.1528266744821043,1.1729851621781398,1.2256182914920732,1.2390588844097181,1.261566583355891,1.3225745325482183,1.347660582001164,1.3742533079482595,1.3902740601632568,1.4478341668635701,1.4450249877151398,1.4510697417079348,1.4647420872566597,1.4702978530048316,1.482221553542937,1.5169111665540886,1.5326692898258483,1.5227822482238853,1.5082769807345477,1.50005470591357,1.494711744427466,1.5198080226583752,1.5204201538784543,1.5266872735429065,1.5133091150533726,1.4877316511214218,1.469669774012512,1.468129811447796,1.4618596356095548,1.4449516346927052,1.43612464820665,1.3954064397727417,1.3497738469059508,1.342207450981919,0.40086353841849204,0,0,0,0,0,0,0,0,0,0,0,0
