jsons/1312711200.json
{"header": {"parameterUnit": "m", "parameterNumber": 3, "dx": 0.1, "dy": 0.5, "parameterNumberName": "Northward wave", "la1": 40.97354507446295, "la2": 16.46031188964855, "parameterCategory": 2, "lo2": 133.9931640625001, "nx": 191, "ny": 50, "refTime": "2011-08-05 8:00:00", "lo1": 114.97908020019554}, "data":
[rows 22 to 43 of 50, columns 50 to 99 of 191]
0,0,0,0,0,0,0,0,0,0,0,0,0,0,0,0,0,0,0.18571510189929114,0.24398426215458743,0.6724693562162449,0.40173285183851704,0.7054532538650399,1.0750576485546415,-1.9762043581050888,-2.017996374245614,-1.8372341441012203,-1.427517466979978,-1.364833023947539,-1.2355877735726777,-0.8787660370522272,-0.5621124197435629,-0.28420748763975573,0.11793774668940213,0.3545639848427179,0.6692293454990903,1.31744071209357,1.5699067054892966,1.7399721668733805,2.1120342423226504,2.264226946980446,2.2980462667288735,2.3558530635593535,2.5450394862544172,2.381069505114277,2.3165784312660413,2.0402461150111457,2.0886108911711787,2.4090359522459943,2.2616538279655924
0,0,0,0,0,0,0,0,0,0,0,0,0,0,0,0.04047006964926762,0,0,0,0,-0.42398976050442816,-0.816234014701851,-1.3228008648082348,-1.459979615411306,-1.600511591243602,-1.660449634079405,-1.4643279739336896,-1.0859018168759103,-0.8974425921863545,-0.6288331187898163,-0.08509680640061695,0.23854307986234569,0.5344453721336234,1.2112722053967997,1.3570398857669705,1.536290284242086,1.826233599306897,1.925528755774534,1.9903608863834927,2.2366813862025636,2.33887740018718,2.395989352532629,2.44760611368972,2.568822868574511,2.580573269533275,2.1204357068246784,2.6381052187837613,2.066755029092951,2.5726648514846056,2.4778216561872446
0,0,0,0,0,0,0,0,0,0,0,0,0,0,0,0,0,0,-0.3935835928312482,-0.7586024064458382,-1.1916817123158743,-1.3342611990707276,-1.5570307206745206,-1.519988905912996,-1.17740414642162,-1.1528603491101745,-1.0079509834696678,-0.7341566256064859,-0.5588274628442726,-0.40695536166855073,0.15761883325078638,0.4323446444218735,0.6082790504451383,1.1822183555474286,1.4299577157887402,1.6106882823218576,1.9584711714158574,2.133387592881438,2.200800374110126,2.4040211431578693,2.427162252525782,2.4298614105187135,2.465212213410447,2.564213152974878,2.5655281262572385,2.2948543788907494,-2.012008728500229,2.593338308334412,1.9869069486553312,2.5656767023582643
0,0,0,0,0,0,0,0,0,0,0,0,0,0,0,-8.1454825486999445e+37,0.12354225151309091,-0.8158369461717302,-1.097001359682383,-1.4204140513989123,-1.236063379107881,-1.162671699195706,-1.1974927940627311,-1.0913610502093507,-0.8511305108596784,-0.7579347925082952,-0.5982713077277299,-0.2785831738763045,-0.09609830612844202,0.047014245982241236,0.6238600549028989,0.8682188326481874,1.0405422661627617,1.38892805129195,1.5975872750817481,1.6944870321768775,1.976109050260653,2.041248562875723,2.1386297067976585,2.258659392350159,2.301419390131214,2.367392543145728,2.4351694002529443,2.498971630377262,2.515760362879291,2.5262894174530595,2.559228336285154,2.2928165139281966,2.374368134580053,-1.7089884429201314
0,0,0,0,0,0,0,0,-0.14021021802986733,-0.33716462746808085,-0.13732501408475128,0.45290945479044603,-0.7983415319615212,-1.0351849118142329,-1.08480879903793,-1.101405090344553,-1.2168041406029646,-1.0368508306401807,-0.9324065015066701,-0.9927615037498309,-0.7979778315329172,-0.7441615773794631,-0.6507531365194995,-0.5278448790442467,-0.28560854796148555,-0.18141728893834305,-0.06422197712509381,0.20628879444658565,0.37990240194564856,0.5259245534592957,0.8634680292853183,1.065889803613694,1.1948839744599327,1.4608098232204758,1.6395337580253333,1.7838710351814344,1.9757502893926664,1.9955981418721875,2.0262086944576057,2.146726359587155,2.2039627357756726,2.2241924319221247,2.261189337339063,2.3255664461537204,2.331485370623347,2.3642027312930844,2.4084194486100343,2.4333960412778963,2.4456595106026917,2.3839453556042742
0,0,0,0,0,0,0,-0.5307670666509802,-0.7456168800354477,-0.9412156716191585,-0.8740143745171325,-0.7212943187744504,-0.7487606171414077,-0.713526172481208,-0.7027723673371039,-0.6972187573435912,-0.7236351874371333,-0.6129235498926511,-0.5740371657837435,-0.5119044162760615,-0.37483404102168477,-0.30981594894976666,-0.26515788874299756,-0.21131233974261654,-0.07205281747044924,0.03581077699971161,0.11407785480849537,0.3213171314572983,0.47917802403817283,0.6137121894378298,0.9627721424611085,1.0835249663486937,1.2049712274974596,1.4843234030695243,1.606084508260865,1.6965415426119232,1.8092008644004005,1.8638291736607078,1.9151738069257318,2.0041366651889145,2.0645619022533186,2.085752668745443,2.1284602520747686,2.2048407413646838,2.209763139250358,2.234488024535703,2.2938834151933905,2.3108263799156665,2.3360389996931796,2.3519967323879967
0,0,0.1237125093624186,-0.699703201682295,-0.9170735754827647,-0.9672141000148724,-1.0738349004825887,-1.0129804978213504,-0.8620407388061453,-0.854253502689631,-0.8147763172862005,-0.6946218587507554,-0.7087555721784763,-0.6711817783552196,-0.5918193524918063,-0.5378742435727462,-0.5073157314017797,-0.398065081142306,-0.3736559755494082,-0.3291549572783795,-0.23731135691277386,-0.14194209269810687,-0.09974190288900238,-0.041162024146235675,0.09007297749995402,0.22521631349276555,0.27548245710062835,0.4168231088025117,0.5790296421253626,0.685247714314023,0.9087921497624604,1.0156170947167031,1.0930494192000861,1.3709317629523512,1.4284754954552716,1.4982169981757891,1.621364005784867,1.7076228979753754,1.7416297096849311,1.823885285126761,1.906455388029163,1.9167283213221393,1.9976274342330704,2.0917680797204246,2.113380809202596,2.140606278713709,2.171041622430686,2.175709264848864,2.172200825973995,2.2236917609428826
-0.9129794580064075,-0.9586019493504419,-1.0006293873331955,-1.0281639614248512,-0.8543654070022567,-0.8732092461762242,-0.9072994482873403,-0.8738223630707457,-0.7518469530242115,-0.7537256457223468,-0.7354827644781279,-0.6331075032974871,-0.6035179428098427,-0.533694252608048,-0.3936760114583037,-0.33409832606601686,-0.30756668204930804,-0.2342624791843147,-0.19799227207117495,-0.14794083564353905,-0.051900586818115296,0.010679502543036344,0.06962357099165621,0.11809047070912228,0.23940444987427123,0.29652421230003106,0.35841953059503445,0.503247756785645,0.5585486930546244,0.679097034233035,0.8404171114394274,0.9436076798380192,1.0113233257752368,1.2039888141075752,1.3124818993004874,1.3829459324745588,1.4954833242965684,1.5507010144042164,1.6064904156794384,1.7201144298696964,1.7604833738611247,1.828289465853323,1.8709624652816608,1.981666858706255,2.0347223455338805,2.0356490048417144,2.0856053254655302,2.0891212927310487,2.0870220322884814,2.132667265512178
-1.080823302495023,-0.9605312434319213,-0.9512305484510392,-0.9187840074888289,-0.8452390760078895,-0.815320770351388,-0.81755943348641,-0.7861074780281687,-0.6902394869533771,-0.6710180919420303,-0.6114176581894856,-0.4766238610457654,-0.40222171100231546,-0.3453055013104744,-0.23586639270500076,-0.2189355723284928,-0.17521331629987277,-0.1306346595188524,-0.1054360680417216,-0.08004746448366644,0.0007652094050309662,0.019842798188381625,0.05222434787899201,0.09654926823662917,0.19843722158202476,0.252710842008889,0.3301557335375066,0.5055356030096885,0.5937391295685204,0.6245744496380874,0.7457437584255792,0.8270857006164485,0.8838349209119989,1.0174194269120462,1.086590315397334,1.130062921162191,1.3080856439609647,1.4023203372600512,1.442822015535175,1.5464409677662434,1.6476370679301355,1.6679888047421934,1.745912037181175,1.834789282614515,1.8770240218446301,1.9229975299055744,1.9815511449616585,2.004004424432294,2.010901411617016,2.041165514849193
-1.064737359767754,-0.8808294849846026,-0.8221163783437115,-0.7871021654107648,-0.7045166168125971,-0.6797754696449237,-0.6546288249835756,-0.6272217578112863,-0.5350241279759819,-0.49729961810779066,-0.4500296331826303,-0.36023528749743006,-0.3189082981402519,-0.2929522364473014,-0.2567136184554018,-0.25806443336382995,-0.2718402596536078,-0.24566935179153276,-0.2241860486966506,-0.19164373754215894,-0.11512159160549754,-0.07701800441646925,-0.03828747180341987,0.021789545821304844,0.13073519860188276,0.20763016628601003,0.27917910940763613,0.41397065549033174,0.4901365631166854,0.5568604881811875,0.6455591445389876,0.7027439206446564,0.7646957496959914,0.8826233715638635,0.9647536664022899,1.0920085464877625,1.261521994314927,1.3467536947217338,1.3997234283524285,1.5278554386396037,1.583623049398657,1.6318970284845724,1.6953609566219736,1.7975416670693605,1.8206175326748306,1.8741367174955084,1.9402126036286569,1.9402593887718216,1.9357928366302861,1.9428383979423205
-0.7592735556084695,-0.6375829431693752,-0.5908965426284384,-0.5576836233398239,-0.4469389218903491,-0.37830144055333775,-0.3264476185642779,-0.14029179978583084,0.07202184689596482,0.3984344600234309,0.5078954806041805,0,0,0,0,0,0,0,0,0,-0.8581596050725895,-0.6888004709842426,-0.5893485909963204,-0.49175845409886937,-0.3145262203321221,-0.18488426176693787,-0.07965229311822872,0.07536141429445921,0.1401030748952004,0.20488128277558415,0.3208530378851916,0.4624691146979537,0.5820872350460182,0.8716907159477767,0.9536702881741447,1.0700691307848138,1.217820637324476,1.2679642539145817,1.3299216248968546,1.4298953937177459,1.4772503229789542,1.498858156163068,1.4909275739051622,1.526812137730734,1.5683456881821645,1.6573899282548412,1.7547852041183805,1.7946572228370865,1.8132356737253534,1.8948118431091592
-0.368313004530866,-0.22087509950456446,-0.10899852593454197,-0.011539420548371895,0.28124832533695177,0.3639867998315703,0.5202282868658985,0,0,0,0,0,0,0,0,0,0,0,0,-1.3980676347802599,-1.0971941740262927,-0.9460786986102887,-0.8463125607019062,-0.7509294523508571,-0.46074079815860625,-0.3966070798173995,-0.2964221716575405,-0.11688513043189937,-0.061123995007832305,0.05550081199183025,0.2640630060818475,0.337185525031542,0.42938000175906116,0.6525076429859138,0.7749871639516964,0.8681160475445426,1.132828648864367,1.0942588562392352,1.0358649991199307,0.9181010063165194,0.971702115811244,0.16776459669482446,-0.7353426592327962,-0.30502862535478925,0.483833337472393,0.9947761604135981,1.433644081590768,1.5575197110833687,1.6260920160362917,1.744058708057696
0.25107953623372214,0.5387290806012167,0.6077423374778177,0.5761667943520711,0,0,0,0,0,0,0,0,0,0,0,0,0,-1.2136460557330313,-1.178573746381422,-1.196004910134108,-0.9071798403825133,-0.8474731190918073,-0.7660789207357164,-0.6608339275447059,-0.4867739166714653,-0.38627056390581344,-0.2914303383762591,-0.1330838956400123,-0.046797892288175304,0.02649083220657886,0.21090815805501406,0.35341875750427687,0.4709184329712669,0.7675108099067267,0.9172368071258179,1.0455939179032168,1.4534987601097544,1.5795836485311827,1.5428670374758318,1.4392308081293579,1.4474175028261813,1.4980032297205141,1.5235848733563222,1.5253909370303995,1.4870344869509198,1.4237631134189914,1.3663107793963556,1.4268086450906463,1.5018557470608649,1.6000479986768121
0.5514790058012868,0.7020780365191605,0,0,0,0,0,0,0,0,0,0,0,0,0,0,-1.329519891363099,-1.1424024489247606,-1.0765326443346388,-1.0244098650896523,-0.8038299712223705,-0.7362829314591718,-0.6680657478203316,-0.5720774256988908,-0.39977194819854084,-0.3066109341351933,-0.2453354825691497,-0.0808955272309925,0.008966574395330865,0.08082751456565541,0.2864582805631597,0.39160923212242,0.5251280678267076,0.8093598128527648,0.9098325303189893,1.003708661662213,1.169099292402119,1.1886173025920819,1.2430334268183765,1.329426848630988,1.331258955537632,1.3506384919889638,1.3628581695080884,1.4031724787985977,1.3987393492071467,1.3877584353496537,1.392649726767946,1.4090263633351652,1.4212651781719263,1.5011189969002836
0.5533327134078826,0.6210657438026888,0,0,0,0,0,0,0,0,0,0,0,0,-1.2002457652091039,-1.1683447953652573,-1.1604745411438866,-1.0123182350922253,-0.9360673011266893,-0.8777209287988251,-0.7161792216013492,-0.6068710961364824,-0.5408796344242095,-0.45205290732805375,-0.2563873495129512,-0.1790204647548826,-0.0916708230224674,0.03847346905568633,0.10521716048788649,0.14801981583317214,0.2992326531994253,0.4406060271253638,0.5454555380741528,0.7653225319519988,0.8639060074818192,0.9105435900118045,0.9869161854809879,1.0141471543489706,1.0350813368795604,1.107695162815601,1.1135118287948156,1.129419795199378,1.143093422208149,1.2337475528549988,1.2577756158532745,1.3111827280899,1.367369862814311,1.4030114968150624,1.422915421712549,1.4900689268877552
0.4800121475818855,0.5442991197065542,0.47893339835008103,0.09922087095828433,0.11421991730464157,0,0,0,0,0,0.35142295894568304,-1.233779567011356,-1.2593200230053343,-1.1920904985909606,-1.082872868116971,-1.0193625726422877,-0.9761961562587498,-0.8287069664436275,-0.7816886671463711,-0.7233489923577034,-0.5966553257375415,-0.5322073227225533,-0.45894923537463544,-0.40000695626238203,-0.2606341439641421,-0.16044458270939768,-0.09552390100887546,0.06008453622734845,0.1523318536160371,0.21722503455136993,0.3597182287500941,0.44433690438811496,0.5176453615295297,0.7058944379368436,0.7173154294005772,0.7633736687914499,0.8142882522963314,0.8650258930889069,0.8803435307590101,0.9271216749316894,0.963319023006727,1.0151313554088146,1.0407656372903566,1.1262421965832914,1.1729865014582546,1.1995281403661004,1.2791558866142179,1.292430705289071,1.3270737119679452,1.3625808538716258
0.33361024335302253,-0.5790642887494591,0.2127737436948354,0.34990520960892035,0.3591096964557215,0.2917859453311527,0.2583748240675374,0.02975256384648234,0,-1.3045067563428303,-1.1984862882638414,-1.1000539429333753,-1.088472523376707,-1.0469974799387363,-0.9259536477540774,-0.8533100797578559,-0.7955892858066367,-0.6607292750828458,-0.5768119210442884,-0.5274254483578765,-0.3921196724443442,-0.3297412093337229,-0.2711938974139712,-0.20620478844771398,-0.04738124569882167,-0.0025283168813494783,0.07213990931728187,0.18273195467557737,0.2507543777511361,0.293246930426959,0.42245362927303526,0.5008845322314417,0.5490310020831701,0.6264565735406914,0.6568807798706356,0.6895588210632154,0.7598891071107167,0.783446154067608,0.8253200453113316,0.8810892284929714,0.91077801552393,0.9700905521938902,1.014038764028944,1.0769794162677981,1.096608000617581,1.11385541890894,1.2019693478025952,1.234679183453183,1.2617040924528091,1.3196469542521345
-0.43221388353281087,-0.5492653069621296,-0.6034273435599797,-0.7639911716507299,-0.7929428201550186,-0.9248873452841142,-0.9891069471665821,-1.0157000492985533,-0.9865258287144537,-0.9917234691015671,-0.9667547981547754,-0.8885377449970535,-0.8641043582403315,-0.8308805094816537,-0.7320082973390089,-0.6655916437715022,-0.6120880815372933,-0.4942593494067685,-0.4487046612038371,-0.39811393775406656,-0.2898067005666345,-0.23279665834120195,-0.20392073987349887,-0.12387294258105927,0.01173677315559604,0.07626933049140612,0.11542435948067488,0.2839562683254697,0.29906473600969435,0.34877846303646826,0.41996752404423504,0.44797805231320825,0.49994350039575525,0.565183724159691,0.5981085394417163,0.6138019033887003,0.7150294302508511,0.7539213452471503,0.7833921781063792,0.8569990569194024,0.9380116285948937,0.999528110404103,1.0152419561859864,1.0930393830461638,1.1168149381859156,1.1529301523450814,1.171695322686351,1.1811696769708515,1.2021443688575666,1.2269616792701843
-0.8455099292984695,-0.8704470516932087,-0.881910298480279,-0.9652034883505907,-0.9495301682653682,-0.9441887873848095,-0.9380209102800112,-0.9335870169187737,-0.8507142315876279,-0.8352957774415984,-0.7965785060619829,-0.7167995702917218,-0.6669107446863833,-0.6280570766011376,-0.5303340864759696,-0.5074151981048086,-0.47059225125657145,-0.39184949635231514,-0.3429167703000809,-0.2947022107284637,-0.20451463122379823,-0.11549403611500493,-0.0735179249608348,-0.031129682174453,0.08029717024470726,0.12912420153506235,0.18058774660869933,0.2824570196735907,0.3024896316585502,0.336980997834012,0.3932266911870089,0.42589750334126225,0.46130834624647965,0.5128208308728985,0.5445415053986097,0.5751863883822019,0.6633062327286915,0.7357895912882868,0.7689838583966647,0.8871492041336897,0.9513742909133359,0.9434416546129689,0.9630362449143487,1.0014076294043182,1.0138032991064143,1.012592958805121,1.074820454277311,1.1034223715892215,1.1262030283947981,1.1864314453281966
-0.8990835946305238,-0.9025451236630065,-0.877263153289417,-0.8924752748968293,-0.8366366072669672,-0.8279666246252992,-0.8086388675138109,-0.7623221169928387,-0.7157944927529795,-0.6658472420449948,-0.6436731811763136,-0.5584167156304958,-0.5500897519477802,-0.5182083004649325,-0.4521515837097151,-0.42860826849020417,-0.38090520349598583,-0.32481815899654276,-0.2814499169564745,-0.22350583017910317,-0.15833833127783717,-0.11552130526289292,-0.05701969502638652,-0.04154291544078236,0.04394334555712137,0.06003292041629868,0.10508673917798111,0.18159026431555386,0.21767745110761422,0.2762499825661776,0.3266870342388682,0.38070272829410573,0.40576038233425293,0.44970120874768427,0.4878554103199945,0.5251329061720906,0.5692474720419624,0.6224603293424731,0.654816683118327,0.7142789043977426,0.732648121409429,0.7743170718427879,0.8087172478869094,0.8450999130537951,0.9211769287970644,0.9788495113400978,1.041736936073988,1.0744079006613605,1.0774674130831075,1.1306615737552965
-0.8590367377969976,-0.8186890972030348,-0.8030106257264884,-0.7736466176271513,-0.7332935304183054,-0.7010829963094533,-0.6825014393513807,-0.6634634178983515,-0.5883172634090879,-0.5867204592580707,-0.5564778309232041,-0.5028702207579425,-0.48908147494991344,-0.4537277262153163,-0.40481913455933277,-0.38207670926851434,-0.3396572989929416,-0.28050831877034366,-0.2537070143487317,-0.22123460986517285,-0.15689107524448626,-0.12644648119894897,-0.08069020265497444,-0.0673744496173277,0.0012696731542585148,0.03561356662157395,0.062265107005657246,0.13687839804510138,0.16166472031121681,0.18861932564682604,0.23649963284645764,0.27827442085691084,0.3164166182452023,0.37285945204185894,0.4056582934294448,0.4158340533237024,0.4983892529627877,0.5355129428734071,0.5826613539241258,0.6196560905211375,0.6655470275179597,0.6990859567524549,0.7382488615429429,0.786042690869311,0.821682667067101,0.8764718868084336,0.9593987865196916,0.9763937669301609,1.0157600614091766,1.0480296799162425
-0.7501417943741717,-0.7220126213934843,-0.7014958349879815,-0.6871616875458603,-0.648222633092846,-0.6167705610063783,-0.601987747836617,-0.5999258221180838,-0.5512029003106231,-0.5376661603004547,-0.5292498028584598,-0.4642931451314275,-0.4357270819676093,-0.42658556982901247,-0.3743061280232067,-0.3417576982629521,-0.3253774945453664,-0.27795642588524017,-0.25172211156775953,-0.2307954393553856,-0.1772521839063181,-0.16684155168790138,-0.15065892013929985,-0.11242559716139,-0.0689823347884141,-0.05033250216391222,-0.01983103534527706,0.05494709527940636,0.06753290897946303,0.09255384586548664,0.16140077144865958,0.18643972830675448,0.21970775721473895,0.27720490861166314,0.29744526980319713,0.3344057255620562,0.39363951257155855,0.4156873803779491,0.46574545790106436,0.5478657756075026,0.5770709816355543,0.6264844149507758,0.6457151159798167,0.6995081510136373,0.7347732463166669,0.7715939617302734,0.8555661665510668,0.9061768789106066,0.9075380157566513,0.9542100231729007
