jsons/1312693200.json
{"header": {"parameterUnit": "m", "parameterNumber": 3, "dx": 0.1, "dy": 0.5, "parameterNumberName": "Northward wave", "la1": 40.97354507446295, "la2": 16.46031188964855, "parameterCategory": 2, "lo2": 133.9931640625001, "nx": 191, "ny": 50, "refTime": "2011-08-05 8:00:00", "lo1": 114.97908020019554}, "data":
[rows 22 to 43 of 50, columns 50 to 99 of 191]
0,0,0,0,0,0,0,0,0,0,0,0,0,0,0,0,0,0,0.2665604144081212,0.29897065299411524,0.872426276665841,0.42125505812958,0.8304247814777544,1.0272157761270941,-2.2163037938211962,-1.9035683708271258,-1.5697991522867316,-1.1154878553903764,-1.0670429896442513,-1.0151004912712567,-0.846059879080197,-0.6490964931881487,-0.44132389968986446,-0.20384666934146167,-0.04644673907558155,0.08968439925086415,0.7217699675719478,1.0030749509168957,1.3820304197931916,2.1579988534308434,2.520232146927907,2.6789309008783735,2.8710652893320483,3.316051581119175,3.0878714146926574,3.055820162410692,2.636094919090329,2.39292912392469,2.8717688830949823,2.041319171593778
0,0,0,0,0,0,0,0,0,0,0,0,0,0,0,0.07183953417498207,0,0,0,0,-0.3485406933483823,-0.6038796120550227,-1.165290773474507,-1.2896025172212153,-1.4195304580419252,-1.4380095421482855,-1.2456564548923388,-0.9788314248968784,-0.8239741295730282,-0.6152122274379695,-0.18017173115117366,0.09308314867100465,0.3610992349642371,1.0565381274580092,1.286991693258801,1.5488439855531648,2.0231362045283374,2.1954878089539154,2.310730918040774,2.736172166099322,2.9126634322556457,3.003725407839467,3.106571846643055,3.3495152637419308,3.370290650929617,2.759748350289886,3.44679554180447,2.58371919823899,3.28217942645913,3.092744338086356
0,0,0,0,0,0,0,0,0,0,0,0,0,0,0,0,0,0,0.03359942419846952,-0.04748234565344933,-0.8283104541813014,-0.9878686473508836,-1.217216175557824,-1.1488009000151185,-0.8433205517697515,-0.8503568784734751,-0.786400578292944,-0.595180840424649,-0.4399202859788901,-0.2848589435080059,0.2230616978336927,0.5191632556098766,0.6990846447533224,1.3416009075131345,1.6489244917472583,1.9137652221546309,2.367666910014437,2.639800063135372,2.756480499105109,3.0968662992486826,3.14547404315859,3.1637201242857707,3.2413197724073317,3.388675893719581,3.3782635052384022,3.0352852435332736,-2.5874497153417613,3.3848660994889967,2.52487298361581,3.3228357414386283
0,0,0,0,0,0,0,0,0,0,0,0,0,0,0,-8.1454825486999445e+37,0.14385772399684793,-0.7776077507075103,-0.918192801257213,-1.0712054812387504,-0.8508472579310462,-0.7497171712792708,-0.7427564103243506,-0.7065940242930465,-0.42450456665908665,-0.2810834429450604,-0.13371709303177362,0.08119416199881245,0.25156478836203366,0.3750657165934396,0.8497568964315974,1.1103817706411625,1.3004342341759099,1.6770594485689758,1.9338981519741825,2.1093939581140297,2.511228404646986,2.6011317164435175,2.776552328593617,2.9614266510521325,3.0202711322206204,3.118708000850333,3.2184039858407827,3.31226481237963,3.3202854953856553,3.3289539054468156,3.3560551957000864,3.0057675539061988,3.1128552455536513,-1.8184407061713805
0,0,0,0,0,0,0,0,-0.14504548920064098,-0.41943551068200763,-0.20696320222576953,0.6562973455303533,0.8724030655386141,0.8886542018172342,0.2594651741165015,-0.07395967629830577,-0.3384244833298384,-0.4542111161976278,-0.4333277816134277,-0.48421632902387085,-0.38708413915369283,-0.2768616071488461,-0.15955331475606227,-0.03738420540346476,0.17501551278083496,0.2574707570925739,0.3584698496974746,0.5535047322626758,0.7289520660244488,0.8602789478803231,1.1231911442003288,1.339937541169612,1.5059096600382762,1.8085884349712047,1.9943011207094796,2.1704795489108135,2.4387048571909284,2.487341326121594,2.5739564333215754,2.7262921707419308,2.813935130089425,2.849690413397983,2.907726638594618,3.0180305712385183,3.019072846952827,3.0683276785533535,3.1306555560259297,3.143960482848495,3.0261614722353043,2.397308787615197
0,0,0,0,0,0,0,-0.654119383633728,-0.666509819114515,-0.6463208325811879,-0.48867835948895927,-0.34978450743971246,-0.3660679246136469,-0.34754492268932685,-0.377267237306898,-0.37707386634667894,-0.41603199662936474,-0.3029792216953341,-0.22481319549787576,-0.10195308260917003,0.03324473409388239,0.09235259684877418,0.13544556498909532,0.17699847517022646,0.2807108849282023,0.37957076359321473,0.46318887194440694,0.6437649732094245,0.8179143994598239,0.9706282691446626,1.2974281574980047,1.4314086407695983,1.5415551707944142,1.812112263072894,1.9189957177245043,2.0534868986640236,2.193249658657229,2.2735311682323647,2.3549597511509393,2.474882705961868,2.5449754278940446,2.59106512011082,2.652439132165814,2.7722853705114012,2.7975240068034712,2.836925956559926,2.924237708530783,2.939478817657623,2.9681346901961967,2.9817561244963695
0,0,0.14708657358005456,-0.907081462266499,-1.1065385589127095,-1.0655228982046112,-1.107739279817906,-0.986395960784298,-0.7652803856247005,-0.7388045945788776,-0.6857268929475255,-0.5911664741231422,-0.5844608014610917,-0.5243062855533995,-0.4284520864047687,-0.3685589425688866,-0.3000442631311739,-0.12834533465665396,-0.09076790398022068,-0.042884396039431824,0.051293346243373186,0.13930129054888332,0.18281345766703647,0.23269826763788437,0.3587652127705475,0.4997603180329334,0.5426563205419662,0.6636336217486688,0.8295568048489319,0.940748768832582,1.16329701858692,1.2803047820785272,1.3655696459680715,1.6082758592319952,1.685383400787175,1.7800982503784681,1.9312362724480787,2.033624596816214,2.0757889166079164,2.188366908749892,2.302874056149657,2.3541106446799165,2.435495499932081,2.553996423312928,2.589142383192099,2.6336734549409515,2.685313080787627,2.7089991034220677,2.7168587977787,2.776784292260675
-1.0648257723418382,-1.1168000547848649,-1.1642615095618158,-1.1929830177394254,-0.9904561982861108,-0.9824500484458085,-1.007340754080526,-0.9641455245766759,-0.8050803948661334,-0.8004753834426218,-0.7611484220462035,-0.6483336601230284,-0.6029051271389868,-0.504635788101657,-0.28794612129975616,-0.21156932163164754,-0.16678765600705753,-0.06708285658306308,-0.012620764919182742,0.049215473588746596,0.12590014561074575,0.19425394522131417,0.25646848812630235,0.308416404836046,0.4363056767705476,0.5245602579530557,0.5844297449963554,0.7248261122897398,0.799168713914837,0.8995208408240445,1.070001130008215,1.1613948220783088,1.2254354563871923,1.4237119494734778,1.540423124406021,1.6061788393818883,1.746487688515493,1.841753666861165,1.9195066583134004,2.040465629533792,2.0860296833847753,2.162735087995365,2.221890562524737,2.3564819188188815,2.421817932590989,2.4321085778026323,2.5185997329790633,2.5395743177314185,2.5457836945655905,2.606083788915857
-1.2740662462197967,-1.1283157798109764,-1.114288224415566,-1.0804997402317167,-0.997107978790265,-0.9652751980317421,-0.9681805402863619,-0.9342845399449384,-0.8155619568812886,-0.7858672565302636,-0.6990624833186327,-0.5289872403221129,-0.41630196739617925,-0.3229811788337948,-0.18279713471929554,-0.16422863893032885,-0.12071636639538391,-0.06536795438459324,-0.023888884321690264,0.010777864304206105,0.09852339097674082,0.136200983129613,0.17440596120669632,0.1930462048903386,0.317490692165234,0.3907007641030026,0.474829985375962,0.6533472919651266,0.7382327765409857,0.7835296165185006,0.902816666414262,0.9944368926069237,1.0465940110580512,1.189907216708578,1.282372453806745,1.352401822404385,1.5188709708076926,1.6279726890547255,1.6873020529529568,1.8302914386751574,1.9412060955964094,1.9671616954521263,2.061221267279498,2.1592398191143487,2.2115108089193476,2.2627897422651806,2.3377988732846138,2.356119045856992,2.364928329663282,2.423094317034187
-1.2874603047616853,-1.0614373904764298,-1.002987543761698,-0.9656171447747572,-0.8663696738784806,-0.852904784678731,-0.8719607274021713,-0.8265909585901259,-0.7028298420158866,-0.6387253932864482,-0.5814463269078295,-0.5037485597693419,-0.4415384485437276,-0.4067829345804535,-0.3643653290062412,-0.36110885675766374,-0.3766971043644579,-0.30709577073987115,-0.2647563024537378,-0.1914676091648218,-0.09460222931180684,-0.055935774564415494,-0.006840319313940049,0.06088027503320725,0.19101491053475883,0.27002095178250995,0.3482313459012218,0.49537118800905483,0.5718026719865692,0.6305542201784886,0.6888973085716201,0.7411023469605631,0.804488969455981,0.9476895255592964,1.048715749848159,1.1978676704383493,1.4189467956280841,1.5262995084604545,1.595041576060254,1.741762983482929,1.8141751934571444,1.869257289808645,1.9383393563525613,2.05811370539736,2.085293835632107,2.1569812036345115,2.2379408827107956,2.238156230709774,2.240394060927073,2.2702146121332207
-0.9191024442137092,-0.7641338984847705,-0.7143753968165538,-0.6725183505878931,-0.514437559459761,-0.4387440066274516,-0.38502128514103934,-0.19667780463867032,0.054833799555608166,0.44751371565585557,0.5836425732559262,0,0,0,0,0,0,0,0,0,-1.032306426020687,-0.8931976132779474,-0.8081444444196672,-0.7265336182595441,-0.5333434936521535,-0.3978912909050289,-0.28311593764764037,-0.07956438755355287,-0.059223895189506034,0.0011893643286152447,0.09172731472628033,0.2537911878194489,0.3839044323873025,0.7978316687344111,0.917058591403523,1.0951198435862264,1.2852595069936725,1.3699440384959334,1.4591333827781554,1.6152538674708736,1.6990025923915715,1.7448676822545992,1.7350454122383716,1.7949309626178607,1.8425977785287948,1.9435758168314416,2.0391978693469164,2.059659343478793,2.082950010831163,2.171819135784079
-0.4451954661908749,-0.27101049687932627,-0.13710785990806681,-0.030212580233807403,0.3072826895812668,0.4002201107054295,0.5847273852772648,0,0,0,0,0,0,0,0,0,0,0,0,-1.659044723432228,-1.3794944718226418,-1.2577931355328673,-1.1581876630771062,-1.0632768427554045,-0.7745799938456429,-0.7134155632673793,-0.6162459373970055,-0.4306270197926595,-0.36665640129393196,-0.24227261499617267,0.005105533783777558,0.10903720028235762,0.17685592748690196,0.40709748812467556,0.5606523833676196,0.6867772027005696,1.086820794917449,1.1359596140076604,1.135798057948864,0.9803596733837046,1.0442419925947757,0.11699903782053292,-0.8838561516233752,-0.19617552460824772,0.6917107277379831,1.213253197998267,1.6795520273575022,1.8211409401732128,1.8757752149129152,2.0160349497458476
0.2655053172242987,0.5628422466458198,0.6339070839054273,0.610697119228627,0,0,0,0,0,0,0,0,0,0,0,0,0,-1.449581819512937,-1.4361804921762038,-1.4616687371716788,-1.214814272133539,-1.1408455995910818,-1.0721343206149327,-0.9773532308234041,-0.8029568378285176,-0.6942202639816443,-0.5929934024149311,-0.41374616833104877,-0.3124823196695124,-0.24687435381391953,-0.05737254769335799,0.09971281020775447,0.23667490493888488,0.6410704109570622,0.8588458421909384,1.0492241109473257,1.551523036908906,1.6487120059111273,1.6050387591808775,1.4876603645067856,1.5106316758280123,1.56462814937942,1.604914820402111,1.582275878746234,1.560233512274071,1.5222585744369226,1.5534467841315682,1.6225822080231374,1.720018173470559,1.8257184654077614
0.5585157083972101,0.7015192621283967,0,0,0,0,0,0,0,0,0,0,0,0,0,0,-1.5515997119436018,-1.3804327798311558,-1.3326776987086186,-1.2876670104835075,-1.105144066545645,-1.027018314732035,-0.9608966863933295,-0.8659327618890725,-0.7044610612319457,-0.59134497621282,-0.5091477484061738,-0.3415995601779902,-0.24982940787933047,-0.15123152229413744,0.1298858686903767,0.258864723968398,0.42166280954335056,0.7745140994201649,0.9234950603683817,1.000302292107055,1.1706872952967315,1.1918081398833624,1.2515186428011333,1.3490745794391847,1.3550451905167626,1.3707267917906871,1.3799132419384768,1.428897662923816,1.4450362596697464,1.4473356091685652,1.5188968709119715,1.5439624119522875,1.567179395476633,1.6805295614860998
0.5433254918332284,0.6121147903494142,0,0,0,0,0,0,0,0,0,0,0,0,-1.3971743752201466,-1.368808401679459,-1.357373682144866,-1.2105611473047224,-1.1486568463665467,-1.1022148996633978,-0.9468326788483099,-0.8299555313607894,-0.7631330502509713,-0.6692595280209337,-0.4628068081298766,-0.3761690286073086,-0.28102545844115473,-0.11404335834603732,-0.02309192429515617,0.03283626980566563,0.2074735220304089,0.3455299738489204,0.4486581282698929,0.6470091232706939,0.7570287006115166,0.8180196085999565,0.8904813067789206,0.9397864218289665,0.9884730661138881,1.100459156683586,1.1120740051928066,1.163403466996763,1.1833349627821947,1.2756836749564628,1.291068093336983,1.3499727993631552,1.4323801187696732,1.4947090300181005,1.5318759711073242,1.6047829651157155
0.46801913550432184,0.5220698251364704,0.4600616815757975,0.07850413757339703,0.1123708297419084,0,0,0,0,0,0.390796652495527,-1.3719448326744836,-1.3979068244689112,-1.3340283658396992,-1.2307372643026178,-1.1734124071550764,-1.126305511536348,-0.9924330636560502,-0.9439096882198924,-0.8881173547791211,-0.7594489627288858,-0.6910506965893591,-0.6109202119876863,-0.5427566979106244,-0.3878515521426232,-0.27429973881824454,-0.2038068942142115,-0.03429817312834816,0.06736708338587132,0.13794055513626188,0.2868160932770532,0.3717347395653639,0.4562491381726175,0.6351484790517544,0.6514079634966542,0.7026144460756322,0.7563038401505193,0.8150057079622826,0.8381551778431547,0.8827323148028193,0.9141512725309117,0.9519676358755266,0.9859730175561596,1.0689042714345784,1.1646678253963214,1.207815258573452,1.3000870105845799,1.3166975524722238,1.3655581562064467,1.40790870495169
0.38543470523971496,-0.5433224150711438,0.19584730454023674,0.35797366855670143,0.38837880379725725,0.3335572164095007,0.2952650709092944,0.06394277160394447,0,-1.396224273251957,-1.2844134680208152,-1.1825920384270858,-1.1652687645810138,-1.1223570759007682,-1.0067932830132906,-0.9460978529082582,-0.8982843712041437,-0.7735956538666388,-0.6935689704929568,-0.6391049662169028,-0.4967525978772387,-0.4255401828061571,-0.3630674776588919,-0.30170016695386875,-0.12532125424904508,-0.0814808275133906,-0.006784953826515128,0.10568013801643096,0.18130052661939175,0.21730141314145068,0.34616466005492574,0.401473352320493,0.4340560575637461,0.527066227700286,0.5565567167010265,0.5984818622451864,0.6575888400763126,0.6839867621008493,0.7182315249985568,0.7908433456045383,0.8283585608847388,0.8921195752247323,0.9331301806471147,1.0240727721421443,1.058949478177953,1.0839917970211352,1.2113541635544194,1.2412221987217487,1.273447312570229,1.3431474632018168
-0.4387722601257495,-0.5684065372193768,-0.6302439993675822,-0.8027461665676644,-0.8318624734930563,-0.9706948234216253,-1.0383157140542696,-1.067535134664751,-1.0107278742509085,-1.0278047219129154,-1.005016630563199,-0.9326325355126047,-0.9111022753529954,-0.8803890983861563,-0.7795544181214118,-0.7167988699555763,-0.6721992051984629,-0.5620176136867114,-0.5153940684234481,-0.46342450070522284,-0.3514416768836269,-0.28094126370156497,-0.2562145511295936,-0.18629438041876467,-0.06260019418209821,-0.004844772910447514,0.03415302427545189,0.1848683582247475,0.2006618461800931,0.2425382848695955,0.3171739876648152,0.34648178967011517,0.39931210447256466,0.4711308362578459,0.5100756397749957,0.5323912072761375,0.6163427139364767,0.6539599311632471,0.6909913326630651,0.7707888482373603,0.8460045663200725,0.9017117469799879,0.9227384789229952,1.006212164883443,1.0440617431796593,1.1023056997962724,1.1279393758677143,1.1522379249914292,1.1916481685648728,1.2434382459176028
-0.8721022431271973,-0.8958620425748139,-0.9045035022517348,-0.9813911297956425,-0.9652079566172619,-0.9572469913617587,-0.9422641639236701,-0.9366004310407057,-0.8644039287577546,-0.8514123444569996,-0.8153541846853145,-0.7406635753641879,-0.6964118567671785,-0.6606981041195753,-0.571708694472598,-0.5494310272209897,-0.5129849157861104,-0.4384055386058638,-0.39040541853141514,-0.3406214908301826,-0.2620063068890393,-0.18671883867838546,-0.15029194475478072,-0.11193278987463254,-0.01411270242568857,0.02974430297258131,0.07399581502678641,0.15593777707053258,0.1734489378356169,0.20716112879874846,0.2655686192509505,0.2971619931778604,0.3310046343655608,0.3839230393076151,0.4193212236960138,0.44641391821705906,0.5443915156542898,0.6273241780433303,0.6664664311200162,0.7980918766561801,0.8726537520040477,0.8608667388408286,0.8755345056079031,0.9172780781690536,0.9512526296298989,0.9631523419087772,1.0287810780182312,1.0612758497937718,1.079527719847667,1.122874537573024
-0.8933468436634698,-0.8933044465947368,-0.8675022850204931,-0.8811725644030317,-0.8285012264232081,-0.8211443449573597,-0.8075019799631213,-0.7670552862392198,-0.7260872778527406,-0.6827317473680256,-0.6622791098944386,-0.5862248697655645,-0.5805761488044748,-0.55143509634223,-0.4894476774123144,-0.4678688934130919,-0.42588782318668406,-0.3743520546674313,-0.33578565208890226,-0.2859375926029049,-0.22604415946396073,-0.18982205799476545,-0.14147880992479334,-0.12871181484567473,-0.06356377658599721,-0.0525525751294014,-0.013376992812342036,0.05029146617748602,0.08164512996583734,0.13363807790250148,0.18761409642921978,0.24498957826570297,0.2713886708824222,0.33414432618122064,0.37565903010658547,0.4081931146991015,0.45314930879928633,0.5115481599359358,0.5483401826132853,0.6271333887499744,0.6538906670035152,0.6990128286328442,0.7441419799851877,0.8030769743739454,0.8793708344603136,0.9379770245075157,0.9904272760493916,1.0056254813424006,1.014349671884417,1.0856281107843786
-0.8326824212799964,-0.799085368182688,-0.786063167549418,-0.7619643970313608,-0.7261796811811151,-0.7000767277180501,-0.6870768621992488,-0.6729567448591225,-0.6094284776457497,-0.6102072114675401,-0.5837929521810231,-0.5357788995619326,-0.5236825192664402,-0.4914103628145435,-0.44646477415803515,-0.42598111642910175,-0.39113356983675407,-0.339436076142286,-0.31637174098935567,-0.29098088338508815,-0.23661326661843052,-0.21232200833412876,-0.1757406608320513,-0.1650536912946906,-0.10666930889855565,-0.07915930371478151,-0.056279768743720565,0.009992264028820794,0.034552338583697884,0.06432078284798744,0.11602932371483861,0.15778002296353028,0.19829592770316745,0.26844885491824305,0.31789645690875207,0.33028983101279763,0.4005319500302054,0.43676901102455673,0.4815790860040276,0.5228454836953009,0.5799458547914658,0.6164509348358337,0.6578856150690976,0.7123150687556824,0.7501603109425649,0.8073419013315805,0.8953946398797825,0.9186557908090313,0.9674175200891978,1.0185044286125182
-0.7425411453020417,-0.7198162894053545,-0.7033901324694851,-0.6974581700033813,-0.6639580620542089,-0.6361762002674565,-0.6264118743644531,-0.62579767078851,-0.5828370186917159,-0.5727258875862261,-0.5648592223826873,-0.5019764039949803,-0.4745166169910804,-0.4660427146500982,-0.42270697703217025,-0.39465862463279133,-0.3822472403466495,-0.34546253459340914,-0.32535839013116746,-0.3103845109908709,-0.2709012824399,-0.2645929538283138,-0.25034572093045054,-0.21628639015855364,-0.17865486314434,-0.16137991918397904,-0.13134967971422318,-0.05568292997153118,-0.04310104446660645,-0.01719328889972771,0.05461988958033908,0.07949085939237477,0.11411920260880348,0.17350145773973877,0.19512018380303717,0.23304948584082208,0.2916570835906998,0.31394714480755875,0.36366389985886155,0.447742510068654,0.4823294863113331,0.5398996941361935,0.563057184479692,0.6191245240131809,0.654207842048263,0.6945902915104765,0.7842813776343045,0.8341568563446973,0.8366222197536176,0.8895315762542377
