jsons/1312563600.json
{"header": {"parameterUnit": "m", "parameterNumber": 3, "dx": 0.1, "dy": 0.5, "parameterNumberName": "Northward wave", "la1": 40.97354507446295, "la2": 16.46031188964855, "parameterCategory": 2, "lo2": 133.9931640625001, "nx": 191, "ny": 50, "refTime": "2011-08-05 8:00:00", "lo1": 114.97908020019554}, "data":
[rows 22 to 43 of 50, columns 100 to 149 of 191]
-2.974040621417831,-3.0350966011575338,-3.0298224594843424,-3.103753427544201,-3.1739081110441005,-3.2226575560594686,-3.2497713959127847,-3.339848663641207,-3.3692235200444243,-3.3563647102288177,-3.378780673807195,-3.4415559908475966,-3.416916222046548,-3.45243084534546,-3.437515708024268,-3.3658057202844955,-3.4161840651387987,-3.3961391647532615,-3.293242210079711,-3.2653894698159873,-3.2939014152984236,-3.1868878510392316,-3.121184257728465,-3.079633262576269,-2.9512372317454783,-2.8629349020529284,-2.865337037336045,-2.7635818619709838,-2.6033626772715874,-2.5510033062280177,-2.4159504534416785,-2.274112254739258,-2.1631385795428613,-2.036406011485917,-1.8717531650009227,-1.8162655609506981,-1.7198714382831461,-1.626530754565828,-1.562934669463358,-1.4976695975687082,-1.4283830399818338,-1.4138638716012424,-1.3398243867489361,-1.3446933495398974,-1.3309442035743968,-1.2816686050347634,-1.2676365683706576,-1.183075572414842,-1.0909529209092248,-0.976081195454752
-3.811792978660922,-3.9459623429959865,-3.973029477490901,-4.042204395691389,-4.123839124087192,-4.138465348461913,-4.210175355701598,-4.290200578456416,-4.31734135664024,-4.340315586820594,-4.45896264703663,-4.447772907936394,-4.49420552837517,-4.4921155159099335,-4.543917438211264,-4.444774436827677,-4.464417935996047,-4.376507553888309,-4.267993966789288,-4.298997035626709,-4.2381983590512595,-4.160032212032981,-4.071091390513296,-4.105720726687065,-3.917385942029824,-3.7700734169855092,-3.6769110509225094,-3.613535024106503,-3.440601211150105,-3.3061169050573715,-3.2049917340819056,-2.9805610962174547,-2.8110019855284776,-2.7640825925456602,-2.5179958246654164,-2.3121856731801906,-2.259536075881841,-2.084203342306649,-1.968957131301814,-1.8963998347088844,-1.814079887901541,-1.793768026388868,-1.726135585126655,-1.7823379311453211,-1.8523092018502538,-1.7930694434408019,-1.7721277996731526,-1.55761851202519,-1.5109429740177782,-1.3060289247004682
-4.585392164478747,-4.754905542312018,-4.821583824933054,-4.917873771793248,-5.023197467659408,-5.109268616747809,-5.122675355673857,-5.287620882171481,-5.261947480376943,-5.367210655429777,-5.3938978195725875,-5.490314641221497,-5.499854812622728,-5.57601865527727,-5.5730102685575575,-5.533905548555241,-5.483179251500405,-5.451142418796236,-5.436546776107719,-5.350962971485925,-5.316291808474291,-5.117904295175579,-5.055941797340375,-5.020257704976572,-4.905738568874104,-4.766393394202132,-4.717279120164875,-4.526292582315595,-4.316538910856621,-4.162546802990633,-4.0168723216430395,-3.7595605785475694,-3.5499669376087066,-3.372619354551153,-3.105790469034009,-2.911535735567144,-2.8123976518207967,-2.5226183272944267,-2.4250305531914496,-2.2368281409663187,-2.1656699349541766,-2.2929339044668358,-2.236981661275528,-2.559556661914016,-2.7044221420002197,-2.5388936285310537,-2.425431192718493,-2.012952702438452,-1.7597818775425784,-1.4184891959372115
-5.5353725392159285,-5.8919492019463995,-5.963510184659827,-6.137323506596514,-6.334898842716321,-6.489121488509908,-6.49574903754758,-6.74219571601744,-6.773827650097218,-6.901945401802109,-7.001511826576832,-7.044261956170284,-7.044309402842183,-7.1011614915321335,-7.089820192205262,-7.040674759073623,-6.969178050754643,-6.9719080096762704,-6.873513353658156,-6.786871069920814,-6.802241197896191,-6.5869178186564215,-6.56063970300828,-6.347865786224778,-6.109520919341353,-6.020107195174342,-5.844713529117266,-5.6499634222079385,-5.3587231542516465,-5.191083219801393,-5.000051940520782,-4.595734105580624,-4.358999698264226,-4.1095155179252885,-3.621780041537149,-3.4627802022464467,-3.189498227906924,-2.792991710395638,-2.5724407641879785,-2.276232168359719,-1.8456835692253257,-2.400976329157339,-2.954817634603712,-2.6876821084621705,-1.7757130637226612,-0.5169359168643853,-1.960705201358792,-1.2858059200494856,-1.4275618485014683,-0.8113925970846984
-6.329984691378813,-6.857222711612897,-6.9208322068083366,-7.032782561104101,-7.361501197452383,-7.544696047787153,-7.730207774458217,-8.036083174572916,-8.205196389772627,-8.346678592324178,-8.631314970948003,-8.717803580467832,-8.735718312088116,-8.878009498382264,-8.856803096412305,-8.795893828050753,-8.723736520531592,-8.742516736996658,-8.56619303554635,-8.420100317901866,-8.26983120266908,-8.067158284097872,-7.897787806358178,-7.764483340095848,-7.410336499302137,-7.224527967125508,-6.996546923122774,-6.783343148855835,-6.428788664428304,-6.228013748996264,-6.0002452221286955,-5.5801291701822295,-5.173262579069107,-4.834215537104624,-4.237414381795246,-3.7553275206646126,-3.323669127634516,-2.5938271431739697,-2.8224532928153856,-3.031826310987995,-3.2895904727086123,-2.961641532217112,-2.2892830373555673,-1.9300583494289756,-1.7339249506838317,-1.4583314135245633,-1.300839339464093,-0.9894742777356665,-0.818619281639206,-0.6478718505972455
-6.350443908378921,-6.809951732406263,-7.139882608139066,-7.366774215618607,-7.842894457597702,-8.196580760770235,-8.386348030738903,-8.785422355907846,-9.218758246997115,-9.382422453870827,-9.813545405962186,-9.970307564297325,-10.174330816811144,-10.32711318375167,-10.368695170871073,-10.289937344903018,-10.248082390395274,-10.111805821440203,-9.966735942658426,-9.757398880139595,-9.568057489355537,-9.27022268913069,-9.055754239708774,-8.80889565069918,-8.524169055260298,-8.439877887829255,-8.291593955487333,-8.183434899963899,-7.829458862713503,-7.494817137028398,-6.966221962668241,-6.309273680429454,-6.034779804039941,-5.526213954383496,-4.698516931038668,-4.333003137646336,-3.970911191932543,-3.4596681646304766,-3.1587223746760946,-2.8827538271755406,-2.4885654747652977,-2.3189084117735814,-2.0380730320353626,-1.6870694683048002,-1.5117217116039146,-1.3124806514132754,-1.1545363496307164,-0.8566375013949388,-0.6775921356159936,-0.529486373086132
-5.992096127171646,-6.217895062590609,-6.7684131520180655,-6.936646760607287,-7.426859467077433,-7.797685070065139,-8.223543869104798,-8.544163497300927,-9.036894446838705,-9.411530213762008,-9.758682828102154,-9.971226034793577,-10.425404429406115,-10.594044294363426,-10.77079749695358,-11.009557179586425,-10.902343740721122,-10.774818822995927,-10.473722362333156,-10.219848886970787,-9.630148069378965,-8.982569883840346,-8.576996168694139,-7.9532402849567685,-7.450571659124219,-7.170809213560149,-6.654733826126371,-6.479611848196781,-6.315171318686974,-5.775719302960951,-5.773931965588709,-5.607719993524413,-6.4046228708043484,-6.274920641229413,-4.242463324552743,-3.722534578911814,-3.350823433757518,-2.6964024908010544,-2.385575987009944,-2.068680264669181,-1.7988057589092477,-1.6215673528390306,-1.4192547866188838,-1.1771823290705505,-1.004892484012861,-0.8082548723305543,-0.7370751034399542,-0.3906550921910696,-0.3241908951816124,-0.149340114547699
-3.936958821097558,-4.247586350891999,-4.221787934484081,-4.332828739234405,-4.471734710961622,-4.643712528710249,-4.862915506340314,-5.133940985514729,-5.429859265025725,-5.714795843985687,-5.989787882209838,-6.440226992490164,-7.192270804198048,-7.3513872683797805,-7.648535812596196,-8.236792435584888,-8.423202427663536,-8.691295330290856,-8.496755444549247,-8.362001837520529,-8.201328052050398,-7.096071265956441,-6.260330275270961,-5.278105046658002,-3.653105787629463,-2.495181103670486,-1.2111919431881604,-0.3603501069962077,-5.2771766065042565,-4.199414709256661,-6.085688481824249,-3.1445024473652374,-2.871269741930823,-2.516035234720049,-1.9920628839300132,-1.7921270146725392,-1.392358092761533,-1.0984355624352218,-0.9269742539968475,-0.7860670937262594,-0.5760047251836098,-0.3681910050827011,-0.2800188120813119,-0.07118453502097934,0.17687610072852344,0.17854415763499584,0.2634734186206328,0.4025166051435302,0.4780917501940464,0.6124311275677281
-1.5390318301061032,-1.5472698977153667,-1.2804795082221225,-1.0890408813803802,-0.9168407707425126,-0.747120734446775,-0.8443521837183127,-0.7984430271056909,-0.49314100452890536,-0.44721085826783574,-0.5955332980690139,-0.41302028618076075,-0.3556244616826675,-0.3715767928162186,-0.42716927872408916,-0.667251488611328,-0.848289029312955,-1.5586369245333511,-4.632938121306469,-5.844929648129789,-3.936638312880789,-2.6496881851594716,-2.9043002629371166,-2.79172138650254,-2.3001441002160794,-2.2467093629065347,-1.7634637730983758,-1.6198496072366138,-1.0439625492086309,-0.8586968495553201,-0.4954760581982552,-0.07791561490762734,0.2045365937926518,0.3653594818311211,0.602153731223274,0.6997934312997391,0.6454762145348271,0.9055228141162758,0.8631075906482273,0.9175748552609628,1.0250867731933015,1.0898259345570462,1.0882583561255879,1.1313903908811866,1.1738119169190706,1.1660478064695214,1.1988793188050832,1.2064160890175486,1.265112462076133,1.3044803327226924
0.8182369186585782,0.9989301300926391,1.3673078223531459,1.6555926437054485,1.8436882908478056,2.505613008222721,2.7417855007659466,3.350859582390608,4.279643268507031,4.445663513371822,5.023433457096293,5.1810630091744105,6.108353365828484,6.3661827066089325,6.675339813213809,7.19235977081029,7.082256331771313,6.8431791186809665,5.644684072744081,-7.129694318778714,4.8532882729623585,6.447629176677875,6.285827011389214,5.640804359386148,4.872514819661591,4.401340126853307,4.332178444109046,4.127583565698632,3.896562202236216,3.9117098792926193,3.7511153424122816,3.5540094006466827,3.5182517330875966,3.2674673671456747,3.296164490332484,3.073881001733338,3.070646990090287,2.8902057516925446,2.8671083816284364,2.8625759404214874,2.6959958704557776,2.7568292603747184,2.6129630180740793,2.5148953518228345,2.5906272347097135,2.469801963506669,2.4529097681739853,2.5070390281073296,2.36272448811571,2.2939763188523643
2.227867340978932,2.7376224196778467,3.4845052582380815,3.0168347811369567,1.79176405836856,3.1870056351489318,3.7434292323676446,4.407268656780401,5.418391572493198,5.967262262533884,6.48085507631814,6.711554994052568,7.422325395021079,7.7502109937175145,7.918224049114778,8.298280507124755,8.141128161233363,7.138782867707194,-4.001156655188049,0.9175810900947058,6.651270930006806,8.169141697044124,8.110065228253584,7.992202442787083,7.640746833567211,7.517105584269618,7.336715375171895,7.135701239116743,6.648082937329506,6.509538708710839,6.294883329583031,5.960239064452252,5.627402560912722,5.503778911158262,5.264313684265551,4.96155460871029,4.724211688100897,4.6351872734843385,4.442483736085649,4.305980167960617,4.143927786708379,3.9367393145012812,3.886791977867718,3.7843469869147954,3.6654739189770247,3.6227012537354226,3.608250220958654,3.4638759415893063,3.4065697909558508,3.428050030071439
3.0677053867799473,3.358394183689913,3.6884989849657264,3.857589195331322,4.044466957530713,4.3828243629787345,4.586513874583499,4.906891491279088,5.581405681106955,5.815360153718519,6.170750888544454,6.378534633777052,6.9126133321160745,7.192367638889769,7.399998494298174,7.6958562470770975,7.649469899304637,7.428003018825882,-4.038142047570532,3.5308514503435435,4.9482321832031095,7.158537896712492,7.460198540518968,7.575831952471556,7.660783506000362,7.628119728829912,7.478795990348313,7.35816644366955,7.107392425665384,6.90574459897945,6.792566847426792,6.4079060789635465,6.259617627156016,6.106798521364885,5.7634515220050835,5.6690727589673235,5.465753876994777,5.296441104215401,5.169843895184117,4.962303419577361,4.862463429162929,4.745806424763559,4.585030264885534,4.50652376443587,4.417669912669582,4.28029957815844,4.247898368379728,4.170906750750534,4.062442078411119,4.003232817794391
2.784604491777768,3.0846873767139162,3.4237389429949143,3.610428760609008,3.8994996442741363,4.286937618758706,4.574270326373867,4.7698718334570644,5.2404526496598445,5.470080986715295,5.659810097233078,5.938442440664314,6.262666704132418,6.467430049548748,6.615149542104358,6.855908453548854,7.017979633331717,7.087952737767982,7.212390392730432,7.323549183748028,7.1260551280413384,6.273741057971456,4.394762507983636,-1.1735305892281445,2.169161158095407,4.302482682863711,5.890681336661797,6.526845139369739,6.926316498888468,6.757564563076387,6.660514222764976,6.532161548584959,6.392627757312332,6.301650420756869,6.126297584288399,5.968209966165162,5.872335921985555,5.79006080268215,5.6619256048365,5.4525170928699245,5.3853536847257715,5.262293019483629,5.049453771785512,5.026383469411125,4.972455493624705,4.851004820916697,4.790838695724278,4.719469521565639,4.577672984206081,4.509921685424868
2.5540816729581404,2.780170126140785,3.1254016940600375,3.314171325158609,3.5711363304980805,3.8230892950583297,3.970492511984096,4.175803688422346,4.533313425717402,4.687472768470476,4.933298944245358,5.023352361428179,5.345625482444856,5.543754493163882,5.588659062139221,5.8734278852069925,6.03644178497654,6.080052857311158,6.189377658576986,6.247840690592307,6.355274373078334,6.459960569975726,6.483629202770884,6.110546678443902,6.017761089359205,3.0989394947984823,-6.257768155556482,0.9690955640972325,5.907898857550589,6.24209013095727,6.343312204493709,6.247194081337448,6.170492295545171,6.048785483517056,5.914604129023585,5.814457957602877,5.740007931393065,5.6120934058087215,5.546949349069589,5.439770443449845,5.340872148434213,5.260354841627716,5.183802948974895,5.124040805639375,5.015425149040626,4.928407366022603,4.8766041472350485,4.836390961659247,4.694329635781377,4.683451725436549
2.136633892308028,2.308267246845082,2.535565406215045,2.725710420434797,2.8845694066826577,3.200461781413021,3.3825802529207345,3.6198374979793035,3.799787162305939,3.9455063943439246,4.144813538280191,4.201445821981065,4.475168149481888,4.546975163841486,4.702868857390996,5.000551072886319,5.0719359883888275,5.191965952876347,5.315572988653732,5.425495725725744,5.430409486819684,5.5885565818053005,5.701376248325965,5.764586313609506,5.377678674028606,5.372480139338791,5.5155142477575065,0.5675498519043993,-5.182239453472043,-5.984354956618367,-1.5483092146214563,1.4773408878827763,4.780899225111973,5.564581952684595,4.134798091280495,4.07654353889133,4.258037144363331,4.852684049236395,4.4006570555634,4.573077981292421,4.447356255689622,4.394279717670918,4.807758491943035,4.959227348934032,4.97350369123123,4.944330506041942,4.904817536941593,4.85770477018872,4.644615627549067,4.73377558473496
1.6769687711483536,1.8614774051077818,2.0978538876427235,2.2421890254688224,2.378446593315086,2.7052846841450267,2.767887316297411,2.9369640951790688,3.0928358822609203,3.2523840329571025,3.3960688081641544,3.5168711323895354,3.7307003597182002,3.8432217144522047,3.9957481040922174,4.1121425049894995,4.286793750198557,4.359519717190654,4.481067555335029,4.594634149674001,4.6543321113193405,4.816107737605416,4.893271379986281,4.933106588526772,5.005821662181125,5.0417782040488826,5.073263092728233,5.099201786757562,5.166276762788453,5.128915259004604,4.756713697954818,4.507701004831102,4.4987944595147615,4.81630913575627,3.652921418592632,3.1593660923582085,2.4027052981555896,3.1100897300388524,2.892508935056203,3.7400175214359104,3.947117613718561,-0.7872625754679612,-3.588427287197297,-4.522028873901976,-2.1880570634167946,0.9400575750212082,-0.6694944606123028,-3.840156882596618,-2.014840950714247,1.3705898343615908
1.351219596373398,1.4655864734166244,1.7280410941618611,1.8171501309420421,1.9483563792343064,2.084895172925359,2.214307259119387,2.3288608837322453,2.5780067459967593,2.6469120576842258,2.747200320050515,2.897026134244758,3.0019744533783883,3.134835977331768,3.257366308794516,3.418451913567752,3.5358771426270192,3.5801758026298227,3.6982529072798296,3.7842392810379706,3.915796342074257,4.048231154884288,4.117765147257968,4.1282720558042545,4.27145821317623,4.334669912193604,4.286614319062358,4.28963922577812,4.420079182763953,4.458987250961532,4.450889851375756,4.499711980373541,4.4877153438078095,4.512966401317222,4.54618745211738,4.532752887763868,4.534685714681531,4.520129226210313,4.50145486712026,4.467998156667438,4.470052290562105,4.463958341427699,4.404424597357093,4.270066827576662,4.350564265967975,4.3634189821623774,4.192908625723435,3.828797647104704,3.768872670643547,3.7657755146248917
1.0206223049438883,1.1114257575132644,1.329196629968275,1.4310044457720283,1.5141141119197181,1.6835325802824732,1.7283187624300644,1.8695173425189937,2.067478676319613,2.1903624696765083,2.255299753446204,2.312699243378736,2.460890118866418,2.5724807383299293,2.644884768609777,2.7608040776380425,2.8452571993878033,2.920584429758372,3.1046896189527473,3.1619418918295117,3.2234238576537138,3.408663033782513,3.4353820457937854,3.472078214317986,3.5995647120048755,3.662218673180948,3.642616177026842,3.6844609209611003,3.8125651348801375,3.881803867659578,3.9270783982679154,3.9485821048074423,3.9406046351671957,3.9807672664456457,4.022717750050118,3.995116361078296,4.005894364403294,4.0367048285173555,4.054022301357633,3.98768132564858,3.9826094452606555,4.004544899409228,4.005164401602331,4.005147101394305,3.977140389048186,3.9443675740655872,3.9611493992544404,3.933501141380325,3.8618348468768375,3.7986805746385266
0.6909291079050511,0.8228511434683279,0.9817426510911004,1.0399293516740438,1.0703360512710764,1.2620184575776077,1.3488079551123637,1.4512853484289312,1.5255929626080074,1.6301990486775635,1.7673009489011184,1.822586187534793,1.9143380592340853,2.0448234913386543,2.139947796815771,2.243883870546204,2.3336475705925297,2.415123401255592,2.5084621339640782,2.558187528713456,2.667472327834067,2.757345957080627,2.797531798224032,2.8459269678348806,3.02758606642004,3.0505212484251576,3.0615028140775804,3.1191774774111702,3.233180913620144,3.207955665318948,3.2140988004287205,3.351371288664425,3.3843300408590165,3.3759991399212996,3.387256395838868,3.444514760176043,3.469631067461947,3.5147043660605073,3.515147085545812,3.4795352386755503,3.57221821243544,3.596189121661573,3.5923869141607634,3.537942947922783,3.521013635381147,3.453087041817988,3.432980520079688,3.4395039874618027,3.3914040449599194,3.32072908664067
0.5478451366307489,0.5643687566056742,0.6981919757218411,0.7728239448269122,0.8224589207400496,0.9332205338221791,1.0090540859438852,1.0711346123062717,1.191188973167207,1.274814728709818,1.288150689748016,1.3417615461417771,1.5096219573331668,1.550701533164899,1.5912721213857755,1.7430331800774879,1.8216669182869587,1.8612871847449826,1.9872247873896414,2.0861499637267586,2.138075521411753,2.1944369212346615,2.2972841378113618,2.3448763760251525,2.3602713216576925,2.433430288043033,2.5210040990859848,2.5662520606985253,2.6196224146701965,2.6480580683280186,2.719434311083744,2.7834466542080887,2.8090787686176184,2.8159357465982096,2.9129833306960413,2.9040661866765696,2.909362619120778,2.949193462503485,2.935647034418993,2.9167813030380647,2.9531885706827614,2.9849052372058744,3.0061501803784325,3.0049868580114936,2.9532400164556423,2.837039415255317,2.732093717677746,2.75367195372009,0,0
0.40160710679495804,0.46869230233223746,0.5495286493121276,0.5945908614806522,0.6665358940156374,0.7425381399836962,0.7956250501644272,0.8848407297429932,0.9528015834808415,0.9929049694835926,1.0709970501253858,1.1179982505611379,1.1926361645458863,1.2472619797754345,1.3229364951102165,1.3848084901920255,1.4429930843549383,1.5295627335607895,1.5810355258955717,1.6183077887078803,1.6979887134703573,1.7864126288045064,1.845657037518374,1.8897644515462744,2.0184522055147953,2.0585348061430637,2.0690951444468353,2.132948108657904,2.1821522393337367,2.1780830627724104,2.221904732851749,2.3197502958242047,2.3343929026521413,2.371310920712705,2.4309615063604246,2.474692512802466,2.5114909911775296,2.5066505460381396,2.489515974055089,2.4513475341002033,2.469124870015099,2.4599848839830756,-2.369592333256233e+38,0,0,0,0,0,0,0
0.30395865275156175,0.35228031955997535,0.44328729916920867,0.47993698870337526,0.5109892140281962,0.6064654958202484,0.6296012016743932,0.6597727300051259,0.7696374603543455,0.8061822299096114,0.8692999602247653,0.9190312751086924,1.02474571374781,1.031023448409039,1.07452792723491,1.130707142907977,1.1905229447913048,1.228636308779496,1.3289489303224684,1.3730685371938596,1.3960820845533444,1.479398397779425,1.499380829939322,1.5272806264821455,1.6303059754752618,1.6690357835341487,1.6984410945011643,1.729158103139845,1.8098865544188185,1.8199958554339402,1.824915202446818,1.8606809929673853,1.9011894068742918,1.9216469939728074,1.9114504404590826,1.8630996570520373,1.8634879864496787,0.803475626233683,0,0,0,0,0,0,0,0,0,0,0,0
