jsons/1312812000.json
{"header": {"parameterUnit": "m", "parameterNumber": 3, "dx": 0.1, "dy": 0.5, "parameterNumberName": "Northward wave", "la1": 40.97354507446295, "la2": 16.46031188964855, "parameterCategory": 2, "lo2": 133.9931640625001, "nx": 191, "ny": 50, "refTime": "2011-08-05 8:00:00", "lo1": 114.97908020019554}, "data":
[rows 0 to 21 of 50, columns 50 to 99 of 191]
0,0,0,0,0,0,0,0,0,0,0,0,0,0,0,0,0,0,0,0,0,0,0,0,0,0,0,0,0,0,0,0,0,0,0,0,0,0,0,0,0,0,0,0,0,0,0,0,0,0
0,0,0,0,0,0,0,-0.2726257269949709,-0.22116433062675245,-0.24506513648883604,-0.21586081543227817,-0.1942263930022054,-0.1956882863884747,-0.18648076780024506,-0.18825315245625593,-0.18635726555812623,-0.18110983284140145,-0.16824755702980435,-0.1607362102725341,-0.15206343958292476,-0.13462540975639797,-0.06672787374608073,0.24671443371528856,0,0,0,0,0,0,0,0,0,0,0,0,0,0,0,0,0,0,0,0,0,0,0,0,0,0,0
-0.3236338993627041,-0.17028173779518171,-0.2422031575197229,-0.22834061838303094,-0.2061031919620717,-0.20959609218212677,-0.19213578869706105,-0.18777439284643496,-0.17303561825841135,-0.17420485208228279,-0.17473958749052057,-0.16931714384251956,-0.16957902089758306,-0.15866312304586058,-0.13759886497087054,-0.13548796605973915,-0.047942122317075446,0.07764564925666129,0.23460039857064965,0,0,0,0,0,0,0,0,0,0,0,0,0,0,0,0,0,0,0,0,0,0,0,0,0,0,0,0,0,0,0
-0.34641673799720313,-0.2941352201506951,-0.27307630496674173,-0.24751761279143777,-0.16710518339402375,-0.1406453598117127,-0.12453738798582122,-0.11128842204341137,-0.08075210447686557,-0.07273280354527069,-0.044088555735051965,-0.03130720619863488,-0.016164804172203652,0.0826328269994897,-0.49103221086157733,-0.6717849354798087,-0.37662932167755186,0,0,0,0,0,0,0,0,3.2541450079977447e+38,-1.3444616811825165,-1.5157616474350433,-1.6231342987570145,-1.7342427976688461,-1.8087620914079705,-1.8952596679391556,-1.9074867252384438,-1.9554923306197558,-1.9873405695803212,-2.0867800840774637,-2.0731314337432485,-2.1149064185418114,-1.9868134993270898,-1.853733636382153,-1.7467491059506062,-1.593944387849166,-1.370178929453524,-1.2273401111878164,-1.0339634001247369,-0.9760121065279618,-0.7807298770785653,-0.7039172115791106,-0.5566316661136494,-0.2422340946382794
-0.5972302554533517,-0.606681132966735,-0.6287755425049274,-0.6791780279136359,-0.6560731818480345,-0.6738022749275293,-0.6902603582697442,-0.7185962975387761,-0.4706056577109357,-0.21496519782843918,0.09003211368701203,0.16406609075032488,-0.0005009952243225547,0.10915530919899134,-0.2240638399636228,-0.2763833350862656,-0.8833537594705322,-0.9840888431093819,-1.1603506433222204,0.36386244000521917,-1.673976150532772,-1.7665797720642051,-1.866840535639491,-1.9208515727836455,-1.878680495562847,-1.9465092333161613,-1.9879860580130073,-2.0373756487007744,-2.1181492045766035,-2.1760092357573133,-2.303950956499006,-2.385034221394658,-2.4410690051971566,-2.5230328499711843,-2.5807909526891852,-2.6099726662868785,-2.6223679346595152,-2.5297196666329747,-2.401489701730561,-2.0895183970652385,-1.8197486651122,-1.658471143966496,-1.3008634168134907,-0.8851691406917702,-0.5497014345789888,-0.33438691228523015,0.049060401269960724,0.32848419732380624,0.49376675250734087,0.8145892379292756
-0.5559830682190998,-0.572362504446845,-0.6007817444234429,-0.6329247272362818,-0.680738366815136,-0.711468420533999,-0.7652654818224591,-0.803400878325678,-0.8406534955814999,-0.8990350115241987,-0.9414219065302122,-1.0270429627031186,-1.1048113633693202,-1.1581699078560792,-1.244449167946631,-1.275628607974978,-1.3109770541433374,-1.3617323700400634,-1.378277024366739,-1.411917494886669,-1.4042965305473418,-1.4254860841134793,-1.4062107892950046,-1.4453407481030556,-1.5177631663240916,-1.5402516378281705,-1.5519318244774347,-1.5821209020136107,-1.647107925157345,-1.64154445033615,-1.8463965507705733,-1.8897549818646757,-1.980957358637936,-2.139237868772525,-2.307219093240121,-2.4250586982548894,-2.5579052848185175,-2.490364482342778,-2.3258176560004595,-1.697340845337181,-1.405127619168794,-1.0654769818239123,-0.7329976297135616,-0.08690716377605176,0.1504469387589896,0.4413434455291021,0.9605687571153638,1.2753523595481737,1.4368198656928821,1.7283746415279948
-0.21975689259394637,-0.2110823842170966,-0.22026341569630337,-0.21283534321030112,-0.23572245244335302,-0.2400877998664116,-0.2726413737696908,-0.2947980015353481,-0.3505664612544193,-0.3881227865907041,-0.36832506228235606,-0.44822013720173864,-0.4927636398717586,-0.5162210367124689,-0.5027922497110716,-0.5392710760167505,-0.5926551258093922,-0.6343963892225116,-0.6666652200721602,-0.6966442348357882,-0.7500842350037903,-0.7799625157644448,-0.780595165969539,-0.8132558027275665,-0.7970216768899204,-0.8191970444530353,-0.8053077405181687,-0.8095639191307857,-0.810640387400267,-0.7984336215986091,-0.7618438714196413,-0.7476290366158108,-0.7414246549948847,-0.8517140393749959,-1.046107642922709,-1.1665954415492925,-2.3452443603475364,-1.6360619881982381,-0.9039825525462872,-0.08197542288155509,0.030793524203919977,0.2432519059939067,0.28973988589039074,0.4974926361905776,0.5977306173720157,0.7409992281497894,0.9816704058407513,1.0786547345411126,1.2370962358465685,1.3058042834600565
0.23217110976678698,-1.210559494322286e+38,0,0,0,0,0,0,0,0,0,0,0,0,0,0,-0.3563327298011346,-0.1409620806764917,-0.09006800190184718,-3.7913762755027026e+37,0,0,0,-0.5384558145728358,-0.46230039253743094,-0.621920623286409,-0.6760938744058235,-0.5272665781880364,-0.38903463699216373,-0.2651531910119416,-0.0360866907158229,0.13566091797073213,0.2742982420027012,0.679584674461905,1.0576415634051899,0.8366464927894847,-1.4659340891624666,-0.3287853379557889,1.4249059403112934,1.443214822472051,1.1837588452421661,1.0971902879040227,0.9852038663211522,0.9009088337898147,0.9538638448192519,0.9441935771454586,1.001028668295766,1.0656684174327993,1.1240548750488006,1.1801094302428137
0,0,0,0,0,0,0,0,0,0,0,0,0,0,0,0,0,0,0,0,0,1.9819074516581562e+38,-1.0400085962662175e+38,0,0,0,-0.8123637209277018,-0.21837003834984647,0.032616999169092685,0.24340546371677244,0.5241161782825026,0.7490274266676612,0.9039935823870415,1.3627844629128583,1.542043433634351,1.6144375705059029,1.7260038205490325,-2.009019524771323,1.0058842658649738,1.8611345789985767,1.7655359477689585,1.587779124214532,1.547358219021868,1.352686124346648,1.3423238433170037,1.3190066926531316,1.2631987820623791,1.2844769740902007,1.2962776106817944,1.3058260684459533
0,0,0,0,0,0,0,0,0.09244202934183778,-0.6116159740362571,-0.20848601357466962,0.034113585220643734,0.22055560404939809,0.28723041316133857,0.4593408717618001,0.5533109688853435,0.6837842698582314,0.6438824938673393,0.7022275596229971,0.7758953732541255,0.7038007171269192,0.6639012924998657,0.6516666080052239,0.6321474945854606,0.5879082754282682,0.6142905380340498,0.6307871859469195,0.7160205775054793,0.7769539338275514,0.8548238311585317,1.1520262149417744,1.3341137177225615,1.4446438581154262,1.6420750850109822,1.7577598266671737,1.608200221243171,-0.38167687860134225,0.5723621683837994,1.3343770646782458,1.755382342160531,1.655000018180045,1.5952160880430457,1.455933507027696,1.3464541499332583,1.3270394219628454,1.2902360003826487,1.2594208339665645,1.2836373392739444,1.2891270924176241,1.2873823915358356
0,0,-0.5789446168204467,-0.6927409382806787,-0.5733333973816215,-0.5802580092944097,-0.648721096383387,-0.5607824807762007,-0.3619199639637389,-0.33405430280037246,-0.24994965527636218,-0.10848058644739096,-0.07563757723992394,-0.020870363666534143,0.05462326513856506,0.136399621748156,0.17743323183780438,0.26002049148988843,0.2745290354192707,0.31260887469275933,0.324135117395557,0.2756816640640558,0.37557817686335493,0.40772250551187583,0.5458473153760396,0.6425044999843139,0.7344389905795833,0.8680344397239017,0.9796658913542451,1.0508649812105764,1.2926165762659767,1.4694366787213011,1.5284799535388662,1.702976049219278,1.748486784484088,1.8019813578354584,0.426526697512017,-1.818736725698253,1.190567036732126,1.6405227150355037,1.6557315729031266,1.5869920752253004,1.4875408013910805,1.3753779336349266,1.3120914239071664,1.280982467319422,1.2314690627217981,1.22007858149397,1.2001309432478826,1.2167854681842536
-0.6603581881425156,-0.5987844647154819,-0.5809345711413182,-0.5856054025768727,-0.5239185465960673,-0.5004766522519771,-0.5013937110957543,-0.48521479954860186,-0.4333819849909586,-0.42052820601856866,-0.3962605486473362,-0.31132408493317376,-0.24251533571283096,-0.15654603794789018,-0.02214090645426424,0.00522402115605791,0.04167729087351448,0.10140082432512788,0.1482264649812966,0.19262057975510097,0.29196154086244286,0.3604896391901587,0.38561768478402186,0.40855285184172047,0.6018628615882485,0.689475584022578,0.7838708906913873,0.9910959523491294,1.0532637222882884,1.1094092042941213,1.3009960252044064,1.3872243000064461,1.4535726909420617,1.5746223440092568,1.658738473141746,1.533180594264494,-1.3276007884664422,1.6792386603686533,1.5340665889232172,1.680657042939506,1.6459222638128757,1.5885673349660756,1.5229255889929352,1.380298693171954,1.313391741422483,1.2681066066620743,1.2123801179407236,1.1781450261103101,1.1250423757604282,1.0871169751069256
-0.38788647291048023,-0.3436016503351064,-0.35795963007217235,-0.35806120069984493,-0.34092764174316015,-0.33771033405337736,-0.34064048574971667,-0.3060916454407749,-0.2813339103583147,-0.2811507672561485,-0.2466182414553924,-0.18559494850949407,-0.17317062148346873,-0.16015779544310457,-0.1075306207613563,-0.10526491973281914,-0.10812494451878514,-0.04578939105142804,0.05288828654269103,0.10682837121338933,0.21463594009920098,0.2854473398902791,0.3529275117159753,0.4044571073473228,0.613984345958214,0.7218615457774908,0.7741737917073492,0.9229690527906321,1.0120053980914192,1.1085237540553436,1.304381910501102,1.3382107164313561,1.4008665817974226,1.4938840509942146,1.552488936733518,1.5833407654623861,0.8575299310587797,0.5005341720374127,-1.5740315008542656,1.54482848844679,1.6018801808487335,1.5731464856169761,1.5511323879270136,1.4718821947513006,1.407621558713942,1.3809083185961097,1.3049130535869158,1.2560270911078724,1.1916041176007843,1.1395547764231055
-0.2347196064437751,-0.222121725306393,-0.1887145569201277,-0.2035548302725007,-0.1382772504493548,-0.1000195487025646,-0.0850425590548992,-0.06883955020332592,-0.048962100630967786,-0.043462047120496575,-0.0392184401180256,-0.02888090406970782,-0.049087482381417594,-0.06217694766089292,-0.0960788874960794,-0.11620393774582585,-0.11618695534052852,-0.09430875124632461,-0.02335609727374013,0.018605839582179016,0.16312002830345518,0.22717066202715813,0.2847835017206059,0.3634683861454888,0.5273298252227859,0.6018752724458529,0.7103030440267321,0.8919635860160195,0.9566643417723674,0.9981575318264285,1.1272587144889972,1.1650208480280089,1.207365888700238,1.30505240427883,1.3385237657403373,1.3922323535349672,1.450651315749939,1.4052061419539517,1.3241054713109917,1.328899442727139,0.32768640939917465,1.4624834102628763,1.4422875936398662,1.4742982929833404,1.4698282278315085,1.4495433041532406,1.3939820053210277,1.3570187527755944,1.3368405181682663,1.2895292266914935
0,0,0,0,0,-0.22014458259235714,-0.17902064996146835,-0.11980949939406738,-0.03240855342219086,-0.010270801243318887,-0.0051430402340897075,-0.0541572695265267,-0.07887964368778048,-0.10732143913732148,-0.056066922954109116,-0.06127297039077192,-0.08746934400074846,-0.04697394785352956,0.021539424825539263,0.07271847839056662,0.2056594782584337,0.27310123866867864,0.3342529103157915,0.3955299077400478,0.522663306969616,0.565439232888348,0.6492561953968112,0.7627338776757155,0.8432114157987304,0.8902472979046154,0.9958802579190762,1.0464782207491607,1.08469461986831,1.18029673901972,1.225685666159681,1.2558118184701317,1.3326101419903424,1.3621386132523738,1.3882133347867365,0.026231167456200157,-0.003995458926635356,0.8910490395071172,1.432812555043728,1.4054677555680168,1.4046084249154411,1.3895178876790746,1.340743252838236,1.3231174427449894,1.3128956480677956,1.2808545055380423
0,0,0,0,0,0,0,-0.2618724241598053,-0.10770825645362533,-0.02917261031241574,0.021778823155659394,-0.06359825732956309,-0.11947617540964289,-0.16583031080631258,-0.18007827652589992,-0.14843687795596877,-0.12112363173984006,-0.0732129518423799,-0.05880775350927443,-0.06515172279801087,-0.04151308056708567,0.02140771073284239,0.08331271636378595,0.1456424994094475,0.2978309663277211,0.41148069174335855,0.47712233206024224,0.5870687628129057,0.6553617336620771,0.7368069230641754,0.8546327792346337,0.9153387696630544,0.9666414046105518,1.0733070649281902,1.1310564164927872,1.1513825646472595,1.2474853701676285,1.278695383136828,1.3098831555417187,1.3681713855758575,1.393953017773803,1.4176535562569899,1.098297700991216,-0.09830491351900884,1.2435189865926584,1.4350213553646889,1.4351107198368513,1.4247315408292942,1.416622577755549,1.3918486149207192
0,0,0,0,0,0,0,0,0,0,0,0.1565457498703287,0.027359387422654105,-0.14983880078054423,-0.1905640139159189,-0.19984222831168127,-0.21932913703132859,-0.1974557216733844,-0.1810782359861094,-0.14289303548360094,-0.08155954828395023,-0.06139766003175085,-0.010827031857606431,0.027436592015085016,0.12524662105140127,0.18815299000181088,0.2846480682109858,0.3734449966839563,0.4382482234026656,0.5207280378724267,0.6288892642030247,0.7465837571648593,0.7810349698804073,0.8713973958532124,0.9281531291032961,1.0037129995339094,1.0875890350633497,1.1346986019243603,1.172827321858346,1.235818986720029,1.2696583499990408,1.296916591850915,1.3024881900501655,1.362296925474642,1.3850139871585012,1.079853888642399,-0.39532461357131615,1.0375773046904722,1.3907683121088317,1.3976446330780157
0,0,0,0,0,0,0,0,0,0,0,0,0,0.01574512654301019,-0.24230222620742975,-0.2636291212311815,-0.3252069089244602,-0.21404213658280674,-0.19534917033354463,-0.19070683246744435,-0.14967946024849396,-0.12654448939349663,-0.10839006845190428,-0.08532755135033418,-0.02564606561795478,0.028705647948565786,0.08365885670779383,0.17869881411402738,0.26741944308480664,0.3522405352220872,0.5277417064093797,0.5890625282282773,0.6266535906860468,0.7139409391712636,0.7647265725539987,0.824307501104917,0.907763596907536,0.9522503812712073,1.0034523778654454,1.0624758915418706,1.1129914559633514,1.1659566041241785,1.1981698250829889,1.2421819754522687,1.214608782745531,1.104578006212086,0.35093285567741744,1.2343498303073666,1.3191173564651355,1.3057267353865212
0,0,0,0,0.00547265538615893,0,0,0,0.021743762776095223,0,0,0,0,0,0,0,0,0,0,-0.5163566140160055,-0.39133669985086106,-0.3492207091811357,-0.3154048943487856,-0.25131832191983977,-0.1585004628562631,-0.10866363220041504,-0.06473201039428184,0.0917571245397027,0.1966212714338239,0.2820518033235488,0.4087932016923053,0.46341415314868845,0.5010914202449676,0.5370464119610868,0.563630641793789,0.6158975586636116,0.7402082644211381,0.7977807100119373,0.8326953835818568,0.9206536113097591,0.9640406981277329,0.9990116304309368,1.0372740270659115,1.1032590667474724,1.0879033630198491,1.0430110914943074,-1.1221793941049865,1.026908698309833,0.9330312243778163,1.1799234829241354
0,0,0,0,0,0,0,0,0,0,0,0,0,0,0,-2.7905543155165304e+38,0.02805015811114055,-0.0321036395279851,0.07230986285584326,-0.011810507088242137,-0.1513240211837502,-0.21153565977621608,-0.45195727147845094,-0.5466675269286816,-0.5215477777717765,-0.549877266688827,-0.48411128653076363,-0.24713499815888346,-0.12732385642221733,-0.02820127969621022,0.19853002289382632,0.3211754769167689,0.41662361832110856,0.5377929231506658,0.5755508814566137,0.6420469673878623,0.7427711971720579,0.7701764879579146,0.7991868144623662,0.8558811968046125,0.880715590723889,0.9010812181512534,0.9495937127008142,1.0176713677620228,1.0519008941865982,1.0551104957324369,1.091446665379951,-0.5971591458063473,1.091595214334606,1.0892529733590297
0,0,0,0,0,0,0,0,0,0,0,0,0,0,0,0,0,0,0,0,-0.18158195279038708,-0.3580063259472933,-0.613042636541319,-0.6587941402415716,-0.654995757914138,-0.6943844867579866,-0.6606711650309018,-0.3915813326938292,-0.23518937163701154,-0.08792083947332337,0.19862323608681867,0.2880004173572592,0.38476637717718415,0.5279093886577084,0.6018096290123235,0.6249936639008503,0.649887522291763,0.6893226353635431,0.7179920523029572,0.7796136180414326,0.8043243782476678,0.8640151128738464,0.8960692141368085,0.9614283706853757,0.9973950088915611,1.0254237295209578,1.0147719671985607,-1.0719989254691038,1.0166751411340083,0.9930910358387849
0,0,0,0,0,0,0,0,0,0,-0.10272050569489126,-0.12945264882537252,-0.16528210825749534,-0.19581167422951049,-0.2520422746601429,-0.2956303883308051,-0.3686158857173272,-0.41262928012361466,-0.45703608371987275,-0.5462222764875108,-0.536104494489146,-0.5398002586477507,-0.5034890610124889,0.43143092704911107,-0.4975929713780004,-0.7505019787673792,-0.6326351163513992,-0.4053617099799176,-0.23101755425655934,-0.014858688223416988,0.3359096843476342,0.44735110368317194,0.5262500192541594,0.5955175972733727,0.6285979838674238,0.6546580486396459,0.7272738422012294,0.753363541785515,0.7482199009893877,0.7412694801433417,0.7516734051652159,0.7764885233388185,0.7642497318922685,0.8409466237033779,0.8832686820109692,0.9116983119694979,0.229577397690343,-0.601944184523028,0.8091673471537097,0.8043712428999036
