jsons/1312714800.json
{"header": {"parameterUnit": "m", "parameterNumber": 2, "dx": 0.1, "dy": 0.5, "parameterNumberName": "Eastward wave", "la1": 40.97354507446295, "la2": 16.46031188964855, "parameterCategory": 2, "lo2": 133.9931640625001, "nx": 191, "ny": 50, "refTime": "2011-08-05 8:00:00", "lo1": 114.97908020019554}, "data":
[rows 0 to 21 of 50, columns 49 to 97 of 191]
0,0,0,0,0,0,0,0,0,0,0,0,0,0,0,0,0,0,0,0,0,0,0,0,0,0,0,0,0,0,0,0,0,0,0,0,0,0,0,0,0,0,0,0,0,0,0,0,0
0,0,0,0,0,0,0,0,-0.036657206064343265,-0.05401482239355414,-0.05971747063706093,-0.06125188396019284,-0.0654114960915097,-0.06534604274085118,-0.06471858138294043,-0.06349207258409946,-0.06300042809803301,-0.06256804897589353,-0.06160530425769236,-0.06618464054687714,-0.06633277895806008,-0.0586686122243773,-0.08501817092519764,-0.033381325511543054,0,0,0,0,0,0,0,0,0,0,0,0,0,0,0,0,0,0,0,0,0,0,0,0,0
-0.15042163679236084,-0.01496539926204591,-0.07268786041038927,-0.06574551710766992,-0.07377663309736603,-0.08462916709024051,-0.09047063137741763,-0.09880563482710614,-0.0963981853800866,-0.09488543108228957,-0.09320240229634882,-0.09337026921234792,-0.09361991678093168,-0.09245811584543108,-0.0928820277614922,-0.09564491110444436,-0.09753352866716788,-0.10983185707784214,-0.12474712329236622,-0.11252530316593486,0,0,0,0,0,0,0,0,0,0,0,0,0,0,0,0,0,0,0,0,0,0,0,0,0,0,0,0,0
-0.09017321786201184,-0.0905283561629899,-0.08164644163995018,-0.07122047239831923,-0.08591617530114977,-0.10622031547451263,-0.1115459079430692,-0.11261462355579177,-0.120045350143459,-0.13156991980380103,-0.13171622950957435,-0.1317677445392961,-0.13230043150789905,-0.12042360846873008,-0.13576918635292948,0.00504296186604607,-0.04218178105350394,-0.006390712744198276,0,0,0,0,0,0,0,0,-2.769291426716937e+38,0.515111148511157,0.5205335254139263,0.5140586165175219,0.5145946071832564,0.5167722517233506,0.5054283081486659,0.5094214984264057,0.5276739158143396,0.5307252707126299,0.5446613464873669,0.5478826568646634,0.5637320759994203,0.5399073961487721,0.5025559771132169,0.46455871030864804,0.4281928809534588,0.3806910881756659,0.33747991666190147,0.2869847724745431,0.25267382935102084,0.20140513596568754,0.140197433974387
-0.14313112808611134,-0.1465543438539059,-0.1338451185786021,-0.13004802604102303,-0.13487111927179302,-0.09935432965798721,-0.09439356072568139,-0.0946304270154035,-0.0824840354729022,-0.13191722769722738,-0.15727457080474358,-0.18071056894139043,-0.2695725379703679,-0.18393331316131617,-0.1967842862037559,-0.1551717826391128,-0.18091666732322081,-0.03543223713848181,0.22886143516598612,0.36234005192662083,-0.6966179708752895,0.5126243663915315,0.5483921229176191,0.6034642891575653,0.6744955693668802,0.7080331986785386,0.7517566475429147,0.7772619785937024,0.7902668988661261,0.7941497595636301,0.8097666373774469,0.808789383506425,0.8054608423895337,0.8083219134023343,0.8092143943955141,0.8270003667904525,0.8237831655051097,0.8308717777110722,0.8131201567878868,0.8039344578643094,0.7753053313528713,0.7596879045864622,0.7071510629600085,0.6560101471680607,0.5987955687734365,0.5069383036088981,0.4729017071591006,0.31881886645617685,0.19883347138592247
-0.22035410055938492,-0.22597483042532074,-0.22118904008245843,-0.2204839606980186,-0.2316906792907281,-0.21927899490279137,-0.21766322818009892,-0.22098862768240235,-0.22478243922904376,-0.19009535398064717,-0.18813328924443365,-0.16470734416110047,-0.11360571848249497,-0.09157568106476463,-0.060212379854792414,-0.005106705509240166,0.012182570236835286,0.03160122330466986,0.11224936912567922,0.20114762691096594,0.2554047421046146,0.3847757763917491,0.42810623998989783,0.519758238085118,0.5918648890670388,0.7114511947450367,0.8191540821155199,0.8772040803753282,0.9565691085864644,1.0136784981143625,1.0415015455288459,1.096738291662793,1.0926395980239219,1.0990273777378563,1.1064688306518735,1.116878000034487,1.102396790184471,1.113046610749147,1.103010750356077,1.0997013456428752,1.094894484356343,1.079572229807619,1.0498804151318086,1.0205508971086916,1.006726354532793,0.9221632321482501,0.8613056466160803,0.7133806228209097,0.4977619658421761
-0.28507239804688966,-0.29676623233687044,-0.2955761690962186,-0.3063185570111765,-0.3227245474977825,-0.3260641291538647,-0.3243347897424469,-0.3509287467142381,-0.3478598196330372,-0.33888085149841124,-0.3462444953876238,-0.3483855481390781,-0.33905595056031834,-0.34439944648311377,-0.33085303086061757,-0.3239057013119433,-0.3093499432086875,-0.29821660450165977,-0.2035241117897547,-0.18171587833294775,-0.1479728374559957,-0.0032139574374887726,0.0656154044714366,0.13409130488151924,0.2995129839592607,0.5132274820604518,0.6330059167166753,0.7476209284836544,0.9028996265753924,1.0573125493906574,1.0969202241887428,1.205646599801036,1.3020196384651341,1.318222685875261,1.3692270673830056,1.369254828465117,1.3694208149667486,1.3810528543636555,1.3883889216319207,1.3667572446784866,1.3823450093223029,1.3983573493710477,1.3999717081159453,1.3815151158091823,1.3763732722222846,1.334596746484055,1.3177233321215158,1.288562916430078,1.1600382733533552
-0.38705736120110484,-0.4049223569656765,3.357381349730404e+38,0,0,0,0,0,0,0,0,0,0,0,0,0,0,-0.5100526230209153,-0.578037345808478,-0.5560850250687613,3.169746273684271e+38,0,0,0,-0.5450425825411291,-0.5387602932535792,-0.09656876000093478,0.5353892383352131,0.8394859533199053,1.02221767834962,1.1097734897402483,1.2927640908170908,1.44576503102557,1.5143237537146543,1.6249257630962337,1.6816952976626398,1.7125699079351433,1.7448364225851838,1.7637601113719996,1.776111452992758,1.752614329682816,1.7821804307750782,1.7905960775415053,1.8045962619479723,1.8152802150196448,1.8245661256046337,1.8132094963094532,1.8002126040884172,1.7437682917876778
0,0,0,0,0,0,0,0,0,0,0,0,0,0,0,0,0,0,0,0,0,0,-1.8243106250030024e+38,-2.3504226269674517e+38,0,0,0,0.8861987709487655,0.974963738791584,1.046651917973104,1.128845065429925,1.3268106779605449,1.546565669895881,1.7430944575557763,1.8573535237429977,1.9269572145987823,1.9663691851803207,2.050673334570932,2.086942909845766,2.0848318263673775,2.125091827500701,2.140127883248874,2.145740119529737,2.150971804762814,2.2364250957413403,2.22793889789357,2.2269686022571076,2.2752853580729746,2.2326584430416507
0,0,0,0,0,0,0,0,0,-0.793745512948454,0.1253990249986045,0.03475740825324798,0.10712020048889781,0.12049173590118377,0.19268758164068345,0.27895598806525396,0.3201945373733357,0.3651413076888463,0.4110927096632001,0.47368227713568645,0.55726005702782,0.6346899579520758,0.6632017804255661,0.7406074168132077,0.7971826549264309,0.9266876480906429,1.0767238809800532,1.1513536038374232,1.2409945416896426,1.4231065572060908,1.572535555892053,1.7132953513742633,1.8779822075522894,1.9492814834728773,2.099919271415046,2.196538905745725,2.2831012124027144,2.4163267712313834,2.482679098343259,2.5343925376612146,2.6328770738741243,2.678524758016732,2.7039395697350623,2.713766078876277,2.7957854763394887,2.8332198692634085,2.848055637367364,2.9077305848728856,2.9312977622200553
0,0,0,-0.2016857981604228,-0.3984022407613603,-0.3410209242646383,-0.3657128172491754,-0.47082341673075506,-0.5249542329265893,-0.5033046513207496,-0.5235842079769174,-0.4749709113924334,-0.3868222274259889,-0.35727612587684815,-0.3150203604833253,-0.15035538062652862,-0.050246967554672076,0.0040660496907021695,0.13317146670510574,0.18328154175964068,0.26990789091677586,0.39390863993829484,0.4583643705662837,0.5644087518974209,0.68416477969584,0.8736870666153991,0.9800436543215958,1.079541942373135,1.2039372863931237,1.38962884862513,1.497953105638021,1.6646216164442054,1.84321265652721,1.9062614367479487,2.1021690446544685,2.2118348620818984,2.3610014883164054,2.558129238551889,2.656971971365631,2.8405909901579993,2.9794188442351217,3.0759719234220446,3.1794388226593004,3.26388576944571,3.434606769240164,3.477035351535015,3.549556067925469,3.6584524061718535,3.66876104191413
-0.765467686487837,-0.8945813070367552,-0.9532412870993326,-0.9942631983625752,-1.0731631232243,-1.0678947100943417,-1.1016003467662903,-1.1659632947194682,-1.1871671132325599,-1.1876699490274414,-1.2455646061166237,-1.2815269891055951,-1.1968692943737502,-1.2265657750685273,-1.1579303629948867,-0.977406931791117,-0.9178821894347386,-0.8045148093764327,-0.5966637965196073,-0.5343707186429697,-0.4362928694001952,-0.2239038779282972,-0.10955994177736975,-0.0519431066425718,0.03895840432332303,0.2222021706506392,0.3441813572912646,0.4668883268108774,0.7397613314808686,0.8800867566440805,1.0653434269459172,1.3507139142131448,1.5246231279158422,1.6706089475307806,2.013063493721164,2.2200881821501297,2.4034348044948826,2.7666576777854752,2.9751210468797056,3.178545111356755,3.5118980772067223,3.684999585564255,3.9754439587603843,4.124020844515216,4.383370783301853,4.540707858295516,4.599485534082771,4.792741667754828,4.912563411279849
-1.0599676418271335,-1.160635962533635,-1.2015346804971294,-1.2300564920281505,-1.3184410496161008,-1.338227588930795,-1.370457532947527,-1.4534713328905697,-1.5118628696328504,-1.5372668297970342,-1.6191946299748454,-1.6737709079005936,-1.719038548981558,-1.823204224801419,-1.8370921100681565,-1.7505646005529758,-1.7456317404991455,-1.7527752061140272,-1.4894486851478381,-1.3726898031441253,-1.3743688911010497,-1.1816407645215437,-1.0921564706717308,-0.9982443075511502,-0.8827763952354873,-0.6233737707856887,-0.4827136908954925,-0.3845474353144579,-0.07613582974778232,0.09423495330732024,0.26109105458193715,0.6676494047711521,0.8168449299811896,1.0983239016218687,1.5020827724613375,1.8706274503546394,2.1532899539205115,2.7487435274626755,3.153843120278388,3.4797115116213386,3.915689031378188,4.241258075690575,4.782876658282273,5.0637878885257654,5.813708343837036,6.224252131892436,6.400517539539173,6.846040260792518,6.898755416693799
-0.8800972135482503,-1.06270053799034,-1.1249745234150832,-1.2180537022047844,-1.3505700005280468,-1.4025762945945208,-1.4570779183483782,-1.5675877120294917,-1.6255852411320104,-1.678967508118499,-1.8188271191822494,-1.8777479603206677,-1.9140399713812808,-2.077981460272716,-2.127900299626434,-2.1403996695549634,-2.194204965986253,-2.428410854890283,-2.3833116096692826,-2.3875726793670866,-2.521285114188747,-2.3831050678286534,-2.2542691818530365,-2.2947707319024198,-2.1782744663112776,-1.8965951957346951,-1.8456035978879366,-1.6782957519775121,-1.2700470240637414,-1.1602042835099937,-0.9723291938266406,-0.6218345335060582,-0.324277016783981,-0.08683659537970702,0.6070445740067202,0.8850142372775661,1.4033648966412302,2.1020107735446496,2.437088184634594,2.9777105409433053,3.7203848087720726,4.360473876983955,5.011149009999152,5.723737752066596,6.391759154098141,6.929645562793053,7.261249228763595,7.680379952274691,7.968444130426212
0,0,0,0,0,0,-1.2288620201930662,-1.556374003294349,-1.6660739183980449,-1.7472962331857185,-1.864595071515015,-1.910050298594962,-1.9547450868028637,-2.1112508621584496,-2.2192253967776017,-2.329660985944354,-2.434230991994391,-2.634927861661686,-2.6888557972022644,-2.7654904590633804,-2.9725824389499813,-3.0064153257855892,-3.0290671900029658,-3.104787051378619,-3.103173536673158,-3.035186273927084,-3.1914158670003725,-3.1440101586984266,-2.9135495610715214,-2.8416579237182398,-2.717354156093622,-2.2241474821658733,-1.9684713697733873,-1.6153675619460919,-0.8807338755246209,-0.33552327382492586,-0.008250195029030601,0.9676824285540555,1.4252454441489733,1.947522641920154,2.7918400267110135,3.3026646360007295,3.957527125354071,4.621190497509475,5.52593169784438,6.372738740378795,6.823316226428374,7.391640819772909,7.827926985158671
0,0,0,0,0,0,0,0,-1.3090173281785187,-1.538568407612247,-1.770587919809372,-1.7815228532831722,-1.8308721059885682,-2.0211131129901916,-2.134550720697283,-2.275051806025238,-2.40232129989397,-2.6197215511814185,-2.719099156852161,-2.866465952992093,-3.1118782727853542,-3.2003618731262384,-3.286179680648677,-3.5278840321301006,-3.640354217920085,-3.738568572688129,-3.9315553428473207,-3.950439616706763,-3.8640930244282163,-3.989312068493903,-3.870078726172637,-3.583785218253932,-3.4003637260954416,-3.1387068041021573,-2.226814914703866,-1.553736438918987,-1.1118553681821544,0.45391397805525247,0.9353818034666983,1.5192919491326258,2.4247578997112536,2.915905756427893,3.551225910835071,3.959754406562772,4.746946211579575,5.326125478399563,5.721308901441037,6.267337363451328,6.762641731016571
0,0,0,0,0,0,0,0,0,0,0,0,-0.8871098284606144,-0.7355694667688857,-1.0600602324891797,-1.3659110109502093,-1.615133805505477,-1.9898676837562113,-2.1482707329674953,-2.3092340987990583,-2.637204301332674,-2.794986785211748,-2.9099931221648863,-3.14954481401529,-3.2736438326213344,-3.3946050748798626,-3.6907562276226202,-3.800007674568656,-3.8733816129772,-4.054013772279371,-4.075324360903709,-3.973527582166726,-3.89274391018482,-3.724069032215021,-2.9367666298278925,-2.3883816861474343,-1.5252242851548032,-0.11687291440258166,0.7099352990881148,1.1655164029825273,2.319821746751541,2.8561680520111943,3.2603501868732176,3.7172811984680196,4.346432478311043,4.76128811835383,4.992639424424352,5.327924496439989,5.658965109432584
0,0,0,0,0,0,0,0,0,0,0,0,0,0,-0.6701850282531805,-0.9204708673244676,-1.3896799850030233,-1.7838428747589632,-1.9341326574753286,-2.078365440550194,-2.3437130305912595,-2.49003158758073,-2.598051912810163,-2.872556302433536,-3.028168919257173,-3.2132892058032447,-3.5562341724788276,-3.6853082316480745,-3.793494517479441,-4.030789744016073,-4.098177936029037,-4.174416776402406,-4.202426398907744,-4.167568916998034,-3.880420300117507,-3.6300565069749293,-3.283912755238059,-1.7742983609622478,-0.7175078120724109,0.6001882041331125,2.425473539449207,3.115155192287702,3.621766018931334,4.040738002659431,4.5402631146794565,4.832972332883357,4.949549981418247,5.242521009654831,5.356369435889414
0,0,0,0,0,-0.4475321225935264,0,0,0,-0.4997669122049869,0,0,0,0,0,0,0,0,0,0,-1.294232534311414,-1.9906711311463916,-2.23077012903849,-2.6055870095446396,-2.7501630205519962,-2.849397380128706,-3.1576670141471963,-3.309650243998092,-3.494407556711287,-3.775220248696166,-3.843054160801792,-3.9002468785073825,-3.9728612118232194,-3.9671050367108767,-3.9338268806625334,-3.9571936170029343,-3.9662710088162063,-3.8807465694337346,-3.7670471899540026,-4.311971836235361,-4.3297368901041,1.8236391413954542,3.963499060917015,4.323163110802637,4.371071691913716,4.45993541814063,4.557240644649388,4.639774787698472,4.832883746497644
0,0,0,0,0,0,0,0,0,0,0,0,0,0,0,0,2.3157379657413777e+38,-0.39325463494349366,-0.5702768479278458,0.7259708957899367,-0.01915891956954725,-0.4859894196566487,-0.792868743358866,-1.4715914570676787,-1.893233699280185,-2.380099156346466,-2.92303534749001,-3.1463833046044978,-3.3375894429808164,-3.541621073475052,-3.620972637926943,-3.7068571189348773,-3.811770489880066,-3.8385976604113057,-3.8334117946275637,-3.8520442076331567,-3.8881427516164506,-3.8559668293101783,-3.8564943229813635,-3.8714993797183963,-3.8274125731766033,-3.468461753650585,-3.517803702428298,1.5733001802711206,3.5202915545711777,3.6273092508545277,3.77650306988229,3.8597801426663145,3.9694824629421595
0,0,0,0,0,0,0,0,0,0,0,0,0,0,0,0,0,0,0,0,0,-0.5527481306971684,-1.029110857147635,-1.7152426108386334,-1.8377417132366163,-1.7708262161743322,-2.0556453606783367,-2.240782402090649,-2.5617226434265383,-2.7785477927604534,-3.081838473442963,-3.305706350522852,-3.473234444118144,-3.5276970317306935,-3.5537498590120924,-3.4796115469601663,-3.361576941694639,-3.307699783145903,-3.2484825592774813,-3.169578956531019,-2.9227593683075406,-2.728080491910865,-2.445813393580915,-3.184378022377424,3.441248936347097,3.510394930578001,3.525216882848602,3.5186748895864444,3.449858013670193
0,0,0,0,0,0,0,0,0,0,0,-0.23020223757427852,-0.264323357106926,-0.3507523799571265,-0.3820988089286894,-0.44507668087876107,-0.5007284743025863,-0.5841519515691699,-0.632409296736554,-0.7302159931333022,-0.9706002205146961,-1.3246419569580379,-1.4989583935929445,-1.6690749819786705,-0.6911678425030084,-1.3492016579930304,-2.4024752758058057,-2.6021049367233338,-2.761795003962894,-3.0813885507644065,-3.2601000942016225,-3.375365500210368,-3.3430334831917605,-3.333016388653133,-3.301086927789846,-3.2669224571483535,-3.237257980354217,-3.0799587007983464,-2.89855594583869,-2.6896888983817457,-2.542615719915492,-2.446256691596617,-2.3105410280690015,-2.0719729858864326,-1.444071194016704,-1.969983227175344,-1.358145588582664,2.2674533300760404,2.104437004303637
