jsons/1312855200.json
{"header": {"parameterUnit": "m", "parameterNumber": 2, "dx": 0.1, "dy": 0.5, "parameterNumberName": "Eastward wave", "la1": 40.97354507446295, "la2": 16.46031188964855, "parameterCategory": 2, "lo2": 133.9931640625001, "nx": 191, "ny": 50, "refTime": "2011-08-05 8:00:00", "lo1": 114.97908020019554}, "data":
[rows 22 to 43 of 50, columns 98 to 146 of 191]
0.5222328986610011,0.6573782237512981,0.6679765045824202,0.6751804463336977,0.6060155475538336,0.598551306612802,0.6803789741316145,0.6935671171098315,0.7039014516651779,0.7238816451649691,0.719372060128251,0.7063178243159881,0.7072107161616904,0.7000405433346586,0.7240030482518672,0.7429581033498893,0.7524853077159405,0.7634104773211867,0.7648362714486819,0.7626888329577528,0.7545965295944745,0.7489202920885202,0.7519932012950225,0.7629844150836115,0.7581208214399969,0.7600154512779754,0.7533436797639035,0.7413486861180271,0.748867225730228,0.7609743962775813,0.758203257305984,0.7580146815983759,0.758458601935046,0.7483595205435518,0.7475123325047743,0.7452600262566687,0.7332565427555406,0.7426965118463466,0.7142416360450854,0.7244593232259409,0.7122242540340349,0.704352869822681,0.6925991309625463,0.7019442371363495,0.6978971337738001,0.6872847959527165,0.6926931301302081,0.7019781166210509,0.7109221542187849
0.37238463731864735,0.49149465430867373,0.5620057090027742,0.5962040458263996,0.647276006619495,0.6578676117431526,0.6580647306555009,0.6608840924778632,0.6659279168221075,0.665572806617948,0.6831282957078344,0.6937206314928298,0.7030997967543916,0.708107764154071,0.7177501182658067,0.7262117502964243,0.7301158468745459,0.7170207763634912,0.7133693142308163,0.71049339581269,0.7002654513673194,0.6992928327690381,0.7185955471387282,0.7362856831283585,0.7189514557437174,0.6947707174163207,0.7276255842140289,0.7366289371696458,0.7430628640481006,0.7579216509748148,0.751604458842374,0.7372557468420811,0.7401654560214869,0.7466802317338788,0.7580666035136618,0.7530504599745813,0.7033965007827858,0.6863768360980737,0.6860828222640378,0.6781943106494774,0.6715343485683729,0.6689993544597052,0.6593162736589162,0.6447278111994041,0.6321067786658227,0.6455889267204609,0.5641054765945815,0.5278604612736257,0.5095255930231257
0.3789642006210746,0.43815558299120466,0.4534982579105378,0.4713050686313204,0.49704788725095767,0.5231510650551882,0.5680904536261944,0.5793497355055965,0.5661201544208015,0.5698810996366832,0.5784135443745997,0.586552369750579,0.6148502771586104,0.6342459198077519,0.6666256988299846,0.6733722251972459,0.6745354725121515,0.672891388159954,0.6766306599440582,0.6761926257652513,0.6708899221805352,0.6545557908885763,0.6491665622585652,0.6550244802955826,0.6607011671798596,0.6604214947198092,0.6514005921061642,0.6673757276956825,0.6818542624113804,0.6646244910424738,0.6538258740316005,0.6466168134665012,0.6536891219799674,0.6565502124663529,0.6608196683606101,0.6515041288755041,0.6179793300587273,0.5854186227982823,0.5584145328720266,0.43598182722610085,0.39366909837135705,0.3446330543038696,0.3319200812743674,0.5370696687104372,0.6192352748640674,0.718336623671576,0.5514294114162338,0.7374257445216247,0.7736080605936605
0.4478179280387924,0.41026727358457404,0.41491617887513316,0.4087888723949942,0.44786169469736614,0.45835771476841136,0.45854527302676545,0.4478468398108315,0.41401809864715755,0.39403265764985484,0.40199906905319344,0.38077314394143597,0.4270351420028393,0.49257898131770883,0.5240798186460766,0.5508574630601113,0.5509778915281596,0.5306708722316293,0.5420603919157256,0.5353128049955921,0.5624836280561452,0.5769167262709485,0.5983369506717374,0.581388967915545,0.5872744515814625,0.5971786832130902,0.5743869396279991,0.5626662000658625,0.5436549800124626,0.5419201233881232,0.5330326923593853,0.5258358689032008,0.5218648491238848,0.5126917927411097,0.5252236170256873,0.5346976123627933,0.5602517585434551,0.5520441593483881,0.5229692692511873,0.44475885804847687,0.38811531905384633,0.3141822383923885,0.502996844602414,-0.825100287362204,-0.5814657215575616,-0.5694706591167754,-0.6316879231323933,-0.5895057498627237,-0.4159380464218643
0.33499825512364817,0.3564652593775199,0.3597248110402625,0.39389536466332786,0.374683265728962,0.3816583061272639,0.3913746379549321,0.37408626052638616,0.34715453570836663,0.3318378686884745,0.3160269433023985,0.312189612388643,0.3073522251723701,0.31422802826437635,0.3886726784025678,0.40934345311961234,0.4381043485772883,0.45379351203436735,0.45402885274450583,0.46237757249348455,0.49358023794731354,0.5167795914694303,0.5462107454445585,0.5525362609706785,0.5544577390600403,0.5530224938547942,0.5377622693540131,0.5327382833011054,0.523226736698205,0.5035502745319688,0.5020995595307871,0.45481718316490954,0.42089640519584937,0.40510144306113793,0.42240272546682983,0.4144037350129635,0.35934160861504405,0.299698227513282,0.2449833353000873,0.3315493826389678,0.5840013948875334,0.6040736431758227,0.6307435704335181,0.7457824794348586,0.618140087488066,0.6666797807109472,0.7104537731908853,0.6849797328761121,0.7342169144671112
0.24717144833320992,0.244961633881326,0.24804554487184724,0.23263160544624564,0.248098405188421,0.2567194840296097,0.26055426326316555,0.2628366084237725,0.2989280134870344,0.31688461019569253,0.32544002904225483,0.316447034492295,0.3205393672334998,0.31914265664493396,0.32036580634801987,0.31348609708225245,0.3323251921325436,0.3983201726340202,0.40342486334021027,0.4259386960363287,0.4030886979146954,0.3738378848980033,0.38065575230984217,0.39167907741397767,0.41228126094812495,0.4357234978698266,0.3850452890841369,0.34637778229167576,0.32761944138450866,0.33685210064717247,0.35001157660334775,0.3458627288763916,0.3248439069788619,0.3332973949791743,0.34242952680493066,0.3938345249112107,0.5120665789754301,0.5172394744308021,0.5277841299655821,0.5441438139288985,0.5515066805580133,0.5692404221586813,0.599123218249139,0.6050391122955179,0.590778121353684,0.6541773750318841,0.6560913641824004,0.6677571683982501,0.6665242739909115
0.35699018330418814,0.3235472710089448,0.3206392505883398,0.3244425448170458,0.31476868246825884,0.3338675583464283,0.34791771503365065,0.3767530782089387,0.4201297393684393,0.41655571358014254,0.34756843743311017,0.37498727314620367,0.38743934035348104,0.3624396464518163,0.3745049804198918,0.3893703862909085,0.39106693481537985,0.39528583793239963,0.3870567108248354,0.36946413374942677,0.3262011619751998,0.2939609718101177,0.2680064471029647,0.21322785510553507,0.17762813340827618,0.15846724610238297,0.261488877848946,0.7260427100694081,-0.15566369750304956,-0.48895170438524216,-0.12382742066381407,-0.2816055046901644,-0.34186801872048306,-0.33324130537968233,-0.442841770420799,-0.6599866602790319,0.7559220804436699,0.6617117132429348,0.5214245494900476,0.4831157229747164,0.4504032966140687,0.45741105674982246,0.466629771762181,0.47336106893770474,0.49284720630280127,0.4857411180067328,0.5058402400772741,0.5197624917314144,0.5217930424468349
0.3417144217045939,0.31920937541119804,0.296329458769614,0.29041586876796777,0.30315994074719754,0.29761005131708906,0.3031927367460174,0.3445958951158571,0.36595317722369813,0.3858848043984916,0.36745738485772095,0.3849668495270653,0.3980532804689545,0.3905618862545306,0.38268686504883237,0.405254674676394,0.4016820377883442,0.3781038814762993,0.35952943281942784,0.3344975706047257,0.32537569591466475,0.3161068011777996,0.3052223149892196,0.2572488030137671,0.20929200509532017,0.18090400082920516,0.2741270492470157,0.6346047526192271,-0.2666655204467756,-0.35070664906799864,-0.5232811825374857,0.10863976803741518,0.3393486798371919,0.4639560053266488,0.5119488522838217,0.5320146477540371,0.5584902763562246,0.5918949193718321,0.6373214340818484,0.6682694233776372,0.7100757751187767,0.7359588057879086,0.7289551660777235,0.6712235966043438,0.6667184687082329,0.637322718766406,0.5448599944171911,0.5433780527196278,0.5083522343144343
0.3130258220685009,0.2450967914252947,0.251086975369369,0.25517868732116844,0.2313975704372166,0.237418704685924,0.23466103745819408,0.2568874634828179,0.2997558426030563,0.3545726990360021,0.3754096391411203,0.3883719211674614,0.41107892788850925,0.42128144766073294,0.43360542196197116,0.43920057350119646,0.4219331388427781,0.3990685018704155,0.3960678620396354,0.3867780766022788,0.3746919675704435,0.37522834694146445,0.38379073139493824,0.3501114849769881,0.35597420872707897,0.3522809016175261,0.37873748411692104,0.4074945880229419,0.45074246700724013,0.47505882785201375,0.6020083235930349,0.6422961192082703,0.6742560875442275,0.6958288669240907,0.6797468800207236,0.6778495082047471,0.6837702171993848,0.6840086442715573,0.6862825680269493,0.6841728881729403,0.6886128757962553,0.6911945794339139,0.6922627054740965,0.68473066954023,0.6934465502672271,0.6465207762924436,0.6432368406077311,0.6388380155787027,0.5679218835497043
0.1842556489753543,0.19857652066803025,0.13439555433987854,0.10489905258744388,0.0669802128990585,0.09601288819240052,0.11065186843687463,0.23135814828388163,0.27872785598228633,0.32366146992965344,0.3857765918375066,0.3836973148420368,0.3818370781949913,0.3833101665296938,0.42143118392241324,0.40264263259334615,0.3941504969126861,0.36143946623620754,0.38309857491787297,0.41695965278702535,0.40016463117166534,0.39246958584299174,0.3842031387630346,0.395805137121399,0.3892483933430321,0.40019197444381305,0.42540012497582785,0.433752584087646,0.4355404477045201,0.4414407103540216,0.4404394434823853,0.4422955103882942,0.45085806664959016,0.4616408181465921,0.47126647302501823,0.5088568554650607,0.5118005584024478,0.517600475596829,0.4964416262827734,0.5043250645039035,0.498560061808067,0.47795480993369954,0.5159611996148186,0.5091235210196029,0.5127764746170159,0.51236004023272,0.498310172216121,0.5146075494169313,0.507748301681358
0.24433851836442422,0.2457455851374186,0.27227003703071606,0.3965086200718519,-0.6366743654818446,-0.7195818487273947,-0.652942362534041,0.7050480977345986,0.5764480614024526,0.4592071967069041,0.4518640138921064,0.4264394277589729,0.4151340082781825,0.40895233986829366,0.3873147264684724,0.38770100616526004,0.39259047657780344,0.3947095998891109,0.3743036380061042,0.37008932514043885,0.3558368780771395,0.33675633186467013,0.33786908963004864,0.3056125416515927,0.30719467627039304,0.3321224521207805,0.3418767339856297,0.3436197894883907,0.34356499604865903,0.35312240103493425,0.3119262088549587,0.3101873904650904,0.30622781481836536,0.29691084780086596,0.28606070060218014,0.2847032755757011,0.2942387877146753,0.3061649189596983,0.3220266057570623,0.30576145016453854,0.3180227052148726,0.32986951539116766,0.3407796366426203,0.3417229155115432,0.34104764225724515,0.34653581147811086,0.3493914345912997,0.34285718660997944,0.3316864250288644
0.3682387883524814,0.3635906882348463,0.36409223049390077,0.3871450749930511,0.4104438254336292,0.4615184425435891,0.48005271077997486,0.4927887455530967,0.4796592512465609,0.46893383658582366,0.4475981262539282,0.4532862361960942,0.44931688758229027,0.44145252664911566,0.39708089840703914,0.3832368466393223,0.38237938907468066,0.39335568281486544,0.3956432861454641,0.3781637587905373,0.3276043815590635,0.2909995927662385,0.29111823769871065,0.2976474565568604,0.2800700714166679,0.26740807782420695,0.3210093655536721,0.32393082056961015,0.27657443914359103,0.2381481107326163,0.24039680054187137,0.21584598135736052,0.22354597780580598,0.23126467341733886,0.211481915726375,0.18647792845170325,0.17083503333413358,0.17095180346027797,0.1711661777344974,0.17329930133099386,0.20245516083815684,0.23559965293194174,0.2479269087442981,0.25284298256078463,0.2595717948217856,0.2658317557501284,0.26850202864611167,0.25392454924888164,0.24720637839991166
0.30053545064346804,0.2640599990218733,0.2690953360756766,0.2650154174431376,0.3138208218509687,0.3630625564269934,0.37546350360708,0.39812686644650924,0.4004035301151427,0.3865455313648877,0.34307467378583995,0.32451934004972094,0.32440334961184597,0.3128131840960795,0.3145509694118664,0.31249148998562104,0.31718960623809306,0.30231543716036463,0.30343127252420543,0.29867824173766405,0.2963174731900924,0.29769786831604045,0.2869292818439524,0.2608331725033268,0.25883555474399916,0.2583317757706025,0.26161581640600023,0.256492525326233,0.2503706384877487,0.24944994298127568,0.21252156839704764,0.2128766995176623,0.21664134980527405,0.20156164600327717,0.20139031895155288,0.1857695756161749,0.1279203353119715,0.11425316687954827,0.20317275932682216,0.2650112821204762,0.41814582776410975,0.6155160123610551,0.8278315958085384,0.7345806298023134,0.4547925553795259,0.5422719636423385,0.37005414826062744,0.3139893355692001,0.43933181672001903
0.29940918358057134,0.5357668084913111,0.7650835444492843,0.8020166659676897,0.5513785647937428,0.41590723150013276,0.2937529902868407,0.2920371897676216,0.3003772482159668,0.3071785054540165,0.2954576865780386,0.2866150909732011,0.2598960052074352,0.23866698020877336,0.248054155776423,0.23502977292535415,0.23302864251883307,0.2216973601271543,0.208664272886102,0.20242234332401365,0.20278409556628355,0.2082844541854735,0.2072605851096198,0.22168595161105054,0.23630741892988485,0.22696818595131196,0.2223894196429541,0.2194593779343086,0.20444051668442056,0.19086174957201438,0.188465507512117,0.18982331032341088,0.19453309959347612,0.19847043500995937,0.19268251481478282,0.18291866726525313,0.1676596746461324,0.13538810515806687,0.11231307235446175,0.23046356053174993,0.21378568897911376,0.3830691502380999,0.3023006558647297,0.18476732404671628,0.8572055563174461,-0.5876247148739838,-0.7646108668344954,-0.8639654399663198,-0.8551944600825172
-0.21861103818434252,-0.4236571907658876,-0.3700290255203066,-0.5639685313429,-0.7522334037010656,0.651632034072827,0.7203444391421251,0.6890311053164118,0.30706561135853166,0.8062908109641057,0.39270748783464277,0.42832746915130687,0.23262077250858135,0.1876299426697099,0.11433455856529051,0.06455756973600328,0.11743453205940152,0.1560292299931507,0.16336176068980987,0.17237624096190873,0.1628934384391205,0.16377605197932119,0.1664213722969607,0.12742431555042716,0.12852213071593865,0.12889685533332498,0.17490119268033003,0.23244260526402596,0.253670526177673,0.2260844965422877,0.21026680102684855,0.20876008918121655,0.20775685535726937,0.17479706852328344,0.13408055509370567,0.11943899125308732,0.11688591362869738,0.10188714230625409,0.07581678525532355,0.17223682568373422,0.3385621133287705,0.44835588524485304,0.8126341612781879,0.7562658157132693,0.15434359553035915,-0.5967611799800921,-0.0786554122593022,-0.3270922924352507,-0.42763523642339313
-0.21687134820490736,-0.2535651447915275,-0.22007568149260864,-0.20840689499157547,-0.31016569331302096,-0.3926550843688213,-0.5774953493805198,-0.1480783225287792,-0.5269780741862633,-0.7177499967766495,-0.8658347630689369,0.6476609927089437,0.7832971513306725,0.5645891922813255,0.13084969318647904,0.26041538500605144,0.27625307573639035,0.4757792428084614,0.648781729782972,0.48896541679317035,0.4735950798009201,0.4714710034962824,0.4056963426112261,0.2374483336163199,0.1895972436609334,0.320755297859024,0.1421343436981393,0.39090827585052884,0.4828106905399071,0.5014164173739851,0.4044353239176837,0.3810714415252513,0.4004241607906208,0.27918928285658384,0.21978887738808076,0.18717745230033592,0.31417504122918805,0.3441113659769747,0.4423342222489007,0.8149700196695954,0.7336127349256307,-0.6978193686317493,-0.6921303335861232,-0.8127033401494173,-0.5827794436717617,-0.880630661710981,-0.7869649477850266,-0.5230677334567266,-0.4239197090687367
-0.37550837632359585,-0.380258778690111,-0.3832711704320271,-0.38161755963219146,-0.34305895078011867,-0.3312131713243118,-0.28607751760196404,-0.2696128498318233,-0.2712692656989589,-0.37509157983877656,-0.4524717045998028,-0.4246335452196644,-0.8306091557276093,0.7042760152538918,0.862903372588103,0.5036578452961779,-0.12219592651126504,-0.7553094663073187,-0.2587372827488145,-0.4400514999487553,-0.3467935267205576,-0.517452805257429,-0.4085876596135507,-0.6569547772150405,-0.5273683833351783,-0.12359387844585269,-0.877126553103886,-0.2094039169717575,0.9054059487034116,0.7598760641567801,-0.7420991624297895,-0.9071204860947643,-0.809658998868175,-0.8113794980970465,-0.5999147351144263,-0.5475251245238566,-0.8972869242421574,-0.5581333627843142,-0.2624584071482683,-0.8834394216243561,-0.8902273934609356,-0.7231769922263588,-0.27816166294149985,-0.6364084154212333,-0.784863517725914,-0.6994341000598903,-0.48194390105029267,-0.3667172379337592,-0.41670168099146004
-0.46956230873460947,-0.4393265258962273,-0.47888628767861896,-0.501915028504861,-0.48705164519693345,-0.4787309621388828,-0.4712038667876511,-0.440747085868007,-0.4274763510924743,-0.3749852899294398,-0.310483738493347,-0.2904082779314881,-0.28286717891029567,-0.34234895784424413,-0.205317699185827,-0.29879444982424586,-0.1919010257312789,-0.18725641920189876,-0.18350765892189297,-0.18400256154491473,-0.17999684557130094,-0.17907316128138553,-0.1759554986468184,-0.15279577900747468,-0.1481485742480285,-0.12621444274812263,-0.2514255221751877,-0.18287691360025551,-0.1044823319889482,-0.19451403260872283,-0.28246509456118973,-0.25734930174352005,-0.1849041880067517,-0.10916006779588965,-0.13426815045825735,-0.15850511914512713,-0.2433485582782382,-0.24759627327676917,-0.20618181580411024,-0.1521775434806014,-0.141037020625617,-0.12587149284473226,-0.1345590497173407,-0.16059601996165665,-0.18258156816713697,-0.23495804739977516,-0.25403838962065317,-0.2536730735052773,-0.257462645783368
-0.5942203174591987,-0.5615717109918441,-0.5658273004453785,-0.5735369500644858,-0.5830225115001956,-0.6059240310019525,-0.6033396097510794,-0.5519348922406087,-0.520443778873981,-0.47238799466031467,-0.43757565432575274,-0.38721347928704286,-0.3361236488408408,-0.29624950558770335,-0.28742455761199426,-0.2865956751562998,-0.28412202705482575,-0.29294959545829824,-0.2872978868675708,-0.2883758676458679,-0.2604727128942077,-0.24434508738316238,-0.22844396074531448,-0.21727124838018771,-0.20280139581593362,-0.18548189193393932,-0.1398792642366867,-0.12633005246291243,-0.13665413735801046,-0.1523251390558821,-0.19649422295345134,-0.24018725961838455,-0.2478365381241289,-0.19321729740594626,-0.17734232035931904,-0.15817353656280922,-0.1436862648051305,-0.16169311509757284,-0.1874206082906928,-0.2038706973887746,-0.21524702836849258,-0.2277155824719914,-0.23744205412640723,-0.24449672364921898,-0.247212705278612,-0.2843530857503772,-0.30535761181174464,-0.3278357475996872,-0.3389751234374139
-0.7289285277368327,-0.6591391467736163,-0.607703847554288,-0.5934044544580989,-0.5927323182321728,-0.5717593146481065,-0.5535681069574221,-0.5255938443413711,-0.49960200195629206,-0.49332609349597983,-0.47647550213679757,-0.4606557349326421,-0.4631943693855357,-0.4410769281588785,-0.38031746861206006,-0.3592533542418546,-0.3484217746140614,-0.3480797934086165,-0.34114654990289744,-0.3345913114009834,-0.30619030192821717,-0.2799875740238042,-0.2608446102832424,-0.2683209538607585,-0.2574170484376784,-0.2563731447715793,-0.2527952571840787,-0.2534003611466884,-0.25637911052842494,-0.25746734178084607,-0.2596604513216559,-0.2605363488378867,-0.2638849869420417,-0.27522788218481575,-0.2929968000457957,-0.31003810188416014,-0.34328387580313996,-0.3535186954872107,-0.35300439421244106,-0.35773456275696414,-0.3713330398490618,-0.38743996995587887,-0.37475835296211035,-0.36041136012675995,-0.35491233875643646,-0.3741346480208371,-0.40211373923062377,-0.431057188110267,-0.4609961407926846
-0.744253145647463,-0.7742118050602164,-0.7385683838802372,-0.6897743944744761,-0.6566511088759509,-0.6362232299382767,-0.6034830409444581,-0.5709520428909487,-0.5689690530628468,-0.5655687586395511,-0.5759920559863445,-0.5540264817040517,-0.5166972848808962,-0.49969646933065953,-0.48385440816408526,-0.4650437448785928,-0.442049618219441,-0.4264543096705765,-0.4197120640130772,-0.4094816911641216,-0.41601112640579224,-0.4059602939842273,-0.3898778032825942,-0.38039503392566965,-0.3799720782441339,-0.3749717079876441,-0.34076785060979514,-0.3352826065120312,-0.34639613309319794,-0.3563336563433592,-0.3874256351727238,-0.39697007369219295,-0.3935762571937961,-0.41074062584072524,-0.4156729983779841,-0.42385440899878934,-0.4454419391184123,-0.4508957315908071,-0.4537386496660253,-0.4594024535128113,-0.4702082054161444,-0.4705080392678771,-0.4730647447477655,-0.4811756242527025,1.724721968945859e+38,0,0,0,0
-0.7163375189316955,-0.6790967509785076,-0.6610278179419973,-0.6468763807809265,-0.5883206704429411,-0.5675654144767907,-0.5977667999124884,-0.6649260555003575,-0.6858039843846044,-0.6727751189474913,-0.6276313226074068,-0.6155770456529657,-0.5957095156469736,-0.5731652372305154,-0.5183898621484517,-0.5189449593002018,-0.5098978854623267,-0.4899197539580401,-0.47990821564552394,-0.48218854115830545,-0.4867994572894831,-0.4830065127827522,-0.49053356838286216,-0.5149061273572925,-0.5296103702471276,-0.5295285907336845,-0.5007752080081003,-0.5047879765513446,-0.5006842260297131,-0.5057893271579074,-0.5319308567327291,-0.5399458463721925,-0.5456870413238005,-0.5388049390848696,-0.5357240348382561,-0.5401030354262313,-0.5734627970534912,-0.5828065905760494,-0.5818992616061839,-0.9705755194052403,0,0,0,0,0,0,0,0,0
