jsons/1312840800.json
{"header": {"parameterUnit": "m", "parameterNumber": 3, "dx": 0.1, "dy": 0.5, "parameterNumberName": "Northward wave", "la1": 40.97354507446295, "la2": 16.46031188964855, "parameterCategory": 2, "lo2": 133.9931640625001, "nx": 191, "ny": 50, "refTime": "2011-08-05 8:00:00", "lo1": 114.97908020019554}, "data":
[rows 22 to 43 of 50, columns 100 to 149 of 191]
0.692125731394095,0.6585713038457868,0.6428240698322747,0.6354311635090651,0.5775995075030441,0.551995604989091,0.5420442274268246,0.5168780943497915,0.5238094760740608,0.5497249100173056,0.5554062215344674,0.5664016052855323,0.5307655808674893,0.5048615555079782,0.4975687508018325,0.4765843514181132,0.47917432673216126,0.4758147106919546,0.4867558393244182,0.4937870132215371,0.48081874394136986,0.4439152622575037,0.4445094770012364,0.4403168718860711,0.4415759766411541,0.4502033192946689,0.44812376409930016,0.4458773257254718,0.44349795200901154,0.4536579634724538,0.4782611545898427,0.49773342441845986,0.49955536065734363,0.5027431101336245,0.522352380119899,0.5303247431876505,0.5804867223373872,0.5794989019875412,0.5854574572657846,0.6003113613323336,0.6379711536447203,0.6472455065686991,0.6650330744686559,0.7008630497305677,0.7227278397717481,0.7274595269836911,0.7305514314348569,0.7387138196261603,0.7547380265150649,0.7404854942126438
0.7082628604620452,0.6914608711715156,0.6603302641662084,0.6488200746108684,0.6177546146376875,0.5826232992055234,0.5602310414538536,0.5539834814151195,0.5216398802062193,0.516585220347118,0.5085493466360758,0.49813179749279235,0.4763416351361273,0.48348675120093826,0.4935725211911812,0.4539999837498204,0.4586105513230317,0.4699482933174575,0.44756495260130436,0.44065181543437465,0.4408052454579887,0.42861345183555416,0.44885880843572606,0.4764486398976508,0.45979107954008097,0.4695871919377294,0.47667379810594646,0.4488526992931821,0.45247355161354075,0.4695630422356099,0.48061777240302617,0.5032979897112269,0.5087229416588365,0.5149780284296066,0.5614258190297047,0.5917176179171907,0.5964553838171588,0.6175560409117671,0.6279747467416673,0.6482075631481511,0.6901866179064262,0.7070409869265426,0.7253230049439144,0.7415166934978956,0.7945370934821038,0.8241425706984736,0.8453190074745082,0.8571113283368942,0.855588107439078,0.8691075382610512
0.7407687753537626,0.7346430124902589,0.7426064298430389,0.7138180330677742,0.6686622602493107,0.64386131041143,0.6230469302984927,0.6144886353559897,0.6008779879092674,0.5847349650098195,0.5649550558197491,0.5416998651226975,0.5283423367589678,0.5228725303600235,0.5330122567979817,0.5251072070751397,0.5152911431966617,0.5082025363680693,0.505423223535498,0.5242198258332719,0.5359142854118059,0.5330587751479824,0.5267347265186617,0.5278471536456418,0.536356917213126,0.5425200230196857,0.5490877443180264,0.5536012446720462,0.5577907532951203,0.5598667929804375,0.5503134243442004,0.5476587820182799,0.56161874404645,0.5807632651801373,0.6351330715784869,0.6839907749414376,0.706790707891274,0.7844424500648773,0.8028504593986274,0.8323748850117711,0.8645125567154247,0.8945574426699671,0.9085174599175361,0.9036023443907726,0.9038474815120205,0.9063674302723541,0.9004777154288317,0.943380481872215,0.9398082474202298,0.943389871424124
0.7565224045184894,0.756347723480045,0.7214833562087634,0.7104563202615971,0.7189520989386556,0.7162868464836069,0.7161569796042511,0.7193654549598202,0.7114373018556387,0.7259122500548039,0.695777658482675,0.6426501626697858,0.6091281326947819,0.5779855928313187,0.5903012164632367,0.6096595607485398,0.6080898658923075,0.6076084271041499,0.5905436926868569,0.5809971949945596,0.5576350933411836,0.5632468734305316,0.5624266023735831,0.5601943365596773,0.5910632541997797,0.6025677818283003,0.6305433113512411,0.6339033511524989,0.6425812704700481,0.6515919833198736,0.6686990900044477,0.6826800170791956,0.6758225503874625,0.667066036842947,0.6440507697538935,0.6631715742301788,0.69602873075856,0.7575968542518721,0.7944171149750828,0.8347424953204466,0.7169293077731831,-0.15757745591663688,0.6517960227289026,0.6399774938374264,0.5534437319802284,0.5379850338623794,-0.6237117522645375,-0.6809203498054403,-0.5684257766302651,-0.0008202950495395831
0.7663709858514324,0.7642681304602902,0.7565446147028068,0.7496056047260438,0.7410339308386853,0.7465610354646945,0.7514067703366102,0.758098944922193,0.7601561103587546,0.7646134473745888,0.772102271735739,0.7699194354961021,0.7248118808389136,0.7145386447928826,0.69659682799056,0.6806053944901012,0.6790043970303797,0.667708964632793,0.6370167160906708,0.6335883634726093,0.6253248026940005,0.6196700815452433,0.5972564456873029,0.5943518922037493,0.5981831360764545,0.6177786391966112,0.636981467519311,0.6529416881711086,0.6500925407096734,0.6938742491355366,0.7247448067532852,0.7368804813671954,0.7261027959948,0.7434550923894596,0.777439219987517,0.8085048530757867,0.8264281480079321,0.7820987855520736,0.579380721182162,0.6359061546031428,-0.12417287550122265,0.5737193486524952,0.6505588445727207,0.6328965309997648,0.5947155471604771,0.6241072468426937,0.5284977595028664,0.5533525032049467,0.4143283625010642,0.40517257977730137
0.7827121454024895,0.784479251734535,0.7710247437120171,0.7640908161335341,0.7637510553344905,0.7619262235163492,0.7575543342199872,0.758907219603905,0.7542100693737208,0.7552798771726275,0.7534906010004627,0.7500563890821199,0.7425692721354256,0.7370246496087703,0.7306378414890309,0.6941175536649207,0.6898394124242406,0.671591197923606,0.6810926758817868,0.6862015836236317,0.6910857879713798,0.7002074959098757,0.6963035853657769,0.6938121754000368,0.7114567676080297,0.7297277439808462,0.7488811896098648,0.7357735168034173,0.7195099000067278,0.713727372199175,0.7033183201596181,0.7081470562267398,0.7109473902588935,0.7048711312016136,0.653571176527803,0.6459377436319632,0.63887786314427,0.6355707167530129,0.627311242912051,0.6155153022280632,0.6306952920201241,0.6320558285270644,0.6309139465050223,0.5625197904399503,0.5648491244709481,0.5506984738925935,0.5765954964377282,0.6417398120365643,0.6760379370205193,0.7060106139060225
0.7395501055084232,0.7418331065592295,0.7449179512618441,0.7343282113055075,0.7309273722286771,0.7167240814393051,0.6920274848143413,0.6958657022505474,0.7265726001914297,0.7159217030437431,0.7153638156894582,0.723242297159463,0.7139902827890916,0.7130523322570634,0.7071516372541227,0.7053927705503509,0.6981232535158044,0.7031504863653459,0.7120361264776329,0.7282501563474727,0.7356154922762499,0.7567607026154186,0.7681369659122222,0.7734513429232935,0.7894583485706365,0.6161085038870898,0.17142588546780096,0.2223196107525659,0.7794211449884646,0.6804136524685025,0.7247157147432158,0.5979567431708062,0.29830335791823753,-0.5645191705161589,0.420323659471294,0.5732391508110323,0.6379381945535264,0.6738496541501898,0.7079301504899201,0.7070765439254176,0.7070882451744048,0.7019283795884637,0.6913978535981902,0.7206788839727356,0.7148027185201575,0.7137158228809571,0.7161735889936809,0.7585268245484532,0.768014183949724,0.7951389402284847
0.7465454172771947,0.7463225640900233,0.7434667003389386,0.7385491037854995,0.7341080843292777,0.7177145269132824,0.7042511960687649,0.6977605362034529,0.7068933912307512,0.7022608977872162,0.7008937354455818,0.6997001342736389,0.6963970901986265,0.696893672751094,0.6891230395348996,0.6898697510322555,0.698034645559161,0.7147414678295256,0.7171778573246833,0.72091573366922,0.7261238332854126,0.7454055366969622,0.7590782378370624,0.7640248885895399,0.7858228096403209,0.6903516048582218,-0.700136004401632,0.5238874147493218,-0.4715819831375527,-0.5438986276855802,-0.40975746210490405,-0.31739690300993617,-0.3215628669078258,-0.3194290582647508,-0.3128463318415171,-0.31651472783437873,-0.26727136046785716,-0.1776511707378553,-0.09861928675940249,-0.043135920102996966,0.19899856986345865,0.4011825243822235,0.44840158100672856,0.5356765341081522,0.6601138120860368,0.6791138849265562,0.7238359698978524,0.7960552172776006,0.8335540147333106,0.8838363404102364
0.7445125102386541,0.7404691688901406,0.7492580612477133,0.7440859891236246,0.7425669749659775,0.7360070152488251,0.721029383955082,0.7036281542674353,0.7066528553705999,0.7036571416833756,0.6824342805796797,0.6814935058387456,0.6810289254867917,0.694570173362446,0.6856882433196126,0.6837788837341243,0.6866183737666495,0.6948173638913725,0.6974403215360799,0.6987879756558785,0.6913789950532394,0.7174904379733295,0.7097981269145212,0.7202833975886272,0.7171869517239211,0.7077422536190724,0.6806778697499828,0.6674102713051565,0.5448468519775692,0.43015768767757806,0.31348807673900175,0.19482438958996356,0.19226842367550862,0.19296545256827793,0.17380601162313944,0.17835329458167926,0.14646271492606158,0.18422934718235892,0.18465691883106455,0.20318824725675289,0.22703166755396062,0.2606342757286196,0.28975681597565767,0.4102497683636512,0.44365697873011073,0.4779150137420249,0.5775123337914425,0.6469156078104487,0.6955310947225717,0.7458260550798331
0.764978608143935,0.7659030459834804,0.767376413396342,0.763642382240135,0.7638410695956422,0.7392083280911936,0.7300576057522408,0.7195728678697672,0.6996038818363532,0.6965160763009727,0.7018296137410664,0.7047484983799089,0.6810866902127962,0.6943309670886251,0.6985425232566068,0.7003096477304034,0.6953502702893075,0.691083684493574,0.6833728825310471,0.6929707616305307,0.7009768646934141,0.699057613602415,0.7000365241290063,0.6954628106081128,0.6765106020175182,0.6788975190063256,0.6792549199265874,0.675111868786268,0.70210537563832,0.7021854953138258,0.6982108099115916,0.697542986775881,0.6828854713900766,0.6553727859973678,0.656946117493278,0.6396166263221508,0.6582922171013639,0.6510529782587666,0.6471747202804589,0.6688539189755608,0.6152655987784063,0.6149772898024098,0.6076195646033173,0.5977525519937704,0.616322522737096,0.6119199465892405,0.6211137920633871,0.656446476146496,0.6699791082687663,0.684886335584528
0.7614898980926466,0.6981225847061815,0.40439622096168776,0.011151015198978055,-0.20452257564173637,-0.005622381748161841,0.5276820153510015,0.6767017748332218,0.6607274400391866,0.6822349602366647,0.6914966165794291,0.6958855743526959,0.7004608892230537,0.7018854106588355,0.7033552609795627,0.7067582001204367,0.7216945688336945,0.7256370875463668,0.7315706098368886,0.7343765137080349,0.7445731656693326,0.7472315876234982,0.7441789287507159,0.7373633351429421,0.7434446228708275,0.746389472441625,0.751106712513176,0.7485059301192954,0.7798306308830449,0.787331034792789,0.7965081821103969,0.8091959742082856,0.8106206288825867,0.8141332555864185,0.8254582457672115,0.8299829790191752,0.8377702844778246,0.8310294713397754,0.8219114281862989,0.8132272413865247,0.815121517690858,0.8151810703025064,0.8156672578249861,0.8112681046873996,0.8108587831676507,0.8165272807185724,0.8218671055994505,0.8146954390940749,0.8130758187799915,0.8176043979252349
0.759476780365491,0.7446402868458675,0.7099675091027798,0.6633333483354129,0.6253790483210812,0.6136529437138691,0.6302353100517575,0.6420988558141768,0.6533293408416586,0.6548330443686967,0.6604817256698841,0.667067587485956,0.6949524847700901,0.7006277078720088,0.6999211585193356,0.6939552547598962,0.7036065718852543,0.715274807011373,0.7405640115789462,0.7552482949865726,0.7573298262895407,0.7510126466434481,0.7562719219251097,0.7672740836621412,0.757016613653803,0.7595163371859627,0.7870549133963661,0.8111213200656313,0.8161109378974143,0.8291471589084324,0.8307152935122633,0.8360703520446562,0.8508210062408529,0.8600299515644588,0.8696261408025203,0.8752009681887898,0.8560113534850284,0.8696715695594116,0.8520410549746344,0.8636826885109412,0.8583867073411146,0.8820439328629864,0.8802877243091706,0.8817940723577651,0.8834519111476867,0.894030755253898,0.8977325657737467,0.8868964118762312,0.888342582113883,0.8866214503239127
0.8369640380772957,0.82614646981227,0.7987887323700081,0.7638933408415021,0.748484808801302,0.7310645368799842,0.7290467481891156,0.741022928182402,0.7616075964993022,0.7620787627437691,0.7689628875529357,0.7765675012493666,0.7731637107125204,0.7695905862810564,0.7707027407921232,0.7775087749604505,0.7763960455009099,0.7760336564230079,0.7781134628561603,0.7782909584409944,0.7819873553529028,0.7888707209148588,0.7955789567669181,0.802826958976302,0.8010570734977508,0.8060286271186388,0.8090897914698055,0.8091053597048029,0.8186094250435606,0.8263152262073094,0.8282067726236746,0.8405594029160188,0.850222622514409,0.8264579983180553,0.8007469804748782,0.5816412268619877,-0.5261420410240005,-0.35803342158729173,-0.778855819255243,-0.7223686282935041,-0.8766682671816914,-0.36445074136807715,0.6139088068425926,0.5814788327565859,0.8705110912289886,0.9231297881611417,0.859052857537629,0.8883002284403844,0.892562943106107,0.8879306125221398
0.3037258090463801,0.10217239204438629,0.33000998559833383,0.6358309248469469,0.8306027077121488,0.8263096554574901,0.8120554666021033,0.8050128568445447,0.8039713097029402,0.8093889207776391,0.8183586228502808,0.8244651379157037,0.8230844552952993,0.8291691030949782,0.8299983982977891,0.8269936025151369,0.830398171292501,0.8320842160777772,0.8371375628969904,0.8373644461373988,0.8383337707332076,0.8386325392537651,0.8358092895131963,0.8399257870100808,0.8435638240818358,0.847196443181254,0.8490646324423642,0.8513842434742025,0.8495453744269112,0.8491396939950707,0.8549197613812227,0.855894727878175,0.8649002104085123,0.8741710999589021,0.8639613292318775,0.7706583809650674,0.659757637337652,-0.7960512543558805,-0.5447863641061543,-0.31374941192872,0.7385456054982988,0.8958430152284597,0.17719511060628787,-0.07916041274537979,-0.1422614558115134,0.09679452073310904,-0.06174326295999221,-0.6792255112898293,0.8405494447428599,0.9534492811623707
0.904946418564299,0.9067019058377956,0.8793379537537829,0.8662113200647233,0.7788035815923688,0.5149013440007811,-0.06931378021312798,-0.8109680396313418,-0.5526952708592779,-0.21618703400512976,0.741735050666559,0.8393640613586142,-0.7021419766468343,0.8852187932379477,-0.7781739359355636,0.6246956262123207,0.7467627185457314,0.8347906015072803,0.8486034799534279,0.8689030622027478,0.8742685462067418,-0.47643131768929486,-0.20294228525946784,0.6318475708853555,0.7690635960796747,0.8601644346132166,0.8768835914952695,0.8864012524424544,0.8883074377391702,0.8908696319207849,0.8939230703590847,0.8993409875224169,0.8893699979255715,0.8984725612904152,0.7131510913047835,0.33111973458970495,-0.721677172081016,-0.10964232273246322,-0.8752266405684459,0.08169630392594328,-0.1452532364166847,-0.7569750872814931,-0.9335842377231472,0.716839269800035,0.9456492536267443,0.8739962935396134,0.832414650894316,0.9094732934582349,0.8792304564540504,0.8302537191124238
0.9336192100495974,0.9515008007031975,0.9852630444825897,0.9809861040136857,0.9655537694813651,0.9592807881235162,0.8798183014936346,0.7965895801701645,0.372065956187319,-0.8955506132109174,-0.9367687725411292,-0.8654804144327318,0.5684737717143128,-0.7867462665857871,-0.26023817658931514,-0.21224432600081844,-0.7996436094268825,0.22625281935859134,-0.12020417066830244,-0.9074417888693109,-0.7628951502518215,0.5848497365468466,0.8019569966830051,0.4641076174732972,0.7139187694092494,-0.22478304591791276,-0.9032819288315629,-0.9205268435598867,0.7386238878178333,0.848698972701087,0.6872475147565504,0.7581546333855473,0.7608913869792725,0.8335983967135192,-0.7922888083595178,-0.8455232792660552,-0.9262896837214405,-0.8980163913687736,-0.8183557845522558,0.2909144344015522,0.8566381904353104,0.6713396409830021,0.6867556956418234,0.9151589458157814,0.9309208458682784,0.92462279644768,0.9421779833604995,0.9514812062624338,0.9479507372985694,0.941002599921222
0.9116973680529743,0.9164158595059659,0.9389682687402572,0.9492081676199594,0.9542255110111721,0.9773289117874647,0.9778507550455452,0.9662603165144932,1.0038421026339932,0.9964644775320448,0.9947146595011082,0.9554985275430047,0.9628497054097959,0.9374809318502855,0.9419149806249781,0.9660048860573285,0.9781643074943766,0.9600161744298294,0.9674646668380472,0.9367033584700428,0.9699803851245377,0.9719312324606919,0.9762188852015076,0.9792685627887704,0.976584467099276,0.9751987779992328,0.9792570768880134,0.9738961426950673,0.83453545772699,0.6878116494172476,0.7193249829673888,-0.05155834044978375,-0.4948056264101311,-0.6474298988090151,0.5102057386675112,0.8871713801836378,0.9572974661260729,0.9276465228651894,0.9361369586324594,0.969573567414488,0.9710433840636555,0.9692958929561911,0.9664077349183038,0.9510309433890065,0.9353567886086529,0.9319262338593133,0.938925341433156,0.9485626302477784,0.9555378251848905,0.9606552815790377
0.9346641060777582,0.9319674066882929,0.9392867839566872,0.9414945574935134,0.9522499389423358,0.9974654857634183,1.004629800086,0.9958713373659006,1.00760083849364,1.00820066351627,0.9934205906410665,1.0032049944821348,1.011447920694792,1.0143676771095458,1.0208642673989272,1.0115759615713384,0.9918535043362607,0.9862585866452085,0.9791973758305029,0.9763697501435071,0.9827418755539621,0.9936086652025877,0.9938855703204308,0.9981974250536934,1.004152480589745,1.0070476171342824,1.0108228337757896,1.0109923393548426,1.0145342965531179,1.019708554131697,1.0290318584242018,1.0317884109737108,1.0093473550217336,0.9986982069650474,0.987389640968156,0.9858095282216218,0.9860628417916785,0.985086697673653,0.9782391439773329,0.972278808753041,0.9693791060004057,0.9660132271273097,0.9613857587799628,0.9489909098947406,0.9447511148340435,0.9454542440657269,0.9453070231615226,0.937512131886188,0.936473842741988,0.9331785393165197
0.9386839179844212,0.9419151652019679,0.9542279237013208,0.9643514600213935,0.97639479525484,0.9905209928375172,1.0039374637316718,1.0095121833807772,1.0184445506886504,1.0410594635841908,1.0316836386090438,1.04313768060688,1.0420765983540305,1.0245316700347964,1.0182600437405547,1.0143074591773178,1.0027270458381894,0.9930389633878067,0.9997959501643813,1.0083497145761262,1.0170611728755041,1.022497060122941,1.0236748467914738,1.0345292974584606,1.0462386000959505,1.0531225043144394,1.0521745109357517,1.0471410679296074,1.038613297279188,1.039455561935256,1.038573761202442,1.039573915681307,1.0305493126661476,1.0329037531497376,1.0353207490436158,1.0249423113946652,1.0143159245795106,1.0066634921653224,0.9986607798226035,0.9886770766895259,0.9779578032889797,0.9699795075458338,0.9623484088344122,0.9477879546954644,0.9381100190284233,0.9219325542719264,0.9170406392718267,0.9133351862320869,0.9045431446938468,0.8906389375645662
0.9760739441915164,1.0071489782970087,0.9870268498279116,1.0009262671293035,1.0186044238688385,1.0437281215625742,1.0665204236484238,1.081791897286536,1.067052262517021,1.0622173837936826,1.0648684069164205,1.057059672834709,1.0607020007856856,1.0482459822823096,1.0474868083899844,1.0460941798534127,1.0344341522477527,1.0382054846516162,1.0501377351342625,1.0487692898958214,1.0399988815436254,1.0405111259819613,1.0476244188545774,1.0492595039442842,1.0517483182364056,1.0514449688613414,1.043436518558621,1.0398782174352985,1.0383381383108712,1.0360933874121927,1.0296935443896102,1.020434146988888,1.0164431912910055,1.0127897282188618,1.0027167529389047,0.9962687847362737,0.9944237306968182,0.9811355837748613,0.9700588784959505,0.9536375012191548,0.9522803198432784,0.9514504991891238,0.9367010301201539,0.9247282882147159,0.9079098538910262,0.8722766346721058,0.8451206446498017,0.8475866615305789,0,0
0.8838748353783789,0.9362401031677325,0.9725097837416607,0.9902467890855816,1.0305679399721517,1.0640748556719561,1.057295315467083,1.035947327288146,1.0114841107765138,1.0415616754755268,1.0424389414141966,1.047172620424644,1.0598957783919503,1.0649408377579326,1.0751044906651401,1.0833894258506047,1.0787546491992879,1.0825908066461989,1.0936238060467751,1.1025154456508257,1.0804944474845792,1.0730648510146523,1.0697216029130574,1.0712639220944256,1.0875024338671997,1.0962593966154903,1.0869642500673256,1.0653410672620007,1.0416250328761962,1.0314885078437783,1.0295296200398847,1.0200048627979414,1.009997415811328,1.001862185100783,0.9886407631595362,0.9786170329816737,0.9760966028850522,0.969588211568784,0.9572178462756628,0.9406196905357975,0.9289055408379284,0.9126851750829605,-2.9253716181907166e+38,0,0,0,0,0,0,0
0.9717605964173893,0.9867465904151524,1.0265494681492127,1.045114695886911,1.0367932391049945,1.022416512840858,1.0258437333047412,1.0296117593556766,1.0374219206919792,1.0376183533596293,1.040489558701581,1.0437441767458908,1.0654878682542706,1.0585032735594935,1.0602769080042598,1.0706375306129858,1.0659363987115495,1.0626645983075202,1.0578545175209284,1.0555039491394784,1.049515192062909,1.0352200759014458,1.026284144327471,1.0201366430298013,1.0288683286428275,1.0214778292136977,1.0184908239720767,1.0093461131423351,0.9846439806322671,0.9626702716724179,0.9554445969674445,0.955874340771593,0.9488874073181917,0.9425106919337553,0.9143233626072486,0.8949944682652634,0.8931455499185806,0.26215377087501507,0,0,0,0,0,0,0,0,0,0,0,0
