jsons/1312848000.json
{"header": {"parameterUnit": "m", "parameterNumber": 2, "dx": 0.1, "dy": 0.5, "parameterNumberName": "Eastward wave", "la1": 40.97354507446295, "la2": 16.46031188964855, "parameterCategory": 2, "lo2": 133.9931640625001, "nx": 191, "ny": 50, "refTime": "2011-08-05 8:00:00", "lo1": 114.97908020019554}, "data":
[rows 0 to 21 of 50, columns 49 to 97 of 191]
0,0,0,0,0,0,0,0,0,0,0,0,0,0,0,0,0,0,0,0,0,0,0,0,0,0,0,0,0,0,0,0,0,0,0,0,0,0,0,0,0,0,0,0,0,0,0,0,0
0,0,0,0,0,0,0,0,-0.11742838017323166,-0.19326311433940027,-0.21951263950120062,-0.21407864498673126,-0.20639287645698967,-0.21184425171399127,-0.20948257576765975,-0.20359695815420106,-0.19834770690429224,-0.19113143200679591,-0.1865681791850039,-0.19139127288118382,-0.1962430559445283,-0.19534119618558363,-0.20767346417433516,-0.1307435203264255,0,0,0,0,0,0,0,0,0,0,0,0,0,0,0,0,0,0,0,0,0,0,0,0,0
-0.218250938384171,-0.1292158059746628,-0.2346311205021053,-0.23350543706849122,-0.25456897118575483,-0.2806128042381347,-0.30220504422409283,-0.33432498168595054,-0.3353806972607893,-0.33921187277605286,-0.3388135955869268,-0.33716178396443175,-0.33519939275412225,-0.3319601858747628,-0.3212988669304124,-0.3075348693541904,-0.3014365289361457,-0.29104485036469613,-0.2750489338087795,-0.2639902441730397,0,0,0,0,0,0,0,0,0,0,0,0,0,0,0,0,0,0,0,0,0,0,0,0,0,0,0,0,0
-0.3749073604640927,-0.3991101702361684,-0.4247647820965661,-0.4360258737012822,-0.4299334354468737,-0.42582608220046975,-0.4266178363803406,-0.408316614640961,-0.401083317686516,-0.39330953471973806,-0.3784963669878012,-0.3702543176200596,-0.3651046150169705,-0.3543541537386349,-0.32731979836981656,0.29510750749474735,0.044491871133649094,0.23151203506419807,0,0,0,0,0,0,0,0,-1.2823574922083683e+38,0.16859726939848543,0.11686305853529141,0.049032291985725264,0.08042694897918694,0.05835365318576611,0.042671342366100415,0.027764061015609885,0.03166042397603281,0.024871626961808287,0.06061176556235195,0.21121615114878536,0.3323991561017803,0.45765293283551095,0.6592720581469748,0.7339562293404254,0.70862977496742,0.7198939130063472,0.7529636759501778,0.7350276087603512,0.722641296584986,0.7161493940344136,0.6622636028803545
-0.4493392927233546,-0.4616133184536122,-0.48132570307113204,-0.47837000064945706,-0.4835164782044977,-0.5376251521758433,-0.5569768520155166,-0.6069108588782679,-0.6061143937478128,-0.7746421299452108,-0.6406765018434623,-0.43544067236763634,-0.4327652499594132,-0.4733414998914809,-0.40720371994567195,-0.461905575444298,-0.49863063633754234,-0.3651310066427713,0.0656421061226694,0.2066448735998615,-0.8397122588508371,-0.11673680420269449,-0.21328684096801795,-0.2922468161625037,-0.4124494899075879,-0.4839403431871412,-0.5357243247497177,-0.5658092289882379,-0.5844014210552632,-0.5876880146719118,-0.628753416502774,-0.6718202221360196,-0.6792656229574137,-0.6950805134250504,-0.674593194916594,-0.6096558405569643,-0.5642913822510093,-0.26811560638372767,-0.13205409154125675,0.10602695000941446,0.547512565590811,0.7961479094436269,0.8537016130074955,0.9333322345759978,0.9859440683055465,0.9724332286952717,0.9692584695026085,0.9226371885564093,0.8218887431000312
-0.5749919278660155,-0.6042622898450882,-0.6050940588136826,-0.6054320752424294,-0.6379375169951279,-0.6394179317897388,-0.6490748954534955,-0.6719379204698873,-0.6902738667556252,-0.6778094930213517,-0.6949287596545111,-0.7112633392860144,-0.7003682758081335,-0.7087040613762428,-0.7188724014151987,-0.7047579783896246,-0.7306228693217689,-0.7704820245792712,-0.8026120535343917,-0.8217976555910992,-0.8544464741546743,-0.938409319462083,-0.9563678603359858,-1.0023729127668843,-1.0124271393600919,-1.0400921471328781,-1.047311933289087,-1.0611549239151148,-1.0831744716835972,-1.0871606376042775,-1.102536478740015,-1.0892117896140756,-1.0838997150951508,-1.0691101129135994,-1.0585134267848377,-1.0217570907058868,-0.9809348246487383,-0.779406749555155,-0.5743009378064805,-0.33700928579106043,0.648653219297661,0.9281229787474831,0.9950366491510487,1.0683675152974081,1.0871262933721968,1.0648181724544337,1.0421776296803402,1.00951014340635,0.8862237347980151
-0.6662435036445693,-0.7006295581960355,-0.7224614950315621,-0.7443508990753798,-0.79029516317976,-0.8040494813083707,-0.8141848969979188,-0.8415899816320386,-0.8410637390691936,-0.8490032884431797,-0.8812737192198761,-0.9119262845760067,-0.9208824919377204,-0.9620392627961513,-0.9790395655522909,-1.0224701722058986,-1.0432396581949854,-1.0766821247276455,-1.098141040181962,-1.1176996549394163,-1.143786454213904,-1.157769854986862,-1.168177124501215,-1.1806275650176214,-1.1873810499257456,-1.2052417716614303,-1.208970391113886,-1.2232292803131308,-1.2500410256252694,-1.2318369633919273,-1.22782486360577,-1.2328855191294075,-1.2007679897099643,-1.1997259009909143,-1.1929136371859719,-1.1823318348936465,-1.1568768896079564,-1.1303415158640568,-1.0491786667244132,-0.6240788335588157,1.0908100753474337,1.0496726745875704,1.0494741488788835,1.0444928746893252,1.0365144803133217,1.0554296287716984,1.0427085540334688,1.0240177319310115,0.9764161886046613
-0.5177636357707924,-0.4846477030621392,3.2852001184367108e+38,0,0,0,0,0,0,0,0,0,0,0,0,0,0,-0.8709106881736168,-0.9086332185628704,-0.9010962417904977,3.402491428548572e+38,0,0,0,-0.95194931644038,-1.0239817884423068,-1.0301713056787711,-1.0864569821099337,-1.134612002716938,-1.185963214083443,-1.2055731146461155,-1.2051611010362722,-1.1813342365370134,-1.1671106175895891,-1.12387658623206,-1.076602773568692,-1.025021240643262,-1.01928511690518,-1.0810953198028084,-0.9842747154159829,0.9627614040985419,0.8362256121530157,0.8247881981111772,0.8950420920416171,0.9982785283529775,1.0049401476842226,1.0156607049086122,1.0293821561007646,1.0336202214548271
0,0,0,0,0,0,0,0,0,0,0,0,0,0,0,0,0,0,0,0,0,0,2.992091208218865e+38,-3.2745568064278813e+38,0,0,0,-0.6966034568814656,-0.9336551972426058,-1.0456349652282089,-1.0909009424716454,-1.0922976498924275,-1.088081507830672,-1.0574869182027071,-0.9797360308318145,-0.9205100316642806,-0.8170603099727628,-0.6223823016958265,-0.9185037191425997,-1.0478727429927945,0.6698232154459005,0.8335408111680636,0.6714792350122714,0.6665858012112309,0.7781377654097352,0.8111712830519304,0.8449118013303957,0.8552471972566078,0.8639593352393931
0,0,0,0,0,0,0,0,0,-0.2381488917684823,0.18651230765121704,0.3267597034760342,-0.4165952970864681,-0.5071336408267088,-0.49602937563957034,-0.522875233429898,-0.5168160878052279,-0.5379422333668502,-0.5968027515815005,-0.6434056951515416,-0.6909173814956221,-0.7196729285817595,-0.7479030979154765,-0.8154826531521931,-0.8426601778611638,-0.8828227997862708,-0.9354991724060917,-0.9527845466806054,-0.9692949865378823,-0.9976174935303344,-1.0108047622116623,-0.9752592116360229,-0.951302441749969,-0.9146266830107336,-0.7869851515396007,-0.6985586321844267,-0.6247186273441308,-0.7529126256699825,-0.7832509850679138,-0.9872863457460846,0.6144953976705079,0.601226827068854,0.5673067178361382,0.6704337082409547,0.7202856633172188,0.7412468331207057,0.7634753162945206,0.7849447028561595,0.7625974132689807
0,0,0,0.1365473088292527,0.08564665719149354,-0.07164586448957606,-0.15403053303852188,-0.23629644304870348,-0.3967293844957364,-0.5666242123274624,-0.6259316299247052,-0.6784581285646817,-0.7041571569991795,-0.7350627560097742,-0.7478161588487199,-0.7664779240046652,-0.770307732290077,-0.7942610342471589,-0.8091614634175535,-0.8217472836500028,-0.8505708950207377,-0.8729141776602428,-0.8870101441410568,-0.910861425231553,-0.9256564344954821,-0.908728045760966,-0.9183947572969287,-0.9129898979262304,-0.8843973755043357,-0.8798264943607613,-0.8669944800801046,-0.8141879205507202,-0.7417667640378427,-0.7083850519846628,-0.59124605635648,-0.49532351255240853,-0.4120264241251716,-1.0128257393118818,0.06251694978774304,0.8295961793519501,0.37079915794217233,0.3486662202809105,0.42779339030756064,0.5188500207882455,0.6013704052190044,0.6488004917857707,0.6636567017256753,0.6743439155633896,0.6908099068111585
-0.309944981526997,-0.3553055471730682,-0.4571957366966482,-0.5185189020884975,-0.5557766011810289,-0.6305149087800546,-0.6430358691989428,-0.6825126069394899,-0.7134249817432295,-0.7602798028690578,-0.8045346586627989,-0.8389926582092117,-0.864954504036608,-0.8714167949732488,-0.8797451940035941,-0.8785720647998125,-0.8819115698386377,-0.8862515467314509,-0.8897457681921752,-0.9049149821927827,-0.9214301322749493,-0.9121277268220488,-0.9070967457747507,-0.9065257832899387,-0.9010615492005554,-0.8687037813048066,-0.8471821438533484,-0.8181743201608835,-0.7362119496598764,-0.7302172703766096,-0.729143488788839,-0.6561050984575539,-0.6147119684332424,-0.5774109750247499,-0.4881404654153795,-0.39718788949662637,-0.35366505063876963,-0.5438883729032825,-0.23955753908657734,-0.6715208743993462,0.55021176925391,0.3252155808445583,0.33314575816788045,0.396971036361082,0.5031092731504628,0.5227935533337045,0.5395604425078467,0.5597811361980686,0.575817102491244
-0.5589060508921802,-0.587222329648822,-0.6378591376465179,-0.6545237492385789,-0.6938785172327001,-0.7274402632299722,-0.7519955835926241,-0.7786201175439258,-0.8011336020847543,-0.8280401610660093,-0.8510825499228153,-0.8695873982942283,-0.885636173480884,-0.901131339510532,-0.9084796276742388,-0.9096166031844091,-0.926063201303318,-0.9418907940060773,-0.9502406087584762,-0.9400228370080476,-0.9445482636012962,-0.9279909764244175,-0.915749926948506,-0.9025616121062318,-0.8846635342893964,-0.8562542900766671,-0.8205058226739247,-0.8089365128371051,-0.7409335074031163,-0.70091152938986,-0.6687772414768695,-0.5687218418537835,-0.5483015748064411,-0.515539673039113,-0.4256390342109046,-0.3578152393708885,-0.33436018792675803,-0.2986048163336222,-0.37195279918795343,-1.0165723807126386,0.8863719203648576,0.6067771990053747,0.4127003617241636,0.3009953552786517,0.3746839353510494,0.442500525780433,0.46986793049378667,0.5046563000679792,0.512413236527544
-0.3949853840616269,-0.4532505577758395,-0.4888330559195701,-0.5475991190539918,-0.610490471641541,-0.6507444666199734,-0.68214081536576,-0.7082182493967712,-0.7202192538816081,-0.7375434801627825,-0.7681543026159129,-0.7814687323078287,-0.7977813542801613,-0.8268126219881331,-0.8365514519428843,-0.8496723526837094,-0.868879199507175,-0.9180443869247843,-0.936437767155429,-0.9522399976691438,-0.9678685349873223,-0.9541445791999511,-0.9395550090501216,-0.9232345135803822,-0.9032260718470546,-0.8286513636205295,-0.785260816194853,-0.746200632464253,-0.6958843934648691,-0.6752213938809982,-0.6582897524144539,-0.5913490477714028,-0.5556799005364511,-0.5250042794167094,-0.4395899506804391,-0.41260905530894365,-0.3582701134085698,-0.26778706243641875,-0.2289154839286869,-0.18113808653254765,-0.28734313379252274,0.8838568221408031,0.5031505686786025,0.487220734531032,0.2903741102057722,0.3294506113703381,0.3760561880208261,0.46067765201171046,0.5068145202016212
0,0,0,0,0,0,-0.43119860108128855,-0.5521898785307638,-0.6026127542864741,-0.6474035696401202,-0.675878167764769,-0.6880796325955669,-0.7017700880641792,-0.7440864962990295,-0.7699512895480176,-0.802620348649558,-0.8187597277906042,-0.8453806219259681,-0.8705129140720067,-0.8829789433403028,-0.9019608699683305,-0.8837203519204146,-0.8628943589277317,-0.8478844715430786,-0.8293099039475101,-0.7853182059712049,-0.7729781404759585,-0.748014955548365,-0.7135297359442476,-0.692126719710144,-0.6729744969857535,-0.6227959721147216,-0.6045771417996167,-0.585900299156717,-0.5046235147062781,-0.472062920035158,-0.44113148462742496,-0.3524413356237242,-0.3153450899728171,-0.29407340418897293,-0.8439168642143671,0.715752230089726,0.8746470890193262,0.28197777455018,0.34576906289682213,0.3478690821587442,0.3947140783373627,0.5024357381784424,0.5318259155557439
0,0,0,0,0,0,0,0,-0.372248300237557,-0.48727202037752,-0.5700505828093066,-0.5855401763108334,-0.5798963238167542,-0.6132732264652869,-0.6298414216974428,-0.6762017203140864,-0.7157954714434109,-0.7701015221388009,-0.7960906847197085,-0.8139248848969921,-0.8497643106664194,-0.8644812694102573,-0.8762929342216694,-0.887056029882934,-0.8800099381011622,-0.851905959013605,-0.8188650226864287,-0.8034354556175238,-0.7650355814642488,-0.7559219009570065,-0.7294738092755833,-0.670728394436327,-0.6536658304784975,-0.6271076469514968,-0.5562836784319478,-0.5139671983098294,-0.4894471534288394,-0.40050984265532197,-0.37211701108619394,-0.34007185954664887,-0.23379815722049,-0.16325690120371283,-0.06570374129089838,-0.6021629865718676,0.9892424067515991,0.6041107743141841,0.3309955477590529,0.3777458611660947,0.452133825994444
0,0,0,0,0,0,0,0,0,0,0,0,-0.19124830048831895,-0.15491167370075232,-0.21330025090702004,-0.327671860510168,-0.4087472737483949,-0.5359003166593271,-0.6137457770594927,-0.6611302789268283,-0.7187314272298468,-0.7477222009700688,-0.7556389745180334,-0.7767369860668436,-0.7879687232980668,-0.7927502432297979,-0.8064340669011311,-0.7965746790342114,-0.7860296376385763,-0.780318488125418,-0.7626894307692463,-0.7215847737565579,-0.6842303724747721,-0.6755756701789849,-0.6393286256708464,-0.6191436995205297,-0.5735395088376349,-0.4962507369665491,-0.44695011331860496,-0.4168057164917859,-0.31649328857675013,-0.22650570577854084,-0.1958336096841695,-0.20437865461133625,-0.7095846118063627,-0.17297548567929405,0.4569565034095107,0.4142271293429363,0.14565008157430348
0,0,0,0,0,0,0,0,0,0,0,0,0,0,-0.20459907139099318,-0.19272241103931184,-0.31588826391908786,-0.40747780960457997,-0.4864668541879621,-0.5378738530074733,-0.5754086550348773,-0.6107505048803071,-0.6336429269213489,-0.665770607264223,-0.689963515192706,-0.7204056286884134,-0.7581815565402055,-0.7716978861160156,-0.7834005724524686,-0.7926383133671371,-0.7847030040266905,-0.7549978125766338,-0.7365356753522289,-0.7204900036124823,-0.6948419311104452,-0.6731857730755618,-0.6471590931760022,-0.6016820118740622,-0.5702116909491782,-0.5103298077874581,-0.4740167502680075,-0.4173531346688264,-0.32892475276494376,-0.28549712870065064,-0.11517414774265157,-0.5270682615970841,-0.6503861842724648,0.5280775009713726,0.2865449794366493
0,0,0,0,0,-0.0036209033187726007,0,0,0,-0.008716638146525145,0,0,0,0,0,0,0,0,0,0,-0.22896616839040515,-0.3997452670694801,-0.44319491151333884,-0.4988358246222065,-0.5257563340499942,-0.563341618000121,-0.5987211984286854,-0.6284182824480911,-0.6939558908289966,-0.737388925147159,-0.7501191928462609,-0.7561476858443101,-0.766274934074635,-0.7684182695443441,-0.7635014955612146,-0.7565107062672105,-0.7635244514426521,-0.6881473779597789,-0.6634797771658493,-0.6403208027893966,-0.5696627914946802,-0.5280283562071342,-0.48598935170533336,-0.43787753984218053,-0.19878279155499798,-0.5029023999074013,-0.8675229973425939,0.5666463852065297,0.2716692564148963
0,0,0,0,0,0,0,0,0,0,0,0,0,0,0,0,-1.6238216178318026e+38,-0.018479989591236947,0.030001194272606918,0.047355976205648694,0.048377749068924926,-0.020772917409892466,-0.08432495429603866,-0.19162710236985428,-0.2581136123243974,-0.35299326432135714,-0.44429570180179223,-0.5003831516176751,-0.5965447231338645,-0.6562677628452054,-0.6945983013932473,-0.7477557546846914,-0.7576428076569495,-0.7534819411325745,-0.7286935718354286,-0.7249057831372498,-0.6989650125033611,-0.6320715256878982,-0.5998040888580215,-0.57826363639981,-0.5275402304531916,-0.516977063726301,-0.48403624307131876,-0.40787491274344434,-0.37229983569692693,-0.7598045117568271,0.8539798868591405,0.283225707514791,0.4977699018466075
0,0,0,0,0,0,0,0,0,0,0,0,0,0,0,0,0,0,0,0,0,0.05836936956409818,0.037997284563637844,-0.02920021968844362,-0.13480274348175286,-0.2793094022961915,-0.37153709784621347,-0.4213038022019819,-0.5259742768491072,-0.5561395207102667,-0.6068888729708308,-0.6939141507255059,-0.7319693118033356,-0.7545074806933917,-0.7468368262087938,-0.731381918007366,-0.7162559883146666,-0.7058562247728725,-0.6533168233765826,-0.6325901304026077,-0.5069654482830699,-0.49064920807799994,-0.4494180172845663,-0.3697083957579748,-0.3439740003972189,-0.6425011459311035,-0.2634287505970536,0.3424725956410541,0.3905877167378108
0,0,0,0,0,0,0,0,0,0,0,-0.018788020659662136,-0.02387393023092163,-0.02836742472471442,-0.028224650316959424,-0.03050232331137413,-0.031086230396891824,-0.03320119589707699,-0.028050009522973814,-0.036805965271254036,-0.043054793985121895,-0.17476832721957627,-0.24422069929403092,-0.3349762258839371,-0.15162071363925803,-0.2150719759497245,-0.3086439888609752,-0.37823898307477166,-0.40931857847220565,-0.4838042442038189,-0.6262810525662609,-0.7447984036233887,-0.7609223995530932,-0.7388882339177419,-0.714756001302904,-0.7000429485961911,-0.6858050740695263,-0.6183468192866675,-0.5403674461232728,-0.5406886821315783,-0.5958435750811298,-0.5815708924474113,-0.5649585864227002,-0.5720290274320504,-0.4490878181898376,-0.5234859050815485,-0.6487584291269612,0.7526831418136065,0.6841312736707845
