jsons/1312826400.json
{"header": {"parameterUnit": "m", "parameterNumber": 2, "dx": 0.1, "dy": 0.5, "parameterNumberName": "Eastward wave", "la1": 40.97354507446295, "la2": 16.46031188964855, "parameterCategory": 2, "lo2": 133.9931640625001, "nx": 191, "ny": 50, "refTime": "2011-08-05 8:00:00", "lo1": 114.97908020019554}, "data":
[rows 0 to 21 of 50, columns 98 to 146 of 191]
0,0,0,0,0,0,0,0,0,0,0,0,0,0,0,0,0,0,0,0,0,0,0,0,0,0,0,0,0,0,0,0,0,0,0,0,0,0,0,0,0,0,0,0,0,0,0,0,0
0,0,0,0,0,0,0,0,0,0,0,0,0,0,0,0,0,0,0,0,0,0,0,0,0,0,0,0,0,0,0,0,0,0,0,0,0,0,0,0,0,0,0,0,0,0,0,0,0
0,0,0,0,0,0,0,0,0,0,0,0,0,0,0,0,0,0,0,0,0,0,0,0,0,0,0,0,0,0,0,0,0,0,0,0,0,0,0,0,0,0,0,0,0,0,0,0,0
1.0910191614181948,1.0856182643845382,1.0606584421488952,1.0450426523646068,0.9405538171223367,0.7904380593995505,0.5861382343552175,0,0,0,0,0,0,0,0,0,0,0,0,0,0,0,0,0,0,0,0,0,0,0,0,0,0,0,0,0,0,0,0,0,0,0,0,0,0,0,0,0,0
1.3010259674391975,1.155654087212079,1.1095894099079466,1.028456102997973,0.7443107621080742,0,0,0,0,0,0,0,0,0,0,0,0,0,0,0,0,0,0,0,0,0,0,0,0,0,0,0,0,0,0,0,0,0,0,0,0,0,0,0,0,0,0,0,0
1.3884508854128446,1.2879680352694727,0,0,0,0,0,0,0,0,0,0,0,0,0,0,0,0,0,0,0,0,0,0,0,0,0,0,0,0,0,0,0,0,0,0,0,0,0,0,0,0,0,0,0,0,0,0,0
1.871005922031984,1.7705223018718308,1.7350542640306188,1.6184636677996154,1.5833576738333779,0,0,0,0,0,0.9009828912463262,0,0,0,0,0,0,0,0,0,0,0,0,0,0,0,0,0,0,0,0,0,0,0,0,0,0,0,0,0,0,0,0,0,0,0,0,0,0
1.5832826062614473,1.5689767344680905,1.5634677608057923,1.537615226725766,1.4911732235235786,1.4943851482882322,1.463940505452802,1.4520367138986756,1.448039099666251,1.3648595679422693,1.2903605736497485,1.2641676697648592,1.1816128402735135,1.1644291113031922,1.1155737846514329,1.169976373055002,1.1491124366982217,1.1459618428121179,1.1375816001700347,0,0,0,0,0,0,0,0,0,0,0,0,0,0,0,0,0,0,0,0,0,0,0,0,0,0,0,0,0,0
1.2675883246749942,1.3318969006599155,1.3447709574056002,1.3494893784732291,1.3211759735671456,1.3090520079803991,1.287473502500053,1.2414848300850145,1.1976679878029741,1.1743772710409999,1.1558740530085048,1.1411588128075703,1.0767391900310876,1.1359120275148191,1.004484014290913,1.3685099827622966,1.3694750153757562,-0.9658833302570868,-0.6977947333816344,-0.6564061685483574,0.7130270817180382,0,0,0,0,0,0,0,0,0,0,0,0,0,0,0,0,0,0,0,0,0,0,0,0,0,0,0,0
1.0818267227054454,1.093779563044566,1.1279553335771935,1.142739130700841,1.1426260158047288,1.134300445778183,1.10742360662681,1.0860953688426593,1.0752209721877712,1.0752607713007796,1.0533274275195874,1.0209605664650425,0.9364033866589972,0.8794435150766877,0.8621079932917494,0.8194023562346788,0.7701784947335217,0.7395313601766261,0,0,0,0,0,0,0,0,0,0,0,0,0,0,0,0,0,0,0,0,0,0,0,0,0,0,0,0,0,0,0
1.0183230167750459,1.0289342103948194,1.0176052360599728,1.0146502774589643,1.016824493647578,1.0086346231756766,1.0012083585920515,0.9567436630378299,0.9368823631043804,0.9187829449758297,0.8867797190376396,0.8651481105040902,0.8247039830557751,0.7930893352579745,0.7256490101375531,0.6664546395485188,0.6259614563130272,0.6644972991314602,0.446271005626925,0.5464409150308744,0,0,0,0,0,0,0,0,0,0,0,0,0,0,0,0,0,0,0,0,0,0,0,0,0,0,0,0,0
0.8517727350001195,0.8905493543875816,0.9046156619429389,0.8930754928237595,0.9007413754151005,0.9039440027548085,0.9062080642030094,0.9152350994044847,0.8861945163000882,0.8216711091448505,0.7950556838172468,0.7664000463364264,0.7251825517100566,0.6964908329520964,0.6960156136032869,0.6021486789775693,0.6160236616880252,-0.9853416202184044,0,0,0,0,0,0,0,0,0,0,0,0,0,0,0,0,0,0,0,0,0,0,0,0,0,0,0,0,0,0,0
0.7119988003358171,0.7397212521003844,0.7584155154867285,0.7816976297568369,0.8444437565921196,0.8345177284113333,0.8169860379744871,0.8322737417772023,0.823782717228268,0.7952060898112083,0.7792865565944266,0.789515350431235,0.7666484751106439,0.7349067649184484,0.6165014272937789,0.5488118146681562,0.5752796254069109,0.6115978151340548,0,0,0,0,0,0,0,0,0,0,0,0,0,0,0,0,0,0,0,0,0,0,0,0,0,0,0,0,0,0,0
0.6404204251542407,0.7091389089504953,0.7572983185146075,0.76709958839476,0.780260467696428,0.7790647189344311,0.7847104126960368,0.8055078911598805,0.8297175609760769,0.8392136989766703,0.8398038869468224,0.8659573871599565,0.8480581048058231,0.8511175625884173,0.8259588187904997,0.8024646687553185,0.8604935982684105,0.9145037291339919,0.9777015668914484,1.0054576018936043,0.9137528421686288,0.9534793627931989,0.9774087437145339,0.9955444527066997,0.9794699133851164,1.007329400872657,1.015469472443049,0.9745777266983857,1.0022326641891615,1.028388550315402,1.0109507144118723,1.0271307509172232,1.0333396951476919,1.0550121217656963,1.0605998314294103,1.0688511142138317,1.0385869087581778,1.0317343961727583,1.024556283458888,0.9903550006874209,0,0,0,0,0,0,0,0,0
0.6391806655830481,0.6707117652243497,0.6805684547169147,0.7198484985729876,0.7194864035880703,0.7351388434496106,0.7579808734736891,0.7737948851069482,0.7744436699911853,0.7526250826576186,0.747516585735698,0.735715893628996,0.7380941756898171,0.753099672763897,0.6810173163341812,0.6838605192546264,0.6936286629250868,0.7089544142210794,0.7350728745264647,0.7442239703781003,0.8567418396760351,0.8943487966972008,0.9159317470388758,0.962584292139186,0.9955765640831847,0.9965360228128786,1.020418388935962,1.0350643422350922,1.0414713588919233,1.0443227721757529,1.056245740337099,1.0505345874051886,1.0398956035055522,1.0385728427332848,1.0402713654860598,1.0390474353388406,1.03115210228742,1.029209612949534,1.0197956962497279,1.006710897122846,1.001856092108681,0.9949704819133556,0.9662638801809535,0.963795379731441,0.9409815927783332,0.8712016733108647,0.8423571291287304,0.8458137623150339,0
0.4856338721313101,0.5401217428515351,0.5624866893320376,0.5971869198255757,0.6880142154042829,0.7051603911055845,0.704337152662367,0.6888786006927788,0.6867088247768867,0.6842774133870207,0.652430722572434,0.6433488728477303,0.5916972705232503,0.9573292754465409,-0.8794795648118986,-1.0671370348260458,-0.9469883273092302,-0.8388495376614317,-0.8613052503626177,-0.41821515688015076,0.54260891383469,0.5899227574590911,0.8772495104707796,1.0056196509679594,1.031990574536985,1.0504048850826686,1.0338565993831954,1.0334191517207363,1.0333185550169548,1.0245210579693333,1.0265696968066913,1.0123842870904873,0.9958944538141108,0.9945904095620947,1.006488199919456,0.9987155899920808,0.9865271863942688,0.9940031890916209,0.9970734423999659,0.988516086575208,0.98719348405829,0.993052824503753,0.9564683314632265,0.9450994620485946,0.9043985482895052,0.8486708587184951,0.7968055086835444,0.7405058855464178,0.7101108011120382
0.27422103249780283,0.2699585993386476,0.27447600993816956,0.3736562399532406,0.4906919637319931,0.49839132917571544,0.47729451586563504,0.5606105472098929,0.5852329457442746,0.6188747370692118,0.7022184554053084,0.7134931457195949,0.7436049119660565,0.739165420902465,0.7816671437724363,0.7962054116403681,0.8662006933787131,0.9250448887250771,0.9483680125898126,0.9455278109640834,1.0000324962449523,0.998466240021115,1.0065810195241405,1.019146029405302,1.0249446419802841,0.9986581043675824,1.001434092821747,0.9991092036199425,1.001209251641939,1.001732899770887,1.0073787700409866,1.002118008734634,1.0050747252640333,0.9992594827638466,0.9908104783701642,0.9878647824071646,0.9804316718238341,0.9790673768891505,0.9693477568435209,0.961687379515245,0.9636998186859632,0.9666335333991062,0.9368402156702385,0.9237268706875041,0.9174305152150269,0.881806111091655,0.8435385012427353,0.887851822505146,0.8625287334731447
0.1751593131041949,0.2710911668537813,0.32910760488597113,0.37521443083155687,0.42398265611376684,0.4354193560402184,0.456562207175746,0.4940926566656543,0.5156193608571714,0.5500817875223445,0.5920214227886472,0.6158324561224128,0.6278208812481674,0.6306017136545905,0.691576598663431,0.7048810188768273,0.7259272819771284,0.748475353637845,0.75689940976147,0.7931931722063131,0.8515996667800894,0.8732763407049364,0.8840719575977668,0.9070475836788142,0.9038670553736534,0.9012603308345987,0.9225034516255288,0.9360593459042555,0.9399712399239386,0.9489015580176976,0.9551298861377716,0.9596666092824989,0.9624483805300321,0.9660807178749706,0.978517428972244,0.9856681243175309,0.9821338722117181,0.9781628844726548,0.9735259020218285,0.9567178135420512,0.9495524077857658,0.9383271779595754,0.9275351791626136,0.9279677157143232,0.9201888227211866,0.8695258408578636,0.8723843206515646,0.8718851947529436,0.8545442826955764
0.5496833471341098,0.3055052388114398,0.34633796785768256,0.4096010286647068,0.4626123690874807,0.4975087112479665,0.5124969553950436,0.5745452407597769,0.6060375359744878,0.6123556480478605,0.6233540309708941,0.6426239730987935,0.6958147233963398,0.6997711201112506,0.7157516895941918,0.733961235967587,0.7561301395673731,0.779116476841363,0.7894953127836464,0.8059317841803876,0.8568415131749388,0.8696138633470405,0.8809708764478114,0.9072561540343147,0.9089980147327595,0.9079066238859068,0.9236025013195496,0.9234294372990846,0.9320594027536431,0.9391707100221893,0.9463772456727413,0.9476326261529713,0.9498603533922781,0.9671762349063722,0.9626778538781152,0.9568520086399366,0.9528057313794083,0.9566366384578248,0.9531743513977401,0.9496153337155298,0.950111385073235,0.9473173825512499,0.9395576401982803,0.9154410219211742,0.8996035907027385,0.8700323679966664,0.8578770034428621,0.8598455518643452,0.842731518420562
0.2665749549731486,0.3414673695752726,0.4033667931990923,0.4498526495191275,0.5219281085241539,0.5291351431074535,0.5515542845152286,0.6011729076169994,0.6258669797337997,0.6575616708694452,0.6967966120221624,0.722087527957329,0.7407911870546384,0.7511911861992894,0.7852139729956185,0.797254501076859,0.8156638098664609,0.8193484256242207,0.8453960430782969,0.8600046266633556,0.882587057049586,0.8952896457756427,0.890757912083595,0.8903344794032364,0.9084079187521988,0.9268064837767279,0.9485260437754697,0.9548142502340429,0.9552349399965985,0.9586814231741771,0.9652852773477489,0.954121682714431,0.9418270883047727,0.9649043748099807,0.968309376098831,0.9674293341892874,0.9629006284003394,0.9602568598379767,0.9644685391287666,0.9721087508443546,0.9709844213232384,0.9733005594904969,0.9586360180101113,0.9520191897174543,0.9355166898249846,0.9046072241844606,0.8972440813531021,0.8930011322109845,0.8857314800355919
0.34594112517820835,0.41565471812341376,0.5315243880933342,0.637383715499285,0.7633644433741568,0.7947537024486843,0.8219562427137412,0.8630884795738194,0.8870324769163952,0.8773692854309879,0.8698320804172073,0.8671440311082926,0.8677242797093244,0.8701853083259259,0.8822434732655943,0.8788142733899336,0.8745654226263867,0.8627844496394,0.882493909664014,0.886726288049271,0.9107397675347262,0.9231381157730452,0.9279793371640549,0.9453793566878999,0.9576654064864836,0.9663341267639649,0.9746397716031282,0.9789518716331005,0.9847132565916062,0.9904537887102949,0.9946010450652023,0.9884402981342117,0.986287796096921,0.9837381741055281,0.9786558069713853,0.98125594019657,0.9782176414890367,0.9809073983467338,0.9777042319926197,0.9679550360327395,0.9602203421991725,0.9543505837268488,0.9472035428422505,0.9499781845374848,0.9522224409759895,0.9468194917509951,0.9366329231158056,0.9321728448806944,0.9315629641270928
0.6321189017879857,0.5950925300639741,0.6555010109165554,0.6859278899579712,0.7441431393902102,0.7838060710440895,0.8028327131683134,0.8967560766655674,0.8843386445998498,0.8956460019411115,0.8980764142855023,0.9043339487760024,0.9054440191370599,0.9047471596687966,0.9105644775157231,0.9089654053779026,0.8996328544165673,0.8932655019722272,0.8944846072079462,0.8921936688563479,0.9086946861331188,0.9130430826997024,0.9217667999037195,0.9313642352640054,0.9355254145454258,0.9541554049293276,0.9588759595637701,0.9609702873507437,0.968934880192182,0.9778562809967146,0.9842165710710844,0.9800151933046168,0.9786815717903201,0.9682436266975603,0.9656860089793562,0.9627912457363271,0.9666398615893079,0.9722188781276117,0.9810996142991326,0.9952299877282589,0.9903853245537023,0.9895405907230252,0.9917033119788511,1.0110811055273732,1.0294413252850119,0.9962462015431962,0.9929252564575339,0.9934122922479312,0.9984225303479775
