jsons/1312786800.json
{"header": {"parameterUnit": "m", "parameterNumber": 3, "dx": 0.1, "dy": 0.5, "parameterNumberName": "Northward wave", "la1": 40.97354507446295, "la2": 16.46031188964855, "parameterCategory": 2, "lo2": 133.9931640625001, "nx": 191, "ny": 50, "refTime": "2011-08-05 8:00:00", "lo1": 114.97908020019554}, "data":
[rows 0 to 21 of 50, columns 50 to 99 of 191]
0,0,0,0,0,0,0,0,0,0,0,0,0,0,0,0,0,0,0,0,0,0,0,0,0,0,0,0,0,0,0,0,0,0,0,0,0,0,0,0,0,0,0,0,0,0,0,0,0,0
0,0,0,0,0,0,0,-0.35562927488795726,-0.34503951500086133,-0.3932750998368665,-0.37601481112583973,-0.38563770883969956,-0.4082211863186176,-0.41567552032478927,-0.4284620929133375,-0.432289779160815,-0.4435058215257524,-0.4450869087585903,-0.4376789143919249,-0.41868692868752627,-0.3873548890813095,-0.22642547639874794,0.11935466882693267,0,0,0,0,0,0,0,0,0,0,0,0,0,0,0,0,0,0,0,0,0,0,0,0,0,0,0
-0.433801683391613,-0.31174072258018154,-0.3896392248809568,-0.3655953009300054,-0.34598354260382697,-0.35603124323299257,-0.3492823519060049,-0.35774284859171446,-0.37024631360157545,-0.38338107555818707,-0.40132127445141674,-0.4178912192823072,-0.42784606460578234,-0.42738713881836377,-0.43247780613356135,-0.44032900667968583,-0.33089021211481795,-0.16732203729252648,0.05359617941753923,0,0,0,0,0,0,0,0,0,0,0,0,0,0,0,0,0,0,0,0,0,0,0,0,0,0,0,0,0,0,0
-0.5474068835524453,-0.5183921420289613,-0.5177996659006171,-0.4879921308025654,-0.4069472042907472,-0.38568971499930194,-0.3739586682006943,-0.356940187832464,-0.3416470352404078,-0.3438666358249304,-0.3188031533063291,-0.29838252901296664,-0.2682595972005413,-0.15845611617455715,-0.7899994290469992,-0.6255095779673949,-0.4224083604926782,0,0,0,0,0,0,0,0,2.9716068793309236e+38,-1.8278088075857004,-2.0610970390925596,-2.225119734331256,-2.3382275027132757,-2.404304392342697,-2.4881243361997347,-2.4888837420929995,-2.5050942226319415,-2.506052698913658,-2.6121854354094265,-2.5381098117451995,-2.5877830600034013,-2.4608320459366353,-2.351147798579616,-2.263620912332226,-2.137799086943558,-1.9925412329347925,-1.9710769246730586,-1.8329773964246052,-1.8154061035303846,-1.7998590501386604,-1.6974236102590814,-1.6093776829312736,-1.5607736971281032
-0.7126725129025521,-0.7503502950952834,-0.77935349307292,-0.8603360112510737,-0.9024788159626032,-0.932380477308893,-0.990409589996258,-1.043344974576481,-0.8672479783627063,-0.6353981437500308,-0.3829250620112643,-0.26665024327546316,-0.4294438271926773,-0.3041924944195143,-0.6581656701877274,-0.7095562803485631,-1.3349305440752495,-1.4292366193283383,-1.5656874626652117,0.5138345652456886,-2.4282696863558297,-2.608716545241184,-2.8146903720710736,-3.010936620458682,-3.039860807575772,-3.1958433500367263,-3.287499904629654,-3.3377828492354307,-3.446478485438439,-3.547138831034888,-3.569014480408228,-3.67194268795368,-3.7113634176238746,-3.64141547617838,-3.6113685353050258,-3.6153799664139434,-3.4881073445472173,-3.4227364793032873,-3.344991864482675,-3.14154023568393,-2.99155478927966,-2.873277339289894,-2.623268026592975,-2.401575443507919,-2.1574506556206243,-2.0445120563342205,-1.8276150082725513,-1.4718043647575887,-1.331134972696882,-1.2019850086490247
-0.6017712455484346,-0.62948170592284,-0.6767297785795785,-0.711251911354477,-0.7674877960682681,-0.799782146692891,-0.8908023610244987,-0.9469024876356906,-1.0125876319358618,-1.1023580763595033,-1.1851779641401399,-1.3296484783848845,-1.4687058591942275,-1.6002485454099067,-1.7117963091104198,-1.7801117047818742,-1.868718519109692,-2.019456326032541,-2.130457248839364,-2.263794398762387,-2.4055818231702646,-2.4754770961986154,-2.6553921177008633,-2.7910277653771938,-2.9840909569045557,-3.228523111899355,-3.3619872374714856,-3.5816694153836903,-3.772197313696633,-3.8355553524583303,-3.966612427260346,-4.060128499495219,-4.09770337641037,-4.023273670187005,-3.9659802750349344,-3.887551737503894,-3.5397731257173524,-3.389656725670534,-3.292119580841847,-2.911914271143669,-2.7777660495567917,-2.549752149322251,-2.311946207681536,-1.6639093788786568,-1.376832600522726,-0.952665875225939,-0.056392621248588015,0.5710306299903786,0.8135892311084317,1.0737263710527343
-0.20083092076671036,-0.19957652825923292,-0.18898879075275357,-0.1688132163389998,-0.1901355841810912,-0.19060089042166467,-0.23969791519215944,-0.2805892067303732,-0.33876200590046235,-0.39531559576573344,-0.41364981654403826,-0.4857937948569529,-0.559554527803269,-0.6168076181569392,-0.6333021658097563,-0.7092208252222882,-0.8340074903937497,-0.93315666824996,-1.001251185728985,-1.0998091422556477,-1.2464877760347213,-1.3506409502648833,-1.456767918135476,-1.6592481966021064,-1.8895340603373392,-2.0209732313829103,-2.3131169164040375,-2.7062344589358416,-3.0333904334852293,-3.169365232543228,-3.650253221057488,-3.8380691123072577,-3.9258714295800083,-3.8591358971947822,-3.7141599444894924,-3.545078619613591,-3.151542525758677,-2.8923421578634456,-2.705535453149832,-2.2092992163562717,-2.0665584321967096,-1.8119928222247048,-1.7422955622615122,-0.954250112082345,-0.7861485065676136,-0.29631185117203307,0.4338065876711588,0.6623002961985833,0.9891397234442442,1.1566512694328939
0.24463686953547684,-1.0118927421057975e+38,0,0,0,0,0,0,0,0,0,0,0,0,0,0,-0.283425528001103,0.03543392504408805,-0.0036550493408482074,-4.860503891049842e+37,0,0,0,-0.5601030531612533,-0.5681279163839373,-1.1328254093553027,-1.4959387691567563,-1.6631775203993975,-1.8463285660218958,-1.9758668222569746,-2.6993997320456504,-3.1748050505252405,-3.4441879771795976,-3.666464862221145,-3.3952396539058927,-3.2701344216291024,-2.527120960829788,-2.03029928727169,-1.8147404207576134,-1.341866883919555,-1.166230296912092,-0.9771902838584507,-0.7866742920531021,-0.45043763148922183,-0.1882577125778427,-0.04721171019941876,0.3680633052100213,0.5224803145806363,0.7596314184130681,1.130295629757421
0,0,0,0,0,0,0,0,0,0,0,0,0,0,0,0,0,0,0,0,0,2.6426674266833527e+38,-1.8710968342993654e+38,0,0,0,-1.6140824505470737,-0.9886995942399464,-0.8058161547434998,-0.7209755881991113,-0.7868387447490466,-1.3364566332175154,-1.8418917177114735,-3.3878457737079026,-2.9206976302858396,-1.6852178660714963,-0.4746801419154272,-0.279213526233896,-0.09423437510171136,-0.05729487172492493,-0.044848445011960766,0.12973984604936237,0.09577817804284344,0.24060702164555883,0.3854213804392314,0.5406154222704174,0.6639351013247773,0.8186014737819826,0.9106529025276776,1.0850714567585333
0,0,0,0,0,0,0,0,0.13997067152206458,-0.9239013393552974,-0.3311216664969929,-0.009842717376658077,0.26412510970331593,0.36797092894164934,0.5893257251756175,0.650960535488335,0.7769148723770962,0.7904854314082765,0.8859282912746598,0.988288945876307,1.0573276846475042,1.0076552385267368,0.9697621831154306,0.9285732987453489,0.8157625782387549,0.7733654564239022,0.7416077001792593,0.693235684805755,0.7399798589451112,0.8210008978226514,1.2141695046354846,1.5330036026498886,1.5757593686981073,-0.9441031667702066,-0.8123579287855689,0.9413524810269629,1.1255323865937505,0.9615550069131036,0.8440278152533134,0.6255804372274341,0.5443721076866181,0.5525072512987246,0.5990064119263923,0.6334673087730495,0.6966422719371083,0.770717382783781,0.8634258430693507,0.9952701221493622,1.0992323772719115,1.2168822522011438
0,0,-0.8049721394505909,-0.7720037787199606,-0.552791905586999,-0.6691942679238285,-0.7704287541870407,-0.7588187603346358,-0.5416965141282986,-0.5217266236637254,-0.4341195068481511,-0.3465487915448399,-0.310107922368785,-0.2618075059392725,-0.10709336510147846,-0.0009421265003178328,0.04874505255993272,0.12051588548772049,0.10303477524701177,0.17859733414798892,0.2503504443787101,0.2767061294205492,0.3130193451722716,0.30404856145638454,0.475796745430697,0.6197544968221723,0.7570670245241545,1.077365337515499,1.240473801267689,1.3870388852242375,1.963833457378724,2.3689416488531494,2.371877298326063,2.883601437573917,-2.868374255712604,2.0822500554226093,2.08668541022783,2.035106167557718,1.703328920018418,1.398365057807894,1.2629588656534176,1.1815852252815489,1.092970010249723,0.9976646415247509,1.002558171320812,1.0038946645255595,1.0675856264799728,1.118508128862078,1.1576077297672165,1.2390002566039255
-0.638119624581066,-0.6067155767253442,-0.5877685604063159,-0.6192926064586382,-0.5714420761971492,-0.5887861635317018,-0.6135059447108995,-0.6087761370408559,-0.5761065605068633,-0.600536534712397,-0.5678850873126571,-0.4687593963701171,-0.40320001605306016,-0.3235079131170569,-0.19585087315784194,-0.16535353791959478,-0.11936880863793128,-0.06290081194662082,-0.03566653544134739,-0.016861757095342593,0.04901467129433207,0.08037252686868784,0.1785086788579002,0.2310687821389096,0.4837499817343412,0.6324112933005316,0.8084570359197379,1.149405055116808,1.315626787125779,1.4944205509208939,1.8966693631374854,2.1475665838662747,2.32491242976634,2.1490510075353564,1.9097876753548577,-1.1021808357147922,1.795323070952471,2.169264391652489,2.0569148278781055,1.5621441578704969,1.4322218489595737,1.2345228148051448,1.0883861897060267,0.8638857218070705,0.806991117864269,0.7861137611207586,0.8081951067962687,0.8396933934349583,0.8826020153358884,0.9887027073120244
-0.2997171127755056,-0.2659291645886217,-0.2733862254669738,-0.3079046978276993,-0.32860743463079467,-0.3491657131166992,-0.3676782032196216,-0.35636361755307105,-0.34916986361373586,-0.35540859790388735,-0.3306119438661252,-0.27753610498152925,-0.264366513133342,-0.2639678724559546,-0.25059758599855003,-0.2505782962098982,-0.2614691993746154,-0.20215042494709456,-0.10500343894436874,-0.05219064874799473,0.04955842312432644,0.11403126640243072,0.18135385070066984,0.272832492766452,0.48871230700269164,0.6510267058337903,0.7348270577237624,1.012594140713216,1.181256567355904,1.389135421187121,1.8598793454299658,1.9548123402718023,2.127462100640573,2.193611894224524,1.6329604056998765,1.9565529710441802,1.5825533678107275,2.286525478476653,2.269794165109314,1.9977945356787208,1.8037077271653832,1.6726917044889407,1.5870089594811814,1.3696723670353839,1.1959365364839667,1.1374560501888749,0.9918409404151112,0.9442045058958404,0.8969379685063865,0.9004710764424148
-0.1644577583242456,-0.12405395645939489,-0.05066895004774998,-0.06297370908210434,0.01654190138911861,0.04759527090885558,0.05706207421274903,0.058093712244402705,0.07113394309606662,0.07365493584729789,0.07227440022658009,0.06023022358809388,0.03622497127712743,0.010202579128076462,-0.07368639037869704,-0.11001262192347447,-0.12975531062313353,-0.13786398138388192,-0.07667142998346328,-0.05227316969172563,0.0614627791873842,0.1248573981993197,0.18299645020774818,0.2526023353596775,0.4388282316559234,0.5475431817095652,0.7321180090773026,0.9962239932935482,1.2098960185342467,1.3241652607127148,1.5867651236796079,1.691756122779144,1.775586432158628,1.9687122779005097,2.0329142123533512,2.1209155939020894,1.097876999229203,-0.6724982159304691,0.41483963705054877,2.1192764893256606,2.0616724594641003,1.9970910398924122,1.8951646643872018,1.7128714332873793,1.6272542193248831,1.530982243567042,1.369533115043194,1.2808945437232346,1.2469695614978793,1.1578178043406613
0,0,0,0,0,-0.12220792882411394,-0.027115788285078643,0.040895212450952276,0.1353526391427667,0.17218178231639242,0.16415665061827434,0.07426054838233788,0.03698297503564107,-0.008785710032124928,0.0008133020405413303,0.00269933826100445,-0.04018786086829222,-0.03314753478500879,0.028320886314972902,0.0849941900350404,0.2634066703981787,0.30933433100027313,0.3482453226527446,0.38449785076445187,0.5030353087185981,0.56302398700954,0.6824557360741891,0.8697844070900416,1.0012745114173387,1.0813365559660348,1.2678623280014425,1.3634768746649915,1.460226269962977,1.6664378366921486,1.7597195325870798,1.8211066650989478,1.9689425423758409,1.7225844427328432,2.022684778884766,1.0668329693888843,1.6856857456352856,1.896989987116242,1.971834517739511,1.8536802302810582,1.806384481746858,1.7563268808811083,1.6217397228461399,1.5488974297958826,1.487676803189807,1.3543824338629717
0,0,0,0,0,0,0,-0.1477303905571994,0.08392861223627164,0.19166881323227442,0.23112957794823683,0.12398772587585499,0.05377920732032962,-0.012317150119738189,-0.055049935471242546,-0.03475758346827058,-0.025423872918356488,0.008283021627783483,0.02574155738984984,-0.010438118479136683,-0.04759913090538819,-0.0006135871284042995,0.028999228090605515,0.06974694521367848,0.2403988750266744,0.36964193583198435,0.4472781786946224,0.6126784385634194,0.7068648166881539,0.8182267306637712,1.0001105263492742,1.1049262472556072,1.2001592111496489,1.4118907423360272,1.5343718484523605,1.5774324379145948,1.7372186297850587,1.7909620529411887,1.8408224799967834,1.9256630480415364,1.7401505490165154,1.8740441519509592,-1.9595898696154204,1.751792017252411,1.951512987583365,1.9128847504646447,1.8095032955648465,1.7171602778972521,1.6687638593076408,1.4956128705534089
0,0,0,0,0,0,0,0,0,0,0,0.2878072655133756,0.23193494732698547,0.08772606731061318,-0.025549777954553377,-0.04124944450272643,-0.07860784017795457,-0.11737400393243581,-0.10660488695743182,-0.07768547311780818,-0.03868206053858436,-0.026314416469003173,-0.0057585916628082046,0.03927388312730697,0.13936801046989813,0.19943421041331122,0.30528034980328517,0.4050180700764002,0.48380989060618496,0.6015929155753527,0.7607638193015313,0.8915892532539047,0.9546268266408064,1.1085064922463144,1.2193897370704103,1.336810977439256,1.4680900376428343,1.5434385392508252,1.5866601178443538,1.672810741781867,1.7178188499158262,1.7440615910435247,1.7359892969181603,1.260672201928765,1.7969585022721304,-1.6432390762049887,1.6078911847874717,1.7761826201808708,1.7490174980307212,1.670828428268795
0,0,0,0,0,0,0,0,0,0,0,0,0,0.05078996812349173,-0.23050580679190624,-0.1533705939800018,-0.18574199045018897,-0.056801263882248,-0.04434335798513551,-0.060423442557886724,-0.04532489830257373,-0.047173033334415006,-0.05196895870610336,-0.04125031143233652,0.02310228163498971,0.09596261021745435,0.1391409692649343,0.2516517907943096,0.36322483867080024,0.48137763526974586,0.724163115766217,0.7971339642111854,0.8390293978515969,0.950497148181225,1.0106522224555738,1.0943326634412343,1.2161064349091568,1.2699093935104635,1.33842743750452,1.4050350971565162,1.4619220989916082,1.5125321105099407,1.5621391473244624,1.6193215949542883,1.3392680230935927,1.1941313887386789,1.41732413883363,1.6067221595587673,1.6259504547780455,1.5824642427865556
0,0,0,0,0.024285080325878106,0,0,0,0.08919135429263077,0,0,0,0,0,0,0,0,0,0,-0.6115549788767615,-0.3953983345091548,-0.3396789553644138,-0.29645886035064006,-0.21802415700889666,-0.08978387846090619,-0.032780137431552815,0.022300279332280466,0.1848782348108344,0.3037949881888867,0.41787950282057856,0.5639142629727024,0.6306780298972019,0.682902886006597,0.711052890714998,0.7536730977989677,0.8278567495586975,1.008348688171943,1.065371968768401,1.110072888999057,1.2024892673355534,1.2499659044005818,1.290753466383415,1.3373872617721303,1.4089105284526788,1.3884580015575878,1.2239132104093984,-0.9324417298336024,1.3833951739074601,1.3751405795422929,1.3959208526152385
0,0,0,0,0,0,0,0,0,0,0,0,0,0,0,-3.3552682747837924e+38,-0.02049173514098842,0.07619884707246052,0.12877192535280554,0.09101250196495081,-0.194655061296466,-0.22379553592134366,-0.5370889784509847,-0.6502699987670907,-0.5916211796592356,-0.6322279524895039,-0.5555242218853029,-0.2941329628414615,-0.17395610644108161,-0.042830228783055584,0.2770831147182929,0.41242082628901017,0.5306187151006967,0.6846927102325849,0.7501319584833485,0.8206753671689937,0.9502935958750292,0.9998454238298866,1.03859313118219,1.0917045261478442,1.1281018887426104,1.1572212051718713,1.1989186232038698,1.2800220915868457,1.3046834468669868,1.2145356154824127,1.3291480933251985,0.9422118140255835,1.3138698166900218,1.2578621488824282
0,0,0,0,0,0,0,0,0,0,0,0,0,0,0,0,0,0,0,0,-0.2336390789353417,-0.46298365099527305,-0.7531826684217768,-0.8091114311906503,-0.8228597908092022,-0.8851139383946688,-0.8395982554181548,-0.5114393920866963,-0.3161349013986649,-0.08571159109926438,0.20794483622390791,0.3203351090588492,0.4288680828626874,0.6060449158121951,0.6899106287697041,0.7414161329411677,0.7767644036998282,0.8644131850085028,0.8832621601255097,0.9616721108335129,1.018982061741131,1.0853420264521456,1.1247037114581135,1.1971503560411172,1.2336394902347512,1.036185830260783,1.2109824069424555,0.9064922921448282,1.2157232407945482,1.1138828420119067
0,0,0,0,0,0,0,0,0,0,0.05323625037584081,0.11511182900117942,0.16325227370966805,0.13484098742720899,0.009473124388069765,-0.09168324369747824,-0.29597598069186604,-0.47272761479898295,-0.5301660882330741,-0.6316186858284125,-0.5787153226649779,-0.598980138734501,-0.5467923907445219,0.5658133187364799,-0.6332300115125806,-0.9257815245361939,-0.7732182890933256,-0.4818802411334005,-0.32128274885467434,-0.1350326953136797,0.2533003376903945,0.40880914771194315,0.5276139537876385,0.6814723612867042,0.714518081285327,0.7557780660916226,0.8714505976306064,0.9222602282644184,0.923606189847075,0.9268376876372159,0.9281371076158346,0.9481171690206864,0.9650132836532442,1.0672040597120755,1.0350026359693625,1.025075144579883,0.24110761109479148,0.8751551923033235,1.0836418547465618,0.8705918909690564
