jsons/1312650000.json
{"header": {"parameterUnit": "m", "parameterNumber": 3, "dx": 0.1, "dy": 0.5, "parameterNumberName": "Northward wave", "la1": 40.97354507446295, "la2": 16.46031188964855, "parameterCategory": 2, "lo2": 133.9931640625001, "nx": 191, "ny": 50, "refTime": "2011-08-05 8:00:00", "lo1": 114.97908020019554}, "data":
[rows 22 to 43 of 50, columns 100 to 149 of 191]
-7.61388151893601,-7.610905389527128,-7.044102702836101,-6.922659854924935,-6.636768946113886,-6.1948222202615035,-5.929731611038942,-5.5303253550811045,-5.0625711364291,-4.703387203456492,-4.445160337893264,-4.090864649856807,-3.7872920924567834,-3.465693634826215,-3.3126051350148527,-2.9937140845525056,-2.8094436055472767,-2.6201965741829927,-2.4358243676474576,-2.325131214074637,-2.173857837950006,-1.9568781030162228,-1.8338982998372402,-1.665440314365563,-1.5468706059942237,-1.4715028106364147,-1.3871251160605507,-1.293992462565165,-1.2268741961027794,-1.150302513212085,-1.0555628686844267,-0.9630157871998795,-0.9046964360087295,-0.8332409593741728,-0.7516174107485194,-0.7023734205580128,-0.6276150872161483,-0.5586610409101573,-0.4964417278670013,-0.44808171640640476,-0.3140940776027962,-0.2719693226586629,-0.2182126787450733,-0.17082498931823,-0.1762505644236715,-0.16174295139990477,-0.1422523995935684,-0.11280066349612146,-0.09866005901584893,-0.07508282384097871
-5.6126778552494425,-5.765312433414969,-5.165449672890699,-5.260628271978886,-5.151255938495318,-4.796179064919761,-4.5637963721639405,-4.421708830482139,-3.9477667602149844,-3.736235634998546,-3.446520225311566,-3.2269491336638496,-2.841434884344225,-2.5984055467663727,-2.3514775477906995,-2.1119311346495957,-1.9761027141311043,-1.880775987470675,-1.6664685910010664,-1.574370834853765,-1.5063214606503348,-1.424948920356648,-1.2915378241423825,-1.1293417127400072,-1.1021833299021462,-1.0755289633891936,-1.0438079376346452,-0.9655658002431728,-0.9335805268138727,-0.8845803948627098,-0.8603894214367496,-0.8098831646076321,-0.7833879880811203,-0.7553547591746941,-0.5737724121745258,-0.5229322705421476,-0.4801090285451296,-0.3375992136545879,-0.2667035813683526,-0.24050881417330244,-0.15655191521998293,-0.09238255228401586,-0.06927795446299735,-0.05922500315928028,-0.06962384484461993,-0.07451696029934371,-0.06447094846341701,-0.0884116229063488,-0.09780251029173918,-0.10905637249333315
-4.182015005387259,-3.865688117181491,-2.9992591728239284,-2.8989255547894897,-2.8504904243292435,-2.641391026894684,-2.4878900254783396,-2.4591032736509377,-2.185105231966786,-2.0381466614158255,-1.9494622364229548,-1.7345844015453844,-1.4787087536839114,-1.418083005082356,-1.203945848828563,-1.0585653797095371,-0.9969134856748234,-0.9186658219387777,-0.730199221557263,-0.7274700182351893,-0.6701122471309464,-0.6914322823410516,-0.696507870111121,-0.6433306090651626,-0.5490300763274697,-0.4278332536820879,-0.35605129532256397,-0.41545611956935463,-0.43230284914530165,-0.4069877071031312,-0.4044140068707083,-0.3725086333269896,-0.34037704271156327,-0.29934254854641973,-0.21110299408839364,-0.1657717057847591,-0.11897020184385612,0.016456702585631925,0.0492201037012288,0.174527395094834,0.3609060669001664,0.4079623650648268,0.39854153444211043,0.35321682818372613,0.2608705634308516,0.12023942043956025,-0.052597891535434316,-0.3616686456276452,-0.4577346623959475,-0.3917986905324564
1.8445236909478449,3.8746665102576747,4.269453167229689,3.9021113120047244,3.127164443752418,2.3881779343715137,1.9588823258608625,1.8483164168387762,0.8002387829886319,0.7232235372697623,0.6849636337887063,0.3815757246094456,0.24441422599580506,0.12790017261318581,0.10086739183763953,-0.02632865173683268,0.10521764269840717,0.1879521367637717,0.09960246183411615,0.13764705058938093,0.0809752438702116,0.08832780257967786,0.0946816776661366,0.05756448362366221,0.06167626259719037,0.06558748189331433,0.045471670852129865,0.03981299032365086,0.004680355615407181,0.054433684195004745,0.10557767654886714,0.04971464933497712,0.03624904804448785,-0.02330856328114396,0.005977297595736986,0.03177387077527664,0.10892977160781185,0.3229999131017394,0.42106143939580987,0.538478718905806,1.0086811207108717,1.2250436402926967,0.6482786711152032,-2.718666620996826,-0.16019554459903318,0.49498203913525207,-1.4385318283519477,-0.835183504389547,-0.6025469016399546,-0.17822273202696035
2.8854378209314833,5.444163153773351,-3.3023116929694587,2.0662196473442758,4.082290467472565,4.665600430329586,4.30053387919562,4.061545820057873,3.4013340620850703,3.119926703750689,2.815618645470611,2.6276645119771826,2.0438389264192027,1.8607294622204453,1.6363309181068821,1.3750069765933028,1.1880519600860862,1.1942404335641388,1.0555069106230037,1.0242259652630317,0.9169409642740531,0.8190641245508367,0.7105652601540939,0.6813627707975702,0.5418631202428729,0.49138746898408286,0.44817318895015446,0.41277505176161755,0.4284750921543804,0.35835229976002414,0.33795470788388327,0.26436179021389833,0.2805676587480917,0.3352004723366231,0.5193803315883931,0.6310870821076766,0.7408321790152523,0.967357443447558,0.6469666560072659,0.5646309870830262,-0.9626058313775747,-0.7510373937475324,-0.307132279373238,0.02108272817203683,0.11181160728235869,0.2723340238436952,0.2553357750648635,0.3756389392855782,0.3425173694804134,0.3787112035890283
5.330015948441953,5.15822408190235,1.466047200134135,-3.021688598590562,-2.7115877260555052,4.571801184468026,4.520565928105431,4.631094722182257,4.330777434306204,4.186385075524968,3.9175003377683932,3.726067912097376,3.3366489743913688,3.1386960084214666,3.027143455552245,2.5805864840452712,2.4949389200878747,2.2874063921680055,2.1301060054545164,1.9863511033684627,1.958377628981079,1.8885484840162816,1.7348493039801232,1.71110243942858,1.4569312145800422,1.2789946401116021,1.1139542125333517,1.041840390970519,0.9264275858110711,0.9475721888809776,0.9595518078635725,1.003752553783107,0.9715538882340523,0.8716922258240469,0.9275371653965034,0.9152728624061646,0.9190852445066952,0.8843456228564383,0.819456314096781,0.75081943293416,0.682847042804089,0.6566446647756428,0.6168598109395437,0.6166088029977173,0.5996573979430745,0.5870516089985128,0.588944599906133,0.6281025247875656,0.644769891858916,0.6679404261477315
4.809792549471898,4.782472621625719,3.9823954420002274,-0.9692105179028512,-3.9931499631307483,3.0961077325787847,4.333621996101791,4.318055326749884,4.3404372220294,4.215967974249021,4.088031557774406,3.941030189384972,3.653631857567539,3.5438973403866036,3.368283841398166,3.1221161429298028,2.9359348626305595,2.839032811773165,2.6549620269707024,2.5897775022088863,2.4884095873454135,2.418984364015902,2.42351692083263,2.2896217997322226,2.238761656954128,2.239329830251104,2.2477045502953543,2.271591619065442,2.404286292773685,2.539810783954017,2.586517724345794,2.5428399828189447,2.0926456417939745,1.7062745684385618,0.9927952377020846,0.7060777472064055,0.7015553406665199,0.6719643440259117,0.6493256796309981,0.6036135224997164,0.6329736319682824,0.6685040283990448,0.7273000921178872,0.7598041500875464,0.8162612340439378,0.8522262591258916,0.8758699626057386,0.9919256657463307,1.003494350268455,1.0390320913436717
4.295344627269758,4.306117242468858,4.363885365734246,4.330115582454441,4.17997199775654,1.0127442647146578,-3.4534326149803567,3.2627168829541366,4.107779518425866,4.07515539481076,4.017434196927776,3.943129783084031,3.804755295838112,3.669505941113801,3.6193958442503824,3.4481998449515063,3.3621432061585734,3.294080015602225,3.194821548172599,3.147416569220829,3.1257649256523,3.046748911445386,3.076439591092494,3.1329332803581513,3.226076271104278,3.306673188213026,3.4028758337063985,3.1289212701580467,-3.520681376323254,-2.2249025438282923,-0.8576121626011041,-0.21351979373811783,0.029325815044079363,0.22729531125594551,0.58630126722479,0.7283906804531918,1.0066496748225202,1.1478079266635541,1.2406316499424344,1.3029173984001665,1.4153875145858974,1.509649014397301,1.534136244790195,1.6079751733095353,1.6482609588567059,1.6385577782382872,1.6643840820335873,1.687006784893167,1.702389654031232,1.7491567991969088
3.869135442203809,3.855568486601791,3.8912497215821635,3.9157594197546732,3.886832108751545,3.8476173244103626,3.0725157157823504,2.966719003836843,1.9896074741833454,3.3466791784500707,3.62332183991712,3.74807901293819,3.6809989342980964,3.639244176854782,3.593910566147576,3.505813454764948,3.460507675399447,3.428875773032294,3.344302309239164,3.3572140374692574,3.3881128572679806,3.341372102127386,3.343928070510074,3.4093915975180216,3.4893312945698782,3.564903629745272,3.6213214426175115,3.5983444194694405,3.345041736152875,3.2204966656339633,3.0743758995400507,2.8596100146811345,2.8076515959640376,2.798280921060542,2.729001856931031,2.6680368950633784,2.5616880603028505,2.617513468770462,2.54457898581115,2.501705882030193,2.4964657579413476,2.5068308757744715,2.4879765999798447,2.4590626980143573,2.4505370977248067,2.437048110119626,2.4186567927632856,2.369311840027846,2.384224291141379,2.3760881663264373
3.4793211732275044,3.4586968214187896,3.554588795654676,3.6013883845822097,3.5749100477182396,3.621668372167875,3.6161106009814663,3.6120127402445306,3.603767573859746,1.791637123141542,-1.4286226535956346,2.6122074418898595,3.5050381206348837,3.532691559557678,3.5042139760178714,3.4967097079362883,3.4789527999718306,3.463775020909816,3.409800333233595,3.3843246510149596,3.3623419464202335,3.3312530500404063,3.317881808901364,3.3467799375820175,3.354672329187453,3.3966781336354295,3.456962020517499,3.4330900443266144,3.442675918328444,3.494485144025972,3.501464969825608,3.5198096818416977,3.5359132639244666,3.4797586301298056,3.4736628772368126,3.423787174826919,3.4178870262461887,3.372344765060923,3.336373776286825,3.2939414240216127,3.2150366136514568,3.205387203506734,3.122695915417894,3.0838182993369463,3.077180525048789,3.0181030304987213,2.9971923365286934,2.9386420319385587,2.8873873994455126,2.856518308640894
3.1594280649889526,3.1649886546019608,3.2207594674830617,2.969400160296623,2.3479782242295912,2.971710743332339,3.1009519685696216,3.214713450054971,3.315860897619663,3.3230011003734155,3.3453228801607118,3.353616250827335,3.259426153803599,2.9064230160178135,1.4468558658280832,-3.32616564336453,1.6008585059046536,2.806803545452887,3.2916680886099967,3.286705454016844,3.2781813330620944,3.2697441218517853,3.272024087219959,3.298671329186907,3.2893883403425876,3.2884614626279647,3.3826954551080037,3.4014386670142023,3.4239007569851325,3.448222889220957,3.4740791641018287,3.468299990441648,3.4591221833460764,3.4516098730748475,3.4566956663523087,3.4297831114207638,3.3907436155913673,3.3880623333789237,3.3711874988518353,3.3529112581019227,3.3153458720219624,3.26856269295218,3.243971065259529,3.217286872640361,3.1867446484609045,3.1541347339936054,3.1298974453127895,3.077888571510173,3.0428749212388726,3.0179728755655613
2.800009261804265,2.8827452137917304,3.1560803557064294,2.9663956752069978,2.9993044659401957,3.1047904682044947,3.1181186183812315,3.118083359742512,3.1643530631743144,3.16761824657963,3.1891176278784297,3.200565787680261,3.229586253076965,3.245218858446429,3.2572471364911695,3.0879912555532214,2.832198372038374,1.2503339521794241,-3.146715205976989,2.2944550955977534,2.2013232710900756,2.6109559352380933,2.6672962072694935,2.908374135802803,3.2097244974748764,3.281644640475512,3.3112665246297044,3.3386195622234465,3.316324295037816,3.3157893977816104,3.315380572209893,3.3015641115607877,3.3142755860795616,3.3148290064203283,3.3140601186717054,3.3171622227339927,3.306480991082623,3.2839806009815646,3.2817494212324214,3.2796421412267667,3.2602448706038643,3.2465654179259302,3.2218351269111047,3.205747227595842,3.1875136253280245,3.1531900052885145,3.143301574030909,3.125617424889097,3.089477368509824,3.072641465552545
2.284648441775281,2.403329527574541,2.615571449062543,2.7103725126127207,2.7337698331271487,2.860893081178896,2.948309413660156,2.9363574340305165,3.031445237322125,3.0652445079382615,3.0626007234235084,3.0741544990405187,3.127392985946823,3.1278410544466073,3.1576563330486933,3.175098780351201,3.1611396966597614,3.1794309120650674,3.215925197652471,3.2361763641496126,3.254422750965203,3.17728604513356,3.0991994546220534,2.73552494058366,2.3651084824387167,0.12224571203010479,-3.012677269276405,-0.6000157806229354,-1.460461970540048,1.7289832814283022,3.145830664212517,3.158469422319782,3.241890470809076,3.2471532986144203,3.242091756287675,3.228707659354341,3.222594864052858,3.213990641854022,3.2071245415142258,3.1951437713934734,3.186471235512837,3.1745720647076334,3.1461862085730408,3.1481660239120908,3.147473060042157,3.1330739120629,3.123736189914057,3.1036628573647635,3.077176863829685,3.065253324965655
2.0025672189202024,2.0958501092141875,2.255519049234045,2.3365517518608483,2.3962306800980904,2.5615715470021603,2.597387941307357,2.64004657550318,2.7472882131084093,2.791158639901194,2.8506653159881483,2.8822811678431712,2.9565698687766875,2.974458436368732,2.984829540910259,3.057903766767479,3.1001308914877392,3.11488192908475,3.1320033473654854,3.155725970237101,3.156840210197853,3.1953078769560195,3.217341453762331,3.2160029722696093,3.2406363650895966,3.2459567471748425,3.252107051613721,3.153032548150827,3.1352936227842245,2.9411595481792143,2.406960146265655,3.222651441560962,1.184793707251494,-0.2465867550774787,1.5020314525035325,-1.9111329458888624,-2.7374626520421144,-2.7844575966531337,-0.48203748617361236,0.3296669767484812,2.8961633884315297,3.0896863111972737,2.4836832424877433,2.503364226738361,2.7640860222719836,2.814409188312527,2.8596642608987954,2.885455198874927,3.008173730610085,3.020524241034694
1.7668661305783913,1.8324843059445333,1.9445601704564626,2.018017121156256,2.0683929537351182,2.215453283542089,2.2804317235825895,2.313305261158843,2.3805167240186176,2.447198438814536,2.496253621522902,2.5058015989213045,2.6193132047636953,2.626273508712479,2.685537386167285,2.7987586361118155,2.823302601578551,2.8651753236334643,2.9135784942890237,2.953718187030808,2.9586202659891585,3.0038294048256797,3.0450703101646255,3.0885781852990575,3.1208502919146417,3.1316517412635334,3.10737207468551,3.1302114451664096,3.1590846818370406,3.127370365949145,3.1143735668012313,3.1257591002849585,3.1188918581791967,3.107803322678736,3.128290812427306,3.120781817135442,3.108155156510362,3.0938651366663854,3.0424140694900306,3.030130646568129,2.8420733604167263,2.7452869469663415,2.371339862263084,2.6610210629928943,3.004725369922885,2.230951964953647,1.1532502978673422,1.3304009790473907,-1.7852197412980488,-2.8148426672191085
1.5703670716691542,1.6628386392178551,1.764583798606094,1.812720110601133,1.8590712728681802,1.9850859853140468,2.020592002295171,2.0863156694730143,2.158384006205615,2.236754478301381,2.283403274696209,2.3352528952146745,2.442587420513533,2.4614706829280673,2.513244751090569,2.5592863716514906,2.618283310578438,2.646292120298611,2.711738607433639,2.7643745646068005,2.7949657726073376,2.8650067610890457,2.883172176503334,2.8910478980005774,2.916399045555623,2.9338792895786274,2.9361783250485844,2.949863983402621,3.013108819304948,3.013621294387672,2.994284461997452,2.987945924844316,2.997316603660178,3.0074128456355655,3.001857641122427,2.9757127114552038,2.975883179527479,2.984402476845931,2.975035260095103,2.960224878419112,2.9578216455444006,2.964573743379402,2.949732027587769,2.948292634818088,2.9413525523935977,2.9310034456042837,2.883164160848083,2.8222967841011766,2.812349034450513,2.8443148880215827
1.4123512051829625,1.4702385508099676,1.5922314854766866,1.6351706677606237,1.699451310359357,1.7758073025032868,1.8409760152105827,1.8837533335793655,2.0290670656341865,2.055263607674345,2.074167126753589,2.1250963638225593,2.1677269260747223,2.2189654919325967,2.269874119979109,2.3500808208421353,2.4022039092129943,2.418247471378514,2.477504041455516,2.516982354327825,2.5699353051455986,2.6314642091661136,2.6587580384863347,2.644659535234313,2.707802612492169,2.7309023399529333,2.709244713875863,2.709915156678146,2.767793189272176,2.7826722897176186,2.7836270266949956,2.8065816314845775,2.8031691520295436,2.813812090819912,2.832752157414645,2.8243604568349423,2.824979446961482,2.8328557576750906,2.8311543101738357,2.8264252731140793,2.835427539400858,2.8339956590650544,2.809463336887597,2.820352531965094,2.8262618624308904,2.823990647197631,2.813318843809868,2.802142574718631,2.7775106565102905,2.7699782800836372
1.2530123201985355,1.2875477747242676,1.396799964226325,1.4409855348028775,1.4851479460223207,1.579059668255488,1.596420146562015,1.6679069235121502,1.773054691209348,1.8273240754192808,1.8410328365806166,1.8866973800605475,1.9787456274110318,2.02795020093876,2.0597485700894325,2.1238616373073542,2.1587066831823654,2.1909679949378993,2.269327066775738,2.2997301603482594,2.334025007867561,2.4273499799074028,2.4370034932108946,2.4523067903878015,2.5125125513745954,2.545196691344333,2.547275367013818,2.5524317594395356,2.5898605556186336,2.60485032301754,2.6219655838967353,2.635308226583882,2.6311834136142664,2.644344825809932,2.662428016051066,2.648059507902028,2.6561055241556937,2.674964137163267,2.6765484912825994,2.6429108769370826,2.642807869416907,2.659115395655517,2.661411310761847,2.6679247366013343,2.658341009251738,2.6442481624534095,2.6509453071745246,2.6460632053096216,2.6230601302096765,2.5996353953640297
1.1249651332273114,1.1993116218367779,1.3010547514533628,1.3487665242827178,1.3558310991040319,1.437108756009651,1.4843840283398464,1.5438883886308132,1.5911952408273873,1.6495626550071214,1.7120874503071164,1.7514581330065953,1.7975657224803638,1.8589921182993892,1.9070573369503288,1.9612887415284095,1.9977691241316917,2.0378923555140314,2.078616606990808,2.1004291965258135,2.1558775556645786,2.1987476282287406,2.2330462773716686,2.2683107813873766,2.3774783196760487,2.400200711783455,2.3949286397346494,2.40388560555582,2.451967188138504,2.45917535143653,2.4636146765952853,2.496253908012544,2.4998897834754805,2.513741626749665,2.53657406404372,2.5280017693733154,2.514469809907953,2.5192906047869017,2.5146636395182322,2.495190356169905,2.5291156847768486,2.535153783532537,2.5279310103437957,2.493364102923553,2.479885088541472,2.4330510202996,2.419456930839647,2.4210859016365895,2.415598623152336,2.3873047111292753
1.082028203140066,1.109000109670188,1.1761339943048472,1.2243742453759912,1.2494820794409187,1.334204841814653,1.3901410117008322,1.428618862272147,1.5051351457052633,1.5500765806363554,1.5547319612519896,1.5774708394237866,1.6692981571313856,1.6949131632663572,1.7185419479916024,1.7841759591148512,1.8232087568602855,1.8498750387470009,1.9268492951957439,1.9769614844606356,2.0005385564823523,2.0466396403632032,2.110354333491277,2.1434232324253197,2.157944940915585,2.1839443390497673,2.211291540733835,2.2257535491030924,2.245367119971329,2.2481086238321732,2.2694727475362044,2.2887465959830102,2.293904597461127,2.2901314976536775,2.305323601972597,2.2766297397142674,2.2806957731516073,2.297389695639362,2.286457191577897,2.267706990561373,2.26517850624751,2.267403290718157,2.2585770580837465,2.2457343994305403,2.2139008180967146,2.157066828119998,2.1007553197335445,2.1179027917359674,0,0
0.9528018250990156,1.0121383459498585,1.0900460655660602,1.1266376821085275,1.183270621757338,1.247503776055007,1.2667084867606915,1.3080103333161677,1.3369555515259879,1.3623349363019686,1.4071474210426385,1.431237149364862,1.4785954789030742,1.5195922592076438,1.576590005477748,1.6238235145269175,1.654447841576957,1.7054934234160688,1.7357325620507438,1.7642274274924157,1.8254880315571855,1.887618490468755,1.9162261476432414,1.9351845868881559,2.0219148429510234,2.0530975202965593,2.045395452666159,2.055424965611912,2.066223389255538,2.0564698657479914,2.071651456444636,2.1014617736495533,2.090481119421175,2.0971333592395713,2.1061237525471106,2.112660322296165,2.1274389575830437,2.1074544034209377,2.07703449103885,2.029049497633582,2.012303555616886,1.985385996467182,-2.6192160285449226e+38,0,0,0,0,0,0,0
0.7688597050418982,0.8137152409210756,0.885970708829741,0.9132476623101454,0.94666614661019,1.0454340269651001,1.0665908205409298,1.0886346359582728,1.166727071024169,1.1935162328293438,1.2431603057167153,1.2763683538473738,1.345035922886918,1.3523581118533021,1.3985135806003146,1.4638987838430648,1.5024704532415531,1.522076019829737,1.575840764956914,1.6003297527330387,1.6133749680379528,1.6529162026818685,1.6569179648164543,1.6697076418955954,1.7412993600936253,1.757400883911835,1.7725431204322555,1.7857658731520938,1.8234601564263369,1.8143668403329816,1.8150590591101174,1.819046966159786,1.8244814256380073,1.8218653577596255,1.7804802328995273,1.7250772599475797,1.720043110413695,0.602690471755674,0,0,0,0,0,0,0,0,0,0,0,0
