jsons/1312761600.json
{"header": {"parameterUnit": "m", "parameterNumber": 2, "dx": 0.1, "dy": 0.5, "parameterNumberName": "Eastward wave", "la1": 40.97354507446295, "la2": 16.46031188964855, "parameterCategory": 2, "lo2": 133.9931640625001, "nx": 191, "ny": 50, "refTime": "2011-08-05 8:00:00", "lo1": 114.97908020019554}, "data":
[rows 22 to 43 of 50, columns 49 to 97 of 191]
0,0,0,0,0,0,0,0,0,0,0,0,0,0,0,0,0,0,0,-0.360640102105028,-0.13258961438825942,-0.2054076154550592,-0.020774160614109086,0.08374739053577802,-0.9401946202634499,-0.8656164169043254,-1.1611275382863675,-1.4139551656169154,-1.7641622286313823,-1.7697641833433981,-1.7902557661620027,-1.8192130853492925,-1.7637797984953143,-1.7046679011036683,-1.6052135931728602,-1.5359308746191822,-1.3887639540174725,-1.1835538461631485,-1.0937254661226938,-1.0134181995080307,-0.8946473788581241,-0.8381907019155865,-0.7562142916547746,-0.6997750305430924,-0.5076629114987113,-0.4665130278070801,-0.4841018244447281,-0.9593588777102994,1.4132473103243248
0,0,0,0,0,0,0,0,0,0,0,0,0,0,0,0,-0.024719923038932893,0,0,0,0,-0.2217787791483254,-0.4759456793537269,-0.6618243915916365,-0.8300184255947121,-0.9978052095849455,-1.2849209240374913,-1.5239658030836394,-1.756848573521335,-1.796698159757215,-1.8104154992902015,-1.7320814535979383,-1.5690713830482752,-1.4377677037832322,-1.209392355715014,-1.140280092113785,-1.0516423852239811,-0.9881308452547507,-0.9234048641550733,-0.8933582192808128,-0.7809975714811164,-0.7103441352732002,-0.6252995013714339,-0.5903938960442371,-0.4831090926333925,-0.43310783885428145,-0.3266779242057996,-0.07332946972957789,0.11375863026017846
0,0,0,0,0,0,0,0,0,0,0,0,0,0,0,0,0,0,0,-0.008516496206397623,0.01580000758157072,-0.16593467638321768,-0.31878086226849556,-0.609107326422812,-0.9104095287675799,-1.3702903904743644,-1.5947491283443633,-1.7013365032667773,-1.7946684742700658,-1.7739209615394547,-1.7227767162965586,-1.530276378640582,-1.3842452834303578,-1.3258535420423732,-1.2274924586411764,-1.1570348806879573,-1.0651564001710276,-0.9237919332917282,-0.8334041159260243,-0.7297310677471076,-0.6107463129380063,-0.577070930127121,-0.5002897001343908,-0.48868332451971447,-0.3680591158054363,-0.3288808725397152,-0.500429210204916,-1.2845730030107365,0.15360297247352456
0,0,0,0,0,0,0,0,0,0,0,0,0,0,0,0,3.3038944722661223e+38,-0.35427148615772497,0.07891064298611564,0.022159541720821595,-0.1662148401824906,-0.6396076365821106,-0.9282428852538337,-1.2463461172115755,-1.4502545124204007,-1.6599013806113654,-1.7655008984565317,-1.8044603936558536,-1.7710369631150362,-1.6799959132521463,-1.5959531056587763,-1.368659620650697,-1.2187842744415704,-1.1299090008378427,-1.0095835217445426,-0.9317069084008501,-0.8805779865682458,-0.7894136551966695,-0.7581576830716927,-0.6847084094613243,-0.5955546165303048,-0.5743765106476784,-0.5194318698416789,-0.45291085715040547,-0.3771932901114325,-0.33205247677757294,-0.2764507226392358,-0.17206017386192984,-0.586742335415298
0,0,0,0,0,0,0,0,0,0.06880354680743526,0.17981031552743917,0.2687945559016403,0.34683597944663824,0.4810050428225646,0.49553947641008156,0.3586198198261639,0.24499253030415863,0.09278648400936094,-0.37514988780555136,-0.6764248556498926,-0.9858022190797742,-1.3016179649754618,-1.4971186132996288,-1.6117935601620246,-1.679985994839655,-1.7664645094351303,-1.7774493911633926,-1.7691278121254843,-1.6857039682501993,-1.5570321469017783,-1.4572363857503223,-1.252758731029856,-1.1104676354826428,-1.0892706864386996,-1.0023289022844108,-0.9002000753479479,-0.7619363524488838,-0.6146128474488551,-0.6201510447998826,-0.5617570923604697,-0.4999486347196796,-0.46386945613395425,-0.43522199952192525,-0.4001091284753137,-0.3334854490353369,-0.3119357381483511,-0.2699939744342942,-0.19997441547577297,-0.1479636640672428
0,0,0,0,0,0,0,0,0.20495750274866972,0.24438133416779265,0.26726520806765686,0.21426808340605347,-0.0014994450020566399,-0.13510193737997025,-0.28579794425986316,-0.6062386341611455,-0.7490645714263455,-0.9539803822108719,-1.2187109543223846,-1.3705605270137138,-1.5029470170921475,-1.6312682235579354,-1.686457771773734,-1.7359640403824943,-1.7525029409873982,-1.7859677985438163,-1.7753546497571886,-1.7466578142870257,-1.6814433439858807,-1.5771870922133526,-1.4858838145943396,-1.3164855202566648,-1.231801755889129,-1.1699651073914847,-0.9919635155458161,-0.8838483962869013,-0.7610055195743957,-0.6395196857970296,-0.5779598154970265,-0.5401601941447133,-0.47834510475300873,-0.45299243861566846,-0.42532665194989255,-0.37274819179334695,-0.2995763667624881,-0.2633894429508399,-0.24171009972032656,-0.18032680727475012,-0.17764454556843476
0,0,0,-0.4068642327559789,0.2832407744892399,0.2640313695152679,0.20428843687889792,0.1605645225374539,0.0594085225781453,-0.16383064693541857,-0.2663468069990575,-0.4451985454408289,-0.6732270691196875,-0.8249204061567407,-0.9652549343618262,-1.1324194258430686,-1.245248853314716,-1.3598317103992992,-1.4731153012528238,-1.546803374966416,-1.6208944058684613,-1.674078564306886,-1.7095573876950583,-1.7413693036591145,-1.7577898590941943,-1.7753584807817309,-1.7546757159216753,-1.7480625084311314,-1.6358559372707038,-1.531885877098217,-1.4718103900795827,-1.3335040897726138,-1.2540558960186698,-1.194437373101284,-0.9709312945617958,-0.9065748879641599,-0.812861866223871,-0.7142198339933074,-0.68592767888005,-0.6606624360154444,-0.5866439589948718,-0.5064609167311966,-0.4427349197371331,-0.4073374314558891,-0.34213614756866645,-0.2998591111370819,-0.26381554271887736,-0.22841551183738376,-0.20439589280978807
0.08946165001953922,0.11195269189011339,0.02366854726030008,-0.058853976425195936,-0.15064778983915997,-0.3664127358124937,-0.44190090612056904,-0.5555051472831466,-0.6701215101310768,-0.8412355286871732,-0.9691810067439082,-1.0470696112856273,-1.180533081442122,-1.2860873165025786,-1.3509632465552435,-1.4369475192343524,-1.4789994954005479,-1.5297631485486827,-1.5903010514868134,-1.6119000258688587,-1.658245194009929,-1.7092585829413847,-1.7306497548512216,-1.7418116872683456,-1.7466543297148482,-1.7519872857575647,-1.7389992969296184,-1.7180988308373457,-1.6765802629629154,-1.606172080662403,-1.5606342806820401,-1.4688521914302692,-1.392085318405928,-1.3377095699452257,-1.1750655409819002,-1.0504590712146185,-0.9392767124369532,-0.8803578589189098,-0.8277001194948203,-0.7820658531725073,-0.7692012661784627,-0.7166080109691275,-0.5862420424015075,-0.5203905892186851,-0.3952734866647947,-0.31420762855734047,-0.28865245048644556,-0.19299871924400253,-0.17588951205757403
-0.24042672514036606,-0.3590720809068372,-0.5190994876140134,-0.5908717540665048,-0.7038085723005669,-0.8248189247525503,-0.8976564616509729,-0.9962573360338549,-1.0621807932589464,-1.1737934439121702,-1.2531362953261256,-1.3132207449758726,-1.3882617703338698,-1.4512698783795723,-1.488128454734114,-1.530553465026846,-1.5494794474624392,-1.5836489809881285,-1.610902844732978,-1.6391807820157793,-1.6717151997327526,-1.6989507336494971,-1.7183522396235826,-1.760710576157628,-1.7820503760467754,-1.7911771479048089,-1.7841251117656993,-1.7649612847791432,-1.7235840111914915,-1.6872738895220087,-1.6549866023960276,-1.591916046066626,-1.5239156384923942,-1.4675601703584398,-1.3392073377433054,-1.2710835698596048,-1.213300392930812,-1.071586109516767,-1.0030790662174904,-0.9658379648335861,-0.9114126387037957,-0.848214581761351,-0.7889239972599489,-0.6666539834917236,-0.5457551420614711,-0.4706707653694057,-0.4101229792617102,-0.3189813907099577,-0.23699005978453538
-0.5956343210034492,-0.767410530019469,-0.9123285126743633,-0.9673100580810737,-1.0408165674643526,-1.1317058081923663,-1.1831978741237943,-1.2512351543660822,-1.310520802812746,-1.366512160593819,-1.4365433927495979,-1.4667857794473822,-1.5053912124115914,-1.5300460703914571,-1.5441646221732133,-1.5554527282642452,-1.5665536321208406,-1.6130629655326205,-1.6442181459772138,-1.6545958008739479,-1.6865313967049969,-1.7208104302532818,-1.754055778816423,-1.789471260028278,-1.7953758225658702,-1.791381417299366,-1.7654010297338363,-1.749863513274105,-1.7271968402039315,-1.710284818719104,-1.6973051301516373,-1.6643504689870516,-1.6513178822001024,-1.6228445206617537,-1.5574012151313346,-1.4960291611971666,-1.3530017408001433,-1.1934187280077644,-1.1169218241769203,-1.0405893238839625,-0.941703905405731,-0.8858184879633828,-0.8145012533332484,-0.7446448696998731,-0.6662759500735835,-0.6189902224526821,-0.49375574802055416,-0.3832834789648058,-0.3508164712596802
-1.0411534285639894,-1.1069733179824954,-1.187748762821309,-1.2198521109836518,-1.287450317780078,-1.3320410468200756,-1.3747482165164875,-1.407826860328837,-1.4474300657823045,-1.4741249175031264,-1.4171634838979565,-1.350129878590449,0,0,0,0,0,0,0,0,0,-1.3633696483550295,-1.6031741517243456,-1.7231661871338135,-1.744041193828661,-1.7713274158528947,-1.7681872070586084,-1.7760057523864032,-1.7803105536426267,-1.7988204469435234,-1.8010442157635438,-1.804105148884989,-1.790987694712113,-1.7371071006420709,-1.6266309616297883,-1.5600723953376838,-1.432054110184766,-1.3470981923625467,-1.3053082831013494,-1.227649487677966,-1.1305271894839912,-1.0753148982130352,-1.029307095507406,-1.0453027413681641,-1.030478856057286,-0.9406615451100236,-0.7937076116298416,-0.6358231354108109,-0.5952902909484064
-1.2251281934888456,-1.2479028814768482,-1.3071000431522253,-1.3303536752772678,-1.3085922359645332,-1.2709348976452102,-1.1973782705019194,-1.021735370712873,0,0,0,0,0,0,0,0,0,0,0,0,-1.1128559373865323,-1.4234794954737153,-1.5792336834089447,-1.6884753306649711,-1.7178397887775658,-1.771460708253702,-1.787735326775843,-1.8017590925287255,-1.8226231482625235,-1.837188558385088,-1.847913744005504,-1.8437210288486332,-1.8386906883430714,-1.8054163082531365,-1.7540906741920133,-1.696695294569414,-1.6094287347157004,-1.4921193939135482,-1.4898377116901054,-1.4144951892475386,-1.4472848423584372,-1.3935592213788979,-1.3667982839444721,-1.094406225414101,-0.35102423818874173,-1.3678059656535322,-1.3528287770278562,-1.069338916563732,-0.9274265186839562
-1.1917212865109006,-1.1627263955954656,-1.0518739776234907,-0.9546764783436021,-0.8259081994945358,0,0,0,0,0,0,0,0,0,0,0,0,0,-0.8446408706108022,-1.1001943726931864,-1.369438618052184,-1.5546752246609317,-1.6189952530407192,-1.6949844681447994,-1.7262231765765665,-1.7635424035149776,-1.791554537117331,-1.8112652054556686,-1.8203141364268534,-1.8459138442973957,-1.8524132571847987,-1.849361785111402,-1.8428547175264212,-1.8152787275945792,-1.751028445464977,-1.710230034627381,-1.5839056204430104,-1.303910835594241,-1.2441200638837606,-1.0811404601880918,-0.8256517690742536,-0.97578918980734,-0.845298533227827,-0.6692207711471072,-0.6290446534632328,-0.8018814421161825,-1.013507033874516,-1.1251765511769507,-1.1518769084092628
-0.943260488617013,-0.6976207328815656,-0.41048697329812966,0,0,0,0,0,0,0,0,0,0,0,0,0,0,-0.9658476513537201,-1.2284429385900395,-1.3775829325063174,-1.511693437278112,-1.6088529491116361,-1.6567018621584795,-1.7031776519722566,-1.7346786577503832,-1.7655305665193368,-1.8054066597587166,-1.8242357332751953,-1.8220260543759754,-1.838568772623038,-1.851222742619739,-1.8515847908749825,-1.8428262533574806,-1.814424514580442,-1.7352462849516883,-1.6873996538576155,-1.5956220687440426,-1.449107935584098,-1.3451079990094303,-1.2045017760557841,-1.1433845669732419,-1.1106871211751723,-1.0386511854354117,-1.0261500610147727,-1.0207575453837345,-1.0530919153236706,-1.1198891581715915,-1.1648252010093962,-1.1983005931198805
-0.6581020773421553,-0.6260900484170631,0.6207735243899472,0,0,0,0,0,0,0,0,0,0,0,0,-0.9305301576395263,-1.0967556857607665,-1.2761711966713396,-1.4325298727020346,-1.5091989747683991,-1.5896922368752222,-1.6576795667835296,-1.686503879815229,-1.7358498180950266,-1.7559554712562193,-1.7696296466199275,-1.808239924670015,-1.8159606825637398,-1.824740513950071,-1.8453414215932131,-1.8563626634705332,-1.8430970317171305,-1.816326394493253,-1.7885209173913117,-1.7110876945192224,-1.6686669208050557,-1.5853241868874934,-1.5175772702031465,-1.4830425392203797,-1.4154930824554246,-1.3320054734194502,-1.3017131122113699,-1.2524805749207306,-1.2365947418318481,-1.206320638502112,-1.1949557473152055,-1.187487417637848,-1.179234805101339,-1.1888713423207191
-0.49990736267754954,-0.4167625768667394,-0.25104563160070387,-0.30823997317145185,-0.5411064862632253,-0.4771804728854815,0,0,0,0,0,-0.9177630625882259,-0.7711119745260524,-0.9870854672760708,-1.1350899359691793,-1.2954265364377697,-1.3914416592224452,-1.5022556567948375,-1.5659240290399234,-1.5985250995059,-1.6583811062290763,-1.7025429624938326,-1.728320265567764,-1.7742366952073663,-1.7845717354601018,-1.8060196399529398,-1.8115885333852622,-1.8161326442249643,-1.8206860023556393,-1.824291161307314,-1.8169899775365044,-1.7856775507961165,-1.7512450970760884,-1.7198153451442957,-1.6343367733928718,-1.6280864040468002,-1.5747719496742447,-1.5377522560661414,-1.516425765765283,-1.4951858641665565,-1.4498041624228841,-1.4132871371580211,-1.3564953448269177,-1.3371884000599874,-1.2872356599191035,-1.2641475636847588,-1.2503748734175646,-1.2377818560851326,-1.2354663507230932
-0.4958352783156124,-0.4897967330145249,-0.6176050254810099,0.6129703718790401,0.6036990211424499,0.5122191378595948,0.5714506290853676,0.5949404553942461,0.708576075175184,0,-0.9240025085257372,-1.0836952430939284,-1.2433852860432086,-1.384450496739765,-1.463171253687866,-1.5630896854386807,-1.6130849717324034,-1.6461394044683848,-1.6605556778576838,-1.6847469284476828,-1.7257126977452004,-1.742237468722715,-1.760506425142909,-1.8026052633832252,-1.8220735638975099,-1.8097094993509775,-1.8120554760339789,-1.8076382720079207,-1.798152981130356,-1.7742827624006738,-1.7626431787364067,-1.7217526313865346,-1.6888836385703119,-1.671897297265393,-1.6347876018083167,-1.624106053349271,-1.590368095847801,-1.551302020935335,-1.5312155283292894,-1.5107775220648036,-1.4727709693805036,-1.451517647860012,-1.4128602744397856,-1.3684615452951492,-1.3633177503922107,-1.3634779376169854,-1.3543657081002107,-1.2952321610949817,-1.2753415556902858
-0.6444868098704992,-0.7444194040508266,-0.7236419555811147,-0.7557407286421225,-0.9110055727947854,-0.9488614215246506,-1.1071862090223445,-1.2273701960980594,-1.3080863223482437,-1.3780723060209048,-1.4613333330084377,-1.4992296992566414,-1.5628718950465779,-1.6200222550821746,-1.6467467146287058,-1.6782174170692505,-1.7051155665916495,-1.7239956381746535,-1.7329589620110504,-1.749774699345614,-1.7752067539285374,-1.7861033468880796,-1.7864287724533827,-1.7947631052777429,-1.7892458798203346,-1.7644954276511449,-1.7602696338260333,-1.7536669754618714,-1.7084341601324473,-1.7013260708358162,-1.6919406068850398,-1.6713250310545653,-1.6507292254190857,-1.643791697278336,-1.6259750637491668,-1.5997736758732966,-1.5753830870904417,-1.5439577418782757,-1.5251637807142266,-1.5116444622180134,-1.4979254414025382,-1.4758400204297453,-1.4512377241944099,-1.4346125342266693,-1.3977627645830377,-1.3905865489284568,-1.3904294263076762,-1.3398966123907272,-1.3023257264938937
-1.0196654099033362,-1.1127581471556203,-1.1509323853888405,-1.1858413440316489,-1.330770261828003,-1.3606468268445937,-1.396453428081374,-1.4855231285142487,-1.4934019972865542,-1.535586687685482,-1.5699402119792891,-1.6011385297350182,-1.6342281679633017,-1.6767022218372838,-1.6939181246775183,-1.7147872238720194,-1.7237997742795983,-1.7390155622556853,-1.7527683921391264,-1.7553916668451242,-1.7714566448367917,-1.7693481206689632,-1.7709690836942709,-1.7828659885378573,-1.7806805506761514,-1.7677214939130075,-1.7586343323297626,-1.7472842073605517,-1.7147546680064765,-1.6904236846740255,-1.6784048207598894,-1.6526080351094863,-1.639616768178318,-1.6255886346443573,-1.6015868169590006,-1.5902997176232772,-1.5637974013873202,-1.5353785103935238,-1.5145324228369554,-1.5041360798521668,-1.4748419957108656,-1.4629023291148435,-1.4609138918023143,-1.4468730032147024,-1.4273562997144986,-1.4361694264309621,-1.4429454538224997,-1.397390589657237,-1.3703049161508951
-1.2290080364844258,-1.2971142029796523,-1.3580293247240904,-1.370647263767575,-1.4452405500193777,-1.4840888963765377,-1.5051646810825674,-1.5343573583284977,-1.561422773291321,-1.5825035030152965,-1.6137512395129017,-1.6222208606925153,-1.6512061418755735,-1.6767796489847369,-1.6898428404996355,-1.703360123275247,-1.710270130972484,-1.7268283438857455,-1.7338900888210809,-1.7419778354914197,-1.7439749152398707,-1.7390568688789658,-1.7374921205469969,-1.7411418072158726,-1.7401982593650185,-1.7268921816932472,-1.7253395968691867,-1.7141514640672555,-1.6911743718221148,-1.6744970161083652,-1.6492413332852627,-1.6313004022266306,-1.608089759703948,-1.5937055642360136,-1.5872760793832885,-1.5667885025623038,-1.5566405856176784,-1.54461523218255,-1.5271847344105414,-1.51150810202668,-1.488735893589396,-1.480534786768538,-1.470081372178099,-1.461876042795719,-1.4493585427040587,-1.447597220474839,-1.4411430801445584,-1.4196928598965886,-1.402198378878118
-1.3824363438381078,-1.4200716626501722,-1.4612479408724235,-1.4800122183741538,-1.5142558736277762,-1.5332891878787256,-1.5476830836929503,-1.5552988124921905,-1.5672309174388448,-1.5880863153368117,-1.5898809287188056,-1.6147873877951675,-1.6432717573827245,-1.6533373443665593,-1.6639486984895677,-1.6787018446257365,-1.685264078650844,-1.681122652422631,-1.6812090208309232,-1.6815182026676678,-1.6973433284675594,-1.7000142031827858,-1.6995933452695617,-1.7114583477124408,-1.7151070127025128,-1.6970829282853657,-1.6833774636549497,-1.6781688631821896,-1.6597321473441897,-1.6521779895177475,-1.6374404768668116,-1.6165988176843884,-1.6120078564823836,-1.6034834574660959,-1.5873136993510106,-1.581045917647131,-1.5867109142756324,-1.5679699480272666,-1.554138990968204,-1.5404295268769916,-1.528224470141047,-1.5139368792412666,-1.5067252230838089,-1.4933174951104093,-1.4795618073234873,-1.4767237679650205,-1.4682243893570064,-1.4526573295292082,-1.4387407737996303
-1.4341295558846443,-1.4710851373321434,-1.4961355971935175,-1.5077553905033017,-1.5229864243713553,-1.5410965479062944,-1.551947038327981,-1.5578119116339002,-1.5629308733685645,-1.5868460415191157,-1.6075514491118443,-1.6085039822653244,-1.6212111731317813,-1.621075181184433,-1.6219716721225539,-1.6356372234390852,-1.6399247831529589,-1.64206836256198,-1.646181457868578,-1.6487063344003492,-1.6517130882103106,-1.6544973779296364,-1.6505729479342788,-1.656239657395846,-1.6596478681333122,-1.6565331645180437,-1.6577738835335438,-1.6551582945658871,-1.6417962797057124,-1.6334433280309673,-1.6331196275740956,-1.6203739255622673,-1.6215620613031885,-1.6178756134381627,-1.601753834419682,-1.5993232700666673,-1.5933726778611712,-1.5727163955740953,-1.5683425189520321,-1.560602678717272,-1.5374740657625454,-1.5341283359290734,-1.532356893626492,-1.534447039202068,-1.5064531236824483,-1.510588526403828,-1.4955169465817393,-1.4483630335607696,-1.4314844540798992
