jsons/1312750800.json
{"header": {"parameterUnit": "m", "parameterNumber": 3, "dx": 0.1, "dy": 0.5, "parameterNumberName": "Northward wave", "la1": 40.97354507446295, "la2": 16.46031188964855, "parameterCategory": 2, "lo2": 133.9931640625001, "nx": 191, "ny": 50, "refTime": "2011-08-05 8:00:00", "lo1": 114.97908020019554}, "data":
[rows 22 to 43 of 50, columns 100 to 149 of 191]
1.405323211783516,1.297314432453585,1.0846171380764764,1.0283451077368435,0.9813987679998003,0.8967598684122766,0.8776535777711477,0.8551985556747089,0.8331491624239136,0.8396453679787091,0.8412690479803191,0.8631674504077695,0.8159710256136935,0.807131056742443,0.7933905189844311,0.7730908757897922,0.7872350857453533,0.8080422709409872,0.8056295580696753,0.8120168500108159,0.7967428532624544,0.7353364292153524,0.7198388816581389,0.7003904835436393,0.7201839610533252,0.7572817674717314,0.7945580718073987,0.851355041796853,0.9090254347562515,0.9441443129791625,0.9922006971638194,1.0437042671971017,1.0707444011511786,1.0979233793765335,1.1093699383555284,1.1166363491795415,1.1274046449840927,1.1560201286798935,1.1701130403000348,1.1837749009168863,1.170732792768915,1.1698304412555383,1.1579384328634161,1.1340909877500598,1.113260499286929,1.0852865036458559,1.0384297626310688,0.9927847544666789,0.9611380215922471,0.9266837722606204
1.5374541610604329,1.489005027878793,1.3142487121048478,1.2802074889838184,1.2019372086076623,1.1051229963866063,1.0269572466484727,0.9943746898447352,0.9300199479158537,0.9315596574624463,0.9187907366031128,0.8759331972141604,0.8437058244823822,0.8158997562420889,0.8040173440109081,0.7783305058340322,0.7891543101447404,0.8151614375572872,0.792499732987385,0.7812071908883446,0.7809286326744537,0.7445847446476243,0.8028180911740246,0.8720602773757427,0.9200887746858171,0.9584757359738875,0.9854204297322163,1.049441466193335,1.1028440093881042,1.137214623045666,1.1587444035535563,1.2180747362158675,1.2708881758769122,1.2823964879016654,1.333335421604075,1.3465656901018142,1.3524607547604979,1.3745055114175517,1.3845270216095378,1.3820860752520983,1.375150444007347,1.3691615413910987,1.3452947886086937,1.289467271270102,1.278782928021611,1.2303894981313976,1.1997613169948664,1.1322819946763931,1.0841837441814066,1.0450199079709548
1.5793487182265684,1.5729089065548387,1.5209926867648014,1.4888058657657346,1.4361883191193936,1.3309723994850466,1.2825280902914276,1.2466739571961987,1.1664761607033987,1.1241767225549057,1.0853489585272533,1.0653593972133693,1.0529330370439287,1.0254311895755106,0.9671767108960546,0.9724164174210991,0.9857822761156251,0.9983397795434191,1.0370741842829954,1.0604123695656493,1.101535027903993,1.1329079396726265,1.1458417953888973,1.1849793286291368,1.2511415842066016,1.248253756518901,1.2653492617310407,1.2877971559115802,1.312775490733701,1.3452679245815502,1.3529342673399463,1.4027894275756305,1.4146536361426354,1.4302510803412951,1.4803939305762674,1.5223807324942447,1.5282791520404662,1.5740922906913561,1.5752864989074593,1.5703573726060576,1.5990233451125762,1.5917731744080295,1.5637155244568814,1.5414242714151227,1.5061148517873084,1.474779072299933,1.4394190419350608,1.365025458234886,1.292473860631471,1.226596011577993
0.9313497132841666,1.421060730710998,1.5215302572577545,1.5048583403788605,1.4884767182130019,1.445122116899404,1.4088021942796904,1.3962478316403286,1.2950443345951115,1.2526434135369675,1.277707274970594,1.2325657557307401,1.1900742694234172,1.1358923414792512,1.181082806744368,1.2093323231066262,1.2603347614766076,1.2792870651446722,1.2778375028684479,1.2794362188535768,1.2707350147516299,1.2938419644640822,1.2944928628957209,1.2923758735969209,1.3672549422391107,1.400842709088717,1.4618285841242697,1.506293534298687,1.5420957914647462,1.5524668144736786,1.5582633504255206,1.614602900062993,1.5942800200778802,1.5886942685835295,1.5690004932073438,1.5677080638257028,1.5845151009145468,1.6280575515157918,1.6479086708284785,1.6620380737593985,1.7392323820702142,1.5947707092735688,0.5660414235998529,-0.6849935736948569,1.3590319813013565,1.0965432720934685,-1.0345912179636025,-0.7330061878870519,-0.30699239123566785,0.07463158901443499
-1.5100496425040604,1.5053042865631774,0.8312400177352317,1.3355436009868937,1.5116738127458236,1.5541012465842776,1.5445879350098226,1.548299546467581,1.5137899962200336,1.5100240893866086,1.5187124287234226,1.5161366346817189,1.4510207458480142,1.444603764547601,1.421490253371565,1.3978757820257024,1.3958039466867278,1.380443077816293,1.3044117787816962,1.3207323832867168,1.3165756657290788,1.3089649964803738,1.3051289478728656,1.3111675148337238,1.3959379211084524,1.4203273951225999,1.46045232776772,1.4736340549307008,1.4923406039644294,1.523558660489019,1.543908204049651,1.5909540931644937,1.613061383343338,1.6326928810360337,1.6789942363616552,1.7152171070356472,1.7355502366376632,1.7522258043305607,1.6078079786407422,1.632080915730787,1.2999068280903348,1.4629950162994505,1.5501285668882552,1.4051415895709125,1.3472099471172196,1.2946902120414794,1.2050432384161134,1.1629317396280365,1.0546511119542927,1.0308875691522323
1.4855405677829587,1.4617274280993315,1.036055869114407,0.14004393683609093,-0.9973047101291193,-1.5166707857058213,0.6108606030435719,1.3889883040779818,1.5296752652377361,1.5258654193625658,1.52352525675107,1.5112847468544695,1.4824561124833153,1.4849954774458276,1.4795435699997934,1.422603363591027,1.4315265317738217,1.4164032620397737,1.4054671885872612,1.399498484194982,1.407570893806346,1.4103523061488699,1.4135568009176604,1.427111072451827,1.423629957837156,1.4537001916150236,1.4970201005067338,1.526615515421589,1.5360776114693735,1.5504357756833678,1.538925762552067,1.5672756772893808,1.5955975863772893,1.6171052555355556,1.6393585919159392,1.648717203514023,1.6548455355212992,1.6368009473134364,1.6538194214108939,1.6371764747964097,1.6248384862754135,1.6161783271984271,1.5683026620929608,1.5099964856477033,1.4941045835197768,1.4337715784164569,1.4054872411099213,1.3800867446315865,1.3647490121729626,1.3514923194031598
1.4528617310215004,1.4572902818968492,1.4677980971623121,1.3679506175199507,1.3187275891667327,-1.0643511309797606,0.6051524023780712,1.1032867752866873,1.5030756416156703,1.5066400753016889,1.5048537059736264,1.498254216186536,1.47966386324181,1.4837706255705183,1.4720255023585125,1.4583355753479377,1.4641872905737003,1.4607937153104185,1.453100746326826,1.4623929220826826,1.4649101619627725,1.4863400226981602,1.5029056047898524,1.5150639526575493,1.5204943607284462,1.527376288321024,1.5498713741417727,1.5862945498518395,1.6109304924076455,1.4843446541913803,0.9534457668681168,-0.816527600064657,-1.5987127756424628,-1.2544876595446381,1.2034515414162006,1.633273517958639,1.6927672560150848,1.6730951691562983,1.6682016054677822,1.647611183211808,1.6389493295246484,1.6252059265886893,1.6115172104165227,1.5942966790470339,1.600120250771117,1.571907920853954,1.5685496896740745,1.520588496300623,1.502592203764193,1.4893840424696942
1.4343609783300786,1.4516877917223854,1.4571604092562356,1.4615240527082922,1.4653699239669562,1.4375873755811526,1.1864844194149575,1.009401334383989,1.4780924668319937,1.328404526469215,1.4060232944896418,1.4975418008397918,1.4935605320156995,1.4941083955438743,1.4955392321891907,1.4858435776384482,1.4937249985455645,1.504320477576547,1.5185938247715562,1.5307857607332789,1.545083958954164,1.56057889602812,1.5785963793947355,1.610053785249521,1.5508359219613548,0.818954939166537,-1.5353979403373426,1.5499484182130372,-1.0296576927584613,-1.1061792517289448,-0.5996777162528562,-0.3071972998662458,-0.25388104620193014,-0.2059799094431183,-0.12259318475789942,-0.10092889027324883,0.02937835400823774,0.22494547296387676,0.40852599143852597,0.5379444015171184,0.9080061186852169,1.0255252757424589,1.0751310284742865,1.189153169656158,1.2602622731744684,1.2855266222462711,1.3039550981788832,1.3275301763218654,1.3251423545309085,1.320034659758936
1.4301335455154207,1.4326819727248326,1.4336858373500136,1.443514122445224,1.4488651854747243,1.4659968057805162,1.3587116639203098,1.3640465680226856,0.26463839152320456,0.82211656266233,1.316515940745909,1.4733040663489703,1.494540666588739,1.50077345272071,1.5011038313926892,1.4993691212085833,1.5066149898951877,1.5116053542706358,1.5130574508950452,1.5251474877517694,1.5462839291490797,1.5472472016796892,1.5540189188276199,1.5882310695487618,1.6192135758427197,1.6404398474145607,1.6460153928932848,1.6588271065417175,1.5754853040123684,1.465344840696279,1.2595766027181343,0.9394185142075249,0.8718971886657293,0.8529083124627148,0.7922850253159067,0.7554262442961951,0.6414474497421659,0.6968038953041755,0.6753898111458776,0.6699973951820015,0.6630364187881279,0.6842785559069362,0.6992287287632298,0.7363766581556792,0.7259190894701385,0.7447035380219511,0.8278223093111109,0.8505476432336623,0.9073584260771389,0.9481545372992173
1.4071479286074997,1.4003966583763863,1.412973550004233,1.415294670810321,1.41400039733095,1.4311453812261339,1.4464959064853247,1.4577448844397658,1.4678854748778833,1.4790469844842709,1.4857271102904148,1.4773796674343578,1.3686466569528073,-1.4968414214347336,0.8052456329724832,1.3757859467238422,1.1214699860233006,1.1848482657448536,1.4694689181009037,1.38712598672184,1.5138005327354425,1.541245943665886,1.5449826432147127,1.5573064714402578,1.5674440322688095,1.590047810057872,1.6217942224997495,1.629796622556275,1.647034008403095,1.6787520646146836,1.6933865062479088,1.6651740029166164,1.6533701788572435,1.6329985812649566,1.5843790500085813,1.5771322477287288,1.5481531739974146,1.5768297206262565,1.53248932088189,1.4957776570392751,1.4135376812533806,1.3958230313399849,1.3397069944540696,1.2842561766357303,1.272691105933247,1.2284308485677768,1.2207519290939013,1.200542988407312,1.1592812638276477,1.1159907417015302
1.422779278094098,1.416977247628806,1.2430031391750758,0.9933942207934854,0.7051031806112564,1.210213638732246,1.306831191537664,1.3899886901264664,1.4237269530212437,1.4356830946734103,1.4498777617964895,1.4579469846636515,1.4683109390675668,1.4716634284328296,1.4761072571293974,1.4821674953282404,1.4943995669708823,1.4452980188264883,1.1631498635230824,0.5137647293133193,-1.027723476843714,1.4284414567435433,1.4012177597692255,0.8861961987976454,-1.4579031687141328,-1.393440955982918,0.11289168196298308,1.4718026121021763,1.5957786058343502,1.6148671795993799,1.6489322051885547,1.6529805017256463,1.6640015877710084,1.6668536597136263,1.639847998896025,1.4925479109138575,1.6783011041768516,0.006174292972133263,-1.376761181042476,-1.673435937862997,-1.3827183244992163,0.8213223117502164,1.0700292916665803,1.3934816093304996,1.4542299701743435,1.5441600463697316,1.5694814341008232,1.534238444125596,1.5114596662181763,1.500697667925178
1.415390280481861,1.4227052438726586,1.4265687412722892,1.2664089988884277,1.2825225224049634,1.3965038284602476,1.4304184305557968,1.4322725024065917,1.425152420774606,1.4287481865625418,1.429400932174893,1.437221472712424,1.4520167777118809,1.4560200986345326,1.464336557679174,1.4835118449137457,1.48984215110721,1.4930644737522416,1.5000240654304005,1.5050249118841397,1.5082249050108163,1.5125562584992633,1.513833776220842,1.5160301041959727,1.5297924913056162,1.5451025594197803,1.5609584676024069,1.5767495151434163,1.572565543091342,1.5885657624806662,1.5858530601709386,1.5823625063382465,1.5985106134338702,1.6042511472492513,1.6164241359189024,1.6226240874746691,1.6233632412214551,1.6219137052939858,1.6264540428735863,1.6231867170508718,1.5418370917337694,1.2866613962819242,1.4104836651433712,-0.4261820154233981,-1.2229600009588926,0.9977180964895475,1.5272057147308167,1.4259599386852735,1.4872635869300956,1.5487339909819697
1.2882779064791994,1.312608372400929,1.3878963664312396,1.4173305186248328,1.409285749580252,1.4324250187598213,1.431547287690755,1.423764958613283,1.437243116411644,1.4444066950021466,1.4448313837841564,1.435562180089165,1.4424672100510547,1.4431941881575088,1.445426336675043,1.454182196432029,1.4606835889466934,1.4659058264983689,1.4792415245615664,1.488700606328971,1.4973958894670947,1.5098536686422386,1.520077806388992,1.5199798474212276,1.5270249500606048,1.5257445207294482,1.5285337189978325,1.529487990545535,1.5347516142135305,1.545106818631157,1.5473148918375907,1.5556490212081981,1.5657097230379784,1.5671680979690854,1.568769318948879,1.5663429660570132,1.5671207508932483,1.5678801613907376,1.5705682312344207,1.576345422593467,1.5779119924962057,1.5803825313345445,1.5833871332356413,1.3937202379535254,1.5016799071038518,1.5271410387547666,-0.7315850535540321,0.3729565557383742,1.002455268835478,1.0242411161655758
1.1784092828495836,1.220775093681746,1.287254502516714,1.3088325653381105,1.309609054871872,1.379065893696196,1.3845344840601275,1.3918035935969972,1.4078362641486144,1.4185293939300145,1.4141116980480544,1.413539730831874,1.4284338824459688,1.4301909186465616,1.432085101294605,1.44969182453957,1.4541150387516528,1.4551325582361012,1.4737490872200736,1.4853670183929044,1.4939071318669057,1.5049654417985163,1.5137819957619632,1.515528575942065,1.53644977095078,1.5443746101236475,1.537846829948397,1.5385706339660006,1.5408312638581905,1.5377367924996326,1.5385216338942296,1.537258507944037,1.537866843457908,1.5392191846053567,1.537233245835665,1.5412743847086523,1.543043792046611,1.546335701992579,1.5494899206010233,1.5500181206490562,1.548801012970304,1.5450156141842784,1.5451917712539607,1.5455291180337174,1.4996941378570299,1.480116055667441,1.3854779925505134,1.250949544634377,1.4835578070537276,1.5230651507581683
1.1505582016192795,1.1782937820984396,1.2167631445914797,1.2496507086355817,1.2664984729664723,1.312521936556509,1.3402360705358207,1.3480322267527272,1.3746098099263246,1.3844052741543524,1.391219424285346,1.3938439485279575,1.4173208697191084,1.4232286352081827,1.4244771954782314,1.4335136105711934,1.4388714236819715,1.4458479694938733,1.461604476894346,1.4798638078929376,1.4859275730176909,1.5039981713523767,1.51409538959865,1.5261217234948874,1.5317663902883565,1.528954266526478,1.5235317796047902,1.529410644225232,1.5377409709719672,1.533106293264661,1.5351826530217212,1.5382287088442572,1.5289840951497884,1.5249908564029695,1.5316492355153462,1.529683922100161,1.5286935787204,1.526418075932835,1.528773921141258,1.5320418477696358,1.5296197265388263,1.523529427216096,1.5145184258988298,1.513735722068698,1.5073841443727745,1.5070137429559762,1.5102317131955594,1.5102435391420215,1.5080804119377067,1.5064606937656453
1.166645958242408,1.1946743038263157,1.217343061644356,1.2223267271062392,1.2499377538290508,1.3191196820066073,1.3368033424670693,1.3628677985354782,1.3998647912097777,1.4088279616670623,1.40218724428982,1.4078991372807381,1.4218797993590209,1.4194893287532093,1.4272916731689038,1.4353104278731252,1.4426813796153002,1.4536629860466552,1.4693478900494028,1.4760470448349436,1.4826106911642747,1.5081109309716918,1.5132698655304933,1.515629883592633,1.522630960225758,1.5271050793241785,1.5144135372138572,1.5137618791548526,1.529134319970062,1.5228227876085074,1.5233511149086876,1.525170999062092,1.5247859894660147,1.5245735912538714,1.5265547600344929,1.5264457717868647,1.5255706916289034,1.5243240168804206,1.523976895473455,1.5194912004313799,1.5169658290901353,1.5169971850325403,1.5143062936251288,1.514041578274562,1.5116371413987881,1.5052287198910113,1.5049391053071506,1.5044180305676436,1.5055239806766536,1.508230518425816
1.1781406993609826,1.1934213981814377,1.2428197985321607,1.2527679857190122,1.255876291841576,1.2813108336617316,1.3145755926662175,1.3261727582132614,1.354874707757041,1.3517415810948108,1.3679416017955475,1.3851942579960348,1.4013099878429056,1.401610892845478,1.4099278980135064,1.4331939490071062,1.4357380874358108,1.445102416089469,1.4711772412156419,1.4790316140929822,1.480669231490232,1.4978848227463248,1.504577417340236,1.49493275871626,1.5185330047607166,1.523201453575474,1.5217098540442526,1.5227256400280174,1.5341625160683376,1.5341474471077967,1.5378955272998198,1.53943261780482,1.5299533366730134,1.5268522781200926,1.5273467369182043,1.5182292029094306,1.5168724496747703,1.523781468803163,1.5267802400911454,1.5311820665780176,1.5370037381809116,1.534767123345684,1.5240413921253928,1.5200008369573204,1.5151299686974444,1.5069238926877837,1.5068598037404928,1.5057525448734848,1.5001313097585143,1.4959091876194732
1.1932450835219963,1.2127998493996308,1.2366022254742193,1.2501413397237588,1.255163910254811,1.2568955731723361,1.2722900824299408,1.3041874124869812,1.3529958416262657,1.3786410162768747,1.3780525546792972,1.3871553066888502,1.4076219378464958,1.4055075642292572,1.4027457180649199,1.4259912527751013,1.4313335349901513,1.4387363218300095,1.462643293141299,1.4723783255333482,1.4878511567749886,1.525457558267054,1.528370604433362,1.5212212809679349,1.5260597608450948,1.530825535908089,1.528201306307352,1.528101085882277,1.5334550766833575,1.5235189815812824,1.5188224934267947,1.5213158784169631,1.524169064057011,1.5245982046822126,1.530889303054919,1.5263310332338496,1.5259959659884161,1.5291731112741087,1.527458821381685,1.5263316669997622,1.5266507120939705,1.526778593855268,1.520805939597415,1.519386735552592,1.5184295581943914,1.5135067795557393,1.5066203680150951,1.4905277058428823,1.4772141072138454,1.4652375092890841
1.1924371441472525,1.1930801891448528,1.224870685418815,1.2415412110988753,1.2448633575141288,1.2851966882338548,1.3167190784803713,1.3457232119718878,1.3717778492846608,1.4024010685485022,1.414933428550605,1.4306327289491156,1.4434535076537638,1.4509206752193997,1.461716505500629,1.4779428190839423,1.4808013297333185,1.4887162157093916,1.5058155960944373,1.5181168794624285,1.527192614354083,1.5287647598644103,1.5368884064265047,1.5547297296505915,1.5758667167624165,1.5813767093543467,1.577352754627006,1.5704602257449982,1.5645396462939596,1.5561003865294065,1.5551792347658584,1.562608881376294,1.5544714137391116,1.5543627044641788,1.5557046695962085,1.5501439757849418,1.5497015247171295,1.5489376167945588,1.5454922278236785,1.5389507225050822,1.54180035082752,1.5352558812789208,1.5250561779396303,1.5114654550736963,1.5080799488000451,1.5056464642574259,1.5106036540597638,1.4893108999587772,1.4456963654458852,1.4143716475720831
1.1490947377546576,1.1631168343456666,1.1932444949885497,1.2100323298833757,1.2266754948871537,1.2890249282833304,1.3376892141443033,1.3727956366043894,1.4141038563860069,1.452723916333279,1.4782096767363408,1.4780217643835665,1.526929580643095,1.5437562758597265,1.5532808636657842,1.5507690559116982,1.5394447493992918,1.5459765821874518,1.5704382443367388,1.5764923558896748,1.5859831520903491,1.6012030488814275,1.620400895575454,1.6356692056606834,1.6597890155151058,1.6433146585136695,1.6119227966761265,1.6023112438336893,1.5984715611899252,1.5897990161260893,1.5828861482928824,1.5783126336379325,1.574600622633842,1.569293555116045,1.5647901480774566,1.5529500613975546,1.5528723676135083,1.5576908359740944,1.5654734989231431,1.5685133681513317,1.5497408218745137,1.528912067215289,1.4910734302877704,1.4647057627651296,1.434213264981067,1.3682507502804597,1.3144771147664305,1.3225122076806453,0,0
1.1285736478301378,1.1581002927151705,1.201438064103969,1.2162910603077457,1.2389317108034053,1.2662791781096547,1.275998334853933,1.2862311524459062,1.262499468851456,1.3102138165590804,1.3881591045635093,1.4275510639716502,1.4753315530872229,1.5071741373037408,1.552163450209354,1.57793184170247,1.5670177101299787,1.5713621945466079,1.5793060922603686,1.5923832875624029,1.5844937333874656,1.5868033267856476,1.586698016750782,1.57617063214663,1.575959594531727,1.5633606272545828,1.563209074580844,1.5695295045068631,1.553239323504484,1.5365370609248397,1.5461069831212704,1.5662461962235872,1.5633303823944438,1.565274305860568,1.5636905933155294,1.5503817713612675,1.5495535780324845,1.534291991103668,1.511694692046508,1.479212817857233,1.451999737155234,1.4204089902766737,-2.864000744416645e+38,0,0,0,0,0,0,0
1.0895513362596108,1.1092315219148912,1.1447654913565715,1.1502094399845568,1.1704094143173271,1.2226242724715817,1.2353656822352703,1.2580558990086512,1.319421214084037,1.3438361529993783,1.370962443638284,1.386606380863242,1.4393915944317517,1.4384174158932592,1.4496890604657677,1.4687446541289326,1.4757769191075538,1.4886419746683905,1.525639281851251,1.541933799145728,1.5321649026194435,1.5176006520868963,1.5090094428028842,1.5043140202396543,1.532671400506492,1.5355829675107382,1.5442450228318993,1.5308421594417858,1.5051490702213972,1.4872076573302029,1.486050279036204,1.4804693207511053,1.4638576577381022,1.4553009077083554,1.413502730690378,1.3652267078641005,1.3573823166097843,0.4080464706764436,0,0,0,0,0,0,0,0,0,0,0,0
