jsons/1312923600.json
{"header": {"parameterUnit": "m", "parameterNumber": 3, "dx": 0.1, "dy": 0.5, "parameterNumberName": "Northward wave", "la1": 40.97354507446295, "la2": 16.46031188964855, "parameterCategory": 2, "lo2": 133.9931640625001, "nx": 191, "ny": 50, "refTime": "2011-08-05 8:00:00", "lo1": 114.97908020019554}, "data":
[rows 0 to 21 of 50, columns 49 to 97 of 191]
0,0,0,0,0,0,0,0,0,0,0,0,0,0,0,0,0,0,0,0,0,0,0,0,0,0,0,0,0,0,0,0,0,0,0,0,0,0,0,0,0,0,0,0,0,0,0,0,0
0,0,0,0,0,0,0,0,0.008273929950503483,0.02357701308684227,0.029629604831493496,0.036584316103192856,0.04875551003163653,0.05596816209204287,0.061063148756651295,0.06758069859533601,0.06914935954107404,0.06651824990522101,0.07373345842732654,0.06486990305758909,0.061107652700967116,0.07564184205653067,-0.052403957326635234,0.07355040419815226,0,0,0,0,0,0,0,0,0,0,0,0,0,0,0,0,0,0,0,0,0,0,0,0,0
0.031452655063292485,-0.03263042945538738,-0.010303888628539443,-0.003452381652987606,0.006620068712104699,0.028674248748247304,0.0398077193953006,0.05351874919233811,0.06109112605052927,0.08346687145751362,0.08848044326482059,0.09785928899054679,0.10850262083744312,0.11344792458602428,0.11371628669241783,0.1121910622412782,0.10441620718839152,-0.10118847009962911,-0.049122768643607956,0.09435773427949355,0,0,0,0,0,0,0,0,0,0,0,0,0,0,0,0,0,0,0,0,0,0,0,0,0,0,0,0,0
-0.10219020387802873,-0.0830818387143554,-0.02747775359880703,-0.0013350290308509689,0.02186372514295412,0.08168285986303447,0.097976392923572,0.11281956563917855,0.1250253921446315,0.14073317787692344,0.1452478491006436,0.14893169091150954,0.1515226340562691,0.151221252297599,0.15219217366447016,-0.01751566800525619,-0.03820867208200339,0.03261112674838674,0,0,0,0,0,0,0,0,2.440171016871794e+38,-0.17794478512221915,-0.18902278468554665,-0.1972417135681507,-0.1925732407157669,-0.1948565189901057,-0.1926680933679383,-0.1953817533019273,-0.19331012296779818,-0.18013881338240262,-0.18341810643603504,-0.18007249062026986,-0.1625553314083937,-0.1250163712335982,-0.08220571268974958,-0.05571281505575345,-0.04901294884163913,-0.026737204581371646,-0.0043767216556029965,0.008978233405161736,0.01998550482412299,0.04430157404943367,0.0595287483570611
-0.2536624336179791,-0.24766711192762017,-0.22402309881282145,-0.2157083228431321,-0.20836316711986264,-0.13484448876915522,-0.11283589926534994,-0.07257813552090385,-0.02263352025340912,0.07613736856977009,0.13292430897076338,0.19136965566051992,0.20637178419577862,-0.02815006686414689,-0.024801263904138646,-0.06825353528400585,-0.037595901359605735,-0.19538808572552094,-0.16566285347545717,-0.15727295510732556,0.06642610062858977,-0.2742783091007091,-0.28429993554950694,-0.2894734878378984,-0.2993024512852193,-0.2983764323116163,-0.3023853866437923,-0.3044779939985783,-0.3065663903382433,-0.30902293126964564,-0.3146563659308194,-0.31070109351302516,-0.3171503627583936,-0.31030988343469523,-0.3030259052611531,-0.30330124189605856,-0.2922242318882355,-0.2580904097902256,-0.2394128738057732,-0.18904288501571773,-0.11177623921900173,-0.06829991405562465,-0.04725018399383483,-0.03051495629060166,-0.002807605095972218,0.025989481883422427,0.04233034488465491,0.09030919769647103,0.12034481653090301
-0.32254507493385653,-0.31953337519338626,-0.3207007627973497,-0.32753901922635414,-0.32522847887379247,-0.3296523015537926,-0.3266855510756214,-0.3266303948788782,-0.3178972188754312,-0.3178952180467723,-0.315016723141065,-0.31657085740761914,-0.3102227799846928,-0.3015223663169105,-0.2782228574525068,-0.27811695323784663,-0.260668516559278,-0.24715291307541318,-0.21957127667777437,-0.22855311834928244,-0.20437744839040892,-0.15119207175226326,-0.12506995894777445,-0.14122135308272712,-0.15500053792412744,-0.157218266793477,-0.18858712713603912,-0.1982576589572591,-0.19606862458598,-0.22595669412412644,-0.22670166603388336,-0.22902351370798507,-0.2532369291805702,-0.30519687497952913,-0.35705547575677293,-0.35737837148692153,-0.32054318268498344,-0.18769124734422438,-0.14260277719640993,-0.09938591502605154,-0.04089666357019551,-0.019176128092507676,-0.004141695134611725,0.007868898484024922,0.05454324541482628,0.07130635023105637,0.09756955258456407,0.11595098351992549,0.14930861557971759
-0.21769264368040803,-0.21026792671609904,-0.1972650707670499,-0.18448411516769656,-0.16559690856383238,-0.15672635135703142,-0.1414016794564361,-0.1684983117909515,-0.17717638647666453,-0.19577238914191086,-0.19659960419135736,-0.18226972372146666,-0.17763853370764804,-0.16182477307098764,-0.14904666205350636,-0.12037996774097857,-0.10853604586953323,-0.09493822242547548,-0.054255911284799056,-0.05259104910677312,-0.05766648604934969,-0.05293747333684677,-0.050037302797689406,-0.05555993418318992,-0.05510545307053233,-0.06338168613061668,-0.06684460078549662,-0.06966244569171924,-0.0693069604039064,-0.07115684546703821,-0.06373002332810647,-0.03370106844454805,-0.04364175693880718,-0.10334321702185915,-0.3305282063167923,0.05939221172519681,0.16267829533983186,0.1373295355690933,0.11720160301815959,0.09094550291992529,0.08679369165568966,0.09183660746775324,0.10630063971926437,0.10797365190793907,0.10870043560396483,0.11978966271143761,0.12972794717281336,0.14071513855784332,0.1530252306907461
-0.018368217252353287,0.053824858491007696,-7.345999344512405e+37,0,0,0,0,0,0,0,0,0,0,0,0,0,0,-0.10777695830953472,-0.04327834000383285,-0.0221085306584297,-4.632034411837888e+37,0,0,0,-0.10651522926830946,-0.08823386331509693,-0.15501905991806575,-0.21214148236911576,-0.19716371290767642,-0.16822506187684616,-0.12466372079637307,-0.046857923538171406,-0.02140594495683023,-0.06436182570698785,-0.29320857608314943,0.1586320227648784,0.1829103109073131,0.19918046880982676,0.16660010085996477,0.15140307229192593,0.134533875928487,0.12196298957222629,0.12843200384342596,0.13110247270808922,0.12989936632675045,0.13510196874629996,0.1313036625125087,0.15965592463629402,0.16841641687766962
0,0,0,0,0,0,0,0,0,0,0,0,0,0,0,0,0,0,0,0,0,0,5.64785406802054e+37,5.831187461039037e+37,0,0,0,-0.3605936025428945,-0.3715729922508102,-0.365807529569515,-0.3346071317095082,-0.2534409244272464,-0.4091512249935082,0.2072623792275535,0.1372629392372403,0.16174759380656378,0.2176705192342497,0.1956593710766252,0.17797776102920754,0.16194899437323207,0.1762075657018026,0.16399583236804766,0.17101425014866733,0.16779095026238344,0.18247022323389833,0.18695943818077662,0.197105758856353,0.2020472757822591,0.2120586341746361
0,0,0,0,0,0,0,0,0,0.04220667900885218,-0.15639750053664836,-0.1570384158123331,-0.16289352665055365,-0.19144409612415722,-0.1840236755746661,-0.1931981990338684,-0.2003640420401465,-0.23962089901076322,-0.23467851824764138,-0.24224800466374954,-0.25810509579466695,-0.27050325477571585,-0.3005597163947444,-0.35063593265098447,-0.3715415514774102,-0.39640802613105924,-0.40946394915346723,-0.4114050303146937,-0.4178352815416944,-0.41991248903523365,-0.4022678972048015,-0.12087592380564025,0.036297071336889815,0.100505822065778,0.1403709466751807,0.12423373004047483,0.12465580483239047,0.12296107421876293,0.13086776768523664,0.13461198376076883,0.1374496234627605,0.14073826414091728,0.14857164967692146,0.15528954248221122,0.17578998528113338,0.18638659636330523,0.19960618142499786,0.21442273345244064,0.22934817262626758
0,0,0,-0.16884942692796168,-0.18822524871571084,-0.20256146002059602,-0.22637709653576701,-0.2605156924501202,-0.2778808674761068,-0.2819654938289906,-0.3022662594302338,-0.3161703575449556,-0.326244430010005,-0.34627528734777097,-0.35919109281571826,-0.3719256128889573,-0.37517940366676383,-0.38595170143495505,-0.39208837262937263,-0.3952067169868629,-0.4057723164864543,-0.4098002763861672,-0.4174464741884014,-0.41474475915479336,-0.4083567492279889,-0.4349740110492664,-0.43919747575493273,-0.45143901571478817,-0.3658888313214345,-0.18403901265155506,-0.04768633583551007,0.1605428081831186,0.24692404979541302,0.25909810100239417,0.23321566809202693,0.21672436618913193,0.17399000080823115,0.17375501311935515,0.17348329763544765,0.1794523004244671,0.17264276362757738,0.17547731663606164,0.17889527425755603,0.185224708398281,0.19891929421473178,0.20832443326299857,0.2150648908341516,0.22131135067018343,0.2368385523206899
-0.27694111504023966,-0.2932506152974454,-0.3006630508007201,-0.30949914054866795,-0.31894973900014767,-0.3219279410976031,-0.3264143516957268,-0.33859471019397025,-0.3474537703798939,-0.34291029389909106,-0.35254034607869167,-0.3510221253313831,-0.34514400696605085,-0.35985797800947217,-0.36947033045141064,-0.3636781552697748,-0.36538645105602063,-0.3705469162079905,-0.36373086351071227,-0.35180783532592297,-0.3560184069836182,-0.3300851566371659,-0.313585223329176,-0.3143758012474234,-0.3017879206671068,-0.27642009668300366,-0.3343529974546975,-0.41830648707762597,-0.16314418947860942,-0.06415547596677872,0.050443123436444234,0.19318854542470235,0.1821459298505495,0.17207703073503622,0.12902227382526843,0.10348785996250648,0.10330918306493292,0.11798620550730889,0.11116760779093672,0.11822156007303604,0.1133513658598749,0.11084641773990685,0.1403639038448977,0.14213455506406653,0.13767448313010572,0.14594016767665074,0.16599884035354323,0.2074816792382877,0.23359666906214746
-0.27532088321462095,-0.2816468894700404,-0.27225404100631845,-0.2721063724141468,-0.28240437654154066,-0.2734303199948996,-0.27440876508669754,-0.27174730303024447,-0.2741770222167065,-0.2787012606676006,-0.2845235453615747,-0.286270601481148,-0.2807025049787577,-0.2911140819355349,-0.3005810031899919,-0.2911031507421234,-0.3012861821395326,-0.31746288880894913,-0.31950788062261065,-0.30533557084155294,-0.29864560467063206,-0.2807576163824735,-0.2612060680454154,-0.24764859745561352,-0.1988660459869677,-0.27090525924021497,-0.2622717824503443,-0.29040645445438934,-0.49566668140937153,-0.24926983319632012,-0.16745466629308825,-0.014423272432970898,0.0026951605181347446,0.031886800011802226,0.021710316052631184,0.028087877456102694,0.01967370478498237,0.0874160723205949,0.12284576658214745,0.10821896513104806,0.08768883142217172,0.09293663807532965,0.09967083286925485,0.10600846630742586,0.09894004792973507,0.11239294769091132,0.12846143212930236,0.15761104899426448,0.17063188357203013
0.05992342930588045,-0.17553581409804347,-0.1980383602889949,-0.22014110464160438,-0.22757911989863122,-0.22572535584619643,-0.21694868417448718,-0.2315851863438312,-0.23569958608494382,-0.23316623966909714,-0.23939318068019624,-0.24666040780229004,-0.2519711819386954,-0.26207107559975856,-0.26517580887101594,-0.27034577004346627,-0.2820852744796017,-0.2873296682996021,-0.2866747905179924,-0.30057479619188826,-0.30127647986777845,-0.28831761785797116,-0.253631572588105,-0.2458618460178181,-0.25391692917955333,-0.29827592494307714,-0.3232624213905544,-0.35588694528018094,-0.44700448822860767,-0.49730262646314816,-0.5081870724420996,-0.4773114373779222,-0.33249099295469614,-0.25029283112551703,-0.08951032508211312,-0.051974851489801036,-0.04389814152313705,-0.038165346918416665,-0.03595179602490612,-0.004556494186198976,0.036785991911679396,0.036658814508447046,0.04434349556809347,0.07050842920412455,0.12018859947304303,0.1067740971052855,0.11016261522552816,0.11780964446935874,0.12869379288119687
0,0,0,0,0,0,-0.22763649630314464,-0.24566034310816287,-0.24384245780644084,-0.23633079645020544,-0.23479081516758674,-0.23392512031926102,-0.2322509468887637,-0.24458241072801654,-0.2570253910588138,-0.26708517427024603,-0.27469414119557245,-0.28891379569377384,-0.3009082111960044,-0.30475169752373654,-0.3116618446870288,-0.3082174485847506,-0.29910672241955316,-0.29770902369520286,-0.3004409430964015,-0.33611391999328155,-0.35712485238317154,-0.39437189463652794,-0.435838041087513,-0.46034497991663526,-0.48440907289841423,-0.5155781881905805,-0.5237693641269417,-0.5212226674494979,-0.4369586832818959,-0.3553879381178948,-0.295443471534419,-0.19626437700215874,-0.1866614018438606,-0.17430964826352022,-0.10944898564627221,-0.08467291075574866,-0.055997976001791155,-0.002977182361394688,-0.01214813804613603,0.004050072211060407,0.010604316008391752,0.04479508171201244,0.0640300142170233
0,0,0,0,0,0,0,0,-0.22513797349428735,-0.20549183561877882,-0.19716047233118028,-0.19375021958719837,-0.22443297351698227,-0.23845119572194134,-0.2606312165394052,-0.2773465070252812,-0.2824985429937526,-0.28793995280931495,-0.2853233164181325,-0.2829700056174712,-0.30362932862308933,-0.3086323340471286,-0.32121988203298635,-0.3395672851995533,-0.352968280888687,-0.36106722049569695,-0.374260609323204,-0.38808041919419384,-0.4104510637571368,-0.4321565360128116,-0.4422820268936414,-0.48651028008520725,-0.516329436201902,-0.5271848510785803,-0.5277052514759849,-0.5048010220253921,-0.4970326118132213,-0.36833906485368334,-0.3304106806041511,-0.28494366064463206,-0.20193868838687937,-0.17124596183617413,-0.1325473233734781,-0.0972474543673512,-0.054982635811681176,-0.02367826900528036,0.02286682267166813,0.04628974932026729,0.03465548580375883
0,0,0,0,0,0,0,0,0,0,0,0,-0.06921113966722706,-0.12547901565653585,-0.20555447224062223,-0.2452627922052997,-0.264392415265669,-0.2853028735084886,-0.28307262188910404,-0.29514336254159984,-0.31295485588834127,-0.3289431133864369,-0.3346524798244209,-0.35145540349731536,-0.3687895450612353,-0.4002921495355547,-0.4172743020221354,-0.4349260946182239,-0.4447411030784219,-0.4668935097877736,-0.4744137695041848,-0.49697805140841367,-0.5185314297783693,-0.5289782111275062,-0.5361949761997654,-0.5382433860202275,-0.5200981896608164,-0.47350895729976106,-0.4791482888031244,-0.4488861660115077,-0.3679148665904438,-0.2922247894499138,-0.2545516521796478,-0.2567453709279104,-0.10772509041326334,-0.05035325080447138,-0.03532264082441288,0.03416822232261174,0.06280467543340701
0,0,0,0,0,0,0,0,0,0,0,0,0,0,-0.043516402333759356,-0.22446714780599633,-0.2531289817467276,-0.2929784019754714,-0.308269946950611,-0.32428023665027256,-0.34001744661270233,-0.3572097530161976,-0.3739669068627158,-0.3954688995733952,-0.4102401934578431,-0.42432938844063267,-0.4486785948397629,-0.46491051295127384,-0.4790224322350898,-0.49590774138101074,-0.5053770448553326,-0.5149896391201046,-0.5204426497510202,-0.5229613805162823,-0.5318992331456335,-0.5347332110623146,-0.5347732829733124,-0.5129631122087966,-0.4976539520892049,-0.5088396555836949,-0.47357348115326015,-0.4519717394113731,-0.4554311068897925,-0.41194421348729476,-0.2884645745510649,-0.24933778552481362,-0.19169045230446913,-0.14683157234260122,-0.11721396492684184
0,0,0,0,0,3.0167736566758914e-05,0,0,0,-0.00658067654230126,0,0,0,0,0,0,0,0,0,0,-0.30917262085947284,-0.3335159229306273,-0.36186802164475507,-0.3939843038686341,-0.41315901789074566,-0.4291038202854526,-0.4577469788410586,-0.47382480914749836,-0.4870596045069035,-0.5057710072845928,-0.5135464549710771,-0.5219711912945367,-0.5347371233712014,-0.5387920584467066,-0.5352363067256191,-0.5365852088563291,-0.5370678766898764,-0.5204606914083664,-0.524482606076277,-0.5116725678363891,-0.47891625727009535,-0.4472569693058634,-0.42979852684837544,-0.4339195151432055,-0.3377322704060021,-0.29990496652773185,-0.25592956094475366,-0.20706836312246904,-0.19599921696195946
0,0,0,0,0,0,0,0,0,0,0,0,0,0,0,0,2.8897985214059177e+38,-0.018105005631884896,-0.048506417546214445,-0.05330498197481595,-0.07440754101949087,-0.11087850183351326,-0.16781798011477067,-0.30722083676085277,-0.3728898713491404,-0.42147231105944627,-0.46553814467078536,-0.48176247710403525,-0.4928646693736645,-0.5125622676353875,-0.5231614233297945,-0.5240647978337291,-0.5353838370933999,-0.5381855008406137,-0.5297127860965354,-0.5189109543027325,-0.5268048326458861,-0.5012775482268451,-0.49092380343290465,-0.48819526217822934,-0.46499719494940106,-0.4692300010805837,-0.4521890305710287,-0.4220748019618488,-0.3331801597126811,-0.3111493035711101,-0.2918542756108599,-0.22698425450475926,-0.21377861802244108
0,0,0,0,0,0,0,0,0,0,0,0,0,0,0,0,0,0,0,0,0,-0.14733443508521296,-0.23173737816505202,-0.3401602379086875,-0.3693965656217479,-0.39080660262778594,-0.44042662756599865,-0.47619160092829527,-0.4960301876368002,-0.5116749572019528,-0.5184524902144145,-0.5235604171882566,-0.5339063450601441,-0.5350588796477704,-0.5282245414682347,-0.5152148207684385,-0.5126915824850544,-0.4861125113046656,-0.48735524561986693,-0.4916561578504363,-0.49684165549490567,-0.47157537594905125,-0.4751294155482135,-0.45500745750639243,-0.41170279396517007,-0.4061807484545912,-0.40254946189766694,-0.2889092397231093,-0.3020049568106541
0,0,0,0,0,0,0,0,0,0,0,-0.11226812518944598,-0.12793070267498471,-0.14803636084683264,-0.16406874467943156,-0.18208905421917834,-0.19697664970444537,-0.22483006247553353,-0.23609856912375662,-0.24762162243448874,-0.2691397890337037,-0.28070319116571973,-0.2995970668794665,-0.3035050767411146,0.12710429874415624,-0.2480065069012889,-0.4653513535872505,-0.4810246560540781,-0.483222813428393,-0.5015106550276256,-0.5177806765608456,-0.5241943813511615,-0.5327579527152114,-0.5351387514167817,-0.5263822460837708,-0.5075246730307071,-0.5003636771346044,-0.4834109897737477,-0.46509937652025135,-0.4496917371141209,-0.44977015085118977,-0.4462412923689603,-0.4465409127430883,-0.41877646801445323,-0.38910085459187616,-0.3755024176288779,-0.3666892164273204,-0.3533411568604664,-0.3187610672560223
