jsons/1312664400.json
{"header": {"parameterUnit": "m", "parameterNumber": 2, "dx": 0.1, "dy": 0.5, "parameterNumberName": "Eastward wave", "la1": 40.97354507446295, "la2": 16.46031188964855, "parameterCategory": 2, "lo2": 133.9931640625001, "nx": 191, "ny": 50, "refTime": "2011-08-05 8:00:00", "lo1": 114.97908020019554}, "data":
[rows 22 to 43 of 50, columns 50 to 99 of 191]
0,0,0,0,0,0,0,0,0,0,0,0,0,0,0,0,0,0,-1.611719510228748,-0.7289885948950909,-1.889246572234313,-0.47860683362921697,-0.6490398703177949,-1.9317734827613604,-1.9135136220248128,-3.6335039852191975,-4.04228070066728,-4.472926491548104,-4.923604725171764,-5.156546092986237,-5.336741772807301,-5.655290134807783,-5.7625593651559965,-5.840883859450722,-5.880805338100825,-5.8356036801779805,-5.645119586416344,-5.472968793275455,-5.367107257500524,-5.0625540536457665,-4.7007337684290675,-4.06236836294163,-3.5332882430972954,-1.7191155535366216,-0.8925767124891401,0.001127110053242113,1.9575844400228715,3.1903792083261306,3.8656353668215218,5.0613048911363006
0,0,0,0,0,0,0,0,0,0,0,0,0,0,0,-0.45145358258791773,0,0,0,0,-0.8009036729310277,-1.7991107958643837,-2.5885183287734264,-3.0661583708099993,-3.368316374390757,-4.155388195690867,-4.559045015022053,-4.9035550257700775,-5.369366486561696,-5.620599176245841,-5.84562118355947,-6.128869180566417,-6.24479492962275,-6.378883612210457,-6.453334664338321,-6.506396002344238,-6.519917763214873,-6.556031158885405,-6.551986892571915,-6.468267216188081,-6.3789380214697395,-6.096701269729792,-5.993433721603734,-5.617052303903574,-5.19535274959885,-4.244362810639072,0.48408084726430656,2.7430355763558993,3.9305179496046905,4.887829702774791
0,0,0,0,0,0,0,0,0,0,0,0,0,0,0,0,0,0,-1.3327191184184723,-1.9678205138672966,-2.243033433341537,-2.5940114414805744,-3.3674975622683543,-3.72626341294398,-4.081867039170329,-4.582565147693164,-4.765006915473965,-4.9404187983427414,-5.260608271908623,-5.416740049105234,-5.567480628082361,-5.837414143055218,-5.961937647910248,-6.029604135552169,-6.1213033631269145,-6.259120524259264,-6.261821262927225,-6.258569044844091,-6.160075039774145,-5.782952652673598,-5.602620982832339,-5.115028426673259,-4.7086347887757745,-3.6977092145816233,-3.197000169839837,-2.5830447109086525,-3.995646771166192,-0.5003797692020582,-1.4460517505860246,3.0907574063039527
0,0,0,0,0,0,0,0,0,0,0,0,0,0,0,3.3038944722661223e+38,-0.786080684837369,-1.1635911746062257,-1.8326600964145898,-2.7063929054174123,-3.0281991051372406,-3.300894045532985,-3.823972936612466,-4.0558849685001075,-4.228083637592294,-4.479460173663127,-4.538681044004708,-4.538654473403381,-4.754818268228769,-4.816570209757089,-4.793136209634908,-4.974270395653593,-5.047416844669718,-5.066820269368865,-5.035225714484617,-5.056244486961361,-4.825514639088577,-4.731064474447442,-4.47979549964025,-4.103150522660267,-3.931133281865174,-3.6852683021670107,-3.3642566850725846,-2.7866457633131145,-2.4090174063895624,-1.9686059329475458,-1.1386509070782656,-2.487446902091854,-1.8403198862627443,4.232340048337808
0,0,0,0,0,0,0,0,-0.4121344878653468,-0.43509426675295904,-0.8580989998628235,-1.034786303909849,-1.4136895464291033,-1.600629745400246,-1.8884425863187566,-2.1266860150717224,-2.548965065147037,-2.7935533131571466,-2.958322667287164,-3.3603863336476545,-3.4790052016169195,-3.6147815804762518,-3.7523748915908266,-3.7975138303757037,-3.835623373436494,-4.0002757895519165,-4.042998861931314,-4.07986890910242,-4.214441731579057,-4.2553363277663845,-4.242426678054725,-4.2926050945537,-4.306669846832373,-4.250678306824897,-4.190930923851734,-4.10819655952439,-3.816657234934517,-3.6699115577040105,-3.3902795209025616,-3.244242477360075,-3.0993276360631623,-2.952048672693116,-2.769557845920385,-2.3512365440289456,-2.143226543957404,-1.8577676956888083,-1.9845992255639442,-1.9981622444235272,-3.2913327597529793,-4.707318811757926
0,0,0,0,0,0,0,-0.34691155725908557,-1.1500689933057304,-1.6873071476789823,-1.900879879730643,-2.122574883132781,-2.451309153233638,-2.592799220756245,-2.743385110834738,-2.858520371512653,-3.0856963843986245,-3.243461571437955,-3.396488292304444,-3.4951395213645786,-3.5048407007464495,-3.567491895906111,-3.723823895733502,-3.7540132727951683,-3.762480508975101,-3.8508113682615455,-3.8949665020090625,-3.855222571043057,-3.9415633890752355,-3.9163033722947715,-3.828357765439691,-3.8444420882452883,-3.813243863584214,-3.669053863382932,-3.575203759456132,-3.532706189474791,-3.3990488354572808,-3.3243574893050196,-3.237388674930009,-3.0791973815787266,-2.9642737047942895,-2.8745339885073387,-2.719612694803441,-2.417384842530765,-2.2938532699585332,-2.1103759853173667,-1.6625254900032689,-1.3545365877842754,-1.1210479891485985,-0.8068955922807921
0,0,-0.7862179567032719,-0.15928007358474872,-0.6603399305309666,-1.0373454961964583,-1.4356623947536131,-1.6800790600414541,-1.9998924125768716,-2.2208772923339306,-2.405536463736644,-2.573311289743995,-2.77311496177278,-2.882865219687659,-2.9857906610031533,-3.0744856132988114,-3.2225553033462457,-3.28778355388628,-3.382838545310279,-3.4753843740306096,-3.519787568808623,-3.5560659761184596,-3.662735055580969,-3.6947133717594904,-3.718836547830759,-3.8043786703138935,-3.8284271318922736,-3.8391729412371625,-3.812831794947509,-3.791929576428686,-3.714815529097141,-3.7562104793566684,-3.7373402722017173,-3.6610153928925007,-3.634830484185257,-3.5738031200743587,-3.373073530048676,-3.2301038403889692,-3.188045529547231,-3.0649449032087155,-2.924059096123482,-2.8368452418053813,-2.6662342461269497,-2.4079318553742595,-2.1901301696839623,-1.9873389234121797,-1.6958450528806837,-1.4443389915063194,-1.3231898101050268,-0.966122056567495
-0.5495982388713623,-0.7333023365323509,-1.0037927534510769,-1.3104769892790398,-1.6737046016465769,-1.8091551265116317,-2.025091779755893,-2.1763732546797785,-2.345696935679539,-2.5467150835753496,-2.6332570564847977,-2.7800456133711386,-2.8951776136941296,-2.9758603588001287,-3.0885942493982244,-3.1135922932063793,-3.1776217719865927,-3.249347838877403,-3.2895810484285435,-3.3811429434595315,-3.4359911490543285,-3.4723520763013505,-3.5419235580522237,-3.5686405283347877,-3.585586273602733,-3.635903702744976,-3.6688236027139145,-3.6467089703049456,-3.679316431664453,-3.668265858247063,-3.614384807161329,-3.6138854090293204,-3.597743568753434,-3.4761372858975212,-3.4121313692385153,-3.3789035184538707,-3.2799516798182715,-3.2041827600226083,-3.1531933173051185,-3.021187138434226,-2.968234976536962,-2.793742583706563,-2.6605705019621144,-2.369534491872477,-2.1603681830061627,-2.0725083868035243,-1.7525010017762497,-1.5681886177925135,-1.4935348639858244,-1.176385731828133
-1.2964984547770362,-1.5642470670342703,-1.6965060116250466,-1.862706133025815,-2.013590120982023,-2.120706178181609,-2.2895113400915945,-2.380675717504924,-2.5510995239709096,-2.6643316110799375,-2.7443426823148487,-2.8639029147969786,-2.93455833479704,-2.982696596558363,-3.034533190243325,-3.067693893225753,-3.1479860420762455,-3.1936758022760303,-3.232351427411743,-3.3055945391932453,-3.3452894970356324,-3.3912876017644824,-3.4759453640658933,-3.5098856200612385,-3.5398062077408436,-3.5885383649642772,-3.590274958274726,-3.5635111306069236,-3.6022571133439256,-3.6234522808347394,-3.6360393473719967,-3.6771724306442706,-3.6701536930334697,-3.6366793788448453,-3.634209704546063,-3.672578013199778,-3.586195623092068,-3.4445880390628663,-3.3368252454247718,-3.1534947673667566,-2.9671856530082032,-2.8390503264413542,-2.653212117937059,-2.3960114713627445,-2.2173251985641693,-2.05660287359078,-1.8092248305997036,-1.5813408112941916,-1.5025114319641242,-1.2664065195219825
-1.5718038336290174,-1.8126450110290677,-1.8959769541143956,-2.0310517399418133,-2.1719522849651582,-2.2517490433484593,-2.352925266757593,-2.4681055651340604,-2.578401406967808,-2.6992362417014366,-2.7555842860354787,-2.8287211966692714,-2.9155888691244805,-2.9601945192967456,-3.000579041885522,-3.038876642413459,-3.119871627414891,-3.1998878938672193,-3.222993373593337,-3.283881584611297,-3.326418515658216,-3.3554047507258664,-3.410944374735618,-3.436593118645387,-3.4779593406176117,-3.5306709942895225,-3.5709829994134505,-3.612701118672872,-3.692013853797844,-3.7221161146997677,-3.7567042247606457,-3.870653916748819,-3.9192173475780456,-3.9454718505318436,-3.9740999152853425,-3.8552329018296283,-3.6817286473186726,-3.5590596274234967,-3.3877105591812815,-3.152561397972352,-3.011688083767173,-2.824875933183284,-2.679995297935357,-2.464775013654777,-2.3462686126055683,-2.11240941321621,-1.8613150622201509,-1.6978294747893685,-1.6218852080711381,-1.478144935060853
-1.8600756426338256,-1.9708301575580314,-2.030966730084371,-2.130030094648446,-2.225701103437985,-2.3016001419645957,-2.361416092911953,-2.4460345859144543,-2.490067449340276,-2.3770402527774848,-2.2614836119114754,0,0,0,0,0,0,0,0,0,-2.5689197078975736,-2.962588326957587,-3.2997747002359517,-3.3927387246391887,-3.492733646333179,-3.599899925165841,-3.6567617138765702,-3.711532410901867,-3.827049768438832,-3.873986729513804,-3.975593257317689,-4.072434819962749,-4.076000318062558,-4.088052750090794,-4.04818593664818,-3.9284768631153097,-3.8055094609548625,-3.7182636832334874,-3.583454979055767,-3.344624676574304,-3.1549652242894792,-2.9638829080341695,-2.894174360939955,-2.8084985974325845,-2.6015933800283113,-2.3874805812550575,-2.172023153984964,-2.0481076661335202,-1.9538768415902832,-1.755717983828919
-1.736699789184663,-1.7906210239271323,-1.8068760560362942,-1.7626931553770886,-1.6995060945453284,-1.589209686413765,-1.361168428300577,0,0,0,0,0,0,0,0,0,0,0,0,-2.271055075010752,-2.6315214620953644,-2.873504438395596,-3.1276673415536242,-3.2214102981152,-3.4143530439592973,-3.5372197168249095,-3.621818748863144,-3.705750435176437,-3.7982704552811746,-3.8507732298015047,-3.9158036848137856,-3.963579276196832,-4.020724525615687,-4.060885689449483,-4.0892304041499665,-4.0375227119954085,-3.9629411628608135,-3.7970633536999467,-3.5362044650035265,-3.67493047301785,-3.5873012627422294,-3.2432850060176377,-2.483292863535187,-1.5003490017550918,-2.894954676897734,-2.9032118225574792,-2.650488520488077,-2.508830439243348,-2.413058451404036,-2.186066283235919
-1.3131462934120028,-1.1444231263135078,-1.0475896637386413,-0.9207594733040114,0,0,0,0,0,0,0,0,0,0,0,0,0,-2.00040269870368,-2.2583052090170557,-2.5639439999987874,-2.7856546040084216,-2.9098492985805247,-3.068664245310011,-3.174182088047594,-3.2841880795066265,-3.41723203423697,-3.477445012852551,-3.5667736202086107,-3.665542064931102,-3.7172548977680906,-3.7731884957693715,-3.775589493682369,-3.7244898841646097,-3.6648396799831926,-3.5362076707024532,-3.2052078580599863,-2.8309836015330845,-2.5553011687481972,-2.3357603420790443,-2.506278834869885,-2.5791120975502784,-2.684965325960498,-2.6587677746970013,-2.675254922372568,-2.7300510755553677,-2.8175218090656,-2.777200366446841,-2.786459583956467,-2.691750134463671,-2.528901275616634
-0.7141040611208764,-0.4975306264052368,0,0,0,0,0,0,0,0,0,0,0,0,0,0,-2.1001317147891463,-2.3136513415478475,-2.476264303574633,-2.63560326600673,-2.775703197942525,-2.8636341349878154,-2.973812887315267,-3.05334157107186,-3.139751786082112,-3.2160926595522934,-3.262251997594576,-3.290996833782311,-3.3102354911178082,-3.293677410799205,-3.273334024573372,-3.189154940869393,-3.157764933092127,-3.0353334651581774,-2.9734196018560253,-2.8872771099873127,-2.8309673145296226,-2.8075271365189414,-2.8151958790801,-2.8022013272883446,-2.8155262127312315,-2.8813388290439823,-2.894495484346445,-2.889364159895522,-2.9253213594084224,-2.9378460674277607,-2.8608863038542456,-2.819434388218862,-2.769197397519852,-2.6665552729045987
-0.4874709426932857,-0.1309687556969695,0,0,0,0,0,0,0,0,0,0,0,0,-1.9382174572572393,-2.0925614703192057,-2.273952960179554,-2.426249703529772,-2.520722094577389,-2.604272269626282,-2.7019353726054764,-2.767134921150807,-2.8391280227130427,-2.88350219886154,-2.9387534425092916,-2.9778016642708334,-2.9810244647690256,-2.9963370892979713,-2.9731189932535362,-2.973903797479172,-2.9405116293930833,-2.9174717900957408,-2.9053235948861653,-2.8792615926037746,-2.8608104305294515,-2.8574977557743737,-2.8630392141265455,-2.871705571191779,-2.914691309186757,-2.899912207801406,-2.922002424189982,-2.9631250376636324,-2.9781491817066983,-2.9609856253693003,-2.9608376615530303,-2.9386083059255323,-2.860057168302488,-2.7932870736492887,-2.7588237181632773,-2.6945552602298566
-0.38431523745779356,-0.30110019050177234,-0.3548961649175501,-0.4926481473033372,-0.4362028243370382,0,0,0,0,0,-1.6174008987698134,-1.6523183170721951,-1.8471490370095838,-1.975318825011054,-2.111807682506503,-2.175304717287274,-2.2754644762411167,-2.3698359831460567,-2.41410340080994,-2.4751311634373327,-2.54033077245973,-2.568764967043646,-2.5906903818019904,-2.614721488698212,-2.6406608164718044,-2.6533745853259414,-2.6665379314443314,-2.6864679459897287,-2.721177302890624,-2.724817225402136,-2.7241206428953144,-2.742177087597351,-2.7576772960780507,-2.7537434323299426,-2.7960793040849343,-2.8310821234194545,-2.840233889095296,-2.863755992439257,-2.9225628907824563,-2.952226845757553,-2.9672546274069993,-2.9972331206161744,-2.99853996285032,-2.9933667301631695,-2.960622641576064,-2.9393780960195977,-2.889283127610212,-2.8795636150649253,-2.848937330268514,-2.8034369033902893
-0.3851692228455624,-0.3210251296044775,0.5686884442174491,0.553518455776775,0.4271115031105821,0.43830174442689224,0.5131955366984907,0.8105803968764752,0,-1.480671548268507,-1.6936185048992045,-1.8395041855099112,-1.9517570205774015,-2.0070485286348374,-2.089194916734369,-2.1387099118323527,-2.202281517955501,-2.2666162759504647,-2.295080369742958,-2.331839961974581,-2.385969951482323,-2.4073893389161736,-2.439919139591095,-2.453679332797621,-2.4795691491957994,-2.5078690598711475,-2.5276695507363716,-2.5374930200080734,-2.5635095956982608,-2.5809471508067348,-2.6032482462355677,-2.6518414744990246,-2.6631242152126804,-2.6977778990615464,-2.756328164598533,-2.807485768200758,-2.834816359751112,-2.841192082940219,-2.8767812097993066,-2.8784148814358477,-2.889789198039491,-2.886240101539175,-2.878019807000326,-2.851694231498425,-2.8559471998230013,-2.849740263238374,-2.808368987920848,-2.799667339373524,-2.7720651275005,-2.732414820678707
-0.9594862972582328,-0.9349457230772792,-0.9584650319776676,-1.1606630307425423,-1.2292303196088787,-1.4323251309539498,-1.5995374261989694,-1.6813726493294079,-1.79227419894162,-1.8379015475126013,-1.8706070985477354,-1.9242505684171123,-1.9640465951201052,-1.9853270367578029,-2.0461263430252528,-2.0765830822912132,-2.1259519173519417,-2.167662908011431,-2.201158999805415,-2.2363677696681377,-2.27121173342384,-2.2873647202309453,-2.3278489116854417,-2.3519944302131552,-2.3677592169255126,-2.4158014932216023,-2.4299348235708402,-2.450488993995131,-2.503889049629043,-2.5189481296857203,-2.5653137693346433,-2.615003047273873,-2.6623152567829313,-2.6810780772895177,-2.6981973000923225,-2.746253703384055,-2.755621485939953,-2.7836966883452607,-2.789456159125657,-2.7856934470356225,-2.77483086367638,-2.782104880451079,-2.7811844676366926,-2.762533837378899,-2.7529493827011757,-2.7305274804716486,-2.72263611191811,-2.7298368379974063,-2.7052006894600837,-2.6692819007777207
-1.2843737773262263,-1.3359909624248612,-1.383970211284104,-1.516318495809768,-1.5598807790901124,-1.6105843637034678,-1.6834010666076513,-1.6894501107771802,-1.7503925850695956,-1.7824996087484526,-1.8233611056991885,-1.859996495011735,-1.9058158055107612,-1.9317691159061037,-1.9765043636960298,-1.9986740526979738,-2.033577461620283,-2.07798899300287,-2.0929322846499163,-2.150982957857054,-2.1694758640219955,-2.1866029464021763,-2.1995987740390075,-2.23405255209467,-2.268190620170079,-2.3197426511478856,-2.347853469373684,-2.381633364489725,-2.4411180975438493,-2.472395579164559,-2.5082885627207294,-2.5443869738941687,-2.5614574123108094,-2.581184753406935,-2.5931929487210694,-2.6236546818757014,-2.6156273915624477,-2.6314237049091207,-2.6626312934663083,-2.65077550222783,-2.6527288459952767,-2.667008625694867,-2.6632392517569055,-2.6428722035210104,-2.635409952995442,-2.622630013845586,-2.606685395775437,-2.6100093973502467,-2.5971703577468706,-2.5734731314177735
-1.4164940726787305,-1.4806302316142557,-1.4986692610955994,-1.5574875141175992,-1.5997230639046458,-1.6190314646349548,-1.6575055017489517,-1.6927889185500087,-1.7202126717954085,-1.7612685793055614,-1.7702401228796871,-1.8231786801920622,-1.8660703544558717,-1.8915360638956362,-1.9210649936848496,-1.938288202800605,-1.9834415205569966,-2.012138429593034,-2.038909858293349,-2.0759462617447966,-2.101118031181269,-2.1197554416621545,-2.154738765826441,-2.1658309258160617,-2.2137865785078263,-2.2716014342576325,-2.3030439737562634,-2.346612038358275,-2.38757586071412,-2.4171230545048203,-2.426260760276396,-2.46357844282864,-2.4851205323284327,-2.505296805415087,-2.5231523019587505,-2.526429864607272,-2.521876007228556,-2.532444522657902,-2.554885394474048,-2.557294401718573,-2.574309857642752,-2.5684421212577244,-2.559415374297968,-2.5421322499157513,-2.544376410675324,-2.5438126228291584,-2.521510033141479,-2.5090999116035437,-2.508657666442467,-2.477470688087462
-1.4036415677108338,-1.4595279657146893,-1.4895087706527932,-1.5315760483506655,-1.5554544065839462,-1.5853345972684412,-1.6134895348187603,-1.6440990998078078,-1.6913290192206667,-1.7146193663592526,-1.7489389125897739,-1.795068528946238,-1.8167950152428192,-1.8406483607563582,-1.8676587005957535,-1.8781834873408805,-1.9132389115853008,-1.9362641914671517,-1.9489621703294162,-2.0039842244460297,-2.0381579455823413,-2.0601434580302223,-2.1346063644149478,-2.1481535837351795,-2.173785812612436,-2.225982406338629,-2.2449004239449364,-2.272694921980744,-2.3055742373317405,-2.3175188041431345,-2.3372708039887478,-2.3584940035934174,-2.3723864901215714,-2.3791282593967678,-2.3943497579969075,-2.4139896758102397,-2.4245756085139094,-2.4361429455372843,-2.4540367535721996,-2.449552705469009,-2.4525636449954784,-2.4693367919793348,-2.465806437765692,-2.453868353299877,-2.447506836996184,-2.446097189404317,-2.437045991899947,-2.433815081869901,-2.4260472419660277,-2.411978669625047
-1.4239618862412482,-1.450677118776925,-1.4664266982166088,-1.5155326164437581,-1.544971644171816,-1.5680221154498664,-1.6190773598618913,-1.6297390883820932,-1.6622040016804311,-1.7029408202827447,-1.7107951938500705,-1.7442381611758229,-1.7749941588248819,-1.7799132011650403,-1.8118825532940181,-1.843887416383093,-1.876588756000345,-1.8990822793037498,-1.9234096662801972,-1.958811098330992,-1.9964951518074754,-2.0197265422115303,-2.0516012126865393,-2.0865730492238304,-2.1211830091378343,-2.1519596021992706,-2.173522986950123,-2.2023049920619067,-2.2121702284813693,-2.2276270841918167,-2.2530875051087222,-2.276774062814828,-2.2933084145958853,-2.3054989281482725,-2.3114886394675223,-2.3325927537824644,-2.3396292740545515,-2.3380081281727167,-2.364402853582492,-2.36908127894952,-2.371156241354465,-2.380055176622823,-2.377669050010496,-2.375421828781953,-2.3864833023591574,-2.377793432170241,-2.3576745633718095,-2.3562804222313933,-2.3613617976822945,-2.3548940100849456
