jsons/1312783200.json
{"header": {"parameterUnit": "m", "parameterNumber": 2, "dx": 0.1, "dy": 0.5, "parameterNumberName": "Eastward wave", "la1": 40.97354507446295, "la2": 16.46031188964855, "parameterCategory": 2, "lo2": 133.9931640625001, "nx": 191, "ny": 50, "refTime": "2011-08-05 8:00:00", "lo1": 114.97908020019554}, "data":
[rows 0 to 21 of 50, columns 98 to 146 of 191]
0,0,0,0,0,0,0,0,0,0,0,0,0,0,0,0,0,0,0,0,0,0,0,0,0,0,0,0,0,0,0,0,0,0,0,0,0,0,0,0,0,0,0,0,0,0,0,0,0
0,0,0,0,0,0,0,0,0,0,0,0,0,0,0,0,0,0,0,0,0,0,0,0,0,0,0,0,0,0,0,0,0,0,0,0,0,0,0,0,0,0,0,0,0,0,0,0,0
0,0,0,0,0,0,0,0,0,0,0,0,0,0,0,0,0,0,0,0,0,0,0,0,0,0,0,0,0,0,0,0,0,0,0,0,0,0,0,0,0,0,0,0,0,0,0,0,0
1.4253323269079055,1.3201250356117646,1.304247775030103,0.9665978061757863,1.2171658677352557,1.2240512910754189,0.341921115624837,0,0,0,0,0,0,0,0,0,0,0,0,0,0,0,0,0,0,0,0,0,0,0,0,0,0,0,0,0,0,0,0,0,0,0,0,0,0,0,0,0,0
2.554819833457755,2.270646196599292,1.8108319571584972,1.6197316027751045,1.1641814688573577,0,0,0,0,0,0,0,0,0,0,0,0,0,0,0,0,0,0,0,0,0,0,0,0,0,0,0,0,0,0,0,0,0,0,0,0,0,0,0,0,0,0,0,0
3.5552084120420955,2.5459993493785626,0,0,0,0,0,0,0,0,0,0,0,0,0,0,0,0,0,0,0,0,0,0,0,0,0,0,0,0,0,0,0,0,0,0,0,0,0,0,0,0,0,0,0,0,0,0,0
5.042894948820718,4.60154327883667,4.231418786197007,3.253820280093704,3.0523570576215744,0,0,0,0,0,2.1056256675214287,0,0,0,0,0,0,0,0,0,0,0,0,0,0,0,0,0,0,0,0,0,0,0,0,0,0,0,0,0,0,0,0,0,0,0,0,0,0
5.793971666251462,5.715990837966183,5.700660573487187,5.34538679561518,5.149229542057035,4.834809179771815,4.431278729421971,4.251705668380764,4.105964139405214,3.7349374555569956,3.568534915518084,3.4861051937549057,3.26712687107185,3.1870780490773423,3.0343433954086847,2.986037334425888,2.897737174437864,2.7445107092873418,2.3474196951400046,0,0,0,0,0,0,0,0,0,0,0,0,0,0,0,0,0,0,0,0,0,0,0,0,0,0,0,0,0,0
5.041239574255111,5.0104667249730275,4.986073959008281,4.826770802446707,4.7172500961629344,4.635826138582957,4.357691971122832,4.248524484696123,4.021948006203168,3.790967990404242,3.5976354467119647,3.502348836664422,3.3269062050965346,3.2017296010533367,2.9259210018994253,2.6087474450243056,2.301684815414844,-1.7786348796766733,-0.3646801500448394,-0.7263495407891537,0.6549994627302612,0,0,0,0,0,0,0,0,0,0,0,0,0,0,0,0,0,0,0,0,0,0,0,0,0,0,0,0
4.172294158046909,4.116527051293934,4.090049511713443,3.997508485895996,3.952135162479133,3.8412635110738367,3.6314543764316976,3.5329426724292894,3.4495742916825947,3.2987353829452912,3.146195701746777,3.0586019495176355,2.7052902024450907,2.5083180017990028,2.411174418770991,2.2496893852479625,2.1381930713595243,1.989937383167181,0,0,0,0,0,0,0,0,0,0,0,0,0,0,0,0,0,0,0,0,0,0,0,0,0,0,0,0,0,0,0
3.5304449639142472,3.4972394775174416,3.436469352493458,3.3504020978904205,3.289418797447152,3.214757858626373,3.094642911274532,2.9814984828823636,2.9184565350601446,2.733308651105999,2.642240651306411,2.5167236301438076,2.3037261776752587,2.191826136032755,2.022997259017843,1.821921572993939,1.727571460663623,1.6790662203476883,1.2914689509476094,0.5500759436509767,0,0,0,0,0,0,0,0,0,0,0,0,0,0,0,0,0,0,0,0,0,0,0,0,0,0,0,0,0
2.922486349978531,2.879709650418105,2.8637419135187727,2.808751244252116,2.753511802160635,2.742324488474269,2.6159026511238865,2.532410569385288,2.4330855477523823,2.208252141014187,2.110811016418073,1.9981702175811094,1.8560375935465494,1.7862372974090777,1.6517259955767363,1.5496216681015877,1.2829628812340306,-1.7079657229402625,0,0,0,0,0,0,0,0,0,0,0,0,0,0,0,0,0,0,0,0,0,0,0,0,0,0,0,0,0,0,0
2.287138474414231,2.253167249997731,2.2495297776734726,2.2081868508874103,2.16559274601926,2.1460616517031665,2.0839214223571685,2.0123441754402815,1.9558585038266947,1.8183666515796584,1.7297819788306417,1.7224974181818558,1.7024496714806483,1.6964727509425412,1.5400193271061893,1.1782060573949047,1.0554222174727157,1.0581381364922213,0,0,0,0,0,0,0,0,0,0,0,0,0,0,0,0,0,0,0,0,0,0,0,0,0,0,0,0,0,0,0
1.9780835504650036,2.022497946242533,2.022937010234823,2.030770390818601,2.0622663113945716,2.04351838527645,2.0018268127609207,1.9679607199417624,1.948638155305428,1.905510108029627,1.855136520695649,1.8368979507295395,1.7941058767152642,1.7848000715574903,1.716325435750983,1.5920384950690027,1.579372635632662,1.559994510376857,1.6112655146808024,1.683280760984337,1.5744106928284913,1.6138427883436341,1.6317220881246501,1.6418718839663722,1.6156492221689547,1.6392614495338624,1.6574968316811782,1.575545412182805,1.6172574847327488,1.6429802934463287,1.63773086992949,1.6745486104455356,1.687610267281524,1.7311265348641216,1.7488765037618743,1.7652072972722588,1.721684159924416,1.698830666674258,1.687394082991767,1.638674527609104,0,0,0,0,0,0,0,0,0
1.6411127981268376,1.758948392545214,1.7756926726616828,1.8047784720279896,1.8408204594951407,1.8540657971847045,1.861451765845356,1.8716271809150067,1.858740255448886,1.8447319337306443,1.832394109739973,1.808838703044194,1.7416641334332796,1.7231058738672356,1.6664922290339539,1.634841092730147,1.62512447037573,1.593903892808704,1.5878489477756543,1.5912163342409993,1.6876586164699006,1.7053522527226401,1.699213266165561,1.750785653747767,1.7597998714807728,1.7491785870743772,1.7515802699366305,1.7491266527029463,1.7666170779736892,1.7664659825303912,1.75976264532386,1.7600746627861232,1.757536916042879,1.751438449201086,1.7334406996937284,1.7270981415128663,1.7045949428330265,1.6983524809285224,1.6779556107812528,1.6544231618657914,1.6462719244968687,1.62195771760285,1.578359010927136,1.5608643259423327,1.5103390498121154,1.3912761553808273,1.3364913287214761,1.3245547785671148,0
1.2485229249419756,1.4845161231483828,1.50065756830005,1.5482748533026027,1.667303264416661,1.6920199357258041,1.6651284940732436,1.664986813919907,1.6493270832381282,1.6140675092142733,1.5993165322270417,1.5896146585523672,1.5262288784856017,1.4070812302330693,1.0091566330844033,1.4135722737672178,-0.4209619032098356,-0.6141273272222311,-0.2597870900830636,0.058959469911501756,0.8545033246299324,0.9078561637707719,1.440860250057406,1.6037330601730513,1.6496927977247633,1.6941110709490441,1.6807627646724834,1.6770331393091606,1.6790674191667059,1.6707796214874004,1.665290236602873,1.6403330845556643,1.611751673380287,1.6135483608030348,1.6295260642298373,1.611372115214013,1.5828446440501116,1.5920383117813088,1.599476438859323,1.580251183562341,1.554128580760171,1.5458528798936895,1.5051035711318508,1.4907387223304345,1.4223728710885426,1.3495355939657994,1.297925981857395,1.1788629809474551,1.1273055948409354
0.5925424896170679,0.8160039161413433,0.9269499868313924,1.0010606127938249,1.1718557116273007,1.2243608344012142,1.304681195149092,1.3856654673609519,1.414257209055997,1.4424535573330122,1.5426827789067046,1.569131372160022,1.5891999156323604,1.6057464430135318,1.6260284138402932,1.6348502937172478,1.6581855892197006,1.6755445460209768,1.6848126235001777,1.6808046202326417,1.6613766148810525,1.6342740573452605,1.6237664288587408,1.6068030481496882,1.603831132574936,1.564962749801043,1.5631243756810997,1.5460165320734511,1.5442136146817682,1.5395024993898356,1.5303311994583866,1.5321028018562273,1.5281979407061834,1.5269008169917289,1.514155199469751,1.5121004478374869,1.5043261466207223,1.5028866577978475,1.4917824843770213,1.4755565354742348,1.475300119578298,1.4832544680832196,1.4486876688761987,1.4281294996392113,1.4034948392064717,1.354211601034327,1.319263702045187,1.3408396129992415,1.269754198208796
0.4099816203932657,0.6002913829677027,0.6828992598571135,0.7560457312021873,0.8908554765396882,0.9294758310861525,1.007837087491202,1.1222212005848913,1.165901351007866,1.2204959714386534,1.2907476212727294,1.3120411697278305,1.3439439815668253,1.3651451214095878,1.391311996007666,1.3945193214808955,1.4180054547378318,1.436550972724343,1.450312532939455,1.4643203494782853,1.4821550398409078,1.4832064380837449,1.4742228601642442,1.467402462600113,1.4533677076809919,1.440800594307541,1.4353629699684431,1.4343609501136823,1.4331147221854377,1.4280634678932234,1.4236414695600195,1.4286330654017663,1.4287776446360976,1.4258256702936694,1.431785036456855,1.4302275540945255,1.4274567399336762,1.423997753939891,1.4230271058964792,1.4020923010013513,1.3965223166237246,1.3888720032459538,1.3896214419157318,1.3849545264322394,1.369699978380086,1.338028072387574,1.3313131189596155,1.324750793200342,1.3021120894568439
0.33110298937370586,0.5561424869990446,0.6209043567879405,0.731497627691748,0.8652921684827433,0.9179215508098003,0.9844066514458069,1.048748180617142,1.0604414919524994,1.0934211232385642,1.152445917915098,1.1705625704825189,1.1967067758704097,1.2121459725691177,1.268462300855254,1.2821183147822228,1.3005745852479667,1.32447594148274,1.3477959453929709,1.3621302706979332,1.3782164823421663,1.3934582013882932,1.3875336681620982,1.3949196418646808,1.3891849784854877,1.374895562919234,1.3723869273991791,1.3719182728453105,1.3813487430051037,1.3893049081113067,1.3825070220350681,1.3854559383690268,1.3872966371109692,1.3966275776218435,1.3993303265055883,1.392089879186102,1.3779252089722493,1.397171895437094,1.3872463179992596,1.3639313375792297,1.3650188203038827,1.3617124848541557,1.343964315372128,1.3298928992368417,1.3162012976827684,1.285106285570705,1.2759365043882411,1.2705030302416895,1.2462463818910479
0.38214183103634713,0.5764860774115546,0.6979286186908096,0.7777089506932144,0.8891542130071691,0.8967407643243631,0.946181956814306,1.0223602660836721,1.0535052551979924,1.104542747445817,1.1289234278697742,1.1581859404000143,1.1486111950857956,1.1759888656147728,1.2095199939094345,1.2236301367326035,1.2399968317299808,1.2591626372758324,1.2975927863127152,1.3197972928932722,1.3408843232262415,1.352052918157513,1.3478940568673594,1.3566123968784378,1.348681031121471,1.363511199793394,1.365654330893006,1.3691737444031788,1.369592716586898,1.3686077352922328,1.3654860915030662,1.36126889756285,1.3498537405057045,1.36298267585099,1.3771000036291638,1.3693612027771462,1.365301690640775,1.3812882990613546,1.3798393620498244,1.3800261149601538,1.3837808518869177,1.3874834040165867,1.3674586063452807,1.3559229384856486,1.3376666691100392,1.304861542525031,1.293435613839407,1.2835736603424763,1.2777689071208627
0.4988319321409246,0.7130254386814378,0.8303009172764454,0.9298147067830926,1.0399446190822301,1.097970123632655,1.1317502288663543,1.1877862996436601,1.2075241443217186,1.2140567875983135,1.226733956532801,1.2266413571356662,1.2290340872776677,1.2312036579152248,1.2464023046889614,1.254339597065801,1.261704969744567,1.274604031870091,1.2907421490874265,1.2968951446591208,1.3068566733310116,1.3073075285404478,1.3108061641723658,1.3219029967361724,1.3264805186912776,1.344815084211562,1.3614086081412378,1.365415738425649,1.3757402742263511,1.3761802516967785,1.3745283592822652,1.3774644370023337,1.3776445422197328,1.3691825121339949,1.36372114010723,1.3510846499297178,1.3582059478981092,1.3620154529621342,1.3614279181498348,1.3585095746029203,1.3473889074395107,1.3464028458654718,1.344935993266647,1.3429153617297747,1.3254901108735142,1.3129453149226888,1.3087691268793995,1.3014624638157821,1.2847881695252803
0.518042572711157,0.8723374717121021,0.956717624653112,1.0349689042740051,1.086778861158643,1.1332900210480013,1.160817363694791,1.1989705730761016,1.2001661719169232,1.2118569578574445,1.2054762708078757,1.2063431473619317,1.219614425044746,1.2311855274293253,1.2434930252172154,1.2500663782928902,1.2529063388508588,1.2621298110811925,1.2857028551403344,1.2934190456321597,1.29449045191248,1.3005652015141258,1.3082155435930007,1.3264263111703214,1.3173390495575164,1.330700243974566,1.331890918682876,1.3291311669299797,1.3426333084399424,1.3518704700646014,1.3538218864545253,1.3535172080037285,1.3495399286569292,1.3459701972300515,1.351560765504243,1.3481568466072194,1.3366636303891894,1.3430562737671083,1.3432595289336633,1.3465265456486548,1.3345646117104637,1.3324099102419054,1.321750265687237,1.3240401901982137,1.338293047002979,1.3273252053941138,1.3304796833671693,1.3177947402140051,1.3123769470700113
