jsons/1312880400.json
{"header": {"parameterUnit": "m", "parameterNumber": 2, "dx": 0.1, "dy": 0.5, "parameterNumberName": "Eastward wave", "la1": 40.97354507446295, "la2": 16.46031188964855, "parameterCategory": 2, "lo2": 133.9931640625001, "nx": 191, "ny": 50, "refTime": "2011-08-05 8:00:00", "lo1": 114.97908020019554}, "data":
[rows 22 to 43 of 50, columns 98 to 146 of 191]
0.7177008932769812,0.7285065746062754,0.7339180975642888,0.7442396694978164,0.73076589676575,0.7257297216625854,0.7170896336553212,0.6935819090843385,0.6918706732323942,0.686321710544279,0.6702083921770741,0.6527427092647345,0.6580930447202363,0.6642437131158129,0.6736296716077448,0.699852688616715,0.7021215049398467,0.705779861482997,0.7052806199462287,0.7051111830229899,0.6828129086747868,0.6626065545706781,0.6657994550964303,0.6636789018476119,0.6559032672630963,0.6441161979691525,0.621122642487108,0.5894980787978052,0.6062592299816587,0.6320450405891037,0.6068869366985953,0.6020799641564366,0.6009219966308658,0.575385422810404,0.5631783470170285,0.5622570865644799,0.5376205336754832,0.5448779233749513,0.5109166447614915,0.5204143426978551,0.5040264840716128,0.496829743537366,0.48198780387620144,0.4887505829000024,0.4886982642036242,0.48498043216274345,0.4954188546086146,0.5041699384862224,0.5130798589002123
0.6679648746375179,0.6746890450034951,0.693078929565965,0.7064364310786353,0.7114450811321881,0.7124429774161025,0.7071463808175286,0.686525571422043,0.6794781791187394,0.6835407515481204,0.6990075745615735,0.6849475528552161,0.6770363941569294,0.6759641700131208,0.668527860587696,0.660540507775801,0.6571661524686213,0.6444198989957716,0.6459315685506043,0.6515018416661784,0.6281586332926183,0.6232947303696765,0.6468528088979811,0.6696437671879873,0.6301920880320493,0.576067468982822,0.6001516806378553,0.617089448617675,0.630776018758475,0.6357549046607273,0.6159662281124156,0.5852996325241833,0.5824395453278973,0.5828652202223507,0.5974685819445038,0.5900255932384542,0.5294232723963054,0.5184684755317068,0.5157877955709241,0.4858068713893643,0.43414879821776275,0.43948393803432567,0.4394429655431102,0.40432538299851495,0.3882722002220411,0.4234584087262256,0.3441736530455588,0.4075869525626452,0.4499554024032704
0.5796846402814656,0.600806760760637,0.5911918139911404,0.5844135859322042,0.6103855108432914,0.608994504055929,0.6039882379552669,0.6175870868950006,0.6144860416405157,0.6131115797555508,0.60225869458294,0.5917351596416957,0.6024250195313492,0.6196791009030551,0.6550924125901038,0.651774840116758,0.6318741746768909,0.6211205753702218,0.6233552134899635,0.6224373991319514,0.6183482301819194,0.5923414199784373,0.5852604912612097,0.561771234612353,0.538718856090766,0.5451290127230375,0.5469549333411985,0.5201964881533577,0.5228820128218704,0.4937054935655419,0.4764241125289262,0.4662218171278444,0.47211484891833094,0.49794340015485605,0.499328892750823,0.48967865676400335,0.43980446082451774,0.40168121505146426,0.3713174998677639,0.21375700092688552,0.2082002670142455,0.35629341592946995,0.7099476136256156,-0.8001291532207782,-0.5174521250274242,-0.25009172906198035,-0.2551298303380193,-0.48548264890178455,-0.80632989365287
0.5550418537136531,0.5271539032795624,0.5298305259511629,0.5123476882303659,0.5265403354775022,0.5297086370832357,0.5130684198543558,0.47735509453981523,0.4205887668928629,0.3846374871316831,0.4614104631091463,0.4839266682454781,0.4565043870916143,0.48072558008405897,0.47775241776841765,0.4936061961359807,0.4773571549031164,0.3777009696623645,0.418350969386613,0.424697442923763,0.4511180160582242,0.47016323877582183,0.5044165617457781,0.4537616242203739,0.4565163259612449,0.46346763320157897,0.39784483000427623,0.3583315585968132,0.3645410948564792,0.3583129117692496,0.32008052512284135,0.3217457241736689,0.32675875724391423,0.2819942111379952,0.32592872806046036,0.3576125574739884,0.3745508987308658,0.36188655270310166,0.3383899643576931,0.2530447032243929,0.21118447824822695,0.31408856274047603,-0.6996709494159538,-0.5884825332035573,-0.4608375376321561,-0.5355476289548663,-0.5787261409984912,-0.5338653363048964,-0.37161243884170236
0.43769256143087387,0.42995375956304416,0.4365193112165658,0.44749954270462,0.44716832051173283,0.44532810106454535,0.44019649316227133,0.40813503717211963,0.3482541145359118,0.3213412732000661,0.2758668148825233,0.2673945744901556,0.2728307944807394,0.27791283908734504,0.2660506591544549,0.291233924201059,0.3530502436723708,0.37575423289441245,0.387648472035683,0.37251463515547206,0.4026689094953906,0.41321888425703596,0.4435958581801947,0.4470919638838882,0.4203791463643027,0.40274134099794334,0.3546222192270049,0.36293328359377547,0.36172542112246425,0.39388436439407715,0.30647232128335766,0.27239975748998163,0.2518178843651907,0.21564136467503806,0.22551245616598617,0.2168159096876929,0.17337814558680675,0.2307892425976275,0.29950494530748123,0.1652629517345561,0.7371283306359837,0.5370117496417056,0.47470818168663365,0.657560798265438,0.511354624846037,0.5975734010364896,0.6425842682724818,0.6287904149742339,0.6756667950203922
0.3610629946254398,0.2929553051217981,0.31226129741063907,0.2654331041679014,0.2629571335987998,0.26128200796811524,0.25094364036144984,0.252687954017105,0.30959403950059555,0.31744451403354246,0.3031413256196122,0.27873515351789624,0.2774380435350529,0.2797744892786597,0.25044496093816043,0.20425738486010261,0.2312132367298717,0.31713506517962997,0.2957885645408391,0.2844098800292683,0.2592276419720949,0.24417344530030746,0.250392125128623,0.28894286424709914,0.31157176194143904,0.34497175896441296,0.2913138746095531,0.228290860286578,0.18928094026229014,0.18522608041060584,0.29772017972848613,0.4317319823368277,0.47733939223818467,0.7211257030767472,0.6561549826174559,0.5847566484814022,0.30364262958277627,0.3382624966326412,0.3621319665241631,0.4004037964421681,0.4368967068248529,0.4489865903150414,0.49964313464830906,0.5116470596817208,0.49794182920301044,0.581452620823944,0.579475593197918,0.5854218273866455,0.5715045470532615
0.4403698596559957,0.38145217343219984,0.3764920358421047,0.35935328977131153,0.3289433537787585,0.34552614009418514,0.3686844593849314,0.38052234644428534,0.3964490511746911,0.3924918542831963,0.34670767589231755,0.31906035799514215,0.31177288310091233,0.30743140081591586,0.3324962925490293,0.36390247429689804,0.33648333579077966,0.32692153294289994,0.3075461879581462,0.2810519231189178,0.2013428536457251,0.16763719723454454,0.15265978338875738,0.11710324953345852,0.17066531698772863,0.48417550460694475,-0.6805015572417208,-0.541150965225338,-0.3699501842543172,-0.22340848532303656,-0.18820012205907916,-0.21300657286533264,-0.28476244208274337,-0.3858339793379348,-0.42775921651316046,-0.56870379817013,0.6826288848639793,0.5002256534312158,0.3708999210792054,0.36779062072122387,0.3440340159829777,0.3290455689109309,0.3372711858372192,0.3619241622371436,0.40950048797322974,0.419101681219278,0.4312573520158292,0.4354855122044411,0.4339980280307534
0.3934146480703127,0.35263467092129,0.3392807011452969,0.330885753208287,0.33096526942064336,0.3169444163722886,0.3201439616310644,0.359656477997371,0.3704439294089142,0.38203804605638303,0.3790005621594363,0.38035406868581423,0.378029998746583,0.3672030108782854,0.35342319995978544,0.3840312374714853,0.3603753431900392,0.30966406844814687,0.2882077913043592,0.2691574555413857,0.2524652720235434,0.2359665167865685,0.2184627086284099,0.16749474589468097,0.1312258687221174,0.10554147463336543,0.21773774214812733,0.5628834712929259,-0.22384347032302696,-0.32664570491145944,-0.472077041155328,0.0953449035351536,0.3040500562457552,0.41990457381037943,0.4645518507465762,0.4822910919998523,0.5019601957669751,0.5306622606535563,0.5801497324669376,0.6091865956981339,0.6525079916654559,0.672829918253017,0.6683741106622796,0.6441389011803804,0.63973370430954,0.5777228094303164,0.49787951309957074,0.48901484326004113,0.457836355002788
0.3444977363598448,0.26251711794187327,0.2537347980398479,0.24865033581382467,0.2128860478601541,0.21223296159953856,0.20099403711091685,0.24053420945462858,0.2915389569075557,0.3507073176246764,0.39986723404545216,0.4033920606302241,0.39973604815657504,0.4133156560390282,0.4272890621502911,0.44513382771380255,0.4051763862634391,0.36378923941454194,0.3561476301714149,0.33709811864153055,0.3200639407993516,0.31496520879505857,0.3106303722584292,0.27609749728337063,0.26981417956262405,0.2655974522801838,0.30628090514171225,0.34165373396056914,0.393765655277092,0.42982510485851483,0.5563532919380986,0.5864208887689509,0.6115936444132843,0.621696674584261,0.6134641162125829,0.6132763097417323,0.6198417312955503,0.622541601530051,0.6256838749317967,0.6240105850372735,0.6273150030098197,0.6282753929409648,0.6293965897894483,0.6202342111722088,0.6282320067005007,0.5585104429393899,0.5662081505469359,0.5577216734916556,0.4783221508574414
0.2949802885775225,0.2806913440122148,0.15154896972056098,0.10251033753378112,0.08077741684092775,0.16702578981941912,0.24043083757510164,0.376363933054851,0.3653587677453985,0.3253057499345049,0.3902033920373741,0.388269060162857,0.39730503480768625,0.4024125768640523,0.4371269173280157,0.41248115407297276,0.4024692299171175,0.33663041032511315,0.3562877051291327,0.3870491326836412,0.34663677637550144,0.3227267687489959,0.29892393988833765,0.32380611707251344,0.31773471085433685,0.31217644198365657,0.33492866501422847,0.3483926990246237,0.34197105038327247,0.34282693504635264,0.3562428184496987,0.37205256174149315,0.3844384841500329,0.40720337418783437,0.42036438217445443,0.4509620219586502,0.463152805282202,0.4675114877277983,0.46532741766903735,0.479246824850728,0.4811558689633989,0.47768173542415127,0.474956640982211,0.4601342099974116,0.46102898947319193,0.4514687969179383,0.44031213919742007,0.46845499899751414,0.45877501807318716
0.3279799194510931,0.28222554355130075,0.30199681201129625,0.40003288175575613,-0.5917523617061009,-0.652261276423235,-0.5837606635201605,0.6378778741686427,0.5762235999902081,0.5120232529087206,0.4640743116656438,0.4459786339554405,0.43412062650162847,0.43087388372156304,0.3732330899694362,0.38425728459791786,0.3890254577260855,0.3905912535653316,0.37678729764965263,0.36979731587362863,0.3450535047175649,0.3056872996744282,0.3096323476652036,0.26170186876749446,0.2615135848916574,0.2800049789310986,0.2950222171526815,0.29167381456648644,0.26913342790311495,0.26358398609491734,0.25355655038250424,0.26126433574276764,0.2712385184053707,0.2830317786490108,0.2881233401299021,0.29200232424697725,0.32165488893429617,0.33439159794937706,0.35276793231315956,0.3300052913946403,0.3369125457689327,0.3451692459362734,0.34985262197241024,0.3507677542007947,0.3518543643521135,0.35511989472432587,0.35179445718196667,0.3496115720132303,0.34748947574679745
0.43758538372877415,0.4139895880653278,0.3935226248789625,0.4077225208475918,0.4119701498112534,0.4550192102249218,0.47129139285714117,0.48132444237080746,0.4697320989494411,0.45509417808030617,0.43667555655848966,0.4387275684886428,0.4241664310315519,0.41700423719329427,0.3804012433757175,0.3675826042520635,0.3626855791557414,0.37190872574858036,0.373672747135631,0.3624312148280666,0.31536249427117335,0.26749565212137194,0.2677214507624188,0.274419263808737,0.26457787013527034,0.2572622433538686,0.2656102722434589,0.2648676623683426,0.2219195025291916,0.16378021063591255,0.21734043216248705,0.21586936019493613,0.2128719624554788,0.190303750258769,0.20514011841941115,0.21419652630438485,0.2170147644287435,0.2160826998250706,0.2060944153620118,0.19350059062538594,0.24129173925781122,0.27641080803120044,0.29034923736467494,0.29746051469253787,0.3058716864193828,0.31517578191613593,0.319675831181694,0.3055232401644583,0.2992490627590161
0.410076319582357,0.36832550975967965,0.3643904556547582,0.35428847717191053,0.3650579524281497,0.39288335045622674,0.3917520974244886,0.4025384014987184,0.39205288225358703,0.3844563062121802,0.35014143876272646,0.33323819874158184,0.32893063135603706,0.3079282051682553,0.3252667256819477,0.3302126486323,0.3428072667381777,0.3421340896405194,0.33250460194161763,0.2985265968488099,0.29050028697797137,0.2995199799581118,0.28816421882459453,0.24004782139772537,0.24155103078429113,0.25100391050061244,0.258074503547995,0.24926138446904533,0.23260578070702398,0.2117602019583368,0.18192808095443538,0.18888199294195598,0.19732110264158417,0.19573558472082855,0.20719452456468457,0.18978074685378352,0.14761706149147094,0.13771996190844918,0.11410141212930032,0.07467626093221173,0.08322680848443813,0.09775047474546159,0.1261989026637402,0.14761392378974827,0.16224755363678267,0.2202356824979987,0.26628607941039056,0.27792676124909493,0.255988424968452
0.3156624764518702,0.27366143237264234,0.24424965561949508,0.228215171118357,0.25561075851880016,0.26937536551170993,0.3134205958793116,0.3157921206471432,0.31733232270618106,0.32235187961298467,0.31087496643925294,0.3031720859934761,0.27691890354348414,0.2539443339600917,0.2784799299372774,0.2715339055416021,0.2703766160769844,0.2597369921613335,0.24535987432033052,0.23910813741984915,0.25257585286774087,0.2509964875712414,0.24601086708386624,0.23430696469849827,0.22892277251456455,0.2320085992110768,0.24950293558107295,0.24494641044276308,0.22051564213487296,0.19980052247197339,0.18518401138665497,0.18387094541810675,0.18621891832142076,0.17741527943805901,0.18399277731559793,0.1923838214386287,0.1975195825906344,0.15606362415674901,0.12726886023926054,0.08966199102236469,0.07213593173675607,0.07611275183898847,0.135270749630074,0.14419131461950185,0.21936254331381488,0.2988975592262512,0.38802370848767576,0.5308187585095796,0.5975158035806104
0.18430861667295276,0.2658661137161022,0.20802364948440555,0.2382667503602682,0.19766132948177248,0.19650516998653805,0.11276039431629863,0.13469707821285667,0.14343918873400738,0.16700264010374277,0.16542718928429304,0.193806197848353,0.22315098427745927,0.23194917111720104,0.19680756645702357,0.17164656620671337,0.202223117619643,0.22751264309594216,0.22845125912569988,0.22674546110113866,0.23504171528321352,0.2630845509426644,0.2727683320984878,0.22486228546148354,0.21934852192283424,0.2136888216185121,0.23004803924030412,0.2421399924616336,0.246784309409329,0.2511005205158973,0.26184730780162907,0.2575343185911173,0.25068518390023625,0.21689857769195175,0.1789063806329518,0.1675988259499057,0.2896264515969435,0.3159250227929419,0.3141376240928375,0.2696176120849367,0.4175630515931847,0.3731210790181613,0.5281402475251045,0.7299479028076766,0.7587948998356097,0.6368095515594304,0.17553284915511014,0.7560133942022665,-0.4359495828204039
0.3433487116934778,0.41621395800522754,0.7822559408055142,0.6666249977126467,0.5458788805973394,0.4127635544645358,0.33203690608717545,0.03361561289362144,0.12912418244314539,0.04001654629033937,0.05420470204993493,0.11002171140646358,0.1349422808015851,0.137596460297329,0.12767398443575562,0.13342545165785294,0.13094543107804654,0.1291499184962891,0.14018953246049995,0.14769512738412077,0.15654415035519711,0.15663250850728933,0.15277721525153734,0.14230596908887397,0.1380410863137943,0.1440573390644354,0.11854904203485017,0.15723454671469697,0.18948959645158003,0.21227007962449496,0.37293549998035985,0.39318029510746977,0.2789768787410601,0.18702766602831614,0.24361105374360933,0.20369464429572542,0.4035026405962711,0.5350094580992488,0.7449285375538296,0.07764831634096904,0.5497857523954331,0.6966187959356497,0.4555848519266576,0.7183138317870814,0.36418110049963986,-0.5218894067111584,-0.7726310096739466,-0.5897482094359692,-0.5148823913030623
-0.13420085966687811,-0.23818532306047094,-0.2833492546591582,-0.3099687636496609,-0.24677823050569678,-0.38060355607329677,-0.44451583265731803,-0.5535942738665096,-0.6960290242236711,-0.8033924129522257,0.6505437794337672,0.3170128402074829,0.6237405743035376,0.49446326638230764,0.3676898156174753,0.6714964091071056,0.7513832547129772,-0.7113315751553292,-0.3596835497147892,-0.766912584026469,-0.6619257826926833,-0.001974991024231945,0.704554574810502,0.752862020358871,0.4279093331688046,0.08138499078304376,0.23894842526826537,0.20240155640882465,0.15229511422465192,0.11274754488829757,0.349983989980115,0.3781579899431403,0.33420897511124076,0.6438618245622859,0.7871642096358411,0.7127299359917133,0.7633303903785278,0.5604024366836041,0.29910185413216733,0.44032847420942317,-0.1713029364039662,-0.7752884274451951,-0.3902204955252654,-0.7764208282358583,-0.437544219539751,-0.7679876265283644,-0.5736279748540347,-0.31568683514342016,-0.43849450204119145
-0.2909036456294856,-0.2534398826878183,-0.2809859984985426,-0.3074850172153623,-0.26590400098781775,-0.2504880026794966,-0.2639320410153929,-0.3264503667771583,-0.34812839733609274,-0.3665888384045298,-0.38558211961215066,-0.3051156382501833,-0.19395803003286136,-0.4496141923714051,-0.40852913119552403,-0.42684816297828393,-0.19214131226694423,-0.24628900963420655,-0.20409921762840053,-0.19874522749407342,-0.07385538511585692,-0.16642041157990037,-0.3087057644312934,-0.34357303872691236,-0.31889819293688443,-0.7829786912797061,0.392698813649456,0.7373385996546471,0.19924111562004063,0.6395547398332118,0.6233724377844353,-0.19748014716411275,-0.8264833853286228,-0.7030372903191325,-0.7243629090762324,-0.6644007986936211,-0.2290935562293991,-0.19120752117915604,-0.23659639896351284,-0.4179111051402506,-0.37000263009821566,-0.1914717049981628,-0.3585266718788195,-0.5980277662947342,-0.7113052802916902,-0.4390880154512402,-0.16703326165379484,-0.23260132188400343,-0.3828009305843345
-0.41860930213025493,-0.3907487303675918,-0.3887231353108862,-0.3867086344607028,-0.37931377493935026,-0.3792286289960026,-0.3801290724682768,-0.3827849428042054,-0.35629947558403,-0.29784627158544635,-0.2487546137508362,-0.2329379287558054,-0.20459885563848584,-0.1797858957336358,-0.1624492837584433,-0.14827791443908514,-0.13979524593769713,-0.14455623434665227,-0.14333136588466672,-0.14742254125265608,-0.13461522156363745,-0.13285290914546724,-0.1425023458322548,-0.16408542048499938,-0.226506461266116,-0.2707828819929811,-0.2996871168940073,-0.07265809636410152,-0.35524769162649156,-0.7364015039456682,-0.7564715873093097,-0.428457129818135,-0.3333744564405729,-0.5139125540865624,-0.34771809367508566,-0.25372683213057656,-0.16954489479817356,-0.19661570165871944,-0.12378805959889491,-0.13826139167921309,-0.14771293666698337,-0.15631082988775485,-0.2460311531455821,-0.23061424447235548,-0.24241875315027894,-0.3294173556116914,-0.33741088373468725,-0.3175765016908421,-0.2976867405841821
-0.547591200542226,-0.4754944911333692,-0.42724307692078234,-0.41273050938570255,-0.4378101857619934,-0.4312338170255381,-0.4225384051591285,-0.38629288100624076,-0.3552078424970482,-0.34094693725293496,-0.3054614722275219,-0.27815766891748966,-0.2726423772105446,-0.25616082000330137,-0.20083571152992222,-0.17720330708431634,-0.16670486942602475,-0.18653312701234911,-0.19193988564664852,-0.20472971371632373,-0.20744042383533898,-0.1938719608196004,-0.18487171346690146,-0.18987463987573963,-0.1769621837039383,-0.17180639866646127,-0.16088250339775054,-0.1702915815244105,-0.18097335125440892,-0.1867006569157616,-0.19351738658280068,-0.1946916764950475,-0.19745751328886735,-0.21032912349741495,-0.23327082568413157,-0.25441839117274434,-0.29577058649389093,-0.31028263588794525,-0.3066926536133115,-0.2912502883364141,-0.29598013306998766,-0.3069111924999967,-0.29601736829086567,-0.28493733543234273,-0.28303204113198865,-0.3053954926172385,-0.33728409659354236,-0.37225173966831904,-0.4071053429081309
-0.5894668246313076,-0.6096088243970967,-0.5799767352806708,-0.5310695223618784,-0.4959767857122436,-0.47889848704648114,-0.4528564128633938,-0.4292613248704557,-0.4058505352323526,-0.3797949737076121,-0.343494842639052,-0.3420406238882624,-0.32923921164502445,-0.32416730362000684,-0.3253239305967694,-0.311443844787516,-0.2930555378849446,-0.28751872286240965,-0.2901802936848962,-0.29349592923907786,-0.3138059975076567,-0.30264821367476674,-0.2959598521354296,-0.29128780067607324,-0.292072073409961,-0.2842787160635328,-0.2425759288804127,-0.23494308934938787,-0.24966996622398488,-0.2652059397991821,-0.29775825447256876,-0.30735033364617065,-0.30863623748048336,-0.341010603376697,-0.35091630964051107,-0.3581503085915838,-0.37434844082928576,-0.37965758148577267,-0.382010057947447,-0.3880078459920974,-0.39921810394001134,-0.4003930482620487,-0.403920937154744,-0.41275895905551235,1.6977641796499816e+38,0,0,0,0
-0.5696712079893701,-0.5217176827507417,-0.5008925097751574,-0.4790311138839235,-0.38556828017789263,-0.353220914369153,-0.39362308767000365,-0.4816373342560388,-0.5055365703502553,-0.4911450961367717,-0.4517300918785938,-0.4432370701575653,-0.4297270617861478,-0.4097908545469483,-0.3538846630767471,-0.35877448025430536,-0.3613562596137836,-0.35665343055342824,-0.35212822178210335,-0.3523418709700423,-0.3476004385891237,-0.3446999249007445,-0.362795596985842,-0.4202862608380551,-0.44688495295414266,-0.4490267863903089,-0.41000551956747755,-0.4097624720341177,-0.4036565347507943,-0.40806031033950857,-0.43102525814357456,-0.4373768180608532,-0.44125235056252604,-0.44052487784181293,-0.4419332410724181,-0.44914611048837555,-0.48521477236774474,-0.49756428610300635,-0.4978640838953576,-0.8497270863964557,0,0,0,0,0,0,0,0,0
