jsons/1312830000.json
{"header": {"parameterUnit": "m", "parameterNumber": 2, "dx": 0.1, "dy": 0.5, "parameterNumberName": "Eastward wave", "la1": 40.97354507446295, "la2": 16.46031188964855, "parameterCategory": 2, "lo2": 133.9931640625001, "nx": 191, "ny": 50, "refTime": "2011-08-05 8:00:00", "lo1": 114.97908020019554}, "data":
[rows 0 to 21 of 50, columns 49 to 97 of 191]
0,0,0,0,0,0,0,0,0,0,0,0,0,0,0,0,0,0,0,0,0,0,0,0,0,0,0,0,0,0,0,0,0,0,0,0,0,0,0,0,0,0,0,0,0,0,0,0,0
0,0,0,0,0,0,0,0,-0.15499326194033688,-0.26936693251163674,-0.3354049470999923,-0.34128944934322575,-0.3760690696098637,-0.3866544148226716,-0.3828458283914444,-0.38422847782858394,-0.3767939525046602,-0.3734873099173373,-0.3692298664448604,-0.37907907672809155,-0.3816302685123112,-0.36715783567047694,-0.3576802340445304,-0.2576980714613394,0,0,0,0,0,0,0,0,0,0,0,0,0,0,0,0,0,0,0,0,0,0,0,0,0
-0.26511126799795315,-0.18828259616876009,-0.3026127356648013,-0.3042607586056511,-0.33307769668032056,-0.35945416624629817,-0.38955768674015173,-0.4415224936564943,-0.44764800480512756,-0.46531041929170874,-0.4811084814470271,-0.4909147529267445,-0.5033072756126356,-0.5149484240792618,-0.5148528797185129,-0.5157353078036051,-0.5196831053440133,-0.513378040511623,-0.49401828553215177,-0.4500461819228593,0,0,0,0,0,0,0,0,0,0,0,0,0,0,0,0,0,0,0,0,0,0,0,0,0,0,0,0,0
-0.5023288213786804,-0.5283347304973662,-0.5440498398023346,-0.557533483778348,-0.5513531587901378,-0.5546774436050347,-0.5622532781731994,-0.549798268042668,-0.5461105742067083,-0.5519967129550363,-0.5503176799932455,-0.548376425929532,-0.5487920789497749,-0.5431424984072026,-0.5212250415601964,0.43888643250865944,0.124602609868013,0.3208812118221189,0,0,0,0,0,0,0,0,-1.165573764136769e+38,0.1974248321662462,0.13582337775546485,0.05116298554182181,0.0642141543747322,0.04127747002983662,0.039072277236685465,0.030094583484198096,0.026379024677096092,-0.014478976195752433,0.030670146410566316,0.2516540334370207,0.39042554133926416,0.5509001309728332,0.8118523264214919,0.9094150328325625,0.9278103592481984,1.0026034922769322,1.084474053515606,1.0749026907301664,1.0598923849621686,1.0587433007794524,0.9968299002973761
-0.6152566102800254,-0.6358955848397293,-0.655118059033106,-0.6563268670324547,-0.6790064088929311,-0.7039887874507789,-0.7237342089892569,-0.779214879081441,-0.7901413238083608,-0.9440149760143728,-0.8271563778795344,-0.6911701552953102,-0.6691872432373992,-0.6567952888433045,-0.5792471961647634,-0.6096632905311005,-0.6467820958216869,-0.45133937892789716,0.0729140211609723,0.2187731125494597,-1.11049224146969,-0.16765859348031734,-0.2707083380369048,-0.3844148326918179,-0.5809880616692144,-0.656963763791758,-0.7343562596362286,-0.7865792435175968,-0.7942308475592346,-0.7910100577490434,-0.8422168261904698,-0.8231139402385025,-0.8374152650653987,-0.887108165644129,-0.8389225982420927,-0.7212533624757576,-0.648276911103473,-0.2284592180236406,-0.04008594857237193,0.31007754671647214,0.8958231377731279,1.2008531887422016,1.2677128636991823,1.3899087977796452,1.4794177747166213,1.4834365107370457,1.4823496911816134,1.4062024009030698,1.2583760668029762
-0.7233822523176054,-0.7637199058031521,-0.7694275448297135,-0.7800189736659494,-0.8239077396589604,-0.8272124308284732,-0.8404793703302532,-0.8802003323847961,-0.9107856011586711,-0.892798554742034,-0.9196453252143534,-0.9426362994744273,-0.9135615791573939,-0.9284979100289285,-0.9423337943752182,-0.9106683873059045,-0.9425557835644381,-1.0032913802451855,-1.056185294600206,-1.0811678509693947,-1.1428203924516154,-1.2437170907464772,-1.2841847818872298,-1.3474226719662226,-1.3593583286329267,-1.3795174440304538,-1.4239931119684628,-1.4488207428604294,-1.47576680981862,-1.4839629621277672,-1.5010638019117701,-1.4718376993592288,-1.4705609326630749,-1.4446287451470867,-1.3992784716415683,-1.2958031106705257,-1.1959487313899926,-0.7251294552982421,-0.4076521255408202,-0.041731539173501614,1.0397189618182234,1.3361326590023785,1.4721788541316496,1.5872805456396335,1.6400432510584417,1.6287950442759183,1.6035779168764395,1.5547360605161975,1.372597708669938
-0.7802608509645368,-0.8241887611157719,-0.846894235162093,-0.8735002765468557,-0.9258977706331566,-0.9517128087957256,-0.9694104439771255,-1.0052586002219617,-1.0103629389740294,-1.0278651172936566,-1.0757360745946096,-1.1168199898601927,-1.1318148393880951,-1.1973220133726257,-1.2236733625624878,-1.2828809424285401,-1.3162249339716745,-1.368212876004133,-1.3863889595930006,-1.4224306253785768,-1.4793034643511342,-1.4914615118651102,-1.5129607226791286,-1.549470890548021,-1.5704237168170312,-1.5924579044912304,-1.618441233902695,-1.6404109847955677,-1.6787366168095037,-1.6729526097381688,-1.6791777258174783,-1.7027370735227114,-1.6641747226909474,-1.6645962753072674,-1.6497368830545038,-1.6529111731696227,-1.6274078601241158,-1.5400832925768921,-1.2491714605415578,-0.16953049481982307,1.5734526304721574,1.5539540914748555,1.5502032594530937,1.5543725556842813,1.5424318643708668,1.6009298863788262,1.5792227500750835,1.5547843596454503,1.584628697860917
-0.5796346526765139,-0.5530678765640048,3.2302092654048878e+38,0,0,0,0,0,0,0,0,0,0,0,0,0,0,-1.0676609610804704,-1.1122450274246374,-1.1041205684469007,3.4012288218659287e+38,0,0,0,-1.2108044151316926,-1.3111687786697663,-1.3302937195951068,-1.4176358309611978,-1.4788491804348414,-1.5682891834103267,-1.598998173570105,-1.6100276920185093,-1.6011263892111463,-1.5902849258321854,-1.5361502186957137,-1.4473080734400918,-1.3737490575684703,-1.365538849563798,-1.4522801739970745,-1.4010406678235399,1.369429032509012,1.2000532578165628,1.180602425546569,1.2678729441468168,1.4077225073575446,1.4194143987732544,1.4427683525327137,1.4531244955463056,1.4766183175889314
0,0,0,0,0,0,0,0,0,0,0,0,0,0,0,0,0,0,0,0,0,0,2.9091574259526744e+38,-3.392883255629712e+38,0,0,0,-0.9127885276128154,-1.20956716194165,-1.354961939655026,-1.418152002294167,-1.4212756896633603,-1.429875894141295,-1.3905223351183924,-1.2492881763820907,-1.158649571411681,-1.0022907297531463,-0.7587056606215677,-1.1887309750623465,-1.395541180201849,0.849772085440147,1.0686582683553392,0.8199719756677447,0.8315379468034562,1.012725627252576,1.0608839623822957,1.101734716228905,1.1538079266748344,1.1675357199288245
0,0,0,0,0,0,0,0,0,-0.29434433038530516,-0.10188982845989616,-0.5112042446154882,-0.5637932683896034,-0.6871693772999813,-0.6925153304256667,-0.727551581610671,-0.7068037600668833,-0.7303900180704382,-0.7746200973302241,-0.8198746367867576,-0.8521125617071049,-0.9038242866830509,-0.9397873427864172,-1.02993988655837,-1.069511863395424,-1.1301979352013458,-1.1964709568712657,-1.219039977825928,-1.2387908165990316,-1.2749281273856292,-1.2888763682735775,-1.206602388678521,-1.1676827929229388,-1.1101173237329751,-0.9136608061728123,-0.7717985244239047,-0.6719738116304372,-0.9226400736466209,-1.0194950591665435,-1.2948132837438087,0.7350523555246532,0.7163643031538187,0.6678028821486751,0.8299446120632095,0.8646113604701364,0.9204832204105476,0.9793080581415857,1.0146639145208973,1.003259594324189
0,0,0,0.10442417356916438,-0.09107518175315332,-0.332346396782776,-0.36866443722097997,-0.4842318126302964,-0.6501879481535031,-0.7623409691114915,-0.8359008312193155,-0.8981974745658415,-0.923713628275665,-0.970025874154586,-0.9909010601420273,-1.0179919047445478,-1.023739682144946,-1.0591419018613173,-1.07748523533629,-1.0913850309977644,-1.1208633990184151,-1.1438544606146992,-1.1633899553797677,-1.1893633986127752,-1.2111562975360832,-1.188829267448611,-1.1953144625863716,-1.1834293190072687,-1.136787580499812,-1.1105680990405635,-1.0870108233706783,-1.0040664182161008,-0.8976373844774513,-0.8529868905743164,-0.658266091399878,-0.5708641620893358,-0.47203402017215357,-1.2084190035814126,-0.30444127238634167,1.2226698045110838,0.5845236158441169,0.4195362892862747,0.5021465732561977,0.6201926522318381,0.7406455359242817,0.8142383140036547,0.8440970512666399,0.9029956648885369,0.930454184637142
-0.4465632128979553,-0.5270352022334288,-0.6380473100767197,-0.7146666810258697,-0.759811259063332,-0.8329345106006023,-0.857248528433472,-0.9118374059693022,-0.948845668687428,-0.9881851851252826,-1.0411085521044816,-1.0863091320842373,-1.1150116900140759,-1.1343512076066844,-1.1484931880483513,-1.1550964641897552,-1.1637166579045037,-1.1755651940484038,-1.1879318909032295,-1.2016235833710727,-1.2293797536402775,-1.2209896499420734,-1.2155202332312494,-1.215379592666586,-1.2124260495189059,-1.1573983334200966,-1.1308866841274379,-1.0974905978679868,-0.9855396211505961,-0.9740063642777229,-0.9582104911924725,-0.8521854630068918,-0.802863780123116,-0.7412633033517217,-0.5843054833558051,-0.44471543258036306,-0.3950150928898702,-0.6900697292365983,-0.3216683969757081,-0.8394949446783145,0.6605618009764976,0.3642492330851196,0.3932877001193302,0.47207363070533637,0.603951766812367,0.6356885868794773,0.6770203873905515,0.7245947492157409,0.7381901831852943
-0.7219187694754922,-0.7706461998278985,-0.8049101908302946,-0.8231513649944789,-0.8837145901401549,-0.9272140572176766,-0.9568115589099974,-0.9973747182121574,-1.0243433909465849,-1.0589119193333878,-1.0907977070460941,-1.1147641162041766,-1.1351623903463945,-1.1563446816334653,-1.1676929429904852,-1.1716050382263812,-1.2001185869586735,-1.2252928930552895,-1.2444081609046977,-1.2429712446158225,-1.2545372017415226,-1.2445768480035317,-1.2339324360477055,-1.216362669534527,-1.2044077812189797,-1.1381761280921776,-1.096057955250209,-1.0757236472289606,-1.0004385010501144,-0.9488849022247026,-0.8854583312552622,-0.7219814539428953,-0.6926953168753587,-0.653906104293013,-0.5436488518096797,-0.4415320765661548,-0.39671182400218086,-0.3729012025630008,-0.4586502459373888,-1.2782547597438338,1.1058495470839054,0.7427721490723831,0.5019759353650382,0.36429070731365104,0.4458914444640442,0.5005650783532403,0.5380688288238968,0.6050004839922749,0.6345411245121417
-0.45611071719983554,-0.5525277369980718,-0.5960496159793434,-0.6693640047872503,-0.754511504452261,-0.8035404192518748,-0.843724642387062,-0.8780467637767817,-0.8944469397927539,-0.9161198761444964,-0.9526541142245867,-0.9694593881452491,-0.9930805525894241,-1.0357063928228623,-1.0504945674614914,-1.0709774503665528,-1.0993130630852403,-1.166176107254046,-1.1943384875637726,-1.2242043411963928,-1.2541063709271116,-1.2502062890116545,-1.2379839397492851,-1.2210853219641724,-1.2027737452886647,-1.1331192180916476,-1.0897488426338655,-1.0397927353920495,-0.9515180388536002,-0.8941849235791539,-0.8605215947056096,-0.7670387628032299,-0.710608990944667,-0.6764104696267212,-0.5678829223739116,-0.5269285395315781,-0.45915602690102936,-0.34671532735505317,-0.2957168536562604,-0.22874766042171973,-0.35797749575156107,1.0933675262552411,0.5859640579994048,0.5692945139756935,0.3187115632434367,0.358296061237787,0.4053257772444015,0.5049576135242821,0.5664015748080506
0,0,0,0,0,0,-0.514224689225141,-0.6752778281870906,-0.7350951982083908,-0.7793129383233919,-0.8156149210638257,-0.8320847937005657,-0.850187315793127,-0.9077954922107981,-0.941602317292507,-0.9843841831240805,-1.0097459371325768,-1.0509370245265643,-1.0832156541862799,-1.103191131128616,-1.1409004352202956,-1.1335462033521277,-1.1100358168332645,-1.0940857751653692,-1.076211371394569,-1.0273131349967164,-1.0137946415430295,-0.9819390467233456,-0.927942802572168,-0.8893920729626017,-0.8635993380716134,-0.8018742610584888,-0.7654040562010741,-0.7324657077751479,-0.6432084924480526,-0.5950907964537221,-0.5552942216876541,-0.446914117049699,-0.3916353811974093,-0.34412506967231715,-1.0204152950054108,0.8723871088891889,1.0637972276565362,0.30979772587879634,0.3964700100888028,0.3952420183102504,0.4481698847578796,0.5504671786848777,0.6006019918747276
0,0,0,0,0,0,0,0,-0.44454533507021693,-0.5821543960578467,-0.6823029604453816,-0.6986550834191442,-0.7017876114959898,-0.7511214138393135,-0.7776254206473713,-0.8277583055971981,-0.8773094052188628,-0.946659798476082,-0.9779343183780963,-1.005156466592801,-1.0560443687534258,-1.0752577257269986,-1.0959773962002293,-1.1090421805632134,-1.1036937598662477,-1.0818888483940048,-1.0337134005151087,-1.014046504633996,-0.9809108451243196,-0.9670976167242473,-0.9251967089093563,-0.8491497439607435,-0.8247979459476771,-0.7928296818485705,-0.7094986722022937,-0.6612358209163072,-0.6288376689094866,-0.48010709183011857,-0.4490172580831569,-0.4164433069844403,-0.2965157726897567,-0.22631134718398502,-0.18966914105184257,-0.7579364267332915,1.189238768324406,0.6794355637817951,0.33561310478355044,0.3694751869290594,0.44530526982927965
0,0,0,0,0,0,0,0,0,0,0,0,-0.21656155319933432,-0.2115161605717452,-0.2860056530925157,-0.4114826132140566,-0.5107290544298237,-0.6687663936254189,-0.7511129592051118,-0.8051067352977707,-0.8857363583740552,-0.9179415577867736,-0.9290421145269421,-0.9532167793678421,-0.967939994054863,-0.974078915663314,-0.9885022943560868,-0.9752908966266326,-0.9594339378413672,-0.9527775341394178,-0.9287143078038481,-0.8799173466035243,-0.8205583616732588,-0.8151350168220858,-0.757301675463313,-0.7202434566811962,-0.6711117669189351,-0.5821470808538116,-0.5161968958956826,-0.4896667454120967,-0.3844145005475232,-0.3259285454445904,-0.2967543266135724,-0.2767893662295184,-0.16188489925328342,-0.18741958950255128,-0.750625715579812,1.1282991517580776,0.8112434451941876
0,0,0,0,0,0,0,0,0,0,0,0,0,0,-0.22389547041525512,-0.1879264549892542,-0.3743780298717956,-0.5025072843166494,-0.6015276446590159,-0.6574953824734754,-0.710588194978318,-0.7475984833146134,-0.7736200731361901,-0.8179095489850987,-0.8432010819525169,-0.8758716129651942,-0.9197998080346438,-0.9336844656927724,-0.9393123783106793,-0.9378629332907646,-0.9184581446721116,-0.85686303313698,-0.8282202288230881,-0.8093394590811137,-0.7804806795866435,-0.7576813761745719,-0.7216707600067889,-0.6650045210324493,-0.6356224228185614,-0.5895614624062605,-0.5217656718684796,-0.4525285396216311,-0.37870260895987107,-0.3215160758166306,-0.17561852308575432,-0.49897052711897083,-0.6776953594014853,0.8997799366286139,0.3284937239229767
0,0,0,0,0,-0.007826837450872414,0,0,0,-0.01053516998914473,0,0,0,0,0,0,0,0,0,0,-0.2669119063874928,-0.4933368463429391,-0.5602567740426644,-0.6415993640064566,-0.6782989122479657,-0.7135871840273187,-0.7623083997056518,-0.7927501936023829,-0.8351591364345021,-0.869705428626246,-0.8652996526854769,-0.8482087964551596,-0.8497612970639261,-0.844790495690493,-0.8377312480344462,-0.830655024003464,-0.837196152682294,-0.7573083831806269,-0.743500956408489,-0.7018358159425694,-0.6183825469894425,-0.5739947783772158,-0.5392341653140134,-0.4967166518318576,-0.3252042679770344,-0.3461235244996121,-0.5801592612882421,0.7988108671897185,0.34014952246141356
0,0,0,0,0,0,0,0,0,0,0,0,0,0,0,0,2.5742006477965928e+38,-0.024548462077240575,0.04450937082473755,0.06974858099694067,0.06360033236767837,-0.016483443569617895,-0.10368681466993619,-0.24157065112124235,-0.3310289850508994,-0.46112255617760417,-0.5937561276031168,-0.6691485280135018,-0.7919269075798074,-0.8491098129151045,-0.8627404425917706,-0.8627661545963188,-0.8481038218891905,-0.8256192541418104,-0.7776371363038517,-0.7752077894010353,-0.733671349068006,-0.66698721678324,-0.6490834543566635,-0.6399485223413032,-0.5842635512198575,-0.5567080436907367,-0.5343900402685208,-0.4863304128888112,-0.34132733636832635,-0.27268660314985205,-0.4695527349679441,0.229225961833329,0.7148675872319318
0,0,0,0,0,0,0,0,0,0,0,0,0,0,0,0,0,0,0,0,0,0.0696120848008346,0.04809985369195265,-0.05287388877222691,-0.19299760752218217,-0.381273278453746,-0.5051462781817916,-0.5792234541674937,-0.7336838448343426,-0.7691251084014908,-0.8041669770381232,-0.8313561058001069,-0.8362741996851014,-0.8257775571825461,-0.770951811698029,-0.7214635685481483,-0.6853832837143629,-0.688433552806362,-0.6759761710542539,-0.6559313414752256,-0.6018407166661303,-0.5624507610127338,-0.5127163657897323,-0.4813671859234868,-0.3898232948965616,-0.3732673072035731,-0.2991621854219672,-0.2845238911621589,0.12063495904901621
0,0,0,0,0,0,0,0,0,0,0,-0.01690078787239191,-0.025615072178114304,-0.040553373164615374,-0.04758400118734527,-0.04858364074436958,-0.04552233118552933,-0.04019416252288813,-0.02392649435200109,-0.03380581110754998,-0.05176799004225359,-0.23678990305043215,-0.3184211579392605,-0.4414781522301301,-0.18941433286482318,-0.29572019988642895,-0.4837439865819609,-0.5841555138143124,-0.6837884352913453,-0.7596563835723537,-0.8554867709336467,-0.8462468630075839,-0.8089169589751833,-0.7625951641579151,-0.7143619454468698,-0.6970867843212392,-0.6736906958277352,-0.6144443148073722,-0.5784909088357036,-0.5728756711056143,-0.5894159285777503,-0.5687733909333578,-0.5937100183546876,-0.5925293069487927,-0.544903251802079,-0.5002796640575227,-0.4815393811630758,0.5577505493843351,0.7993188448945148
