jsons/1312876800.json
{"header": {"parameterUnit": "m", "parameterNumber": 2, "dx": 0.1, "dy": 0.5, "parameterNumberName": "Eastward wave", "la1": 40.97354507446295, "la2": 16.46031188964855, "parameterCategory": 2, "lo2": 133.9931640625001, "nx": 191, "ny": 50, "refTime": "2011-08-05 8:00:00", "lo1": 114.97908020019554}, "data":
[rows 0 to 21 of 50, columns 98 to 146 of 191]
0,0,0,0,0,0,0,0,0,0,0,0,0,0,0,0,0,0,0,0,0,0,0,0,0,0,0,0,0,0,0,0,0,0,0,0,0,0,0,0,0,0,0,0,0,0,0,0,0
0,0,0,0,0,0,0,0,0,0,0,0,0,0,0,0,0,0,0,0,0,0,0,0,0,0,0,0,0,0,0,0,0,0,0,0,0,0,0,0,0,0,0,0,0,0,0,0,0
0,0,0,0,0,0,0,0,0,0,0,0,0,0,0,0,0,0,0,0,0,0,0,0,0,0,0,0,0,0,0,0,0,0,0,0,0,0,0,0,0,0,0,0,0,0,0,0,0
0.37809174430347925,0.35940578125123784,0.34108518370429086,0.32328400797455564,0.2646359174390562,0.17549130408790423,0.08635225339710878,0,0,0,0,0,0,0,0,0,0,0,0,0,0,0,0,0,0,0,0,0,0,0,0,0,0,0,0,0,0,0,0,0,0,0,0,0,0,0,0,0,0
0.4245884483749474,0.3741900794667574,0.3613791206677723,0.32432918472184963,0.21785760607192944,0,0,0,0,0,0,0,0,0,0,0,0,0,0,0,0,0,0,0,0,0,0,0,0,0,0,0,0,0,0,0,0,0,0,0,0,0,0,0,0,0,0,0,0
0.45307951506061533,0.39882163652510066,0,0,0,0,0,0,0,0,0,0,0,0,0,0,0,0,0,0,0,0,0,0,0,0,0,0,0,0,0,0,0,0,0,0,0,0,0,0,0,0,0,0,0,0,0,0,0
0.5443442630709481,0.5169122067755612,0.47229300149461273,0.39160494071050655,0.4141757814078238,0,0,0,0,0,0.2735850602632227,0,0,0,0,0,0,0,0,0,0,0,0,0,0,0,0,0,0,0,0,0,0,0,0,0,0,0,0,0,0,0,0,0,0,0,0,0,0
0.6511198782223699,0.6465767457324286,0.636273349678521,0.6198284356915548,0.6020734317513718,0.5857392138443612,0.5665440679111917,0.5481932802079197,0.545557089501374,0.5222662398975333,0.518223632303029,0.5210777968128353,0.5043865349288442,0.5026928575155512,0.4786423034281913,0.49219301649345887,0.4754169650089098,0.4445080225444467,0.4575335472477335,0,0,0,0,0,0,0,0,0,0,0,0,0,0,0,0,0,0,0,0,0,0,0,0,0,0,0,0,0,0
0.6005515564363637,0.6156246473031515,0.6203163598154091,0.6091986679160541,0.5816081080220048,0.5646141510250139,0.556235564507397,0.5408931794165417,0.5475431359920758,0.5307329972461804,0.515400463064682,0.491786378565878,0.4581043063887745,0.47916547288882017,0.38034738583622774,0.6601650523420889,0.7178410893980576,-0.5500062014667518,-0.4201441910135637,-0.4022357344730509,-0.4291432050507463,0,0,0,0,0,0,0,0,0,0,0,0,0,0,0,0,0,0,0,0,0,0,0,0,0,0,0,0
0.58863590358608,0.5733325422138572,0.5764232499118901,0.5807770101819656,0.5574550817876817,0.5297330083062864,0.5088162816005426,0.48695032868511423,0.47261044808102703,0.4764747639831896,0.45739510352295193,0.44225669295996284,0.40902701919479334,0.38462526016939647,0.3909872402022723,0.35993636477366153,0.3361844602620234,0.361216599427478,0,0,0,0,0,0,0,0,0,0,0,0,0,0,0,0,0,0,0,0,0,0,0,0,0,0,0,0,0,0,0
0.5678056231194858,0.5509263734489654,0.5505230900133254,0.5603497508099027,0.5285459838070711,0.5240053427669772,0.5201405081282653,0.4791343768527874,0.46590680480422886,0.44557533518988507,0.4149010570663334,0.4110781372264478,0.38585960800806435,0.357946829693588,0.2997015060449658,0.25970511927464085,0.3307930591165392,0.4693655152662307,0.2414506919047373,-0.0874076993144365,0,0,0,0,0,0,0,0,0,0,0,0,0,0,0,0,0,0,0,0,0,0,0,0,0,0,0,0,0
0.5443404795303928,0.5405696428999132,0.5474844649415676,0.5313298743417765,0.5116448923778855,0.5048554164441538,0.4764166416528702,0.46648246608651417,0.44679610296267946,0.38697935233838265,0.3622082580532819,0.3411350453250939,0.308703897291201,0.28770235695239804,0.40942391207273726,0.30630984480783147,0.4012944025528474,-0.6799533283956809,0,0,0,0,0,0,0,0,0,0,0,0,0,0,0,0,0,0,0,0,0,0,0,0,0,0,0,0,0,0,0
0.5646908938522788,0.5234066869506389,0.5061641942733041,0.48252121176467583,0.4053158632559086,0.41403399427657633,0.4020018761145661,0.35353507042817833,0.36836259775503916,0.35847414215971757,0.3633950219918251,0.3528475099930028,0.3363296568048067,0.3104321296809034,0.21112127060838365,0.23397968725763302,0.4889587010183934,0.4675759698250365,0,0,0,0,0,0,0,0,0,0,0,0,0,0,0,0,0,0,0,0,0,0,0,0,0,0,0,0,0,0,0
0.5331349186819064,0.5390533749462597,0.5777206426561694,0.5621942642676969,0.5057733090175925,0.4913473810806279,0.4946910843017357,0.46338732073625116,0.4292211239659411,0.37476459758225067,0.3801011363724358,0.38292509370664346,0.3807330740797104,0.3898047801424706,0.4994540047924204,0.407503208123018,0.6078912702017377,0.6460394435164565,0.668737736499819,0.6836075830076518,0.6345178118878696,0.6534621465289836,0.6577473439794074,0.6841345517331843,0.6655983488168985,0.6861994322834879,0.6890089609173086,0.6715960716516518,0.6876141307242808,0.7097785604751554,0.6865796908947827,0.6893336162765044,0.6864671275678643,0.6900265163051216,0.6890583821781091,0.6893867907689033,0.6645609359034174,0.6462513755763403,0.6453828049032686,0.6383405293708552,0,0,0,0,0,0,0,0,0
0.5666524976492268,0.5890087942234726,0.5997660990745685,0.5780616671737504,0.5536953128877024,0.5379719617881699,0.5264431405080323,0.5009966937773767,0.4909337974191216,0.463422656873775,0.3965937809977031,0.37309984939302676,0.3342571648862645,0.2987689380086148,0.23032640929837414,0.2237972828071459,0.22336119154888756,0.4087430059770555,0.34203258444600027,0.5298322778132242,0.5497294686044899,0.535708833616873,0.4960915244206979,0.5678736049954787,0.5877934426048893,0.5990296615494818,0.6055779630038758,0.6260180870380686,0.6184797817930634,0.6231849369159413,0.661360817462418,0.6506884594042899,0.630707325263354,0.644374580324132,0.6419254947556216,0.6448149701124393,0.6554446638904607,0.6470777929599509,0.6349738378607891,0.6280985344180134,0.6210261540713068,0.6144167512319919,0.6035195155225394,0.6018034365153071,0.5864055626173552,0.548841638087742,0.5489113632586291,0.5656303938525321,0
0.49379572906578767,0.5146658832974454,0.5384893126830058,0.5791714587549646,0.6037844268909546,0.6201919230421755,0.6126506372520736,0.5715038188673432,0.559772714776211,0.52470938785653,0.4907122029127614,0.45318756145500433,0.5299909562417973,0.8326431875231661,-0.7382171429788627,-0.5949385559869852,-0.568171596689913,-0.6521934707550143,-0.6521698038751458,-0.3299301460944454,0.30948333612912604,0.4673939174508563,0.6666300686075458,0.7828873614309504,0.7893391384837092,0.7858768317457515,0.7184318867520519,0.7081527525947101,0.6780432821265169,0.65616383866733,0.6447520452121634,0.6250620398534033,0.6066635921744142,0.6144985233844276,0.6103224840741933,0.6016519921061638,0.594296243705009,0.6013420536960435,0.6051587216204213,0.5999327061864509,0.5926818743579828,0.5879317250473698,0.5667117714382545,0.5516684054151056,0.5269940934183504,0.5697458761770772,0.5652265854962178,0.47778485484177935,0.6929082329362698
0.3314077392414393,0.3992814771830665,0.41403556130156627,0.4841503607386001,0.5339589514425245,0.5387461502259507,0.5341130556898089,0.5651544335784157,0.5544327879202854,0.5725751547438512,0.5984281343372101,0.5930416357881654,0.6065354150094794,0.5953724404453886,0.5914076014360177,0.6229223716146655,0.6702782291062656,0.6994980391213039,0.7205224202075026,0.7353709779598834,0.7336347620212406,0.6995864175421698,0.7219019297734385,0.7177958131892499,0.7205807832365565,0.6984049827841429,0.6846484281086105,0.6901438845381982,0.6827625016785778,0.6765049751110542,0.667684574236746,0.648143837131791,0.6309245915989277,0.6269533953038203,0.6272897156119553,0.6210209204181296,0.6245319090537343,0.6164065635874423,0.6032737498141265,0.5957687750471817,0.5966641630688462,0.5950749846281,0.6107107449579965,0.6042111675620188,0.5622389991003794,0.5198453317743527,0.4955845538116605,0.5552025602425243,0.5587584767386775
0.4882520711689396,0.5566846925417732,0.5881060490212083,0.5711058665040061,0.5664534011533433,0.5688015690584555,0.5849277995470877,0.5898505746748719,0.5991657984339438,0.6016495937187224,0.6106187668711106,0.623348426918858,0.6046889610080772,0.5979761916633093,0.5645127611494799,0.5384851774311284,0.5225310702820771,0.5390966987150162,0.5612174161448233,0.582520081407079,0.5670580912154526,0.5634467665299112,0.5691783289205384,0.5409850911031187,0.5270565403945023,0.5359542101138802,0.553728195181248,0.5646180750261047,0.558426526569574,0.5357659149072866,0.5649040363771837,0.5652659138656319,0.5597938445072332,0.553884506085891,0.5585424541167119,0.5573067171745153,0.5736244869898742,0.5700433611694854,0.5635395221102296,0.5590906434174623,0.5530254229215813,0.5422627395705926,0.5476142127185322,0.552560315013787,0.5474175157057606,0.5295726734170941,0.5279875798728421,0.5326928391293448,0.5286343316700723
0.6508010301756755,0.6892296787021913,0.6951057508881336,0.696411068125733,0.6727817656168181,0.6708875078917513,0.67528279579332,0.6639430287966457,0.6623528218836988,0.6532130644501907,0.6106685780430431,0.6210234529142585,0.6460010840033357,0.6480882058104602,0.6054163235670442,0.5947524182793144,0.5965261964033678,0.5819764503311069,0.5879962079732878,0.5878861864039997,0.5782106857084742,0.5717612216045503,0.5673374692139821,0.5642730065903635,0.5673391022684207,0.5762864303691206,0.5358268808571233,0.5174783862119688,0.5211624046249197,0.5165299629278463,0.4990857618467599,0.48772490416354325,0.4746339044603436,0.5009192557352862,0.5046879008652637,0.5167404046740509,0.5241174248938137,0.5203902658835607,0.5259121167159915,0.5519365266125281,0.5554431188638536,0.5532237404276837,0.5575149711296283,0.5454934868744052,0.5311757155474035,0.5174597675595496,0.5155670856735588,0.49645057242979435,0.46444344166235163
0.715500041110476,0.7046264556702553,0.6904047827628644,0.7006796525679535,0.7023110801196001,0.6972550533384552,0.7042322131184217,0.7111668868678397,0.7032589296394917,0.7095463428943685,0.6871790286034257,0.7037181495426835,0.7089145939532875,0.6992153390278687,0.6838889957932656,0.6738731175422324,0.6733533485166013,0.6790384015302968,0.6419251226784762,0.6041297360150902,0.6315611842589501,0.6499263892288687,0.6360989944642919,0.6437508638742836,0.6144129657846098,0.5927969410825078,0.5701868687959368,0.5661162601066917,0.5639185705289048,0.5587805910037241,0.5517365715298502,0.5369642820769526,0.5277944326868,0.510177918256779,0.5078902118831834,0.5121492363127735,0.5125313336700703,0.4968611925591556,0.5166676158613693,0.5626872099362982,0.571963780155547,0.5882393701439699,0.5884491582418951,0.5814734658017745,0.5622598146897754,0.5331058023530089,0.5180833670547822,0.513169249189429,0.5361595601532558
0.726983472099608,0.739502173652603,0.7476050156594768,0.7592114765900481,0.7606327811038193,0.7645035078174044,0.7688875587851497,0.7720203083054478,0.7684056997826606,0.76542667607405,0.7585848323214863,0.7564294940178998,0.7517493983434778,0.7501915997176821,0.7090520918671379,0.6973362971408646,0.6807058213930851,0.6849515521844802,0.6939649416147862,0.6925296618583892,0.682210265500475,0.6737040022283766,0.6862218016394794,0.6726644718523112,0.6643501414322891,0.6618536206460098,0.6550947345783885,0.64263219056408,0.6328794789557364,0.6322764147959317,0.619948655453429,0.6140661451032026,0.6093653790311812,0.5620574238131945,0.568171841332018,0.5720626447036837,0.5835192252768481,0.5934149339704851,0.5881129587229305,0.5717170971076867,0.5907142409205665,0.5985747671282281,0.5534555271180766,0.5590000401302713,0.56278159211507,0.560059836310098,0.5742174643259654,0.5721028584851745,0.5629030131485238
0.7130654097836212,0.7370347750522258,0.7422829354602363,0.7494205861225904,0.7531169953002494,0.7583985745059518,0.7645712104975184,0.7666684794955994,0.7630565976331031,0.7577279617281921,0.753748630226817,0.7592815355653361,0.7603290371472053,0.7580332634059915,0.7688185841673914,0.7695199335757293,0.733015449005629,0.7005749444593397,0.68503219326885,0.6744496683953063,0.6821091526911196,0.6786134090375849,0.6764891692537489,0.6637220209441604,0.6724920436022954,0.6743945671666849,0.661818453579387,0.6417380857241156,0.6517559726724791,0.6576548064754694,0.636319114587351,0.629815977697036,0.6168291739709549,0.5949973723816653,0.5699116913785705,0.5453444676094271,0.544390615228388,0.5490678578814221,0.5596508197868957,0.5906665096622249,0.5843677938643277,0.5880274715024012,0.6270701057240936,0.6365254900898573,0.6389414255531133,0.628944774515837,0.6162256804654817,0.6029504316669186,0.5892711627214335
