jsons/1312545600.json
{"header": {"parameterUnit": "m", "parameterNumber": 3, "dx": 0.1, "dy": 0.5, "parameterNumberName": "Northward wave", "la1": 40.97354507446295, "la2": 16.46031188964855, "parameterCategory": 2, "lo2": 133.9931640625001, "nx": 191, "ny": 50, "refTime": "2011-08-05 8:00:00", "lo1": 114.97908020019554}, "data":
[rows 22 to 43 of 50, columns 50 to 99 of 191]
0,0,0,0,0,0,0,0,0,0,0,0,0,0,0,0,0,0,0.1090227654214138,-0.10161114131936848,-0.22355606817175624,-0.14142366490950184,-0.09284840254724891,-0.38053651830713225,-0.8187007622524107,-0.91006807167723,-0.9674621321507303,-1.04332096675065,-1.140894312121036,-1.1818392832953226,-1.2257203447572929,-1.2853198540579442,-1.3086569086763502,-1.3257439216614277,-1.3375906187905535,-1.3788082191649815,-1.4069153977934818,-1.4358044491021003,-1.4929996995961374,-1.566870140759648,-1.60294182224983,-1.6792822696796583,-1.713461450748795,-1.752129397846359,-1.7978136763593646,-1.839408322352045,-1.8740442890257378,-1.9334189451083388,-1.958185075108796,-1.9905997450969852
0,0,0,0,0,0,0,0,0,0,0,0,0,0,0,-0.12411669645870582,0,0,0,0,-0.32049695549994567,-0.5485992766714806,-0.7862666679874067,-0.8977758534960949,-0.9639866555255727,-1.0878520464639647,-1.1462936508219561,-1.186307386378935,-1.2501733227104361,-1.2865312571202476,-1.3315376733502813,-1.3939495705665619,-1.4257871279677403,-1.4781020153265017,-1.5398768401131586,-1.6629632071066476,-1.7180904875231997,-1.757502049007828,-1.836883529681216,-1.8658330840363926,-1.8960645604241264,-1.9713397511491506,-2.0204471633405525,-2.07446742783475,-2.1546560405829838,-2.20600142669208,-2.2696709667142536,-2.371417366017325,-2.425525107475075,-2.494959716313597
0,0,0,0,0,0,0,0,0,0,0,0,0,0,0,0,0,0,-0.4778914322796357,-0.7007394223837198,-0.8646667026571363,-0.9768869474971502,-1.1567628723666716,-1.2186171741022092,-1.259787784252287,-1.333048349612079,-1.34275972499291,-1.3743142101191042,-1.4412682597811515,-1.4765636404794775,-1.520215333211368,-1.6139784391238476,-1.6581010588544034,-1.7293930815223963,-1.782102887951667,-1.8747432190823607,-1.903807012037225,-1.940769224343798,-2.006936905766792,-2.047993671764902,-2.085601819598052,-2.228716273455965,-2.3170538756737273,-2.4282717666918345,-2.59465127364385,-2.644180734248805,-2.7395976193373,-2.8297777875263455,-2.8886209318599025,-3.0051246243970375
0,0,0,0,0,0,0,0,0,0,0,0,0,0,0,-8.1454825486999445e+37,0.12907404075474754,-0.6825357036253651,-0.9256011032208153,-1.1857346245307383,-1.2631200170442525,-1.3235367305343682,-1.420371267206574,-1.4492746891283996,-1.4706948532308883,-1.5523755558887145,-1.5882915243736393,-1.7092824672769198,-1.7959007426730889,-1.826594867085331,-1.8824397784018068,-1.9736592089496345,-2.044361276067996,-2.0942088152409513,-2.1410432725287674,-2.2555095280867032,-2.3214472718675365,-2.3729325498844336,-2.510977416845406,-2.596001254891958,-2.647682456302982,-2.7675738388214715,-2.826226679886811,-2.892096802199987,-3.010305779707801,-3.0831505501230394,-3.210398515057547,-3.3870144123356254,-3.5149714740456726,-3.654282374113007
0,0,0,0,0,0,0,0,-0.20713090503540216,-0.3771851270793794,-0.5075226165141545,-0.587609414032947,-0.7859930361728125,-0.9124699531672222,-1.054441365836126,-1.1585165472670913,-1.3247807756488201,-1.393957988263963,-1.441815022254792,-1.541819519560381,-1.5499733074515798,-1.6121623414124946,-1.7399439032038082,-1.8045935039594858,-1.8389090567686948,-1.9264542539929734,-1.970047334357318,-1.9935646395466662,-2.086014299672546,-2.130933224089651,-2.1682384880749117,-2.2687853876089106,-2.3284561811663553,-2.4074074499745994,-2.4483319280547815,-2.587550483558158,-2.6558024640970554,-2.7385539482171652,-2.9261338901718292,-3.02256653029328,-3.106218411847095,-3.2780584353155757,-3.3689888183592265,-3.4625016509647315,-3.6535569462761144,-3.742208601271359,-3.850246102027964,-4.041132851271583,-4.119389052398847,-4.304833359070094
0,0,0,0,0,0,0,-0.6393512178061183,-0.7558988186673201,-0.998574488395372,-1.0767467105379682,-1.1500539917795263,-1.2599592485849824,-1.2988624389614336,-1.331773062054735,-1.3635587941308602,-1.4306732276804297,-1.4740319320573372,-1.5275011559410054,-1.6399831861424645,-1.7205717815442128,-1.7562812704630566,-1.835877122121463,-1.858961041858965,-1.8627286239239627,-1.935806042964984,-1.9750066544964775,-2.0243306075587584,-2.1166280914032414,-2.180976261947354,-2.2336501329102303,-2.3521547463779022,-2.4298711643291067,-2.4690692858880823,-2.5173926077305073,-2.672729826433338,-2.7579294898911386,-2.848760487132219,-3.037657932188358,-3.1010573337716494,-3.175663361096586,-3.3168775432796744,-3.4595326942286784,-3.5295784992871946,-3.6796295740731453,-3.7916274237495524,-3.9629490858083947,-4.15671966710715,-4.250340260994178,-4.419390323785854
0,0,0.13119107076962597,-0.6567193049136478,-0.8038580259812899,-0.9095063213498444,-1.1015157481413864,-1.1556520762880973,-1.1957843094118155,-1.258079275312096,-1.2946388121535632,-1.2996056830764624,-1.350381257095992,-1.370223776484468,-1.3722076150156666,-1.3882914749902013,-1.487934739602203,-1.5697406519624841,-1.6060933813207587,-1.671959147025613,-1.6779263448700992,-1.717435146469139,-1.7884991942146746,-1.8155877237223506,-1.8486165268987045,-1.9359492093447903,-1.9574394290563557,-1.9813708502887695,-2.09197615537507,-2.138739547136544,-2.187169890233773,-2.307194418895785,-2.347008372841217,-2.4126200824464155,-2.48739454373712,-2.635111334716901,-2.7377673975931867,-2.813068730804144,-2.9626618263302076,-3.0598367523665186,-3.115435640358566,-3.273577533093764,-3.3860219246808114,-3.4676614039165408,-3.669792765945373,-3.8055586128107595,-3.97228572966819,-4.221829628672579,-4.313483269127063,-4.568091601277045
-0.7652855853342758,-0.8276295321639242,-0.9233015320639745,-1.0536540010966642,-1.0975163514944042,-1.1281418637567533,-1.1803629223089536,-1.2999584904818349,-1.2321730629477265,-1.2920221431851033,-1.3189055719611946,-1.3219556116804165,-1.3678304365046963,-1.3664371387676815,-1.4358477150714057,-1.513858444194827,-1.5757461301031859,-1.5866224601091838,-1.614183009567175,-1.6945033935148233,-1.7143809023590475,-1.7397977321670273,-1.8194856049437438,-1.8327936531685205,-1.8482481330454719,-1.9423132874798583,-1.9656795520597325,-1.985778631130062,-2.0766832103609922,-2.1023296120666064,-2.1310255525550486,-2.2408266159828467,-2.289015317462621,-2.320303476074989,-2.3417172811610456,-2.4624049588558243,-2.487060306476176,-2.5328372030567414,-2.6932910360340863,-2.683555460036613,-2.715409397505774,-2.7986397528067695,-2.865708737526409,-2.9608397611101243,-3.089393112367224,-3.172950900923819,-3.318135761475547,-3.5431462175602912,-3.643490650137408,-3.8961392781764803
-1.0637173150557373,-1.1046681579841622,-1.1565762623660898,-1.2298495886881853,-1.2420488589209726,-1.253457827367324,-1.2940958433041574,-1.3009441645979,-1.2826969640707988,-1.3203421495081578,-1.330768935614313,-1.3311814541747233,-1.4091876981099118,-1.4598771644477961,-1.5167667975600623,-1.5426266842793486,-1.5786606082890553,-1.5854061555012806,-1.5838471318795544,-1.6500594552097623,-1.6274005435769379,-1.6680789648789751,-1.7112907817301926,-1.723714491078849,-1.7295433996163878,-1.7839138143192954,-1.8111683472833964,-1.8030851364665774,-1.8603917986203005,-1.88087387071788,-1.8704565030968225,-1.9139699009451698,-1.9324150625287266,-1.93879695162664,-1.914007782928131,-1.9975912456837075,-1.9360741176978955,-1.9933684082412624,-2.065479689956109,-2.072711435849224,-2.104709413499768,-2.2326283130672597,-2.276375796766336,-2.2668957728210737,-2.409896047173197,-2.453134173651804,-2.4699526722602596,-2.577519654023644,-2.5817451422850026,-2.7550887900964245
-1.011924051921807,-1.0388207048715832,-1.0631917766871704,-1.1217985895718263,-1.1060913603230125,-1.111134975275507,-1.1282993319523902,-1.1350648266792913,-1.1180889958399352,-1.14027394600051,-1.1373710975565297,-1.120636075917691,-1.149862500789427,-1.1613242537759882,-1.183071980407778,-1.2096574649411969,-1.2497517346262443,-1.2499939821769344,-1.269908600758278,-1.3582760259930928,-1.3553965318787056,-1.3499371532778974,-1.3998199588463403,-1.383787880904206,-1.3691988728935882,-1.4028910311112315,-1.4025273629201285,-1.4115335888944245,-1.4408047387811067,-1.4134664213342334,-1.3242579607942508,-1.3398714591201824,-1.309368562411858,-1.1882784962762547,-1.1732188334026952,-1.1842664969788412,-1.0820320861112023,-1.0719706331887535,-1.071189254569025,-1.0438322848831327,-1.0411433363317326,-1.0872972905104976,-1.0820145648608213,-1.050917013553376,-1.066925372909582,-1.0521322937213395,-1.0142835539755874,-1.0256943725678866,-1.0021259536595224,-0.9187438359845358
-0.6367779667916109,-0.5753252094902931,-0.5569636632516874,-0.5299064514957876,-0.42473153824148485,-0.3597104382756823,-0.30464332428960644,-0.15926984028325866,0.0394588719210081,0.2864072228888951,0.38033854716381127,0,0,0,0,0,0,0,0,0,-0.9146858945787129,-0.7861873213489585,-0.728803426483334,-0.622114466057715,-0.5127937415748377,-0.5080637414608359,-0.4902246486932307,-0.43682986535042256,-0.3970358742355782,-0.37230283395209857,-0.26633058809857335,-0.3225008701442401,-0.3085536742675528,-0.4383585476496934,-0.4692095032812312,-0.5153476500271155,-0.500330623886215,-0.5238898652332302,-0.5011010108080999,-0.4035648325408484,-0.3486834807102829,-0.32664757224182467,-0.2548681852458692,-0.09060091009840328,-0.014920895083955957,0.047899181933437916,0.20225791754103198,0.2982118751946456,0.4003169110633166,0.48572213576853934
-0.05746757774588315,0.012241642953673373,0.0675592933858779,0.0969062308951963,0.2141599321961646,0.24519382907380294,0.3574364434405747,0,0,0,0,0,0,0,0,0,0,0,0,-0.7831253028083448,-0.4763653955647171,-0.34927211089038074,-0.3248459823354656,-0.2942735339882498,-0.22406978055036753,-0.2127041504791006,-0.189153511145595,-0.09661513153702789,-0.07362945325962678,-0.003568107201227749,0.05525057481997057,0.10099767602550608,0.17791700334172422,0.265927847742405,0.28129359154429456,0.2861384220202763,0.16782714265605014,0.37753855198771225,0.5481604375314879,0.3901395902550793,0.6434834986301248,1.3375223534892324,1.0273054219596605,-0.6267038861435816,-0.4238315254496668,0.22166037063851282,1.0625685502240974,1.3419264416231398,1.5388187154968112,1.845875051507659
0.23533484595809265,0.2736275452690193,0.2965859473012922,0.3382122648173997,0,0,0,0,0,0,0,0,0,0,0,0,0,-0.3714650104472107,-0.2532825004787493,-0.19612710708740083,-0.05611984844057703,-0.0069677890375937765,0.03551896485607491,0.08895330383147793,0.14774404046582407,0.1960549331440394,0.23033538124727876,0.33412922130351264,0.4060596515860053,0.475613144204558,0.5844172533509714,0.6387814958504602,0.6563253660743523,0.7965861585789145,0.9103451631412735,1.0595151978082702,1.0800921711504472,1.0392025877801108,1.0505397470212303,0.8438730368153713,0.8029481412743241,0.834150064787166,0.8603703635649368,0.8989000338295587,0.9716910670725629,1.073738637151444,1.1561446362598735,1.261300296289172,1.3579256068208532,1.6284795632622793
0.28319519736602816,0.3788259600607845,0,0,0,0,0,0,0,0,0,0,0,0,0,0,-0.2491317116208319,-0.03466360740531197,0.04578751167114611,0.10868055164980146,0.20113417260588615,0.22782296312305825,0.2599068948326672,0.3019893735902285,0.3601125182747243,0.4012738744316326,0.4326171212730129,0.4862337445113421,0.5528679725775448,0.5911038381227827,0.6327362071420887,0.6511854477145401,0.6362036014402684,0.5454113212290119,0.5511626380979109,0.5337743332702426,0.4445596220986606,0.4375490668864805,0.47710503369714236,0.4781132425098511,0.5040595584833868,0.5730657637980776,0.6084371480319125,0.7357366413404349,0.8370329406175206,0.9298839196895867,1.1432740759475402,1.3003995569957227,1.4314281954075545,1.7166550357083366
0.30703893655291653,0.3995442169123348,0,0,0,0,0,0,0,0,0,0,0,0,-0.15701637954496342,-0.01977703126661405,0.015014941795649446,0.10582944173013892,0.1275512924508444,0.1577555313353186,0.200142818914871,0.21818190377331634,0.2426867029368281,0.24718328763560682,0.22781195498436826,0.25316635770171875,0.2492383900871244,0.2154348514075393,0.2139578358860854,0.20553350303283693,0.13982037229787525,0.12029935866117737,0.08320065506893651,0.030556768432942607,0.003108085475219512,-0.032420097783155466,0.022861721401682168,0.06490015264304659,0.07834375134473114,0.17735037870667675,0.2508144373636561,0.3752381240837214,0.4269971221908265,0.6431978957663256,0.7576970782224429,0.8934759157860005,1.0913982150961439,1.27127709609112,1.3571726447872332,1.6452604592152735
0.2814872342501162,0.31413643494345916,0.3411917531311431,0.37051716800576007,0.1031964313845237,0,0,0,0,0,0.18602006220026576,-0.25958225458429174,-0.16556497529508477,-0.1384314171258564,-0.08751043780807002,-0.0688668949793768,-0.060336632744542804,-0.044120959334645174,-0.036940256160460226,-0.03504932792203129,-0.036567266994372336,-0.03376611179984026,-0.04798236081006677,-0.05267162109844563,-0.09464955952491172,-0.15376369579425803,-0.17925242454293303,-0.21571747135018837,-0.24933778250214825,-0.2738083829254324,-0.3301145541523391,-0.3207896363057881,-0.31419345089740747,-0.2767159859531651,-0.2742367789702255,-0.22415584901385618,-0.1514000357712228,-0.08910171523541954,-0.07101122584010094,0.11513085953031202,0.17571037964816963,0.298257391165871,0.3495104288816967,0.5010084485782211,0.647158489452802,0.7482745513589351,0.9661291725347702,1.02912383195611,1.1607184112045406,1.3386417096012173
0.30049075179782314,0.30778159273261224,0.3321244812694159,0.3500054209323299,0.36113980066283463,0.4021020468943379,0.43746696334867524,0.48328612850787933,0,-0.5450208334913532,-0.5275683793128119,-0.3413220927930359,-0.31392978520691056,-0.28652946506551763,-0.26498851398600887,-0.27663995710586925,-0.2998150192482314,-0.3397030104419034,-0.36460558369868745,-0.38702289951925994,-0.4072374093826891,-0.437272533821773,-0.4733006550616873,-0.5142754313331065,-0.5271083344309282,-0.5527146517641702,-0.5673852203987896,-0.5554057811817731,-0.5835032106801714,-0.5649140642226307,-0.5099393475042119,-0.499627022938569,-0.4858199764312416,-0.4012176767243806,-0.3879460566410096,-0.3389250583188744,-0.25374957882539106,-0.1706764936795935,-0.12770301921568622,0.02368400653059046,0.06437373624508382,0.1559137892910621,0.24006511990449536,0.38976057523393065,0.4992770122513042,0.564364314730378,0.7590414728885629,0.8559222672238612,1.0266722618983808,1.1594905853328847
0.0051860834461879505,-0.1024623563303528,-0.15433253703903538,-0.20684964935044892,-0.2625888320509115,-0.2953787267792104,-0.3315220278880221,-0.3533474759241335,-0.3665782170208777,-0.4084617901199774,-0.43901589527463464,-0.4551787928567651,-0.4807464984929548,-0.4922644325956168,-0.5211534440851563,-0.5538848852177545,-0.5957093173198881,-0.6117436554716938,-0.6173375506204558,-0.6508968223510634,-0.6517919583906945,-0.6540353329691005,-0.6737336454791986,-0.6640081313125972,-0.6383395871024774,-0.6492755490098124,-0.6500219680350926,-0.6337943443791321,-0.6418278782880806,-0.6160041557188594,-0.5626209087755005,-0.5487468271829102,-0.5134087863768216,-0.440915869468708,-0.38104911928861407,-0.3580885231848192,-0.24978214697443793,-0.1939009523819954,-0.14401516178823084,-0.03252309391411317,0.05689865694558667,0.11498210245889683,0.1514067677197429,0.27477404678180245,0.34322046396882755,0.4345656846376564,0.5430722903162171,0.6348082778546216,0.743139932859778,0.8855123167094198
-0.3473552796335844,-0.37645249844399,-0.39566197102648115,-0.45094477613302675,-0.4409871720622333,-0.4725546265788906,-0.5443427488224015,-0.5533352231493248,-0.5890930002727479,-0.6291254404785078,-0.6446037634550403,-0.6643227744863567,-0.6975963585420092,-0.706261742420766,-0.708100469826191,-0.7146575722910594,-0.7188846031848893,-0.7128180945713495,-0.6879191879280767,-0.6893510476565903,-0.6662636502338651,-0.6546427152564268,-0.6654758298461474,-0.6619052639765229,-0.6413722382348397,-0.6516021376110936,-0.6466181038943148,-0.6218444640808029,-0.6403553943552559,-0.6026303148283294,-0.5421804608181854,-0.5202097394303429,-0.4760691845369925,-0.3896461666152045,-0.3469459823881275,-0.29066385715929377,-0.2134301079450835,-0.1566374087759577,-0.13634338276554306,-0.030828114336953556,-0.0016069885123350819,0.034170394255728265,0.1046335451092737,0.2010968793825728,0.279979820322788,0.32778924391114306,0.43763032998063833,0.49702639303507185,0.5513023771630834,0.6358521704104221
-0.5249609091308554,-0.5547228809301734,-0.5693594282528579,-0.6168221239794751,-0.6417147016014793,-0.667083480530942,-0.690902879958931,-0.7138970067608533,-0.7245622243174603,-0.7506831564344834,-0.752334823308143,-0.7370014271231796,-0.7587347556731673,-0.7441511631541341,-0.7220964213749471,-0.7116388794248423,-0.7061200988480867,-0.6893920992999533,-0.6816205786496268,-0.6841917968560297,-0.6707162139364308,-0.6647170569661768,-0.6775990818504466,-0.6750254489336984,-0.6403107635473133,-0.6526124820901585,-0.629289503252303,-0.582652846321605,-0.5637859781908567,-0.5195480468887825,-0.4636777852522968,-0.4189473445213757,-0.4003295399799985,-0.32474377300750673,-0.27875807926245283,-0.24204491227307948,-0.19354391838837398,-0.13983070915076334,-0.10816090316075741,-0.014550090317870785,0.014263785351713664,0.047430182462323195,0.08710760978363706,0.1443976850437236,0.1997922065186895,0.24982932095273203,0.35516236078040114,0.4126081864229726,0.42450906511876463,0.5419770884734337
-0.6480550632481048,-0.6734837834380399,-0.6829601751312978,-0.7109461587307588,-0.7058208486285138,-0.7124534673598272,-0.7316273378045947,-0.7310304572710792,-0.7177030098466413,-0.7296252072728869,-0.7171697764045506,-0.6888121655277456,-0.6958193536464478,-0.6912716215370347,-0.6651810849321564,-0.6678726235358823,-0.6826141222558751,-0.6737878460217792,-0.6701880193200551,-0.6820963090232814,-0.6664212955258537,-0.6548706502599363,-0.651522737883174,-0.6495659774529847,-0.5995745359007727,-0.5824116265828133,-0.5666267004651354,-0.5168410255733025,-0.49216440944918005,-0.45440166632545986,-0.4017463088202853,-0.37507158933140217,-0.3402749284851738,-0.2745471620410024,-0.22676957579758963,-0.22155317525429888,-0.17147126224293208,-0.13647036870484075,-0.08617277107628656,-0.04771574338885121,-0.01050951673261385,0.02278322691238282,0.07284201440472574,0.14095784455138233,0.17876149645737457,0.22446914124365766,0.29971516999067366,0.3268372842585469,0.37842495367787277,0.4577101247587236
-0.7068921259355941,-0.7082231372642768,-0.6943898704401574,-0.7069610509703997,-0.6903385050781443,-0.6770105483066572,-0.6891034384556555,-0.6923172543908446,-0.663260688875096,-0.6670024810991354,-0.6715792180881816,-0.661893939491185,-0.6823450768734471,-0.681610277798252,-0.671519538542268,-0.6798947207815005,-0.696782387860349,-0.6786678125828856,-0.6763509764430686,-0.6761268342161383,-0.6557774143169552,-0.66010761233604,-0.6432103545269661,-0.6030103029072565,-0.5603590735114369,-0.5457578132555247,-0.5183281105610218,-0.4459864171369516,-0.4354187632269845,-0.41193824966335074,-0.34962476257966657,-0.3345264025940134,-0.3090539354518821,-0.2598911168580385,-0.249895744137472,-0.23300529874074244,-0.20226922037425454,-0.18180855028657772,-0.145970951618633,-0.07716751929776985,-0.043898781224911344,0.0075081910494419835,0.027108991447211808,0.09039731488278462,0.1250495143668038,0.16621681453860537,0.23717363086188611,0.26757202012495096,0.2749070005985129,0.3572915565095041
