jsons/1312873200.json
{"header": {"parameterUnit": "m", "parameterNumber": 3, "dx": 0.1, "dy": 0.5, "parameterNumberName": "Northward wave", "la1": 40.97354507446295, "la2": 16.46031188964855, "parameterCategory": 2, "lo2": 133.9931640625001, "nx": 191, "ny": 50, "refTime": "2011-08-05 8:00:00", "lo1": 114.97908020019554}, "data":
[rows 22 to 43 of 50, columns 100 to 149 of 191]
0.09695377035831307,0.16946833807064118,0.3072704535298705,0.3403449621277672,0.30741361159866976,0.3400979791006769,0.35149365632120183,0.3771108152935662,0.4151551430217009,0.44740479644975834,0.44687968703790765,0.4432612849474117,0.42377909977145994,0.40847716229951164,0.3988419723557551,0.38951176772964,0.3986820965901873,0.4123004197733678,0.4457659294663288,0.4701428093569094,0.47376556530229597,0.4794351174335383,0.49207609651941225,0.5074129915035516,0.5343209209703084,0.5720774289335439,0.5574032225440502,0.5275212510418342,0.5525603054275106,0.5550092306063155,0.5555297554646247,0.584187276855778,0.599716705734707,0.6033103597456783,0.6222612586506356,0.6322734135352429,0.6769926772539969,0.6601684059228291,0.6668097538857783,0.6836894447568649,0.6973551579795038,0.693127059796975,0.6867942041913585,0.6932259140277255,0.6882198611722763,0.6897124181581211,0.6846002109241915,0.6726653434541918,0.6608926580331852,0.641920275990947
0.3297880620855923,0.30697665651785944,0.28646457654319446,0.29594618408230455,0.32690491108952396,0.3810501880524629,0.38836159618919475,0.395918905389835,0.3679959129602893,0.3973606743994151,0.4120272433124556,0.40805220599608166,0.40611650337329025,0.4156675895382252,0.41619622818267443,0.4511225958512254,0.45715514117079137,0.4571024832237024,0.496487767168918,0.5073108389934744,0.4821491483409508,0.46389515382157775,0.516216673682055,0.560108307838497,0.5274133864039644,0.5108724815294334,0.5004642634834675,0.4960321356990969,0.5221363609133146,0.5555035993580949,0.5582897357415302,0.5561748320077945,0.5400868444107728,0.548653324771923,0.6122082750752288,0.6305235293667449,0.6334132998390665,0.6543035693829196,0.687083890296918,0.6901955718024089,0.6933287635301029,0.7151289052784597,0.7238569717344291,0.7045035858491837,0.7605780732769929,0.7209483944350469,0.7007544034228133,0.5659475983192807,0.7427528435775952,0.5711846195904057
0.4868480747956142,0.4950121554255019,0.47005148393329,0.47475207667153213,0.48597198161251204,0.4725009707659114,0.4885185748928038,0.49274000061482337,0.5054103391927515,0.5142237475164431,0.5087018990758543,0.4768277651668405,0.42127438363571407,0.420248502567503,0.43794040439102905,0.451853343223428,0.4598263544461487,0.46239853177250956,0.4713116678296784,0.5071165628325535,0.5211413667788841,0.5481939328261463,0.5656066720032005,0.5607753698644274,0.5630188652919754,0.5867297353306822,0.5888360328596552,0.6079591104618153,0.6203786098955494,0.63089011409353,0.6253734932505359,0.6116773299129226,0.6192931380802388,0.6286996245254737,0.6575262576075062,0.6846526911187117,0.7018022619478312,0.7717136928068202,0.7730830371093235,0.7487403265022196,0.519280220821095,-0.6321584725935178,-0.8189181015423405,0.5874072428687342,0.7353606692740989,0.062039656348545004,-0.7897802559817815,0.10128313141476475,0.6700808148808333,0.6711899995863005
0.5354801659729097,0.5535906758188979,0.5369288355278001,0.5356296977114142,0.5569276154063507,0.5872459277699177,0.6301022669313789,0.6544944028336813,0.6215485851663902,0.625562017543889,0.6276775238821755,0.5931953104669333,0.5822250147197048,0.5722103472862877,0.5867221408942849,0.645902823817021,0.6293147594916787,0.6296611201812472,0.609285989442307,0.5937949874189377,0.5776368119151318,0.615459569867025,0.6076615979409298,0.6134508636784564,0.6497999767304145,0.6653741110280671,0.6703322780514868,0.6783053360805883,0.6957384585156233,0.6945721155467737,0.6906279736191661,0.7133539036109307,0.6939574738568582,0.6750286040445204,0.6640597633669012,0.6753153126201207,0.6902498550877111,0.7342659826805308,0.7530570678094209,0.739886354552672,0.41632224918111493,0.0023251252506446256,0.4842899876809514,0.4824714691660055,0.39743384514248475,0.40557975630784265,-0.5273359842584031,-0.6063963714592681,-0.663873914868237,-0.218557261092754
0.5987810446237354,0.574738398053377,0.5859974868369706,0.5918426250164551,0.5986115946045344,0.6178295815059512,0.6496975357260042,0.6714436859793708,0.6902347268949617,0.6969774807612625,0.6992061283705655,0.6977000763760268,0.6925580570874006,0.6838639504872204,0.659297275615643,0.6462536507095002,0.6537413619678655,0.6521066803538373,0.6221792429656726,0.6102876015895066,0.5881917072681953,0.5838140321297112,0.5982506282597216,0.6032642867874234,0.6330901492506592,0.6333604270206148,0.6449447265382148,0.6348743857083636,0.68459731710105,0.69611985142101,0.7049069298773093,0.7232122074332549,0.7151084141281403,0.7160300127850048,0.7294816542195155,0.7439306445643075,0.7472749978049817,0.7109702300389932,0.5808408140548484,0.5938131352540252,-0.590678350226157,0.2619907737536729,0.5416233144558398,0.45038028337480795,0.3779936434113341,0.3775894997856754,0.2631753061188633,0.26919081463590067,0.191013118121528,0.19324414629520847
0.6558100063824902,0.6728312652880895,0.672532508986106,0.6698045385396288,0.6709613614118675,0.6687140270274636,0.6458024783167092,0.6458026980263115,0.6558597029539555,0.6673356974721123,0.6801085198732282,0.6817994335282761,0.6954297387093967,0.7123625445902193,0.7028140219161526,0.6669743968884453,0.6723509646161621,0.6712407277072603,0.6814110985979542,0.6878440538729998,0.6827728032297052,0.6673254199996108,0.656917982551441,0.6396323597426177,0.6652473767419264,0.6864297575430565,0.6971371663252988,0.7042833914574992,0.7047921825036255,0.7082244855188353,0.718566008306219,0.7211404799988264,0.7208749689678888,0.6930869716438707,0.6527167433510674,0.6412500435582141,0.6315308494410097,0.6111425910253986,0.5863167819843422,0.572279506035937,0.5346820814672879,0.5230186493699885,0.5306015293931923,0.41932234021576636,0.4189031623045866,0.4195811449696308,0.4524993117394774,0.5316423393506556,0.5584408197147784,0.5756804380339616
0.5998155028600599,0.6087186212105595,0.6205927087053038,0.6120179630917106,0.6045094842760511,0.5963620200961575,0.5825003675145186,0.5896727125591579,0.6316530484047279,0.6347290911866788,0.6393001237721442,0.6473497768375034,0.6407821669786045,0.6373597077371252,0.6467672304605641,0.6566133341826917,0.6620319706226792,0.6694754904328343,0.6924788045292206,0.6993758672588566,0.6974883922780531,0.7039366364313575,0.7035269798501479,0.6247917624780671,-0.7071956052969549,0.10829452630621844,0.5196639143621404,0.661192270222118,0.6691488860562655,0.6587206016094747,0.6287211069214087,0.5685181706468622,0.5512187569931162,0.41756592743959314,0.07795636829997438,0.4796769824618286,0.5978961333631015,0.5961060403665217,0.6152345175375469,0.625163445254309,0.6264196419224544,0.6178937122715564,0.5920572633892321,0.5881788837461481,0.5836782386811594,0.5859567978003246,0.5876964906536051,0.5609327776471501,0.5639462149794735,0.5832882800253861
0.6161932060388835,0.6197867905322137,0.6156090111534136,0.6210289229410654,0.6165014379478061,0.5934159195638884,0.5871928305551191,0.5794620395559384,0.5933125244955814,0.5959095677699581,0.6028917084852206,0.6070515146385091,0.6126679943384592,0.6003588586791492,0.6111126663780927,0.6355460578415776,0.6471564082239067,0.656237830173317,0.662078523211059,0.665026403119273,0.6715315191556874,0.6834715422552987,0.6888452701144004,0.6917413226917731,0.6191270709504986,0.21758120309256035,-0.5573282683611367,0.6112512341230923,-0.4118272237210277,-0.4637247402391303,-0.36090001564837043,-0.28224752943528536,-0.2890169648954078,-0.28922386226629887,-0.2969803574148249,-0.31043922435359766,-0.26334318612597274,-0.1981101163812357,-0.11149734344454391,-0.05432277356069597,0.11843905512836692,0.2582400187179042,0.29757109716705255,0.39803668428907607,0.4986143032637478,0.5113115073232413,0.548306506213839,0.3854674871820164,-0.0765675535243597,-0.6981772212637294
0.6422510104808977,0.6435421535107771,0.6538792150954262,0.6537714228614123,0.6512555445149308,0.6418972342297097,0.6228150205120979,0.5962626491860489,0.568575889529729,0.5671079146529795,0.5716586502120228,0.5635048612694142,0.5511592364212679,0.5403829634256743,0.5704002631189562,0.5969532247356395,0.6115033089951621,0.6222041576596049,0.6297827497760409,0.6353942593168218,0.6383653914220974,0.6537943805612126,0.6549424014416114,0.6603951779371632,0.6471758520062809,0.6330037346564226,0.5980388409540011,0.5708405019533257,0.4259064159780746,0.32721165454503826,0.23176197065585946,0.15625949720793106,0.14735354629533415,0.14399036639224863,0.11690472891154426,0.1198203604604405,0.09987760717789325,0.13288977157176898,0.13988181436727834,0.15979873333997902,0.17376202388778847,0.21329640139752518,0.2448190460812363,0.3798916952706491,0.38393362192922714,0.4150495110670919,0.5149317452267282,0.5527347716483846,0.5968492427016678,0.5931895567166998
0.6582862396838142,0.6702189080793699,0.6736750055484275,0.6524029942273806,0.6272369441465214,0.556950284530063,0.5763868031576476,0.6094319789413033,0.5751284579386422,0.5752103571152746,0.5732538473960384,0.571218353218935,0.5424145888499918,0.5697644298745207,0.5890000213361268,0.6213029607724437,0.6128231304250722,0.6038534270748699,0.6227244999340855,0.636180104509237,0.6495799665898975,0.6359997442469345,0.638234634336568,0.6419766157337295,0.6258744951446452,0.6199837879413526,0.6237809120733887,0.6204222885170168,0.6181139159102039,0.60856656028048,0.5977369624453129,0.5726047662091581,0.5504080087383042,0.5221485018948843,0.5132628778060943,0.4905499198795657,0.4982657954541639,0.4854630236586878,0.47762110432428806,0.4856842921516999,0.4805243060314701,0.4931474307276849,0.495463544160703,0.4971241753422472,0.5150809290591827,0.507670177114377,0.5198970837278865,0.5778371665970642,0.5852844820866904,0.5955558115374467
0.6288776495882241,0.5696153724487277,0.34651920102688627,-0.03884494856646851,-0.2373599334071073,-0.07829841006887253,0.3472605073097184,0.4682697220657612,0.5137970827228903,0.5295666065575739,0.5431054789696769,0.5499741379614761,0.5931354650241812,0.5805561339774234,0.5811080717537589,0.5796828073217353,0.5973051027254598,0.6044048383570654,0.6246946893811527,0.6432552518217008,0.6518224832419525,0.6656426122258696,0.6617435727069307,0.6517884914161636,0.6462981971843926,0.6500331579728623,0.6634824012524659,0.6669802263439968,0.6790001914149878,0.6817166950448612,0.674087618647917,0.6719148451924328,0.6647743840598987,0.6639624884541425,0.6567497335598923,0.6507314774055859,0.6405302425699934,0.6527410254554004,0.6429379110513554,0.6277585901506839,0.6254516069884907,0.6217216796894554,0.6191158201549487,0.6212606758843977,0.6261849927754493,0.6312322818094941,0.6372358083725238,0.6405373603968517,0.6436863510902334,0.6478095539630383
0.5890827877861671,0.5918780962223754,0.572631280359956,0.5293526790673849,0.4931817274308364,0.4835757483653247,0.5003606163878263,0.5158161733912355,0.5305814995567324,0.5292136434205647,0.539887516887073,0.5489881695615485,0.5796556525307213,0.589235359335805,0.5898161312195889,0.5793958693527056,0.5848244022246389,0.5978027778945951,0.629631774160913,0.6545562960699322,0.6597735208860651,0.6537260266898142,0.6581409509759253,0.6663270045099408,0.6609507995508787,0.6640791536668762,0.6873365893140541,0.7091020402364071,0.694210774643598,0.69384046906671,0.6956445973777773,0.7031590939226293,0.7035020784566796,0.7046921600605935,0.7075859821940663,0.71093547922653,0.7188323997343032,0.7290380473916582,0.7135347863762892,0.6945659593512757,0.6884335279121084,0.6837947989653842,0.6833657325648504,0.6833331719158909,0.6771556052912476,0.6819407515487497,0.6856578810959012,0.6677009720347837,0.666399722523128,0.6653982786882776
0.6265627281271462,0.6300155931370847,0.6160361181052575,0.5965841868013001,0.5837332075650099,0.5696869455046651,0.5715874277801691,0.5852673753072769,0.6111516698233833,0.6227305695277939,0.624648670397603,0.6342963019589648,0.6256332727737118,0.6211795832777596,0.6128354748924677,0.6165089250302394,0.6208646682122717,0.6363514040108854,0.6445950299101945,0.6436966040889772,0.6487225677316069,0.6715471933923856,0.678709019253167,0.6778956721335202,0.6812838202930511,0.6886279908442963,0.6888144614599588,0.6903797362402581,0.7006335942052958,0.7058413974757206,0.7044469350268345,0.7049819827335221,0.7042921957598044,0.7146162309596706,0.7325162353830394,0.7360842148449683,0.7403472260692568,0.7458354572069023,0.7473566214753812,0.7477815643567371,0.7450265419053583,0.7417564301510132,0.7401819749455243,0.7251116620946373,0.7077383294257645,0.7090853445771282,0.7196284731006747,0.7372945666722341,0.7384386153934269,0.7349382501970764
0.7165937415482917,0.7178808072126064,0.7003407430221846,0.6860737793676634,0.650640323515659,0.6439571856804834,0.6366293380026322,0.6311591628023865,0.6367835926822564,0.6436022234258778,0.6617038331619518,0.6733201792380186,0.6649494265140523,0.6767361037477503,0.6782291667392584,0.6735875819949285,0.6735466394973064,0.6750616738268951,0.6799376226514363,0.683260407585291,0.6858358988963921,0.6900141410808821,0.6931902638291271,0.6956482113648501,0.6956243534097162,0.7025299135795996,0.7117432082075503,0.7195218687088973,0.7232908724574623,0.7228532424078169,0.7239255044453068,0.7252619518918155,0.7262474880919829,0.7275144646866839,0.7308233631046778,0.7438404472188261,0.7507082386219435,0.758276393873325,0.7614075930569053,0.764941879277349,0.7625860716999212,0.7669264272275221,0.7487205067584523,0.719800090141911,0.6771309503873539,0.5669634476224491,0.4912759577127041,0.39161344506820045,0.7524402983309805,0.7857957093557262
-0.7857454832872203,-0.5360931673184033,0.6677458022774816,0.6934320650296238,0.7518292005049783,0.7378413926917915,0.7340239439541933,0.7220687367916623,0.7205669723808508,0.7113588171101882,0.70214251842621,0.7015853598182475,0.7115253962442974,0.7161227556344676,0.7083517550644639,0.7007303312249024,0.7043958613294076,0.704897579836592,0.7050267395451424,0.7042278515595776,0.7118628058118659,0.7241381252035614,0.7237958586962755,0.7335383330021606,0.7267823788111804,0.7219025323150065,0.7257473086722478,0.7278771025105851,0.7279771470255215,0.7294300301230955,0.7350326664980726,0.7459461087506355,0.7445624111944882,0.7459944337204217,0.7057808803349853,0.6981303144090875,0.7043781071728186,0.7316565996982234,0.6519251719228916,0.6769353584409334,0.559772068088536,0.2103248532987418,0.03665552488398614,0.44249255967701284,0.7689550172614141,0.00843669022441426,-0.6517296070551757,0.5622858808309142,0.5048218406509283,0.49304730419209136
-0.6821964608798429,-0.2440572042427726,-0.36548453426488076,-0.44799827314167573,-0.8073343058025757,0.784135608257657,-0.3632068439671722,-0.21541023983447963,0.7180346900992715,0.6943023452054095,0.7394299015445535,0.759353961897459,0.7584823745555431,0.7568069491080595,0.7512019316369762,0.7451004051685007,0.7546025436754664,0.7573235908529637,0.7585724733751492,0.7599869769096258,0.7696932646533805,0.7740484712086126,0.776279815133952,0.7794264825621194,0.7856813605145294,0.779491221220931,0.7738660723040403,0.7690197498255577,0.7160165195472372,0.7211424633777345,0.7527339957163838,0.7687164684755949,0.7449412535502116,0.7524111598308065,0.6662046442732258,0.5645536400461417,0.1484274134420616,-0.7808038120806016,-0.5404040889905077,0.341429856148814,0.6490812247989983,-0.286762539995622,-0.7084823974613462,-0.5990954410621281,0.015843515647091046,0.498420643847852,0.5822406303348893,0.6628469107182098,0.6888612230574463,0.7241333443615572
0.8462316939658843,0.8525034750525355,0.8596737212395034,0.8632774093728031,0.8507616889669978,0.7661695273419705,0.5575857863308018,0.11816442052004927,0.45950346476915377,0.7659787316064579,0.5314352942908905,0.6576899071849537,0.7402816609645475,0.4293945783209956,0.20834598407810825,-0.3370451241847918,0.6915016897275988,0.024017464208717327,-0.4290729045084283,-0.800628996299545,-0.30137592910586647,0.1913829362576489,0.6826055853371679,0.8029494551019194,0.7758435799939626,0.7906862712266686,0.809451706416096,0.8165683934158289,0.7463842437715371,0.7319511438985387,0.7555572682329429,0.49824558081384396,-0.05179808925510042,-0.3293363914414279,-0.18134988659072634,0.5650174928372687,0.7469666903463941,-0.6659044794505412,-0.7926618656387107,-0.13638417544818515,0.7113838805586895,-0.15386578085065353,-0.6875454967125865,-0.193956158236263,0.5357648579026604,0.7342917771592276,0.6613012221276153,0.597306083159122,0.6345706346118397,0.6810348765171572
0.8618172071924484,0.852541610041562,0.8644490248926179,0.8688267369101156,0.8594598730598996,0.8330515862345853,0.8240038025553827,0.7924512572316934,0.7730803149961,0.8087983392759396,0.8307713359394303,0.707433426301395,0.7307254747098754,0.7085699554219153,0.8140378130916388,0.7934467887529502,0.7976374360163887,0.7968022024587058,0.820843433460619,0.8012539202901996,0.7598466834497983,0.7488289824188036,0.7652452930416908,0.19288017643496191,-0.727364168360579,0.372465307003682,0.8315810718944139,0.5463993044089205,-0.5461023920115613,-0.8322654127851441,0.10321358577815555,0.48026552912283316,0.38734414394884786,0.4674373871421545,0.7902783279291498,0.7975470162530124,0.7845404039745094,0.6956199547798231,0.721589983201869,0.7917899228463706,0.7222263278168377,0.5209868182729379,0.3446830522681602,0.6659739635194676,0.7945215815335692,0.7727556433148133,0.7034583648707036,0.6986114104986901,0.7311125311607082,0.7499116570203873
0.8285829507899635,0.8439180188378331,0.8465047659537928,0.84067641026001,0.8437796737915116,0.8554194782791987,0.8663250830445889,0.8733516527512506,0.8822567466997273,0.8882057351299228,0.8753404267623055,0.8778009206956369,0.8795272309701447,0.86857044197031,0.8651903955846553,0.8623690523160776,0.8552767478905586,0.8494492612561051,0.8507823192287643,0.8529126245352834,0.8490849885880007,0.8401594699232101,0.8221627306391771,0.8210581785952421,0.8158137988135457,0.8717945058521698,0.7944081231380912,0.4176266354641195,0.3759166106719857,0.7567609507091523,0.8079511126794697,0.6917461561026682,0.7947060179575315,0.8379067915312854,0.8656176264418859,0.8492426160297277,0.8575364818556956,0.8511890215436435,0.8470263311104071,0.841823621019367,0.8085406134772154,0.8070932562748255,0.7971568343883303,0.7631509217045805,0.7614653709180748,0.769763102924742,0.7796618278257633,0.7507160383721259,0.733541572381424,0.722172654582168
0.8416902640392259,0.8553908911580873,0.849284216323178,0.8587096152389914,0.8734563946788013,0.8951467599218159,0.9122807057525972,0.9221223972753447,0.9231295130450975,0.9216305056004209,0.921343391391906,0.9155222568491748,0.9143262630031228,0.9052598221952158,0.905220674230325,0.9006300957328952,0.8892270554380581,0.886259514797403,0.8854448624133129,0.8808058632354514,0.8745821194191332,0.8743987400685408,0.8785817279791752,0.8781993516995024,0.8813154679631631,0.8788222568768044,0.8722241407274341,0.8697765063900644,0.8704190862710346,0.8724799137212166,0.8697249736764617,0.8641254320087407,0.8587524929920206,0.8525555195496266,0.8343332178986435,0.8230048388687586,0.824799613900869,0.8294308875040042,0.8273969072576525,0.8190660707100124,0.8203022708294702,0.8210938475735552,0.8127626824178361,0.8025494535144468,0.7848806064049159,0.75095052335055,0.725022479768242,0.7285544741189577,0,0
0.8197831341823983,0.8509410702727003,0.8742446116683225,0.8879915720305506,0.9027858835257142,0.9153281643116448,0.9267114632727224,0.936139234897568,0.9514135857025251,0.955456944826558,0.9434628045959566,0.93997955080947,0.9361868285389419,0.9323517425738654,0.932146821450317,0.9322399276205401,0.9227681771252679,0.9151498254247677,0.910436370643724,0.9154240799845406,0.9030995076720876,0.8983189028043351,0.8963267878439649,0.8958862039167472,0.9091272913115109,0.9102642850799941,0.9031088136097217,0.8900992007663631,0.8742000263354627,0.8689792626793574,0.8660550439995156,0.8501580036729053,0.8424454794952568,0.836959819058336,0.8297058168745642,0.8321388971829269,0.8340113659827115,0.8260358870642841,0.8115771639966844,0.7950892072595663,0.785745491414896,0.7716882105362314,-2.941776186210681e+38,0,0,0,0,0,0,0
0.9118390518502419,0.9300800301160754,0.9777363646333138,0.9972720646222181,0.9789927304021515,0.9293948927750222,0.9134558755305267,0.9183966569264705,0.9394768885165746,0.9404590602852514,0.9404237172932628,0.9437263257399215,0.9669580912295127,0.9609451414144174,0.9464330512260731,0.9394914136834663,0.9267071173903632,0.921912783022639,0.9154146263626567,0.9101015318270157,0.9018995723937332,0.8786670795449177,0.8662646264683077,0.8600481182459457,0.8733787712116694,0.8669482684227273,0.8617784274789541,0.8555086762057946,0.8328610275022654,0.8143640697133834,0.807853130693158,0.8083918350004315,0.799389471018261,0.791629934559098,0.7640852148126938,0.7444244239414961,0.7428683024270043,0.217219253077784,0,0,0,0,0,0,0,0,0,0,0,0
