jsons/1312851600.json
{"header": {"parameterUnit": "m", "parameterNumber": 2, "dx": 0.1, "dy": 0.5, "parameterNumberName": "Eastward wave", "la1": 40.97354507446295, "la2": 16.46031188964855, "parameterCategory": 2, "lo2": 133.9931640625001, "nx": 191, "ny": 50, "refTime": "2011-08-05 8:00:00", "lo1": 114.97908020019554}, "data":
[rows 0 to 21 of 50, columns 49 to 97 of 191]
0,0,0,0,0,0,0,0,0,0,0,0,0,0,0,0,0,0,0,0,0,0,0,0,0,0,0,0,0,0,0,0,0,0,0,0,0,0,0,0,0,0,0,0,0,0,0,0,0
0,0,0,0,0,0,0,0,-0.10937506085734182,-0.17670607223014503,-0.19540793261255135,-0.1888968094838524,-0.1797096097586312,-0.1843015969676734,-0.18146184975037508,-0.17649546865285295,-0.1725369339509915,-0.16697773381043604,-0.16315921918916373,-0.16818218682096955,-0.17367672785131594,-0.17361885823044376,-0.18480051184376337,-0.11196306866205764,0,0,0,0,0,0,0,0,0,0,0,0,0,0,0,0,0,0,0,0,0,0,0,0,0
-0.21004823546715579,-0.1157124894724215,-0.222373094136285,-0.21978545541340733,-0.23843336065075554,-0.2660205440287975,-0.2859382293980184,-0.3131206319073073,-0.31335505285894577,-0.31370561416145676,-0.3085510522747922,-0.3059793836228032,-0.3014767695439681,-0.2989039049535409,-0.2874982451966015,-0.2746961199861949,-0.2695908433598637,-0.25923715523551133,-0.24616191867403328,-0.24095051493261896,0,0,0,0,0,0,0,0,0,0,0,0,0,0,0,0,0,0,0,0,0,0,0,0,0,0,0,0,0
-0.3473678789604842,-0.37140851025032323,-0.4020470781080949,-0.41529038306217547,-0.40789497656076923,-0.40157330850507705,-0.4014520858315254,-0.38200451962347204,-0.37309697102072814,-0.36388986479293844,-0.3492994348199177,-0.34002328216787053,-0.33372333525027714,-0.3230263438228729,-0.2970083478661637,0.27314760627085044,0.035678807715517916,0.21838868387197222,0,0,0,0,0,0,0,0,-1.3094303187991113e+38,0.1616511906783704,0.11133423134100702,0.0463208351929117,0.07746192788052843,0.056925038505598186,0.03916177248003442,0.02074739032003779,0.013520036219332393,0.005204760591026464,0.034796505140278766,0.15565606152868164,0.2787673330307572,0.40812655199573844,0.61029707942733,0.6826671401450728,0.6603600811844859,0.6698296036141137,0.6980507904058106,0.6805346507176033,0.6685323409822919,0.6620761108389529,0.6166202219470207
-0.4183108168379282,-0.4279202426771442,-0.44646415855555094,-0.442857818580955,-0.4454297400276697,-0.5026937014714488,-0.5255410761695106,-0.5735308235884164,-0.5613774087463114,-0.7392620180370968,-0.606634562953371,-0.3834086885223001,-0.39004292553836023,-0.4415946856370101,-0.38099190905535396,-0.43903284443619595,-0.47522013222469256,-0.34776039321158736,0.06706981000511773,0.2071920499607675,-0.7928480373597439,-0.11100418707881123,-0.2016465551697727,-0.28001566989828675,-0.4087410695533178,-0.46429022440660095,-0.5109150844355557,-0.5369633020536939,-0.5517016667294639,-0.556219764567134,-0.6005773636559492,-0.6524783475254563,-0.6585155837892389,-0.6710942050080896,-0.6516325104133662,-0.590091256553241,-0.5482047309100997,-0.2818038934019027,-0.15727276401981355,0.07479433726321315,0.5020068629703582,0.7447389758124143,0.7984347653489724,0.8622106523305664,0.90570500570597,0.8951702875846781,0.8926446624097246,0.8515193236850204,0.7596859606621069
-0.5499666506271034,-0.5776114352433971,-0.5764170776126871,-0.5728888423512254,-0.604763048172101,-0.6075644070670521,-0.6175197432357936,-0.637656056328546,-0.6569955166904148,-0.6410649351644372,-0.6559867937780746,-0.6744374974929028,-0.6675780302291282,-0.6727274594065373,-0.6811841646627923,-0.6733004411390243,-0.6987123574741081,-0.735225479874383,-0.770652732368641,-0.7831283351511187,-0.8121767446822304,-0.8914938233076481,-0.9017963063875266,-0.9513724551631907,-0.9607316811178418,-0.9882515210736963,-0.991712616590302,-1.0026447123573143,-1.020371356893632,-1.0189063834422516,-1.031533481184797,-1.0260096662935538,-1.0169308965325092,-0.9982463560081811,-0.98952476647347,-0.9580658850697622,-0.9201513475009049,-0.7394626406822576,-0.5473627906270812,-0.3327679160764767,0.6311712134168249,0.893202922696496,0.9350062509279827,0.9913422071501793,1.004780952983781,0.9833137671800097,0.961443349274794,0.9313146254271599,0.818375697294128
-0.6440215311370386,-0.6771452334356463,-0.6984691712321637,-0.7204396917932863,-0.763583456146856,-0.7783656428398039,-0.7887831772822956,-0.8142218842444472,-0.8133040982714916,-0.8193724701514178,-0.8482860829684532,-0.8748182106455659,-0.8831620360752637,-0.9208232931234943,-0.9360651609241275,-0.9766039119402949,-0.9943655091682098,-1.023493894545249,-1.0457800862872688,-1.0641180522503306,-1.08818042178976,-1.1012121676395985,-1.1084796367165881,-1.1160346696988361,-1.1206813688056967,-1.1366492951632097,-1.1350061355095942,-1.1504354263633794,-1.1755033781483895,-1.1539617079701208,-1.1500514193990752,-1.1530198302869383,-1.1265273670786746,-1.1238564081775824,-1.1160786750788991,-1.1033076875963332,-1.0782053614264835,-1.0577220509579532,-1.0045237037717267,-0.6603554483984483,1.0193791347203727,0.9785303752013174,0.978133904046113,0.9713979608339827,0.9604693504817656,0.9737002461714528,0.9638826579261471,0.9495458704461339,0.8978275485934387
-0.5064767741913556,-0.4729228971456516,3.295716928704942e+38,0,0,0,0,0,0,0,0,0,0,0,0,0,0,-0.834712673762833,-0.8698993026539971,-0.8632754007968897,3.4023081059185514e+38,0,0,0,-0.9064529057520476,-0.9736361701815832,-0.9779058655183095,-1.0284487035660739,-1.0747390378680237,-1.1196872535851699,-1.1319957100047053,-1.1359296153341465,-1.1122439511244815,-1.0972011573171294,-1.0532846361781623,-1.0117790799440016,-0.9632207981787669,-0.9529562688951151,-1.0106266586810335,-0.9420834012674458,0.9209637588679891,0.8044556696010565,0.786596813130993,0.8472871754944269,0.9381238329143142,0.9452118339847976,0.9560515234170548,0.9736331611076089,0.9776253627980424
0,0,0,0,0,0,0,0,0,0,0,0,0,0,0,0,0,0,0,0,0,0,3.033150246646397e+38,-3.2395876813688743e+38,0,0,0,-0.6566159152564637,-0.8811442257436501,-0.9902591351713546,-1.0349081782642535,-1.0359961579000303,-1.0286620054551292,-0.9967431825822096,-0.9216744478348496,-0.865104313957771,-0.7680894623806872,-0.5971826875273678,-0.8680555610666886,-0.9880101772508256,0.6407807079830025,0.7990011623640113,0.6607982793415711,0.6505797801735255,0.7538132913232513,0.7791701857793043,0.8068117140195068,0.8187518095828095,0.823080398373356
0,0,0,0,0,0,0,0,0,-0.22928116974141002,0.15338420504765424,0.22922890651549965,-0.3996123209197519,-0.47586834660857963,-0.46644410558933963,-0.4922528374609525,-0.4881591616349632,-0.5143701344217854,-0.5674946676499435,-0.6155213820340909,-0.6627108806357702,-0.6927399597204421,-0.7145770194566039,-0.7769682937107931,-0.8029602347886311,-0.8423617492256343,-0.8925371671084211,-0.9086928709564239,-0.923479115047276,-0.9484106707870168,-0.9587357271795033,-0.9314337415654687,-0.909963588413274,-0.877701414574907,-0.7558573639711289,-0.6651072271924661,-0.5932764937925936,-0.7089797416690619,-0.7389225697906147,-0.9416968146859056,0.6090710428550057,0.5878309533775178,0.5606905141187996,0.6797316381260721,0.7048077647586224,0.7228834434949718,0.7423208535125857,0.7689976995394293,0.7419303586298387
0,0,0,0.1395101196547223,0.10076360366237733,-0.017850319592361278,-0.10695276365166952,-0.17691035384111178,-0.32975069426403175,-0.5165023289712839,-0.5788953752724617,-0.6393709431914394,-0.6653707074391383,-0.6962531946545022,-0.7099521304375731,-0.7280267066527819,-0.7320553424769922,-0.754739118948198,-0.7686002372191111,-0.7799791062610184,-0.8077536617395914,-0.8297132728487873,-0.8410951389089544,-0.8650939455246153,-0.8785898285225482,-0.8631584387913344,-0.8737736241526233,-0.8709851493355931,-0.8453944763591931,-0.8374140462654429,-0.8236153457071694,-0.7783352470883748,-0.7134392471177274,-0.682976075361352,-0.5778050347302716,-0.4815194939098145,-0.4056826526815122,-0.9607466969161624,0.05188476265452884,0.7974290846589317,0.3762955783320443,0.35758014377269626,0.4364261475491951,0.5202737151780292,0.5928002598149135,0.6309944955494414,0.6450909540836446,0.6569358703732925,0.6654759795742093
-0.28800550799254004,-0.3226756760672457,-0.4224452092871498,-0.48397128545252127,-0.5181873064992032,-0.5944359998202796,-0.604205390094268,-0.6425744376156621,-0.6751560811042377,-0.7192784809766934,-0.7594643199991112,-0.7938678509784175,-0.8210889728796784,-0.8271854128549007,-0.8351933313332018,-0.834798350503517,-0.8377074911622818,-0.8416299984234701,-0.8435824074753788,-0.8588855179419397,-0.8736183451798105,-0.8650513553942646,-0.8623545205578018,-0.8640121392458879,-0.8638634840933731,-0.8334907258056906,-0.8144647886257855,-0.7825307627948767,-0.6916039378060577,-0.6883087277664386,-0.68754028373029,-0.624351117106883,-0.5876865467375814,-0.5509622858809513,-0.46034270853741444,-0.3829525294838987,-0.3411701681583638,-0.7566548050111198,-0.29915043230008775,-0.3483470117962729,0.4296228274792899,0.3381604901070971,0.3407736601836295,0.40081810021894876,0.5013984084406687,0.5177324184588585,0.5292370503119521,0.5405047509054192,0.5489173487333735
-0.5282740815140772,-0.5633532149783115,-0.6079727967578917,-0.6248966439871342,-0.659614178263089,-0.6876883993452522,-0.7169664095512258,-0.742920587981562,-0.764355499494652,-0.7893188516161359,-0.8104886377521525,-0.8290137481999869,-0.8454808798089021,-0.8580504348782696,-0.8647442976524005,-0.8651699742356657,-0.879862091853361,-0.8953281488654782,-0.901563591169163,-0.8927065106580129,-0.8970148475318905,-0.8798291749451042,-0.8712900526825322,-0.8576253113945056,-0.8374056266521003,-0.8003297851607915,-0.7779612432733762,-0.768156293818144,-0.6962487693981936,-0.654650852897786,-0.6273480728886556,-0.5440086135444379,-0.5268619523060984,-0.49912880685411437,-0.40089604013574776,-0.32864912953600733,-0.29872052968631047,-0.27767592324335727,-0.34892118630390007,-0.9739712460388823,0.8607135714194555,0.6048120531446717,0.41074654851987846,0.29676845412223923,0.3763309641764132,0.44102922755818463,0.4655852857503723,0.4957661976193402,0.5024341046511823
-0.384085320809102,-0.4355301871829679,-0.46821697056773626,-0.521498297665295,-0.5824963109199116,-0.6200468432935908,-0.6509610302354831,-0.6753909422521172,-0.6870746203415294,-0.7038471465190681,-0.735244704486767,-0.7483029192780749,-0.762787522040794,-0.7889873399293507,-0.7985664038885413,-0.8118514183394149,-0.8293021743367798,-0.873016297561662,-0.8905508676023228,-0.9051769058097995,-0.9204099022350626,-0.9067597420234985,-0.8929545577753766,-0.8753444119378473,-0.853449184449402,-0.7818730643675827,-0.7392830336188636,-0.7045581262340491,-0.6616497699753346,-0.640881826332002,-0.6246686698969408,-0.5610555411150093,-0.5308041649821321,-0.5054773373954663,-0.4260033716537669,-0.40244307597767226,-0.33498621841340803,-0.25387188840167857,-0.2160361136944156,-0.17097741581196405,-0.2573655944624277,0.8395673046414216,0.5073398323118589,0.4751963177506737,0.28490739768430423,0.33098841287425046,0.38133697148782114,0.45797395204736413,0.5110490613161507
0,0,0,0,0,0,-0.4148362884134692,-0.5287463073726019,-0.5776438136545876,-0.6209108424864122,-0.6475096620468045,-0.6603862417811169,-0.6739740366926075,-0.7142166276190739,-0.7367009855319693,-0.7712905586118282,-0.7837079851075534,-0.8095676181860884,-0.8328940852097088,-0.8440387196712018,-0.8612153463861972,-0.8433858192187307,-0.8236018244914929,-0.8086281010502726,-0.7893177087565262,-0.7518552533476677,-0.7418541280120188,-0.7198610581890237,-0.6904060654218498,-0.6677823804081818,-0.6468339631680604,-0.5987612217208929,-0.5791297915518457,-0.556175984503654,-0.4845579369407638,-0.4563513201080896,-0.42658925511675905,-0.3364496635005173,-0.29762974593645725,-0.2650115169024398,-0.8992501479494093,0.9251035248064688,0.7772682873668696,0.18530551592828173,0.29739221504914154,0.3452570388817022,0.39160940216590895,0.49180747084750975,0.5226110837659447
0,0,0,0,0,0,0,0,-0.360543075461351,-0.4693905907503947,-0.5502766011534009,-0.5649537235383316,-0.5578979114388202,-0.5888692148484121,-0.603712905372832,-0.6478691394250388,-0.6858855394087993,-0.7386513419736496,-0.7636295085973785,-0.7802959287349713,-0.8138379255201493,-0.8281255143057423,-0.8396598565202448,-0.8482630406813692,-0.8409481498172847,-0.8165583900093396,-0.7853696732782454,-0.7720272848584565,-0.7308623231205208,-0.723357106744204,-0.7017729297971272,-0.6457894623566652,-0.6274612348308148,-0.6033443981599068,-0.5361494705641782,-0.4970356775791585,-0.473555056503015,-0.3877107327658274,-0.36104007351079154,-0.3321106629173363,-0.4483381336345347,-0.8583609784456556,0.6370316751090858,0.95709765923703,0.2876281345730745,0.19081925864987917,0.25435304311174517,0.382770197022023,0.4548610650015254
0,0,0,0,0,0,0,0,0,0,0,0,-0.1866861202792737,-0.14832928091214062,-0.2020385203397895,-0.31359708762317423,-0.39153969053011195,-0.5119761520801767,-0.5887835009512044,-0.6341039876270753,-0.6881814845481096,-0.7168632873159095,-0.7248285916530274,-0.7469641218912915,-0.7575539531207333,-0.763454565356196,-0.7771609334870018,-0.7680448167103592,-0.7584969346695175,-0.7543558233253728,-0.7399391437474115,-0.7042220892424633,-0.6706566114594245,-0.6618196909298287,-0.6182578420515245,-0.6034582124735446,-0.5507665325640441,-0.47157490490598636,-0.4251779994432583,-0.3994970810012941,-0.304510635165828,-0.2170771195227487,-0.187239185084168,-0.3134956312890815,-0.7980933423225252,-0.16199268551017834,0.4287948855726803,0.4108439392703357,0.15442626846032015
0,0,0,0,0,0,0,0,0,0,0,0,0,0,-0.19501927823940418,-0.18976319602118163,-0.3066129792026365,-0.39213502057189403,-0.46837911798454585,-0.5136377598599423,-0.5519195098010504,-0.5876422635881544,-0.6093762720912866,-0.6402663752971066,-0.6609918444188166,-0.6929763384272845,-0.7314810415677566,-0.7439963907162584,-0.7577919120222623,-0.7690256009961943,-0.7633476730675025,-0.7405338240811815,-0.7239492189229715,-0.711400919597764,-0.6884229245186471,-0.6667001050857622,-0.6391461537525579,-0.5935746827457715,-0.5671790671946152,-0.5217346998810105,-0.4649452017998613,-0.4126191891815311,-0.3164543781916289,-0.2732789781749243,-0.24441240123397223,-0.7379983834121003,-0.7162818918390701,0.5359633004712326,0.3118746456681501
0,0,0,0,0,-0.003209658752784059,0,0,0,-0.008419869092392568,0,0,0,0,0,0,0,0,0,0,-0.2216943141765085,-0.3835595748844491,-0.4244693325833696,-0.4744490137223227,-0.5011460863863452,-0.5320326972925881,-0.5675637304342618,-0.5935902222835971,-0.659039473218878,-0.7079195553339753,-0.7256951108305947,-0.7379952714128665,-0.752858106833002,-0.7542762919760495,-0.7545199356438231,-0.7510250710614146,-0.755529986579586,-0.6788204421320478,-0.6583222439382106,-0.6329030678597806,-0.5635389218401411,-0.5249276460614564,-0.47913232043321563,-0.42617671232189674,-0.3289211067746044,-0.6023421904656872,-0.807166183003183,0.593524302861496,0.3287323992964372
0,0,0,0,0,0,0,0,0,0,0,0,0,0,0,0,-1.5855908521083647e+38,-0.01806016304835973,0.028780568928415344,0.04531140324017425,0.04729499679366474,-0.020912784178950643,-0.08291801421722896,-0.18434357131369597,-0.2449608323645788,-0.33281061904538706,-0.42111834396893244,-0.46940800204124117,-0.558309360493307,-0.6168252764097262,-0.6531100591827304,-0.7194590434804231,-0.7365104390742591,-0.7396602804014027,-0.7238661862093357,-0.7212911565457497,-0.6986054337328429,-0.6426249689715734,-0.6022712753473417,-0.5726023625405323,-0.5224840496845253,-0.5184325841689336,-0.4819346188782354,-0.3993267634578373,-0.3571028449971497,-0.8030916980707647,0.8472881150572577,0.3040262575906983,0.3670847672497557
0,0,0,0,0,0,0,0,0,0,0,0,0,0,0,0,0,0,0,0,0,0.05639098050372181,0.03581585034547539,-0.02567253639166382,-0.12551032454338995,-0.26023630194047037,-0.34594142117707266,-0.3935343367000417,-0.480592168934829,-0.5110600827852947,-0.5593497129304228,-0.6592864312442123,-0.6984103187776032,-0.7300900262581442,-0.7419331733712724,-0.734620845807093,-0.7266207063979805,-0.717673017417384,-0.6644666975865445,-0.6601523185537337,-0.5105057131261885,-0.4949815211953271,-0.44617365517138635,-0.3453855426759814,-0.44862893439755785,-0.7270364836378002,-0.048890320437507864,0.5372979840830583,0.5379515524301177
0,0,0,0,0,0,0,0,0,0,0,-0.01915550952802267,-0.023980391439963018,-0.027683853655420428,-0.02663225592447838,-0.02798025863623196,-0.030705156036796792,-0.03270020559528922,-0.02993923719073434,-0.037623338926928894,-0.04294005303324389,-0.16708199786532305,-0.23266653339045898,-0.3173853172318797,-0.14744245618223362,-0.19838455396912136,-0.27733909408794705,-0.33595105097993566,-0.34639335942304156,-0.4074988962130944,-0.548039071109964,-0.6975914338463002,-0.7305978883763146,-0.7394437395078985,-0.7209584584004928,-0.7063138039422302,-0.6959647823125206,-0.6252732315869121,-0.5463434344372663,-0.54730174045177,-0.5944027566101671,-0.5998098280247335,-0.5524603398440988,-0.5787907238537825,-0.3908399278362495,-0.40343564307436064,-0.5199880099160462,0.797966362309592,0.7411878845748128
