jsons/1312754400.json
{"header": {"parameterUnit": "m", "parameterNumber": 2, "dx": 0.1, "dy": 0.5, "parameterNumberName": "Eastward wave", "la1": 40.97354507446295, "la2": 16.46031188964855, "parameterCategory": 2, "lo2": 133.9931640625001, "nx": 191, "ny": 50, "refTime": "2011-08-05 8:00:00", "lo1": 114.97908020019554}, "data":
[rows 0 to 21 of 50, columns 49 to 97 of 191]
0,0,0,0,0,0,0,0,0,0,0,0,0,0,0,0,0,0,0,0,0,0,0,0,0,0,0,0,0,0,0,0,0,0,0,0,0,0,0,0,0,0,0,0,0,0,0,0,0
0,0,0,0,0,0,0,0,-0.10493670633849464,-0.14944638483830014,-0.1652070549556671,-0.16729316325186194,-0.1737764444552526,-0.17618406596435163,-0.17657596590436164,-0.17193788545499541,-0.16893408043987232,-0.16795518025168485,-0.1699469850993849,-0.17664392723881875,-0.17426883232519733,-0.14835008545136388,-0.22427077492816233,-0.10682689597484508,0,0,0,0,0,0,0,0,0,0,0,0,0,0,0,0,0,0,0,0,0,0,0,0,0
-0.28517668785020545,-0.0983841861200933,-0.20225977848893295,-0.19582042553727613,-0.21087816280313584,-0.22916778325207035,-0.24102434085954497,-0.2564599271324319,-0.2590836715943781,-0.26018694756128946,-0.257986424057165,-0.26215022999916854,-0.2621122705928812,-0.26233264705401516,-0.26276397400979407,-0.26630330177130845,-0.2718736650657786,-0.2983331589786573,-0.3347387421801853,-0.3033800657579924,0,0,0,0,0,0,0,0,0,0,0,0,0,0,0,0,0,0,0,0,0,0,0,0,0,0,0,0,0
-0.2962697880980438,-0.30983709203959736,-0.3051729657592659,-0.3020620360632462,-0.3172410402106398,-0.34196275673530974,-0.3516247696299047,-0.345015176209732,-0.3483165203469837,-0.36773485003023093,-0.371371699896549,-0.37021570385724634,-0.37478516149676067,-0.35691947911155153,-0.40010830764410504,0.0005573639467797161,-0.12452862422312273,-0.050378765390973884,0,0,0,0,0,0,0,0,-2.489418332631444e+38,1.0519248903335188,1.1380223226167612,1.1770896083536275,1.2376112060254618,1.2947227021078902,1.345415156034187,1.3760432650847425,1.4683582826896167,1.511188255812648,1.5750882084291131,1.5850783501882135,1.6444712779631654,1.5701240507524403,1.5077611116415048,1.4220147195561488,1.327711047445847,1.2347091258688714,1.1778307399433754,1.0579659159713273,0.9650504435383993,0.8732652365091623,0.6923296593049936
-0.3967230660668395,-0.41474800833109354,-0.39615636070144616,-0.3915838405655576,-0.4048143834104699,-0.37037242606208604,-0.3591862306098293,-0.365667905021146,-0.3360348862142708,-0.44349686472520683,-0.4808482230039025,-0.5398724488479218,-0.6549780518687371,-0.4966346868610292,-0.5250918299906205,-0.42705884187055154,-0.4822243336840431,-0.1554965616741144,0.4230906144976039,0.701995736561041,-1.611232229827862,0.9101282435702243,0.9635745123394263,1.051052220309329,1.1845737347978527,1.2794872871624166,1.3877138099563273,1.4807033333755266,1.575774580333641,1.6851419672037098,1.7862592115226075,1.9279489765231417,2.0080163638628328,2.1243618127215393,2.1910407946593367,2.2954531043158166,2.3568574766747648,2.421912868522212,2.3962559648987356,2.394053837347563,2.3519350521581583,2.3555983494342976,2.213053966535828,2.137531415931264,2.074843899376491,1.8896679193335828,1.8430505419939676,1.5797725461027163,1.2244896459005468
-0.5416280830454643,-0.5767912446531793,-0.5694755935419046,-0.5697573402252843,-0.6056154733329606,-0.5819105008561478,-0.586689467012486,-0.5948217487394888,-0.5871115104684613,-0.5088691674649748,-0.5104072292313141,-0.473950916427193,-0.37386265084985165,-0.3424141704023815,-0.28817636926689105,-0.1752644456935658,-0.15342096734666497,-0.1371518285859126,0.0075369033695958315,0.1824464814892846,0.26971978444751554,0.49973827292259176,0.5699531909223549,0.7278893385154789,0.8684112592457139,1.1082740506204836,1.341466128439187,1.4841078391103242,1.7265749387183034,1.9353501021393866,2.029321784581489,2.3577345815561865,2.437825637507642,2.6102137331443687,2.7345219282758535,2.86072179976255,2.9512967978640883,3.1195678953611283,3.1554751860039945,3.1949273207854714,3.248673058356667,3.232066775249906,3.196063188051032,3.145172271275326,3.204474818215499,3.0004185317167336,2.8850441274020944,2.6320155411678066,2.071914038908888
-0.6898706928526873,-0.7332377531750157,-0.754771072146724,-0.7757501493070565,-0.83149609855835,-0.8413547822186357,-0.8588928664396941,-0.9186321808956842,-0.9280650540831509,-0.9238434461766204,-0.9567862164541654,-0.9872397123869594,-0.9748352501809407,-1.015028165857281,-0.9928553291845961,-0.9837095877063721,-0.9574175715842044,-0.950382960949618,-0.7483421217443271,-0.7195419015843981,-0.680480141872548,-0.4091461030898133,-0.3032674137704527,-0.21484456536424684,0.07224444541189338,0.4447160740651607,0.5948189475080663,0.8903260372727827,1.2954498526896292,1.6682742019359744,1.789267303616806,2.197942456423129,2.5373325968253844,2.699573585307921,3.0414255978632156,3.1867936889448663,3.3729727225312787,3.6168695049682746,3.7299947361836856,3.8639529912891137,4.019988205563327,4.119521591099427,4.203040023513267,4.17523684845323,4.251418920378479,4.126932808267377,4.0888752734926355,4.026258041542585,3.620697743467954
-0.8311019023896946,-0.8778393192109099,3.4022337131168738e+38,0,0,0,0,0,0,0,0,0,0,0,0,0,0,-1.402527058283082,-1.5370597815679568,-1.4829724075057718,3.2649033085131938e+38,0,0,0,-1.5814800364688781,-1.5764348672422992,-0.9120790259284547,0.014165664810184438,0.6397126080845115,1.0361628389926247,1.32944267220704,1.9166733769968458,2.370975833758349,2.6410575271834777,3.1935451875678416,3.510840995783707,3.7578223421498786,4.175734071343343,4.449316304307135,4.762932474712127,4.984930603919822,5.166662783695594,5.334003763837599,5.445174335180615,5.571497378527824,5.650251882982297,5.645126431203752,5.683425005816408,5.534198039286987
0,0,0,0,0,0,0,0,0,0,0,0,0,0,0,0,0,0,0,0,0,0,-6.714546679829493e+37,-1.8043620561337698e+38,0,0,0,0.15164005602963973,0.3107428365068144,0.5152598116925565,0.7743716724369017,1.3955580539041248,1.9619731052005573,2.521668956902044,3.1155964613947784,3.416983163395121,3.848292409432026,4.435328399921103,4.769418687599319,5.309626476160235,5.7208569167334815,6.0129318022415825,6.304757431837045,6.377142781294089,6.656086658290364,6.708833411430986,6.752169398410028,6.830307739191,6.718765388172544
0,0,0,0,0,0,0,0,0,-0.8925178289258437,-0.34437745857912605,-0.8055762060430841,-0.9831579448743423,-1.402350640351103,-1.4314253745458159,-1.6164639712105275,-1.6160643137099586,-1.7755451476215216,-1.7246945743556872,-1.6861893963257006,-1.6397986439495553,-1.323528183112095,-1.2447346389187532,-1.1152631492455527,-1.0074977797073137,-0.6784332279260659,-0.463807886143384,-0.2844681065579116,0.1622221458038912,0.420379440677272,0.7265696299281567,1.318361198185168,1.7436501751124946,1.9685793767129118,2.5682314018494052,2.9420534520931705,3.305293687474951,4.063022471441226,4.547574739087504,5.050707774581335,5.772611832235506,6.139792109613633,6.5561890014248565,6.8826220061694245,7.134772593808704,7.260441035129487,7.334080590675655,7.444943416847581,7.3668795399112765
0,0,0,-0.3847156561877534,-1.1044304053271576,-1.1469372601625125,-1.1692723288621798,-1.5489877491389454,-1.7697803222338315,-1.9212329226941662,-2.171793863997656,-2.264826750376054,-2.344540358562615,-2.519304239132727,-2.6039093105306765,-2.670132614233386,-2.6612496930168286,-2.761036349711022,-2.7745556205925332,-2.7788627221003344,-2.8202857773977694,-2.7507315522290576,-2.698481545226627,-2.70183687442807,-2.56081553905277,-2.1820126809552884,-2.093558871040135,-1.9059678907238538,-1.313520501289045,-0.8055657003469229,-0.4318809421234106,0.3892905246903523,0.9909194642174242,1.2175217639184732,1.9883877102016967,2.338934073788613,2.823171295321039,3.553927563939371,3.940474870305024,4.543010936467828,5.179554229922673,5.738136380628314,6.176736914069058,6.497608091366224,6.723107752855526,7.0084080713719175,7.074874379020784,7.230067659150823,7.151601953494701
-1.209323988087364,-1.4400225511950886,-1.5541893910520812,-1.661130119640371,-1.8511487391591135,-1.917988716880652,-2.017642474183737,-2.2200874051558888,-2.332617649694708,-2.4011845843672415,-2.587555424409713,-2.737200312865092,-2.7948294420296453,-2.988532026450199,-3.038331382542341,-3.105066837403842,-3.1919218246357888,-3.3149254038347626,-3.3872538778192878,-3.4956213823770947,-3.657732958839287,-3.6611696355680214,-3.724846410052194,-3.847807889945877,-3.8527848860916563,-3.7681248858805168,-3.74330811898934,-3.590582926781456,-3.1640405426044858,-2.802132120272519,-2.190205208781533,-1.0071933521821415,-0.29425746153211,0.30908168282392945,1.5906185758191276,2.2937914753649253,2.6043681558387464,3.337344100851576,3.767207394147844,4.1310037873725385,4.659023602049901,4.848436273001759,5.209243411313903,5.405196608656173,5.713884947333348,5.9870449179157585,6.1585552172018,6.30098317518001,6.353164058352933
-1.3683980640338131,-1.5194552522387446,-1.5691201360133005,-1.6159390711387214,-1.776562587950379,-1.8548831804221866,-1.9510297774055456,-2.1109545074854457,-2.2158687879918664,-2.334757264666541,-2.50246839549887,-2.618148400545262,-2.6964939857155987,-2.861353266016534,-2.951299384583247,-3.0023750037964545,-3.14478325721484,-3.305588583601269,-3.4132645070818093,-3.511990147880543,-3.6845966281989475,-3.77346587841551,-3.8327496372918666,-3.9797243549517938,-4.050608493839619,-4.119724998838289,-4.232691431531139,-4.2560649815182625,-4.21009099041544,-4.1520290554504635,-4.032652742379232,-3.277434561892117,-2.829047431298471,-1.3454697958615829,1.1335545392973212,2.38164838906159,2.9549942252016184,3.5719643052365697,3.7506598547060106,3.912284403824589,4.257025437720025,4.381003141223362,4.55652319333497,4.615190753721294,4.734187748645387,4.8859815616805475,4.946788885857095,4.983832825144404,5.062208999828409
-0.7868765954494099,-1.040854028953644,-1.1181095501317047,-1.2104578859295654,-1.3784671479854946,-1.4211585774799014,-1.4924344156742837,-1.6065965107356266,-1.6684770408477416,-1.74612130530377,-1.9249423687535967,-1.9983677321621338,-2.0844553769577554,-2.2786720036253945,-2.3555005397584203,-2.464926590542879,-2.5844212239546756,-2.870903687433082,-2.9831553992307613,-3.100567032497555,-3.3564998319903,-3.450394441263982,-3.553821757761245,-3.7289283294930615,-3.809803876550479,-3.893860557489292,-4.020901992736627,-4.037408871897146,-4.051954956841436,-3.9266641700836717,-3.8516611173246265,-3.5022828364751923,-3.244013284751239,-3.1487725507353637,-2.935483935007388,-3.1043031224491844,3.7368112511744194,2.7312445657031863,2.841979436383783,3.369699404291302,3.688282096803817,3.832152063381949,3.9357760592051694,4.024363454628325,4.07665239109238,4.183865724173733,4.212514604155786,4.2430947256726155,4.2986721516219495
0,0,0,0,0,0,-0.9319659475139407,-1.264096842575868,-1.3617462683672532,-1.409429529278987,-1.5109294646894242,-1.5648973269163708,-1.6763157213934539,-1.8722544088088189,-2.0035638028581286,-2.14379795687911,-2.2480762138524732,-2.433010374571667,-2.566748406834677,-2.651584590341477,-2.840887853057065,-2.8491045318994184,-2.857577844844609,-2.9548347374345476,-3.033206392268043,-3.1036150073270203,-3.265671030882987,-3.3441089684680345,-3.327700287227959,-3.3711906267508374,-3.3634899356382584,-3.2828012582064567,-3.1935518889104832,-3.057062268091716,-2.4902020516174193,-1.8742385105812902,-2.4768789616001996,2.386195497678565,3.1143451693305693,1.9717272384355375,2.7730784646239295,3.0799711607159646,3.252871422059371,3.426230586180571,3.5358171483653917,3.605302917254427,3.633487555449958,3.6767507747320103,3.7112021659589622
0,0,0,0,0,0,0,0,-0.9066650356332238,-1.0115968207157662,-1.15712522055864,-1.1500704896325027,-1.2430059905856041,-1.4301972629253819,-1.5539251929998175,-1.7066502457061223,-1.827386169515829,-2.0293659173202103,-2.124271481717004,-2.225888410211419,-2.4162782528369484,-2.5140294659497657,-2.6102457619686317,-2.8121792579112026,-2.9184137406355037,-3.0213968136806892,-3.0773075769463447,-3.085597297276869,-3.082881253209262,-3.160395425798118,-3.136299362340254,-3.0662809566875557,-3.037788278320339,-2.964142154978035,-2.638540601343966,-2.269384750254325,-1.959185043379299,-2.006965919994209,-1.9347588572035437,2.6935728707974134,1.8039359302163622,2.2635832960946423,2.7023165350006986,2.8689661506528554,3.147737803732452,3.225525801087995,3.2615870154270654,3.3260956762337215,3.3540946733429653
0,0,0,0,0,0,0,0,0,0,0,0,-0.27219632767977675,-0.2840523555087115,-0.5466193992922365,-0.8220404387512646,-1.0067038522594602,-1.3314180486832583,-1.51361804906528,-1.6437200558327036,-1.8334203842528412,-1.9280377945017397,-2.001449041309723,-2.153034942726951,-2.235156236649728,-2.3121437840860084,-2.4537517780199676,-2.4925792558747886,-2.550605228876671,-2.589532845324588,-2.5798538020096498,-2.515329893856253,-2.4784414523430653,-2.458663715397915,-2.243847285682628,-2.0117397732183577,-1.7093242395556427,-1.0744191564185381,-1.1869930652326803,-2.906683857797454,2.409031383199378,1.7397038964836817,1.3261314942126499,1.4355740326674562,2.1214063590193586,2.2105998727141314,2.3321411665282183,2.5306361208068386,2.603640424089782
0,0,0,0,0,0,0,0,0,0,0,0,0,0,-0.3870232359361635,-0.579630139425471,-0.8349030872654708,-1.0944361632121407,-1.1675565599289235,-1.2864056362171752,-1.4686670931765062,-1.5786609386665589,-1.6579431851885693,-1.8349306916824941,-1.9362546305469326,-2.0420341839755927,-2.227043766861283,-2.281812846951981,-2.3175372953980067,-2.3523429814077224,-2.3230972780125345,-2.142403557960748,-2.0397252681946823,-1.961220700998127,-1.848836834562528,-1.77271318131844,-1.6747606483431898,-1.403837424673212,-1.251158424057044,-1.0844490688253445,-1.3752222765510276,-2.492561058649707,1.2742148444216146,1.7625819038972201,1.0826771748775414,1.3230601135759246,1.5599200076871051,1.9353686795397387,2.0082054391854767
0,0,0,0,0,-0.24878913965761326,0,0,0,-0.12214335895839669,0,0,0,0,0,0,0,0,0,0,-0.7563136986804297,-1.2323014739529412,-1.3827207982639382,-1.593200236067358,-1.657996736083647,-1.7126369551448566,-1.8439355791313792,-1.9101402208050966,-1.9876572183507801,-2.049889836051312,-2.030334983228185,-2.003231646859029,-1.99744567767367,-1.992664770363959,-1.9738646820118242,-1.9529476258165823,-1.9349643458703856,-1.6684165742379167,-1.5390913272355813,-1.355787560124793,-1.0544492882265855,-0.8894958434016138,-0.701791759718259,-0.5660884941098564,-1.2345498073795838,1.9758064965410682,1.190199245088417,0.9227168787228621,1.1326692903201487
0,0,0,0,0,0,0,0,0,0,0,0,0,0,0,0,1.1117608190781634e+38,-0.18886521553880498,-0.212755707477761,0.36956130908929896,0.19782755646711309,-0.20285592259920632,-0.48939007515021793,-0.8437442034605465,-1.0535680781385406,-1.3496229037393643,-1.6778786698191923,-1.8122307447632304,-1.95755151457526,-2.058994395028727,-2.072887929258753,-2.0363572593135233,-1.9812514242226802,-1.9068434881227998,-1.7556815534302685,-1.7161082350043921,-1.5955042632612724,-1.393278409533965,-1.3370699582034875,-1.2983764011859273,-1.1737315001758946,-1.0860604501244604,-0.9595313674637065,-0.812872020684546,-0.5041322991647895,-1.190218758076659,-1.5431113393813582,0.4956487896382234,0.8935352860498758
0,0,0,0,0,0,0,0,0,0,0,0,0,0,0,0,0,0,0,0,0,-0.0038465947217248943,-0.32597245260374,-0.6579067695622284,-0.786763882561801,-0.9950201427348859,-1.2672627031247596,-1.4715333498126921,-1.7649933761783065,-1.8372569555100173,-1.9025084138279529,-1.9040176039597458,-1.9319080637341224,-1.9093527479832817,-1.831139288025639,-1.743987433556126,-1.6652691095000702,-1.5795447796649054,-1.495579872586242,-1.418786662352763,-1.2549774447051336,-1.138727725537738,-0.9924788196044437,-0.8886058328241937,-0.6261842708046136,-0.49566220642465253,-0.9942211437774224,0.7412555930636758,1.162443284434005
0,0,0,0,0,0,0,0,0,0,0,-0.07130014620355236,-0.05386362534919586,-0.08536556394858152,-0.10339480565754108,-0.14255018142279666,-0.15217753801553718,-0.23608558103005828,-0.3897415219762722,-0.6324475531252821,-0.8982036719909068,-0.9486421419774532,-1.0221740078188701,-1.193057763598022,-0.3935161943995665,-0.8095840419392573,-1.4759768491140852,-1.631866988937962,-1.8037110602547968,-1.894955310584219,-2.0014021840062077,-2.054132132808736,-2.016259463488836,-1.9803563812688245,-1.8811965053017707,-1.810677811615891,-1.728573368077202,-1.5431986196058503,-1.4166145305812199,-1.3015712621168074,-1.2174060189165312,-1.152072099568409,-1.083936180193624,-0.9853711874881996,-0.7166965204777477,-0.5746749121682811,-0.5369744619941567,1.166109516546877,1.2282090507602927
