jsons/1312830000.json
{"header": {"parameterUnit": "m", "parameterNumber": 3, "dx": 0.1, "dy": 0.5, "parameterNumberName": "Northward wave", "la1": 40.97354507446295, "la2": 16.46031188964855, "parameterCategory": 2, "lo2": 133.9931640625001, "nx": 191, "ny": 50, "refTime": "2011-08-05 8:00:00", "lo1": 114.97908020019554}, "data":
[rows 22 to 43 of 50, columns 50 to 99 of 191]
0,0,0,0,0,0,0,0,0,0,0,0,0,0,0,0,0,0,0.05731187321858435,0.026668426975388147,0.004407228333960058,-0.08405366679792892,-0.0010318872257907101,-0.5056344127947558,-0.6392671076544877,-0.7941805347628142,-0.7438178924088162,-0.4624803237758432,-0.27143298345971684,-0.11263767848247604,0.14882253452819286,0.323042890910442,0.4365890859554285,0.5311208799721029,0.5631409989027858,0.63394063497282,0.7119989739236846,0.7432254524913896,0.732276232350381,0.7291964361240026,0.7387406782345768,0.7688381860524144,0.7844457947468201,0.8302390548565587,0.832153674016421,0.8104842992379968,0.4940215483426336,0.26872604924285215,0.7884913633259761,0.8208598150089079
0,0,0,0,0,0,0,0,0,0,0,0,0,0,0,-0.003575370180277459,0,0,0,0,-0.2592354273897728,-0.47950229933362,-0.6509734834488287,-0.7099949844549489,-0.732471161368662,-0.7401119900187488,-0.6349668217811449,-0.36395241238989523,-0.10387422863835692,0.12654980741580374,0.49065935691159046,0.6265852735299121,0.6998460012702299,0.7639521065881616,0.7574409076525189,0.7641816462488384,0.7598797889437922,0.7756031822779687,0.7907708346948777,0.7975741567509679,0.8107921701955121,0.8158095323227589,0.8282398244576202,0.8435824741739868,0.8046073245036272,0.40366430610005166,0.8810600839953096,0.7567499390764915,0.8876653169515725,0.8462417028889356
0,0,0,0,0,0,0,0,0,0,0,0,0,0,0,0,0,0,-0.2832948471415275,-0.44506784357653095,-0.5306847840331563,-0.6178667018220051,-0.7531065319511606,-0.7891534598682892,-0.7193643109366858,-0.6238137498024008,-0.47839051141724975,-0.00880799785440006,0.27357645560407373,0.4906311748296197,0.7685055123493612,0.7597185797827296,0.7706200967992096,0.7521500900477396,0.7428641802898177,0.7565748140637198,0.8060317792777718,0.8300231290632226,0.8313562289175676,0.8417157662352427,0.842965523219933,0.8241869078679736,0.45429803064120594,0.45177912049955654,-0.4434844829554178,-0.28958414451812053,0.8142407605732962,0.8510254044105963,0.8517085005694796,0.8281196852344487
0,0,0,0,0,0,0,0,0,0,0,0,0,0,0,-8.1454825486999445e+37,0.0608199332616884,-0.34416304939055875,-0.48362139349726757,-0.6537085210943252,-0.7367945503648914,-0.7878700778069487,-0.85675038853062,-0.8245211323208025,-0.5471427652369621,-0.3148905695606911,-0.033370484813674495,0.5577418867952308,0.6668646931144284,0.7969139796648296,0.7971748043890436,0.7880113008770282,0.8042956009541322,0.8036974233928732,0.7285727818453548,0.4492112588164035,0.6887651047363395,0.8059540279774007,-0.8237088559313709,0.48329303334955953,0.6630003899946666,0.31876777639072823,-0.7431419911026226,-0.6832539075851419,-0.1441986768992186,0.8559490125690008,0.8266501112162021,0.845859087794473,0.8229340445572454,0.8249707675279607
0,0,0,0,0,0,0,0,-0.0757878721943634,-0.17401050253867645,-0.22725763440158317,-0.2637513168996414,-0.3453489783717438,-0.38310212654761056,-0.4464882754583714,-0.5067775541020985,-0.6063334796473773,-0.7166569926779177,-0.7818072095327473,-0.8823331340882189,-0.866039941263317,-0.8303748158551002,-0.7258690865330769,-0.5601276886269649,-0.18881595044046942,0.01838213556308447,0.20129868954927654,0.593530011534452,0.6988840242508142,0.7552508636319646,0.8136642208141477,0.8135632363114723,0.8171341492744437,0.8228910935056675,0.7722076942557835,0.4409048879184683,0.6596168225635598,0.8140096622001993,0.8160890761921303,0.8239246025656093,0.8267091361543691,0.8306334128282549,0.8295152480731256,0.8266292705652558,0.8324833193092483,0.8367959823458215,0.8380341292588909,0.8286329795397004,0.8274276685815312,0.8262916876843295
0,0,0,0,0,0,0,-0.30483281072605745,-0.3704776754605701,-0.47650900840485877,-0.5128960582560291,-0.573468376764984,-0.6505559629147409,-0.6947287584652414,-0.7546802271856454,-0.803226158204669,-0.8776479934410623,-0.8637930453932048,-0.8542657804441478,-0.807113401153591,-0.6118761741279846,-0.456711510012556,-0.365725732462417,-0.25857737351793963,0.04397427900206726,0.3365808446721501,0.4721771053266392,0.6938939158045165,0.738370977566935,0.7761621501865362,0.8095266333365995,0.8131311567669993,0.8247279223183529,0.5820156549366627,0.7946728589542896,-0.37520443366048856,0.7589575200072631,0.8186385497444777,0.8221103329563422,0.815711235692951,0.8168733381884183,0.8191657602094263,0.8167387206871849,0.811611716826926,0.8106381135411328,0.8158311762279893,0.8227253288496665,0.8276902702230386,0.8329157776456192,0.8327838922061338
0,0,0.09293541042201474,-0.3983260395581359,-0.48308325683256687,-0.5238712373593978,-0.6009452540340289,-0.6344880298296323,-0.6801155047084332,-0.7287428771604587,-0.7824908969567081,-0.8297181159631242,-0.8879060642056767,-0.9215250960327668,-0.9192178460319672,-0.8930944078972441,-0.8860048549675232,-0.7563562694384514,-0.7233518074408887,-0.681453240746979,-0.49700377538496404,-0.3385324790682873,-0.24959072885045944,-0.14366515286736584,0.06926243309466493,0.26198728192545795,0.3159441248600593,0.692460789398556,0.784967747088159,0.8096417644530572,0.7941196352686508,0.786873606920863,0.739017631446404,0.5941310363413767,0.7588689552615331,0.8179428368588652,0.8192536255313203,0.8184512816855503,0.8225113004077415,0.8210248559446764,0.8210678817533273,0.8187537197143556,0.8169033245750891,0.8119768341563836,0.8068396361396352,0.8073418127063196,0.8140014700982835,0.8057167127288898,0.8018900009372613,0.7961607586493585
-0.514615826875878,-0.5690314142950859,-0.6181173521868755,-0.6787362940059022,-0.7168434768654982,-0.7488658516457278,-0.7962023412676761,-0.8253844993440809,-0.8475760032272959,-0.891158825424168,-0.8937540991630303,-0.869614703619822,-0.8922458569132673,-0.8754958353402705,-0.8138324541886366,-0.76639329597779,-0.7162743022188836,-0.5912373558519215,-0.5214690798638253,-0.4287506192707647,-0.26504278628497785,-0.2137802698793279,-0.14164746687491536,-0.07292987370803644,0.15091214312997522,0.33194185402107407,0.42957160741516415,0.653020013542854,0.713539522983435,0.7995756452109976,0.851585595969783,0.8509041359979573,0.7922932283502813,0.3516504271977901,-0.7356520193918237,0.657626315323296,0.8099301420685886,0.8280677251580358,0.8265841510159804,0.8387459016228337,0.8371176140894302,0.8206615043780222,0.8176244254656191,0.8066261205274818,0.7963530645208994,0.7974668846416575,0.8022796795247129,0.7929799616289488,0.7903071219717474,0.7953309760208804
-0.7117023098565302,-0.7316892632538913,-0.7770453222993173,-0.8077867559940347,-0.8103255924375639,-0.8217060305503212,-0.8595087325447673,-0.8715568738523273,-0.8357474606601423,-0.8394897168115373,-0.8026294826570359,-0.6962407113752309,-0.6841404377691984,-0.6581985090795165,-0.5670804347640696,-0.5419116853775942,-0.5423807354476269,-0.4642182243092638,-0.3757438896326416,-0.3071682595799804,-0.18444432895851423,-0.1886558633615356,-0.13424029594587203,-0.04527649656365907,0.1875794405168577,0.32733054464182243,0.4386719346460955,0.6083960291852335,0.6123586257918285,0.68079861966004,0.7585896357928077,0.7770120589855266,0.8011916778042051,0.8412313187728311,0.8035114208523607,0.6817935224487195,0.13619350982106312,0.09464683685185897,0.621931694506954,0.8476471559849758,0.8473496374701434,0.8393900247291226,0.8312861384392436,0.8179207516255966,0.811766470024879,0.808108247608939,0.801807038442469,0.7925070777834371,0.7907520200404384,0.7891246014995293
-0.743424528615405,-0.7296390444493953,-0.6960688957738091,-0.7003276363443769,-0.6200119253745308,-0.6126451113844069,-0.6119319729456909,-0.5494067636892487,-0.4431035122196883,-0.3670756946028018,-0.3481983306527752,-0.28578919488208654,-0.2952650959202221,-0.27793498114650855,-0.2919552651490619,-0.31841913462197535,-0.3701792314623268,-0.418862668205317,-0.4183497402904043,-0.4280901789110382,-0.40291086267055665,-0.3687248350401191,-0.3091586712536308,-0.21605772740287268,-0.0062515239376269485,0.10801341078412509,0.19110107966115142,0.3099841724181948,0.37249184314905903,0.43893505273161715,0.5696338535636094,0.6084315408417945,0.6524077933050472,0.7580206030578629,0.8040794824401095,0.8442603248598636,0.8700431838571492,0.8682799279668265,0.7367396763903413,0.7408169346898255,0.1620187013739633,0.5631703821697015,0.6515713220762066,0.787169587453505,0.805371396096594,0.8232860332619708,0.8177614588900505,0.8175571028749012,0.8154961668680469,0.8114078777372346
-0.5623414955814285,-0.4726616062459016,-0.43758793001510926,-0.4066696340492541,-0.28232923054629677,-0.237352077492172,-0.2053042441736685,-0.09359098155890513,0.06693342677440194,0.23099016425062652,0.27225209930318645,0,0,0,0,0,0,0,0,0,-0.7365900934289769,-0.6525529046246625,-0.5802803899476164,-0.48855469674243485,-0.3793240251136132,-0.23225017424620875,-0.10917926429857203,0.07017185215899387,0.1394244436774691,0.20892060611324656,0.3883451359263536,0.45614915282644103,0.5344800716483186,0.7481989056500642,0.7790744472546312,0.8189184599170883,0.847920644156476,0.8422045993814596,0.8163879938790864,0.8180959358538099,0.8107944037706223,0.7897303416268932,0.76707399433641,0.7778729515937414,0.8029292250535998,0.8186199185042019,0.034719422634322136,-0.03425663985125792,0.70289292113846,0.823304613963642
-0.27034479295040914,-0.15524943353607723,-0.06631961458403086,0.0009292539555844222,0.22007049057613828,0.282635847869703,0.41803524176599766,0,0,0,0,0,0,0,0,0,0,0,0,-1.0145972715653975,-0.7924353596609314,-0.7182158586354181,-0.6265293826247444,-0.5700162222614058,-0.350410613241222,-0.29805649321823996,-0.24108632348459336,-0.04498225772163817,0.02367824716323376,0.09920260611754576,0.22988778966073317,0.2868653911067395,0.3936545230975106,0.628020741769459,0.7162006936164327,0.7647845183990675,0.8287569352735855,0.6282359989184195,0.4614227626125718,0.4139655000031681,0.5565326086666211,0.1342241958535012,-0.2828864946859166,-0.47854773273441975,-0.3484460120884009,0.001453248278722731,0.18036670865771023,0.8174035872527519,0.8233553244877158,0.8363119448497647
0.1989487984572506,0.41235948186646443,0.47689793412613724,0.47708173961740713,0,0,0,0,0,0,0,0,0,0,0,0,0,-0.8450517752842026,-0.8411097689475121,-0.870745988655066,-0.7082875747280565,-0.6412429864729676,-0.5651847691262208,-0.487620329776475,-0.3749867155376095,-0.30462359816759904,-0.22965636917586643,-0.10667155450287193,-0.03606283528684346,0.001039208858826102,0.1314336609317646,0.28188549415860414,0.4017216702189313,0.6257099399842125,0.7223136897079327,0.8146854242308725,0.680875690904837,-0.40225689305797124,0.10739376172335709,0.7961406484394402,0.8067666266865852,0.8074325513210351,0.7420208016227396,0.6504592534889925,0.6716765412438641,0.691421149001919,-0.3767365816953743,-0.7247517117591252,0.7731853597321136,-0.8894238521410504
0.5476711086175265,0.63430114506958,0,0,0,0,0,0,0,0,0,0,0,0,0,0,-0.9243749865698057,-0.7604638483223765,-0.6672098806357271,-0.6401804162853117,-0.5100387805602877,-0.4513954144609971,-0.39488852637454536,-0.3004219530225664,-0.19570746279487033,-0.13363491392110405,-0.08593928742783656,-0.01395300044111529,0.022622126578203425,0.07607529314514948,0.2659882599207954,0.32220712461621864,0.3919373727206811,0.5837450500001862,0.6525588210298858,0.7399767996509357,0.9736353715823475,0.9866767838719224,0.9498993864266821,0.8037831200628714,0.30966087835720685,-0.0504168225810756,-0.19201468720224527,0.3044210279995601,-0.5619389251315718,0.5923955267699855,0.8911892678912556,0.9184079804785675,0.9447269715053225,0.9437761537629491
0.41678199329171506,0.20106544150575806,0,0,0,0,0,0,0,0,0,0,0,0,-0.7619505929850692,-0.7267567513404457,-0.746425154411007,-0.573832188668911,-0.5138605277911714,-0.4489992814267963,-0.30971708373544077,-0.2378766625674148,-0.18773369573293516,-0.13030679799613631,-0.06520546050920391,-0.029505291548416232,-0.019931437952200724,0.0731713788935869,0.10994295910536768,0.14257893314750678,0.28029834731375275,0.36247175855151603,0.43319368829976845,0.5823226831247741,0.6974915945165314,0.7363607621351603,0.8264638543771942,0.8576268583393382,0.8776889202317268,0.9131053326399753,0.9177636742120696,0.926116451575796,0.9248575035100682,0.9351925558199484,0.9209426617616199,0.920096622087766,0.9318430115831697,0.921662856668714,0.9080431086874146,0.9281228717943374
0.5186135006029691,0.5264167805710616,0.394260337998489,-0.1423075370685746,0.11013242341560531,0,0,0,0,0,0.16070132318604338,-0.716837025260288,-0.7948305421317243,-0.7473870866471317,-0.6289029235929965,-0.5588691633127358,-0.4947638742197421,-0.32834402081569675,-0.30189042195783355,-0.2477469351966706,-0.1682933732883378,-0.12718245220590804,-0.0725017549171604,-0.02957099182157367,0.06968294672012403,0.11271915425895321,0.14144149056110417,0.22776773153912813,0.31799638179173056,0.37078032498531555,0.4144259893030742,0.4753122305546147,0.5266440022770873,0.6416394650714968,0.6455578243233783,0.6545862754972622,0.695696650118947,0.7611174243907664,0.7630841001934592,0.849909774923151,0.8823740509821378,0.8837834810857174,0.8931930180915233,0.9061483698170774,0.9092486544944343,0.9041013390434018,0.9046869767052049,0.9062802635017424,0.9107414214091722,0.893411662634716
0.4965193630667025,0.35023037308465077,0.25577274095387253,-0.5410081194833525,0.34493527831492005,0.3342999223806077,0.2724947970481231,0.08777280059965956,0,-0.74779681898902,-0.7033913845597216,-0.5476804548167845,-0.5019523652210114,-0.42561955382410527,-0.2754962631951264,-0.19548213176305582,-0.13058293793865222,0.010197905917375448,0.06731201850193419,0.09234255188517347,0.14573504984265886,0.1820222331138653,0.20869281075791565,0.255803030287332,0.34069730572457535,0.3525584661592989,0.36619099616135187,0.37425337169203526,0.36089529788805874,0.39235888377624706,0.4741887193415422,0.5311674435632664,0.5686612347037957,0.6093161529995841,0.6317924674740792,0.674352203894032,0.7475748311877173,0.783548235163368,0.819046891551858,0.8842013085593716,0.8842824947147112,0.9017962037986985,0.9226898600020613,0.9344781155463695,0.9300273208822349,0.9346845735747764,0.9691180264579431,0.9430098626649954,0.9075076652283954,0.9030422220225537
-0.19739348755423258,-0.3664361925780105,-0.42541236401639815,-0.5025579457540055,-0.47801911546249537,-0.4848842137796942,-0.44337075656894726,-0.41845293772063186,-0.24597372459572306,-0.21841523526961173,-0.18725981952715864,-0.05336899652542897,-0.04192865542906313,-0.02260829746347742,0.043795806056433864,0.10739614191380335,0.1400148725060189,0.22994429580398967,0.2550040290394915,0.2966868466721508,0.3538076615815682,0.40648126302692705,0.4217155016625089,0.447721141724581,0.4765303880385477,0.5065025766817538,0.5212902461294803,0.583416645692562,0.5761583934855476,0.5892998576941461,0.6161251061307182,0.628476936613893,0.6578534973560138,0.7082804463801121,0.715536477382074,0.7103613136962744,0.7814305453400012,0.8048723875951259,0.8368607882693438,0.8802947038865846,0.8931258298331883,0.8952659920894467,0.8840125581773404,0.8820266658801207,0.8744193015049149,0.8638320340552156,0.8970812181768572,0.9076431170728286,0.9221606741400319,0.9403362432363702
-0.2508033860281127,-0.28036810144802865,-0.2232753071135221,-0.14911181968313847,-0.19855300739116855,-0.16620487267831652,-0.14548687397488136,-0.14393804639461236,-0.006141392861146714,0.009355276058660284,0.04228883434950765,0.10814336382046189,0.13073883714430592,0.1638251583441573,0.2720099962796279,0.2823344440935809,0.2913558385577232,0.32772395821217165,0.3653243153685673,0.41143898714964333,0.4608300661573386,0.5142476393514179,0.553400097767473,0.5616937710731205,0.617616940065027,0.6249687494606448,0.6383044288534988,0.6919077656780477,0.6942204126040085,0.7092675694130749,0.7453486385060479,0.7248357778254119,0.7190887143478046,0.7251053323884967,0.7414013735596907,0.7564314213798766,0.784882125520936,0.7964271885665118,0.7921542027287755,0.8385436826010042,0.8552105034510314,0.8522478168180375,0.8588630678621934,0.8677910658989831,0.8682377030267916,0.8673904527884353,0.8964695010297006,0.9054643660363509,0.9178513332724157,0.9673277336731713
-0.10842087242520451,-0.07549763589898495,-0.05474457182963701,-0.04191408135071213,0.024883966383380515,0.03505307581938945,0.04883766529077511,0.06968308536234787,0.09982419044672737,0.15115387165739147,0.16934331443086126,0.18329535932234003,0.19094169657854657,0.23464194809165656,0.2824158079776024,0.30283918168240415,0.34216748007642955,0.37605733873418346,0.40049101087399835,0.43461538526736715,0.46771964272863065,0.5020587349956895,0.5647139815769054,0.5768267499578079,0.6360941334106849,0.6507996147843047,0.6778938047795875,0.7245291498067652,0.7266256199388076,0.7327213923355737,0.7689406237153926,0.8369531067215886,0.8658832902140317,0.8216782625209519,0.8335730738548446,0.8660550358585482,0.8849375589737563,0.8706822642683102,0.8552944129610751,0.8332093564556005,0.8195126612834709,0.8362913988236712,0.842052173202076,0.8370187991417942,0.8509906436148675,0.8581112923923186,0.8795318408288226,0.8711582622849551,0.8785369100271101,0.9533325645101982
-0.14566063558268427,-0.08556628431598047,-0.06278764221164747,-0.042019755975192495,0.004132688279773331,0.03193909445087178,0.04430106565489365,0.06699194661068092,0.1139191942258944,0.11812933312195167,0.144921290501097,0.19260742065090422,0.20114864139140934,0.22496176200904555,0.2575635161679331,0.279877828114948,0.3090270316358795,0.3452652171820757,0.3699899117694554,0.40612868522737033,0.4553080867392229,0.4717202571660786,0.5115827430390134,0.5235538203755762,0.5563390213507757,0.5657930128629963,0.5929664821121278,0.6845551483387269,0.7033947146779959,0.7166638649402757,0.7463688271388639,0.7686464968006167,0.7840552523750735,0.8146432990942608,0.8459160773603416,0.8603943458875992,0.8622041056843358,0.8794011193057679,0.9209337263280961,0.9382205989183273,0.9062165660094427,0.8737484756789518,0.8615536995163441,0.8577325887277524,0.8624205405721447,0.883579001494809,0.9194784000260126,0.9094474061221245,0.908732099575515,0.8941128333367566
-0.16382292925551356,-0.1407013120378065,-0.122314840535234,-0.10503462607924371,-0.06531452152240036,-0.04129536611763049,-0.03209216562179222,-0.02418557857387949,0.0361914389078771,0.05068287435722308,0.060997727551356316,0.12061264529316058,0.15558030690770047,0.1624925310829929,0.19970520775384915,0.22376589038349207,0.23633294008247863,0.28812228375954024,0.3157937235830244,0.3401654427490649,0.3926088503163045,0.4029199078922616,0.42102978386174816,0.46490881285909275,0.5231593495137692,0.5356345483685703,0.5567636003022942,0.6252202227312905,0.6386055804763563,0.6536315789636774,0.7000568977466679,0.7169817177912903,0.7297809793733646,0.736109291186308,0.7593849657701218,0.7987457151426652,0.8618112509598306,0.8609536054601997,0.8520647797937716,0.8643603982695337,0.870647438770831,0.8814298222815075,0.8893802630785842,0.898965189802277,0.894663480534294,0.9069603993887755,0.9378555184327114,0.9505408754406894,0.9507010601511662,0.970747918837526
