jsons/1312509600.json
{"header": {"parameterUnit": "m", "parameterNumber": 3, "dx": 0.1, "dy": 0.5, "parameterNumberName": "Northward wave", "la1": 40.97354507446295, "la2": 16.46031188964855, "parameterCategory": 2, "lo2": 133.9931640625001, "nx": 191, "ny": 50, "refTime": "2011-08-05 8:00:00", "lo1": 114.97908020019554}, "data":
[rows 0 to 21 of 50, columns 50 to 99 of 191]
0,0,0,0,0,0,0,0,0,0,0,0,0,0,0,0,0,0,0,0,0,0,0,0,0,0,0,0,0,0,0,0,0,0,0,0,0,0,0,0,0,0,0,0,0,0,0,0,0,0
0,0,0,0,0,0,0,-0.0014182826214813326,-0.0006332577938505841,-0.00018934138148923358,0.00011521338515803285,0.0005775784629431535,0.000595228012396531,0.0006683423573645559,0.0006563644099802301,0.0006274592735012019,0.0005015638129404942,0.0004897177053053199,0.00044274862260352806,0.00032442377126169053,0.0002609006603771834,0.00025343434096529693,0.00019679074615886933,0,0,0,0,0,0,0,0,0,0,0,0,0,0,0,0,0,0,0,0,0,0,0,0,0,0,0
-0.02180398227400264,-0.017670606155776772,-0.014885733750429923,-0.010198769989285652,-0.00831829433027174,-0.006540997430824512,-0.004053088036231179,-0.003567167268155743,-0.0019372961794955903,-0.0009797449093694453,-0.00027069707929079195,0.0004180904208343911,0.0005951131895172611,0.0006115002175168177,0.0006632269187014905,0.0006038490518837742,0.000581706487627647,0.0005408581073763071,0.0004907214272925885,0,0,0,0,0,0,0,0,0,0,0,0,0,0,0,0,0,0,0,0,0,0,0,0,0,0,0,0,0,0,0
-0.040127145270396576,-0.03797183203825049,-0.03599271985927087,-0.03091226460945141,-0.026133674992793267,-0.02394736551554076,-0.01605075891590809,-0.012249007772821601,-0.009279331128975462,-0.00532804075753815,-0.0023068715016680364,0.0010845269106926224,0.0007415103032345829,0.0006856657205155604,0.0004283965456004919,0.00035729576004936734,0.0002631535471791769,0,0,0,0,0,0,0,0,1.3021032752395594e+38,-0.05049676090668254,-0.04649067074915447,-0.044455413520673975,-0.041933419067173974,-0.038685173239744915,-0.03477536609563227,-0.033245209796361336,-0.02971126663133607,-0.026950784586082632,-0.026138712971153267,-0.022740398049490577,-0.02164417622626034,-0.018316910095443412,-0.013898573093733282,-0.010134504669170926,-0.008403702504286592,-0.005660807925546681,-0.0005338518691396404,0.002511910409128779,0.004908861180510789,0.010102730317194091,0.010770230812120671,0.011439133544871569,0.0119229483346794
-0.04626289679786867,-0.046683105085513106,-0.04835313124425503,-0.05198987383049208,-0.05075757081354346,-0.05168159142864408,-0.051975942468814616,-0.052224420303941275,-0.04908291929162112,-0.031176771931578594,-0.0256511089766826,0.0034034023571443916,0.004076293115639212,0.00703706335424845,0.006512812214329891,0.018500679474751074,0.007730661876354002,-0.0391853246040928,-0.05705925327337432,0.034195457223789215,-0.07565844569106983,-0.07496399162479314,-0.07508094658530053,-0.07381108450503548,-0.06900595966912951,-0.06701176080836406,-0.06465381356640951,-0.060340727606477323,-0.0571474005177642,-0.05596821289294593,-0.05278547588681354,-0.051180850546649614,-0.047487846365477,-0.04408543481248572,-0.04158228882532502,-0.03890713463091595,-0.03419364554089692,-0.031706642139141324,-0.029153273090005923,-0.02478289508921733,-0.02179625840701414,-0.019393100079052424,-0.014864362045535652,-0.010133700423920165,-0.00495883813812407,-0.00303303785959779,0.0060776520644990105,0.008372381509713967,0.009664278705150124,0.013247162921082937
-0.04666034762229963,-0.047548126371886885,-0.04870315116044214,-0.05087031415913904,-0.051890004389823816,-0.05340233805699297,-0.05636166202740173,-0.05826395354168018,-0.058267328697666834,-0.06241728618752276,-0.06499099411681374,-0.06530782769490322,-0.06917440007070756,-0.07053893662657287,-0.06795156669890061,-0.07064050530203855,-0.0738986664810096,-0.07365606061636715,-0.07170945345918632,-0.08112193435001222,-0.07898201201815026,-0.0811385938163752,-0.08431504757761345,-0.08367588727417634,-0.08168914324637541,-0.0793556399361303,-0.07724475449318982,-0.07226523264547029,-0.06900487471003645,-0.06773445435892864,-0.06285349661750256,-0.06168561591556245,-0.059373527541215804,-0.05687315975894522,-0.05459962279052826,-0.05115011598538217,-0.04492418370133835,-0.04156431984648347,-0.03923827312749763,-0.033681435002610505,-0.03108528335692386,-0.0283164229852446,-0.02582074236027375,-0.022088809524789435,-0.01791014899560355,-0.013654565878998791,0.0007500493992265111,0.006478652274845394,0.00910379208092971,0.01504489846257444
-0.021068460651025696,-0.02313750479479346,-0.024705418850488225,-0.02659627674971805,-0.027918477900847456,-0.027047511383417273,-0.027853009169833364,-0.02736955690871804,-0.03106248729651482,-0.034488067439663025,-0.03866257179949553,-0.043099826326406084,-0.05106703827006187,-0.05273367947475161,-0.057276249363432806,-0.06278717355007599,-0.0688184787541004,-0.0698566818870648,-0.07235368533067685,-0.08389330825864476,-0.07789129747223779,-0.08259414912012171,-0.09208477633288865,-0.09169859213009296,-0.08511014160620885,-0.09064902627200061,-0.08899442760899491,-0.08484620787811514,-0.0815403809860062,-0.08105107616386042,-0.07782955151777121,-0.07686729905836864,-0.0749382754091349,-0.07188225099096014,-0.07027066896539114,-0.06859075270533416,-0.06364014577450333,-0.061008697189616067,-0.055789659805420715,-0.04951176853136417,-0.04736983688355465,-0.043112762461951455,-0.040697769905615876,-0.035324181623296556,-0.031311606084815286,-0.02864518369374282,-0.023485635353583324,-0.018388977423461447,-0.014489560632770173,-0.007835525191476603
-0.0005696606837631404,1.8220648349123687e+38,0,0,0,0,0,0,0,0,0,0,0,0,0,0,-0.013814088133802792,-0.009847691867241673,-0.008578683902334667,2.4138604701536074e+38,0,0,0,-0.031861224158048755,-0.0681738463552465,-0.09654323525315664,-0.09993564514905084,-0.09169391935794115,-0.08924829023243769,-0.08635695443746756,-0.08609555274372802,-0.08570847307244345,-0.0847903091250512,-0.0822681466106674,-0.07993307965158995,-0.07920238693358098,-0.07636313561419712,-0.07478448975527553,-0.07301101794084451,-0.06875390567993574,-0.06673839143299475,-0.06512824702734449,-0.06421596098780269,-0.05485419403955878,-0.052738685559391395,-0.04915141003833919,-0.043382068366415484,-0.038549650229924036,-0.034961897883066466,-0.028219110883179334
0,0,0,0,0,0,0,0,0,0,0,0,0,0,0,0,0,0,0,0,0,1.813054835198737e+38,1.8188958819787484e+38,0,0,0,-0.11347770832512549,-0.11492491385257955,-0.11480249041394652,-0.11440168724601987,-0.11155565586638742,-0.10891711657258497,-0.10697904064068492,-0.10368155690476517,-0.10270957962120948,-0.09987823777298777,-0.09688812251278267,-0.09703476483591185,-0.09624875874951448,-0.0946865244067388,-0.09162310699740842,-0.09016832600934299,-0.08744019002161772,-0.08560309456599445,-0.08379821149636311,-0.08325225757453444,-0.08105393228799461,-0.07742332614466653,-0.07571629071104724,-0.07393144117225336
0,0,0,0,0,0,0,0,0.05001627871788129,-0.1418400833090958,-0.144277729177167,-0.14513826789661005,-0.1532620553940774,-0.1503170887497379,-0.1522986594249563,-0.1499148996730974,-0.14642705883446183,-0.1437145553685134,-0.14183253624797199,-0.13590740375406743,-0.13590816313226536,-0.13300321477328672,-0.13070913788970176,-0.13048713104825277,-0.13100540639281724,-0.1303411393964329,-0.12978352567910295,-0.13190379082045262,-0.13277935649307515,-0.13296360886130568,-0.1335736448423824,-0.13329111771168944,-0.1332770910799381,-0.13084242864528128,-0.1293204765041495,-0.12901724550179366,-0.12927772908209745,-0.12909902399693726,-0.12805659497389052,-0.12668731501161393,-0.12613678592107772,-0.12507068049907433,-0.12065788240741258,-0.12388514736724535,-0.12231725945944844,-0.12023303783340905,-0.12141091220834642,-0.12489650534685896,-0.1272279648931347,-0.13148811525312062
0,0,-0.1565836451401074,-0.1674348937517487,-0.1673799010181763,-0.17077887630660835,-0.17863477720386667,-0.1808083997916586,-0.17867261867521858,-0.18003073273195297,-0.1794300774548704,-0.17896494936335808,-0.17941509959537427,-0.17974295484489877,-0.1798189294066794,-0.1793264792246474,-0.17743434741365433,-0.17272381251185073,-0.17177006108329673,-0.164100286161629,-0.16196838170586864,-0.16012325692950588,-0.1573693763634356,-0.15720613548964402,-0.15884006788079807,-0.15825262848210492,-0.15978099934690732,-0.16647203865464977,-0.16934894200032644,-0.17166945852304516,-0.1733313439987632,-0.17374045208329386,-0.17492737451418952,-0.17590034699931542,-0.17754374893172262,-0.1781836619291836,-0.17890029120794407,-0.17857175710948553,-0.17677006303145137,-0.17881040408259205,-0.17943854195326617,-0.17796464607673002,-0.1755819060208122,-0.17647783143506574,-0.1749286432751389,-0.17513519195788427,-0.17027618467226674,-0.1682263970515411,-0.16507759034471736,-0.16930277516438122
-0.17504831599529436,-0.17778516000532052,-0.1805578209721658,-0.19405220668379655,-0.19445395132645166,-0.19732493256200703,-0.20360948927330363,-0.20500837926945026,-0.20464118902446676,-0.20896449824861632,-0.2152625351144311,-0.21648380962881766,-0.22262306675086427,-0.22283691036396244,-0.22343628253636588,-0.22250162230900422,-0.22134391594685363,-0.216943363026287,-0.21478962617621833,-0.20684204210500381,-0.2050092862098962,-0.2023439245302384,-0.19606864891888937,-0.1936184052887227,-0.18701826827433993,-0.17875301920622064,-0.17903773179808688,-0.17998912201305373,-0.17976879452091785,-0.18665469317964276,-0.18770887987161186,-0.18950298570638027,-0.19019030696832218,-0.1917494139427859,-0.1917736808099193,-0.19391523120237664,-0.18918146570394756,-0.18534855246935972,-0.18467556327391985,-0.1854956814336361,-0.18482830129112662,-0.185100358387264,-0.18351584445038469,-0.1806577141221576,-0.18429625154195486,-0.18448474304823426,-0.18104370353833885,-0.17758378721983767,-0.18035572417925078,-0.17806799851924915
-0.18264571169172938,-0.18124673524984658,-0.183163474401645,-0.19680406131850692,-0.19781154739100235,-0.20070581607481186,-0.21430402608043297,-0.2195043060216265,-0.22066821474669196,-0.2307955306276449,-0.23410235964010304,-0.23458871132145162,-0.24482476223231595,-0.2478820062906067,-0.2414499493130038,-0.24417594333679235,-0.24761757765732903,-0.24577541589515178,-0.24144885148450915,-0.2402301880599654,-0.23781407469519078,-0.23590551421935574,-0.23063835910471364,-0.2207788906515723,-0.22310866714656336,-0.21427870490415818,-0.2111605144429069,-0.20709836057137926,-0.2006284647474087,-0.20113328579306913,-0.20486276037249976,-0.202750205923777,-0.20213724453025297,-0.20138593473733418,-0.20528870921728803,-0.2078881240896411,-0.20677231112657127,-0.20304253304969172,-0.210025917679231,-0.20925710925695046,-0.21351426741241614,-0.21500738334199568,-0.21594723011463593,-0.21874303100790962,-0.21760766596458858,-0.2204132265218725,-0.2256807254757132,-0.22454655111278896,-0.22523191675861626,-0.22620646756027984
-0.12177577468248063,-0.145345927843067,-0.1595127509380004,-0.18315407832748468,-0.1883844382334654,-0.19359075015489208,-0.19961485292195336,-0.20189180169756027,-0.20300113242425044,-0.2156787690277762,-0.21941291578108485,-0.21901354596257724,-0.23170285012442876,-0.2328806583063812,-0.2340839184319577,-0.23990086982382358,-0.26264752129235286,-0.26457281188253956,-0.26665581234232116,-0.2753043165518401,-0.2700722368469491,-0.2653615537394313,-0.26096232841949196,-0.2559540821734534,-0.2563916669641762,-0.26171376568162746,-0.25337029366584507,-0.24635182431800506,-0.25931373142262826,-0.2637915415251582,-0.2668741405271107,-0.2681289116796207,-0.2657043195030359,-0.2691060577355731,-0.2682982900566198,-0.26914412988594627,-0.2735983530937929,-0.2757862041420413,-0.2751957783262715,-0.2766541902069251,-0.2765674504210262,-0.2747894288877981,-0.27425269661107576,-0.2762092776516426,-0.27504909158161,-0.27583636015543206,-0.2777355019156601,-0.2763190244409722,-0.2773660955387465,-0.28120322101366424
0,0,0,0,0,-0.1489807223077971,-0.17441524390554003,-0.18357883056672925,-0.1883567548034112,-0.20343516946445228,-0.21169128357884984,-0.2144938492984086,-0.2311340330035278,-0.2393240285486488,-0.2449159451291348,-0.2536179686992582,-0.2791321594472134,-0.28512026205767643,-0.29280128995346666,-0.31005327859287857,-0.31934494688911225,-0.3241561397050318,-0.3265411184834566,-0.32604277611339694,-0.32059032263909365,-0.32068581487404874,-0.31886886877918835,-0.31895349648644217,-0.3176306438196077,-0.3159488732200359,-0.31172268582088936,-0.3099158489707227,-0.3067575123304189,-0.31298487140243164,-0.3161784526521165,-0.31854657389258684,-0.3245532095749893,-0.32413064591326624,-0.32523133028059376,-0.32946065319796125,-0.33120418575004346,-0.3273766965314202,-0.32685129160084514,-0.3276482334324718,-0.3264593357732421,-0.3287868742783052,-0.33334051781413704,-0.33305682932173136,-0.3354321365418296,-0.3401609874301167
0,0,0,0,0,0,0,-0.12378345782356351,-0.14672212766565898,-0.17949142021914063,-0.2028190130631386,-0.23048237488926107,-0.2849449647852585,-0.2979968612315522,-0.30200182725598396,-0.31211543141901554,-0.32653531568230815,-0.32932118615779393,-0.3354187322206307,-0.34439044477581215,-0.34750036105225696,-0.35111344185373156,-0.3575646121411231,-0.3598154953909713,-0.35342980839461335,-0.35793667980581867,-0.35973079177950645,-0.36203842000952186,-0.36721095397985676,-0.3691844884484205,-0.37660837106965506,-0.3794611011990869,-0.37986186620046414,-0.3791750567811369,-0.38057355938598897,-0.37973519205833595,-0.388263922378889,-0.38577609971372795,-0.38377999444496447,-0.3837540686566945,-0.38415501150176506,-0.38472145227307936,-0.38419371531636975,-0.38746011865992425,-0.38390257769423203,-0.38562367125370317,-0.3878244452486425,-0.38894236015457373,-0.39098538781930636,-0.38762022400624585
0,0,0,0,0,0,0,0,0,0,0,-0.08942052671729758,-0.13157323175196867,-0.22854385151509754,-0.28051755663216654,-0.30792957735876975,-0.3344214937125897,-0.33942868997512843,-0.34947722646265067,-0.3739807915201925,-0.3813453333206337,-0.3867669400154742,-0.4009476534635017,-0.40788548532982893,-0.4128916568110485,-0.4226967716220442,-0.42573658456038393,-0.4216945040715993,-0.4315099131744004,-0.43569874992275626,-0.44287791773898927,-0.4383687259180871,-0.4402418746579357,-0.4426351304618289,-0.44806423459198913,-0.45441961919829105,-0.4553484764519747,-0.45659847956256433,-0.45568180196860936,-0.45995669474128664,-0.46179919465895725,-0.45877609854864543,-0.4682165156912297,-0.4649277096204042,-0.47141500351268933,-0.47190917043622643,-0.472861900804623,-0.4771115691499138,-0.4796583093687294,-0.48499003191817536
0,0,0,0,0,0,0,0,0,0,0,0,0,-0.08232742721621333,-0.1774182682707049,-0.24538671175045132,-0.3419308761779914,-0.3680812694181129,-0.38895148024100135,-0.41794875312322194,-0.42197035491343127,-0.427047622541207,-0.4394014025716929,-0.44605898296278673,-0.4566660559046135,-0.46848403099833363,-0.47483901805211887,-0.4794012171159233,-0.48853586298141777,-0.4956719461571541,-0.4932585976746973,-0.49253715561432254,-0.497132111626279,-0.5018887396042001,-0.5062062853339454,-0.5085001342444557,-0.5084075652310025,-0.5140694436559065,-0.5252594189928053,-0.5312574049258572,-0.5344031003814299,-0.5393370184103861,-0.5443538739366287,-0.5457455845615843,-0.5408706574895269,-0.5394589819274839,-0.5454037495673113,-0.5431197873645868,-0.541867791687532,-0.5389823973666905
0,0,0,0,0.025065046543390784,0,0,0,-0.035826722274777144,0,0,0,0,0,0,0,0,0,0,-0.3167529086980949,-0.38564153302425136,-0.42118243927173665,-0.47084326249148367,-0.493280464193124,-0.51036552614941,-0.5431918640561333,-0.5528205853714988,-0.5599231702002367,-0.5721549035233758,-0.5706194250589823,-0.5695743994056046,-0.5584376874323094,-0.5533624127132407,-0.548321807462929,-0.5501638512093991,-0.5506116206256484,-0.5520470894755052,-0.5587345225808017,-0.5709098086264142,-0.5851549898084444,-0.5883423351625249,-0.6069563551340225,-0.621315890235788,-0.6317547834911017,-0.6563784453312398,-0.669244906963974,-0.6759076045613389,-0.7152410642081973,-0.7190835715969361,-0.7056446410905739
0,0,0,0,0,0,0,0,0,0,0,0,0,0,0,1.8420957460731605e+38,-0.05103414298505647,-0.1438173884239839,-0.1384327019703168,-0.1410872972382663,-0.15172269540181788,-0.2147261133813141,-0.3716434932499059,-0.4713736926861692,-0.5370761298869308,-0.5819910811993356,-0.5935610380035329,-0.6029565358117066,-0.6058053989260455,-0.6099262808674419,-0.6313050759362158,-0.649789875821669,-0.6546392723402046,-0.6603348071834807,-0.663162041358281,-0.6718988629054949,-0.6821634744472326,-0.688033946360646,-0.6957218289482022,-0.7043834175957704,-0.7228362681123399,-0.7616264536625992,-0.7724149578599969,-0.7823205171737752,-0.7973262156938639,-0.8038613738089819,-0.8102403945804596,-0.8334060417275276,-0.8451153389208729,-0.8532081355526555
0,0,0,0,0,0,0,0,0,0,0,0,0,0,0,0,0,0,0,0,-0.21932755273384177,-0.2968179430059228,-0.41922851201337596,-0.48215785392709354,-0.5050878953131583,-0.5767346109506795,-0.6095014921057772,-0.6335967976587515,-0.668582584598072,-0.7064854946680753,-0.7362602010694632,-0.7581664250672707,-0.7749131144846652,-0.7991223663167635,-0.8133202625714042,-0.8342224539558574,-0.8324971208371944,-0.8317470790554875,-0.8249660786709715,-0.8165595927159904,-0.8170790273219817,-0.8222211038309931,-0.8293770276066573,-0.8358904775955122,-0.853981064466851,-0.8648054008254349,-0.8934371541087986,-0.9345885634201575,-0.953278463444224,-0.965699412352446
0,0,0,0,0,0,0,0,0,0,-0.1535564739631815,-0.15031806993049382,-0.14760793446194634,-0.14844715196670452,-0.15503460738757818,-0.15876868347718373,-0.1679685423269918,-0.22102486004755437,-0.2610280747089007,-0.3280631972278696,-0.3942347873277441,-0.41067389041712316,-0.4222295446206176,0.07385968370293494,-0.39671958170973326,-0.694359002880306,-0.6854589302067432,-0.6960839329356397,-0.7581226722166278,-0.7702695391336328,-0.7833666302053347,-0.860512904907872,-0.8954566478460465,-0.9176387534161374,-0.9470202194370938,-0.9893202970421595,-1.0112259563655546,-1.0334572924989147,-1.0590494507913812,-1.0646524350683215,-1.0702632899801892,-1.0657713795430974,-1.0785912137279243,-1.0799153652202291,-1.0711767862319246,-1.0496027972769204,-1.055122084607932,-1.0757113088005457,-1.0725088776161449,-1.0731968103396246
