jsons/1312848000.json
{"header": {"parameterUnit": "m", "parameterNumber": 2, "dx": 0.1, "dy": 0.5, "parameterNumberName": "Eastward wave", "la1": 40.97354507446295, "la2": 16.46031188964855, "parameterCategory": 2, "lo2": 133.9931640625001, "nx": 191, "ny": 50, "refTime": "2011-08-05 8:00:00", "lo1": 114.97908020019554}, "data":
[rows 22 to 43 of 50, columns 98 to 146 of 191]
0.379947222248825,0.5276160440277115,0.5792639849806693,0.6177658164503451,0.60168434360536,0.6066424365664174,0.6800958217228439,0.6989804369531502,0.7127189520729977,0.7388942027063312,0.7374024370469772,0.724420251626195,0.7254525631476919,0.7189206366371927,0.7438611123393657,0.7638656767136569,0.7728710539764386,0.7875628478688346,0.7900903465071532,0.7902294460745328,0.7863615367992066,0.7845045837333134,0.7889576594400346,0.8019632867467034,0.7981548032899267,0.8028106248852388,0.7998836039977881,0.7927013067142147,0.7976804339311869,0.8068250649608051,0.8102877359623416,0.809732116701013,0.8076932647248696,0.8008686080225248,0.8068830916656866,0.8035774285390156,0.7886998228126794,0.7965484977834347,0.7721958969193855,0.7795489408461291,0.7729242942222058,0.7716756403282156,0.7547215374663016,0.7613164746574719,0.7562554799944666,0.7394831892306486,0.7380332624201811,0.7473287517790437,0.7578021844695405
0.2576828087032215,0.4318777362819924,0.5144728920019231,0.5504755121111521,0.6043679982179365,0.6221154932255034,0.6435788631249919,0.6599876586703276,0.6694192942918911,0.6738830001640562,0.694087016120163,0.7072388083200963,0.7163935684954957,0.7217973218286269,0.7325851836770843,0.7403217714960494,0.740988818362911,0.7464882361065417,0.7451543584260679,0.7437207961621112,0.7473814890096648,0.7510495342343954,0.764341491286421,0.7792355827240949,0.7632205689139708,0.7422030551091311,0.7703435996617706,0.7775691274260368,0.7839241055009463,0.7978346428418939,0.796499776791797,0.7902560110457217,0.790418751325138,0.7881313867696359,0.7925363946427493,0.7892385047375262,0.7553900846131734,0.7376797437841122,0.7374662688542305,0.7300924362645714,0.7290092496710829,0.7248346306962579,0.7082005622399062,0.699074536309256,0.6885998727452687,0.6861397760288834,0.620988751623184,0.5954204169895287,0.581398459249901
0.3251704327042694,0.39174447439238563,0.41687232894015097,0.4403496159197406,0.4559077376365296,0.4960360979800971,0.5674797071614723,0.5816873178077455,0.584500051445467,0.5900562887087161,0.6049539375925089,0.6153112761341722,0.6405372244208981,0.6549601159246866,0.6800464606263897,0.6859325608741174,0.6835523236776494,0.6884609417809712,0.7004869421117654,0.703616436885045,0.701448127207206,0.6847036872675912,0.6785929234035911,0.6903139615266348,0.7011331445326464,0.7037578900665457,0.6997017446515482,0.7071823761695887,0.715454637809155,0.7075321224019226,0.7017492202021595,0.6999548608335064,0.7077712345417242,0.7091961773980978,0.7120225830421241,0.7019802862153237,0.6663622960769815,0.6242807165391319,0.5999096906072713,0.49445560889749374,0.45919977444185456,0.4135334349332595,0.3411036130285241,0.4408762640778541,0.5638051499115133,0.7872458439999485,0.5911918307549607,0.6642702551814667,0.5919522818955012
0.3959377981298062,0.3656312599223473,0.37318563025603824,0.37763871324425946,0.43470128353346627,0.45053329106279644,0.44676471666733353,0.4462764108327364,0.434601157112372,0.4257823657780471,0.43022177197442546,0.4135632083871483,0.4595518489637429,0.5221005193848843,0.5528298288339778,0.5809697713275088,0.5811615750189038,0.5716439079260527,0.5855357978494519,0.5858143347794408,0.6084786013639051,0.6214151871756705,0.6406031289740614,0.6374995188045548,0.6389237775174794,0.644480345119684,0.6223759379122675,0.6133498993006574,0.592275316506559,0.5943171532039475,0.5897082176638893,0.5814558045588661,0.5721932251797313,0.5631010051380716,0.5738043990254291,0.5811791071048644,0.6072164326317254,0.5995773336936736,0.5697317762969617,0.48666945691756924,0.43567853543692836,0.3671655026940287,0.5486182348122973,-0.8636437518172958,-0.5898102388050249,-0.5843974652328838,-0.6509584291182312,-0.6077875393465618,-0.4367990084877155
0.31405695745558576,0.3276697237624129,0.32829324773788005,0.3527924639460998,0.34672455356765547,0.3597422364151246,0.3751003537067106,0.36183311081496883,0.34583655128896573,0.335076285046218,0.3282386461058576,0.3286757275052642,0.32280850489590573,0.33045308727721395,0.41798496492728066,0.43754156045087034,0.4635841110332353,0.48124796154272315,0.48714360535334167,0.4979441189802606,0.5351387509277049,0.5497984703913352,0.5683384195722424,0.5739515399594961,0.5892150986221076,0.5949277066357128,0.5816872799261413,0.5712810183961515,0.5594734452036212,0.5377598142201997,0.5481782928596126,0.49976782912783957,0.4620620720979383,0.4494947629946407,0.47012464546043176,0.45474631102666496,0.39954050918801004,0.3437343860992524,0.2888858016042861,0.3694199448786798,0.6301617270991976,0.6272825055952275,0.8441414856003319,0.6470901462832102,0.642791950463519,0.6763980871080385,0.7179546855787315,0.6895096966769738,0.7456585652578659
0.22254114739408512,0.2320793118845256,0.2348317342941388,0.22096951226503023,0.2498708854144168,0.26375592405283993,0.2679780854949565,0.2671763068651624,0.29076248912635433,0.30690025987924857,0.3233297203608031,0.3205151786149039,0.33202102187468263,0.33687700213783106,0.3470384127437013,0.3542626161276286,0.3692251420585138,0.42171865621401555,0.43637262519087505,0.4662021413518195,0.4484326233748717,0.4263798425490464,0.4250419643629116,0.4244253660780802,0.43366917651695114,0.44652172715423927,0.40811001429640364,0.3715752933457892,0.3541194368457321,0.3784387512068066,0.40178490474992573,0.40301159726091945,0.4011540511509627,0.39573228672586275,0.404360447151097,0.43781876305149225,0.5468161838500003,0.5541590048566839,0.5642477600670718,0.5724232799663302,0.5844318616303598,0.6025245302372807,0.6150044684086077,0.618820544479787,0.6176136682902267,0.6669245569660031,0.6683776493810111,0.6861780779675261,0.683527263321732
0.3130983859843379,0.29306387421806157,0.2938333355151731,0.29930890232080787,0.2982735003710788,0.31966570460605354,0.3362586409584247,0.36907633903143344,0.41456755441211124,0.41276642726308466,0.35493226784049847,0.3821693513441159,0.3949461585388559,0.3714695413827612,0.3866671014126603,0.4002249590332898,0.40536719312265995,0.4138849128354767,0.4104459947240149,0.3952836319045134,0.36304283645583807,0.32859850659663414,0.29903992711803123,0.23799911702607993,0.20131261745572052,0.1797848462882347,0.10792356565226745,0.4679984044693554,0.7589846482926186,-0.703361272704209,-0.09745536682448212,-0.2711520727435936,-0.3359526926664188,-0.3112446462129478,-0.5474990780139696,-0.6687162374243272,0.674353817719328,0.6017034467871264,0.5419760719584842,0.49892346611181637,0.4618538962848734,0.47611195538878465,0.4823309439284289,0.4921542433272774,0.5114233485073283,0.49337007325750953,0.5178884393133072,0.5314225380308105,0.532759322886473
0.311097113264344,0.3035027070100598,0.2820883072730528,0.2779573911908792,0.2870822433159202,0.28854934671127774,0.29446595259805536,0.33379147041764434,0.3603095731111703,0.38394623185306503,0.36179593654469755,0.3823478263748542,0.3988264696320344,0.39277598660013774,0.38847964402484064,0.40819538834841324,0.41085732252101187,0.39800179021975063,0.38107048885425426,0.35142975660116527,0.3469874635039484,0.33877522539525434,0.3265323115299788,0.27758760851523073,0.23135773873528237,0.20353582726410127,0.21359224342043073,0.5912455083674206,-0.1880437742162076,-0.3582475197356916,-0.5432765845181787,0.1137395746375433,0.3516750521807558,0.4795909868074745,0.5290089847830829,0.5497333524471372,0.5782678227811807,0.6130992623305457,0.657708169591405,0.6897091201445626,0.7310860232142836,0.7596437700677162,0.7491636757871922,0.6856942266060975,0.6801669899931145,0.6406473668053031,0.5352812845926377,0.5342587038334199,0.493636022904438
0.29152851223730675,0.23694767985278817,0.24637121653489122,0.2514748748152375,0.2247626763980708,0.23765502946988265,0.2383365428497793,0.2588135288148897,0.29942290213651246,0.35376772414892077,0.36005307068595754,0.37668655535815776,0.4118989485903951,0.4199386673528974,0.4292482972115018,0.42770256780846067,0.4199162367672704,0.4064053582326351,0.40680283534654027,0.3989418034289923,0.38830309331492757,0.3892580872806402,0.40018540605071146,0.36593865517768376,0.3802076244708671,0.3725732574353679,0.3947249966077748,0.4215577199845673,0.4680812759970598,0.4899867426815105,0.6120950940251925,0.6597210531410412,0.6959817789009898,0.7206884282459658,0.7026366482105733,0.7001361691128131,0.7049219791453664,0.7040606644232017,0.7059697531557637,0.7038814591971808,0.7079775021215945,0.7110363922945575,0.7104473502127266,0.7030411949354365,0.711087262189406,0.6648727834768486,0.6581587280457878,0.6540558176320285,0.583725918860411
0.1665924611720924,0.17278869371555008,0.12320400717863945,0.09959706013299278,0.07619447460533493,0.10483941048771322,0.11800657874237955,0.22243436738648562,0.2708232011892975,0.326665888884271,0.384107496400251,0.3810865220904651,0.37374344364340584,0.3731444936548531,0.4141912410263103,0.40041422770350393,0.3956700245374475,0.3805237915635655,0.3957918701529813,0.4218607051881409,0.4238596586304238,0.41282718237479454,0.40770060058977503,0.41524084933478905,0.4075727341961081,0.4196270418171479,0.44762674346569725,0.4538177109071574,0.45937309998862136,0.4667707943184052,0.4530934675122166,0.45492150184468255,0.4629881587946975,0.46850414897290255,0.47746432125808236,0.5148216103799428,0.5146351449874924,0.5216539296863424,0.4985662543282509,0.5076743921259483,0.4997176592075785,0.47237729409820534,0.5240753246428567,0.5187249978229204,0.5250448688564028,0.5299496937076452,0.5144755509278943,0.5313399706812741,0.5245580268712037
0.21272899910892426,0.23671295745145038,0.2572922401680315,0.39249283941952473,-0.657085478826151,-0.7430021197352045,-0.6768232334605979,0.7263823006171813,0.5649438533145292,0.4182644289042679,0.43853534629532603,0.4099356262946346,0.40079180052084074,0.39519977802353967,0.38808473571420393,0.38376969666648875,0.38776166622881986,0.38788696825589447,0.36746678728011156,0.3646928167081995,0.35366180928139407,0.3404004762170037,0.3408202952150293,0.31742682737348465,0.3193479616511804,0.3436050744819826,0.3439025240659449,0.3459858147003204,0.35531677915838744,0.3708810879525508,0.3170762996441516,0.3138952371626016,0.3101393184277732,0.29814463159204946,0.28687210719328704,0.2846200906548516,0.27893466211254747,0.2881155386218369,0.29187632588949913,0.29397251312265255,0.3098364805904298,0.3208210955338868,0.3287499209845112,0.32980735206679296,0.3308259308175465,0.34017990349884236,0.34545267948016817,0.33852068759822074,0.3257676950863806
0.3278911730549255,0.34079256807268204,0.3462744600042086,0.3688667564498844,0.40099040288062243,0.4571046506843281,0.4782630292108539,0.49169071863310143,0.4779377243771277,0.4664881408435351,0.44433689946693533,0.4509335883175248,0.4503376387091667,0.44229643307129235,0.3969510392830778,0.38597149510190437,0.3882034967268329,0.4013453252151998,0.39962915352166956,0.3816052429500897,0.3327468651828003,0.3004131087913789,0.2995705506465717,0.3068189398979229,0.2883213946817818,0.27529238865671646,0.3272055036316318,0.3293968797370337,0.28314309938117266,0.24722111644063216,0.2360700572602018,0.20507173957039387,0.21540814673151631,0.23218391314455963,0.20185115466689532,0.1652991213212198,0.13572007971923689,0.1380446575997244,0.2615514143818002,0.23162981548578818,0.18098691236328318,0.20614901629857002,0.21837427494796374,0.2288088422880406,0.2417487293770343,0.24532071330680585,0.24259494405980023,0.2256337903186925,0.21824273588375023
0.2404461314279845,0.2052859067439538,0.21729513378393067,0.21918136883286085,0.2851674261200335,0.3532205134088793,0.36216098562938887,0.38430999665869797,0.38531037639231924,0.36858069657062725,0.3242533442379819,0.3183427279203505,0.31478615118780295,0.2999428184500827,0.299095025596032,0.29658133982555285,0.29939475789218906,0.28395342725469663,0.286330087399134,0.28747217601988645,0.28839277248224504,0.2897366537421082,0.28021649235474266,0.25929443445293415,0.25588480608481406,0.25106114927119705,0.2582700338986928,0.25043564743813784,0.24445483274704968,0.24677120585248424,0.2139986891847445,0.21406108800108686,0.2165055936213217,0.1905164915461168,0.196692955391175,0.2970736368189259,0.37526244499374517,0.6004488289314603,0.8337543706254097,0.8208093419194307,0.7741233025301274,0.7954734146286905,0.8503007703689276,0.7924610103191801,0.4294224830767333,0.5257862833795504,0.3356925314724086,0.2735135690964452,0.415982866517675
0.37139168414587176,0.8181638248109985,0.5574656564656414,0.5599041711939596,0.7003638952788998,0.5068521584421806,0.28345158331675907,0.2612301517517854,0.27108123987711463,0.27867226035943204,0.2696607345884114,0.26140606471173994,0.23613078379319147,0.21630523297669257,0.22536998986535384,0.20935508647230983,0.20714344571513776,0.20219348178778454,0.19148927113173544,0.18618259801367887,0.18068138892537547,0.18758485767492192,0.18765280013568741,0.20156545256856098,0.21908053381678091,0.20855467308495512,0.20300217928772224,0.20140803575546865,0.19194978924882863,0.18337666282109982,0.18997966229530525,0.1921291685282683,0.19322792018528068,0.19864951815353354,0.1860021291857472,0.16963898202104752,0.1527121830318541,0.12314711874342169,0.10448288039736853,0.23003820651656867,0.21482814502676828,0.38809789836276704,0.2779376071826079,0.15075453800273336,0.8960228559480501,-0.5912988041237265,-0.7842382450086768,-0.9013499795393807,-0.889719971939087
-0.23386413086030428,-0.29959168759069627,-0.3178713230435565,-0.40644506601263153,-0.8952015309110627,-0.6009229744524146,-0.7774580398712496,0.24051007004144276,0.071880924225846,0.8162804994913894,0.37477771303026414,0.4121687014628407,0.29182665856769213,0.22552342744259118,-0.3879731849612303,-0.01635669593886368,-0.17869994064691158,0.4508499194424171,0.3334650891764907,0.2329335721349676,0.2921443506291251,0.2263505805486658,0.21840025506471944,0.7749090760014229,0.8530989373817679,0.5642795430362152,0.38345195043352553,0.2961558204883972,0.25157714916465385,0.19699435097573495,0.18058126579289835,0.18040247049188554,0.18274256243662657,0.1495683464836714,0.10702283250750352,0.09034993212871475,0.10207383701615359,0.09044476843480917,0.06546852709868507,0.16796351960702377,0.3433915839729097,0.4617972256140118,0.8443275615510599,0.7925620371001574,0.16978135984200138,-0.6307315489540426,-0.09351506021772102,-0.3495689088234607,-0.4489228195290539
-0.3178965064342977,-0.37844743051077434,-0.3252154842246688,-0.3078056725269281,-0.4038504504046462,-0.38828697403749557,-0.5491545945029003,-0.2051178820641413,-0.5858491309110732,-0.6592337298391406,-0.8557055039845762,-0.33030880874519214,0.08605524618046022,0.5814187569243547,0.3705245563768807,0.5917562345831934,0.3859525691015835,0.48097839001175374,0.7580113146217347,0.6291308849754791,0.8751128619757409,0.6426194344991664,0.053367137330603914,0.9038433553696007,0.8490353311360413,0.20009017563846057,-0.7029954768442839,-0.8155742123508706,-0.12175315929008629,0.2896532601371424,0.6072545081990949,0.4554129791045938,0.5795959329116602,0.3866449533772061,0.3013042704642907,0.18848017187117147,0.4810619330571189,0.5605616762947938,0.73163136007349,0.8552082463627322,0.22423570045376728,-0.8939206261696793,-0.6317988608180539,-0.905408600358096,-0.7653323486021227,-0.9260732643257985,-0.7686682389418815,-0.5506936621371077,-0.44820647790774304
-0.4640090831772712,-0.46962067593989104,-0.47620216393760467,-0.48025272964073185,-0.4458283900566813,-0.4340497470412955,-0.3974916036413846,-0.3749841271832096,-0.3545729623467973,-0.32135626331365374,-0.19517668622748957,-0.20890897822571414,-0.3092326424627027,-0.4611035326667168,-0.6229350554320383,-0.9279441093075622,-0.8284295230940059,-0.6349589339631162,-0.24674877610093407,-0.3971105411022872,-0.13196413616536662,-0.24246271912309983,-0.11484347956229075,-0.10544161481496217,-0.09480182199735505,-0.09154220795694262,-0.08431944186064501,-0.07782580794637108,-0.07083233200557182,-0.10717774329899547,-0.47112283473179256,-0.648420184331306,-0.6166574118753786,-0.9357454362863005,-0.7182366798665626,-0.5466532749076448,-0.9018077854405581,-0.4846422590688037,-0.20565052960934682,-0.6251490883157922,-0.6160835416861546,-0.4008355627930023,-0.2136650979149237,-0.466544163254584,-0.6536855444593291,-0.6339877829806663,-0.4644598539436307,-0.3777480525974987,-0.4513893448293455
-0.5513364409542139,-0.5279088324627403,-0.5543804055712283,-0.5698943561588766,-0.557295405507862,-0.5491670024872056,-0.5369496070910217,-0.4792767864726039,-0.4731797684872821,-0.4301867164119028,-0.36971570356307837,-0.35195397899877967,-0.34664559961947167,-0.3043051637046167,-0.25921023204203697,-0.23363553292728748,-0.23134058432775784,-0.22848927796491098,-0.2221975048878551,-0.22361674714847157,-0.2262744073427522,-0.22516360542609667,-0.22000602474475178,-0.18398400025394593,-0.17687825640985314,-0.16075414274644018,-0.13264473011442998,-0.12684022070698123,-0.1277692130593291,-0.12437255856521442,-0.11657298729553468,-0.11993440086819833,-0.11768852225556459,-0.13570285270410226,-0.15762953193111956,-0.1752506764991271,-0.23934015078897863,-0.24262999350354347,-0.20844293130975153,-0.16572171842241928,-0.16032233394234865,-0.15209726779477742,-0.16020147391657547,-0.18377829680348265,-0.20471540002523497,-0.25514972399028935,-0.27304383297988843,-0.2730961435562116,-0.27762312085060786
-0.658014343779955,-0.6242746842982602,-0.6270646757854123,-0.6293930665312157,-0.6304337510041123,-0.6447769839730129,-0.6449480794613764,-0.6012414519668948,-0.5707109906408746,-0.5242602176646709,-0.4923189087135149,-0.43703087040985433,-0.3814946044410571,-0.33604929231834635,-0.32989619538535564,-0.33342036426408683,-0.3335159366703236,-0.34291747396661654,-0.33342228237775884,-0.3307544611230011,-0.30034235253449726,-0.2809807264501778,-0.257242857843386,-0.23489016693022194,-0.22536212682097825,-0.21055638667315593,-0.1680136372803202,-0.15495956907525976,-0.16484349520279312,-0.17930250865030117,-0.21745943660011735,-0.25487473155298945,-0.26138094615294233,-0.21544609028801104,-0.20101287428844497,-0.18338147810185162,-0.16885079678742473,-0.18215354301221165,-0.20329409440275703,-0.21813805400226896,-0.23110676669771996,-0.24517244505290206,-0.2575421980811269,-0.2656986286865563,-0.26870368478655576,-0.3044254350954376,-0.3232008439625379,-0.34325289049326924,-0.3529804796203354
-0.7752668858332219,-0.7011628850017775,-0.638729326747629,-0.6196868246939516,-0.6329363706930666,-0.6142591593123781,-0.5986623184737906,-0.568536237081811,-0.5424622712485324,-0.5390238081022937,-0.5262251372078396,-0.5062098048568046,-0.5060807367218673,-0.4866337412698599,-0.42782350662130925,-0.4060370344618875,-0.3945230072952769,-0.3904290727952817,-0.38059057769998017,-0.3709344266351043,-0.3358897256651895,-0.30639689660897584,-0.2849095562848227,-0.2928938137708072,-0.2837917104604637,-0.28505424341050783,-0.2846577821047729,-0.2827423471369337,-0.28417251953127903,-0.2848343331460706,-0.28702582169641866,-0.2869771426652554,-0.2897320980756127,-0.29932061009552935,-0.3147258544338115,-0.32917517125032736,-0.35333803738586206,-0.3596633940688543,-0.3610115026273525,-0.375374084478888,-0.39196636302032756,-0.40940878353207133,-0.39715914771102456,-0.3829102772113219,-0.37712913676609916,-0.3960551482530308,-0.423057410756748,-0.45070653559176127,-0.4799906012578145
-0.792031654046619,-0.8242412258551907,-0.7868964412362566,-0.7396284582059998,-0.7037871359406139,-0.6843030954663479,-0.6549310727413047,-0.6243117455863944,-0.6287014934183884,-0.629315668363732,-0.6528714337551085,-0.6236026709537826,-0.5766781639790166,-0.5540772214773341,-0.5282076409333488,-0.5057336457731471,-0.4773636619444095,-0.4576209051197049,-0.450872875065528,-0.4379236737840759,-0.43835997567620155,-0.43126611290329836,-0.414382902344503,-0.4057281825388916,-0.4059712464744416,-0.4032394872556775,-0.3761268372527537,-0.37292698668906893,-0.3821169370915405,-0.38896853061195397,-0.4175933565088794,-0.4265307039234911,-0.42180530396357907,-0.43442975115455557,-0.43773107131548894,-0.4453507175952763,-0.46735184248182865,-0.4720019494259906,-0.4747238910900762,-0.48014328325457295,-0.4910683003301034,-0.4916398425427472,-0.4946466235109125,-0.50272789895101,1.7323187898231942e+38,0,0,0,0
-0.7601011005069712,-0.7316738739962155,-0.7157081708470567,-0.7027776010438955,-0.6532016078781142,-0.6361345792912135,-0.6592557159964194,-0.7043052811880864,-0.7169877742662518,-0.7084863100948591,-0.6746291815819695,-0.6639076649671531,-0.6417977292999267,-0.6179263935253769,-0.5643397147843681,-0.5627201290236248,-0.5490274735872167,-0.5228323124166043,-0.5108519988606331,-0.513008335865316,-0.5168007250939495,-0.5127964758048958,-0.5199528472879417,-0.5419672185468014,-0.5552573226946759,-0.5548161830558616,-0.5294771583478802,-0.5355705085074705,-0.5320778063981594,-0.5362208791381217,-0.5578669855184127,-0.56225296533074,-0.5659552055939076,-0.562474807295129,-0.5614725590549454,-0.5667892904590406,-0.6009712030229758,-0.6111760728846242,-0.6101076963374622,-1.0146535618440473,0,0,0,0,0,0,0,0,0
