jsons/1312660800.json
{"header": {"parameterUnit": "m", "parameterNumber": 2, "dx": 0.1, "dy": 0.5, "parameterNumberName": "Eastward wave", "la1": 40.97354507446295, "la2": 16.46031188964855, "parameterCategory": 2, "lo2": 133.9931640625001, "nx": 191, "ny": 50, "refTime": "2011-08-05 8:00:00", "lo1": 114.97908020019554}, "data":
[rows 22 to 43 of 50, columns 100 to 149 of 191]
5.702390502334795,6.588119558755577,7.367883168639408,7.649957993059225,7.9909909714293255,8.272167930310268,8.32661901471461,8.305028499551073,8.375144437050691,8.419706471829329,8.344509802319905,8.203520411281593,8.176045103194983,7.851056187124574,7.785979780376497,7.575072370084769,7.276438365865274,7.070725439795486,6.9340379357797834,6.737545619065393,6.437334271420057,6.26041559881906,6.070104094807092,5.837684104037071,5.718855237930782,5.565297873625743,5.330252474309954,5.168573576745916,5.015924854178544,4.800978986363181,4.664986775158652,4.58853224896081,4.410639918376095,4.304134144191923,4.213235730718249,4.066499300964683,3.9880837928987716,3.9637843812702007,3.871883651120464,3.7725104208929987,3.7246161549528396,3.673707163779879,3.5647957434605204,3.5266749469856506,3.4705763380848262,3.355777151720186,3.303301417566739,3.250626403049355,3.1750270240851526,3.1169949568256126
4.837204069416923,5.3797095470911,5.906075224640705,6.253461351188131,6.7218240102016145,7.020668730535343,7.078898973564718,7.289268523577694,7.340772720388768,7.399308031173997,7.27752332205045,7.268108370724913,7.182934968034777,7.019065527796706,6.860666689715498,6.788334433592938,6.5146910350937235,6.388240573433194,6.273559183131335,6.116484445809263,5.934087733618336,5.81505609925646,5.782506623492926,5.4614164243577665,5.349408841145454,5.234160228088503,5.021260215843488,4.8771540635160795,4.788076618770514,4.593068905843011,4.515554465037578,4.416541485950115,4.211495859995559,4.181062415865108,4.099872672360569,3.958758756418338,3.9262404299911533,3.8522893684808754,3.7936971503956474,3.6958360827786194,3.635644885564901,3.584435668809747,3.488426823036043,3.4006058798040595,3.3632939753561164,3.2353160197335837,3.1937585563532016,3.1553321144724684,3.094506818761584,3.0737572768876724
4.504711513605353,4.623570724116191,5.1964238366854225,5.3943960785605665,5.71735682093101,5.908184635275902,6.050879666618208,6.154620176127519,6.270700719681233,6.231553548266039,6.3260538419673376,6.215581770623491,6.162801596040194,6.044559344388896,5.95429491212807,5.865139287687042,5.697158857282059,5.672366162669626,5.529943766237188,5.436842937341119,5.257260220623763,5.202679819384388,5.111510546951671,4.950551944429652,4.8723710479592635,4.79893399159992,4.637440431522518,4.568243227445917,4.461508169610182,4.31062477171636,4.205249488551885,4.178894040728541,4.088003090644871,4.055838868825647,3.981578436740576,3.869612637415105,3.7949759224183652,3.74113245420632,3.664913683642788,3.5157114027947807,3.464632229025331,3.3937926302877206,3.2632279458762286,3.18916369764551,3.167861920630952,3.0409424141259587,3.012683033651865,2.96244723583647,2.912428255241732,2.8841438766739573
4.663731912980275,2.86575300280743,2.179223889501928,2.4061501482362875,2.88936059433959,3.345728363561734,3.6591289462479444,3.7497989639061635,4.388058131383559,4.413391399866143,4.45832524225604,4.637671888656989,4.753386138667145,4.713757116729973,4.714640896680613,4.729476524277333,4.636308060075641,4.5703899744523495,4.525011849050432,4.501916495896121,4.355839354076551,4.345159619785647,4.2782087122293735,4.229065692339724,4.221351667273656,4.175268433394642,4.091276018099912,4.054221356021666,4.016155229339972,3.908940251412806,3.8699185506567018,3.8384728400090413,3.7476497997676597,3.71607556809748,3.6723815172265293,3.597969792399093,3.5703726406227534,3.5236893119580115,3.485282335566471,3.388862497310876,3.2144359176840385,3.102992897190025,2.7308199385911034,0.2697609311188453,-2.22711914646891,-1.4961692503051816,-0.12161806157248968,1.0911189610169683,2.7243066076056155,2.8786646893103462
-0.8282876573191265,1.0228499412620569,3.933662808714743,2.3064828610087993,2.0192387121375246,1.7615382411614984,2.0372776951759435,2.172470301039879,2.648886284094713,2.8192733655125237,2.96280987268117,3.0609036403364436,3.3867438754699433,3.4355464782507035,3.539251887249085,3.665278732183875,3.671873245016697,3.6698607758009283,3.743863416873475,3.740607541848265,3.720193140663568,3.743265968260084,3.773318667502404,3.6966833232940846,3.7417080031260275,3.7272821426817613,3.7227110322641064,3.6916253728691326,3.6770958252654897,3.599833997640365,3.588467471045851,3.525924119179137,3.46050303870744,3.4306714062969634,3.3885739762997678,3.3086841450154547,3.2562870878063928,3.1600567971888522,3.217519756566632,3.2516338657057755,2.7892613664975197,2.7950597947858733,3.0281911851385734,3.0285227122262457,3.0308676398836685,2.9943536479292914,2.9898047267957755,2.9603082902040936,2.9515013036239734,2.9297797148811617
-2.3439407011832922,-2.6874501428781654,2.2037823182756138,3.6151990329326105,2.44765674238942,0.779493779041148,1.0423884044637677,1.2275219816347034,1.614346044342763,1.790679719321717,1.982998399407528,2.171986658149031,2.500837316977452,2.620485547247021,2.676413662379246,2.9490583985190817,2.9636984623635323,3.084974639185561,3.180413313737901,3.2580819255937876,3.23080375499576,3.263107766123389,3.3224369836989696,3.302683340372992,3.3829662447722697,3.4527074271872533,3.4940721833845503,3.5782027704381356,3.6228372314892416,3.4781545111827885,3.4024984590423273,3.3694474239667613,3.3042474171871734,3.3135409367417443,3.283392160251372,3.2311849056496054,3.2123370443662687,3.2060522935553593,3.189794950272425,3.149337546050683,3.1353236702601355,3.107569585502689,3.06388640611931,3.029631701074038,2.985755524560903,2.934672725932049,2.9164486948099655,2.9020898163287674,2.865757690302486,2.8419836798584273
-0.8669315302643774,-0.7586903708804364,-2.363241642397096,-4.133273263445359,2.2361472336932926,3.0205984353631052,1.2463810484825,1.1314077155939841,0.8437293358896394,1.1048394709942753,1.2405566756364752,1.4203411442412055,1.8286271683553503,1.9147427899352223,2.0958218640857917,2.3433428925259907,2.4429009607241836,2.4929449947839126,2.608788703767342,2.628067585308602,2.608972512024738,2.617881268754431,2.5864997642937677,2.583681153832861,2.591591122130733,2.60717765467292,2.598393778907764,2.5769628333874106,2.475005748330118,2.394435845160637,2.3144532190680827,2.2445363825868823,2.413018888137271,2.5687080015803208,3.020762223028321,2.945460899458689,2.939703568705445,2.919424969048045,2.892484459858515,2.8218679562943234,2.829945136555336,2.820349321854773,2.8070884310252557,2.8116069048001426,2.808007633197626,2.802363604880327,2.7980780931511835,2.77505225831587,2.7661343404043124,2.7475262306435804
-1.1055560324218707,-0.9329872042691695,-0.7553479145428568,-0.6115836967768311,-1.0424242166349045,-3.011588860372727,-1.062533948482014,3.690030872266032,0.48484161563393224,1.1365355302971833,1.0250077236787536,0.6998036433152515,0.9569279141090672,1.1346709417626628,1.253088988520316,1.5108853747035649,1.6100035741951029,1.7080854453246774,1.8316700147248677,1.888266899468805,1.926858544383921,2.0456101967646183,2.051189093777485,2.0370487121414,1.9531560687470553,1.9054001574110948,1.7536349030187708,2.0042558516411253,-1.3243904938381978,0.7311719403893756,1.9145602773637682,2.3798864172615537,2.583099455307948,2.6569907114823383,2.6940543881015917,2.802383405484861,2.7685351049938784,2.798521513454018,2.78582915333552,2.791906982335028,2.748129541449252,2.709411066076344,2.694682085412086,2.655383082801156,2.6273960764978566,2.6237890141909737,2.6069514193790986,2.590666092994151,2.5690673312572443,2.5293109587090923
-1.1957594920035024,-1.0790098175505716,-0.8738617455517421,-0.7333474770464519,-0.658659228097197,-0.414420083862927,-0.8580384966600484,-0.7381108670907729,-3.1558066732565484,-1.9676120366532854,2.681784673568156,1.1878652622995436,0.4467296297483185,0.528557905063599,0.6645093345536054,0.9083927990548522,0.9911924572710284,1.1136474528866793,1.3005437818654424,1.3801934143606387,1.4619128129432508,1.6147517136181229,1.6870968557636317,1.765633402948996,1.8161013739274394,1.8385874730356897,1.896759195592743,1.935276659532596,2.146020944065523,2.235126069269379,2.3453919778760604,2.5073590565871258,2.4709151136215834,2.4597659306153843,2.4977632469845163,2.4430196007975056,2.48679073606313,2.4087583464341673,2.4575058385171817,2.4260143290945195,2.3949307453263784,2.3601260376058684,2.3283031182423723,2.3253410317290544,2.316731663925736,2.2950759972056964,2.276415982982237,2.27801957779958,2.2277842725318804,2.199800284397395
-1.4161548211863837,-1.3554154168936101,-1.1245564620017197,-0.9991248208000241,-0.9375610453490048,-0.7010049436384646,-0.6132438272349101,-0.5102376534522604,-0.31101960984106736,-1.5387371805560575,-2.319315482536103,-2.89374309730986,1.0066246847588878,1.3463477731261646,0.33462786435110936,0.4860688492981559,0.5141055642638428,0.5793903623386066,0.7040651077452603,0.7923600678405335,0.8661163835374123,0.984081626857044,1.0570816856219332,1.1334033043422198,1.2221963197653254,1.2908998737827124,1.3436219637294795,1.3904187228790743,1.481216517673677,1.5251686025665396,1.5472528019816678,1.5475897142190556,1.5582952858588066,1.5759380826526483,1.5579316579742646,1.5960839921024081,1.5641890994598056,1.608204786423669,1.6277478471129418,1.593596175107109,1.6700366634490602,1.656782585915254,1.6335596486208068,1.6665935239848118,1.649664217768236,1.6331832545771756,1.6339874274316053,1.665125593079265,1.6784775576352848,1.7114168900875886
-1.7184670142427105,-1.6144037004381555,-1.6239503235688002,-1.8844328328309308,-2.12484549531996,-1.3579022806784433,-1.1510714785958633,-0.9525295243074086,-0.7101579628026682,-0.5868099269128567,-0.45953220523705113,-0.39242064335643206,-0.5825664943202833,-1.263366051962825,-2.708076569354777,0.3802584724046181,2.5716940655932587,1.5598550153578432,0.34893257635924674,0.41509092063507586,0.4717825852479822,0.5693211058689034,0.5961179151795831,0.6759606177791132,0.791836811055849,0.8228214391914156,0.8475360341549224,0.8877124612417259,0.9258185636117879,0.9343828299738779,0.9472558735961291,0.9780822200239633,1.0193320230866167,1.0288416286456277,1.0059386596401683,1.075971908892566,1.1598820855799372,1.1321122876710552,1.1623290336241487,1.1720799220259948,1.1847239373348233,1.2139905874639638,1.2078749633983006,1.2175384223963412,1.2256863335411914,1.2250857343531665,1.2231603048586948,1.250018046915827,1.2586570468194946,1.2477301384485757
-2.1129817467361307,-1.9028948289047483,-1.3491488178814721,-1.4991611171122832,-1.1605802606790934,-0.8870546593615055,-0.9123380685879288,-0.8793734656039662,-0.7306591737575253,-0.6889331051580455,-0.6400561598901202,-0.6096016900340039,-0.48562782977976593,-0.41649977347639056,-0.35499599277034827,-0.9485587117890663,-1.4529174327986962,-2.672793184948049,0.7504180677389513,2.0675665806390393,1.9299128688415552,1.2102348613353842,0.8544310304410012,0.7044840391146594,0.4306722340232409,0.45156881373368013,0.47412452768219265,0.4787982304373083,0.6023168066273036,0.6674372078076711,0.6563338875692908,0.7108779473144298,0.712036021487336,0.7054773804716651,0.7460346477869402,0.7476979210674601,0.7455462930129625,0.7402792671340441,0.7709867256899753,0.7823845662710645,0.8009653537096122,0.837765336000852,0.8488926787051185,0.8670337041442953,0.8817535037086441,0.855928599055166,0.8449224352257519,0.8835674599547007,0.8628782723882119,0.8720276804053014
-2.5875773600061582,-2.4282466295784544,-2.1650393420950245,-2.0166923271670223,-1.8773330687042358,-1.6831976889720148,-1.5209885959306595,-1.4629688137541503,-1.338206667481375,-1.2850454091692622,-1.2177294245392294,-1.0998664995685226,-0.94205176207002,-0.8468532465277064,-0.7574479526251168,-0.6755064676452449,-0.6029962100603714,-0.5639074419601617,-0.4792651442906507,-0.4113309551088788,-0.7944925022313992,-1.1591629114409685,-1.4050644336187994,-2.0548311968784225,-2.4048763100111046,-2.9096886503265096,-0.2229746739287926,2.843248327716401,1.9465405479525684,1.0138609795070397,0.39664744969701665,0.34767177624276635,0.3589987100574329,0.3842481862006937,0.38711680291562944,0.409941465806123,0.4512564589254241,0.48883459169214605,0.5004143362106631,0.519345671285175,0.5350481514139097,0.5585412183787153,0.5789359149118515,0.5634353888868284,0.5421646394046187,0.5329786122658112,0.5654592965497204,0.5831591499955343,0.5911482086666121,0.5916926063193753
-2.718579395806552,-2.635787447257086,-2.4907135067836714,-2.4109641642105912,-2.283743539299294,-2.0859296694598966,-2.0233024926500125,-1.9254925739235271,-1.7806475545432756,-1.7186429463671027,-1.6187942929409396,-1.5740733879064812,-1.4032521607363468,-1.3116467631492699,-1.290106086494668,-1.1692948846897828,-1.0511133065742997,-1.0146033814914848,-0.9264364308446005,-0.8323735682793689,-0.7656402815760792,-0.6767700266878943,-0.5990566527519363,-0.601335578814366,-0.517926464696111,-0.7006095478339245,-0.9394438635209451,-1.3755950780408615,-1.3252911969391148,-1.6420078617244032,-2.619317199279184,-0.15586402046798598,-2.72144528516126,2.221711227259573,1.3349237432901033,2.2279106716897603,2.062460293291015,1.1133910673392025,1.1956846982612226,0.9940379519525869,0.49837555210778367,0.36270598209044297,1.2195104666090457,1.3421668700776255,1.3233666375326585,1.196075990019189,1.078794541614095,0.9719868783191482,0.42380644804166273,0.32937632342022705
-2.7537452067381394,-2.7194346095528426,-2.6515626730473763,-2.5994245487436367,-2.5544554652349514,-2.4349345442104995,-2.38312232321153,-2.272333833780703,-2.2208443746007407,-2.139433071777585,-2.078043150656123,-2.06560823966269,-1.9196379725004167,-1.921947638544036,-1.8084365374543754,-1.6191824021069445,-1.5610248035615626,-1.4819492637523852,-1.393705735176071,-1.3042830960907739,-1.2854680046873816,-1.2289400356483529,-1.153457450591807,-1.0889767238868473,-1.0102498115067204,-0.9166428429513284,-0.8942061101017894,-0.812281572987262,-0.6920044871212476,-0.6355576562076678,-0.5588762321025341,-0.4965859846105729,-0.6867263186696062,-0.5310283763676464,-1.4045809526189421,-1.5019944821417353,-1.8444260611791425,-1.1572118311990447,-2.0849366458875376,-1.8959027563947248,-2.272334372415951,-2.0833144818692024,-2.3349163109449638,-1.5851379636294587,-0.35303571531503836,-1.878179986463211,-2.580781662797479,-2.500831968474237,-2.230353288534917,0.8965431762655811
-2.833663125923392,-2.762632843867089,-2.6996711467121393,-2.664907051741874,-2.6282304245233,-2.5413432578645776,-2.5090525854656227,-2.4290556242523937,-2.347088438581286,-2.2853093837378315,-2.2318760238341726,-2.1800318416918696,-2.0783698954940646,-2.038524229440027,-1.9659467190445816,-1.9143719372224246,-1.867711262957809,-1.856507914092884,-1.7782316715011348,-1.701948494055886,-1.6431293117296868,-1.5084370577873523,-1.4650905671009167,-1.3970721586332016,-1.2941491018953641,-1.2401308229046526,-1.1676565688673932,-1.109259016101017,-0.9533884616190318,-0.9379220779872507,-0.9004730748863288,-0.8435468027020622,-0.7617649169708903,-0.7051252128222923,-0.7083573468005984,-0.6858467582855523,-0.6442478150861787,-0.5534248044577417,-0.5289832002349101,-0.4870282310480225,-0.4482554102248699,-0.42451236129499376,-0.4051572533043642,-0.36407087575086355,-0.3374674226257796,-0.3071750623349038,-0.546160476653803,-0.7450251971396578,-0.7452469895478507,-0.6317384937670161
-2.7459085927472806,-2.7196662271857406,-2.660281996075791,-2.644646517260396,-2.602564139658399,-2.550827147435415,-2.5098862452960695,-2.469532129670294,-2.355477135808336,-2.3350869182902567,-2.304916165368803,-2.257761008768083,-2.2109904277009416,-2.17454089448831,-2.136558262369258,-2.060920369721928,-2.037708914421948,-2.007804358503763,-1.92719920360833,-1.8648004884572988,-1.7982290194367407,-1.708420089147785,-1.6372196562593997,-1.60580246812133,-1.5196282375245265,-1.4720494647153686,-1.4426987352297302,-1.4311131244978759,-1.3177969178451876,-1.2577154750008226,-1.2269122157523737,-1.163200289628374,-1.116739622136875,-1.0702228151827187,-0.9884214782299103,-0.9307602473671351,-0.9171140686271624,-0.8652029760779347,-0.8271306576670036,-0.7730930589458191,-0.736866194001087,-0.7310274849697425,-0.71044393918538,-0.6323952353922233,-0.5865858679820439,-0.5729100229105603,-0.5729661091543578,-0.5651280711448881,-0.5471710567450684,-0.5276241321254569
-2.6825512188296092,-2.676462784797864,-2.6210249721314427,-2.5924259288495106,-2.570325380123895,-2.5089226990234437,-2.493147050715768,-2.467148485602276,-2.4058502739593783,-2.3660152998823016,-2.336663623655114,-2.30880534310493,-2.241089515400487,-2.1991965719692814,-2.1670098469754153,-2.123901223227567,-2.093949150490751,-2.0697482183031832,-1.9951977157679437,-1.9697338834138638,-1.9232162618915642,-1.808973840519022,-1.7875829220940214,-1.762613387394358,-1.6846177497286343,-1.6336313865399148,-1.6135423030897889,-1.5912441807714377,-1.4985571022840576,-1.4323995398187515,-1.3788687140377496,-1.3456957664059175,-1.3210979818440096,-1.2706583956923914,-1.1976236434373984,-1.1859905253908942,-1.1629629079637316,-1.091869001622692,-1.0589586973545564,-1.0419356680047247,-1.020077643126462,-0.9796062123450767,-0.9305325703268922,-0.8825103574107516,-0.8662795486068587,-0.8614183868970372,-0.8476923430021258,-0.8451426386231049,-0.8429969616803481,-0.8470854636533034
-2.5781255966769985,-2.569256400790445,-2.524638844558973,-2.4926145191317763,-2.4818466635066128,-2.4504462302118974,-2.429910178577948,-2.397471010446114,-2.3683524938083598,-2.3354260103620725,-2.2928715320567017,-2.2563041226234613,-2.2156624776834977,-2.1831905996762786,-2.1451593582617545,-2.098803054950758,-2.0727621939898704,-2.040424373839696,-2.0046447279758794,-1.9838497578942855,-1.9413140356861207,-1.912526940102637,-1.8714049692343062,-1.8180682300549398,-1.6803064220986914,-1.6424861795118266,-1.6471518261574296,-1.6292306851774405,-1.565744054720044,-1.546153910397417,-1.5396501108573952,-1.4644249584805993,-1.4137257524454798,-1.381601044721663,-1.3369943931932036,-1.3100381711890976,-1.2742501781411093,-1.2363639865584513,-1.2171475647373586,-1.1980305453551992,-1.1181707567489627,-1.0964676076512858,-1.0826605653805688,-1.108513697986364,-1.088049977708052,-1.071603229846985,-1.0662927570933562,-1.0809435497917619,-1.1050438127693858,-1.1361280065364443
-2.4789664222592918,-2.482140032999046,-2.460069841670576,-2.4418017693716187,-2.429285638103603,-2.3948503045957827,-2.375331347944137,-2.3585805155765236,-2.3093368354496633,-2.2795010482542333,-2.258888496149309,-2.2501798611700456,-2.1844031810059814,-2.1524909071557476,-2.1363525293467345,-2.095480285052071,-2.074910369298846,-2.0569480363473263,-1.9995070587942623,-1.9715543901045243,-1.948131004977841,-1.9113251137444032,-1.8613701057759846,-1.8335460909234877,-1.8067287068182452,-1.7799892987802624,-1.7470312911041763,-1.7272003729978596,-1.6978310529003324,-1.667606566217776,-1.634119035601519,-1.6025675721711428,-1.5743253950828109,-1.5578546519391046,-1.5098464594062326,-1.479223941355561,-1.4788086517714774,-1.441465846605877,-1.4216043224717256,-1.4081223726611514,-1.379204552304362,-1.3638424530485458,-1.347737214498715,-1.3637367884490554,-1.3976706374815837,-1.4305076515951578,-1.4823529807396343,-1.4530985845728834,0,0
-2.4321830243247953,-2.419313960164261,-2.3924650766416335,-2.380806977003633,-2.366592061818617,-2.342640391891794,-2.331498602933924,-2.3025063227575866,-2.274509231808388,-2.2550314477600706,-2.23620355266872,-2.2190742335716673,-2.1833340206074907,-2.1609728851542225,-2.128396315324878,-2.1006691961567294,-2.0837947639600154,-2.0600264321026627,-2.041165059619781,-2.0215567204239258,-1.993512608024392,-1.9567890399564727,-1.9320552598844611,-1.9162420491552867,-1.8376678660028758,-1.8293301239811646,-1.82892969981499,-1.7973448478499094,-1.7652436893759118,-1.7467216696604806,-1.7306276003642633,-1.698023587285852,-1.6685741194782062,-1.6458635593967115,-1.6211615042043541,-1.5920748447833142,-1.5770847061176478,-1.5804790380458118,-1.5771025902763467,-1.5532743499933026,-1.5474113912463305,-1.5505021379944504,2.164410148253967e+38,0,0,0,0,0,0,0
-2.3771650103364403,-2.373277481596741,-2.3478836566157195,-2.34282774464491,-2.3362660439806677,-2.3079149345118246,-2.30186863161094,-2.296337629846324,-2.2650962063191926,-2.26073450685284,-2.2396837182970573,-2.223825506106331,-2.1810783774207723,-2.179171896375356,-2.1555737432309447,-2.1166912210455475,-2.095680728664593,-2.083268752979844,-2.0478259921676356,-2.039235221365882,-2.0298039566200505,-2.002935919169945,-1.9970679692030116,-1.9860402148033682,-1.9356560733216248,-1.9294758323017276,-1.9190267998510737,-1.8976817480297903,-1.8530351504450795,-1.813910613623591,-1.7990494426675538,-1.7958090659702741,-1.7909926947793324,-1.7855330499602786,-1.7997178412977957,-1.7811837786640279,-1.7723266318299902,-2.374189376259058,0,0,0,0,0,0,0,0,0,0,0,0
