jsons/1312869600.json
{"header": {"parameterUnit": "m", "parameterNumber": 3, "dx": 0.1, "dy": 0.5, "parameterNumberName": "Northward wave", "la1": 40.97354507446295, "la2": 16.46031188964855, "parameterCategory": 2, "lo2": 133.9931640625001, "nx": 191, "ny": 50, "refTime": "2011-08-05 8:00:00", "lo1": 114.97908020019554}, "data":
[rows 22 to 43 of 50, columns 50 to 99 of 191]
0,0,0,0,0,0,0,0,0,0,0,0,0,0,0,0,0,0,0.0487958025961671,0.023237786522952324,-0.019548014006624283,-0.06514178772193707,-0.03469247084324392,-0.3364840851163165,-0.46101665756615184,-0.6209135363847803,-0.6377890291364524,-0.6425494588691757,-0.6455946657892024,-0.6439470067111526,-0.6480219095166371,-0.6643771038610271,-0.6706297979550712,-0.6718975619328068,-0.6603333046018777,-0.6781763991072021,0.013343975151649298,0.12587566014933796,0.038049628202068926,0.4411989063802584,0.5454787338897975,0.44919569148742117,0.4234753007327808,0.11984083094361488,0.24841748011319217,0.26931298211300386,0.4554508172578863,0.3555425447618843,0.3161422959376,0.16068206851491895
0,0,0,0,0,0,0,0,0,0,0,0,0,0,0,-0.0030522544274074457,0,0,0,0,-0.21496748387473597,-0.3777701753487415,-0.5040614407522447,-0.5607215249057763,-0.5982838630529365,-0.638556145897267,-0.646737752230232,-0.6516551496363866,-0.6521406717183379,-0.6560089894885284,-0.6549974573510439,-0.5329043298700591,-0.42446050358968473,-0.01917700032244575,0.048473794133454505,0.16935670252615553,0.3401400415844283,0.4112966020089552,0.46433144394856524,0.3894118703666786,0.42393924357822416,0.6081611114608212,0.5282262359269023,0.5385285613624889,0.5459561646286395,0.4991911184282871,0.5331018819219601,0.4908216718436487,0.4703195727869364,0.43511114857034905
0,0,0,0,0,0,0,0,0,0,0,0,0,0,0,0,0,0,-0.25146424203657053,-0.37473466722492016,-0.4317843058967154,-0.4850704520150094,-0.5764561799622521,-0.607932809819082,-0.6287807302302839,-0.6554434107085191,-0.6653578176631357,-0.6362861787799445,-0.5813939685543312,-0.4343840458796063,-0.20612831413663973,-0.1357289264810469,-0.08485227025259562,-0.0015693516816764803,0.06226929191110901,0.2467982418213258,0.36969449359478757,0.4371619257611429,0.38447604586466444,0.38986097892735505,0.3867822582186629,0.39759946099444793,0.4383690171689171,0.5080596041674643,0.5460140421260667,0.5743056840443959,0.5941739936565477,0.5729925211609649,0.5476097273867315,0.5127161202237089
0,0,0,0,0,0,0,0,0,0,0,0,0,0,0,-8.1454825486999445e+37,0.05499972368485226,-0.2941672800589168,-0.39427328785134447,-0.5079649054637365,-0.5530427627728581,-0.5960509619741805,-0.6456059408807755,-0.6559863487383236,-0.6815827959236194,-0.6834886326022752,-0.6647512027178087,-0.29673356737274076,-0.03366876139459362,0.11337347202863635,0.08708498850148916,0.1425531746281503,0.19413047671185296,0.32838224855261733,0.3528185733594079,0.31531428079194407,0.33227086618093427,0.3651085600237593,0.41053228941601505,0.4604087596131447,0.48526914591745857,0.5481810473608486,0.5561872816215552,0.5828195701514111,0.6051055763000696,0.6708336037418108,0.5981334766615442,0.5919397912979938,0.5314768977806957,0.5646245004804484
0,0,0,0,0,0,0,0,-0.071373509301252,-0.1586734488852796,-0.20063722326983854,-0.22562214336564818,-0.28561193265751367,-0.3105804712362051,-0.3575050512043204,-0.3996795966529682,-0.45674158746435234,-0.5234022288110665,-0.5769091703017507,-0.6328359729502823,-0.6806412769430685,-0.7081295075379016,-0.7095063865223565,-0.7015415177370068,-0.7027322803935837,-0.6916146188366917,-0.5973257338430955,0.1169539858850948,0.34137552924061687,0.43020279652219234,0.47678311262948864,0.38382986472650693,0.4427326375757136,0.4956658720180528,0.4890147975580115,0.5210810519867218,0.49650908862262616,0.48316087183549494,0.47527066526909306,0.510853380100659,0.5191432023279909,0.5312841060584413,0.5419833603872289,0.5768196291746062,0.5996135855933594,0.6078257890293861,0.6186033845323059,0.6300979610352659,0.6320275988883993,0.6223645991463442
0,0,0,0,0,0,0,-0.2676140770955724,-0.3132437172044074,-0.38571216844118006,-0.406984564935664,-0.4436122213310376,-0.4852695108703299,-0.5088359466790939,-0.5585272692014661,-0.587659230609549,-0.6385389987995084,-0.6808253903018904,-0.7065715442288134,-0.7192661373381471,-0.7057433217472936,-0.7087340113125876,-0.6969272583658838,-0.6837412787432522,-0.700315651061823,-0.08179255321876042,0.1947453015656992,0.3553692225884601,0.4055892795724772,0.4201068070338815,0.4379152314284914,0.4467820614397437,0.45597656770134853,0.509033156569098,0.5214949914474875,0.5257048167631296,0.504564807609736,0.49242572324177947,0.47317670378632365,0.4868706426713461,0.48938362393798973,0.5056791290999931,0.5251311245140236,0.5611928989065584,0.5863311119521147,0.6027483613278729,0.6463647984370304,0.654051225956454,0.6602281604819614,0.6714554576613981
0,0,0.08382762849792517,-0.34141608604731966,-0.3989764169801457,-0.4206075479777491,-0.46598359566945513,-0.48433527260927584,-0.5071039939201654,-0.5329335399203217,-0.5645014986665776,-0.5948275970418258,-0.6332939589204826,-0.6663462392110188,-0.7054799524006156,-0.7270430331129413,-0.7467368382097079,-0.7287782389365475,-0.7267730384221326,-0.7156847237667009,-0.6638862272195251,-0.6021692662631788,-0.5518021007058095,-0.4708008622628264,-0.3633864184150008,-0.39696987161430825,-0.3048673218178105,0.5258404226476645,0.4923198257042959,0.46172541011717194,0.4427654698802426,0.44570220387970366,0.44003801982104596,0.45408127976536267,0.46137332321221053,0.47780500560843414,0.4399085102017092,0.44465552604519476,0.4455629920546979,0.45007343301849817,0.4898212154732831,0.5107644088958903,0.5396627786924582,0.5626164617674598,0.559622680841099,0.5559627159664285,0.551427003218611,0.5790699266580511,0.5805028556684028,0.6103597243778871
-0.4321661978525826,-0.4748517322288448,-0.5039384967970709,-0.5402832573270887,-0.561541837651955,-0.5749985024781163,-0.6016019736218472,-0.6185927835687408,-0.6412216772597353,-0.6750825138898168,-0.693676227750608,-0.7083609294377297,-0.7454603492080691,-0.7559370176390854,-0.7454303078090896,-0.7126275119159,-0.6893004556281883,-0.6198193174634032,-0.5772931674600518,-0.520658254856921,-0.36691293739251907,-0.23947242260691637,-0.08750116532722411,0.0993438758798527,0.2947666291932324,0.4158616088997527,-0.7084207311438953,0.5444509391718826,0.617465177501748,0.6025172614475846,0.5942536547558511,0.6087536950891879,0.6109849612615879,0.588573804446781,0.5849789093610062,0.5901556253425991,0.5582767618615414,0.5518977235359331,0.5505628083222912,0.5098584766570612,0.5293187316196072,0.5667363457376298,0.5727799718306087,0.5533241729427943,0.518609399893608,0.5326082885984266,0.5856444390650215,0.5934046555087471,0.5955246359342042,0.6217669913579279
-0.5753406721445661,-0.5944176225218343,-0.6232165795586885,-0.6444819075767313,-0.6520791218894133,-0.6620122236245329,-0.6993921630574876,-0.7190666361841744,-0.7224734989625061,-0.726779896388948,-0.7134186457807082,-0.6518776317310181,-0.605412510525505,-0.5751742175368009,-0.5249501987874279,-0.5037586487188384,-0.4487072279973054,-0.38601641656988367,-0.34345678616992,-0.3084338732006509,-0.22234665797706146,-0.17525943537746744,-0.09763345767935072,-0.179090680362549,0.40272415283090235,0.3637277264923982,-0.4048718596938144,0.26866082645750355,0.6197609547870814,0.28500228948145234,0.18708584843082518,0.5463284318155216,0.34827310931780836,0.5636494231920988,0.6371663497264269,0.6258690174631227,0.6080801919886902,0.5668809677377776,0.5634308541108506,0.5662543285512894,0.5659776627666792,0.5629278343352194,0.5677379771691193,0.5769738669349034,0.581685498328735,0.5867559980222714,0.586465894146151,0.5922885210371075,0.602743290028292,0.6491561298585015
-0.6550531539622716,-0.6537120014163448,-0.6346696239905599,-0.6288254555448973,-0.5717274625238854,-0.5491366890816529,-0.5483508061619179,-0.4910184198798651,-0.3882045669022817,-0.28423906681207817,-0.2554479044214198,-0.12685147232814026,-0.10962601003448613,-0.08470505575811615,-0.06990303728439046,-0.14054743747007697,-0.1948738110031884,-0.2600684294384668,-0.28461790766719897,-0.37362537069994456,-0.34335658030816524,-0.34536371537560306,-0.28603701350410227,-0.22033006104296657,0.137627130123594,0.3917152992109883,0.4817119610500852,0.5332500636735795,0.5723898406454538,0.592733607115945,0.6138626806975958,0.6333934092044172,0.6735716664200353,0.6781311341639298,0.45307199291796774,0.6627375750728942,0.45631007101523474,0.6504803015629215,0.652147218522706,0.6442836060910317,0.6316639615895788,0.6149164307410366,0.6274620220774783,0.6351750303453716,0.6388931068168578,0.6365898228634354,0.63518196086717,0.6446659570998142,0.641756880809706,0.6395801726536221
-0.499238066517086,-0.401365921804967,-0.35035816717379387,-0.3134678438608531,-0.16722492021262592,-0.10346411618911965,-0.056481183338194386,0.03443356195164347,0.21727507930176385,0.32357831390810116,0.3401059892046773,0,0,0,0,0,0,0,0,0,-0.6308455653164667,-0.5848186019275726,-0.5312955536656663,-0.4875831984140053,-0.3952036826561192,-0.202831534873664,-0.047593593177075205,0.006669226787178339,0.23862491303715358,0.34265034549703893,0.47228318889528886,0.5463878081931123,0.6068486288175043,0.7174130855823798,0.7011974829602069,0.6928064312138098,0.3756311144753765,0.6844020471555646,0.5589322076506781,0.14008350348426254,0.057059389514387375,0.584305723307972,0.5645028624216943,0.5380631872746237,0.5430031879531488,-0.5476169444594121,0.5820418934940141,0.6439664135682018,0.6224231423254953,0.6473055597541496
-0.16133754120654334,-0.07675626066491728,0.001559005084570225,0.07976911440936428,0.2727742316631143,0.3224220490128667,0.4330334491884235,0,0,0,0,0,0,0,0,0,0,0,0,-0.8171358382216548,-0.6973179459241531,-0.667509857365552,-0.6031330268026978,-0.5677565749839203,-0.44098234703316436,-0.3709241125938821,-0.2670502272370563,-0.1314597328014327,-0.16197347759018318,0.03187466766506235,0.23082510501383113,0.3273774374833328,0.493654555441891,0.6726371684210257,0.7125454243394687,0.7134043186362203,0.6943217999783629,0.5156357434637512,0.3446325950896343,0.2770545001447211,0.42675866906658333,0.06933589006184263,-0.20199428273529535,-0.3719944503326489,-0.2000820435171022,0.1631445426824263,0.5164197548237373,0.5915515883477351,0.5836565674926902,0.6020726966603005
0.2268110710582812,0.3961849541797485,0.4536223667966129,0.449569333708107,0,0,0,0,0,0,0,0,0,0,0,0,0,-0.7198915450385824,-0.7719677150657813,-0.8176170958965976,-0.7115189567567546,-0.6408773815116094,-0.5569745526502875,-0.4966560798938912,-0.3992890838236138,-0.3005994149791009,-0.2323227081097099,-0.13232686093064044,-0.049323502291621996,-0.02347685975457051,0.10327341354159912,0.3125049603302364,0.438548291268155,0.6632245609057111,0.6871976084369101,0.5987227269203066,0.5036051829740258,0.6645669441441842,0.5934182394912189,0.472501993954179,0.47006662443764824,0.45581059562174875,0.4069071384358356,0.3437206385175765,0.3291603735808144,0.40877404706060705,0.5181254995066582,0.5671625950306571,0.629017616263651,0.6454570491062055
0.5140797263204828,0.587444595190329,0,0,0,0,0,0,0,0,0,0,0,0,0,0,-0.7897032460313771,-0.7266273150452071,-0.7043715689808898,-0.6436263848014714,-0.5849952364945736,-0.48120763216662726,-0.419479635948634,-0.33491301283280267,-0.2067128166099647,-0.13589778475446787,-0.08131372505834894,0.014767937300377057,0.07779753647534113,0.08786259200968134,0.17958879260195051,0.2705365967121647,0.39749095604046597,0.6558336664600017,0.7065130702632233,0.7560318986884297,0.426466172233598,-0.09642645841115192,0.23325420867531677,0.6733407832153361,0.7058107310311262,0.6651646419309073,0.6559344377642476,0.6277112393550731,0.6159886688409303,0.5971370481016813,0.6309865668494186,0.6711927792407294,0.7041450887598931,0.7264721479604286
0.4083241534250849,0.1746831293197756,0,0,0,0,0,0,0,0,0,0,0,0,-0.6735774621647883,-0.6837949124453112,-0.7114091349029821,-0.6024951303275116,-0.541998435671185,-0.4968916549476782,-0.3266172236064251,-0.22845756929396172,-0.1606349961072918,-0.0627229167440313,0.09750967409431564,0.0463628512750426,0.03618461168854141,0.06194239602522273,0.10745530522510026,0.1321389565886879,0.12810383636125694,0.29488030013844785,0.39306435272129114,0.5572941259470394,0.7075809817695847,0.7768510360622916,0.8183234248147683,0.8227127689053552,0.7961174915305118,0.7778487280963855,-0.053474981653821,0.3150629828296525,0.6786645229929493,0.7355870665677421,0.7506501052997002,0.7472402742276878,0.7534358084337712,0.7690416760866374,0.7665418593550065,-0.2533369128811995
0.4915835419980826,0.48979159105934644,0.3695323410604394,-0.13262063698509458,0.10274621044800016,0,0,0,0,0,0.13175938641987492,-0.6153854793221145,-0.7091120940632026,-0.7123617385135126,-0.6383625921901788,-0.561554669292731,-0.48786389552007176,-0.2708195177698412,-0.2665035381319019,-0.19107588079431942,-0.13248691794158704,-0.08832851373935939,-0.004342940274110093,0.04019882520446325,0.1590474318436176,0.17127721223205003,0.17945377873187449,0.1862187002100333,0.2238825645814434,0.25209865102242773,0.2982287838835916,0.3789889832932138,0.4265663699467834,0.6663033731702886,0.6850417553114285,0.6857083028590802,0.7376591282400425,0.7884924631906379,0.7879571627681673,0.8437240830831777,0.8366199414253718,0.7980660907277463,0.6283587939923654,0.5679351524940938,-0.6584807097847813,0.3808155746287194,-0.31234970071207535,0.00943744377471566,-0.1397942744467501,0.8146616740367499
0.4710858045608316,0.39101521270438366,0.3050237030883769,-0.45576026879452974,0.30955227686481795,0.36752183470463295,0.31685010815592407,0.1513422063917831,0,-0.6395670537477162,-0.6293895795809691,-0.5625617369739726,-0.5539760409974527,-0.48611086889027555,-0.3128413431308674,-0.2592242351595519,-0.16489601140681653,0.023401465789807136,0.0652813651774197,0.11026318434173217,0.194091206961156,0.22749695186211116,0.2679093038752775,0.37114154422274176,0.3544283208113323,0.3499105111910963,0.33921569802319296,0.34219100810974024,0.33695463757411354,0.3884328779322059,0.5112421015586095,0.5813649443786095,0.6240940404476929,0.6260426040378111,0.6231140799236975,0.6722651270570265,0.7362146904808841,0.769901070667153,0.7836866086476806,0.8644254778488658,0.8589402623665833,0.8538652182449193,0.86513618818155,0.866940450918402,0.8470569296727128,0.8467260319066257,0.8588070386157228,0.8565784769527417,0.853869433894581,0.8536439542437908
0.02443581429983941,-0.1987620217098342,-0.3125009492665944,-0.4139776009582006,-0.44015393600273384,-0.455499778459149,-0.4411432933224284,-0.44616239901720023,-0.34877539171695554,-0.32684440174000323,-0.29059089347039985,-0.18032759281990232,-0.12781110953659222,-0.07069476001269558,-0.04424847934298235,0.017626343974114396,0.06297243357017976,0.17816810119944307,0.22926757356786814,0.2636965685048904,0.3091585974214879,0.33246285905188777,0.34603992330105005,0.3876650382904082,0.4248043052467566,0.4505195172868989,0.47383872994042414,0.5546452121868135,0.5427257885311706,0.5504299527195081,0.5506819222548608,0.5490243740698747,0.5629126553628665,0.5993835996971973,0.6336871258827748,0.6296878616539151,0.7305326695142764,0.7476202273998245,0.757361377906674,0.7920050338016563,0.822719974105972,0.8192725486542178,0.8214872303597135,0.8368618583445955,0.8431650761180087,0.8573566821849776,0.8533472786975458,0.8582806861125106,0.8745779154533155,0.8967031891489052
-0.18396082074948958,-0.2374440675718593,-0.22811787282025395,-0.22953540438172887,-0.21712599961363033,-0.17329204289384015,-0.09630454611430006,-0.0783672935404472,-0.07722816356168896,-0.06831167763893631,-0.028812090471613667,0.042041628780094174,0.07550199561048998,0.11551746565955266,0.2833908656952517,0.29573559967183755,0.3081085959397207,0.3735155490160852,0.3967640587991805,0.4327821341973557,0.46706324144728517,0.5027687690401892,0.5304988585496693,0.5231269636046473,0.5710409368415125,0.579432641853087,0.5927143797031598,0.6627272312988748,0.6785487890447184,0.6791845875211554,0.7256191303766228,0.693176663800539,0.6803688167229968,0.6823223215244273,0.7043973668009583,0.7297237196246313,0.7575595202604868,0.7730464023776044,0.7704041467433803,0.8151048533986454,0.8401828383992558,0.8270982695895637,0.8114985925399217,0.8092146013543329,0.8140237303682932,0.8144322624298467,0.8279457438264849,0.8235814216814394,0.8290800304727516,0.8496196855487572
-0.009360400709443316,0.030824699490144984,0.02871806074421551,0.03429811534195267,0.09698722875614046,0.10713917141615562,0.09847193379927095,0.102689394035561,0.1336918119099892,0.2024793477772285,0.2239964166118631,0.239788255313947,0.25179805222637835,0.3134568794516944,0.409188415044678,0.42136267241179093,0.4674536085640123,0.5103728323265839,0.5282560928006184,0.5438335607758246,0.5611303060185349,0.5849856342990692,0.6473497623870528,0.6467039688986952,0.6177939196216218,0.6172555094415734,0.6327275341833437,0.6600076812292913,0.6734474717587553,0.6911517008213802,0.7015923049416434,0.7070476085125431,0.709992736702977,0.7316105158415546,0.7466378063890038,0.7514426188703766,0.7679723312993283,0.785380513341777,0.7852727958958966,0.7863234246481055,0.7799553785150674,0.7975738115945096,0.8028628680010279,0.797724065415187,0.7899979021882755,0.7855541104320447,0.7925107114726755,0.7834606732265225,0.7873600326432859,0.8254417365203639
0.06890117504538529,0.11851390915958986,0.14068067756463398,0.17528733397840396,0.19278607205643225,0.19611431660813905,0.20341646046448314,0.22442604915111491,0.24524380741696775,0.256529241902707,0.29073448025969867,0.34410068010693495,0.3544550426653035,0.3802958092829599,0.4190460558760562,0.4441659533633269,0.47245699650149636,0.5068867062096335,0.5272308922357543,0.560210742628041,0.6007570675411507,0.6049276720606094,0.6373254821084958,0.6542860060710417,0.6406030312689484,0.6361699914827188,0.6428050311546211,0.6660481513417558,0.6786134693222459,0.6952544241663968,0.7138587233610846,0.7256742215312091,0.7340150382968642,0.748826695004146,0.7556104593191773,0.7623610034383735,0.8025218796367666,0.8329207734808387,0.8858868528942553,0.8973531688238147,0.8570255917324492,0.822110360673532,0.8075039218905109,0.8052829820418986,0.8040519066196594,0.814005082020623,0.8321698947242236,0.8267886254157315,0.8233737442858621,0.8002445020638039
0.08249949187088777,0.10744745342513431,0.11053268434332873,0.11830170670463762,0.1345646125953158,0.13678384151037123,0.1310594405539428,0.1414816366541218,0.19404142653333314,0.20788327066003706,0.219076403218679,0.2797324307271121,0.3176008771761985,0.324585974747027,0.3609818572982439,0.38481883562065383,0.3969409670780736,0.4460811066113822,0.4695317591904215,0.48970351336208556,0.5338029986908142,0.5455133864865019,0.5480211189644401,0.5696183457061361,0.6234259752119852,0.6145597314555269,0.6117779472422505,0.6559584271478202,0.6686755484838148,0.6866781625337872,0.732417636788486,0.7457715189029996,0.751357592427868,0.765621880593237,0.7725004518426943,0.7748917816778275,0.7667222112650404,0.7751513205722177,0.7952748487333484,0.8165509083354017,0.8160043884201086,0.8052240243632827,0.8016827177244831,0.8227094497694105,0.8242312500793543,0.8359757200614207,0.8615232660457744,0.8671478120717714,0.8698935532570852,0.9059311294370287
