jsons/1312848000.json
{"header": {"parameterUnit": "m", "parameterNumber": 3, "dx": 0.1, "dy": 0.5, "parameterNumberName": "Northward wave", "la1": 40.97354507446295, "la2": 16.46031188964855, "parameterCategory": 2, "lo2": 133.9931640625001, "nx": 191, "ny": 50, "refTime": "2011-08-05 8:00:00", "lo1": 114.97908020019554}, "data":
[rows 22 to 43 of 50, columns 50 to 99 of 191]
0,0,0,0,0,0,0,0,0,0,0,0,0,0,0,0,0,0,0.05312306000058317,0.02447684280536107,-0.010350542052610183,-0.07440939257780953,-0.033324014463631285,-0.4188316155019322,-0.5395894527570049,-0.7020546161157742,-0.6975341596371141,-0.5862309822295313,-0.5574650508611629,-0.4640098701929976,-0.2787791791455776,-0.08017461047729083,0.16890393434909518,0.348933576733511,0.43726581561254885,0.5417244705391625,0.6884784107720543,0.7250865723461511,0.7068232765343803,0.6827805630099751,0.7151851476387624,0.7515710147287202,0.7673546739232016,0.7872922139906986,0.557329352271574,0.5150023842397273,0.7517772239073319,0.7243382916989559,0.7340067465438296,0.6475610390086141
0,0,0,0,0,0,0,0,0,0,0,0,0,0,0,-0.003338830103564613,0,0,0,0,-0.23625359588430217,-0.42751692044600925,-0.5761723749558819,-0.6320894297467422,-0.667189453748704,-0.6981074160674197,-0.6700376849371728,-0.561012419010246,-0.449888704041605,-0.22838927062439807,0.37469228447057185,0.5569538980904382,0.6615397824309702,0.7320198114365365,0.7332254427502517,0.7401718321852091,0.7448946798079366,0.7509111621084726,0.7359025317749236,0.5844407231087543,0.724503077421944,0.7580492243132274,0.7029893365447171,-0.2361198684006659,-0.7081660764861226,0.06572193507856133,0.790768435403029,0.7445971062639469,0.7824139057669468,0.7047702604953614
0,0,0,0,0,0,0,0,0,0,0,0,0,0,0,0,0,0,-0.2669990977425208,-0.4078510394266417,-0.4780460820984197,-0.5475831974597316,-0.6636544941124201,-0.7040660294289425,-0.717526751605451,-0.7033708592483954,-0.6500577287757572,-0.3641671858524805,-0.002167554938384888,-0.08767366731415602,0.36591388468528707,-0.5591634595900744,-0.375087955070911,-0.2864504115503806,0.4767757805530487,0.708286611078107,-0.7597510596443653,0.5250210134000165,0.5608848277274003,0.7622801631643153,0.7621489111476263,0.7722633124828839,0.7757443202895751,0.7673958265754257,0.7751050534844546,0.7750327627452169,0.7668375749555085,0.746793286799919,0.7405829193496014,0.7116865536330529
0,0,0,0,0,0,0,0,0,0,0,0,0,0,0,-8.1454825486999445e+37,0.057762586394762776,-0.3188123402239715,-0.4380987176167194,-0.5782786375729276,-0.6449931924113977,-0.6998345418819024,-0.7708589379405971,-0.7840906149066575,-0.6879324435378588,-0.5733093159949751,-0.4267644599128182,0.6611198560982278,-0.011879971753934791,0.6575500408109889,0.7309344366006534,0.7087258325423251,0.7086662719266944,0.7156014163065525,0.7192325463520503,0.724680312104913,0.7200013226623194,0.724483099186756,0.7240743524802897,0.7371251551684583,0.75291086309156,0.7545646869532312,0.7562217276621009,0.769653973785024,0.7758342762002963,0.7829887896716408,0.7482535347975035,0.7374532325969336,0.6971146637922775,0.7144368561008337
0,0,0,0,0,0,0,0,-0.07388178476761091,-0.16683959177452226,-0.21435776302323906,-0.2450375450690377,-0.31481828705254306,-0.3451388644900549,-0.39882714419118276,-0.4493702042843309,-0.5247338466844118,-0.6141662922649741,-0.6753666392576014,-0.7638242882668698,-0.7927514473414715,-0.802300953509761,-0.7581589524788986,-0.6706330295586747,-0.4040330835674355,-0.1497637938263664,0.15548662624368897,0.7033489254138173,0.6515099321686179,0.01614076274571519,0.724653366212589,0.7319400439581666,0.7400729523353291,0.7409712527217536,0.738072205718774,0.7447238188287965,0.7168799072534334,0.7072555534735269,0.6978412790016184,0.7092045247663664,0.7087977526205389,0.7141543390884139,0.7166419293238935,0.722130181099891,0.7332328544089454,0.7398203693130644,0.7408431769147115,0.7342270322642361,0.7330067034420611,0.7277106290105477
0,0,0,0,0,0,0,-0.2872956223365211,-0.34295244461802166,-0.43010945714951454,-0.45820526991838717,-0.5069595201105846,-0.5647267668589309,-0.5992073912256217,-0.6499208614048432,-0.6967847181304607,-0.7593158313274828,-0.7840205885180926,-0.8025347716063004,-0.7899980692960015,-0.6854533505031891,-0.601763755324224,-0.5171094943575705,-0.3991399812602402,0.007576772325262302,0.42463663064068535,0.6051237979176126,0.7637976523658948,0.660981299790132,0.5050553561060281,0.4985600860169647,0.7409442124368609,0.75197707069958,0.7473739523626498,0.745693330761507,0.731104060385429,0.7110342109640417,0.7007202820974838,0.6962305231088312,0.6934992013854727,0.7023678971245442,0.7052705425855675,0.7041065176719883,0.7052845783131569,0.7047431981433742,0.7231845962786132,0.7517370075370209,0.7520094328100444,0.7552596509038656,0.7524049960333662
0,0,0.08907146467537906,-0.37332403523133567,-0.44714412576382556,-0.47740104002994965,-0.5356903504937873,-0.5598248414794202,-0.5918019178347178,-0.6297924330225976,-0.6724755753156516,-0.7169687312119878,-0.7600228323605739,-0.7963214285655444,-0.8212090401494148,-0.8175965287924789,-0.8272123889596331,-0.768005892954195,-0.7503400497747413,-0.711587197018726,-0.5528103895682456,-0.4096586906626427,-0.31797874873783,-0.19540164831752382,0.1261910307882897,0.42975836397873274,0.4660781243078989,0.755946640644957,0.04646077735656144,0.665490710315748,0.7497997457946035,0.7466840283976024,0.7385110882790251,0.7246923416143861,0.7120081807494938,0.6997944522846917,0.6764818954872894,0.682562868330212,0.6836656909922624,0.6721311292127923,0.6837037371626629,0.6828168902865958,0.6972973588293495,0.70211212053968,0.7038256116144399,0.702864867082675,0.7031818400196328,0.7056174040249518,0.7013455044376949,0.710569607485836
-0.4780925599147624,-0.5268975721979396,-0.5656783486543587,-0.6134181291429629,-0.6471044016887084,-0.6682032490045564,-0.7040051352200013,-0.7288935640824845,-0.7552930412287197,-0.7983664700232086,-0.8096789103519397,-0.810380173782251,-0.8435803707010703,-0.8428343510165199,-0.7986238470127265,-0.747222911920186,-0.7130358948315959,-0.6175772439835312,-0.5475653569794886,-0.4459560578451511,-0.31941931564409815,-0.21950828384799673,-0.1053706089618095,0.003240320123271784,0.2739724030268107,0.49111705165336517,0.5793404148036266,0.48144209997348625,0.5485233291312471,-0.5125357510415768,0.3530148948389865,-0.7494234952025328,-0.17517312560646486,0.6713469707336024,0.7394663144513491,0.7189939151591821,0.6991887429014618,0.7035039386081408,0.7022037724939932,0.7128386393001334,0.7143338465924094,0.7094896107555816,0.7102563962432084,0.7017568414264671,0.6883910810170087,0.6916610834917184,0.705035918580376,0.6988755169317098,0.6979627804848961,0.7032752910474613
-0.6534456164701462,-0.6746349567349524,-0.7123430861402531,-0.7378661280279352,-0.7414560224509776,-0.7563396821412789,-0.798615943655757,-0.8179621491251967,-0.7890171326747234,-0.7892788591247877,-0.7585071880245216,-0.6842221890010628,-0.6554068446040011,-0.6201029926685332,-0.5388765190633334,-0.5165536035697267,-0.5063764110455681,-0.417657183569497,-0.3660976482301936,-0.3130474754414302,-0.2162457820255763,-0.2026685991519416,-0.14532731555295134,-0.09560338983953705,0.26011503334270886,0.4448570195138822,0.5803854397908638,0.7441215012984169,0.7685830686555444,0.7697225809607319,0.798324058255685,0.7736615969494006,0.7423936999261134,0.034864899690855496,-0.5717882166494516,0.446206202235792,0.7459950071048449,0.7447803301895908,0.7377811926741265,0.7303027450709206,0.7319976560349784,0.7291197297687962,0.7255010659561631,0.717257234948113,0.7073879194271898,0.7043539806749763,0.6995560425809154,0.6913199814324872,0.6948053616897557,0.718377082350738
-0.7049809379011532,-0.7056098249326628,-0.6672946746787857,-0.6603814355270246,-0.5967378918903709,-0.5762118985374353,-0.5733286808187661,-0.5137149320124924,-0.4083768134379977,-0.3121387155882759,-0.28420496129061396,-0.1999967456064169,-0.21197844300424862,-0.19616852327305706,-0.18156455877624764,-0.22783568631031034,-0.27600059014164174,-0.3205801580789908,-0.33663143497126774,-0.38519867862912754,-0.37980054594508483,-0.35333950671139003,-0.269109565325869,-0.17826385534083247,0.06956791405923234,0.20807417033391107,0.28003554830511534,0.4020800955488693,0.4658579827507556,0.512755847815967,0.5903706542333549,0.631058523270522,0.6845689032314494,0.7570959018057764,0.7265318363465958,0.7711702820926715,-0.7869747056319103,0.7405386370130066,0.5762146524257983,0.752086945743592,0.7443135416698133,0.7314727171308141,0.7337714826237701,0.7349169364718658,0.732634405240147,0.7322516121313791,0.728598942032737,0.733741735843951,0.7321626127543264,0.7286757852765208
-0.5363995981273546,-0.43642146430627204,-0.3942389406091562,-0.3609456617826322,-0.22048160190003752,-0.17040012365758148,-0.13303769280209368,-0.030873087576138943,0.14368192379972183,0.2754248188190925,0.30292778224811195,0,0,0,0,0,0,0,0,0,-0.6940748860845172,-0.6135426214887854,-0.5319975899288559,-0.4702020635504954,-0.3774534723343158,-0.22640230037823672,-0.10104875490994417,0.025431880037708653,0.18795849613346757,0.2758666783217681,0.431988282998819,0.49798595879781393,0.568677037172678,0.7521455815485092,0.7697756136824953,0.7895584573107142,0.7954809564174142,0.7851264861724617,0.7564762081119086,0.7182419017276539,0.7031188523322929,0.719271298459627,0.6781409442454533,0.6507254951969857,0.7024811632935978,0.3885616791292278,0.4897350504666302,0.7019909385418287,0.7287407646935092,0.7283789791889298
-0.22680193402481863,-0.13955277554755854,-0.0401045675906659,0.03394891344410046,0.24415909881653672,0.30070078292024005,0.4230879387652335,0,0,0,0,0,0,0,0,0,0,0,0,-0.931916195623792,-0.7514983400066345,-0.6879889773127293,-0.6219675646967406,-0.5761449220616038,-0.38566155699712024,-0.3169837455780985,-0.235200145341447,-0.05412765388089818,0.00042367776236953796,0.07210123293267262,0.1885916817623144,0.2506834562382948,0.41655916092361256,0.6537257529022195,0.7239641590687028,0.7471705442541627,0.7794019520591295,0.5842053533093015,0.42143422469719516,0.3963565120168484,0.5433733373088536,0.1561195862657843,-0.2435739101512208,-0.4156692743702089,-0.30470312000401206,0.1444036530917643,0.7065332551577482,0.7418048514967537,0.7235869129416911,0.717158986685753
0.21501718878881199,0.4024912655057592,0.4637061972969971,0.46157364321520483,0,0,0,0,0,0,0,0,0,0,0,0,0,-0.8017842943232604,-0.8316811083995668,-0.8664565684337073,-0.7326062895132247,-0.6706339284548749,-0.5826249829097642,-0.4630661618610923,-0.37181452440721974,-0.29335154889087106,-0.23530583678854736,-0.1442413297092566,-0.07249261537918393,-0.03743684719591888,0.12303921211602897,0.3099507322034339,0.4334338543162202,0.6555940402858872,0.738343331058107,0.8032857420476304,-0.8168172587605416,0.3770839225752205,0.6830769940007217,0.6347906405382772,0.6271594037548502,0.6191634962280838,0.5685784783607698,0.479272921316621,0.47684896836691837,0.5796270074583348,0.7162296689940943,0.7605516107083746,0.7844520699284805,0.7905317100843848
0.5354933217925923,0.613682991632218,0,0,0,0,0,0,0,0,0,0,0,0,0,0,-0.8692679685287938,-0.7467482268397206,-0.6817640211045561,-0.6327952235593777,-0.5284672848418256,-0.469271026283344,-0.41931878227017777,-0.329594280940319,-0.18884930373037884,-0.14936774011660145,-0.1120718692264787,-0.02849100707188596,0.03730074452253293,0.07255097195384969,0.2060594217926378,0.28054721512822567,0.38195679534807103,0.6180189804734577,0.7003852862606933,0.779098567968688,0.7770598415714245,0.4954701764107891,-0.37552423303193144,0.7201385382372535,0.8030659581014101,0.7545985401701671,0.7757131139134332,0.7901157920730589,0.7875054095138575,0.7927121678627048,0.7973526145425557,0.7446016894636593,0.7772305515339293,-0.2708052323207637
0.4169440264084247,0.18962015808260793,0,0,0,0,0,0,0,0,0,0,0,0,-0.7266029790172592,-0.7122693210540064,-0.7328591912930872,-0.5885224779397332,-0.5183341319690934,-0.4522905528024244,-0.3175077612095408,-0.24050783910502774,-0.18523246284624423,-0.10920329436784217,-0.021758736530942176,-0.020357388414185197,-0.03026313663220018,0.059268061978589394,0.10547827977484714,0.14149522626709735,0.24613774061863106,0.3496780149495909,0.422332679612338,0.5824593990709368,0.7355871021093668,0.8067529116763562,0.839570356514501,0.855425270093137,0.8417291109363003,0.8793396720718676,0.8795318985659637,0.8795823722808945,0.8770942712637578,0.872148587270461,0.7679698594271173,0.7086484346595557,0.3273145483749485,0.5678240755924668,0.8686312337466808,0.8527893607990212
0.507734720301056,0.5107642519166304,0.3845775935093049,-0.13652295328094244,0.10683128594221022,0,0,0,0,0,0.1485455433815171,-0.6835945372107605,-0.7639638213411148,-0.7344171243346868,-0.6333205739378568,-0.556836507806381,-0.4919981927869803,-0.3096350459935827,-0.28323106280058924,-0.21474064318554656,-0.1462625018752269,-0.1198478302050081,-0.06372497722032694,-0.022921002733926398,0.06316741806405632,0.11451591314330972,0.14117291582801156,0.20858700804561758,0.265358922462706,0.3064411610837226,0.37164314447476443,0.46148857709945806,0.5413325509389413,0.6654275765695532,0.6722385485885377,0.6678047080454014,0.7109349407210361,0.7799052057713122,0.7790557487639179,0.8368931730953206,0.8658188507494134,0.878865600572109,0.8835437364196722,0.8887423846348215,0.9015458935150585,0.9038506251796459,0.8988159774772276,0.9009724723343118,0.9041348488607238,0.8974626545413404
0.48646555470740643,0.3431611084531157,0.23860931703121369,-0.5191255324797905,0.3634050363266965,0.3530629096217329,0.2967011924322205,0.11876345513015969,0,-0.6993000724762932,-0.6706488571416668,-0.5557335275029678,-0.521154076991198,-0.4446720061240787,-0.2864256088265994,-0.2161635958092457,-0.13434074703061671,0.03353511234375903,0.07078829101384762,0.10782754408547486,0.1727770347233569,0.19753053619947675,0.2274779528015937,0.2981324107982605,0.3628454827763251,0.3746170544980611,0.38689425696010576,0.3869391353074345,0.36178426370695876,0.4010810520391621,0.49772478009353965,0.5531320164911655,0.5901096430116367,0.596600694994432,0.5971901796141283,0.6607965148558438,0.7399548745312988,0.7868088583092905,0.8258031207973417,0.8995016768053237,0.8960703096602706,0.9010032428419245,0.9182294948071293,0.9228001124747406,0.9132700814377335,0.917451114050034,0.9478150176355152,0.9318832332705613,0.9082090097523439,0.9003442782324931
-0.0894345268031927,-0.29233471032018604,-0.3793365125584363,-0.4701899791104524,-0.4617102352417232,-0.47288133712017444,-0.4432706938802445,-0.43489815339891613,-0.2544155109034722,-0.23469362793158205,-0.19424570742763533,-0.10231582554152958,-0.07241991236528335,-0.04090986439553692,-0.005075519325906842,0.06149960271131598,0.09592417296656862,0.1958142803405992,0.23733884811307107,0.27399015192524095,0.3280287949182679,0.37548825536385055,0.3875974038737276,0.4152794555270345,0.4530766144378027,0.4808619261167388,0.5001737263963691,0.5790747850846294,0.5660549020870661,0.5723130354952832,0.5893257197060043,0.5964493751025034,0.6237720105192062,0.6715425550959873,0.6825172273500105,0.6735077446415606,0.7580670285569178,0.7803983965746857,0.7918168866956755,0.8311624557226877,0.874481212865636,0.8849325939099769,0.8733294649092989,0.8797332024114867,0.881256934312008,0.8869662528763254,0.8999534991467212,0.9089354271889643,0.9236641060635346,0.9439270136672048
-0.23048071134058482,-0.26594415556474893,-0.2324137016915681,-0.19643016394080562,-0.1931793820397404,-0.152784573987551,-0.10397605972934457,-0.09583559864030655,-0.034057023339288575,-0.02220371565177352,0.018190827426384344,0.08172180253692811,0.10490530132643311,0.13973925688494224,0.27752790214641665,0.2885215901399994,0.29622472199292293,0.3373165255482929,0.3792467959133686,0.4390752051201505,0.4859253642143882,0.542272465883937,0.5919586164008025,0.5698061255810649,0.6166170429257024,0.6255627580827544,0.6412985350009455,0.6962578146182908,0.7057203978434428,0.7074470978065146,0.7355582674229414,0.7114479570835351,0.7054735157114633,0.7105120506886816,0.7312645926433914,0.7563202358121598,0.7878471879767153,0.8016380332742431,0.7973516248857493,0.8423359355978577,0.861717372906821,0.8549016944537264,0.8520717014741379,0.8539899063879337,0.8528593643028071,0.8481919535542386,0.8794129201917129,0.8827534023960361,0.8871219886261257,0.9126519171983054
-0.04239727627823546,0.0038574012775867755,0.020907519746409888,0.03549344205740051,0.1099234713453716,0.12308094690070462,0.11934566182206534,0.12862824396014214,0.15569181862545256,0.21373523453706308,0.2319141314042398,0.23448889814601648,0.24352953587075282,0.29211715810659816,0.34692064879184187,0.36846061981711825,0.4138575463908416,0.4487547949698306,0.4716367993544677,0.49994581673165944,0.5245006805439782,0.5548255536588942,0.6226281444251885,0.6306064986925779,0.6643601528124664,0.6753151558669107,0.6922428558736152,0.7247909635456244,0.7252664381586983,0.7270406558425638,0.7413518548232566,0.7645329218837467,0.7731829922969968,0.7873190673349456,0.8079393608269422,0.8408825231693331,0.8652671281606314,0.8616906229023933,0.8503335137267124,0.8318425830783435,0.8184251084870903,0.8332757509258484,0.8339955289095229,0.8207615798438997,0.8236788573919668,0.8235709246939641,0.8387815897497829,0.8290020789409706,0.8339873468143709,0.8887644389299411
-0.03686131998893114,0.03094858409163709,0.05431234747113111,0.07855222381754758,0.11334460752056558,0.13311720926226603,0.1435372398538381,0.16086764132815934,0.18645246911902646,0.1934636197379913,0.22153246929207182,0.26510677828011503,0.275057321368223,0.2996379752098449,0.3325307994065252,0.3574749061565564,0.38784950283345665,0.4246234212184254,0.4485707399432398,0.4842461161230792,0.5300732626916741,0.5422494126751349,0.5799309342048022,0.5932838295695356,0.6083569038195743,0.6125337932587246,0.6307248711765391,0.6915275436546429,0.7058254709599434,0.7192980701288836,0.7426417060104953,0.7545904604547886,0.7630071293321754,0.7879838131401133,0.8101405066148637,0.8216154010183863,0.8424665489952164,0.864809812515129,0.9102881890901146,0.9272988964441108,0.8929381001460662,0.8589372155553953,0.8472804689161807,0.8468740545331432,0.848896094567458,0.8670273393774388,0.8998863792723606,0.883518797010122,0.8722379141458045,0.8349051594207011
-0.049783177540049996,-0.025247444702157604,-0.011724988881116933,0.0025099121789255957,0.034627122404032075,0.050223193648260646,0.053341323335253474,0.0620727960194467,0.11737726006570154,0.1311989610814442,0.14117189336885558,0.19707051267021355,0.23112370687873549,0.23765608970041768,0.27553443549496653,0.2996615652253611,0.31238564095566285,0.3628064925697556,0.38913857945203106,0.4123491465503116,0.46357773391672824,0.4749587066294215,0.4875535183948042,0.523486470584101,0.5782384087574421,0.5829389072294291,0.5955996015710124,0.6581547276877528,0.6732047398290586,0.6858761542027384,0.7288989534741903,0.7449701064008278,0.7524526693486545,0.7571806713736704,0.7732502915645413,0.7944212517248408,0.8106820286063184,0.8169626571941077,0.8308669117412305,0.8524750194573117,0.8549779440536006,0.8512153635616269,0.8510515011057673,0.8770245865471188,0.8774718130065311,0.891381710989393,0.9223407962092303,0.9337175646378638,0.934055068766372,0.9544682485888895
