jsons/1312502400.json
{"header": {"parameterUnit": "m", "parameterNumber": 3, "dx": 0.1, "dy": 0.5, "parameterNumberName": "Northward wave", "la1": 40.97354507446295, "la2": 16.46031188964855, "parameterCategory": 2, "lo2": 133.9931640625001, "nx": 191, "ny": 50, "refTime": "2011-08-05 8:00:00", "lo1": 114.97908020019554}, "data":
[rows 0 to 21 of 50, columns 50 to 99 of 191]
0,0,0,0,0,0,0,0,0,0,0,0,0,0,0,0,0,0,0,0,0,0,0,0,0,0,0,0,0,0,0,0,0,0,0,0,0,0,0,0,0,0,0,0,0,0,0,0,0,0
0,0,0,0,0,0,0,-0.0014267650607823923,-0.0006383214700676286,-0.00019188332171529254,0.00011338884721039244,0.0005769049634828444,0.0005947566566756358,0.0006680454333023885,0.0006560793746387761,0.0006271191726166596,0.0005011961412832619,0.0004894613149057661,0.00043997742938206824,0.0003217910533316723,0.00025935418509844807,0.0002466545488845648,0.00018348128984881692,0,0,0,0,0,0,0,0,0,0,0,0,0,0,0,0,0,0,0,0,0,0,0,0,0,0,0
-0.021694895600386104,-0.017531834485660265,-0.014750464358583952,-0.010127787698240432,-0.008284464703346633,-0.0065306274115808265,-0.004063478954309973,-0.0035769554811262002,-0.0019535363208116677,-0.0009888720460788651,-0.0002818893792851879,0.000409459141009654,0.0005913497506070494,0.0006094163876560653,0.0006629243198438432,0.0006041824549913913,0.0005810323913855703,0.0005319596199911176,0.0004845935014244386,0,0,0,0,0,0,0,0,0,0,0,0,0,0,0,0,0,0,0,0,0,0,0,0,0,0,0,0,0,0,0
-0.04016163510119404,-0.03813995291733915,-0.03620511784760002,-0.031033559457961032,-0.02612764274734962,-0.023853070243744376,-0.016006118359183318,-0.012219403937879852,-0.009282138489721743,-0.005331110960725828,-0.002315265024554939,0.001075355525208117,0.00072501767084163,0.0006667778386964398,0.00041191598076987363,0.00033495438611634175,0.00023759547791841386,0,0,0,0,0,0,0,0,1.3112234424337637e+38,-0.050610374407729114,-0.04647820989577719,-0.044270208684371704,-0.04157106969195207,-0.03819808060721767,-0.03431190142286718,-0.03264619449109188,-0.029095405497476794,-0.0265314347760271,-0.0257949411289611,-0.023158397568104307,-0.022091661041106644,-0.018590138236536338,-0.014039297349508246,-0.010151873176549961,-0.008636395995119889,-0.006200786289275427,-0.00131332621399751,0.001749719132047214,0.004268144155083701,0.009967839250584077,0.010794228527733209,0.011408581903404049,0.011671284993636823
-0.04580398522074873,-0.045798493809668106,-0.04721382406147301,-0.050966520179993695,-0.050242435214028755,-0.05145773631785877,-0.0518281178399539,-0.05201384059688003,-0.04876144713281796,-0.030909920224697462,-0.02560949359944606,0.003330288480969072,0.0040176748541436765,0.006960877222216541,0.006145734056894978,0.01715107731499434,0.006297126835500371,-0.03259857843670118,-0.052045835498291074,0.0338159012133746,-0.07604398354644046,-0.07571933609091536,-0.07561179739867206,-0.07440437973865692,-0.0693760656184875,-0.06711795815836756,-0.06445245058666034,-0.06010953884091761,-0.05717318556975534,-0.05597165603225517,-0.05317452018866431,-0.05146228917470153,-0.047695875830844475,-0.044419788844683096,-0.041811911139199874,-0.03891126876935495,-0.03423967255358501,-0.03155566301713481,-0.02940267783757348,-0.025202659954220052,-0.021767027537206593,-0.019250132240516776,-0.01458033537000679,-0.009697618230634742,-0.004566349367696418,-0.0025877302706160967,0.006314732937181033,0.008356924036512645,0.009364540073857834,0.012678367392936858
-0.046418709293812775,-0.0477727839502528,-0.04861783766903697,-0.05065847692947747,-0.051650872258559695,-0.0531558931532064,-0.05603190654051441,-0.057921777608765164,-0.05763304593451991,-0.0614666567301102,-0.0642492665225763,-0.06473015578369677,-0.0687279319664462,-0.06989388403491693,-0.0670657888665671,-0.06940570036043311,-0.07201456590822986,-0.0706653894474551,-0.06902868047932033,-0.07933668992080677,-0.07810521750971501,-0.08094732385767826,-0.08410468976398984,-0.08374875100952996,-0.08286331912838929,-0.07992393194245619,-0.07781778690364968,-0.07353990508913398,-0.06984800579202602,-0.06865100202113487,-0.061730961839940056,-0.06109230517408927,-0.05973773838418895,-0.05740436568444954,-0.05488610143727976,-0.0513321541886997,-0.04509397769253164,-0.041474732810268075,-0.039180021782953836,-0.03373395950772754,-0.031104711771514054,-0.028493920371005402,-0.026121164596175733,-0.022136338778539544,-0.01773339815539086,-0.013263155404726988,0.0016201312521237617,0.00691421732326068,0.008957813032668552,0.013134811820962926
-0.019563180521779164,-0.021821128357927665,-0.023744243850957615,-0.026356190923229692,-0.027650845084803588,-0.026739366059874106,-0.027021042720771243,-0.026255930473691264,-0.02942881144001543,-0.0317008448873332,-0.035961034826121265,-0.04062931598052712,-0.04912333400868368,-0.050721177870560144,-0.055793472518621524,-0.061908186382283,-0.06896114340645189,-0.06956672179517365,-0.07199872086530879,-0.08360729035354134,-0.07750552847488602,-0.08205309214532933,-0.09153890586356661,-0.09165843769668267,-0.08562286355598943,-0.09165475573862353,-0.08945296142325324,-0.08507282604610283,-0.08058798979614988,-0.08050251447564466,-0.07804905017908263,-0.07712730465675713,-0.07473058171543584,-0.07154539632991481,-0.07016717176542965,-0.0687987125926726,-0.06458606031121618,-0.06201561686095639,-0.056743405076423566,-0.050190860774337556,-0.04804263298921924,-0.04394818853444424,-0.041499760693996066,-0.03574778619795178,-0.032012275723734586,-0.029204648053420053,-0.023783474546413445,-0.01873869686220497,-0.014952916274499321,-0.008318364892238306
-0.0005270399133374831,1.825574204782991e+38,0,0,0,0,0,0,0,0,0,0,0,0,0,0,-0.012661051321454904,-0.009214863904339897,-0.00806155077199507,2.397514450978935e+38,0,0,0,-0.029529513408654028,-0.06638429682674002,-0.09460898438748895,-0.09879930404535435,-0.0902725337792458,-0.08775904462165517,-0.08533613779837862,-0.08527955253710835,-0.08506967430819953,-0.08425508067427147,-0.0820535863321875,-0.07919522841740043,-0.07854381360950273,-0.07617462077085876,-0.07448949735072652,-0.07257470817047768,-0.0686438904056272,-0.06663349320643738,-0.06474866036878754,-0.06360594945443519,-0.05475491573278142,-0.052561558628152566,-0.04902434739953089,-0.04319467965222841,-0.038739596836890156,-0.035527693406799996,-0.02906883252167127
0,0,0,0,0,0,0,0,0,0,0,0,0,0,0,0,0,0,0,0,0,1.830137201623146e+38,1.866585079742298e+38,0,0,0,-0.11228747448877009,-0.11395241527323373,-0.11467144155856059,-0.11447112863581481,-0.11230184063874929,-0.10870931969309884,-0.1064911768017803,-0.10347744602148551,-0.10224893504700985,-0.09860743871677909,-0.09595517180728999,-0.09676556279724881,-0.09666322886888248,-0.09517421097533363,-0.0915920022946917,-0.09038915111653714,-0.08738782006285649,-0.08480638256930803,-0.08333348980400364,-0.08282743161808151,-0.08160991481351498,-0.07878824349077845,-0.07836323339679167,-0.07469514647207988
0,0,0,0,0,0,0,0,0.049916172153283506,-0.14165484493746147,-0.14493715744203572,-0.14586585062610524,-0.15405553332849958,-0.14993330544046135,-0.1505984710509144,-0.14963079555202466,-0.1472146979494095,-0.14514331692274424,-0.1433293756086785,-0.1362935614718821,-0.1360117216983588,-0.13271805140373633,-0.13056059654452679,-0.13035932872487627,-0.12977781675202799,-0.13011157478795107,-0.1294385562448013,-0.13086663625786674,-0.13185560895008724,-0.13261196688098265,-0.1331985898921102,-0.133209845125984,-0.13358986755569197,-0.13176970519630063,-0.1303402561540167,-0.13010688127034137,-0.13029234071404514,-0.12934038811839768,-0.12771786158942125,-0.12532068971172314,-0.1235172753354684,-0.12242637057538462,-0.12042537184439833,-0.1235667909187314,-0.1205788140039005,-0.11724166762475786,-0.1175206093689794,-0.12025439622179213,-0.12289809113887151,-0.12776686876927115
0,0,-0.1457082193240631,-0.16594582094398125,-0.16666572019496845,-0.17101872748535293,-0.17827318561456737,-0.18066730175758755,-0.1783300604832469,-0.17958764380925332,-0.179362205324429,-0.17792973259843017,-0.17780888899791966,-0.17793809441391228,-0.178639773357157,-0.17898293632971835,-0.17766020162434412,-0.1731921013980133,-0.17237587463149331,-0.1645008675693164,-0.16274818019485918,-0.161469667069043,-0.15771321516595613,-0.15765225187817175,-0.15747732406036788,-0.15600669951337434,-0.15702017670125684,-0.1633751706220461,-0.16336730971502117,-0.16495891821965675,-0.16751885006962564,-0.1708514537134067,-0.1724658067086054,-0.1735466600524592,-0.17431696867288804,-0.17519184164683224,-0.17517848340235212,-0.17520516860622543,-0.17471292600045174,-0.17762912609130094,-0.17770996887818666,-0.17608959449853762,-0.17476068651180626,-0.1739379985449215,-0.17196087791833453,-0.17273204801555694,-0.1702801607451383,-0.16666777361049714,-0.1640359463657968,-0.16727395980104656
-0.17592257993164143,-0.17764090107573183,-0.17936465217885125,-0.1931662062983312,-0.19470804743782183,-0.1971117281163681,-0.20312943894658342,-0.20513362741875232,-0.20466035350356448,-0.2091298496301613,-0.21429337358783446,-0.21481520580568383,-0.2194218941647745,-0.21972328028550678,-0.21998269690987945,-0.2190610743364798,-0.21736595359451946,-0.214221600039555,-0.2122590978198182,-0.20473452196617892,-0.20344003342481826,-0.2016009694172959,-0.1954720570034231,-0.19407105917566406,-0.18755059930213086,-0.17797491943331573,-0.17845729860689896,-0.1793141235559213,-0.1782585111833252,-0.18299053400296955,-0.1829813952003803,-0.18386425842891416,-0.18455543557564894,-0.1866820142654847,-0.18712469150976468,-0.19000103902031742,-0.18682682977423065,-0.18296173698437027,-0.1818540438283243,-0.1854579969547359,-0.1843033501607933,-0.1835025942968693,-0.1817140324712359,-0.17969829066286802,-0.1837927120285326,-0.18351168957607986,-0.1786070345528201,-0.17493489231390635,-0.17940758449228617,-0.1768318091102105
-0.17626368540913961,-0.17503893740429136,-0.17598928847771686,-0.19092298747600162,-0.19541326704332462,-0.1974303231646493,-0.20979732950391639,-0.21752523516076713,-0.218682226732749,-0.2289259183676242,-0.2328038767730122,-0.23224581378086817,-0.24087977419698714,-0.24304049409399772,-0.23827675436810136,-0.2400112968641325,-0.23947646543935605,-0.23559242689064538,-0.23479350844158695,-0.23663918045239907,-0.23518946553746226,-0.2343335604997709,-0.2293082806737175,-0.2192652816117556,-0.22084122375911566,-0.21088620928581087,-0.20757115492323885,-0.20515151375104598,-0.19609153248960504,-0.19502374435794023,-0.20086902885351554,-0.19654331007225773,-0.19517662437365665,-0.19650680894755862,-0.19776428821020828,-0.20162995245242257,-0.20014276559403799,-0.18789508067117008,-0.20352159582184495,-0.19923464469254187,-0.20979504558972054,-0.21112202413856426,-0.21139444711045857,-0.210709216773563,-0.21474078205719702,-0.2156174141353661,-0.2220859829343306,-0.21888705596833175,-0.2210697698877816,-0.22287604750202272
-0.11392540566973139,-0.14048181593940537,-0.15390657724440332,-0.17899642413892966,-0.18495046485467548,-0.19052342414335105,-0.19684960235280205,-0.1992115143333284,-0.19895832313678194,-0.2105905863827823,-0.2140454222746397,-0.21416789875406408,-0.22634797103149837,-0.226722670931817,-0.22656513353216945,-0.23122103520819157,-0.25590086619963565,-0.25877902822408727,-0.26200719250991134,-0.2721773608225695,-0.2672460953801712,-0.2608437437630406,-0.25007927126900126,-0.23879448976831094,-0.24535111178032148,-0.26209525792424304,-0.2323930064716729,-0.2090405527864697,-0.23635132749760346,-0.2495533614413111,-0.255091145571855,-0.2619871756653433,-0.25785052278074666,-0.26446657491437164,-0.2619241732521605,-0.26484814336198603,-0.2694735833987891,-0.2733109225222789,-0.2743328948045128,-0.27422988552591204,-0.2735847193688883,-0.27256971336413544,-0.26940417281492,-0.27207227824289193,-0.26976908175870085,-0.2692707181301359,-0.26864443202604765,-0.2706141512848,-0.27175059982873434,-0.2747918313502313
0,0,0,0,0,-0.14287767325550885,-0.1664568214857183,-0.17558769296571167,-0.18071551632428468,-0.19400558478899257,-0.19959747545462372,-0.20248458124344906,-0.21525756331919504,-0.2227621723488849,-0.2274036118579984,-0.23521700038348373,-0.25215003907450656,-0.25344766847657146,-0.2657305568687407,-0.295681380712764,-0.31029507653378285,-0.32105654597708455,-0.3253755684727431,-0.3247847067865544,-0.31957855719939665,-0.31916363650806373,-0.31677796340708736,-0.3154764628490359,-0.3142896382154383,-0.31105775846596273,-0.30612242803726236,-0.3031944394317732,-0.3002215330922368,-0.30554372241588107,-0.3095066442679649,-0.3116030320012732,-0.3163160234804818,-0.31672734632337374,-0.3194002950951937,-0.3233695445868693,-0.3253323369420116,-0.32223602529754514,-0.32245483044200696,-0.32289724851408275,-0.3201182424764506,-0.3215426011234638,-0.32452208216043593,-0.3235437151571121,-0.3276796943508753,-0.3342363512502946
0,0,0,0,0,0,0,-0.10749252917706435,-0.12002472384613462,-0.14034016093115367,-0.1556094147005103,-0.18783574271040898,-0.2680693587298693,-0.28995296470108933,-0.2976049296364613,-0.30734554387770235,-0.31994738798988065,-0.32264713554054536,-0.33059081102825566,-0.33883296948883507,-0.3376287408819906,-0.3420938221962221,-0.3543160099561659,-0.3544534954111005,-0.34564655951890266,-0.35262282682279256,-0.35360743619220364,-0.356151580014711,-0.36011925674504736,-0.35936135340578207,-0.36833490016436404,-0.37161838996729324,-0.37266960806636007,-0.37229151053577864,-0.37123895520188555,-0.3676050653115546,-0.3761473059952847,-0.3728517786523054,-0.36870617499742975,-0.37043642365028817,-0.37081993183743367,-0.37528663264669315,-0.3724310193012779,-0.3749549468277417,-0.37156198262891565,-0.3747537445942036,-0.3760172132633796,-0.3744416902039969,-0.3753703705041886,-0.37380599768196104
0,0,0,0,0,0,0,0,0,0,0,-0.0858307490485722,-0.12821561823644895,-0.22401252936988875,-0.27507127888814475,-0.3020073796998565,-0.32582074410308576,-0.3294490272797015,-0.34077627806248895,-0.3678365194225116,-0.3782237758594235,-0.3828078239456903,-0.39645459929062105,-0.40356926896784645,-0.4073761337038614,-0.4167645006196125,-0.4195951089928474,-0.4151776976395087,-0.42320355488500183,-0.42368537597887546,-0.4327627076619992,-0.4323100233630202,-0.43153681346990663,-0.4265250083726395,-0.429402590144822,-0.4405314162180889,-0.44352058123014354,-0.44026287507344847,-0.44250606933416375,-0.4490038342345033,-0.45103431588000864,-0.446716165331013,-0.4591316959846982,-0.45488496000311884,-0.453838465518629,-0.4584435403638897,-0.4603830942677385,-0.45977968189228124,-0.4592774303400982,-0.46687911790238024
0,0,0,0,0,0,0,0,0,0,0,0,0,-0.07119900290126607,-0.16851885636589758,-0.2421689566065376,-0.34129964156362463,-0.36325763175655623,-0.38463570973263655,-0.41013886262347216,-0.41386943942821247,-0.41927366705599917,-0.43438099866697977,-0.4398909148914399,-0.44588704910991944,-0.4594910422687644,-0.46574844034366,-0.46273002193399426,-0.48252398608255925,-0.4939408354509303,-0.5076158401775455,-0.5027120219053427,-0.4991517316657225,-0.5014897161227237,-0.5039314889700504,-0.5058732445859339,-0.505173337747374,-0.5106773174889055,-0.5221422357152511,-0.5269337275749,-0.5255269635450227,-0.526430244321766,-0.5284944823273882,-0.529380802102668,-0.5137312166913708,-0.5130653070844841,-0.512478101839876,-0.5087941818109325,-0.5094061602207832,-0.509035385629039
0,0,0,0,0.023995402639406225,0,0,0,-0.026614529448764964,0,0,0,0,0,0,0,0,0,0,-0.3213422247799765,-0.3928111798270337,-0.42952438032775103,-0.480610070734838,-0.4900051531975072,-0.5049532401008052,-0.537469107407925,-0.5467767794300009,-0.5553470689996686,-0.5661479217267834,-0.5627225059621888,-0.5621408468231809,-0.5515539208074666,-0.5509437140841446,-0.547521584226014,-0.549985047565446,-0.5459916259842723,-0.5480476951246624,-0.5560820004580352,-0.5477673541478898,-0.5571023226127328,-0.5580651893990364,-0.5726450550702123,-0.5799073281636716,-0.5862369320500295,-0.5988240303524919,-0.6096651324415837,-0.619159306554324,-0.652856827272926,-0.6601939407848799,-0.6410135608131556
0,0,0,0,0,0,0,0,0,0,0,0,0,0,0,1.8997788496968408e+38,-0.046367679338614444,-0.1378175529826688,-0.13058825400579446,-0.13567457752450984,-0.15253815378095,-0.2146634608627499,-0.3685771138934177,-0.4648610873395787,-0.5287382943843169,-0.567890778344461,-0.5783441202661231,-0.5910217934579228,-0.5917093064680609,-0.5911876685753985,-0.6068219742650194,-0.624235452647345,-0.6282046787899984,-0.6323016503891443,-0.6324776110897375,-0.6337774466525636,-0.6361172112209442,-0.6275171112750109,-0.6287034953930093,-0.6346410362981565,-0.6629630848562602,-0.7236697049547741,-0.7408701278069432,-0.7497655659702338,-0.7607895453643917,-0.7693140360855315,-0.7763873382720752,-0.7987729848891921,-0.8098769306113347,-0.8145656722841972
0,0,0,0,0,0,0,0,0,0,0,0,0,0,0,0,0,0,0,0,-0.20825245655733438,-0.27755880568999686,-0.41106033848275153,-0.48366637186937433,-0.5006503301704399,-0.5691418864464093,-0.5895732993934704,-0.6089512420883154,-0.6401730430302317,-0.6786596083479631,-0.6975176128302317,-0.6977057088186892,-0.7077145403563423,-0.7255083070239847,-0.7508874092002834,-0.8076310561146425,-0.801240055027824,-0.7996380232161607,-0.7882720933969447,-0.7743738131953515,-0.776329861503567,-0.7919907784376974,-0.801150114206653,-0.808152344701277,-0.8222055472697422,-0.8316309641649643,-0.8609523708935585,-0.9029743974531178,-0.9150365011057539,-0.924209410314198
0,0,0,0,0,0,0,0,0,0,-0.14995633701683983,-0.14496104535908202,-0.13864643853372133,-0.1367105471010943,-0.14269285678582494,-0.13734578425240865,-0.1405240004662968,-0.1949105561983483,-0.24833713573603605,-0.32162749592110956,-0.3937518546397011,-0.407760154852566,-0.4463305129310675,0.07357505669401732,-0.38705494593885287,-0.6687140261247908,-0.6597023252097967,-0.6731944412185108,-0.7368405002604734,-0.7346792874195917,-0.7370314196004836,-0.8006244158994901,-0.8455986338238224,-0.8581311771803607,-0.8780785093288439,-0.8936016385870882,-0.911266133440701,-0.9585992106682288,-1.0303899783207264,-1.035373065292804,-1.0393247702101633,-1.0353482784913315,-1.04470037562402,-1.0434475810827903,-1.0201618132930712,-0.9806695008637126,-0.9803468266096794,-1.0219090905903,-1.0253484126180035,-1.0230186908599515
