jsons/1312862400.json
{"header": {"parameterUnit": "m", "parameterNumber": 2, "dx": 0.1, "dy": 0.5, "parameterNumberName": "Eastward wave", "la1": 40.97354507446295, "la2": 16.46031188964855, "parameterCategory": 2, "lo2": 133.9931640625001, "nx": 191, "ny": 50, "refTime": "2011-08-05 8:00:00", "lo1": 114.97908020019554}, "data":
[rows 22 to 43 of 50, columns 49 to 97 of 191]
0,0,0,0,0,0,0,0,0,0,0,0,0,0,0,0,0,0,0,-0.2034474524001076,-0.04929825575174265,-0.10747879784341513,0.08024330303951993,0.10372776325948467,-0.10470888459001522,-0.24261429952576732,-0.1766615981989713,-0.1380274475670313,-0.2084582921507504,-0.1259024583117615,-0.13536257367969837,-0.2819035778496766,-0.2303338650485984,-0.30656821946129326,-0.6427420834584646,-0.7045990508043225,-0.6363912986373298,0.6683679140898251,0.19804976168739605,0.7244333022614753,0.7233754139954696,0.4345823651739479,0.5048813995339836,0.33783770208945096,0.5257259380862762,0.44917955252074804,0.4356291857053619,0.4514833987567247,0.5811354213255788
0,0,0,0,0,0,0,0,0,0,0,0,0,0,0,0,-0.0006068241806796592,0,0,0,0,-0.014390679297993423,-0.024535126092399925,-0.06401634521153492,-0.1127148870581734,-0.09505345677938966,-0.10779005150787474,-0.14596845847977338,-0.14715769858888808,-0.09498941655778513,-0.17468580098524678,-0.3287027400805155,0.0024118632028488785,0.540187870357058,0.5682830827546833,0.4493924831619418,0.3936941166763299,0.3483140937136724,0.2439389508552428,0.20793759161744213,0.3431922647062728,0.30760468729732515,0.10345308300609281,0.19561847384679862,0.2769029994890505,0.30693616575622096,0.3806641491920255,0.40397598519031436,0.46452965961897336
0,0,0,0,0,0,0,0,0,0,0,0,0,0,0,0,0,0,0,0.0716094790629212,0.13112366311246415,0.10591359183267589,0.10246952399344698,0.08473275423286807,0.06107440869904179,0.04873222790692348,-0.009674979034588449,-0.0704093196791283,0.07390256801449531,0.1877698089142536,0.5582150458385923,0.6884993049996845,0.6801739161111238,0.6451704821241995,0.5911240595070342,0.5370183350194007,0.4214714991808443,0.38078111617314037,0.33235211288702143,0.4352591009684534,0.44976928157619706,0.45632147971308473,0.4576883317056454,0.42624279442302365,0.4128959228674551,0.38328504189157914,0.36011845564496203,0.3626444330967615,0.4097721946736065
0,0,0,0,0,0,0,0,0,0,0,0,0,0,0,0,3.3038944722661223e+38,-0.22667838636494403,0.1427312016594378,0.19959120609925315,0.22734467458141763,0.1841017524356725,0.14552190697447004,0.10832329465099642,0.11185189897435657,-0.07137789279775686,-0.08994419373359558,-0.003089021669257166,0.6406293926382921,0.6298195698712732,0.6149357231023954,0.6053415909457196,0.6034134857516623,0.5737316380801044,0.48139312206213397,0.46362419456522164,0.48249121539388135,0.49156722552697024,0.48574548642688775,0.46744026127665445,0.4188800283432106,0.3918607060856601,0.3528357086499765,0.3609203587345818,0.33404426790113817,0.3225657599046473,0.24651425755347034,0.37582265729115555,0.40233298023079966
0,0,0,0,0,0,0,0,0,0.06130103434255149,0.14365415710231694,0.20019579839578328,0.26856155283438093,0.34384052287039096,0.3607870698712643,0.34531236373624175,0.3472848246662668,0.3623264513688561,0.29983609867641464,0.2243900449015009,0.19407770993025927,0.04736629185349137,-0.03315056077232471,-0.11335827356930628,-0.20288386303907033,-0.3145599187539677,-0.2020891373925855,-0.4084280847297133,0.5464036652951548,0.37987738324089854,0.34270060668528785,0.3302232721443457,0.44559894847290693,0.3855075603992832,0.3460357597692846,0.3627698030835482,0.3239285388532262,0.39495284345952475,0.41345984405102454,0.4221844886882485,0.3992098320751708,0.40585136111481873,0.4000443167696759,0.39723989299877305,0.36520908650277656,0.3541111470418961,0.34939329273489284,0.3459225405898097,0.35018665587729275
0,0,0,0,0,0,0,0,0.2073023982392362,0.2636353485694753,0.3274823911720953,0.3437761621033883,0.3361941095558995,0.32977923588583624,0.3150827401795192,0.24806717097471115,0.21565769652301725,0.18075016183562617,0.01958171662868756,-0.04842944039889724,-0.0915841384035591,-0.2403790202943206,-0.2698394806964312,-0.37743512423896936,-0.45755373538620264,-0.6440239897296725,-0.7261824659884325,0.33066874755319414,0.3728968076835645,0.33915118453626186,0.32149671105684763,0.37262818262885966,0.37827712588854645,0.39284953418710467,0.3622243710204713,0.34079746806332,0.36629782107162,0.3996422377819608,0.42080309280735756,0.44838655924131515,0.43546483951163245,0.4309543851048975,0.4244786981914927,0.41378478073496944,0.3866801160828665,0.37647079831195324,0.35349804831676496,0.2957041855787686,0.2842383117314744
0,0,0,-0.3474330092157909,0.25688139554908895,0.2703168881177071,0.27555796257611653,0.29231922736158555,0.28788242514933937,0.27922843228223293,0.2840350396778617,0.27907782875138043,0.23824466108028836,0.2135661121767173,0.16622277521643147,0.031896719959504535,-0.08952381051263601,-0.14297022804560341,-0.24172069780902145,-0.2718943047901116,-0.34420362851261244,-0.4893268085671257,-0.5815844925485495,-0.6475882262770633,-0.7137644613960724,-0.7694566966832426,-0.7468287627901836,-0.7485943185352338,0.38878202102510967,0.39130126653920755,0.3756095123988316,0.3985134646568215,0.4181448470950795,0.4327093441897318,0.44594079088805627,0.44632386441729094,0.44668604834099657,0.48515083376249274,0.47720195936227366,0.4795351762706372,0.4866820437598786,0.45339340044655935,0.4407860568647404,0.40967568963514067,0.38666790919384064,0.39123347066176334,0.3968943659027082,0.40527960091119614,0.3831849812058498
0.12284189443150759,0.16786164823269942,0.16997661738281153,0.169543396698986,0.16519374585557603,0.1207432247179983,0.12192787703028805,0.11916083454340545,0.1094850268790047,0.0747730287976302,0.04722037868034468,-0.0011690191256146577,-0.09540891955490105,-0.1190535204104258,-0.17232932214311092,-0.292083560428127,-0.3731535208168499,-0.4226597839268545,-0.533497060290383,-0.586447428021311,-0.6431250659176375,-0.7279504868104748,-0.775647722018713,-0.7963749281627657,-0.7871581894516033,-0.6706238771026602,-0.5067430083155978,-0.7237674359288734,0.7437486161234198,0.25726933003131613,0.236510812320627,0.2804602351131968,0.2571391463803375,0.24985866334256013,0.317873868386281,0.33587435102830054,0.33151746169594976,0.3792085814838217,0.385003701548737,0.3809903001599627,0.4068349722427376,0.391333663421117,0.35597175064103964,0.35467863660196736,0.3889202941630306,0.42273189404226863,0.41193393393283856,0.361122676099186,0.35921518044763245
0.06824878489679874,0.0649352758228102,0.05016260316276941,0.022718004946370038,-0.02404269867063398,-0.07627809564026863,-0.06273153024577,-0.06748003538239827,-0.05951936343954352,-0.260840446642626,-0.33194112176676327,-0.4269343005200928,-0.5481470077746572,-0.6117605091859063,-0.6335189681961688,-0.6703793106318716,-0.6703548181535247,-0.6842486508460551,-0.7225192977027012,-0.7458716972360372,-0.773085110468319,-0.8132943587983861,-0.8261174591732527,-0.8338251665657225,-0.8426856521760077,-0.7313569148417698,-0.6431754582248237,-0.6649976958332591,0.13213429354983225,0.3897588787647484,0.7525909778429063,0.6903543375445491,0.40932624532104883,0.5754959728083855,0.3437775071246942,0.23263206605506914,0.259648769657455,0.27340336080381406,0.34690152797799106,0.34857791290454126,0.35582598540896454,0.34948731620356205,0.343435223233161,0.3383019840749635,0.32719093295618557,0.3370642387807699,0.33506491212516804,0.3417098240358899,0.34103077455945763
-0.14359762354600322,-0.18737761786730078,-0.2471306105850352,-0.3335064549732592,-0.4000651464262856,-0.5131676260513596,-0.5714100877104323,-0.6327829412336906,-0.7007859900057333,-0.7727837766376414,-0.8454768292736101,-0.8606356427819616,-0.8903986135837462,-0.8684813914696263,-0.8590062445989861,-0.8508205213233069,-0.8347566805087774,-0.8265554247304139,-0.8132027336972053,-0.8042942366761869,-0.7863572227977952,-0.7965101521547925,-0.808632200598837,-0.8277832506758526,-0.8287878754964144,-0.825354610692065,-0.7419070569377247,-0.6834853598005826,-0.611524302283695,-0.5592989984539422,-0.526691687818661,-0.474679448448145,-0.43719632426498545,-0.3472388214867691,-0.21586719075099867,-0.47362713699409026,-0.262018414105183,0.6017466998622052,0.2108009236116334,0.19666693356252016,0.23474489375463664,0.2543882612924634,0.2838778050430769,0.25953179954214206,0.23824177005554198,0.23329867953017047,0.2299497341100018,0.22516235706720863,0.20315536666873762
-0.5599683536193832,-0.6129307996823831,-0.7057398500991362,-0.7485252127963048,-0.809941280063929,-0.8689896811833389,-0.9205996949850842,-0.9449024796634627,-0.9515613631363775,-0.9246322048504244,-0.8430317294351738,-0.7750142566546324,0,0,0,0,0,0,0,0,0,-0.5630890570288177,-0.6942621758617037,-0.7480855879299118,-0.7494840167330639,-0.7821189978750072,-0.8222537906433101,-0.8283769482253887,-0.8245083123665554,-0.7823528276845145,-0.745156581969922,-0.6603447755860165,-0.6071577187892779,-0.5334802988007371,-0.32670804058979,-0.3349980405215271,-0.30756346110167343,-0.6653665989109037,-0.2588440056834957,-0.46222039961095884,-0.7045186239588002,-0.7070990257031123,-0.33734032936953257,-0.3707961191884081,-0.32151436850238385,-0.36043131261098615,0.28981162132303273,0.3204680771279895,0.22120268121580508
-0.8313035651754999,-0.8747955459445355,-0.9029686234088101,-0.9180921858204105,-0.9278659846012892,-0.8874349209295457,-0.8360065998985347,-0.6631999888504617,0,0,0,0,0,0,0,0,0,0,0,0,-0.28697354681685255,-0.6048506133132993,-0.6921239726845589,-0.7105891455476884,-0.714730489240994,-0.7880593563131775,-0.8013820869798106,-0.8343491425608661,-0.8590567470460218,-0.8598362936768487,-0.8611637716620967,-0.8354296526530561,-0.8166857176421125,-0.7213276724104613,-0.5373192495694227,-0.4246540791238361,-0.34599197882164384,-0.2971916574458175,-0.5339240197460425,-0.5504213406948208,-0.6011907118570258,-0.5297753583199121,-0.6019867210665443,-0.4915582466830223,0.27934441633441937,0.6426104770260853,0.6726995108311715,0.4404681709476226,0.3777060640634949
-0.8521269625144583,-0.8366367878317592,-0.7613681662475335,-0.6947675468746107,-0.5938023012508243,0,0,0,0,0,0,0,0,0,0,0,0,0,-0.07193126889633521,-0.23634170532242288,-0.4600511600718551,-0.6462752628596643,-0.7089259553590421,-0.7415657225025097,-0.7828906357313249,-0.8172306783302543,-0.8444164467808464,-0.8597307129149218,-0.8780913273303924,-0.885870519524747,-0.8952923804501478,-0.8921826669725822,-0.8488207493141361,-0.7781930837086174,-0.5901409993779255,-0.48068250374624566,-0.4038630190529845,-0.34288281234308343,0.71278226320333,0.4592303174711189,0.4910155823925114,0.5020145087481931,0.5183716272166463,0.5458796871786008,0.5899551614251043,0.6062132879475354,0.5680121565827142,0.4576518000005456,0.417192091557884
-0.6591892530182801,-0.461621099894561,-0.21417950123086113,0,0,0,0,0,0,0,0,0,0,0,0,0,0,-0.17747224068237433,-0.4829504465884225,-0.6363997049969885,-0.759359057075335,-0.7973781374957372,-0.8333274076893549,-0.8444082116298696,-0.8742965801182238,-0.9074254955063078,-0.907650956603853,-0.907844162339283,-0.9198094907706232,-0.9394911323329471,-0.9464042173482108,-0.9423564114268494,-0.929157976059032,-0.8850367247158519,-0.6767495021689444,-0.5969031643267836,-0.4795178533951541,-0.7211583082663235,-0.8630760319314076,0.7935060360937484,0.34284273988018066,0.2391459785950209,0.2938058087633148,0.3081177608254185,0.3508318834947361,0.36898638062191663,0.40314713355143095,0.34647691955321863,0.29575803170617826
-0.4191480223244446,-0.42693671896691404,0.5013245944553087,0,0,0,0,0,0,0,0,0,0,0,0,-0.2667439860898389,-0.4135577707386308,-0.5789160958169125,-0.7519458901596319,-0.826542089026212,-0.8631968703641006,-0.9278174035325532,-0.9426887776090205,-0.9435441882244983,-0.9624487084493883,-0.9615321583966625,-0.9511430332809048,-0.9544743914421585,-0.9574610945807431,-0.970410628469343,-0.9740001134427673,-0.9800631543708842,-0.9539214881783623,-0.9205404067541008,-0.8234582113975614,-0.6804127737561302,-0.521516161235248,-0.4390436196185411,-0.39249374880250143,-0.3321162685318256,-0.2500682844915814,-0.5169133613069758,-0.38401531573687675,-0.668174462451967,0.549651125672856,0.5485806228035237,0.4384295967848083,0.48816628478331414,0.4990120511308349
-0.3040193302208282,-0.2440488171896288,-0.18572365120172094,-0.3453771123610953,-0.4482356316329027,-0.42226524488483413,0,0,0,0,0,-0.5571907283394256,-0.15001907612931087,-0.21974291087850917,-0.3854383036947624,-0.5777050417318755,-0.7038986108408813,-0.8345046997500699,-0.9471596798374505,-0.9752553380145125,-0.9882923641796664,-0.9934662904481069,-0.9922061471408726,-0.976676768921998,-0.9775479727173113,-0.9716695837431258,-0.9694552803420862,-0.9704840373035286,-0.9745237858624949,-0.9790242600700259,-0.9782150246397183,-0.9727305235457862,-0.9538632917455411,-0.931578992418902,-0.7974038632814191,-0.7839337516315933,-0.7407659456113284,-0.6684781977362724,-0.5795290669688371,-0.547705373901458,-0.38929047076076023,-0.34460574791279824,-0.25323031906538485,-0.22203856787447046,-0.20678040535677655,-0.4469438766831061,-0.27421024757282547,-0.2622120327750514,-0.22672119442769412
-0.29639569749576966,-0.2401042612920282,-0.402906982657006,-0.4661800566925186,-0.032362000446941555,0.3250284308778697,0.3340798079722304,0.37170078904839216,0.48550440487483887,0,-0.2629113588775221,-0.3840574612193606,-0.5498449960447908,-0.6975881022509709,-0.79856947653557,-0.9242232518567391,-0.9671178868240584,-1.0149833287865428,-1.042282872420759,-1.0375045545587827,-1.0286554779379251,-1.0242842360610631,-1.0124463977967444,-0.9874951733363881,-0.95831092497505,-0.9536019265133813,-0.9569300691995509,-0.9701923165674391,-0.977921560172016,-1.0210397119394212,-1.0023812335547,-0.9554836843468905,-0.9283072039168875,-0.9050110638848534,-0.8905512740166608,-0.8756246093923866,-0.8076822528072419,-0.7283771154180737,-0.6768500388193561,-0.6367852184360383,-0.49864519686455927,-0.47408044459132037,-0.4233750052298082,-0.36574420629048066,-0.34678362839879606,-0.3266415161773081,-0.312985307856858,-0.2687495671984447,-0.2784442547990867
-0.5588836542852225,-0.5607938725414905,-0.5079200781644818,-0.45446179257550884,-0.39568158553370164,-0.4024569450835704,-0.4489198775340273,-0.5294857250557936,-0.5774774964928967,-0.6900178553698844,-0.7733187739226853,-0.815958717159354,-0.8826674191655187,-0.9738682752058421,-1.0126136486478483,-1.0278186122333113,-1.046083173868473,-1.0562281194196699,-1.047553310851811,-1.0354412003435658,-1.0230684047363638,-1.0009661118860187,-0.993335560300755,-0.982481186945322,-0.967404173918022,-0.9435791963776067,-0.9738475761549529,-0.9700389582086228,-0.9250876507616713,-0.9326821119625134,-0.9302585697370366,-0.9345880255575417,-0.9349592206357974,-0.9396885733029652,-0.9245242125643601,-0.8939654036836124,-0.8734689094660772,-0.7773818943506885,-0.7334360466460405,-0.7086938596379057,-0.654373562728928,-0.5922806654123641,-0.5406258534283257,-0.5309547874031849,-0.48292232577490213,-0.46225106200883126,-0.431076693835637,-0.4290471432136288,-0.4246637857259952
-0.59212288466204,-0.6002529221296979,-0.5944848108743287,-0.6145717491189427,-0.7060600681359828,-0.7226480834120312,-0.7509635171678759,-0.8285806085544734,-0.8357757860490033,-0.846563162850367,-0.890734147345903,-0.9449050988779537,-0.9843516867013088,-1.0360294464595865,-1.0530501159066477,-1.0413740607602062,-1.0667501073782182,-1.0575759649439942,-1.0358915658471646,-1.0244757557294717,-1.0193161271989024,-1.010914829488881,-0.9873451994207261,-0.9914177484342525,-0.9941004639362205,-0.9745686067993444,-0.9809135650035123,-0.9750291353452262,-0.9325116804761584,-0.9282495138615382,-0.921257929771589,-0.8907131387488778,-0.906506653198267,-0.9123752926952869,-0.9059611386446822,-0.8819425307046492,-0.8382400546074379,-0.8085176241284462,-0.7829027574489541,-0.7642048487578298,-0.7088202318462201,-0.6858153908745502,-0.6793156805572811,-0.6507134814756669,-0.6292545292285459,-0.6018212813452584,-0.5966263789558672,-0.5557219986011684,-0.5324649742551006
-0.7032417323833481,-0.7494587086405423,-0.7851234173374184,-0.7856455837565451,-0.8292825858533157,-0.8337013402215532,-0.8533469064251304,-0.8776133089266134,-0.9049279227448985,-0.9200578792313895,-0.9891694650078864,-1.0012284820943793,-1.0150019200036096,-1.058366326304955,-1.0604907935716215,-1.0496544893686781,-1.0528741514042463,-1.048455672759604,-1.0375248675727609,-1.0323866088068563,-1.0221765442484054,-1.0068638741828937,-0.9900231808820795,-0.9869891648678318,-0.985145625969811,-0.9805636136203087,-0.9717161543505312,-0.9629519327376705,-0.9406352369942911,-0.9380469463487818,-0.9290264500565143,-0.9210114954956916,-0.9160810406813147,-0.9140655956120288,-0.8977881369716133,-0.8856167196783057,-0.869932079812875,-0.8552184229534507,-0.8241091023275252,-0.7995658505344281,-0.7811900240649653,-0.7669174362439515,-0.7378055403324154,-0.7137745281984833,-0.6989979827807212,-0.7078579078982512,-0.7065233616314528,-0.693185650896939,-0.6893218489652271
-0.8340081520790434,-0.8555116609226895,-0.8682621748311898,-0.8741734107081233,-0.9013076599329458,-0.9033239405929939,-0.9141724159584242,-0.9307129414380059,-0.9486835272705924,-0.9719294441440259,-0.9973681534875234,-1.0189827471192376,-1.0380407863935828,-1.0535911041759762,-1.058716652653467,-1.0664673909348983,-1.063810150492799,-1.0511567574427445,-1.0391378071879742,-1.0319308537837415,-1.0328875308544974,-1.0201796518699349,-1.0202434839443673,-1.0277402246003509,-1.031737935647527,-1.0096600130960374,-0.9826849109812764,-0.9744417769652391,-0.9491867085916331,-0.9435965464620627,-0.9350606572147087,-0.9194384376818187,-0.9176404792527697,-0.9144457916190364,-0.9056432394246178,-0.9052128564140823,-0.9120444032065517,-0.8703300796365535,-0.8387803763493891,-0.7755563079129859,-0.7678561657593258,-0.7868723113316575,-0.7740826071735666,-0.7672003690886903,-0.755013920332002,-0.735522050694772,-0.7202024342791489,-0.6931687328390812,-0.6969488702743162
-0.8806037523772775,-0.9105733174936489,-0.9253909465896847,-0.9289998347450846,-0.9469508873982413,-0.952386235665856,-0.9595662618132352,-0.9886234775652066,-0.9969074955845479,-1.0072660392598485,-1.04796691356616,-1.049185723669662,-1.0476624608829341,-1.0660524103497202,-1.0663344784744262,-1.06212698434147,-1.0658493349497598,-1.0736486583955993,-1.0591469974267362,-1.0543888747410153,-1.0524135396243548,-1.0365698579338565,-1.0312444881539204,-1.031601855714994,-1.0207663857349274,-0.99276941312823,-0.9926685404969489,-0.9921432871537669,-0.9676260556142191,-0.9672485218757901,-0.9626645623740464,-0.9414291338352037,-0.9433698060422356,-0.9390754817305915,-0.9343970993574942,-0.9284586379899065,-0.9157366405067159,-0.9013689563966222,-0.8865577142491192,-0.8661639465913527,-0.839427983524736,-0.8336495757018444,-0.814456554049258,-0.8124065331986395,-0.7737920229703653,-0.7499610763556254,-0.7330218841805946,-0.6990317490309342,-0.6790172633829448
