jsons/1312686000.json
{"header": {"parameterUnit": "m", "parameterNumber": 2, "dx": 0.1, "dy": 0.5, "parameterNumberName": "Eastward wave", "la1": 40.97354507446295, "la2": 16.46031188964855, "parameterCategory": 2, "lo2": 133.9931640625001, "nx": 191, "ny": 50, "refTime": "2011-08-05 8:00:00", "lo1": 114.97908020019554}, "data":
[rows 22 to 43 of 50, columns 50 to 99 of 191]
0,0,0,0,0,0,0,0,0,0,0,0,0,0,0,0,0,0,-1.2412316564115167,-0.532245829214108,-1.2916256282307685,-0.40072318392433887,-0.5116079456368259,-1.5901424968715565,-1.7544486793007463,-3.161116928583425,-3.580317824430979,-3.9941226804369427,-4.239545431109376,-4.3607045012599475,-4.497571050185372,-4.810124690108594,-4.940431098452044,-5.063585364438765,-5.153124520834253,-5.09228698168464,-5.0319427925992635,-4.980138896566854,-4.831187937333909,-4.381989809266726,-3.9861531730498787,-3.51737426057368,-3.1150014058146556,-2.055891590454637,-3.0357095290510996,-2.8315039909656696,2.864061511971058,3.756851235916695,3.882095816139087,4.3361804694369255
0,0,0,0,0,0,0,0,0,0,0,0,0,0,0,-0.27718598277959694,0,0,0,0,-0.7068170435811026,-1.5848932539435545,-2.212518511217397,-2.58505838720369,-2.862842619766428,-3.4590897026888703,-3.8008797252136532,-4.066445841171209,-4.380472104351521,-4.54239936445173,-4.66128933632851,-4.7943110709228005,-4.814168242277322,-4.708953123087659,-4.599109457535629,-4.412658797390777,-4.1612596399204795,-3.994497067305241,-3.829614824080569,-3.3735942997707005,-3.0918457599636286,-2.7614837634251406,-2.4587661361002016,-1.7057540746700226,-1.3448520356865468,-2.5153245483192457,0.25771097855777336,2.5856388741830143,1.1032457941157896,1.803218433876216
0,0,0,0,0,0,0,0,0,0,0,0,0,0,0,0,0,0,-1.0086124531439502,-1.5832304862577224,-1.7801534374555141,-2.047408272556847,-2.6594240309185513,-2.9849462518141237,-3.3102676811977774,-3.69132629712343,-3.8691100595938623,-4.012840556466286,-4.275199377000405,-4.373817533358016,-4.403735139617227,-4.479111924714335,-4.491937360872852,-4.364413592290966,-4.27749941115184,-4.121861812022305,-3.829739494631489,-3.5722925910422596,-3.251047122867293,-2.6316990123713864,-2.4235797533229118,-2.0357760140173946,-1.7654699992029201,-1.155813959150034,-0.9099943914871167,-1.8848475366697999,-2.110288324963282,0.4960936407403763,2.0815927270052605,0.8762236568499872
0,0,0,0,0,0,0,0,0,0,0,0,0,0,0,3.3038944722661223e+38,-0.618704381132022,-0.8189551534064137,-1.3274540580360725,-2.0159648200765976,-2.3126658907539577,-2.55600666608195,-2.982781183165728,-3.1874818775110247,-3.3746564674325312,-3.5997134781727205,-3.664635447204523,-3.705106799974588,-3.8377497260992484,-3.8665145255819215,-3.795882557596304,-3.832180379322384,-3.7631610465902585,-3.6245887592380597,-3.5090371937160043,-3.358958210381835,-3.0195368545797723,-2.86488586087269,-2.5639579274548647,-2.2324842669530596,-2.1002022639292925,-1.9075096929439173,-1.6412284298531732,-1.3038681450487075,-1.1172563295594047,-0.9155911047828498,-0.5144896526827352,-1.5944914916482218,-1.258079595101603,3.0753455393617655
0,0,0,0,0,0,0,0,-0.2879021919405826,-0.2449834529476166,-0.6523703210496864,-0.5608084566146934,-0.7823276739040753,-0.9365073705465832,-1.333314462544504,-1.5805090129831956,-1.929934825567358,-2.1097882860305113,-2.2439990696140537,-2.5893946478218473,-2.6983368289728924,-2.8432244257171684,-3.0132778210967355,-3.091272887712771,-3.150418894165063,-3.291088093075539,-3.3228802316283153,-3.3629082573825055,-3.4321872169801564,-3.437384627509102,-3.367651609889222,-3.3073334434663653,-3.276821918350844,-3.1694643889701064,-3.066026437028223,-2.860154288588291,-2.540467562577495,-2.429365087958858,-2.242205241312932,-2.077621178177458,-1.9498858030681896,-1.8792239897208542,-1.7457690828144357,-1.4639242879071601,-1.347628490208175,-1.1728912533233673,-0.8858533989121851,-0.6708730096503063,-1.108640225268375,-2.262532406169415
0,0,0,0,0,0,0,-0.15683619978187505,-0.7932006980128731,-1.2480427937874967,-1.4428544823132379,-1.6142166233314454,-1.855694457753011,-1.9602048299429655,-2.0739433328492534,-2.1655196240553822,-2.3641897024697025,-2.4971086045264204,-2.6342229857401316,-2.7361534936420995,-2.7829407377749256,-2.844133573247464,-2.9878574841015126,-3.0242110062063796,-3.060284050329757,-3.149443588389691,-3.19516525172276,-3.1942649258431715,-3.2452297982213896,-3.2339862540417275,-3.1267006392337557,-3.099856324671491,-3.0514166910576375,-2.892742568478044,-2.807728497858245,-2.6689344289155077,-2.5155879347425105,-2.4318573105739345,-2.3634724230329205,-2.2625665178177363,-2.182137209751502,-2.1029841964204192,-1.9654918995930488,-1.7148505213055867,-1.595563475862367,-1.4798204846291403,-1.1826672004652254,-1.0373959882196255,-0.9170414232671954,-0.7492740776178298
0,0,-0.6419954004740817,0.10161979378235668,-0.32480670561542846,-0.7099651228427069,-1.0697959400311778,-1.3209190843349325,-1.5949859592528095,-1.7769964354348629,-1.9222886987773005,-2.0386352820421125,-2.193535897823266,-2.2861108862512527,-2.367054255460523,-2.438322147993022,-2.561902369005728,-2.605345170043396,-2.6865295731023124,-2.7608251274697633,-2.80503000004967,-2.8364708914521093,-2.9586817734818567,-2.996479612974872,-3.0319599021272445,-3.085742246387486,-3.09602454443326,-3.1053340921865358,-3.0769244315476483,-3.0517172007715496,-2.9760142566369434,-2.980741658083473,-2.9534643375480965,-2.8463793535790787,-2.811301687266581,-2.748771818843816,-2.6114429283822793,-2.532276671308805,-2.500010664451456,-2.4016884847909497,-2.2783376417588244,-2.181559305720568,-2.044402990300427,-1.8384652196104756,-1.667291380507967,-1.5239318457490825,-1.3325721935238155,-1.1818977396931551,-1.107647737399048,-0.9003396480966706
-0.38298075100033024,-0.5617808147628831,-0.8137555566932388,-1.0869570509134336,-1.4106257515709975,-1.5219057074171907,-1.7124230448751778,-1.847964501295947,-1.993364007764602,-2.1568867457880785,-2.224656058293635,-2.3348713925909736,-2.4272357596244163,-2.4870320074211225,-2.5468117331868356,-2.5497347602600775,-2.603486248890675,-2.6619391503531737,-2.6904265775380187,-2.7673207875463337,-2.808201320207839,-2.837308371182866,-2.8955224655007252,-2.9170400041197087,-2.9354115250756263,-2.977330303794829,-3.002298920210306,-2.9815118922097583,-2.989253780899092,-2.9653884246569424,-2.911820293813126,-2.8977077369341635,-2.877235918896549,-2.792701759574084,-2.730451729676186,-2.6899671823231155,-2.613652774808061,-2.55858916012118,-2.5295039736364004,-2.419475015016698,-2.367448457711247,-2.213991408310243,-2.101370974660306,-1.855148702928069,-1.6874734284458164,-1.6275765193423009,-1.4144568214190663,-1.293294083296348,-1.2456077066494713,-1.0513618361675432
-1.1430904936760378,-1.4363596469240634,-1.560983038175421,-1.6948019040061173,-1.8234652239792313,-1.9062191774956319,-2.045120417417064,-2.1261479201754283,-2.263763773165675,-2.35713816109094,-2.4192845716154676,-2.4944485539408388,-2.528345152059427,-2.539804645221389,-2.5434254829711667,-2.5812224760056552,-2.653362472103885,-2.680965353750941,-2.7073667810650517,-2.758490084700175,-2.7849566137683133,-2.8218068482461276,-2.8850090277428113,-2.9179293319424535,-2.9204382892553835,-2.9458515580587163,-2.9382374991190803,-2.8981517861716863,-2.911328132369534,-2.9143204309436337,-2.9010045213441136,-2.911126139622542,-2.890475749611653,-2.827032285992092,-2.8025349658451737,-2.810066577673601,-2.706692330150455,-2.6161154837454843,-2.552500657684186,-2.420598951435259,-2.3042197545167262,-2.223545283673392,-2.080561142914693,-1.917917826002644,-1.7832920590102523,-1.6726930934933988,-1.5059459105877506,-1.375434760663713,-1.3284770147718934,-1.1611752649179463
-1.493140175188969,-1.7448018439529045,-1.8236249462768843,-1.952308193177741,-2.0716978842069125,-2.1338959827000448,-2.2038737738549385,-2.285401262407965,-2.3622847417760586,-2.441044455214431,-2.477128606601709,-2.5122087765137775,-2.544025046119413,-2.5629685962182718,-2.5856516629133317,-2.609597344672105,-2.6741835222471146,-2.724312053344302,-2.7380720347303322,-2.7826741266634873,-2.8076069433267286,-2.8284261349309032,-2.871988980804778,-2.885689338065281,-2.8914141895233176,-2.907815219146484,-2.9173505614305726,-2.921908349085704,-2.9681154282374345,-2.9809440074821314,-2.985902627284706,-3.052591430818263,-3.0699539179636752,-3.054592056110047,-3.0374922347183837,-2.907894910611481,-2.735505434885308,-2.6328904165283102,-2.509444295159704,-2.368672975644966,-2.268336075249104,-2.164224287482684,-2.066083646209072,-1.9158285256199157,-1.8303074878178793,-1.6841656243123526,-1.5059281902078325,-1.4155348734353803,-1.3673101747333811,-1.2761965465607363
-1.7859827535004549,-1.8963526672086617,-1.9510915124663268,-2.043288961979711,-2.12284379510627,-2.184444063972165,-2.231571826546481,-2.2809355404431826,-2.3164139148126317,-2.2035719254145043,-2.1073334085320403,0,0,0,0,0,0,0,0,0,-2.217602681227752,-2.57928791765987,-2.8665631118704136,-2.9341458300552152,-3.0093195936371413,-3.0829724955667572,-3.106811935347431,-3.1374303643201427,-3.20307454991839,-3.2296980972312626,-3.3091959839183467,-3.3237837514205713,-3.305765779896155,-3.2260038868073617,-3.1540759125297955,-2.9826212864532065,-2.837999408761828,-2.745774714015945,-2.6351873271209976,-2.4331241277557254,-2.3005512007755304,-2.17997155337084,-2.145711757374102,-2.0917553540365117,-1.9650112640651003,-1.8198968174895398,-1.6671016690612879,-1.591002718440405,-1.535400943778977,-1.4205773372177841
-1.7065396020143295,-1.7657373113567756,-1.7845691050758186,-1.7512856044761538,-1.6966204417953148,-1.5921838018385133,-1.3823210006769928,0,0,0,0,0,0,0,0,0,0,0,0,-2.0579090640899858,-2.39279467019721,-2.6140868503938277,-2.8300730278817117,-2.906613852557089,-3.056237429063775,-3.150530038779886,-3.213409068971134,-3.2783455296359465,-3.3697577477071583,-3.3933896805405888,-3.423088602264965,-3.418857290269332,-3.440604381442081,-3.436682717500809,-3.3895153103225786,-3.2793103406323616,-3.1040887366622427,-2.950994961734412,-2.7451687488213006,-2.8202006542378397,-2.7517448773755757,-2.6004742561436225,-2.013396887529034,-1.2269821508100989,-2.267626025034062,-2.229491194403145,-1.990385866561939,-1.8795180749921196,-1.7962643655909167,-1.597751440300136
-1.3547514361438637,-1.1863684292680432,-1.0838891414052618,-0.9592168745698203,0,0,0,0,0,0,0,0,0,0,0,0,0,-1.825268194030217,-2.0716452112859725,-2.364292504872942,-2.5695476535107096,-2.685028545006198,-2.822016325396946,-2.9138761111795697,-3.0152777789547898,-3.1144984448064146,-3.1566970998806867,-3.228497925488843,-3.3061093512750626,-3.3514841998850002,-3.3918431687445203,-3.387572806680008,-3.3158226328499163,-3.238356004565583,-3.1239146717472526,-2.824187785075624,-2.424429827391253,-2.127109007390325,-1.8191785289210214,-1.9178705445098594,-1.9496420169009834,-1.9746646391827547,-1.8716355686697637,-1.8658246504406042,-1.9061177578871482,-2.0325828944757784,-2.038330098618198,-2.068489748337793,-1.9845470027878442,-1.8726132512990512
-0.7429705118485426,-0.4995812931942565,0,0,0,0,0,0,0,0,0,0,0,0,0,0,-1.9810747331860006,-2.1856531923939158,-2.3456313133808795,-2.4945919486563084,-2.626424834947769,-2.70381692874817,-2.8051622130670544,-2.8673802219283258,-2.9394064422191097,-3.0210073402016824,-3.0691842084308183,-3.0944774108152244,-3.134161276523865,-3.1371779401265565,-3.137340529163937,-3.059938074398982,-3.0057989502964553,-2.8258506584519485,-2.7320528685392644,-2.573515041652021,-2.4636150574496747,-2.382273672341065,-2.3004708392644067,-2.2345280871424475,-2.220681078827601,-2.2387250201060307,-2.238353788080361,-2.2054627777924147,-2.2261913655639174,-2.246667139376615,-2.1901544612872486,-2.155335982060384,-2.1170963448282567,-2.0285584315025997
-0.5039423346573263,-0.12023063013176566,0,0,0,0,0,0,0,0,0,0,0,0,-1.8791633509444592,-2.017933378753308,-2.1990826949607545,-2.35221844758068,-2.437587725352716,-2.5131980113261183,-2.6037792279137544,-2.666368375992247,-2.748510818295071,-2.799176854985428,-2.858426409537261,-2.9052419338031386,-2.9126675897296357,-2.9284192656606445,-2.9056838362050756,-2.907429027494503,-2.8575248294110893,-2.789373552672788,-2.7525645515224957,-2.664712119009096,-2.608605933726819,-2.5305212414624263,-2.4984849453635873,-2.4682108349140557,-2.449783969015005,-2.410968730136249,-2.4134884112562074,-2.411846526222289,-2.4125771860210423,-2.382882009295641,-2.3870073923142026,-2.3701627249469808,-2.2838624733484942,-2.2058341874558427,-2.175545996907007,-2.1020215310892763
-0.420505076397628,-0.3156591363444157,-0.3623913181435111,-0.5103199642605207,-0.4523327894266487,0,0,0,0,0,-1.6190590410555834,-1.668486986548095,-1.8687002761372247,-1.986352003712276,-2.111500021171795,-2.176370083210463,-2.2686100689220057,-2.364673004745759,-2.4107629649508304,-2.4690371205342023,-2.5303350441335017,-2.5585450047204428,-2.5765366342187606,-2.601635306987485,-2.6299447702489034,-2.633849518685601,-2.640000815689814,-2.6474050567906384,-2.643491651741343,-2.6323222552219256,-2.607966165109005,-2.5770234636664573,-2.5595740088124956,-2.5186971742092648,-2.518241277127443,-2.5056602019151324,-2.4837287651779234,-2.49840968705124,-2.541320806681237,-2.5444486021429062,-2.5530538245941337,-2.5667238152623417,-2.564137962654045,-2.56376517037695,-2.5165936694944757,-2.4902518056344847,-2.4452417193129716,-2.4363424906420117,-2.3950652191612054,-2.3538029298283316
-0.43586647881492785,-0.3430152722745976,0.5952858865680389,0.5893324799733449,0.5111058398791352,0.527918330373633,0.5861950392322454,0.8338521836224124,0,-1.560241391078382,-1.7661785797945613,-1.9036421263578238,-2.0213621715783914,-2.0794420870661994,-2.1630107644992,-2.209790288899051,-2.258986110596305,-2.3136100187225517,-2.34210181746253,-2.3727665976370638,-2.4241711544262916,-2.4405404818782848,-2.4557255958829782,-2.4575760145612358,-2.4782643758674556,-2.479653234115045,-2.4788267169786034,-2.473132163993298,-2.463133264996885,-2.466119785939893,-2.456987380665098,-2.458447795167907,-2.451316168235836,-2.460962525195811,-2.484994430197382,-2.5206109103500762,-2.5416344742815076,-2.546127020316719,-2.5849407023731024,-2.578707211131706,-2.5828283879801024,-2.5727937205814935,-2.5572588024500713,-2.5251445601517686,-2.52774993373194,-2.5194263054810295,-2.4787348330093764,-2.4688384162653225,-2.4367356289266806,-2.3895086256557274
-0.9147033009401072,-0.8928464778133904,-0.9352857951098419,-1.1671178439630974,-1.25010079522001,-1.4820857092251822,-1.6713894680705739,-1.765284577329519,-1.8833842353305539,-1.9354400769749436,-1.9646448744901945,-2.0221045567944147,-2.0586068995218514,-2.078060357165544,-2.1351168871558555,-2.1632945367974092,-2.195301293469971,-2.229436432830957,-2.255265266644856,-2.2757344581468195,-2.3016895120340752,-2.313588693327925,-2.324385771680072,-2.331313784741868,-2.330158664107567,-2.3514140375929786,-2.362354738392392,-2.363979619123336,-2.381350895162032,-2.3861488743410444,-2.407603669513276,-2.4344638708555886,-2.4665630686442084,-2.475248410152861,-2.4834295975060625,-2.518484291823139,-2.5174711563308687,-2.529712589457688,-2.542647101987143,-2.53209197178242,-2.5172311904467515,-2.5287970818401027,-2.5255511770634604,-2.505405431968369,-2.4911190729794157,-2.4693138902936838,-2.4607297812428577,-2.460433163483209,-2.4336077863996035,-2.400250415816516
-1.3292247157577708,-1.3894062831734904,-1.443641396906319,-1.6034567179301782,-1.648221483347656,-1.7049659301953473,-1.78847461544983,-1.795619637317289,-1.8553358464769996,-1.881635361496789,-1.9184208210979525,-1.9545318405562058,-1.9860712251611294,-2.0071145234534518,-2.0477315910687115,-2.0630977490349656,-2.0851077946977097,-2.121108192871131,-2.132492754150491,-2.170096117282808,-2.1837666284414934,-2.191615941532834,-2.1851978058417814,-2.2095440426356534,-2.2292922375042927,-2.258932109561406,-2.274970640504995,-2.2904950116434497,-2.324318425234085,-2.3462833359894595,-2.368710209189306,-2.3933815581715465,-2.4059742025285584,-2.418778985849398,-2.4257268912291257,-2.4546106618726475,-2.4409851967370133,-2.452537706517752,-2.4811885196837653,-2.458209357078635,-2.4544382758801846,-2.468409142463838,-2.457368155708534,-2.434740041572593,-2.43282614453677,-2.4272808044734258,-2.409210269811268,-2.412952008949945,-2.393903652706952,-2.3605476431105448
-1.4970369476004604,-1.5727266900968453,-1.5907645085433448,-1.6542475118652684,-1.6996282456519722,-1.714934138133033,-1.7495352870204481,-1.7772580064124535,-1.8011602767634798,-1.834058389996489,-1.842046929285011,-1.8917402046085972,-1.9185932304227518,-1.9419971360492072,-1.9685183980405678,-1.978075143748674,-2.012497014907935,-2.0311281581999427,-2.052426442824269,-2.0748043827919935,-2.0908898705173375,-2.1047385623375496,-2.120768869069239,-2.1282095832288808,-2.161907640726401,-2.2022296207562175,-2.22502235185549,-2.2553677646599515,-2.286076905309919,-2.30685502819493,-2.3107840413308973,-2.3428993339048887,-2.3625791441977797,-2.3762299248107586,-2.3887372931107422,-2.401192309438483,-2.398594628131194,-2.4032133378739693,-2.419528814623005,-2.414665269989159,-2.4234558059462152,-2.413997995384496,-2.4005245281194134,-2.3755820691721876,-2.3845798752081655,-2.3867179410057076,-2.3669270542207803,-2.354135855201187,-2.34953147183806,-2.3136238602829615
-1.482237988537715,-1.5384448538521889,-1.5711921537767581,-1.605538999568911,-1.6289633400669477,-1.6552300410842353,-1.6720854846219328,-1.7007282908823944,-1.7444465170571815,-1.7594472692516647,-1.7878662013902231,-1.8277084841002795,-1.84406291396816,-1.8640291709184456,-1.8853060387104994,-1.8937672098270342,-1.9176113767250322,-1.9332800098241016,-1.9416767045878596,-1.9873284933844177,-2.0142335535654143,-2.030538883429957,-2.089133729870124,-2.0997760087812347,-2.1186878406286196,-2.159540363851486,-2.1742449182033057,-2.1949150061305467,-2.2224423246700473,-2.232437584279767,-2.2479156917020866,-2.2689702180682483,-2.2824469467816955,-2.286934162190764,-2.301088917702572,-2.323711280993468,-2.3276548253020652,-2.335131168003988,-2.343642892706875,-2.335211473544258,-2.333199763856826,-2.343199863271425,-2.3352132236296095,-2.32028841589512,-2.3163252144945763,-2.3151652280736554,-2.305294540230013,-2.2993309759962344,-2.287052035873765,-2.2716778680438554
-1.4836811497726798,-1.505530532164206,-1.5208755110200725,-1.5626115230751463,-1.5899228827055287,-1.6104672495123393,-1.6503094975877561,-1.6596302183553422,-1.6891031752010004,-1.7163571170039265,-1.7252939097015036,-1.7582739979611164,-1.782266064302659,-1.7863725030758586,-1.8146014009208091,-1.8403457589016123,-1.86622186113208,-1.8848562540295886,-1.9048576114817388,-1.9335210505386065,-1.9645351977106158,-1.9817567344778724,-2.0084636385872385,-2.0379851740642234,-2.066759327128037,-2.092766245264723,-2.1113866015451963,-2.1353787520268637,-2.1453687203580842,-2.159731889696913,-2.183086732747604,-2.207017905125183,-2.2229574853062752,-2.23452162726093,-2.240442622999312,-2.257428376463353,-2.2610805997804473,-2.2588225769705192,-2.275236345718677,-2.2724206881860134,-2.2710600176415485,-2.2704383733919986,-2.2661108490350643,-2.261370400815259,-2.2719617178886,-2.2624593541128135,-2.2391762167640947,-2.2392803780379156,-2.242836272503661,-2.2310939156983776
