jsons/1312797600.json
{"header": {"parameterUnit": "m", "parameterNumber": 2, "dx": 0.1, "dy": 0.5, "parameterNumberName": "Eastward wave", "la1": 40.97354507446295, "la2": 16.46031188964855, "parameterCategory": 2, "lo2": 133.9931640625001, "nx": 191, "ny": 50, "refTime": "2011-08-05 8:00:00", "lo1": 114.97908020019554}, "data":
[rows 22 to 43 of 50, columns 49 to 97 of 191]
0,0,0,0,0,0,0,0,0,0,0,0,0,0,0,0,0,0,0,-0.273291328580426,-0.08188868164805586,-0.19249572694479042,0.17250032576512295,0.19919749681824253,-0.4368178182543103,-0.5837937904780703,-0.742511284934126,-0.9309818557723536,-1.2119916052021251,-1.2123642693871517,-1.2047839077743916,-1.1535843828275272,-1.0694109639816174,-1.0111235250604536,-0.9339566122643146,-0.8922851070178615,-0.7840597073347201,-0.6680356084054156,-0.6031789771193208,-0.6146592418211763,-0.5771650644210626,-0.5636632925382807,-0.5368949016612015,-0.5213125291368385,-0.37020719658401385,-0.34999771698174,-0.4120608174125386,-0.8872847384991542,1.0391019213083983
0,0,0,0,0,0,0,0,0,0,0,0,0,0,0,0,-0.00629030283487525,0,0,0,0,-0.11408442611253553,-0.24432977732956543,-0.3803215019708334,-0.5310883481229836,-0.6605727655855486,-0.8458388839470963,-1.0169779324563546,-1.210055877804738,-1.2166846457471792,-1.1865033074792637,-1.049025151208309,-0.9022417492139965,-0.783640198513761,-0.6545804350135742,-0.6308955813705007,-0.6059297102357684,-0.5827154331540028,-0.5689795535221986,-0.55857939646729,-0.507742105807584,-0.4717715777344757,-0.42000348445540153,-0.40309558585051747,-0.34494364323072546,-0.3064857542049059,-0.36393527744294213,-0.05869217971142696,0.9464682263823607
0,0,0,0,0,0,0,0,0,0,0,0,0,0,0,0,0,0,0,0.05819715109758086,0.12212109495448695,0.017137770462406568,-0.08334979997111758,-0.2656090773516587,-0.4519608828377849,-0.8844667646133368,-1.0918481928708144,-1.1755619077320247,-1.2214124069157783,-1.1549185029788156,-1.04961699165382,-0.7858434011904024,-0.6914884113751482,-0.6717680704621828,-0.6496129448174235,-0.62744638551919,-0.5860253782189,-0.5271238476870611,-0.4906118148657434,-0.43470391455795837,-0.3717193726493473,-0.3502990470726828,-0.26804747507238136,-0.2695826461978083,-0.21555972652373495,-0.19144300642727047,-0.3307559430988869,-0.8683246982192349,0.10883332296883227
0,0,0,0,0,0,0,0,0,0,0,0,0,0,0,0,3.3038944722661223e+38,-0.27860899297427444,0.12968500631296773,0.14753358316028686,0.11394540661164193,-0.2122010977438351,-0.4412595495750926,-0.7118681858911864,-0.9170318104114253,-1.1563572469531629,-1.2355762702906314,-1.2510922268324403,-1.1283435528740158,-0.9840290305975038,-0.8503017504584162,-0.6542282680005036,-0.5759114549944392,-0.514835040444925,-0.43698993850732515,-0.4055613307175448,-0.408626285434124,-0.39711688189213534,-0.38109741924703644,-0.3291213680452315,-0.29698105333523167,-0.278700127860883,-0.2642273618651772,-0.2514711874837223,-0.20233866721485985,-0.16542326233943,-0.0991854128272093,-0.8433420323895455,-0.6650165472481151
0,0,0,0,0,0,0,0,0,0.06399651560223855,0.1546856123893672,0.22149129754078362,0.299360222505875,0.4072208100138679,0.4341181315810672,0.38938275608662265,0.36334254642500047,0.33956210638751083,0.08974162454530288,-0.10728100424389653,-0.38628406321254877,-0.760427148914719,-0.9423151077320429,-1.0729094192536934,-1.1608558432466032,-1.257743293608016,-1.2427223611913225,-1.2034951686503732,-1.0735879282776288,-0.9099923274799573,-0.7977841033402738,-0.585286318122596,-0.46222239673793447,-0.46052750757238564,-0.43446939584670335,-0.3775573106371133,-0.2976583545471262,-0.22182406541898872,-0.21681609246348008,-0.1828269524100304,-0.1702977254871285,-0.15312952329565183,-0.13608845272986655,-0.0965305346437426,-0.06224205595706889,-0.07123045699451185,-0.4110762224646783,-0.7470110232494171,1.0087005880872564
0,0,0,0,0,0,0,0,0.21540920103634786,0.2683496501594242,0.33649190199746676,0.33710945475081683,0.2646361876857527,0.2242073253044123,0.15415025793837078,-0.052582296619336,-0.18650690943452156,-0.33273883709403645,-0.693230482070328,-0.8528296585968792,-0.967012239781993,-1.1176960713895014,-1.191936279347567,-1.235841770626764,-1.2526097099974272,-1.2784525301958212,-1.228642648556541,-1.176770960115275,-1.0644778052808372,-0.9385796969701177,-0.8342712702129175,-0.6854651656695452,-0.6318178997923284,-0.5854962753194974,-0.4637447714763944,-0.39327224933305294,-0.2947785015257997,-0.19656679131922303,-0.16134369615811164,-0.14440590932866587,-0.10396367469120067,-0.09521469470529302,-0.21865411875120014,-0.41689759357330025,0.11084987199186146,0.907933599376515,1.0027546150290325,0.7956914358250482,1.00148256772337
0,0,0,-0.3975924210140389,0.2757693313734145,0.2715556689495913,0.2536146744578026,0.26637625636321455,0.23605188387155754,0.10719483559095047,0.040553154078383065,-0.036832891318963695,-0.18720091241870387,-0.3151879598497053,-0.46852263549700535,-0.6667912238411856,-0.825055464176034,-0.9143514565648532,-1.0587303838144568,-1.1037971006547425,-1.1459473110631389,-1.2055386789646885,-1.261068246943699,-1.279595596728123,-1.2888344892959518,-1.2832061211480428,-1.2344070273703232,-1.2205509792633051,-1.0544145967584422,-0.9402174949697906,-0.8625848947071445,-0.6971124071812476,-0.6213045759372385,-0.5662130796162292,-0.33739055481126135,-0.3023326216757582,-0.2414825470561934,-0.20041563322591188,-0.18608316745925774,-0.17238304307305327,-0.13170355666566966,-0.3407288774528583,-0.40761442298439854,-0.8803391545456783,1.0098093040920246,0.9227640256741879,0.6679113897457827,0.22248180283069496,0.037254963203808784
0.10533164350008606,0.14315259461782898,0.10788894903273344,0.07202538654877891,0.03719380944469807,-0.09348295492499843,-0.14860541587503337,-0.22561184277327564,-0.3404318446558482,-0.4853751843502987,-0.5837124027842868,-0.6508186941797134,-0.773701689165857,-0.8451721852812498,-0.942028793520397,-1.0483881675475792,-1.0897592875577617,-1.1314952624378063,-1.1908981592171823,-1.2153712814628466,-1.2448745648181279,-1.2846074827106846,-1.3019097780358642,-1.2995480672828421,-1.2970979288295064,-1.288612097306469,-1.2461669020919686,-1.2045207739728268,-1.119867280096693,-1.0455088331633167,-0.9660855689897846,-0.8395314861830797,-0.7700834335693849,-0.7226984267764639,-0.5607587935043528,-0.4183992192927355,-0.3255196702021388,-0.21672788525276007,-0.2282801690231972,-0.21463159797029527,-0.21867136332592174,-0.1951445490073818,-0.14245358268906333,-0.28195366456809173,-0.9943796688463923,0.9802682654761141,0.9427742779888981,0.4480068871007484,0.18007122923369065
-0.09428023548865472,-0.1621910099234848,-0.2865321676041454,-0.33266103755893334,-0.41216776269730604,-0.5224023023302022,-0.6017382916826548,-0.6862350267265569,-0.7424892571697715,-0.8695566276453837,-0.9413513251192712,-1.0093068416164237,-1.0978696220421795,-1.1514555559030404,-1.1661626692678744,-1.196281585144907,-1.220035464227118,-1.2392483102782972,-1.2611062199001126,-1.269878110205405,-1.291965707981713,-1.3228418674061315,-1.3333509238384578,-1.3486065012729145,-1.3652839987935217,-1.3569183885248255,-1.321680932586808,-1.2881687581575862,-1.2177914770444236,-1.1663012740779257,-1.1159439650743916,-1.027278039865492,-0.9599169608822502,-0.8695905361312742,-0.7231040164708666,-0.6470892419892319,-0.5896898259348651,-0.4654291973706969,-0.4012419267011941,-0.3725626976001876,-0.3247789020643838,-0.32342859790954814,-0.3003385423016911,-0.20741224185947132,-0.23580386968405023,-0.3173374592538536,-0.7439005423095337,-0.8401969131096686,0.8731673188133358
-0.41967411021170975,-0.547774202377489,-0.6644962036665528,-0.736266058170838,-0.8195125947598892,-0.9199729167906039,-0.9591380789302721,-1.0303318595488393,-1.0893852964368276,-1.151754104902538,-1.2136866296713567,-1.2330490453727205,-1.2611196522951267,-1.2626070136183933,-1.2713254401101237,-1.2743680253596557,-1.2698178558833195,-1.2844732574521323,-1.2986375218741273,-1.297231179457482,-1.2987670813473504,-1.3263589359143737,-1.362415630577936,-1.3835877134485912,-1.3785369383353097,-1.3760367002655849,-1.3380775881253981,-1.3120095339778728,-1.2763410058641869,-1.2460349992085884,-1.2251132748463778,-1.182062773263102,-1.142523630237217,-1.0998745441155295,-1.0063059782483006,-0.9351195167832377,-0.7839984587050125,-0.5972380159136826,-0.5047841142436932,-0.44846978541593696,-0.3866212049924362,-0.3230322819274899,-0.2588811338693732,-0.23046462522643654,-0.17843725715492398,-0.26186701529613354,-0.25861484130483287,-1.0179784523152702,-0.4953848667941238
-0.8584957328967555,-0.9174895440990165,-0.9898311367671204,-1.0236666375144081,-1.0860361593247987,-1.1444438625982285,-1.189267527529678,-1.2167552308710017,-1.2527537868982532,-1.2720193931175119,-1.2236113883039619,-1.1615035660885547,0,0,0,0,0,0,0,0,0,-1.060230652915904,-1.2565690756525822,-1.3368808407402126,-1.3480371965477362,-1.3679381170159008,-1.369789815203879,-1.3704850621887652,-1.370928930089274,-1.355499743735979,-1.3491471988585784,-1.334234586305815,-1.3052909277954576,-1.2532426590660122,-1.1126242065000882,-1.023973880449013,-0.8745647724128642,-0.7638587265922272,-0.7233083579852227,-0.676629653641976,-0.6072850223310137,-0.5730059091793849,-0.5426702171555491,-0.5976947379669425,-0.588608500507187,-0.49833360323676357,-0.39241602995683805,-0.2529633469316593,-0.2161777979126475
-1.055543686581086,-1.085100818710188,-1.1427636975090996,-1.164321338484918,-1.1487715523882953,-1.1092026854368007,-1.041334892443011,-0.8728375802643918,0,0,0,0,0,0,0,0,0,0,0,0,-0.8290212895071067,-1.139012477812401,-1.2685474798538279,-1.3250351045312343,-1.3434836718793666,-1.3928571680268582,-1.3912462234232594,-1.3929102269883322,-1.4183400475207923,-1.426366522186921,-1.4283394435900583,-1.4171050252327286,-1.4116851529148295,-1.3686049559368976,-1.2856610957738006,-1.1982013305396924,-1.0913132110396073,-0.959038746697901,-1.035728804688395,-0.9941313358559589,-1.0267628744505997,-0.9474506042330734,-0.966743374020175,-0.8062575335270898,0.12808815973270593,-0.9700725329443941,-1.0435300459329357,-0.4689900433986836,-0.35400984248515177
-1.0584016880794327,-1.024699878860951,-0.9284815943195933,-0.8423998384595848,-0.7207417104889835,0,0,0,0,0,0,0,0,0,0,0,0,0,-0.5766170175128523,-0.8340942142087407,-1.0796899394213595,-1.248102395122809,-1.3047326660760628,-1.3447292318377992,-1.3743758308398388,-1.4091460345879387,-1.4229285506408809,-1.4314324653525308,-1.451343122961345,-1.4669262041545095,-1.475870237400385,-1.4739829839651553,-1.4652568274628202,-1.4256479534740125,-1.33985995088417,-1.2842874495926278,-1.1566549949470044,-0.8178694664272569,-0.8819549144750536,-0.8839710615049966,-0.37155902435150584,-0.736460587233558,-1.0426183584113393,0.7382345175213217,-0.04774583467553936,-0.8371502667988661,-1.0426941342745537,-0.6612246168786616,-0.6797128344436116
-0.8419410753613503,-0.60404305994269,-0.32200075572007375,0,0,0,0,0,0,0,0,0,0,0,0,0,0,-0.6706301090889555,-0.973968369291938,-1.140322465729745,-1.2408001328491631,-1.3193128590365062,-1.352216112411881,-1.385206306959547,-1.4112337330738969,-1.4395396768599258,-1.4575624477977767,-1.4613410720848585,-1.4750209508097696,-1.4963416420883553,-1.5090350215820043,-1.5054064202204565,-1.5040997824721227,-1.476882223172905,-1.3914408098401747,-1.3455940141239024,-1.2730438020958215,-1.0913013376210805,-0.9636082479056284,-0.781841759284481,-0.6932663634816861,-0.660271086672951,-0.5909849060679746,-0.5810675049291147,-0.5623479993988557,-0.6034778958839068,-0.6822577150202928,-0.7680140652061891,-0.8012177754738777
-0.5733995727363814,-0.5555437765335968,0.5971177683389707,0,0,0,0,0,0,0,0,0,0,0,0,-0.6730089976215802,-0.8551131316760321,-1.0210309647408404,-1.1840189875003038,-1.2471174823123081,-1.3059082563551667,-1.364692412888861,-1.3932220126855464,-1.4361700003142535,-1.4460532152707002,-1.4579805382715223,-1.4853887522960454,-1.489942852646591,-1.5013940746440535,-1.524165848276675,-1.5359715498943634,-1.5270552379820896,-1.5145045307334473,-1.496829127900152,-1.4295680345676518,-1.3781685208756116,-1.298280202022041,-1.2059561509245487,-1.1489881860765898,-1.047294955317248,-0.9475962813894407,-0.9301428655936662,-0.8835425436829137,-0.8689505678298536,-0.8538703893578211,-0.8540497342778404,-0.852400995661638,-0.8697041360934268,-0.8819097102312452
-0.43533308687594846,-0.3536052762139791,-0.18999620952160737,-0.25697500833641274,-0.5238362822209353,-0.4669360101105618,0,0,0,0,0,-0.7462355002467329,-0.5055817187836692,-0.707794786991807,-0.8599685727208704,-1.0292031161544155,-1.1238882711050735,-1.2338246534172865,-1.311304852733684,-1.347879933291956,-1.3862470031551928,-1.4167858722533961,-1.4335166653206608,-1.4544756571145045,-1.463547540676874,-1.4744236520845173,-1.4902845825137283,-1.4985000085140066,-1.5091464396367305,-1.5198196837601827,-1.5157066904604743,-1.4918393176966023,-1.473037905543474,-1.455558700713703,-1.3724524144026746,-1.3676163496788003,-1.309441662150225,-1.2715968712286443,-1.2265447647146148,-1.1897146658126583,-1.1238523711435509,-1.0978450625013925,-1.0509410233588707,-1.0317937592741706,-0.9951692334776615,-0.9710034485628306,-0.9602094522227048,-0.9665396667853356,-0.9718963826134572
-0.4412243442965618,-0.4385104416751288,-0.5915565485738427,0.5896807006723059,0.5474875615208681,0.4431283334911636,0.5106797016663183,0.5392795662645338,0.633745780928279,0,-0.6239448121702104,-0.7850903398129673,-0.979460478427441,-1.1226323506269134,-1.2031442646267203,-1.2956581610858153,-1.3446099390190034,-1.3923979191313856,-1.413048829353965,-1.42060445620883,-1.4419838721249219,-1.4535561309761924,-1.4621700489311984,-1.4825089655104482,-1.4874826602119369,-1.4797957809265458,-1.496770506412345,-1.4961238069094738,-1.4988619553830373,-1.4882270996781144,-1.4830996846482787,-1.4569439375621782,-1.4358079824984329,-1.4195232503815356,-1.3959812825015145,-1.3892546289865293,-1.346492778662333,-1.2930293528339045,-1.2669262976653808,-1.2360833390450356,-1.1920443301287085,-1.1710095478203566,-1.1329973932112725,-1.09263018398779,-1.0774356823888291,-1.0691008810223295,-1.0583329934319827,-1.001615270021187,-1.0024799969092835
-0.5914776520403228,-0.5943432332260513,-0.529902203702781,-0.5486228015662686,-0.6136858942838064,-0.6956362020550287,-0.8139525712556609,-0.9558335286303896,-1.055966153850716,-1.1313305021756193,-1.2145760948386615,-1.250104429612424,-1.3018331112361181,-1.3538572443438939,-1.3731158060276072,-1.4030858620092945,-1.4263621240510547,-1.4425945194880425,-1.4343769942673117,-1.4482016674412639,-1.4626915811174848,-1.4691088781263577,-1.4626524305976114,-1.4781125133339041,-1.469854011207398,-1.4347105692515312,-1.4487024534333135,-1.448169180199834,-1.4170947493187815,-1.415747621760128,-1.4109125121467216,-1.3990956004858897,-1.3855217770865595,-1.3828200612329018,-1.3713305958994197,-1.341197254322034,-1.3096908814868005,-1.2673440488940664,-1.244655740910347,-1.2157973447152104,-1.1963171595784126,-1.1938516106440642,-1.1727656431325961,-1.1564853742994432,-1.130396817679772,-1.1118334834904764,-1.1025458645280242,-1.0747719939328932,-1.0560506031206494
-0.8752689923705866,-0.9179973493283915,-0.9455445357225079,-0.9740750552400143,-1.110421644839468,-1.1164256231721106,-1.1400614081766707,-1.2161123709295718,-1.2215053098931214,-1.2577896524934649,-1.2998434402823726,-1.3368311552191978,-1.362891916702776,-1.412241883786937,-1.4283712175029275,-1.4375622363942977,-1.4514133000626033,-1.4589960749027249,-1.4592085147717986,-1.454864781797325,-1.4839381037908594,-1.4784524643485342,-1.4735250980793986,-1.4912639510242363,-1.490129519968181,-1.4768604800498901,-1.471398246752438,-1.4612816006262452,-1.4303307592177725,-1.4173907297157178,-1.4041947246220396,-1.3838802991155,-1.3760330390453734,-1.3669201204376313,-1.3530083349832909,-1.3363674684519207,-1.3038879026670942,-1.2797007731977341,-1.258348026373724,-1.243748364642947,-1.2104623537556112,-1.1971615147818777,-1.1892732612757388,-1.1699694495054793,-1.1450516931407462,-1.1394422239332211,-1.138124801346283,-1.1010661211439834,-1.0842394008853853
-1.0332338351244996,-1.08649616032948,-1.133008896284277,-1.14048274161406,-1.210309318598008,-1.2364684639295127,-1.2579596084803604,-1.2848779513799495,-1.3078111580667235,-1.324139108136393,-1.3601157704419908,-1.3671481178473306,-1.3855024625175747,-1.4208162482833069,-1.4314661435513416,-1.4388588244862788,-1.4441772323526596,-1.4602291187388292,-1.4649273786065948,-1.46943496007375,-1.4742696692772066,-1.4677388659099726,-1.4623418817668499,-1.4752372144561416,-1.4739078064855808,-1.4531994274862923,-1.4532591362790201,-1.4398306612987206,-1.4143133422415906,-1.3947987532533774,-1.3657797629457733,-1.3473958018225511,-1.3164907335908396,-1.2984644523215403,-1.3092709869453747,-1.2881411839746861,-1.2719831886980066,-1.2606993975934446,-1.2497098883034996,-1.2291279889357642,-1.2213986711546456,-1.2068152579755809,-1.197013822224183,-1.1870841293424286,-1.1670036055168431,-1.1579131323374632,-1.1441844251047604,-1.1225813553457598,-1.105521529418087
-1.1609196808239999,-1.1944394590674694,-1.230693443446907,-1.247083733572034,-1.2827993317472752,-1.295738062804105,-1.3065674280738588,-1.3173740066365138,-1.3289373378760672,-1.3432296911493882,-1.3513841231348025,-1.3749297869163457,-1.398338102558608,-1.4109987657264693,-1.4221171920869067,-1.4365438538207596,-1.4407633156381467,-1.4412808866367186,-1.4414008704999923,-1.4410899311381584,-1.4575107963479854,-1.4576451760902727,-1.4564854744159734,-1.4691233971448656,-1.4738545210576828,-1.44944264806957,-1.4268642105035372,-1.4195446828045235,-1.3896102076259809,-1.3844478460310885,-1.367400724531025,-1.342385906966156,-1.336851203617884,-1.3283497260048691,-1.3083234076834809,-1.296785857141462,-1.3045887423245555,-1.2887096630319441,-1.2696391074680964,-1.2435604197271355,-1.2422584587732837,-1.237489961422803,-1.2162093340090119,-1.2033566660181914,-1.1878067059062354,-1.1763648984097876,-1.1601657196463524,-1.1335621019408608,-1.12538355823952
-1.211832537304761,-1.2540389607934497,-1.2801613192489836,-1.2888351215904492,-1.301615025754598,-1.3151029526612599,-1.323087956454138,-1.3300618482550155,-1.335967564190273,-1.3558668817343544,-1.3811980795127166,-1.3826520364331545,-1.3908326098216819,-1.4015110589297284,-1.402389341904107,-1.4104890624006337,-1.419242996536225,-1.4292049203648174,-1.428964399262612,-1.4315452464464156,-1.4361667686030535,-1.4330759188359226,-1.4305992807855854,-1.4340595105643548,-1.4308813044579405,-1.419686735458291,-1.418272375469513,-1.4118820453624055,-1.3878458746522024,-1.379894732237673,-1.3747407170675612,-1.3531847662085648,-1.3516839904964035,-1.3452397328164647,-1.3288911755462065,-1.3227712393395277,-1.310992935699551,-1.2825551653932155,-1.2811715164855295,-1.266606862807095,-1.2415372603792936,-1.2325533497411967,-1.2236448057723188,-1.2212217869542514,-1.1914404390294786,-1.1758448893382074,-1.1613797225399347,-1.1329893970857554,-1.1208084017668776
