jsons/1312642800.json
{"header": {"parameterUnit": "m", "parameterNumber": 2, "dx": 0.1, "dy": 0.5, "parameterNumberName": "Eastward wave", "la1": 40.97354507446295, "la2": 16.46031188964855, "parameterCategory": 2, "lo2": 133.9931640625001, "nx": 191, "ny": 50, "refTime": "2011-08-05 8:00:00", "lo1": 114.97908020019554}, "data":
[rows 22 to 43 of 50, columns 50 to 99 of 191]
0,0,0,0,0,0,0,0,0,0,0,0,0,0,0,0,0,0,-1.4756666555331281,-0.757702027912456,-1.6677273909763344,-0.5201526167625602,-0.6121777756157256,-1.8124947835727088,-1.0827741656243115,-2.0981729658881134,-2.4625573066843356,-2.6857381978097425,-3.113138100031155,-3.3407026242166773,-3.250348119160529,-3.28841346233655,-3.2759589056351333,-3.227358426163645,-3.274473139669013,-3.2594119352428335,-3.0532058968786355,-2.7906308319970323,-2.6535817074807104,-2.5432938111338688,-2.3767573330696243,-2.040052019202477,-1.7231430063769406,-0.573580052747191,-0.0918252627781977,0.43100561497911455,1.7441106914698028,2.7198463184781425,3.302899106126106,4.7497947058242875
0,0,0,0,0,0,0,0,0,0,0,0,0,0,0,-0.5558820454341056,0,0,0,0,-0.7060531554392953,-1.4786604085314106,-1.9376864027041554,-2.267304512174036,-2.5817711192977,-3.224073389644989,-3.606606543227022,-3.913748551312623,-4.25432186566284,-4.432431879878976,-4.600164384950775,-4.860954268267684,-4.942809922069172,-5.003304640103971,-5.050086700463619,-5.2007760094115,-5.119968916818609,-5.113692399880605,-5.1376080687256875,-4.837081570649079,-4.630585317628124,-4.085718156229374,-3.8005165176450686,-2.411286717245269,-1.7804421814949223,-1.0282007950213325,0.3598070909684602,1.0331347217680005,1.4880125724238957,2.934951940056537
0,0,0,0,0,0,0,0,0,0,0,0,0,0,0,0,0,0,-1.2583217205368233,-1.819026149379054,-1.85050836046182,-2.205811540089051,-2.969176528719931,-3.395679463313241,-3.913076039787605,-4.413875739860795,-4.61493251117405,-4.911954100133632,-5.228720563155382,-5.395512750533896,-5.760046459549586,-6.1135330499225,-6.244765330674724,-6.29235519074647,-6.364223870927941,-6.607661794035754,-6.59482200565809,-6.683796040652948,-6.808072239023291,-6.686337252122354,-6.638636701883033,-6.401137078536079,-6.111122368383945,-5.499664192466041,-4.754521608406188,-4.017186239645392,-2.212090161739238,-0.9493014849778507,-0.38751472420320066,1.4886148375776722
0,0,0,0,0,0,0,0,0,0,0,0,0,0,0,3.3038944722661223e+38,-0.91405301841483,-0.8286764383683757,-1.5426302190663175,-2.5498975585892567,-3.16174440720171,-3.5176881233778974,-4.074494446017847,-4.36183264794809,-4.619288069133885,-5.011953012532785,-5.18249338477416,-5.354401900359597,-5.629129941237193,-5.76966172214487,-5.899587297780671,-6.217485729890213,-6.4037626609424505,-6.5194488968998465,-6.647285654063954,-6.891441130570816,-6.98054154129318,-7.078807994052756,-7.201318982741235,-7.183746367597882,-7.1879597143895815,-7.163845210675163,-7.148207258405176,-7.12738386474961,-7.0546577601452825,-6.985584969457334,-6.826267299957226,-6.58084617431183,-6.431671201889143,-5.595166633068553
0,0,0,0,0,0,0,0,-0.46413277534597447,-0.5081372068601712,-0.8175470981337544,-1.4664377359321368,-2.0043675519856885,-2.1620579730797638,-2.075947519115715,-2.283734364504427,-2.754202209778793,-3.1037796215885782,-3.3411159257587033,-3.8104856482005856,-4.035698313963508,-4.2668192769491675,-4.519087037621548,-4.6452225435090355,-4.770075427528968,-4.993799582260225,-5.086172829159502,-5.207785629734625,-5.440230275420788,-5.532494409387442,-5.614104688387951,-5.840192968055797,-5.904503760478291,-5.9793007812538015,-6.028915010229349,-6.2030092830187264,-6.225761678125519,-6.2091246339358035,-6.03569135242183,-6.033770753782939,-6.000709842969065,-5.863377090831613,-5.7791749575573705,-5.557073250045391,-5.325290397640385,-5.153948921434417,-4.736080328834697,-4.284503949732877,-3.974615338081185,-3.3210044085286827
0,0,0,0,0,0,0,-0.36426223204234537,-1.0938087559631153,-1.652238981295669,-1.9019463911976955,-2.207022573896619,-2.589050481136406,-2.7694483495896294,-2.962800186743039,-3.1379799948184472,-3.425938604612166,-3.6671400079678294,-3.8867840520748187,-4.120382338520597,-4.247682357686272,-4.363541420320452,-4.585194697851646,-4.668267735314511,-4.762938928039892,-4.932120208131488,-5.025889550494806,-5.074629793602717,-5.2354616427699305,-5.288248046140433,-5.288650719787722,-5.386465546575521,-5.4075608226462695,-5.33387763276469,-5.304764987659885,-5.385951869346487,-5.3318462991645,-5.319683779630116,-5.239573930379023,-5.139245635442727,-5.099211068659974,-5.0279902889749195,-4.877916486496729,-4.656056670038519,-4.577063653530048,-4.405585381621954,-4.030204482005559,-3.458254971427065,-3.103934022560468,-2.3936144584992713
0,0,-0.8707527727204301,-0.33613671073686663,-0.7671406726564735,-1.0687230610961698,-1.463509977520389,-1.7041044755664174,-2.0416869561079047,-2.2830493031057153,-2.496453076033906,-2.6833453334282953,-2.9095081890800607,-3.0683303454645765,-3.234667602605788,-3.369885496172824,-3.5903852991239815,-3.740538641354422,-3.879366020838803,-4.066510425407102,-4.192172786492735,-4.295333279544169,-4.440845836908638,-4.512981109908513,-4.607915373779108,-4.763216766834209,-4.802675740823446,-4.8953033197161595,-4.969629978335003,-5.003933624008128,-5.002592077477126,-5.139320297547925,-5.16390396274155,-5.141450020087561,-5.165079041453532,-5.134345120961013,-4.99030311301577,-4.843109124767694,-4.825214112476636,-4.7452441910315,-4.613521600162438,-4.526006004982474,-4.380791829289399,-4.079246753788779,-3.7781841499973474,-3.520575076882898,-3.067270008161376,-2.606738368741596,-2.3772319531813717,-1.793273339786047
-0.6024101693461569,-0.7701751744897815,-1.018898737124392,-1.3105910166145467,-1.657105473920269,-1.8195870310457674,-2.0387571829379034,-2.2035982432560037,-2.376461665027214,-2.5804999350719378,-2.686892918052864,-2.8732993597095593,-3.008378759618203,-3.1375336603645274,-3.3159330367543784,-3.3962652225111136,-3.5168249747726428,-3.662611861688542,-3.743896355315746,-3.902223442240473,-4.016973807547198,-4.093099621813018,-4.220023331756767,-4.289677732728917,-4.363684112529949,-4.473777804077233,-4.544069007792768,-4.571607547765602,-4.690693036323156,-4.712925117563904,-4.719985528635639,-4.78553142153274,-4.809422531442593,-4.7435989257426066,-4.71118607094528,-4.725083811853043,-4.686890851906607,-4.636112492682592,-4.620164240088172,-4.503105928891864,-4.468985022096939,-4.308162981622237,-4.151620290355454,-3.7603565054442782,-3.5062730096387966,-3.361449520117771,-2.8252976948546356,-2.4525443812650733,-2.2894132242028906,-1.73987260598067
-1.2927756505155454,-1.522443132267371,-1.6459005937164297,-1.8262233205079954,-1.9842082623508592,-2.096824616702261,-2.2642946170545826,-2.3597692648282584,-2.5292568050222117,-2.6542259519749756,-2.7605695967907526,-2.922803481379461,-3.0677946600651116,-3.152311922532487,-3.2754982112754543,-3.3406336205627003,-3.4443075773156586,-3.552464031326327,-3.6239364400887046,-3.7408609619721975,-3.8265421412363105,-3.893073279780606,-4.0228284808893635,-4.078799551333423,-4.1721111086293865,-4.28993827050158,-4.329146528894609,-4.369958896350034,-4.4634921618907875,-4.527994306629475,-4.601078304974486,-4.690646352665003,-4.7269931974609785,-4.761335220590781,-4.803583983513465,-4.919012242133382,-4.917007820459098,-4.834157852529553,-4.789307411370916,-4.6430193852284685,-4.460181798391389,-4.307760998301811,-4.0686101595839155,-3.7226624784222078,-3.4308598934114927,-3.172712738039293,-2.769624306369166,-2.386574658437466,-2.2425611135829473,-1.7734817129261486
-1.5430096877879294,-1.757057718756291,-1.8579706565597998,-2.00821376816647,-2.1441962499858436,-2.2209044148883277,-2.3231038923872953,-2.4433647796617612,-2.5590772129325843,-2.69867006222797,-2.7817623964738267,-2.891513036831559,-3.00727132409751,-3.080492066298118,-3.1531098045906916,-3.2376209979867228,-3.352516707079556,-3.448300865570017,-3.502349761731489,-3.6373983019890166,-3.7174810714703113,-3.7787046231280113,-3.893741570252515,-3.9394565211718526,-4.013519218305018,-4.113305210602837,-4.176837396657855,-4.2661389196127795,-4.406507022062111,-4.464376920339208,-4.542116893407388,-4.653439439414134,-4.724039671813047,-4.779130666468453,-4.84511712831683,-4.860375113034677,-4.824774978128931,-4.792594954443914,-4.717362621943767,-4.551237352321569,-4.415142626350681,-4.216733015938023,-4.041951091916267,-3.7509843661791105,-3.5812720532300943,-3.22699433604553,-2.8213819616933735,-2.5466290187163505,-2.4066755235327997,-2.0937807727686204
-1.8395828804011725,-1.9531219908385107,-2.01382366684209,-2.1133408698632685,-2.2175044760069906,-2.2995623426202827,-2.360141946656368,-2.4562753897386673,-2.487075591968416,-2.3681415389014475,-2.2405001959408546,0,0,0,0,0,0,0,0,0,-2.794466452020817,-3.201409346755568,-3.535173108013646,-3.6546268087363143,-3.7789769783617846,-3.9326575771078156,-4.016314505110989,-4.085867327858179,-4.237241686595651,-4.291960409818658,-4.400770806876517,-4.521751989637364,-4.574096870183852,-4.62991648294929,-4.674142058624956,-4.705281213111976,-4.703722503310443,-4.696574203821008,-4.651832681247346,-4.514232544966966,-4.390245353655925,-4.237427807501984,-4.145032988444275,-4.057458256185109,-3.8222082213387134,-3.589411137067316,-3.31653946233817,-3.134001011909408,-2.973824077674522,-2.6619716261486044
-1.6959899475434375,-1.7396213839754053,-1.7480814373940516,-1.6960503052696565,-1.6218920857926769,-1.5137754780354675,-1.2782137241931315,0,0,0,0,0,0,0,0,0,0,0,0,-2.3109769515301286,-2.7037599128142857,-2.9661973417279768,-3.2409916249563855,-3.352345833028689,-3.5628273614078676,-3.700604836268646,-3.7965310701731108,-3.8848357343351987,-3.9714077224533373,-4.036671026708037,-4.116610907762903,-4.232394846425814,-4.303555135700871,-4.3560520779842,-4.437647782929291,-4.487318985774494,-4.528373003249035,-4.433727724429596,-4.218428271196218,-4.418131170824502,-4.393606848640352,-3.9130738856165355,-3.0573960314715127,-1.9286151320092708,-3.769190672985626,-3.8932814906225905,-3.7054414650240908,-3.592356100105104,-3.4905093393959974,-3.2234593918936216
-1.2244339017112476,-1.0729031195512937,-0.9903957401565462,-0.8705313944883846,0,0,0,0,0,0,0,0,0,0,0,0,0,-1.9967534364240462,-2.282374817167373,-2.5953931614247887,-2.8237879925482066,-2.954892131697945,-3.144451468078292,-3.2551061558433094,-3.38452709922632,-3.5289628512057325,-3.594825044987908,-3.6854446090493163,-3.7930636908811755,-3.839552757385857,-3.8876287575157162,-3.8855803734766377,-3.832375369066805,-3.7756998822352656,-3.6419215219949677,-3.360936413682176,-3.0447889047814662,-2.8494021449837152,-2.731824334463206,-2.988133357529686,-3.1393482242204254,-3.3921976512958687,-3.4402641057850656,-3.493319990978452,-3.5841689971080273,-3.6599625315045126,-3.6248211174322797,-3.6605100916238644,-3.559798837700645,-3.4032724863745027
-0.6704455791031109,-0.4837542669992317,0,0,0,0,0,0,0,0,0,0,0,0,0,0,-2.043710565487589,-2.2734118748850176,-2.436245575715784,-2.621046082536635,-2.796752813613271,-2.8939330917738815,-2.9919665431363667,-3.068882075933575,-3.1555675057852057,-3.2256671705290523,-3.2645897890521907,-3.2766449324121534,-3.288385354655577,-3.258543471809501,-3.2158428982893974,-3.163980949240047,-3.1579821358323543,-3.107455407304827,-3.087317237222398,-3.1071547146193574,-3.1071426970364464,-3.1569918104610166,-3.263355811091057,-3.306625857589799,-3.3730199077314285,-3.482841656219906,-3.5090594062608265,-3.525778050505709,-3.5721949030062476,-3.569652504117604,-3.496416803366134,-3.4571731070924816,-3.3973427186986553,-3.295448003949253
-0.45201936180029534,-0.12934708673241802,0,0,0,0,0,0,0,0,0,0,0,0,-1.839651041784857,-2.0104955701455145,-2.204212388732428,-2.3621197693558122,-2.4641767692395353,-2.557455360002898,-2.65719249687702,-2.721893852787447,-2.793242407160539,-2.8284000553649573,-2.8703493449199877,-2.9088476979603772,-2.9165192529789303,-2.932784860925126,-2.9329664986520236,-2.9466405550135244,-2.940658921497638,-2.98121278857432,-2.9968416279555723,-3.033583982627991,-3.057812932932686,-3.1229258971981846,-3.1651447625050593,-3.214826526857761,-3.296582288372703,-3.3076927131777913,-3.3471593609315478,-3.4165599804159603,-3.4391939225543418,-3.4254784253655726,-3.4341731461781144,-3.4104922620806635,-3.3429136952501053,-3.288115581021012,-3.2520795983854502,-3.1832975627022018
-0.35197675455724153,-0.2914852590387242,-0.3523099163659484,-0.4760672582914217,-0.4214993407915414,0,0,0,0,0,-1.5221376961401811,-1.5396755037073424,-1.7395513650637395,-1.8704428691638952,-2.0083939441427145,-2.074554977524803,-2.175555733921886,-2.2758421627687375,-2.321904445421479,-2.3908362503105423,-2.4587310212132296,-2.488308698042468,-2.5221796589963144,-2.5495958631134017,-2.5861691042385027,-2.6226575806822034,-2.6456266168899845,-2.6764172209023362,-2.744591805580934,-2.7663106766896806,-2.7971695754042303,-2.863766071314064,-2.9061567795775454,-2.9368556323605652,-2.989054945815213,-3.0672928428721553,-3.093076485146098,-3.1244564083149786,-3.1926506542237183,-3.227458762036134,-3.247351300276604,-3.279070711092097,-3.2820849316198974,-3.2633520414675603,-3.245454562553702,-3.229045643578909,-3.1773735510091767,-3.164891150372772,-3.146222806891733,-3.099979425888311
-0.20356882292269665,-0.35478553433598875,-0.4598414920697301,-0.2964870299988949,0.5718011296375578,0.6224599294398943,0.643391371030446,0.7403238583820984,0,-1.3558371105045022,-1.5716188507169964,-1.7285217543629832,-1.8403632147668598,-1.8972691068964196,-1.981718787286548,-2.0328048755632597,-2.1029013908749707,-2.1677031175018713,-2.196781826765018,-2.243967500308526,-2.301126865146484,-2.33124457315151,-2.39299728436052,-2.429753635861858,-2.4532536813702217,-2.5076710556494626,-2.5456598526896923,-2.567930881762926,-2.6256833223647793,-2.653029367221605,-2.6960290156875724,-2.7734203362105863,-2.7945343132597804,-2.845448380107407,-2.922395441454103,-2.97962266980469,-3.0074555765567066,-3.0142474158579025,-3.042199794637799,-3.0483568212097714,-3.0649182747666526,-3.0687168178158983,-3.065962520935772,-3.03935482452072,-3.0510290997469953,-3.0477067195303364,-3.0090896754376573,-3.0096067235258537,-2.9886808940846037,-2.9488818558505314
-0.9801381033867371,-0.9620032998737832,-0.9772331954893663,-1.1486432331488483,-1.2018842824987743,-1.3737680790293019,-1.5151963744665153,-1.584931356191826,-1.6844624483654504,-1.729404055099603,-1.7630134363023613,-1.8141992290004723,-1.8608691398653752,-1.8860167081389194,-1.94899683751202,-1.9858102607119998,-2.0452245537106055,-2.0891004031111313,-2.130734899975814,-2.183378309726891,-2.2341582691637183,-2.253266317718251,-2.3108670455314484,-2.348966120721992,-2.380821340911053,-2.4437330835220914,-2.461347599002826,-2.492381355414929,-2.5667506068766093,-2.588068006333625,-2.6485408467156653,-2.710886318169496,-2.764361015342223,-2.7871231842382347,-2.810621971547373,-2.8679658082815105,-2.8809050351401737,-2.9107725369584454,-2.915335749388518,-2.9078041058294493,-2.904611612272471,-2.9201387971800177,-2.9262153132143487,-2.916729994229767,-2.9177313704418255,-2.9035361568239426,-2.8916924425561814,-2.906351950017869,-2.887421625520466,-2.8559116619424487
-1.238772514371518,-1.2827305719760267,-1.3240746970798603,-1.437175632815349,-1.477911333427482,-1.5208984468528486,-1.5900271514171032,-1.5956773083182396,-1.6555610662800404,-1.6954575417907805,-1.7394159368655129,-1.778888691931772,-1.8358163443711821,-1.865658996304094,-1.9135742050132531,-1.9395227155833048,-1.986670415731721,-2.0363464554158672,-2.0547290825603803,-2.130930628268197,-2.154926366050246,-2.178758955729305,-2.20903860598079,-2.2481729659328535,-2.2897420653205183,-2.3482844695956193,-2.3805805966324036,-2.4215686640053073,-2.490291140822229,-2.5266815343681093,-2.5691790100354353,-2.612516090795736,-2.6334873674022403,-2.659680212992761,-2.676147226643557,-2.712179126370312,-2.708434389321007,-2.7260755455407932,-2.7585025157513265,-2.7565566931484544,-2.764838638487537,-2.7822539520538507,-2.7915894172818625,-2.7825046281669614,-2.7788434287705437,-2.766869324012533,-2.7482688284802603,-2.7548163139174076,-2.7479387905949353,-2.7257073574598274
-1.3452049863818243,-1.4015031272253562,-1.4173830996852372,-1.476023901414242,-1.5153051480742428,-1.5393178585183573,-1.5822057713274809,-1.6235889014170353,-1.6547921337996903,-1.7036034608840636,-1.7140343682199424,-1.771849609913291,-1.8271360560748757,-1.852983363977897,-1.8844546833971696,-1.9095683837086566,-1.963965283313564,-2.0023420210592606,-2.0339507322689734,-2.079926810596385,-2.1111202644859337,-2.132891108763724,-2.174864842043815,-2.187162995105462,-2.240485035531009,-2.300842425806165,-2.335953102591591,-2.3849539848935986,-2.4317820231079113,-2.466461667670637,-2.479177495074799,-2.522804999141256,-2.546333392761638,-2.571598471153345,-2.5927380380147893,-2.5975010537499084,-2.595078275641961,-2.610645993692064,-2.6391378506394707,-2.6489592919026492,-2.6689033376941773,-2.6709920161030705,-2.6710398817055645,-2.6620933644572284,-2.6700161974300447,-2.673442521113828,-2.652592523871755,-2.6435170057646635,-2.6469909896921764,-2.6266129037553148
-1.347061626428061,-1.402638437670114,-1.4312119065584277,-1.479734221331601,-1.5056917289863467,-1.539227853885419,-1.5757360457153904,-1.6066328700665848,-1.656635778882959,-1.6848403807881276,-1.725836914416231,-1.7780644355413506,-1.8056007077461336,-1.835809268329497,-1.8722480313344645,-1.885915740166609,-1.9230428644624378,-1.950981587369106,-1.9671478895642511,-2.02219406126697,-2.0596959623919213,-2.0841122831860006,-2.159944258832081,-2.173877243645479,-2.203684919195773,-2.2581294120171997,-2.2791761059364957,-2.311419124755093,-2.348784656509166,-2.3649500592128914,-2.389585476302132,-2.4129676159169566,-2.429157987560251,-2.440104129702458,-2.4576940673714893,-2.4765647463030507,-2.4932202846202345,-2.5084932896498184,-2.5393863384635535,-2.5410016573346437,-2.54701433734257,-2.571483563038374,-2.576077094649187,-2.5706816770770864,-2.5690174271362745,-2.5701513856638756,-2.5659875181053207,-2.5644804695064445,-2.5597286051668333,-2.550174649527556
-1.3829615717597876,-1.4124295170191101,-1.4299694525898667,-1.484451142586404,-1.5168227232830582,-1.5425019182293334,-1.6022527886511877,-1.6145151809582738,-1.6495688473088759,-1.7027424286365906,-1.710964939404224,-1.7470934566042717,-1.7904275839524224,-1.7964205074413506,-1.8304291906533872,-1.8655060219758188,-1.8997990045515474,-1.9245498527623324,-1.9491712647500004,-1.9843424915106715,-2.0235876158786406,-2.0453709940669045,-2.078324203344084,-2.1167016603314304,-2.1547955381352986,-2.189196786434122,-2.2140799438071688,-2.2472145804647536,-2.2599106551682215,-2.2769113236529663,-2.3073949433534233,-2.3328626098603302,-2.3510557639558294,-2.3666619276878436,-2.3737409452457583,-2.397288826892277,-2.408149164354301,-2.407783299410667,-2.4418997013381167,-2.4536918475926814,-2.459372481567311,-2.480442633004242,-2.481394598662608,-2.484592427063305,-2.5029304335152367,-2.4964807693348288,-2.482593346549195,-2.483275556374384,-2.488922626437097,-2.482944410672147
