jsons/1312891200.json
{"header": {"parameterUnit": "m", "parameterNumber": 3, "dx": 0.1, "dy": 0.5, "parameterNumberName": "Northward wave", "la1": 40.97354507446295, "la2": 16.46031188964855, "parameterCategory": 2, "lo2": 133.9931640625001, "nx": 191, "ny": 50, "refTime": "2011-08-05 8:00:00", "lo1": 114.97908020019554}, "data":
[rows 0 to 21 of 50, columns 49 to 97 of 191]
0,0,0,0,0,0,0,0,0,0,0,0,0,0,0,0,0,0,0,0,0,0,0,0,0,0,0,0,0,0,0,0,0,0,0,0,0,0,0,0,0,0,0,0,0,0,0,0,0
0,0,0,0,0,0,0,0,-0.04627467354404066,0.025605511839933925,0.044138833841146495,0.045247236103949526,0.06243521129860939,0.06906947595903197,0.08474149620483568,0.09111364293641289,0.08677800220184125,0.08785333384650361,0.0895985447465714,0.09258123861490086,0.09685888753695394,0.10216797271565081,0.0962148251669721,0.1185460568530264,0,0,0,0,0,0,0,0,0,0,0,0,0,0,0,0,0,0,0,0,0,0,0,0,0
0.03659101997730108,-0.11920449102967572,-0.1120433636112928,-0.14122848353657702,-0.1431585961701036,-0.05421946238226191,0.004053103123994151,0.09134696590020464,0.0880868269141437,0.12117709923218986,0.12777513892956804,0.12958693375949495,0.13489700720118306,0.1370740632040908,0.13581639843891338,0.1343329524321395,0.1350930587029907,0.13436733867250503,0.12842588744207006,0.11567165177794428,0,0,0,0,0,0,0,0,0,0,0,0,0,0,0,0,0,0,0,0,0,0,0,0,0,0,0,0,0
-0.2657484357540065,-0.2666979154373792,-0.2510091211407138,-0.24169307086536618,-0.19211974076617327,0.09446697353442804,0.21553046402827755,0.16069819248486358,0.16945329204030501,0.19361716708947213,0.20337487838530613,0.2008595470659012,0.1928403017736456,0.18769665256865187,0.1874333058829768,-0.1287541323827551,-0.18338507497669795,-0.026431471847717554,0,0,0,0,0,0,0,0,3.0094009522093123e+38,-0.32750755903885437,-0.3519563655178349,-0.36283060129554456,-0.3642065435436312,-0.3682114010370788,-0.36610732477494173,-0.36795879589876646,-0.37289247186732793,-0.37252187284474053,-0.382614412542512,-0.38146995077960305,-0.38054545215523794,-0.34416225062434663,-0.23438660629764344,-0.16079880346022993,-0.14746937613127992,-0.11477166649471546,-0.07424417812004414,-0.046103819363932014,-0.02427076070180235,0.0164140732365111,0.04142573655821645
-0.4187517710161287,-0.42163608409373954,-0.4255419035353603,-0.4220729087932666,-0.4295780136186129,-0.42395775957899573,-0.39456609229381273,-0.34835844309745234,-0.30200448748690567,-0.13353722686456349,-0.08962183747695922,0.29604610308621054,0.22816287727272488,0.1328385372617513,0.15832092036892736,0.046240783707659085,0.01853414170612297,-0.2670520729167886,-0.2657611859737691,-0.28069579297708347,0.10188886451343414,-0.44098327810878285,-0.45062218739814225,-0.4432517888641042,-0.42365679005899337,-0.3960752692087742,-0.38153919694532407,-0.36580662133673025,-0.35443587366284124,-0.34451090448245925,-0.33852644672398086,-0.30525240359458206,-0.3100981712177574,-0.3136654122836348,-0.3310485350207942,-0.36030282384785417,-0.3881521076864277,-0.4504726841464167,-0.456436663852997,-0.4521835439725419,-0.34514649029606725,-0.24700823686711273,-0.19406896596831327,-0.15254453061160772,-0.09207803562371035,-0.0403344957844509,-0.009942095887798798,0.0763808818764122,0.12458519382377115
-0.43248042538936987,-0.43833294883285634,-0.44513312010165734,-0.45921692256075675,-0.4651566838804245,-0.4751269620564707,-0.4802575471073773,-0.4898594111718475,-0.4857275597098931,-0.4962988910327145,-0.5020954527771886,-0.49404635804371716,-0.4848913114855008,-0.4783429296736783,-0.46316531530935584,-0.45594753271014554,-0.43557065441518494,-0.4195085851831305,-0.3547254948001293,-0.3690046855366477,-0.3288178485072119,-0.22827348887285528,-0.18477894838141184,-0.15811926162813125,-0.15400898904410365,-0.13483950008460902,-0.16763117399672423,-0.16361728523453437,-0.1335258328157551,-0.14630915904632907,-0.1351886749734049,-0.16089253173452148,-0.1720335367617113,-0.20075833246813915,-0.23947058323779902,-0.2784509640785946,-0.2988759593616197,-0.4826294198372975,-0.5095612583517011,-0.4565800687249197,-0.23281948957108223,-0.13817636491905558,-0.09052297209106105,-0.03820612816860562,0.024076458197119826,0.062551680421231,0.11000141368068543,0.12961334089075827,0.18160507625163622
-0.29597268432368135,-0.2932709809266564,-0.2772289400498699,-0.2727346715682061,-0.2601808379635896,-0.2815889381559121,-0.284918858278596,-0.29902096991633553,-0.3189564973250869,-0.3277395677546692,-0.3358151482290938,-0.3274245545113559,-0.3243816520187121,-0.31168187332000535,-0.2995653988628078,-0.25929020640019024,-0.2442667341361564,-0.22929386096645046,-0.16901680225627794,-0.16221088642842882,-0.15578321939477163,-0.14147039428410707,-0.13132384913906492,-0.12062613046285553,-0.10399671819983577,-0.10293843861080751,-0.11253913260358764,-0.07471733812759088,-0.043083643531398756,-0.017911599551176122,-0.01358235221785617,0.0062100173454164515,0.013695626495504327,0.049911706015595726,0.14828610577211496,0.16800395304629262,0.2060365240110359,-0.4336395140116669,-0.35880667974694974,0.07282568403521884,0.19395750799065684,0.18068224863983937,0.1686976175625901,0.157531103607092,0.16434328048038,0.1684263692666876,0.1788012581889045,0.17875308754190672,0.20116032084038943
-0.03203598510572924,0.05560648999674954,-6.285587275995186e+37,0,0,0,0,0,0,0,0,0,0,0,0,0,0,-0.18347334607810267,-0.0878769101158066,-0.05918680965621705,-2.8101947617473153e+37,0,0,0,-0.17298589183316604,-0.12592212896314547,-0.17453610646252227,-0.2101131863387672,-0.14678122129404292,-0.0847733566329906,-0.03593531471728206,0.07106687631975177,0.13887716386266377,0.18734825295507002,0.2895339645609807,0.35868169048985404,0.33509781952255985,-0.19563528483272372,-0.2556748307552855,0.24888756045290508,0.340732864235793,0.28103673512468336,0.2635094181729855,0.24006787502156524,0.21227296610661348,0.2211845262613465,0.21372660819157457,0.19998029811926538,0.20689514007717197
0,0,0,0,0,0,0,0,0,0,0,0,0,0,0,0,0,0,0,0,0,0,1.5181732606824625e+37,2.521256928497354e+37,0,0,0,-0.43037837394190503,-0.28345881681384255,-0.18659352568964016,-0.08231716089837193,0.12411808459200806,0.17680141590555976,0.2565887350451748,0.43288952573023864,0.4885594346114797,0.46976014826673107,0.5109375235660412,-0.5820053418430162,0.2217557784719984,0.4479969579093156,0.4094340515658436,0.3768389155080462,0.3628074844726655,0.33704314405197483,0.3307307190400762,0.32756000874779256,0.3169425253432073,0.34936504756643394
0,0,0,0,0,0,0,0,0,0.04371164111546077,-0.1611419765784739,-0.15848621476565822,-0.1831654754193301,-0.24052418659447983,-0.23842680512110134,-0.29606532682707987,-0.3345159995861517,-0.3920807916179736,-0.3871551447725885,-0.39450853719444207,-0.3161679917201091,-0.27141675816312977,-0.255470352005273,-0.24467639659161947,-0.22656398898792357,-0.19227387285334543,-0.13253233180665577,-0.09655778073381018,-0.05283547512487649,-0.013735587487043694,0.011887674868941735,0.202698366279099,0.2958914428945068,0.35361171870518543,0.23077591211189702,0.3233450074323093,-0.27917111722991966,0.47355743659324934,0.4623870546644444,0.47374288804381115,0.39116312083472843,0.3657800206163963,0.3536415192774089,0.30966574644271555,0.35030431576041987,0.3555836773147754,0.3623035125930166,0.3612712476112396,0.387399472213334
0,0,0,-0.19932732208383785,-0.23652049133623937,-0.254031607923178,-0.28587446751745327,-0.3334263563301885,-0.3616270836105736,-0.37332783944542836,-0.39278350800178635,-0.38270104734265104,-0.357908457134742,-0.34830027048882856,-0.2852093745251317,-0.2579843687203628,-0.17983525581015597,-0.15721971568191107,-0.11085819032951266,-0.0935222421470098,-0.11073683619240259,-0.10263222167078867,-0.0881596962683591,-0.05856000831856875,-0.04473843113981432,0.07253488350223494,0.08530197396299977,0.1136757637419974,0.23396309522757955,0.25173967368323036,0.2800326332789811,0.3962417894620087,0.4755966515467358,0.503125580508949,0.5454508508136087,-0.3164975268746793,0.3539801223372272,0.4710642973414029,0.5487793352814516,0.5092029651990871,0.4621983788442863,0.4414160653893122,0.4292300169090832,0.4013721590791802,0.39276436466222986,0.38990923987296433,0.39460033944739764,0.4012760569959252,0.41344192722715534
-0.34951262526006044,-0.3761813069119904,-0.3764883704961408,-0.38085789103300566,-0.3843378659273482,-0.3718858298890843,-0.3625120227402427,-0.3662946349757627,-0.3523633541811825,-0.30438392179251,-0.29461087678801273,-0.2677583819073365,-0.22249354958491271,-0.18496093156794846,-0.15643249907254522,-0.07248703706362773,-0.07043393728971234,-0.07078481836280995,-0.0313866241464712,0.0030157594140618497,0.018551959502252517,0.04585294589485532,0.03796796599706209,0.09112628185731715,0.10214468314702305,0.17697301700941342,0.21397143649521186,0.26234592149364416,0.395931048436429,0.4254584959702986,0.4640528055002076,0.5009337238615692,0.5290297718845562,0.5588494638479309,0.4542960400657393,0.3894942023558565,-0.3312708967028933,0.46093862494757804,0.5535948228875922,0.5438744644716823,0.4512905051621642,0.4283092245825592,0.4266341202551272,0.4112622512080796,0.3918806980767689,0.4004881612327885,0.414178177081038,0.4381229585750996,0.4478171676496942
-0.324759443646058,-0.32315584176767204,-0.2986170266180585,-0.28103781194978905,-0.2842719931704211,-0.26313556835580026,-0.24960801728790194,-0.23925184757490509,-0.22367728986287946,-0.2057628101262707,-0.20136393018012325,-0.17927152140940905,-0.1454647607412817,-0.1353866634187936,-0.12592683538088076,-0.10477661561385178,-0.0929514732121557,-0.09395411296834218,-0.054354620783381206,-0.012635720882620218,0.027857922157291836,0.095672344943238,0.12569753792038746,0.1684538338275029,0.22431676304726428,0.28294490891223256,0.3023520376238603,0.31891741794324857,0.40183881249317366,0.4402109196336287,0.4567430443430773,0.5349555207802642,0.5554560216581512,0.5469566938730555,0.21039850812289887,-0.17956077053379058,0.6188580095012494,0.6227386341270209,0.5910985922129555,0.5802782807144942,0.5231241623863633,0.4827065321060719,0.4703804345085557,0.46242569853275844,0.4265300486046548,0.404043716075308,0.4114311498229513,0.4195511390941011,0.4369750184431269
0.07221461068504177,-0.19855097723078596,-0.21902870357700843,-0.23315270998883053,-0.2455642961085736,-0.22543689815079493,-0.21696656661743158,-0.21554973939297878,-0.21015893844692335,-0.18887322051449035,-0.1812420713266756,-0.1766845202278631,-0.16817890424139118,-0.16755916798950082,-0.1646107695089578,-0.14721366264507324,-0.1341344370998122,-0.12429685267173092,-0.09959445867044453,-0.059522977571225086,-0.0414723469457329,-0.01001128349170424,0.06264455149837285,0.10120169612716909,0.14678355380653604,0.22408930637282126,0.2589733374718824,0.32005507452910004,0.34561974978214743,0.39402494138534183,0.41742682814626664,0.4626057828626094,0.5018653075189723,0.530095809280015,0.5468804617726414,0.5153233998907313,-0.1971404468489791,0.621429666722555,0.6404291089622938,0.6303914908221612,0.5737333890208118,0.5274735673849955,0.5062899091892145,0.49879327429520154,0.45935056208998215,0.4492799795608691,0.43815095044462143,0.4365827614153932,0.4451065192844744
0,0,0,0,0,0,-0.2518293530925944,-0.2650815180889823,-0.25294601493424634,-0.2236854520314793,-0.21431828776107037,-0.20423068160401472,-0.1913253301998853,-0.19229948710889921,-0.1897126620271619,-0.16765424741920876,-0.1473495643920749,-0.16051526302960556,-0.13958816243650535,-0.1110720557816914,-0.07671843493559462,-0.02417645220849276,0.01711186634991205,0.060029268209741665,0.09816507582260457,0.14413384967335185,0.15577496230128257,0.19782385705608227,0.23371863604130536,0.2673262647748754,0.29324386452305534,0.37087695355277633,0.41649257185232924,0.46015933345249665,0.5256938151830081,0.5478460039059212,0.5140560199638808,-0.6111261556217616,-0.6131328748129626,0.6532790737608262,0.6048965213959956,0.5624685897459482,0.5432209868817381,0.49287886103448986,0.388910239723532,0.4158904867483779,0.41264250478645464,0.3850872146473612,0.38713534284873585
0,0,0,0,0,0,0,0,-0.2527561991067284,-0.22091505030611439,-0.20820308639625196,-0.19639294257567722,-0.21249619128003366,-0.2319884744927147,-0.24379811644131344,-0.23646794737280677,-0.21966159576972902,-0.20764579124737523,-0.17836505915336323,-0.1651051053462309,-0.1673326225108606,-0.139358606493077,-0.1304234817266035,-0.09831373541933605,-0.11497524008496374,-0.02254668806127479,0.025053771667079918,0.041947916429982676,0.10326541333425329,0.1387203707272775,0.15236063977202813,0.21125088238286024,0.25870312413134117,0.30149909470922825,0.42486873405132297,0.4849751563733818,0.5230136092226371,0.6159953451328897,0.5506076956418404,0.2982397143657175,0.25735524567406237,0.5783540030495907,0.6221842366367724,0.622465955322252,0.5732248621369554,0.5550650122170737,0.5408081166505072,0.5065746173161095,0.50436557471379
0,0,0,0,0,0,0,0,0,0,0,0,-0.06737595632928817,-0.13024947402402592,-0.21738564629505108,-0.24495928881312537,-0.259095852768054,-0.27405290561027335,-0.24828584261066616,-0.2442912991008996,-0.24450653605929018,-0.21924052969685734,-0.21787159543261558,-0.22130817555390356,-0.2209292418928666,-0.20549565101717168,-0.19542293562999113,-0.17140894470746448,-0.11846158049627727,-0.11730214133289667,-0.07802747961305413,-0.024482923448324923,0.011043192659476907,0.04394852516287437,0.17621334929797072,0.2181901481693378,0.33697605425148397,0.5241821592349775,0.5685551762062011,0.6108176976246456,0.4000031990684945,-0.6404125823397928,-0.4040628733652684,-0.46695577669633875,0.5371450385558764,0.6652279000820444,0.6495250754583847,0.6062139576668434,0.5937867273795486
0,0,0,0,0,0,0,0,0,0,0,0,0,0,-0.058024842798998284,-0.2499292128698181,-0.25346267814112583,-0.3038971579085467,-0.2956404206881884,-0.30203609932540115,-0.3090460645126342,-0.3108393407534643,-0.3160075310520853,-0.33051232108193657,-0.32915654810510236,-0.33918956081474083,-0.3641101385114187,-0.3857694015045739,-0.38602858813879765,-0.37890164235910845,-0.36721746542639555,-0.37423672351588333,-0.35996795843900997,-0.3529798571906217,-0.3575394048229737,-0.34945689694554655,-0.36589935797522355,-0.42549948058648185,-0.5035860783641734,-0.5604880526924034,-0.5162966885647605,-0.4712337214137026,0.1528227825845814,-0.38035789271151976,0.3039509747591384,0.34618800447576514,0.36246934743425785,0.34987605274839534,0.39197168458005693
0,0,0,0,0,0.0002041371966210408,0,0,0,-0.008466651807319352,0,0,0,0,0,0,0,0,0,0,-0.3300887481221622,-0.3360101441062092,-0.35820145601631664,-0.38681478131028546,-0.40879302735952194,-0.4282005470254037,-0.4612567320174746,-0.47707019856330685,-0.4896610448655684,-0.5036414545256048,-0.5038728610140096,-0.5037888170129279,-0.5169786329025449,-0.5181394351580647,-0.5477539069723231,-0.5607417816655618,-0.5858536456982627,-0.6127176160850392,-0.620623181386494,-0.6450988451893874,-0.6503978481027219,-0.6008866247558015,-0.5010954194248988,-0.3602436080896696,-0.11004112677218046,-0.07326599442161495,-0.0170782474769161,0.0753892690813091,0.1167195483555372
0,0,0,0,0,0,0,0,0,0,0,0,0,0,0,0,2.886171841845699e+38,-0.01914422184394448,-0.05026592738160981,-0.05485564511432704,-0.07532941579914086,-0.11423730407400674,-0.17317574902116276,-0.322546073812984,-0.38870226600257163,-0.4337394754744293,-0.48851907529286465,-0.5032287897128628,-0.5237371753463728,-0.5474851528212814,-0.5487457704125152,-0.5484152752718764,-0.5584792118593008,-0.5682290518948979,-0.5961154662422933,-0.6086382739913483,-0.6208388190027988,-0.6253516045005766,-0.6234155935523376,-0.6254771811665264,-0.5771381549163161,-0.5890944416618547,-0.539693428896392,-0.4617630719150366,-0.26219644731882086,-0.167989438560072,-0.11307985413120208,-0.005090780347441661,-0.016724142411958742
0,0,0,0,0,0,0,0,0,0,0,0,0,0,0,0,0,0,0,0,0,-0.15074384023388585,-0.24358708323518397,-0.3662505061721318,-0.39629615933956935,-0.41533714888583756,-0.46972008160452955,-0.5083003976385897,-0.5336353258553266,-0.5469722393220151,-0.55583991734205,-0.5793383315268553,-0.5960040009248047,-0.6055841215269219,-0.6117481996303962,-0.609699828678861,-0.6081396033616783,-0.5987516334833507,-0.5891651459500175,-0.5920857130696567,-0.5758455898158239,-0.5353263891425625,-0.518611930075613,-0.4754621805858871,-0.4098731750839386,-0.4018209846405638,-0.4003534277073259,-0.29540917073705547,-0.28252224935802367
0,0,0,0,0,0,0,0,0,0,0,-0.11845444102261025,-0.1370391275377604,-0.1583793040733497,-0.17619687726309627,-0.19627588736829052,-0.2128689096797864,-0.24438309298927027,-0.25952173311828725,-0.2745355519721694,-0.3060088904361973,-0.32114560529503106,-0.3320377544195922,-0.32711626958083195,0.16673337864244367,-0.2824432714577183,-0.5184061697017092,-0.5374775429511097,-0.5474957632088435,-0.5668356480894142,-0.5873385421776621,-0.5990097883812888,-0.6067101035746887,-0.6071833621960003,-0.6088417880564496,-0.6021212349905825,-0.6007034309772171,-0.5706940614943159,-0.5340097400928349,-0.5112192223168217,-0.5293669763910898,-0.5540285889495008,-0.524671684467812,-0.501931508478577,-0.4607623139039915,-0.4368627477084705,-0.4063879518928525,-0.3355805620278362,-0.2901384766878405
