jsons/1312840800.json
{"header": {"parameterUnit": "m", "parameterNumber": 2, "dx": 0.1, "dy": 0.5, "parameterNumberName": "Eastward wave", "la1": 40.97354507446295, "la2": 16.46031188964855, "parameterCategory": 2, "lo2": 133.9931640625001, "nx": 191, "ny": 50, "refTime": "2011-08-05 8:00:00", "lo1": 114.97908020019554}, "data":
[rows 22 to 43 of 50, columns 49 to 97 of 191]
0,0,0,0,0,0,0,0,0,0,0,0,0,0,0,0,0,0,0,-0.22203712735417808,-0.057986109760900226,-0.1301985624935785,0.09254024232815666,0.13874389779291815,-0.09866254690214359,-0.3364981403192751,-0.3538951572797159,-0.4060824683177865,-0.6294075204684312,-0.6690408813121663,-0.7204961367436986,-0.7753460368640854,-0.7687598025080532,-0.7201605362719123,-0.6454066838549999,-0.6015904415234911,-0.5286420351707897,-0.37592050453127207,-0.3105665837663958,-0.3769531013845935,-0.42225959538297547,-0.3855641624784982,-0.33696102106910664,-0.29851733778025724,-0.1785990450967221,-0.3434394285173651,-0.43372422268364114,0.6073909815298411,0.5945206672659152
0,0,0,0,0,0,0,0,0,0,0,0,0,0,0,0,-0.0008817653619529274,0,0,0,0,-0.03798815147230911,-0.08130541367526366,-0.14885947061046298,-0.22803056979190567,-0.2764409407687448,-0.3589249395040318,-0.478145636175132,-0.6637698974528604,-0.7507873627067474,-0.7910885921913512,-0.6487157261988876,-0.5193085948064556,-0.40295225817521585,-0.26181023049241786,-0.2726780209701262,-0.26934880201975964,-0.26297491409818985,-0.21630087157167938,-0.21061669521672527,-0.1872988470687856,-0.16958035854358464,-0.2423278063214694,-0.17352261337879082,-0.6174686231367917,-0.6163846536296779,0.8361620456326581,0.11311147205805452,0.35438923005208073
0,0,0,0,0,0,0,0,0,0,0,0,0,0,0,0,0,0,0,0.07124545223626566,0.12923003164429,0.08991418961343453,0.052141840489381155,-0.004075972887996603,-0.07045621875554421,-0.27963374042180894,-0.44333654573840553,-0.584215334724668,-0.7940772664060523,-0.7790695730810291,-0.5917936794996214,-0.5619163991271828,-0.4933817808942544,-0.28055927704222333,-0.2190165952250301,-0.23707898410889727,-0.23455499937567695,-0.27163766485110746,-0.24594869313669157,-0.6583887742687481,0.7410926373656734,0.6789049764189202,0.42365177805670906,0.31641905593224373,0.09340574413687426,0.09693087992831269,0.12174038205797051,0.19141681699155502,0.2816221322427695
0,0,0,0,0,0,0,0,0,0,0,0,0,0,0,0,3.3038944722661223e+38,-0.23883280601522452,0.1424095340589847,0.1928972231647794,0.21784034814512207,0.09980346613900927,0.010156926002172596,-0.0886921425922153,-0.19387147910555738,-0.5690290162068592,-0.7269901381920785,-0.815011938107065,-0.5597951509297454,-0.7756891363953372,0.24427690215264636,-0.6230383107375128,0.7654907273399959,0.6460443334054775,0.07800874822739569,0.09485704878808178,0.06285697613215373,0.37289751016830447,0.14045390105454672,0.3437916861291201,0.11148496360110499,0.060593690243659806,0.0882959463212547,0.10477763036817833,0.09059576568164741,0.1034714228926133,0.10127252668559233,0.24019223058664987,0.2705730478892853
0,0,0,0,0,0,0,0,0,0.06263073621065157,0.14796923881534044,0.2074659265279283,0.2789145473645073,0.36223677008185856,0.3821025809666241,0.364087688537642,0.365017141983405,0.3775714177284614,0.28495422779820173,0.19140395219200623,0.06213066882381462,-0.14341211600025644,-0.31724479332390615,-0.45274425714122946,-0.6098088451222843,-0.8094787913155715,-0.8514825391305619,-0.8173969833416267,-0.5405507653814403,-0.34530586717888123,-0.3155801976121568,-0.7142041633168862,0.7709637203547419,0.1308836509846964,0.7722567938171527,0.7668861600283884,0.3028736559501655,0.14499350622506887,0.16722020366485793,0.19610793781425676,0.17836274089436305,0.18791364695336074,0.20608456174151352,0.2168792422402947,0.2172395586979603,0.2095789780909594,0.2146922508486181,0.2364905118100316,0.2761813835276196
0,0,0,0,0,0,0,0,0.21423654847094484,0.27344041827105103,0.34284447170826077,0.3580077113847528,0.3385947063749596,0.33131828359929355,0.3081055713789246,0.2507432147014678,0.16116651660075168,0.09481179928419976,-0.18626202782849272,-0.2906328762558554,-0.3846556947456341,-0.5917383084318927,-0.7220414710132412,-0.7743377175070553,-0.8252886949840481,-0.8785137893296613,-0.7455910616159644,-0.6236220506152526,-0.3236716837964319,-0.28972741783471767,-0.30808008189013164,-0.3893591855928436,-0.25694129729793996,-0.3394163213179582,-0.4088628120287835,0.1959941105345237,0.4060266411831949,0.18443054811398396,0.20486907396858575,0.2170112276431146,0.25355097093784423,0.24062200237736034,0.24465906358238595,0.24858279706899084,0.2605390247099001,0.2800826748740797,0.25151243999338363,0.20544864442113367,0.20482677378206685
0,0,0,-0.36779768405058255,0.265714788416843,0.27569609754986296,0.27867115238096396,0.30016928679886845,0.29208652366759036,0.25846072756255517,0.2608439701076083,0.24918450736100412,0.17562038366609625,0.13384389801052246,0.061132898307012865,-0.13387889059468663,-0.2810540334098141,-0.36017392198575676,-0.5191838511981188,-0.5598305827406008,-0.6140100621893316,-0.7666477065285165,-0.8466025185385054,-0.8687814894272924,-0.8885589760455456,-0.8822794302359085,-0.7809210757767541,-0.7322124389848205,-0.24970463281454836,-0.3623831630626123,-0.6118295925165258,-0.4309071042681526,0.7968469236092276,0.19287060115567864,0.16114966035832737,0.18965492166835748,0.2255839837889691,0.2586814628036477,0.2480402331034599,0.2536180828579969,0.28166434647826966,0.26929262088962785,0.27332647687913614,0.2523424117204245,0.24586060559404463,0.25092625566423277,0.25632522020394927,0.25398659956594233,0.26341245401904706
0.11904745652147145,0.16173607746107607,0.1605499454005028,0.15328360027727606,0.14320236566882097,0.06066287389830207,0.06329123534181473,0.05362861820084227,0.014957505843710497,-0.03177827209144312,-0.08515888322799847,-0.15577188688449964,-0.26956017671822813,-0.32955161681367395,-0.3905482312872338,-0.5216011539520804,-0.5913299659538246,-0.6366961000723722,-0.7411215149734379,-0.7843829690553165,-0.8329144664440251,-0.8920181425406014,-0.9132010782291923,-0.9184053480658207,-0.9167394477003499,-0.8825845810595436,-0.7816221851710321,-0.708817125483519,-0.4667221033065038,-0.3211825126077924,-0.18431775124300614,-0.22376990834323848,-0.3464789163919734,-0.5835759954824201,0.7128073172781193,0.5114288391866075,0.32138979709109616,0.26818909005304303,0.24782608635198286,0.24821155306683287,0.19907570206925135,0.20334571830449788,0.20890008574110536,0.22016699008680266,0.2546325432964477,0.2962609337883119,0.2887680299033654,0.2623472731321309,0.2803937296044399
0.012245682284608525,-0.0020705881480736626,-0.05546478353700883,-0.08287862870930235,-0.12458909662097513,-0.20869170153538796,-0.22764540908713168,-0.25935301231308566,-0.27246056803201063,-0.4480974741683592,-0.521736829381673,-0.6158619373133076,-0.7323927336968858,-0.7690957298150793,-0.7741343610959975,-0.8230694692213197,-0.8194832189340246,-0.8067068301872417,-0.8548089271346334,-0.8918869526109603,-0.9202645432065264,-0.9535334064025721,-0.9548090677505129,-0.9657144318599519,-0.9789207933444205,-0.9436896751788979,-0.8451903450086488,-0.7483538578759199,-0.5635295591887861,-0.4980503816890092,-0.44858315025869805,-0.3342108170890737,-0.29412256576369017,-0.25390751296336883,-0.5853982931162267,-0.57107119713883,0.6705831528056934,0.2908702919796729,0.24836055279330227,0.16630923284638885,0.17594932889449053,0.157693622413662,0.15535049292398598,0.18006769324870692,0.2057159454438356,0.23660364951504728,0.24288689974380037,0.2584017506456164,0.2750401609385616
-0.25151656868869693,-0.325905283516724,-0.3908504063983701,-0.48122224859052226,-0.5612825146102481,-0.6787183714671742,-0.722078391600924,-0.7828279721762341,-0.8462448369546776,-0.9217529619175646,-0.9900229909737467,-1.0012177603244505,-1.02228078591023,-0.9903834927949812,-0.987318228491862,-0.991006913003373,-0.9623367438181242,-0.9463933271804588,-0.9429716800423891,-0.9405149137462616,-0.9383644256794434,-0.9458393047533681,-0.9706194632070658,-0.98957885320929,-0.9864070247812237,-0.9801182998427752,-0.9255782827622633,-0.8841597254441476,-0.8314740932371832,-0.7924201107939018,-0.7557705928423414,-0.6713634722960476,-0.6278362988154682,-0.5678288252679954,-0.4383834601132732,-0.3625745741412107,-0.23684536835174114,-0.662921287032594,0.23181867176256185,0.6057056323221736,0.14914529377367577,0.1338525911022123,0.16036947887909025,0.15947184585377874,0.15842426443104657,0.16154563129353372,0.1461813220416875,0.16287734550172964,0.1390422944659239
-0.6608272996632574,-0.7270253973277186,-0.8165591530752995,-0.8572971444412383,-0.913306638347839,-0.9705980244545888,-1.019620349464338,-1.0421091258352795,-1.0567176238129976,-1.0461434587546792,-0.9712520580166695,-0.9087991373610015,0,0,0,0,0,0,0,0,0,-0.7029762900626995,-0.8660282786457938,-0.9315028267410641,-0.9386347762083453,-0.9562340212800295,-0.967051841164074,-0.9712034421497252,-0.9702690738715282,-0.9451471273466712,-0.9225690764980874,-0.8477579724245441,-0.8056808291219294,-0.7490314773288924,-0.5431757287701499,-0.4713181282583872,-0.334646084161658,-0.2564752401556207,-0.24876295956504615,-0.2540497046561301,-0.21192304267648748,-0.21969337547124715,-0.23859326940707018,-0.31091022364625437,-0.2713185983161893,-0.2426642845726814,-0.6151927455698395,0.6430812979229193,0.2540558985722034
-0.9080623831275559,-0.9536948875251725,-0.9873522995977736,-1.006020308408022,-1.0092325911926867,-0.9696972509166334,-0.9119066718560381,-0.7372770977148877,0,0,0,0,0,0,0,0,0,0,0,0,-0.3988661604838164,-0.7711252480502675,-0.8753198519434985,-0.8988755480734082,-0.9141378588923912,-0.9880331667052695,-0.9887998286830143,-1.0047909637798942,-1.0228756579518694,-1.0161581486923215,-1.014622324922221,-0.9956177420858708,-0.9815396787090183,-0.9184745911989595,-0.7606759333145957,-0.6486250596937381,-0.5518860939316725,-0.4302336423103702,-0.6385365583353425,-0.6492293650648364,-0.6776285243179203,-0.5742073920747124,-0.6807582431900856,-0.5611112700574716,0.30219921252023985,0.6825383427061527,0.7670888207345745,0.2731303456834681,0.22831614091525285
-0.924820038100316,-0.8991474128941154,-0.8146114480186678,-0.7435515735391209,-0.6353884560399604,0,0,0,0,0,0,0,0,0,0,0,0,0,-0.22332225345546725,-0.42946833865206446,-0.654857478469664,-0.8424731641862973,-0.884637638802713,-0.9248305190415274,-0.9703628868742333,-0.9997653359364863,-1.0088963091686682,-1.0179782794959544,-1.0420133134863425,-1.050429062096385,-1.061356704599362,-1.0594373895016223,-1.0254395484822616,-0.9619155286506514,-0.8165408173471603,-0.722230745017548,-0.5324612855223615,-0.9577516400637879,0.803379154608905,0.5689507048867565,0.4117003335980074,0.4297788820104207,0.45222087001612543,0.4989684791293573,0.5840006267275957,0.5898746822640251,0.5001690249589503,0.2630694180553096,0.20874492653091536
-0.7117106810624391,-0.4990468422685691,-0.24242715748028293,0,0,0,0,0,0,0,0,0,0,0,0,0,0,-0.3280050379591292,-0.6612750521348338,-0.8376416503079371,-0.9333793367054724,-1.0005427756693446,-1.005731104105397,-1.020523917149116,-1.047444524120053,-1.0741189450811761,-1.0756965841492998,-1.0765946360640248,-1.0897278707454234,-1.115593551321078,-1.1210627064419554,-1.10515862158027,-1.0969661753083484,-1.0687131230256124,-0.9296552090661626,-0.8572643504113303,-0.7436139602987606,-0.5693858106141522,-0.6516656145902568,-0.7949735449082082,0.8708936096312172,0.7036499357447993,0.635172795625566,0.6001837000930369,0.3640695176375736,0.334077829185851,0.22822211186694938,0.694291423405352,0.49839958834794984
-0.4631053864168396,-0.46621044774947457,0.520807117757674,0,0,0,0,0,0,0,0,0,0,0,0,-0.3812387290336735,-0.5656183627730502,-0.7336171576597722,-0.9250336706141818,-0.9870954188302548,-1.0314480447016392,-1.077712188610888,-1.0924993350049033,-1.1025184492300362,-1.1151204001007158,-1.1210035317647402,-1.1204369923103001,-1.1241976436641246,-1.129655982125216,-1.1445729151667057,-1.1510039454315792,-1.1402839963963152,-1.1222794773254474,-1.0963867897375859,-0.9943259775825051,-0.893525494777575,-0.7839912701417742,-0.7054118640778829,-0.6384113640459862,-0.556097776235157,-0.4449971076805103,-0.38587407220492714,-0.28717523889880275,-0.26245191959776887,-0.1979170806064896,-0.3642719269403392,-0.44379792238873855,-0.7529795306311725,-0.6567964039389322
-0.3411696670485911,-0.273326051052973,-0.20208626524717876,-0.3638153557908653,-0.46760354228734935,-0.43874220917678564,0,0,0,0,0,-0.6232089469947009,-0.28441270906291355,-0.41212493727917926,-0.5737492157276121,-0.7440093918310207,-0.8481651713120879,-0.9655755579593226,-1.0678915703322676,-1.1039116040058374,-1.1269387431638673,-1.1396446873619648,-1.1418342119465563,-1.133907472373406,-1.1383236787848912,-1.1409436012214351,-1.1499651220943252,-1.1536635086264608,-1.1572587951831372,-1.1557828392518679,-1.15026843971007,-1.1393120398010812,-1.1133967940142833,-1.0818980232811457,-1.0040985845449684,-0.9859142876752863,-0.954462919188333,-0.9052152636288319,-0.8302657219926918,-0.7961206833298566,-0.6983685366140817,-0.6349336600182257,-0.5376987050254721,-0.5106963973161539,-0.46146965437809984,-0.4168965469666907,-0.39947830635279125,-0.41280276444760355,-0.4165775504443632
-0.33877409923306295,-0.27464535116750477,-0.42789123513842336,-0.48577209505608443,-0.06042038017486329,0.3806860102880767,0.3920270840290195,0.42866169486203876,0.5343853318701298,0,-0.36288351180972683,-0.5071847845894042,-0.7027361464750943,-0.8577282963576229,-0.9495722682953115,-1.051977954501171,-1.098573090838035,-1.1534724220585244,-1.180455824475462,-1.1782098147773208,-1.1779941806566236,-1.1765088367997372,-1.1703811801688815,-1.162290882344802,-1.1502263092882004,-1.1353178875039502,-1.1527901282111652,-1.1511020893157162,-1.1555094362598934,-1.1822480920499006,-1.1722084854973709,-1.1421639244352388,-1.1156936809863827,-1.0946411364328048,-1.082289590204133,-1.072321341049131,-1.0095117437790981,-0.9328596778249308,-0.8897123889991917,-0.8438729543236683,-0.7382622835986239,-0.7067847940973078,-0.6499067740546199,-0.589920216107574,-0.5788920292692056,-0.5585894455377708,-0.5452493317131409,-0.4916466589160819,-0.5204280921692882
-0.5878831750766017,-0.5838163180546605,-0.5009798953218534,-0.4583638732868401,-0.41937189353301835,-0.4701703750234434,-0.5425594908408049,-0.651030102788552,-0.7216788470624514,-0.8554241323022369,-0.94136906715278,-0.9701522546197651,-1.0203465546173767,-1.0979809009241541,-1.129514463449262,-1.1530548180996134,-1.1768170616836522,-1.1904212294254184,-1.1800210680491274,-1.1727032666975798,-1.164590278904266,-1.1473541841530168,-1.1292100175061568,-1.1344262628738573,-1.1296942631031188,-1.1080159379488037,-1.1361904665121068,-1.1347710654667986,-1.1008577999507396,-1.1079517351067072,-1.1063098534030062,-1.0956666252936456,-1.0905794118349035,-1.094092230444969,-1.0849613734874988,-1.0602539488334972,-1.0330782710527262,-0.9593553837616615,-0.9184782809612211,-0.8900605870904443,-0.8410717465456643,-0.788753975045679,-0.7301810494215205,-0.7347982041178737,-0.7133871445609387,-0.7008552882779525,-0.6957605450145261,-0.6631361695344733,-0.6509939102075145
-0.6515778380581918,-0.6693151851302243,-0.6768037574402872,-0.7102407610969276,-0.8436875767787134,-0.8473471266460113,-0.8711230859207285,-0.9465888512790985,-0.9521330978301518,-0.9738417018889904,-1.0216343255482108,-1.0678141423992886,-1.1014815444563952,-1.1550102841533325,-1.1739088075536346,-1.1738610867354986,-1.199758290423821,-1.193139880605751,-1.1800855981288358,-1.1653172249265038,-1.181230140536945,-1.1761993273550932,-1.1526365190664578,-1.164410355098138,-1.1654984713533139,-1.1483149307101808,-1.14919266869374,-1.1411616449662534,-1.1083527530744717,-1.1026992078427331,-1.0948036045600154,-1.0804494967838443,-1.0829898365461732,-1.0809289221189793,-1.0716416785561467,-1.0499776008798654,-1.0106479327249012,-0.983309571125068,-0.9576616904504244,-0.9370676678775186,-0.8918942686964569,-0.8743564496576167,-0.8661040728816956,-0.8376692256485294,-0.8136244854048063,-0.7989756446919161,-0.7980539889184354,-0.7487266602022952,-0.7251874250845082
-0.8081032901958342,-0.8561127085035906,-0.8958605655774542,-0.898501671505412,-0.9576906147557539,-0.9688286086136783,-0.9892596320388942,-1.0119815781130326,-1.0331617848725299,-1.0466892674705435,-1.1024502422222038,-1.1116610305226187,-1.1312685170218244,-1.1744623632036932,-1.181913248125493,-1.1832321611797694,-1.1859747627109034,-1.1928103380257427,-1.1891537336452584,-1.1874854234710464,-1.1830261784079916,-1.1704424527761519,-1.1582881041116921,-1.1669375474942354,-1.1642682967911044,-1.1377048526995486,-1.1354842270525156,-1.1255284703954243,-1.1062586997818107,-1.0926705889850954,-1.0747086877091208,-1.0542368769967556,-1.0389886505666113,-1.0284074989182626,-1.031261262085776,-1.0129695816807878,-0.9893377390566886,-0.9766929357221277,-0.9642723110604761,-0.9419219942979142,-0.9404447696254551,-0.9280307924753213,-0.9073787028137954,-0.8900343085058584,-0.8731690848900518,-0.8745694520026864,-0.8680843489614573,-0.8437488366251279,-0.8275313148807154
-0.9404447276921277,-0.9673226997737108,-0.9904020161694862,-1.00130810253376,-1.0295610554857844,-1.0327116387728232,-1.0410123084808784,-1.0546399194544636,-1.0694256859501072,-1.0857514355246003,-1.1055681522867973,-1.1296214684450738,-1.1521385181119703,-1.1682342326298698,-1.1779659343782545,-1.1909449285502687,-1.1915814675517193,-1.1873695833080096,-1.1820665413298004,-1.177857726761611,-1.1870683063602836,-1.180012509334017,-1.178600816922569,-1.1893115364311664,-1.1942300497054137,-1.1673497738237233,-1.1420398662469409,-1.1332890283344927,-1.1018286242535398,-1.0984057589740686,-1.0825517010861716,-1.0593198887546629,-1.0593066215421023,-1.0560095496808,-1.039395044297862,-1.0294557487172844,-1.038435374491237,-1.015477866359166,-0.9923481942266339,-0.9553727120834126,-0.9539560979691295,-0.9542503169888625,-0.9286213982416828,-0.9183006312215287,-0.9068250095435008,-0.8887618586838376,-0.8685270492665305,-0.8334260096564188,-0.8382609374645731
-0.9868739328460805,-1.0221343074009472,-1.04171244637454,-1.0462055265745425,-1.0598594789761333,-1.0663050909279725,-1.0719033646762601,-1.0916524084722228,-1.0995701908861368,-1.1126834780636816,-1.1487213071993811,-1.150824290637308,-1.1544219738213755,-1.1749967516640263,-1.1759671722327594,-1.177036833461065,-1.185048278325395,-1.196343530177428,-1.1881355810509429,-1.186983142693153,-1.1888839225372334,-1.1778060923999802,-1.1744210120225849,-1.1758785723667176,-1.1673204402688109,-1.1471086413439961,-1.1461227211988896,-1.1409993577158435,-1.1135820019004785,-1.1113461784682837,-1.105834131125171,-1.0871005258477617,-1.0867980893382172,-1.0818451218341183,-1.07948350309495,-1.0665757329293173,-1.0511725711957387,-1.02453667060713,-1.0208132657245748,-1.0028258099478098,-0.9770299257787964,-0.9687559714144645,-0.951928581662495,-0.9479921392578947,-0.9161759552302313,-0.8901705398202456,-0.8747500314230481,-0.8397488325841009,-0.817893508495919
