jsons/1312858800.json
{"header": {"parameterUnit": "m", "parameterNumber": 2, "dx": 0.1, "dy": 0.5, "parameterNumberName": "Eastward wave", "la1": 40.97354507446295, "la2": 16.46031188964855, "parameterCategory": 2, "lo2": 133.9931640625001, "nx": 191, "ny": 50, "refTime": "2011-08-05 8:00:00", "lo1": 114.97908020019554}, "data":
[rows 22 to 43 of 50, columns 98 to 146 of 191]
0.572267784079726,0.71349722891361,0.7138714705697862,0.7105800663701051,0.6349866116731832,0.6238915991359455,0.6907152192772905,0.69287394779992,0.7007110999599726,0.719601995348665,0.7109958009436321,0.6904263419388776,0.6919817840337021,0.6926514584487302,0.7080964660873678,0.7242697182654143,0.7350982221445584,0.7507234977406977,0.7522710154048466,0.7462249706090477,0.7390735259191202,0.7365873274124276,0.7391016587129564,0.7451740290018253,0.7402452062139396,0.7443859657528982,0.7345249807141919,0.71624520198995,0.7254974036278333,0.7404789487960853,0.7308131530827017,0.730440273118291,0.731607957388607,0.719241955800174,0.7171563445195558,0.7165249601754691,0.7048530921024909,0.7121866443921818,0.6845605405192466,0.6952070505148351,0.6811834042968405,0.6737654680397239,0.6590721302857933,0.6732031769487767,0.6719121102833912,0.6614892016940513,0.670512249282661,0.6784984624675465,0.6831871657752278
0.4140329558918912,0.5170603617480595,0.5833944511038986,0.6156489017268938,0.6644855612196201,0.6727853538332632,0.6674659109220189,0.6667792688154849,0.6765169434437215,0.6743014551253561,0.6833160379046789,0.6925937656218878,0.7002959088704456,0.6976215340730261,0.7032939545076923,0.7090686864717681,0.7087761135818335,0.7001423220856621,0.6966953409590213,0.694245499927904,0.6764671709198506,0.6728218347208312,0.6955364588859575,0.7131800517606579,0.6980183037639003,0.6731070177473174,0.7080661313978959,0.7192484133294441,0.7264627877080738,0.7406500472907493,0.7295660723449476,0.7090013986509452,0.7140422276384011,0.7251569958299713,0.7348956021481331,0.7298463139634737,0.6777658499445591,0.654904235328736,0.6556992036133218,0.6498732199100499,0.6426436546276217,0.6408972992200499,0.6340864728893694,0.6178708282514,0.6045120712292024,0.6188309451790069,0.5362295313124132,0.49431974100724346,0.4700345208605712
0.41118885403296407,0.4593684289627194,0.4718562113344664,0.48659709892263153,0.5206073990430719,0.5352821123817733,0.567178798348034,0.5774577103974374,0.5661014051759824,0.5693852715462524,0.5819722482979587,0.5862969459197167,0.610487158633113,0.6300708149813872,0.6643132589579451,0.6698243996642982,0.6699995562921204,0.6644222371932137,0.6654854323888643,0.6657479443979998,0.6635698070107203,0.6431199742660085,0.6376685121379392,0.6358955034741084,0.6373243327156889,0.6395769149957642,0.6354654576345103,0.6496534176670864,0.6650884358175044,0.6462049466456717,0.632362400020872,0.6205938547038555,0.6240045006651954,0.6332202548651777,0.6387161844405307,0.6292819737649198,0.5907515742398265,0.5569530772445677,0.5301828312972731,0.40192072499897924,0.3549666918507846,0.3161677765156136,0.30970079325504923,0.5040332659415693,0.583850258448196,0.6822751809939683,0.5081210927581724,0.6963853457157562,0.7311701807644303
0.4696512865336846,0.43421116357137757,0.43771452947452577,0.42492191633844295,0.46947163450264817,0.4805424757330504,0.46744693953587924,0.44562690146671746,0.4079412980689134,0.38639763027331575,0.3874474502590817,0.3645870391339184,0.41402370299163593,0.4780243763148716,0.5077005910947281,0.5324711213957267,0.5319856474668071,0.5056305308093934,0.5225880056200017,0.5177385858414495,0.5463793141022953,0.5602827040679322,0.5836601883053062,0.5573024750408557,0.5635813053184777,0.5699132523815096,0.5502292092930825,0.5369462276786907,0.5194541295098453,0.5148101218198289,0.5031664772035173,0.49652890927943255,0.49512281982971423,0.48297930098022457,0.4998619985998597,0.5135646311217014,0.5407013555063515,0.5317010279415563,0.5049854236238622,0.41700962480430986,0.3579378613319524,0.2803319004165127,0.4841149428562144,-0.8068555806235294,-0.5765754834849379,-0.5626542792772857,-0.6239876809413526,-0.580142001116426,-0.40724151339839465
0.3440022666970806,0.3712466131518262,0.3801544202510404,0.42340051974070014,0.39501030274061877,0.3944249501319336,0.39614082967894126,0.37420456303871386,0.3365037281395634,0.31608942798194556,0.3004845188552282,0.2972172973799594,0.2974679633008655,0.30535730132398764,0.3619074917967208,0.385078238147093,0.4223343402617816,0.44937684739953865,0.45618559155975774,0.45747614865840514,0.4750953906797643,0.4973499019668928,0.529669133179434,0.5364258489764748,0.532938713790125,0.5278317308317226,0.5146561391374553,0.510529794492218,0.5028692671167599,0.49478046444656887,0.4652033032037767,0.4247364383976006,0.3944099467718166,0.376871881040282,0.3943878358784616,0.38626455112950603,0.33120924417685227,0.2741817422486626,0.22766787948638945,0.3153768894196024,0.5659595182296059,0.5759523187512108,0.6522530057196786,0.7172953862641533,0.6045327679822358,0.6614886255539768,0.7047300451757907,0.6809806565151841,0.729075565317275
0.2591170643259922,0.253285746506651,0.2554378953182609,0.23598807225306076,0.2478728468224031,0.2552532596763611,0.2585246689011084,0.2615087832406613,0.30072383347782344,0.3157498299670168,0.31750767261053764,0.3058420548188683,0.3093595830858849,0.30979178618002867,0.30735002928174704,0.29873830159803555,0.31749730148809563,0.39010372304686003,0.3881062868840347,0.403435761631489,0.37885443678284425,0.35180445331026705,0.35710713698374047,0.3706443521118075,0.3903366142621851,0.4144600010736341,0.37386815248802896,0.3352262321971884,0.3172556868889564,0.3198913648200276,0.3300543336175381,0.32355259959185145,0.2973691025963541,0.29453190216814173,0.305551506110726,0.3756031957180188,0.48295070053376526,0.4975346591685677,0.5112871793619206,0.5323380357554438,0.5376408022999913,0.5533248538124262,0.5856872259185723,0.5933653485323366,0.579468232243818,0.6480279639898605,0.6495889767535972,0.6593586533337645,0.6572510885562772
0.3722279950073772,0.33785638979480803,0.33597906857168125,0.3361805545488817,0.3206717627360673,0.3351091068154584,0.3446901956674139,0.3706388687377813,0.4088238091890935,0.4048147183827141,0.33668288380063593,0.36215346374215857,0.3745459170840637,0.35551796606226627,0.3721867207493888,0.3902957728840022,0.38401666059240464,0.38491413290057014,0.3738090996654209,0.3549879896209487,0.3004401093675517,0.2696101199329605,0.2460096110224297,0.1944714833355386,0.16178338001898512,0.14071315362393177,0.23731192572716542,0.7108724205392949,-0.13899669414787572,-0.48617370244065,-0.13460003613942714,-0.2887050520965334,-0.3469353057217956,-0.34194599517908947,-0.4519656748120951,-0.6623602202402368,0.7405637351214236,0.6379994950191139,0.4988502008854338,0.4709417713714869,0.44229109071645845,0.45151854001652086,0.45590722280208196,0.4623735491861436,0.48195702220833264,0.47776475682236247,0.4927614676750723,0.5011406997227554,0.5020912800850004
0.3516359235415815,0.3230753867819039,0.2993300804304678,0.2921194668973054,0.3052409411811365,0.2942826233482973,0.3006484922424907,0.3478276547639185,0.3669370272265753,0.38660886290733465,0.36674600983607253,0.3806398932904506,0.3910397748139226,0.3836621204970571,0.3767871003067459,0.4030155575453408,0.3965295491931825,0.36861748486185986,0.3495001366126425,0.32737757319473976,0.31732635610123805,0.305261439958021,0.28949148296374144,0.24032491759437655,0.19510171952392205,0.1656277077758931,0.26592787518927463,0.6243981377532849,-0.26166779456521444,-0.3445558651676039,-0.5148232250073322,0.10608415424868385,0.33324048379581817,0.456378060213852,0.5036090386275557,0.5230065011381881,0.5486740749476873,0.581301997009649,0.627959527028791,0.6581371577644106,0.6997042672236135,0.724308741938814,0.7211724490475199,0.6648601927409491,0.6596420971775485,0.6294379486102577,0.550039956169985,0.5468587640394859,0.508284841378361
0.32864908002970555,0.2542787375640017,0.2568086698405921,0.2580262772924183,0.22493771695955272,0.22807186171869662,0.2208432138240373,0.25158278409723067,0.29522061012298784,0.3492192070542418,0.3771483524171142,0.3896427290900932,0.4101622431296011,0.4213219305680221,0.4336328986874906,0.4424648714842276,0.41979268793674607,0.3940262045178605,0.3910687091046025,0.38029362598194827,0.3679637417991809,0.3677236784631431,0.3746770227972938,0.341313655597195,0.3464814345332884,0.34047257297192657,0.36717753115290097,0.3921505316580384,0.4383253609679562,0.46578360596789786,0.5935662805512967,0.6323899594155472,0.6642614442105135,0.6838497486511791,0.66873366363849,0.6671302212249668,0.6731932738101768,0.6743775243857402,0.6770689369026114,0.6752932555204275,0.6797092302658257,0.6818384005843716,0.6819467538632598,0.6743671213043777,0.6832843204781907,0.6344027937649876,0.6309900179968841,0.6256061533098387,0.5558741696688597
0.19669136620310787,0.211865167041036,0.14122437042629354,0.11067664301043137,0.07303687633053235,0.09963269932361503,0.1142929202046161,0.23510167960228243,0.28647758029804676,0.32087794497161504,0.38792672743067824,0.3859464628962332,0.38566419438945526,0.38776330940222625,0.4271537718323534,0.40676172259971977,0.3987616430825227,0.3545128876744254,0.3759094060066886,0.4098482110135172,0.39567920809598733,0.38186918450882607,0.3709600627235968,0.38788815525156256,0.38289321682048144,0.39129557979030327,0.4176456198043088,0.4262752312081009,0.4257052176645608,0.42726474666671127,0.42891043223482817,0.43042876225020443,0.4400676763009395,0.45328956974123147,0.463164630400272,0.5021239330638549,0.5051948174163908,0.5124360612639887,0.49482970887158056,0.5036006302449478,0.4983534052219412,0.4807906551708095,0.5100675100142434,0.5017775786611426,0.5052737224950958,0.5041075135384737,0.4918733394636906,0.5132351873258028,0.5057588985383776
0.25968848719934906,0.2567189373653408,0.2780063036431807,0.3997363615358758,-0.6269872964868847,-0.7081740747642946,-0.6416981187625135,0.694923623471157,0.5762786927484405,0.471518494137213,0.46234341872026985,0.43599249085376085,0.4221158760210732,0.4148164616410151,0.3810009151650806,0.38629970957786297,0.3911025574433896,0.393175939801775,0.3726554573439329,0.3686068230017436,0.3559279976144696,0.3324770896689085,0.33410390785807,0.2980298951309678,0.29931540421652103,0.3258735354817665,0.33987614212575173,0.3416106805590428,0.337483752928968,0.3450755978386277,0.30247083399107133,0.3036761079306803,0.3030376654511169,0.2964438099052462,0.29123848973771915,0.29084438965362674,0.2992902575522514,0.31562854802852824,0.34109229074938413,0.31232683756714846,0.32211778305581706,0.3343367193613213,0.3456678218506423,0.3465508473021876,0.34613958105284887,0.350320804872671,0.3505814895892427,0.34435003442605555,0.3344678306184982
0.3815378553431604,0.363537735729741,0.3655922299672991,0.3905103404688011,0.4133499091523514,0.4640600665799915,0.4832097660635736,0.49445122895623217,0.4812006447132632,0.4692569535713199,0.4505673299556191,0.4555120479618157,0.44644146659702283,0.44047399657889486,0.39749761315267,0.38301814231607434,0.38151726272616726,0.39388263331314305,0.3937558374321235,0.37463249487364464,0.3205166918442088,0.27939107626723925,0.28165209686595083,0.29504782537094765,0.2770981741008875,0.26354179208348033,0.3161004494062273,0.3192783081748364,0.26965994132824495,0.22299284867793578,0.2409570422021586,0.21948942851533612,0.22611198900588675,0.22470438119379818,0.21184210407237328,0.19351521055927431,0.18173084792821195,0.18056505847023963,0.17295658401275682,0.1674712184748817,0.20391640690355337,0.23957171878495268,0.25445192630459346,0.26111603671764394,0.26679502358968665,0.2745234886576318,0.2778935379824226,0.2585486996268033,0.24919093789083166
0.3121020595045534,0.2827422590725376,0.2856907124273457,0.27924305712432196,0.3227346474689293,0.3667957331079675,0.37994507494976143,0.40220081408477576,0.4050161790172338,0.3924764392422161,0.34879049886933716,0.32814936782544246,0.326845985103878,0.3120587158323737,0.32015186423617337,0.31999525529955086,0.32810729296202445,0.3126037734994142,0.31287375568128073,0.3029210281112556,0.29713182179231296,0.2988880595576089,0.2881021943156721,0.25475356025222456,0.25455978803949575,0.25974867722911343,0.26261949618914415,0.25786006510201515,0.252253004822794,0.2510094473080731,0.21422657420921398,0.21388223001231688,0.2169994370684543,0.20803362521808136,0.2105379719214603,0.1934819499203767,0.13352787934936827,0.1200800704375079,0.20810257029144083,0.2651275599549299,0.4149095156975398,0.6084662623419336,0.81135197149661,0.7271279805373645,0.45916087254981675,0.5485830816512558,0.38867561940475553,0.3363192309415705,0.45199236383494834
0.17805271076853968,0.25450540898285223,0.29089831438900704,0.26258639322950095,0.17977615797322968,0.20876161358182696,0.2696095893288193,0.30360697977417883,0.3102612252461554,0.3161141395705357,0.3023790450634229,0.29324431113895505,0.2661262807702538,0.243873344188905,0.25843256268036086,0.24704855317387864,0.2452921872938524,0.23370982154649209,0.22120375802762404,0.21530708173571503,0.21324560457413314,0.2164943667497007,0.21353587375461675,0.2247335518088295,0.23591725782422712,0.22861986361550785,0.22497245553539397,0.2228636209736078,0.2105924365586426,0.19859460246844068,0.19502434169120925,0.19653272547087478,0.2031608598661257,0.21199477511464596,0.20467866260191916,0.19482727863569016,0.18008010467741853,0.1444901324312845,0.11925358004589784,0.23303501698530815,0.2148276492900194,0.38166616358077265,0.3165183957974685,0.2042955143135512,0.8384373209144836,-0.47947627014450606,-0.6785930512391345,-0.8256903213042938,-0.8097448036729873
0.2967247727314954,0.14535040947735764,-0.8539357058989643,-0.8280846610726988,-0.6837761697401453,0.7154474709281289,0.5902489183426017,0.4290293887355372,0.2418255267797101,0.2985964923191116,0.24049830474580242,0.29363378296212733,0.23939475008259142,0.19504996158046722,0.1405839063349936,0.1044680821402645,0.1439250234554653,0.17019795068902677,0.17741905891739623,0.18650934746917863,0.18012205249737834,0.18623315383219452,0.1902918110657408,0.14604221000839757,0.14440104845677812,0.14147866031176104,0.18339628484502932,0.23450456279746879,0.25327436731248615,0.2310588114282301,0.2182357013725362,0.21701814389911636,0.21625735030478613,0.185490809459035,0.14732121274663096,0.13448598637972234,0.12385009619583107,0.10638356869598876,0.0784618962230386,0.16970442637916425,0.33303622478317324,0.35102918993890764,0.6792545691129243,0.8462568772269554,0.7808682003797996,0.789767480014165,0.16753575925472147,0.8425206517005984,-0.6284250611280394
-0.16748661005894275,-0.18246941288281965,-0.3793836739969842,-0.4217287820070024,-0.6064738876798238,0.31579075254947636,-0.6386597636931075,-0.1699201475590099,-0.6904005623524696,-0.8116169126343777,-0.8514696583956176,0.6225072856557418,0.7740984202138573,0.5661013653767101,0.14231772626998565,0.268539340360486,0.28552603487492756,0.47853197872414843,0.6438082069324625,0.48990337120492466,0.47590296987833375,0.47534965081347375,0.4128083392417107,0.24826268687951397,0.20096681614611273,0.32918208026186463,0.1532823773116525,0.39583287969948244,0.48535269833140204,0.5039997062525345,0.41498403897359476,0.39354060760633414,0.4077666400444056,0.2853470502699366,0.22432832550356674,0.14254343375917794,0.18540801622035102,0.20689369834293403,0.28941992460592436,0.7397432468856732,0.7778770452962656,-0.6421006536564682,-0.6947780628770172,-0.7489788927684634,-0.4357487292019946,-0.8053603824336191,-0.8398091605917509,-0.6092931679493284,-0.5290699522010939
-0.342637880929392,-0.34531521596407766,-0.34573660006255097,-0.34258288749956173,-0.31171882255801675,-0.2975382381597146,-0.2491401613778643,-0.2303497698757441,-0.2324534905450791,-0.3375952387505714,-0.4172180623594742,-0.3905742004347189,-0.8217467126432448,0.6747222391662496,0.849545872797588,0.4808610574187796,-0.1299561996835918,-0.731362637712002,-0.24251185739853823,-0.41870517334171276,-0.3224873405411572,-0.491812632014081,-0.38406589671723124,-0.6301124435800786,-0.5019837413729638,-0.10507864377695617,-0.8619694334954427,-0.22536307416289336,0.8886924826554008,0.7576372159767945,-0.7380523189472324,-0.8892758953774945,-0.823542300207465,-0.6753979993515505,-0.2747469945188544,0.02057809201923362,0.7187623617010374,0.6739636378887016,0.3548301588937429,0.22614156159162072,-0.5319159262761496,-0.8628739632729483,-0.31819548472579473,-0.7143705557537664,-0.8315014684592973,-0.6741579152429533,-0.45389228856487684,-0.33762673810414456,-0.3913874813294846
-0.4334108891337415,-0.4001966562212041,-0.44211598955042625,-0.46755170212614583,-0.4500929125390961,-0.44096976748672245,-0.4380886053680183,-0.42492317675241914,-0.4084036768594474,-0.3516744419463787,-0.2848502515436379,-0.2603080361287124,-0.25002578151405835,-0.31275897513149703,-0.1817398688393487,-0.2741802107763291,-0.1689509066008659,-0.1655640748432945,-0.16289259207305704,-0.16330625963455933,-0.15865244355375951,-0.15780104182747096,-0.1557341147577176,-0.1397180853631931,-0.1362163578288112,-0.111486198738465,-0.226240917589401,-0.15210172867995564,-0.07061766964634807,-0.16415450179636112,-0.2602379474877174,-0.23882150846955827,-0.1695069908425577,-0.09773013643490346,-0.12420100212529529,-0.294854081414599,-0.2757723879296316,-0.2720525811866488,-0.3247061954493791,-0.3248271567365269,-0.2617935084170402,-0.15327162260436936,-0.17816588526722457,-0.14780313936024092,-0.17013332974035972,-0.22352977387982934,-0.2429941860199633,-0.24259233585640042,-0.24675991355771296
-0.562775907526598,-0.5296124216222743,-0.5356651636844595,-0.5468259559749358,-0.5607640140044977,-0.5876771274413023,-0.584455024088327,-0.5306516479272135,-0.4978248899620457,-0.44548740922423513,-0.4062668185246199,-0.36139687268663634,-0.31379692300641265,-0.2762401405153424,-0.2663559630532136,-0.264353299268232,-0.26143256631506284,-0.26961135517997553,-0.26478693162269024,-0.26674254762830746,-0.2409789907579522,-0.22689498833852773,-0.21454840121684998,-0.20932845664758715,-0.19093630573584933,-0.1711370366233903,-0.11767727886133506,-0.10002489742666702,-0.11366188535763698,-0.13496151831640382,-0.18898066005696995,-0.23875243215511222,-0.2475039411987625,-0.18569415078070006,-0.1688537008131814,-0.14859932297283898,-0.13369979932344933,-0.15338299450473214,-0.18067602909718775,-0.19818215755409094,-0.2091990467750747,-0.22025124623377992,-0.22423737177374473,-0.22884222983239036,-0.23162766752786038,-0.2726931114896648,-0.29584356792079247,-0.3201464799714768,-0.3321007341769633
-0.7040489840481208,-0.6356647626589239,-0.5895570592398001,-0.5778976569773686,-0.5740147206171715,-0.5541317340226106,-0.5370683748789966,-0.507310316683011,-0.4799687718784531,-0.472604319715551,-0.4510150539813611,-0.43335274556942516,-0.43455077203198045,-0.41358532829058764,-0.3560022437995478,-0.3353342097169428,-0.3246361268307211,-0.3243882879349805,-0.318356176013234,-0.3139004034290836,-0.2899935687436948,-0.26645661257792425,-0.2492366097197191,-0.2546638176825632,-0.24140863597987242,-0.23880494825820162,-0.23347427224677764,-0.23558568427228135,-0.23955832031166457,-0.24099936508927058,-0.24370852003240345,-0.2467092153973963,-0.2532252757093612,-0.2684901380018367,-0.2873978772414754,-0.3051411013757626,-0.3424927365621284,-0.35485906250166416,-0.3531846489697484,-0.35204195487659395,-0.36384375357950993,-0.37893023431469475,-0.365899855149351,-0.35158489768393303,-0.34643266957710867,-0.3656103050715183,-0.3937147547562329,-0.42298130817244123,-0.4532044858876984
-0.7216958031335484,-0.7524451196583142,-0.7171519445206795,-0.6670024425702663,-0.6338444540031983,-0.6141492793588326,-0.582840970449977,-0.5516855289360343,-0.5438015710257357,-0.5343167324182643,-0.534015180562573,-0.5165106036164748,-0.48518528896891217,-0.47152296156295526,-0.4613813261440546,-0.4455043543865888,-0.42696478854492514,-0.4139020028657136,-0.4046777153622372,-0.39357577356823603,-0.39944052214173353,-0.38954556296098547,-0.375666091053324,-0.3675123669363261,-0.3667236448833928,-0.360345383742888,-0.32060984063799025,-0.31369668710872195,-0.32675119450425555,-0.33999571541394974,-0.37599013929229164,-0.3865433762978194,-0.3832953924546296,-0.4013104373580684,-0.4068030123961316,-0.4147567306346939,-0.43488780746634403,-0.4394572360581897,-0.4417794210542054,-0.44873269631112706,-0.4599888931824538,-0.46067054972119625,-0.46310335570315764,-0.4710807920669336,1.720426656968586e+38,0,0,0,0
-0.6954846465160884,-0.65521515621838,-0.637138349585809,-0.6222046525826544,-0.5600860689938093,-0.5374267666442295,-0.5688811904298434,-0.6392484097232928,-0.6614175348433118,-0.6474559946229647,-0.5993638460165382,-0.5872796388092281,-0.5687772427178159,-0.5471120654607111,-0.49085633839491555,-0.4930898759121123,-0.4876629205444738,-0.47180105606678924,-0.4628999361681506,-0.4650751430696675,-0.4690859098427969,-0.46535108244007384,-0.47382385930750276,-0.5014429918766267,-0.5176349530800534,-0.517942004245416,-0.4878286760078367,-0.4912830539125041,-0.4871548531368552,-0.4923175247690456,-0.5190863559982911,-0.5278272899224365,-0.5339454439543317,-0.5265456499317918,-0.522974174257808,-0.5272522138266384,-0.5608726122843898,-0.5702534289679392,-0.569418968915877,-0.9506728350027851,0,0,0,0,0,0,0,0,0
