jsons/1312650000.json
{"header": {"parameterUnit": "m", "parameterNumber": 2, "dx": 0.1, "dy": 0.5, "parameterNumberName": "Eastward wave", "la1": 40.97354507446295, "la2": 16.46031188964855, "parameterCategory": 2, "lo2": 133.9931640625001, "nx": 191, "ny": 50, "refTime": "2011-08-05 8:00:00", "lo1": 114.97908020019554}, "data":
[rows 22 to 43 of 50, columns 100 to 149 of 191]
5.738313766034651,6.614973834364047,7.554036661052527,7.867376792345354,8.23853091871336,8.611528924857835,8.650382871436799,8.664034080956288,8.817130380223318,8.856963194995947,8.731452223548352,8.597449397877718,8.586323201254222,8.25105598032979,8.178682127609354,7.965159931614234,7.688104894547086,7.49168544658902,7.341655665638411,7.141729256035242,6.860598795420568,6.677023004490145,6.458154436713927,6.252750399772682,6.157438052137686,6.018349866947782,5.809544543386434,5.652502592546914,5.510949112878627,5.2908194170227025,5.137734523725282,5.0629462279686726,4.859112308725602,4.731711708571545,4.625472712057352,4.461769909593031,4.372910207496629,4.348001331885246,4.239136992359004,4.121086604291635,4.065694280728668,4.001291517306493,3.860849129446496,3.811507966359614,3.7385733556769063,3.5912575434692964,3.5194716505274672,3.44858249566045,3.3439707342837384,3.273070909727136
4.137618323414933,4.935138814652044,6.086434697684642,6.559454586195837,7.191034377350757,7.634243153545972,7.766428658319791,8.016207181479455,8.168203549106753,8.248835094703802,8.12271335895879,8.105208765992638,8.057662033749624,7.88198420806721,7.7519015226884145,7.70688537439008,7.413016644751648,7.240763457619937,7.1161802382897585,6.95330032604574,6.71915287316685,6.572362282900727,6.553061352792379,6.232699967224408,6.096702158401063,5.95425949786216,5.697832459681775,5.524150377368173,5.415924183259068,5.175503910685463,5.082059831700538,4.969157170296159,4.7288657534866045,4.695907997793208,4.619831637331621,4.427713204289129,4.389309759810406,4.306017604390299,4.232128474725485,4.10979181234448,4.031323225467801,3.965990707127251,3.8381557041738397,3.726869429933146,3.6708831584239885,3.498210317448638,3.4324180287366084,3.3704209714094415,3.283681481271293,3.2613278194974287
4.302663530948414,4.904829705865394,5.660729662555526,5.891052861230398,6.331683407377983,6.61434148130127,6.928051037950374,7.096259347153529,7.355670188362926,7.335397272248724,7.498397691646485,7.397925865117992,7.3742533973627475,7.21979650703383,7.146888409431371,7.0491203367769355,6.8362101369488,6.819837237263056,6.652928216059422,6.5146146609831,6.281259951671615,6.178426272433049,6.059391523302126,5.861623933743339,5.754425472392609,5.6632070778762635,5.441496866614847,5.326300351063528,5.1836061256954356,4.992292389111601,4.873024271680701,4.8331954969429605,4.696276019396425,4.652347512961557,4.550750279086952,4.400788115745993,4.3063326993782765,4.2315659001757675,4.1539604590667,3.983300691874074,3.922318486026389,3.835297768449834,3.6590318410860925,3.5438824572954406,3.505201827191133,3.286196167631527,3.2164324056929416,3.137336618631992,3.077255842814563,3.076922361881244
5.617491998643469,4.329957661327233,3.961627628057015,4.313468628244835,4.998476285340397,5.411971214203218,5.71354315809671,5.870584019750213,6.199366422040272,6.202659673633052,6.27448456280491,6.352136509361659,6.372865396874579,6.250357604530804,6.189249709728962,6.085675030204644,5.920833841035942,5.806098378434444,5.67331864763329,5.638025647146226,5.396750957470324,5.34571970087854,5.248251942096795,5.144705600972281,5.106599298865326,5.030597872544646,4.8930563496588295,4.8140090698306075,4.754343590100894,4.622016341671304,4.56375564141433,4.508992316231322,4.373636234502603,4.317669419968323,4.250422566372252,4.156949682706135,4.120815373281869,4.0678478279972206,4.021399069395825,3.8729766368713863,3.6834720407546797,3.527843205552501,3.0065887757133423,0.3381641846665478,-2.3593739919533117,-1.5985722524168022,-0.029819737520038705,1.1781518512089717,3.041229551645147,3.1957364048705412
-4.961754222281128,-0.61154984417152,4.378803781470219,5.049066994784885,3.460477798514379,2.5197412898914915,3.0214011057071946,3.215669742516117,3.9080405416804482,4.143203728973972,4.293130044906385,4.386882755070046,4.7113669449614894,4.73085155852765,4.792536065936891,4.841495631597812,4.830479261823575,4.76463054062229,4.719404387179191,4.697508214503638,4.629600597157005,4.6215796740863695,4.599583608535738,4.485606415116245,4.478409547914227,4.433117799565258,4.42509727975392,4.37441182154535,4.343869626553647,4.222188070436797,4.19762149112563,4.1063339069683895,4.014232496053349,3.9729433848904665,3.9236693282452286,3.827257730690299,3.7639335386150354,3.6560897226382822,3.684514586547954,3.705150862369629,3.0430937298241276,3.098610341288318,3.4273253740850507,3.4028966607273805,3.399268907736903,3.3202339012261497,3.321789281594055,3.2924813610297514,3.282183293214272,3.2665608964588144
-1.1173731195413745,-1.2862151931309602,-5.033691976506983,-4.234743342697059,4.303670022604082,2.0607977014729024,2.112061323462796,1.5670425782612993,2.10118192571552,2.320418512709528,2.581712575359492,2.812034635521615,3.220308601964104,3.3632911898268136,3.4431209422378948,3.780297253852007,3.798970884290712,3.909522044935164,3.97000663074073,4.024410586941394,3.993702015042376,4.009284433814514,4.055299021160368,4.01904092385572,4.085309392774719,4.1299601299246875,4.1605911630739145,4.2303817921691,4.250099702589204,4.109726190195748,3.9942598495052795,3.946326666757493,3.86261750487565,3.8518559163915613,3.8094301809370865,3.7229284505320157,3.6971114759190145,3.674344655148617,3.639973492909388,3.5843660831600643,3.556288775004574,3.5134903139894176,3.446125116303623,3.398554799539003,3.341136561526188,3.2781475939436566,3.249100493806498,3.2272141498239244,3.1850743102686607,3.154752607443459
-1.0626747492146738,-0.9349331408893574,-2.694512835318671,-4.6976600968255635,2.4546403885282317,3.497257177590267,1.570345043699011,1.4555447368833152,1.2057703741245511,1.557494773618406,1.7274528908118532,1.9471212072053414,2.406386926025596,2.5049806000512187,2.716043570801522,3.0051451359370795,3.1302162954201616,3.189169372200795,3.3139441756804846,3.3306911005037385,3.3029095280096157,3.2831629931325503,3.239576625783438,3.245830131445356,3.238974380757501,3.238705069791494,3.2125128268788985,3.1757034439179748,3.055527170509904,2.933242562511984,2.832018025642433,2.787467022683407,2.9809007037966584,3.1571474470795615,3.5209454931062596,3.372414573498245,3.3508521779268325,3.2967429060783737,3.261021785454014,3.191734990300426,3.182501120414782,3.1711965445856323,3.1572907338342677,3.1518280138653063,3.1406402473337347,3.135272215935194,3.1300356569377104,3.093553138951908,3.076107125079615,3.043826284038819
-1.2690125144699511,-1.046293707613109,-0.8079545049310299,-0.6231137889818895,-1.0905278283546973,-4.133413264382383,2.4701500682232425,2.5606115991524234,0.6290455961421676,0.7299870713879685,0.9013332749918268,1.0839688910328094,1.391740864278972,1.5902478695387248,1.7271477864814373,2.0340297637310774,2.156403514173704,2.2517367632961576,2.378399766106796,2.4332966777757257,2.476870498240936,2.5840412066642218,2.5633277546263353,2.53956059204784,2.4357245468195385,2.3673473524231254,2.200792594393875,2.461877636850724,-1.5429497779113117,1.3339724932912098,2.4085665986751548,2.730194968205669,2.9752630783019742,3.0529071708405695,3.0914083025202888,3.2016653235382613,3.1554737515035245,3.1767952159191335,3.1537243937954185,3.148603626650827,3.0987321662340013,3.0476964243801077,3.0091781974307366,2.9650356576085883,2.925419476479512,2.9141697693937028,2.892109541662745,2.862695105544794,2.8360362341912277,2.793105876927203
-1.3179513564175884,-1.17614102916211,-0.9431239927768915,-0.7653919030625606,-0.6792990657132767,-0.8743912608235788,-2.4232881288367984,-2.4990580403896736,3.3107211412437887,1.8764075245347258,1.1571819868926596,0.5155978232534496,0.7546703933765508,0.8574846806551077,1.0126080315437849,1.2962750813946897,1.3896005836095826,1.525400465913765,1.726304394588917,1.8077673053730368,1.8984734206136331,2.031500704563461,2.095134528928696,2.186487808113442,2.20491328569011,2.221466488548305,2.2554844454423195,2.3037044370610698,2.536570056989699,2.6159059022929285,2.699077117536176,2.8606303065810335,2.8128268662504454,2.787239832871799,2.8083026783407647,2.7422892786370547,2.7794728177709915,2.6981546127060967,2.7584570745334065,2.716483444426196,2.6828820866419463,2.6535783233280394,2.6041302782495435,2.5707254784165707,2.547782305626955,2.518967828073651,2.508346905434312,2.529378298124451,2.4639983732189297,2.4318706612961205
-1.6347898835892336,-1.5536037915548457,-1.2628021026339675,-1.0776805029695027,-1.000301062010777,-0.7313220525285117,-0.6265857336722744,-0.4843740780633284,-0.5042198200208451,-3.1301118689156797,3.281565038324184,2.428517846418326,0.6489847086907633,0.3945866731442859,0.5291237591454326,0.7191903229566785,0.7459709090422271,0.8158530616881542,0.9987428472646396,1.0782081000504502,1.1630641919802758,1.273644343716668,1.3356350977064653,1.4067531221874428,1.4915548310101985,1.551081341542343,1.5993095940371793,1.635959734172496,1.7061965293784969,1.7250351324553588,1.758344846819175,1.77665604848821,1.7865192490091186,1.822350136385014,1.8110796094785002,1.8498109641785418,1.830973324717972,1.8837484426092623,1.899571673096821,1.856948958256503,1.9384783973453044,1.9319866334297453,1.8969768652498744,1.9291353560541398,1.9018165619784173,1.8501798013976178,1.8517016089682974,1.9070059477278936,1.910242121196244,1.9377168333213277
-2.11557575536485,-2.02039174407142,-1.9000502686583225,-2.1735672577033243,-2.409465846829197,-1.5748339845251245,-1.3503104332058484,-1.1363417715621877,-0.8242255577265313,-0.6742605419000893,-0.4965249631526174,-0.40035577869597444,-0.8569788479210444,-1.686520267998476,-3.023270187574949,0.37436711362745073,2.9255910376414214,1.807536863715182,0.45752647561931054,0.5146717618213245,0.5812398507435798,0.6775963631896784,0.7062144814421072,0.7982660151746105,0.9022256160708919,0.9330725375487777,0.9540469282286483,0.9934739174372078,1.0189769664057722,1.0315568135077395,1.0589205672980657,1.0988798830719504,1.126510161603676,1.1343199460267643,1.1238041079229844,1.1984934374142613,1.2673119965505528,1.2858336409606472,1.3289731752937435,1.340907322974401,1.358771874983172,1.3899285951793923,1.3826729296766485,1.4027946693162388,1.4105095416459046,1.398789749429627,1.3830451391646172,1.4290586242519483,1.4411243188878908,1.4326291389518724
-2.6006949195078755,-2.3540959201841534,-1.7042966171305136,-1.8541722042068491,-1.4892296815436494,-1.2244080520419847,-1.2420707402387894,-1.1775278923240866,-0.9879304383799822,-0.9201929145512634,-0.8286738673457484,-0.7832583857612775,-0.6159866751599495,-0.5362778861345697,-0.4654481399812551,-1.121970341939991,-1.6688105220615104,-3.031265220625517,0.8842782315387141,2.3176519429327636,2.3960818467874825,1.9436926345686172,1.8661919280768704,1.4729014264568197,0.6998456640548173,0.45822154431329,0.4794197171917531,0.49134859924232777,0.597971508292929,0.6511007359312894,0.6529646224656162,0.7377766099753749,0.7405354263577234,0.7343946527115741,0.7968572646158877,0.798659030545827,0.803669479153765,0.806908987278086,0.8521006126913581,0.8619773164915553,0.8839596740473352,0.9313604888319049,0.9367630337555511,0.9635734803514371,0.9964735452933119,0.9835649771037273,0.9800648753256573,1.0209129076098888,0.9998588742435097,1.0116872220310127
-3.029755398933538,-2.8656393749487137,-2.587365372139642,-2.424151882520762,-2.2772264356217318,-2.074709843503532,-1.909010889728547,-1.8405968676290332,-1.6872029481029525,-1.6089132340015067,-1.5303327571457634,-1.3943873717056445,-1.210285489162834,-1.0997619770194436,-0.9915886529379813,-0.9007087665789365,-0.8129723882857064,-0.7727591836436714,-0.6713584074917471,-0.5891272161103902,-0.5518694818901734,-0.8905396446147359,-1.108447663294562,-1.8618042257321985,-2.3098446579823158,-3.3000205480820397,-1.3152857515905076,3.2237620361951578,2.9340466715119238,2.773702297871399,0.8631639138151155,0.8395623967690902,0.40906160219075727,0.3666410255695085,0.37309723775560016,0.397814524780352,0.43824672730229136,0.4714737971643938,0.48805141473326763,0.5149203708859589,0.5453043830605966,0.575180965654877,0.5983389161336841,0.6015879961324077,0.5929376599957568,0.5841766545096194,0.6190241138473104,0.6320370473501634,0.6462027160514262,0.6581069473653407
-3.044658986747426,-2.971529338079405,-2.824353086983969,-2.739096027092314,-2.5932195910217013,-2.4083026666698717,-2.339121995644257,-2.23817686014718,-2.0892458562777114,-2.023004629515756,-1.9141877822025064,-1.8615661574073274,-1.6859602500525717,-1.588111504794161,-1.5635037770262499,-1.4060807902511845,-1.272287035567439,-1.229334879825522,-1.144908215523124,-1.0558593660579894,-0.9921969472498641,-0.8750897219920063,-0.7859327195810538,-0.7870453280748113,-0.7148017872465452,-0.6748515474309709,-0.5551858103638309,-0.9308003995116296,-0.9558517250987489,-1.4091467407607328,-2.1789881943359894,-0.2208396133348329,-2.9942774447259244,-3.2018984127187875,-2.824198994874259,-2.550699102244174,-1.616006215685672,1.5158453059174668,3.1305475085041454,3.138947984696619,1.2379231645816449,0.5786425920720341,1.9060436288122404,1.8581125420260465,1.411856275822605,1.274489889261026,1.1512848077851536,1.0526708586105182,0.46978483894528994,0.37018278888409556
-3.0036869772435,-2.9682987794926374,-2.900360796709261,-2.859918241536998,-2.8168806641648256,-2.699895376436255,-2.63923411037381,-2.5303410255335503,-2.4599527309239546,-2.377171516190979,-2.305011664034293,-2.28781711423702,-2.140087263465232,-2.134187304907391,-2.0278877419460017,-1.831614738037582,-1.7715389062757865,-1.6894896491589804,-1.6023689486888364,-1.521742596718125,-1.5027750937910669,-1.4125909113556547,-1.3213120413402428,-1.2352679542292453,-1.1533975879991836,-1.0599543216684353,-1.0353890672430268,-0.9492224730967763,-0.8194690631782795,-0.7616849794900498,-0.6863008792887438,-0.6039670933736799,-0.5689966051626922,-0.5717726731214225,-0.45901233946912146,-0.4284348348936215,-0.37551299345871825,-0.32775767046648746,-0.6425146466166579,-0.6059743186132619,-1.1945651085401927,-1.3913146990187881,-1.941487896007589,-1.4860811763135102,-0.3539109724282298,-2.03122377976563,-2.7823815274113026,-2.6919896116436206,-2.393140399921831,0.9536923492573951
-2.9858458559909113,-2.933629905634574,-2.873218020235488,-2.846113108402269,-2.811192876277434,-2.7172822919980404,-2.6868402420026034,-2.6106516434912117,-2.524008023927914,-2.4569130984348515,-2.407442503104014,-2.3547176521756286,-2.25181285196488,-2.2117738059066,-2.144646193400059,-2.082092926324934,-2.024887968189432,-1.994294310747774,-1.9065867800909584,-1.8277479644558468,-1.7606876967639138,-1.6311314081109658,-1.5902880199377671,-1.5231759576359054,-1.4243808738461918,-1.3624992904531088,-1.2852349588366425,-1.221402459435427,-1.0244720511600718,-1.0052495965233617,-0.9799951096165398,-0.9257616409621957,-0.8502394773267264,-0.7997300910357134,-0.7804114370752709,-0.748920534588743,-0.7069419837350068,-0.6201529888130225,-0.599746678930494,-0.5640747817381191,-0.5277268703182434,-0.4905496898050375,-0.4630937222665077,-0.4101655331177037,-0.3802114469918226,-0.34731396034420686,-0.5976822382383762,-0.7900597044244351,-0.7810530568776274,-0.6504717812926368
-2.8655576992256564,-2.845330413890312,-2.7885778463554853,-2.772628056324225,-2.731372816678309,-2.674296600518229,-2.6320346987225878,-2.5946613276556585,-2.4754916693234312,-2.456392759045683,-2.424975859391002,-2.3723633930994223,-2.3150836861099506,-2.2778682031505837,-2.2351404391588807,-2.151093169739861,-2.122880673642909,-2.0933650869371836,-2.0091223976872503,-1.9486479696534063,-1.8842619205492444,-1.7956929466383504,-1.726259300993805,-1.696589117371748,-1.5968190326738574,-1.5482688953794377,-1.5173011232679179,-1.5053077010359341,-1.3835619694085752,-1.3186460373969835,-1.2820455716928978,-1.2184420774892095,-1.1707817190316727,-1.1254490616706456,-1.0442707129014506,-0.9885443388325124,-0.9753750870405294,-0.9199435364914524,-0.8782288441440058,-0.8176084733102282,-0.7755059929485971,-0.7712349473475656,-0.7490384730689434,-0.6621787758092726,-0.6093096648231741,-0.5936297518969541,-0.5905619001820118,-0.5738227345577908,-0.5517968755287477,-0.5284361738645251
-2.777044539782975,-2.7754415812372013,-2.7228125326940273,-2.6977397011556765,-2.6768428615098587,-2.6214138052736,-2.599560616672723,-2.5696067271647647,-2.502858599474563,-2.4617560115170605,-2.4358233691605684,-2.410365956963992,-2.3442546496091476,-2.296680310328117,-2.2603871575600674,-2.206454664850046,-2.1725971293727215,-2.146672101694331,-2.0673662496912515,-2.037627343215603,-1.9891645744001991,-1.8739747868615204,-1.85140800349604,-1.8255035620066276,-1.737358305276041,-1.6743912901193094,-1.6457570148053324,-1.632172369613781,-1.5531202974855742,-1.483457751838294,-1.4271193146363765,-1.3915373764616128,-1.3683343519667512,-1.3160713026214488,-1.2295392528897184,-1.2159954240036217,-1.1974533499992497,-1.128140907590428,-1.0930416189762948,-1.0714209625957665,-1.0493804139842708,-1.0091496745584045,-0.9587717216265681,-0.9132789029558411,-0.8995469253584751,-0.8919551505269638,-0.8690828533217868,-0.8465050020544035,-0.8371366624569117,-0.8360823907439724
-2.6599167769221927,-2.65032359200698,-2.6114171878040198,-2.5839394226073553,-2.5719423565952715,-2.537037633245023,-2.5159465906127876,-2.4843086131206946,-2.4533142623935458,-2.415556884902125,-2.375703344655344,-2.3330265214588874,-2.292225842960609,-2.2594768714506004,-2.2182138448514275,-2.166194463718533,-2.1424251709629307,-2.1100698847820105,-2.0719578834312156,-2.0485080902724087,-2.002036180121448,-1.96667363403027,-1.9296954972628366,-1.87791691215098,-1.744832489106367,-1.709615388737797,-1.711120642556348,-1.6877833682434282,-1.6118953891569257,-1.5837768484784847,-1.5756512255823303,-1.5063212163428739,-1.4547413697276592,-1.4209342741761342,-1.3727548392495108,-1.3448723333321126,-1.3069438693680824,-1.2672601539402297,-1.2476485376800717,-1.2274794931099247,-1.146047559759659,-1.1235592849308185,-1.1079861382797296,-1.1313216429545754,-1.106642924259095,-1.0868794929002437,-1.0801251693859153,-1.092608956772295,-1.117065213089643,-1.1472090361773046
-2.5577834167848055,-2.5650424777154535,-2.541430759941381,-2.525860558071835,-2.5167395054114494,-2.4740862979774163,-2.452035333551519,-2.440719966499811,-2.3921497287045033,-2.361512841252321,-2.3383456709267745,-2.33026972390782,-2.2660963441494264,-2.2388151327484103,-2.222979383264817,-2.1722026990920806,-2.1500034730844866,-2.12970279300792,-2.0655362038422287,-2.0354115530395793,-2.0089292300198016,-1.9685803057125895,-1.9190311315202602,-1.8939485284039306,-1.8695799877574102,-1.838875363806216,-1.8028958994556494,-1.7810800100948605,-1.7489346390165776,-1.7163261249117254,-1.678915595414741,-1.6423649398326985,-1.612588771364044,-1.5959714655480572,-1.5459956742245293,-1.5125982716697761,-1.5134898722665036,-1.4817733426573985,-1.4657914593606556,-1.4547172074323884,-1.4219850574676387,-1.4034591481275904,-1.3858488668329194,-1.400807010173149,-1.4344654062400826,-1.4649745495249906,-1.516913884874392,-1.485970971758011,0,0
-2.4983718944485402,-2.490426083742864,-2.465020597637,-2.4529321472525587,-2.4411241982453467,-2.4159882589349317,-2.405666782687476,-2.3771543006777525,-2.346832122481843,-2.3279466345530255,-2.3135247318367442,-2.298148462713566,-2.2636825544166066,-2.2435422908531883,-2.21254536393216,-2.1824335802381696,-2.165388556028375,-2.1384261653289984,-2.117283407436441,-2.093592778718029,-2.062909310031432,-2.019557548253919,-1.9953489758948564,-1.9798531201555354,-1.9049080737380137,-1.895476252111716,-1.8933560888902803,-1.8583512009241234,-1.8227885828968915,-1.8034097864481664,-1.78580484270994,-1.7486195719186557,-1.717334117425321,-1.6935510375739398,-1.6666258845441746,-1.6342166690269282,-1.6168499611330216,-1.626555995784507,-1.6260592372611415,-1.602096857295143,-1.5982764297034295,-1.6026869924346554,2.172306364027817e+38,0,0,0,0,0,0,0
-2.439027836157149,-2.4372696540300782,-2.4142560540956675,-2.40921325924314,-2.404694236634022,-2.3762248192159086,-2.3713889878969208,-2.3703910763363645,-2.344785143920366,-2.341032522466141,-2.3212342810322695,-2.3069714527444978,-2.2665266465536282,-2.264402558501476,-2.240951724802333,-2.1985445390454177,-2.178468238828987,-2.1661973623222566,-2.131242878316491,-2.1202720719952395,-2.1113048420241727,-2.0836485777251066,-2.079275617334505,-2.0684147380906572,-2.015305212817902,-2.0104525553249615,-1.9990607211159934,-1.9759459181446706,-1.9248866407455096,-1.8802723565267838,-1.8630017772005756,-1.8613580341039146,-1.8570865231944529,-1.8516301438336988,-1.8677129833588357,-1.8485602899005065,-1.8392064793144884,-2.44457674080812,0,0,0,0,0,0,0,0,0,0,0,0
