jsons/1312632000.json
{"header": {"parameterUnit": "m", "parameterNumber": 3, "dx": 0.1, "dy": 0.5, "parameterNumberName": "Northward wave", "la1": 40.97354507446295, "la2": 16.46031188964855, "parameterCategory": 2, "lo2": 133.9931640625001, "nx": 191, "ny": 50, "refTime": "2011-08-05 8:00:00", "lo1": 114.97908020019554}, "data":
[rows 22 to 43 of 50, columns 100 to 149 of 191]
-8.925514181723264,-8.904628833757528,-8.462684433328215,-8.426162258539508,-8.24614974852715,-7.915693183409796,-7.675982262119127,-7.37268845271666,-6.971772440897098,-6.609805913478141,-6.330701715140358,-5.995814201105895,-5.638111252748609,-5.254610229561867,-5.0745527691943435,-4.622262862763157,-4.4086014397576445,-4.150385707398002,-3.8569897606538515,-3.6620993763441057,-3.4681070867670245,-3.1877756858386115,-2.957131048115108,-2.690208679614387,-2.435596610856582,-2.2499527007632265,-2.1201867281152653,-1.962919145401264,-1.8113600370322696,-1.6927533109627284,-1.548635641722416,-1.4081424989323583,-1.2971717081902798,-1.1905380597398012,-1.0557028960909338,-0.983970783458411,-0.8918813118355787,-0.7904822187745386,-0.6952206448493954,-0.6178312913019809,-0.4866719977607902,-0.4440409646388321,-0.38406829082756494,-0.3488439088846589,-0.362103159740956,-0.3479022753334427,-0.363397458890198,-0.3676370205921928,-0.35848919525815576,-0.3408021339162601
-8.668890338841317,-8.946039315593591,-8.484707719398024,-8.613622900933207,-8.44499560541528,-8.051511948575094,-7.7198995525990926,-7.511236682860468,-6.960760162001427,-6.707107993420048,-6.3532902151611665,-6.042752640389056,-5.592861072733023,-5.220119894421481,-4.915226732900218,-4.543225180130289,-4.28210037912063,-4.037865382285355,-3.668669786870287,-3.519591848460964,-3.283365060903548,-3.040697816173982,-2.775182686585358,-2.464453723110717,-2.272970182712454,-2.130812573940622,-2.010266534169801,-1.8753757078845676,-1.785014284523984,-1.675322060944252,-1.6116606740564026,-1.4704171578155512,-1.3274814917524957,-1.2884051357922741,-1.0893068228051956,-0.9791166759466036,-0.9249443447798502,-0.7374985909328535,-0.6457261717423716,-0.5799615917392871,-0.4260730977181988,-0.34061323987495346,-0.3052271216965807,-0.3121721146983974,-0.36530669693588835,-0.3892857048286048,-0.42677356252351906,-0.4922781948082637,-0.4849751693522655,-0.4839494868304423
-7.733932375743243,-7.964490400141618,-7.591023538805403,-7.592335457847394,-7.609505142485505,-7.225617420201731,-7.14919525716907,-7.058925437861953,-6.628221336497543,-6.295040648090062,-6.067559761300374,-5.695106200433634,-5.11431997529682,-4.874546029851438,-4.531247232374695,-4.15936147738868,-3.7962318547215763,-3.6152853768882953,-3.2220250333076486,-2.9651331142641824,-2.751945792565406,-2.4695362221146775,-2.3232525380330427,-2.153202249720004,-1.9120915922841721,-1.7347512359487012,-1.5876238599075583,-1.5348426037829295,-1.4382439655434949,-1.3236095108066344,-1.2693286099944512,-1.1043736430402944,-1.0387664690577496,-0.9864859367869383,-0.8738383353527419,-0.7744013442756726,-0.6808432626681595,-0.40686969397196526,-0.3280056077319672,-0.12314535550041432,0.08409655634335782,0.12153715213295989,0.08516513376064035,-0.12842128618805915,-0.3767107788928194,-0.5586132730110454,-0.786541012449733,-1.0191270657775384,-1.0186314202286935,-0.8449157812002858
-7.191500392866285,-7.064821939674778,-6.814834564483864,-6.629005329046676,-6.389622489036415,-5.864026284295083,-5.698947673641702,-5.650525959275388,-5.188726010911951,-5.016499377653887,-5.040859984570976,-4.8528269902063865,-4.518893045527823,-4.256039951531579,-4.0780312627598665,-3.69987177401681,-3.28347497920771,-2.9674418329004375,-2.5911128175001625,-2.376003614022242,-2.153070996391954,-1.84914359459043,-1.7348936128149548,-1.5424666269767802,-1.3065144983664227,-1.2095466274353055,-1.0671624546689684,-0.9909239133749967,-0.914846622321752,-0.7880764603184434,-0.6700416289262376,-0.6329953404289165,-0.588245507511506,-0.6000252992404013,-0.48575218140850424,-0.427311165955724,-0.3012451848799763,-0.019925171805689926,0.07003043436169629,0.19697279804583123,0.6250828241713884,0.8688275149135251,0.3426719489829803,-2.866153756037949,-0.8573035950739439,0.1376665949619117,-1.5212431126955264,-0.8963806254519148,-0.7224277865052372,-0.25580024100713056
-2.7635805768114907,-2.0859431207378134,-5.444409297389304,-6.236417448650637,-5.9914871625922075,-4.755363439414299,-4.336374118727548,-3.7718534844744416,-3.5386017487431904,-3.515271890419711,-3.405526501241189,-3.3587560489030595,-3.1299316333874057,-3.0127659707347156,-2.79378608883294,-2.411278866210126,-2.2755996812456902,-2.0517230781902724,-1.69385632806777,-1.519702921092434,-1.2753907138671452,-1.1058515335244619,-1.001454404068971,-0.9114592577221927,-0.6855977344609613,-0.5914196668931135,-0.5244197658133016,-0.43656045009612915,-0.3059590927149534,-0.3051254944127185,-0.28392060448618545,-0.2827996020778515,-0.2269797698430821,-0.14286838526180604,0.1331305586454881,0.27672340818218,0.4121280769512816,0.6672905994380675,0.2771508488229122,0.12797282447164837,-1.4694805277485368,-1.195383746696232,-0.5540606470486183,-0.24756859855831212,-0.1483413399844517,0.022322263760087464,0.02897741692636719,0.16324610197425998,0.13800365846231083,0.18985051992156535
3.791396995718086,4.315314831582899,4.770291714565842,4.400461395072791,3.4749980395437485,-0.944339531577287,-4.9300007770889085,0.746116438319581,1.9651394872504233,2.9830542115059218,2.240469152089556,1.7118894167818854,0.8099477628958711,0.5517935922105236,0.4534475777460258,-0.3193414376650465,-0.13797916922173678,-0.18309844834332203,-0.06466619513562905,-0.08008556838917746,0.03341444972136627,0.1805831407048316,0.25422019983284216,0.32804129339246524,0.2485863646721791,0.1764960072100385,0.08123157134788528,0.23171893807699157,0.3402785462801295,0.43392986083950236,0.5057961646001121,0.5516567157123106,0.5198692617203252,0.41117605683115577,0.4575694491005636,0.45198237984680245,0.44783796391293695,0.39264270812421814,0.24857519726899566,0.18585989826740942,0.1726357265669016,0.17703573588470925,0.1886211127057811,0.27514892120587403,0.30445296927180776,0.3319242672537005,0.35846086695352986,0.44837750678476773,0.49673519249676434,0.5515721737830458
5.000031265226951,5.055321397323398,5.269835346079795,5.048080104713113,4.869773492546685,-3.26081178939564,1.6473300329913274,3.433015031258178,4.8368599583536325,4.698601866886714,4.465520558603995,4.192698404101202,3.60490035481524,3.4664583990410134,3.1075862758738033,2.623034211134197,2.3313264883929037,2.198660220496849,1.8937128191913488,1.8476774933164601,1.750432311017939,1.7457277214307816,1.8281680664287032,1.7670160534550454,1.8921571080509965,1.9758324466804476,2.026151662455319,2.068668095044561,2.3056771977037327,2.4841666573268024,2.5048993262128643,2.2747122177924575,1.3360921148773137,0.6306810950533417,-0.06367566318450714,-0.11000937620860028,0.004060820366170223,0.2152548113084356,0.29350715093067326,0.3361795946861985,0.4788452373263108,0.5492744580527681,0.6363725374513619,0.7224971271604349,0.7956126838216678,0.839815226437968,0.8725357265460576,1.0252597985279581,1.0285151233565522,1.0551304844800773
5.06646337692227,5.104822751054742,5.258212226737006,5.24964389173813,4.996665523646208,1.5698095607846978,-4.605411250505249,3.6748107688624168,4.994080975657862,4.928191942434573,4.802459096429971,4.700311955843006,4.482491495143591,4.275219946905053,4.1830414903873185,3.914990532960693,3.810149649867915,3.7277002026635024,3.612384773556031,3.5778221918366278,3.5918043153333525,3.467744504007106,3.5060753966577782,3.5297186393977293,3.5018758904698464,3.5498170113089595,3.6294732544235373,3.2338261359839415,-4.02596970477272,-2.5474966921877154,-1.1472075020901749,-0.16306250726527555,0.15520209317722944,0.4104063203218253,0.8147483671896631,0.9493933058622013,1.2490745305290796,1.3678741157862633,1.4188199854930788,1.4597731854618425,1.597121971831678,1.6647022000953842,1.6715429115155895,1.7322141742429642,1.7640345396210728,1.7419942506768107,1.7669992712098157,1.7810581142177764,1.7959666886996302,1.847612373645139
4.685301564867474,4.705300339553878,4.8061732676427615,4.883260339599545,4.886818817982248,4.959437135344353,4.525640154827816,4.254451850008435,1.8940275429193003,3.8959460117746043,4.56188681519292,4.732624230949395,4.628645522850034,4.555280565339409,4.484831580703797,4.337223271539988,4.28286630306049,4.258401253560956,4.164996351914098,4.214399748636709,4.30025080511569,4.247129316447631,4.276769880864166,4.354973401789454,4.40981721221804,4.429950627592761,4.34875334147981,4.210861192406426,3.8071581813154833,3.600092259368543,3.4535261987480896,3.248820552018432,3.1701186916570525,3.1529173093241956,3.0624577682742893,2.99171057678366,2.8800756258315956,2.9287572447683363,2.8217287663449473,2.7514343567101966,2.714527408698352,2.7242069770373685,2.676365532002921,2.60386152813505,2.5782445825478884,2.547820665898288,2.526527014393592,2.4647454008570735,2.4622660348472087,2.4363252602935694
4.20460018741805,4.209714318796914,4.383903632125951,4.466712970617371,4.447231886163282,4.5660626499444055,4.563596424240543,4.560287397537163,4.562406544987051,2.24244453769306,-1.8373740905593192,3.3301077048001946,4.48014827678451,4.534075570682317,4.498107249279047,4.49628804174845,4.479743590928336,4.459027499406865,4.390610902174469,4.3369222327316415,4.311705694368587,4.301037624936495,4.299348893201116,4.355346157552848,4.3682691121676,4.412750077160148,4.467233045011566,4.416387471705048,4.380393279963768,4.339233651567923,4.292422945572948,4.217859825406479,4.144179975608629,4.037423782742974,4.008907782120634,3.88950530070867,3.8306690576485267,3.7260713974801263,3.6510936569896315,3.5722066047900345,3.4454810293175675,3.418398566889149,3.3016815143439042,3.242373220655666,3.2329790749800034,3.134317462633288,3.107567827813985,3.037717315884048,2.966476059029612,2.924328181397905
3.592391054268097,3.6588004667496183,3.920401067039139,3.591410021347207,2.743696461607264,3.6164046694660485,3.808269150078148,3.9876053042772477,4.143798158939804,4.178627110636176,4.238700660112902,4.263980981680389,4.130062124430541,3.68473009729207,1.8130547363493985,-4.27947174919631,1.2784590794765378,2.9624850209712297,4.108640827152068,4.2093754278449165,4.184084286862396,4.173061882247987,4.182440489047827,4.229601316742368,4.220522352322129,4.2091708100985885,4.322617500509594,4.329191537795734,4.317507389574714,4.30643703239038,4.291720238711464,4.250556248179638,4.17889341623912,4.147623188688108,4.099154108724225,4.010899974222137,3.9333289807223584,3.8944845490956586,3.831773268433906,3.763295930517004,3.680713621483035,3.59293466918757,3.5533608346614374,3.4899204294070603,3.43094656164213,3.3853025778498482,3.357201358878429,3.2700976403899165,3.220727220643212,3.205595819230153
3.0958027580669225,3.206929860486113,3.676792273401191,3.7809349894892694,3.734618416658703,3.6777803550041845,3.7163334185833206,3.7587529658463326,3.8764016436472786,3.8941631077573926,3.9281562835582124,3.9520002167327704,4.011435849942906,4.046567114424169,4.06283182088001,4.08844340834474,4.050780229271703,3.771366434218952,-2.496327131818561,1.9673409992624116,2.1751304213245333,3.316980333784179,2.9995413837741483,3.3805694275337297,3.9207596774287565,4.05468423418848,4.105338969655616,4.10973435123389,4.0767230944663915,4.035377869835304,4.027924476666886,3.99194858107416,3.9748451527629123,3.9490181625684415,3.9123527150223785,3.8851357970270732,3.8403930629156333,3.7923150184174403,3.7750545578295127,3.7256437987886653,3.6869950529249347,3.6491061057878227,3.5767486829970516,3.5486656190934753,3.519150903621462,3.442560123480984,3.4216798181953623,3.38956536328019,3.342060322994945,3.3140602292189607
2.5113031442126594,2.6809627807227683,2.943521327522249,3.065826727915486,3.1238511542473177,3.2894108771268438,3.4088884789017135,3.417261254576002,3.56025767543739,3.6268169412464406,3.6362924607084626,3.6698255993022664,3.755043573004608,3.766178928442492,3.8033567996877733,3.832311449880776,3.844259093626675,3.8688569590818798,3.911930503006366,3.942484908557464,3.96251349478796,3.993256607792021,3.9799678831317107,3.891695719529915,3.5251537811034903,1.247245794171951,-3.207129665610158,-1.1321481119368335,-1.7359234618909096,2.087815312615689,3.7660290439511503,3.772062173124946,3.8417572423591664,3.838444074883481,3.816105902453886,3.774344593905766,3.7534312734378,3.7331370942315614,3.706814279047592,3.652956907875049,3.631151145761608,3.6029531151593477,3.5469499670513946,3.5332548799559733,3.509696353779499,3.4692282803015515,3.453158507575764,3.4220157858379703,3.3706490074806443,3.3444748548911223
2.201974764323121,2.3118228105711096,2.5173546386249557,2.607016599626909,2.681060774370294,2.8699405081617293,2.9218786578794567,2.9988507526095924,3.148759887117157,3.2063463597580424,3.2702657353260958,3.2959785614837007,3.4221132167599144,3.466971017826819,3.481935394629621,3.57883717278309,3.627244688545887,3.6427292115156176,3.653486743923602,3.6752191725165746,3.692700763628177,3.74152656709544,3.763498750781425,3.7668187373002477,3.801612853278646,3.7935062898782865,3.802088981496127,3.6928680452596914,3.666971138600118,3.4403862817234976,2.8179014434173193,3.7468497574423085,1.389242073830362,-0.2716556790605255,1.7372552518581967,-2.621708803470252,-3.4681003529677144,-2.240183852959028,1.3519601863096335,2.5325807258663953,3.511649580666427,3.5182310468531224,3.437177659759813,3.3650863349414215,3.3135192160120455,3.292752901604038,3.2885762953976996,3.2826253050816727,3.329724910856534,3.3264537697084453
1.914891120308046,1.9968814373701844,2.130983082127198,2.222284213730656,2.2876048177049606,2.4546775894674,2.5408770993329073,2.6113180814060053,2.7103807375861537,2.795471882024246,2.880069495783235,2.8996438437945136,3.025071420921319,3.043289029185489,3.0969757793366486,3.2104149318355253,3.233837821965546,3.2802135913206936,3.340185183027701,3.3842050663235073,3.3811304756161653,3.440859184901993,3.4877842847732827,3.534493974069199,3.570116726859304,3.5883772926404305,3.565531998794418,3.589822446181467,3.618269900924702,3.5779612575444317,3.565671792758831,3.5743594947643498,3.5438343611397802,3.5253961113906147,3.54371547901372,3.390677700028971,3.3497265021231004,3.22252014025014,2.1926924973093316,2.032953228405212,-1.3952526877456386,-3.344112345882231,-3.424913105634985,1.284144222727342,3.3120678122544605,0.16325666136460074,-3.006807645271102,2.358996708277929,1.4025910439222313,1.6494203823470772
1.6575789998985544,1.7713349580377094,1.894421075294316,1.9641036896615938,2.0212813813841155,2.1639228277397726,2.21014926055439,2.3026860803576534,2.3948353638736393,2.47275649565448,2.527801850353891,2.5869007319074604,2.698941618634589,2.736698087264092,2.797777533069252,2.8497696020400243,2.9203184896444547,2.9469700745985334,3.012207250979039,3.0741837375896988,3.102550237770504,3.1874066454685956,3.2143814568979248,3.216235341714099,3.2298220369321795,3.2531860376086548,3.275568890965097,3.2936844165067765,3.349228105839547,3.3409272747887284,3.3317825523581295,3.3269572004028154,3.332620120074329,3.339228864706529,3.330035625136979,3.2956911107375526,3.2968922934367897,3.30691125348341,3.293294057055555,3.2658212478062554,3.2601728843419595,3.1804384213640686,3.1347471633273276,3.060239343409247,3.060300061350804,3.0274062886471382,2.924203398260805,2.114700807654825,2.112923566177749,2.519916060544702
1.4930657670250103,1.5540262585680655,1.6961962950908867,1.7459667068416702,1.8148524274406612,1.897668240049756,1.97639381778573,2.0328085081862377,2.194718749548948,2.227311332075599,2.255770766840687,2.324940461132491,2.379341772291848,2.4378475820104657,2.494715107977409,2.5720374607158005,2.612888887666218,2.648124046138465,2.7318775758831872,2.773459954368672,2.828994314898793,2.8947785088277085,2.927217531133579,2.919438838698234,2.9812376718983002,3.007136710481052,2.9840943517059864,2.9855313118158766,3.044182964722219,3.0565779066020706,3.0526164866975796,3.0747226045396765,3.0650920308740277,3.074100533876405,3.0898297391795584,3.0809653575458675,3.0819864317783305,3.082302242549304,3.0753778682182986,3.062079603699366,3.0670538776074574,3.0651754963464932,3.039724158428996,3.0488294562344946,3.050431630545389,3.039400607696524,3.032252841692294,3.026206232303757,3.0037595364324554,2.995916079537447
1.2948460517894564,1.3436037161703849,1.4732251529325378,1.5269571913643494,1.5765085523860867,1.653886613758174,1.6813705780687032,1.7704213247540344,1.891305551509147,1.9607426949617799,1.9846270296559865,2.0330666931225383,2.1415790804326176,2.2140048810762916,2.263351330698022,2.335366110054737,2.3801470236521745,2.4160751408499674,2.4988958436978566,2.529112277885119,2.563448531779774,2.648186831628836,2.6521316454951007,2.6748106726112586,2.746418042257624,2.7821501767234844,2.779033879118629,2.7850087170473783,2.8208169278039468,2.828028797571734,2.835294317308518,2.846003503453574,2.8463328753916723,2.8624226325754494,2.885004178966423,2.8709987288752497,2.8746701334215508,2.8888609049771454,2.892051565025889,2.8588576073960783,2.856491287094476,2.869004629470606,2.8700270828596195,2.8753480187048823,2.8643644205436476,2.849311532385538,2.859018512624265,2.8570808274186,2.8344363693404486,2.8097635659026303
1.1506299349742255,1.224959572426966,1.3301634647059857,1.372848285914996,1.3835726318735773,1.49693953645918,1.5534331641323664,1.6255206444489518,1.6824079807744132,1.7414640468981046,1.8208988508936808,1.8761496875040349,1.9351364457457756,2.0077753754615166,2.0674045787100095,2.136837534519332,2.1932444988873874,2.2558129762827037,2.2966530611857365,2.3119255567855204,2.362233840670756,2.4042861563358575,2.4365868263200285,2.4632726732725487,2.559085077728995,2.5754804250992933,2.571645825451328,2.58134332381892,2.624717426106588,2.609055357973839,2.6112896539160664,2.6659142535993525,2.6774085657070295,2.6883440799405864,2.707650594971866,2.7054510806018475,2.6940777852779547,2.7000747834064436,2.6937854187644237,2.6697849185332365,2.701595191493238,2.703806021469397,2.6951079908014233,2.6688505057552194,2.6636106979899252,2.6265372637682587,2.6163145795418403,2.612293339443424,2.598407544406759,2.563035437142652
1.0336443391144843,1.0570985941260795,1.154546778848448,1.213821653018925,1.2430960589686646,1.344428134673514,1.4147963892371471,1.4628124765410169,1.5411996714710365,1.6045306837936955,1.6220086086036622,1.6417083989226362,1.7398625576215159,1.766815417305906,1.7953036907649897,1.8869736767866052,1.936202357315186,1.9764103734097656,2.0798142715628916,2.1515656260390337,2.2016215000870285,2.223537755093202,2.2738874641216045,2.2923819291762455,2.3030166845044926,2.3287125054088578,2.356729277010107,2.374284674270489,2.401889388286231,2.4098409715647815,2.4388829637196427,2.4673007896941974,2.4693528703919583,2.461290086715897,2.482918809650595,2.460423344178981,2.460163257126375,2.455975570248466,2.4323403398227295,2.4025378115088696,2.403035419177768,2.41141919591956,2.411041447815093,2.400625367796281,2.365625139199047,2.2997833385172277,2.236469077265312,2.254344280041455,0,0
0.8619752772331254,0.930179009101722,1.0146953500702658,1.0570073044500312,1.1220640413034473,1.1904405037464079,1.2252195531585564,1.2896407467214213,1.3382852805925878,1.3640352016951716,1.4110735626944177,1.438282504036093,1.495980239410739,1.5414632853307817,1.5982180748637578,1.6504159422920108,1.7058346633305512,1.776907248452435,1.8129815993247584,1.8447857688887614,1.9100589260682337,1.97314548677005,2.0046766432260936,2.023357588339253,2.1032634718433774,2.12964910275428,2.1308248195654667,2.1587665581916844,2.1837215088328192,2.1757359082801533,2.1954137355485956,2.232793406615796,2.2214002856051804,2.223770115632506,2.228526861812703,2.231667290220849,2.246453610988009,2.2241611498991025,2.190197503674107,2.137636264719744,2.123429388001131,2.098419943907956,-2.6154818704999216e+38,0,0,0,0,0,0,0
0.6810855600313755,0.7355197756288911,0.8378655374266761,0.8765257146896053,0.9064239319796502,1.0066612821452736,1.0321591772751606,1.0546613805203007,1.125968102713087,1.1521875057769009,1.2112385882869354,1.2590476384040148,1.3626766330509605,1.368482750745977,1.4083533596333087,1.4693965166099048,1.5132591048055988,1.5358007222589387,1.598262901479929,1.6267134264601366,1.6413598082402832,1.6907954267952643,1.696937531227554,1.7140781813862038,1.8026861578438642,1.8280158944755025,1.8541427117992595,1.866680023775959,1.912077183940616,1.9110354871314255,1.9175679885343575,1.9120599996570056,1.9047801866464407,1.8962057213166321,1.8478318185129199,1.788643461453358,1.783677944119284,0.6388532789027608,0,0,0,0,0,0,0,0,0,0,0,0
