jsons/1312815600.json
{"header": {"parameterUnit": "m", "parameterNumber": 3, "dx": 0.1, "dy": 0.5, "parameterNumberName": "Northward wave", "la1": 40.97354507446295, "la2": 16.46031188964855, "parameterCategory": 2, "lo2": 133.9931640625001, "nx": 191, "ny": 50, "refTime": "2011-08-05 8:00:00", "lo1": 114.97908020019554}, "data":
[rows 22 to 43 of 50, columns 100 to 149 of 191]
0.8656711061763194,0.8134635826290929,0.6961640898255536,0.6672391700682828,0.6534496901120931,0.6088711572668777,0.5957467833878571,0.5687678682420658,0.5500172625860101,0.5505588793116156,0.5502524641535828,0.5550614867754435,0.5240896886148093,0.5056966375958012,0.5049053192322103,0.5144503486788033,0.511908297133422,0.4991330799304429,0.4735361165802441,0.4619985204567882,0.44626339292638806,0.400698470085323,0.38746990172391077,0.3690220758802286,0.363391980774338,0.36954052068677123,0.3811539323651257,0.3988341275009508,0.4332634716999802,0.4490872177785843,0.47263670526640633,0.5109282152208083,0.5332146288003508,0.5504996645767555,0.5750648720329586,0.5900703460883285,0.6185596310759762,0.6550730381112232,0.6753093211849744,0.7072771430364599,0.7206510177495516,0.7623325492315864,0.8169179393312809,0.8663022044564944,0.8803158194978663,0.8977429952280279,0.920731230244856,0.932874044572658,0.9619974845343859,0.9472319808819089
0.9084373430750279,0.8803187203919411,0.773614759367101,0.7532258195536238,0.7021940036470354,0.6525189418277328,0.6088271364705587,0.5965294695806793,0.5779383270083265,0.5525236827674466,0.534306819918849,0.5169294965101328,0.4853562923994663,0.4859187742421258,0.4891114246688705,0.44180965940267997,0.4394170059059595,0.44273170991847943,0.4217030776474056,0.4161314517885833,0.4004634736679058,0.34408782910549884,0.3935852887637898,0.43138393157438165,0.42582779386138847,0.4346794293551724,0.44040263649124256,0.4448817189196623,0.4646563360100515,0.4822788625159369,0.49593121745235624,0.5313192725488262,0.5448642372919753,0.5552360865784083,0.6172965304341019,0.6364466041122142,0.6600056080470815,0.7403647288580757,0.7883108875664184,0.8052175734666236,0.8552730015003635,0.8950703344091292,0.9226192238981661,0.9747772312662971,0.993229814187672,1.0247949449366256,1.031090241072546,1.047422209483311,1.0617147919625163,1.0752404354977525
0.8977957049523274,0.8913200565219072,0.8600705364416158,0.8485188210999516,0.819430771397801,0.7713117728382121,0.7341373110150725,0.7176055822649967,0.6785400994495866,0.6497602714412607,0.625618004788265,0.61182720579855,0.6068097355955071,0.5936026021464954,0.5856225333872331,0.5694016748840641,0.5486106818518337,0.5383844372734017,0.5408713068091575,0.5604783946295533,0.5801848973622156,0.5414723729681089,0.534002359776055,0.5448292277687734,0.5715214365301741,0.5701702447451001,0.5808531642588506,0.5816564085132895,0.5883332413842735,0.6034763890629281,0.6051126042074518,0.6105036766833286,0.6322346603052255,0.6548375360944038,0.7184316234258707,0.7756317171956566,0.7979669776504174,0.8912421595159468,0.9206058317484146,0.9596515639151503,1.0197290738999976,1.0348859456745823,1.0501841256030087,1.0251069616907056,1.081946050712124,1.1326918881003623,1.1340895906126505,1.1226609079100724,1.1327665850494373,1.137621765151379
0.9096953623626841,0.9015384008765832,0.8921172234934521,0.8889630479341843,0.8735187307066818,0.8515569129904579,0.8377956361457549,0.8338277660175404,0.7780943418371072,0.763230152091507,0.7568854290219321,0.7174618824909286,0.6755290407930187,0.6270791308258837,0.639159141865001,0.6327075108449902,0.6410697990498554,0.6447905518917122,0.631937061733172,0.6190905328609816,0.6051548231860487,0.577938358694317,0.5826051996315147,0.5692352127276088,0.6308503577295083,0.6500997955804702,0.6866925975932799,0.7045836962087261,0.7231700968813163,0.7302749848255498,0.7356964353777189,0.781706775011442,0.7694663625512447,0.7521424164334976,0.7379196674196624,0.7650095632570172,0.81477412740713,0.8915623586831221,0.9260424933123313,0.9688514479081922,0.8842939300610035,-0.29326140913304166,0.7498326807111476,0.8970002527175694,0.7933824301190575,0.7278691253135072,-0.7261201064219814,-0.769721998634746,-0.529442293187267,0.16026063473254767
0.9101186791024027,0.919348589748099,0.9050478042580187,0.8970714529971844,0.8923642049805292,0.8940008083824217,0.8911894178762789,0.8918567124099032,0.8728273609107583,0.8677647735609633,0.861132098078742,0.8537130366065397,0.8036965666459864,0.7933636270447061,0.7781644977140905,0.7491078263454609,0.7408683244055849,0.7148253736211302,0.6436959607984989,0.6582916885681319,0.6648719519634001,0.6653609567196798,0.6506636727483395,0.6544523397985262,0.6655215351185841,0.6810422633539819,0.6954738960987199,0.6819679756375306,0.7084013872208293,0.7362835374252907,0.750468893534757,0.8003091867711939,0.8179136685032534,0.8423272598186807,0.9019459614688627,0.9464341524592689,0.9720737251987579,0.9245052245502675,0.7763785285892564,0.8760065327631212,0.8402462017652824,0.8991863628060246,0.9322086782275135,0.9201153513949009,0.8932850612567886,0.90030891506761,0.810496342764342,0.8360111409358978,0.7070162720447537,0.6779655990982
0.8997001483502396,0.8940272951688153,0.883725684195988,0.8776978550321008,0.8808341257615534,0.8793368109893873,0.8821126895491134,0.8847138224278904,0.8726471939222418,0.8647854800233705,0.8487770982407112,0.8333812137262891,0.8138081666008902,0.8232914805607355,0.8102231908220899,0.7314200695723642,0.7458987739249517,0.7334625377841735,0.738240648133792,0.7278511535511132,0.7446241780848681,0.7666058803061796,0.764837712186358,0.7794333296650579,0.7643901334515218,0.7739947202462896,0.7890804842790212,0.7671803327711431,0.7654889909881522,0.7701545066564676,0.7427989002129064,0.764463040098315,0.7767392130785792,0.7801018738995428,0.7757265446200797,0.7946460223936388,0.799388396774028,0.7779806904668605,0.8161920768891247,0.8249475857255822,0.8430315020538561,0.8537795400260558,0.8481130047210138,0.7922550545231214,0.7935599071623666,0.7864014007295042,0.8132365412302932,0.8563624401751441,0.8961348539708779,0.9241920562526065
0.8697657119219093,0.8715399660802317,0.8725715971746555,0.8637632754751842,0.8599221799661538,0.8471994139522224,0.8322626104429731,0.8349558399580477,0.8471074907838939,0.8348682668614826,0.8348063039169384,0.8159178278947646,0.7973093286333701,0.7945140811383149,0.788348413695613,0.7799850181921867,0.7652264615490305,0.7679226675473296,0.7760783805859127,0.797621191747437,0.8066671189001254,0.8308199252826435,0.8424728560855396,0.8564927956120669,0.8782664928579192,0.880686252791701,0.8508988921941761,0.848911304428041,0.8776435886458462,-0.8888675863887674,-0.05012094394254414,0.7314294063766008,0.5295122879607641,-0.5250087023302284,0.5333215874964585,0.7525936199912786,0.8197563463184919,0.8649143422889717,0.9067289066825542,0.9028310035411444,0.895738165489952,0.8912288783670227,0.8880485385680129,0.9229718254297672,0.931988049687257,0.9659631018026212,0.9769020176885618,0.9881642611280025,1.0036176950404592,1.027681586236029
0.8682355524130345,0.8667727953843711,0.8629237774333977,0.8578843947101465,0.8586685051226727,0.8513838060338379,0.8450506714916755,0.8446472718910668,0.8218517734241525,0.8164835322992648,0.8112922833420101,0.8049013828980773,0.7953228100179811,0.7917150455354683,0.7804360430393964,0.7743651633235099,0.7823143457202782,0.8020045816193103,0.8102913316297919,0.8163030372005856,0.8179103323056051,0.8415200899414766,0.8604339798926299,0.8707102238643603,0.9114553610330444,0.8129985554131124,-0.8299401086984322,0.625177040452913,-0.5633686645703925,-0.6412900049088789,-0.45728605864780736,-0.34250361271539775,-0.3406653927977668,-0.334254981987551,-0.3132860112956034,-0.3197779964753048,-0.24375628569853813,-0.10979919531455491,-0.0010165280790724466,0.07684914601927745,0.3879793846077386,0.6240154775683864,0.6863132698830154,0.7971985069743476,0.8609977241005026,0.8897725071124669,0.9391990847878139,0.9934670870569957,1.0200240030277177,1.0497846602016119
0.8620999022053542,0.8582404834415676,0.8583258797049947,0.8582571428639854,0.8626211576497758,0.8559978557680206,0.8458353432133646,0.8364984821898088,0.8348582028412403,0.831410433651124,0.8169787566350232,0.8132540115396695,0.8077195643608229,0.8211039655267872,0.8010651323918345,0.7843960550952888,0.7828504922160049,0.7951159458867926,0.7904784985155947,0.7954778417656795,0.7997168761254558,0.8127030468993993,0.8172862667448559,0.8283286843982886,0.8486446124874095,0.8554146557259494,0.824883793483743,0.8147688054734371,0.7075744827573551,0.607760385039411,0.47311022914980516,0.30199200177265784,0.2990992131182352,0.2961215904719986,0.2748153462351835,0.28270945526275776,0.2558456514860234,0.30531969231709893,0.2921770514890309,0.3082795646903471,0.328460303045726,0.3782169535150513,0.4101484416087377,0.5225065938288364,0.5606730813934911,0.5952913920829715,0.6963151218983908,0.7687029494000487,0.8220455289574536,0.8739392041882826
0.8690729870078908,0.8315885759092629,0.7318763200020076,0.6527420580427425,0.7845801483850313,0.8601421425424313,0.8559679982422136,0.8552448653957229,0.8335876615814864,0.8350246363732728,0.8428755952258872,0.8438366209938323,0.8114322385143162,0.8186083075833284,0.8156190622246615,0.8202448921707391,0.8251272871485631,0.8278881087480534,0.8131155080638468,0.8146177705476743,0.8235066255794393,0.8309249637713966,0.8349322324768701,0.8269939602678695,0.8200793789180238,0.8284149893290075,0.8404409389949158,0.8477418726543036,0.8738971605382337,0.8867525114689706,0.8870014742405142,0.897789833722304,0.8928018057126212,0.8787751249593687,0.8749027989233357,0.8603543355268386,0.8571242689034109,0.8344703346711252,0.8282196004012509,0.8422094622312509,0.7879241418940689,0.7882100785908205,0.7706349149168016,0.742805456276078,0.7540019187798294,0.7333348383500746,0.7417905737484854,0.7784810516731002,0.7844971136291008,0.7910520082297093
0.9055845093381385,0.8578587434493982,0.42495311582928774,0.01184138671776656,0.028772457249486565,-0.4387913168586487,0.5666473789999836,0.8524878756089126,0.8473237746451614,0.8440272774654041,0.8480464993533661,0.851444321354114,0.8451095622714837,0.8496115046045103,0.8530603012901762,0.8581389845107386,0.866186730305352,0.8663527620233723,0.8596602737964151,0.8601051972827857,0.8638165653249803,0.8700553292875407,0.8715891867605633,0.8751399721726403,0.886669491150141,0.8939271565151762,0.9099949467681767,0.919232745301282,0.9441375660195553,0.9592914729847077,0.9767462389067894,0.9943886591186487,1.0095318216603988,1.0079823184382724,1.0215685468121125,1.0293113283473208,1.0326874529057162,1.0341971528259946,1.033507897977375,1.0313770462553615,1.0311858244520238,1.0289601620610576,1.0309973435204913,1.0286556198150156,1.0288320605438621,1.0283678895047017,1.0223940924269999,1.0070053119115827,1.0024549236139906,1.0068195080075895
0.9400580135199701,0.923148835592532,0.8795757531429332,0.8337671818157579,0.7902836372712938,0.787722900509717,0.8088904940561668,0.8233729135791489,0.8313284197599926,0.8337242272103271,0.8397467414077135,0.8464466348990526,0.8627183643659744,0.8664330214808679,0.8696837265725454,0.8707014534058322,0.87773950596725,0.8805785541638493,0.8867063158502956,0.8890631454066746,0.8923219410254072,0.887711957082615,0.8917795885591439,0.8979044134674701,0.8927997610149552,0.9010893745950743,0.9313752890833925,0.9505534602715909,0.9713803454682843,0.9939606845492255,0.9771664063244395,0.9706226538111045,0.6733500891914682,-0.07935391152175222,0.9037161339645233,0.9578869640846858,0.8346842219539312,0.9721716238310402,0.7449388931619437,0.9435217585599394,0.9374396081923818,0.9483032530005414,1.008329981998455,0.8508711198553806,0.7647744309699976,0.9870934198672844,1.0798156921137665,0.8739802633630873,0.9702592278907323,1.0349235432522312
0.750492551755401,0.4466077443599468,-0.8784827865044698,0.9480573215662766,0.8792842770919732,0.9201519201806744,0.9160783148466631,0.9184790469437615,0.9325600837398278,0.9397372472142858,0.945694936944516,0.949529322022514,0.9460614432070747,0.9419111634060807,0.9432583894716198,0.9453697947379724,0.944030753410107,0.942386901900399,0.9439401753491143,0.9427963011562095,0.9463968495699732,0.9519380370295047,0.9568124388668297,0.9593740514389323,0.9518323379567333,0.9552167276152227,0.9598781872527401,0.9626553092680794,0.9681010778939559,0.9864022814726622,0.9867377542238239,0.9110191799670166,1.0088889642033791,0.3345761982190802,0.005785736507242488,0.45509909046902963,0.6212163046306064,0.925699462886334,0.9075660428050694,0.9537027202159548,0.9421552073531616,0.9793550670065793,1.033309886451619,0.9894388768568787,1.0795728527681536,1.1090421510103472,0.97118882364937,0.7707172245272488,0.10552052736944353,-0.8146514191675576
0.9850566682281118,1.0010602648177338,1.0233304955742173,0.9166450485170944,0.9659622227537675,-0.26489732884523715,0.24660033305645823,0.5400065541181572,0.8909419738089601,0.8283142125277031,0.884406363934221,0.9711514313275914,0.8784276180499258,0.9694340854718192,0.9817039475719749,0.7942102897742719,0.8725879533033469,0.9156505155551785,-0.9249364554689676,-0.6158770606896182,0.2194824663548948,0.6337201712194943,0.9833471980962327,0.791242655901584,0.9817318565685004,0.9813766326491888,0.9599878233629398,0.977868242790406,0.9883792336580716,0.9130114809801008,0.6423715003935112,1.0121331956283333,-0.44462556416601406,-0.5963821029019758,0.92902249519872,0.9106307390225953,0.9455730160368899,1.0327524319811443,1.0477090261629547,1.074837120194441,1.0758954145830286,1.0745785571035722,1.0807912828650752,1.0831442407208445,1.0865043577731606,1.093714607085666,1.0975736879983797,1.1062811756752438,1.1214869716073361,1.1214793657833604
0.9363571445292762,0.9484846351827406,0.97732396521553,1.0020732411095485,1.0027631535293025,1.0201610359951976,1.0253970435721802,1.017759071949825,1.020488839904925,1.0234226822544665,1.0173312086702597,1.015641566123817,1.0203238103879453,1.0253885709297403,1.0007122059225257,0.9943773232834393,0.9995358497012836,1.0099981197037944,0.9962546743077294,1.0075535336975034,1.019093991886257,0.9819083846667925,0.7781630551749312,0.7917556618023688,-0.8969199773886025,0.3923047985358458,0.968013895617849,-0.12747312009295544,-0.8255768555340326,-0.3233478437975953,0.5045076481097113,0.7072989029770405,0.9473848235911213,1.0428805056169592,0.43200588101271903,0.431090386457004,0.7591616993138072,1.0561700732058055,1.043097326121644,1.065998249312008,1.0851135324344805,1.083239083208522,1.083745500289724,1.0801855447221174,1.0815109477871658,1.0873785146736485,1.0950196560668592,1.0994167642078436,1.0948334262014197,1.0879613138566817
0.9544058889283119,0.9653542491829783,1.0076143326480116,1.0159764421954465,1.0165726848590593,1.0687816240736085,1.0656175437639364,1.0686468869700152,1.0810907026725793,1.0884620801182814,1.0797202940506145,1.076399007490207,1.0712250924865967,1.0715664181415232,1.0705347657677908,1.0710130347695153,1.0716533264854997,1.0795848895102373,1.0821120112573448,1.0728740362908928,1.0762352014321046,1.0799092604822187,1.0562369974827028,0.9417863357322378,0.9711030447227644,0.40961398022150003,-0.3069866576982449,-0.2414807535236893,1.0571737365694474,1.0841699495981119,1.048327048316949,1.0682610721857007,1.0833709684355062,1.0807199364859004,1.0848878800498727,1.0962673080891008,1.095492810313846,1.0906105045965175,1.088050974755944,1.0805318692901773,1.0700210891302269,1.0744518508877097,1.0936701369348367,1.0951304742543286,1.0973507805390714,1.1006076809885181,1.0986431862246646,1.0921503223130313,1.0900080139183879,1.0883486843141932
0.9158541051865817,0.9214323739301832,0.9660098291734279,0.9745474834277912,0.9843353446835065,1.0296364009894514,1.0630398085262371,1.0634458927762012,1.1181262968542074,1.1202679138373655,1.1062726868103818,1.1008329740975729,1.1040618494923087,1.1151219295247994,1.117621472257542,1.1185033581142816,1.1187821339398754,1.1089589678675427,1.0876104313498767,1.0896236981523115,1.0907953199520801,1.1068773089012107,1.1219178657245439,1.128493279608125,1.118946163343567,1.1131690975736304,1.1160119038135343,1.1174089470810264,1.1234343203747146,1.120744426004564,1.1190483441704355,1.1295128284412908,1.1215862697614387,1.1192670183452973,1.1162680254007817,1.1183954728990064,1.1188713540641422,1.1147818767956144,1.1106571585724903,1.1051090341588619,1.1025364618012279,1.0991252703315826,1.099023623188597,1.0884152768483268,1.0810601370637332,1.0826082599205171,1.084177787860314,1.0855339145812954,1.087687178684112,1.088967166624137
0.9372107329493601,0.9431186765091041,0.9574070569586551,0.9640135801659725,0.9869017826706427,1.0497871612218426,1.0565513407773337,1.0555003274580892,1.0779780877511396,1.0885490228255852,1.084683926452393,1.0953558559019574,1.113677430885886,1.125922036966866,1.1383009799695383,1.1219290791243088,1.1027285509761304,1.1005635762520454,1.1015047151798265,1.1068891365047524,1.1196229848745511,1.1362044383873218,1.1361060919742572,1.137931085775286,1.143089494547632,1.1432413363908578,1.1426886758878927,1.1436655391261505,1.1497536589637776,1.149640587014404,1.1553896211875523,1.1577125996246762,1.1429906261394291,1.135308746627175,1.132455962075221,1.1309815873984894,1.1290959354980932,1.1244807509429826,1.1166461001079706,1.1097527354707255,1.1085999256302508,1.1061524059890964,1.0976143780150105,1.0911788401307918,1.0912595280802158,1.0904586555715348,1.084362609575977,1.068549510888938,1.0610896486706396,1.054615926651591
0.9755266293540265,0.9794494481752526,1.0115948148168141,1.0470773679594678,1.0596207904251764,1.0673218912065099,1.0805594494202881,1.0872041752884585,1.094002905488088,1.127018126741304,1.1363216535759628,1.1622568974939755,1.1643805712701447,1.1538466655081971,1.152807451634154,1.1518334010102276,1.1381689313868117,1.128666565246295,1.1371780425453422,1.1465278539764423,1.1536152952626666,1.1550486441941124,1.1604519836163252,1.177528708845487,1.1906170056003214,1.1954665637320907,1.1930542100576236,1.1882783680216797,1.1795668600634652,1.174575902799255,1.1733793836342779,1.1766373251152036,1.1679975010187897,1.1674101828864218,1.166992920359624,1.159617962623719,1.1510750212224612,1.1440687726868506,1.1348096005460884,1.1220958437352462,1.1157702654007349,1.1112748432003796,1.103348583969691,1.0814828740352713,1.0678938831501807,1.0454186512098211,1.0395605158889496,1.0339626180209391,1.023106930540459,1.0064723976778316
1.0361884459783761,1.0726678764819624,1.0507239330288882,1.0603856152152846,1.075045052085415,1.132123822939805,1.1845000382204791,1.221549939462797,1.1830068947210932,1.1664196929232011,1.157005534229418,1.1589380503370956,1.1816768506133923,1.174035880640539,1.173690553766374,1.186512995487319,1.1840960359573944,1.1899366887439935,1.202157755704464,1.198825737932521,1.1916868597629386,1.1941271163564913,1.2034198789369288,1.2088399602993949,1.2158201543877192,1.2106042791889298,1.200841918243845,1.1949329213867836,1.1886393265279693,1.1845468025738153,1.1812808987256374,1.1777803372466205,1.1697891091550598,1.1618304332527642,1.1510567665430134,1.1432154522966336,1.1395515593979597,1.1173811538266891,1.1014045762646683,1.0798204971905572,1.0734588023414382,1.0699164289502077,1.0520376804047105,1.03948291671722,1.0240198001621201,0.9878104836847057,0.9598545641291322,0.9620945556983164,0,0
0.9794372131004131,0.9998080394436882,1.0234444930316133,1.0417938960892195,1.09177526019585,1.134831895973062,1.1261023560041294,1.1048852616358944,1.0741409154348907,1.1142934369868287,1.1347149517739292,1.1513890600456564,1.1847246507607345,1.2002957846412163,1.2218125030532352,1.2358681429633127,1.2298846438400375,1.2308617975888194,1.2348655910600663,1.2424561148054363,1.222501503515343,1.2118794621159463,1.2062430417150631,1.2049299460348688,1.2133597822981261,1.218265772669704,1.2140496223479933,1.2039411919782268,1.193625983549454,1.1974716878565903,1.19318881247435,1.1824505825828642,1.1631056317447899,1.1529353972534473,1.1377196933020246,1.1198786374436203,1.1149185890279307,1.1049971527509566,1.091540853177121,1.0728452139298303,1.0563096139914079,1.0376513019332803,-2.9032328343531865e+38,0,0,0,0,0,0,0
0.9885166753855753,1.0038353543270757,1.04501227363133,1.0627541060928423,1.0625316504734563,1.0709313705302215,1.0811144931340577,1.091033981727091,1.1155346118533445,1.1233654732296168,1.1383830460648119,1.1458607597308894,1.1614633185485184,1.1618344173461053,1.1861668003429346,1.216284221950276,1.216983303220059,1.2142896374818952,1.2132035327827284,1.211581900187548,1.2017729809503022,1.1779641246314927,1.1654042230069837,1.1561345784525743,1.1603957820072963,1.1505762144805094,1.1468260413413647,1.1414366921071135,1.1354337919304505,1.1332622895392281,1.1347438229565063,1.1228071188790014,1.1052537888999925,1.096679494663039,1.0730915281732805,1.0624608269431761,1.0602401616261674,0.30378654481666745,0,0,0,0,0,0,0,0,0,0,0,0
