jsons/1312930800.json
{"header": {"parameterUnit": "m", "parameterNumber": 2, "dx": 0.1, "dy": 0.5, "parameterNumberName": "Eastward wave", "la1": 40.97354507446295, "la2": 16.46031188964855, "parameterCategory": 2, "lo2": 133.9931640625001, "nx": 191, "ny": 50, "refTime": "2011-08-05 8:00:00", "lo1": 114.97908020019554}, "data":
[rows 0 to 21 of 50, columns 98 to 146 of 191]
0,0,0,0,0,0,0,0,0,0,0,0,0,0,0,0,0,0,0,0,0,0,0,0,0,0,0,0,0,0,0,0,0,0,0,0,0,0,0,0,0,0,0,0,0,0,0,0,0
0,0,0,0,0,0,0,0,0,0,0,0,0,0,0,0,0,0,0,0,0,0,0,0,0,0,0,0,0,0,0,0,0,0,0,0,0,0,0,0,0,0,0,0,0,0,0,0,0
0,0,0,0,0,0,0,0,0,0,0,0,0,0,0,0,0,0,0,0,0,0,0,0,0,0,0,0,0,0,0,0,0,0,0,0,0,0,0,0,0,0,0,0,0,0,0,0,0
0.1929623028543299,0.17708109766585522,0.16393191935859586,0.14953529712847846,0.11503361385116209,0.09089825880865533,0.06259183606033017,0,0,0,0,0,0,0,0,0,0,0,0,0,0,0,0,0,0,0,0,0,0,0,0,0,0,0,0,0,0,0,0,0,0,0,0,0,0,0,0,0,0
0.20080778108339406,0.15511749097076524,0.14374320062491105,0.1375946286176423,0.12080618210196864,0,0,0,0,0,0,0,0,0,0,0,0,0,0,0,0,0,0,0,0,0,0,0,0,0,0,0,0,0,0,0,0,0,0,0,0,0,0,0,0,0,0,0,0
0.22114329274132216,0.20906510225681607,0,0,0,0,0,0,0,0,0,0,0,0,0,0,0,0,0,0,0,0,0,0,0,0,0,0,0,0,0,0,0,0,0,0,0,0,0,0,0,0,0,0,0,0,0,0,0
0.3195442923887185,0.3018823946700013,0.2853032469067459,0.24057971812598966,0.23835819316141754,0,0,0,0,0,0.1985678945919058,0,0,0,0,0,0,0,0,0,0,0,0,0,0,0,0,0,0,0,0,0,0,0,0,0,0,0,0,0,0,0,0,0,0,0,0,0,0
0.3661741533372019,0.36006535201221634,0.35749203901405546,0.3577555052349817,0.34386879963977124,0.33777765054626374,0.3315327272059851,0.32545641911571427,0.32690309843120047,0.31814068040192794,0.31323208557528315,0.31218809750310067,0.30038601644897106,0.2927138913672016,0.2724588519202868,0.2620986534477157,0.25145411015214353,0.22959547792799528,0.2459775394136323,0,0,0,0,0,0,0,0,0,0,0,0,0,0,0,0,0,0,0,0,0,0,0,0,0,0,0,0,0,0
0.37868946315731883,0.37626329472344444,0.3749559103278184,0.37250210975466547,0.35241859812898263,0.3422652567842858,0.34219465534507243,0.3344141870792576,0.3370270566973719,0.32671099686485094,0.31227085055367654,0.29674596325540575,0.2726735265050733,0.28343541247653176,0.23075640788507354,0.3785652638325937,0.4205393374164407,-0.33229257800917483,-0.2519395968718287,-0.25081172948787006,-0.25070212705346373,0,0,0,0,0,0,0,0,0,0,0,0,0,0,0,0,0,0,0,0,0,0,0,0,0,0,0,0
0.3940555972150684,0.3845884920953578,0.37545944442432844,0.3727522474739444,0.36145348278859835,0.3522236901852121,0.34456027536176964,0.32958342050704836,0.31849566355827547,0.3155098202498666,0.2960082996697633,0.283706245601364,0.26393985258881886,0.24527151400959976,0.240056338746156,0.23140019136265466,0.20770680823161303,0.22616596147413173,0,0,0,0,0,0,0,0,0,0,0,0,0,0,0,0,0,0,0,0,0,0,0,0,0,0,0,0,0,0,0
0.4146228194644481,0.39448489330930503,0.39025568841578534,0.3862442310845214,0.3721354646508089,0.364979412764839,0.3570503566052111,0.32445409412084614,0.31261876890581436,0.29587351736686324,0.2682742216799738,0.25784098645414116,0.2452496315245234,0.22629487151186883,0.18121178574427335,0.15659251286660483,0.19989606127340995,0.28988236815742774,0.14514716788461463,-0.04941089879258609,0,0,0,0,0,0,0,0,0,0,0,0,0,0,0,0,0,0,0,0,0,0,0,0,0,0,0,0,0
0.4495414440448452,0.4380101753177534,0.43326042754366767,0.4274481479568387,0.40434016543610757,0.3954331556264313,0.38732002108041685,0.3487564606666747,0.33432916837220056,0.28605140957934494,0.241070688195317,0.21697953140822282,0.19641979843969284,0.17876683345226585,0.24422545304366475,0.17216313041634865,0.27484033618074516,-0.4526515471995798,0,0,0,0,0,0,0,0,0,0,0,0,0,0,0,0,0,0,0,0,0,0,0,0,0,0,0,0,0,0,0
0.4966325767064795,0.4813513524254312,0.47431694981153805,0.46093765027672134,0.4383961983069411,0.42754475021332244,0.40952086533156407,0.38345164219886707,0.3658676824930149,0.3437915427653094,0.2923413588001692,0.2615995058997154,0.23423376554659844,0.19591788645664912,0.18698062628303502,0.19880621882193503,0.3781642237009766,0.3160597192851703,0,0,0,0,0,0,0,0,0,0,0,0,0,0,0,0,0,0,0,0,0,0,0,0,0,0,0,0,0,0,0
0.5359858871305657,0.5302434154978732,0.5223142634714264,0.5180893954231518,0.5011186139389068,0.49636490863557414,0.47655922819806906,0.4391761553874066,0.41839335221432433,0.3966551584157717,0.35557646966552164,0.3412598019913786,0.3375669183210266,0.32711905517539236,0.3804490475961203,0.2979624725408894,0.43451041650915373,0.46471592579815013,0.48071814364171533,0.4818003019874038,0.46792337576204973,0.4852326670941089,0.4997106165729004,0.5113080233267804,0.4986451242508715,0.5224228527018909,0.5270166917966346,0.5118369407148587,0.5233055818865606,0.532548959605988,0.5203580712492634,0.5304875286637625,0.528940663110102,0.5328328729484579,0.5450882996948743,0.5502526180758375,0.5245969853167637,0.5071675447262316,0.5058935248020259,0.49527762257562286,0,0,0,0,0,0,0,0,0
0.56075383565936,0.5533855758281666,0.552623152962337,0.5553375149575888,0.5446432393451307,0.5341907409662155,0.5207174682291693,0.4904442037818505,0.4787093242384525,0.4426168657827065,0.37890188364705113,0.3521561934615929,0.2932668470438624,0.2599004802265648,0.2633776108684485,0.32197888401280567,0.3883211357174106,0.5118225790670184,0.4077003260548161,0.49790832025700915,0.49243560536227354,0.48607266156400375,0.4794380965805505,0.5291143740359192,0.5222125142770867,0.5313986572416975,0.5389166914531122,0.5373173614661945,0.5297491236179068,0.5305076953278259,0.5491766397757615,0.547118992534163,0.5437245412526592,0.5337664034685109,0.5235772006246602,0.5232697454757481,0.5282958070523586,0.5199263626668201,0.4918650082506927,0.4666968993882918,0.4542772212961028,0.4475960323158536,0.4312461540749548,0.43091491774781776,0.4243111345858287,0.39881703233629157,0.40539534225560686,0.4178603400682164,0
0.5853046433962267,0.5784717372522912,0.5857522323684777,0.5929048274367239,0.5935684851021797,0.585161594996414,0.5811853960274266,0.561094424397942,0.5522075456426853,0.5214144546452222,0.4805411572527048,0.4361466424428326,0.45076819139029767,0.5798920633673484,-0.5018121599042489,-0.41731035245157144,-0.4079478374171758,-0.4531678363238497,-0.4294123743638118,-0.1946647761101595,0.2561050639862519,0.3366717349387889,0.46825125950695473,0.5822317964005731,0.6096532406893034,0.6245526821953177,0.5864324158653337,0.5719885750544431,0.5517677129404608,0.5281662346835917,0.5099197919481556,0.4908585590386458,0.47474859590437735,0.4609287856329976,0.4596197744498826,0.4486470172002999,0.43747265037523936,0.43684249989688706,0.43379518857338223,0.4177282765540787,0.40285047265136115,0.40240354023251257,0.38973089065771815,0.38057015979870507,0.36588225644596867,0.4097355203746802,0.4116365119543445,0.3444091760074987,0.5526671563536284
0.5969782720523005,0.6015349086341064,0.5990762387453532,0.602493609459578,0.5996435586232812,0.6009239381327636,0.5897748525588714,0.5908518986167559,0.5807758607563066,0.587645577645433,0.5948573185065437,0.5828986199356546,0.589056157449945,0.5748604494504284,0.5723659645902796,0.5852350547291713,0.6033690202627282,0.6213824119568551,0.6176173736217915,0.6096093859369109,0.6045718793217003,0.5882592477823247,0.5980463181457759,0.5929123119345374,0.5917306575390746,0.5860765919125354,0.576440943461356,0.5836630186489986,0.5683893178588421,0.5608768546808376,0.5518095745881938,0.5208172013778023,0.4962855932302636,0.4809749966727113,0.47790853626774504,0.46599904148504784,0.4287541853637891,0.42551249667917784,0.41195499437959865,0.40067273459810465,0.4112967595289765,0.4193152503814976,0.45505717126632783,0.45126833977804315,0.38875887287095234,0.33368569703602846,0.308135369353955,0.3809490450093668,0.39801357643976487
0.5899083444020816,0.604988283559402,0.6100286575756474,0.6163645474328755,0.6164747731523876,0.6172980354293366,0.621036629244855,0.6204149452418952,0.6170926462290052,0.609185630653997,0.6068587281633486,0.6113440777102198,0.6145797507550855,0.6196660026132897,0.5990401233080248,0.598245264531699,0.5926882691715422,0.582515127173737,0.5834258781653489,0.5865619245987355,0.5882921131958834,0.5868487960072344,0.5776875876522414,0.5579338503283676,0.5462575269994524,0.5343306281881909,0.530552675428082,0.5311039012964069,0.5229861500437847,0.502579664303694,0.4917496299909053,0.47448786179153607,0.4600144733504692,0.4423534435034974,0.4283711842407717,0.4151163833279176,0.41538456312999184,0.40026409787092604,0.37850277255000087,0.35691058770944817,0.35532037448728926,0.3428796180953297,0.34030283153555285,0.34183461136545973,0.3393066382815812,0.3140449880263788,0.3274705761088978,0.3321578647132594,0.32933030824333925
0.5700811824295207,0.5872424823116733,0.5889364881461868,0.5912128352050818,0.5992753592843747,0.6034912354957284,0.6114708835498409,0.6161005140375844,0.6177225840785435,0.6222234996100394,0.6149299247362481,0.6161951532808135,0.6190039049002449,0.6246786985367841,0.6090598766107425,0.6070764624677887,0.5988538750741055,0.5858203803621859,0.5921333117637935,0.5865834341894999,0.5761809312236225,0.5684161248945108,0.5635162881016237,0.5629551353035804,0.5658528238363961,0.5763981193823545,0.5490015619086958,0.527939127534053,0.5313079934173793,0.5216409720224537,0.4938301523422769,0.4710749345037386,0.4455277752511014,0.46317413851082045,0.45185727258491537,0.4384778292186709,0.40319039612063995,0.3678353106287073,0.3601779641035307,0.371770430098411,0.3725761066844349,0.36948911762855435,0.3869542780052539,0.3620107922185844,0.3396859585840011,0.31479948973296284,0.3106390004774305,0.2833660390027348,0.21315497670208922
0.5576477315460724,0.5904769664564214,0.5881764379009193,0.5920178139834723,0.6008752988811829,0.6061201290151712,0.6064110761185034,0.6090182939959122,0.6120827075345121,0.6195383040928921,0.6183241229083896,0.6190195510725504,0.609672780430978,0.6146029420992062,0.6134811310097636,0.6104600546140769,0.6140768472195698,0.6177556042783167,0.6024500059126123,0.5847609404503983,0.5914154475461515,0.6035564924337112,0.5959936434769272,0.5618765912164257,0.5714682865584135,0.5742837374090244,0.5705011112982618,0.5660740741952693,0.5714542420200835,0.5732336378234005,0.5385940244265712,0.5261464044050798,0.5314111527655294,0.440255795248691,0.4243513363286407,0.40243665836494263,0.37128270214705056,0.34676824428796876,0.3547109022155195,0.358520942506614,0.36551471388311885,0.37498288639171645,0.3618957148580425,0.34979971309780983,0.34254365471258946,0.31568877274839596,0.2939095589556661,0.28982048862827875,0.3252506776064904
0.5632651074888049,0.541968904408421,0.5548190823364948,0.560087258017329,0.5862279986941317,0.5953324078529914,0.5966740458480263,0.6031653499167313,0.6124382919232403,0.6203479085263415,0.6253753504344433,0.6298621388526312,0.632083807599666,0.6328275479981701,0.624176986899032,0.6266053421634257,0.6244208592852952,0.6019159310173284,0.6211098449779413,0.6235813077239185,0.6216546727890803,0.6177278298616067,0.6136536138985667,0.6247908853118354,0.6291384086662968,0.6217296790664636,0.6188605238359068,0.5934556355871209,0.5765551572534369,0.5735095100969786,0.5602343782227351,0.562933087118936,0.554973948499947,0.45126967467647927,0.46330556592694827,0.47836040986721223,0.4763770513441916,0.47802449615946035,0.461194995884788,0.4124099554491527,0.4557106399524861,0.4620688305540176,0.38508021560609373,0.3750612984552817,0.347181679882417,0.3170676964699849,0.34309255962802643,0.34083560296484267,0.29743139587204054
0.5395120301938826,0.5525616805465406,0.5643815452658584,0.5707275657782177,0.5793290888955563,0.589314113952544,0.5956122474794604,0.607053194563388,0.6062732385983205,0.6154084018813626,0.6176730577804666,0.6227080475274843,0.6288602983364614,0.6305334338027341,0.6313328583041575,0.6314134069469243,0.6306731772461027,0.624173452675558,0.6219948990373423,0.6183250197142247,0.62608358549748,0.6286842689428156,0.6354948871713191,0.6555476554534923,0.6391055290088641,0.6260026612848013,0.6016465743652414,0.587181274713641,0.587428620103151,0.5838092986554836,0.555258661508242,0.5417737535882743,0.5241437834309681,0.4838352391142077,0.47187647278806977,0.44914736887470447,0.41814498375636905,0.42287437467905925,0.40096286447213225,0.40404687820093055,0.385308945960766,0.3771442568588462,0.404076605405575,0.4208003468152906,0.4230096803581655,0.3763677058822947,0.35471005391642474,0.3224114789221764,0.29527399021856
