jsons/1312905600.json
{"header": {"parameterUnit": "m", "parameterNumber": 3, "dx": 0.1, "dy": 0.5, "parameterNumberName": "Northward wave", "la1": 40.97354507446295, "la2": 16.46031188964855, "parameterCategory": 2, "lo2": 133.9931640625001, "nx": 191, "ny": 50, "refTime": "2011-08-05 8:00:00", "lo1": 114.97908020019554}, "data":
[rows 0 to 21 of 50, columns 49 to 97 of 191]
0,0,0,0,0,0,0,0,0,0,0,0,0,0,0,0,0,0,0,0,0,0,0,0,0,0,0,0,0,0,0,0,0,0,0,0,0,0,0,0,0,0,0,0,0,0,0,0,0
0,0,0,0,0,0,0,0,0.004310963918662707,0.03461557065723151,0.04454481336491523,0.055421453452914195,0.05457495933159943,0.048900166828517264,0.07507401554895024,-0.07752158387522566,-0.07397530446331027,-0.0872065014026033,0.026786900255694544,0.04173321537715323,0.04198709877818025,0.0849737318832649,0.017495439487809204,0.09183113242841738,0,0,0,0,0,0,0,0,0,0,0,0,0,0,0,0,0,0,0,0,0,0,0,0,0
0.0340304748994585,-0.05701475124835323,-0.03137393037163745,-0.01915655045628307,-0.006983364986793851,0.04542814506670707,0.0724418514836836,0.10808766711677076,0.11174490040186051,0.09977419252125173,0.11641853310181426,-0.13147683795360662,0.10350640263778438,0.13126033170504503,0.13185572270624038,0.13329344142401062,0.13474857691594205,0.12913991411414613,0.12102728114784768,0.1048396496954496,0,0,0,0,0,0,0,0,0,0,0,0,0,0,0,0,0,0,0,0,0,0,0,0,0,0,0,0,0
-0.1827500335924105,-0.15626789484244205,-0.06714727766561113,-0.02443737206818386,0.032269088346923734,0.14012705618608648,0.16082355363605208,0.17009732752185958,0.17902198292265079,0.1858965235482199,0.18431806179268198,0.11934018825053347,-0.01687892567269735,0.1488548824587462,0.17408198783008302,-0.10273753887122494,-0.14109584449168314,0.008317884662443858,0,0,0,0,0,0,0,0,2.7898057698508604e+38,-0.25201325266082325,-0.27149536212931263,-0.28255652293093486,-0.2794763448913905,-0.2846881760969848,-0.28362419737088246,-0.2869409928647625,-0.28970931927399984,-0.28395585216846103,-0.2911943186277132,-0.2999278705088879,-0.286142118242471,-0.2343469951676683,-0.1489524161618534,-0.0986304938102052,-0.09010862534767801,-0.05940464562995507,-0.032941327613881875,-0.01561706808466548,0.00032345297286255197,0.03150546819983582,0.0515805430604369
-0.3533349604987533,-0.3533617753145402,-0.3451613153085938,-0.33885433696654094,-0.33977307008196744,-0.28933067913991145,-0.2564444591135977,-0.20891322954388494,-0.13536470953028593,0.049078090119366,0.09314517132692483,0.24064033863957382,0.03765425191471212,-0.16149876859270207,0.08875785069433041,-0.0003249645292521942,-0.021772224844087997,-0.24093767726704812,-0.2114415528509043,-0.21159262207009355,0.08207272992306905,-0.35265325529896807,-0.36217441213138163,-0.3596561323475566,-0.3536829604528331,-0.3396600228104914,-0.33170471384198835,-0.3345048523629752,-0.3159488192479038,-0.3072802055109699,-0.304358631604618,-0.2908727541590489,-0.29704345296447965,-0.3027152321252574,-0.3102548003174359,-0.3311575588086098,-0.35313130484453664,-0.3826044904062214,-0.37470315126896314,-0.3411594833496536,-0.2234755928929272,-0.14884468865056324,-0.10970046367777013,-0.08651960386129824,-0.04858615151532151,-0.006810356978750207,0.014118150189871297,0.08939256419813862,0.12546262862517737
-0.3778441953952667,-0.38243164984041167,-0.3869047719455415,-0.3967014789079419,-0.3970696003255143,-0.40300430352756705,-0.403180903735356,-0.40655191793925594,-0.39709617789503293,-0.410038148614842,-0.4098453679829758,-0.40091441287839946,-0.3978496958657948,-0.3873230253809237,-0.3668777446726642,-0.3548484795351178,-0.33137199918285876,-0.3128623774307854,-0.2447613697174288,-0.26239352470970545,-0.22986312624800317,-0.15360794220423138,-0.11986865743760539,-0.10450254547354447,-0.10480200961924711,-0.08276929970269338,-0.13706470896655773,-0.14143990660117206,-0.11545903911386492,-0.13880534663031618,-0.1333865713107667,-0.1390715274236833,-0.15864705649326086,-0.19231097630317964,-0.2366582040409184,-0.28538875104867606,-0.32761849360110035,-0.4108545440135966,-0.37231109033986814,-0.2759750394520393,-0.13199761246852654,-0.08422238459968352,-0.04746330056883165,-0.012836438983386777,0.038145816080684194,0.06453958341511923,0.10087286121841137,0.11598303334870562,0.1579462974183179
-0.2633987389227255,-0.25820426909494426,-0.245023890197003,-0.23700994116649882,-0.22379991763652776,-0.2309886365562801,-0.22692385839951118,-0.24302579560453785,-0.25768898134061186,-0.266522964151398,-0.2674797300334789,-0.2534194819324364,-0.2493359797371028,-0.23607979524528247,-0.22643207628653622,-0.18624346812678802,-0.16903166742118997,-0.1494818172741445,-0.09789417297239697,-0.09197890536566276,-0.08945970615662172,-0.07898378367621967,-0.07207447428935031,-0.0694017923879656,-0.05431159994055439,-0.051714138816282125,-0.052712301089367655,-0.04014620559712877,-0.026128872525038843,-0.019724560099236763,-0.01266049461997464,0.011671461292470816,0.014559199520444144,0.04808591220109668,-0.04003660120448484,-0.3163448629538961,-0.18616312153113165,0.1010051899095264,0.1941541030015285,0.19516969473337592,0.13719134828209514,0.13510781719814052,0.14092594600159253,0.13829810917076643,0.1397308153205129,0.14814510004647002,0.15379839429344114,0.15596158901581303,0.1730061696108842
-0.02992816039381366,0.05440012108129844,-6.506271984049678e+37,0,0,0,0,0,0,0,0,0,0,0,0,0,0,-0.1423770405260189,-0.06000528016316889,-0.03517695515733638,-3.9895825771036996e+37,0,0,0,-0.1325203090813075,-0.09794325729344294,-0.15056255196448515,-0.19232850556012684,-0.14841944891395809,-0.1023660846215019,-0.058890021260240136,0.03963939070781566,0.11644605082129099,0.17636475108673833,0.20286045697971297,0.33480251745183537,-0.0733432268918282,0.17273475391268428,0.28896223334458404,0.2973444074378271,0.21913722771533353,0.18304539066964845,0.1816364363245613,0.17434842803033032,0.1738999542819083,0.17758616890341553,0.17177099549433442,0.17255833814025823,0.1815009597391376
0,0,0,0,0,0,0,0,0,0,0,0,0,0,0,0,0,0,0,0,0,0,4.582561132936123e+37,4.748176405927575e+37,0,0,0,-0.40518703551453034,-0.32244232196472566,-0.23994750004635745,-0.134323429512727,0.08574420375660208,0.1629865045936747,0.2382639928279183,0.17338530587190357,-0.4226078152430471,0.02149205089472674,0.40728579162641604,0.3790835215804386,0.3294031491659049,0.29471228281195283,0.27933021258273927,0.28472297544632846,0.26690371275020536,0.2611296064294754,0.25503325524054377,0.2568831023878937,0.2562237661226243,0.2769713643037749
0,0,0,0,0,0,0,0,0,0.04249896592219038,-0.15569986461887575,-0.15572207792756282,-0.1688954848248643,-0.20831567586307537,-0.20261134514282092,-0.22930379698219394,-0.2503888200445513,-0.30986888609599583,-0.3107156229879256,-0.338091326874476,-0.37560392506242446,-0.396208619411481,-0.4005648811163307,-0.3924156647413098,-0.37466309953473315,-0.3125055578476503,-0.24372570732832635,-0.20313097743062344,-0.1424555558894315,-0.0769588905309588,-0.03407911395669564,0.21393942810702837,0.20723613263003796,0.19029234747373533,-0.44125834687484045,0.0918904590835069,0.27937265482393897,0.3806000672722359,0.3006983235096861,0.2855977507520863,0.2441062717018498,0.23429698219297057,0.2370009325705249,0.2305010739484539,0.24895184252756897,0.25766680225589783,0.2670034289202867,0.27776993577105313,0.29861851722173127
0,0,0,-0.18105867007901905,-0.20511109654579615,-0.2202837418903253,-0.24964652147918884,-0.28984345827841,-0.31054221380972513,-0.32196886211062187,-0.34796385277075276,-0.3662314790367342,-0.37426695151280587,-0.38931139093051614,-0.37067477393255516,-0.3601491830058955,-0.3300071707857528,-0.3266137612056466,-0.2997606253376003,-0.286878892587269,-0.28767263350090094,-0.27731358515235816,-0.3070557921167583,-0.22226379605210678,-0.16836683201549812,-0.05127127037229852,-0.02560526293440539,0.01463937361215081,0.20189124680710005,0.24136982605944807,0.2888290744392191,0.3894983274284272,0.37736389412307764,0.03404932553328877,0.5300366132584643,0.37026587949289247,0.43209127064298436,0.40513638792451984,0.37932804957618965,0.3553647995140921,0.3204082756221507,0.30714235126128875,0.29938276595133073,0.2877122644002341,0.2921615475611222,0.29237729125391,0.29575554438899004,0.3038891373282653,0.3166788675504472
-0.31233273243214354,-0.33357921683318104,-0.33676448136891524,-0.3433992547095948,-0.3530173938343657,-0.3552779518639809,-0.3497954109604805,-0.3589233370993261,-0.3573892280717307,-0.3317092484624157,-0.32809054067012156,-0.3259372889078081,-0.2983009764006327,-0.28213212038499136,-0.2717146789844739,-0.21885230714737847,-0.21893039620511293,-0.22102279948440043,-0.19147022874520606,-0.15969382488809408,-0.1412502283234248,-0.09038117045973054,-0.09188212897410507,-0.024875527154003037,-0.0011014562563841728,0.07331261634277048,0.12570162710942692,0.1923232969213651,0.4000670537994839,0.4388551188232645,0.48227153427930475,0.5123400501847569,0.4334169543772629,-0.15433368293327335,0.2556739244652281,0.42937235868527995,0.4466868404008496,0.39786505774763264,0.32934184878377715,0.3267885183095016,0.27400268776614356,0.2602598165408438,0.26917315579531376,0.26217922781717845,0.2510807189627517,0.25982258616905174,0.27820997545510934,0.3155874609801111,0.33788217436309964
-0.2975685707254796,-0.2965481881612801,-0.28718598367656395,-0.2763229683665474,-0.2838559002476951,-0.2735529292062096,-0.26259028280479946,-0.25575804081188225,-0.25383736394745726,-0.24375845443145203,-0.24464031115949805,-0.23707671793209084,-0.21607373062697396,-0.21763078750839715,-0.21759556213205086,-0.1808220918732211,-0.183800066713319,-0.19039614305538682,-0.16826291805790494,-0.1165583141242996,-0.09639681572999073,-0.04018042047021213,-0.009278274809486077,0.02881883197837492,0.0756331165722115,0.13160298182155358,0.1881777787065643,0.22502499510784077,0.3415952527110835,0.40856805912790933,0.42864810353768085,0.5327319558062551,0.4615074979368065,0.30779749005287654,0.23352395987395644,0.33534103696153217,0.43847112556372814,0.41868548044147863,0.39962568179064495,0.3761671073866416,0.3040755432989049,0.2779416238079116,0.27697132589352946,0.2785736681111155,0.24744711883135642,0.2423204076034216,0.2505614264821539,0.2743690318355735,0.2975428928391341
0.06631808612692754,-0.18747494922025928,-0.20883841234747685,-0.22163729360834328,-0.23414016557989353,-0.22301167598638505,-0.21603562696570758,-0.22167576337941713,-0.22133087482065253,-0.20936713179772923,-0.20893739787526974,-0.21057451320064693,-0.20774893182038337,-0.21018406946378348,-0.20923887611898725,-0.20067275043438818,-0.20067314886325108,-0.1952602152121076,-0.17848704174569627,-0.16475999346286335,-0.15421278982100664,-0.1431758939703571,-0.05270467212774883,-0.023647139510050458,0.0004569012781841317,0.05608596089743891,0.08894962408982802,0.16424739440098757,0.17990853282121808,0.2627896249464983,0.3009448570562547,0.35394317819124527,0.483722512309858,0.4866308029751857,0.2552719828871572,0.36258953875832456,0.02512305069857128,0.31232503550811436,0.3705280329767969,0.3512903993381898,0.325560208907646,0.2797814895833789,0.2695605402631792,0.28125998247570555,0.28281246653088693,0.2714535894811235,0.26894925407769865,0.27035214728157453,0.27467888508867844
0,0,0,0,0,0,-0.24040698753685105,-0.25348378331323534,-0.2456514936048065,-0.23014148408753357,-0.22472761666319763,-0.2168743204383398,-0.212209651661658,-0.21730112748628974,-0.21995549140937148,-0.21447092858078048,-0.21157480883063026,-0.219721028482716,-0.21288414297712782,-0.20138867677571412,-0.18352014975708153,-0.17002168446632715,-0.1253940169809271,-0.09423258208821908,-0.07094977822918026,-0.06093754759677871,-0.06066103538964744,-0.02807530678570404,-0.010728947220309561,0.01148855695848652,0.0407026589158793,0.14390748243227286,0.1943042884140847,0.29591947235890836,0.356062766920192,0.39352056975684735,-0.38119804264232204,0.18667097564044716,0.3330004972581738,0.30239607539209484,0.26599906524846995,0.23092752648394965,0.2362840920910702,0.2435756269027107,0.2150134770580724,0.21716315827428762,0.21349013449797513,0.20365335968750287,0.2112846811498365
0,0,0,0,0,0,0,0,-0.2392604509905817,-0.21373370792687527,-0.202692878169234,-0.19476711649025608,-0.21717519848322162,-0.2320332995531734,-0.24669207470576018,-0.255305372409311,-0.24863722004771874,-0.24286149453582098,-0.22680117569206767,-0.22622715090556011,-0.23796550544535797,-0.2317602968915298,-0.2278603751864833,-0.2243611809392271,-0.22760454007102607,-0.20068012888449424,-0.17729562609250707,-0.16490864646273964,-0.146236793606453,-0.13499387889229958,-0.14345162664320898,-0.1420236292721415,-0.11471881455784612,-0.0763317991337663,0.08371985673520047,0.2003791490839806,0.19220070044388113,0.116559070379695,0.36796984897064106,0.4832205981888001,0.3787862618806561,0.3386659716545766,0.27199271512396445,0.2854914531688028,0.27793880565254253,0.28184504079065087,0.29617929466555337,0.2734513765157694,0.2674671891741646
0,0,0,0,0,0,0,0,0,0,0,0,-0.0687615344404542,-0.1282031655626005,-0.2113421085647666,-0.24376837778738222,-0.2593510888259585,-0.2759701767677976,-0.26176575502153226,-0.26628853193834223,-0.27549107002349094,-0.27724920160285504,-0.27935039569218606,-0.28857294374834763,-0.3022711528870557,-0.323480285751426,-0.3320928447155335,-0.3360686609553096,-0.3229995739336777,-0.34081389959376496,-0.33010266973789437,-0.3578499120465928,-0.3620901620292468,-0.3733408862649767,-0.39873600662979625,-0.40891932387478264,-0.5745517094812808,-0.5913572985830436,-0.5611964785798593,-0.30394631975823355,0.15622449288997253,0.2646394065026292,0.33864443322154003,0.4496469610948576,0.34832422119751605,0.362590455799863,0.3532585843107496,0.3673357653022766,0.3763241846675798
0,0,0,0,0,0,0,0,0,0,0,0,0,0,-0.05955247339586896,-0.2389198676513446,-0.2558856118266307,-0.29720591834144944,-0.3006946957369102,-0.31243559765768175,-0.32547145088542356,-0.33444264201317947,-0.34928464921884284,-0.3672631631853905,-0.37638341245692014,-0.39755231593247337,-0.4272463144849543,-0.44707583360241904,-0.4609122191713746,-0.4706587445525115,-0.4754618036464715,-0.5028393876982696,-0.5046906730244495,-0.5024505829261359,-0.5421300405186424,-0.5568723784861852,-0.58072612388133,-0.5881111950375961,-0.579872452091568,-0.5817581288876184,-0.5133329057353727,-0.48073841542147877,-0.49779850368564466,-0.4026584865685869,-0.1843442787045432,-0.11982074649882146,-0.04283994854009085,0.0433022230332554,0.09608706907350963
0,0,0,0,0,9.706917088152107e-05,0,0,0,-0.008389165669263171,0,0,0,0,0,0,0,0,0,0,-0.31903569302869633,-0.33404243083166235,-0.3600870392059938,-0.3904699460492081,-0.4134088905758152,-0.4332640680327957,-0.4652225264482578,-0.48273656932918063,-0.4975254703793115,-0.5172024134972572,-0.5263220204260065,-0.5386898629786239,-0.5538039038065825,-0.5626479217115121,-0.5748104285334268,-0.582216243394641,-0.591669400374202,-0.5875377305316737,-0.5923229211156525,-0.5858259864073591,-0.5520479353476839,-0.5068714224311137,-0.47066232709109573,-0.4498815954247815,-0.30245416484252874,-0.255247502809757,-0.1894758102536423,-0.10763112261617364,-0.08288347276171656
0,0,0,0,0,0,0,0,0,0,0,0,0,0,0,0,2.887422637914832e+38,-0.018531868791218566,-0.049435789632151554,-0.05410269041311069,-0.07481420136361028,-0.11197083795678338,-0.17034057697629884,-0.3147178911816787,-0.38035510519784327,-0.4277975513385512,-0.4771333982221386,-0.4958803679608823,-0.5119383948747296,-0.5380385846732958,-0.5444403740945675,-0.5492444391968391,-0.563395277006145,-0.5686957162377406,-0.5726295287734949,-0.5713226129830428,-0.5793452369418837,-0.557685466927029,-0.5479569262726568,-0.5466557936421655,-0.5123786541952056,-0.5199613304281394,-0.4936998413176373,-0.45366170026929,-0.35401014980466433,-0.3002237609231093,-0.2588985809123859,-0.17938741595523425,-0.14813020114598305
0,0,0,0,0,0,0,0,0,0,0,0,0,0,0,0,0,0,0,0,0,-0.14886836190125582,-0.23703503490630823,-0.35245313665109956,-0.3821660502122024,-0.4026859121209076,-0.45445603493354736,-0.4936654619651702,-0.5185150420528739,-0.5330311784797177,-0.5411094558571573,-0.5540974945541012,-0.5681449705521138,-0.5744204073505589,-0.5720254157829394,-0.5603046719424977,-0.5582455740517263,-0.5348674072730367,-0.5304731627527571,-0.5381314259604522,-0.5430307545693058,-0.5132832270584836,-0.5089417986605209,-0.47717728884897587,-0.4207289474408885,-0.41690909965524625,-0.41780431680695185,-0.3028248898483947,-0.3102695799732419
0,0,0,0,0,0,0,0,0,0,0,-0.11588450227523216,-0.1329197437850744,-0.15343160454116456,-0.1702496739473636,-0.18921477440760642,-0.20485185005740872,-0.23421523034410935,-0.24711008360383444,-0.2600943924907911,-0.28609750906952486,-0.30153084891414117,-0.31695779232449445,-0.31480031646099205,0.14580985465890228,-0.26539632655633516,-0.4926510623004433,-0.5090431097426443,-0.5138816959592154,-0.5340982940831227,-0.5511179652979207,-0.5600783044614069,-0.5684000597439776,-0.569830720741291,-0.5627831891848354,-0.5488633218162198,-0.54519140337882,-0.5224881409133201,-0.49898344014516777,-0.4815102178781356,-0.48643128534692215,-0.4883299800965876,-0.48400494385576204,-0.45450369016866715,-0.42284905098553216,-0.4055983330945946,-0.38924310332117784,-0.3503044243868545,-0.3179431846724357
