jsons/1312574400.json
{"header": {"parameterUnit": "m", "parameterNumber": 3, "dx": 0.1, "dy": 0.5, "parameterNumberName": "Northward wave", "la1": 40.97354507446295, "la2": 16.46031188964855, "parameterCategory": 2, "lo2": 133.9931640625001, "nx": 191, "ny": 50, "refTime": "2011-08-05 8:00:00", "lo1": 114.97908020019554}, "data":
[rows 0 to 21 of 50, columns 50 to 99 of 191]
0,0,0,0,0,0,0,0,0,0,0,0,0,0,0,0,0,0,0,0,0,0,0,0,0,0,0,0,0,0,0,0,0,0,0,0,0,0,0,0,0,0,0,0,0,0,0,0,0,0
0,0,0,0,0,0,0,-0.001224242067372087,-0.00044036502662789934,-4.91475661154351e-05,0.00024137274796670548,0.0006653024976460588,0.0006629871182178937,0.0007231922423424371,0.0006993627394500059,0.0006613512287730763,0.0005241302425344433,0.0005080913323764322,0.00045853830719503697,0.00033408352098580256,0.0002692660880944363,0.0002634356487719742,0.00021705172596953913,0,0,0,0,0,0,0,0,0,0,0,0,0,0,0,0,0,0,0,0,0,0,0,0,0,0,0
-0.02078578697202087,-0.016965829057808152,-0.014546615807534467,-0.010127152483572825,-0.00825078873701259,-0.006418992958315857,-0.003913566309744719,-0.003397080311600819,-0.0016346185049752537,-0.0007536345686388049,-6.499381166203621e-05,0.0006036405660330119,0.0007005049287997124,0.0007106545832087282,0.00043162274923247304,0.00025260360263408034,-0.000967382811082016,3.5062735249312725e-05,0.0005425196993630713,0,0,0,0,0,0,0,0,0,0,0,0,0,0,0,0,0,0,0,0,0,0,0,0,0,0,0,0,0,0,0
-0.037475314660839816,-0.035285488167990195,-0.033413303937782766,-0.0290894482471323,-0.024804795191067805,-0.022733340127191436,-0.015555489842247732,-0.012075987425652017,-0.009044727260958323,-0.005203467792045135,-0.002097719115778602,0.0007116105031832168,0.0005617710784904487,0.0005562635490178431,-0.00047835797805150063,-0.00043282190607425096,-0.00020482744717595684,0,0,0,0,0,0,0,0,1.2920764053463543e+38,-0.05218629667290983,-0.04971716307422706,-0.04810760710682509,-0.04528124993917093,-0.041596646031913716,-0.0365908685547773,-0.034503808119128045,-0.029143689618626005,-0.02511251425509421,-0.023663118455060386,-0.01903310281804272,-0.01764795291284229,-0.014441504644273651,-0.010707824130208347,-0.007708950825133954,-0.006135554078227064,-0.0035479035887039136,0.001198032345255568,0.0037602949091309085,0.0059760055744179095,0.010744761442473659,0.011592819265766125,0.012489119706919129,0.014081600620148524
-0.046897042409396704,-0.04672724924162844,-0.047661469579228274,-0.04959032244468615,-0.048145440010272995,-0.0486586303225801,-0.048970567651390504,-0.04939577816587551,-0.046244888090625734,-0.029381810572134216,-0.023917723712629096,0.0006136014651763787,-0.009805092811106388,-0.008793705809060554,-0.01128918210844197,-0.02940354341011831,-0.07518690383540023,-0.08626669958900052,-0.06920494800821633,0.03539136059925312,-0.07939300816197624,-0.07828296689499098,-0.07900978456663077,-0.07862798483652189,-0.07290167418649861,-0.07173824281963401,-0.0693004778844933,-0.06624541740209473,-0.06322283249614292,-0.062117330871531505,-0.05698924349818855,-0.054798726456499046,-0.05002711114619233,-0.044599291028742424,-0.040779473628454445,-0.03642695485411528,-0.03041913443782491,-0.02738117268483982,-0.02438760189534252,-0.019806195373473504,-0.017285008262483404,-0.015029967277264928,-0.011510490561582539,-0.007600260278481049,-0.0032833360974331522,-0.0016202270716647565,0.007159612575399613,0.010206005946167688,0.012079206125761003,0.017786000897215055
-0.044241654383110354,-0.04417936806817759,-0.045562990687042476,-0.04756029632083317,-0.0486068148384294,-0.05012608469588941,-0.05306283017978423,-0.054936535054468646,-0.05501619140012321,-0.05875924760102677,-0.0606514320429881,-0.06115531220075875,-0.06665709145076673,-0.06938987786068172,-0.06867888365057531,-0.0740853226982236,-0.08032796583528339,-0.08357089991650976,-0.08119223696479963,-0.09085332236446693,-0.08614947356289838,-0.08744622425093258,-0.09174306459567354,-0.091136995475951,-0.08812940986799149,-0.08762188208195423,-0.08626673334921837,-0.08263699802643405,-0.08104033849498526,-0.0804562619258624,-0.07516824660543538,-0.07377880994784244,-0.06980213206594635,-0.0663035670394333,-0.0633538281190318,-0.05850595740340088,-0.04876511491974841,-0.04349716396820582,-0.03979273429164731,-0.03147145293897721,-0.027717139849221296,-0.023999668225103292,-0.02075697190073189,-0.016226393817876147,-0.012276039663834133,-0.008211476315443512,0.006908157280189739,0.012794708792327665,0.016090707309604674,0.02532590606670037
-0.027892213826962883,-0.029115102275330863,-0.030167876102736153,-0.03193495566609232,-0.033861262213414435,-0.0340799970166564,-0.03622968688655931,-0.038269412695075805,-0.04010348089881113,-0.04262904968474587,-0.04462439967460497,-0.046947058420263324,-0.05146581108688163,-0.05227171083969102,-0.056041526833815844,-0.06005991033902064,-0.06572712542969887,-0.06888048651756681,-0.07284564574205742,-0.08732983799374823,-0.08213534567741546,-0.09013789732088422,-0.10387019509116475,-0.10558633499685365,-0.09641413466521757,-0.10476348867451772,-0.10443748114098576,-0.09957821926642985,-0.09855144305824033,-0.09864330725123141,-0.09457686324097868,-0.09436892540164207,-0.09299901824652626,-0.08923299141170789,-0.08538440867865979,-0.08190705366549546,-0.07565370650660566,-0.07184437711418161,-0.06535357997894642,-0.05520877472543675,-0.05185262240009605,-0.04561900137501579,-0.04212905409925666,-0.03309522272064178,-0.02737365642301468,-0.022847283118051686,-0.015064476912076193,-0.010075268597563285,-0.005443349646161575,0.0009292594010335154
-0.001831653662542852,1.73230318969367e+38,0,0,0,0,0,0,0,0,0,0,0,0,0,0,-0.021751119263417575,-0.01688975936650308,-0.016402717859905658,2.306732274540519e+38,0,0,0,-0.05057818803613342,-0.0899461688101247,-0.1289804909159404,-0.13031674139531987,-0.11769368442293084,-0.11672297204750802,-0.11521035842579128,-0.11177953683433443,-0.11277136280453437,-0.11176605849454589,-0.10826744571406445,-0.10622665702213815,-0.1060430119062081,-0.10197688608944305,-0.09967258152188237,-0.09706055077105517,-0.09048528195591944,-0.08748472268410187,-0.08320937895827193,-0.0802674624420141,-0.06517923909996899,-0.059847378431151704,-0.055304058508719015,-0.04685599370472047,-0.04270046850404127,-0.04240081368612132,-0.03086250826568652
0,0,0,0,0,0,0,0,0,0,0,0,0,0,0,0,0,0,0,0,0,1.6678240082147393e+38,1.6542073976615935e+38,0,0,0,-0.13718781103992916,-0.13865899547826388,-0.13941874207597238,-0.1406455202711982,-0.13557964460587343,-0.1381517047428168,-0.13730335294455642,-0.1346341892980835,-0.13505952391741433,-0.13454882155722125,-0.1308388282320229,-0.13226913781729874,-0.13134422654161634,-0.12920560514094145,-0.12644173393989544,-0.12277413025986346,-0.11963297837810323,-0.11679117426998663,-0.10818417900514826,-0.1038729316898451,-0.09768245478077553,-0.09051024659527851,-0.0863263868010507,-0.08464818125348506
0,0,0,0,0,0,0,0,0.05225877990740044,-0.15659566704010772,-0.15894841454737796,-0.1599939182495968,-0.17256861872531906,-0.1696733977647812,-0.1712282654104507,-0.16823822174236142,-0.16850269776943255,-0.16705385215294666,-0.1675746564464838,-0.16510662236081264,-0.16544838997163752,-0.16417345631658473,-0.1642432702830805,-0.16494161560792675,-0.16511501376328025,-0.16763759217729088,-0.16753054092280859,-0.16789547045166525,-0.16948768726672975,-0.1703497266591268,-0.16834446406013495,-0.16984729660073158,-0.17060679474521911,-0.1694601237815221,-0.16921031719447627,-0.1716798057335936,-0.17324766198948857,-0.17292631563345626,-0.17326949164993044,-0.17104652298349293,-0.16912758418741122,-0.16702775113347398,-0.16226232976876293,-0.16377888508690633,-0.15932053134901267,-0.15418635247144402,-0.1503526349635343,-0.14618713110473244,-0.14250264001995322,-0.14009231763198648
0,0,-0.17472310592338472,-0.18556346021442494,-0.18596521320568063,-0.18975278799854284,-0.20167053341276328,-0.20572781197809278,-0.2053611351843903,-0.20980217758809935,-0.21130236599405905,-0.20831649113214906,-0.21008750238654023,-0.21057788874296351,-0.20935826192679285,-0.20948209613863583,-0.211619534647704,-0.20789860301311572,-0.2075030646584838,-0.206616188198906,-0.2066975763883115,-0.20657113165043087,-0.20908008659096955,-0.2089609080819034,-0.20910857409548667,-0.2105956767190853,-0.213143782570778,-0.21412625663080176,-0.2150613010188323,-0.2157418965267063,-0.2131446598334663,-0.2130181894641192,-0.21421108533388852,-0.21328422286354937,-0.21496280754207192,-0.21753230198907805,-0.21747312565127253,-0.2168991858971625,-0.2214015827739389,-0.21843021765941534,-0.2183020226567176,-0.21943473350214826,-0.21631450098855026,-0.21683281326192594,-0.21410563194918,-0.2122461373633046,-0.20948576025627924,-0.20009370694136605,-0.19436021767427258,-0.19625534497293748
-0.20916286133447462,-0.21238049061040412,-0.21499357478149353,-0.2259930773202912,-0.22604789649380613,-0.2280806418938473,-0.23376965197742233,-0.235239704405824,-0.23650011143871502,-0.2407800271488018,-0.2465308222359751,-0.2462437283686958,-0.2549201699124616,-0.25417629982900536,-0.25329447677899375,-0.2547926499804345,-0.25808795332743123,-0.25722538871623796,-0.25900777077595044,-0.25616542272697235,-0.25376218518908816,-0.25310632092676716,-0.25563130164715864,-0.2548681836665861,-0.25433222540389316,-0.25767267143395106,-0.2595574243123312,-0.2648451693886076,-0.26435730053620576,-0.26348859542419073,-0.2662999114188625,-0.26840270927652327,-0.2680472250629716,-0.2679452417628687,-0.2688509204892984,-0.2747918303154195,-0.27594265144998426,-0.27556103948621696,-0.2756971012937648,-0.268981875634684,-0.2716656464500392,-0.2753624965490174,-0.2727383455709728,-0.2685680561853998,-0.2691529386981208,-0.2718701770143915,-0.27384233766342125,-0.2684949491015067,-0.26571127001519845,-0.2633082620273363
-0.22179484449740383,-0.22541976750589945,-0.22896603056797238,-0.24249682723189592,-0.24780895471612746,-0.24957632571670008,-0.25961300434256634,-0.2661435968456165,-0.2688856566162663,-0.277841924583348,-0.283244358442843,-0.28593261517190927,-0.29440694295804426,-0.2986972009927892,-0.2994131299381017,-0.2998454792925393,-0.3052834291318212,-0.302494225200979,-0.3007482866229855,-0.30925750178371253,-0.31129256263373634,-0.31205967584245886,-0.3161632927919705,-0.33113854142923677,-0.32552633392852787,-0.33056599254585217,-0.33189831253291874,-0.3269285727638757,-0.32726056184345725,-0.33347834165125384,-0.3392110837311645,-0.34071534097252487,-0.33725391970450713,-0.3372722940040161,-0.3319936056701398,-0.326638954231786,-0.3307012589292563,-0.33234924453449055,-0.3374162300536696,-0.3248913019788626,-0.3311413678828067,-0.34348503690988075,-0.346603720284318,-0.34602822034498,-0.35632983474621266,-0.35293371820976716,-0.3460339499819328,-0.3459313388821008,-0.3479041183225637,-0.34400657963870784
-0.16457871646713465,-0.20018445423189235,-0.22476325671984146,-0.25441258315825416,-0.2599619082510373,-0.26281990751333256,-0.27851296083561533,-0.2824765170595055,-0.2885606658539417,-0.30325736622107413,-0.31032873088777974,-0.31366714847092575,-0.3273508790175501,-0.3302833140658253,-0.33287180978389985,-0.3360691973667961,-0.35029096850423813,-0.3540439913075301,-0.3591319536005134,-0.3677278396255978,-0.3634815214792637,-0.3703655305769152,-0.3811070461816142,-0.38784732988257886,-0.3885054703745182,-0.3955552584858437,-0.3985782495219881,-0.39205909000611067,-0.40939789617784367,-0.41271090439928554,-0.4094539529011591,-0.41956515981839265,-0.41931453707066557,-0.42035803076604167,-0.4197988050781377,-0.4224027712723161,-0.41878854719697595,-0.41981743832372653,-0.426638208590148,-0.43172808068304536,-0.42547508849024696,-0.4411504391330192,-0.4358153544450228,-0.43554531167811017,-0.4439078907198963,-0.4368585170844991,-0.4294648428367429,-0.4332876945188598,-0.4297036544874455,-0.41852595232912043
0,0,0,0,0,-0.23396647533566434,-0.2668476445050953,-0.2805670456851613,-0.2901435456052833,-0.3105972829416592,-0.3176493959543349,-0.321699006603824,-0.33824468320079193,-0.3423377259511185,-0.34739532525350136,-0.35486191576691073,-0.3766865328938323,-0.3846596729681408,-0.39602680307180965,-0.4170910418968507,-0.4246787447607412,-0.4401644558732295,-0.4530141188744748,-0.46080643313983466,-0.4654587644929438,-0.475700630595899,-0.4808789745809,-0.4833491282916046,-0.4965775706405693,-0.5035716430109513,-0.5034693178129068,-0.5139839982852086,-0.5175606837741328,-0.5131802524861674,-0.5106701521761368,-0.5162808325431169,-0.5161448803581979,-0.5194090010501721,-0.5342345295126705,-0.5366618716201343,-0.540567039126946,-0.545903249985301,-0.5541849399079211,-0.5265164970859556,-0.5418618447028085,-0.5454678429275033,-0.5386211283507,-0.5426763837986943,-0.5436022658983618,-0.5338234151665285
0,0,0,0,0,0,0,-0.17956506683813273,-0.1928739270573102,-0.21826847260650137,-0.23711407464750026,-0.27646158400525467,-0.31472579912342247,-0.3360505503703947,-0.3588062156491975,-0.3719845842055103,-0.39570152467832237,-0.4070226438053699,-0.4208424719980645,-0.4442688187577118,-0.4547138807875054,-0.4637651740453147,-0.493409349568043,-0.5059895270377863,-0.5102069827664577,-0.5340468245042999,-0.5390583390081264,-0.5472548158038103,-0.5771963021955936,-0.5821925974961122,-0.5877921573375412,-0.601561815506967,-0.6086807360609553,-0.6092793380300262,-0.610359901283406,-0.6184324594712272,-0.6273155049554907,-0.6309810136545918,-0.640999935832729,-0.6417578996040937,-0.6452901302754231,-0.6518997293039508,-0.6547340356732363,-0.6547835358968793,-0.666093764500847,-0.67577593994763,-0.6729549326061536,-0.6763481413981521,-0.6850842509569531,-0.6772643690967236
0,0,0,0,0,0,0,0,0,0,0,-0.1377136625290311,-0.1599203975927091,-0.23537611812437664,-0.3089979875332027,-0.3382444942112854,-0.37898930408086046,-0.4045358056334235,-0.4215405857497637,-0.4532576057735111,-0.47236383935739484,-0.48687966873057137,-0.521297397138465,-0.5396294339418779,-0.5570540343445013,-0.5870539536745488,-0.609395642712436,-0.624332178910647,-0.6484849225558582,-0.6581912396343716,-0.6674356361285727,-0.6883252812322155,-0.6980657158866856,-0.7068138311277333,-0.714688307807392,-0.7396750944157718,-0.7449472750658792,-0.7531102781206506,-0.7753365772053854,-0.7838082080815939,-0.7885604953984343,-0.808402843487048,-0.823808529537453,-0.8252366741801195,-0.837264993769938,-0.8447132571659413,-0.84457492927,-0.8579728886463892,-0.8586439510425514,-0.8745006899179012
0,0,0,0,0,0,0,0,0,0,0,0,0,-0.14487099591811475,-0.2402491984460427,-0.2783326686646906,-0.36387814223148907,-0.4183634183486099,-0.4549129344516732,-0.4942588872585037,-0.516587580207068,-0.5248121757036374,-0.5663949503043759,-0.5808311001934878,-0.6009978715744444,-0.6438762901229478,-0.6615892977661884,-0.6811920834023489,-0.7136911112350649,-0.7318379969321321,-0.7463627114368547,-0.785550929837725,-0.8112953907931454,-0.8301068357408985,-0.8491656160007454,-0.880721179061795,-0.8887548634069667,-0.9007870613015779,-0.9263326469060739,-0.9358269516347619,-0.9496496664335625,-0.9741860662006566,-0.9888672765186153,-0.9922499237590682,-1.0139046134570218,-1.0120243292414421,-1.0143272489460853,-1.0114688340808364,-1.0090846580758703,-1.0072328373390185
0,0,0,0,0.04699181916702877,0,0,0,-0.09760023901289687,0,0,0,0,0,0,0,0,0,0,-0.4403319075436465,-0.5123919327571145,-0.5721839083780101,-0.6576465707657907,-0.7009338804347643,-0.7279770428995423,-0.7888585113915629,-0.8111921057999246,-0.8227285939272131,-0.8685821177586355,-0.8834009271965345,-0.8983096004184358,-0.9172164683700518,-0.9289833061169874,-0.938856908308864,-0.9566537339968094,-0.9992237185105045,-1.016082352071638,-1.0343009241496792,-1.0764447737369651,-1.1203871654515032,-1.1355539032990047,-1.180171870337387,-1.1959469542167396,-1.2091593353331136,-1.2404116206519324,-1.250080535479201,-1.2677560482230714,-1.3353287458800873,-1.3372912264265733,-1.3283736026488078
0,0,0,0,0,0,0,0,0,0,0,0,0,0,0,1.728335263287957e+38,-0.09591803798089377,-0.22141685234537384,-0.2357255587975105,-0.2152919177535837,-0.21159627404687043,-0.29103070636716505,-0.5224462161017136,-0.6868532362390043,-0.8386746708014859,-0.9389968275557801,-0.9751732542005533,-0.9976484451699544,-1.0462149861721324,-1.0717405663160218,-1.1339071782195929,-1.1775035516985755,-1.1984110882754353,-1.218053432858598,-1.2295488032530624,-1.253233501218788,-1.2721992974582004,-1.3117700420396992,-1.3482029108916493,-1.3704650508879979,-1.4255764451186952,-1.5340996701333875,-1.5672628828472621,-1.5887586535385247,-1.6516663614585696,-1.6761697890220242,-1.6609053705709036,-1.7006350925187916,-1.710074608328711,-1.7188665192657921
0,0,0,0,0,0,0,0,0,0,0,0,0,0,0,0,0,0,0,0,-0.30093719493108034,-0.41337415869809874,-0.5993329203408377,-0.7123592361213432,-0.7943293746379642,-0.946339478106579,-1.0448437469863505,-1.1967423293108668,-1.2619507178519946,-1.373429132025875,-1.4355274255798345,-1.4907156619865607,-1.5334197459589318,-1.553559473829614,-1.5896165879313588,-1.72303009103428,-1.7307055947638728,-1.757453083080684,-1.7945123906349831,-1.8099312870257807,-1.8255734463066398,-1.8686240087515449,-1.9044290866713451,-1.9190124454224813,-1.969140786533371,-1.9979007060524576,-2.0463613589857794,-2.181824245317356,-2.174486727679801,-2.189696674068954
0,0,0,0,0,0,0,0,0,0,-0.2824888203849409,-0.292712781042065,-0.29500982408440185,-0.3083859670144743,-0.34261281471540217,-0.3490765199668289,-0.3617119800418311,-0.3924287780276844,-0.4308701134761035,-0.48941736519628076,-0.5920340055920035,-0.626809806421404,-0.6408823161404091,0.08985974014841404,-0.6983548644959335,-1.3818460087223703,-1.3673921231420942,-1.3636106278467144,-1.4711831849751063,-1.4911737373403606,-1.5463117859420004,-1.7777666350105814,-1.9097403411118457,-1.9549087784695738,-2.0089985226223614,-2.103232594028773,-2.1465302055316453,-2.2516360435010294,-2.401417927629958,-2.433358759858967,-2.4704693141745544,-2.542662388950828,-2.5891514094598223,-2.6278234558990863,-2.6521768101958734,-2.635968536605887,-2.6442824642223832,-2.75585038911281,-2.7649030661272938,-2.775143184373145
