jsons/1312902000.json
{"header": {"parameterUnit": "m", "parameterNumber": 2, "dx": 0.1, "dy": 0.5, "parameterNumberName": "Eastward wave", "la1": 40.97354507446295, "la2": 16.46031188964855, "parameterCategory": 2, "lo2": 133.9931640625001, "nx": 191, "ny": 50, "refTime": "2011-08-05 8:00:00", "lo1": 114.97908020019554}, "data":
[rows 22 to 43 of 50, columns 49 to 97 of 191]
0,0,0,0,0,0,0,0,0,0,0,0,0,0,0,0,0,0,0,-0.1775730077925197,-0.040087817130040865,-0.08055328797819489,0.06693580423910188,0.08518407842046825,-0.06258078221030705,-0.10527429839652375,0.057008200610519325,0.09698738738094007,0.1466799139011728,0.17888221998756867,0.195385889739525,0.21945935954472837,0.23733100212172184,0.25166957323185035,0.2797121503785181,0.2858629887928991,0.34160154722400415,0.4444042343376551,0.46910021570542815,0.4694580258617142,0.46198950708432485,0.49042328197360796,0.5173466933127234,0.5177372465807943,0.5469482397850159,0.5805436772599069,0.5910552460767953,0.6512150080931345,0.650980670895568
0,0,0,0,0,0,0,0,0,0,0,0,0,0,0,0,-0.0004909724840454666,0,0,0,0,0.013273435251446966,0.04136350019010302,0.05361052715656075,0.04668511853362042,0.09097431223564109,0.1205003954339894,0.1347574678578539,0.19621967554987726,0.2311569232663899,0.2523809251276846,0.3003892430248906,0.36166962141509307,0.39081293428587344,0.46784938622857375,0.47915462030150374,0.4973300790583017,0.5377193970682194,0.4942784606717624,0.4947947392071081,0.5098729157385138,0.5194227347233273,0.49452761652346905,0.5145438461992061,0.5799294376197924,0.6043121452749639,0.6245198203804082,0.6580902735805387,0.6656470689758819
0,0,0,0,0,0,0,0,0,0,0,0,0,0,0,0,0,0,0,0.06902792878784589,0.13151028098786993,0.137382068504223,0.15097699154478322,0.17284855796102974,0.1655954429416348,0.21209505743890947,0.2363693617184785,0.24521995484909342,0.30736122718063735,0.3363798350103956,0.3665373230085371,0.4335832118619172,0.4565836754632448,0.4676892333687578,0.49667613016845663,0.4924125181416361,0.48541783596804566,0.5393293791512507,0.5925111754776983,0.5910624300395345,0.5975520387558217,0.6011330610595017,0.6166948832771549,0.6225813705939554,0.6414171600604678,0.6531386034023289,0.6554827210249206,0.6446471370949031,0.633499908595646
0,0,0,0,0,0,0,0,0,0,0,0,0,0,0,0,3.3038944722661223e+38,-0.20860984680398248,0.13886442717759995,0.19332907855811127,0.23325287791776703,0.243606801332365,0.25048836656700446,0.2697007582968502,0.2668542874055717,0.28279515805056776,0.3193587073326439,0.353776623844611,0.4176753627374086,0.4643063092138864,0.47789607644630605,0.5308751734045296,0.5686754148733023,0.5644470463041124,0.5599820462249606,0.569623781639016,0.576222833201961,0.5888556363763497,0.5960255113270639,0.6218424936052247,0.6215244184994204,0.6242600958466968,0.6347017414843753,0.6348698926826573,0.6386223777078237,0.6434197966565519,0.6398625713511409,0.6223648467665922,0.6078453171796396
0,0,0,0,0,0,0,0,0,0.05889294047597903,0.1341312529379222,0.18500082041490826,0.24696236526288415,0.31039659948404397,0.3231693575009086,0.3087267825368243,0.3115988409192698,0.3173951712249089,0.2945207605131593,0.2579114081576904,0.26652551795856355,0.22216250932936382,0.22164977828702845,0.20564239680251403,0.21944027028334798,0.2870903716284912,0.3654063481196623,0.4152970740545407,0.5120676161394881,0.5353461386531904,0.5526695089875266,0.575742637667591,0.5874565269374652,0.589473247700186,0.606952937976882,0.6072806995738071,0.6074399248740958,0.6047178394383081,0.6047597511095353,0.6020725666307656,0.599574719553057,0.5977935723435505,0.609213836888766,0.6124142643437336,0.5936438660058108,0.5846019319671242,0.5907919445574844,0.5812902345250373,0.5584680370694307
0,0,0,0,0,0,0,0,0.18627506261281798,0.2379133481931863,0.2902616925079744,0.3047477951066609,0.30824060310261087,0.306865406891592,0.298996053269852,0.2754248554051982,0.25966107370433794,0.23861518435924906,0.20753712012989534,0.1954312238848467,0.19935329850967906,0.24325358145523632,0.2752780795681339,0.3038574277103245,0.33760313751033644,0.46104522407441567,0.5162341136922256,0.5446315922864771,0.5887334074630902,0.5855420755838631,0.5890052405972563,0.5944339911365815,0.6012808802986856,0.6052263263877499,0.6035771093906337,0.6034619259982461,0.5987954505157883,0.5958493696117927,0.5934622076697917,0.5967512661192339,0.607738177157857,0.6112288428904953,0.6078137091749857,0.6120723003801883,0.5734825944693239,0.526555157651657,0.556123525179669,0.5566261138917876,0.5016453052163341
0,0,0,-0.30670409358456946,0.23504212966182014,0.2562666486006831,0.2534413349443385,0.26327340935064747,0.26058096745306714,0.2662417411560965,0.2794050710032437,0.27915639552098687,0.2538572367146477,0.2324384114767656,0.20029564354821042,0.17905522037130006,0.148870955791532,0.14355951652716656,0.12736371256674517,0.15515667014871215,0.1796815980306256,0.11296164988614679,0.2767906804017389,0.36744186798033784,0.46362863038821667,0.5509174403795888,0.6087005762045414,0.6170117663986564,0.5994596536443827,0.6003881752177305,0.6008436462338071,0.5979251874764264,0.6067389147366155,0.6065994848351716,0.6069179087028785,0.6059947066129098,0.6118063974957746,0.5995092772159571,0.6008826972544062,0.6012236338110659,0.5957270675815921,0.5776969585852366,0.5597355241916823,0.5472266957598302,0.520283061322885,0.5412565792366744,0.5505054325629711,0.5547275671628972,0.5035948948500467
0.12101069517909925,0.16408536130666057,0.16683060237723338,0.16656878736070568,0.1641312572224697,0.17476979817446078,0.1671313770897335,0.16816238812143855,0.1920170139170415,0.16024412228361037,0.15193086040630033,0.1257972264430254,0.08739536293550755,0.10186732648642535,0.05112253078138361,-0.01439002497724322,-0.024944311535213697,-0.06810013034831605,-0.07528989827243177,-0.043030539336400095,0.00120105444126394,-0.05564019843161809,0.26886796693778514,0.45825319997962555,0.5901759498750454,0.5869374530874794,0.5745654134289387,0.5799020477449068,0.5911916079490281,0.5880332865499515,0.5885647529634467,0.5889596825182281,0.5703305078996762,0.551727565479341,0.5725755551721148,0.5549187211849435,0.5317271738463305,0.562449220440838,0.5478760443950674,0.5256701660408603,0.5774414553478496,0.5625103420492109,0.5419582185245976,0.5349854025589559,0.5294839063419868,0.5349618904386145,0.5172716520648576,0.4466189000325292,0.42568309036242735
0.13581788016970064,0.13822304656895312,0.16351902636079158,0.1301428988689424,0.08445936016211801,0.07202693004978963,0.06354771104219144,0.07345700025503982,0.1030700510124845,-0.010802137253061004,-0.060726509393970354,-0.15722360369225163,-0.29335007539101066,-0.35404774052751703,-0.34886665440961917,-0.26584314707995793,-0.26194155115177487,-0.26992853326518645,-0.45458389878529987,-0.4313034038001762,-0.4461008123945738,-0.41052859036164885,-0.40355602872227525,-0.14240420874424586,0.5560952535965165,0.4396059729570345,0.3407797071180845,0.3463540566543859,0.510088898225932,0.5789266290842667,0.5276369077028364,0.4584476008225819,0.3816764842695917,0.4647973712991089,0.509333836133942,0.5051724544427294,0.49456285235788655,0.4916034241564145,0.5226687617630603,0.5202841131495402,0.49048957064415843,0.5319316593881376,0.5363543000114128,0.5449347753737113,0.5321037787599839,0.5067289599712703,0.463439515772624,0.42492270103659135,0.4009572760074155
0.011281732089406634,-0.0023440226017374796,-0.04820999922228839,-0.04503499788457921,-0.051621507868182925,-0.19960024674178314,-0.2613949482593287,-0.3461196201013903,-0.4239101575700892,-0.5266937091288977,-0.608047483708911,-0.6383602459024453,-0.6700583534527734,-0.6506427184340793,-0.6445156653512961,-0.6428809442778404,-0.6331551650532046,-0.6315827845235757,-0.6271302825143601,-0.6125763012084576,-0.589209560370741,-0.630743583233912,-0.6214021462695073,-0.6142304692888468,-0.46959486653759763,0.25832739237480123,0.6212248055243774,0.6191605297004759,0.45372203869319677,0.6128617616452932,0.14369354575685137,-0.6118850120267422,-0.4664593553516586,-0.47934251185745574,0.5308147838627753,0.5437609743529017,0.1810164069664078,0.3299970291990963,0.3694376979718595,0.35374113831394405,0.33504260420656534,0.3718136612653714,0.395063212010691,0.3749571250830119,0.32840801146534043,0.3144871085041701,0.3177658049954877,0.3724171417518564,0.40594002971991155
-0.3339858532173948,-0.35937953217032,-0.43817377781644706,-0.4929956113903324,-0.5660790647578429,-0.6395615442261228,-0.685641800369566,-0.7202545803143972,-0.7235122806276688,-0.6942999885587163,-0.6232503611555642,-0.5582524787419816,0,0,0,0,0,0,0,0,0,-0.29418800583104077,-0.38188688797290454,-0.39100321500011725,-0.34319430247191585,-0.19463226276896203,-0.1345040833020811,-0.2664722841642101,-0.5537706983711489,-0.6371842191942715,-0.6267128679233736,-0.5805184133324887,-0.5240498225537412,-0.5934240715946402,-0.6391611515122511,-0.6255019009048444,0.6070763076591057,0.4972955596516013,0.35505714397411164,0.40040721727531475,-0.42235052827206926,-0.3976198742068923,-0.3343421168782357,-0.5056641666228446,-0.03765856206161593,0.2611109847802697,0.25887823173283814,0.3244198735006507,0.3195965317118318
-0.6205214986394137,-0.6524340809171695,-0.7034883650948845,-0.72300195824366,-0.741467103407653,-0.6972640419175876,-0.6518686589356111,-0.5085053326069178,0,0,0,0,0,0,0,0,0,0,0,0,-0.0634198900305822,-0.31593080988477024,-0.3814933202957881,-0.3878334358170697,-0.38853184720993617,-0.456374623122043,-0.4065956758877873,-0.3330500890695606,-0.468251602167878,-0.2830674948642776,-0.6472671054726749,-0.5973329102748288,-0.43140852752279385,-0.3683523729022112,-0.09086736592112972,-0.11475132179487314,-0.19531949548751232,-0.20566403540305134,-0.4334991634735188,-0.4624906953793498,-0.5255796474614762,-0.552774046729436,-0.2051195194057602,-0.35703696817252606,0.23086593422432125,0.5117429419239935,0.5932842946192766,0.5314093425406368,0.4831453893013509
-0.6880224857501582,-0.7035524856455455,-0.6482746052065865,-0.5977377630261168,-0.5026659573932291,0,0,0,0,0,0,0,0,0,0,0,0,0,0.07593057701833388,-0.0944339133076912,-0.17269341084647383,-0.22046681387166125,-0.3808507583107436,-0.44214268587639916,-0.4642675044092066,-0.4942233587594481,-0.5489124963497557,-0.5930260350911153,-0.6608871290625915,-0.6869549221937927,-0.6900452164932638,-0.6789189340212602,-0.6180068882013658,-0.5404496694327241,-0.43556270768289707,-0.5194161847182046,0.6441393209226092,0.3498501692909906,0.3387327602319146,0.4108851092823127,0.4956356136000697,0.5053038244660581,0.519588489259658,0.5364719765309007,0.5580830416239718,0.5719590606078954,0.5545019216554975,0.5213069134152747,0.5017829256344729
-0.5672992847346575,-0.3971623788749496,-0.16933398042169423,0,0,0,0,0,0,0,0,0,0,0,0,0,0,-0.01810514238282481,-0.22636163298060064,-0.3164464804080438,-0.4060495490900186,-0.43742050344655525,-0.5160908257232011,-0.5278391734151331,-0.5513657580325533,-0.5633659069917293,-0.6392370530463595,-0.6642988215773845,-0.6931572875156786,-0.708200515493339,-0.7163043218185435,-0.6781057722417955,-0.6417129544788157,-0.5657053032594689,-0.3756389003602048,-0.32855049074518383,-0.33019296588050906,0.6315058290079101,0.4548098063473,0.38196433315507705,0.35124639522238277,0.3703310240759365,0.38875761251891916,0.4046873787941688,0.445525257642404,0.4646402810727869,0.5039177419559436,0.4589315103036319,0.42358715156156135
-0.35442135970711913,-0.3673041961785,0.45919167455366094,0,0,0,0,0,0,0,0,0,0,0,0,-0.06044263998587838,-0.1997395293892039,-0.2820236398984846,-0.4024481613991835,-0.43715781234750045,-0.36278358991072085,-0.7082487120615308,-0.7141151529184521,-0.7043987793529936,-0.7094206347751817,-0.7061732706111287,-0.7068328637232603,-0.7120781424635261,-0.7186834367522775,-0.7350474545145806,-0.7435687775607496,-0.7504874122284896,-0.7216945642356464,-0.6581382064642346,-0.5182591970607757,-0.4384329083792463,-0.3754177073551368,-0.32626215092388317,-0.6381094568964335,-0.30390806829934686,0.1850049299677048,0.2628274131460962,0.23455634335813466,0.21680648974103708,0.34347835724956766,0.32881483419762764,0.3289105722805183,0.3088092402938169,0.28305499589644134
-0.2503069076230538,-0.20285484615544844,-0.16112957954073734,-0.31427845982091923,-0.41195081326676175,-0.39132539897929586,0,0,0,0,0,-0.4501976679171137,0.0025646170883655123,-0.021883854573252825,-0.12847706915139084,-0.3085522896240872,-0.44344412711425973,-0.5698282332169375,-0.7386192911045579,-0.750219013067989,-0.7618746712997693,-0.7590962773504744,-0.7340738959068482,-0.6934408585508325,-0.6970905463584314,-0.7018900836831554,-0.7095872600373075,-0.7164188748598104,-0.7330969781011553,-0.743590137724403,-0.7466588714431697,-0.7370027335771063,-0.7148494823400056,-0.679862548710328,-0.552829893114469,-0.5301881263294757,-0.43306018323856577,-0.3293528737800171,-0.2894254258554738,-0.26873621920335966,-0.12546080156665843,-0.4715047731439942,0.563690032717364,0.42741826741722916,0.17057819618388145,0.15423284494241407,0.16589082371955133,0.19111699286833742,0.19236895049423294
-0.2381598070679668,-0.19396695155232965,-0.30598162500094667,-0.3825612382868323,-0.1451201887745241,0.3171293412553154,0.25288007352349545,0.2906222667859653,0.40441641702454745,0,-0.026057493118968565,-0.0903625468289498,-0.25928709238791203,-0.3998610010181881,-0.518101011413704,-0.6692450161851685,-0.7184561715865573,-0.7509360307912576,-0.7745851469024532,-0.7762580448478206,-0.76732601388772,-0.737588062264851,-0.7098608249077022,-0.6823659347873485,-0.6470919351960981,-0.6889170857550607,-0.6927952874375343,-0.7063899393624437,-0.716897631882103,-0.7479450037797895,-0.7358386061996789,-0.6630692096691095,-0.645348362385493,-0.6315899653472203,-0.524949517344609,-0.49669122573914065,-0.48754114847472063,-0.43895561826438834,-0.3915431731777558,-0.37901999603354275,-0.22809570919937225,-0.20073741797076514,-0.15929270484498562,-0.15261373006792708,-0.3550780303029445,-0.28514916467131796,-0.2790235887425848,-0.3762790327664466,-0.576141468179183
-0.46692647951760163,-0.4739278538143827,-0.4985509103910595,-0.460681032740428,-0.38771537619884605,-0.3224942626731852,-0.33968926223519563,-0.3654212113026038,-0.3708348317994859,-0.43493746905866437,-0.5006598864391735,-0.546969467688385,-0.6401428380759195,-0.7255772796516429,-0.7678927658061192,-0.800036039524022,-0.8178545167831364,-0.8183983115356066,-0.7960744395292699,-0.7616237884561521,-0.7381587366855409,-0.7006429913326297,-0.6617726287470672,-0.6549027596208787,-0.659710767361772,-0.6592705490435928,-0.6874063706716753,-0.6869121318441374,-0.6622161633236793,-0.6834612999687668,-0.686750416843417,-0.6841478834457952,-0.680303587943411,-0.6724442727898032,-0.639745536687506,-0.5895971666544102,-0.555571310258451,-0.45426226734875724,-0.4148532635881026,-0.397557541179011,-0.35190625461530123,-0.3151797622312809,-0.30792693232452356,-0.2646961208636016,-0.1876450154355371,-0.18847275669453362,-0.18057288533532995,-0.3232375241294304,-0.36731823400201025
-0.5228936066170378,-0.5266940292596309,-0.5144604550134462,-0.51141026936141,-0.536547815149699,-0.5382029700086521,-0.5531304811712144,-0.6043967717024532,-0.6101387945683855,-0.6381659324386242,-0.6889964401377079,-0.7322824257225515,-0.7703804260632547,-0.8221362575599782,-0.834640296820608,-0.8161778866002578,-0.8254600615041294,-0.8146053562159747,-0.7767850429290164,-0.7664214163839009,-0.7317716202940405,-0.7097405152369488,-0.6970127359333596,-0.6959469184318289,-0.7023472436630318,-0.702695430740864,-0.7081277118387121,-0.7073974559444948,-0.6874537427489564,-0.6869943675982695,-0.6731448420380465,-0.6497202889740253,-0.6512218269951147,-0.6434343842276968,-0.626143151133814,-0.5899752038653304,-0.5184629604752594,-0.48352851971155564,-0.450550240616354,-0.43156069777258493,-0.3965618348529649,-0.37116930592648417,-0.37186546171956836,-0.36652123198025066,-0.36066321748566565,-0.33198340716506247,-0.32539132605111076,-0.30660317248572755,-0.29493549470255387
-0.5652891461995102,-0.5891516553625251,-0.6070160549616208,-0.6074252031011884,-0.6303336822299066,-0.6372850310952181,-0.6556891763002552,-0.6774628033756647,-0.7038491639811031,-0.7217753901430363,-0.7829134045184221,-0.7919617262202164,-0.8010613964288419,-0.8365470650935566,-0.8266850906101267,-0.771803153907199,-0.794792790936941,-0.7758535896088143,-0.7532133810464611,-0.7352554696967453,-0.7170809272437854,-0.7006475474759251,-0.6929092986310812,-0.6967989054174951,-0.6955508566945777,-0.6727599786187332,-0.6698620270228509,-0.6713381287228264,-0.6648961605218685,-0.6617300427481048,-0.6500863673811469,-0.6546153677250921,-0.648060819606732,-0.6485289837552723,-0.6356794362379785,-0.6259686677483114,-0.6098365550577848,-0.5946717145878553,-0.5790819460727221,-0.5661680939498075,-0.5011550987630523,-0.47642241833690474,-0.45968400787798175,-0.44195208955095705,-0.4227062751317448,-0.43045062658275407,-0.4284893892591303,-0.4148028288256515,-0.41959369515634115
-0.6380483562429338,-0.6535010977683522,-0.6634773228235187,-0.6644740423172736,-0.6877726863289674,-0.6935429297375547,-0.709669184763067,-0.7355509355629258,-0.7524597465691831,-0.7773888038906512,-0.8009220961109783,-0.8153654932892205,-0.8233594889958283,-0.8296139135301258,-0.8183730768945213,-0.8020724966132471,-0.8017231846294534,-0.7715768523293479,-0.748528415369851,-0.7454406876302683,-0.7240710899668263,-0.7059241770567292,-0.7132823089354416,-0.7219530969451973,-0.7266626576091039,-0.7063159613454457,-0.6942887864814936,-0.6913571459019872,-0.6861219009367611,-0.6816610696520328,-0.6750475122363025,-0.6622302871980053,-0.6676809181578403,-0.6686461811530487,-0.6734131039775444,-0.6879318195992558,-0.6896181032231326,-0.6331290664935738,-0.6036187314364214,-0.542727248301552,-0.5214229181704831,-0.526523191130695,-0.519537725138487,-0.5031676133432178,-0.48271189856106034,-0.4757596332720522,-0.47179609866602035,-0.46323463217958527,-0.4614505232043933
-0.667451579754685,-0.6954245825468873,-0.7050086058627278,-0.7073144374196638,-0.7392333810986726,-0.7503625388986325,-0.7637617747149148,-0.8064526268179962,-0.8127785406188567,-0.8114237081185351,-0.8523356388829313,-0.8501459640649491,-0.828788180947499,-0.8344176489893516,-0.8316299441210038,-0.8167251884086631,-0.8096736554405424,-0.8074400145106183,-0.7843981498973926,-0.7749203852563239,-0.7669039163284621,-0.7442794602727214,-0.7393089623977454,-0.7421208827434232,-0.7330674354535328,-0.6990391356175127,-0.7051872043268855,-0.7132411114524846,-0.6936837059238327,-0.6957005153773973,-0.7036894452729741,-0.7100412438631806,-0.7094406243962331,-0.7126926187188152,-0.7292536877349319,-0.7158529915287766,-0.6965227226234559,-0.6791186046552043,-0.6650710651316305,-0.6306432476437821,-0.5893531352084299,-0.5707153865292072,-0.5336659508716733,-0.5158506630466942,-0.5161779695777464,-0.49962039388693574,-0.4893167210029016,-0.4733025684945465,-0.46257368152354605
