jsons/1312790400.json
{"header": {"parameterUnit": "m", "parameterNumber": 3, "dx": 0.1, "dy": 0.5, "parameterNumberName": "Northward wave", "la1": 40.97354507446295, "la2": 16.46031188964855, "parameterCategory": 2, "lo2": 133.9931640625001, "nx": 191, "ny": 50, "refTime": "2011-08-05 8:00:00", "lo1": 114.97908020019554}, "data":
[rows 22 to 43 of 50, columns 100 to 149 of 191]
1.0122414555315211,0.9621617669694313,0.8106138611233832,0.7707445188023335,0.7297937751467545,0.6587815723400312,0.6356544508820239,0.6158142891558792,0.6052664650114092,0.6094201753218391,0.6080685628876289,0.6108090615486139,0.5844163622533981,0.5830039401080627,0.5710406940672985,0.5607119135876089,0.557247673764366,0.5402936918265188,0.5199698848013847,0.5207035533685338,0.5016282464156727,0.44319481927120297,0.4297795329337968,0.40170233007224737,0.403709238741629,0.4247538441193927,0.44639763567960383,0.48547301175852187,0.5511780696024491,0.5753833681114476,0.6044676592237734,0.6510998033088198,0.6839961637384078,0.7155054559075015,0.7469537633051807,0.7679475477762823,0.7939447295354249,0.8462526871032009,0.8756129875491337,0.9150216860382142,0.9754245024841035,1.0069469358284815,1.0571185255252031,1.109837409978543,1.139784577586117,1.1483320170125881,1.1493915064391858,1.1461173721690616,1.1575786329892872,1.140052010536531
1.0918192989670272,1.058104083042297,0.9048849845051841,0.8827866223208509,0.8458085318586143,0.8070428508347507,0.7653382487223204,0.7431779492290479,0.6827829206554322,0.6714398914491355,0.655746900042297,0.6199451180311494,0.5755439488397796,0.5469265762694735,0.5209703953002848,0.4943114655712273,0.5006442917168102,0.5219135535279281,0.48061984696563903,0.4647602489353272,0.4608023463276002,0.40915073298993376,0.48040289957162036,0.5481728913297651,0.5211824845528449,0.5401061652555642,0.5554835106129784,0.5799110885373113,0.6227936086079235,0.652702823184572,0.6677594401971696,0.7137063195013076,0.7352973281039423,0.7524098642485655,0.8512420053348853,0.8716112861360455,0.8986275734750623,0.9860716684521101,1.011378350433624,1.0476689196990439,1.1230894223865926,1.1592790049631099,1.1840513857472454,1.2073684334115535,1.238189555078952,1.2555640128152346,1.258936166453501,1.25301788975562,1.2513674158949064,1.2524370957674928
1.0745202835408494,1.1070511433027328,1.0713154348134852,1.0519870342889486,1.0209008005708051,0.9427908277117534,0.8932119546100882,0.8691422064040989,0.8137138751132102,0.7822559863214804,0.761083063636137,0.7528593073389588,0.7254062928559123,0.7056944735101702,0.6778798873238036,0.6606304077113996,0.6460124540461756,0.6361930948023088,0.6223297873356026,0.6332732017683153,0.6512359953535132,0.6469030250631237,0.6611810197374757,0.6824692010109386,0.7268518559177103,0.7078746652467917,0.7131753022031002,0.7224901249206284,0.7453737183803616,0.7775331958011634,0.7826359451501539,0.7940062183241552,0.8444499130543056,0.887960048333189,0.9647162340893116,1.0113321868221357,1.0356365517669608,1.1271831404940946,1.1535978358711851,1.1943357430973491,1.2577527130393535,1.2838508811891454,1.3006545599142838,1.339993381563492,1.3321582475661022,1.354930364787858,1.3617561164679353,1.3520916609094984,1.350287805894851,1.3432622502933713
1.0882966809886567,1.0838260902048062,1.0665820545526032,1.0600748054125668,1.0450521653316984,1.015647472239653,0.9954097357790351,0.9878032232554814,0.9020741111859154,0.8706583153770322,0.8748995294934,0.8318960775126054,0.785954980511344,0.7294541165032068,0.7541571956333192,0.7665252947670076,0.782899004636736,0.7911738501359612,0.7650868532880964,0.7512809273857621,0.7260887054287192,0.7603055408133895,0.7555094446646994,0.7474399667923414,0.806579413641261,0.8301488982436607,0.874627660971287,0.9073445434064445,0.9226121868804499,0.9351446225779609,0.9395109258975592,0.9900973329712364,1.0023763023283303,1.0204151151513534,1.0017820962253183,1.0322050163166383,1.0749075560237875,1.1456518510659166,1.1836419103871239,1.2256186323452365,1.2437985126673174,0.13941947138855967,-0.05924754628884704,1.23368887938371,1.1200213754639898,0.9624675237819421,-0.8393484637969622,-0.8340883354867631,-0.43066838520773626,0.2650743214942177
1.0385018131983412,1.0635924414025373,1.0637638634835016,1.0627695298409192,1.067976544779877,1.0686423455864345,1.0631312146431602,1.0624925815968829,1.025416715011249,1.0124334866410158,0.986320463348385,0.9710116386267837,0.941179132888602,0.9257387452959909,0.9015483677283913,0.873277120463141,0.8667695843145699,0.8456989203499796,0.7629224021936205,0.7725339760005252,0.768855230222315,0.7672577648902995,0.7788367740786748,0.7944274623083842,0.8549748353399654,0.864434278945025,0.8860308833986035,0.904180879492972,0.9191630798009397,0.9524778246148626,0.9819271858907357,0.995861044578902,1.0377426463301775,1.071264842466283,1.1371747040412827,1.1893074533131442,1.221667438406042,1.172035493908819,1.0052142067243346,1.127425666484453,1.0795759220954833,1.1812724131241439,1.262819536550508,1.228051133510765,1.191363557565597,1.191173236009868,1.1053382463570327,1.117665235536504,0.994571872664226,0.9568606090076833
-1.046669645925004,0.8362068179134832,1.0132832451828397,1.0513002100866842,1.050771682134365,1.0464611690221357,1.0439389228958733,1.0438462281927463,1.0244678830029097,1.0123201318804003,1.0012451105057434,0.9839710236497022,0.9535925147113096,0.9572514104245006,0.9473904135042324,0.887643579478695,0.8908652962412474,0.8699251164134697,0.8840685677009364,0.8921846166622183,0.9003193996937289,0.9051356740319453,0.9019680416042186,0.9155765127018424,0.9109864721375869,0.9338253547513443,0.9614100272218419,0.9737686521484074,0.9812304137762676,0.9929895519909805,0.9766636955846677,0.9964561627671767,1.02386318190482,1.052907604542477,1.0833401326558265,1.077047627753736,1.0804156427247609,1.0764850068279435,1.1001757851032754,1.1265018507231115,1.1457529506153425,1.1561358937205504,1.149006203630359,1.09755125846213,1.1005545212958372,1.0766573313801742,1.0918469675349796,1.105828997111747,1.1370134832221457,1.155334185267076
1.026105547034159,1.0093311759284433,1.036078129060415,1.034194693432215,1.0314973355261892,1.0194374493464105,1.006065560872984,1.0091987409463825,1.0238416445282132,0.9949483169378016,0.9849153689937857,0.9676070917455911,0.9430131522942354,0.9433777789085679,0.9359610802361239,0.9290701481491626,0.921201454680221,0.9251371034658299,0.9317986770644856,0.9494130566822873,0.9613221216554165,0.9842850396698453,0.9980699314129466,1.0134869606781345,1.0317269931637971,1.036841599818112,1.048628265688299,1.0821727888244828,1.0997657424445928,0.6604298736728004,-1.1021553193646272,-0.35403023220992397,-1.0665092331224721,-0.826519255868985,0.7434982779321558,1.0910914425499156,1.1483278423389132,1.1648525732163846,1.179513190269666,1.1752036518119782,1.1654606280324962,1.1630046564869478,1.1782996273059538,1.1876802371250619,1.2019524385153677,1.2161875038000614,1.222879221082647,1.2378607821786731,1.2484229942256067,1.2579394396388273
1.031288223245317,1.0335397896983713,1.0326315073726078,1.0330575776018558,1.0351169399051785,1.0300744156861912,1.0215982783920705,1.0177248170128932,1.0113874895465496,1.0038335283576463,0.9948849326725221,0.988438522394065,0.9781549645015105,0.9689055583222634,0.961439957990716,0.948980983497922,0.9597850286960989,0.9803498461036233,0.9854494454463363,0.9965061102133751,1.0051822799192114,1.027146310088815,1.0507205258068997,1.0744941098487808,1.0808737449872703,0.7516442049067612,-1.1239154389737929,0.9845791565210172,-0.6990347543702505,-0.7846931387062446,-0.5081689531605351,-0.34837750271451756,-0.33107035944866703,-0.3106661382666838,-0.265741018605592,-0.2662858250667807,-0.17376600560112346,0.011373100603183143,0.17909769033660292,0.2953165382472555,0.6873146035173203,0.8833389874728139,0.9440173713248349,1.023141331454947,1.079854926093014,1.1116433210088057,1.1435003152061323,1.1839908593268944,1.2070441786054829,1.230595404394973
0.9434117355753089,0.9857826727944783,1.0215260524070873,1.0317536002147287,1.0415426571719597,1.033792814541976,1.0309238555225848,1.0288326050485344,1.017830470756129,1.0178485102290622,1.0219255983523146,1.0200589529379127,1.009149062676972,0.9994020454805174,0.9884791653928869,0.9702881493490948,0.9718098645169979,0.9776362632677378,0.9885196742882119,0.9970809105794819,1.0043467711900997,1.0175814185302097,1.0329409254513358,1.0501553090027178,1.0814990878222288,1.1014511406547773,1.0852062207726607,1.085942717220823,1.0067076453607993,0.899454192513001,0.7392887205472389,0.48988607241397114,0.47738056763586545,0.4744939704794913,0.45071415431894657,0.4455784953637743,0.38499593998022535,0.43854961331056164,0.42147429439350387,0.4322120386669079,0.44311928897943775,0.4947380390616207,0.5284497660189706,0.6405670282494217,0.6680191795645155,0.6977690683679824,0.7999978720738398,0.8799197488028258,0.9272065777733791,0.9799273541540963
1.0428044712644646,1.0202092327447712,0.9589439666665055,0.7222449478696793,0.40902970072840783,0.5110102072272275,0.8969989418232162,1.0135532590474716,1.0304223346118768,1.0337194974208441,1.0334051463566085,1.0320424833015944,1.0163060502531565,1.0226852583383108,1.024576955005,1.0268091352766326,1.0342967794184847,1.0384635040923413,1.0309215047123732,1.0349114322215105,1.0463860981195867,1.047349477436767,1.0484351360212476,1.0533585157488068,1.0644294250937076,1.0809136160014972,1.1071595057421584,1.1189986538854333,1.1402343619929356,1.163222394160989,1.1701261707498076,1.1802421587203835,1.1754227257360073,1.1807667856565411,1.168515494828536,1.1454269229401313,1.138663472377232,1.1102301710951625,1.0855714406791719,1.077033054183371,1.012426779594647,1.0074486714651485,0.9766808047387536,0.9350637448344936,0.9414540255983439,0.9114789297776404,0.91545293466272,0.9304343422459554,0.9231439828837648,0.9149615900824505
1.0458542255767938,0.9733696592277747,0.8853781650549519,0.5878350904589542,0.3608963057902516,0.365179802520812,-0.6683354205711429,1.0404345794133127,1.0497021200447498,1.0515202819710452,1.049976977773723,1.0455521187755659,1.0542497482920707,1.052024263052386,1.0573160830093598,1.062587869870408,1.0682900259709398,1.0669232948443914,1.0605381469964608,1.0568896888271453,1.059765439071642,1.0724211299366893,1.0791309089952206,1.0889938993523203,1.0952462290778286,1.1032685484377893,1.1351119812477872,1.150888964154459,1.153371920555149,1.119109098791595,0.8990616337393358,-0.6121170065297789,0.43228796780254725,0.9859782060517601,-0.10443412663342183,-1.1803352610463675,1.2270436217223042,-1.281841256254395,-1.1129301691971765,-0.24871134775281692,0.8690559178856498,1.113836759362322,1.1431756978778713,1.2056157381472465,1.2171879027063248,1.2245749407668105,1.2455972067550576,1.2224005618417895,1.2100593912884967,1.2084795039924352
0.9754513914277079,0.8720131609312736,0.9620662282134358,1.066048065360301,1.0237979782111521,1.035407652509275,1.0497359838211753,1.0663080193718755,1.071943453164571,1.0703960144572724,1.0723029851165826,1.0768738267020679,1.0821872900839984,1.0822667937284514,1.0677258279851793,1.090171382441869,1.0955078990485547,1.0945644658724425,1.0913598791801136,1.089096225305196,1.0902558787538652,1.0965011836644196,1.101567550786665,1.108058297702298,1.1214425226633853,1.1343870462438188,1.1213468260519486,1.1684641419303268,-1.1069955371815567,1.1794086693219157,0.7644781014175018,1.166460185758974,1.191622129858588,1.2212338393876396,1.2323084762441878,1.2445911305575978,1.2564115261447468,1.262871011984382,1.2274987999808369,1.255867318542702,1.1232165364707065,0.8028019919341891,1.0266740916199328,-0.23102360332730734,-1.1316240160941433,0.6794591332370279,1.232281989625104,0.9286619456167579,1.1083972281279533,1.2344071322646428
1.1119566672845054,1.124801057743492,1.1559141669957635,1.1555898921601984,1.102473598287622,0.5173990826131794,-0.7966358767080236,-1.125375247097215,0.8349705146601987,1.0920973474266713,0.9164669591582787,0.7765423741546852,0.891794338103882,0.8391745347617449,1.0514351462229383,1.0055082180902433,0.895029455264712,0.9165762832714952,0.15998550351051133,-0.999591273535219,-0.7547098958376974,0.5298155514921241,0.29393818310483755,-0.5439204155459864,0.2946809836285926,0.4420239875066023,0.4127512052180726,0.5656965131316458,-0.8720321783985189,0.7514976578793201,1.169846570892781,1.1767979875139398,1.2079105204234202,1.2118950911311908,1.215371382063634,1.2293401477101102,1.2423256199789745,1.2458840865069365,1.2441932745688824,1.2539994954876026,1.2546566502087384,1.262501400105609,1.2683130841550705,1.277131654971933,1.27770432877972,1.2810054918346971,1.095537011100698,0.8597978124180492,0.2733950284027996,-0.7230191152697975
1.0262436989502637,1.0571698840606527,1.1368201710722037,1.1391427487700527,1.1402932532346945,1.1650232099689402,1.1585114816556152,1.1612616617336957,1.1604444003616043,1.1608552460576684,1.151172892557225,1.1492244421780888,1.1523026954760736,1.1576022876452854,1.158777909147267,1.166034061279768,1.180382617912058,1.1848988131867615,1.1276826538997278,1.124949684215497,1.1370554416121923,1.1851100938396961,1.1867151377123633,1.1569133038579589,1.1465948231597418,1.0100124280158556,0.10587649088820644,0.07425031137487594,1.0179686446633982,1.1480339528907464,1.1545480045104766,1.207752029240265,1.2116694248206459,1.2128976964212146,1.214259733882443,1.225029516491739,1.2314071310669819,1.2350412575052843,1.2360443716499,1.2427852441598966,1.2520001255924695,1.2548493001295924,1.2553645655778436,1.2548665720584387,1.2562096355180268,1.2650700789654827,1.2684563403692504,1.269742036763208,1.2763337636481171,1.273897219676431
0.9471337922438212,0.9626645536573865,1.0150927885798504,1.0560051220816993,1.0646042651142218,1.1090164363057644,1.1207131947658957,1.123518816163455,1.142526434301924,1.1454881015739031,1.142584861931166,1.1417493364725235,1.153529449891823,1.1575978790292571,1.1636294971367946,1.1720182343017043,1.174579654585844,1.1695277101419044,1.1693977368706676,1.1709771996822593,1.176315508910127,1.1820703471072613,1.190541038958864,1.2184030617572525,1.229303776851664,1.2281328606504738,1.2231653718721829,1.2214435191365725,1.223216267483197,1.2169372298544525,1.2085356731386432,1.2080111329566139,1.2218676539975688,1.2255953374953115,1.2278451657626026,1.2342247061870295,1.2378789639803671,1.2413007710739183,1.2407855087314943,1.2423445576093002,1.2407652002393081,1.236729023974318,1.2327465196615375,1.2313883851605993,1.2303745927810645,1.2349925489349514,1.2424863624278777,1.2466476850672283,1.2452291399403357,1.2423573210065961
0.9713680300493528,0.9857191590238396,1.0280534093461526,1.0418172197987605,1.0554533235979109,1.130506804389377,1.1389332538809929,1.1596732640078977,1.1938650451111272,1.1927141606362586,1.1858171609424217,1.189648898084164,1.1984808771253435,1.1927189668231652,1.1897067498398246,1.1887783110493786,1.1953805352394802,1.1925807220228681,1.2012304518948855,1.2052788031103299,1.2137859196462442,1.2326514553418255,1.2385382897189974,1.2346905107288755,1.2321132195462465,1.2415725215843632,1.2403921414119181,1.2397715502481472,1.2440399074286088,1.2363141683308618,1.2375602800752008,1.2405056694773673,1.240244682279704,1.240688561027885,1.243890059169441,1.253496643265358,1.2514045171157846,1.2431161962445112,1.2391662896097722,1.2322388120005738,1.2246684561679875,1.2270430817028013,1.2380395610983093,1.2406835942023025,1.2417341200960883,1.2394314351214701,1.2400709672114152,1.240309100054141,1.2376935829991849,1.235211301269779
0.9702663625155028,0.9865543969224218,1.0235227016977586,1.0293300134272456,1.0416967886285655,1.084302942019544,1.121224717828394,1.1269414377922233,1.1603885743221451,1.1600374042672064,1.1657208994232497,1.1714864466876047,1.182300811939578,1.1928915327707532,1.2017874247614946,1.2283357807940565,1.2384479050377764,1.2277347506781877,1.2135608385511305,1.216506179357082,1.2174606026138042,1.2370190876654832,1.2485731450050372,1.2491307179765065,1.2657962455516067,1.2660387176525452,1.2755890796587033,1.2782938871314449,1.2709637811366492,1.2586771595763913,1.2538940943986545,1.2631704938397244,1.2572623711198916,1.2558604638928657,1.2540694531422631,1.252054999367725,1.2513322669237399,1.252128947597693,1.2514716093530753,1.2479299564178532,1.2458222509574497,1.24264786664119,1.2435686403482653,1.240424331610518,1.238589892806265,1.2385476661735477,1.2368842153072228,1.2328071077944982,1.2297769754479075,1.227527861982556
0.9901900216033496,1.0051188820220331,1.0301632330555657,1.0451919213921375,1.062995167799525,1.1126552939789012,1.118080435130784,1.12817128252939,1.1590423422823521,1.1716441501390944,1.1688744087069742,1.182629376203463,1.2110362784679338,1.2228119146051988,1.2360917666497215,1.2342973084022812,1.2269921652889924,1.2298046057774785,1.2405736265106813,1.2469403331449045,1.2637390051358641,1.2980598524638678,1.305342210043641,1.2975203542604101,1.297525253057385,1.2982282088481334,1.294319103826268,1.2919262372283762,1.290009978852425,1.282070521529469,1.280944305171436,1.2826266330849305,1.2749589351801085,1.2692480286976948,1.2711486353460908,1.26720392828152,1.2661431538883308,1.2639066332328128,1.2600050231058368,1.2588010309609208,1.2581588605713225,1.2540607618451367,1.2426589008974516,1.2383555053126372,1.2381706273049662,1.234702427899948,1.2272836636044935,1.2092541005402313,1.1979212789051144,1.1884328443958112
1.0230000380029292,1.041940803696245,1.0702454926454235,1.0927381196787052,1.1004868737731954,1.1220679494221588,1.1423719421865788,1.1607995787095728,1.174121636590366,1.2132734196545893,1.2342622386436157,1.2565020493369707,1.2677924977631998,1.2709632616233633,1.2757682527964744,1.2799538285984526,1.272918466603072,1.2709716510886744,1.276853016259734,1.2837900541960836,1.2880207664929357,1.2870107802551476,1.2921820317434012,1.309931732106853,1.322775001962273,1.3263570545877983,1.3254779575923397,1.3227404743185676,1.3173453069889152,1.3105032029480053,1.3094725119832764,1.311824615671878,1.2998184523826448,1.2949852400371453,1.2909484207116242,1.2868094174075244,1.2820039057330475,1.278671816184038,1.2730146546957573,1.2639514915216838,1.2571722233142262,1.2510087390466833,1.2421471088136387,1.224191820041162,1.2138967794347042,1.195974892646842,1.1934228845845585,1.1818084864076304,1.1610490703440595,1.1394881510150516
1.0540380878654751,1.0815155236200058,1.0960243494160335,1.1123560565243018,1.1331794490637557,1.1937138012116908,1.2478662444941766,1.286710990492463,1.2755277520244197,1.2716900429182765,1.2619171641577738,1.2732737676924193,1.3130627980434604,1.3108002596928245,1.3090231329075717,1.3298440240923612,1.332698790366612,1.3408050286046937,1.356732853997404,1.3540956675076041,1.3458733872166817,1.354314190295484,1.3630319629967362,1.3614642036869335,1.366806758343597,1.3581128056551626,1.347215560224225,1.3388432891903406,1.32723959163586,1.3212572506668334,1.3223332293584442,1.323706359698949,1.3159988607138824,1.3072449397088177,1.2969087704069402,1.2884956741206341,1.28512425641929,1.267246662052052,1.2560695610182093,1.239580259358795,1.2265895634272344,1.2174422877212847,1.1963322405149457,1.1810377788911381,1.1631236061066623,1.1187244400644396,1.085674047693248,1.087895255274552,0,0
1.0567398640159114,1.0679115806979538,1.0876679543930214,1.1045620720549427,1.1502377503709993,1.193331155037693,1.194620598916899,1.1899586951285508,1.1694524808395448,1.2080499398820028,1.249340537376765,1.2763876183906009,1.3218909494160722,1.3372656943233023,1.3579407478887666,1.3735630794109874,1.37701390970809,1.3826707582103317,1.3869266167671441,1.3928616957170554,1.3928254425025346,1.392077302953273,1.3842942985586086,1.3692059614545558,1.3616264440798593,1.3570181634054264,1.3512892075906706,1.34042331274498,1.3257368109178458,1.3222823542347948,1.3211674913375253,1.318885980702619,1.302126003777011,1.2932004807012283,1.2795980249695758,1.2637579954634275,1.2609646036029125,1.2473300590400225,1.230358458038115,1.2074281084867546,1.187966854597568,1.1681629658297894,-2.891804027648906e+38,0,0,0,0,0,0,0
1.032484850045405,1.0502614772721053,1.0981127297977282,1.1146832644568483,1.1237452086165634,1.1594888084970472,1.177320234797953,1.1965129702041033,1.2447585490542639,1.2638742851108198,1.281208430350851,1.2811097549474837,1.2834694551523753,1.2878821064829877,1.3218063376414455,1.3586036171339992,1.3645961011915955,1.3725769501096718,1.4021924702915147,1.413387410196437,1.395954433529934,1.359203268943875,1.3435833487593896,1.3284195747405028,1.3195493649241004,1.2977023611586322,1.2845428478936742,1.2798181181503288,1.2795741668880447,1.28941366741919,1.2962571141682366,1.2746604758133269,1.2393862773828577,1.2233986494659719,1.1917411999617578,1.1725374639391093,1.16901142656451,0.33805846683380364,0,0,0,0,0,0,0,0,0,0,0,0
