jsons/1312513200.json
{"header": {"parameterUnit": "m", "parameterNumber": 2, "dx": 0.1, "dy": 0.5, "parameterNumberName": "Eastward wave", "la1": 40.97354507446295, "la2": 16.46031188964855, "parameterCategory": 2, "lo2": 133.9931640625001, "nx": 191, "ny": 50, "refTime": "2011-08-05 8:00:00", "lo1": 114.97908020019554}, "data":
[rows 22 to 43 of 50, columns 50 to 99 of 191]
0,0,0,0,0,0,0,0,0,0,0,0,0,0,0,0,0,0,-0.32039586264452147,-0.20697904295658479,-0.2932580044421534,-0.1021381422504694,-0.07646888418989015,-0.2699604679288078,-0.12656303624466975,-0.2642559454875486,-0.287742791938496,-0.24207383709519484,-0.2838157184513046,-0.30855891814784875,-0.30666249853375155,-0.3026279228677789,-0.3138331090525957,-0.3336683748109603,-0.3438281149392295,-0.36768772770322045,-0.34779093075419887,-0.3350473119034618,-0.30770587452122905,-0.2602631529961474,-0.24184093711864701,-0.22195008326971524,-0.21657905222385726,-0.19245519111393275,-0.19029975228891421,-0.18783688120470826,-0.16558012245720932,-0.169563685744831,-0.170504532442914,-0.1654632808293977
0,0,0,0,0,0,0,0,0,0,0,0,0,0,0,-0.1767443703083313,0,0,0,0,-0.22848460055430472,-0.2963739702762188,-0.3310301490881875,-0.310197010240849,-0.3449762202790967,-0.3627544220377979,-0.375821991718427,-0.41634873043461956,-0.4395676249806298,-0.45755477419714,-0.48892846306313315,-0.5117070968216273,-0.5158276601286834,-0.5033345670928079,-0.4852484645325348,-0.47586624427586927,-0.4701124766122888,-0.4838353213423315,-0.4818828478325751,-0.47119735996428586,-0.46483504776190454,-0.43851425019558055,-0.4498272146608997,-0.4227580451613422,-0.4266832343078477,-0.41836315249744593,-0.3990410353421938,-0.3988493096940336,-0.4005502053224523,-0.4199471250820657
0,0,0,0,0,0,0,0,0,0,0,0,0,0,0,0,0,0,-0.3354257203598188,-0.37676515013089473,-0.35221120991260907,-0.3543590667147389,-0.3759175116755108,-0.3749186815299484,-0.40636484818933993,-0.4399067949969059,-0.4581536770454409,-0.49916958836891107,-0.5219421563889451,-0.5359537386093702,-0.5965383073125289,-0.6198087864023957,-0.6359715590597783,-0.6629805473440253,-0.6833426155960163,-0.7021267770357827,-0.7096611916299822,-0.7311379761896788,-0.7877356026426137,-0.7807252493249784,-0.7770535683278832,-0.8068509911672376,-0.7664636372355735,-0.7375799700353636,-0.7502775437408585,-0.7349084602712258,-0.7240689951532271,-0.7115566713386534,-0.7139510336743279,-0.7130864455081191
0,0,0,0,0,0,0,0,0,0,0,0,0,0,0,3.3038944722661223e+38,-0.4072934098881606,-0.3297706632557305,-0.39132004441127,-0.46658673748330337,-0.46899152870487015,-0.48151043254025383,-0.5114857117545308,-0.5299094346297669,-0.5538706378937215,-0.5614860900462404,-0.5821261269051892,-0.6243030328100918,-0.6554172412465444,-0.6903320843583908,-0.7472815000868369,-0.7927413918956298,-0.8191134426525701,-0.8325646370467044,-0.8672374292116568,-0.8950861082190908,-0.9195990376805898,-0.941052894798304,-0.9627093828990924,-0.9905120544826891,-0.996551811618687,-1.030192574845418,-1.0431048659452486,-1.0495078229604937,-1.0753939056699118,-1.0777548753399948,-1.093737413128072,-1.1314514044144426,-1.1399471287621905,-1.1373431340506133
0,0,0,0,0,0,0,0,-0.16034441474083136,-0.2029589341294282,-0.2772649120142055,-0.38315218190279765,-0.45922079899301804,-0.4556411328223973,-0.40692440455597895,-0.42044814835537814,-0.46234761165282195,-0.47631354816647475,-0.5088495049505255,-0.5651300945063316,-0.578911314245912,-0.599161719022331,-0.639765045711293,-0.6663559012364236,-0.7015242353061244,-0.7509613078228716,-0.7873829189094513,-0.8332149437982715,-0.886129856318026,-0.9240214039392549,-0.9821760879691672,-1.033016810294689,-1.057158877217884,-1.0927523568461852,-1.1210109912672894,-1.2066256779576328,-1.233180694980823,-1.2515658497893687,-1.3246015226350705,-1.3308244397079156,-1.350605163556367,-1.4157332678030587,-1.4391932810178234,-1.4646327800532015,-1.5417891234576988,-1.5528291529276488,-1.5747502599356449,-1.639120281951443,-1.654039391981831,-1.6920359727243173
0,0,0,0,0,0,0,-0.3029939638695905,-0.4090079651501013,-0.5031649070275362,-0.5242235880590743,-0.5441734552526714,-0.5901367827382235,-0.6187486147560259,-0.6522631302661027,-0.6621093584163508,-0.7134312078115652,-0.7048767424910739,-0.7223903008705708,-0.7647648836085095,-0.8188716771877261,-0.866446594498451,-0.9078036104788232,-0.9397875106522101,-1.0036772991464034,-1.069190489911131,-1.1160252557195292,-1.1697925606225137,-1.2450961172848176,-1.2791537374335729,-1.3435880437130734,-1.3994121679679488,-1.4449199062491191,-1.4775642763037062,-1.5212663770190435,-1.5885188263921126,-1.635307579195114,-1.6721093056125225,-1.7361960119431177,-1.7668841375137645,-1.7879499521614957,-1.8684838530065995,-1.9298493705971802,-1.9798401510186814,-2.0789704649488248,-2.1000044263846727,-2.1452818982064827,-2.2650412448664707,-2.3028924574419087,-2.3162828868760346
0,0,-0.4059620984888518,-0.35287844354643993,-0.40542994031833907,-0.43268060846210393,-0.5257205890257302,-0.5609560933043501,-0.6085132458591197,-0.6520867600044923,-0.6784477299157274,-0.7061737677196372,-0.7537744822207271,-0.7814898277632845,-0.8134898876579723,-0.8417313473301794,-0.8945813240004339,-0.956303789941512,-0.9910343576754231,-1.0400474672108202,-1.0869506354502678,-1.1189250612860568,-1.1726353809685055,-1.2084793188799705,-1.2832042229253628,-1.3615467351789863,-1.3887216812388627,-1.4809239613896494,-1.566305401566787,-1.6093443365642295,-1.6626820922828014,-1.7557952846875473,-1.7937049836750125,-1.8570832498160914,-1.8955833626090624,-2.021339164868869,-2.0434410945935975,-2.0775030727757793,-2.1719643063252403,-2.240690520181132,-2.261517433294534,-2.429025025761711,-2.4585429393321987,-2.5046936416278816,-2.629439966170131,-2.698355759085612,-2.799869050495376,-2.9896616298748184,-3.080244740611285,-3.037839130570915
-0.4030843587396018,-0.4556256403665863,-0.5150255142324056,-0.5927142950477006,-0.6350646732475438,-0.6805349028498601,-0.7449881901872306,-0.8887641852127949,-0.8747554549888197,-0.8520149704477914,-0.8495354230116705,-0.855231244912899,-0.8806636817486074,-0.9133210968935158,-0.947642905806273,-0.993258447132243,-1.0378098776472677,-1.1029121526089671,-1.1435639000365645,-1.2141053117070362,-1.2757151709284913,-1.331395274744957,-1.4143634277641464,-1.4541906620677174,-1.5218623039095773,-1.6002523762314163,-1.641365306512826,-1.7181541697010745,-1.8198545768212449,-1.878067388306885,-1.9558185321254709,-2.057328066739064,-2.0973521684189724,-2.180118630026695,-2.247604370815562,-2.364637890694409,-2.4373007301925322,-2.4634149951329505,-2.583255705278312,-2.6515740295252015,-2.712582296405514,-2.8898988084696846,-2.9847029527224405,-3.1153749256507823,-3.284229833824573,-3.406139747559981,-3.516297991165068,-3.720227346940787,-3.809429626833345,-3.8862229844335565
-0.637110858163613,-0.6466801553528659,-0.670352986887678,-0.7238088557974854,-0.749934043061061,-0.7765335109862886,-0.8190560593720995,-0.8231722607224141,-0.8556076052373539,-0.9080030422138755,-0.9380942826583472,-0.9668084750582089,-1.0252377584028207,-1.0619596678766685,-1.1246368191222176,-1.1562289516586393,-1.2102194771441128,-1.267085188060092,-1.3204354464023023,-1.3910451298058426,-1.4682882016158718,-1.5178564238591896,-1.6089912280014302,-1.6639709447859663,-1.7308385957306276,-1.8360374896833678,-1.8928435332742617,-1.9807485606635258,-2.0903160677104484,-2.1450550088234452,-2.240922864241423,-2.365846188038203,-2.4188050196081265,-2.5335266444301583,-2.5957124498804394,-2.7283405489984105,-2.8565514224729975,-2.8921536865561923,-3.085981920613113,-3.208382557360811,-3.2439290988024263,-3.48020645632342,-3.6364646511716656,-3.793121574411035,-4.021995538019412,-4.159780595722386,-4.318230734327094,-4.604277964728262,-4.704961456819683,-4.854261001476312
-0.712042657020062,-0.7264242993372502,-0.7798450472262262,-0.8464221964825089,-0.8733944080749655,-0.8893728686819637,-0.934162016762467,-0.9745333137750686,-0.9891154648281204,-1.0563993842677917,-1.1101179470262192,-1.179852645160159,-1.2361131112297927,-1.274293624580039,-1.291759650146753,-1.348071751470483,-1.3959281047110172,-1.4579569150259215,-1.5007089290032205,-1.5965312974836257,-1.6622797512835055,-1.725490598495361,-1.8078316773594894,-1.8850015248069245,-1.9574156302996855,-2.05260121262233,-2.118990747498807,-2.183828898315798,-2.271916737486773,-2.3202595730392503,-2.405546518902241,-2.47926702500374,-2.5578309768930163,-2.6178371632472666,-2.6758919144103523,-2.872729577017563,-3.0155342086753216,-3.109599235678288,-3.346605879424,-3.395716352521472,-3.58290504793213,-3.8727859086379777,-4.033378862280029,-4.148145977976387,-4.43647604975415,-4.609738129960938,-4.769980418915029,-5.085764612193746,-5.264321685551981,-5.3944679638712465
-0.8217793761985643,-0.8484705551207716,-0.8681972870835287,-0.90985461457625,-0.9275194675654185,-0.9481185330767791,-0.9655777913319327,-0.9833955869222284,-0.9783953777920541,-0.9528347520622731,-0.9181301324965173,0,0,0,0,0,0,0,0,0,-1.3432901906340515,-1.5154671253697103,-1.6459491225534382,-1.7120373015270143,-1.764098524614969,-1.8436541401279705,-1.9153659164153993,-1.9475431957509666,-2.010745789078401,-2.0283062604437045,-2.042208772241667,-2.1613332325779524,-2.265323624315932,-2.369968742653735,-2.508854691617654,-2.765616929082772,-2.8963901733668727,-2.999632981248722,-3.301675103194879,-3.497443452198368,-3.6467035763957596,-3.9622422195200486,-4.122988599637702,-4.255687529556508,-4.614627857112203,-4.71766819275218,-4.862718300655263,-5.200442057504297,-5.320595985039062,-5.494577887735783
-0.6853208868578519,-0.675449447155444,-0.6655475003952889,-0.6733206099904225,-0.6623183151080909,-0.6497303317539727,-0.6121535111537426,0,0,0,0,0,0,0,0,0,0,0,0,-1.0649472838295724,-1.1734677132337294,-1.2787050752348739,-1.421999026236883,-1.4652528630588957,-1.529243947409653,-1.6137007298367732,-1.6597246889641177,-1.6881555849027157,-1.765264462460997,-1.7887703826908048,-1.8237126148649603,-1.937260997998845,-1.9994881174591095,-2.048221780670808,-2.161744745806564,-2.369888972633843,-2.530125748492854,-2.6383916198981097,-2.7828710263718524,-2.938211696444345,-3.0889527418133547,-3.03157565981035,-2.885878023463328,-1.9262673798120318,-3.876248694704317,-4.205188821981744,-4.372358456079534,-4.692077842084635,-4.820647479134536,-4.93139169551623
-0.5247586434481976,-0.5145747462610686,-0.5130088157926161,-0.5075771229072208,0,0,0,0,0,0,0,0,0,0,0,0,0,-0.8138230590729838,-0.9859143077450948,-1.1701483399101298,-1.204514418583448,-1.2520627142854914,-1.3387964478318717,-1.3776540069902514,-1.4029680384141543,-1.4701719395890107,-1.4860232186787259,-1.524689181450493,-1.5903717291237296,-1.6094671310657742,-1.5994956616566498,-1.6974583883653758,-1.7918464381551091,-1.859652167418555,-1.91678603055316,-2.112145939004506,-2.200584621273005,-2.272176922615491,-2.3824152804742766,-2.625966791247969,-2.807308160094511,-3.2910008186792115,-3.4517549038926854,-3.6472439011233706,-3.971257440706539,-4.147195201487499,-4.2819194300839305,-4.6775341933704295,-4.916753686317339,-5.1142499869436655
-0.42777365693763975,-0.36667432695876023,0,0,0,0,0,0,0,0,0,0,0,0,0,0,-0.9434924348843979,-1.0154878575239115,-1.1190589558955037,-1.193317535614725,-1.2129262500892046,-1.2381643633815507,-1.298321740809195,-1.3350329777605503,-1.3610036257764442,-1.4428416684326268,-1.467072279617983,-1.5076472745472314,-1.5822719124102478,-1.61951371093382,-1.669627087561861,-1.851105055679719,-1.9543546768444477,-2.153789960118963,-2.244719092044028,-2.4910050353909496,-2.5837536832918335,-2.779412160788876,-3.074636935039171,-3.188428804660956,-3.366201150500274,-3.629551891965969,-3.726036691081924,-3.8621802716511393,-4.1140451779973715,-4.249036205005968,-4.332237465970367,-4.626889475540386,-4.732828582933607,-4.864063469127563
-0.3725035386597263,-0.18233219420791272,0,0,0,0,0,0,0,0,0,0,0,0,-0.784040661632058,-0.9159568586818063,-1.078718309218008,-1.1427024458546273,-1.191384439517177,-1.253344372708854,-1.2803924654893826,-1.3068018161015755,-1.3809582435336236,-1.4274840844260699,-1.4592828658125003,-1.5702058409570887,-1.6375771497256886,-1.704289248224037,-1.8369406529341963,-1.8959397440762877,-2.000885179788795,-2.2228933720141155,-2.315987837567147,-2.4784157695671714,-2.5729033400331125,-2.813518438422654,-2.8985963595419406,-3.0068868003287816,-3.233191161437917,-3.3011507471130033,-3.4198757765795977,-3.605776011977043,-3.6778698877612483,-3.770680336377222,-3.953937824818254,-4.04540854820451,-4.107116864321549,-4.315977469027144,-4.381529772199512,-4.425584134903493
-0.3505704309768927,-0.3339039616985307,-0.31704017634150256,-0.27482562311063347,-0.3726802394546376,0,0,0,0,0,-0.583145180685045,-0.793994953909013,-0.9498110604971798,-1.0306131202421829,-1.0875151552136544,-1.138597645673262,-1.23255763200828,-1.2702390299575894,-1.3151104739769652,-1.3919324521003245,-1.4316100687834348,-1.4740195886516687,-1.5861743059230027,-1.6265176942278967,-1.698410718006543,-1.8318289307299447,-1.892086471202325,-1.9767883161357593,-2.1246846898082885,-2.190812126377198,-2.285426231300528,-2.447576804607809,-2.5379259590489927,-2.6239153323946605,-2.738352617323304,-2.878186808249253,-2.948313126771494,-2.995210668832005,-3.0922142250765754,-3.1853629770597203,-3.2304023191940128,-3.367794418851714,-3.4163203686428547,-3.511029106095825,-3.659944434540346,-3.7330069717032526,-3.722938183835354,-3.8137569070421797,-3.8584648644020243,-3.858193428662677
-0.33573991912551615,-0.3346880646014497,-0.33877938592179774,-0.35704143372822084,-0.35484703218181013,-0.37308715676918613,-0.365210939806665,-0.3885141225883277,0,-0.7752913140735461,-0.87437995134942,-0.9776935887435604,-1.092245995158768,-1.135009917360203,-1.1870972224738894,-1.2370555517073638,-1.345524351282453,-1.4043465657975267,-1.4369255691421314,-1.525961018057084,-1.5823173916604953,-1.6289451909091122,-1.7475798925095813,-1.8116276540204816,-1.8445251342255402,-1.962728966455747,-2.022464117204918,-2.0732480655993157,-2.208865875460806,-2.256547783820175,-2.349321028234486,-2.4950203051997386,-2.546650770609446,-2.6007590447677376,-2.6835459611313297,-2.761048043190606,-2.7976555833941337,-2.8217365144910227,-2.913787107806542,-2.955354173355866,-3.0020075231491674,-3.0793871503475234,-3.128043833263812,-3.112740035868757,-3.211311227539267,-3.23456493520157,-3.256606111181642,-3.332565650417095,-3.364348189903984,-3.3361970257653297
-0.560860557572099,-0.5993627837067187,-0.6275838580830667,-0.7168399937984743,-0.7576675241447597,-0.8364086262283671,-0.8981967288799666,-0.9341934748040577,-0.9636774573173074,-1.0417098960016022,-1.0685199088849016,-1.111322623475845,-1.2038898344854203,-1.2421983225063589,-1.2880308766207587,-1.347612315381571,-1.459694101854788,-1.5258500421164012,-1.5586835531999894,-1.6423828613912383,-1.7073615700642808,-1.7323081027611618,-1.8155890540078348,-1.8714250118570628,-1.9227715146567292,-2.0171055208040762,-2.048278483716843,-2.102490336610751,-2.2275507786692574,-2.2606022442959954,-2.3387769444686146,-2.416486589050607,-2.472048821435122,-2.502646618550743,-2.5388700085650506,-2.614069286574804,-2.6500955683049905,-2.688324446372914,-2.7503500215164602,-2.7653921633847363,-2.7794660325963387,-2.8534952047788837,-2.8764848610989033,-2.8946744787900274,-2.929400783736736,-2.9347294134436033,-2.939827146397759,-3.054814075487195,-3.07503049031378,-3.078615419754853
-0.7769760158123425,-0.8024532381292615,-0.817507848886912,-0.8924153426844027,-0.917435023498537,-0.9400851855072689,-1.0451562162978358,-1.0524501877745251,-1.0728222981093471,-1.1719205570819686,-1.2144987827988798,-1.2494593481800251,-1.3487576859943948,-1.3874886022013677,-1.4344377918843467,-1.4836564024484125,-1.5339112273565532,-1.5914455913045185,-1.617561924743121,-1.7021362255622114,-1.7299548071168633,-1.7661304538697271,-1.8300416032783093,-1.8746932935857812,-1.9303400536950404,-2.011619496569872,-2.0546908509232655,-2.1018858590591747,-2.1708617596268427,-2.2107634375645526,-2.258558443505211,-2.3074508618886957,-2.338261581897446,-2.379910722942792,-2.407603343749015,-2.467314913421147,-2.475535172661523,-2.50702085451597,-2.5558238655943755,-2.577768929036759,-2.602942657730156,-2.636033295150893,-2.674356124212052,-2.686986449182183,-2.7196075509874604,-2.721117895647379,-2.7325379946533137,-2.7926216641909725,-2.813911147753506,-2.840662598372
-0.8510354342117085,-0.8889493969608221,-0.8850406664344499,-0.9705633735514163,-0.9765335251361696,-1.0220943960840878,-1.0904452524964574,-1.1427879375577328,-1.1863711068190412,-1.274709497800575,-1.2936942633662272,-1.3325475352653158,-1.3921457363543877,-1.4289039844790086,-1.467450454797572,-1.493986977230372,-1.5561659220529678,-1.601583976254145,-1.6315636018981512,-1.699924534873702,-1.744270575535974,-1.7702783220357632,-1.8596180758221237,-1.8743416283943612,-1.9276589931895904,-1.9873206836213382,-2.0183320821018578,-2.064590963531867,-2.108747376766369,-2.146013889164239,-2.1645921625121765,-2.2130044353117175,-2.241696936600349,-2.277763760400958,-2.305444914161812,-2.336436328343093,-2.346112062742003,-2.374429448762066,-2.4188680825801305,-2.440832695803916,-2.464070198749042,-2.484122780923101,-2.512113252228686,-2.5331802127075473,-2.554298989166162,-2.576626370298043,-2.5686571392481303,-2.602201788824642,-2.6204152741476268,-2.6594583900489717
-0.9031642061109839,-0.9509571936313431,-0.98467545980637,-1.0596802084822192,-1.0769142213321734,-1.1111038443286938,-1.1765472028658126,-1.2034895443164235,-1.2477388244746075,-1.291181963589474,-1.3313392137899573,-1.3852664146854123,-1.416081078313467,-1.4577578850389286,-1.5056957394647097,-1.5134785739978958,-1.582211920249558,-1.6258076864457305,-1.64849424501811,-1.7094066745591439,-1.7542638464740135,-1.781884685860715,-1.8539648086658158,-1.8689148115296432,-1.900268922398432,-1.9435280410799647,-1.9616774618912065,-1.9932773935926165,-2.0226768594870035,-2.038872392900039,-2.0646329280539724,-2.0919471635908375,-2.112416317279074,-2.130586388172937,-2.156469658367827,-2.1817195662031956,-2.2070037509724165,-2.229496839663451,-2.2756014818972568,-2.279425931003672,-2.29846128298362,-2.3511738818741503,-2.3760528004898873,-2.3856798467707474,-2.4077843497841847,-2.427629008711008,-2.446817300118591,-2.4651806381830124,-2.4847031304057476,-2.5026871218303244
-0.9402802872894701,-0.9536301746159845,-0.9680860876120426,-1.0558079199607027,-1.0860910901744631,-1.10985089313681,-1.1901064531079606,-1.2094001958203013,-1.2486753905042771,-1.3127523708659343,-1.3271605467107983,-1.3765620405265957,-1.4726479246417354,-1.4838008574832056,-1.5053410902578774,-1.5523476566364338,-1.6060060437077577,-1.6311126544676475,-1.6605874565187462,-1.6984697393321622,-1.7295858218601876,-1.7479927793498815,-1.7765924871162553,-1.809614141491885,-1.841728193388095,-1.8654184197759065,-1.8879269750899828,-1.9230813491499386,-1.9296853375899772,-1.9511770330934501,-1.9863277978317133,-2.0145298319501994,-2.035198265868791,-2.054849104090744,-2.061763253342794,-2.0848912152461594,-2.0994684853497545,-2.0998542473625963,-2.1565726634210503,-2.1854057363200394,-2.1984246448097937,-2.2409983743741257,-2.2479851941785043,-2.2684626435916324,-2.321784858555176,-2.3229228879931014,-2.3245228400319373,-2.3422702848006516,-2.355956860587768,-2.3774059754916506
