jsons/1312682400.json
{"header": {"parameterUnit": "m", "parameterNumber": 3, "dx": 0.1, "dy": 0.5, "parameterNumberName": "Northward wave", "la1": 40.97354507446295, "la2": 16.46031188964855, "parameterCategory": 2, "lo2": 133.9931640625001, "nx": 191, "ny": 50, "refTime": "2011-08-05 8:00:00", "lo1": 114.97908020019554}, "data":
[rows 22 to 43 of 50, columns 50 to 99 of 191]
0,0,0,0,0,0,0,0,0,0,0,0,0,0,0,0,0,0,0.3261113966429508,0.29993941716025163,0.979703593402239,0.37818774057036403,0.751002457104557,0.9231924741283256,-2.3468457158764644,-1.7832379466123578,-1.4693038513626517,-1.0509137873849312,-0.9850702540708804,-0.9235660248312311,-0.7441829992898956,-0.5954526225546393,-0.5167456146070524,-0.43821909203298404,-0.44785788047387254,-0.6071017290684629,-0.30890852693375853,-0.21692226618562133,0.14433267729398935,1.1166118160306158,1.6724427230043284,2.0190896634256923,2.4813014843552974,3.509864358411245,2.534321988798073,2.910911837381269,1.8405138461585238,0.26534874007101206,0.2669547451041651,-0.3199512224237609
0,0,0,0,0,0,0,0,0,0,0,0,0,0,0,0.08811981436088857,0,0,0,0,-0.3038110633632892,-0.4429210237410828,-0.9558252557438611,-1.0529849238350537,-1.2276488804366852,-1.1846387815808874,-0.9936878047306232,-0.7691803844584124,-0.608689985256696,-0.45220608439277576,-0.2349778540443463,-0.05869107433286022,0.18984409100326455,0.8590421556644878,1.1077448583388383,1.4325358174404967,1.9807882676624677,2.209392439453461,2.3664709664829333,2.9099951694580657,3.130934914704758,3.278040112459987,3.487949954141974,3.9215262048147626,3.9787372487312305,3.176885399907733,4.175598538551894,2.974688984742348,3.8484126024067593,3.454194580816126
0,0,0,0,0,0,0,0,0,0,0,0,0,0,0,0,0,0,0.20770630116180527,0.2821425147064132,-0.3940540877697958,-0.583107824910075,-0.7339718508792559,-0.5843103590225968,-0.35937672620571365,-0.35953206694833995,-0.2735500265182472,-0.0746507089150487,0.07614809958659517,0.1911659055362037,0.6449241102521373,0.9242180430489461,1.089908149902773,1.6379975741214103,1.8603660266353532,2.1553385206710427,2.6035707210562267,2.948179226978266,3.0903788733510624,3.6036044821078668,3.70202007497098,3.7815003921883297,3.8986854687545143,4.121279803652211,4.106495918020039,3.675841025283776,-3.5122266233206267,4.084278863870144,3.437689722860193,3.960135040417014
0,0,0,0,0,0,0,0,0,0,0,0,0,0,0,-8.1454825486999445e+37,0.1585517197470457,-0.6165498517861834,-0.5998467189008871,-0.5689010039762228,-0.37186172351621355,-0.30847017879429744,-0.27548850753238946,-0.20382055042898986,0.054136997236828015,0.2329087233065982,0.4084665508893238,0.6407234400441559,0.7864729604604285,0.9416731220872572,1.351408976889539,1.5531381323114142,1.7330876318682806,2.086624440780087,2.3107840537898157,2.4980647598206103,2.9349081338628156,3.0960910889206468,3.3081230188638444,3.5326680803128396,3.613998498409605,3.7252720485871906,3.8483182027647844,3.9682630535945194,3.968136409675505,3.9834822491766766,3.6969011665104317,0.3287965565816706,1.7098080786786243,1.843556080856035
0,0,0,0,0,0,0,0,-0.15642027092857627,-0.4764493451374287,-0.2692378571020005,0.7002537727899433,0.9450370123997727,0.9957838393462758,0.7017700704040087,0.5012333920988922,0.3153225640514954,0.037064602188004246,0.04826280261021203,-0.039143057262499,-0.016886076163944545,0.14035585947288842,0.30849812036933005,0.4341600437689913,0.6305488718796678,0.7272753433304459,0.8045217934476573,0.9368776926013518,1.102007417505212,1.2260057226896448,1.4931913542508306,1.7451690248106781,1.8843567187597365,2.1484985163427317,2.321165408380798,2.5134945395918535,2.8483011137371146,2.9266290290983945,3.0559224316153064,3.2427579282402603,3.351981783469136,3.403025443123786,3.469958234936289,3.597069267237591,3.5827995888431308,3.6386474021186563,3.70710879587037,3.729092601259891,3.60535222835639,2.9184107394482366
0,0,0,0,0,0,0,-0.7244606783654683,-0.5614994091395692,-0.5289685244566538,-0.4113027471041632,-0.28567850587227517,-0.2980500072157514,-0.2825877613293566,-0.32399935459290913,-0.2840063713524773,-0.3138610610742047,-0.1427563673745728,-0.030570695788775738,0.13673770428612275,0.31954880058043683,0.3773009539902229,0.44128773131400606,0.4829991641467835,0.5812683896154307,0.6893900461459948,0.7886806403648314,1.0126271207569675,1.1785589205723892,1.3314186024885062,1.6120935853229241,1.7501903769684866,1.8503109462949827,2.1150461706857344,2.2514812855543194,2.392308536951615,2.5483632239100285,2.644462429466114,2.744716341619776,2.880414169549056,2.9546198072195438,3.0116302755012034,3.0881667865400035,3.2340629652167374,3.27369963084509,3.316114336157577,3.4118064815653915,3.426370462225341,3.4585390768567863,3.4792512272462623
0,0,0.1641526650932604,-1.0433937770659087,-1.2252438892813735,-1.1573926103940657,-1.1888379424098174,-1.0651197352812054,-0.8335308616779845,-0.821966856385157,-0.7567875110120537,-0.6252346418217121,-0.6016980700584704,-0.5327745310548468,-0.421919771488424,-0.3442351227101706,-0.23958773458347418,-0.0301364235696819,0.023106745022779422,0.09262317789584727,0.20229749996283575,0.30624690711911173,0.36857248684393784,0.43630519090156666,0.5892675876867544,0.7137319122262716,0.7462661400419045,0.8880144866799168,1.0644780861965206,1.178563522748505,1.3876585439411175,1.499302714926459,1.5679245428668391,1.8120916955821933,1.9073137840536298,1.9787961804289977,2.2115334772313013,2.3376610001217246,2.3877775103972376,2.499334278612484,2.6301327368652236,2.694082553330009,2.7878458531443226,2.927429080199534,2.961199557190902,3.0199276459484214,3.0851891586690527,3.1066729547248184,3.1160964301634984,3.1834196216042043
-1.1645294631031267,-1.2261990083798087,-1.2845587019218678,-1.3326345149922958,-1.1051157198408936,-1.0934566499888703,-1.1230613629405062,-1.074209096464779,-0.9180117344890191,-0.9266543017147449,-0.8972681628433209,-0.7842059258065404,-0.7363409735718187,-0.6089039213968606,-0.34393795282517226,-0.2428896058611301,-0.18166076460743666,-0.045243638394504015,0.019365980370375804,0.10062283004564407,0.21720423122906063,0.2717716758845146,0.34284023552673326,0.40410290111729075,0.548692674254721,0.6509655689125081,0.7212355671189676,0.8713700411488638,0.9538464636012284,1.0618628677152968,1.2456197452300524,1.3547549421357516,1.4260219764884645,1.6048465642173664,1.7380323575213814,1.819766688578116,1.978925094180846,2.085434059696949,2.1733374695609684,2.2975658025704093,2.3555426312253775,2.4661682544234043,2.5296169348291593,2.6823338575173064,2.73582991875787,2.7447380229318394,2.841567488229235,2.8643827751786057,2.870740219785029,2.9479032061837978
-1.4086273422407414,-1.2757090035197889,-1.2685255574304204,-1.2384497853742509,-1.1561186077630892,-1.1228652690150256,-1.123315943091057,-1.0678889818420736,-0.9538748812523151,-0.9296884047318521,-0.8512361519630864,-0.6625751948389655,-0.527223236291392,-0.4256348900890422,-0.25468781652996425,-0.22705167564799866,-0.14607876004931952,-0.09982963676937999,-0.039858890714108065,0.0059318649224516925,0.11831962113975912,0.1480632651498982,0.18028592521960787,0.18676390438833473,0.3843366252478648,0.46314749968970725,0.548001001484962,0.7360678255803987,0.824264808383754,0.8704567428333735,0.9893526541113788,1.0846291451443295,1.1451718353134184,1.2941627901278905,1.384744709214964,1.4639725100520278,1.655788962760396,1.7950814931450838,1.86378211656489,2.024216965980546,2.1535794986467236,2.186872017777356,2.2996048159240186,2.4219338374241657,2.4672725089182848,2.5164302656660067,2.5996197377991175,2.624433087782316,2.635795140811093,2.7049941378961173
-1.4553925827031344,-1.228105536049165,-1.1981413543785329,-1.1907476377354782,-1.0800516107885578,-1.0489731596781318,-1.0621390444322845,-1.0091030351971617,-0.8675924568536457,-0.8069247991955003,-0.7380062316263106,-0.6320917486725318,-0.554389816334971,-0.5244182125541815,-0.5147553578036148,-0.4961803726485593,-0.5047732099682115,-0.4102711682419903,-0.35223024113037016,-0.2705265729074478,-0.16193040755809723,-0.1122906700395999,-0.06877909374930868,0.0031958642244146692,0.15337633244114457,0.23348198326666264,0.3106798660230122,0.4689145667843705,0.5526788450006187,0.6060788467980016,0.6545556027498247,0.7135075945771109,0.7558575865703305,0.8961585403115391,1.0160692775204914,1.230754436163012,1.4841719881533315,1.6181662729803685,1.6927119029502342,1.8667739768746208,1.9633904917367742,2.0322694374930146,2.1187952661503666,2.2496738562969654,2.280247704772927,2.3575169044088047,2.460595873941227,2.4606312492303517,2.4645843549136703,2.50297758280752
-1.0359147829122428,-0.8756377204674165,-0.8254363452323777,-0.7811488848852604,-0.6176268675524653,-0.5290354329105099,-0.4493373781407015,-0.2665401495056365,0.024802428544022533,0.46575825295540374,0.6194690589215249,0,0,0,0,0,0,0,0,0,-1.1851166507069824,-1.053190741876301,-0.9838499160138475,-0.909889311605351,-0.7517524556931876,-0.6089011601498688,-0.49216623592984055,-0.31711257721581965,-0.30028526677097417,-0.24391870043957328,-0.1621173830620818,-0.00016914220525656988,0.1269446350214404,0.5945983781068266,0.7380600743201671,0.988553531267051,1.22759631398746,1.319030348899557,1.4657442092053907,1.6880832090029203,1.8046825265875654,1.8568053944348177,1.8594035572987486,1.9316886444958905,1.972652598977628,2.1022239852743403,2.2047734815193767,2.23929503413023,2.2736816651735716,2.3552035870584094
-0.4875210869659131,-0.3081586306690102,-0.174447301105522,-0.05731279156121983,0.3167521630144414,0.42398690445300313,0.6078211552867617,0,0,0,0,0,0,0,0,0,0,0,0,-1.8149537766656174,-1.5408532347955786,-1.4370598505890257,-1.3509004070511936,-1.2635658007438917,-0.9941099981919184,-0.9376031032610256,-0.8441251265145561,-0.6561231699663982,-0.5794640081481526,-0.4681396542437692,-0.23154432097938196,-0.12730780057365268,-0.07140522007863037,0.12899836376104645,0.3111617902147854,0.4612132672268595,0.9272076830250955,1.0772950739745948,1.1493167511314635,0.945696147714059,1.0311745099683762,0.036484018878007854,-1.0088915838438348,-0.17816598574597717,0.7659898876782018,1.3148953710530709,1.8087953629560627,1.9768567813459377,2.037494255637506,2.1780231097288145
0.2804922509544261,0.573620707668175,0.6428614154915857,0.6300669519891305,0,0,0,0,0,0,0,0,0,0,0,0,0,-1.5793441608720662,-1.5729183632948665,-1.6143811076776204,-1.3812162533652854,-1.3150301799860575,-1.2581875660181596,-1.1701347359858298,-0.9914463454113808,-0.892968904864096,-0.7984045370073418,-0.6210218634606708,-0.5069652565129619,-0.44110928841645014,-0.23469335783179301,-0.056512356749275586,0.08140875074320293,0.5404383810785094,0.7929310466743263,1.010762474003756,1.549859177935141,1.6234611619462322,1.5746378688095453,1.4293959551314976,1.4752557173572327,1.5460312692851543,1.6084377988956065,1.5875379101803204,1.6126392263740106,1.5627478064363163,1.6246755161704975,1.6938569788679725,1.8131985753859916,1.950813138067585
0.5598476844878826,0.6984415736303797,0,0,0,0,0,0,0,0,0,0,0,0,0,0,-1.6685360796795632,-1.4989959035978255,-1.455567940747351,-1.4165278071942329,-1.247910029021192,-1.1728068837810313,-1.1126819895383853,-1.0121654320794045,-0.8377410914387262,-0.7294108491347897,-0.6464926725710017,-0.4608534316196312,-0.35555141552934394,-0.23624648828019376,0.0678325286204208,0.199743002763549,0.363241702744104,0.715836377669412,0.863359846514926,0.9635320767609953,1.1324521846056645,1.159527702170104,1.2194899760020461,1.3091021393512918,1.3175853837076854,1.3269874771212553,1.3424913563922092,1.4039420067028974,1.4295490302219458,1.4489727298654986,1.5477548893436808,1.5862141728329995,1.626131396708763,1.7495736203960526
0.5386687529009863,0.6069728634774221,0,0,0,0,0,0,0,0,0,0,0,0,-1.480169752617738,-1.4486479601047313,-1.441680565156715,-1.2970741245502166,-1.2367295739589435,-1.1890931448713826,-1.0339719645287697,-0.9126116836099625,-0.8452615859917755,-0.7500121155877489,-0.5398645076607776,-0.44888721508636953,-0.34683776282227735,-0.15816491348584577,-0.04677031007480019,0.017662023429011058,0.22681455924891897,0.32148391274807875,0.40634560863697167,0.5784710543348063,0.6836638754655097,0.7448185833884301,0.8250945473565436,0.8826159761992921,0.9357242767198679,1.0399326835094174,1.0639973182403926,1.1342038845031075,1.1566472572797737,1.2407799103399133,1.2706680576295237,1.3372205534392343,1.4474684981114143,1.5239367840782791,1.573743849954657,1.6738723596312275
0.4665127214375304,0.5115079364205047,0.449633339192433,0.06621728596757577,0.11087513458184622,0,0,0,0,0,0.40163514191230265,-1.4144768589469774,-1.4430465026916741,-1.3802448477055336,-1.277220848106863,-1.2194639260058482,-1.1663648793774994,-1.035043533557302,-0.9844893705822456,-0.928464463232096,-0.7918969496070968,-0.7224279595450429,-0.6375174824406473,-0.5689773769224791,-0.4083213450085487,-0.29280045845254077,-0.2200660150004554,-0.04644851003216122,0.05975849135642069,0.12969537401662523,0.25883675653246646,0.3318941638142179,0.40833797880853784,0.5970192011133943,0.6156452183657154,0.6538146638932925,0.7110885091313591,0.7683990002929789,0.7937422678609602,0.8610314290834175,0.8855048587462762,0.9106954316928731,0.9450948527582428,1.0265924021804176,1.1308000291902531,1.1756395258688803,1.2772504820804922,1.2978091281933246,1.3684062634054273,1.4431795920776878
0.40417379727492003,-0.47683958650808245,0.08156347182091102,0.1863645883724592,0.32996210021387024,0.37344461311657556,0.3305580232103627,0.0949215996336416,0,-1.4076112255579423,-1.294109603973805,-1.187943077175793,-1.1648381138364168,-1.1186016542793185,-1.0064462966107837,-0.9509362143063254,-0.9110024895298139,-0.7913616879371521,-0.7090273924305458,-0.6546380536099793,-0.510668423133477,-0.4390255013020517,-0.37838770154565915,-0.3170098711218433,-0.1534081588645357,-0.10900399017252323,-0.03279413662221787,0.07700995807467821,0.1586544907498053,0.1834286126578202,0.28830046710262974,0.32795841098472517,0.3462157997961943,0.46474672804761474,0.4964817739930059,0.5365973440600381,0.5945580591380796,0.6212370330033311,0.6507139617427267,0.7362474474479904,0.7744641031389318,0.8406324105948585,0.8837947409597336,0.9858472533898353,1.0401454909860275,1.0707185019944587,1.1810088037648812,1.2213455934046973,1.279000670627373,1.3549654777368045
-0.4011671113127835,-0.5548705161806822,-0.6325660090125657,-0.8056443504394017,-0.8322995670020907,-0.9684050783283599,-1.0323370889121872,-1.060254640468999,-1.0006722750423669,-1.0143475137652571,-0.9880416265395964,-0.9184803314987593,-0.8967408462129278,-0.8656776727938998,-0.7671010292203552,-0.71044697579826,-0.6737615396800611,-0.56969113447073,-0.5249497844329372,-0.4754875000967626,-0.3657052402793673,-0.2894427703214193,-0.2697902019182826,-0.21025914204057916,-0.09121995554548763,-0.031014311928411437,-0.0007591918390385675,0.1255763667976017,0.14028371390019895,0.1743730063811632,0.24303726352831267,0.27452235773821065,0.32702067831586734,0.3958252122521609,0.4329224371700818,0.4510824299443841,0.5440482835474411,0.5844690334762636,0.6231381799455645,0.7041653314666648,0.7778278098320028,0.8282569828671739,0.8563624917502527,0.9513790934540703,0.9975459690906865,1.069508363066545,1.0958827359591208,1.1266571213822925,1.1732527559038899,1.235306452442707
-0.8675729319735633,-0.8880600473605842,-0.8945541858072857,-0.9636116030057584,-0.9441027264654329,-0.9348155434100273,-0.9154574367970392,-0.9092638924323656,-0.8426611316150264,-0.8323249764291748,-0.800382687480602,-0.7298294815678001,-0.6898736073304224,-0.6572910923203834,-0.5754189326439442,-0.5563439302273925,-0.5248218567167816,-0.4580145397150529,-0.4123068196829327,-0.36992621010642884,-0.294473108474078,-0.22102435488454836,-0.18630104002067818,-0.15418783619195203,-0.06882411028885574,-0.0324435671471766,0.005043614037467302,0.07431268041604598,0.08835194913578243,0.12334677780409282,0.18070216871608905,0.21357544726790828,0.24820396467446978,0.30784631497023063,0.345213806663755,0.3745337466575627,0.4716623984321779,0.5526230187690436,0.5903296343684138,0.7295291544122333,0.808049263472458,0.796209847278273,0.8119718834621342,0.8599311269153588,0.9029321301880591,0.9199085081610112,0.9856755484573253,1.0175975401435058,1.038598887430563,1.0759864984764091
-0.8745029719329286,-0.8712664084278419,-0.8456609876003958,-0.857597984881571,-0.8034917709783899,-0.7970970462632899,-0.787934965088421,-0.7515614037697343,-0.7153787166993392,-0.6785713279645416,-0.6601341781751529,-0.5915087281633672,-0.5892014349148391,-0.5639623845697662,-0.5097952780799534,-0.48922512799003776,-0.4519742611320206,-0.40453312016593374,-0.3678875808775946,-0.3207354702064904,-0.2650485285104942,-0.23479581454376264,-0.19509293778039352,-0.18410308152458943,-0.1311716260627979,-0.12384504122548994,-0.08718513010543663,-0.028019167040086803,0.0005407014456897578,0.049662644704813456,0.10331842860056699,0.158437662943208,0.18339169105248684,0.2606479611991141,0.30503797089347545,0.33538779876546504,0.38237987547559615,0.4462836977426149,0.4875294932945105,0.5832718910666838,0.6143173093182758,0.652224659887728,0.6961892144138249,0.7619111027221,0.8388588127338741,0.8977185474108266,0.956570390679063,0.9731608380128464,0.9841347645096487,1.0713725292074143
-0.8138630271545272,-0.7809802147912583,-0.7691729274522133,-0.7497602980255943,-0.7184835600903735,-0.6970961910860841,-0.6885112638085639,-0.6765668378440922,-0.6199870818888447,-0.6229698479139231,-0.6004321255592806,-0.5586707215055658,-0.5475591303158115,-0.5171174113285244,-0.4746089210979106,-0.4558447536802479,-0.4250415080227673,-0.376707659090818,-0.35490011051879583,-0.33352882587540633,-0.2849611811393543,-0.26387764313729756,-0.23381664857297724,-0.22511290226232675,-0.1731059358582588,-0.14999796974525406,-0.12853632800491438,-0.06400699570562876,-0.038989548496564067,-0.006694597498604797,0.04828410571624906,0.08846861071664616,0.12951821138303535,0.2042472958326774,0.25833199152372194,0.27074812887022304,0.3409010547317275,0.37732501973590654,0.4201803187768801,0.46500422666797264,0.5311015252962997,0.5708399225760972,0.615871530825906,0.6747631905167704,0.7117111723603365,0.7688205928793481,0.8578311797780063,0.8885043039480777,0.9466972081000367,1.023631955295943
-0.7406036901518,-0.7206329157319602,-0.7080835728973696,-0.7072815607419605,-0.678264140413866,-0.6547445984943607,-0.6506321896875518,-0.6502635899976676,-0.6077680909850812,-0.6000724866827403,-0.5927110339422643,-0.5327283973400413,-0.5076370462981026,-0.4997116214823613,-0.45721890195644105,-0.43153657508582455,-0.4214564445917136,-0.387729740270388,-0.36995320476294513,-0.357876519988303,-0.3221000543310818,-0.3175238102514597,-0.30510382624004145,-0.2742001964629118,-0.24182108057595744,-0.2251373912763507,-0.19535476585660574,-0.12140467480478812,-0.10941621477804625,-0.08121700285266854,-0.006033895753854542,0.0196943012372961,0.05589282628973108,0.11735621389896413,0.13895551022315566,0.17650946683887633,0.2326724334728717,0.256057956051729,0.30729762609919087,0.3951717929390841,0.43379640765479255,0.4981792194264002,0.5253893027071344,0.5802293391370393,0.615056413892233,0.6566740262652335,0.7468964402165434,0.7940464233763256,0.7972196280228773,0.8527522481152793
