jsons/1312509600.json
{"header": {"parameterUnit": "m", "parameterNumber": 2, "dx": 0.1, "dy": 0.5, "parameterNumberName": "Eastward wave", "la1": 40.97354507446295, "la2": 16.46031188964855, "parameterCategory": 2, "lo2": 133.9931640625001, "nx": 191, "ny": 50, "refTime": "2011-08-05 8:00:00", "lo1": 114.97908020019554}, "data":
[rows 22 to 43 of 50, columns 50 to 99 of 191]
0,0,0,0,0,0,0,0,0,0,0,0,0,0,0,0,0,0,-0.30989112153195514,-0.1961589558207963,-0.2805190512271782,-0.08520209963739454,-0.061905587262692865,-0.2529939267610201,-0.07391453267072184,-0.21758561326630194,-0.2641419397639355,-0.23186812419398825,-0.28179705439509184,-0.3109297036306027,-0.3070089012629917,-0.3002453104094492,-0.3036843971175335,-0.3276601946144339,-0.34695764021957126,-0.380448323462194,-0.3728160180133482,-0.3548078509614724,-0.3203997827334266,-0.25980638239373943,-0.2373418070790598,-0.21404381514008045,-0.20492074156883577,-0.16605325652335465,-0.1631661706580674,-0.15763495917097195,-0.13761405528720255,-0.14154553153258004,-0.14254562487223263,-0.13774274263638497
0,0,0,0,0,0,0,0,0,0,0,0,0,0,0,-0.16418617262408414,0,0,0,0,-0.2127484177555001,-0.2705169042184052,-0.3093544869420075,-0.2851487384615389,-0.31887685731122195,-0.34220307496662644,-0.35709269913529623,-0.3926457765022254,-0.41440830162409753,-0.4298158695804571,-0.47949781346770365,-0.5090244779606052,-0.5142859269717414,-0.49888155859357836,-0.4712601552611129,-0.45768399483055006,-0.4537690978948802,-0.4659704699017235,-0.4669767969221291,-0.46922084876812825,-0.46305307818738445,-0.4313767392186019,-0.4472373954629243,-0.4136611825278435,-0.41501351477962617,-0.40743230663131697,-0.38154191175796065,-0.38086308006924624,-0.38468157651419904,-0.3949516833682915
0,0,0,0,0,0,0,0,0,0,0,0,0,0,0,0,0,0,-0.321776578246901,-0.3582788524953723,-0.3382093016808137,-0.3439920533982954,-0.36843273184601466,-0.3722860145945426,-0.4073274885857966,-0.4495992157750396,-0.4634917842431247,-0.4896463572542888,-0.5078407575699556,-0.519274999381905,-0.5599772027754618,-0.5777508731072624,-0.59838743486693,-0.6339259017568188,-0.654475433899616,-0.666680585566339,-0.6869986205924556,-0.7144436040554563,-0.7825124510847191,-0.7836260635537239,-0.7796748236504992,-0.81217614857888,-0.7597165282496373,-0.7140538486557915,-0.7269006113006414,-0.709720858848449,-0.6991540897192889,-0.7063614540724591,-0.6985543670431426,-0.6915429841439305
0,0,0,0,0,0,0,0,0,0,0,0,0,0,0,3.3038944722661223e+38,-0.39076734138954017,-0.3208633014271538,-0.3894078610082616,-0.46512286481342974,-0.4690871175788639,-0.48039094009924854,-0.5155751537435316,-0.5327363034312729,-0.5503451370149368,-0.5367034956439398,-0.543662194125151,-0.5805345939307502,-0.6103947535979903,-0.6370792766805846,-0.70369196983619,-0.7413797919545418,-0.7702908395503871,-0.7903860826767181,-0.8189859043452158,-0.8489030895226466,-0.8617862254747483,-0.879564955734162,-0.9068376467269067,-0.9407801019292085,-0.954197211200024,-0.9824519536627101,-0.9971322740314968,-1.009573433017622,-1.036378384840976,-1.0398046356608897,-1.0558266253286352,-1.093601909552902,-1.1046521576960355,-1.097227212767188
0,0,0,0,0,0,0,0,-0.14841733632753998,-0.19162008149399953,-0.2652546963106056,-0.3651649521281818,-0.43986895038402357,-0.43986111182116067,-0.40216778776022327,-0.4188873757256865,-0.4612419921286782,-0.47089008069079624,-0.5050520770171913,-0.5512548608363962,-0.5511212367219452,-0.5566129630622292,-0.5950525289878513,-0.6183435999621544,-0.6501323105508333,-0.6990266502739299,-0.7369634927285121,-0.7844410750930862,-0.832448820990279,-0.8688224152134283,-0.9219533649963358,-0.9782443015428787,-1.0017002029973534,-1.0326264655425696,-1.0607377212161662,-1.1445835499725077,-1.178215943512688,-1.198273316797977,-1.2612964360880985,-1.2654931217020207,-1.2813578237659782,-1.3499862549696113,-1.3744898925185103,-1.4040262130925756,-1.4791357763551618,-1.4916849360755493,-1.5171219621442429,-1.576352963075253,-1.5911418578676733,-1.632321406706049
0,0,0,0,0,0,0,-0.2901875775888338,-0.39416379876027424,-0.48925983689487285,-0.5151203916111406,-0.5476254569563521,-0.5949406047894095,-0.6240023599108749,-0.6642557697301296,-0.6714344512334999,-0.722508069196701,-0.683053501714503,-0.6801322940281964,-0.7229586828524877,-0.7674295367182283,-0.8157290483495203,-0.852850503198699,-0.8864715216086951,-0.9525050955264968,-1.010481387360966,-1.0626153894458932,-1.122767243373218,-1.1823217005479332,-1.2021851477835563,-1.2751395877584262,-1.3319893969641066,-1.3726911828126038,-1.411164029637386,-1.449537080158285,-1.511941889034397,-1.556940144496013,-1.5939748659119892,-1.6508149324699561,-1.681755004123389,-1.7061634394787968,-1.782113271316129,-1.8400078684791124,-1.8946573488400873,-1.9886686473514499,-2.0036443918472138,-2.043119204870783,-2.1670051586192045,-2.208122882367715,-2.22514977832457
0,0,-0.38563009227476086,-0.3370112124596086,-0.3815358059534354,-0.4139396391562489,-0.5086683831752051,-0.5464696344766763,-0.5987842277145289,-0.6439893029383886,-0.6717095103813329,-0.6971598366228424,-0.7383765095268744,-0.7632259776771299,-0.7826759661556119,-0.8040049699862468,-0.8622716226341947,-0.9318809261260365,-0.9613030144781536,-1.0028215701111345,-1.044519473456018,-1.0762141261256306,-1.1226998025928,-1.1541000009327644,-1.2289000778174073,-1.2989868451253697,-1.3204675746414918,-1.4085340296401938,-1.49800117501459,-1.5422218204100693,-1.596721953077088,-1.6785149780692237,-1.7151618756125957,-1.7823685045438709,-1.820445047615176,-1.9257117365549528,-1.950410628535835,-1.9893408105288743,-2.0804793992097848,-2.1428867742423474,-2.1563101536228304,-2.300852141166807,-2.334741946059861,-2.385877741063948,-2.5082517992967968,-2.577336934157175,-2.6765065903523686,-2.8750163529613926,-2.9681971404701293,-2.920205799383892
-0.38984568868261904,-0.44443385235603,-0.49925714065437504,-0.5774790818292431,-0.6255305083716348,-0.6700999618361656,-0.7294865898761786,-0.8607472575420456,-0.8602591403703489,-0.8417200368022856,-0.8370540583197373,-0.8374464850753984,-0.8529718412199258,-0.8777091647669952,-0.8952263920991527,-0.9426301909035338,-0.9877661589347351,-1.050262277351797,-1.0916675373773805,-1.1572443697664923,-1.2197723636683921,-1.2707932783262437,-1.3478894489831843,-1.3869758670873265,-1.4592618823678831,-1.530230006716126,-1.568751489836831,-1.643287608485461,-1.7414179763953717,-1.799863247089025,-1.8731401315627,-1.9657470185112795,-2.001428393469404,-2.0903686520927085,-2.1555353654484644,-2.263038080789259,-2.3332787964106987,-2.3654483929003827,-2.471090883074414,-2.5301423387966993,-2.5876496685701524,-2.7579182058893634,-2.85415306856776,-2.986137692124662,-3.1553811859238303,-3.2742440482361443,-3.374106840421115,-3.5963601770712827,-3.69347908236922,-3.74861406374879
-0.614760446666023,-0.6210219458187658,-0.6550864633420721,-0.7120767544562214,-0.7443545448926839,-0.7714717930864898,-0.8112206566425181,-0.8178254858278298,-0.8450816483494923,-0.8942737361136973,-0.920610240925585,-0.9349591433429719,-0.9860909582759333,-1.0212026708459059,-1.0790172729762586,-1.1099672466213018,-1.1622982836101203,-1.2196391085663767,-1.266975572373412,-1.3305870971405838,-1.4009827946674027,-1.4461502910442579,-1.5339776049751608,-1.5769495398989928,-1.6569238461161566,-1.7547979588537004,-1.8089495411927972,-1.896968890938587,-2.0052547042632143,-2.0560569818721595,-2.1525419312798397,-2.267063858484751,-2.3186317783630925,-2.4297207908699754,-2.4913171280548183,-2.613826361044891,-2.7393373712514952,-2.772393861423094,-2.9576554030042885,-3.070877797722344,-3.1078023842878655,-3.344780349576097,-3.5004856522891648,-3.6629699811865333,-3.8876578308928935,-4.024328333982874,-4.184392491637874,-4.46193620732122,-4.5589935084391175,-4.696494937714171
-0.680467004190442,-0.697207571216813,-0.7570001163476643,-0.824824760371579,-0.8504539004257745,-0.8654326898604557,-0.909656180034341,-0.9405776337994767,-0.9515435442143496,-1.003567039950796,-1.0618767706440755,-1.1375490040274459,-1.2100302680196522,-1.2514899051578328,-1.263793223952858,-1.3151122061643323,-1.3580723333459208,-1.4056509804236395,-1.4448569860701141,-1.5329467236845693,-1.5973047331129353,-1.6586997428945158,-1.7349377110497881,-1.816859221575131,-1.8880197545942314,-1.982442289991023,-2.0478212639255053,-2.1043343351567567,-2.183246346206559,-2.230050386269097,-2.312321885638403,-2.3813299526206633,-2.443604490774655,-2.490795566758287,-2.5332194342481156,-2.7174855651312746,-2.853172245670459,-2.9444473816852517,-3.1792900523720213,-3.224811679020711,-3.4210835944971256,-3.720945876120554,-3.8785166304766445,-3.995975197895467,-4.275548799664685,-4.450043259291577,-4.610028747543454,-4.927630739454843,-5.1056063096644895,-5.231932563471259
-0.790784614514031,-0.8153168230629926,-0.8319880087701355,-0.8680313541353951,-0.883003081177713,-0.9005914175997252,-0.9148992542462853,-0.9295015790700687,-0.9231463839901122,-0.9038271015825281,-0.87814579421104,0,0,0,0,0,0,0,0,0,-1.2682389078606109,-1.4270149971928892,-1.5572963001882258,-1.6196547338522744,-1.672203682379865,-1.760237921613049,-1.8297410271858559,-1.8603453553973435,-1.9183573152018933,-1.932218086164573,-1.93861100099304,-2.0218157940930124,-2.12955674000921,-2.2245399004374597,-2.3805641604286487,-2.6338335865081954,-2.7550845201421756,-2.8524185612758597,-3.1432762427801806,-3.3406827120025606,-3.4921852875885366,-3.8144678824661833,-3.97833310624851,-4.10747333647704,-4.465547538100985,-4.570619450194674,-4.711330370387371,-5.062485159400183,-5.186081903265932,-5.348753025906952
-0.6663063018832022,-0.6548994379551748,-0.6449944522248491,-0.6500010577198547,-0.6387959647716447,-0.6273993653093735,-0.5968774755836997,0,0,0,0,0,0,0,0,0,0,0,0,-1.0108879266995132,-1.1164729509394944,-1.2222981178231207,-1.3694757113267968,-1.4105505391329118,-1.4714078897624754,-1.5475567043272223,-1.5870001587769036,-1.609618737482104,-1.6815483348150486,-1.7051056110704197,-1.7354331681132498,-1.8316754270106834,-1.8837352908983407,-1.9256746014753578,-2.0379550271379268,-2.2377640779108834,-2.402010773909731,-2.499169766668743,-2.6073993288684387,-2.7591453591641457,-2.9055332428861207,-2.853678292142143,-2.7491630474768725,-1.8325885355649922,-3.727413223374374,-4.0482753741171775,-4.212402193157584,-4.536089488979958,-4.650710200704992,-4.747132044497531
-0.5085122250225463,-0.5013256201942272,-0.5003278541331359,-0.4963809917208562,0,0,0,0,0,0,0,0,0,0,0,0,0,-0.7849243491734826,-0.9490355587102628,-1.129923182300999,-1.1654865766278935,-1.2140980401611623,-1.302108670601275,-1.3378112887704068,-1.3624885774152475,-1.4255575328652663,-1.4403785916625158,-1.470054033576967,-1.526013436743232,-1.5326956024931893,-1.5135853109998685,-1.605374390053177,-1.6976933862705315,-1.761344828295464,-1.8203149060235526,-2.0224771696248025,-2.115680325029594,-2.1919542685705786,-2.2965163898380325,-2.5262587857513004,-2.7002341674183965,-3.1689654676951213,-3.3204682342538163,-3.5154228353683297,-3.831075609077724,-3.996120920695405,-4.12923069472195,-4.518100444359037,-4.7509506321804045,-4.93869153896535
-0.41955260930281063,-0.3600399973028819,0,0,0,0,0,0,0,0,0,0,0,0,0,0,-0.920402232796464,-0.9927209479314351,-1.0952427684938832,-1.1647466197889316,-1.1830485739506522,-1.2128254666663716,-1.2641450901012663,-1.2998689575934044,-1.3209317579833082,-1.394393605703599,-1.417240112094768,-1.4419635992518993,-1.4963309572279782,-1.5210584058136174,-1.5644475332269712,-1.7482282087068024,-1.858609453114115,-2.0726985812741727,-2.1661646406096233,-2.4189628076171967,-2.5134461347443495,-2.699832582878943,-2.9902981888391786,-3.101475757181376,-3.2814403215649923,-3.5421220775330746,-3.6348690740868643,-3.7599632703081705,-4.001168942109626,-4.1203381373989,-4.205085652597594,-4.510438044892926,-4.620159639166543,-4.746672251045916
-0.362620243233318,-0.17633560065375795,0,0,0,0,0,0,0,0,0,0,0,0,-0.771572756689515,-0.9020794952191798,-1.0594794270843932,-1.1199012908048358,-1.1653867621344143,-1.2228579193338294,-1.2475104500770158,-1.2711533800954762,-1.332159001390639,-1.371979466657777,-1.3994758133487881,-1.5002646970483438,-1.565574043490802,-1.6233575596015513,-1.7402902751090983,-1.7901946148152694,-1.9033536446515829,-2.136204760125967,-2.235561471541356,-2.4096663643168577,-2.5125397136486294,-2.7524194159772413,-2.8369765266369122,-2.946726358586358,-3.161263051072825,-3.2259125885924806,-3.346291861986736,-3.524385523856836,-3.592438381952531,-3.679599336520954,-3.8596152092862015,-3.942043675718934,-4.018310264955993,-4.238233386904537,-4.302914178939769,-4.3367666408113354
-0.34438003890452407,-0.32766201751331925,-0.31128169107515286,-0.2702055757727198,-0.3660020673476743,0,0,0,0,0,-0.558391857166075,-0.7530732300500363,-0.9107275293121313,-0.9953339479224992,-1.0557841623638844,-1.1072384849784223,-1.1993453219698524,-1.237474422097327,-1.2829697643533808,-1.3547705331228719,-1.393056086931004,-1.4331556420283293,-1.539344710902759,-1.5790361175458327,-1.6516179475187125,-1.7804636818747228,-1.8374225772794477,-1.9164722308250055,-2.0637990833393087,-2.1317403594065825,-2.23249227196032,-2.400159469052673,-2.492114300975803,-2.579913836320317,-2.697588833212001,-2.828360101267142,-2.8957020082494274,-2.9393325244575097,-3.0255633230339467,-3.119003845111339,-3.160535129847756,-3.297883359593564,-3.3458586342847365,-3.438769654606531,-3.5876958861046857,-3.6615697981552193,-3.636823182837495,-3.720098335223445,-3.7523877747436822,-3.7237091888153575
-0.33278214763861685,-0.33082497654232806,-0.334673991690884,-0.3505618547033649,-0.3493729033553497,-0.36539287252809377,-0.3611419590053667,-0.3751148642405058,0,-0.7436606345161284,-0.8381612775665012,-0.934371171342019,-1.0424902288168567,-1.0833967661394825,-1.1343768850757665,-1.1885672194500743,-1.3090089348875602,-1.3724142813537374,-1.4071028317256222,-1.4966419943881402,-1.5506571965091716,-1.5981980186085445,-1.7172488547651084,-1.7770632030072715,-1.8138618030792113,-1.9346069729158317,-1.9942457633331054,-2.0463461705558985,-2.185899355153794,-2.231228529841865,-2.3233580913749634,-2.461798127453768,-2.509687131897751,-2.5639973603860367,-2.6431148839279754,-2.71705084793321,-2.7507049857709998,-2.7727370148024013,-2.8602069857566366,-2.896844180311079,-2.936320149269811,-3.009701462814822,-3.0504716030126215,-3.033745699856396,-3.129939394206659,-3.150868499362794,-3.1643536251800417,-3.238313288246029,-3.2644534238156764,-3.2349258491519723
-0.5306997139462748,-0.568129145138066,-0.5939590345816036,-0.6788447785764075,-0.7210204331212382,-0.7987985473125636,-0.8597524152857405,-0.8961171692470733,-0.925645347475553,-1.0020727438724781,-1.0277487652067676,-1.0730637124970153,-1.1672889471916432,-1.2079264203818636,-1.250994172534519,-1.3099759549207504,-1.434663158955622,-1.5087992633529597,-1.5406288543795608,-1.6258195147700554,-1.686832533624707,-1.7102425301681465,-1.7957910305995508,-1.853499903997337,-1.904909115198533,-1.9988997658830474,-2.029866427236423,-2.0835569066867325,-2.2046101380688334,-2.2366929677955727,-2.312757450715607,-2.3877161549237043,-2.441672228162862,-2.473038252815474,-2.5080300098905965,-2.5820773009603926,-2.616424926467137,-2.6532854334812246,-2.7139683512726682,-2.729495353406272,-2.7418095616793914,-2.811629686084052,-2.8300421411949515,-2.8412944892730283,-2.869056909664195,-2.8693504217796897,-2.8724936834871286,-2.985733256575659,-3.007354716080537,-3.0143077308568462
-0.7567220445115361,-0.7816525478206822,-0.7969810884093765,-0.8738514492922446,-0.8961155088229856,-0.9177506406419265,-1.0251225517591895,-1.0333245166530571,-1.0502814868816719,-1.1494779581262435,-1.1900701341005864,-1.2218525452401354,-1.3293586696875554,-1.3695535714540854,-1.4160121000905588,-1.4688951615558699,-1.5201130168329573,-1.5783981826556885,-1.604418875987168,-1.683765095231056,-1.71029225991741,-1.7485554763721605,-1.8120682636403873,-1.8573416423481484,-1.912564391643897,-1.9919087887533127,-2.0340013568928437,-2.084198188406716,-2.158501168103089,-2.19500045441411,-2.2433168148905374,-2.2893732002276725,-2.319277782246903,-2.3601145656075087,-2.3862804830125017,-2.444530789630998,-2.452720241432292,-2.4823137803188087,-2.5285022701570607,-2.549736369254267,-2.5744540643389704,-2.6067720932236575,-2.643135876847733,-2.6539037131231527,-2.6830948801583863,-2.6843647151130856,-2.6916012630866386,-2.748938712252177,-2.7692064626056214,-2.7970203223709875
-0.8381704940538478,-0.8785049275865542,-0.8737778025444194,-0.9523077090926215,-0.9566957490897554,-1.0013003337192772,-1.068487069681136,-1.1218400172007439,-1.166287429066621,-1.2571539694259528,-1.2761102928656902,-1.3183280918344442,-1.381384689636708,-1.417277994447041,-1.4548652101770396,-1.4814833681855224,-1.5430569575209312,-1.588173201862246,-1.6177869712816466,-1.686548370041593,-1.7312116265802189,-1.7571280490408359,-1.8475143244354013,-1.8619923837162682,-1.9134449901015889,-1.971554527459605,-2.000696586530005,-2.0447466318485215,-2.0903442365029785,-2.1293431066576813,-2.1490590754531675,-2.1993286430646535,-2.229088477243898,-2.2667069624923437,-2.2958448045589823,-2.319395844177125,-2.3270230910971916,-2.3552876268044534,-2.3988842501617214,-2.4187823227957947,-2.439591108177696,-2.4607362457409794,-2.4904200514700783,-2.5134197572860892,-2.5296159681718917,-2.5491835565658802,-2.540055784229211,-2.573733205084696,-2.591516913937568,-2.6284816536825386
-0.8768983660288446,-0.927801734143899,-0.962915039926955,-1.0365790187680959,-1.0524241918678168,-1.088223293178716,-1.1589827474117977,-1.1873146186553822,-1.2327829034275186,-1.2824368998036173,-1.3215609794721594,-1.376587905823853,-1.4079307532616998,-1.4497807039197033,-1.4978726065830044,-1.5060209514118483,-1.5750646434380047,-1.6190984787639924,-1.6414183496027899,-1.7003870161036942,-1.7446808270389738,-1.772059625240179,-1.8427442918858832,-1.8571539508725874,-1.8896026034968942,-1.9335966298228242,-1.9516719079956817,-1.983981342155763,-2.0128505355073862,-2.027881562710909,-2.053961433080842,-2.0776761241271426,-2.0962989440962634,-2.1148017824857854,-2.1414888926749485,-2.1678838425005202,-2.191487844410274,-2.2130760891267682,-2.259258939569651,-2.263464547699391,-2.2815507476523926,-2.3330997009628436,-2.358207417939681,-2.3680967499916776,-2.3884149585638887,-2.407769827156657,-2.425962098106908,-2.444818917296275,-2.4641935178569057,-2.480207636181524
-0.9105686535343442,-0.9203272540024385,-0.932080602263345,-1.0227688072456242,-1.0500996074228888,-1.0735364773309373,-1.162620740214252,-1.1841856059856888,-1.2240172888622558,-1.292332965176737,-1.3083258405475242,-1.3599503203049377,-1.4641053087603013,-1.4762685484250118,-1.4972110860769408,-1.5451128853699836,-1.6005414165655025,-1.6254306666508076,-1.655405483576099,-1.6933993976933592,-1.724438332486565,-1.7436288655944112,-1.7710004731335682,-1.80303271434932,-1.8353058147313475,-1.8587562249058998,-1.880935571207359,-1.9163760233762333,-1.9241175741530252,-1.9441672651504323,-1.9778290736024728,-2.0050670020374195,-2.0251108006540206,-2.0443384230016886,-2.0508526470048234,-2.0712470737685242,-2.0842060139018552,-2.0838065542637056,-2.1420134886515965,-2.170993456488311,-2.183876282907949,-2.2276865079462396,-2.2351432235928286,-2.256284654163704,-2.314388495242164,-2.3150237727900156,-2.3140537153179994,-2.331553973758218,-2.344574744088342,-2.3644010965995994
