jsons/1312520400.json
{"header": {"parameterUnit": "m", "parameterNumber": 3, "dx": 0.1, "dy": 0.5, "parameterNumberName": "Northward wave", "la1": 40.97354507446295, "la2": 16.46031188964855, "parameterCategory": 2, "lo2": 133.9931640625001, "nx": 191, "ny": 50, "refTime": "2011-08-05 8:00:00", "lo1": 114.97908020019554}, "data":
[rows 22 to 43 of 50, columns 100 to 149 of 191]
-1.4443363880419877,-1.4745501529049232,-1.484072213589631,-1.5144417082992911,-1.5469995358515563,-1.5757795464835298,-1.5888286966674938,-1.6339626844538124,-1.6562928001286936,-1.6740685903495984,-1.7085275927551238,-1.7454706430125577,-1.7577056168835195,-1.7975536080352548,-1.8029973896665756,-1.8211022044245713,-1.8638151353772006,-1.8987256339864462,-1.899226071557413,-1.920652914149621,-1.968789549343399,-1.980161703636113,-1.9864701608642543,-2.0295825546750343,-2.021972202636454,-2.0292603360878236,-2.087331502578337,-2.090186743269488,-2.051800567924877,-2.0717503637228147,-2.0232244574181406,-1.9500591608442288,-1.9152836806797522,-1.8598075831451975,-1.7560696369407194,-1.7453212314410558,-1.689632142297486,-1.6152498399603348,-1.5863691236741868,-1.5451287410240935,-1.507022105023188,-1.5289178186891517,-1.496707713319105,-1.496311587684516,-1.454406320260476,-1.4275640644280636,-1.3502587383311104,-1.2158281978070777,-1.12382286848384,-1.0208231726533172
-1.7379592195621258,-1.7772389717174564,-1.7919662665577443,-1.8129726350517796,-1.851828123809119,-1.868919898422507,-1.906968377265221,-1.9444793072583169,-1.98929221240199,-2.0066040083749783,-2.0734356104806206,-2.0940365408047925,-2.1443879895119218,-2.186880418013901,-2.237723619583609,-2.2510578456768786,-2.304533996169988,-2.311428631000728,-2.328298901034681,-2.3749062774628604,-2.4019624356528793,-2.419966546930176,-2.425776656754328,-2.5487395964002344,-2.5526820509084223,-2.5494107440242235,-2.5825313049964485,-2.641873893031736,-2.6300857943214013,-2.65188751337677,-2.629151948482749,-2.5367208863017585,-2.5269097663586426,-2.5114153770901892,-2.3960985548312808,-2.289471212506608,-2.2686573712696134,-2.177365114578003,-2.0982251157687593,-2.0743638492248055,-2.050966670656107,-2.059377698120403,-1.990606631198196,-1.9660975809913415,-1.9140740457077665,-1.8858372205066884,-1.8439450993760624,-1.5820659106381452,-1.5530274679796023,-1.3995026128505845
-2.006739578205748,-2.065539289112175,-2.09443955080529,-2.138198068492872,-2.1818334223582982,-2.2294650352125367,-2.2334228704430035,-2.314208056441303,-2.326650721537253,-2.3890962659919572,-2.420141677763045,-2.489505586693977,-2.5428145872661996,-2.6129158873683145,-2.6553498948446146,-2.6957379718765773,-2.7439294527438887,-2.7568531883942726,-2.83452682042028,-2.8695523979442266,-2.9185325351779845,-2.923402068358532,-2.9685889820996816,-3.0515561967030576,-3.1113355549321384,-3.136180280017196,-3.2189307387075616,-3.2219326463895595,-3.237536812475381,-3.2761023295300293,-3.3115968987084896,-3.264998670638373,-3.2371905786917976,-3.1708415919447135,-3.086648531804344,-2.9926401117680625,-2.9520770350062624,-2.750105346260993,-2.6983863692886776,-2.574767896249343,-2.549275153772038,-2.634183414948557,-2.5024716610431477,-2.4651865972571594,-2.401578121638777,-2.395675912732826,-2.3132564941516667,-1.9766947483499104,-1.8248567071140602,-1.6028650436095768
-2.373910651117955,-2.518149342575713,-2.551370357039671,-2.624906191434225,-2.710044175921223,-2.787152938143929,-2.788275198270858,-2.8973888827915517,-2.9382471989541217,-3.0110922634192283,-3.079583426297726,-3.1453717737555906,-3.197717920053827,-3.275462963533922,-3.2989625413892463,-3.3371164892753766,-3.413464371559556,-3.480315363048794,-3.5696321467531438,-3.590234472209454,-3.729610596788157,-3.7499107590128644,-3.7974393894439267,-3.853094502633914,-3.882697124004846,-3.937105969748059,-3.9969991373999885,-4.0025039679488765,-4.028342688175468,-4.135446953446261,-4.198985560283043,-4.089015180770258,-4.093198449243132,-4.034672348073003,-3.7849780437129015,-3.6846264254493306,-3.537334768641337,-3.304616076928072,-3.1715159164700104,-2.9866198077962647,-2.6046165379701613,-3.2094672100985586,-2.70749954461771,-2.065152612748201,-1.655383596789448,-0.5897470784188922,-1.8507225518412704,-1.3668331853327051,-1.979539565872437,-1.6226021852232317
-2.755718088225164,-2.9579526235045757,-2.9800885914621325,-3.0319922053767168,-3.18185599569452,-3.2677101080434006,-3.3676541370749464,-3.5052845701583224,-3.5932316377162685,-3.6609464238650924,-3.8044772356986902,-3.859829892072578,-3.940456090902231,-4.057499582783721,-4.118807519205477,-4.206899043978667,-4.267040202431095,-4.352570085914947,-4.4393139178018295,-4.42839630832202,-4.516669261457255,-4.5055908061701375,-4.594095248937841,-4.632495079155874,-4.679722806725994,-4.718697868688047,-4.781088205935667,-4.8155054764756775,-4.819850759681944,-4.971966227866061,-4.942531146494694,-4.8956886387741125,-4.858962334923892,-4.756637174898605,-4.415630599027352,-4.2852000513392765,-4.035736101980162,-3.616983339741821,-3.67932930834774,-3.7175721336543557,-3.4072482437443576,-3.3385241110344914,-3.152347572519417,-2.9659645673268242,-2.8851478229209664,-2.7665935554027503,-2.5937343233590746,-2.3595378847967208,-2.1578561242053897,-1.9952421250658874
-2.9417778382376456,-3.1655606495323356,-3.302833574578568,-3.3928747204570753,-3.593361684706698,-3.753641993107788,-3.822540154497455,-4.013653936328969,-4.190872958429795,-4.2499230950321145,-4.46994708228095,-4.569368306433448,-4.73886078252653,-4.875121254979628,-4.940958893899721,-5.076014246304203,-5.202497096130642,-5.292660507419045,-5.413842973363329,-5.4386405868347385,-5.498079035880776,-5.53703468386742,-5.606019292702871,-5.613386137786838,-5.678784526158992,-5.736865504602084,-5.948603853171069,-6.2056397205101135,-6.236289636674387,-6.010099005916626,-5.874692797370214,-5.692458882789066,-5.8421167013012,-5.674656209196823,-5.240684870529952,-5.323653934333848,-5.1331363111281005,-4.809216304012119,-4.596336478134405,-4.374028081942453,-4.133349500815639,-4.045482390523405,-3.796485544427008,-3.446698967567734,-3.309222668167087,-3.090149116381302,-2.90303546838837,-2.5840648163650735,-2.3628776707896697,-2.19763578778259
-3.3227674205836837,-3.448471181969208,-3.6918654624397234,-3.7699531403673445,-4.041490739604689,-4.179144513689292,-4.408836659357251,-4.583715374902337,-4.79143796654638,-4.907142352557946,-5.148270035118764,-5.336362749658444,-5.561080194993672,-5.775029742130492,-5.918147878737879,-6.064083216859986,-6.314724271573494,-6.411303196433456,-6.538118900227842,-6.598613098857117,-6.705183235047993,-6.8562850916401565,-6.822305993740598,-6.7629577694370315,-6.8080222903002205,-6.681589348954221,-6.46093259320576,-6.376087581886986,-6.396676070677003,-6.419829465588086,-6.5335331505591405,-6.568718661067543,-7.044350546906358,-7.176499553419276,-6.584013263699188,-6.703586904498417,-6.478498412631013,-5.941539479421927,-5.65920162326632,-5.311106782331859,-4.842610042358706,-4.5853691020797775,-4.242194459744027,-3.8208715170635617,-3.557914331451023,-3.2054656109415793,-3.108154424575379,-2.625075227844337,-2.470648998589061,-2.1718206221750105
-3.1396436903912486,-3.407103972918554,-3.4722270784244724,-3.648779211830488,-3.8443987558671635,-4.070953638422556,-4.179631659132003,-4.551333990757029,-4.623127201213802,-4.779535873032623,-5.016976054286718,-5.191794813028765,-5.508407767452817,-5.957605659288262,-6.056092523163349,-6.433389453143342,-6.787582452968668,-7.052446654378885,-7.382835998969344,-7.540505221425825,-7.524021324738924,-7.71408503734396,-7.583556193706261,-6.9799798151324906,-6.530534355605148,-6.009201085349987,-4.741989562765366,-3.2325461133068485,-3.80911366112852,-3.9174896013447715,-7.0138317142331745,-7.613458366036904,-8.25569070126144,-8.010378739746503,-7.318035765166513,-6.930270414337838,-6.361556699359628,-5.711295577151396,-5.2499202541890755,-4.900707730344797,-4.2843421040220075,-3.843471986122278,-3.5919934601081027,-3.0859640414207083,-2.7439654939674587,-2.5833621759304224,-2.3194210258334604,-1.9735394056647493,-1.727102185567988,-1.3625735364894933
-2.5820530782609814,-2.7897866116042205,-2.9302662851783645,-3.0164026528599286,-3.210603720878883,-3.3025866860958137,-3.481413443469228,-3.69064464089738,-3.6890985814487816,-3.8583558092705106,-4.1862537190846885,-4.324857845452302,-4.657953164868654,-5.027578900091747,-5.1797507296760035,-5.661808177574865,-5.933422715274808,-6.297601920548229,-6.959767796487959,-7.12204744304308,-7.310054609086617,-8.181336061428658,-8.462051363107756,-8.837961751235762,-9.329006067209775,-9.43850590911449,-9.76083642275025,-9.77655585288803,-9.536216920975868,-9.445078687567726,-9.093043871169344,-8.142971920635793,-7.528099856546323,-7.047790464398798,-5.8103944171045665,-5.299081815897985,-4.948625019592772,-3.866622113920505,-3.7089974966983212,-3.242433291449419,-2.6971443828884567,-2.2559328230676767,-1.996086921571751,-1.501908605360954,-1.193132724379882,-1.0618338467824513,-0.8286427210575519,-0.5394072427689485,-0.32609382397223796,-0.11980243713656978
-1.3785394775739568,-1.424041782463332,-1.458347293474357,-1.4542194934620714,-1.5282045944430063,-1.570702508555801,-1.6691684393911532,-1.7061809777454633,-1.7784548884815872,-1.8628551777561546,-1.9435128358086486,-2.0053126875703855,-2.025380874074994,-2.04546442129007,-2.1980658399688986,-2.0992940762213967,-1.965846619072822,-1.8919533093200722,-2.129585228600477,-2.389063529213193,-2.6401416866677385,-3.7070620192934145,-3.4823146338771527,-3.855483214900457,-4.87189069322217,-6.082863054014088,-7.001615078955623,-6.763433542154346,-4.8330753822590555,-3.9892378985450785,-3.593197180720196,-2.308393349363315,-1.9614118198836379,-1.6875835374554424,-0.7965421810881637,-0.7516034869985564,-0.16408948554384795,0.06556741946254027,0.39109003505203926,0.7704968603991174,0.6883205478487535,0.9923353561841411,1.0167966356457343,1.053017675016863,1.3156409041023236,1.2517769255850024,1.289649502042131,1.611346829348643,1.4932509664145703,1.4936999619668534
0.19212721913403213,0.438037756690329,0.7585562844130326,0.7707177863318383,-0.30838118848717233,-0.3189067592423597,-0.186449043488618,-0.03995640650776583,0.17674645593473037,0.3403514916680749,0.5102781387431785,0.621435333280076,1.2194372918558747,1.6144307052840206,1.929565253250093,2.6508643536226835,3.1244723778141372,3.4382748838131727,4.353249336983422,5.18981776287081,5.306050763480242,6.575585911117044,6.569146795742912,6.654486536304471,4.443754824156411,0.4235888193024228,-5.818510148564861,6.489210167755259,5.8915089348763,6.463258730000409,6.36010601999279,5.8135748020006766,5.592927515358995,5.503252378429074,5.427605152846691,5.140637135523419,4.931865476550443,4.950760549731745,4.7044040488939425,4.532542008191239,4.284476026469615,3.9789844868681934,3.9666931893932245,3.8567770958553353,3.6988688522989848,3.682922046535968,3.7179895583818263,3.5564972347810166,3.486763841138912,3.5439979542641624
1.1289930270079604,1.3018961310987538,0.8267273663486032,0.6562197613001605,0.6560173272560846,0.8224028272904643,0.9583470239973041,1.1571859561892244,1.6631380430657825,1.883708835691245,2.296754542393487,2.5647320522783974,3.2691206617491066,3.690495218193392,4.179777573944418,4.9983617410458505,5.629541809859963,6.054101171397415,7.055109546636527,7.645523828413446,7.924578859459081,8.749888394018276,9.078395430732213,9.319196641465167,8.764467219682086,6.652739003556499,-9.278145844603154,9.988730702497318,8.64766591764453,9.610774232006234,9.439302060426078,8.765695917656734,8.571194093558281,8.361634639233229,7.672112776493911,7.5997290360530805,7.272137129081359,7.000117262567004,6.705097248980007,6.376721676962363,6.190347349691731,5.9428967049118935,5.7195890981880515,5.581531976282131,5.399828205916584,5.211709314973632,5.166286126803311,5.00808279971479,4.862157205190694,4.762911282398088
0.8459523639135361,1.0361408294604564,1.2711567243135924,1.44231053640594,1.6663022613992136,2.0464318015006198,2.271711211769627,2.5122540609881114,3.0775778379088576,3.3945671134963393,3.87777877180888,4.507425858900394,5.222793591520694,5.542796930236322,5.792718794524369,6.241469921701663,6.663887863971136,6.958396794286005,7.44654229999187,7.816289860556353,8.19519396611627,8.69035016054383,8.822085724576768,8.993588598680551,9.329127308127733,9.091462431728756,8.328149681254057,7.970895356996421,-8.051113153275136,-0.40760547307554373,8.631550794245795,8.426289676815584,9.012834447390295,8.942473969646576,8.675924089616535,8.41980914852768,8.241661450468003,8.011487130038466,7.794413792684732,7.478533524483566,7.2782980373464445,7.034602357943173,6.708272152038389,6.599271989884508,6.441185652696554,6.250528457353306,6.156528736420045,6.019157026705719,5.7706053884263655,5.653359754840942
1.3159429438550467,1.5188514636188861,1.8199874243239555,2.0088031069140166,2.263576630571197,2.52716509597139,2.718773433302872,2.9880211207744765,3.3872824203414083,3.58132985820389,3.9227247722229315,4.072451245881406,4.523697952058518,4.929238549608907,5.010671420595822,5.534706202514555,5.9412768226254755,6.059426746274704,6.476890383610295,6.694717632585963,7.062451544979995,7.485339721906239,7.690923422643096,7.837012237579305,8.173342619338802,8.020370684882677,7.375317556695608,6.447190442570306,3.805663114358263,0.11548004433359722,-8.5088606498061,8.473148175201224,6.549637297375053,6.076857335249807,7.75064634817029,7.387030337940738,7.3782958242932715,7.562266132443442,7.4555372761430245,7.3082207286536445,7.092764045117497,6.959279999043933,6.821448136548446,6.683650144273049,6.48252131227768,6.344118441916812,6.249606759059275,6.152041552552729,5.88133753827635,5.860572799173263
1.661740979332401,1.8319245711288077,2.0734350642402575,2.214845794303215,2.4041739106900457,2.6586556933218057,2.836062594607158,3.1092137388578815,3.353464920624072,3.5234771321947913,3.834294700897821,3.931510273822998,4.268675226994742,4.438661960674834,4.645704448500046,5.072759281817876,5.247588015643425,5.461745493312786,5.6986811924405805,5.948812979248835,6.059973793184323,6.343332511272161,6.559634934204665,6.696047933206392,5.995939123631083,6.40025567306165,6.683059828605704,2.3388148447905004,0.5800951606791508,2.8852897040695744,5.352330337725973,4.584482547055168,5.905907471873584,7.082405717476542,-4.686618998213203,-7.036705307894975,-4.415780668190123,5.101244873771253,3.8011145398838,5.338058165652972,5.307660356497509,5.711224390533059,6.180435771697293,6.301483851895892,6.278720529059131,6.222103312654432,6.144248451429154,6.052926513026131,5.922270325394163,5.809603159767552
1.5699565985127555,1.7891691028351346,1.9721467481850465,2.1067568635523237,2.241489145118057,2.496833324235928,2.5801615664827726,2.7837933306619167,2.955570252576829,3.0992022992022754,3.2930103051632256,3.443949630636545,3.6924009088447876,3.856918990495403,4.065287099833028,4.208110627469073,4.46052495234679,4.578267952152172,4.70783951741153,4.873275397662841,5.022109555728632,5.221750703911806,5.373160806865982,5.478406077530635,5.619370598398558,5.689588314367825,5.845176919339446,5.934471790419112,6.105531716381663,6.08334805690324,6.127861669337199,6.1499556074147295,6.228669619338157,6.271453749607953,6.257851719640501,5.935221951382916,5.510877255932679,4.956623385675503,4.4996173729386255,4.979245477877772,4.946185073120096,-1.996346908850041,-5.255556275988012,-4.065616331394207,0.4471931544533345,4.029048062221611,4.145286848264139,3.853420758920825,3.855839701652327,4.366305495064772
1.50423695681313,1.624196999924196,1.804009752868026,1.8921662314610699,2.026232946998732,2.1353942844029103,2.2540421358250873,2.3899615943308437,2.598536575412518,2.6871654018370763,2.8067700015106283,2.9698067447439476,3.080047197635368,3.240117426490601,3.3754839034423556,3.5292364596936925,3.677229877686643,3.7343965702682627,3.8589405257493934,3.9376870001214974,4.119962193450447,4.258156637168222,4.333113548075581,4.367379647678947,4.554400197249985,4.681989698002703,4.6981381208864885,4.714919833792301,4.879488993175238,4.9743997222647485,4.961784805581077,5.05193068052602,5.117593344101671,5.181455553157855,5.262130160851736,5.25674097629607,5.263242406579445,5.265774272168894,5.255196059469777,5.211297774999988,5.181848726450458,5.039317508572594,4.7943505261518515,4.302933309032571,4.76439771298409,4.922652482911206,4.007596910685699,1.713727130130403,1.8868265851853903,2.545127754877763
1.2787167772278618,1.3808811580622151,1.5408391999139022,1.6259591993746005,1.7117018739428742,1.8631068268514683,1.901302720900519,2.040767453299958,2.1994049583903044,2.288397949077554,2.3428395078830175,2.423201583683775,2.585595765983935,2.7203843454437453,2.8108524607301306,2.8639095327215367,2.9434865748879306,3.0228049395788323,3.20421356172391,3.2667250574160245,3.318373307244261,3.4630999642268017,3.4777694269850583,3.5620709652374174,3.7326892020121316,3.816716545344959,3.822076836121737,3.874693020036317,4.015326890042514,4.13181295192986,4.194845417852223,4.227159504578178,4.248541714541319,4.334573611569016,4.403748592483698,4.381170843681672,4.408761777260363,4.4723322016458935,4.51123949915731,4.420006766685952,4.413236235210163,4.448216765363515,4.455709899493764,4.4483248289521065,4.388277182272553,4.328165137118403,4.364748106062715,4.339565783072455,4.244950337642861,4.161513107220554
0.9707167090047126,1.0908938951294707,1.210926425906099,1.2611709584387845,1.2899576165878024,1.4345242957074957,1.508103987234034,1.6158088380541178,1.680667614859847,1.754405480082506,1.8947053386600448,1.9421642590764379,2.0071773097026693,2.1347773441462574,2.215705140396723,2.2955187508106976,2.379246451096449,2.440519455743404,2.532781656980388,2.5926088793204536,2.7208824934271862,2.8328954026498625,2.850388239546295,2.8827132884166913,3.0484635248830068,3.071605724273032,3.087912714088492,3.160720947214951,3.2967730277882903,3.302491220611385,3.313547459814345,3.4430213982749303,3.506383022494154,3.5043940332631576,3.5235991066584336,3.6071800034696495,3.64735775219961,3.705961636943929,3.71576020520943,3.6728295959404935,3.7812609611523653,3.8071803739721304,3.803647914537187,3.7606487047350514,3.7508571181161936,3.6863322276201864,3.6674141204958666,3.672719222244369,3.6083618996766487,3.519126858295243
0.8374877987603935,0.8573072781012335,0.9596299799213467,1.0237962545755264,1.0728331096633466,1.1436706526782123,1.1978141729850016,1.2516655980451645,1.3411421669919683,1.4103574311668234,1.4266895357711666,1.4765170755938484,1.6046872115927537,1.6467338937626788,1.6818591070880609,1.8043605272371397,1.8873020601938488,1.910676500481197,2.0022711740435106,2.0956611928708355,2.1383957273222753,2.1919800293811464,2.2933116476951407,2.3574580055248644,2.380781326469884,2.4365322655926107,2.5250931096298666,2.567955817818622,2.6212988460804016,2.663446192298971,2.7470109593443457,2.8182408366610576,2.8453051895207158,2.857343307928316,2.965694594391194,2.971008905339752,2.978939542565312,3.02341734712782,3.007972602365305,2.9908600230621794,3.030351516048948,3.065752640283934,3.1019931975619044,3.1081552578473355,3.054938715319173,2.9164458898963685,2.7982763655262217,2.8140344157278436,0,0
0.6680332613034793,0.7249926713985148,0.7843309838272176,0.8208811946128008,0.8889989201737784,0.9488671377362805,0.9861916067339672,1.0624165106591075,1.1101655617782005,1.1374275822457187,1.2047376891220818,1.2412439593006839,1.291369512518961,1.3370330448566987,1.396008490588237,1.4370197373551123,1.4823971309514135,1.548601640221919,1.5789441676379774,1.6043408177447191,1.6823683678325323,1.7589300323539525,1.8104166107274366,1.8596634226148563,1.9854508264980624,2.029830020748078,2.0371337560424663,2.0935398223581587,2.122953688827559,2.1133255704034677,2.161678406060633,2.2619940332172717,2.2868356357876474,2.3287540264268034,2.388205671709852,2.456376766205398,2.500151126926985,2.4925792927660546,2.4741964057063646,2.4400283022510476,2.4665339224964,2.4708411702324096,-2.3702374391113535e+38,0,0,0,0,0,0,0
0.5158915726864398,0.5613922918462756,0.6366047791752906,0.6734281528868128,0.6954371031747767,0.7608341355224584,0.775930586498409,0.807262379283153,0.9001952877664466,0.9337608977306304,0.9858693759800655,1.0297094545747503,1.1211295832337669,1.124669044181087,1.1441646206206675,1.1627420983190804,1.20815147275972,1.235810682102987,1.3040893976042724,1.3422449452250558,1.3603149863384258,1.42537339323764,1.4393526064000246,1.4679414850899726,1.5699846463084794,1.6077094189619634,1.63463461638559,1.6652316482401355,1.7385200428189864,1.758013345094545,1.7656511982264427,1.7937706213175726,1.8388862223913418,1.85753226576428,1.8451579278240158,1.7987731522229662,1.800896289871603,0.7674051603922903,0,0,0,0,0,0,0,0,0,0,0,0
