jsons/1312556400.json
{"header": {"parameterUnit": "m", "parameterNumber": 3, "dx": 0.1, "dy": 0.5, "parameterNumberName": "Northward wave", "la1": 40.97354507446295, "la2": 16.46031188964855, "parameterCategory": 2, "lo2": 133.9931640625001, "nx": 191, "ny": 50, "refTime": "2011-08-05 8:00:00", "lo1": 114.97908020019554}, "data":
[rows 0 to 21 of 50, columns 50 to 99 of 191]
0,0,0,0,0,0,0,0,0,0,0,0,0,0,0,0,0,0,0,0,0,0,0,0,0,0,0,0,0,0,0,0,0,0,0,0,0,0,0,0,0,0,0,0,0,0,0,0,0,0
0,0,0,0,0,0,0,-0.001290900666768588,-0.000515143413140629,-0.00010644394308991952,0.00018908458690442093,0.000623956808677348,0.0006291889926589847,0.0006935327724086441,0.0006752666702761733,0.0006418410529678962,0.0005108127423150015,0.0004967969215146202,0.00044913428882914464,0.000328181869584698,0.00026472219682290216,0.0002593995682728375,0.00021308056980658726,0,0,0,0,0,0,0,0,0,0,0,0,0,0,0,0,0,0,0,0,0,0,0,0,0,0,0
-0.02108163085670194,-0.01718536385686862,-0.014690203153856597,-0.010183391546670728,-0.008278524358201464,-0.006442621305499995,-0.003925259645911695,-0.0034288542086000724,-0.0017219159225048287,-0.0008279104984011609,-0.00012535553485516256,0.0005443625851499047,0.0006598972297876313,0.0006685116267104068,0.0007106641040606002,0.0006426385416110855,0.0006260241124244778,0.0005798861743957449,0.0005172781068593771,0,0,0,0,0,0,0,0,0,0,0,0,0,0,0,0,0,0,0,0,0,0,0,0,0,0,0,0,0,0,0
-0.038102743873488935,-0.03589342815280219,-0.03396828287743234,-0.02952595982524631,-0.025175580936913307,-0.023064559391106677,-0.015718937881985074,-0.012163277593041288,-0.009149636583828736,-0.005268787239577902,-0.0021605446223940264,0.0006702004104457748,0.0005220325424738249,0.0005243357234846122,-0.0004240613919474898,-0.00027582512168734883,-7.353880723987558e-05,0,0,0,0,0,0,0,0,1.294177038659924e+38,-0.05080189620398816,-0.048166120102169765,-0.04659679510985368,-0.04401789004329791,-0.040669989870212545,-0.03635478278876238,-0.03446638851321331,-0.029636012151633355,-0.026056347051398743,-0.02468678486065908,-0.02019060056757515,-0.01884915737654673,-0.01560919427218187,-0.011872354285128435,-0.008741153649728958,-0.007069314312753738,-0.004367932478858162,0.0004111622384572,0.0030736291317459015,0.0053337269615935335,0.010167569401036337,0.011095089172801924,0.011970574635884725,0.013440935176748346
-0.04712138172274667,-0.047034933472330995,-0.04806173512263189,-0.05006372748742773,-0.0485717961967002,-0.04908671477045788,-0.049356702242924023,-0.04971357451623277,-0.046511435446635205,-0.029605507467411696,-0.024133352776877864,0.0007078628695697928,-0.009052713658856744,-0.008736229914953073,-0.011264910569776672,-0.029724663505421,-0.07273549611507138,-0.08512606171096831,-0.06828838432606416,0.034635448136180684,-0.07741550838541589,-0.07615641720853479,-0.07662082502866531,-0.07588949489995733,-0.07039833445764608,-0.06855474532115473,-0.06583756919207466,-0.06267537530183852,-0.05974547901448102,-0.05856330148245932,-0.053987363579914745,-0.05227105672923723,-0.047898610183301465,-0.043281507554053716,-0.0401009894877222,-0.03655232490953383,-0.031071825681187104,-0.028260138526715488,-0.02547401709898198,-0.02120027545112465,-0.018648258333607188,-0.016360245922706254,-0.012686620253382463,-0.008739998386369593,-0.004370643203283699,-0.0027297347023013435,0.005851157352733158,0.008832352906632979,0.01064434220849623,0.01589747387193269
-0.044585012321720734,-0.04455166570564115,-0.045904002404754674,-0.04792768046762697,-0.04897727690070405,-0.050531429217628994,-0.05353688153905143,-0.05544399763724211,-0.055436184132793775,-0.05907185626441361,-0.06074989353046671,-0.060944954282170054,-0.06588898742818228,-0.06815936454061879,-0.0670259026792275,-0.07168097905980178,-0.07694936619322082,-0.07930871531802693,-0.07705110019594599,-0.08621319901048648,-0.08217524395595725,-0.08361538337621206,-0.0868282519448672,-0.08597857281410348,-0.0829534137069838,-0.0813953769328732,-0.07963419573845303,-0.0756381388410149,-0.07396867986574722,-0.07336643343606776,-0.06839736400992087,-0.06699263650559137,-0.0634869851895123,-0.06026905134727746,-0.05756892594287325,-0.053615795313986477,-0.045649509039415864,-0.04154325745382141,-0.038334715828738104,-0.03139890655709501,-0.028212022942855124,-0.02467868641467346,-0.021774065505816464,-0.017839749464507476,-0.014087407303528844,-0.010347835688827616,0.0036573740900004864,0.00953352603313873,0.01271596787968592,0.021405543588886577
-0.026439396146745026,-0.027689881722343084,-0.028771590517549062,-0.03060834134865361,-0.03262870622413226,-0.03280942646212599,-0.035190589408842315,-0.037187127384971576,-0.03937421912366686,-0.042303702242682956,-0.044458272402262876,-0.04691365502733029,-0.05138940600716514,-0.05209934090332505,-0.0553461681664824,-0.059020230459784,-0.06371506659909557,-0.0662241697740812,-0.06942820749658304,-0.08234722793297172,-0.07701317458455784,-0.08395217264467214,-0.09628477990305774,-0.09777799322929873,-0.08923379966510908,-0.09606471057126045,-0.09558565874367143,-0.09111581623308754,-0.0893592107273565,-0.08928495615085365,-0.08550377544659944,-0.08419077083528322,-0.08262283267843801,-0.07898489191542162,-0.07607551405550261,-0.07339729193127978,-0.06761006894164291,-0.06459926918728554,-0.05952332507201202,-0.05142960084473416,-0.04874595618311717,-0.04287797953369786,-0.039800766889685,-0.032935421191462755,-0.027625313872832655,-0.023902862669946175,-0.01783071182175471,-0.01287350120252361,-0.008729887040013732,-0.0025964591225619603
-0.0013533165743977197,1.74612580899471e+38,0,0,0,0,0,0,0,0,0,0,0,0,0,0,-0.01928585203237204,-0.014284646173408706,-0.013335726630418035,2.334414625867142e+38,0,0,0,-0.043989934510460946,-0.08080618084018423,-0.11485876157441549,-0.11600661013455198,-0.10507541540243377,-0.10326664807510032,-0.1013335849402314,-0.09951768483461233,-0.09925147765138435,-0.09813356154930869,-0.09515620222221934,-0.09255569591107164,-0.09219696409944748,-0.08815875504795063,-0.08621664584543459,-0.08430191524341407,-0.0785621926787072,-0.07606299816107112,-0.07354792173194162,-0.0715033429483329,-0.0582547014988738,-0.05378117147043239,-0.04944235029657428,-0.04071648211267171,-0.03563894842431388,-0.03210484111590357,-0.022431346616457036
0,0,0,0,0,0,0,0,0,0,0,0,0,0,0,0,0,0,0,0,0,1.6724445470395763e+38,1.6742925725271134e+38,0,0,0,-0.12462539042699299,-0.12575098588793338,-0.1257449335236286,-0.1263448963570102,-0.12154982636973642,-0.12237329739116883,-0.12134575176622713,-0.11855313145059321,-0.11830609048288304,-0.11738656659217395,-0.11385327590805508,-0.11446054653253901,-0.11380868962417932,-0.11141816039694324,-0.10981501412630322,-0.10883513477026342,-0.10586301922149294,-0.10394564510881962,-0.09902103715710503,-0.09693158843223317,-0.09196549299723278,-0.08580368238318692,-0.08277661523898436,-0.078672085851481
0,0,0,0,0,0,0,0,0.051005676857256675,-0.15001185066658343,-0.15263347636090233,-0.1534095317830298,-0.16440359992487769,-0.16122972207926792,-0.16232023878996424,-0.1588545445864069,-0.15711300541260598,-0.15542561521501663,-0.15550575620208237,-0.15190458821697664,-0.1535678258801057,-0.15161157298008193,-0.151251783298371,-0.15166070829293962,-0.1518750481816998,-0.15335824211647348,-0.1534374504769871,-0.15365615693448814,-0.1536469727624016,-0.1537673193135229,-0.15225043252863396,-0.15237193823783304,-0.15274931581691403,-0.15226031780917693,-0.15239838409277265,-0.15349166285890464,-0.15451269141444146,-0.15468209881439954,-0.1545616168158607,-0.15339550112853712,-0.1514190095081473,-0.14978591030982816,-0.1454771306614864,-0.1476402843410307,-0.14553629975599489,-0.14245303818397198,-0.14087353478240233,-0.14051908870697521,-0.13869666787599327,-0.13818630460380416
0,0,-0.16516401921910437,-0.17510280201067405,-0.17621885171419496,-0.18120201026666455,-0.19259404422278945,-0.19612712344700972,-0.19596129088720177,-0.19913598794423373,-0.19949524275337274,-0.19760406141625164,-0.19819923256897626,-0.1980213904517553,-0.19639841500956798,-0.1954018349824414,-0.19592294567304816,-0.19171852918437907,-0.19059102311679815,-0.18821982097546397,-0.18798744251855537,-0.18749550270588097,-0.19005903369249283,-0.19099044083567168,-0.19063850608587748,-0.19110374072202596,-0.19251243884685193,-0.195206971943146,-0.19698463749309966,-0.19799761892379972,-0.19691479477524823,-0.19570746396152788,-0.19579549261774948,-0.19595954533171556,-0.19685081160120949,-0.1982478855812884,-0.19934008896354397,-0.19933535778706793,-0.20204710501338718,-0.2002264791782845,-0.19991698472738925,-0.2005156883081262,-0.19836362587598028,-0.19885268800809175,-0.19586880578639698,-0.19538239708989308,-0.19291206558838653,-0.18796554725789447,-0.18342628045221268,-0.18209595986318355
-0.19442362184795986,-0.19771804494560927,-0.20010906959721508,-0.21326763582469307,-0.21432763612701863,-0.2164174973579098,-0.22288135441901952,-0.22433888209672018,-0.22486794066207846,-0.22879364048306514,-0.23448471633103848,-0.23542373409941014,-0.24375160085613604,-0.2426879795742434,-0.24007973102663835,-0.24096472047990586,-0.24310380167344028,-0.24176148196504754,-0.2423430634984545,-0.23670598778356422,-0.23321353768046535,-0.23201604059117267,-0.23137387700552595,-0.22990833435100555,-0.22646067199041262,-0.22643902376874672,-0.22723858321720403,-0.22969503116067305,-0.23110122635801134,-0.2339619894754877,-0.23944124522116395,-0.23729113842767613,-0.23674645098813046,-0.23751700581914176,-0.237515405512162,-0.24086650197794332,-0.24541912382864392,-0.2482402677503388,-0.24465342058546988,-0.23964672052417693,-0.24329882839154987,-0.24339405044942375,-0.24102864377726144,-0.2375430728153732,-0.23961569421808795,-0.24301529408506264,-0.24611261236293536,-0.24466399265996006,-0.23715212316803386,-0.23498071245956131
-0.2057995949663951,-0.208878036526314,-0.212343437208175,-0.22643393757712577,-0.22899008791525766,-0.23340632499594435,-0.24525995480761298,-0.25185097559192693,-0.25445546460062396,-0.26335967558831036,-0.26923921371073817,-0.2712010162701432,-0.278486037829215,-0.27953092458602097,-0.277640797481473,-0.27957063529638104,-0.2849500997490839,-0.28285654530967264,-0.278344544458605,-0.28087082015111015,-0.27813677965942374,-0.27931840493514054,-0.27777937839367794,-0.2776082383211994,-0.2754043370822193,-0.2768899302443659,-0.2768682787112024,-0.280551113653158,-0.2802347788856974,-0.2888412462833337,-0.2966139642862502,-0.2963976867374015,-0.29476017957996475,-0.2909917938369468,-0.2886141937549753,-0.28642975468996795,-0.28795172075293973,-0.2855906791150467,-0.2891697369641589,-0.2835594368253451,-0.2894524742722378,-0.29699419900806956,-0.2990203744780141,-0.3032934931997481,-0.3066423950168093,-0.3037684821299434,-0.29780305325993267,-0.30033581821899946,-0.30178217084445674,-0.2980575914681178
-0.14878664399144104,-0.18211222618814313,-0.2012483945695963,-0.23210075338171152,-0.23597079213598593,-0.24118458925537087,-0.2552615519161476,-0.26032281786961303,-0.26472948228314813,-0.28128576876761296,-0.2879677750021032,-0.2900319536255487,-0.30113128853427806,-0.3056635414444081,-0.3101046455127634,-0.3106535784933589,-0.3257610706378396,-0.32319243064553915,-0.323850087906823,-0.33097929396551373,-0.3308214315631116,-0.33188933070474264,-0.33506433551567777,-0.33854344516715934,-0.3365887988456521,-0.33857373528946033,-0.344881733206012,-0.34462486351795074,-0.3484876371579038,-0.34815447617265627,-0.35269455569534564,-0.35327072809386256,-0.35578198719501225,-0.35843182813098085,-0.3552393963011803,-0.3578167000942498,-0.3574092993643298,-0.3598006717741529,-0.36466874084669515,-0.3686195472003374,-0.3610986227210415,-0.36982612192394265,-0.36997333244681085,-0.37089214164445017,-0.37867751988516407,-0.3756143109427267,-0.36638055160010946,-0.3737841291736484,-0.3694630535206354,-0.3595924543980138
0,0,0,0,0,-0.22101301835383783,-0.25939475543753926,-0.2694036475599498,-0.27680878865316855,-0.300291684463462,-0.30733395740997194,-0.3087458591793382,-0.3218312685766737,-0.3244808203262317,-0.33271004707796636,-0.3396538923777659,-0.3530924884099429,-0.3576183829709797,-0.3626991248847739,-0.3726729971672339,-0.37396602916601346,-0.3806942792850157,-0.38938937154368003,-0.3906588994330357,-0.3891635173823692,-0.39738470670983156,-0.4032230163368635,-0.4080540647933386,-0.41944919969077643,-0.42501733876295333,-0.42399018963746726,-0.4316033949000889,-0.4329974955987999,-0.4354644021934638,-0.43656359165912806,-0.44014615877517754,-0.4406879806704986,-0.44144727611568124,-0.442418451645953,-0.4499806052782904,-0.45503720947094,-0.46159495833917213,-0.46855579127760244,-0.4518972952388728,-0.45935274887823985,-0.46248110727378366,-0.45621125153149666,-0.4558659413572807,-0.45812665337598496,-0.45192898000114573
0,0,0,0,0,0,0,-0.17229388074364835,-0.18859169215429947,-0.21675657143308671,-0.23781177833501918,-0.2772191883085277,-0.312478763798022,-0.32935750529503244,-0.34315571624916796,-0.35230101117874896,-0.37054642329418047,-0.3761509542461191,-0.38378414997011906,-0.3961832064496876,-0.4034065042665999,-0.40860120348776574,-0.42864270320081593,-0.4384041673043883,-0.43950115622870906,-0.45015668028587186,-0.4569447867343116,-0.4631042354506431,-0.48006391211680227,-0.4836280377650994,-0.48936346575256073,-0.5017420185057304,-0.5091269768574214,-0.5122979596345774,-0.513796887420274,-0.5241745606007556,-0.5297070014949394,-0.5325188029589707,-0.537719484010614,-0.5388988590597682,-0.5415725767673883,-0.5495231255169672,-0.5544451427639261,-0.5550049554424342,-0.5643700425327046,-0.5717656636288729,-0.5634319364555975,-0.5729438059950362,-0.581661330343261,-0.5762611890772757
0,0,0,0,0,0,0,0,0,0,0,-0.11951361082188677,-0.1464012517135087,-0.22773560739375603,-0.29562293258268846,-0.3260542133462391,-0.3576303923060477,-0.37552838480959083,-0.3913747616152039,-0.4137448812042067,-0.42697593599780453,-0.4372158681575921,-0.45993099275581767,-0.4704186035826623,-0.4804465225524084,-0.5029112409003238,-0.5208542208250734,-0.5288680327640445,-0.5484814860678061,-0.5531268227096426,-0.5602202871422368,-0.5782290184244222,-0.5897201139033724,-0.6028884257689106,-0.6083420047469076,-0.6292748250047557,-0.6326422144345458,-0.6398984850036732,-0.6619713860385871,-0.669291949488942,-0.6742831468767341,-0.6896040975240296,-0.6947917785979252,-0.6950776405326533,-0.7114530430962592,-0.7148940556531836,-0.7150935506831438,-0.7259365533446889,-0.7284769436858021,-0.7364946174441008
0,0,0,0,0,0,0,0,0,0,0,0,0,-0.12599341568015998,-0.21371489356259213,-0.2491148182280826,-0.33447026096561994,-0.383739692779119,-0.4106166348774434,-0.4474290745543726,-0.4637949857780895,-0.47246660099299764,-0.4992477182489365,-0.5096993475487135,-0.5264091418293545,-0.5598054904360239,-0.5723162559797624,-0.5865909580530073,-0.612847123943052,-0.6266310657663529,-0.6381427396256345,-0.665165999075801,-0.6866770149600292,-0.7019142540789793,-0.7181581487416469,-0.7431672192820463,-0.7502798414193118,-0.7610354657508921,-0.788271552535216,-0.7932224338324448,-0.8082627812157999,-0.8254494126921598,-0.839229597589463,-0.8411815335881091,-0.856606531446978,-0.8623819762693946,-0.8606879938282276,-0.8625115713824386,-0.8586243470371006,-0.8561022554526916
0,0,0,0,0.04034992249497398,0,0,0,-0.08082995546188373,0,0,0,0,0,0,0,0,0,0,-0.38756147902828464,-0.45803631174213155,-0.5090508103079325,-0.5779190021873559,-0.6091141697460324,-0.625158855958264,-0.6751618998918585,-0.6921346867099928,-0.7039016050660881,-0.7331810641203325,-0.7419607021783403,-0.7511851917752513,-0.7641398565059514,-0.7712923135426831,-0.7795146821834076,-0.7951688432130887,-0.8234842440625663,-0.837596298601763,-0.8534264584604966,-0.8811703571959216,-0.9168667874650833,-0.929006044120357,-0.9589364812566744,-0.9752024586165661,-0.9866540943227377,-1.005128479288804,-1.0166998261174172,-1.0264728898403102,-1.059948506366544,-1.0619262627648955,-1.0629490611178762
0,0,0,0,0,0,0,0,0,0,0,0,0,0,0,1.7954500238896253e+38,-0.08544651242660026,-0.19191307687060755,-0.2055859120502259,-0.19121442993656568,-0.19115257472254585,-0.26442696135067134,-0.46172768907667144,-0.6045483807015289,-0.7221343885354913,-0.8002125513060429,-0.8266042127356146,-0.8461479153554959,-0.8617098402305112,-0.8714595598470545,-0.8979305649281838,-0.9190791440750689,-0.9297492377382119,-0.9467077133129129,-0.9508841893010544,-0.9634730060715615,-0.971531622581365,-0.9874861738249792,-1.0126819436605683,-1.041871703119418,-1.068503590779667,-1.1343615184334563,-1.1598263773586182,-1.1853408749618501,-1.2310771269698886,-1.2488134075348034,-1.2489835163892054,-1.2846104483739602,-1.2972946507519798,-1.3091260169954595
0,0,0,0,0,0,0,0,0,0,0,0,0,0,0,0,0,0,0,0,-0.2704625136457258,-0.3698439419761681,-0.5301898217744637,-0.6238067400231385,-0.6866896172581521,-0.8081241378545545,-0.8746620866345078,-0.9569160797197294,-0.9939350316524916,-1.0396875559461847,-1.0761772025111422,-1.0996255764622238,-1.1267513066307262,-1.1431861402899925,-1.1674937850640366,-1.2244673684635643,-1.2332386960094237,-1.2458774596940485,-1.2642304907416368,-1.2711062275886804,-1.2840592341312245,-1.3096932339887144,-1.3373755270790473,-1.3563086621167206,-1.3920284720249274,-1.4169977550931208,-1.4570820466196666,-1.5468118278129865,-1.5647897238996487,-1.581593732249034
0,0,0,0,0,0,0,0,0,0,-0.23741402290376024,-0.24430285290060297,-0.24873834926960725,-0.25976052716454096,-0.28530826767742845,-0.28375983666116744,-0.3002895670146774,-0.33014018224277636,-0.36068432460900807,-0.41391255072429933,-0.5024441175869199,-0.5319440951107208,-0.5417815488259072,0.07827298106634538,-0.5776909389084572,-1.0494080278204654,-1.0387757936205726,-1.0600665303656611,-1.1457550876914424,-1.1628080776602212,-1.1863595181831206,-1.2738186544249699,-1.3313370889112826,-1.3553748771423189,-1.3927648600734541,-1.4393859108835356,-1.4783303511819241,-1.5408267274681242,-1.6341660967837144,-1.665641302788294,-1.696254978350338,-1.7402737867675784,-1.7704894487425626,-1.7970214060849115,-1.8131876804355092,-1.8007533628624222,-1.8167953195797537,-1.9097342494207625,-1.9218914725793486,-1.9350091860062464
