jsons/1312592400.json
{"header": {"parameterUnit": "m", "parameterNumber": 2, "dx": 0.1, "dy": 0.5, "parameterNumberName": "Eastward wave", "la1": 40.97354507446295, "la2": 16.46031188964855, "parameterCategory": 2, "lo2": 133.9931640625001, "nx": 191, "ny": 50, "refTime": "2011-08-05 8:00:00", "lo1": 114.97908020019554}, "data":
[rows 0 to 21 of 50, columns 50 to 99 of 191]
0,0,0,0,0,0,0,0,0,0,0,0,0,0,0,0,0,0,0,0,0,0,0,0,0,0,0,0,0,0,0,0,0,0,0,0,0,0,0,0,0,0,0,0,0,0,0,0,0,0
0,0,0,0,0,0,0,0.009437631502085621,0.008484550772147858,0.006192432760710224,0.005595570543643041,0.004511995359659307,0.0037442757232772537,0.003384120017599636,0.003126129337127491,0.0029041777455028886,0.0022523948481794373,0.0020793397884671942,0.0017401870018741554,0.0011953238314963196,0.0008674599658234881,0.0006356534483049172,0.0002958534726620321,0,0,0,0,0,0,0,0,0,0,0,0,0,0,0,0,0,0,0,0,0,0,0,0,0,0,0
0.029822509113451936,0.028074921738203557,0.02583709332507975,0.020510292403957218,0.019969532496456926,0.018333624329599455,0.013952746920607328,0.013379536446748445,0.012141894428240858,0.008585276464211625,0.007183699443773375,0.0055455441972440435,0.0041601805480660035,0.0036052376699698863,0.0031420531725765382,0.002638333329415609,0.0010835456321923434,-9.167155719978231e-05,-0.0006602209822166827,0,0,0,0,0,0,0,0,0,0,0,0,0,0,0,0,0,0,0,0,0,0,0,0,0,0,0,0,0,0,0
0.03404172079534285,0.035822871483310405,0.03568649269486714,0.03285657704543152,0.03257904676724706,0.030874707955168636,0.023785570300386444,0.021062094992376615,0.02025860507438604,0.013784807278252535,0.011123450692113995,0.007844673305401784,0.004073207022220007,0.0036114850133901542,0.001408998709984463,0.0008645596767921039,0.0006214472836504052,0,0,0,0,0,0,0,0,-3.145046326895821e+38,0.1401798006755904,0.14198669139403555,0.14082486732172161,0.13997949727907744,0.14001753698136557,0.13340288414193183,0.13331411229099274,0.13241519927514303,0.12902859048022294,0.12583557121310485,0.1231103723358963,0.12321474955741672,0.1165936120394875,0.1139415365910626,0.10805559363264582,0.09900714793123891,0.09076688259559808,0.08732584809877389,0.07681236076597121,0.06884294560270336,0.06403467332864408,0.05126100011102855,0.04896773354299841,0.04176373701663221
0.025037217744489523,0.0279609873885419,0.029182950173815014,0.03133663149965717,0.03516436801898354,0.03676719080748918,0.039393958872293945,0.042756472323046316,0.047831968378211805,0.038090117936253325,0.032078289330367334,0.031296193474462226,0.014816347577765092,-0.00317984325551392,-0.0031743065383444454,-0.011276748871202395,0.011748423013136097,0.07829028622044078,0.10192035397841062,-0.15115212335532788,0.14249864465104442,0.14886892740612914,0.15620176576353378,0.16276501025253515,0.1660360226560023,0.17051099257029245,0.17302980362813233,0.17540559685710963,0.1751728151569974,0.17667473487410904,0.17637364618783055,0.17299377869393123,0.16901616931904856,0.1667846569575089,0.1658809718619028,0.15707359768345022,0.15560772047349541,0.1488846069356794,0.14234567840258847,0.1366452499072405,0.13487148760109238,0.12558152899264918,0.11838583635235966,0.11348564285459885,0.09893266292003404,0.09435678828612051,0.08421779236282569,0.06278532612398592,0.054287141071888,0.04356701223129412
0.009938855410956937,0.01074424108679109,0.012249835163760055,0.01250025987068189,0.014690737725451725,0.015576706444465306,0.018424148167880152,0.020659183385661986,0.02341756379632823,0.026337659526964194,0.029194630797085907,0.03350077304887553,0.03902141845669514,0.04392771484294996,0.05043648907629663,0.05772071248053935,0.06545172602695984,0.07998850604723426,0.09069423210505187,0.1085772107284914,0.12385011386234539,0.13448830457950786,0.14849515109667474,0.15697656591331346,0.1695566765390338,0.18095638466354544,0.18641235701502487,0.19228959519135824,0.19869037705723452,0.20148509895242397,0.20559886019347756,0.20492297852079167,0.20333850049562674,0.2030838840618574,0.20248855547925868,0.19406831378184425,0.19082888191786196,0.1854576833098635,0.1769706082136213,0.17218978491164047,0.16482733594814028,0.15415478679934874,0.1473814264649857,0.1450298122805063,0.13101778102631886,0.1225212885709376,0.11208048275583804,0.08057950662056028,0.06679472270144145,0.04222494452450231
-0.0036461339634606027,-0.003474979345036185,-0.0035319072667020445,-0.0039563612794134085,-0.003487688837055659,-0.0023047110646629994,-0.003817856445201746,-0.002359713044538274,-0.0008869092161091783,1.6264734096084317e-05,0.00031802902320754857,0.0012416602465797435,0.0031077200661441366,0.005814611324192763,0.008137657397619067,0.011495211712914013,0.017193750538971358,0.026831612684236533,0.03249480503134758,0.047073067820074296,0.06361824510264175,0.0800806450712964,0.10023983758688529,0.125360016721696,0.14520505417774027,0.17385335016997627,0.1835630393380468,0.19491174300461736,0.2098344034500181,0.2138998471770233,0.22151453147891345,0.23075300364142617,0.2314783552603825,0.23537643196665117,0.2319865529299647,0.226925954446471,0.22399888654154956,0.2229335031949697,0.2090723940143817,0.2059884658986976,0.1993991400043558,0.1889880014754331,0.18160434181916627,0.1760644351987043,0.16173768193351934,0.15758011543843908,0.15053455201253782,0.13097789550423883,0.12255660890032946,0.11111768777513566
-0.0037647376634585626,2.9187828993999036e+38,0,0,0,0,0,0,0,0,0,0,0,0,0,0,-0.019923776695889794,-0.026775350266576434,-0.021991001474254087,2.671071926064948e+38,0,0,0,-0.025032278241281913,-0.02197018261596697,0.05231408110602005,0.16164431961750436,0.1944851294089397,0.21770371669069669,0.22411213348810344,0.2352690764720903,0.2506653308416838,0.2557134416929609,0.26220484290391005,0.2658604797097017,0.2684482030559168,0.26723135352904753,0.2660211697150157,0.25952526581920266,0.24959146847828828,0.2467632009861648,0.23519379878081031,0.23087642206047643,0.22247025005042653,0.2117441991448532,0.20703881132057,0.20191612623368127,0.1919192615645231,0.1867096437617523,0.17939414127220893
0,0,0,0,0,0,0,0,0,0,0,0,0,0,0,0,0,0,0,0,0,-2.8812629963052706e+38,-2.953988852411963e+38,0,0,0,0.22056586286410962,0.22783402850912732,0.23332537935312844,0.24021296305401926,0.24973525999269566,0.268388731503027,0.2812596709433469,0.2870611124613067,0.2928296673088389,0.29723936756485225,0.3001107739011306,0.3035170192292351,0.3007913994523734,0.299533301239932,0.2929133804511046,0.28038995274923756,0.2738708928246618,0.2678327785655784,0.2486057798165041,0.23943461205240626,0.23585145816206204,0.22148239104619746,0.2148761258245534,0.20762086129838642
0,0,0,0,0,0,0,0,-0.2204738803222505,0.183776507483376,0.18715942531166796,0.19758436818301814,0.21606943144028085,0.21958792089604362,0.2284265872359555,0.22896692243048125,0.23507915625547174,0.236304679256498,0.24083224551614646,0.24259820546127428,0.2434073305752668,0.24118995750993952,0.24235613368864747,0.2441823425190309,0.24758523028631768,0.2545316013551389,0.25653649432492415,0.25872671183791696,0.2681187974394889,0.27599254688160335,0.28194711961148744,0.2952262377647732,0.3006805538547239,0.3088542721587052,0.3148792692473895,0.32499488432952517,0.3343510135457039,0.336278370311224,0.3421313529954008,0.3458099187203857,0.34606254974708833,0.343043303751596,0.3365438345223119,0.3340535651455365,0.3217427010778331,0.309434499527701,0.2974270891948081,0.2808788741754572,0.268370392627915,0.25604738901802254
0,0,0.15980600892710506,0.16922090322144845,0.17564174189724796,0.1808459870221536,0.19384083609247105,0.1996565142662812,0.20398763828951144,0.20986920243750629,0.21574421854329956,0.22224126545489314,0.2266368687986665,0.2293553713252259,0.23464359944489577,0.23812588376729993,0.24354962742173256,0.24685967063413886,0.2491888521105202,0.2528553395150137,0.256081311700786,0.25874633073011055,0.26249248487029386,0.2662753299652721,0.26996337380610047,0.2719121692135502,0.2744182843666252,0.27252197080150026,0.27972536122697184,0.2832682199186859,0.2871634829308279,0.2972177721461884,0.30124876707180787,0.3122456676861841,0.31746063482314707,0.3292610397247251,0.3409657796743811,0.3472625122009547,0.36554827772806864,0.37095618730596275,0.3763316092046449,0.38071682205662144,0.38315020254123083,0.38621842203957096,0.382765817992846,0.3792275697659902,0.3729560816223912,0.35254643366719585,0.34041001308504965,0.32229759522145307
0.12634114293168264,0.13301082144328993,0.1408281532914191,0.1470391998179239,0.15539187535343854,0.15978016375729412,0.1662531096849423,0.16931097717307797,0.17486311266922663,0.18199532795497148,0.18537417894710462,0.19272366601884067,0.2043814163341994,0.21147277646499144,0.21386258908969677,0.22128429291188828,0.23129622730437452,0.24019241812652697,0.24366357825771423,0.25068504874618924,0.25615965135369667,0.2631409219580903,0.2641489696523548,0.26690960035936956,0.2719047397065893,0.276107250396599,0.27966674742106157,0.28018550448423724,0.2847226207317947,0.28821801956198984,0.29278698783889356,0.299838511972416,0.3031653984367147,0.3120895359091564,0.31639540891973056,0.32856409168751727,0.3456123100864423,0.35590974204811565,0.3700323628759432,0.38542598021044316,0.3976963444987095,0.4150718047880022,0.42067420455165394,0.4287846315200673,0.43831656114683,0.4408162972237836,0.44731553298633575,0.4472872701303401,0.4429495677656156,0.4395181209156391
0.06734239878253036,0.07409457846809535,0.07998933857913124,0.08790499714283308,0.09988275539996451,0.10231751561952601,0.10700549025765764,0.11126186374966315,0.12394644634338545,0.13210210705227624,0.1365699514748575,0.14428308083618324,0.1488145894127808,0.1510825565885246,0.1713135448082226,0.17381005453288095,0.1882756140300923,0.20340290770143052,0.21732419830124525,0.22763832149677438,0.2340469325769373,0.24326739569045341,0.2509535609213687,0.24911263836599223,0.2672455606946236,0.27502076268405323,0.2787353392194625,0.2858673834657907,0.2896874473576375,0.293574042846362,0.30064963217974033,0.3045727474378837,0.3096577633365922,0.30976472154618684,0.3281860943532371,0.3348086784794647,0.3504047714114844,0.36302904756759297,0.38104739076647537,0.39330629881048385,0.40921435847914733,0.44018391359101167,0.4535976074613008,0.4903360592585349,0.5162445271032027,0.5253563545855203,0.5466436594904072,0.5546424796770223,0.5602066965825199,0.5698996109848237
-0.10707703063352453,-0.0779090008978898,-0.0457181954935319,-0.02328885594649328,-0.006686746234807447,0.002256347615418726,0.013658821075137452,0.015425757903011214,0.03098398812430663,0.036819887736470706,0.040669147828912344,0.055788123826433375,0.06758533417238037,0.07620678383894573,0.09774855434484025,0.10813982169850238,0.11577502584834855,0.13034619056191185,0.14635442855935288,0.1587835969359267,0.17989256484318392,0.18784925758092283,0.19975646155488294,0.20942259903826363,0.22430828108611262,0.23953440147095634,0.25187408253062826,0.26581127518205283,0.2812912959267642,0.29199688419068126,0.311274890827348,0.3249390815466387,0.32829472548967714,0.3371174450800945,0.3444323110956045,0.3569324072033973,0.3749610163915828,0.3843279552409648,0.40283075843653476,0.4138911898704908,0.42819004153003043,0.4556937532941015,0.46991791454041426,0.5028305581239911,0.531314914910287,0.5478684884022043,0.5790670773446045,0.6102417937238862,0.6184710528676232,0.6367518297921073
0,0,0,0,0,-0.09873484312183843,-0.09192482835290634,-0.08487769262926952,-0.06233888646095758,-0.06318578983368982,-0.0589483630679003,-0.030808393601661932,-0.02386910471545962,-0.00919802803544922,0.017572411313456875,0.024915899818836695,0.0338013674415344,0.0657748310573742,0.08237380382845014,0.10589139318725985,0.12746942773604653,0.1366476502519063,0.1480434356003368,0.16151591620275724,0.18874998450937905,0.2038885379494134,0.22338184999478303,0.24507222511554963,0.26641430841570957,0.277362532195648,0.2985311151319637,0.3134171643088239,0.3228582695837944,0.3384656265910132,0.3457767502204775,0.3593304719134736,0.3819612742810628,0.38846444150446346,0.4021288856171337,0.4235729887600808,0.43671735871440875,0.4554346568054625,0.47022724794451776,0.5173447082077085,0.5406523301197231,0.5605946960010139,0.595756042769878,0.6308712329679882,0.6526496168778748,0.6870602427907528
0,0,0,0,0,0,0,-0.1716964587290451,-0.17952780121121237,-0.19022687797922913,-0.1837985034972825,-0.1521146209890643,-0.15018249889728105,-0.13604093755678534,-0.097035449776597,-0.08033805220804528,-0.07570534466321628,-0.04707672745669592,-0.034136500308808305,-0.025795038137386612,0.012050903057219281,0.032471690103790356,0.046354952103303496,0.07007747455428537,0.10615441669942584,0.12592965661314548,0.1454989520150234,0.15883581086415857,0.17829658807782967,0.19753273454393275,0.21977416968837513,0.24478142844593276,0.2612601516176011,0.2954449395335775,0.31887755706925996,0.33339294974620703,0.35235145983513944,0.36419713432372336,0.38068581064098356,0.4093757971410107,0.4223000717121972,0.43520741736847945,0.4538407863585294,0.4777666539855952,0.49797561213874075,0.5210289278825734,0.5618488967614871,0.5911162056461983,0.6215767394657509,0.6752940459757476
0,0,0,0,0,0,0,0,0,0,0,-0.1921964745169197,-0.18000194464490224,-0.2002305019008508,-0.17545862712881047,-0.17321037865879585,-0.1728501352047315,-0.13803870297319507,-0.12975354250365223,-0.12331354651403068,-0.0921885681677599,-0.0755099271184696,-0.055873511614331996,-0.03381274320144099,0.004776697534155839,0.02869129131837252,0.04854010170315322,0.09233021216849534,0.11406386702109023,0.12165953175487289,0.1340745009988356,0.1805903051241571,0.20040174113121825,0.24451773216526212,0.2442270719128527,0.2714275227211347,0.3103922876203111,0.3213823497356193,0.36146129681697553,0.4312163427897614,0.47768253645064157,0.5187451207264192,0.55634833852161,0.5796467407076497,0.6320380748788492,0.6452768046024832,0.6864151804423455,0.7274439407919301,0.766784745686849,0.8269107611672057
0,0,0,0,0,0,0,0,0,0,0,0,0,-0.18191760084527198,-0.17933239227466288,-0.27200450813368354,-0.2790527362135849,-0.2240219838723371,-0.21038618769813872,-0.19620318988361596,-0.1713791512569627,-0.15830669052159063,-0.15759676553261248,-0.14807111699335382,-0.11674855746842532,-0.0955122791522189,-0.06668891822362952,-0.019857925770728427,0.022537519964994496,0.052247686922936444,0.13636767957257462,0.1669258215315465,0.21029865785216945,0.27971574767472734,0.31892910783777606,0.3437936111240518,0.40541319226724193,0.43956279468242876,0.4680582274223905,0.5033392905031497,0.5405712316467508,0.598580912415855,0.6253598825212889,0.7010581040621283,0.7471558262434802,0.7845382478848797,0.7747782762697119,0.782582774814314,0.7842961113157602,0.8270633229088243
0,0,0,0,-0.226662688644191,0,0,0,-0.20255703681475543,0,0,0,0,0,0,0,0,0,0,-0.2637641065808637,-0.26697550033568757,-0.19108301335267544,-0.15352177322036153,-0.10037657926936945,-0.03308647892242858,0.02204779932407068,0.04529601685159368,0.09151720499374039,0.1324586857443251,0.1734981434263641,0.21178280799150237,0.24284291668057742,0.23815984412391594,0.21842244485940632,0.2363894073516305,0.2868053189337622,0.38494565758302174,0.44622630714257006,0.5369435933727045,0.6817950853422081,0.7152490918898967,0.7630351950352549,0.8028388474243828,0.8782284185218547,0.9335186925108855,0.956584816293893,1.014632167187017,1.091097941884799,1.1659863973005025,1.2456908354605856
0,0,0,0,0,0,0,0,0,0,0,0,0,0,0,2.9742148751725812e+38,-0.16022460726104057,-0.20374104669143492,0.05601461143114393,-0.0869619994719416,-0.21722000383195886,-0.28409636288683104,-0.39341630563381647,-0.3594816896855921,-0.14450386170434207,-0.05286487203378134,0.02829064266648017,0.1719565867803814,0.2452969493703827,0.3125925632786217,0.48607136124034683,0.520121825579338,0.5310046797304726,0.5198743561566722,0.5060198433562583,0.5237673872836566,0.612752551670666,0.6323405693987567,0.670795581280396,0.8509042707791566,0.9410531186938967,1.0817853444175438,1.1788760453774694,1.2945304606952146,1.376147561806047,1.4451353043252204,1.4940386853278342,1.5449261432270194,1.5724927092743095,1.603142824822816
0,0,0,0,0,0,0,0,0,0,0,0,0,0,0,0,0,0,0,0,-0.28324808815338914,-0.3650321996988732,-0.48042320131278254,-0.4929176567927916,-0.4089028887731274,-0.4017010940204101,-0.31849483995461453,0.19589783655412216,0.1794268881531347,0.28039831360846273,0.5943197489401982,0.6414905734683433,0.709961707463039,0.7977900892052957,0.8827899058136058,1.006028316519288,1.0611261359412674,1.0338813808422744,1.0649655540230025,1.111739079990735,1.123855612019668,1.1358390437244632,1.18100867556129,1.2530697436524725,1.3024629217307193,1.341082939309341,1.435821731450002,1.5626473051485654,1.6820786444479394,1.759131972237741
0,0,0,0,0,0,0,0,0,0,-0.38749318571500946,-0.44775887992291974,-0.48103704548400306,-0.4996730879051392,-0.5193479739646686,-0.5328120006012474,-0.5658569348142014,-0.5859179211561166,-0.5980271909711903,-0.637847953724643,-0.5762878260346014,-0.6008708908700977,-0.7125959292564578,-0.5736484622042509,-0.16521385661107088,0.04632584655559604,-0.04019518823287515,-0.16142696708803556,-0.017564679028249746,0.09332235728464468,0.20986299504043335,0.43670137823736993,0.6427293537286605,0.7581840571874106,0.8565202936901946,0.9283223648071766,1.0431470492465569,1.0725399702287675,1.1095414356698496,1.2102996112981024,1.2908591549856252,1.3669539312859436,1.3942430438942142,1.439241812868885,1.4529809470296386,1.4635167450123057,1.5154625249522649,1.605633239713212,1.6413129415822951,1.689809234587387
