jsons/1312786800.json
{"header": {"parameterUnit": "m", "parameterNumber": 2, "dx": 0.1, "dy": 0.5, "parameterNumberName": "Eastward wave", "la1": 40.97354507446295, "la2": 16.46031188964855, "parameterCategory": 2, "lo2": 133.9931640625001, "nx": 191, "ny": 50, "refTime": "2011-08-05 8:00:00", "lo1": 114.97908020019554}, "data":
[rows 22 to 43 of 50, columns 98 to 146 of 191]
0.5915102410357802,0.5326378596081891,0.6322729170544977,0.7516575007821493,0.9329417653012216,0.9749263603969495,1.0108294612236408,1.0583155776030864,1.0820316997811268,1.1110673881202897,1.1312006685970586,1.1340332657629077,1.1424239078702036,1.146925773042204,1.1580453352661457,1.1676826185948694,1.1734248785330217,1.1880101095501745,1.1994158286285894,1.205127986070091,1.2199982531061035,1.221239846482804,1.2271177700310056,1.2524244918488274,1.254843938775023,1.2672045698136611,1.268617672766881,1.2668507766123567,1.2709755746584361,1.2766176476440885,1.2642380473806687,1.2812691881896774,1.284134877612519,1.2673255182991103,1.2602160805054246,1.2562478586932053,1.249894895104861,1.2549187451254105,1.2486560189420655,1.2193328333457503,1.2105465043908838,1.2149029505625497,1.1850964493271376,1.177181516705191,1.1705619059034515,1.138647737325659,1.1274677463583955,1.1337536523741252,1.1404454705179132
0.3830564420711637,0.39386776379576177,0.39311545937178,0.5003479981659036,0.7621028696937908,0.804593894133668,0.8669718014095812,0.9147199034850456,0.9570292652138697,0.9855212337581956,1.0293294615942843,1.0424207684094289,1.0587491366402542,1.0826950171686456,1.104917254431228,1.1225305259434297,1.1329733396342399,1.15016288412885,1.149521878132379,1.1509515869069789,1.1749251311093543,1.1865363108393991,1.1928217767068023,1.209968693157933,1.1855604326831042,1.191188615979793,1.2145235177060092,1.2177445340691293,1.2320497474423981,1.2409599274849907,1.2304056692625747,1.240206289787949,1.2425086544969781,1.2304758846415937,1.243791629208029,1.2382888882231966,1.1861765791735268,1.2162410240404333,1.2004528311100944,1.1382784505652086,1.1312014066096934,1.119642302974268,1.0572655016618258,1.0326827246367225,1.0278254668675268,1.013609628627121,0.9820540336195465,0.9678394780766971,0.9600929742780161
-0.20919423759124411,0.3690232025334668,0.3737718467641668,0.30011253876799815,0.42848169969045724,0.48518396553956916,0.5752019383624226,0.706473780396094,0.7756511549499923,0.8074690597020909,0.8811697655492845,0.9076568500299136,0.936399433016562,0.940001805947161,0.9642830390601396,0.9825464483954283,0.9998998187928347,1.016116155636841,1.0438157262948828,1.0508848879946362,1.0630459181262881,1.067538882201976,1.0769289181310453,1.0892427474734698,1.0897411143184843,1.1030190358228458,1.1095734408651492,1.133930434134403,1.153944957251229,1.1571072076860427,1.1428225383515997,1.1308312141175318,1.1352748255309824,1.1301609297694744,1.1260497752345866,1.1025621463766897,1.0434146212346311,1.0110748595678998,0.993958055634677,0.9109010435321815,0.8791317268858905,0.8351417588974808,0.7425558702065642,0.7060574660494318,0.686799794685944,0.640215404467419,0.6674792552241899,0.6539515049144248,0.6673606409074913
0.7691394817740375,0.4726342501783265,0.11549750057254174,0.15239992270788819,0.28091150403605736,0.3220009913117236,0.3801973276341947,0.4600377512296525,0.5205693691803585,0.5474944537916017,0.7002650448506305,0.7386919968598425,0.7342951050735376,0.789327156404479,0.8235037718283046,0.8878084956384868,0.8873183019515188,0.9085404803455529,0.9120015118308521,0.914304475649426,0.9482991359449919,0.9653202780218544,0.9894956338107587,0.9643887022544296,0.9762934725992897,1.0099499029471783,0.9836074032975082,0.9787663497834226,0.9728396676626689,0.9627996193650504,0.9335198115406763,0.9366926003187077,0.948776837260648,0.8936942474981389,0.900317241449209,0.8899367476291682,0.9135028983744501,0.8995440154999614,0.8492610523930443,0.7549546675034795,0.7184129804959968,0.6776569760539961,0.6465107285387219,1.443101641049395,-1.3938913225768361,-0.47779356401570056,-0.656792238838555,-0.7338059855658473,-0.7136304827181618
-1.0064500448552591,0.4905951457104227,0.4952337204116625,0.13851257020679983,0.15497486454813436,0.18917044309502515,0.2136573517490873,0.2181737386614693,0.25632311441763406,0.29004062017901766,0.4159747919215364,0.4623421753197589,0.5368430748447856,0.5727052387246981,0.6345401171242381,0.6688099709391851,0.7032294541689653,0.7490969893229246,0.7826597307114939,0.8035406199647939,0.8854985359607761,0.8856125785225787,0.9059383254169042,0.913404585674904,0.8964049916914314,0.8882092729769269,0.8467836597929325,0.8529799638227492,0.8574751037642415,0.8540977635328674,0.8370157843443063,0.8255474925641556,0.8104851250909921,0.7871677625878039,0.7610536612929064,0.7283829755829825,0.6305804134500427,0.5718074902906036,0.5124342238817825,0.42376170276920677,0.6250989384424945,0.6404122701777158,0.8006811524321732,0.6124132283904518,0.569901879272068,0.6795672366995549,0.7399145088340747,0.6880464826132073,0.8121844220435911
-0.9603439857107374,-0.029908459129153617,-0.060896584457772136,0.7371430844482124,0.3103517622363557,0.13066038915500028,0.1610753027094535,0.20473649713098493,0.22951928096703664,0.2656568552467947,0.3347339556522014,0.37222212328892035,0.4359255893907144,0.488891680470353,0.5552199144732465,0.5608876337612386,0.5905679721903773,0.6780401578277787,0.6875713928737065,0.723036563580956,0.7124596233339299,0.6979462133809599,0.7029521068098954,0.7060181839929454,0.7057530649486917,0.6907272193194258,0.7168206435684406,0.6787986901696391,0.6640378622023365,0.6764432744229547,0.6794819632280779,0.6839725727564816,0.7072762088358524,0.6834445916167041,0.6783594492624218,0.6661572659898952,0.6273111595983716,0.6568863038257506,0.6603922627258059,0.6728864708720833,0.6615539487949633,0.6547264444726615,0.6351845021508438,0.6266467245703513,0.6392215043818599,0.6818400915056674,0.7000333594649912,0.7227112177709436,0.7217362673406411
-0.6606033460870047,-0.0032907744547050234,-1.0482465122904199,0.6113369993228518,0.2991528639409499,0.3145691709771273,0.2737718514587299,0.222406909275207,0.2822930287144316,0.2910313929218158,0.28830357863319944,0.3698481384511725,0.4071525449379071,0.4613488925569541,0.5170362263579429,0.5287345569451539,0.5588869658335895,0.5770483399624489,0.6078329541100604,0.6006666775891374,0.5865611520804301,0.552856698397992,0.5180659115579231,0.46791835366366835,0.4356306071341876,0.4142613523464594,0.37232069268880125,0.35619532707601587,0.3269986794576238,0.24738183227524177,0.20214970586317807,0.9501484705675953,-0.27990146133393934,-1.1171621511925725,0.44884785234194513,0.8494637004915117,0.9689910071930196,0.5465495948956726,0.41399191383691186,0.36592830352260564,0.3402954916729302,0.38188803488463874,0.41050363779848253,0.4218399075050252,0.429871473355813,0.43912251509294126,0.4418123737048091,0.42022196951336016,0.40531828655071134
0.18522947244583463,0.060036781924451194,0.05948821315576558,0.06298107433292088,0.08014981068466562,0.096900779019295,0.10426923413872413,0.12133681445832742,0.17103421862622945,0.2133783469801401,0.27971601522115985,0.30826345157381907,0.34420784818734484,0.366709439586199,0.4016667679747211,0.4398149357195496,0.45938736535312147,0.4810505858451845,0.4809717619081148,0.4506399548795047,0.44890996759265483,0.4440341248249391,0.433172207674229,0.4074249407882974,0.3439282181792324,0.2814656785934296,0.4287278511695714,1.0376040309219778,-0.532915895335878,-0.41861637564189663,-0.8801928815420411,0.2214935919813532,0.5564839254616663,0.7203530183145618,0.7814638485286467,0.8191476921556021,0.861024210228108,0.9080345788308314,0.9651449102467503,0.9873280919933416,1.0236482894779737,1.0564139480525292,0.8508530054710611,0.6865575644003724,0.6602347849127796,0.5328752311474334,0.44863391249241413,0.4489191393926669,0.40566077297046355
0.8383017947316503,0.642112641797842,0.4297080997768481,0.3137375789487557,0.15066444094658024,0.06881760916173786,0.055452615656952996,0.12379373749501374,0.1522776191437832,0.1769409009423441,0.2343496872316751,0.2481946642151276,0.2622547196470839,0.2777838702329826,0.3249220728467099,0.3707329271564495,0.38523920069792433,0.4234187758879349,0.4330749837932253,0.43193554146339747,0.41545759643378316,0.4178612085152137,0.42993261871127925,0.42235468858319886,0.4076295922737207,0.40730894951991453,0.37313898475680507,0.3575889084176061,0.44132368272942707,0.4725437159055724,0.6091090655440922,0.7300243658418072,0.8510349861366121,0.9808601017223098,0.9440650573018982,0.94022166025,0.9523798178493572,0.9352685549776767,0.9415731223369503,0.9223806734890846,0.9311365078554118,0.9295392160850653,0.9258920835375651,0.9012442351430031,0.9038616030288654,0.8394673819583923,0.8260474018381726,0.8196087422702055,0.7509632175489467
-0.11643395387449422,-0.09907691200170932,-0.09421479944268275,-0.20963118957175347,-0.41470234825243507,-0.6194372572232577,-0.6156225021699467,0.1858450800344923,0.815269590465647,0.44325809822762224,0.16886120589559375,0.17920768706912024,0.2072217288393372,0.2215845471612758,0.2692098749602039,0.2756811326080477,0.27160381870820927,0.3031664740561609,0.29754151479170116,0.2956681785161893,0.3125780182465211,0.3170315012443924,0.311086846936652,0.3266951198658016,0.33604091839491984,0.3565367228423915,0.3367828826649526,0.3346841267178496,0.3256964166660235,0.31603958992662773,0.2959155041661789,0.27571331583456765,0.2798604593502936,0.2836456245215853,0.30698824784664325,0.32409446525197877,0.36899283527052124,0.4242301539506756,0.425355635362063,0.4972300456980775,0.508328815992507,0.4731332436299373,0.570894149856463,0.5626437706884709,0.585953658868854,0.6448251959848829,0.6349165808610273,0.686250711939759,0.6797474525560495
-0.26017462225633303,-0.1776785257464723,-0.11749658024324829,-0.14473500033163234,-0.5587030782921543,-0.8079889911952627,-0.9579715072390472,-0.46710048644758173,-0.4556842854011239,-0.09976867721524463,0.5896024747334477,0.45104890991581054,0.11923508932180835,0.15874302149064295,0.12370271063804324,0.1635052356597724,0.1632523207075587,0.15183158859697213,0.14727162373258076,0.16858373832011855,0.22451029497812097,0.2448154285538937,0.23851225903020565,0.20537506001024902,0.2051309033054435,0.21418822925852113,0.2071252467300176,0.20506093614204596,0.18582411570386287,0.23906101230649074,0.5227289805045231,0.8613556376824474,1.2491956284951786,-1.0576509139202546,-0.8663186742281794,-0.6271777753723851,-1.2930975227779626,0.4974312668129868,0.3679430906993557,0.10346402284164366,0.6782162051005901,1.300824705584466,0.9657817299512002,0.6456973811866261,0.5876432402702514,0.4191635208269919,0.3807503299107131,0.3479336127842978,0.2082607298899826
-0.41088220523996427,-0.1944913506771933,-0.45599442848469945,-0.5660825778627997,0.8535953876442182,0.6505502546663614,0.38944668561526674,0.20931776202412847,0.2865703258599873,0.2815665517657469,0.2936525756183204,0.5534080344545309,0.5230250498040795,1.0893165817989137,0.5223625637257095,0.9206100736354933,1.1156349807294923,0.4987813986374247,0.4026327525322105,0.28984384438617716,0.13950846971736258,0.15451778621464504,0.156047344798674,0.15462512098433398,0.13790344824049927,0.12754259002701102,0.09898517499783714,0.17449561015563622,0.506481364023242,0.07633724490782415,-0.941607332628459,-0.17576866557651202,-0.6995857574618116,-0.17543264820312543,-0.11507790539562895,-0.12099170525270538,-0.120007163348759,-0.1237329732290727,-0.13295686153262704,-0.13236919141044715,-0.35474192959778444,-0.3101979376564558,-0.6625037453368045,-1.0426258595726983,-0.8319009130690836,-1.32475808423709,0.6748588129526937,1.1383595031529548,0.44619715408680843
-0.7718571618830156,-0.6322852220379549,-0.5621871401583183,-0.4621361971547642,-0.30595407292308946,-0.20336905645281914,-0.17742888493837097,-0.10895124095269966,-0.07662722665509766,-0.0927350963828144,-0.1390999568287288,-0.1601111392855786,-0.2750500488449845,-0.37649397759083164,-0.37759542066596563,-0.3774592134956066,-0.24701309999390544,-0.28884101637861087,-0.4788083425909156,-0.5447382220703743,-1.1617638631275395,-0.52882106137073,-0.8638645382417672,-1.0574257735345896,-1.1068132595114961,-1.15263203065392,1.0258833371388367,0.1164892090662819,-0.0004239386483816303,1.1521772005635635,-1.1173723172326775,-0.8331083651181985,-0.21936970159088057,-0.22361550003527497,-0.10362305123029049,-0.11536736540260188,-0.1340121121568992,-0.14430908740972667,-0.17167189703811814,-0.18310687984428514,-0.179515303731644,-0.1781444230638958,-0.1986169104531878,-0.19878540074887763,-0.19818256612290266,-0.17102519957704143,-0.22794035743047764,-0.21519458510275066,-0.48072776558837216
-0.9514253036315545,-0.8733823485985021,-0.8270570354375076,-0.7689405979688073,-0.6221277896004519,-0.5749104931848972,-0.4967378902302995,-0.3905665567149536,-0.3543821018562801,-0.30997377674511345,-0.28657487546681126,-0.2899939282374104,-0.28995926287997603,-0.2886693333587131,-0.2962129445818137,-0.2899514840592135,-0.2863467404550589,-0.24978802322357221,-0.19431769041759464,-0.1744461564330678,-0.4240161932614659,-0.4377069070107466,-0.4024142449001942,-0.20005655060334976,-0.17720797316316103,-0.18295795051993216,-0.1627993247080838,-0.15357148527315392,-0.11999527902927486,-0.09946945896292315,-0.08095845599796704,-0.0828662326141159,-0.09839857767734161,-0.11197705632092683,-0.12158855264242761,-0.13598119891514032,-0.15263457970599187,-0.15835534195193027,-0.16612040187559426,-0.18890595824310144,-0.20261296373655674,-0.20075423925138652,-0.15301025113943997,-0.14510904803081934,-0.17428574253377288,-0.19055193222752653,-0.18930862156844544,-0.19017460827986654,-0.1861025656687449
-1.0310119706256953,-1.011706590676956,-0.989206590543616,-0.9491834806453491,-0.8906030823640889,-0.8251120610165008,-0.78422837537333,-0.6819538877004135,-0.6508842938361357,-0.586278400854906,-0.5481019510960546,-0.5268160867542161,-0.5095827703497804,-0.5071659988165034,-0.4736415118614311,-0.4863094195824322,-0.44552632273847254,-0.3929993963521753,-0.3945808077782476,-0.3998474998587442,-0.40222278553944835,-0.40700104756747524,-0.409515938226833,-0.3955141795595174,-0.3721481147543544,-0.3478558694544536,-0.31162092073331477,-0.26571778613705316,-0.25385500301750147,-0.241959280641767,-0.2133227981703554,-0.21543312760398725,-0.22038717831223675,-0.21528589882056598,-0.21134078389730038,-0.21134092947788605,-0.2002947016571675,-0.1988121284453758,-0.19797790122126704,-0.2034631205078531,-0.20685794375228403,-0.21263181811587592,-0.22101724010185375,-0.23009323402251924,-0.2347348580431954,-0.2549752523108978,-0.2637654549812729,-0.2530366772484582,-0.2404532516354056
-1.05395481704573,-1.0556295560856035,-1.0348985163349917,-1.0188865713570343,-0.9807246074240862,-0.9530483684651528,-0.9267694680020916,-0.823786191541184,-0.8036603889512035,-0.7185715249827764,-0.6428091825031219,-0.6345424964077262,-0.6046938105513981,-0.5762000078701126,-0.5217572574796496,-0.5309928426886174,-0.5327752712883624,-0.5306080038955951,-0.52904824928775,-0.5530342720952804,-0.543497407365806,-0.515725789330908,-0.49965421301235907,-0.45514912687517034,-0.44079366940681813,-0.4324022943516441,-0.41563338000404737,-0.3853519366789758,-0.34893228652978625,-0.33184393612856344,-0.29197700277392014,-0.28640352361778154,-0.2858875735214568,-0.275520686144116,-0.251911281129914,-0.23192937902910574,-0.23298482949481847,-0.23025713416157476,-0.23292929559166345,-0.25059351056380125,-0.2664280242453779,-0.288396195298276,-0.3004560901267783,-0.30084883358944564,-0.3041126071669745,-0.3013356717265164,-0.29463601576837817,-0.2895098594641293,-0.2888040630200367
-1.0833611319041572,-1.0706129689011874,-1.0724116743742198,-1.072390928707312,-1.030038633806673,-1.0229538313716182,-1.0109913600986589,-0.9717307846742134,-0.9151127444904641,-0.8823986420570091,-0.8282016422671449,-0.8148779636825636,-0.7913269935570104,-0.7662608382604837,-0.7514567747775788,-0.6985896128893606,-0.6652610732697094,-0.6042776978957286,-0.5750658964456656,-0.5932752017899294,-0.617543180256855,-0.6171942319080553,-0.6142613655180962,-0.5682126753951258,-0.5383202291910559,-0.5374991998281269,-0.471593904307293,-0.44383041875628076,-0.41882100180047294,-0.4122288795059272,-0.41005038390412674,-0.40603931250143344,-0.4174500210070487,-0.38259081985928395,-0.35291048719442214,-0.33540789957717804,-0.3284006245790482,-0.3225829845757102,-0.3221259970972525,-0.32300343497978307,-0.32274710463364853,-0.3199888607208685,-0.31190699906030744,-0.32799014954915007,-0.34201788257272797,-0.3542890424500789,-0.3610957607894229,-0.3631291101747357,-0.3642758433642474
-1.1148048111432283,-1.0992985592653453,-1.0906086866038263,-1.0963107405911088,-1.0775094196936932,-1.072462933198751,-1.0539488177257283,-1.0026203643382487,-0.9948831912953519,-0.9544969559247312,-0.8993208283260199,-0.8731673721206199,-0.8610538906731707,-0.8275634495587978,-0.7638171531933716,-0.723253470575462,-0.6921051274856403,-0.6899039530268691,-0.6872873818916391,-0.6727616891339613,-0.6384070785149261,-0.6134307981026106,-0.5809266548174912,-0.4902720837292186,-0.4754719916871581,-0.4829440210683045,-0.46948799203592095,-0.4569352109171029,-0.4512635503507164,-0.4473505473501718,-0.43667109239517854,-0.42601756374951494,-0.41882009637646744,-0.41329546570647363,-0.40567883723957104,-0.3936418639289732,-0.3792595499059684,-0.37712551558713175,-0.3738188237485581,-0.3696762791741839,-0.37248014336667273,-0.3797652335147659,-0.38142710984937284,-0.38332306409037936,-0.3835493894950795,-0.38338649752868575,-0.37770997660560457,-0.38205330523681963,-0.3990633544677314
-1.146022367180582,-1.103126722695721,-1.0963364261862176,-1.0845939479269957,-1.0620277656389132,-1.049156216420493,-1.0532570437499613,-1.026165935322731,-1.0033754486206332,-0.9600571567769458,-0.9252624625766895,-0.8721272999131094,-0.8267362316879835,-0.7846771939435881,-0.764404132398949,-0.7386833108937774,-0.720388763911847,-0.7045556214565648,-0.6800325437880378,-0.6548964252119266,-0.631527980846435,-0.6166579151320752,-0.5827017772140267,-0.5558621744302357,-0.539315903155217,-0.5253089429933022,-0.4857991844344388,-0.4777079213332394,-0.4766805143700991,-0.4695800784805225,-0.4594366795838544,-0.4579940327667832,-0.4571909038613859,-0.43804525728045374,-0.42893175140167433,-0.42570533867563237,-0.42213463524108724,-0.4155077902773406,-0.4132117448669656,-0.41386538321509675,-0.42042029786330304,-0.4276897147588208,-0.4320069334360463,-0.4368649587371386,-0.4388130558277965,-0.4645471692081949,-0.4692665616734271,-0.4679470472681215,-0.4664118358764475
-1.1806046121153295,-1.1297655103192863,-1.1000179114104354,-1.103651084028717,-1.0790859566778344,-1.0521872744096163,-1.035736597713943,-0.9846285853551995,-0.9522877494235006,-0.9521718909054927,-0.907712791710491,-0.8734111814250545,-0.8613682147622462,-0.8409415177322278,-0.7714303796892024,-0.7539478017603978,-0.7403402062066498,-0.6935689290389215,-0.6645325886031583,-0.6487280154371856,-0.6121822075328294,-0.5867226206085838,-0.5672283111476671,-0.5542940693338501,-0.5351507243935019,-0.5157198655138627,-0.4961553108865778,-0.5079315239175352,-0.5152186604417678,-0.5244316787445178,-0.5385224916174703,-0.5209559533141488,-0.5008017137509899,-0.4831998298683795,-0.4852151173232664,-0.4896690663548522,-0.48455387509456166,-0.4753706963647537,-0.4819511153323073,-0.5125571508159428,-0.5232160457329638,-0.5330747317160809,-0.5432383139796635,-0.5501904544752589,-0.5570163720500767,-0.5816163460218184,-0.605599920822236,-0.6276264999105396,-0.6556000749266038
-1.1837883747065199,-1.1572573449634591,-1.1539967703124419,-1.1286780268512415,-1.1023785914783748,-1.0824633304494495,-1.0580608594747338,-1.025464464369384,-1.0241025319906372,-1.015514854647957,-1.0343698006649158,-0.9879258268622022,-0.9303742781839849,-0.8928703462208677,-0.8288415496052489,-0.7947441425235059,-0.7419529075657528,-0.7033582459858437,-0.6998030931564548,-0.6805822350795868,-0.669117490278623,-0.6598582235111167,-0.6427889170731508,-0.6364472784282108,-0.6447059740775839,-0.6471889392882585,-0.6539781086612717,-0.6552101368124418,-0.6514834451404585,-0.6426676171570628,-0.6579909565748222,-0.6674914072531571,-0.6511416876953218,-0.6256068188947851,-0.6119684241669388,-0.608873362249066,-0.6205052621039308,-0.6113863192073735,-0.6062288784389992,-0.6272015235976061,-0.648598788309965,-0.6556848823638358,-0.6770713375474503,-0.6984667802966029,1.7914283240370593e+38,0,0,0,0
-1.2010740204654071,-1.1776523499022122,-1.1712529178722155,-1.155047813413106,-1.109416319089408,-1.0917499748470394,-1.0905183059198764,-1.0676649895039547,-1.0649692596060456,-1.0623190614748537,-1.0077431829527772,-0.9962382419042203,-0.9670032490475541,-0.9488585003820158,-0.9236500976268345,-0.9092506180349574,-0.86037720343725,-0.8004226799168435,-0.7756035704361685,-0.7598447038600181,-0.7079588092170573,-0.69669869841567,-0.7114872686413836,-0.7449695463459448,-0.7510409976004384,-0.7487257703114207,-0.7518738393311092,-0.7732565269059298,-0.769755556240355,-0.7706631408683927,-0.7666598659593877,-0.7569106192824324,-0.74819903839128,-0.7709423923367867,-0.7685385552477396,-0.7750682782961175,-0.8092112056784185,-0.8216026610224028,-0.8198221254259708,-1.3917120619980698,0,0,0,0,0,0,0,0,0
