jsons/1312671600.json
{"header": {"parameterUnit": "m", "parameterNumber": 3, "dx": 0.1, "dy": 0.5, "parameterNumberName": "Northward wave", "la1": 40.97354507446295, "la2": 16.46031188964855, "parameterCategory": 2, "lo2": 133.9931640625001, "nx": 191, "ny": 50, "refTime": "2011-08-05 8:00:00", "lo1": 114.97908020019554}, "data":
[rows 0 to 21 of 50, columns 50 to 99 of 191]
0,0,0,0,0,0,0,0,0,0,0,0,0,0,0,0,0,0,0,0,0,0,0,0,0,0,0,0,0,0,0,0,0,0,0,0,0,0,0,0,0,0,0,0,0,0,0,0,0,0
0,0,0,0,0,0,0,-0.013859087075515945,-0.014684613119120742,-0.01398452111834617,-0.01358982778622739,-0.0133502024561368,-0.013849952338019044,-0.013674523432065497,-0.014052847734248005,-0.013716383254366964,-0.01426989933193997,-0.01441774067786189,-0.014049561719508554,-0.013292930912156838,-0.010592273889784199,-0.005029318012001114,0.0033601602210426534,0,0,0,0,0,0,0,0,0,0,0,0,0,0,0,0,0,0,0,0,0,0,0,0,0,0,0
-0.03490504300551264,-0.037589037109139564,-0.037081107079826855,-0.03411173051657773,-0.034124287411880914,-0.03358463719376694,-0.030343556997541016,-0.03082429108916743,-0.029964069872652245,-0.028178249713884346,-0.02893374039025128,-0.02876759441919158,-0.028600759571032038,-0.027222284073701305,-0.026130849661226762,-0.02650219556571006,-0.021540988567124757,-0.01594973100199075,-0.005757085111449598,0,0,0,0,0,0,0,0,0,0,0,0,0,0,0,0,0,0,0,0,0,0,0,0,0,0,0,0,0,0,0
-0.07357450011139548,-0.0712240678119635,-0.07102312682439146,-0.06995367922495305,-0.06864422631570952,-0.06889940074929067,-0.06348950594698488,-0.06002315029220924,-0.05940245259764526,-0.0542756397965091,-0.05083605621611016,-0.04622750167585398,-0.03786377853547548,-0.02897066510427868,-0.02557140441023033,-0.021366639045911247,-0.015143410615880004,0,0,0,0,0,0,0,0,1.545276250116266e+38,-0.1494367043897824,-0.15410662586907298,-0.15297996727438795,-0.1489178464067357,-0.14574884075080674,-0.1309708654758383,-0.12845440810163958,-0.11692179829073036,-0.10550075957558608,-0.10038565645464377,-0.08554653151516274,-0.0843230209884802,-0.07339532356352296,-0.06894520688693256,-0.06316296212413512,-0.06128445785374896,-0.05940093858323138,-0.06406456591162818,-0.06317557815478723,-0.06529982039891757,-0.07773782661640703,-0.07936970978199015,-0.08109906140259268,-0.08941483777880634
-0.13922440713019613,-0.14334022704008173,-0.14593736276433375,-0.15778109971354112,-0.15616805739623993,-0.15789127524088067,-0.16693789245232232,-0.166674700527197,-0.1743489703298283,-0.1457866994829063,-0.13400852734307062,-0.08244802271231935,-0.07717063170514372,-0.05431117737026208,-0.07245536846730259,-0.09442910078327112,-0.17390619336189822,-0.181872485068401,-0.1609232068816071,0.07831434461372919,-0.21907546502641417,-0.22797996574574161,-0.24223728087744395,-0.24823830744734357,-0.24036802648798114,-0.25017049391954527,-0.2478520193257035,-0.24786394744104845,-0.24415208528411617,-0.24663498422823235,-0.23935855112937712,-0.22975101858926553,-0.21781583117632286,-0.20989521407180092,-0.20580384165555982,-0.19204443768140667,-0.18294171773017678,-0.1698062431311748,-0.16216527994361218,-0.15232380617290545,-0.15004960789303004,-0.13941777446439726,-0.14064268795247695,-0.14481639727145393,-0.14617966023882556,-0.14939198744014712,-0.17537651024215575,-0.17921594724222842,-0.18621667993726568,-0.1860635553326565
-0.16190340007964465,-0.16692276588655583,-0.17199137905103032,-0.179358114606908,-0.186130203202351,-0.19080559116020263,-0.20225736500337219,-0.20859783590960004,-0.21423978649759332,-0.22691804882365563,-0.23317077597928476,-0.2386950929367732,-0.2517014504943826,-0.25896728037374495,-0.26043747693416647,-0.272231505819242,-0.28950924381454807,-0.29352038008244863,-0.2849868007825429,-0.30663050623642246,-0.29918332425974303,-0.3077813766138406,-0.3250571486945335,-0.3266167715240757,-0.32504784619132987,-0.3384220134465359,-0.3424395046291684,-0.34044404718332366,-0.350600319793258,-0.3550220978716321,-0.33861115942651127,-0.3374075699626579,-0.327525928689193,-0.32312187761474376,-0.3173669465284261,-0.29514981602109575,-0.28311337632287226,-0.267384398936271,-0.255683874122117,-0.24645208833512738,-0.23781645410679314,-0.22762768485054788,-0.22025161037563548,-0.22062559815903723,-0.206879761181982,-0.20083788316718826,-0.21697153166658692,-0.19556284509020935,-0.17820066190124764,-0.1697956151105872
-0.1352538659399326,-0.13984084645658373,-0.1424391287891165,-0.14993628741843126,-0.1529362152829933,-0.15885103344963442,-0.16504615464927969,-0.17455367757029128,-0.18542158715609916,-0.20055351188840803,-0.21238285849160285,-0.22352049127569343,-0.24507665492848213,-0.25861810838324084,-0.27100360440159627,-0.28556999464593247,-0.31193661259008737,-0.3251057342145235,-0.3440080935954125,-0.3779024067338998,-0.3773173679793703,-0.3984641052471917,-0.4323321565498963,-0.43986445248118666,-0.41253877256986565,-0.45315729954608863,-0.4523315947369768,-0.43146177980093464,-0.4434969939607735,-0.4477355671707804,-0.423833964551501,-0.43372159068174754,-0.4281343378011806,-0.4244873383848899,-0.4138590089011007,-0.3977621597158484,-0.3872211701410345,-0.3828305775406136,-0.34863891157485666,-0.34405869684990237,-0.33313898402792924,-0.31168744929506553,-0.2988910687034408,-0.2761727742870803,-0.2554384967644218,-0.23718969382151225,-0.21733511027399044,-0.19370591296359024,-0.19816291012803328,-0.13738820868441382
-0.04719651222164286,8.417182925516412e+37,0,0,0,0,0,0,0,0,0,0,0,0,0,0,-0.18528274361519878,-0.14551196734143343,-0.15616974272575,1.3101011174809541e+38,0,0,0,-0.26146277437396576,-0.3739964206121416,-0.5301636840770769,-0.5965848165283367,-0.5617467501265737,-0.581548176311266,-0.5763438727799592,-0.5390028686280851,-0.5612280257377366,-0.5553741352186967,-0.5304548320581829,-0.5283274310703353,-0.5299308825745422,-0.5175914183752426,-0.5134841758515581,-0.4943665980338803,-0.47325181667869576,-0.46773276822869986,-0.44364263874435095,-0.4338113418736571,-0.39858579094202756,-0.37871769126009736,-0.3668567189044832,-0.35297712538841375,-0.3396597408686251,-0.33791676623378,-0.34619328368220975
0,0,0,0,0,0,0,0,0,0,0,0,0,0,0,0,0,0,0,0,0,2.425802282499777e+38,2.214739077155413e+38,0,0,0,-0.6716829380275521,-0.688178297713456,-0.7058869728794913,-0.7263231292034694,-0.6846861015604587,-0.7076850484819526,-0.6934071232909439,-0.6618013421028356,-0.6660352270776455,-0.6533367081606797,-0.6335781829960091,-0.6431632526018376,-0.6274559669710338,-0.6307708247757273,-0.6115406395510377,-0.5900131224393327,-0.5711469143485552,-0.5561922370184516,-0.5216148652713747,-0.5041045522062777,-0.48877855785359675,-0.468303163889755,-0.45496414174596483,-0.4628019439443052
0,0,0,0,0,0,0,0,0.10966244868771378,-0.5569481877997818,-0.5868620744701369,-0.6019727476321513,-0.6900475337515575,-0.6904617907784482,-0.7131876498027858,-0.7088933726725344,-0.7450706612015737,-0.7402817480285713,-0.7594936286500091,-0.7737364376212207,-0.772323850712752,-0.7799618257020489,-0.8096212926041162,-0.8229786585607388,-0.8334035051361767,-0.8603475947358917,-0.8617823523839877,-0.872388266979728,-0.8820623439634423,-0.8796767241559209,-0.8538430634351187,-0.8644889819551261,-0.8628055784191941,-0.8388827924778726,-0.8294093134025358,-0.8444995399069287,-0.8412459351577537,-0.8352427046985237,-0.8347129903398246,-0.8210071887282385,-0.8089520130845144,-0.7896986275675657,-0.7689022803552735,-0.7546248963970075,-0.72281309369768,-0.6934772841928892,-0.6624290451017667,-0.6459365574769661,-0.632790657669862,-0.625893197273357
0,0,-0.5346150320647559,-0.5845871522940418,-0.5961274419047341,-0.6178251690484309,-0.7254242117987827,-0.7670406373056866,-0.7754069427573755,-0.8230941720014737,-0.8465769747591995,-0.8520861934690028,-0.8908977379899421,-0.9043808569561381,-0.9234441490599272,-0.9267689566921795,-0.9741380315937991,-0.9867517877401256,-0.9949688179699266,-1.0150197655813942,-1.0246376819906433,-1.0340319280209564,-1.0675587643493238,-1.0850871194627731,-1.0660891678441962,-1.088160874645426,-1.095539379741782,-1.0849880240521772,-1.0950612665002282,-1.0929599068491533,-1.0826534819095877,-1.093415883276564,-1.0984248528020568,-1.0827975378125618,-1.0789822904093243,-1.084177819167437,-1.0633200743303317,-1.051738770948272,-1.0669293435400666,-1.0500403806837164,-1.0361702994734556,-1.0236509411680195,-1.0083415132993987,-0.994600232958094,-0.961003729983714,-0.9404856069497612,-0.9071556622497408,-0.8610069740694257,-0.8370688351639584,-0.8072854745064598
-0.5934961445340198,-0.6237393042784984,-0.6513518374314858,-0.7094709670724636,-0.7390480371691523,-0.7743558438100564,-0.8296765004285894,-0.8541776303723932,-0.8861494751723527,-0.9487116802791249,-0.986459761904893,-1.0075697979482126,-1.065632907775533,-1.0930329480950423,-1.1086650169411194,-1.1382609413686728,-1.1919949853606442,-1.2134779240716351,-1.2434949430575726,-1.2904963327846561,-1.2840474144155916,-1.301331750230049,-1.3470826699853602,-1.356756989352624,-1.3564980566787583,-1.387687620691913,-1.3902191158362611,-1.3889545716824567,-1.4074115780732417,-1.408692003848614,-1.3967658205281992,-1.418911414450211,-1.4147443153117445,-1.4110146430056247,-1.3988087193922323,-1.4219370884703506,-1.3960101251987895,-1.3687118112200582,-1.3837960314775215,-1.3493772426864756,-1.355755642659323,-1.3493281787496958,-1.326919879259143,-1.2935530610016415,-1.2839238611564203,-1.2528737487360275,-1.2114436963412711,-1.155074076703857,-1.136739593751684,-1.083007484611404
-0.5236263186178851,-0.5604781428643372,-0.587158208113524,-0.6659298015841078,-0.714839938237434,-0.7633777461678144,-0.8194019912526183,-0.8749237532768492,-0.936472732974547,-0.9995448912219027,-1.0487328986966973,-1.0925372129762754,-1.1558410861275916,-1.1932745458757383,-1.2461987957747387,-1.2981811111013306,-1.393857438884579,-1.4183848183586196,-1.4751873903773671,-1.5793894714012298,-1.5924272905780672,-1.6197305840579699,-1.6762675641576559,-1.6943659314367723,-1.6984922495311128,-1.7522032553072993,-1.7567631827002776,-1.7599973527817425,-1.7850940800200077,-1.8022211037611804,-1.7865952299831633,-1.805824543385639,-1.7800301591272336,-1.7769353165653,-1.7745048846282405,-1.7956519560512265,-1.7780840210081426,-1.7413045321819605,-1.790526985276565,-1.7218397832684817,-1.7328718367917855,-1.741518652493396,-1.7291261579716197,-1.7211166703129692,-1.7040884641193017,-1.6917939836688318,-1.64679237801176,-1.6000974315215508,-1.5598379460245044,-1.5116174683076713
-0.3962823187566257,-0.45409286886592426,-0.5032377096262048,-0.5646246488155952,-0.6083722924355918,-0.6392421151044494,-0.698257815290479,-0.7360675521324613,-0.7953505889974216,-0.8871732062443065,-0.9424751317931565,-1.0244820318315537,-1.1389275471712,-1.192203704757907,-1.2699856708840422,-1.3342132951386123,-1.4745703500022298,-1.5553332777002782,-1.6301523287086586,-1.7566666067871006,-1.8007712829161413,-1.856516735746143,-1.9593848452227345,-1.9943403185692392,-2.032187549008695,-2.1310512190040236,-2.1366196319553183,-2.095819359818598,-2.2259676203180225,-2.277264589003825,-2.3227962271199534,-2.4132316738702215,-2.402710063866695,-2.3975856083236566,-2.3991615670438944,-2.4164386318119284,-2.388048827385161,-2.4062221243297217,-2.443478593682328,-2.4065087996836954,-2.356340076609233,-2.4023741426067518,-2.3618691666790355,-2.3215386902133672,-2.3148260259034883,-2.2775788207819447,-2.223936049268278,-2.191416053501538,-2.161221431899981,-2.068593934566666
0,0,0,0,0,-0.5201966349831604,-0.6146342404189611,-0.6621158083449965,-0.713878929505667,-0.7775691361354002,-0.8248910716091017,-0.9129903924869189,-1.0198680658248223,-1.092594941531233,-1.210195989720189,-1.3075888551497692,-1.4753171984247266,-1.6331676156865107,-1.753294799016586,-1.9787769865538716,-2.0920188143943235,-2.2163582462993867,-2.3487095162269167,-2.422520759475212,-2.4964930648559887,-2.615771267372788,-2.6883978236853925,-2.711936029034489,-2.822413545145793,-2.8676617070145936,-2.8611268748228356,-2.9431459273345166,-2.9468514606372795,-2.969043727325441,-2.996191258982423,-3.0836750640231374,-3.064745955873693,-3.0658217969901678,-3.1301771910781344,-3.0897779202478954,-3.096961529106936,-3.127739532213916,-3.0924169426486907,-3.0544854317860164,-3.042094222843863,-3.032928787235364,-2.958281876470119,-2.9168730343667773,-2.891291992979069,-2.769548683863418
0,0,0,0,0,0,0,-0.5182066335714204,-0.5404959203852114,-0.590863491281722,-0.6353455346280081,-0.7550173059973755,-0.9117974470473371,-1.0144976693682408,-1.1581928016982228,-1.2484499957437074,-1.381867688060606,-1.5182090607972016,-1.6365092099014513,-1.808233499346005,-1.965554977390041,-2.1087750651698887,-2.3522897104382103,-2.497246829782717,-2.637437797005408,-2.817682627918246,-2.8987921171143256,-2.98581818202409,-3.2075277203240855,-3.264704316488095,-3.3532900818279843,-3.5009015952995965,-3.5736778708109274,-3.6023176704633344,-3.6648277486637695,-3.782595897186726,-3.7901121694129163,-3.8078482659259643,-3.875224261896208,-3.869737265772964,-3.8764730291632263,-3.929216069094694,-3.9351883146033515,-3.8435133843341394,-3.8492123284746738,-3.849689810767576,-3.762421846817401,-3.7102040666420644,-3.679755619689214,-3.535587731976217
0,0,0,0,0,0,0,0,0,0,0,-0.30022415716089285,-0.376967351196471,-0.588879880737897,-0.7910961095232685,-0.9262013574372223,-1.131019316111194,-1.3387916243431734,-1.4542334860899968,-1.6412069596986603,-1.8195456241780972,-1.962871601988607,-2.215388029668545,-2.3681714817443966,-2.602356455759982,-2.91170927080177,-3.0911105443352764,-3.2499275215090364,-3.4631430594698864,-3.545337746434543,-3.633822460452787,-3.904991016208094,-3.9849587112639155,-4.088951612588568,-4.175768260983009,-4.379844981198249,-4.411978578907619,-4.477562374067632,-4.690615585948977,-4.720567915981926,-4.799263332719266,-5.004833138846431,-5.173506710488541,-5.055489742006094,-5.286864748498568,-5.229181710479538,-5.152081652834805,-5.099969006354315,-5.043123260075374,-4.9254092758275005
0,0,0,0,0,0,0,0,0,0,0,0,0,-0.34931966681405163,-0.774215560258287,-0.7986698241635156,-1.0676513806879846,-1.2775436655012224,-1.4405407463826263,-1.6991235737086965,-1.9129697414078553,-2.0474151492482155,-2.2749803926673464,-2.4325609167051105,-2.680496277667365,-3.0656849569905282,-3.2232668642458666,-3.4373585457016,-3.699243637444208,-3.844257192948274,-4.018278291952326,-4.3436128902526345,-4.547804336304151,-4.757249808555926,-4.960960296089937,-5.235030259287444,-5.329291097771417,-5.44943420962456,-5.667670784152254,-5.674950204502309,-5.815278217189004,-6.008739091581901,-6.090906835811388,-6.008240895030058,-6.156780444383553,-6.0898090558697255,-6.070453345398857,-6.029546220825534,-5.919450588809211,-5.711241947915201
0,0,0,0,0.1339982493162927,0,0,0,-0.10232205348642942,0,0,0,0,0,0,0,0,0,0,-1.4655324147491973,-1.4061543994636168,-1.6937392778885116,-2.135053913270156,-2.4318648975027024,-2.7981527704624716,-3.2854455434771355,-3.5483174164425626,-3.8127907966947596,-4.270152120965648,-4.487271485849705,-4.684828443087311,-4.929371014694239,-5.037534000246013,-5.1686416376993245,-5.369130779930317,-5.7335165564028285,-5.936017184318406,-6.10701173305526,-6.448178651252387,-6.584796621269843,-6.648713594951198,-7.000313667262037,-7.0579654316222,-6.862641616135263,-6.991332523768414,-6.950908014895039,-6.793733976957073,-6.971122215326998,-6.87686350400139,-6.537308976003798
0,0,0,0,0,0,0,0,0,0,0,0,0,0,0,-3.3125143251069634e+37,0.0626333333967813,0.12948437668749643,-0.796322888815246,-0.3766244721558227,-0.30911765789095663,-0.5379888734864079,-1.3699825811333464,-1.9562828272703818,-2.181410463253928,-2.666875170180234,-2.980870948777606,-3.4748145332965947,-3.9185577636783075,-4.158606003850891,-4.44437429777642,-4.902435203588706,-5.1346717512181455,-5.4972619054818725,-5.730167620045081,-6.0606221317974285,-6.297366011886146,-6.459937311436318,-6.699413161326221,-6.8117507103586545,-6.87242770925868,-6.961768545535679,-6.962061042563618,-6.785700696468485,-6.923263998555123,-6.890458956281235,-6.5033682723229,-6.692624637284218,-6.58298972257835,-6.296724710529503
0,0,0,0,0,0,0,0,0,0,0,0,0,0,0,0,0,0,0,0,-0.34292859435740924,-0.5591963039643723,-0.94227574559084,-1.1866388786229731,-1.6002107397133645,-2.2690886359872176,-2.704365927242296,-3.3272272096236515,-3.591715304469026,-3.5969424910491603,-3.649175270371471,-4.041210770939934,-4.325587405264221,-4.731552178556341,-4.838593253214605,-5.0446079840708755,-5.640140272241521,-5.935302123375249,-6.275900339691216,-6.625429965236561,-6.695385610001219,-6.757232397347031,-6.773528706692132,-6.681788019136334,-6.884181124895045,-6.789348651285913,-6.363416786248918,-6.566436345940077,-6.2608280678328585,-5.954438581136377
0,0,0,0,0,0,0,0,0,0,0.030903744737503177,0.18586828186379464,0.2233190213569695,0.2156259391943216,0.26484497127327866,0.2564414433593742,0.22944921459971895,0.1729758542369499,0.16583091159116406,0.1110173520366881,-0.03471476927296378,-0.18531327336888118,-0.25390347492713916,1.0665135013545293,-1.14289011846093,-1.3625109462539038,-1.4092654417037038,-1.901754902577565,-2.403023591327006,-2.7355268800879853,-2.9512107073274354,-2.791013731309598,-2.6694408345372156,-3.212319405178228,-3.4906520698636005,-3.8672823174569078,-4.192798578538935,-4.210549202365651,-4.457430427538147,-5.272344305020448,-5.6375430046026755,-6.111278805729081,-6.261801560273575,-6.384344786069898,-6.527602795289275,-6.54699903315695,-6.086609534747998,-5.996595940391537,-5.911989303609369,-5.388262217990017
