jsons/1312624800.json
{"header": {"parameterUnit": "m", "parameterNumber": 3, "dx": 0.1, "dy": 0.5, "parameterNumberName": "Northward wave", "la1": 40.97354507446295, "la2": 16.46031188964855, "parameterCategory": 2, "lo2": 133.9931640625001, "nx": 191, "ny": 50, "refTime": "2011-08-05 8:00:00", "lo1": 114.97908020019554}, "data":
[rows 0 to 21 of 50, columns 50 to 99 of 191]
0,0,0,0,0,0,0,0,0,0,0,0,0,0,0,0,0,0,0,0,0,0,0,0,0,0,0,0,0,0,0,0,0,0,0,0,0,0,0,0,0,0,0,0,0,0,0,0,0,0
0,0,0,0,0,0,0,-0.0012084983594245968,-0.00047828778244067967,-0.00010735561357007127,0.0001224395682780867,0.0004885287459077021,0.0004769627428771218,0.0005177829723134507,0.000294106508688858,0.00017741248944827488,-0.00024975010130651404,-0.0011886108840313285,-0.001494021888168134,-0.0014278541893120778,-0.001334906905755214,-0.0008278233123461342,0.0003546525870846756,0,0,0,0,0,0,0,0,0,0,0,0,0,0,0,0,0,0,0,0,0,0,0,0,0,0,0
-0.02019416041573184,-0.016632605284219,-0.014346843519456962,-0.010148329443014099,-0.008421551171495848,-0.006650810200964251,-0.0041598064213089325,-0.00363131868513097,-0.0019080704963833181,-0.0009812406885989305,-0.0004945129483757871,4.275975482491393e-05,0.00014418149266692037,0.000134044291628246,-0.0006936743200694486,-0.0009724819146087217,-0.0021795140265956116,-0.0017315768771502592,-0.00046203901478921914,0,0,0,0,0,0,0,0,0,0,0,0,0,0,0,0,0,0,0,0,0,0,0,0,0,0,0,0,0,0,0
-0.037279446220233374,-0.03515076964338361,-0.03343585325392778,-0.02919351351021539,-0.02492760765713466,-0.022998820600288083,-0.01592543005282461,-0.012475263072146307,-0.009712329136875962,-0.0058683260508001905,-0.0032441934801034095,-0.0014636717479479166,-0.0007606273445629678,-0.000151791552322508,-0.0010765742147206116,-0.0015411663407634889,-0.0012187222997391558,0,0,0,0,0,0,0,0,1.3257007230414993e+38,-0.06986128266066723,-0.06765101299012237,-0.06522696381929276,-0.06058243421665745,-0.05556297771415688,-0.04646700596208316,-0.043910299787734225,-0.03676743280691309,-0.03073663174778293,-0.028041807855770772,-0.019530198599469417,-0.01743283707459075,-0.012958053810461454,-0.008460261728063686,-0.005076823471852194,-0.003637021522836928,-0.0010513854141228768,0.003931280411666646,0.006492129220299596,0.008706883806547359,0.013746989996105017,0.014550131593984503,0.015532751402608243,0.017524163787503842
-0.04808798417117247,-0.04812949472132555,-0.049231336816725806,-0.05181440862560879,-0.050979003153328456,-0.051961099567216035,-0.0533829104419251,-0.05423694273383613,-0.051415569983886515,-0.038178895877972935,-0.028360139572210487,-0.035446380840361724,-0.021960472403551354,-0.012069476848925708,-0.015764316174434287,-0.03677959422907022,-0.09219254236279516,-0.10379325277088514,-0.08498681842734361,0.044660208332158405,-0.10459420472888564,-0.10594974018063663,-0.11102709896834399,-0.11397538433606828,-0.10938561352763637,-0.11176186612559293,-0.10926125087431754,-0.10759184144207447,-0.10485455583490697,-0.10597275021622453,-0.10127069272424909,-0.09639792120824871,-0.08670785747573305,-0.0790414475986036,-0.07236304785929111,-0.06354534138681871,-0.050751287496190914,-0.04162127669207546,-0.03699473507858849,-0.026756742241788936,-0.02184509310506919,-0.01726520191627856,-0.013587896507964223,-0.008515590696607614,-0.003499296482402017,-0.0016055377191211708,0.007946300726530575,0.01122176012089767,0.013733327200629314,0.022136389155555457
-0.06097853762954777,-0.06347786020414231,-0.06612321270336055,-0.0715679823581378,-0.0747167479108932,-0.07703491975827097,-0.083650517492097,-0.08895497526823123,-0.0910319960637783,-0.09879465460740434,-0.10252827712312877,-0.10511034580242251,-0.11050468479605552,-0.11572866973664638,-0.11528615025482154,-0.12184617705131463,-0.1306139645085785,-0.1325379011454666,-0.1277709825305065,-0.1416542143510912,-0.13402954740378004,-0.13662413102750193,-0.14669424077929533,-0.14762629492106305,-0.1476983658732783,-0.15209557022182163,-0.15334414064735744,-0.15154556086794305,-0.15411266492738776,-0.15564879491218359,-0.14759756991720852,-0.14642570479333653,-0.1410894052972588,-0.13922191321618133,-0.13557057526728686,-0.12582972659955236,-0.11353915365726551,-0.10418531816038615,-0.09713324201448835,-0.08467970876570322,-0.07756876370212627,-0.06888781536758568,-0.06233062639695658,-0.053962234897506546,-0.04378834536957786,-0.03642380319820675,-0.009811286473714615,0.005211622275038563,0.013285112330032336,0.03173494953721556
-0.07364321829546576,-0.07604784975759064,-0.07612337161793126,-0.0761685328706703,-0.07736003878710877,-0.07913213875529211,-0.08147915316505551,-0.08605968430703605,-0.0912264186198869,-0.09955967193997273,-0.1029725636369595,-0.1066924329503519,-0.11509593688633214,-0.11943101590470803,-0.12469993541843842,-0.1296458619411955,-0.14615520207024335,-0.1495956356637039,-0.15829701909138078,-0.17768301456206115,-0.17390610041466004,-0.18106217799739757,-0.1975815972113767,-0.19702429311928243,-0.17857505290248335,-0.19467922241522714,-0.19415739592325507,-0.18468541161952753,-0.18819695779254325,-0.1905847452918394,-0.1844622728487639,-0.18903167063823742,-0.18764463258585198,-0.18587948964536158,-0.18170576443198821,-0.17633361271842937,-0.1701959275880922,-0.16768564629137486,-0.15302795348114426,-0.14693612587883637,-0.14142936685470645,-0.13049221823473614,-0.12367841736468049,-0.11239233016826562,-0.10093819666221437,-0.09500643405375943,-0.08173219257157845,-0.07140785660044609,-0.06810405255149214,-0.048226967844528165
-0.022410560572860786,1.2158960610747223e+38,0,0,0,0,0,0,0,0,0,0,0,0,0,0,-0.08017938013548413,-0.05914358474276495,-0.06329463269531986,1.2889046671196594e+38,0,0,0,-0.11354493985232304,-0.1672825265159854,-0.23865977625685386,-0.2528770953528349,-0.23204127418428933,-0.2384180192496036,-0.2350823645913113,-0.22807367013110552,-0.23702127621779423,-0.234864117154511,-0.22573636317753762,-0.22499527517372941,-0.22774294138047332,-0.22495142892110884,-0.22450764443037652,-0.2184920969411624,-0.2097456120592811,-0.20435008996960868,-0.1916381635229903,-0.18626717674423054,-0.1705077405474061,-0.16708587414011705,-0.16161192415003747,-0.15309427776274148,-0.14587634517787967,-0.14497112220249828,-0.1504787809952943
0,0,0,0,0,0,0,0,0,0,0,0,0,0,0,0,0,0,0,0,0,2.0760061902673052e+38,1.9161762628266183e+38,0,0,0,-0.2745096542631997,-0.2829919397957301,-0.29099220624092464,-0.2978730572732415,-0.27926597015685023,-0.2918248856418046,-0.28887091392826686,-0.27992708958972423,-0.28430215917373747,-0.284606892954989,-0.276580962308778,-0.28307310012703263,-0.28053129742287153,-0.27981512529299946,-0.27659127068141737,-0.2678584077575774,-0.25855253734661965,-0.25363094453529417,-0.23562129763286033,-0.22931133896402736,-0.22201042431557852,-0.21577124085355273,-0.21368503882313133,-0.22076791945192276
0,0,0,0,0,0,0,0,0.0633465209372516,-0.25880158310439966,-0.26670619568252923,-0.2729463444701894,-0.3042684729056107,-0.30393915812894684,-0.31377349014777645,-0.3106221120254259,-0.3161052162096808,-0.3217051289498952,-0.32885529361806554,-0.339456185711397,-0.33570900385268926,-0.3353849489922213,-0.339949357622425,-0.3429725216877421,-0.3433737568808161,-0.34890976364948223,-0.3491833596645936,-0.3478966462483512,-0.3547710943835557,-0.35694312526123995,-0.35028376302418196,-0.3573810706718598,-0.35975522481417216,-0.35153441933778695,-0.3486626066181798,-0.35791717525571826,-0.3617211765749517,-0.3584091744258536,-0.3627521213205059,-0.3588844118865513,-0.3546692836559558,-0.35153314747212205,-0.3451172838481936,-0.34480949399635874,-0.33086494830136376,-0.31903033420822446,-0.3132293328673235,-0.30287540245940675,-0.2991805512767027,-0.3028608283504278
0,0,-0.2659020177075333,-0.2892816132944883,-0.2930520516304736,-0.3024555828908258,-0.3399011453091718,-0.35565234430889625,-0.3584377151619009,-0.3716520615794819,-0.3734838534599251,-0.37745407368853273,-0.38727536949308716,-0.390206961815747,-0.3920896193186843,-0.393270059286962,-0.4085685809045915,-0.41462304546356876,-0.416973429780752,-0.4242147145514097,-0.42923117367252983,-0.43436184899996294,-0.4401644499487048,-0.4408169710684892,-0.4425658492884314,-0.44841585506953385,-0.4505084904003847,-0.44310807287233767,-0.4458897735666647,-0.4454135546191129,-0.4421049923091929,-0.44628492717725887,-0.4497596941589725,-0.44746646020214265,-0.44523604837267927,-0.449884153859726,-0.44356629688184623,-0.4394395730149612,-0.45113108336417856,-0.4475576013733881,-0.4507762412370531,-0.451868355959585,-0.44842001722824887,-0.4427369183682823,-0.4330956518809152,-0.4252470196774783,-0.4193896791543222,-0.39707756743554606,-0.38654301557401893,-0.3869577754986158
-0.3401235223745624,-0.347121506384755,-0.356424091041439,-0.37485641857604224,-0.37934455909077675,-0.390349189515599,-0.4054698107318073,-0.41444798721559356,-0.4183378575019659,-0.434086904993496,-0.4481607001930065,-0.4517204820757979,-0.4671626134993145,-0.4752076116417711,-0.4773632265870669,-0.4848486300383824,-0.5005872884294076,-0.5082179678175676,-0.5158033637721726,-0.5294026198023108,-0.5288807577026605,-0.533811234056007,-0.5485874257713008,-0.5540106676711051,-0.5522497954564378,-0.5587643112705619,-0.5599912055498067,-0.5616090373642686,-0.5701095872915213,-0.5764516100199806,-0.5713529261341012,-0.5824186461887131,-0.5804350096534197,-0.5773498627241256,-0.5723010197926305,-0.5836704077288102,-0.5723452091919198,-0.5656127923649499,-0.5748377012771813,-0.5572216129889079,-0.5627579245082773,-0.5727526816315808,-0.565160935541072,-0.5530441614763429,-0.5564227503256203,-0.5480995251260035,-0.5395005837744631,-0.5291606870939672,-0.5248903529856048,-0.5151003843098364
-0.31960413718891456,-0.331341860974331,-0.3401006934975767,-0.36677702184154487,-0.3797165964784572,-0.39482788607785035,-0.41597824648768,-0.43484632904217235,-0.44867586375485113,-0.47383080179671505,-0.4890506611615183,-0.5017655759951646,-0.5195207219671344,-0.5296462257073241,-0.5442503667018507,-0.5559383483208645,-0.5870708392220477,-0.588610274499149,-0.6082039777640654,-0.6428615218529636,-0.6464112696869112,-0.6558090695979351,-0.6771074485805767,-0.6887558099370084,-0.6852663486268981,-0.7012701119548941,-0.7023982087926982,-0.7005278026666296,-0.7113739937475805,-0.7164325462884695,-0.7150184013200606,-0.7280920683957915,-0.7248713585090959,-0.7290063935125474,-0.7290366623904879,-0.7404905016532188,-0.731392866126421,-0.7198445138873051,-0.7466037477307923,-0.7175558824744537,-0.722192380940912,-0.7342819691859319,-0.7303741937956207,-0.7318304334213448,-0.734360723298377,-0.7359963569182998,-0.7294428540991029,-0.7129729251342112,-0.6996916683379686,-0.6883904118115531
-0.22885982585738457,-0.25860514063267676,-0.28634967138218786,-0.31785908705571736,-0.3367325431145489,-0.3485324372053286,-0.37239988894634474,-0.38871493956791653,-0.41147667855073583,-0.44619891205300566,-0.46739267192847594,-0.493557687422935,-0.5374022967477925,-0.556436048584025,-0.5805629247967177,-0.601964493114969,-0.6537714443897786,-0.6757459200955016,-0.6999583203020663,-0.7360808157400702,-0.7472364086671792,-0.7627985426383592,-0.7946126793925024,-0.8040530286504859,-0.817298433908947,-0.8553623467238194,-0.8488060683747248,-0.8322695074857891,-0.8813767432601437,-0.9048216389756617,-0.9256119084624208,-0.9592076139268052,-0.9566101004585573,-0.9570190760225182,-0.958821354015335,-0.9688670871089721,-0.9603282204826503,-0.9683116186413394,-0.9895878093786645,-0.9777808933019468,-0.9642336480803716,-0.9921046731039876,-0.9801678066043453,-0.9643320577108786,-0.9758750825383279,-0.9596884458573303,-0.9415391062548795,-0.9391830060352927,-0.9321340912714057,-0.9063178277897592
0,0,0,0,0,-0.30092410732325797,-0.33923885592427616,-0.35949836213771524,-0.3855434966365432,-0.4172669814600781,-0.4389911330713788,-0.46779528294778777,-0.5109819295621414,-0.5357249237150337,-0.5766226232700855,-0.6114129530510931,-0.6719631398939662,-0.7189836393495409,-0.7608570965304908,-0.8481177638068773,-0.8758262095701738,-0.9405115545164451,-0.9954548894110742,-1.0196455590565614,-1.036332267047004,-1.0804734517119825,-1.1044391406717258,-1.1090687644736357,-1.1434306696020067,-1.1603780186210397,-1.1548070135366795,-1.1887842960267176,-1.1945387074484681,-1.2024582563410122,-1.2109718808291647,-1.2391846393659314,-1.233381542728755,-1.2293914526406047,-1.2485696544882219,-1.236501596659316,-1.2428221898331422,-1.2624776360950414,-1.255738885298453,-1.2474045396299056,-1.25320184040127,-1.2545273654602458,-1.2287874267224579,-1.231954063573909,-1.2252517810126804,-1.181426364137454
0,0,0,0,0,0,0,-0.3014483377919771,-0.31931331002391017,-0.3480917679947243,-0.37022398724594596,-0.4260338465958312,-0.5067860071339679,-0.5568278247595809,-0.6146922941671477,-0.6551528565528817,-0.718312272103204,-0.7683708656219498,-0.8195425789362148,-0.8907972907282766,-0.9362960399516286,-0.9812870380726216,-1.0723890857548195,-1.1148264909786854,-1.1510022478238353,-1.2169475847956712,-1.2447903898921915,-1.2714238697663571,-1.3484714069455142,-1.3640096771692853,-1.3872365969206133,-1.4323582638930838,-1.4535834388359001,-1.4621702305504434,-1.4889107280266787,-1.5296632646760733,-1.528022323741682,-1.533868856512165,-1.5537453580847969,-1.5512962725057016,-1.555177758167977,-1.5751030246535411,-1.585508784412783,-1.5600278651118826,-1.5683004174133894,-1.5798660548301533,-1.549166002580733,-1.5555827525989834,-1.5594851392471525,-1.511599107413267
0,0,0,0,0,0,0,0,0,0,0,-0.25469721974368054,-0.2724924164200536,-0.3957762610079912,-0.5193721094946429,-0.5929950467366877,-0.6930298753375225,-0.7706967669338758,-0.8355245719811284,-0.9278535261906253,-0.9943406087877222,-1.0460732966105333,-1.1552921322549536,-1.21261407183574,-1.279183435706524,-1.3979492591677485,-1.4644376923348685,-1.4962577136051327,-1.5679609630912756,-1.5922861551214902,-1.6137757147740515,-1.6955906225201136,-1.7117033996210451,-1.7348991314834883,-1.7589093324653844,-1.8251440453410568,-1.832602697480444,-1.8546431391420628,-1.9289254859254255,-1.9444744721985618,-1.9750894351744765,-2.059416422709266,-2.1117306980627863,-2.0746395670755065,-2.1333813511983553,-2.1257225230968353,-2.112102311564054,-2.1175060156763728,-2.1145437423406035,-2.0934774117464916
0,0,0,0,0,0,0,0,0,0,0,0,0,-0.2652576913425689,-0.4693413535709487,-0.5473799296179227,-0.7203214969973141,-0.8515376286301656,-0.9415337889917289,-1.0856482328087687,-1.1699295051518548,-1.2165066986934665,-1.331867516045777,-1.3954597164286877,-1.4856883202715423,-1.643726689275936,-1.6942516804789225,-1.7331968716077644,-1.8236292443483275,-1.8514984830179022,-1.8970975979492826,-2.042468540615596,-2.1382739629410445,-2.1837959526147577,-2.2503491090605414,-2.334691173436885,-2.334569643628227,-2.369881148112438,-2.4252619267297972,-2.414818611225139,-2.4541649225690825,-2.494573768038376,-2.51285848984426,-2.5116595500852714,-2.5634029126605644,-2.5508835944854007,-2.5836570039112448,-2.5902157816061413,-2.5621304891885592,-2.517802309175329
0,0,0,0,0.08566767739916926,0,0,0,-0.16409208445898668,0,0,0,0,0,0,0,0,0,0,-0.9425231345607438,-1.1126841166483905,-1.3151385282144292,-1.6206994636775864,-1.8232642430748787,-1.939448849540869,-2.1849662282310396,-2.2782395691990334,-2.312435915678016,-2.4880645514792428,-2.5542288723759485,-2.595622405297511,-2.694163410603685,-2.7213361541576195,-2.728353188331512,-2.7486472697890103,-2.823673774825718,-2.8294021542906203,-2.8426019801298623,-2.9388145452244707,-3.0595663905253745,-3.080470815590174,-3.175108262910134,-3.2104291831402243,-3.1998717266470096,-3.258345817554853,-3.235506076470442,-3.2491263890940183,-3.3632167909631483,-3.3316001156090347,-3.262126976101364
0,0,0,0,0,0,0,0,0,0,0,0,0,0,0,1.2980838052223283e+38,-0.04748382814703062,-0.41106028898112185,-0.4780010662099322,-0.38172268395830866,-0.40120856880195294,-0.6159948333193649,-1.235222278059129,-1.6923233169878782,-2.148390108665511,-2.5017820549578436,-2.6408263671133123,-2.746032747179111,-2.899114349524599,-2.9691700219813675,-3.1187377914987437,-3.30859458286882,-3.3940159152926364,-3.5138299026217674,-3.547455994679438,-3.6407014613945017,-3.681905570726484,-3.806919963275036,-3.865685077716649,-3.8525293309351287,-3.967531040596951,-4.164284890496047,-4.187067268994318,-4.182638790767729,-4.266629201820815,-4.30378411763518,-4.23128647252367,-4.285939293972084,-4.296723834778318,-4.232973399777566
0,0,0,0,0,0,0,0,0,0,0,0,0,0,0,0,0,0,0,0,-0.5694172901136446,-0.8203310792426023,-1.321504788826413,-1.664406084740517,-1.9379426664872,-2.5125730617210187,-2.8859634624009423,-3.3842965255504485,-3.6149124412745044,-3.8574357364609515,-3.970292252899114,-4.11234556365908,-4.220759557777497,-4.263102607432851,-4.357866560664147,-4.636233191080745,-4.651741341727385,-4.73611968445687,-4.859116417868136,-4.875793186106332,-4.951933990300476,-5.093126423796001,-5.157005381090257,-5.157857584444722,-5.250263588138213,-5.272921271053603,-5.2817295563202995,-5.459869814120999,-5.441738758431929,-5.384803403335427
0,0,0,0,0,0,0,0,0,0,-0.4199146681386918,-0.4416380712936907,-0.4236106661042917,-0.44738626341748844,-0.5216407624478985,-0.5390439415614137,-0.5539011697870442,-0.6483815135610803,-0.7470639055171395,-0.8993368169981989,-1.1713769640927614,-1.3092422026145976,-1.431714247303741,0.3099116505069465,-1.6927364180761073,-3.5231907254426487,-3.4652327517349146,-3.4820997711446813,-3.96879395643202,-4.089131731364974,-4.235650913309705,-4.704874010711956,-4.921780918354389,-5.042984486701546,-5.198930905273947,-5.432137948113483,-5.552942122215239,-5.773069957355545,-6.074861405652972,-6.141436672987886,-6.240887726572495,-6.469786418922338,-6.574612910569909,-6.647153227838999,-6.7522781417803746,-6.720053918521424,-6.7487457195181495,-6.959354469191624,-6.935122974306942,-6.880920085381606
