jsons/1312653600.json
{"header": {"parameterUnit": "m", "parameterNumber": 2, "dx": 0.1, "dy": 0.5, "parameterNumberName": "Eastward wave", "la1": 40.97354507446295, "la2": 16.46031188964855, "parameterCategory": 2, "lo2": 133.9931640625001, "nx": 191, "ny": 50, "refTime": "2011-08-05 8:00:00", "lo1": 114.97908020019554}, "data":
[rows 0 to 21 of 50, columns 50 to 99 of 191]
0,0,0,0,0,0,0,0,0,0,0,0,0,0,0,0,0,0,0,0,0,0,0,0,0,0,0,0,0,0,0,0,0,0,0,0,0,0,0,0,0,0,0,0,0,0,0,0,0,0
0,0,0,0,0,0,0,0.00936441954371371,0.008693761829122291,0.006976470145836233,0.006484117520443999,0.0056687307478672155,0.004954213822575089,0.004536496019307269,0.0036935867406533815,0.0031783002694788904,0.0019646200399068415,-0.00014920711453619912,-0.0005979562074970914,-0.0007533052889382934,-0.0007998008662887411,0.0011881359671536858,0.0006315045537520595,0,0,0,0,0,0,0,0,0,0,0,0,0,0,0,0,0,0,0,0,0,0,0,0,0,0,0
0.028588082399274215,0.026838316786346208,0.024649640896016078,0.019664725780994458,0.019113692863577218,0.01770041529807187,0.013577783300795685,0.01317653424196717,0.012113477922646134,0.009353836775738129,0.008207720743176352,0.006347864957760558,0.004444510734969832,0.003008910874638835,-0.0004615638226570598,-0.0010223045131569969,-0.0013850690364800914,-0.0027137943524290237,-0.0027818982022448997,0,0,0,0,0,0,0,0,0,0,0,0,0,0,0,0,0,0,0,0,0,0,0,0,0,0,0,0,0,0,0
0.03426434471763831,0.0360184467878332,0.03633629166778345,0.033660407165049165,0.03288974707431275,0.03148802634690267,0.024261256370714863,0.021064524556545172,0.01826110237408568,0.013063389511172668,0.0056685317011483365,-0.004372184211967264,-0.004364140463336157,-0.004949475358943525,0.0038653883247843023,0.0012164893913533658,0.0006634654654513249,0,0,0,0,0,0,0,0,-3.0895007792199796e+38,0.23088132732475494,0.23316574608344204,0.2278313667238323,0.22331573732728677,0.22095581077634704,0.19821232143996714,0.19688667210197155,0.19373869619387693,0.1836967523064732,0.17618257776235485,0.16967634966289652,0.1694155422658304,0.15896351933005187,0.1549233473105243,0.14674038785770427,0.13478754826360362,0.1241884923969602,0.12103341399231564,0.10798542466224322,0.10024228645785535,0.09592220967784712,0.08073338833098767,0.07810831660213077,0.06945699246758517
0.023121090980909653,0.027672329051935018,0.028319583234221596,0.0314585791895892,0.03918678424175715,0.04021160875546123,0.0462993502084494,0.052072938827284906,0.05512072268490478,0.037596045218725505,0.03610261963214852,-0.03234610866513046,-0.018837643606625605,-0.02172708560949785,-0.014754516300012361,-0.020630951460730344,0.020299486198148933,0.11303633955906828,0.15396171832800368,-0.242254446165127,0.2309721628636786,0.2465846060295516,0.27115354188891194,0.29717041568210567,0.3060047164519217,0.32595262392932145,0.33581543261898006,0.3415003959820627,0.34251881213579094,0.34641032329598737,0.33983248558438894,0.32931092201210915,0.3154487927466053,0.30655197168257814,0.3016180665269135,0.2794832613036104,0.2768938474921696,0.2605584767274361,0.2502502663826921,0.2407548906070221,0.23950609573058143,0.22243685926021767,0.21204531036388313,0.20340637976624548,0.1837541233911006,0.17819997558888137,0.15864722190666886,0.1210320303143391,0.10326812562396963,0.06935686708629281
-0.010793512278303318,-0.011418481752779878,-0.008908237407620034,-0.012118813354800887,-0.008305839015571264,-0.008654478058684344,-0.0032775164506623155,-0.0002574345228674343,0.009639810099384458,0.01390709913038592,0.02001034573271384,0.03330379629036705,0.042836612696606144,0.05408526767735364,0.07176817401995839,0.08123762593052414,0.09244397896822926,0.12129043500703003,0.1435994074072951,0.17010906584156651,0.20469296014936633,0.22541463924267655,0.2568343092823851,0.27958264085341045,0.31499210957192303,0.35464353077076005,0.3745445009778744,0.39915853101585247,0.4235572720408785,0.4338019391070651,0.4459263196521122,0.445241292476616,0.43526859444845367,0.4297159464246028,0.42305484466333193,0.39248343929772533,0.37403191746613945,0.35390569724027515,0.33413565805768525,0.325364574480447,0.3135829572991623,0.30016090172586624,0.2926290122979377,0.29103151597203447,0.27194486515556787,0.25953775942280943,0.24971092701961892,0.19111520580896818,0.16833508528203567,0.10346556808609465
-0.05259944442310772,-0.05475165329508248,-0.05739845787154333,-0.061631081955522006,-0.06344075638464947,-0.06231937270048032,-0.06526267975002562,-0.06023659709496153,-0.05367662538673648,-0.052880253597059425,-0.0533843383778938,-0.050566605350872026,-0.048199041782439625,-0.041482185135541236,-0.04089714796721032,-0.03094743737563474,-0.017423566819062885,0.00782284171006251,0.019815723982531154,0.043940332943386236,0.08962509340803167,0.1165646416656256,0.14580547226145343,0.19770918646833585,0.24996788670916398,0.3044385757107793,0.3405114532921407,0.38395651693135563,0.4406220940172572,0.457309678144444,0.48938440392196364,0.5253689335215055,0.5258552301889856,0.5341854837852752,0.5218322773518785,0.503033250560009,0.484247944212093,0.4767757006628938,0.42663540536255334,0.4154964796499417,0.4003583471171612,0.3811293484552766,0.36834858492333383,0.36179168980459675,0.3480986749312008,0.3425300506758344,0.3348199288312247,0.3008172295679258,0.2916053274459978,0.2732719794051832
-0.08780476355609468,3.2616879684082624e+38,0,0,0,0,0,0,0,0,0,0,0,0,0,0,-0.10483267653038514,-0.1187474082549761,-0.10920361130676999,3.1255086601649256e+38,0,0,0,-0.11977946536260121,-0.10908252587618189,0.04235521917176648,0.26860110338209364,0.3574652719053044,0.42638723973091147,0.45097957963072033,0.5080264739129672,0.5712591158352149,0.5935647840004219,0.6217813027918994,0.6330341468215489,0.6432428832800222,0.6353389217729543,0.6270963117964761,0.600838112163571,0.5602800371037822,0.547972630768821,0.5138713078240894,0.500424002181005,0.4810491010826125,0.464784599995938,0.45576782363425616,0.4449883382173927,0.42110744124936855,0.4078988061557586,0.3864092995367153
0,0,0,0,0,0,0,0,0,0,0,0,0,0,0,0,0,0,0,0,0,-2.550194349656336e+38,-2.666654750658238e+38,0,0,0,0.4024939915044111,0.43247787688584466,0.45575982188219,0.4859232166522663,0.5350345229108188,0.6131136338266315,0.6702243880003258,0.6983384796372957,0.7233244199475649,0.7401826684920867,0.7512096415306172,0.7584832205095897,0.741414076702404,0.7328330479386845,0.7067160953737379,0.6670210423335826,0.6481977958796676,0.630590215064062,0.5882305796895819,0.5692273333678892,0.5628173225125213,0.531537741228275,0.5157751368882897,0.4926747505158643
0,0,0,0,0,0,0,0,-0.3376065832550992,0.2200131377477383,0.22207018114546404,0.25258902158130725,0.289050841526671,0.3077267843230545,0.3399762968493667,0.34696906397833666,0.36769964896806373,0.37706384530704934,0.39915266525743026,0.41980460319332746,0.4375909750128827,0.44196724712889884,0.4579416365389041,0.4695543200329191,0.48910622417284644,0.5229133663407589,0.5352052011479214,0.5450496009250723,0.5957919390365267,0.6317815576205617,0.6686948908281738,0.7202831240982716,0.7426913434848845,0.7815419147272459,0.8069213738631977,0.8423483728599839,0.8762573757018605,0.8828105347527339,0.8948078506138305,0.9009922108691838,0.8967707358659874,0.8800576005796538,0.8530796632093567,0.8460900306909992,0.8111890479958757,0.7805175318083531,0.7560092656955496,0.7239030550835409,0.6972680009550662,0.6697279343521738
0,0,0.10213757498335414,0.09604295433042478,0.12005759144695152,0.1266083084106554,0.14569457191402846,0.1589964778875827,0.17972569032374175,0.19724507191085794,0.2218454527862355,0.2480634469165181,0.27243110609810584,0.28858298188469683,0.33187602447438413,0.3614561991180704,0.3924347909126172,0.4184068931330911,0.4372052682094064,0.45801888746896113,0.48386907789068995,0.4973072113868878,0.5250832516957675,0.54617798176543,0.578112482396191,0.6097198013528061,0.6328383791742417,0.653541662484061,0.6887161162758901,0.7077608559862562,0.7364905273200388,0.7770635202389083,0.7916271149313437,0.8228154204956081,0.8504787085185134,0.8897940835578634,0.9309430707001213,0.9501305017850702,0.9976997350417107,1.0131013092441046,1.0247874183028693,1.0314346581343532,1.0305720954510291,1.033985458085041,1.0169369070334928,1.0013498001951922,0.9869779314586737,0.9367362207528899,0.9127569878328199,0.8881363353554087
-0.07822501010563015,-0.06577067251952025,-0.05538339376521345,-0.050013128719276136,-0.019990837097968638,-0.011021707956376473,0.0022504463956089745,0.016532460468849007,0.045938178730150304,0.07218546115793292,0.08826013644868837,0.13531129701812059,0.1710160331595142,0.20355358678224306,0.25147937170478923,0.2737032902294167,0.31516917652140375,0.36643326539754817,0.40331347013533564,0.44894167772888316,0.5010275641902281,0.5345376944300146,0.5690201689873656,0.5951244816138964,0.6249436758002357,0.6576864065317812,0.6797484037800272,0.7176066405130123,0.746717498108764,0.769252248065571,0.8094147338989446,0.8360656499566295,0.8560804269216706,0.9061144060265226,0.9342332663248039,0.9717177597359123,1.0237737194326277,1.05055904835481,1.0872397406288548,1.1239832090378767,1.1574926096514246,1.204004570689467,1.2161589319843253,1.2348938058610355,1.2467933499939807,1.240719973677923,1.2519429140024696,1.234052651043616,1.2268626572995422,1.2282872994726508
-0.2296016069563859,-0.21371254726362832,-0.2028005275868796,-0.20317668354778068,-0.17489417872681554,-0.16154840841734905,-0.1608577238462835,-0.14070777076276506,-0.09676160675440963,-0.08188807352170982,-0.06324011209259561,-0.03559038844752988,-0.023132930432148615,0.0013691325087546613,0.06770010566511665,0.10481036951431189,0.16046656004024865,0.2595511645549304,0.32424237431379604,0.37307793735280603,0.4386678950806408,0.4848007130807625,0.533116376987515,0.5698817570921386,0.6294414558800594,0.6989490281365749,0.7277870457143771,0.7636818225274259,0.796305944558569,0.8188902555779459,0.8576524411425026,0.8865831755323994,0.9214695572699866,0.9645690503693999,1.0088203831744038,1.0461502195414647,1.1257405961013855,1.1856220967936952,1.2488181287067441,1.2805548173625325,1.3213460961581591,1.3959728812534444,1.4305364867276906,1.5373838433596876,1.5878553833236437,1.6062606370756993,1.6533640020226303,1.65498591991177,1.6578937537568066,1.684624193510686
-0.30356821273034096,-0.2949198042739672,-0.2902409408072896,-0.30474416597818504,-0.2956594400956529,-0.29605704478131234,-0.30350766566992027,-0.3003201208673847,-0.27961013214065,-0.27676830341017294,-0.2643235544099958,-0.21102077677412173,-0.19833501888071417,-0.17501718757740856,-0.10920103837372326,-0.08258566297284795,-0.061391764680633974,0.02046710312498043,0.07170509218536075,0.11688216232293662,0.2049094139663649,0.2784143116348627,0.33271949280879876,0.39156606006128963,0.5001748848228302,0.5686038441233991,0.6486670182639869,0.7369956961863197,0.8164184309661091,0.8746516152844045,0.9907867777239646,1.0711749143128118,1.091993898912452,1.1593771278196177,1.192721527094615,1.268077960552379,1.3342737277743522,1.371613696999864,1.4439302937065481,1.4840096076814477,1.5268489005305725,1.6002979083762283,1.6477478642550833,1.7151161514321502,1.7661691188723236,1.7961392054509577,1.854351953928023,1.9161168545088119,1.9334293321483862,1.9867019431466668
0,0,0,0,0,-0.3827886114450745,-0.4150241838187703,-0.41574726620709707,-0.4040168169707458,-0.4210761099886879,-0.41924388563190956,-0.38728181510108767,-0.40163725469376443,-0.3956581691780242,-0.32690789403141507,-0.3090813782646472,-0.27824023771478135,-0.15711901370715683,-0.08173819927660043,0.000979826882697995,0.16567030564152693,0.1727815832466593,0.2118955287573513,0.26245207546996985,0.39489738274093666,0.4490559005800122,0.5673213464623118,0.6971244710903243,0.7957680507574849,0.854755247086672,0.9596921829513839,1.0436023613296341,1.1050306631586673,1.1867659620958202,1.2511621192870543,1.3064846467005573,1.4107542462109393,1.454625258336209,1.5349268706095252,1.6019771505949967,1.6636623766852037,1.7263480015277906,1.7786186103230102,1.8705468636791382,1.9540208234917043,2.0019379536994286,2.0692238724053307,2.1135123986706765,2.157598990788035,2.2396838666807035
0,0,0,0,0,0,0,-0.5020116463405976,-0.5344149844455554,-0.5707930636154579,-0.5743043090626283,-0.5397739035175202,-0.5802221858673506,-0.5757126361617668,-0.5189675106000845,-0.5131082362018996,-0.5296765685964445,-0.45067049632509965,-0.43940842711067896,-0.41247260087437276,-0.29690297077229616,-0.2098339179623217,-0.14710511608789192,-0.029109980267068142,0.15273335489256126,0.2018932080459567,0.24870164894938915,0.3515921771925829,0.4496346472787416,0.5559577815683617,0.6807937235058782,0.7935715482627175,0.870873293428144,1.013758437772216,1.0941092982949592,1.1605973921958097,1.3008709675448566,1.3637546068757478,1.4451153135673327,1.569715990451332,1.6415658768262766,1.7383181670371075,1.8096655116399485,1.9354826350418384,2.013128490690986,2.0942593328503105,2.162866718396768,2.2224785132405356,2.253735133211359,2.335187990009928
0,0,0,0,0,0,0,0,0,0,0,-0.52346471624111,-0.4309253414410502,-0.5610638274263906,-0.6286054460878953,-0.674886654228695,-0.734613497834125,-0.6485643692689791,-0.6498594136991296,-0.6973504977338761,-0.5999886861451209,-0.5279922443299748,-0.48565563960085156,-0.42549192599909164,-0.23214895869065919,-0.11930811606608974,-0.005512895210430111,0.2105090794716149,0.2755557879829351,0.29160308030229654,0.35971569965638767,0.5600006096100256,0.653525828282725,0.8645075837731538,0.8953982662688248,1.0227695884707293,1.1580344993038696,1.2467128009228727,1.3769879353557466,1.6293991523522915,1.801063889846985,1.9511482922682153,2.066320258954146,2.233752789598807,2.4025538820828074,2.4661869499929807,2.5874272198191024,2.665808724058036,2.751851252424631,2.8794502186535778
0,0,0,0,0,0,0,0,0,0,0,0,0,-0.4736895160761016,-0.5023629280646915,-0.8398701829637983,-0.9734485550081853,-0.8959459044050602,-0.8701173659021009,-0.8676038359928585,-0.7558200128860064,-0.7090885117970154,-0.7129553940470076,-0.6767039373006463,-0.5531205247433467,-0.4318272855430943,-0.3033461959559454,-0.032930924282348485,0.06372643770920543,0.17736529174999274,0.3453388479797635,0.4538425357039905,0.5665303424138282,0.8338247560147195,0.9684387623596273,1.0803263071160607,1.3081951808158023,1.4581078767091649,1.6549315633814752,1.788970247060561,1.9072590005737673,2.1191545881078024,2.199952693273998,2.4446434410874445,2.576079299904715,2.6859681607041637,2.7606882625516236,2.805521840879781,2.803186426536972,2.927488231080099
0,0,0,0,-0.4652227738887297,0,0,0,-0.501346657196649,0,0,0,0,0,0,0,0,0,0,-0.7810198896906484,-1.0762261312984687,-0.980527001797687,-0.984289892160946,-0.8235047476302684,-0.5453359218127335,-0.4127808277008976,-0.3077797086160277,-0.1577565836477111,0.019989636829052682,0.21262581440571807,0.42007648327816327,0.5355570253953098,0.5042110910412317,0.4977509542711052,0.5934070532468362,0.7858443202769015,0.9731716648439156,1.1847305637751484,1.3004243680669756,1.6466182744911593,1.853485204364075,2.0800667667782284,2.260013547245189,2.6535446417789363,2.85415856071495,2.9131442126809084,3.107048230909867,3.2846516691856267,3.486211937991048,3.784739513389851
0,0,0,0,0,0,0,0,0,0,0,0,0,0,0,3.3429594733506697e+38,-0.396628400615869,-0.5959804025630775,0.10266257380211269,-0.2270598073452649,-0.49833591844214326,-0.6760420516970703,-1.0374824519158656,-1.2284404330533196,-1.2952684735721576,-1.287145664815554,-1.1032487234140218,-0.6333204672444348,-0.4471413185241785,-0.3161813211555,-0.1738496177503711,-0.03131632214517491,0.05984424068930112,0.23242719840535594,0.3212571160357662,0.4535992152289002,0.7270994296963448,0.8843561651708782,1.066782863686848,1.5620361015559179,1.8428378505628826,2.225400024169702,2.5647369274881338,3.073550273684408,3.3970302276214515,3.7099013978362447,4.131397856161942,4.4302597718937715,4.639547674291561,4.892278586679922
0,0,0,0,0,0,0,0,0,0,0,0,0,0,0,0,0,0,0,0,-0.6765859171729955,-1.009367994355399,-1.5858093983536117,-1.7923278959895994,-1.7431062577298948,-2.00461622582854,-1.9155187069509703,-1.185719081377008,-1.406146210712564,-1.5239232427148464,-1.5422470973227451,-1.544838721127667,-1.3889147918460876,-0.9390050326509488,-0.8235327126668787,-0.8027317116110906,-0.471487420231501,-0.3833689971002993,-0.12164853161280936,0.6223498537111362,0.9861130664180212,1.3833698606776237,1.769115932888687,2.5824275640175554,3.054799445514655,3.5008579687524315,4.28857549598373,4.723362644269976,5.255186087552787,5.746965672831683
0,0,0,0,0,0,0,0,0,0,-0.9163095858356068,-1.149868243477266,-1.242473947633816,-1.3099201006309202,-1.4155931555998988,-1.4656366273081065,-1.5824744046073707,-1.6716336442503683,-1.7643091457024036,-1.9067712555142529,-1.9909054135835351,-2.0476771805702745,-2.4289924714774034,-1.5960300669785457,-1.422398383482641,-2.704559182281665,-2.824794357472905,-2.8559300631427593,-2.9031167529046833,-2.586168585920796,-2.5804868593027885,-2.939653023324347,-3.033730996663237,-2.6457593082142665,-2.4751342138659047,-2.3373114715645937,-2.154430767699287,-2.198764608310282,-1.9605835890458574,-1.144789094973396,-0.7639747621815843,-0.2542814223583839,0.0956339476500084,1.1290573118753806,1.6383297890715562,2.4089529669772825,3.8733019924977925,4.762192420518663,5.239307161144208,6.229046492181666
