jsons/1312761600.json
{"header": {"parameterUnit": "m", "parameterNumber": 2, "dx": 0.1, "dy": 0.5, "parameterNumberName": "Eastward wave", "la1": 40.97354507446295, "la2": 16.46031188964855, "parameterCategory": 2, "lo2": 133.9931640625001, "nx": 191, "ny": 50, "refTime": "2011-08-05 8:00:00", "lo1": 114.97908020019554}, "data":
[rows 22 to 43 of 50, columns 98 to 146 of 191]
1.155449645850726,0.8374532716443313,0.8070390383956532,0.9680874137125515,1.1632484787129385,1.2075017168831885,1.264668497928446,1.3175406978974045,1.3468156315955424,1.3858523084522694,1.4114789780497423,1.4175435384213433,1.4300742705500886,1.4245421137049088,1.4452916034709566,1.473813492497062,1.4751658955898113,1.4895842708771683,1.5011623084687344,1.5002603704531663,1.5150923716430416,1.519895541635911,1.529234633125436,1.5484909827215414,1.5473679895053942,1.5648317733415875,1.5641475423319435,1.5644989382230827,1.5701033869528696,1.567888753892856,1.5522211792170937,1.5688493716587832,1.56607383891257,1.5452163935410945,1.5478238607649997,1.5351985475217511,1.5296591751378252,1.5299161353906057,1.5039326045720027,1.4765238182071294,1.4646927450846092,1.453911036746909,1.4485135638128934,1.4418614493796997,1.4248480138397845,1.4151214067139468,1.408093222746416,1.403273460227013,1.415618810678137
0.5158373477677721,0.551533235056694,0.538704219633763,0.6574135858307588,0.9261142052212883,0.979368311182323,1.0716661693270286,1.1524352273085687,1.2090807511786386,1.2412726522575983,1.291953064683844,1.3050477889301235,1.3217323670886287,1.3486143428145896,1.3723763830372508,1.3896832514062216,1.4013332481553407,1.412401665503471,1.4204345004568646,1.4314699325347762,1.4570914286202707,1.4675391974352074,1.4757941712686113,1.4983897892106082,1.4657720717454792,1.491057427934531,1.4933749846184936,1.4944446917209644,1.5195835045267707,1.5105835667943552,1.4999857914392773,1.5173757070935754,1.5205893566940791,1.5029326465142132,1.48569359741469,1.479105467465005,1.4306875836905235,1.427228442299013,1.4175099980245427,1.3749990762192674,1.3510660871510138,1.3430760372521076,1.3058516688019042,1.293829379617246,1.284759266407033,1.284763447931171,1.2695261515564462,1.2475536687462407,1.2444032136352021
1.1991249169197948,0.23239813184962868,0.3462631737805179,0.40533985989893956,0.5679955186160413,0.6395300376157665,0.7537680726599778,0.89917966683533,0.9633467677428827,1.001635932298819,1.1037519336970896,1.1372489546286508,1.1774248464103663,1.1907071158037381,1.2193651334177333,1.243903235067811,1.274585702678035,1.2887653653115267,1.3102085741724283,1.3093663407305915,1.3132712393534762,1.3046497205761718,1.3116360946591281,1.3191848965824646,1.33091299935819,1.3474272578977942,1.350079980714007,1.3786856402645138,1.4101285299017525,1.3990645504271861,1.3769806841931604,1.368320539130054,1.3910489770898102,1.346199158307257,1.3547253344599306,1.3381996462236394,1.2858984191449216,1.2475552847446638,1.2238057424370492,1.147336435533253,1.1146626259573011,1.08175577539205,1.0201719812170236,0.9823979040882381,0.9546745432466617,0.9147806179937658,0.9476764341310845,0.9271912648820713,0.9479564086515004
-0.501175539874767,1.1729691686072123,1.1362126140287592,0.5932842193900653,0.3412332324690503,0.3904398627257259,0.4686232556829174,0.5728009305666101,0.6593753693494097,0.6998610074904876,0.8572278350332149,0.8995937628915769,0.8998302919555781,0.9651002668403674,1.0063117610033598,1.0876076331738709,1.0843894917773964,1.0989985696424163,1.1044086894879677,1.109558445761314,1.1273266516979907,1.1447490876930828,1.1786632414267182,1.1720892008359622,1.1766944316859844,1.213491641346031,1.1731068620036358,1.1694789015606393,1.1525413857305271,1.147055537831185,1.0870583177050372,1.0911631099381642,1.1031491168035705,1.033797218802281,1.0512795380316666,1.0359329912713133,1.0742969779615286,1.0582742259209743,1.0226614094882651,0.9484178499808562,0.912613121442165,0.8674480269938687,0.6839969443842758,0.9118690595288729,1.5804385052280752,-1.4900335235238964,-0.8728633557686943,-0.7939015572685163,-0.7772576104349262
-0.3371964172344412,-0.8457078043924101,-0.21395396136526648,0.2668256977105593,1.1647158743516666,0.7186318949216097,0.38446703151491984,0.2219859663065793,0.3088994689752646,0.3483904683846855,0.4952059432430189,0.5381271089874496,0.5621015364072451,0.586878124624265,0.7391416541386213,0.7869246945169373,0.8392655883686961,0.8870127159718757,0.9166237807830048,0.934785772319268,1.0270824364594089,1.018450415217232,1.0424750931603104,1.0526304842087197,1.0544301526360018,1.0623595675173096,1.013686632209063,1.0150583320154125,1.014994440742759,1.0185213485487088,0.9676777523520321,0.9609128926183134,0.9660369330381064,0.8797907082735008,0.8698629134889179,0.858630504602846,0.7952990722120482,0.7428719762287493,0.6856759995993055,0.5958353757009399,0.8336548351311938,0.8283323452215158,1.0843463660497745,0.8322306352786535,0.7469085911176857,0.8988538872645161,0.949680594745022,0.9287466189208679,1.0110514701786621
-0.169611419966445,-0.1469824250701991,-0.11957971495896222,-0.2436229751115161,-1.287984407376012,-1.0799025564983293,1.1827484077733337,0.43487790661671494,0.4000334313097059,0.21760679589292525,0.32977143445483326,0.3706659964019494,0.43388371359746664,0.4844891296861188,0.5695104187767966,0.5909539573380239,0.631154695373315,0.7717993451385217,0.7609990834939147,0.783987537275308,0.7976750978108743,0.8121827742034488,0.8147002797981264,0.8046111961938716,0.8077468350501128,0.803283083580757,0.8315149519327144,0.7838956343926116,0.7675463603977987,0.7667622354058709,0.7561386817629798,0.7585447183101557,0.7852512253070322,0.7686253840554916,0.7543004922825034,0.7472136646896014,0.7099996716539859,0.687070439895631,0.6699379033186788,0.7040744805619451,0.6916974824223009,0.7153812943451918,0.7213614768657001,0.7189768848050326,0.740079345006122,0.7744570916248802,0.8029475908293371,0.8413953057967267,0.8476112749627558
-0.2026838225631809,-0.14183377264940278,-0.1340368049205823,-0.11635494023976432,-0.6849106391546533,-1.2488082375876257,0.8768030093985159,0.7884133420354226,0.2880007807876789,0.2548303414591018,0.1821464635888536,0.26929306369784933,0.31364945881748707,0.3857696637883911,0.4829988976263472,0.5144529762568589,0.5267218498881469,0.5568528003372748,0.5763403930931766,0.5876861710256204,0.6119369468488798,0.5841847710549257,0.5623117987832328,0.5172704106633774,0.48332441953368915,0.4572193642085476,0.4385603237067663,0.4255751134901188,0.38921932357358896,0.30541548802018154,0.27226532473678877,0.6354376687620482,1.2028482879037694,-1.281331496561252,0.4893861776569839,1.0391997528865402,1.1329528514864373,0.5179874330290989,0.3286387958146305,0.3330907811337771,0.3253013390858493,0.40322790456248914,0.4149667741165701,0.43809939504823914,0.4602919975047262,0.4942292099218963,0.505150094483087,0.4977280821159453,0.49024236458644166
-0.171498800063358,-0.14906619517613443,-0.15151612237623105,-0.14353950805513302,-0.127483570106436,-0.27272458265756827,-0.49465993078647985,-1.3204923406488134,0.9537788889461993,0.7976422003705328,0.19953824427012679,0.19202234593572068,0.21610762218008156,0.24071785371646048,0.2855698036395982,0.34060214741910727,0.3556389480539031,0.4076186500178432,0.43391312259043063,0.40386353672189895,0.38495924911359525,0.37923503762387833,0.3839051304424598,0.3414119448599749,0.3077227140528806,0.2430602174466394,0.856519231647149,0.2711001148047567,-0.9579064072880975,-0.187463129280986,-1.1415472221285201,0.3011827621515437,0.6919126328954406,0.8803593209232344,0.9412689496999902,0.9831600989663438,1.0283031921906314,1.0831749087957214,1.1362691712268451,1.1325447979817942,1.1678825203488836,1.2076810588921767,0.9694995787849267,0.8300961057691811,0.8100908901935322,0.6831135178848514,0.5962664639941767,0.6028732527200402,0.5896693664514187
-0.21817924534171193,-0.18703227113910756,-0.17441602475416892,-0.15909048013464608,-0.15782118281121324,-0.36862234788092496,-0.3740856708108642,1.1790318328837608,1.1789332508819357,0.7638723794057248,0.2278935032489147,0.10728623791916513,0.11461216390865848,0.13838424454669054,0.1806207279917611,0.17961626248282253,0.23574627793560207,0.2861098609710118,0.2967391969274591,0.3038927033151159,0.3082586762586412,0.30350098893017824,0.2939561456509048,0.325036251543418,0.33698889754225647,0.3092411219671017,0.27326073275221346,0.25905812897728675,0.3323723453647949,0.3626901292627604,0.5558134533603475,0.7195349730164851,0.9096896463165345,1.104835785341409,1.0614821300888448,1.0589641325986483,1.0825588617276438,1.0608811202658355,1.0774931635875427,1.0539245973899511,1.0659430883430694,1.054779259135584,1.050367871215782,1.029953192739578,1.0294992127631115,0.9920268518125801,0.9908296441184703,0.9861123390201536,0.9362607245720631
-0.3371992819663622,-0.3123798025542424,-0.3122561697724914,-0.3063667692842087,-0.27050861716972974,-0.23161942392231666,-0.22091890580700432,-0.1636652235029719,-0.13354901779296707,-0.10601933620802655,-0.33133109834358193,-1.3411205522136427,1.3420138818107739,0.7503275004568967,0.18163703534348682,0.07404167248427544,0.08151030468529243,0.12952048724897275,0.12183191433465747,0.11852227012290563,0.14364874156853083,0.15289219912792762,0.16042927857326833,0.14829827708770482,0.1668839728827208,0.20824126625147152,0.16805076793680604,0.1588643086187628,0.14453905122149222,0.14034474801467983,0.14868949334260714,0.14203876898204165,0.14503658689383264,0.36253314549233084,0.3972428800286022,0.45298813039588587,0.5840127465842437,0.5886260857141161,0.5843753515572716,0.47118918703231377,0.5053108572126678,0.4760458493906116,0.5988138749214218,0.5976513020209275,0.6214751112600748,0.7035124707227293,0.6996072133443086,0.7360284335244117,0.7346849402645652
-0.5539864798535695,-0.4462563676344274,-0.41421866710157934,-0.414697023467554,-0.7687153098296674,-1.0027908430773447,-1.140162342122629,-0.6415980973479922,-0.48707027186236396,-0.3383480324699326,-0.247751977280571,-0.18804033955394167,-0.14262416738211425,-0.11472444766325142,-0.21750409648977762,-0.40169181225308725,-0.29830782679406004,-0.5812645000045572,-0.7940764386579262,-1.1521256705277332,-1.1877969001822675,1.3673852346885154,1.096190248517713,0.3186235652396402,0.28387045858888643,0.5164729083872183,0.8886843062573113,1.1641878572267073,-0.21609147951760688,-0.9113412834550251,-0.9632209361468691,-0.9242284005821385,-0.9332200887666358,-0.4077292585008554,-0.2464941170798813,-0.12485786562746284,-0.35766568304038576,-0.7382019702717972,-0.14750659160827503,-1.580887273937143,-0.8993181042503309,-0.10232052718164376,0.8789151932982366,1.3401381230479772,1.15505788208134,0.7613774900189966,0.6457508636293037,0.39582511096802425,0.21968616437927752
-0.8228964312282768,-0.6281722610247554,-0.5527185782783968,-0.45620879976341017,-0.8520811563982931,-1.1765451221828125,1.2473500867471121,-1.1210688661625787,-0.5565892918078785,-0.45471710271625987,-0.24764912734183706,-0.2617900965659024,-0.2974597153835626,-0.2964801863842109,-0.2687791222239973,-0.24437271724438273,-0.21444121006465103,-0.13986102763115024,-0.24453080341641967,-0.3874741511050259,-1.3802972660834207,1.3637552516418312,1.2910197369422953,-1.2651778415344088,-1.2143084742050831,-0.8808555777742438,-0.37885457182372,-0.40928883637266944,-0.6312105235175032,-0.15676218412904075,-0.1832476276832544,-0.21479280451702934,-0.21010365082961027,-0.2567266563149749,-0.23841133850029894,-0.22532502577215954,-0.2171600622766119,-0.21844421904059805,-0.22103875573077966,-0.2304514763363753,-0.1929898355828393,-0.17444036608880736,-0.5329545819997235,-0.9737149822409401,-0.7935762944439773,-1.5293624762552982,0.7672496515732775,1.2935801338811848,0.5000906115661538
-1.097759250781188,-0.9774263752166095,-0.9253673494286532,-0.8430803146859231,-0.693757353353251,-0.5973149443878069,-0.539895915828422,-0.46136601786942577,-0.4363904653256181,-0.43377061402980654,-0.4358947701424428,-0.443991996002362,-0.44569162229112264,-0.4455332312213418,-0.43588396829501447,-0.42298906955896126,-0.4154461863157346,-0.38984043335924223,-0.36587680801896183,-0.3664620490505574,-0.32976442816824,-0.29078034139046244,-0.28303069731346014,-0.2392205431848667,-0.238505628551026,-0.24395901533361025,-0.21374923893448283,-0.2083044914710687,-0.20025985636006569,-0.18979938014640685,-0.18239896122775207,-0.16720721802902877,-0.15138625164220895,-0.15751178163066426,-0.1364500342526173,-0.16983418837268385,-0.19983398982295994,-0.20311147589896414,-0.21158991831057927,-0.2069000854756692,-0.19689367417782958,-0.18136709195492162,-0.17434870356635543,-0.16556175305744503,-0.15682988833268996,-0.14517869957799484,-0.22762741103161419,-0.2502992814920133,-0.7805400295683944
-1.2226570265720287,-1.1506782739714159,-1.106839283435697,-1.0511884564299905,-0.9458786839938339,-0.894734459143143,-0.8356149516084393,-0.7246842522063524,-0.6876629426699018,-0.6408827203919423,-0.5894080136613993,-0.5866942547182875,-0.5764440962529035,-0.5690060211410803,-0.5712700023233197,-0.580173748689499,-0.5779668932738744,-0.518253002758647,-0.48460440559712353,-0.4751900913303946,-0.4561020675197508,-0.42633717124952997,-0.4043011339450281,-0.38117984657300596,-0.3630385606481162,-0.35687151419561874,-0.29161959547599575,-0.28706268360630904,-0.2701354389975476,-0.2553311550645341,-0.24106783206147675,-0.2400212690980699,-0.24745525517392994,-0.2596517178406444,-0.2496755169037252,-0.24425623050831397,-0.24384206649090762,-0.2309760777440683,-0.22224753224146412,-0.20248182953298494,-0.18826227597512094,-0.18147289040127165,-0.15244215889205576,-0.14750182757063837,-0.15259225240524313,-0.14359059354898698,-0.14628951952281344,-0.15810219556577204,-0.16009041334991359
-1.2007402452610973,-1.1921875107419877,-1.176864131641165,-1.161049738611673,-1.111814505504521,-1.0671946955423948,-1.0272481872558419,-0.9407105280422097,-0.9031995383096372,-0.848850706482055,-0.8035761451849197,-0.7726885765071955,-0.7393993071121729,-0.7314390226384417,-0.6933569766469001,-0.6916720124654356,-0.6657107618518283,-0.6247661475294506,-0.6100166166730718,-0.5872953272983756,-0.5612597056434727,-0.5338303276031531,-0.527769484199099,-0.48534888922219444,-0.46271813517513466,-0.447381991006207,-0.4319123029822559,-0.4189463744807465,-0.4186651196353251,-0.38876051573814047,-0.34820252195798496,-0.33720116868645106,-0.32340256504319326,-0.31866654417143125,-0.324525369816532,-0.33220511565496547,-0.29447377156807525,-0.283013054445309,-0.27086291364935866,-0.2552927174645739,-0.24430763617355186,-0.229477435905737,-0.22689494171451333,-0.22894808774610845,-0.22575609392325072,-0.22694445026146673,-0.2307496000901246,-0.2211157468525642,-0.2075307907583056
-1.2281734265879078,-1.2214992584583135,-1.2057381210308824,-1.1925398929048014,-1.1719562341371612,-1.1516536697066833,-1.1216552787384895,-1.0386801572707984,-1.0102004640865303,-0.9314850262696078,-0.8654126534525264,-0.8503905706369287,-0.8204089580709053,-0.8008991614085239,-0.7709008348994102,-0.7552588475879111,-0.7246123525344271,-0.7071938443889068,-0.6923420938343415,-0.6781014638522531,-0.6539408506175134,-0.6321880643976336,-0.6139858494675748,-0.5445276227447687,-0.5267190014811598,-0.5151776870107498,-0.49747789141667875,-0.4815522864448272,-0.4621784211042519,-0.448848016945402,-0.39968528064245923,-0.3926101026494001,-0.38773459433808827,-0.3744282588654932,-0.3510945529736534,-0.33480780787781594,-0.3214803324789428,-0.31244664219046214,-0.3088086741192093,-0.3045643929925192,-0.2997756878297004,-0.2871538251015788,-0.2775909417390016,-0.28281292820701565,-0.2851925638644908,-0.28060357383594786,-0.2776150906537115,-0.2747635033201488,-0.27262778762098117
-1.253390584076915,-1.2355828093105614,-1.229585848369191,-1.2205887731736769,-1.170588376652022,-1.164844328642732,-1.1486795657309263,-1.1130241711169353,-1.0711764336548084,-1.0457001958246406,-1.004201154137308,-0.99484224361355,-0.9621743259485899,-0.9254842770804137,-0.8997219429587653,-0.8707675736699938,-0.8432726197188131,-0.781844563119466,-0.7510388717730296,-0.7467473720721173,-0.7213254547479403,-0.7117063535662158,-0.6987662633400965,-0.6533749507472612,-0.6296513658002993,-0.6297031901782904,-0.5572476228016449,-0.5261537954071666,-0.49924686514531724,-0.4916663051453775,-0.48215091302349866,-0.4661365002754409,-0.45751372451760763,-0.4430205509962631,-0.43014716291336724,-0.4225099325336023,-0.40006342150952634,-0.3757841886898753,-0.3689053739000165,-0.3655440840800069,-0.3599579304827132,-0.3508381815581809,-0.3411848528464549,-0.3454167190197258,-0.3466880895678712,-0.33781534764866933,-0.3323907408145338,-0.3288214847186695,-0.3330773511587592
-1.2838578114712929,-1.2575110866064716,-1.241259737785148,-1.2278391489719485,-1.2142862017504306,-1.207332236284088,-1.1988951901368794,-1.182564795950334,-1.1679776238067343,-1.118254661080707,-1.0527080078438718,-1.0112871267236836,-0.9862157322871558,-0.9673009738776857,-0.9241290086954883,-0.8940294605374774,-0.8750000010274269,-0.8486532347460091,-0.8353467532635034,-0.8148971986855761,-0.7625953993156684,-0.7377573652814461,-0.70667581697783,-0.6220174608390626,-0.6071233794179397,-0.6116540980136478,-0.593269268469288,-0.5796700736010753,-0.5743995474742252,-0.5649748351032062,-0.5442480131509843,-0.5317586706346576,-0.5248446312206081,-0.5152365558498314,-0.5029451056027585,-0.48349878679933905,-0.4499381956695356,-0.445572668686607,-0.44528776541824894,-0.4332308956600565,-0.4299696725098994,-0.4353858500976374,-0.43009077759918046,-0.4186371004475732,-0.4060867015092847,-0.38857622977751316,-0.37974347155686267,-0.3836297013810017,-0.3966418781707395
-1.3528613814868098,-1.2991660541953889,-1.3037457720680004,-1.277970871327097,-1.2485385460032983,-1.2332055530246213,-1.2316349447348023,-1.2096930373094685,-1.1875161646979329,-1.1390151580379648,-1.0991961145578895,-1.0495014938865528,-0.999046413448142,-0.9574395340133965,-0.9341039390952685,-0.905615295768171,-0.8794832180824717,-0.8501646858864476,-0.8243402972874089,-0.7982181816405991,-0.763083125295826,-0.7457305844964578,-0.7119957108777094,-0.6873466644576542,-0.6678939666501452,-0.6489560190882852,-0.5859856491758356,-0.5664339879919847,-0.5717831430665269,-0.5720046237514859,-0.5631475897814241,-0.5608696125995645,-0.5596318320682683,-0.5320959929949043,-0.5201472010131685,-0.5163585861548897,-0.5110842979947345,-0.5013274233430655,-0.49073679368637757,-0.48827792580363816,-0.4924324419107567,-0.492831468774105,-0.4750346438583375,-0.4734577482877243,-0.47042383731268106,-0.4874598109368596,-0.48456164676351354,-0.4743123715438953,-0.46588675390877576
-1.397448699370392,-1.3529076419870847,-1.3269577860781971,-1.328756288492117,-1.2982503280398312,-1.272484715068642,-1.254759050953876,-1.2060379581656684,-1.1759330877282381,-1.170286071862012,-1.1072692461580236,-1.0577888585624866,-1.0445015057790483,-1.0263531308056524,-0.943312198948527,-0.9096979536178292,-0.8897938612230512,-0.8582561389638202,-0.8298698512813828,-0.8201406224355349,-0.7853327300806535,-0.7590519887499351,-0.7475886278123761,-0.7298260606588212,-0.6942574504616066,-0.6645320157133761,-0.6404858277011208,-0.6425070033654171,-0.635141427263674,-0.6336025791802117,-0.6334948030411154,-0.6159719275288078,-0.5925542873335544,-0.571223802414009,-0.5708789350963407,-0.5747718617707793,-0.5565546176349133,-0.5421895893128494,-0.5471281645041288,-0.5546505144180431,-0.5432583214834238,-0.537574659602627,-0.5620171033421547,-0.5832286690968274,-0.5955368677567326,-0.6355756086037249,-0.6749623609048202,-0.7149219409761239,-0.760503128728274
-1.4166811543349203,-1.3899229566972082,-1.380118013515084,-1.3494584454220284,-1.3127453208711382,-1.2974844831409929,-1.2755460611305567,-1.2490825949113038,-1.2434963242704895,-1.232801044731962,-1.2500044354290702,-1.1941577672012578,-1.1461127139329015,-1.1097639313188663,-1.0503444054298967,-1.0096222061079902,-0.9443990304698208,-0.9077561980484788,-0.9099292264703951,-0.8975888142939624,-0.8945062148821137,-0.8815773900304035,-0.8595705167552745,-0.8446366049992995,-0.8414093673274985,-0.8318279552087912,-0.813520401270626,-0.8071819401834579,-0.7992992089408527,-0.7797265876340636,-0.7902101153050162,-0.7964939581683058,-0.7763772223542728,-0.7421787787308668,-0.7266976094277525,-0.7149300756775726,-0.7134429823666215,-0.6966139067516811,-0.6880439868839036,-0.7073817391262905,-0.7289498453399607,-0.734738078632352,-0.7629163883662174,-0.792332479736285,1.8095208332490143e+38,0,0,0,0
-1.4323909985364716,-1.4170524935961977,-1.4100176234199662,-1.3903941063171583,-1.3519123354099423,-1.3298707705807788,-1.3242883113992923,-1.3042855181521524,-1.307768331405475,-1.3035424047971054,-1.254860422878572,-1.246552770951348,-1.2155248154587583,-1.185169319497672,-1.1126065527126436,-1.1115634040711528,-1.0871102945631677,-1.0548636308870927,-1.0290555875937686,-1.0144139571926147,-0.9712410173445691,-0.9605865709342176,-0.9636978352681288,-0.9659377371839506,-0.9647989822346964,-0.9568766466652773,-0.9254503281817732,-0.9311138931399975,-0.9274049153526376,-0.9239512572840455,-0.9301340350641023,-0.9202921421030041,-0.9159719088209575,-0.9206940416675877,-0.913379823835191,-0.9165607975864395,-0.9572033168921288,-0.9671632981465903,-0.9627823604914032,-1.5684484319122634,0,0,0,0,0,0,0,0,0
