jsons/1312916400.json
{"header": {"parameterUnit": "m", "parameterNumber": 2, "dx": 0.1, "dy": 0.5, "parameterNumberName": "Eastward wave", "la1": 40.97354507446295, "la2": 16.46031188964855, "parameterCategory": 2, "lo2": 133.9931640625001, "nx": 191, "ny": 50, "refTime": "2011-08-05 8:00:00", "lo1": 114.97908020019554}, "data":
[rows 22 to 43 of 50, columns 49 to 97 of 191]
0,0,0,0,0,0,0,0,0,0,0,0,0,0,0,0,0,0,0,-0.16984058544055186,-0.03858574401876357,-0.0730187180741097,0.0645007478979499,0.08156166426932533,-0.04840306329904828,-0.07034106766268257,0.09556062576509815,0.12352807182084105,0.1727779319558651,0.19197601055414942,0.20897246412582426,0.23327864444226673,0.24568621001201701,0.25609843361057627,0.28410725089478245,0.2801594767004056,0.3333597383098705,0.40378003694285985,0.43074905414322656,0.44219677654439093,0.42451632438409803,0.4373577513707383,0.46501222023788447,0.4647782924781798,0.5177119325943417,0.5363726168162131,0.5432740096957391,0.6040424177307795,0.5991266748023589
0,0,0,0,0,0,0,0,0,0,0,0,0,0,0,0,-0.0004721419709841272,0,0,0,0,0.01986859489351495,0.05558059255883224,0.07681674961875118,0.0788328100287025,0.1216094654668126,0.1517731266620585,0.1697203614338168,0.21331712641919015,0.24045905262850356,0.25783969977251336,0.29515058716399495,0.3357260129705425,0.3592079329175759,0.42492515629700034,0.4349740345063152,0.4469622473000749,0.46463488808939485,0.4425275565040851,0.44000123489258264,0.4497314835210465,0.4555034103902041,0.4300252479268505,0.449518761977921,0.4912882276489265,0.5182911311432865,0.5492374263458958,0.5985282422820685,0.6119481313018617
0,0,0,0,0,0,0,0,0,0,0,0,0,0,0,0,0,0,0,0.06788868400041785,0.12989501753732705,0.14322729613438895,0.16005611306679726,0.1816571133406823,0.1843750940536137,0.22843076719307367,0.2539731886185818,0.254800925270609,0.3056504053739117,0.32179053815995434,0.3469765806353108,0.3891678901615562,0.41115102355183775,0.4237320427812181,0.45179336182162105,0.4461721703209357,0.45102283806788923,0.47325626316667646,0.5322054010529174,0.529047185535701,0.5358984453229088,0.5404669626994414,0.5602136864219084,0.5661446527342466,0.5914886111630923,0.6035121372922456,0.6149887077705961,0.6305573810898374,0.6304251085940281
0,0,0,0,0,0,0,0,0,0,0,0,0,0,0,0,3.3038944722661223e+38,-0.199543219463627,0.1341856859065699,0.1876749273763322,0.22993760086638365,0.24585273531236118,0.2563677553396657,0.28193403567679454,0.27214303860341676,0.29971614684364806,0.31743812637718044,0.34629832447079073,0.39828806681642726,0.41082214812106777,0.42455293113836823,0.4682404413059848,0.5198354409357567,0.5114126052724393,0.49780506656998935,0.5090242062400806,0.5218145081165971,0.5364033940571917,0.5417971664839476,0.5713964348223843,0.5706965562859667,0.5743251413232944,0.5998481619893073,0.6090700283819563,0.6138229191531699,0.6208873197834388,0.6265013162968968,0.6238256759078508,0.618204754470401
0,0,0,0,0,0,0,0,0,0.05791902590220196,0.13110854703579186,0.1801000089169193,0.23940413871994448,0.2995997332044495,0.31113934878849125,0.29769746387357526,0.30130071155747534,0.30628289504050904,0.28919099271046667,0.2665919703142658,0.269407469496803,0.2541143125041229,0.2495933772073095,0.24888201136817556,0.26312666143223357,0.29274347495060804,0.35612888475251997,0.3850941166505088,0.4680352180087707,0.48197048626236555,0.4925087107235755,0.5178493114430285,0.5386007483098281,0.5369960420733054,0.566677405506717,0.566916075803784,0.5736596123794999,0.5872086995203062,0.5865985940083958,0.5855464972400894,0.5883141130939769,0.5901807015633987,0.6005226114739612,0.6054451376422431,0.6023321686299908,0.6018134878648589,0.6084110983076824,0.6044098746741652,0.5851099962742596
0,0,0,0,0,0,0,0,0.1776850942665134,0.228338394483855,0.2767947161940058,0.28910293374462187,0.2929387460839103,0.2924562506165536,0.2866761508129387,0.2765817474029181,0.2634615027051269,0.2467374811126403,0.22979002324963357,0.22297284298629413,0.227049220733949,0.2842235383228307,0.3141524740588455,0.3461774858567336,0.3715518312246248,0.4496301176594047,0.481681527648149,0.5012654237641331,0.5424532689455014,0.5442283260349854,0.5492048730121731,0.557355301108664,0.5653719686809101,0.5684369710060582,0.5811800262922419,0.581359369283967,0.5897399506302264,0.5866007518669277,0.5845773131358416,0.5851636063427686,0.5933678851075697,0.5951075754025315,0.5954747731413488,0.5981254989749849,0.5872002180708502,0.563111109357902,0.5867597275914728,0.5959501308534635,0.5553952322462279
0,0,0,-0.2932141523628704,0.2246728712342678,0.24628040120299338,0.23996731897957518,0.2453730606437291,0.24261802363101498,0.25260365785760835,0.2665329484949732,0.2699117695051616,0.2451809691066709,0.23372852291101365,0.20537724982099767,0.1951268691925281,0.17003954748196973,0.17922593144850063,0.1704246819618461,0.19740647480042586,0.2503384516638471,0.22884489723998055,0.3714362052513018,0.4296985835446488,0.4893234983693643,0.521102682498686,0.562242890870376,0.5763235170742598,0.5736526247896757,0.5716486727201665,0.5698130947387512,0.56066142965682,0.5710600366460667,0.5711832080945433,0.5800533914542698,0.5850375584611575,0.5973985762257069,0.5861895384636906,0.5846404142241973,0.5842088602185086,0.5820565234024826,0.5754571120699848,0.5654631567198262,0.5660784013664614,0.5508790493535664,0.5642013383328397,0.5691897058583927,0.5681884897720048,0.5209065468767529
0.11714077782108796,0.15810835165480722,0.16732270985735903,0.1653815989697532,0.1653787032228201,0.17405046999472382,0.16984265833377066,0.17548874831803704,0.19929382373539956,0.16707547653454538,0.15910762596565658,0.14259936918088195,0.11875646043315298,0.1474334799722255,0.09774219094721451,0.057916844108374124,0.05679334630456736,0.042394932855939434,0.0745390233136716,0.11087878759963356,0.16742518436345305,0.13730799721020367,0.33562808521419185,0.41480735980095124,0.5135821659697637,0.582621417949646,0.5775832376653233,0.5765430525186563,0.5759949675379517,0.5758886489851254,0.576514502255353,0.5781783641353522,0.5782055586161405,0.5720282808308131,0.5762225176318821,0.5656906577107554,0.5520984719150719,0.5681004931292593,0.5574753501452877,0.5378694182816903,0.57237099758832,0.5637522266405006,0.5593883016947112,0.5557897754288692,0.5502778760265743,0.555366590220789,0.5400501989757142,0.4727366831489212,0.4476912112139397
0.1414638375727512,0.14297080451144106,0.161607569801331,0.13716579159616157,0.10534096426126238,0.08780636787279303,0.06887910736909761,0.072535627996523,0.0901761542246704,0.030107055837901225,-0.012332075301387595,-0.10844860682594266,-0.2273410357648962,-0.29059539048239835,-0.264498435680343,-0.17335947703718904,-0.1552881433334323,-0.07509733481464115,-0.3123454479325592,-0.2820578882264445,-0.2848607401508682,-0.2254074198534004,-0.1124762439158756,0.16868578197345824,0.6081354211793377,0.5022660387659343,0.4691966533709567,0.4487208004438198,0.5352180692324336,0.5785829827507335,0.5491006216634255,0.4998103219503772,0.4606253799645784,0.5407452387531739,0.5384962517569396,0.5381762012732483,0.528745929359569,0.5085558467204795,0.5354631204915377,0.5263804404049875,0.5050817652841487,0.5443273838941429,0.5475993964963499,0.5572476355827997,0.5533421865865968,0.5381845559154093,0.4976471593639156,0.45790144299876984,0.4349016714769705
0.041111201532025556,0.035913356935062465,0.013902631368055378,0.036809253085093016,0.043594033179049606,-0.11886645523000605,-0.18792240752960454,-0.24792848253527924,-0.3428522599203446,-0.45833876856242056,-0.534773268267451,-0.5739859478879531,-0.6039078755207895,-0.5887035964314311,-0.5825590998704233,-0.5796670535575694,-0.5761966733986503,-0.5782357068702142,-0.5763452125019041,-0.5563627757238695,-0.5262646678739158,-0.5387260126432372,-0.5258333171600593,-0.5103771274452318,-0.2425877210608054,0.462709579781007,0.5563939905525029,0.5778007799574401,0.5844924684082461,0.5909066350048026,0.2610610983807264,-0.35283596399265116,-0.3440340397781273,-0.29844911818081576,0.5890318333143614,0.47593003891634367,0.19473238341768118,0.35450376725136096,0.3986284318612149,0.3749180962453365,0.34915472027618943,0.38527236250410496,0.40510478034700004,0.3936160988844266,0.34824533126044366,0.33761533702704827,0.33997493054298894,0.41267182909378036,0.45037330801849773
-0.2518888695293189,-0.26812348462433405,-0.32828237573949853,-0.3932387639162818,-0.4695019677644843,-0.5597687571052051,-0.6090790464944976,-0.6405978457902901,-0.6468118533343727,-0.613286280525405,-0.5498351774354976,-0.49117574034781847,0,0,0,0,0,0,0,0,0,-0.2019645972448225,-0.26961077980454734,-0.2355297532048221,-0.16227409041930047,0.05642269182309332,0.21106133391501186,0.22768246902868508,0.0046893478074373895,-0.254516109437308,-0.3430152878911104,-0.5985607185624726,-0.14580271498821382,0.5001910471923073,-0.6052170615762409,-0.5990588826956083,0.5877589476421858,0.47979183118409036,0.3480172235039313,0.38655202905087316,-0.3496789644143699,-0.2760998840746083,-0.2762714987502051,-0.4615312269476421,0.026879373066093608,0.29753032780820776,0.2898731758407585,0.3729097482041975,0.3471534362165482
-0.5446110918467255,-0.5764271389505272,-0.6286684214269262,-0.6499307584022359,-0.674198294587463,-0.6383502173871164,-0.5966488907930187,-0.4547132412373886,0,0,0,0,0,0,0,0,0,0,0,0,0.0006626349976551975,-0.19946104140016815,-0.2550636321031777,-0.2333778043272443,-0.2296346805069602,-0.2507746799311921,-0.16919942913779956,-0.023915732197835195,-0.22602465229073812,-0.042081721019561216,-0.5063481774456159,-0.5131805848947072,-0.24810733375964322,-0.4905302949383291,0.32790542413264323,-0.6191057654669629,-0.36496786699011163,-0.18955515831368322,-0.41447919401184485,-0.4384273970925615,-0.5039560370490305,-0.5238126967416814,-0.1962876444012736,-0.3378153531584115,0.21369487566007303,0.4733568024921232,0.558519411913858,0.534124604301426,0.5096980861014314
-0.6241698207537703,-0.6493092264312341,-0.5977316993076607,-0.5485214230015176,-0.4565264526010075,0,0,0,0,0,0,0,0,0,0,0,0,0,0.08690185038451817,-0.06489497239062403,-0.10045678290616578,-0.01565978236598668,-0.2008793067331621,-0.23219409395266358,-0.243981545804912,-0.13566170839675457,-0.282883181170249,-0.3659328265424553,-0.5725478944238879,-0.6362864195973768,-0.639500288078658,-0.62743197316001,-0.5539118823823165,-0.5287059759552873,-0.5147091296147159,0.5927859144580248,0.33499311347938665,0.2687252282131506,0.35316422598823044,0.41364636859430415,0.4785491932141216,0.4897975219105203,0.5039034770615479,0.5189950671219479,0.5374899938995935,0.5497132041922731,0.5362056690276638,0.4987672499800888,0.4863379061859721
-0.5291343863033419,-0.36992452057758635,-0.15320549775343284,0,0,0,0,0,0,0,0,0,0,0,0,0,0,0.028961298519217044,-0.16319766943233976,-0.28056174334425177,-0.30926414249079487,-0.30142057362329244,-0.36800550756620093,-0.3802814524881016,-0.39559620070680607,-0.3945990574318853,-0.522740309891406,-0.5751338032191827,-0.6166669667845431,-0.6358164608286146,-0.6523823219256651,-0.6219797042161573,-0.5825210633304919,-0.48930397517450525,-0.29589112520732197,-0.2910599104848573,-0.4730437646486254,0.6446893218355978,0.35425075096815384,0.3208426123894579,0.35840270758245396,0.37448140816579106,0.3952720727616707,0.4113118587620199,0.44870019240722697,0.4669359415152505,0.5022794916675355,0.4548498336902999,0.42440507351656054
-0.32044602870479816,-0.3389337857543201,0.428594984780443,0,0,0,0,0,0,0,0,0,0,0,0,0.016090842119352262,-0.11132376456245768,-0.17035960955306448,-0.274656074752222,-0.3331613499997837,-0.34227439686656075,-0.6476385150158099,-0.6307725492917325,-0.6289561573737702,-0.6384362522785836,-0.642020441429985,-0.6423945621527579,-0.6468098479487714,-0.6538260079245531,-0.6700347666726989,-0.6775473131755586,-0.6824608401465364,-0.6552418745324639,-0.5964374084714724,-0.4381809849561683,-0.3539378039015502,-0.28930913707968564,-0.4097927126142142,0.027322419307028972,0.21396274089587528,0.15154462902493207,0.17486362565597488,0.22987895171925601,0.2521264375440038,0.37627691417871145,0.35361113382999015,0.35138039871242793,0.3267326166785024,0.30081243623951176
-0.2321522083771809,-0.1882203543720647,-0.14943896826290248,-0.29904271222467266,-0.3986559768493789,-0.37895837287144357,0,0,0,0,0,-0.419941345623792,0.026571944275062567,0.005588810030257631,-0.06998860927885799,-0.23392717452245454,-0.3552423864042617,-0.47990572979194374,-0.6478598200214071,-0.6548148448675588,-0.6745573376421925,-0.6807165035478591,-0.6492691940782167,-0.5785935633486273,-0.5998006048929895,-0.6454657483712085,-0.647547792368911,-0.6532422002254472,-0.6655965291024406,-0.6809816987555748,-0.6855662382074732,-0.6804073999085836,-0.6493273073311293,-0.6016045365141016,-0.45342989856532384,-0.4302163812793992,-0.3483892850992063,-0.34764160078537615,-0.31776941690626864,-0.3538875006952855,-0.13562520601668754,-0.23531790443386225,0.4989596231166756,0.37319443413185893,0.20153350620277782,0.1832889196161295,0.1927626601519846,0.22030607968966592,0.22305617230425143
-0.21961247674235476,-0.17852986814856434,-0.2917814009947285,-0.3688436634697241,-0.1303660563930186,0.2983828637226547,0.2318044139272355,0.2677217634968374,0.37859679656924183,0,0.021968026118881264,-0.031017004229118704,-0.1738331159374704,-0.30756922825604427,-0.4235947669346063,-0.5704066228940143,-0.6278599089490486,-0.6601577718542547,-0.6910006724002,-0.6977176285818196,-0.6892320136779294,-0.6564262973496535,-0.6317457009655227,-0.6074161539200233,-0.5636324911729916,-0.6151461012640589,-0.6227713623858955,-0.6437167977925958,-0.6550738585076988,-0.6825851595243351,-0.672139297146138,-0.6020556127545172,-0.5806879179796303,-0.5645762585868208,-0.44423218396518566,-0.40547837719886304,-0.4022741173278958,-0.341379520210101,-0.30876069666592887,-0.29548668891037666,-0.15936436452551514,-0.13751643959558063,-0.23144693188396095,-0.12960369973700347,-0.6586030850405127,-0.5818623099978035,-0.48548090408224626,-0.3686664755732709,-0.48027741032365623
-0.41895987780545396,-0.4253941756441879,-0.4792128011866069,-0.4638469990048149,-0.4028267873384943,-0.31078715651143657,-0.321488867168439,-0.3280947190101515,-0.3192228143640983,-0.35914791744875746,-0.422754294464993,-0.4621155220746133,-0.5624177855014738,-0.6374567134338334,-0.6784417665721985,-0.7211938256962322,-0.739049826449264,-0.7353787026285418,-0.7110997395985587,-0.680538767320693,-0.650433996466986,-0.5976499637229482,-0.5424080981562014,-0.5424045839132939,-0.5535204460369973,-0.5720862817847202,-0.6007445593575275,-0.6089662966859356,-0.605641555360775,-0.6219728839360176,-0.6218051537609306,-0.6029908107412895,-0.5989696185432256,-0.5944055217506726,-0.5655715715435528,-0.5197910404631786,-0.49365790885642924,-0.37131085055873014,-0.33039942129465055,-0.31507807279939143,-0.27253467729175834,-0.23661741615002535,-0.22688366805589846,-0.1956296549085966,-0.13755744248114696,-0.13834954093165502,-0.1323893068758335,-0.15842163009094423,-0.16814182074514603
-0.496125967135951,-0.5023298762331992,-0.4960321069886361,-0.49034335086461817,-0.5010868414056884,-0.49187910572983595,-0.5017515073050539,-0.5426260068523687,-0.5473072361275135,-0.5675769227983531,-0.6141472589353676,-0.6577464913552984,-0.6995869743538253,-0.7450789078437716,-0.7566481341054399,-0.7399244179124581,-0.7461494230452721,-0.7325574807035841,-0.6905914104779475,-0.6828886196846249,-0.6468346500097517,-0.6260668729691872,-0.611072837280005,-0.609984924494939,-0.6130745214413844,-0.6176319804575122,-0.6247387343434351,-0.6272255597616169,-0.5986250439911778,-0.5977924117361196,-0.593834663459446,-0.5705397866809475,-0.572994775403844,-0.5607566053193729,-0.5376306474179964,-0.49168797572442585,-0.40822577443143154,-0.37199717004316657,-0.3350893867959799,-0.31793787301810156,-0.3151877862737142,-0.3054195578295401,-0.2980006840392815,-0.2862536741950933,-0.27696675691132766,-0.2533172448422643,-0.24679423521932561,-0.23453641934926564,-0.22566108796429385
-0.527969604963527,-0.5418452262218036,-0.5515382943467063,-0.551859120933799,-0.5728701606671235,-0.5798831484548064,-0.5958825486173723,-0.6160757004376625,-0.6417786135431548,-0.66044837029068,-0.7173155137086062,-0.7263560255638617,-0.7271618009376851,-0.7566588472379463,-0.744951930346636,-0.6908275022692859,-0.7076867775816146,-0.6864190637554682,-0.6632991634413103,-0.6491486997457611,-0.6332195109789652,-0.6187992141228096,-0.6102051223930549,-0.6116721939721154,-0.6097559135739987,-0.5740186645840643,-0.5703092920876761,-0.5819462792189372,-0.5854307540766961,-0.5829512692170902,-0.5713781230904345,-0.5788170565065348,-0.5793536686838865,-0.5804328479635933,-0.5666914688030831,-0.5586100558354363,-0.5456017339379187,-0.5276649662266133,-0.5065926709720879,-0.4963365189415671,-0.4244340422907961,-0.40017449379151576,-0.3892250620475222,-0.37148136693869815,-0.34478759057109243,-0.35024103593097,-0.34735473157939395,-0.33430092470505635,-0.33845531451732347
-0.5823542946120626,-0.5921819920525685,-0.5992435001239266,-0.5995175475996406,-0.6212432521325367,-0.6298888899705342,-0.6461766186584446,-0.6744221623746994,-0.6904146556111969,-0.7152415179440837,-0.737309249264247,-0.7488527179214213,-0.7618658858280148,-0.7593809078472196,-0.740972225244386,-0.7204294709295871,-0.7140038372120169,-0.6786261227131054,-0.654443070157198,-0.6477733141918554,-0.6261807932404485,-0.6087141526261564,-0.6155548285990539,-0.6259326392565642,-0.6303212863704734,-0.6070402060964355,-0.5994517353338215,-0.5978523019001986,-0.5922157115448969,-0.5949206780799176,-0.5994174816408715,-0.5981497520948119,-0.600632377171973,-0.6006417393646041,-0.608499060866496,-0.6240677670951186,-0.6273224576628921,-0.5665805377841582,-0.5348268916738909,-0.47550392696040183,-0.45105402736662276,-0.4483287989332215,-0.43936141022549896,-0.4242106821339371,-0.4034952456003584,-0.39259538008399386,-0.3892259931697231,-0.3840218851023444,-0.37851245446477655
-0.599639443446718,-0.6278653480491398,-0.6384414115824706,-0.6359118121833062,-0.6713384848579628,-0.6826430970116578,-0.6965325784898625,-0.7401479371358564,-0.7456448885715178,-0.738250631370412,-0.7758340466123022,-0.773117104331279,-0.7437308403276099,-0.7447403194228333,-0.7400660007164268,-0.7221843407537747,-0.7112354285437319,-0.7054126608803432,-0.6826609629438164,-0.6733530881546855,-0.6661835654075291,-0.6442238162796206,-0.6401367032128464,-0.6464170172712017,-0.6438295816620585,-0.6288173770754025,-0.6298010109055542,-0.632501668635574,-0.6086775817469421,-0.610494479318776,-0.6243453518608099,-0.6379237575307016,-0.6388863689190369,-0.6397668433025956,-0.6523335745575005,-0.6392193507209023,-0.6183951850456546,-0.5926752599957794,-0.58261347639562,-0.5493498538498868,-0.5093420718490319,-0.4897006875025288,-0.453418131752129,-0.43759167090338397,-0.43259499483568387,-0.4183204598641503,-0.4085680913923106,-0.39038664262118206,-0.37595041651159306
