jsons/1312794000.json
{"header": {"parameterUnit": "m", "parameterNumber": 3, "dx": 0.1, "dy": 0.5, "parameterNumberName": "Northward wave", "la1": 40.97354507446295, "la2": 16.46031188964855, "parameterCategory": 2, "lo2": 133.9931640625001, "nx": 191, "ny": 50, "refTime": "2011-08-05 8:00:00", "lo1": 114.97908020019554}, "data":
[rows 22 to 43 of 50, columns 50 to 99 of 191]
0,0,0,0,0,0,0,0,0,0,0,0,0,0,0,0,0,0,0.06875050621633783,0.052725241163935545,0.12394192161095446,-0.059066614185956545,0.13195285693673922,-0.6165580531165896,-0.9431253999464069,-1.107828860181635,-0.9763363110443962,-0.553860517930226,-0.27364218369209464,-0.07638159531961505,0.25084263237253274,0.42061397023231817,0.5285655640932261,0.6504970805157937,0.7132748163872639,0.7945509180877387,0.8811498614899778,0.9033070095940962,0.9003981774466292,0.9240330408384937,0.9275179340298738,0.942485876339671,0.9525385668637006,1.0217903202171272,1.040574702531031,1.0400032361306908,0.8433695240356442,-0.34790634729030884,0.7265447024142665,0.9342871975101891
0,0,0,0,0,0,0,0,0,0,0,0,0,0,0,0.0004906954705557927,0,0,0,0,-0.31853563612078334,-0.6206304316408597,-0.8629007760203643,-0.9303228384219898,-0.9442344438532323,-0.9342581523466438,-0.7599251316160314,-0.3241409336318885,-0.08017944963433969,0.13099193108617463,0.5129963812352207,0.672867532915993,0.7946431863482007,0.8993300914036283,0.8994642824880222,0.9005901858558388,0.9155434689808615,0.9082438905810614,0.9127785455443598,0.9425600773599659,0.9656831128177468,0.985011868339339,0.9996836804169466,1.0271567539172595,1.0516885303018917,1.0785124330445695,1.1047311197517644,-0.9422261366719957,1.0827055487337356,1.076257280866764
0,0,0,0,0,0,0,0,0,0,0,0,0,0,0,0,0,0,-0.3410114018884781,-0.5699508877212333,-0.6949713652951985,-0.8152827725327385,-0.9914159201008623,-1.0058896062486857,-0.7400886384050399,-0.5541155235543781,-0.37745564633398987,0.05693892584109362,0.27711637948439005,0.4880551918368326,0.8099697739819345,0.8431269270479871,0.8449096222946917,0.8566040657855951,0.8677658857705096,0.8939397220266331,0.9453394289721995,0.9606299946822571,0.9758111392225117,1.0033659542638553,1.0071373666379704,1.0257848230855335,1.0292352635759838,1.0479413237603639,1.0591929063704661,1.0675075887791263,0.8274266039744799,1.090940832980284,-1.0750214005366523,1.036825506402902
0,0,0,0,0,0,0,0,0,0,0,0,0,0,0,-8.1454825486999445e+37,0.06997808057655369,-0.42962920399688187,-0.6310967715383794,-0.8987897903896181,-0.9547316710805223,-0.9616157378728767,-0.9531155811770634,-0.8210664655418544,-0.49325970977759487,-0.3111909551639362,-0.09406522382362076,0.39742794842414925,0.5820240564659298,0.715564117538762,0.8879351286576505,0.8939584619507721,0.9191763879745642,0.960165344980399,0.9667919310406085,0.952326584716971,0.9647854576092797,0.9707471678231278,0.9878462360892725,0.9980971514041269,1.0036972548337553,1.0133399828403513,1.0189248172755527,1.0348519738429742,1.0459200627650382,1.0564224046382262,0.7775349254613497,-0.6304728300524304,0.755584916303482,0.9570760639617513
0,0,0,0,0,0,0,0,-0.07976039015913144,-0.18888400415495732,-0.2552796748218302,-0.30435769687067254,-0.41566544223743923,-0.4756911754008345,-0.5836764408288647,-0.68480291505468,-0.847417967288732,-0.988951922546371,-1.0404238721844066,-1.1192709043381366,-0.9539910316829017,-0.8638022656523292,-0.7041031504972013,-0.5357068085245117,-0.19935289662793643,0.005638359662364452,0.225007743947613,0.5185186786321085,0.6612387175944545,0.7577368089080074,0.9192577172448652,0.9452602956535135,0.9505408021332216,0.9748139820710123,0.9992055453194925,1.0019083866316463,1.0111780592841997,1.0048136842890085,1.0166977383321032,1.0203852128250726,1.0224260136871188,1.024199737231461,1.0292713297917646,1.0318414306310526,1.029585594032033,0.9399447468130591,-0.5148785652588956,-0.09017257421625781,0.5786121273143787,1.0423992220569307
0,0,0,0,0,0,0,-0.34637352925054193,-0.44131614153103726,-0.5989969927275066,-0.664599122610354,-0.7572560543223658,-0.8829673344830059,-0.948986644942543,-1.0139207539417443,-1.0276650206189983,-1.1002609595037347,-0.9783105539869318,-0.924863656707156,-0.854332882855158,-0.6376862116359862,-0.519617965942172,-0.4039501152618535,-0.3026709224183483,-0.03233304416690224,0.13906036129801902,0.2691498711420992,0.5118968753179782,0.6348123446383436,0.72821093023171,0.8656257560769874,0.8891120567930605,0.915309212865346,0.9854482635605097,1.0098966992696112,1.0132156229268015,1.0237706797394655,1.0263388320345532,1.0301043888645103,1.0387170345706462,1.0399086272753297,1.0135768999303838,0.9363005845552823,-1.029354447914226,0.4803795086086168,0.12611653390368846,0.6439461872916393,-0.08466279478143204,-0.7280906777062712,1.0316465541829496
0,0,0.09847390553723075,-0.4393406362578396,-0.5477330881677608,-0.6178748363301371,-0.7474784104748717,-0.8072099348467658,-0.8882187388333895,-0.967714861364433,-1.023822042671282,-1.0434196326744476,-1.1021370915335569,-1.0934786558241807,-1.0335080036228192,-0.9647390851100048,-0.9480169205097497,-0.7846858048084139,-0.7449671157312703,-0.6710093405398303,-0.5358534943420566,-0.38208376778589626,-0.2888247397821897,-0.1820584482153215,-0.007392906308016801,0.15520929960498353,0.19942588681883164,0.5436479127509494,0.6347297311099737,0.7138166877556371,0.8567890609743013,0.9117390968243334,0.9458961708666022,1.0340759543813998,1.036789802152042,1.0426097463189827,1.0448736138637356,1.042693292073623,1.038839212537153,1.0459240526461202,1.046837673531816,1.0414030090457815,1.0065242299202528,0.6170371370647948,-0.7304385765362534,-0.6527634386956944,0.6571909999544775,-0.963184958459602,0.5991937876163732,0.7680830295489072
-0.5743646498096059,-0.6418175120449737,-0.7129413007880091,-0.8062007981783081,-0.8470991908715648,-0.8909996868007859,-0.9684385419657682,-0.9793031587746148,-0.9486396181976611,-0.9881088150437914,-0.9738680546844112,-0.9356921111499404,-0.9550359927478256,-0.8928022333003293,-0.7962993638112597,-0.743923566554516,-0.6964079182217353,-0.6009516079141215,-0.5422524460344115,-0.4604983639716563,-0.33489740504334176,-0.23991176756924854,-0.14934758583927557,-0.09338014866244872,0.0683499583104975,0.20024711334157913,0.2995635654902152,0.48807267725062997,0.5342623255997966,0.6552320306890869,0.810984526063106,0.8530415843432282,0.8810513774157258,0.9800627309100547,1.0375623210966516,1.0407654465614087,1.0663184931163312,1.0585912882766484,1.0634724493388172,1.055322591527813,1.0568642741875283,1.0462139621251432,1.0036270993691152,0.17302981402418455,0.26114167371778263,0.37474479752678536,0.9223894458088556,1.0033277644390879,1.0141082138992956,1.0067712988270487
-0.8129538441423028,-0.8261974802214029,-0.8640939545173053,-0.8981405957510925,-0.8789416793390965,-0.8665664400743205,-0.8946601736618458,-0.8868049042047381,-0.8352672406273108,-0.844853458055614,-0.8111822145774492,-0.7296295342448406,-0.6856400277798397,-0.6560423720484322,-0.583193829531408,-0.5680209549111176,-0.4878780957065521,-0.4501759159400514,-0.4186482334481241,-0.38064589581054964,-0.2914993156523323,-0.2705575640553424,-0.23407847151442274,-0.20629093596983297,-0.029424041807950822,0.07619366874208007,0.17870082072608318,0.37282963594654156,0.432698534131376,0.5240551658582101,0.6621884100382749,0.6968248389192323,0.7898802402210784,0.9043600019062346,0.9565632022415416,0.9662953683138017,1.0122821164900266,1.0347273014982095,1.031850731910793,1.03920532066202,1.040559418347649,1.0293992955546876,1.044934959940487,1.027965481042579,0.9889551284428134,0.6931057594948947,-0.5830221047433821,0.5009305214403578,0.8307700506428892,0.8800594548759961
-0.7880235617715675,-0.740940331359493,-0.720754990279903,-0.7300250054425111,-0.6672753179071972,-0.6609409682210089,-0.6582262463385502,-0.6205660554447872,-0.5462545504345022,-0.5033814588129525,-0.4826000175585069,-0.4197782853056736,-0.39250499686707063,-0.37293130262368523,-0.38099208844994004,-0.39700937486972815,-0.43161292525908995,-0.468112278815326,-0.4800185376762045,-0.5202497217436721,-0.4642415531625605,-0.4103354455609768,-0.35924474445538,-0.28241511975557104,-0.12592635692503915,-0.038357126412722,0.0440170594310714,0.19651114563081537,0.2644372183796979,0.3280582778488009,0.4408577217954519,0.4962154313640507,0.5527746480163113,0.7017819932575576,0.7788681291706391,0.8787450611226939,0.9826159145572144,1.0126271003541296,1.0162110859438727,1.0458246039499386,1.0561346965897453,1.055009801825123,1.0484745554064214,1.048634649679668,1.0443144072590582,1.0463860474050155,1.0435515599728364,1.0267614659361899,0.9968972677232654,0.6410621740324021
-0.5781289522614108,-0.5007380579384739,-0.4737800893688766,-0.4494496465602405,-0.34896049235490595,-0.3117771764314383,-0.28948173626100127,-0.17744616458648468,-0.006608436465426712,0.2095541343686896,0.27162764335177725,0,0,0,0,0,0,0,0,0,-0.7771845570461783,-0.673185050791538,-0.613401357364443,-0.5274931700801039,-0.41009617417593663,-0.24940462516640488,-0.14002013255825274,-0.003898442285992857,0.06195570515280841,0.12459415092740272,0.2699030593760897,0.35490268242996237,0.4391046187832773,0.7039119036373759,0.7684095949646821,0.8454618820982771,0.911895122405689,0.9214308540868221,0.9190078298374459,0.9489530031653267,0.9528489641893537,0.9355762239006858,0.8937685941840585,0.9029671485001685,0.9416847771303927,0.984766456969204,1.0265691967063633,1.0283782750464676,1.0363525646950658,1.026852787543539
-0.30669660808357857,-0.17830915481016366,-0.11822617620426593,-0.04441219027010427,0.19950539648534782,0.2701572298126041,0.40394295667209174,0,0,0,0,0,0,0,0,0,0,0,0,-1.0615676174954003,-0.8044663795076137,-0.6997994986562552,-0.6137967969460199,-0.5584575959199184,-0.39151791553701315,-0.32814389829587015,-0.2577784450748298,-0.08562321820590602,-0.043552951025424856,0.017561177392437802,0.1875070951877127,0.2732732206999852,0.37254769076583594,0.564475799472461,0.6725910751876663,0.7304348521313296,0.8508706754575793,0.6793969162770989,0.5485719318356483,0.4697135095759438,0.6013007398545834,0.18593765753991245,-0.31618381385428457,-0.675587669483191,-0.22516273436777012,0.41525279893139555,1.0048065347728312,1.0614769957392278,1.0917448371219307,1.112600677115313
0.16574793982247787,0.4273607307492488,0.49798810769527213,0.4915449493091199,0,0,0,0,0,0,0,0,0,0,0,0,0,-0.8820690958092772,-0.8352733879914342,-0.8530776589872625,-0.6552233375715476,-0.5800441654713594,-0.5076722820478313,-0.4351252354532823,-0.313016418800432,-0.22949147677464024,-0.1608229716104885,-0.028725629108170947,0.0566178665994617,0.07901181213025421,0.1775510824984302,0.269875175152336,0.35580113253122314,0.564691802387303,0.6509009586142772,0.7563636642583895,1.0596172765540894,0.889480249425161,0.6392381040205374,0.9930913613131183,0.9219841456139161,0.9676384121903545,0.7138862374983163,-0.7935000007510864,0.9188722730079377,0.8054297795810554,0.9229721117577543,0.9496519463087507,0.9842560119385197,1.07399874762598
0.5539926253057468,0.6706099442717717,0,0,0,0,0,0,0,0,0,0,0,0,0,0,-0.9592345286219784,-0.7567281210424185,-0.6729942476998603,-0.6340382783271896,-0.4804753922657798,-0.4236310721010238,-0.37114411139744724,-0.2836857603215504,-0.14321908746805423,-0.07546595649088036,-0.020789772567673143,0.05388165259030814,0.08760024234520493,0.1398270521570174,0.2765911113788132,0.3270988122911672,0.38694621057445283,0.5454737182791596,0.6113811802507135,0.6700651490070765,0.9148466637447121,0.9439344354122551,0.9850020234447385,1.0206633192112768,1.0106973647821291,1.027661369941255,1.027255146480734,1.0232072223535715,1.0061485628169757,0.9664827803516223,0.9111535884597316,0.9158707685899187,0.9003987708650434,0.9786037768149414
0.4011146444710512,0.05143997577570844,0,0,0,0,0,0,0,0,0,0,0,0,-0.7862723706291102,-0.7413183809320046,-0.7396375065592626,-0.5690640000558497,-0.509740445128993,-0.45579837397760353,-0.3031506832342576,-0.2164393252363,-0.16789835655477567,-0.12860584052847118,-0.04609301079368402,0.010350053904850541,0.055751097434409334,0.137750384994695,0.19282717009089256,0.2226995187458063,0.32630503393342153,0.386797371988518,0.438635433572008,0.5437228320608287,0.632994563360656,0.6571551877554058,0.7736435539152374,0.8097429930721687,0.8427219169497508,0.926063879150214,0.9133051211923072,0.9107186083142389,0.9112984934039104,0.912720676381035,0.9043916214356882,0.9079741295834384,0.8928002268197103,0.8915189624048876,0.886391910292844,0.8960394157853965
0.5263522716091031,0.5755118329043167,0.5174965658647078,0.01548775120649081,0.11556970264352302,0,0,0,0,0,0.18704902856059547,-0.7797811040906948,-0.8342690713243325,-0.7679742926967315,-0.6136767360873236,-0.5377327954599489,-0.46825696481591855,-0.3347464058345797,-0.3055501288787851,-0.25636750709669365,-0.15727208286970182,-0.09667120436848993,-0.05716866714448239,-0.0166215845902505,0.09329971114446467,0.13408132172784018,0.16190748223793966,0.22509515700210134,0.29587207363235357,0.3397779444560723,0.40356466367789573,0.4620676197572681,0.513327173016853,0.7102429556329598,0.7290888593177598,0.7409628239542307,0.787848512655418,0.8103709572948145,0.8027254578938258,0.8583985690105689,0.869836883526151,0.865708352899708,0.8729618726304853,0.8803461769266511,0.8904907433120233,0.8912850545772792,0.8930493733542523,0.9001312562244131,0.9187277806616443,0.9393845416128476
0.4362181226155712,-0.13964996821216327,-0.12433907183481936,0.21391746579174903,0.369843694164059,0.28244185538309413,0.22380834054758636,0.024293535101527215,0,-0.8296722123246146,-0.7599670717777307,-0.5898926923229153,-0.5454929407938486,-0.47097899543798694,-0.3131053282087981,-0.211364945220562,-0.16997038196729433,-0.05431523262375401,0.004201504498725969,0.028609777615591612,0.09624833798038492,0.13684411486710474,0.17161600588186976,0.2297003310906549,0.3116698682312766,0.3423408117802577,0.38891748756509753,0.412872188953063,0.40135940222568534,0.434861640341248,0.5340235630993091,0.5596286622913911,0.5792697926656739,0.6258787092918413,0.6498979742581256,0.678937041572252,0.7361363910653383,0.7723834456083891,0.7993974465860849,0.8450886471661263,0.8497863243956281,0.8661845335060715,0.8762740836038498,0.8987350434171298,0.895735752725081,0.904461680698003,0.9718976866712382,0.96388062455317,0.9525474871479643,0.9509084666054104
-0.3799910109478805,-0.4528182554620872,-0.474505539289513,-0.5204622482346309,-0.4766020799144111,-0.4910274137094001,-0.4432328579716064,-0.37627332602509056,-0.31719261005902094,-0.2886414482217524,-0.22888837285225014,-0.13527942481982297,-0.13948977002827964,-0.1305436641657009,-0.046116686258814474,0.0107280524353914,0.043646515267487515,0.1339861398304297,0.16598639062670434,0.2273484777800759,0.3162372445018655,0.3662224349202144,0.38433321370909307,0.41531210417414643,0.4742121259796166,0.5336141543399237,0.5395404614524358,0.6149794382022917,0.6009218504628193,0.6091708116937827,0.6265205085053792,0.6389494687824755,0.6621897638752455,0.7098412562790921,0.7468042929525595,0.7645405070721204,0.8146289197948235,0.8349219288343847,0.860116241066607,0.8908495062320918,0.8776427439160579,0.86429855859196,0.879044679625838,0.9045247952578579,0.9088107657750177,0.9153864503078598,0.9430514988976318,0.9468552466600679,0.9567040355710712,0.9654383212925638
-0.3031021612308511,-0.3038068589660572,-0.2987932823903362,-0.30685545993806923,-0.3140564864957322,-0.3030781363264268,-0.29916741416440673,-0.2984800986308513,-0.170508549715233,-0.15216946700224315,-0.10950832287156229,-0.034715463340501955,0.005797326900795093,0.038551976475519806,0.12606250529672305,0.13816380872257406,0.15782067229011443,0.21469249285857822,0.2480285150359961,0.2861574701315041,0.3427031924521996,0.40185975278888664,0.4360378016069657,0.45603472634398706,0.5221835048916692,0.5293803966198535,0.546817447496574,0.6149848573396874,0.6124140601898872,0.6608894914490023,0.7081449864010152,0.7203986538165211,0.7223549668967107,0.7265944098523682,0.7423321220917347,0.7533679470293918,0.7859151186882495,0.8057198516659702,0.8072399257205095,0.8524583951469271,0.8689098419687056,0.8660642646227896,0.8734930125177668,0.8871043705543841,0.8907669376718729,0.8905624958853691,0.9322868937327724,0.9433179035490092,0.9613916793098215,1.0060486758032325
-0.3345857181187913,-0.3070905705159117,-0.29063306429562275,-0.29188528105939293,-0.23827314718245943,-0.23088701088540226,-0.20364196825534828,-0.1575968076550212,-0.11687651071760306,-0.07148387310503108,-0.05041222371031804,0.014455789409792346,0.024054506291945967,0.05534179817116764,0.1022678899807677,0.12484257954338321,0.16547013652215847,0.20715794278945035,0.23806672609565216,0.2768161359806008,0.3180590193208774,0.3570249574568184,0.4165628664879412,0.43122823553113465,0.5089779552967232,0.52624831789414,0.5671979640794388,0.6391929845799449,0.6680253542145016,0.7233452845136864,0.7583693470803984,0.8085259075550101,0.833414103918367,0.7984416791926681,0.8142267512082785,0.845275490818653,0.8632430877193011,0.8570119461525383,0.8503913655500376,0.8440097306802926,0.8370132134354485,0.8643522825410761,0.8826810865110511,0.8938351812303197,0.9129923763489277,0.9247314425703673,0.9466932620460733,0.9468490786133159,0.953517861207908,1.0083228777123752
-0.4042054628074945,-0.3478486961818235,-0.32498318337958354,-0.30498128915370787,-0.25979341418896185,-0.2288857855372979,-0.21540672337755648,-0.18468906462281892,-0.11102170152257024,-0.10784365658935263,-0.07463142206736252,-0.014329561391443115,-0.001936530215885113,0.030492272516781414,0.07257237682100463,0.09622235511553949,0.13002886539361874,0.17454609604353485,0.2022378559472731,0.2393103516527443,0.2964968377105586,0.3201130726082628,0.36722744930928736,0.3818595210052687,0.42756898186136966,0.44778820416699044,0.4819905657225681,0.5909833049163,0.6195715809810973,0.6519855846607808,0.7076867879126364,0.7270237825307605,0.7448147293767645,0.7821123724421526,0.8134561791653679,0.8238567754745181,0.8321410491330822,0.8511546932148205,0.8941543263175176,0.9112570237038042,0.8949152261239617,0.8861315457617335,0.8930342723241413,0.9097155978462891,0.9242998761657677,0.9426156919582299,0.9714186955375472,0.9815573877303775,1.002282890077885,1.0363889497276895
-0.40055872665120656,-0.37948475984092184,-0.35759908630630405,-0.33866086151222596,-0.29476646617127533,-0.26275070063045497,-0.24616139699930764,-0.23962049524303752,-0.17448998924046655,-0.15911245294091136,-0.14661165816241192,-0.0707363270708258,-0.03190112670392308,-0.022819410031997472,0.02507067274506814,0.05524928596465415,0.0701061513682039,0.1253575153423958,0.1552795515991455,0.18103900171498932,0.23986330668980047,0.2510764546903878,0.2713405431331623,0.3196250023579124,0.37976285698265383,0.39804744222137617,0.4282930883330816,0.5133357721486774,0.5273867949298039,0.553071623488661,0.6217978115597252,0.6441213758433998,0.6688759090135599,0.7116313258294359,0.7259103744235943,0.7529690133569622,0.8115194757759958,0.8120954502278936,0.8115835126512915,0.8322675257703934,0.8422417680850459,0.8628874393392553,0.8694955481115096,0.9046143419418082,0.920777912172102,0.9395352728361719,0.9749218255416949,0.9896775766486002,0.9912317370711936,1.0149635058354842
