jsons/1312639200.json
{"header": {"parameterUnit": "m", "parameterNumber": 2, "dx": 0.1, "dy": 0.5, "parameterNumberName": "Eastward wave", "la1": 40.97354507446295, "la2": 16.46031188964855, "parameterCategory": 2, "lo2": 133.9931640625001, "nx": 191, "ny": 50, "refTime": "2011-08-05 8:00:00", "lo1": 114.97908020019554}, "data":
[rows 0 to 21 of 50, columns 50 to 99 of 191]
0,0,0,0,0,0,0,0,0,0,0,0,0,0,0,0,0,0,0,0,0,0,0,0,0,0,0,0,0,0,0,0,0,0,0,0,0,0,0,0,0,0,0,0,0,0,0,0,0,0
0,0,0,0,0,0,0,0.009397614459689185,0.008602833911707545,0.0066697226116871735,0.006137923282463865,0.005230480205625928,0.004507387971093729,0.004147733550588933,0.0038966676102186164,0.0036214241588333994,0.0028507096412603195,0.0016496176298781897,0.0009540476618937986,0.0003722861618765579,-0.0003952188102449866,0.0008534189613187689,0.0004743150440421962,0,0,0,0,0,0,0,0,0,0,0,0,0,0,0,0,0,0,0,0,0,0,0,0,0,0,0
0.028651398044719736,0.026958847096885754,0.024790075637821252,0.01974739400179316,0.01923443712006021,0.017718604093027075,0.013464242049706652,0.013008182796518327,0.01195129121097437,0.00889172502702675,0.007895644815741867,0.006738422211626278,0.005521695513513983,0.004908407461835095,0.0037709277227583006,0.0030579708547795927,0.0005418547840834128,-0.0013065183333445655,-0.0017617393869893338,0,0,0,0,0,0,0,0,0,0,0,0,0,0,0,0,0,0,0,0,0,0,0,0,0,0,0,0,0,0,0
0.03377729392394172,0.03554200152070009,0.03553122847323379,0.03286544498562541,0.0324927509518572,0.030994161535394547,0.023958124463343524,0.021122824894460376,0.020536884022471138,0.014468589863415506,0.011649208333446095,0.007529680273785021,0.00434886802610973,0.004666944557003958,0.00247641925421311,0.0011768306556683137,0.00055681957119846,0,0,0,0,0,0,0,0,-3.1237780289024215e+38,0.19619177595676804,0.1981881672815179,0.19412397110233903,0.19037475953918248,0.1884692113169313,0.17056775930916682,0.169619295088723,0.16653411404424007,0.1586434993994208,0.15183655548700034,0.14635072532903792,0.1459220640214897,0.13716657749546377,0.13378511336735266,0.12676420267553404,0.11656910221690807,0.10738110507139963,0.10394800843263355,0.09237036334712259,0.08420519625492948,0.07935846471135097,0.06492641955631388,0.06222093636908454,0.05344762507825737
0.025341486384297132,0.028629740184119075,0.029863328751722703,0.03278171538242449,0.03764235614161533,0.039725601015682455,0.04428750497052509,0.049305345033763694,0.055201729258234834,0.039260765498981595,0.03776078728413511,-0.015693136892581918,-0.0077237037031375605,-0.010038034769752173,-0.007875533426240327,-0.014984607233225202,0.017645705468407023,0.09935722923723092,0.13323468466173818,-0.20525516430536564,0.19732748565978941,0.20998958472730578,0.22833340798310686,0.24773096444984943,0.25454179009401356,0.2693832002100176,0.27663562129771424,0.2810121838623342,0.28167197226370905,0.2850074292514425,0.28032793177848203,0.2725889107153185,0.26201143532057763,0.2559633479886921,0.251926854879889,0.23313875151591612,0.23233795002933305,0.21611871298094076,0.2040887640931766,0.191912977532032,0.19203450096533814,0.17408786407408552,0.16630309226415912,0.15855043110301217,0.14261083410124548,0.13786101541442491,0.12815863728691382,0.10285655931700477,0.09382229202132433,0.08249678963458586
0.003318660479706477,0.003499628964319878,0.005050448588522832,0.004287223736311557,0.006822067663178175,0.0070099848408836625,0.010536836350776445,0.013351671335858935,0.01859669346469114,0.022441339054871726,0.025200313385326533,0.03406337279564837,0.041216520247214755,0.049389804078496254,0.06350201752857129,0.07235671604248288,0.08177290175376256,0.10480920929620854,0.12211677482234909,0.14563852891208826,0.17426562356856382,0.19138202065456444,0.21681175567528094,0.23494915536853583,0.263125116499514,0.2929065615728968,0.30783591837840696,0.32604126763435065,0.34397354778482514,0.351596438372662,0.3610868670348858,0.36008356556502863,0.35320058350467304,0.3492392133435451,0.34460244427981435,0.32227889468977355,0.30951776041356466,0.29433283179234115,0.27839528482694975,0.2711181324361761,0.2611273455440967,0.24947305426781854,0.24330312631780368,0.2417774732148446,0.22370776241543186,0.21334779597553635,0.2022007155258864,0.15835787354432526,0.1392025161828889,0.10100310530475883
-0.035539174448441055,-0.0372463237134446,-0.03881595029885688,-0.04114017681039681,-0.04315462467294243,-0.04173739617335222,-0.047470047543685556,-0.04274437691258496,-0.03730712496533452,-0.03543795065579362,-0.032808981826773255,-0.0327530571458442,-0.03159390406065635,-0.028097911764984006,-0.024908451996900595,-0.0176375005325871,-0.008202723233900542,0.012597700594217118,0.02179908447255925,0.03979446508830035,0.07667659175914945,0.0981407369533451,0.12288834509855034,0.16670199070957256,0.21186929416868128,0.2594779192806691,0.28451107708801576,0.31632473749480167,0.35854249647476005,0.37048741066292007,0.3924949702214338,0.41993669249117205,0.4207082399526254,0.4280724472741256,0.41889527110073993,0.4051663321735234,0.39199041242607835,0.38654287129376413,0.3494822634434682,0.33963312032656356,0.32782090838532646,0.311107234670618,0.3002844831642163,0.29373714578860943,0.2827723170227155,0.27800335570623047,0.2723934812351998,0.24489080019463197,0.2384840813267323,0.22431624807149284
-0.0801683870737362,3.2550516274325967e+38,0,0,0,0,0,0,0,0,0,0,0,0,0,0,-0.07736213464832582,-0.09031546667187011,-0.08215797026738623,3.112950424375724e+38,0,0,0,-0.08763041133817932,-0.08329246854914855,0.04084004143239898,0.22630411995046756,0.2934435829818865,0.3474421807425251,0.36635444046075905,0.4054603795586124,0.45294402863180305,0.4694899188852465,0.490540741966501,0.4992981600141455,0.5076863446965294,0.5028299797381778,0.49731615052738637,0.47938174426275026,0.4493951663385751,0.44035515889701987,0.4114376281049167,0.40015738348458807,0.38209989181122966,0.36603321341640355,0.3580261274326939,0.3484403739641988,0.3285654763674772,0.3177196572811616,0.30223178997197936
0,0,0,0,0,0,0,0,0,0,0,0,0,0,0,0,0,0,0,0,0,-2.632715659930387e+38,-2.7382022265136935e+38,0,0,0,0.321615179291268,0.3425117645471841,0.3615222613480477,0.38333134426353727,0.42080927101559645,0.4768780973720715,0.519446845350584,0.5412444299368318,0.5614889603049514,0.5761096751222546,0.5860377705478584,0.5932593655154541,0.5835997875627162,0.5783922344471876,0.5603902045745508,0.5274820474520665,0.5128325650923783,0.4981224296509494,0.4601147142066623,0.4423266379049743,0.4346429130234759,0.40698475008620755,0.39222443547103325,0.3734624904877813
0,0,0,0,0,0,0,0,-0.28814687023201874,0.1976084749169899,0.20106984139063616,0.22054075622130534,0.24745339991738907,0.25881641522308874,0.28039541312251304,0.2848548492669386,0.3010054387100165,0.30366873348513795,0.3179129821459354,0.3271914789774772,0.34166270135674925,0.3430180234402907,0.353240574175574,0.3610221551098796,0.37531651941550137,0.39846931608928565,0.4074751556914833,0.4174324242659069,0.45283714325639884,0.47931073587371753,0.5050631693444025,0.545581916455974,0.5629569522193585,0.5948101041666313,0.6163543338964699,0.6443438798787999,0.6720288866889785,0.679555065018118,0.6923448796960914,0.7009754114789049,0.7001835364973625,0.6906414853967867,0.6716807993247282,0.6661131043854303,0.6378672108229844,0.6116727701190992,0.5880741502027068,0.5584928638635573,0.533844639578613,0.5060311474411303
0,0,0.11720292441643003,0.11587292057066577,0.12330434118619327,0.12721782232124218,0.14298020542657142,0.1484614052621225,0.16093639008994237,0.17554878709602192,0.195493905038099,0.2142076241556417,0.23084033888018476,0.24182759053655678,0.27092162022337524,0.2886932845474885,0.31096606101956925,0.3284864909171652,0.3399461413371374,0.35265321644720815,0.3681847885442962,0.37420992027961986,0.39815162929910053,0.41539208353046886,0.43534350722614623,0.4547249155549426,0.4693150018596117,0.4849586626289953,0.5128342797697574,0.5286129724850175,0.5469333348588519,0.5798943967690434,0.5915933234056153,0.617099826985357,0.6385798982518949,0.6728840235524272,0.7036726819549647,0.7201811834505948,0.7617575485979428,0.777273103323152,0.7912327075328819,0.7997454791533843,0.8038580336777335,0.808853706076764,0.7969936665816989,0.7856607160428828,0.7735723275022712,0.7291356832628209,0.7064769752560173,0.6793726351139361
-0.023754876416389945,-0.015829288895938882,-0.01138236013969832,-0.00682788312169639,0.009375886658702568,0.018379087583258423,0.03231209414937266,0.04320106052578713,0.06113845427433628,0.07746600543382708,0.09343822750246955,0.12526518877872056,0.1507313408021232,0.17337955257187704,0.21160385340998053,0.22504499363020758,0.2511061592993447,0.28743688911161486,0.31571300104501915,0.342958429376532,0.3768742449632654,0.4031677250884805,0.4254336015018407,0.44277498670473847,0.46261262587513835,0.4841293561871105,0.5001465611539081,0.5281908554915687,0.5469866020096874,0.5627444755907303,0.5902136959943031,0.615562880324188,0.6311489912731976,0.6692462222118728,0.6907950708556726,0.7199309109648923,0.7621614535178756,0.7855979984607815,0.8179524015561328,0.8525590828554171,0.881879861109685,0.923470113483068,0.9357640521782649,0.9543659303814311,0.9669006962093818,0.9657456169932562,0.9757660049594717,0.9657454352370388,0.9591299207160864,0.9536764869963887
-0.15989141940133064,-0.1503366898360211,-0.1455763134297454,-0.13566652580695435,-0.11253717301265764,-0.10406365672726973,-0.10311426924388954,-0.09182617702828781,-0.05596295073750619,-0.043106207315698766,-0.03007051760003363,0.0002922144020586962,0.009611161154915336,0.025967765979494926,0.07222275742673276,0.10048274507578463,0.141749726954472,0.20918097922447051,0.25093524712606896,0.2894464648466384,0.3403025644482177,0.37606077845517133,0.40764584900312056,0.4271416652489163,0.4690874099358266,0.5142090125490757,0.5331111322072343,0.5581275614820598,0.5790414387469969,0.5960801342672991,0.619606330274821,0.6424391376079258,0.6691781582778363,0.7012129382204054,0.735368791422033,0.7645389172396522,0.8320420393640118,0.8794293181491116,0.9322275346455405,0.9612010763817577,0.9977550236395963,1.0634111400661304,1.0947389100049112,1.1878575260039461,1.238572888001676,1.255621058559697,1.2981467796481754,1.2987592974806137,1.3007173343767384,1.3163972060835056
-0.23786977489413022,-0.22552678533477363,-0.22304100435639584,-0.23080780017430147,-0.22439466301602695,-0.2233262079690114,-0.22725842804459925,-0.2186063166905953,-0.2012106457131757,-0.19861215203126004,-0.18567196897175658,-0.14251199558581798,-0.13480009602254442,-0.11695374422824042,-0.06967018215550137,-0.05211615714717642,-0.03292496745212963,0.029702255178282205,0.06719697081728741,0.10177103283007931,0.17622712431465157,0.22230382266157653,0.2608296039484265,0.3013614102907264,0.38161929676409745,0.43367484433212017,0.4958790060816839,0.5481800351184299,0.6177324855931771,0.6633960619062195,0.7527061312807836,0.8138258822232748,0.8284662539139788,0.8816207001218778,0.9063915252360969,0.9549105435060685,1.0058245593795347,1.034361246435028,1.088639729693314,1.121658259780005,1.1578218084347818,1.2171667241425075,1.2562838417130409,1.3154109704038837,1.3647804984027783,1.3929003009426213,1.4472118405663752,1.5001435656334687,1.514275087850893,1.5535030645144183
0,0,0,0,0,-0.29050584694134013,-0.31296787694686323,-0.3138911557102921,-0.30282255291985294,-0.3097166667922172,-0.3092297249721186,-0.2809943500918611,-0.28467092181442294,-0.2799717812243693,-0.2351298246576333,-0.21439659899515975,-0.19148600255737944,-0.09321085921234887,-0.034163305488631425,0.028872736773911622,0.15031687010725708,0.1692954081411905,0.20449486081583831,0.24502184545289882,0.339502841262369,0.3801535451056891,0.4640141573926367,0.5554383880230084,0.6285330357467237,0.6754254169655888,0.7526585430464988,0.8113419018019477,0.8496369203712714,0.9145424038111792,0.9645158494104934,1.0031527399718079,1.0772781758324432,1.1092994005232475,1.1662949009869383,1.2251935521339572,1.268619125067596,1.3137372277565273,1.3480580734565484,1.4189723753385255,1.4929196578392627,1.5340971482179941,1.5936769538434732,1.6433606051297331,1.683941865993728,1.7500574440046526
0,0,0,0,0,0,0,-0.3846909097850341,-0.401478099868333,-0.4253221148917304,-0.42899527022285366,-0.39792683044496335,-0.4240861359801608,-0.41356267979137235,-0.3598694446647898,-0.35037005560403534,-0.3589450350463259,-0.2941573773224469,-0.27856011022077837,-0.2427883031350636,-0.15904455994375105,-0.09380775668088763,-0.034421322741059,0.059266059709071534,0.19627621583886778,0.23953406108696818,0.27281527870148925,0.3433597232897907,0.41817729282510735,0.49519879553398205,0.5814862322171858,0.6637553379088226,0.7170664324978122,0.8207941988186377,0.879166452674876,0.9264226655499812,1.018891492202997,1.0646644502961322,1.1252073396862874,1.21076642895411,1.2646043229348627,1.3342540358261012,1.3838569031699026,1.4724211040466624,1.530529427967038,1.5963324890357675,1.6480642970798673,1.699650596703182,1.7321094973593867,1.806652774650084
0,0,0,0,0,0,0,0,0,0,0,-0.41250985936602214,-0.34568928910913216,-0.4410760987579001,-0.47018991791448717,-0.4944987320150513,-0.5221604119963724,-0.45036493966246716,-0.4355682927467469,-0.453937802609728,-0.3650925682681523,-0.30618214467781346,-0.2679165796961701,-0.22251472493193958,-0.06886404577869246,0.030199228548663252,0.12737280823452418,0.29687898329193596,0.34085248062423706,0.3535866325329516,0.41041086221594175,0.5552088438447966,0.6207062956241505,0.7600633889396113,0.7858705740244096,0.8729602622077696,0.9642049889482983,1.0284093265581333,1.1284458050340191,1.318991272708008,1.4427911667265558,1.5605837925364434,1.6686991514055793,1.773161054499221,1.906746908170288,1.947679312140125,2.029523497803244,2.0917784320747037,2.164639428077785,2.2637500624018774
0,0,0,0,0,0,0,0,0,0,0,0,0,-0.3835510907524121,-0.39703337066752664,-0.6465722068915887,-0.7267334216035135,-0.6376184558041113,-0.6105875080283947,-0.5826382217219505,-0.48161737080286277,-0.4387548267143526,-0.4355443352044698,-0.3985067367458668,-0.2857275297767245,-0.16929690623580368,-0.04938397780076223,0.1647619880261074,0.26521204374318164,0.368217478802877,0.5245886836300381,0.6031220619221896,0.6803783466946979,0.8825796420386806,0.979361718057086,1.050863019522816,1.2317013367319032,1.3466760677943008,1.465687845644314,1.545844265202881,1.6222259563031374,1.7939316544595807,1.823760830101172,2.0006553314747104,2.10696441363961,2.1915500242621833,2.235984510038104,2.2776968665165365,2.2607351283041046,2.3521217062719306
0,0,0,0,-0.39399375108428963,0,0,0,-0.40580124592364164,0,0,0,0,0,0,0,0,0,0,-0.6100080587164479,-0.7668235055172166,-0.6266219273110718,-0.5594417511186944,-0.3706324243267997,-0.13805762257449175,0.03127211408186448,0.14257643108053858,0.28953931541626216,0.4665491260962406,0.6274817304767514,0.7987631584237798,0.8962110279640138,0.8509906159457358,0.8046928000621989,0.8683719626831838,1.0121690907010836,1.1709775321556868,1.3163053101748599,1.417451842771289,1.6947223246237095,1.8171497770740457,1.9686096747537236,2.086872989193274,2.35083560596673,2.5037070967743182,2.5199895856561687,2.6311602303731987,2.7733246401497587,2.9279428764019815,3.172406293919582
0,0,0,0,0,0,0,0,0,0,0,0,0,0,0,3.2534734213296633e+38,-0.3486192927119535,-0.4798148506540915,0.09504537380692608,-0.1796242543785875,-0.40862553482805336,-0.5607127933782652,-0.833863544037182,-0.8848309516890279,-0.6898442923922328,-0.5257188068113657,-0.2711502903537405,0.2161997645715218,0.4456705330357252,0.6024976873734235,0.8043596325897001,0.9382952521400959,0.9972431864036913,1.0659578420294573,1.0826139006539186,1.1604934208263478,1.3500595028584594,1.444948311067376,1.5633808869699115,1.8622099942834018,2.0285337603494584,2.2693398120786425,2.4777275021651923,2.7923632103193077,3.005228994649052,3.206150376567786,3.4727672324149315,3.6657013228502624,3.7990543977765294,3.9302407508826516
0,0,0,0,0,0,0,0,0,0,0,0,0,0,0,0,0,0,0,0,-0.5540882728856493,-0.7939522333512199,-1.195027898249326,-1.290006304381776,-1.1545950793344564,-1.248112465566755,-1.066678025925398,0.06437275449460864,-0.039750490956807855,-0.04907493547351871,0.2618086472916691,0.31063302806957765,0.4603362687922973,0.7549917679957269,0.8283126117843649,0.9098566764674684,1.0327963888648226,0.9902272231626263,1.1136018524065943,1.4967285350445452,1.6818915552365206,1.8760929255961405,2.0832554413959903,2.491754792374113,2.7509578239388244,2.979395108856403,3.3715048418879014,3.6946958870446425,4.073444905426669,4.401512050502093
0,0,0,0,0,0,0,0,0,0,-0.7925005385357854,-0.9766395658924119,-1.0476608077307334,-1.105877967311604,-1.1852041145064929,-1.2204857911399667,-1.3069479535396833,-1.3749275997005046,-1.4425688091770257,-1.5610196217143844,-1.5740468228842908,-1.5999172430642907,-1.9106033826534599,-1.3404949197805918,-0.7562846712950528,-1.2150546577580652,-1.429583463066613,-1.5707288095099257,-1.2669470185871559,-0.8273642316291154,-0.6805211051363064,-0.6854544412291124,-0.582925144382468,-0.26530181339696035,-0.04624990884351658,0.11757194968849569,0.2192711365484915,0.11367395132569294,0.17639783374106327,0.6512188411166044,0.9106696483116874,1.2017081230111573,1.3816171905301522,1.8819252706097147,2.1221927199041484,2.4532262214335283,3.1265080297563292,3.700581079614544,3.995442690981948,4.632498680921509
