jsons/1312588800.json
{"header": {"parameterUnit": "m", "parameterNumber": 3, "dx": 0.1, "dy": 0.5, "parameterNumberName": "Northward wave", "la1": 40.97354507446295, "la2": 16.46031188964855, "parameterCategory": 2, "lo2": 133.9931640625001, "nx": 191, "ny": 50, "refTime": "2011-08-05 8:00:00", "lo1": 114.97908020019554}, "data":
[rows 0 to 21 of 50, columns 50 to 99 of 191]
0,0,0,0,0,0,0,0,0,0,0,0,0,0,0,0,0,0,0,0,0,0,0,0,0,0,0,0,0,0,0,0,0,0,0,0,0,0,0,0,0,0,0,0,0,0,0,0,0,0
0,0,0,0,0,0,0,-0.001174116864396247,-0.0003813397880583071,-3.031296945600685e-06,0.0002827054489620927,0.0007017617226306856,0.0006957669893370337,0.000754740487290848,0.000727400565423014,0.0006853259312867785,0.0005405188333424388,0.0005241035439733115,0.00016735005495727934,2.4767610759301697e-05,0.00017202249274908662,-6.16579588491212e-05,0.00019827119573760665,0,0,0,0,0,0,0,0,0,0,0,0,0,0,0,0,0,0,0,0,0,0,0,0,0,0,0
-0.020562057197812067,-0.016810122086359163,-0.014438665164910677,-0.010084080576660562,-0.008234301370080318,-0.006408556444327626,-0.003912731104874102,-0.003379137884616706,-0.0015766403507589673,-0.0007024885481231903,-3.172484102437207e-05,0.0006368781040159548,0.000725595088354012,0.0007405405013289261,0.0005053531265075083,0.00023661301323925802,-0.0010007473831491385,-0.0009440920423270799,-0.00019855258745087132,0,0,0,0,0,0,0,0,0,0,0,0,0,0,0,0,0,0,0,0,0,0,0,0,0,0,0,0,0,0,0
-0.037108733868983335,-0.0349258559279479,-0.03309282184491272,-0.028820881836785266,-0.02455995743639725,-0.02252739470734714,-0.015440699892101188,-0.011999536307202668,-0.008978739276592035,-0.005167746714435521,-0.002073965900328142,0.0006998115892975918,0.0005692058742513003,0.0005734765201044867,-0.0005457403379190462,-0.0006284104380588699,-0.00044343832933133433,0,0,0,0,0,0,0,0,1.2976264084000815e+38,-0.05474572383514194,-0.05225059457426155,-0.0504872458937202,-0.047293124172375765,-0.04326673568095615,-0.03747125700893747,-0.035201100587255944,-0.029418985136550252,-0.025057932206152787,-0.023460241167384415,-0.018357120840494123,-0.016902010700098793,-0.013603110328968104,-0.009830600967156886,-0.006873191077754692,-0.005356183714067936,-0.002830570022778682,0.0019383244090004086,0.004461468079354573,0.0066576518211940786,0.011450778260359812,0.012243551961168907,0.013157298765222225,0.014815102292315724
-0.04681252801756048,-0.04663074361808625,-0.04754080208350167,-0.04949883397630279,-0.04811188989003529,-0.04865241567893072,-0.04906871046697974,-0.049571397292535624,-0.04648181615129705,-0.029574997285408317,-0.02410951774420203,0.00024845641057247346,-0.010275793974727299,-0.009113239465272581,-0.011645861737491318,-0.03001241273671376,-0.07772055726001875,-0.08856853527707395,-0.07129101244152439,0.03676752356311945,-0.08293391373646562,-0.08220462660335469,-0.08371182533697775,-0.08418870953903641,-0.07848880053610564,-0.07771070738000126,-0.0750911085893114,-0.07204415867638607,-0.06896252526841617,-0.06788383666376385,-0.062418997756641795,-0.05968292713410372,-0.05436145911614431,-0.048208958266587734,-0.04371563707275744,-0.03838220290713662,-0.031499512293051805,-0.02790839471433928,-0.024496684950566526,-0.019262140105867284,-0.01648650171230507,-0.01412898660089154,-0.010565221112313916,-0.006499596572067718,-0.002138365892010703,-0.00041671045951687256,0.008691675971781304,0.01180245485757574,0.01374675515733432,0.019879236380165376
-0.04417933261737082,-0.04411673741052447,-0.04552010287541071,-0.04753404515840678,-0.04862489144127505,-0.05018268615944199,-0.05323572834642976,-0.05523003530947255,-0.055449251842350424,-0.059540388759229415,-0.06175232885698017,-0.0625781308725966,-0.06879348578020494,-0.07202277996978564,-0.07160212446829721,-0.07770203196251693,-0.08479252462925782,-0.08849667724651278,-0.08592309634313894,-0.09617913864572374,-0.091431958107368,-0.0935164358944092,-0.0984277271119894,-0.09811699815543738,-0.09547721663336367,-0.09606058331803771,-0.09515685407853144,-0.09181995063719772,-0.0912361434573442,-0.09107240578817935,-0.08558132932627975,-0.08405761585899765,-0.07947891830062652,-0.07563867745465737,-0.07208397291677392,-0.0658937062370916,-0.054571454305271355,-0.048141499011102755,-0.04332665942152789,-0.03326422902694468,-0.02876954492471388,-0.0245515890149861,-0.02066679452561431,-0.015302760982550201,-0.010946671500141484,-0.006401160313520596,0.010064215095984996,0.016055629564157965,0.0194931566849177,0.029221602668014216
-0.02880810268624825,-0.029972659075096445,-0.030974768602946217,-0.03263876416979507,-0.034493475532793645,-0.034717583005620445,-0.036779811004134834,-0.038814176225490785,-0.04060200727427418,-0.04314312204455301,-0.045293184932660824,-0.047774987042100335,-0.05288632419218783,-0.05398295571659519,-0.05850369368361336,-0.06309798289551123,-0.07006467400034928,-0.07382573506600185,-0.07871986873294633,-0.0951045058732909,-0.08997689568236827,-0.09917972651229387,-0.11425657014329975,-0.11609050734201164,-0.10575582785207209,-0.11592623257956684,-0.11603698317309971,-0.11099889023371713,-0.11140450748467362,-0.11173846726272682,-0.10711962431718645,-0.10775479888920664,-0.10617366692759003,-0.1024029060891697,-0.0981924081547492,-0.09416593361841233,-0.08748092908950215,-0.08341953256393889,-0.07496579283224022,-0.06361421057259985,-0.05962085397928597,-0.05236572416951053,-0.04816241006117085,-0.037431347094550864,-0.030325805140278238,-0.025050715705859143,-0.014726700307746261,-0.009711646650364777,-0.003984805730699252,0.002565806681141586
-0.002514129587264114,1.738859483070607e+38,0,0,0,0,0,0,0,0,0,0,0,0,0,0,-0.029212543132663013,-0.025216818673023996,-0.026865030380898446,2.2493679466343037e+38,0,0,0,-0.06272437233829387,-0.10290709414787799,-0.14751474773886608,-0.1483076857112182,-0.13328120345965497,-0.13315338715991087,-0.13169874141993557,-0.12730126432056055,-0.1301326116546982,-0.1293247653086003,-0.12553949640287823,-0.12438843862633227,-0.12466409288653298,-0.12042349462649614,-0.1179642574257247,-0.11423923519601309,-0.10613937986477039,-0.1028738736638353,-0.09675384785326645,-0.09321654796605824,-0.0808448614108805,-0.07378250405012234,-0.07010521513695303,-0.06549319007127327,-0.06285773649095101,-0.06526892535453653,-0.06225300158389842
0,0,0,0,0,0,0,0,0,0,0,0,0,0,0,0,0,0,0,0,0,1.78258530482795e+38,1.6789192440416697e+38,0,0,0,-0.15284700335641677,-0.15440589605960006,-0.15634619799892494,-0.15896971612919145,-0.15317424409502856,-0.1583292658056954,-0.1586634553784381,-0.15431177564590587,-0.15531659350789506,-0.1551832041779849,-0.1525753223743972,-0.15398635471386518,-0.15221235698216937,-0.15064062805509953,-0.14579883136430827,-0.13984394755655397,-0.13565679064618522,-0.13129435097310713,-0.11960244680924405,-0.11372286325805979,-0.10693171325802493,-0.09938239291145298,-0.09419332238742507,-0.09572534766343888
0,0,0,0,0,0,0,0,0.05383422145850886,-0.16736968397705115,-0.17036882890181443,-0.1713610371440842,-0.18466579842773562,-0.1819822592573855,-0.18371646329186866,-0.18135818858297698,-0.1830827061688831,-0.18062539473353073,-0.18129622555552735,-0.17907153768515927,-0.17984962792496892,-0.1793335645666798,-0.1804728523924789,-0.18163968988780174,-0.1824682376949985,-0.18554742517354858,-0.18522622304029102,-0.1856383421732978,-0.1887416498479623,-0.1905718612155514,-0.1873815298690045,-0.18992799477863043,-0.19077261975122714,-0.18902242217659246,-0.18886555332289293,-0.19287961069257537,-0.194964482475521,-0.19434850090458167,-0.19571223257388765,-0.19308996770134262,-0.1912735820911736,-0.18908653315984678,-0.18472736201622736,-0.18546208516204868,-0.17817285551378506,-0.17077727079848037,-0.16457800285763946,-0.15768876096884726,-0.1530369963662416,-0.15021072205045508
0,0,-0.18846199906937283,-0.1998602595126901,-0.19853396659709796,-0.20097517290304398,-0.21364509527873302,-0.21830538266309102,-0.21719835681304034,-0.2234924433546917,-0.2254140168815392,-0.22271203615111668,-0.22621225167691084,-0.22713814376353952,-0.2264242627092781,-0.22590324621321578,-0.22896033826378706,-0.22784691086958558,-0.2282524079769483,-0.22828754312630048,-0.22875063792535785,-0.22900383601749555,-0.23281809801098155,-0.23350582307194728,-0.23222941738708694,-0.23446216491586483,-0.23640248327532476,-0.23868264231886002,-0.23844558783640943,-0.23849495378133984,-0.23652035217456133,-0.23753366039704316,-0.2394097031058825,-0.23662847939868292,-0.23895138429009236,-0.24207810563782742,-0.24179598391803356,-0.2407727148790991,-0.2472021684769516,-0.24332077056270698,-0.24321026417524766,-0.2437819286928046,-0.24049201951862148,-0.24065842149835673,-0.23864230100290226,-0.23653626676126666,-0.2344460981512096,-0.21985011178593505,-0.21295496308512302,-0.21460401063444196
-0.225052960458202,-0.22834653330911175,-0.23103298912766435,-0.2415409152637109,-0.24064187113931823,-0.24302008200008146,-0.24862327975778956,-0.2500772896849023,-0.2522645436144791,-0.2580111906644166,-0.2643331026094412,-0.2653869845918951,-0.273811296510968,-0.27354191637480973,-0.2757965259728841,-0.2786661191921789,-0.280537093383494,-0.27897188852254196,-0.2807555560998108,-0.2823002742208562,-0.28227183734524847,-0.2822100974003561,-0.29202694572070165,-0.29474228534847846,-0.29117237549133274,-0.29348029291088773,-0.29333830612553347,-0.2960885083888284,-0.2982244026915855,-0.2988347361104718,-0.3009682017521013,-0.30572188899512615,-0.3054806883143816,-0.3043017863891775,-0.3062331297609716,-0.31311746777423194,-0.3085684481078704,-0.30590580365818837,-0.31043201717667035,-0.30257848591049513,-0.304079080002948,-0.3110937211926016,-0.3083042654086393,-0.3039696894617125,-0.30261483459934013,-0.30395379592381655,-0.30479274146671825,-0.29900787232950254,-0.2995711883918819,-0.2964032394983668
-0.2373982038834195,-0.2415398945719865,-0.24541055604208142,-0.25973660710574803,-0.26526013596153514,-0.2663381850513796,-0.2777646763956195,-0.2837804858876888,-0.2868884375956589,-0.2970547155276385,-0.30427737111179104,-0.30711459303534333,-0.3182337388575429,-0.32478162394279003,-0.32579504718758334,-0.325537476401441,-0.3341231475211626,-0.33210334455279766,-0.3353799066701096,-0.3479675901610725,-0.3525104439803971,-0.35583445630413485,-0.3626564471901393,-0.37598685309542784,-0.3705202380119782,-0.3784224265069514,-0.3798363435804948,-0.3739837085269476,-0.376991510132402,-0.3791301620399532,-0.3778238372036415,-0.38020995654417755,-0.37825789125885034,-0.3837085303426012,-0.37923044265909195,-0.37278596526092334,-0.38068450675401005,-0.3808751444669581,-0.3898677074519546,-0.37271650050834954,-0.37952121049855003,-0.3932419357092862,-0.3958331476204545,-0.392468449447604,-0.40401439807791323,-0.4040409601175765,-0.4001068861893028,-0.39521725536924673,-0.39485119999790025,-0.39038445209581807
-0.17757452943182747,-0.21087328624989646,-0.23804536625959252,-0.26688806961670625,-0.27363538996989467,-0.2797179981112713,-0.2932458464223665,-0.3005838298138052,-0.30655695367193525,-0.3211101264007777,-0.3308707688741246,-0.33635577630873825,-0.3566304855690876,-0.35916877979663514,-0.35944560983790524,-0.36598993257851065,-0.38607996274056156,-0.3924796735073403,-0.4006554696262247,-0.4130347493592233,-0.4084641168964941,-0.4144052938173158,-0.42996772000900385,-0.4363296243570188,-0.4433480651601532,-0.45870216123112106,-0.45569550363191524,-0.44760260267555674,-0.4663899516172814,-0.4705945777819779,-0.4716318860827281,-0.4891145859833716,-0.4876006766104634,-0.49062138629799157,-0.4941114103494405,-0.5022818930989851,-0.49628127404132105,-0.4966184200190568,-0.5045533474480991,-0.503757832993565,-0.49624356117671914,-0.5148519618652839,-0.503922617164744,-0.4975362812361968,-0.5081636216547377,-0.4994149758340666,-0.4922698259916536,-0.4921625185944242,-0.49109952151510994,-0.48298565594333664
0,0,0,0,0,-0.24002058901758677,-0.27036918918938413,-0.28523081920585863,-0.298419388920627,-0.3172602509376787,-0.3277019630817631,-0.3381493535674489,-0.3590891892581446,-0.3678134302106079,-0.37557766144174204,-0.38540120178970977,-0.4171422416539608,-0.42703644159023524,-0.4410455156709219,-0.47041528042187974,-0.47717821888752215,-0.5020091068931093,-0.5202596568610426,-0.5297965665172039,-0.5350882920928166,-0.5536575075389966,-0.5615132440903969,-0.5649700776265602,-0.5779815975223466,-0.5845060361303517,-0.5823213171658607,-0.5943708390957736,-0.5976133763275648,-0.5998412167415519,-0.6056756443652593,-0.616435847086794,-0.6154838873940872,-0.6160633254604402,-0.6330656554209635,-0.626134969926181,-0.6306232582836504,-0.6383718717034752,-0.6399482215535913,-0.6156681595655162,-0.6307912626764862,-0.635656721782838,-0.6273390970420766,-0.6358491356550289,-0.6318627020517207,-0.6142661853136732
0,0,0,0,0,0,0,-0.19140073922454454,-0.20431078596880786,-0.22868280681504682,-0.2475151009646255,-0.2864927099571796,-0.3317626166458828,-0.3577081694244443,-0.38825850065170187,-0.4102356344779404,-0.43786075940355745,-0.45509081719098987,-0.47316109331320755,-0.504337963042735,-0.5187402646172625,-0.5304348152786226,-0.5639180340525038,-0.5826429655755249,-0.5931774771361398,-0.6203330961026664,-0.6266317702917424,-0.6382646037333545,-0.6710756912899585,-0.6769254247940387,-0.6850642539769702,-0.7026782407857276,-0.7125531380158966,-0.713714716980507,-0.7190758307080399,-0.729699737164008,-0.7354495646700977,-0.7391488887171255,-0.7541515709671048,-0.7496253107694315,-0.7558524492901624,-0.7722215799521148,-0.7783174408493909,-0.7759142624865919,-0.7849438648220854,-0.7982665973603789,-0.7900094701173248,-0.80135613949496,-0.8046699972026684,-0.7819334781002624
0,0,0,0,0,0,0,0,0,0,0,-0.15679033351282234,-0.17666303815799614,-0.25477176305623656,-0.3311510831888621,-0.3663667971136867,-0.4123427939825077,-0.4412349427347288,-0.4703499057902855,-0.5092976929271426,-0.5339505187594811,-0.5527903748622313,-0.5948814863676669,-0.6155201929587519,-0.6413012564654545,-0.6853448252692854,-0.7104302470042212,-0.723102564569995,-0.7460248260343648,-0.7629709033821701,-0.7777194659544716,-0.8077209870033474,-0.8142688506309524,-0.8233164094944181,-0.8311236825156862,-0.8620423471440234,-0.8652616693290294,-0.8767250459899846,-0.9112464518249075,-0.9233054300066574,-0.9346651140862606,-0.9710744523691769,-1.0004679990782241,-0.9938310506408984,-1.0245910104996752,-1.0254598081621575,-1.0221538922599973,-1.0377825428727698,-1.0399822631925673,-1.041782324652918
0,0,0,0,0,0,0,0,0,0,0,0,0,-0.16304606928710344,-0.2704808256350806,-0.3151092002784222,-0.40419102037370314,-0.4676783413111068,-0.50267104544809,-0.5565172705398971,-0.5844108826907614,-0.6000581283734807,-0.6466228840130206,-0.6693112342138284,-0.6979791627387012,-0.7576114867694517,-0.7783946266942623,-0.7988433183653686,-0.8375508709042256,-0.8588941502995922,-0.8803333882526931,-0.9400377981516911,-0.9824522976966947,-1.0052211692231552,-1.0297928007450445,-1.0737531476986837,-1.0799200291295212,-1.0934524824426828,-1.1280820335126625,-1.1263402897509627,-1.146375675409184,-1.175585660953453,-1.1940500482754426,-1.1961532543184215,-1.2288759429011775,-1.2215439899019147,-1.2397863907989186,-1.2398357264619932,-1.2329594536215809,-1.2181390923924127
0,0,0,0,0.053920231420815874,0,0,0,-0.11274901700915424,0,0,0,0,0,0,0,0,0,0,-0.5019764907250834,-0.5820702773928528,-0.6627122145911258,-0.7769114234202338,-0.8511242407779368,-0.8952543351845688,-0.981261830587573,-1.013400843390547,-1.0239563835106795,-1.0931732153792377,-1.1204088071074725,-1.1422038711470675,-1.1800893718483914,-1.1926657853013105,-1.2014594690717189,-1.2248829492233226,-1.2733453375743817,-1.2815027047857221,-1.293967361335494,-1.34799835174802,-1.4095276122548086,-1.4258730806806788,-1.4750351353298154,-1.5079296836411376,-1.5232265990419342,-1.5705340352205612,-1.5785994423607355,-1.5843430886697671,-1.6690469336304141,-1.669084893654474,-1.6580608045886285
0,0,0,0,0,0,0,0,0,0,0,0,0,0,0,1.6773937702167531e+38,-0.1043390440105348,-0.2501987935673599,-0.26817452147002474,-0.24107612249169336,-0.23732881332422495,-0.3354842470279676,-0.6213068995792186,-0.834525502073257,-1.0542293536456864,-1.2000456379365574,-1.2511598306828005,-1.2769747070649302,-1.3608542898020468,-1.3959699277923763,-1.4728861345888768,-1.5475096038962741,-1.5793048231878226,-1.6239950037463877,-1.6402724113261495,-1.672810887482694,-1.6812720992999053,-1.7607404933961006,-1.7954356389603339,-1.7994307130811393,-1.8645610969616198,-2.0027138462431924,-2.0292168191126847,-2.038741868263831,-2.1045075631575254,-2.1324451734670653,-2.1102850309817107,-2.1522711485491564,-2.1615082539145285,-2.1578314179078006
0,0,0,0,0,0,0,0,0,0,0,0,0,0,0,0,0,0,0,0,-0.3368823034837952,-0.4689909300825774,-0.7047678807454024,-0.8642715726782264,-0.9909458041697984,-1.2293933720162051,-1.3948375109361417,-1.627746141164984,-1.741300606888279,-1.9040557794303152,-1.9501664259840312,-2.029606012682176,-2.074665011330269,-2.0874737446432463,-2.123536183906567,-2.291975360840891,-2.2946502754378852,-2.33204477152237,-2.369468098673722,-2.38219906767151,-2.4144538068820696,-2.4660764349040623,-2.5030519702476495,-2.5088337724125864,-2.5618311340697186,-2.590654563474917,-2.6247016527597578,-2.768666823910558,-2.7691504617788176,-2.772903395580678
0,0,0,0,0,0,0,0,0,0,-0.3194338215981722,-0.3346251984199702,-0.33673959319933444,-0.3554437429851213,-0.39536209881378453,-0.4030655861823481,-0.41637122883210104,-0.45307607242536535,-0.49382881630117853,-0.5746430130850647,-0.7239014631589521,-0.7820256872403342,-0.8039087455292236,0.10532104552907642,-0.8940197365292994,-1.9088689224011046,-1.8946094813011813,-1.883066936313546,-2.03752890207334,-2.066634266085602,-2.1373314051361505,-2.4412015449197364,-2.5859639222962842,-2.630168612344263,-2.6938591888822288,-2.805636752050181,-2.8415381134312896,-2.963205324996247,-3.1242710480423885,-3.1518556267874818,-3.191702907871188,-3.275929613347161,-3.331616977899623,-3.382056059784258,-3.413472033092183,-3.39063190764009,-3.4212007055915628,-3.5186962769020447,-3.5152727765139313,-3.532865181992804
