jsons/1312693200.json
{"header": {"parameterUnit": "m", "parameterNumber": 2, "dx": 0.1, "dy": 0.5, "parameterNumberName": "Eastward wave", "la1": 40.97354507446295, "la2": 16.46031188964855, "parameterCategory": 2, "lo2": 133.9931640625001, "nx": 191, "ny": 50, "refTime": "2011-08-05 8:00:00", "lo1": 114.97908020019554}, "data":
[rows 0 to 21 of 50, columns 50 to 99 of 191]
0,0,0,0,0,0,0,0,0,0,0,0,0,0,0,0,0,0,0,0,0,0,0,0,0,0,0,0,0,0,0,0,0,0,0,0,0,0,0,0,0,0,0,0,0,0,0,0,0,0
0,0,0,0,0,0,0,-0.022342860675043968,-0.029930111361557887,-0.03374979673558483,-0.03372093050008715,-0.03461005887784709,-0.03527779429389762,-0.035074469738328555,-0.035241183266363524,-0.03467419803258872,-0.03473287792120896,-0.036280247312955524,-0.03679099893966365,-0.035720628735443904,-0.03112560817233497,-0.045832294191369624,-0.01629472689848437,0,0,0,0,0,0,0,0,0,0,0,0,0,0,0,0,0,0,0,0,0,0,0,0,0,0,0
-0.0050762960625799795,-0.03645116097699204,-0.03475758719242059,-0.04154947991436991,-0.04656680364392975,-0.04896965217311955,-0.05121107928405108,-0.051804857626976154,-0.05300913857868158,-0.052384621551224746,-0.05307366989436668,-0.05354437613070683,-0.05341944017882725,-0.05323426866954751,-0.05414468286634612,-0.05499101668799501,-0.059165075798324945,-0.06413362992088716,-0.05588062046475121,0,0,0,0,0,0,0,0,0,0,0,0,0,0,0,0,0,0,0,0,0,0,0,0,0,0,0,0,0,0,0
-0.00309128692935908,0.0008664282187394364,0.008945493329263726,-0.0031721974521948066,-0.017987409843252984,-0.018929703790377242,-0.03319032952880778,-0.04627887913522876,-0.06259586119555821,-0.06791989770728962,-0.06958903304650847,-0.07396743196083383,-0.06934490861154104,-0.0877311234050832,-0.005149991970629269,-0.025082830757860775,-0.0051297561312992936,0,0,0,0,0,0,0,0,-2.9046457520238502e+38,0.38940698706400834,0.39240196496563934,0.38337429474539697,0.3760538670479512,0.37137291110150666,0.3453939204490021,0.3441088608044097,0.34721881201478955,0.34100125672662635,0.3428137674308662,0.3438578331153015,0.3516186733150813,0.33855864046508166,0.3211902139997924,0.30269631629895716,0.2801019101762506,0.25507180028913923,0.2355957561019573,0.20462958623057484,0.18723615392994325,0.15796216220214745,0.1231067494263202,0.11114996139601717,0.07931871582975634
-0.04105907194242664,-0.030491368300068402,-0.02588619261307532,-0.020366986298302765,-0.0008906560265436921,-3.3184206906365806e-05,0.0025370361266870544,0.016573277333781892,-0.016551092189244887,-0.048075137274387475,-0.06967319505010995,-0.16579120676970022,-0.10923478958568295,-0.11792491235503168,-0.09208900974538112,-0.1107051228759577,-0.01297181260064971,0.17136572288334664,0.2612785485359473,-0.4713406603423465,0.3867213812048829,0.4156919429175018,0.45923795955147284,0.5130284704393833,0.5342506305852668,0.5697693631738597,0.5885444995929278,0.5974667556325917,0.5964491597817266,0.6020933158977639,0.5867414219086354,0.5694595692932035,0.5501993424313257,0.5350288702851587,0.5344944503326975,0.5121641677381572,0.5090426258659911,0.4901599988199585,0.47854567098952094,0.459176026527759,0.4488007967139987,0.41725250610993364,0.38533646919402104,0.3481238407072813,0.2917499045020036,0.26946568595146736,0.1771469996502374,0.10539727353409706,0.06278773733832077,-0.01721736328796491
-0.13159540569611206,-0.12802318457001272,-0.1272636823641946,-0.13201059743829996,-0.12291987156455962,-0.123286100533767,-0.11916126960497135,-0.11604073606773965,-0.09358430048085387,-0.08845098758548631,-0.07045101712160606,-0.03595002567545509,-0.020192070752048232,-2.9299884993090454e-05,0.037344918196954374,0.05032750480508755,0.06577730679805202,0.12848094635240226,0.1856749613983376,0.22556001817694804,0.31233694901401454,0.34582628138547816,0.4084553576539214,0.45708649779399785,0.5349648018724577,0.6159343669476351,0.6577051429530836,0.7128642970057687,0.7539139150995314,0.7727359010224286,0.7997269635986824,0.7897666033178098,0.7725615572038967,0.7618974403699679,0.7529707670268267,0.7142894178727256,0.6913571738874161,0.668484172096904,0.6523884086861659,0.6406562727944418,0.626226909171943,0.602864311542896,0.5820981251559154,0.5682243069587928,0.5163747863031644,0.47603634303720666,0.3747454928657108,0.25496253168921224,0.22554305646521833,0.17459889566763834
-0.18730561339729118,-0.18475714131617935,-0.19295953913463393,-0.2022694055328099,-0.20678049491117892,-0.20446059673037936,-0.22263131885092236,-0.22077151892242103,-0.21185191339207426,-0.21294449291070958,-0.20853739869062982,-0.20330647433645374,-0.2036180446308028,-0.19348697186653213,-0.18183708182706174,-0.16806335814652548,-0.15371593885616897,-0.08737172346849019,-0.06999328530336629,-0.042013377606923405,0.057233536965642456,0.10669077475152883,0.15416430408568668,0.26518543339893735,0.3975211949664885,0.4821333320583671,0.5653987649324654,0.6706170780268815,0.7840863323067198,0.8139429824350027,0.8871288759479815,0.949199502768996,0.9463498632187635,0.958858370799899,0.9410019498744426,0.9150761288807034,0.8908856966836234,0.8795168434131457,0.8296278669644146,0.8238001364580374,0.8210125873558023,0.8147743173345857,0.8006710072258623,0.7930791470672117,0.7656417954268325,0.7548357302322937,0.7330593832064043,0.6568737364126805,0.6278209190209629,0.6100347264155777
-0.2640592917623551,3.345101964159963e+38,0,0,0,0,0,0,0,0,0,0,0,0,0,0,-0.3110542377428745,-0.35363817820150895,-0.3345273945248227,3.169887989948099e+38,0,0,0,-0.3265265230006596,-0.3178800569451905,-0.010880363924839787,0.4320765613084143,0.6316612261371374,0.7564461263203432,0.8075129695696076,0.936438821143421,1.045667027652761,1.088196946475021,1.1457778587963088,1.1714662359261343,1.178453300431539,1.1688679106086266,1.1593283771332012,1.1316305770280044,1.0810576725307857,1.080426875618486,1.058758896358407,1.0561421406083666,1.0544066302510653,1.0499251537431418,1.0386747920749513,1.017908348923665,0.9740083350128504,0.9470956248787391,0.8910594043912194
0,0,0,0,0,0,0,0,0,0,0,0,0,0,0,0,0,0,0,0,0,-2.1527375049762832e+38,-2.4985699347503076e+38,0,0,0,0.7417625565983588,0.7995982174771643,0.8401500645782437,0.8924432398259657,1.014342127076569,1.154971974547544,1.2737441297582028,1.3319682097093133,1.3725183199479245,1.3855847681757776,1.4118629755400016,1.4179338145095706,1.3841282326893758,1.3744639808767878,1.3486517144998789,1.3130888748358,1.3039022015534028,1.3249106139582896,1.296909615400133,1.284744585616461,1.2934742297385962,1.2481965496407075,1.2212917801662475,1.1675125922410494
0,0,0,0,0,0,0,0,-0.6345961459686578,0.24825774945323478,0.21953007943608457,0.2989849304447167,0.3627635522054557,0.4112471870281079,0.48639018755854085,0.5144852893294716,0.562623234187843,0.5923874319033103,0.6426107617211099,0.7046226537704772,0.7446953545973074,0.7593429868960538,0.8007366525505979,0.8317664451988397,0.8947190861815045,0.983267477826274,1.0200419946344124,1.061041644464021,1.1693832154394892,1.254416639926345,1.3269535741780067,1.4235097802203416,1.4650108185595951,1.543951974689499,1.5893707078465726,1.6358135844736084,1.6878056522481615,1.7010706255305637,1.7122884966712077,1.7254231927521864,1.7248888237901603,1.7040193558407812,1.6760123042313413,1.6917703322899469,1.676102230811319,1.6586188284095462,1.6603173992253533,1.6467272024225206,1.6194394585076362,1.5892551713069032
0,0,-0.014247836495546944,-0.09191381901796213,-0.03905980030366272,-0.035335818082673796,-0.04482873807992733,-0.0466706029633925,0.006513838641709059,0.02809052972958545,0.08740786275915384,0.16730573616821992,0.2119955351375551,0.2546478137424428,0.3692124172788343,0.43811411755902463,0.4989310836646638,0.5947933406369635,0.6340154758074864,0.6955836180686512,0.7665532825942761,0.8019898167041732,0.8715649249637476,0.9332657206386543,1.0290611619604348,1.0898107709712939,1.142553969484881,1.1980957315099903,1.2925281796490622,1.34594754071205,1.4153577019228996,1.504755958345102,1.533692994895428,1.613387260621366,1.6655365673990776,1.732520381393568,1.8121117364325505,1.845148985485251,1.915665767057514,1.9449306887066402,1.965300646544571,1.9836350360932415,1.9963049569786422,2.0365061409245095,2.0214164821632585,2.0305054306914463,2.042613505560321,2.0104140268112896,1.999188736194607,1.9915181977402723
-0.4869228535911507,-0.49933069202102237,-0.5042901089618365,-0.5244840442205501,-0.48996509154865364,-0.4797161072540915,-0.4819152907817147,-0.46408223015194683,-0.4185623946883547,-0.40857090779958105,-0.3907408421968139,-0.28017681763206487,-0.24396955873406112,-0.17257320841462634,-0.022622985395652447,0.035829103570065975,0.13952619894589013,0.29367319950437043,0.35983438099274256,0.45530297423260413,0.5923039047176758,0.6755790751611593,0.7440133335003556,0.8084763041297223,0.8986657220199207,0.9707906355902748,1.0269141339451304,1.1394375735225144,1.2044219454005578,1.2804345905549985,1.381216490628517,1.4441784169607426,1.4981699746502375,1.6294886293946897,1.7069750614337262,1.78754667062099,1.9333799872435096,2.0139019017045983,2.085883087758198,2.169583638354839,2.233994244071457,2.339603478135823,2.3889940636904057,2.4732909135565424,2.523472481285907,2.5207790657096156,2.5818811985005783,2.617054593372005,2.6051610146499162,2.667572914057486
-0.7317141217348236,-0.7331584676254607,-0.7408240747570473,-0.7687425652998432,-0.7371977192172867,-0.7385654984157071,-0.7680950817324177,-0.7824063004849738,-0.7427543582140533,-0.7560620852005944,-0.7596236827750359,-0.7521571942194357,-0.7740086412319052,-0.7516251300203409,-0.636981210962692,-0.5819910169543271,-0.5062697822538034,-0.2433279616778844,-0.09805621244328425,-0.021118705392986197,0.15197235726743533,0.2460835390713414,0.3504586148038254,0.4466518156796459,0.6078193432579955,0.7351197005602768,0.7990805000527688,0.9254266682811492,1.0085160277072132,1.0714469936373703,1.199176157899748,1.2633602230315517,1.3620991126716955,1.487827530313767,1.6269565190701354,1.7371128927507278,1.9742364217610873,2.157140693051644,2.3036620380455677,2.432914450860273,2.5530801917718198,2.757809320694424,2.858944165163759,3.216749905844568,3.3861227578786415,3.4707687665235625,3.676410637531839,3.717545856528325,3.7615870632062984,3.8869914043915847
-0.785600643238493,-0.8157192693641262,-0.8584885086644662,-0.931593221582364,-0.9525311954728944,-0.9810128125809746,-1.0486584609007994,-1.0740853557505337,-1.0815857958269282,-1.1553749207377355,-1.1748056529321034,-1.1402914240219773,-1.211408507830772,-1.2104248831656976,-1.1271580483888965,-1.116203458836227,-1.1773199019977023,-1.0123567519902004,-0.9159587523419083,-0.8988311225270047,-0.7185478029880479,-0.5576201823431114,-0.4872595753278041,-0.3420553728315962,-0.06584299447956972,0.05414436148372809,0.2371261324691709,0.49522017648344013,0.579727999823699,0.6974817687907792,0.917619230342379,1.1022279717801853,1.198092526304314,1.4604125287663843,1.5668484771310525,1.7794376822343252,2.0575159431329393,2.2114468981417197,2.4721119490095385,2.686201046035102,2.897444120609496,3.16559766352927,3.3921330122900355,3.6921612069522376,3.915616760166909,4.0728216312444525,4.34243585497148,4.555360339728852,4.628008500019386,4.834533044170999
0,0,0,0,0,-0.979398188258782,-1.1774529050182903,-1.2362214936340472,-1.2781657069450865,-1.354642313835679,-1.3828972743919759,-1.3818164182412287,-1.480440589323394,-1.539686701193506,-1.5352861406416605,-1.547579801515741,-1.6153413784974429,-1.491182303701807,-1.4601289613784265,-1.4716439114412434,-1.330992958546533,-1.3034874457399614,-1.2797887309402267,-1.1982698915651246,-0.9735848922517533,-0.95460364600686,-0.7565699922978933,-0.4517330889587392,-0.2641748944373452,-0.1256467877892452,0.21028840735652357,0.3813097010008427,0.5648789614825911,0.8220102996411991,1.0156614564512967,1.1743376104249723,1.6100031484149862,1.8224149239303713,2.147090342103089,2.5434386928403914,2.8454385140157545,3.1924093461744345,3.53888966195256,4.042803504173122,4.475812704517526,4.749899687007649,5.1254301167900165,5.346296263187722,5.498942262322499,5.75992599599179
0,0,0,0,0,0,0,-1.1352813590998827,-1.3185937915522898,-1.4729515671380902,-1.4874510281427133,-1.501619462763101,-1.656927630119898,-1.7235126830566216,-1.7937579240443817,-1.8730757985560702,-1.9952376699926022,-2.0086201991310277,-2.1198410465753112,-2.2576424674127002,-2.1973765659692006,-2.1442806350453627,-2.2029810809559613,-2.180596735675689,-2.0019659506593563,-2.0990684352260884,-2.0321474620734903,-1.8238218630780463,-1.848240036706794,-1.6469503804885648,-1.3256828214353944,-1.1117191725555289,-0.9242158679718706,-0.399682361421346,-0.08067488388277995,0.11005071206857403,0.7931835709087617,1.0737666894372155,1.4526936885346409,2.1085856272582273,2.4875712319338423,2.9853292234148627,3.3560596987372646,4.097041810714943,4.633160280225204,5.060132825979322,5.599418390594603,6.035805087756296,6.190839677584792,6.366106517153168
0,0,0,0,0,0,0,0,0,0,0,-0.9727937618126219,-0.7797527016644564,-1.0676598595264548,-1.3582110454499394,-1.5717893861010594,-1.8598133297438109,-1.919257660129366,-2.029565748371404,-2.3305388152496254,-2.4257703072588113,-2.4639839309391585,-2.5680918145148883,-2.6077688702448176,-2.550343077561109,-2.6819841412378143,-2.6651929048631704,-2.4914480866697786,-2.5501824683665264,-2.5009903375986355,-2.3220614984735315,-2.102751322665838,-1.9239182168956075,-1.2914464337898919,-0.929350792331149,-0.5583525049364797,0.2182945926316599,0.7116599800403359,1.085961541981362,1.9352464746742826,2.388726988547068,2.7527353716330354,3.0763423557499534,3.9050338717830075,4.48483999079461,4.971529527788154,5.757407400208978,6.425822005901566,6.820126992529379,7.258946127874925
0,0,0,0,0,0,0,0,0,0,0,0,0,-0.7129264107079643,-0.8834403038531383,-1.4605262936490422,-1.8702375729901033,-2.0547454931240794,-2.207080028863226,-2.427508064169353,-2.5298410820127106,-2.5864806020600435,-2.760928202837877,-2.834294087471686,-2.871852627965712,-3.131274923743708,-3.184886938972224,-3.1487395473075863,-3.2959105764539545,-3.260519269668222,-3.0612261790507715,-2.8491146495283592,-2.5545692458877,-1.753267142840735,-1.4120404605556192,-1.0777152279985165,-0.10070229517093741,0.38174685448222107,0.9600704705329538,1.7692030005393806,2.2092577045463146,2.7180845622764767,3.166230932405727,3.956033188382388,4.483012198261052,4.8437106416893325,5.558736801986267,6.051886870828746,6.355789769107551,6.773582640432054
0,0,0,0,-0.5124369171071337,0,0,0,-0.6552391922817882,0,0,0,0,0,0,0,0,0,0,-1.3519940213335642,-2.1023979827278563,-2.3228417973101116,-2.686685544476754,-2.7930765292244253,-2.7655538734281744,-3.0303364283974084,-3.1090239513192355,-3.15136945735527,-3.393299627861162,-3.3819223666382405,-3.252440779566704,-3.1815017945880446,-3.0248849630356256,-2.5774120673387078,-2.3650587311850937,-2.071984587510002,-1.227089441851963,-0.6845526571180685,-0.26011874561952886,0.8648102458311003,1.6025273011301224,2.1657484355894927,2.642659490243069,3.534724285477957,3.9731590929223297,4.380348082491007,5.021170234080206,5.5917158428468445,5.840798264902329,6.294799351015897
0,0,0,0,0,0,0,0,0,0,0,0,0,0,0,2.9778514762204177e+38,-0.4600294131629957,-0.6807320032380914,-0.4779102778504872,-0.2956138477455069,-0.6150948061453472,-0.8236809180088123,-1.504862363073364,-2.091684229166866,-2.6672167222520513,-3.2538847797484087,-3.476576122269657,-3.601713798469456,-3.815899949068253,-3.8416270079968156,-3.7704596229289975,-3.7935241328954663,-3.67235196693963,-3.200109668640176,-2.879751359405829,-2.6957700611667694,-1.9040636316527508,-1.3703787695789904,-0.9408124838694368,0.21286973380902333,0.7017640957753909,1.216751751445668,1.838484080994169,2.902639738601852,3.4135173848499534,3.882046799092915,4.501489177640588,5.01017734311793,5.3393492554747395,5.71163798292726
0,0,0,0,0,0,0,0,0,0,0,0,0,0,0,0,0,0,0,0,-0.7343707098324993,-1.1859675598014172,-1.9690972349748272,-2.2953843838616454,-2.4047836115538885,-2.9096701414532404,-3.0704159279837206,-3.2969180949920216,-3.5562195362912505,-3.871365423991381,-4.091434421913963,-4.288573990301907,-4.342096572904328,-4.413292953455093,-4.4600819593843735,-4.395425772367609,-4.179417942265841,-4.027029699091576,-3.671899863781316,-2.1080269710172543,-1.1758568243472056,-0.22439958003451185,0.6334201760309358,2.3502235117261847,3.019649640671194,3.5851975536741674,4.4221235826861856,4.674753001584369,5.236670078246385,5.449037900200516
0,0,0,0,0,0,0,0,0,0,-0.5476472674598135,-0.6650481525387305,-0.8143527275533827,-0.8753882739669092,-0.9215432827251826,-0.9963733768189086,-1.1391459235695685,-1.2169625174342469,-1.298126285062863,-1.4899253802486783,-1.7144793842596118,-1.891995425775806,-2.141958708725613,-1.226865510438007,-1.8192527593611423,-3.1694870732173817,-3.398340673111468,-3.5253004961796965,-3.969648402389309,-4.137834860369873,-4.307485343706299,-4.413762508885721,-4.490877001490081,-4.546574275975859,-4.538406664363508,-4.631065835493843,-4.6202522505426264,-4.498966935087567,-4.288349497764094,-4.274008085925589,-4.263796796936006,-4.219738835067217,-4.106918220122126,-1.5204976594537432,0.8570318964874515,3.0248171960691463,4.276555396355609,4.4653222303027995,4.59669842867927,4.874955153150517
