jsons/1312718400.json
{"header": {"parameterUnit": "m", "parameterNumber": 3, "dx": 0.1, "dy": 0.5, "parameterNumberName": "Northward wave", "la1": 40.97354507446295, "la2": 16.46031188964855, "parameterCategory": 2, "lo2": 133.9931640625001, "nx": 191, "ny": 50, "refTime": "2011-08-05 8:00:00", "lo1": 114.97908020019554}, "data":
[rows 0 to 21 of 50, columns 50 to 99 of 191]
0,0,0,0,0,0,0,0,0,0,0,0,0,0,0,0,0,0,0,0,0,0,0,0,0,0,0,0,0,0,0,0,0,0,0,0,0,0,0,0,0,0,0,0,0,0,0,0,0,0
0,0,0,0,0,0,0,-0.11559007269660994,-0.11690050982841861,-0.1227493789838587,-0.12028390443419104,-0.12103608508466604,-0.1240097422935059,-0.12459737891858542,-0.1265666497706149,-0.12681526119917455,-0.12699456321056007,-0.12834023012876677,-0.12405004459049954,-0.11769889785761671,-0.10534413356031791,-0.06930798582861845,0.010201644857207379,0,0,0,0,0,0,0,0,0,0,0,0,0,0,0,0,0,0,0,0,0,0,0,0,0,0,0
-0.18432679010154773,-0.16668861482599723,-0.18039927664962313,-0.1665376992036098,-0.16145962481820156,-0.16143041095736976,-0.15311510743835036,-0.15712590920282773,-0.15998156926705298,-0.1564627762987851,-0.15866751037243285,-0.15925093651547345,-0.1562509787859222,-0.15043602657938826,-0.14375170923723535,-0.14243048011843293,-0.10216598885692063,-0.057561952040879875,0.0005807435028577123,0,0,0,0,0,0,0,0,0,0,0,0,0,0,0,0,0,0,0,0,0,0,0,0,0,0,0,0,0,0,0
-0.27730418624700537,-0.279927058755479,-0.28530811066424167,-0.2762920074233948,-0.26436289493187315,-0.26002497944513003,-0.2421937486855056,-0.23039232495152545,-0.22468811601129643,-0.21118188859275924,-0.199320160726289,-0.18492334651321965,-0.15752905168492345,-0.12467837976201478,-0.15050108965731968,-0.1258106490567643,-0.08953588744098173,0,0,0,0,0,0,0,0,2.0482874979600476e+38,-0.4300639779165955,-0.45643539849363607,-0.46998516180446154,-0.4835045041645015,-0.489400051142214,-0.48122808625426544,-0.4757917896037177,-0.45676152120978897,-0.44326720345410164,-0.44923156352366506,-0.4299036375255429,-0.44218215571912883,-0.42785948195046397,-0.4431054170568244,-0.4432458395483354,-0.42750290324742896,-0.4232991119335496,-0.45278471794629455,-0.43153077222884473,-0.42623450851484834,-0.4452252586524878,-0.41734142026772375,-0.40298899689925144,-0.3894248232707644
-0.3414587532994723,-0.36033415874969293,-0.3726153287273406,-0.4063844703499676,-0.4258024330675713,-0.43786890324794187,-0.4644823121421908,-0.4770533818716181,-0.470846128181634,-0.401127425563552,-0.361216793856579,-0.2221719659190294,-0.2279705838145492,-0.1690824501150886,-0.22411430558076464,-0.25868050480733074,-0.4467906406259408,-0.45490386710954556,-0.45839910493859015,0.18500173963073455,-0.6698655619088544,-0.705053944650068,-0.742427539503687,-0.7604674193815772,-0.7347423434533529,-0.7540866199770783,-0.7488639042987681,-0.7516351213564489,-0.7454625939195304,-0.7542403658532223,-0.7321655408412139,-0.7236082468020636,-0.7004989104893841,-0.6710945880417022,-0.6719890655228287,-0.6582280475144304,-0.6542017655353298,-0.6405675479226067,-0.6373682388925497,-0.6303241355294174,-0.6442614874776654,-0.614924713171292,-0.6219627080996679,-0.6435698641554738,-0.635828797896556,-0.6429885920998555,-0.689169604090093,-0.6259072317677763,-0.6059022119407776,-0.5704634729285034
-0.36557628201683273,-0.38421495809274686,-0.40230197132622614,-0.42807597140515313,-0.4570111414734085,-0.4778977920764584,-0.5185271440665168,-0.550787402688652,-0.5755387045132578,-0.6145554971445992,-0.6443078871643577,-0.6786941203383675,-0.7243572099498528,-0.7562205379336794,-0.7794951760507484,-0.8152855378996331,-0.8646759114167949,-0.8999414555973513,-0.90167675974593,-0.9574963279625801,-0.966308620835405,-0.9910072050522438,-1.0330304039362954,-1.0300900522916778,-1.006762721088989,-1.0227396748198054,-1.022224531980162,-1.0003090299984552,-1.0087438448195831,-1.0147019702905147,-0.9642307044064584,-0.9646374349715009,-0.9557550451355868,-0.9420460349913229,-0.9391215369830086,-0.9181423856516617,-0.8841979234237672,-0.8545364068212689,-0.8518736790565474,-0.8373096732346853,-0.8227095289061099,-0.8006196440932418,-0.779993658039412,-0.7907558410235143,-0.7460874994940987,-0.7305475453079082,-0.781924935168193,-0.6671168086742132,-0.5883454227848017,-0.46737274743442986
-0.31042980945261517,-0.3319130758228931,-0.33930738982592945,-0.3625421924216521,-0.3806611086375817,-0.4013117115932622,-0.41738865731195546,-0.4445770740263649,-0.4704714578380373,-0.5078185267811784,-0.5425907638028943,-0.5776319681823742,-0.6418790694329701,-0.6809641727129699,-0.731325237528691,-0.7796196323598928,-0.8695238162317172,-0.9182103473221319,-0.9724306237052394,-1.0709505424397747,-1.1080118453889867,-1.1682193508800736,-1.2490604841094959,-1.3005219467364162,-1.2637117133882085,-1.3528149727090657,-1.3562190394869604,-1.3085016485651368,-1.3384072176600266,-1.3355390941791174,-1.2599988625132785,-1.287576524022006,-1.264175390544848,-1.2315186461227239,-1.2038366191974026,-1.1904264988751787,-1.1668886068751003,-1.1496824437275748,-1.1121987657839236,-1.079843650861539,-1.0798619967317826,-1.0475689198984863,-1.020496364151799,-0.9620446797212971,-0.9079646453384088,-0.8489477681079355,-0.799063197454629,-0.7012088517732605,-0.6938169718736322,-0.485674343681795
-0.1109936077801876,5.20307243368024e+37,0,0,0,0,0,0,0,0,0,0,0,0,0,0,-0.5446296485182271,-0.45591475170060436,-0.4784476178258587,1.2348260631511881e+38,0,0,0,-0.8038271570756734,-1.0587343921597359,-1.4811955473181384,-1.727684028088556,-1.6975972138234166,-1.7565470689456912,-1.7421056546918812,-1.6780192850235343,-1.719795225107422,-1.6990725419729529,-1.6133249381814594,-1.5851995832731112,-1.6000896885619595,-1.5532303615212562,-1.531573917232279,-1.52692487134073,-1.460318277219254,-1.4436085315919955,-1.4310993792177928,-1.4143982419087429,-1.3176171406639339,-1.292864590776168,-1.2628180840230923,-1.1959396052605,-1.1509577429191449,-1.132654695535565,-1.098846820486582
0,0,0,0,0,0,0,0,0,0,0,0,0,0,0,0,0,0,0,0,0,2.92983969271557e+38,2.5130888183949226e+38,0,0,0,-2.0757812454810636,-2.1510359908302727,-2.219574911730936,-2.277464572568173,-2.2066213275669964,-2.2741593316499613,-2.263838500608181,-2.172038314229667,-2.1776683736777738,-2.1231216529218107,-2.027885903240632,-2.0648879285510726,-2.0495339736107216,-2.0093687881616247,-1.966997741030192,-1.9350583310476608,-1.8825428691683166,-1.814324729421774,-1.745085179198171,-1.6863379713115332,-1.6232499353770866,-1.549849131091117,-1.4984274236582062,-1.4478469320724585
0,0,0,0,0,0,0,0,0.20197964177272656,-1.2910018325397865,-1.3847520802926756,-1.4800465783609593,-1.7720535616772588,-1.8109105456647638,-1.9250241662648961,-1.9439441937535649,-2.091929623509959,-2.114416179603737,-2.2057235027769164,-2.2903054020305906,-2.312745701910209,-2.3330345876108853,-2.4413622408551428,-2.4954252130138532,-2.5501239563063045,-2.692488423386478,-2.7191301566829904,-2.7551243645153627,-2.880375476915173,-2.9400394841305593,-2.8937787804393245,-2.9734817007134104,-2.990943515173213,-2.93880015205986,-2.895579841325416,-2.935949005680551,-2.9177269724708337,-2.8471202866927596,-2.8474634239459258,-2.745617209252956,-2.669633279918661,-2.630681109659487,-2.547719333980636,-2.4545027792131937,-2.4092041699127296,-2.3063334392892636,-2.164692839049815,-2.111980970305866,-2.035639863794228,-1.9353852996125862
0,0,-1.0238880305501714,-1.0849780432414171,-1.1475675924074966,-1.1934008948689385,-1.4951223744315791,-1.6011788506841447,-1.6500028557362993,-1.7908878014779233,-1.8895596263152197,-1.983761168991135,-2.1316356740059823,-2.2049004995538066,-2.3424455310247465,-2.407358699563875,-2.5706219174128915,-2.6705202845997578,-2.7212245924965734,-2.85014852092166,-2.938104875134754,-2.999826701550324,-3.1558516787938005,-3.2370652193852445,-3.264216927041979,-3.4029656814871303,-3.4733648116033797,-3.46953149270138,-3.589051002529293,-3.6378601583625643,-3.6585007711647144,-3.7841233042667524,-3.8284743546594715,-3.787663604212486,-3.806739386666834,-3.8461074931094013,-3.795684897972907,-3.752150827178875,-3.82354459071714,-3.7004470603080097,-3.6194573972865314,-3.584644982532838,-3.4729020523819183,-3.328323536556442,-3.1874263811284598,-3.1188982450061404,-2.8754247862575744,-2.7130647216005728,-2.5979191559568173,-2.374290999054238
-0.8162802563478019,-0.8332048159117105,-0.8742112720486073,-0.9718538136868796,-1.0403211189144013,-1.1106569286640877,-1.2225788984221189,-1.2907060472404475,-1.370368990739148,-1.5113769364798288,-1.6086944537875087,-1.749543152900961,-1.9240879781796163,-2.0490690081832645,-2.2410226149862926,-2.3662080772982863,-2.5753162894404382,-2.7849022739374507,-2.930358309146377,-3.1601410878488783,-3.282001941482219,-3.4122925524256233,-3.614606476232865,-3.7103678248754695,-3.817725164493808,-4.0292084556700525,-4.094393682000824,-4.221234023312863,-4.390026557495382,-4.443389381349338,-4.4757853634375735,-4.6567899376916895,-4.682150539716012,-4.725135830261144,-4.725989336403666,-4.901340805437438,-4.825245798165026,-4.747688710422522,-4.847998092316872,-4.609694026019932,-4.628685292676805,-4.577485578465006,-4.432143949429028,-4.15523011553331,-4.099174342840576,-3.9020258180173792,-3.616276970956121,-3.3836595619261387,-3.260386520028269,-2.9034473154281364
-0.4992168321181502,-0.5165373086447732,-0.5434077882620443,-0.6358914632099463,-0.7115609639831023,-0.7846736945332967,-0.8522866067418219,-0.9331820422983698,-1.0398252666420387,-1.1400138124220278,-1.2174879527327378,-1.279495544085783,-1.403260477133555,-1.5142099508516407,-1.7314201307242825,-1.9182776546955822,-2.1914104832317176,-2.5358928040766235,-2.795822881010987,-3.0863496487298443,-3.281384539974554,-3.4335255726895837,-3.696431773767276,-3.862476828577526,-4.052741065375804,-4.32485088837162,-4.414067213446278,-4.581191525711886,-4.794819376098828,-4.931215120644351,-5.007604273337335,-5.19556152551791,-5.259185657061084,-5.2657935788344,-5.260978452278044,-5.457936150597585,-5.439570262840547,-5.372571534499271,-5.619157299871427,-5.42012074103136,-5.374482563424724,-5.539279878050193,-5.496200588495165,-5.1954183579796585,-5.110862168333904,-4.914963886552627,-4.493485430826845,-4.181627910890556,-3.940132577179853,-3.5252441359702855
-0.1406066809186835,-0.16011830350055264,-0.13429111796068155,-0.1617470493325107,-0.1726359704224722,-0.1949738697422471,-0.2361124678976109,-0.26152462072562155,-0.3358255530331027,-0.4072835022864979,-0.46478332526384974,-0.5811476225099298,-0.6887768711704505,-0.7639963122388399,-0.9543169671245343,-1.0732424138581773,-1.2828746634175126,-1.586117006768888,-1.8119442466756526,-2.077719698599815,-2.392586983294098,-2.7129005105454045,-3.0270245242833824,-3.2880995350241027,-3.678058460262136,-3.9965680579621385,-4.230314069393647,-4.531638931675035,-4.855718138903763,-5.054177118168709,-5.264397586954178,-5.512462354612182,-5.607131135129697,-5.709348526439619,-5.73994683787284,-5.829492570590793,-5.789200042178754,-5.842167741053218,-5.93133764731489,-5.773215613037772,-5.64587569261727,-5.928512795818151,-5.811034718282679,-5.310433179461018,-5.320318716167731,-5.034611707205505,-4.535695826266365,-4.199573187981654,-3.9991565256746795,-3.494298197353044
0,0,0,0,0,-0.09868606253867995,-0.04538278177047299,-0.026378384433239945,-0.002444301864809416,0.0013089188328938356,-0.0032273757182123127,-0.12026121509290169,-0.2103349411499823,-0.2929005626928978,-0.46873027981321425,-0.5694190989840623,-0.7385125928945527,-1.0347025137545105,-1.1870472501239087,-1.4257079298914346,-1.5753972501239606,-1.7256296955101065,-1.9268488981100798,-2.1275868639596975,-2.4409451891223286,-2.692137401366537,-3.041765584838676,-3.4134858947096336,-3.769843756726651,-3.9628937626604928,-4.409224239926672,-4.720116784601776,-4.9666851440234545,-5.284180320326326,-5.407185518982378,-5.505330420362622,-5.441407258850381,-5.427165168191197,-5.392895317615136,-5.1697342785861675,-5.0253450524133205,-5.1218719933063115,-4.99217929001953,-4.519224530993661,-4.532241131696983,-4.338446795214956,-3.8956077173334274,-3.793876370813796,-3.605974733799319,-3.176320741590474
0,0,0,0,0,0,0,-0.0916934721720789,0.1359847286132606,0.27968941741468173,0.3663268781760513,0.29338958615508504,0.21402296110591018,0.14288038417460044,0.04614520497311106,0.029584139507345116,0.015016385618530503,-0.05111711751612319,-0.08480620332191859,-0.20797937623384297,-0.42353458029933444,-0.5881303894912444,-0.7908015480713477,-0.981778340436285,-1.1751679051167176,-1.3427482385334741,-1.4942807040629285,-1.8651780965482327,-2.1793419306464688,-2.501119209027365,-3.053905098977715,-3.5125247208317396,-3.863949808674964,-4.5385766093246165,-4.916731198163885,-5.051314778472659,-5.1755341159731705,-5.123601450938421,-5.019754098803502,-4.6753208439035925,-4.450373405308226,-4.250742477511113,-4.123889792790505,-3.6486598782923636,-3.6252969261487022,-3.4710215552759793,-3.1706120918401086,-3.1170254506633652,-3.055967196648373,-2.826987437522652
0,0,0,0,0,0,0,0,0,0,0,0.5297969179433555,0.33800057176537646,0.2292485114815248,0.23344313601929267,0.266348959725791,0.29604287358146664,0.24013289987529493,0.21575045847060004,0.2214699987419724,0.20407706108648205,0.15378529886353792,0.04395473112709582,-0.09778770383805822,-0.3774716444429367,-0.5084518725120695,-0.6235425922599086,-0.8836522671791092,-1.0333011309781581,-1.2496058687579465,-1.6644276936142446,-2.242978661894486,-2.614515717203337,-3.509861844499521,-4.010969915648451,-4.547546554281114,-4.889735243947557,-4.880184903330286,-4.8167048874908405,-4.3254946188059336,-3.9881998943218555,-3.7908012624086953,-3.247784309967865,-2.8146777133181105,-2.48491574112539,-2.376748910571525,-2.0299050250815336,-1.9657305072874676,-1.8653149158795566,-1.6929644840048381
0,0,0,0,0,0,0,0,0,0,0,0,0,0.02706882554447635,-0.30880036841829855,0.2026759551834859,0.35767977359863373,0.5101010187454121,0.5581245133940803,0.6011015923691034,0.5774425397794041,0.5226058338590895,0.4775424160868288,0.3433190873663342,0.028531775806836187,-0.12512562310923478,-0.21997473911448365,-0.37361828639691136,-0.442138294536233,-0.4730152950984012,-0.30047176441509654,-0.4909095116210389,-0.6021515580977119,-1.2049061669162897,-1.6159916457760202,-2.135489250611239,-3.6470803498785043,-4.281113763933704,-4.526818198497912,-3.633340555030607,-3.068043102866833,-2.779707277730624,-2.5151366415536116,-2.0624932152114717,-2.045570298099764,-2.0114612435826924,-1.7216425536929931,-1.6880423614879778,-1.646572969144735,-1.481552994687476
0,0,0,0,0.10697599013293188,0,0,0,0.31201968844482514,0,0,0,0,0,0,0,0,0,0,-0.9369166528745603,-0.07403146283564808,-0.0032184476516038006,0.018339922152924938,-0.04871332219191447,-0.28764485461166184,-0.4630495826293285,-0.490524880470412,-0.4853229198879437,-0.4182969486431323,-0.32561946222508703,-0.2485686069984781,-0.40185211842506213,-0.5592517456640912,-0.7354421650270129,-0.7960384434691163,-0.8928880316207374,-0.664633360262584,-0.49982059982974425,1.2474928327985957,0.44127414930324765,-2.5859901823565883,0.32109752288385696,0.7648646230956924,0.14149149230387947,-0.035722303947086365,-0.32793364788503104,-0.6867369384971455,-0.7921963669549502,-0.7396413929626692,-0.8306553820990616
0,0,0,0,0,0,0,0,0,0,0,0,0,0,0,-2.5994099984011015e+38,0.17712088264687215,0.26487979928482486,0.0035414929885816846,-0.37857280868662907,0.29949625600507507,-0.06080718887534814,-0.7489295991620576,-1.005729532424014,-0.7416889435890537,-0.8313523438001889,-0.8224729088782868,-0.7761382069609998,-0.8273058315958638,-0.746502942423901,-0.268018637544994,-0.1510265846334157,0.029203492488449518,0.27277775456429915,0.240722803274167,0.6430207032912063,1.1605619468629884,1.1250589888421902,1.2388278089362523,2.450830122810089,2.4132683660738024,1.0597197628363422,-2.53290128940646,2.16438650142862,1.876298501429752,1.290756937074892,0.683709577247912,0.533199903300047,0.3997326090394701,0.07826072025555375
0,0,0,0,0,0,0,0,0,0,0,0,0,0,0,0,0,0,0,0,0.23913772175937478,-0.051048187310264385,-0.6389387741474402,-1.1164598447934722,-1.6792056587540256,-2.1104712782774513,-2.1785511550569776,-2.0069244357174196,-1.8480082619415836,-1.331907295903898,-0.8252733212009549,-0.6836200498951086,-0.3535063232379493,0.24977844507644487,0.58746030603239,0.7533553252736921,1.067525320096133,1.2651662735411373,1.4670619577716426,1.9272752286214694,2.154946403963805,2.3745525774085845,1.8498389783490066,-3.171893023277916,-0.5948818285313552,0.17255685043839553,0.45629316568235345,0.5606130158364621,0.9754923946056032,0.41629249488874714
0,0,0,0,0,0,0,0,0,0,0.3096537982781739,0.4424329216522331,0.527081642586093,0.5538549659192832,0.5930318950464931,0.64360087010288,0.7263880378589214,0.7557982619857095,0.7749002396784437,0.8217602551932378,0.4990775376752358,0.3902788144238842,0.4574700924429465,1.1916567075263396,-1.0151338197432194,-1.3040760734775827,-1.2313729687229114,-1.1312507451485743,-1.0150966808631328,-0.8518537125108573,-0.5278584522166035,-0.2724126665935266,-0.0016799279236144743,0.257096328061097,0.3631525071928577,0.5377336815943129,1.020113209837506,1.2671110633908933,1.3641618359180556,1.5264233292152356,1.632981188354841,1.7159068621573845,1.895437896969056,2.2738867599351744,1.7921619110985167,2.0994091293182975,1.831049114118356,1.9783504742686033,1.7414435796766623,1.144218782070318
