jsons/1312783200.json
{"header": {"parameterUnit": "m", "parameterNumber": 3, "dx": 0.1, "dy": 0.5, "parameterNumberName": "Northward wave", "la1": 40.97354507446295, "la2": 16.46031188964855, "parameterCategory": 2, "lo2": 133.9931640625001, "nx": 191, "ny": 50, "refTime": "2011-08-05 8:00:00", "lo1": 114.97908020019554}, "data":
[rows 0 to 21 of 50, columns 50 to 99 of 191]
0,0,0,0,0,0,0,0,0,0,0,0,0,0,0,0,0,0,0,0,0,0,0,0,0,0,0,0,0,0,0,0,0,0,0,0,0,0,0,0,0,0,0,0,0,0,0,0,0,0
0,0,0,0,0,0,0,-0.357706341351962,-0.348773454783125,-0.3944192910537603,-0.3768456301246841,-0.3858814217773767,-0.40873845062813774,-0.41696389349632235,-0.429923119299396,-0.43398482097718194,-0.44364931243522837,-0.446021382027744,-0.4387394494553358,-0.418840746530104,-0.3874820944967348,-0.22965785754183765,0.10489671995621298,0,0,0,0,0,0,0,0,0,0,0,0,0,0,0,0,0,0,0,0,0,0,0,0,0,0,0
-0.4361828649252475,-0.32442199582733927,-0.4011559704623396,-0.37660358995200977,-0.35831747981227385,-0.36884528854038307,-0.36397052741413327,-0.37212436368869756,-0.3859153535958667,-0.3995921599976529,-0.4160800517748813,-0.4338029650545642,-0.4436498514274265,-0.4398541253024436,-0.4441788589235702,-0.45293845796356896,-0.3394087093449525,-0.17843892807695477,0.038453648595396184,0,0,0,0,0,0,0,0,0,0,0,0,0,0,0,0,0,0,0,0,0,0,0,0,0,0,0,0,0,0,0
-0.5692367060005544,-0.5478920272589085,-0.5538609174406651,-0.5200608947699713,-0.4417671760754196,-0.42235072064827195,-0.4087313506013837,-0.3908918661405692,-0.3786712706224577,-0.3766388709332229,-0.353003858862694,-0.33181798899329157,-0.29682170617930753,-0.18120962586154585,-0.737445347644683,-0.5855661209189856,-0.3954541289515687,0,0,0,0,0,0,0,0,2.8848836101640583e+38,-1.8088480398729636,-2.0213744045034088,-2.17051853685442,-2.2624797670616776,-2.3095430009442244,-2.3723755212095896,-2.365711611783597,-2.361278344369424,-2.343637750767095,-2.437292336736645,-2.3489186561604267,-2.38700643972488,-2.2513560467863285,-2.1460538018191246,-2.059990997138163,-1.937991862992914,-1.7994964932248567,-1.7859188870209075,-1.6538775962412338,-1.6377520653160764,-1.6446579414380915,-1.5532424403818466,-1.481221070764392,-1.4600695954294134
-0.7286042288013004,-0.7719651568948646,-0.8072276834260179,-0.8943456471039736,-0.9472498838465949,-0.9844580396525955,-1.052843539018346,-1.1127338676386895,-0.9514418006648284,-0.7210473087799453,-0.4716372069499359,-0.3386784728706398,-0.4910620289248715,-0.36211500479993425,-0.6840816283601469,-0.7357284435610509,-1.3517827132799078,-1.4473040887971291,-1.5748409634179268,0.5251077950185369,-2.4549526091479006,-2.6377542428449576,-2.838046378613195,-3.0363061549579724,-3.0508779199354508,-3.2025023319839088,-3.285449457831405,-3.3197925147431557,-3.4083186288504423,-3.4997353584360607,-3.477402083953561,-3.5678015364090143,-3.583912492340003,-3.485051592433432,-3.4516014641794563,-3.45927532152016,-3.33128076891551,-3.270990971032784,-3.2057176185025598,-2.994647301344282,-2.8570397140687875,-2.7318494225387764,-2.51445327632583,-2.303442509322851,-2.0500200507117787,-1.941209374775779,-1.7659476417354079,-1.4436895399279146,-1.3402337448635835,-1.2650473914136662
-0.6230172630187251,-0.6573313638781546,-0.7094099210966935,-0.749960029633855,-0.8177507306149024,-0.8589598191906671,-0.961638988133657,-1.0335658425969172,-1.1092247976912286,-1.213274907250926,-1.311241720022592,-1.4700251524193908,-1.6138902729364213,-1.74428617509544,-1.8543913577521849,-1.9301723924168392,-2.031639204789791,-2.188294937496833,-2.312026195736062,-2.473570170834538,-2.6451921696766445,-2.7355672643984543,-2.9255599597235453,-3.0565291400005443,-3.2419151616243225,-3.4767175344969936,-3.598812714899527,-3.7681773215240835,-3.9298419280649686,-3.984261491949924,-4.010225603799878,-4.105028608721865,-4.121913707883382,-4.018885449217102,-3.9607036314096606,-3.9006234952349965,-3.573738443966973,-3.44154664705094,-3.374494225810998,-3.0217275740460114,-2.910726835901882,-2.6887847172608166,-2.4502315692609353,-1.836395513494849,-1.557837718147543,-1.1549217127097928,-0.2736307658060203,0.3538747608060961,0.5947796876099255,0.9936429943342049
-0.21326954199275866,-0.21327291045858543,-0.21064997851722145,-0.19357244904823911,-0.22798452430103686,-0.23211868970549177,-0.28588476533587215,-0.3291632828703622,-0.3916515424899526,-0.45641561329583386,-0.48368931322398234,-0.5705515188105241,-0.6621841991739402,-0.7284270055297011,-0.7739697580550271,-0.8693713931831609,-1.0270957519163777,-1.1622441602428322,-1.2463085548364894,-1.37969496223234,-1.563747041946725,-1.6941225259015211,-1.8290746216335745,-2.070173506897566,-2.340947694560874,-2.509568194341214,-2.828309994573192,-3.2200711396412887,-3.545758004768147,-3.666445221410394,-3.9721732116291273,-4.075749275723825,-4.082832723356563,-3.897829935285324,-3.7346694642701843,-3.5795271503666934,-3.2385917388231587,-3.010452073940393,-2.8675627421903056,-2.430358848200664,-2.3086575419472886,-2.080090443484368,-2.0215793294709368,-1.233156396353241,-1.0704091961864182,-0.569690847858828,0.15480596163618981,0.38962528765388355,0.6959429541825061,0.9247864571170452
0.232668136056934,-9.347268881844472e+37,0,0,0,0,0,0,0,0,0,0,0,0,0,0,-0.33492422167468733,-0.03916476000915927,-0.10371162348043403,-3.2575468194767686e+37,0,0,0,-0.6776433717099861,-0.7876143971583385,-1.4620699269487536,-1.9738447391980396,-2.2753553284651185,-2.592281940431328,-2.8058321933142025,-3.440298090725476,-3.7325824371464416,-3.8157758350616713,-3.6567545458689374,-3.3759063505270652,-3.290517113501451,-2.745125470732205,-2.3682706620422485,-2.2245035951312437,-1.7662380416235586,-1.5750644940218015,-1.4055141438076264,-1.2047058300612576,-0.8248660527325468,-0.5543556075041742,-0.39749669389916803,0.09650004052135558,0.2526593288841981,0.4949576929500703,0.8963130544153554
0,0,0,0,0,0,0,0,0,0,0,0,0,0,0,0,0,0,0,0,0,2.768119470913266e+38,-1.2988712006469948e+38,0,0,0,-2.0660712333549744,-1.7328264794705377,-1.7459843273634863,-1.8398938783608751,-2.3507362599064274,-3.0946827834009945,-3.4891512293450653,-3.3102107097144615,-3.0178339080099343,-2.5350572185071667,-1.5764269106702753,-1.319245261071388,-1.0519398171182055,-0.8019472761712524,-0.7338184402617065,-0.5121941353058926,-0.515427114563889,-0.26082052939330547,-0.09343461785079384,0.09251675295929505,0.3054163369053186,0.4969372468110136,0.6213632531772236,0.8094636466661483
0,0,0,0,0,0,0,0,0.1488228811905535,-0.9778047172765846,-0.4196876461691984,-0.11651599166486075,0.11946089662927496,0.21852613413368402,0.43910451742126283,0.4993010140233612,0.5964771860602243,0.624393505527224,0.7089784578641515,0.8063877278029515,0.8405774444319178,0.7584499836000507,0.6664930032970589,0.5736568129094105,0.3104243540013676,0.12670652725097134,0.011450401021688102,-0.27108250965521324,-0.3966639338241369,-0.5066452188811965,-0.8857218470718221,-1.6974336822735405,-2.190267277723048,-3.0166572114927828,-1.6737717856830172,-1.0837090861578191,-0.3842842016672878,-0.35614446971269437,-0.322459317760162,-0.19316537019995753,-0.16629647187253693,-0.11167433424483576,0.03923100829354377,0.19683600849456853,0.2662973113323596,0.36968893952491,0.5129910783685862,0.668581426262273,0.7992468399617658,0.9466547720170524
0,0,-0.8399432232288029,-0.786628470660008,-0.5560201407946515,-0.6956053946701132,-0.8116935007069666,-0.8041952711284553,-0.603363901787916,-0.5959212269197706,-0.520010837153665,-0.4195852434038701,-0.3999642333243234,-0.35153802734442685,-0.21578170532294413,-0.10236103297315717,-0.054800521883452344,0.0055088273711086785,-0.017215319282520333,0.03628576754738798,0.08968300248113799,0.11578776642990381,0.12986115640466875,0.12735963609609824,0.2392230277070398,0.33893062904508936,0.44904833189151183,0.7392409901200537,0.8526464735329065,0.9760254913903362,1.7078983135665673,2.270924667143225,2.0482557438166187,3.0896978573239195,-3.0265107477492528,2.0573388312435323,1.7621558739973757,1.3937633918156083,1.0496908246899321,0.8227352763616727,0.7165741291710107,0.6719068976374292,0.6381785492711761,0.6156726082832182,0.6479474579946779,0.6752888869693506,0.7984582625635495,0.8714949922069033,0.9309455414714161,1.0390354069466947
-0.633744738777006,-0.6085406392953076,-0.5861307954297192,-0.6282257126219634,-0.6029212450225868,-0.6018441893358565,-0.6253622814721447,-0.6252250202695333,-0.595978677208041,-0.6240552672829955,-0.595905753917313,-0.5148177139224551,-0.4477238672388615,-0.3684868651674511,-0.23792001059077145,-0.21928052260876654,-0.191323641555078,-0.1419673038514769,-0.12057293943137389,-0.09706933424176684,-0.02531691793527961,0.0015673317620812034,0.09900445055606298,0.16481554739987295,0.39060984903627527,0.5228071209603274,0.6939047645148434,1.0445175179442037,1.2385348215088985,1.4580596086445412,1.9018245062407706,2.2133172595163617,1.8584398241497377,-1.3492472070796886,1.3068781153246922,2.256591828414343,2.4203145592507966,1.98238072655244,1.8107363037817046,1.2492977192020005,1.1179143858124247,0.9297333335800037,0.8031098305646162,0.6340208822606247,0.6051274698644685,0.5991018392117546,0.6507242077594184,0.7057846000967742,0.7638454738696814,0.8906903019997252
-0.28191354327130125,-0.2533314260535676,-0.26128715092720445,-0.3010487226921486,-0.3255535713771463,-0.34644838440290077,-0.36785684088741505,-0.36200461457599303,-0.3515811890366603,-0.3585775144719725,-0.33651483688298295,-0.2875322110819676,-0.2780110302921963,-0.2805164170231332,-0.26221771896442236,-0.27056606763194657,-0.2920617527732726,-0.2306651316325058,-0.12057893235886714,-0.07913655192190641,0.011877109106698291,0.07069323148310483,0.1276721159807708,0.2182450367342753,0.4180166035924029,0.5852611685283383,0.669202095062929,0.9585465709194185,1.1483684976597317,1.3884226974393163,1.9215675408944783,2.0283269258314527,2.2290943445021485,2.3527452806481195,1.8100317060269508,2.1568679039186707,1.512734808224254,2.3108274560426763,2.284495991306526,1.8963590632204177,1.6758264254916861,1.533092234256731,1.440749623840667,1.2173788447125908,1.0399272517663767,0.9833317598367517,0.8608584279117941,0.8348153191016382,0.8014199113803874,0.8251153505578485
-0.14938589303797453,-0.10670656617199491,-0.027688643669066523,-0.037878130049157764,0.03992017700165149,0.07214054188882446,0.08506143296002149,0.08392321459403722,0.09116811771162972,0.09246262556224351,0.09190223566636276,0.07711842461327263,0.05544344680328311,0.03238386063964256,-0.05986229938171811,-0.09540882300956668,-0.1169023543557766,-0.12563290203372904,-0.07050821024145265,-0.04673640863153331,0.06743146021935922,0.12802744925332243,0.1794370913895819,0.24104051472018675,0.42257415810693627,0.5349284173686433,0.7120322012850906,1.0006175535928692,1.243754625152106,1.3740998062855612,1.6603091463450546,1.7757032290164596,1.8720075313331626,2.08536374235995,2.156058267957661,2.1295489796479203,-2.1928869804207936,-0.4989898097558068,1.52891278884998,2.213842926828271,2.1127140641464335,2.0316206816188442,1.8873227646385917,1.659184992908186,1.564871338469596,1.456958908150719,1.2876164008722655,1.200087951496502,1.1639712790947583,1.0666653669002208
0,0,0,0,0,-0.09689804374667854,0.008114350288916349,0.07437089140466419,0.17250362535504427,0.2060479672348108,0.189293589894927,0.09399834647323002,0.05010402228500747,0.020939537390513158,0.005509652631363373,0.01857724272660115,-0.027061348606613682,-0.03571042337937183,0.026828655292417083,0.08674076771767139,0.2674253144554509,0.31299345102304915,0.35879953995418723,0.39850560824793657,0.49387086937798313,0.5454901196395937,0.6866206593708855,0.8717167089246477,1.0246069192289302,1.1107777392800406,1.3048512763187656,1.412458170709558,1.522994158086482,1.7512237628581675,1.8626729332775411,1.933434710666912,2.0983867506045932,1.8560580152828374,2.151472725583119,1.425513084528246,1.9286648320939317,2.0963897207164806,2.038449840959758,1.8927774501051662,1.8281073821028642,1.76493704392726,1.6012080788806577,1.5105058282294563,1.4364842078114834,1.2769912976314908
0,0,0,0,0,0,0,-0.12467185239862526,0.11302397002265561,0.225586842827082,0.26777444617714197,0.16404614666396458,0.09208787918258318,0.03455353427162102,-0.0282257875471444,-0.009468810227532074,0.00013261618674997145,0.025417446322891054,0.04570591950335445,0.0027884846857571042,-0.04019067270536504,0.0006509240451159989,0.019369305698643164,0.05165628465005088,0.23654618930104365,0.3660106448924961,0.44870249730268186,0.6184394178949626,0.7081366248860519,0.8183333830401232,1.0130649222731016,1.1281865513773532,1.2370864057859985,1.4710925468800362,1.609633267826074,1.6586018865237422,1.840757057601652,1.9002846795992843,1.9535243529129298,2.0434909214700774,1.8710706508269033,1.9979957699499333,-2.078154403064663,1.7680804364647913,2.0098324137911656,1.9552938803285118,1.822328607836703,1.7074250308598398,1.6394321075581804,1.4222358275570406
0,0,0,0,0,0,0,0,0,0,0,0.3023426975382186,0.25277732109601747,0.11694596964193821,0.007878714600268342,-0.007547983000891982,-0.04657395182078587,-0.09527637297217038,-0.08828971998450105,-0.06041055506764836,-0.0207575841228321,-0.01493565522086712,0.004494310933570008,0.05009374104819609,0.14771259038799586,0.21426469142446647,0.3201137149042547,0.41610412430049154,0.512410744300265,0.6284490342529435,0.8006684363528339,0.9265857217813385,0.9922562736345332,1.1596738312074752,1.2772912493840523,1.4070852818861115,1.5494958147589446,1.622488784316061,1.6661134034325826,1.7567728239029525,1.8030740446352858,1.8329960144746036,1.7508895090211545,0.5904135362761319,1.869137587283631,-1.2210257402085205,1.758188677612512,1.8169015943752325,1.7787849356903742,1.6768888590450872
0,0,0,0,0,0,0,0,0,0,0,0,0,0.05163606448379935,-0.23152582176825368,-0.13220307938326606,-0.14809602972036123,-0.024121852637690108,-0.015498376404624424,-0.029935471832816325,-0.02744775573477317,-0.03567969771410771,-0.034514506608105934,-0.030772108439922296,0.02481678216271282,0.10077034647386092,0.14201923546802336,0.246024702611005,0.3755439659821456,0.5055740932228736,0.7594459581248161,0.8346219290070127,0.8766679088821976,0.9904388520675574,1.0595800345342254,1.1501402540601995,1.275557324210672,1.3303106520884869,1.395286102807007,1.4636853654558972,1.5247616280647085,1.5803284814307468,1.6307187533463963,1.6888830851723642,1.4106977956974898,1.2605987991359826,1.4451905281725286,1.6463087762148645,1.6675621480356952,1.611532923388223
0,0,0,0,0.027427160185571252,0,0,0,0.10083221605105502,0,0,0,0,0,0,0,0,0,0,-0.626777169574674,-0.39368958635175955,-0.3291373413508733,-0.28548206264781967,-0.21389825512373264,-0.08709603939808598,-0.03466004224913982,0.027213706806193245,0.1865241104186036,0.33391246529289864,0.43584649396941727,0.5940325086839062,0.6563942569771418,0.7042301668101782,0.7419635362385582,0.7847084842312535,0.8583112544976801,1.0473718133982481,1.1176332555349948,1.1570842094062737,1.2576422747582654,1.3012564587501994,1.338276445744352,1.3880148112337392,1.463496862390635,1.3121964985515948,0.2640670383330084,0.8443656034057718,1.474474050580374,1.4752880022667245,1.4144398830750313
0,0,0,0,0,0,0,0,0,0,0,0,0,0,0,-3.371780088411385e+38,-0.021130648514353582,0.0823112151868178,0.12610360420744507,0.10193802637166711,-0.1871538124279318,-0.22475003874920194,-0.5503279834795067,-0.6678809679773616,-0.6020497390214965,-0.6428721705680335,-0.5686570774438522,-0.30487571912894695,-0.19108856577757646,-0.05048240119440936,0.2815315977581358,0.4143979873800592,0.5394088884923002,0.7074762765595562,0.7671517378957219,0.8553602326765538,0.9811640761033945,1.035372982450699,1.0764250154586203,1.1346708564001635,1.1732378811847097,1.2037787313932435,1.2442057446820294,1.3244986277334687,1.3504480856510601,1.2790815013682542,1.3707413851052515,0.9540961249796127,1.341666153447925,1.2687015601990685
0,0,0,0,0,0,0,0,0,0,0,0,0,0,0,0,0,0,0,0,-0.24522593715128244,-0.48081997413712657,-0.7792569140855623,-0.8348726096149446,-0.8518999694602977,-0.9223739795818559,-0.8702798716002028,-0.5472997193784969,-0.34664804605886346,-0.10578321117728366,0.20421300767971642,0.30114070592850095,0.4129354534401286,0.6094567072888847,0.692508169648482,0.750742063534544,0.8030080996922412,0.8958425755339555,0.9102314718476372,1.0016645438751626,1.0585981591273894,1.1258738358167382,1.1634061363363681,1.237913005208861,1.275833454706521,1.0878597058926607,1.2371164734540547,1.04230231819085,1.2329801120363666,1.1254788699845817
0,0,0,0,0,0,0,0,0,0,0.056593097862452,0.12985420262184608,0.1858773346720025,0.1802453584844655,0.14494725138747866,0.09606313864077821,-0.06883035115131035,-0.4628812185709251,-0.5242472037287164,-0.626587240066773,-0.5811969200263457,-0.6002422664141895,-0.5535317448521067,0.5856058210239913,-0.6537876875316461,-0.9552372827867431,-0.8018908030374606,-0.5082491326814207,-0.3444437950291608,-0.15774223268762405,0.22819732898624104,0.38990464594575214,0.5129881764098859,0.6755380645796163,0.7151715003391932,0.7689339827585169,0.8905732497624863,0.9476416096175792,0.9502187233133508,0.9609733248009174,0.9680056625464246,0.9775466273725149,0.9924770019868198,1.1040537467450011,1.070989721218446,1.0773649260073732,0.5913144771163314,1.0213873712576707,1.1457114234971617,0.9117694024237009
