jsons/1312912800.json
{"header": {"parameterUnit": "m", "parameterNumber": 3, "dx": 0.1, "dy": 0.5, "parameterNumberName": "Northward wave", "la1": 40.97354507446295, "la2": 16.46031188964855, "parameterCategory": 2, "lo2": 133.9931640625001, "nx": 191, "ny": 50, "refTime": "2011-08-05 8:00:00", "lo1": 114.97908020019554}, "data":
[rows 0 to 21 of 50, columns 49 to 97 of 191]
0,0,0,0,0,0,0,0,0,0,0,0,0,0,0,0,0,0,0,0,0,0,0,0,0,0,0,0,0,0,0,0,0,0,0,0,0,0,0,0,0,0,0,0,0,0,0,0,0
0,0,0,0,0,0,0,0,0.005757635206076077,0.027714153074281895,0.03584094360477297,0.04542731330837088,0.05981417634750245,0.06741592751410953,0.0717343330002559,0.06314843239448742,0.04333962654977302,-0.024836602376159488,-0.016663571359123844,-0.07652894137110697,-0.0869484157371215,0.08016566651191595,0.005732924959963736,0.08533462679278146,0,0,0,0,0,0,0,0,0,0,0,0,0,0,0,0,0,0,0,0,0,0,0,0,0
0.033071217521560094,-0.044715720403657025,-0.019798469826422384,-0.010700058895360295,0.000940017102540296,0.03495088601775458,0.05244269309140496,0.07545564611366343,0.08370660302800212,0.10767454457827937,0.11164380258710861,0.11872720010226724,0.1261143266160273,0.12596298368033623,0.10434869282681364,0.028059279130457353,0.1114964496681725,0.07282109286401062,0.10974251810030479,0.1014445115228048,0,0,0,0,0,0,0,0,0,0,0,0,0,0,0,0,0,0,0,0,0,0,0,0,0,0,0,0,0
-0.14339244954092514,-0.11823581405972855,-0.041455456520455514,-0.0031092478364516092,0.030549370941645258,0.1116606014560961,0.1315156039954158,0.14420358347155873,0.1554269588811436,0.16670364782813418,0.1685354877681362,0.16957363708649037,0.17034048197931576,0.16611359372718068,0.1689527839320888,-0.013756762158737432,-0.03562465261800556,0.03741945608608771,0,0,0,0,0,0,0,0,2.6648230712571e+38,-0.22143511108820668,-0.237377645383815,-0.24754050446325523,-0.24261084835688523,-0.24619689210780504,-0.24392807296794733,-0.24760143109608967,-0.2497491835868366,-0.2390621528617596,-0.24513074919165617,-0.2522265198567462,-0.23359492491443848,-0.18587895300514504,-0.11642770265731987,-0.07612821212394098,-0.06919315084363574,-0.04435981330053476,-0.01867208467056476,-0.0024072027020534516,0.0112823527859924,0.038889118428652614,0.05725960000273814
-0.31432122146252905,-0.3121259097159751,-0.29659623754931425,-0.2883274321809895,-0.2854715277704782,-0.21507918821404454,-0.19026136039896024,-0.146835418824628,-0.08282055945769744,0.05967236162058597,0.14374566467086677,0.22084790285633624,0.22208859888008453,-0.11515232104229245,0.01181327646852561,-0.031711194453671425,-0.017517960993206676,-0.22097377771011742,-0.19058831027745296,-0.18781786964218894,0.07490800339844039,-0.3185403393323462,-0.32827958986364647,-0.32961815070154254,-0.33012089651710974,-0.3225603451888256,-0.3192065498538423,-0.3259222606106906,-0.31691847367527193,-0.3156891202032637,-0.31169709223102904,-0.2971722636488661,-0.3064172540243925,-0.3257331638451981,-0.3250809194970059,-0.3368150462731417,-0.34976048336149607,-0.3476136578225848,-0.33364018792036765,-0.28304433687202957,-0.17519563972945995,-0.11452411244652291,-0.08399457345351949,-0.06252312592817291,-0.029599450124127437,0.010432053978530776,0.03082278842829048,0.09036967199403828,0.12398865212235895
-0.35464014613088546,-0.35753613149143604,-0.3599412898391844,-0.36662150454452935,-0.3658521596481628,-0.3702877321640322,-0.3672896776711924,-0.3704132696234607,-0.36399470630547154,-0.36641482116457924,-0.3643108278882091,-0.36043673872550097,-0.3542476329861547,-0.34379364505032217,-0.32087994153175026,-0.3117055939720352,-0.28945268489698606,-0.27295933611401024,-0.21681066726541523,-0.23298686784127365,-0.2045395177247201,-0.14241913880650872,-0.11126036902128855,-0.10893657589282944,-0.11227039181146806,-0.09051634318367209,-0.1452749041420629,-0.1542203133567492,-0.13904420482596058,-0.1640107158321955,-0.15998676897557026,-0.16856541503903746,-0.18701265730853614,-0.21962533904277323,-0.2853826088704731,-0.34218677134201997,-0.37459978941919453,-0.3299052065134234,-0.26754668722410024,-0.19249233642249694,-0.09122939243232508,-0.05858717399510059,-0.02796417757480267,-0.002665714510574656,0.05004499063730468,0.07060371723134615,0.09858925333343857,0.11658013393265133,0.1541321461950308
-0.24575154593900167,-0.23914653826111973,-0.22663512064497895,-0.21634189183646405,-0.20141034964128463,-0.20110427539215267,-0.1924448460769585,-0.21203461049002187,-0.22409893128183217,-0.23734745164912482,-0.2373119681297267,-0.22245808074667267,-0.21743265271793732,-0.20231067266323768,-0.1910763781439704,-0.15304969707531052,-0.13707487590493359,-0.11945690410339047,-0.07569450772964786,-0.07170124142011762,-0.0734909482788982,-0.06267697916814778,-0.055687520954513604,-0.054353941912079165,-0.0347006453655869,-0.04480859209700703,-0.04697370749366466,-0.040104541857317405,-0.031233727022268606,-0.026991992185676026,-0.020981435282018117,0.004718076508799041,0.017079301471547733,0.051963402027751036,-0.03139943496089451,-0.26641851863986094,-0.21883600613316437,0.07787927853638964,0.13139713395421065,0.14498639053199666,0.11859398956371892,0.11915923853001034,0.1258212563659576,0.12499064560784644,0.12643690859976664,0.1370653791820905,0.1431662801259417,0.14501983273605618,0.16159054389774172
-0.026294169607104484,0.05511032642570481,-6.795505296795709e+37,0,0,0,0,0,0,0,0,0,0,0,0,0,0,-0.12623916274885988,-0.05181111161117955,-0.028370101732711275,-4.283252454579772e+37,0,0,0,-0.12043734286667657,-0.09320069866750047,-0.15033185305468022,-0.19674206700487318,-0.16228391135077228,-0.12348667298871158,-0.07858280300062477,0.010269395460688979,0.09737605726041355,0.16957779987557953,0.24412072836357462,0.397293053980695,0.07500882972125737,0.047059814580554894,0.19878344715699722,0.2220478239992609,0.1774782558694664,0.15290555039681675,0.15759368278555452,0.15696142448890957,0.15725162563831172,0.16126400096035245,0.15485602015393551,0.168098121163455,0.1779589796654659
0,0,0,0,0,0,0,0,0,0,0,0,0,0,0,0,0,0,0,0,0,0,5.236035872838244e+37,5.373924092795849e+37,0,0,0,-0.39069684384843256,-0.35010297065160895,-0.2908720733483435,-0.20138494831459094,0.02019209985182746,0.04758725723523908,0.1697891715087217,-0.34206939848218393,-0.04856137176702719,0.22359421621073933,0.32312449347134126,0.2874086039458145,0.24667971659826757,0.2352363220652143,0.2242440121106635,0.23554804908277782,0.2228938156149016,0.23121336961791475,0.2251031168919486,0.22940867962068048,0.2317702072186164,0.24531057200192713
0,0,0,0,0,0,0,0,0,0.04222595482838136,-0.15550509640533597,-0.15625853722242608,-0.16595551057855606,-0.20137003247943464,-0.19368141076404705,-0.21055914353340344,-0.2234429487010245,-0.2741816060438937,-0.2739872740252212,-0.2910556418371498,-0.32160376844087324,-0.3442375562479,-0.37155365870541085,-0.4073067649036218,-0.41019982579338266,-0.3760215851767897,-0.3286046981404735,-0.2964045345198886,-0.21941610458300462,-0.15554372045720197,-0.1067620605240331,0.0633371741983259,-0.04753234696423058,-0.4736852446047128,0.16977110062480047,0.24191368802544763,0.29386586584699576,0.2653678359589816,0.2238500345085352,0.21734499332195936,0.19682363550045465,0.190653540051802,0.19581315128003965,0.19372107223662638,0.21413627641841795,0.2225685019140276,0.23171675357014532,0.2414415207810482,0.2627932853416498
0,0,0,-0.1748119786568431,-0.1947957822224365,-0.21009917350406854,-0.23796506240725526,-0.2752695345461488,-0.2936609744116154,-0.3011342747142499,-0.32648621572190767,-0.3454848480206528,-0.35166822921699065,-0.3753074470287977,-0.37594587677609037,-0.37689835576046693,-0.37285778807290765,-0.3794538980481557,-0.36423775346275655,-0.35832706918299284,-0.3621453407144353,-0.3524641840720722,-0.3741784990191402,-0.3122129777636459,-0.2629609237793669,-0.17552159442625928,-0.14997762421169522,-0.10770706862383053,0.16515109053280447,0.24109050532704224,0.26601160191537426,-0.19637559139877717,0.16713324116994277,0.4043169812783193,0.4390043587330485,0.39916283401992647,0.341895790644663,0.3069306037674031,0.2904460856463408,0.2760108807921889,0.24810212969499007,0.24612816063265144,0.24601717645920654,0.24285562136251043,0.2514732489613194,0.25578909357435614,0.2602606939010038,0.26998700685048277,0.2802623582065901
-0.2962933292526102,-0.3158765548228869,-0.32054979453095284,-0.3279597704169333,-0.33900079307611636,-0.3412717348601126,-0.341088202172376,-0.35205759244099183,-0.35639743746186925,-0.3388798587795629,-0.34062949570984835,-0.3410768957391741,-0.3232349758366449,-0.32772074351176134,-0.3258593817010929,-0.2914306702232444,-0.29043959832162747,-0.29199950000237296,-0.2719940936473822,-0.24196932401113888,-0.23005120482519106,-0.1751958839754595,-0.1591467057420713,-0.1180613860668655,-0.09795071140446514,-0.028989777181237533,0.0377158493706071,0.12647681821971907,0.3780664896162814,0.3065386424632197,0.49028273818174184,0.28080118964728734,0.4054533454599806,0.4609767949865954,0.35584319970069633,0.29639324411193846,0.2858472249162378,0.2704461863994699,0.22789597096531877,0.22872302016670565,0.1995248566906895,0.19325797582670895,0.21230278278580605,0.2090776304507253,0.19816632324744346,0.20758571410798335,0.22773860454657954,0.26860653650056615,0.29436197583379775
-0.2877595419450341,-0.2896473168325387,-0.2813605804711996,-0.2749526794021745,-0.282746790899739,-0.27430142429756943,-0.2685706026103856,-0.2631322037323156,-0.264048251675079,-0.26035086594827395,-0.2637146265110232,-0.2606627217640363,-0.24100247994452176,-0.24946627455256123,-0.2561299584496919,-0.2351335363010962,-0.24082672212860526,-0.2517285797394551,-0.2350846869080283,-0.19496377393253023,-0.1771181226708047,-0.13934298729828817,-0.11299583111241669,-0.07560548362586603,-0.015316012676462987,0.011534766356449566,0.09887850496002575,0.1493963623770082,0.309174886180654,0.3581201768648484,0.18536941671786486,0.1400062159332682,0.3613357049677279,0.4050319087847462,0.31058685142187725,0.2808390056934351,0.254771477260795,0.2708036943860703,0.2788462042915527,0.2557156710457113,0.19885359008386616,0.19009073296099827,0.193501849284128,0.19794455163861582,0.18052748224872356,0.18401668609988003,0.19601476011172095,0.22325740331969857,0.24212950586588117
0.06369235853130623,-0.18223668127370282,-0.20429652597497833,-0.21861097123392154,-0.22979379091125565,-0.2231970927042,-0.21551213925244803,-0.22540008123403568,-0.22732068456806517,-0.21935025572994973,-0.22176277967150432,-0.22558307514276602,-0.22536949544232535,-0.23152875447685792,-0.2324341587160135,-0.23205655136010822,-0.23492347725229126,-0.23625879316230097,-0.22415486646378172,-0.22194528642020403,-0.21631367275606567,-0.20561397930850656,-0.13314003728672963,-0.10904897187552667,-0.09420114415454471,-0.07744304968025977,-0.06099723161606443,0.025176762203407633,0.02021514591798274,0.07554774541880671,0.1110016315866417,-0.2265782845846956,-0.4672637161037475,-0.4329207638782029,0.40949832621600585,0.44540442022647286,0.29290104370472103,0.1818585053386775,0.1722502616462393,0.17768645407812783,0.18517791637599607,0.16557428029863466,0.16664427193670622,0.18300801883174744,0.21177865991408912,0.1964708849355754,0.19495527754301956,0.19570495314340117,0.20507736141239996
0,0,0,0,0,0,-0.23392545453846056,-0.24859366811045253,-0.24358252546594372,-0.23198322530322285,-0.2281726927257489,-0.2243536724736426,-0.21932913360904585,-0.22764076417403875,-0.23411420850252684,-0.23901559476150483,-0.23827229340815684,-0.2502899798096887,-0.2514762025677532,-0.24737076659683585,-0.24133517751252842,-0.23341968776767133,-0.20339991573733263,-0.18399306371764046,-0.16996849849014775,-0.1803544745238597,-0.1914483936741207,-0.19793179248960127,-0.21061600947203235,-0.2093217750657458,-0.20427332585518246,-0.16370066076955533,-0.13828295819323255,0.04325272636270328,-0.4116877215524541,-0.23810953378157013,-0.048159806341115614,0.12580549850914255,0.06225965685056767,0.0164063685659028,0.07871983262843983,0.07798484918333237,0.092077210254143,0.11697698622217073,0.10542455090896852,0.1166452031724038,0.11849595112155674,0.1292641444907475,0.1416808377650932
0,0,0,0,0,0,0,0,-0.23323249845222407,-0.20994535048465912,-0.19970301097468704,-0.19405549474467546,-0.22002004759298785,-0.2331832926856804,-0.25065460294226743,-0.26490961214927305,-0.2634061938013375,-0.2617837335120344,-0.25174372134065004,-0.2513754751528997,-0.2672291652889045,-0.26824372666217255,-0.2704717135079107,-0.27308511674114044,-0.28215571686854435,-0.2735975954060675,-0.2693401669800095,-0.2724668064307494,-0.2766147552501643,-0.2768267808128216,-0.29912042102440606,-0.33872534550312805,-0.3522648607792239,-0.36269645661019034,-0.4843317811633781,-0.5266912387476391,-0.5695046079008552,-0.14827268145296488,-0.06661233198403041,0.0014495849686498908,0.05428330281758235,0.048806323073287076,0.0510178504106406,0.08138565133550324,0.10698866178574312,0.12834585632748113,0.163776343165992,0.16821248186033413,0.15972400772472037
0,0,0,0,0,0,0,0,0,0,0,0,-0.06910926617558913,-0.1272908394287932,-0.2090999330964057,-0.24437765573075812,-0.2608451603458015,-0.2793699878708771,-0.2698622100400932,-0.27753548835356573,-0.2908492771775739,-0.3015728499639329,-0.3057354549328875,-0.31797191886295,-0.33492292903706616,-0.36447140637276554,-0.3779361288814812,-0.39227406606949883,-0.39438661535103425,-0.41695571781208685,-0.4153921919072774,-0.453755872493487,-0.4748235909726541,-0.4943711691354623,-0.5378912318233623,-0.5540287138402278,-0.575271421371619,-0.524604327141716,-0.5208374389672111,-0.4449607355844892,-0.2579129783572592,-0.11906084606337455,-0.04542352520230607,-0.017885526033188413,0.11609381238251701,0.1564745164322752,0.16544776828151272,0.21520609792825493,0.23577808122905344
0,0,0,0,0,0,0,0,0,0,0,0,0,0,-0.05380769165488872,-0.23253874233575775,-0.25420233085488375,-0.29497543350397193,-0.30365776536345845,-0.31748132785141514,-0.3314017061988472,-0.34463688773968526,-0.361335806809131,-0.3811502729720677,-0.3933658275403691,-0.41206272200019134,-0.4383689100958033,-0.459295262308723,-0.4758112131964937,-0.48980549800139844,-0.49995691335009274,-0.517723700642566,-0.5217451916003293,-0.5216101988982982,-0.5493716521613499,-0.5593894549474345,-0.569733697676808,-0.5555611669928667,-0.5411787452182637,-0.5533038737592461,-0.4993562627878734,-0.465812449094056,-0.47014418828545096,-0.4189041455740882,-0.25710403794197845,-0.20304007107217473,-0.13307031474557393,-0.0627144506569172,-0.019643873898055084
0,0,0,0,0,6.271167758168879e-05,0,0,0,-0.007693544406070452,0,0,0,0,0,0,0,0,0,0,-0.3149284955061081,-0.3337528485005425,-0.36097264057476436,-0.39317754179727027,-0.4137616811675352,-0.4328805250778315,-0.4630300781523779,-0.4802533305630746,-0.49470093701846585,-0.5144658328931979,-0.5235774951403801,-0.5355001589423479,-0.5496417864874247,-0.5568038507883999,-0.5612112903458262,-0.5654978599860659,-0.570267554218108,-0.5589575589922544,-0.5632510616048271,-0.5532297612167908,-0.5174819656750432,-0.4790039388301044,-0.4542537581470418,-0.44948699691049476,-0.3263586583973122,-0.2816984829888886,-0.22662270447572194,-0.15858369240582745,-0.14384933439859948
0,0,0,0,0,0,0,0,0,0,0,0,0,0,0,0,2.888453604700841e+38,-0.01832244947378788,-0.04903796990972737,-0.053744581840964804,-0.07460639517323929,-0.11107149673346137,-0.1692273430134139,-0.31152878589390065,-0.3770833566371496,-0.42504589319926356,-0.47226118826629515,-0.4906694186657291,-0.5044097132101649,-0.528193755961175,-0.5371808478977033,-0.5401481775767728,-0.5533854209905298,-0.5572986291483317,-0.5552542411801613,-0.5495526864976951,-0.5568800406853491,-0.5323212728482682,-0.5220038533423035,-0.5204160310330485,-0.49181530585348576,-0.4975313008654462,-0.4760042339334797,-0.4422964523793186,-0.3504256016382387,-0.30990440680536935,-0.2808114569101723,-0.21473046519463806,-0.18654372003769026
0,0,0,0,0,0,0,0,0,0,0,0,0,0,0,0,0,0,0,0,0,-0.14809196855491621,-0.2345148697972596,-0.34704671202601134,-0.3766290055509843,-0.39760283109888,-0.44894547820133845,-0.4867820024660505,-0.5098894271340285,-0.5245664119347814,-0.5325833473706225,-0.5408926705149453,-0.5535321326804111,-0.5577813865448558,-0.5532996479131163,-0.5402563223587966,-0.5385178054371641,-0.5141705500927165,-0.5129387133035932,-0.5189719940431611,-0.5259021618461261,-0.49503818063089833,-0.4954821863641603,-0.4701358075095371,-0.4200973086189378,-0.4145806094708164,-0.41346047417221526,-0.3014167285998717,-0.31092652993070397
0,0,0,0,0,0,0,0,0,0,0,-0.11443410784264382,-0.13084247170868185,-0.15108084107827996,-0.16746996153155824,-0.18604217484764227,-0.20131250665431352,-0.2300976981132639,-0.2422880502700207,-0.25451306362326676,-0.27842207490903587,-0.29185820410291974,-0.3099162226629383,-0.31007058804485843,0.13624000876626094,-0.2583874839079184,-0.481124865275923,-0.49688856901574446,-0.5008211134156086,-0.5200587524058761,-0.5364614273307049,-0.5444509387797112,-0.5527883212620807,-0.5549472839247401,-0.5453865621825649,-0.5310469978539982,-0.5254894982182409,-0.5048473406380131,-0.4840911061050474,-0.4680625453433915,-0.47053372046512515,-0.46476280480642607,-0.4669052129839707,-0.4348825828121165,-0.40694094056453023,-0.39146597740036704,-0.37828366025245974,-0.3533957777535364,-0.3217658746045164
