jsons/1312927200.json
{"header": {"parameterUnit": "m", "parameterNumber": 2, "dx": 0.1, "dy": 0.5, "parameterNumberName": "Eastward wave", "la1": 40.97354507446295, "la2": 16.46031188964855, "parameterCategory": 2, "lo2": 133.9931640625001, "nx": 191, "ny": 50, "refTime": "2011-08-05 8:00:00", "lo1": 114.97908020019554}, "data":
[rows 0 to 21 of 50, columns 49 to 97 of 191]
0,0,0,0,0,0,0,0,0,0,0,0,0,0,0,0,0,0,0,0,0,0,0,0,0,0,0,0,0,0,0,0,0,0,0,0,0,0,0,0,0,0,0,0,0,0,0,0,0
0,0,0,0,0,0,0,0,0.055857549801430637,0.05771412519465604,0.05809988045597647,0.05517362443906711,0.05101184306429024,0.04923990398007692,0.04423812627314032,0.03856075679390715,0.03665245117557043,0.032748521778135205,0.022041862246330153,0.03764481086421764,0.043938410387019004,0.025168377079179113,0.059206580614891195,0.011081974882706238,0,0,0,0,0,0,0,0,0,0,0,0,0,0,0,0,0,0,0,0,0,0,0,0,0
-0.12483286176658684,0.12024910470305297,0.11924632816312167,0.11694592389435449,0.11189634358520688,0.10907348102263587,0.10736632675297866,0.10082093813826253,0.09807535928585519,0.08394777552481814,0.07629026990659146,0.06938280559686455,0.05701689482442543,0.050820006038150074,0.046537996471295605,0.049704315973715094,0.06359471180400247,0.07014633454699831,-0.0806375465197225,-0.054456589777075556,0,0,0,0,0,0,0,0,0,0,0,0,0,0,0,0,0,0,0,0,0,0,0,0,0,0,0,0,0
0.16223753891581413,0.16779761737570661,0.17382248756284516,0.1737947576620851,0.16725587303719114,0.14719657104800654,0.13702020928467856,0.11962442165385849,0.10672548074897988,0.08565815246229959,0.07384638522432752,0.06118089155093965,0.05491903770922752,0.05473503591798206,0.04848493623248808,0.13726915790326158,0.127822811532769,0.115936261965621,0,0,0,0,0,0,0,0,-2.437192943603958e+38,0.15116811800540694,0.15322838806842434,0.14994802649562033,0.15825070949483433,0.1589773010786089,0.15696595796106505,0.15563852620577087,0.1623341083019886,0.17194799235047498,0.17829989039346333,0.18434054578748213,0.2050005335135439,0.22246372050290322,0.23296457885116229,0.23409048945117406,0.2283640512495331,0.225067103067135,0.22620502151878008,0.21955853225303487,0.217587237696822,0.21321823246659613,0.2033807546106172
0.1490325841652216,0.15271014595496385,0.18063260877320308,0.18349166468611863,0.19110922337552805,0.23377237028995912,0.2387898051889018,0.252408040887913,0.25598012428102596,0.2454879266116303,0.18854586217422495,0.10711274845153501,0.07784686580958058,0.19647552950911457,-0.17576481615214012,-0.16451014540952325,-0.18548507137592674,-0.06380333729892675,0.09105662355101593,0.16023508908831366,-0.26054862780246074,0.08870666300992211,0.07459479800107983,0.056519555201746535,0.03988870327681421,0.013585459577578663,0.0071723942015165035,0.05117816089736866,0.049584566865269915,0.060323688237442184,0.05834717804636538,0.001065576726563408,0.020485308181761044,0.11241758398495708,0.13071693734949688,0.1488426550610992,0.1736733931047031,0.2189162363666376,0.22569237327658026,0.2570325075874487,0.28376610514012335,0.2932813362499701,0.2885123157643215,0.28897168798647976,0.2884984285763564,0.27635949325866493,0.27133464057805934,0.2540593003273646,0.22433636872571164
-0.13700168201861795,-0.1367889106092934,-0.1361972703188969,-0.12100188471437415,-0.13941171961235457,-0.13341716600614215,-0.1395289311188791,-0.14255101554945804,-0.16820307861646785,-0.16249782859602402,-0.1570738726683356,-0.15141882388885503,-0.16154538732908003,-0.1663084521744338,-0.20206394501202174,-0.19772604949563025,-0.21382120859524464,-0.22657347641849462,-0.24766120010112033,-0.2271485456995971,-0.24123595083417781,-0.28492860315456997,-0.2983926218142604,-0.2930427698063063,-0.28505065723539175,-0.2831313947735769,-0.26929219446395225,-0.26421592427747237,-0.26441666588730584,-0.2338247234968433,-0.23107131925382718,-0.22387705200779015,-0.19724032109206036,-0.12208843948418306,0.037098779762770984,0.13273133242337964,0.2158603418053769,0.31344838043591516,0.32500530726171634,0.3336484206184466,0.3396466185067723,0.33877082866731983,0.33817260293768997,0.33762059534264965,0.3335589960127651,0.3262953682327182,0.3181066734945801,0.3062418410241694,0.26147336518598535
-0.30626904560144635,-0.31016680128159757,-0.3191760858711896,-0.32649935011882925,-0.3372722630463497,-0.34503479567870793,-0.35406213060507025,-0.34751744207186114,-0.3515671708229119,-0.3374664314943208,-0.3334630646483934,-0.3322964228500319,-0.3295719235343982,-0.32766074262314043,-0.33191485834028783,-0.3369807143213846,-0.3364786299421508,-0.3367586331892173,-0.34524488285108196,-0.3457937091301159,-0.3445862416802071,-0.3455345475804178,-0.34691451475078516,-0.34842061935622054,-0.3517943171150741,-0.3519195200899423,-0.35881604408579987,-0.3583648816120631,-0.35925783439177894,-0.3611723747923265,-0.3640585222220191,-0.3711764576217926,-0.37100550254149095,-0.3641020132329827,0.1367892810239965,0.3733462809535617,0.35902583328711274,0.35602586207529,0.3593311838675425,0.36307245896674273,0.3617122570576763,0.36079267678782206,0.35914691952043154,0.3577469798722032,0.35538635724568163,0.3592500521265796,0.3556315888185224,0.3521899529590436,0.3372370376353956
-0.3036386940197007,-0.2659122206414037,3.318230746468721e+38,0,0,0,0,0,0,0,0,0,0,0,0,0,0,-0.31469610051894903,-0.3154042366288758,-0.3122364502653456,3.371000728387783e+38,0,0,0,-0.30949419935613376,-0.3267723039837535,-0.31482886726965276,-0.3049864791512054,-0.31832792168360075,-0.3425819402193061,-0.36715906805062404,-0.3686520382143282,-0.37223196265554137,-0.2794951331515034,0.3798664784895134,0.36381749508903793,0.3577982137099884,0.36332948366918527,0.3706980627793945,0.37679005220721584,0.37950795818526056,0.3849782171914818,0.3853685580296436,0.38517494741593,0.38731159156045164,0.38911365752432914,0.38983820272213077,0.37990897127635914,0.3787909325778719
0,0,0,0,0,0,0,0,0,0,0,0,0,0,0,0,0,0,0,0,0,0,-3.3541676730299077e+38,-3.3521439234008014e+38,0,0,0,0.05063262737111867,-0.015242736163740122,-0.07783069673691755,-0.13029853931691918,-0.1177635385904387,0.20597069489595568,0.40959915908292077,0.3905009855288554,0.3843744762802402,0.3863772675036787,0.38465371060334824,0.3935222112831883,0.39935273553875483,0.392895669748725,0.3976020143076908,0.39708586961999476,0.397134580880369,0.3936854269428523,0.39456440269476,0.39078077659237753,0.3928846603804965,0.3910617872161043
0,0,0,0,0,0,0,0,0,-0.1709873292604633,0.15496955598193665,0.1637722169608096,0.17498261527079267,0.19498838139905597,0.21086848039274922,0.22877502931904448,0.2230076489126328,0.2217548864674377,0.2260011452377201,0.23640699420294697,0.23491101775500392,0.23557929534615732,0.2074219676513492,0.17014227413875616,0.14435214027904966,0.0807304779251599,0.04754437529149449,0.02752272786405791,0.07318168203410993,0.19724923769584024,0.2766861456666303,0.40234070515550396,0.42985357865270934,0.42938775476196067,0.42428123192571987,0.4270284205131558,0.43221223398591363,0.43516969077516937,0.43320381044942086,0.43704792736634174,0.4330307368557292,0.4326699731854324,0.4340315845204396,0.4306969459132751,0.42620676536820745,0.42474104737848667,0.4203669353678939,0.41448328962153924,0.4094241192875216
0,0,0,0.11800836221597533,0.130952054195584,0.12968311075172767,0.1225042055570361,0.12957236327970334,0.1241563741259356,0.12404825483157157,0.1133068122477985,0.1065960352485474,0.09124767564696548,0.07959813193504635,0.04513983073082432,0.02960922447033659,0.04279727515543985,0.03959767704114142,0.006709849949812645,-0.002508137743866883,-0.004667319692991545,-0.02439313019181532,-0.019090160466871876,-0.046069814699885046,-0.06062316686212105,0.05787941023109132,0.0615630230093347,0.10706950350206558,0.3533300446892217,0.40827842859801633,0.434266808156908,0.44076847440037126,0.42099165418156387,0.4163933297172233,0.4255517480404941,0.4300301291504331,0.44150433314591075,0.44133716204563744,0.44055276250408926,0.4453067226671814,0.44600371978771375,0.4447759428853466,0.4475466761199812,0.4445094781039593,0.44251137656839384,0.44053893014338114,0.43878696128078276,0.434143166223109,0.42391034286819673
0.025313753626301158,0.023097510431021064,-0.004657786320305342,-0.02184609689018479,-0.024702493720087676,-0.029389969607912854,-0.03588557956504929,-0.041340415526232445,-0.05503753029726358,-0.08515674319769256,-0.10148478885958141,-0.11958963126018121,-0.14319882379793714,-0.12534676239544607,-0.11854163953231632,-0.1392560398369964,-0.15180823837240262,-0.17184219302149223,-0.1912091676432934,-0.21710329986141247,-0.2285940580594574,-0.24330443963203743,-0.25111002575877805,-0.258425165854421,-0.2692718523502224,-0.27733485145615855,-0.20998478773671403,-0.03776824830561548,0.393333187037842,0.44030680036330516,0.4656898193856011,0.4613881820265809,0.4643059443976872,0.4653150209349221,0.47178012127495444,0.47458463038065735,0.47824941297028306,0.4788362064598199,0.4817274592795364,0.48470091764012,0.4844926966712637,0.4894689246154869,0.4907728965385979,0.4906290835954511,0.491509478362627,0.4910517244955387,0.48545286963156736,0.47225144677595904,0.4634359070237559
-0.1451114135473665,-0.14606283236963064,-0.16722478740920946,-0.17274506474940754,-0.17516581863565314,-0.19468460621326295,-0.2024127341685254,-0.22052932271316078,-0.22624452036329196,-0.2276615351454646,-0.23077128022822488,-0.2398223996852839,-0.24856222770152736,-0.2537463649493774,-0.2539624360661189,-0.2633225765471191,-0.26888301057702024,-0.27210527068530366,-0.27841468785914736,-0.2906077119739642,-0.313868209946236,-0.330657510499771,-0.3436925900511887,-0.35539851405426615,-0.38944873745507474,-0.3049007992382289,-0.26201890648145215,-0.21756675204001077,0.2042399592912422,0.39690224488145076,0.4357837921837223,0.4821726784430762,0.4918917824045058,0.49701082150947473,0.4988960527778481,0.5012856805423016,0.5071855674727093,0.5088334707163951,0.5076688632816346,0.5137234856915761,0.5203932367656676,0.5178482898234364,0.5185196127449158,0.5183039209331145,0.5171307971442313,0.5164174422647042,0.5153853574458489,0.5088753807305263,0.509455043266302
-0.2386632272272559,-0.2269661345196931,-0.22063437295884214,-0.2186727026056823,-0.23050250866572952,-0.23910353259042927,-0.24416405960517143,-0.24525152660040858,-0.24616389787831175,-0.25279891904351115,-0.2598917367993755,-0.2607689887305086,-0.26529397500252777,-0.27507123519756094,-0.27876778447796596,-0.2798212195120532,-0.27948302679141235,-0.29940975006863335,-0.3134128096073849,-0.312105745587267,-0.3281197574279003,-0.3500392402276223,-0.3730132655207871,-0.38302640773098023,-0.37387192845927214,-0.3239867164555967,-0.2995592813463137,-0.23664245176991178,-0.1003261341254208,0.021181663836591636,0.12280611323881557,0.24746784401857308,0.38027124494477826,0.42539718763381074,0.4844891700994651,0.4960975469211677,0.5090440372668961,0.5161283896869752,0.5200065457037159,0.5269181533761309,0.530397023912716,0.5324919687357172,0.5374012106157262,0.5429372215157774,0.5362608977935721,0.5432758928719282,0.5446260176493367,0.5412747448794683,0.5439033693694176
0,0,0,0,0,0,-0.20393547418102934,-0.23187857692800484,-0.24173705759795996,-0.25302825068944884,-0.26282190802299443,-0.26672796859427905,-0.27311334115799996,-0.28182195661026394,-0.2755652677190507,-0.28043602022311004,-0.27751890828362435,-0.2827592467217598,-0.2814655079922174,-0.28495723250062055,-0.30143399884803457,-0.3161653756886409,-0.3270420370302575,-0.3391778892328485,-0.3402699027920148,-0.2984030989020258,-0.28214549814434065,-0.23639508099539316,-0.1706644185579015,-0.1380057168510965,-0.07967775236655447,0.07350154131522385,0.1391464395890651,0.18687485663847866,0.3186074712702577,0.3836100446326945,0.43298014492145015,0.48408215219672235,0.48973676762175905,0.4993445634088553,0.5237083080777104,0.5356084368322122,0.5454847642942403,0.553694859982451,0.5580193171061076,0.5637576597803539,0.5667206006163287,0.5698030316206029,0.5706223943977692
0,0,0,0,0,0,0,0,-0.21001707435745867,-0.25091524859618025,-0.2732903584717369,-0.2749106753528929,-0.25315852218113444,-0.26408750197292763,-0.2575890404488208,-0.25255084109981984,-0.2569364866531754,-0.2732178910308593,-0.28299612990154904,-0.3021896464196498,-0.30523139975915986,-0.3101095039439669,-0.3073675868351285,-0.29590611537153977,-0.28916183393732103,-0.2816849577593698,-0.2732939217626351,-0.25959631688512114,-0.23096798358186743,-0.22162101277666693,-0.21143352645154231,-0.13352571318811632,-0.05898944189272563,-0.0205561340042079,0.14655293670158748,0.20549020777645846,0.2405957980646704,0.39989547934672626,0.4308491671279558,0.46369360584265606,0.5099864063618896,0.5289658440892132,0.5481518512514101,0.5615701517122843,0.5739733082678597,0.5816543287846564,0.5910029937059593,0.5914529108610129,0.594635309178906
0,0,0,0,0,0,0,0,0,0,0,0,-0.13248040506496853,-0.09055208713130648,-0.11172561510609395,-0.14919598794966782,-0.18047830230315756,-0.22450178483578018,-0.2505975657675553,-0.26062209803037206,-0.26819465947559334,-0.25384106928963934,-0.2505425161035302,-0.24914938886573695,-0.23796845595575059,-0.204861616790708,-0.19862795556504284,-0.17827700879097402,-0.17168076726751733,-0.14489701674744862,-0.14567999152329128,-0.09807297065654873,-0.05465083539748079,-0.018640131864602748,0.08025011325637221,0.11806403630175995,0.20742559960426615,0.2984104961467354,0.2958412523809505,0.3418853932412423,0.42179644078803613,0.4752391483443805,0.502571771654594,0.5087040851486031,0.5685662274879855,0.583859234999372,0.5900896572525006,0.5989542288978199,0.603681434202008
0,0,0,0,0,0,0,0,0,0,0,0,0,0,-0.1493645912841057,0.015275662409397298,-0.1624527371956642,-0.19664318337433082,-0.20268105132149028,-0.20400582811568418,-0.2049965107021288,-0.19141962904669446,-0.18380242611246128,-0.17561388829546806,-0.16916107275268158,-0.14435208197281713,-0.12944232378264992,-0.10755415394007244,-0.08549297627132942,-0.08359550108835302,-0.06884635401694278,-0.02156826915649158,-0.031553745274862405,-0.04091251490888527,0.06153647354978794,0.09581157180449998,0.13497231099504076,0.21332019910558583,0.24921637029253405,0.24131941562781228,0.3156048856230119,0.34752432729686505,0.35896793248683956,0.41600975124765904,0.5106437547217064,0.5338577093180638,0.5563665455115179,0.5742033636015864,0.5874015469450418
0,0,0,0,0,-9.411327128398573e-05,0,0,0,0.0067315947096866086,0,0,0,0,0,0,0,0,0,0,-0.12514391749205675,-0.16036869190406752,-0.1389571825375531,-0.12779927088692442,-0.10768722781776534,-0.07864792773116377,-0.060337365972487504,-0.0407665403983672,-0.01850625149770632,-0.014053393213296156,-0.0032805679796772185,0.021637452152991125,0.02920878548921307,0.05346943572540559,0.11396254247703119,0.13491157630772865,0.16000139656639015,0.2181785113870325,0.23003457764393806,0.2719176559011888,0.3284385715866592,0.3716604883529635,0.3970265528300574,0.4079072418033408,0.4890171655186359,0.515578365578758,0.5417975232003261,0.5627312657537917,0.5669133721164914
0,0,0,0,0,0,0,0,0,0,0,0,0,0,0,0,-1.7961959131566105e+38,0.00315982282528088,0.02386594645550786,0.035636519773081764,0.04231009261021464,-0.014052163200921331,-0.0553763008852144,-0.10073484330206978,-0.10961702093851451,-0.08816478800543637,-0.06740267924239637,-0.04565763407517972,-0.011587679844307011,0.012975408061106097,0.005805545729458545,0.04545290974162104,0.057456966318554265,0.07718287956313832,0.14678269230095037,0.1838161224093344,0.19838973764537862,0.25867056100468744,0.28774545682119046,0.3130723315086961,0.34231984229947254,0.35023329610850007,0.3871428755484301,0.42518153754737975,0.49815135899465307,0.5195125820892883,0.5340862267771005,0.5649543978905978,0.5719377416915573
0,0,0,0,0,0,0,0,0,0,0,0,0,0,0,0,0,0,0,0,0,0.029546558683944617,0.01435769784908222,-0.010249038610785409,-0.04600661003482906,-0.08654433686852364,-0.09302594666153556,-0.04358811678631675,0.004326584879259639,0.004960044875518816,0.014170797465182926,0.09426421737073529,0.1120160643352785,0.13589010836879334,0.17470130456606492,0.22209450424209085,0.23959769289557087,0.28852472704873344,0.2950289347233354,0.30719209813132703,0.3029424073110364,0.3422295830341179,0.3540251062215372,0.38589249277602183,0.4366107273826293,0.45501874939250236,0.4612906630191661,0.5464172928332262,0.5395836806812069
0,0,0,0,0,0,0,0,0,0,0,-0.0205158440848162,-0.023313374726080607,-0.024681706714446035,-0.022642002573902895,-0.018616289922034828,-0.018146137613616747,-0.023885433986998196,-0.033690682778411335,-0.040796095783324576,-0.03649661578391938,-0.07124443581237654,-0.09476459737340207,-0.11761968649175993,-0.11414642291308565,-0.010634553783538577,0.06780986662622546,0.08732751345043664,0.13297771466396968,0.14246454549587806,0.12441683017328907,0.15684997054898583,0.15960373337293152,0.16158880759244115,0.21002462826329932,0.2581908290961327,0.27898144675983133,0.3104468450071118,0.3445884966305438,0.36691188503335515,0.36827385369336785,0.3783648372198465,0.3828259471888242,0.4176280031590904,0.4496440490856313,0.46869119668125564,0.4825907594021867,0.49964675498562433,0.5288616159947627
