jsons/1312686000.json
{"header": {"parameterUnit": "m", "parameterNumber": 2, "dx": 0.1, "dy": 0.5, "parameterNumberName": "Eastward wave", "la1": 40.97354507446295, "la2": 16.46031188964855, "parameterCategory": 2, "lo2": 133.9931640625001, "nx": 191, "ny": 50, "refTime": "2011-08-05 8:00:00", "lo1": 114.97908020019554}, "data":
[rows 0 to 21 of 50, columns 50 to 99 of 191]
0,0,0,0,0,0,0,0,0,0,0,0,0,0,0,0,0,0,0,0,0,0,0,0,0,0,0,0,0,0,0,0,0,0,0,0,0,0,0,0,0,0,0,0,0,0,0,0,0,0
0,0,0,0,0,0,0,-0.016267692824147598,-0.020583128336428613,-0.022697830358574013,-0.022634074539454884,-0.02321631685174546,-0.023788605245736207,-0.023678720116462267,-0.023915398289457313,-0.02351260687032983,-0.023728452916221936,-0.02481738036792688,-0.025083053407865406,-0.024276657178841896,-0.0211184539952557,-0.03260135631348026,-0.009869615138328288,0,0,0,0,0,0,0,0,0,0,0,0,0,0,0,0,0,0,0,0,0,0,0,0,0,0,0
0.0022836244856677943,-0.022396119852220103,-0.02149481943357256,-0.027794185763729714,-0.03234956749203166,-0.03447795286585247,-0.035765056845000975,-0.03690204163352872,-0.03855630294329149,-0.0380366115787232,-0.03909065877316094,-0.040264625646604185,-0.04042107248295145,-0.03988718008837019,-0.03993996819029821,-0.04067467313815056,-0.04226788910258251,-0.04561076975278426,-0.03862354902420835,0,0,0,0,0,0,0,0,0,0,0,0,0,0,0,0,0,0,0,0,0,0,0,0,0,0,0,0,0,0,0
0.005637191040079261,0.009281624477738792,0.015168499763517092,0.006296285316396348,-0.00635547393904471,-0.007794218492266405,-0.019471788418804845,-0.031517318136203065,-0.045473941632631944,-0.05167806566244417,-0.053474097412544844,-0.05855600238179235,-0.05544139707360124,-0.06995196844764157,-0.005331086246787611,-0.019658850223665182,-0.005336003245866607,0,0,0,0,0,0,0,0,-2.9597942719906938e+38,0.35554910629949554,0.3586422790055077,0.3503148528701824,0.3431301715873218,0.3386330751757657,0.31279343074632865,0.31105110139261094,0.31066753661933866,0.3022255184484425,0.3008222100091777,0.3002274425788763,0.30706857253458775,0.29442414419200846,0.28222196673151795,0.2677132965136228,0.24872551755807137,0.22962438963293574,0.2175992542613623,0.19402845698903462,0.1807688716717054,0.1596954742859472,0.13204396517526507,0.11864589678877238,0.08420843981662139
-0.010478629250115827,-0.0021940562644659337,0.0019766797647256177,0.0086117107089282,0.02427984832525775,0.02515063149733761,0.028755422510012854,0.040593530359700675,0.016822450597817527,-0.014362240040751338,-0.03111530082489306,-0.13539017934323133,-0.0875286779726255,-0.09609103538757198,-0.0729444515298515,-0.08867420889688155,-0.0040427794655777775,0.1577354014944487,0.23527028163435879,-0.4111108640881651,0.35259345389985824,0.3792251931600489,0.41885048719320256,0.4662731441685224,0.4842084975784826,0.5169528847549492,0.5339027166489418,0.5424444929934672,0.542238340736902,0.5473390609933082,0.5328239061728482,0.515033255072318,0.49418192023886937,0.47871524062387,0.47490501609541297,0.4488223125139305,0.4455929922116249,0.42604829449136455,0.41447261033099636,0.39872653963360166,0.3923682990593382,0.36537156416129213,0.3429761177095637,0.3155935933115038,0.2705061252354035,0.2532043168390164,0.1803489995408534,0.11437109139037087,0.07502183761652356,0.04593099034324315
-0.09693416409309975,-0.09470017284049721,-0.09426476038328874,-0.09800863709549561,-0.09250670518070067,-0.09518708406584211,-0.08697478412843,-0.08073055086887727,-0.0658274517444199,-0.061171565954796545,-0.04300446895043657,-0.013652918433867078,0.0010448628839084496,0.019053117673670808,0.05167787977168385,0.06470405287977242,0.08002472844644963,0.13550381642098835,0.18295703741920707,0.21923257552889158,0.2931289380312959,0.3245747435355993,0.3778235524040516,0.41973404682106485,0.48706790769765224,0.559445834591142,0.5964598299199211,0.6443784864522818,0.6830853127378675,0.7003106931052613,0.7240801719912293,0.7156558318054005,0.6972618198015782,0.6863655554577006,0.6757666275275439,0.6335680753702957,0.607449323846826,0.5823811840772072,0.5629201549681851,0.55047724895218,0.5361522586267831,0.5157158453281903,0.49884643118293237,0.48804694405500365,0.4466363379354383,0.4153219276754873,0.33678945759116435,0.2314208743994873,0.20128230802522043,0.1392314873895733
-0.1508743669770671,-0.14987546830606177,-0.15706929476449932,-0.16421074478724781,-0.1662894452219954,-0.163244355678529,-0.17897664914066444,-0.17758021578093727,-0.16804511326569663,-0.1680902857211901,-0.1636154497451719,-0.15810683391398478,-0.15674376847776203,-0.1482901318546424,-0.1356455844861975,-0.12398806672595533,-0.11207648974504071,-0.05416405428029637,-0.03798805329195865,-0.011307298858025273,0.0746204577113653,0.11876499956432388,0.16086822108701287,0.25699445506776863,0.36734285144807277,0.44415393727458913,0.5171700723026904,0.6075526522397988,0.7100739261704934,0.7375151782559136,0.8013892070859433,0.8589741492064907,0.8559224637407162,0.8663294905220503,0.8462616635225554,0.8172795734780928,0.7899009102299258,0.7778528542849669,0.719563796014413,0.7103532991332456,0.7035599031683544,0.6926286982401385,0.6787091576283301,0.6723229654867487,0.646270880074197,0.6382400070878514,0.6220145808120164,0.5567457354330877,0.5339137211023396,0.5128696737946501
-0.21524831078457826,3.331728399756692e+38,0,0,0,0,0,0,0,0,0,0,0,0,0,0,-0.2529435811828754,-0.28934960815246075,-0.27230590358222295,3.1721848876992332e+38,0,0,0,-0.2627320040880568,-0.2535476136865059,0.011914755064090832,0.3959199639109332,0.5691743176865058,0.6813764242004448,0.7264067691927227,0.8405007833025424,0.9414885628338782,0.9796217592027762,1.029964792640549,1.0493993997166315,1.0542420625441942,1.0413528156278244,1.0284873528791654,0.9949825867819048,0.9431491388004682,0.9370112123442516,0.908836076156648,0.9020078489564518,0.8950043366586957,0.8874762326924729,0.8770432379912437,0.8598648712553427,0.82038849804538,0.795978420959971,0.7461138625382389
0,0,0,0,0,0,0,0,0,0,0,0,0,0,0,0,0,0,0,0,0,-2.2521260558951307e+38,-2.5299782131588004e+38,0,0,0,0.6715910666545353,0.7222202512752761,0.7583964572296161,0.80616943080281,0.9077140659741697,1.0361162926894771,1.1404059856408886,1.1899025265682466,1.2247142470429435,1.2361313998609271,1.257092966085213,1.2600781172592281,1.2243521433468612,1.2141799555710633,1.1820249353487278,1.1393630310700718,1.1266105569290719,1.134480834297077,1.1033611584943064,1.0903002897685405,1.0936140588818712,1.04999765998503,1.02451717255686,0.9794811633147773
0,0,0,0,0,0,0,0,-0.5686079627680215,0.2590932302663467,0.2399414510715833,0.3084301815301033,0.3681539511788363,0.40907287795609926,0.4738982965851467,0.49700431205755247,0.5421427140379486,0.5659749941405317,0.6134735066691395,0.6686253538221879,0.7052194595792124,0.7165479588117065,0.752237945995127,0.7778903196573297,0.8274024741449792,0.9020580306386132,0.9315395272556148,0.9618177695385234,1.0555658170602498,1.1276126054102054,1.1903640717509065,1.2735724343447683,1.3092142770316604,1.3762850563780447,1.4154419040076682,1.460047557989542,1.5050730999343425,1.511600077476052,1.518804344798881,1.5232383991821419,1.5173519440709637,1.4901949303622082,1.457492245764913,1.463334216169857,1.4390699351970306,1.4159851491748296,1.4101538024579683,1.390732731245891,1.3640138229526109,1.334164931430294
0,0,0.02577512122730218,-0.02210147139873404,0.020920048532636563,0.03242609282799537,0.039522461402525494,0.048774983652601814,0.09621300021075464,0.12339663869569488,0.17386606285249298,0.2519940757031895,0.29018907602281174,0.325370600698543,0.4187173472460946,0.4762625427645477,0.5316556039779459,0.6096439292762491,0.6417404165409094,0.6937724438775404,0.7545746195999912,0.785001977127681,0.8479827827269855,0.9007041945533814,0.9726904952251608,1.0299845454670717,1.076429743144133,1.1221214068329612,1.2009807313395127,1.2448997559526964,1.301782635703806,1.375401846065749,1.4001241165728553,1.46065423036341,1.507482510901468,1.563739394038792,1.6282498095977842,1.6546628285816662,1.7160222013183877,1.7361677029912383,1.7441080712108559,1.7516164076409766,1.7561750131036482,1.7767388496198069,1.7496822234908578,1.74834431084787,1.7503097506083556,1.71208117571083,1.6947566221109522,1.6827109209148055
-0.3658601439019641,-0.3657040918022595,-0.36499056326442264,-0.3712631731185542,-0.330437169425916,-0.3109754285835263,-0.3035939010384839,-0.28493664107831357,-0.2410742485456017,-0.2224056216333173,-0.19184669781483624,-0.08294391665445632,-0.028334645774641284,0.03318091598348087,0.1622577810794202,0.20911892216880554,0.29257291993914986,0.4178991500916231,0.4767410683522001,0.5651591369309388,0.6834460702050625,0.7583355983319298,0.818728360876745,0.8715410404372421,0.9479458686876855,1.0143994115634707,1.0624301767262694,1.149869314477307,1.2058794617945443,1.2654250518146093,1.3495810235532837,1.4009367361070368,1.4429962938576655,1.5459053584746645,1.5999220508718004,1.6670388853505815,1.7819763563638171,1.8428498651404999,1.8926762836613575,1.9435722135997102,1.9935547431121257,2.062215197927766,2.0914012770043957,2.1420245606139083,2.170704326211637,2.1635383283206644,2.200147634599202,2.205334040198526,2.1875463661748737,2.2238527534854295
-0.5882123290320442,-0.577481155101831,-0.573582927993295,-0.5903890513608195,-0.5529373020872269,-0.5471556178309623,-0.5661082361074304,-0.5671963585761647,-0.5104037748649832,-0.5062031706769213,-0.4980441266079482,-0.48389131909638927,-0.4883208563227085,-0.45681166144579016,-0.33837906161677783,-0.27764992577154923,-0.19521931782968974,0.03255706601025927,0.15746633816175662,0.241454733478497,0.39184408753228483,0.4747484522900607,0.5723747097978803,0.6524614402165061,0.7890294498168706,0.9081429471945189,0.9635977159287283,1.068773190665809,1.1384118020270706,1.1893833331131818,1.2886429335747425,1.3399074188754758,1.4184144368983418,1.5068330384305246,1.6091268017526332,1.688868892800695,1.8672644380327301,2.0075214411739997,2.114787789322938,2.1953796307657285,2.2714276971367804,2.412890792011456,2.483234984128419,2.7255262868153327,2.8370889586579504,2.8838045774541956,3.0073797498395387,3.0155964773597757,3.03459259733869,3.1117834020496615
-0.6672548439595428,-0.6801845261098394,-0.7058955571508821,-0.7606724186569717,-0.76685128431555,-0.7904428934693957,-0.839915190093608,-0.8556820613689263,-0.8506661085010684,-0.8998976995141954,-0.9033928040934346,-0.8527581817571189,-0.8920206765452634,-0.8740367899769375,-0.7769924765867231,-0.7482475383715433,-0.7683710874946686,-0.5991654183582825,-0.4952280934158916,-0.45184097854840577,-0.29279662647452687,-0.14029614802707863,-0.06122397795114548,0.06543700614825307,0.30274898414021956,0.41740040752412444,0.5820720724510596,0.7948679269488484,0.8830759373380576,0.9865168952863781,1.1762717865015044,1.330666690044625,1.3980046523457832,1.5900129363046054,1.6699098791194784,1.83294784017848,2.0209050216804,2.1241464375309596,2.299639999615037,2.4273536315291953,2.559182999680454,2.733947000666476,2.8709122328456136,3.059780243285363,3.1923212015465463,3.2833739624450202,3.4370974569530928,3.5686986906007716,3.611253345012781,3.753281836119162
0,0,0,0,0,-0.8502365390422154,-0.9938833605134395,-1.0352405082034295,-1.0628457102472144,-1.1241967644235134,-1.143811005985316,-1.1266793548330787,-1.2012419029257637,-1.245049569996941,-1.2060962791121899,-1.1893406471355215,-1.214353823149384,-1.0461946447862693,-0.9813766251729383,-0.9409686230890394,-0.7507050815586708,-0.7323806190063679,-0.6882323407709356,-0.6004894607343935,-0.370403969671651,-0.3151697855121722,-0.11644022653060514,0.15951841798111013,0.3317582733868773,0.45425552920342066,0.7252413253018847,0.8769954251456534,1.018854441246765,1.2405652346893496,1.3843065673359314,1.5223867197059047,1.8361691001444036,1.9785961752142485,2.1999629930538123,2.4547348807303004,2.6584296468479023,2.872606517142462,3.089778679019796,3.371486252247015,3.6077921770567474,3.760409538120418,3.983539264129508,4.114576691895805,4.2167603550902895,4.405209149585309
0,0,0,0,0,0,0,-1.0167826709952634,-1.1631750004677162,-1.2895429001922252,-1.301005663050427,-1.2968547530688797,-1.4322593193870565,-1.4806433504414749,-1.5107373633737604,-1.5657947152176441,-1.6576355166372503,-1.6364592432247784,-1.7251134943827031,-1.8134859534724577,-1.6996743761343471,-1.600761077699058,-1.5883312058911714,-1.5133394405879672,-1.2905629532164462,-1.338985707043008,-1.2656494442415247,-1.060738018082272,-1.0236850172075582,-0.8279991421921749,-0.5314635788380552,-0.3142868142634103,-0.1515983080989341,0.2666654419379656,0.5112256136996387,0.669731933108946,1.1243015346263219,1.3220687207083683,1.5830766332336894,2.0361205012793704,2.305574264355401,2.656286053545999,2.926079608392065,3.451906007012466,3.7605478920510493,4.0171302674283735,4.366016217102139,4.666776821895952,4.765614099535692,4.907120209407833
0,0,0,0,0,0,0,0,0,0,0,-0.9251857998808565,-0.7394078084256209,-1.0021341032967883,-1.2620733774821087,-1.4414353763041257,-1.6783680895153748,-1.6941651528898478,-1.7909944103070985,-2.0374279423475823,-2.073394091516174,-2.0653202486239226,-2.123249141847748,-2.1349431974853084,-2.00878973595845,-2.0539452141885586,-1.980812470078849,-1.7550356735840729,-1.778391066346812,-1.724510226178614,-1.5750673629381375,-1.3555694947543995,-1.1895003615029738,-0.6654944366718514,-0.4227071259747634,-0.16557867817534522,0.3896687087095896,0.773165421658468,1.079294118682252,1.801167396489452,2.2504590531503452,2.616857844085378,2.9684624546643175,3.7008522935760233,4.313072850347572,4.706984260760423,5.37070761803974,5.804740639428098,6.081895411826291,6.421605031587232
0,0,0,0,0,0,0,0,0,0,0,0,0,-0.7004567702211173,-0.8370368394909697,-1.4100992636519178,-1.7854881807548528,-1.9399436725678,-2.0751027052001163,-2.254833889853358,-2.29486563327825,-2.3143852387359174,-2.4374434044474054,-2.4799906345195337,-2.4701371847616596,-2.655784450210187,-2.6655029680157005,-2.567401110973383,-2.6946622926324317,-2.657228559380368,-2.4056746038920243,-2.1744893391095395,-1.9062731429199138,-1.2575060218794,-0.9954630880932559,-0.7412777058383307,0.026999092578715016,0.4317619853847041,0.9555964606796241,1.6910259476157878,2.087456092173585,2.6173428060363166,3.0071333050795874,3.8286085680025304,4.402735458890332,4.827993118134334,5.483402444197974,5.996562082589382,6.168023277048664,6.558683168687043
0,0,0,0,-0.534647180928226,0,0,0,-0.673415205708937,0,0,0,0,0,0,0,0,0,0,-1.329634671336346,-2.0589073789673553,-2.2476489192234252,-2.584734327807076,-2.6639114840449842,-2.5893810354209212,-2.8208218522756114,-2.879899754071466,-2.9031223610275494,-3.0789669690045374,-3.0266906620382996,-2.8590783146698584,-2.7936738989523215,-2.670716468407966,-2.2572700897307234,-2.0469259504633297,-1.7750222462218808,-0.9829016680491888,-0.4676800873224068,-0.09227429539875907,0.9141427217862574,1.5910651143009744,2.1331594387001247,2.5863708446605678,3.531820242953624,4.03904282414683,4.523349087903466,5.291205836372634,5.977756261132777,6.318115609343911,6.9240326235299605
0,0,0,0,0,0,0,0,0,0,0,0,0,0,0,3.16663027701676e+38,-0.46420229393956036,-0.7216463564119484,-0.41577619958434453,-0.29590793092984335,-0.632451679835549,-0.8326902336476727,-1.4917738737367243,-2.1325721085334255,-2.7229892051306037,-3.300430178200087,-3.508775880741255,-3.5830545603508783,-3.7584391893742826,-3.7598552765446738,-3.649899518726415,-3.679584432463814,-3.541647609345284,-2.9920854500225857,-2.652206328535083,-2.4179426744865005,-1.5742548305304749,-1.1060497783055818,-0.7095409341259451,0.3756439974786618,0.8119904476982693,1.2517782472644514,1.7961683480588366,2.7945518021380806,3.3444426042105353,3.917657628654822,4.724419640910029,5.368384352555423,5.797010719969246,6.279123515662392
0,0,0,0,0,0,0,0,0,0,0,0,0,0,0,0,0,0,0,0,-0.7806802859738919,-1.2445905701413744,-2.0349165648359846,-2.3830516818441803,-2.5349537098596584,-3.120837956816154,-3.29691750418147,-3.492844478388602,-3.8054037921226422,-4.109962256542407,-4.365458786381044,-4.5494529819974305,-4.552759153476771,-4.523194868481218,-4.535823661519137,-4.450565286745124,-3.9091873918650104,-3.5398012016394897,-2.9721850763342945,-1.2213491229674143,-0.3873655013000211,0.3571034207536662,0.9942544055674578,2.3768619033242517,2.9936986620539696,3.5669631834794138,4.503967256136115,4.834000248743891,5.482047411833164,5.883639625287767
0,0,0,0,0,0,0,0,0,0,-0.6810005697449792,-0.8424524789482837,-1.001029244780828,-1.0640327836614742,-1.1195348848963393,-1.2084923829132952,-1.3652152680132246,-1.4553942737542949,-1.5327871800631763,-1.7158025006700355,-1.9099499022889856,-2.056419145638135,-2.371045087932849,-1.4327304970797399,-2.0053440248998284,-3.460197010666512,-3.693091875883654,-3.796111948550195,-4.2746742471956845,-4.425360303098679,-4.5900257552632855,-4.794973777388471,-4.8893728843024435,-4.93484867433618,-4.962710715944072,-5.080925148736688,-5.1047756337533645,-5.006815604582328,-4.734712612165794,-4.515419821706215,-4.3225384229179635,-3.7239786580307723,-3.2038606324085905,-0.17127894259287543,1.1881165963622706,2.703629070603759,4.153658960166659,4.623451363665498,4.847060831675405,5.410006506491113
