jsons/1312610400.json
{"header": {"parameterUnit": "m", "parameterNumber": 2, "dx": 0.1, "dy": 0.5, "parameterNumberName": "Eastward wave", "la1": 40.97354507446295, "la2": 16.46031188964855, "parameterCategory": 2, "lo2": 133.9931640625001, "nx": 191, "ny": 50, "refTime": "2011-08-05 8:00:00", "lo1": 114.97908020019554}, "data":
[rows 22 to 43 of 50, columns 50 to 99 of 191]
0,0,0,0,0,0,0,0,0,0,0,0,0,0,0,0,0,0,-1.0360515373389123,-0.5851052542870043,-0.9052093063846479,-0.35185353815616854,-0.3280360485865663,-1.0763171084197853,-0.44096188291430677,-0.5388007883106141,-0.5218235377562278,-0.3200327342812103,-0.44081055121633433,-0.4834158463016299,-0.22688005891770296,-0.08545373179525263,0.011743709563684727,0.05235565287736718,0.04167388005765329,0.10953541493040297,0.1904074736002044,0.3900552066040954,0.5250733448721856,0.8023080035256575,0.8084345606030574,0.9972057321238579,1.100100404025311,1.353990108320004,1.5577322038614008,1.7040169004636905,2.061538249886368,2.295190011989197,2.417161132179423,2.7477730256484443
0,0,0,0,0,0,0,0,0,0,0,0,0,0,0,-0.5293719247569871,0,0,0,0,-0.5095181986239745,-0.7529470168723051,-0.7737156833514728,-0.7826691109503705,-0.8745290855941223,-0.9851336817438592,-1.026385368942272,-1.007565173318541,-1.0460080967186653,-1.0534370890386329,-1.0077024937577002,-1.0182029008809268,-1.0140027199614001,-1.0107608121180496,-0.8903610872865398,-0.7713750641980944,-0.599602072304899,-0.5556827622898524,-0.436755498768031,-0.28450130002679525,-0.21031876208847064,0.01209032934661786,0.043538600848073275,0.4912975051951239,0.6795280666500254,0.8993052128960464,1.3322260622371833,1.64006059825049,1.834416460554372,2.3172797849011513
0,0,0,0,0,0,0,0,0,0,0,0,0,0,0,0,0,0,-0.747280507531596,-0.9027731087748588,-0.7138942383673299,-0.8664400235158743,-1.1598979879637235,-1.2644670548525678,-1.5175663697948816,-1.655416544235085,-1.7092127515556952,-1.783437755222741,-1.8522508002056433,-1.8574529839299396,-2.1197410428857646,-2.3066179448274684,-2.3632313901110154,-2.3396016185373707,-2.3038288660935806,-2.289684595828406,-2.2724085541849868,-2.3265717943085815,-2.443287859809184,-2.438954521963769,-2.412566239104574,-2.4460225048870368,-2.156300511711497,-1.7980947945356682,-1.6263473894746037,-1.3158232730647579,-0.7074281486702182,-0.33178769222246535,-0.016482875963987103,0.9252921316186733
0,0,0,0,0,0,0,0,0,0,0,0,0,0,0,3.3038944722661223e+38,-0.9725152657801683,-0.4439498919596542,-0.7856692807434073,-1.2899717409648606,-1.7139903532789291,-1.9273135561317094,-2.2101852241010786,-2.3530269353317332,-2.51615757188585,-2.698539513755412,-2.890009149133616,-3.083134857958245,-3.2407081610146573,-3.3603850567992364,-3.544156439272294,-3.7581596635325862,-3.891474493719455,-3.8249160676611997,-3.988462948989832,-4.08600397631763,-4.108815746835864,-4.1085689691426985,-4.2584653230888705,-4.21813715923694,-4.0995963628116865,-4.221187887809558,-4.067126660677097,-3.840848929419366,-3.8069915315484026,-3.642994077374142,-3.0657610242572852,-2.8171119446200086,-2.1677916022527053,-1.4172854740599314
0,0,0,0,0,0,0,0,-0.4410322977474224,-0.4564441584443777,-0.5977474398286133,-1.096330898448579,-1.4045888908828352,-1.3279547069417519,-1.1493505945556584,-1.2820946550990968,-1.5511148047726253,-1.8625724622268032,-2.0544458114327124,-2.35256546857853,-2.5239748948398097,-2.745231441053475,-3.0264178149609133,-3.1940796310089588,-3.3975365732135323,-3.634224077497499,-3.767892770447895,-4.0208139842240165,-4.241810936007461,-4.3871341221052695,-4.571394111978862,-4.850091581119296,-4.950112893015669,-5.059356544160888,-5.13436479532608,-5.436939360634517,-5.53697053458426,-5.622800465088984,-5.882199496032712,-5.740210828943208,-5.722235983956565,-5.877928437245633,-5.826216200773356,-5.625575009996307,-5.725760522692638,-5.514539155220672,-5.161857684571563,-4.89151029402058,-4.65185138926475,-4.001388662528653
0,0,0,0,0,0,0,-0.4860932662475361,-1.0257428832370585,-1.4523197231604466,-1.622817218594885,-1.819638829243365,-2.0816786661255473,-2.2354223069081387,-2.426235455182088,-2.5081293762033248,-2.7646183486707594,-2.8707299823244394,-3.0237307135402722,-3.2560709949781286,-3.4724257533818825,-3.621315428552717,-3.8539398777064906,-4.010169770651755,-4.238229080962982,-4.536401070956876,-4.698667533087392,-4.901445096913188,-5.160622055213577,-5.274624639199634,-5.497493528988411,-5.737266211935408,-5.901946565940371,-6.049626574396775,-6.201009722074788,-6.4069218828110035,-6.533670156674454,-6.695289035452086,-6.880742956446354,-7.00931544340879,-7.061331220622219,-7.296767856870366,-7.350894183429029,-7.360580200022708,-7.605663966226141,-7.59864331743021,-7.453325581176784,-7.47293209443278,-7.433070525628397,-7.044874539504664
0,0,-0.8663259286604102,-0.7042915589032399,-0.9626060308305484,-1.1233967105693834,-1.4692643196158133,-1.6449040585479349,-1.8553943939556123,-2.0482892542239557,-2.2041582258488797,-2.35750654450107,-2.5713138131424436,-2.71219614496641,-2.85785629744706,-2.991619372325019,-3.2131973551175284,-3.391114076327557,-3.5505968315279346,-3.779643597052368,-3.9580697687594157,-4.102637484320402,-4.305565400526816,-4.430536687844598,-4.618558392778789,-4.881388587591715,-4.956131091422179,-5.1728092172919045,-5.428123139384417,-5.576339138453792,-5.761499268533304,-6.05091495615874,-6.16417708578571,-6.31883289715317,-6.505581832871256,-6.774298260391788,-6.895355251277794,-7.015203824385326,-7.199990422322875,-7.377370223556453,-7.446290931616397,-7.722443293323095,-7.831249007212178,-7.952376896014901,-8.058342179738732,-8.11431682043667,-8.155645232339232,-8.183152819294953,-8.204172989883162,-8.148926879763469
-0.8773452079513893,-0.957600193064184,-1.1500246229385855,-1.4044008517830517,-1.6291147959802001,-1.7655922940364364,-1.9463915030980352,-2.05659107277264,-2.176381313711052,-2.34900471151808,-2.4526256631124466,-2.64324797772953,-2.793135451163779,-2.94145309720302,-3.1406005209711276,-3.2732359152146713,-3.446944581320578,-3.637767609595006,-3.7468976059196586,-3.9709507872852536,-4.145743394855637,-4.272567635491418,-4.500893050676222,-4.6187930966962725,-4.780822332759462,-4.979715973891631,-5.125667439549997,-5.268748431884306,-5.511083222666427,-5.631541599895864,-5.783349141519467,-6.0307994943862475,-6.153978571057508,-6.297771606378834,-6.418596368260365,-6.622159957852874,-6.774930520104346,-6.869747634746954,-7.114100265422823,-7.24810509893962,-7.348399356304985,-7.5745117411869725,-7.618033889357228,-7.677820428648697,-7.773019335731968,-7.7839030328235195,-7.699728467956683,-7.512013583661188,-7.41305522411785,-6.878233545210781
-1.3454629700473513,-1.481204575671443,-1.5860718989230043,-1.76065912332061,-1.8862868765208447,-1.9890843370255058,-2.137403226850954,-2.2148815702637674,-2.3588932180712505,-2.482493308482975,-2.5990714748792096,-2.7585282466157097,-2.9418401492693422,-3.0594977918873387,-3.2485374412317713,-3.3618141094002993,-3.5508505283808134,-3.6597611608822063,-3.774287433010801,-3.965993599262315,-4.121521867975,-4.223854262125631,-4.422155221697665,-4.530075761716252,-4.658270922712726,-4.858704401554255,-4.963031917747221,-5.100443710972187,-5.31037414074678,-5.401648731691515,-5.5296602481163255,-5.713072044269907,-5.80196783333636,-5.921273580171338,-6.011476466512826,-6.2338973704151455,-6.330318483308005,-6.364725340133611,-6.571948324637224,-6.683415561736534,-6.713783995459453,-6.9001769342226345,-6.965687182210116,-6.957829122611166,-6.993893639234174,-6.902258463863595,-6.659009704170128,-6.271704273226438,-6.075137580406591,-5.416458502448831
-1.510696502990848,-1.6537775187773294,-1.7518085929340879,-1.8936835619686352,-2.0131290801386594,-2.086191211501227,-2.2122899126167477,-2.3117349809656202,-2.419756881140398,-2.596758318854624,-2.6889501660248447,-2.8160502071168825,-2.9774939410464905,-3.082253654489966,-3.1761239021852643,-3.2932940796345087,-3.434832404083404,-3.5581223842596374,-3.638610176891994,-3.8425215416864664,-3.9565333809183714,-4.0555152089394335,-4.218579304045448,-4.355794304326822,-4.4722173316627805,-4.651349615296367,-4.762056978208295,-4.874305210786818,-5.028287314981942,-5.096483543407867,-5.179659148338664,-5.332806236370439,-5.451971479746521,-5.520594999328712,-5.630129840342234,-5.809596409674389,-5.922469603269134,-6.001513601768433,-6.235554968720692,-6.246591952400773,-6.31196000714112,-6.419089654494586,-6.423306562521756,-6.336757253629951,-6.388690089476327,-6.224949069967318,-5.923433269710171,-5.6887908995400895,-5.500656255969768,-4.966792175774526
-1.7456626944083387,-1.8479025829679232,-1.8998318403047005,-1.996027192262679,-2.090182950460926,-2.172354455032169,-2.2301799394703314,-2.318737095683611,-2.3092565420450377,-2.1709252998286726,-2.0406777836620296,0,0,0,0,0,0,0,0,0,-2.955496936608982,-3.412502795348603,-3.79248697679085,-3.949671829983676,-4.091902459232711,-4.274298385940147,-4.408391608340247,-4.492399155368507,-4.659119780905908,-4.710507793120573,-4.774020676469476,-4.937319587446041,-5.01443193753654,-5.051455508919809,-5.17074724052265,-5.348335061354862,-5.428494120639139,-5.488541660379982,-5.682110239722663,-5.742249011940888,-5.766252300568991,-5.846896064378789,-5.849384962247565,-5.847912212158067,-5.875860093698772,-5.777738943162577,-5.616162208295887,-5.54948874448024,-5.396877106978006,-5.079041735575588
-1.5406207899303108,-1.5475892083065228,-1.5344939481244069,-1.4957964373184705,-1.419694211395682,-1.3392957928960505,-1.1536684487685742,0,0,0,0,0,0,0,0,0,0,0,0,-2.3286211063274327,-2.8167606784541737,-3.119316145325921,-3.445996611799552,-3.556593420540876,-3.745646183789502,-3.9016404966485907,-3.9821037218006334,-4.078497853174703,-4.203356288904615,-4.277271483613992,-4.348745196248079,-4.525507949776183,-4.600135378001897,-4.6526089243335695,-4.752673961100452,-4.9025013102994475,-4.975655406481663,-4.900161417487542,-4.759955832781291,-5.042579191907659,-5.095825852694148,-4.867450623098637,-3.9775106956115707,-2.6137184657441312,-4.985917729890137,-5.232011422003236,-5.098861929224839,-5.1459594763747605,-5.053370675873275,-4.818113004245485
-1.0439711831699863,-0.9394837126390434,-0.8880939530650978,-0.8034153602247113,0,0,0,0,0,0,0,0,0,0,0,0,0,-1.995381963778476,-2.334604998277344,-2.6879415580549506,-2.9057928403589437,-3.0671517814597573,-3.28377644847298,-3.4047913031334525,-3.507578201638054,-3.645288533088441,-3.6941933366116775,-3.7505606334880666,-3.816518666587954,-3.858385026393505,-3.8473665831500528,-3.817067822968262,-3.750131570044226,-3.6274009762715913,-3.4624226911459517,-3.3115263387316096,-3.1056265975241786,-3.0255971426295174,-3.031363708897709,-3.395156267031076,-3.5928123502912395,-4.013801282469914,-4.107718497563782,-4.19989471064993,-4.359539686575165,-4.443886984269933,-4.434308216868461,-4.547402677219658,-4.478288821092229,-4.276901894660647
-0.6213785876578516,-0.4912205617220651,0,0,0,0,0,0,0,0,0,0,0,0,0,0,-1.9795949022040222,-2.253232992659361,-2.4653866008834155,-2.645610605919593,-2.789549035854844,-2.86581594977904,-2.960467677312414,-3.010434847496885,-3.0580755573742926,-3.1082277364025273,-3.125811250475712,-3.105284785471065,-3.125722283296123,-3.0993054042749293,-3.040417837005016,-3.0542571745993907,-3.0710918996154555,-3.0909327367260033,-3.103936827894962,-3.245745272349569,-3.2944486411994305,-3.4151887273005546,-3.6033476145450924,-3.660348557948014,-3.7786460252374536,-3.9440557713590465,-3.9835823543364213,-4.017005975341695,-4.074465869929682,-4.0676920423019896,-3.981540210594441,-3.9988346654571405,-3.940828082940884,-3.806693978679583
-0.4427212669295736,-0.19243015205734357,0,0,0,0,0,0,0,0,0,0,0,0,-1.6966111896870362,-1.9044608145443247,-2.128285525716964,-2.282319049902009,-2.3818687874042617,-2.4731561703398817,-2.542869006216224,-2.585301716639707,-2.6581058763120806,-2.695958239255615,-2.718424205761552,-2.782363484075032,-2.802907819538676,-2.8278489057571234,-2.8700684315416405,-2.895417310949574,-2.915892183477745,-3.0321866659152414,-3.0749096759816785,-3.1452252186387777,-3.1925647959461707,-3.3183291246417665,-3.3816325274396952,-3.4560427066491304,-3.583204077431305,-3.620124754723954,-3.6744610910211954,-3.768218611500601,-3.7988748952015903,-3.7888256398723335,-3.809840617070002,-3.772066300533354,-3.715019801661266,-3.6986728580229347,-3.6756736641332477,-3.5863219866256975
-0.3765818189293605,-0.34492785758321637,-0.3156793706906681,-0.33716074886302105,-0.47298881974579426,0,0,0,0,0,-1.337049733682918,-1.419509542613245,-1.6582526965996447,-1.7795496915015803,-1.9138458634766697,-1.9840119459031262,-2.079323010971784,-2.1749297088483623,-2.2269500909828013,-2.3095813636726956,-2.3671370984463462,-2.4045827622732756,-2.4697409561442956,-2.5024008909930315,-2.5434155362034776,-2.6076681103697226,-2.6413613444858193,-2.6849373674685904,-2.7760522726724015,-2.8125545535266863,-2.8701622212007956,-2.9658623381861804,-3.0224031036240255,-3.070482288424246,-3.141778141765594,-3.2439492752397165,-3.2835731495093716,-3.316426252237411,-3.4007552599964366,-3.4421988312996366,-3.479878487409967,-3.5282001971437467,-3.537512292951152,-3.5276593625072405,-3.5275931670741865,-3.5150613792494108,-3.4749599816204317,-3.484058772323767,-3.4774318914843594,-3.4356012340647797
-0.3277748615106557,-0.31131244917429624,-0.2983220015931975,-0.3193165187440148,-0.26844713848687546,-0.36026119421672853,-0.3778593786320348,-0.10367753876829959,0,-1.1833616891441385,-1.4193113905794235,-1.5970940225717554,-1.729589350578843,-1.7940741684076718,-1.880446436172334,-1.941209099542437,-2.0250279415736063,-2.079023905873541,-2.107980704672807,-2.17096499969824,-2.235381338702781,-2.2731978543317948,-2.3590956221588844,-2.4106154029077493,-2.4383813340932368,-2.520199295529252,-2.574192508450897,-2.6087647144907233,-2.7104689758945404,-2.74791660810191,-2.808692343509066,-2.903333434907986,-2.9310199494753153,-2.9790616073069938,-3.0537140423035383,-3.1238398481823566,-3.1612180237730336,-3.171697335817143,-3.229365958566772,-3.240822452797441,-3.2732597150150475,-3.298352802473741,-3.3093787097621923,-3.2878599643049164,-3.324603483060935,-3.3288654285827435,-3.3075368991070127,-3.330225566368335,-3.313285641668815,-3.2680724005300132
-1.0056752151704964,-0.9988794907034312,-1.0007856519616996,-1.129666052175824,-1.1730042163829675,-1.3028549426865343,-1.4123508869203303,-1.4727338084099726,-1.5382702671579636,-1.5966785929175527,-1.6301254230440907,-1.6834925541438979,-1.7591014758448615,-1.7987007193005107,-1.8607187083870445,-1.9119318928440416,-1.9832576799058002,-2.029953649678766,-2.0803161077418553,-2.148168336080394,-2.2088024396357717,-2.2308077406366684,-2.3123821707755696,-2.3657136045821896,-2.4133287113504855,-2.493026699031049,-2.514255965332856,-2.5546338818665646,-2.6492183821458686,-2.6786094793565542,-2.751452532032048,-2.823642846437807,-2.8716671017611284,-2.896239401251638,-2.9268591593383064,-2.9970053531589365,-3.0198606009974878,-3.049375019622213,-3.0880508112023994,-3.093217216888228,-3.096775282492663,-3.145423281753761,-3.1617359331734067,-3.1691595982941463,-3.192561227504421,-3.1928552927750835,-3.1853538834953756,-3.2299310942811625,-3.2114211599697198,-3.176082606961892
-1.1615464389456998,-1.1985907028124787,-1.2281228908025454,-1.3215456347977448,-1.3622319644515708,-1.3955092054301463,-1.478610493484537,-1.4849432494307753,-1.5378101742451826,-1.6035619744904888,-1.6529845758208337,-1.701353407970402,-1.7745764580235526,-1.8113307479160408,-1.8665548926158775,-1.8995806865375657,-1.9577642548196825,-2.0124024884238425,-2.036129868913973,-2.1329750145666493,-2.1635159796463146,-2.1986758801418596,-2.254665493773366,-2.2987099038537644,-2.3513799901795807,-2.4163886856479064,-2.4517365101191784,-2.500284956699314,-2.5664329192292032,-2.605761553546158,-2.652945004746983,-2.704947404308257,-2.736200190309664,-2.7763006791260794,-2.801448738030319,-2.8500781873085845,-2.8561888499605232,-2.8852888161766486,-2.9276296590752873,-2.9462841080468816,-2.968552351399068,-2.9951104862903355,-3.0214808813055796,-3.027569326646827,-3.044101051859404,-3.0400275000831907,-3.0309272724906897,-3.0518950783932297,-3.0505274393106667,-3.03895250031828
-1.2428900447565234,-1.2915888223496461,-1.3010741611844556,-1.372852733767265,-1.4068966879034563,-1.4432418577220778,-1.499041314859203,-1.5494276244914984,-1.5886734159335958,-1.6514625851949927,-1.6651553360880187,-1.7293011472833684,-1.7928625038995019,-1.8231434214277544,-1.8606664047286952,-1.8916387919778948,-1.9590287782555522,-2.0092093294837716,-2.0466808305308493,-2.1114562998762345,-2.156231850694466,-2.1838346794514174,-2.2413904088798753,-2.255361490886664,-2.315017650553001,-2.3699678628363396,-2.4072277647134497,-2.46162962111501,-2.507253602628714,-2.5450523321286886,-2.562529065010485,-2.6204271600198465,-2.6515109738532745,-2.689878912496428,-2.7192388112171715,-2.7457179897799437,-2.756334452327801,-2.7831233795783294,-2.8248714840020703,-2.847694886055778,-2.87084947678505,-2.882586942391935,-2.896546287426566,-2.9024439347951123,-2.91742641485186,-2.9284970814209275,-2.9116886812311176,-2.921359636668858,-2.9303507133079947,-2.930463015622852
-1.275660472264165,-1.3285660735537133,-1.3590139316525687,-1.4159064475829573,-1.4418775203195129,-1.477595160256777,-1.521810551826044,-1.5558648001038433,-1.6114339199674463,-1.645265695655639,-1.6948487900597682,-1.7566397336228354,-1.7917340245405229,-1.8352806507371635,-1.8883275960763324,-1.9031640670931835,-1.955104885788167,-1.9948318026014142,-2.017413324114542,-2.077023007425805,-2.1221471228809254,-2.150507639644417,-2.223260867580247,-2.2376660978857896,-2.272945964712806,-2.3213121274190813,-2.343870076821522,-2.3826750605033102,-2.4242185827923093,-2.4478033279622724,-2.4804035764286176,-2.5162437143135503,-2.5426760736954357,-2.564751401365595,-2.592822425579225,-2.6208312925832074,-2.648597039622948,-2.6713937062998174,-2.717367112024372,-2.7262793199303825,-2.738650528372742,-2.7722650424628386,-2.7867641856318506,-2.7904939875959687,-2.8015692241367423,-2.811682791804368,-2.819746688022887,-2.824329017409003,-2.8284065479504923,-2.831915556886117
-1.320297610337483,-1.3486137786485204,-1.3670861391136697,-1.4264581034806925,-1.460807706488336,-1.487821843870831,-1.5530143897092286,-1.569131124389844,-1.6116009159526117,-1.6764100085752083,-1.6893113173761314,-1.736220612092759,-1.8125180990831828,-1.8215988378974552,-1.8581049607768734,-1.9035724373679357,-1.9495888081120396,-1.9799361943393805,-2.0101635402750317,-2.0482651532005316,-2.087723081531594,-2.1050821832131383,-2.1375785905246416,-2.177957840886711,-2.218248852021101,-2.2525083587086208,-2.2816823960687023,-2.323735383066787,-2.3410020120752213,-2.3644806922688804,-2.408889772484226,-2.444591421844364,-2.470075802596562,-2.496045338578791,-2.5082379900042513,-2.5386785304753765,-2.5576066615715125,-2.561009108750186,-2.602430701194801,-2.6247247205363786,-2.6351105888260187,-2.6663789386863255,-2.670451261424522,-2.6849926700122384,-2.7185793259679354,-2.7183632767808623,-2.7176977178363426,-2.729613651561516,-2.7375091357940815,-2.742099930702431
