jsons/1312736400.json
{"header": {"parameterUnit": "m", "parameterNumber": 3, "dx": 0.1, "dy": 0.5, "parameterNumberName": "Northward wave", "la1": 40.97354507446295, "la2": 16.46031188964855, "parameterCategory": 2, "lo2": 133.9931640625001, "nx": 191, "ny": 50, "refTime": "2011-08-05 8:00:00", "lo1": 114.97908020019554}, "data":
[rows 22 to 43 of 50, columns 100 to 149 of 191]
1.5909560970314336,1.4389808866372473,1.1844887228435061,1.1190070277170725,1.080191035146723,0.9923260478901955,0.9812477622694302,0.9606067328945439,0.9554412359632286,0.9745930478208192,0.9768729454527912,0.9922162100671984,0.957119767849682,0.9551485497206765,0.9522216136414771,0.9420377129156418,0.9568541973883271,0.977277402366098,0.9571081123066671,0.9416843818523674,0.9237802254997217,0.863594430336953,0.8462640766989024,0.8283959130426031,0.8442984928334033,0.8735618858189934,0.9121916453837179,0.9749273421853006,1.017589630310932,1.0444647650672982,1.0764002803670396,1.1075256648135634,1.1160566439868604,1.1331872315280205,1.1327363861995987,1.129700916948255,1.107089958652497,1.1110667775352792,1.1042639208627771,1.0959405285004364,1.0420742598863209,1.0231013329679586,0.988236221159157,0.9345809173427891,0.892504489362081,0.8582065980614656,0.8041207007981953,0.7460191820106388,0.71128044332968,0.6757927736580542
1.7746556609740196,1.7141891555035227,1.5212442049588366,1.4834589947243546,1.3890458525320097,1.2872544035493003,1.2105370935081619,1.1773458136000743,1.1065803669580054,1.111421200579652,1.1008429230241192,1.0557471313941664,1.0277374873495198,1.006719127291455,1.002985590042768,0.9782265234017385,0.9926223253733439,1.0175248663211538,1.017266716771517,1.0151815614567294,0.9894850485761064,0.9381480567441804,1.0044989344378947,1.0860077510137711,1.120073601928011,1.1620474343100025,1.1891249181281252,1.2296877903571564,1.266604718883588,1.286284594951527,1.2962150400845571,1.3280829599486528,1.3452133768520305,1.3495683763785213,1.3714305587355005,1.3537138585717452,1.3468215951792675,1.3231478690285001,1.3055224582361267,1.279857207826275,1.2215111904648728,1.1966432334552466,1.1572948086711339,1.0867532693620057,1.0525539331365124,0.9926566126484337,0.9562417683630734,0.8679386282766962,0.8144531533441957,0.7879396175645914
1.84942144276975,1.8404572281618048,1.7616130839115682,1.7334203373786694,1.6779513415762175,1.5653930643906895,1.518269694931572,1.4817349435032787,1.390258240957418,1.3480881508808702,1.3104330093390264,1.2928182751985737,1.2727863802640895,1.251846559664554,1.2179081217962775,1.2272966579564946,1.2409334609157512,1.2513954829372287,1.2914934970245735,1.3213103509323525,1.3705350377606642,1.4026369456283465,1.4138052729890689,1.4493774197588205,1.4965041206144205,1.4881550659218725,1.4945570232609584,1.5132352097259107,1.5244231326785898,1.5382470737526233,1.5376293828051633,1.5654173515536065,1.5495734613785501,1.5452017159996454,1.5626992490073217,1.5699608545043564,1.5636154242269484,1.5717504727342584,1.557513425425926,1.5326755096587512,1.542999819792624,1.5193248812261508,1.4676680574656484,1.4190955282864706,1.36254245024045,1.3178127419028418,1.2549780905937404,1.1311281299529035,1.0430682496603885,0.9594690945511695
-1.494191927478301,0.9056759165957022,1.6988723807253938,1.7339257030011197,1.7633720681808152,1.7163792060859422,1.6790337219457454,1.6685998507152453,1.5623595818943647,1.523001666893948,1.5484401380091901,1.4909103821313416,1.439340917927672,1.3883121366126023,1.4394611406006352,1.4784348841860753,1.5306340973438801,1.5456382877514954,1.5687956661297506,1.5794202090385017,1.5840881816860244,1.5849237653928414,1.5847754794145832,1.5777117149559752,1.631226791911733,1.6613575681166226,1.6979662662502437,1.7250138227747607,1.7287195780623876,1.733338288355294,1.73712371489319,1.777093495471219,1.7389588451856222,1.7131841716373355,1.6706632189383734,1.655557308412509,1.6642097688433644,1.6768343186277461,1.6834937567969532,1.6789994071518335,1.7671523060566272,1.5742627800436904,0.42695352421506194,-1.8063244799987392,0.7761069111365442,0.8813117398182506,-1.019156815793153,-0.7309685745046782,-0.3758757417719457,-0.0550353216709478
1.1779058860253608,1.7974442495067893,-0.9144518387864969,1.016506248958959,1.6795231253319596,1.8457670236699792,1.8369788217611167,1.8414024471568244,1.8123139196952736,1.8072354038872853,1.7995458810873994,1.7908178143315672,1.746673104710707,1.741935410879287,1.7216314537920456,1.683768489109973,1.6722135443953574,1.6601407402586081,1.6184470799027562,1.6178691717606706,1.6099850057416851,1.5969044556424197,1.5817459087177572,1.5812513158041668,1.6510123582335272,1.678066025014472,1.7189366396700385,1.7252145367488758,1.7475363706339848,1.7659318006728335,1.7841312504137874,1.7983991489664006,1.8075627180552272,1.8188756332149323,1.8404697913007342,1.858999318165178,1.8686056317889503,1.8743825001357295,1.829948717113267,1.8358032104700306,1.589059631866874,1.5033440486463776,1.4186926656217063,1.2236104084695083,1.1488495281565239,1.0894918979005777,0.9953109235906834,0.9529792278699212,0.868211637476596,0.8462907776128133
1.739780872493993,1.7489189195519097,1.6890757757995136,1.2881028317822592,0.16007400770837749,-1.786110571897801,0.4536999434171963,1.6635090425290093,1.8101711515113148,1.808205662191279,1.8111392682064102,1.794754527855236,1.763305373802368,1.764434895933759,1.7610726265880534,1.7048102517163504,1.7132150089199627,1.6932796089497602,1.6796087748111457,1.6688697363819915,1.67768920083471,1.687026431858789,1.6762519587266043,1.6847098033222685,1.6881790242793027,1.7080273839642583,1.7414181303081788,1.771734985735647,1.7839758151362077,1.793371967651987,1.778970121911466,1.7867459179867236,1.8102914641642607,1.8311821695291297,1.841050093080176,1.8213642079918901,1.8186335224453565,1.7920353174540462,1.7817249924071135,1.7457477477373073,1.7030968775276403,1.6755608993574942,1.599613408564396,1.5322916445164099,1.5110167550700957,1.4564998935718905,1.4053917057912586,1.3582920581493219,1.3230533189892912,1.2919993460268413
1.6865147108859393,1.6901593872713014,1.7053518507338739,1.6577682551181057,1.658387460555076,1.1865401637132211,1.3855001273111418,0.44738523368912303,1.6863929916434979,1.5516912632633784,1.687209842351045,1.7725212135521042,1.7576485375440205,1.7569452376408192,1.744687118406519,1.7238182709578798,1.7227260938070823,1.7220257707862985,1.721246658031521,1.7243175532656376,1.7231910664176868,1.7439355934339151,1.761373841034232,1.7641651505076748,1.7626562065214952,1.7667483542721136,1.7836611904861408,1.8205753513085043,1.8458906226713943,1.6768972694048856,1.2839956387836635,0.8513380953712134,-0.5727834492471479,-1.1950259076750849,1.2989154021931903,1.8006223896791962,1.8751444202750975,1.8365226657238758,1.814000508962505,1.7778089803341612,1.7580562888378202,1.725646249535293,1.6936497998487572,1.6497375950311783,1.639251696327673,1.587617626028861,1.5768177807032133,1.485663056791097,1.462197644271157,1.4272034235841458
1.6465488541905515,1.6668567712602527,1.6753611807842823,1.6848405226882341,1.691144506876775,1.6954554168661888,1.6503672515675956,1.6474146480842666,1.727701199093452,-0.15431876225158622,-1.7013414523141859,-0.7565513851640912,1.6818964519595019,1.7496550798779273,1.752603024393961,1.743070839069284,1.7520057274641319,1.760413491975105,1.7691189230228215,1.7810930192754943,1.8075591282520136,1.818553551477187,1.8322337972599338,1.8570223893755846,1.8469646649125164,1.4584843435498063,-1.8735081599252905,1.4959446177084623,-1.1580038026219557,-1.245999733813804,-0.64255685375197,-0.2933194695888987,-0.2197098424387519,-0.15901601755951783,-0.05110903246206689,-0.02140085030230791,0.09537560393542908,0.24718038564250258,0.3874249065276704,0.4944875463737086,0.8135624321798586,0.9472115706892271,0.9827378508280336,1.0591120385526622,1.1240819208128547,1.147757041399107,1.166652824243704,1.182609336561134,1.1661907535546354,1.1294516103908492
1.6339299912543719,1.6349332643734715,1.6382345601074304,1.657268968202397,1.6584958068939695,1.6858206884482805,1.6951024696593258,1.7074652865893285,1.714800571321604,1.679733438411318,1.6670920424729692,1.2657587731156095,0.29797403705065756,1.7343828047164074,-1.6752689670293535,0.8312709487448463,1.5092580363014203,1.7308112314640698,1.7524547773595087,1.7633074057370153,1.7866707732088651,1.7881744118147813,1.7965392295584497,1.8195918965293145,1.847799007534194,1.8710295644011101,1.8806409875122918,1.891172940114772,1.7898692790354465,1.6573369912838627,1.4441390188239571,1.1009970078682323,1.0181708238107348,0.9933156182408528,0.9159731470771109,0.8737195349644763,0.7575718086966927,0.7821309025003107,0.7605122623591485,0.7484871222391982,0.7290306138241097,0.7455090609230369,0.7558105110484078,0.7626875365014071,0.7464456356708283,0.7567899077725989,0.8049223728064167,0.785969386022431,0.8496775190795984,0.8837025963171722
1.5847640170398052,1.5835326086494876,1.6071450400179887,1.6129564404451127,1.6132140509723416,1.634638752987984,1.6525245508299775,1.6616455872238032,1.675994986894198,1.685302827719165,1.6923180752623228,1.69602803233184,1.702149010613068,1.7098592153188859,1.713913964098607,1.7271012450514842,1.7160995168350721,1.625429745035148,1.2763431103094651,-0.6720564373862146,-0.5061730732186844,1.2026856522650913,-1.42977970469539,1.3590228307111558,1.5883227638034063,1.7506554957457041,1.8236347545933074,1.8302200665700843,1.8463640663482321,1.876068408722559,1.8875584438057809,1.8484175185162477,1.8343260624196611,1.8566397378221289,1.8405914027874515,1.797414021083988,1.7635685706500637,1.7153291758216243,1.670158534937459,1.6302805035769785,1.5406232396630475,1.5198439512424067,1.4601855678477544,1.402413160161191,1.3877539386688056,1.341086669291188,1.3329288694754735,1.3219566049695297,1.2688205375158297,1.2129706459720477
1.5779004394244232,1.5677540582515044,1.4391347721754286,1.2696424447516483,0.861489018862183,1.362973937581556,1.4629930813433263,1.5480343545974573,1.5898061097092075,1.6108732250905518,1.6324780913000547,1.6397423187267715,1.6532768838260858,1.6622833218381123,1.667157266626781,1.6759008573409144,1.6755376429487787,1.6832089181253136,1.6927658205022647,1.6957620693604536,1.7064981197650284,1.7080164354640812,1.6701927511494181,1.3807087668092604,-1.6092948800292384,-1.5295287320209967,0.1285958088558827,1.6587125454607492,1.774872560557518,1.7868792173097958,1.8178157047152206,1.8224633880157366,1.8208381018577748,1.7983007877873445,1.2545513416389982,-1.7718969233910233,1.7415504322974873,0.7569662114784715,1.231479731701644,1.5327987427317848,1.7045350919825386,1.7161360293578136,1.7343201748520032,1.7159178795072088,1.7049949332985004,1.6898112250086927,1.6712577338823076,1.6376016947866971,1.6153092198696755,1.602143988437113
1.535580630976744,1.5458335432698869,1.5558082909808877,1.3534351827442355,1.3779878584934402,1.526595620085226,1.5696113597137917,1.5706185564741577,1.5654805885405332,1.570412560959936,1.5844664969383968,1.589618714909799,1.6064427305975488,1.6141567209504872,1.625459210636317,1.6523078784753602,1.6508479769292095,1.6546739566520712,1.6641555878846326,1.6717279740693034,1.6719908154528154,1.6741422991847774,1.6766078966354365,1.6853094452614326,1.6943408796581199,1.705598453515688,1.7170994080789277,1.725280595457353,1.7293244778042824,1.7382629938832614,1.737118880933654,1.7369795864295123,1.7473622929301582,1.7496285868433301,1.7550145791462248,1.7544272705213104,1.7192168301104056,1.691718217464315,1.3839529271972115,1.352690514106739,-0.3176757804043227,-1.4408362612594143,1.0800231774609457,1.5387846890444157,1.533399671139902,1.633530225905851,1.6768883734852937,1.6686780158353245,1.651599640430967,1.644471859487023
1.3790728564280776,1.420296072015654,1.5058591657201854,1.5426848723808404,1.5356809028684184,1.5639569968693108,1.577514678196964,1.5653590079610724,1.570100507196559,1.5756838524617267,1.581514501804115,1.5834865497287882,1.5847453645448808,1.584163010758261,1.5873881536926442,1.6069206582655933,1.6130857344518486,1.6155551338344292,1.6268543924228902,1.6344355816315383,1.636840176751056,1.6557455052898156,1.6671058958205565,1.6694066632582636,1.6777814459591327,1.6767348958649129,1.6779930650700192,1.6781948606747974,1.6853366680387405,1.6950553141363813,1.6976210223728552,1.7000115686364219,1.6989220859542353,1.6992895746736667,1.6982286228059882,1.692028444605971,1.6932674081527075,1.6728228576539117,1.6482883730059954,1.5027940895641227,-0.5410247398439422,-1.5109597253442442,0.7653829231607013,1.1287986945891448,1.6343905644267351,1.6638524603455627,1.6654993398584517,1.6575248188284204,1.6488457806946446,1.6466970192523063
1.296896591373094,1.338114313078736,1.3905135913161422,1.419456149771205,1.4354502238401943,1.5005591744276734,1.503994329994502,1.5115883926844338,1.538925436790312,1.5518431448145937,1.5469863705340823,1.5450155260403569,1.5682988217986784,1.5745761764686477,1.5774586816997866,1.5982771067852013,1.6095727602332064,1.6138129494590623,1.6177764094728624,1.626709180431542,1.6328416658465206,1.6436621440564567,1.6491201397836628,1.6486407388886026,1.6620854434919055,1.6688540810838224,1.6691518720131584,1.6720437369499588,1.6767641415555075,1.6737124554126854,1.673252111755984,1.672265827487197,1.6707765468417572,1.6726412950444778,1.6744798574561923,1.6702113507337766,1.6676730198706802,1.667130223307893,1.6498199320070221,1.5696739697284425,1.5468507866631949,1.6046830031771515,-0.597643393069321,-0.47325075045935466,0.322280287955467,0.31209420596962884,0.5062170007542051,0.7151870303547829,1.5745138656972404,1.6342604302214294
1.2772804550493342,1.2961847931661323,1.320285198061522,1.351998374369967,1.3637678489258873,1.4277205478735284,1.4574318673993576,1.4629970498969809,1.4970111769842334,1.5075043141297664,1.5100608896016046,1.5106736024758627,1.5453049194375441,1.5478063487045282,1.554010572611925,1.572932893696835,1.5756775606835192,1.5825054502981608,1.599655191293828,1.6158851657945703,1.6192645266138905,1.6310338615897333,1.6413371185969985,1.6587659377872654,1.6671400784091441,1.66459333825923,1.658218168820096,1.6627261171825973,1.670550662352029,1.6686075871659032,1.6753613478691745,1.6803858989884277,1.6665751073831703,1.6627392834860708,1.6659905596457218,1.6612029354169067,1.6566034663669773,1.6494953369013283,1.6498760774808428,1.648770207425921,1.600284164568924,1.5670784760480523,1.536101718197712,1.5939493557375808,1.6215025516777761,1.5308148703129654,1.5095499368050627,1.5441567411065171,1.4352713987994494,1.3797019417969223
1.267422999131441,1.3163543077818805,1.3420899878234835,1.34439345411196,1.3606987989196433,1.419178015214054,1.4357199626108585,1.458639843392241,1.496806124343114,1.5208467021093155,1.5176888689591839,1.521290282316425,1.5329512351182772,1.538574341184574,1.5512615350130423,1.5623349650489033,1.5684241940214254,1.5760479223012198,1.594774931458643,1.6086222976268918,1.6187291349882849,1.6370284178387637,1.6386919196996241,1.6400446332815315,1.6479947841964853,1.6515680790191112,1.6415365005309235,1.643146716455431,1.6636707712444039,1.6612701084763248,1.661433481911595,1.66490683220886,1.6671787213360212,1.6705561159489835,1.6650963067783602,1.6524547366761446,1.6492750232395952,1.645217334040223,1.6419227037955213,1.6351840161161948,1.630911877774367,1.63256445140148,1.62943775721704,1.6300334796090723,1.627712541828805,1.6204247146231565,1.6201543194076826,1.620621756552361,1.6217740590289471,1.6238327136705846
1.255540281777324,1.2747040296446226,1.340676015810502,1.354475604352331,1.35821356737483,1.387442596461733,1.4220875261433097,1.4292371762246865,1.4634406037135101,1.458665470217877,1.4722696532267812,1.489863827707068,1.5081166635465415,1.5134180137989186,1.5220930273451274,1.5308945181779559,1.5237976975603185,1.5414948831479767,1.5778625977705643,1.592228759227153,1.5993356562227168,1.6184367673190316,1.6287137312870144,1.6172511512886185,1.637385257209503,1.6456777930497661,1.6492115491185062,1.651634169804241,1.6687910972241369,1.6718742490675433,1.6787580078161513,1.6800127039925086,1.6659821960213712,1.6622038756908446,1.659652576555491,1.6471895381179305,1.644982244767713,1.6524146087883194,1.6538531865777562,1.6540255564176713,1.6572000214904887,1.6561468945533293,1.6461543200410027,1.6427055110630011,1.6381927609146967,1.62991310580495,1.6299528342692216,1.629939731792583,1.6270909325305853,1.6260682711559855
1.2370573709792327,1.2583810038652516,1.3004804976677498,1.3229031175502806,1.3275207281410226,1.3345551054725888,1.3496654965264705,1.3773306512070185,1.4209044967143687,1.4362881410457462,1.4282606802874762,1.4481716805480203,1.4825084364912728,1.4879479468967447,1.4910695627669421,1.5174593668810787,1.5230933445429873,1.530241155487675,1.553802932650943,1.5661805313717574,1.5800589968561163,1.6166630415467083,1.6165135361096545,1.6144512248062672,1.630079328390971,1.6408795738025213,1.6379446934078532,1.6403688876167066,1.653359473076271,1.6462156343218843,1.640207604432777,1.6449839683750498,1.6500182808964132,1.6553927092613616,1.6758032426664635,1.6740272621568075,1.6663970831646104,1.6644573798905968,1.6615471325730264,1.6601036323522367,1.660115767140945,1.6589874278461418,1.6484740090222805,1.6420883806581388,1.6379060608966367,1.6319765189781492,1.6273837459161287,1.6128459775735229,1.599436349708769,1.5865427193538506
1.2191815625769784,1.2225606231276,1.2580157605849698,1.274100662626548,1.2776000545954926,1.3190546994596783,1.3489321924308875,1.378466115995087,1.4057048712236255,1.44117170022384,1.4592395903395339,1.48221526552336,1.5066813621110955,1.5210045577135012,1.5396831963166075,1.5595019228334777,1.567840869037879,1.5823681919859007,1.5995079937872172,1.6103464748886502,1.6232178098388015,1.6332834172261992,1.6422345866181043,1.6505094297721388,1.6729574994001404,1.6756777482104575,1.6722117598008217,1.6689269454557105,1.6704412766443164,1.6642739485900047,1.6640960853709144,1.6759449744214858,1.6698236247186031,1.6741706299445653,1.6815062745555784,1.6755513402197715,1.6746523222790177,1.6763130936986923,1.6744702036920047,1.6690512809938414,1.6783073980334204,1.6745189413950836,1.6648846409475007,1.644992107704634,1.6384434730574404,1.632879999939982,1.6375693166774596,1.6164280942372025,1.5687560871935877,1.5351830912328568
1.1696783088643192,1.1778934822596887,1.2212326021452213,1.2396184567772277,1.2525257302075374,1.3127324740038815,1.3577344785035876,1.3905532154063682,1.4415742195011467,1.4878776641459435,1.5164877406732358,1.5139988671472882,1.5667974386284231,1.5887359901918992,1.6024576453397041,1.6006133237156634,1.5949640710500004,1.6024143124544816,1.6293310627493844,1.636107674646288,1.6380455354669616,1.6605525708066693,1.694247954116506,1.7270743139649682,1.7608167963746035,1.7436311163988576,1.7064807146425138,1.7009330133777196,1.7093460295970462,1.698756862252952,1.684841824821799,1.6748154474525045,1.67423647884699,1.673801102573119,1.6827011061997326,1.6855583551907816,1.6821527935941787,1.6782084893104967,1.6789773761208302,1.6757656361403743,1.6597902521589423,1.642090682146271,1.606853853223332,1.5800781302123912,1.545706670574534,1.4765285414192417,1.417262416532763,1.4290310838958917,0,0
1.1343827024112403,1.1781853352415197,1.2371121948952561,1.252042846524673,1.2669390652707924,1.290611614433554,1.2996329451611615,1.3134545397525788,1.2957127415038403,1.3394301785317155,1.4102632600079055,1.4464723703177724,1.492744204595543,1.5256923077599338,1.5731100765747275,1.6006245341618242,1.592488170404015,1.6003629285741434,1.6077229376774542,1.624854093901409,1.621053573944201,1.628207773318312,1.6323804543958556,1.627226155343137,1.6338324377523292,1.6233814401543567,1.6267030884069287,1.639984339694679,1.6252220010917928,1.6041081128282533,1.6179148354595025,1.6455535187307777,1.643228205417565,1.6469756009033034,1.6474850918397148,1.6375906998152916,1.6378619396812402,1.6252496109531858,1.601692730262568,1.5659943054705583,1.5401967814726991,1.5075816966650708,-2.818842937345285e+38,0,0,0,0,0,0,0
1.0542107331778348,1.0780999310922228,1.116807111316684,1.1226948012318723,1.1474546862438428,1.207899286759273,1.219167016928799,1.2422278107156852,1.3063793724215245,1.3312516128512233,1.3605638939449205,1.3775177763528352,1.4312142577083116,1.4313697036849324,1.4457126949684507,1.4684338347670562,1.4788020003392839,1.49447213049341,1.5392440185641383,1.558264461233077,1.5501693844599427,1.5401869658167184,1.5324476225652102,1.531198815905349,1.57076090248676,1.5796201776051273,1.593285045002502,1.583968841280235,1.5696529029088575,1.5576752337126967,1.5603015961724953,1.5496841052441548,1.5307808117359474,1.5208004683042478,1.4774524773947013,1.4266175354657453,1.4188234286441745,0.4390508630609701,0,0,0,0,0,0,0,0,0,0,0,0
