jsons/1312545600.json
{"header": {"parameterUnit": "m", "parameterNumber": 3, "dx": 0.1, "dy": 0.5, "parameterNumberName": "Northward wave", "la1": 40.97354507446295, "la2": 16.46031188964855, "parameterCategory": 2, "lo2": 133.9931640625001, "nx": 191, "ny": 50, "refTime": "2011-08-05 8:00:00", "lo1": 114.97908020019554}, "data":
[rows 0 to 21 of 50, columns 50 to 99 of 191]
0,0,0,0,0,0,0,0,0,0,0,0,0,0,0,0,0,0,0,0,0,0,0,0,0,0,0,0,0,0,0,0,0,0,0,0,0,0,0,0,0,0,0,0,0,0,0,0,0,0
0,0,0,0,0,0,0,-0.001329705025945106,-0.0005553295737701062,-0.00013622323829074034,0.00016189358239732818,0.0006047614390088331,0.0006145854583802576,0.0006818675306171073,0.0006664570450055929,0.0006350959818775036,0.0005065488658031584,0.000493555492991267,0.00044646625303466496,0.0003266451107531204,0.0002635033491427233,0.00025805647882213304,0.00021090856990867314,0,0,0,0,0,0,0,0,0,0,0,0,0,0,0,0,0,0,0,0,0,0,0,0,0,0,0
-0.021269129227807243,-0.017334942509511862,-0.014783396599411842,-0.010218985237484692,-0.008301600079096947,-0.006466704125877914,-0.0039443825608750085,-0.0034559328580737146,-0.0017775671475809397,-0.0008720538886853149,-0.00016423484314023132,0.0005085327098049718,0.0006385864171162214,0.000647921182561107,0.00069263641814947,0.0006276124813876057,0.0006151675169993251,0.0005701761877792179,0.0005099290423104259,0,0,0,0,0,0,0,0,0,0,0,0,0,0,0,0,0,0,0,0,0,0,0,0,0,0,0,0,0,0,0
-0.03854400253927031,-0.03631596563622877,-0.03435487157087373,-0.029809607442569774,-0.025396949229760716,-0.02326841900117384,-0.015799874529824096,-0.012187581419789968,-0.009197027181461414,-0.005297337487669539,-0.0021989412281121926,0.001217148976261966,0.0008512453696058613,0.0007914393189076571,0.0004911618923133157,0.0004116050368006564,0.00028122930725766704,0,0,0,0,0,0,0,0,1.2955397111250627e+38,-0.05055067913845935,-0.04775902415836031,-0.0461575003896688,-0.04358347280799708,-0.040342906632463676,-0.036465372435347435,-0.03473839820055699,-0.03016794033983788,-0.026744060961110646,-0.025423746365249515,-0.020869910808486238,-0.019606521491914743,-0.016328779362443854,-0.012601060920254044,-0.009372345168994572,-0.0076123999855478505,-0.004823039883324245,1.116358789233122e-05,0.0027603920180366832,0.005058154052841317,0.009971680647940616,0.010935530987008892,0.01178794064987212,0.013125171583927987
-0.04722567023015856,-0.04724637948861799,-0.04837973460052382,-0.05050840503130277,-0.04898674195898335,-0.04950946606171678,-0.049768028169488956,-0.05007868818009229,-0.04686233611309648,-0.02986466454311191,-0.02440212628578924,0.0006994351029285877,-0.008735070834781264,-0.00870988953744258,-0.01118115088013476,-0.029990532781201684,-0.06954014067768936,-0.08065792302564184,-0.06772133135057527,0.03440672791044972,-0.07641632288236173,-0.07523448069255907,-0.07546147910146156,-0.07499864436178509,-0.06927995942796213,-0.06739119704057309,-0.06488517640615021,-0.061792046328862454,-0.05869587920700046,-0.05755503391037539,-0.05310869896178113,-0.05146980779320196,-0.04736138047782088,-0.043169253547529735,-0.04024769114335401,-0.03694022630569431,-0.03178827636091603,-0.029117851870509588,-0.026458044952578086,-0.022260925807368506,-0.019540049800670388,-0.017179435895334348,-0.013349010085199349,-0.009296635389672337,-0.004847668624347286,-0.003198192529620877,0.005411051836672364,0.008347785456807533,0.010124437900769282,0.015102124958651613
-0.04496037611325485,-0.04497804240019073,-0.04627707143625807,-0.0482979578997544,-0.0493407146869421,-0.05091972363471658,-0.05400992860219057,-0.055986395818863,-0.055964441089993135,-0.05965012681048711,-0.061280177850532,-0.06133653026018137,-0.06606631079978173,-0.06812528903427992,-0.06673896571136892,-0.07102921961855169,-0.07592644014658156,-0.07776729052117262,-0.07568710326142007,-0.08457284398179749,-0.08053289441590242,-0.08189441763045477,-0.08500099527559773,-0.08428899470279312,-0.08189906016768148,-0.07983976624565202,-0.077947728905239,-0.07348948051823277,-0.07148373581847248,-0.0706371470207817,-0.06575350769985336,-0.06454341437776052,-0.061266143553654964,-0.05816600568084116,-0.05590768465937374,-0.05223666360067702,-0.04476834936109918,-0.04099715387432808,-0.03851864479612986,-0.031748929781483366,-0.02859101558175519,-0.02533555900183853,-0.022603634578666428,-0.018865860346656813,-0.015127895115844201,-0.011457088219651593,0.0021892153617969084,0.00809681677759963,0.01122234313717971,0.01957764419720894
-0.0254558413579768,-0.02670705599627898,-0.027776115298588974,-0.029539016874365626,-0.031546334664437146,-0.03161801596453733,-0.0340808688171477,-0.035911411888569944,-0.038471705416638594,-0.04181691607795254,-0.0442545298865733,-0.0469727527621656,-0.051796010696318506,-0.052608573181434866,-0.05572641658763423,-0.05939599171177936,-0.06385124833133715,-0.06597337321362944,-0.06881386757207156,-0.08104973027844954,-0.0755617462101756,-0.08192092489203197,-0.0936319584309338,-0.09504279617553664,-0.08689178423947796,-0.09301214865234915,-0.09245741484783288,-0.08814989419359462,-0.08613010987224162,-0.0859598501067993,-0.0822542955822013,-0.08103743936812399,-0.07942297185301284,-0.0761743285947773,-0.0734938074477081,-0.07084345973929297,-0.06561765320130873,-0.062358409821119,-0.05741472069737639,-0.049084283919901994,-0.04663815405956933,-0.041949879963918815,-0.03926096781794117,-0.03299221103430302,-0.02811538176269454,-0.02496564762935419,-0.019419637045751264,-0.014454778578895225,-0.010471686436737893,-0.0043583067853660016
-0.0010686213102737835,1.7626915208045818e+38,0,0,0,0,0,0,0,0,0,0,0,0,0,0,-0.018190589047069713,-0.013299439496666583,-0.012173374773074836,2.3703200163240342e+38,0,0,0,-0.0410753778620302,-0.07687529700954858,-0.10876257843497432,-0.10990621157149241,-0.09981917776518799,-0.09759884734788066,-0.09510328290233808,-0.09390658045072975,-0.09368353388799514,-0.09276278920593246,-0.09000024246365644,-0.08702810547789837,-0.08659264178163234,-0.08272550428285473,-0.08103060391743214,-0.0794966481990561,-0.07442138305918686,-0.07223511181817413,-0.07002059900679393,-0.06818366895568855,-0.055362613776234665,-0.0515188004014756,-0.047533374644806406,-0.03967314350656762,-0.03468475534097956,-0.031214631935462363,-0.022836877174990427
0,0,0,0,0,0,0,0,0,0,0,0,0,0,0,0,0,0,0,0,0,1.6930501549558211e+38,1.6975544801298685e+38,0,0,0,-0.11898632205048051,-0.11990674493608003,-0.11961156360931388,-0.11944007086966496,-0.11569588999068979,-0.11573523577558853,-0.11475641090729355,-0.1117911551754226,-0.11086614339868182,-0.10918120653784054,-0.10652144316876037,-0.10669419892850847,-0.10591488417350602,-0.10365328625664365,-0.10208673327817469,-0.10071770916518302,-0.09832215227713988,-0.09714227447621784,-0.09359145676480869,-0.09191216604103944,-0.089140922296393,-0.08236890532745299,-0.07887528360773052,-0.07625981293488612
0,0,0,0,0,0,0,0,0.050557621061823856,-0.14681582322591735,-0.14937384330170822,-0.15017576862329687,-0.1601373626121163,-0.1565736219265373,-0.1574525738605734,-0.15393101872467177,-0.1509606583645876,-0.14911993879231777,-0.14868596721678173,-0.14469434341753237,-0.1460811760947088,-0.14414425323509084,-0.14380956079568571,-0.1440837570537192,-0.14484125303889503,-0.1455419005403432,-0.1455177624995511,-0.1454628280671704,-0.1456077066699954,-0.14526432886413643,-0.14486988623043276,-0.1449536403852311,-0.14538167977809388,-0.14413797551393395,-0.1432396864964806,-0.14404565101512598,-0.1455676420070391,-0.14612972313066191,-0.1455624756207957,-0.14385277282224063,-0.14244590917986194,-0.14128921581687295,-0.13723130097697797,-0.13987366965302556,-0.13915278153454122,-0.13722162010705086,-0.13673952191909242,-0.1376651874375999,-0.1374160363210037,-0.1386757893461899
0,0,-0.1612715854468841,-0.1705362431829428,-0.17149930037250796,-0.17612056099979082,-0.18654687742394954,-0.19074534196219006,-0.19058225194162937,-0.19309900651412967,-0.1927910852376301,-0.19138035508205406,-0.19202604255782574,-0.19193023612166457,-0.19027685829341626,-0.1896403694545605,-0.1894245612096125,-0.18429482664672572,-0.1832911029963003,-0.17918947300623092,-0.17856500209576415,-0.1782422965480808,-0.17925568991374455,-0.17990904140283207,-0.18043481332600947,-0.18145366342145489,-0.18360443253351333,-0.1871746037180777,-0.18873076237037636,-0.18995708537313546,-0.18914256314654262,-0.18854987822648211,-0.18879223836259798,-0.1895983562009213,-0.19050415681468688,-0.19126304208096137,-0.19276852035538106,-0.19272544998411362,-0.1941695605538219,-0.19258917971070705,-0.19247576085493776,-0.1937143539712251,-0.19188490833823268,-0.1932173513700767,-0.19113725823552183,-0.19056633558353922,-0.18582856082527213,-0.18237044713894143,-0.17768657397398188,-0.17765855984083342
-0.1859326024592414,-0.19015746869719566,-0.19295829588517868,-0.20554462066807636,-0.2057620004307027,-0.20902864851097885,-0.21600380509482175,-0.2174335019600172,-0.21868734522493338,-0.2231903057600251,-0.22930981264171357,-0.23082846978700336,-0.23908138688059632,-0.2378029659739934,-0.23531547260651697,-0.23552043850841053,-0.2369577024243125,-0.23416313149378293,-0.23283491483852348,-0.22681351552729834,-0.22343637454024778,-0.22233935962800755,-0.21942243773594175,-0.2172081394194144,-0.2120397754170006,-0.21041957333131708,-0.21089565782829872,-0.21104124976589225,-0.21257813912394946,-0.2166465453830846,-0.2225373458345838,-0.22060822535709285,-0.22058380102572653,-0.22190651887603585,-0.22204065583139576,-0.2238967835014221,-0.22749363395013697,-0.23201130163872716,-0.22808973455784054,-0.22598181789070035,-0.22992076980161408,-0.22685255619171052,-0.2239672019169933,-0.220243163600711,-0.2225225463286828,-0.2248856716254111,-0.2273479474702671,-0.2285836981402783,-0.2215996133675139,-0.21957718068640464
-0.1979732351544351,-0.19885334488537712,-0.202307734682563,-0.21631589874755128,-0.21918026822223077,-0.223137142957149,-0.23622499082126727,-0.24160518445946022,-0.24372246803291378,-0.2540106593026174,-0.25960853241275433,-0.2605009274549816,-0.2692744880583511,-0.27100986695441687,-0.2678335570616301,-0.2702065144808265,-0.2751666115328418,-0.2716407408473768,-0.2672499093225271,-0.2687944432516438,-0.26490881281777845,-0.2656933202888976,-0.2627716313507996,-0.2598248764570322,-0.2566512601511528,-0.2585917300036499,-0.2589239773960637,-0.25952582232302945,-0.25739174212308547,-0.2655204621391781,-0.2715999833863398,-0.27016295489100856,-0.26895048578862657,-0.2694296072044621,-0.26910645257646293,-0.2663930444469811,-0.26762022012470205,-0.266012565574097,-0.2666329463234703,-0.2620119208007345,-0.2672030950442645,-0.27256458071835005,-0.2745257002921778,-0.27748687244997766,-0.2780254286371463,-0.278137790198097,-0.27633304058643066,-0.2782836912010577,-0.2785396447135788,-0.27488157734980523
-0.1394780673453989,-0.16840693374779564,-0.18549439346945215,-0.2150676320213404,-0.2185857738955045,-0.22318222879737126,-0.23838341018710885,-0.24422990689748383,-0.24830960372221847,-0.2642941994523369,-0.27039903317506025,-0.2717436863335796,-0.28577926426425854,-0.2911748226898799,-0.29501321479595743,-0.29646779159563147,-0.31220011407231024,-0.30843364842826776,-0.3087492230990682,-0.3150468418805997,-0.3153334362577759,-0.313993278659957,-0.31431595048122213,-0.313678679935936,-0.3122829605331198,-0.3102232071607558,-0.3148692516591122,-0.32320132663558243,-0.319359668809061,-0.31731789022386087,-0.32380892777193654,-0.32275997003083096,-0.32443349289696627,-0.3274115090877596,-0.3235035915730907,-0.32615726098479736,-0.3278023156090436,-0.33056184208116646,-0.3347330814685867,-0.33332920072755856,-0.33129939048948875,-0.3376543355033374,-0.33436684533954886,-0.33577636839464237,-0.34560281284942646,-0.3451364517288381,-0.3350339498891141,-0.3374462422349014,-0.33532883957431114,-0.332508559514794
0,0,0,0,0,-0.2063719906278086,-0.24526202928928467,-0.25530376232957025,-0.26275274157914597,-0.2874212838516128,-0.296003293440067,-0.29593389091449396,-0.30770856956217385,-0.3101515133174542,-0.31962919936488826,-0.32823624675424906,-0.33945113999326565,-0.3435128257251174,-0.34594248280268314,-0.34980255220860457,-0.3504328849483187,-0.35355570344315773,-0.36020773185544247,-0.3602821716994352,-0.357958258081974,-0.36390364825432026,-0.3701033378832249,-0.374143188599426,-0.38121468799996105,-0.3869457166838271,-0.3868842040095364,-0.38983146877235125,-0.390404937065115,-0.3946676374363364,-0.3972217580954778,-0.4012635233467726,-0.4051036887067802,-0.4052180609454126,-0.4037428757223938,-0.4110334625906649,-0.41407255519698116,-0.41880195534556586,-0.42292277624396457,-0.4144709995805155,-0.41935580125323224,-0.4220720074955092,-0.41656429560581887,-0.4166404805387214,-0.41850112046323296,-0.4127851837443374
0,0,0,0,0,0,0,-0.168153492720089,-0.18707709707642808,-0.2161342666865796,-0.23937652306732635,-0.2769550123331572,-0.31303519488037357,-0.32732569700090197,-0.33672383599335326,-0.3443341286836007,-0.3607560717904915,-0.363604334417752,-0.36898367692126505,-0.37744507585811066,-0.38428216516156594,-0.388775763112675,-0.3998542477481913,-0.4081036153607565,-0.4089072931180413,-0.4143968093917111,-0.42057405307330725,-0.42617399433418923,-0.4372723259709895,-0.4402491122359229,-0.44406006024818145,-0.4533651842877265,-0.45973604849769434,-0.46280123506710147,-0.4631980281630133,-0.47358271780869754,-0.47639578765835044,-0.48044553015675423,-0.48469541528602184,-0.4850624515611445,-0.4874043610955027,-0.4930027257084616,-0.49933970044739673,-0.5001904228690492,-0.5060835849120321,-0.5108060307240413,-0.5084526277449369,-0.5210341067928819,-0.5267992476408037,-0.5158760000131579
0,0,0,0,0,0,0,0,0,0,0,-0.10704483230937172,-0.1395377429303381,-0.2261224872134238,-0.2915090288630574,-0.32164538705026685,-0.3519635937654939,-0.36421126639220525,-0.3800423961426854,-0.3998352602845133,-0.40876272889018583,-0.41611371628783755,-0.43435630653134355,-0.44323936777943856,-0.44870618585977406,-0.46507631070003425,-0.4777859533412077,-0.4836492276653092,-0.49901415414559736,-0.5024744749933884,-0.5076604394913787,-0.5202114086281734,-0.5297380917076806,-0.543334240089706,-0.5475107023517146,-0.5679548293739839,-0.5701059081835054,-0.5757179124582367,-0.5943946766122404,-0.602074797174637,-0.6096686397852642,-0.6266647790651316,-0.6348070489347071,-0.6325676882547315,-0.6494021264810245,-0.6512395440236982,-0.6516621738734553,-0.6643603556069267,-0.6678017694705415,-0.6636493281098371
0,0,0,0,0,0,0,0,0,0,0,0,0,-0.11338144825621826,-0.19808396488732744,-0.2401139265177038,-0.32563615814935615,-0.3719849728501166,-0.3938822428145331,-0.43035837379779285,-0.4446036750191698,-0.45312435785450655,-0.4718712220701773,-0.4807390820200665,-0.4942414692810358,-0.521656593145917,-0.5317671646215583,-0.5409453291351043,-0.5582665306660513,-0.5684310073702875,-0.5763953122371483,-0.6016767743349013,-0.6219200206725004,-0.6342002709742847,-0.649335223009435,-0.6726612224647743,-0.6766989495443947,-0.6882152211197886,-0.717560997034211,-0.7253557673131509,-0.7389154873158971,-0.7559916679403443,-0.7662195673156545,-0.7657723739261403,-0.7778832119560251,-0.7831770284962535,-0.7850378582939206,-0.7875249774477968,-0.7858380183725101,-0.7829854133185942
0,0,0,0,0.03448362787218725,0,0,0,-0.06882044944021072,0,0,0,0,0,0,0,0,0,0,-0.35666436228101617,-0.4260737320887414,-0.4730851053105314,-0.5385042554164212,-0.564747002742992,-0.5798161179357108,-0.6251590944049711,-0.6380947964201281,-0.6461232220761626,-0.6738625094786276,-0.6799641579358668,-0.6874169016372135,-0.6999431977660888,-0.7048023785380942,-0.7101079194159219,-0.7251343422512269,-0.7523171260040984,-0.7632900340683827,-0.7747699700278516,-0.8077397056433421,-0.8351717055360209,-0.8455770372865862,-0.8716093859868097,-0.8877059739882401,-0.9005192029262933,-0.9136175950918208,-0.9291299557858148,-0.9329855164393634,-0.960770395119897,-0.9639555127405595,-0.9635757895450511
0,0,0,0,0,0,0,0,0,0,0,0,0,0,0,1.75630070585161e+38,-0.03340745621550008,-0.17097052096459286,-0.1815054697428355,-0.16995323619974706,-0.17304285826066942,-0.24370282189398493,-0.42972880455090456,-0.5628573934708418,-0.6675609735778301,-0.7379786475963976,-0.7621742620208277,-0.778131518580364,-0.7960600345168705,-0.8052010242993803,-0.8188174804964723,-0.8381370760290231,-0.8439750694823815,-0.8599321282151781,-0.8582439530587931,-0.8677795230699671,-0.8690035798904019,-0.8762114608801427,-0.8969054425549385,-0.9138365183325013,-0.9375438575753757,-0.9872770225944703,-1.0093560191449193,-1.0314043858032993,-1.0690783492216558,-1.0896204766100874,-1.0914310512961793,-1.1185261470356378,-1.1350232991042541,-1.1430902810809531
0,0,0,0,0,0,0,0,0,0,0,0,0,0,0,0,0,0,0,0,-0.24708730557435646,-0.3372532407705298,-0.4867418771942457,-0.571799856062284,-0.64037998120455,-0.7496785294594275,-0.81475038616557,-0.8850692652921719,-0.9243177576495324,-0.9602417248226501,-0.9822122534700081,-0.9975702814446084,-1.0138805942144953,-1.0251513069886835,-1.0396351970727122,-1.069251451745692,-1.0736854802580134,-1.0804418286082027,-1.0900368368111966,-1.0913146326446461,-1.0952355013931936,-1.1146600960941082,-1.1307621464964976,-1.1417370501692234,-1.1672439373524721,-1.1858015187166202,-1.2191387591873264,-1.2826072368970685,-1.303469786631739,-1.3199451582553856
0,0,0,0,0,0,0,0,0,0,-0.20483954994965725,-0.2116144551096265,-0.21728871181321133,-0.22721637201310282,-0.24543671652393192,-0.24889901150282354,-0.26485101094224517,-0.2924387847263011,-0.32254589977920617,-0.3768867502370567,-0.459847218499264,-0.4891957318593617,-0.5041626451721313,0.07515654404425871,-0.5205973938952921,-0.9473201167537036,-0.9431508630609761,-0.9709048027918021,-1.053140431942983,-1.0706990804352947,-1.093630607547021,-1.1508642837300918,-1.1811741120508066,-1.2001651776521316,-1.2181090565336177,-1.2476351973436632,-1.2671172669012247,-1.2971220307094673,-1.3495572791779826,-1.3690070048278078,-1.3894252627130896,-1.4130704640495415,-1.4336724674287356,-1.4540293781374753,-1.4618988293301434,-1.4522724809669296,-1.4759249105880872,-1.5354850739601658,-1.5462357875634356,-1.5635883559171364
