jsons/1312646400.json
{"header": {"parameterUnit": "m", "parameterNumber": 3, "dx": 0.1, "dy": 0.5, "parameterNumberName": "Northward wave", "la1": 40.97354507446295, "la2": 16.46031188964855, "parameterCategory": 2, "lo2": 133.9931640625001, "nx": 191, "ny": 50, "refTime": "2011-08-05 8:00:00", "lo1": 114.97908020019554}, "data":
[rows 22 to 43 of 50, columns 50 to 99 of 191]
0,0,0,0,0,0,0,0,0,0,0,0,0,0,0,0,0,0,0.3789198655667028,-0.01145490391059706,0.21439317261949536,-0.044439805117099045,0.019364089889439374,-0.5998279191229002,-3.059675962919706,-3.3833576771252374,-3.500955975482625,-3.601185261994945,-3.9536721550933613,-4.123355824875014,-4.359892723243488,-4.691368064450529,-4.832881145915098,-4.978758264725348,-5.090873234625496,-5.562776631938744,-5.930402075754981,-6.258139948565797,-6.682209732531193,-6.798880859656262,-7.029448637704321,-7.486317613358151,-7.7423067272625845,-8.074370817935653,-8.32822383151001,-8.443699036228702,-8.413003393534886,-8.572592420469803,-8.672131147410003,-8.283526395206827
0,0,0,0,0,0,0,0,0,0,0,0,0,0,0,-0.003360311873208679,0,0,0,0,-0.5574502376973685,-1.1104498061350039,-1.9921332575319508,-2.2955935211363556,-2.4917892077351858,-2.91253626771003,-2.9485946137749717,-2.922824763875054,-3.0961650851643427,-3.149846908635655,-3.2668759806044707,-3.50213911715497,-3.638502775469325,-3.8429866007191436,-3.9827365450951446,-3.958413702332725,-4.151630626263409,-4.371263225797645,-4.738255311656966,-5.255591968578912,-5.581892689849591,-6.074906001023764,-6.261474405182737,-6.960920171431829,-7.002091141893784,-7.0818667089936245,-7.083497594431323,-7.021211915228736,-6.901460029109906,-6.618998295284939
0,0,0,0,0,0,0,0,0,0,0,0,0,0,0,0,0,0,-0.6247570752985722,-0.9259326573353079,-1.4932191973140516,-1.6763593707083666,-2.004899839761688,-1.950753916149804,-1.7110444899203154,-1.7272477058378708,-1.6299749187627988,-1.352576137121604,-1.3321594220604507,-1.2868782211735008,-0.9246961453405809,-0.8545094471468564,-0.8624894290212851,-1.0288416275641041,-1.2097011649681115,-1.421957489499554,-1.7668102212762062,-1.9827758656515928,-2.323751672178967,-2.6939174440413485,-2.856787584325201,-3.053249664206972,-3.2856680650967163,-3.7075895433603328,-4.066507617174953,-4.665651822560799,-5.837886278599091,-6.206618792403761,-6.232551549284606,-5.920741585280854
0,0,0,0,0,0,0,0,0,0,0,0,0,0,0,-8.1454825486999445e+37,0.22192323789807608,-1.2425405749398108,-1.488961325001306,-1.6942182833205175,-1.2768813434930464,-1.1822422544690316,-1.1921093652999066,-1.05854596017167,-0.7995438416276673,-0.5886779497716403,-0.343708011040363,0.19569442999485465,0.2545631641209378,0.3572786458462192,0.5864451570804801,0.6378178511343027,0.7051193695988226,0.6765207284555259,0.8169280268063392,0.908274794279585,1.0943214553286105,1.1461551183862073,1.339629690897247,1.5961970791666933,1.6352198160578315,1.712118424800361,1.7180338497545071,1.8890403892417653,2.046816511429416,2.2783832171513554,2.9692277351954965,3.6818213213105966,4.622900062481136,2.156074106369371
0,0,0,0,0,0,0,0,-0.22093964895432874,-0.6012094763499505,-0.6836770378359,0.02361484613663073,0.02270086971973042,-0.20317037062446658,-0.8430645599081311,-0.970157812214219,-1.0951599743231537,-1.024515659889093,-0.9546341350730998,-0.984033025083046,-0.7575414797251037,-0.5584451753926515,-0.27759211639789927,-0.03258615085743786,0.29481353678555916,0.4943569833467955,0.6682224458446263,0.8987442596853543,1.0622026567420282,1.1997312811095755,1.4093029956705403,1.6204643124471367,1.7596967491810303,1.9677393972725508,2.0804105126918304,2.277633898468972,2.6066385312663916,2.82816896429369,3.193124371453111,3.363149451112118,3.5047899951281165,3.7650409478178113,3.9375396325891683,4.3303760970241925,4.474487728788596,4.642205830771002,5.028099220731674,5.179318567238548,5.295221310186068,5.408463418745083
0,0,0,0,0,0,0,-1.0668985591992293,-1.0815485879651043,-1.3299740708425378,-1.3414459349563725,-1.268734654838051,-1.387006151243681,-1.399300262966455,-1.3913902745660147,-1.3542248707290323,-1.4086937089892553,-1.1923084051720187,-1.0609981129992896,-0.7352760710568169,-0.28828113638242026,-0.16260902130653782,-0.005211446357880378,0.11237210105409044,0.39160390599164263,0.5807630864001836,0.7091891783430251,1.0307622347494962,1.1982833153213575,1.3602751440726923,1.7419295187194896,1.9188023855774792,2.09165666961604,2.458478161782991,2.639853410775308,2.8042885671534337,3.0541959663028098,3.2750149259916554,3.4629536865725252,3.749831145411399,3.880291357839967,4.071123528801421,4.260996174653521,4.514530024067007,4.623120690431797,4.731849052562979,4.994312732610902,5.1458337761046415,5.272729649419118,5.433118045017105
0,0,0.2128054756366359,-1.3501786539903082,-1.5269922585021882,-1.544671423262967,-1.7345080929064747,-1.7101802110068398,-1.5998342777035222,-1.664640947141757,-1.6513836660767742,-1.547085847787514,-1.5645587528879947,-1.5012924895399287,-1.3544502687033186,-1.2633589284286688,-1.1659326825322114,-0.8629131076058937,-0.8057537095521491,-0.6792244348014813,-0.4366276783858352,-0.24303381299976423,-0.14978195072864242,-0.02930057857589433,0.19346103975313925,0.3792359772216639,0.43134014163565615,0.6800026643271441,0.9635366755194097,1.117614630771745,1.3910806302001184,1.5695508667023714,1.6858054965337956,2.0530004800667805,2.2599310344307693,2.4533335863136534,2.8554587515455383,3.1401957982467095,3.224611507227614,3.436239710265077,3.6342701231218264,3.766117551578677,3.9516692952478105,4.215190718288249,4.3533357640993104,4.488119453101461,4.655671741135246,4.752354308226628,4.789033538910745,4.957661893381777
-1.4235997775856015,-1.5188189299547703,-1.6574536148938555,-1.8214251724836266,-1.7028276797446384,-1.7264607205888263,-1.8148933123594655,-1.8303687149659833,-1.7474316213175793,-1.8253545673016383,-1.82475180392128,-1.7110211995208364,-1.6715214657233495,-1.5133922776639606,-1.2074573706034946,-1.0774371866369659,-1.0006672842834206,-0.8164289935373139,-0.727403870347854,-0.6475839241555036,-0.46605010245036604,-0.35119741357390094,-0.22185794408176174,-0.09429159642298264,0.1633083077940289,0.27845676173140727,0.38879062028257305,0.6171340546440067,0.7404484499945145,0.9116629457583153,1.1815045141003435,1.3400136254873334,1.4518829237714355,1.7904264468103146,1.9760467787067777,2.12423277271742,2.3346453799870375,2.5212777365474732,2.690659870192981,2.9607653510266165,3.048171612920154,3.24243900799737,3.392944960236135,3.7249889047532854,3.8849762532688645,3.937486058022113,4.218191590193994,4.310502328919706,4.3373216997655035,4.486173697195341
-1.87064311703647,-1.8451593912489188,-1.8812005901183193,-1.9303750221248719,-1.8937844050477297,-1.8859015979307108,-1.9332504441726575,-1.919364137155791,-1.8073772551969551,-1.8187332684120887,-1.7639262455447529,-1.606266632730025,-1.4693478934875408,-1.36723258631397,-1.1480422415439935,-1.1302899537534015,-1.0769542028234202,-0.9594776794793599,-0.8547079246765248,-0.7983407951215511,-0.6299983562195477,-0.5556507902392563,-0.4945171256291294,-0.44731383984055606,-0.24700352215465907,-0.13672263116922503,-0.0165790556590696,0.21687966206320372,0.3106839662966701,0.42328844044899483,0.6058262026461854,0.6792380513700539,0.7783608708484002,0.9690971249139266,1.0242686591793155,1.1096855800337522,1.2679753000587588,1.635692940364266,1.7790579382394114,2.1490284344609485,2.501674330987197,2.6047752438597027,2.855644629428709,3.1839248690568165,3.345390576157608,3.5014071502730615,3.727787248576643,3.8034001804332944,3.830747999620341,3.969962205661713
-1.8674553646178564,-1.784368607704988,-1.7886888315108689,-1.8486156209749653,-1.7844283219818053,-1.764128918943638,-1.7770304520495408,-1.7403892497210753,-1.6374148190073943,-1.589712120642467,-1.5402357114357814,-1.409511845974371,-1.3801807844910423,-1.3489974457320395,-1.3068732580130968,-1.2764732987923457,-1.2852522243707032,-1.1857366584666555,-1.1231883186720744,-1.02013711005499,-0.862023655533451,-0.8082600536597708,-0.7481495560557297,-0.7053354912916647,-0.5744251835864368,-0.5192766704874462,-0.464254376594832,-0.29736019723311213,-0.20118191717830952,-0.12684478191497087,-0.04926975634212824,-0.004313623288070482,0.016498831496346785,0.11352218193708659,0.21024247092573276,0.3900146013604227,0.7385782114769436,0.9314936105128737,1.179645792353044,1.7172608845031152,1.9380353864775408,2.1489448563713744,2.3897376725866573,2.7500040207280905,2.8710431988904066,3.1354570919665825,3.3950827714066447,3.424171854379217,3.4418450429542067,3.5681107167056876
-1.3150639115258957,-1.1765670096850385,-1.1259398687611626,-1.0869825695689799,-0.9051653531961837,-0.7943675639296277,-0.7080059967225762,-0.4533053403212599,-0.07266005395300879,0.4823705925677116,0.6775163554945138,0,0,0,0,0,0,0,0,0,-1.6534797453642616,-1.5112847521967336,-1.4345740506807854,-1.3369446151692446,-1.2053327515597965,-1.0969741304621416,-1.0180645097843009,-0.90156205773717,-0.8754112989762747,-0.8223955682148725,-0.6956403186192639,-0.6356316673067669,-0.5741957313119254,-0.2889282907337068,-0.17758334429598158,0.02616204030394062,0.3674986107805025,0.5284893766759103,0.7450577070750225,1.151204085782971,1.4227360509515041,1.5959718370024454,1.7606076825847026,1.9784619060191933,2.122529241220654,2.433336860826382,2.684308217544799,2.7810247091750653,2.9076871081875066,3.1750017740164216
-0.4943799975812855,-0.30620625938346163,-0.13481587457467947,-0.02322229215276877,0.35402768095174775,0.45580293547393175,0.6424444061783273,0,0,0,0,0,0,0,0,0,0,0,0,-2.070426117424427,-1.7650210674006122,-1.648467818237049,-1.5811060909878496,-1.4906932113884714,-1.2188478040761073,-1.1778990375763774,-1.097927109709725,-0.9205766418581517,-0.864766440052872,-0.7953669989747232,-0.6514755084653471,-0.6294375996518643,-0.5562611347231787,-0.4348771293966435,-0.3307841090435539,-0.2501863963960327,0.15795986826787536,0.5816887098694676,0.9413575976326304,0.48670882467278365,0.6140704211510216,-0.5369065578907343,-1.445377177561628,-0.27154830011783904,0.5072629253769736,1.16662989864231,1.9103671224607097,2.1536937635651956,2.3006360633081355,2.6248842105778234
0.3419378977998244,0.5790495636556998,0.638588306407746,0.6606290016210282,0,0,0,0,0,0,0,0,0,0,0,0,0,-1.7443514068379935,-1.7124988447330007,-1.7559710911645026,-1.5030523765573807,-1.4535550376546853,-1.4076890386953935,-1.316518707604071,-1.1375029995309542,-1.0743489649323,-0.9837761619177555,-0.7967043341054397,-0.6671056888995058,-0.5571539217047825,-0.2904661443764964,-0.07521615720636528,0.04639977468469645,0.5445211615783035,0.8420902663308114,1.06463154614743,1.5426510533638376,1.5510764421413445,1.4864662217928795,1.2455752914579465,1.2000324828203393,1.2254369149321849,1.2040824537640762,1.2419265872096041,1.326752552235034,1.3927701128966778,1.606100752018546,1.7211578324530106,1.9255227835165278,2.2030892761809304
0.5378213526473549,0.6534555348130365,0,0,0,0,0,0,0,0,0,0,0,0,0,0,-1.7490075645310634,-1.5639507658159035,-1.5343438989892257,-1.4679801254129556,-1.257507673855339,-1.1921662879339403,-1.130757171832725,-1.007954904258394,-0.7774698139068456,-0.6622215305998762,-0.5771995183785064,-0.3127646080716222,-0.1840989472158602,-0.04613532032631502,0.26400212457974165,0.3598918304518946,0.4794357445900821,0.6908380678775166,0.7906932263107411,0.8575685169860823,0.9367116619212975,0.9642699586022526,1.0028344867450507,1.0173541695193224,1.035196243411167,1.0713523418244721,1.094788385885146,1.1824472764561476,1.2531545819251062,1.3419049104289207,1.5470463499581901,1.6339527540850691,1.7215163077373008,1.9327857863558653
0.5104433961243232,0.5719709445002628,0,0,0,0,0,0,0,0,0,0,0,0,-1.4616073568407497,-1.4102371196340517,-1.407200855980879,-1.2403441326919575,-1.1616518761096024,-1.085853212599985,-0.8998271966132458,-0.7615127431120624,-0.6821476359652359,-0.5836934852082216,-0.3813334866285511,-0.2882699048721574,-0.17251096297226376,-0.02066715177203462,0.08634913762698601,0.14068503206346797,0.2810816596465401,0.31248195788779487,0.33924979953696754,0.4529325230055099,0.5137303298871453,0.5584214726657339,0.593280000734083,0.6609098980833563,0.7024870240907151,0.7926742837563737,0.826752867486171,0.8931901794059433,0.9304302429163936,1.0986910446936302,1.1796137368422037,1.27848284877341,1.444263606576385,1.545436537858908,1.5985815681243642,1.7291954715199778
0.4241118227660888,0.45381065577449403,0.389156786734943,0.020915552139487353,0.10417383385752664,0,0,0,0,0,0.3798577747247859,-1.3233100381230167,-1.3565598875775846,-1.2945759839694333,-1.184538608499058,-1.1171860780913836,-1.0507693242784455,-0.8976986487734793,-0.84271915354623,-0.7797338704060426,-0.6365042660493053,-0.568372267458883,-0.48838009686627015,-0.429300910067898,-0.28233998200849103,-0.1897112515793974,-0.13507287909141646,-0.01114076764489923,0.060941769190946245,0.10177086051201767,0.1730578740711126,0.24170727507710696,0.3152175767490467,0.3912034000899402,0.40545707374128304,0.4291450220707936,0.4780282405938938,0.5369391781617961,0.5636577965166392,0.6614996104871816,0.715447189584552,0.7840639685117858,0.824423417933515,0.9413989138455412,1.0487456896496015,1.1135422884093034,1.2535894513563461,1.2798176389556002,1.3747628345080505,1.498314461625773
0.5028343568981664,0.41466330178078364,0.3321348962316417,-0.5433020300549418,0.38044834375890024,0.48287192879573165,0.3837932845278991,-0.18076020063068504,0,-1.3054778021434665,-1.1892287451253472,-1.0623359780750337,-1.0314278363914824,-0.9803293682774473,-0.865416342684074,-0.8145288240352455,-0.7830094287707983,-0.6738548977543022,-0.6043012225786093,-0.5605608803331957,-0.4385353210672805,-0.38042305008054605,-0.3340282275903431,-0.2713434936546606,-0.18851029191710625,-0.15680239664745194,-0.10539712837345007,-0.03566597918511967,0.010877002142454184,0.025894230014643218,0.08512705258461926,0.10517477296267153,0.10882248825497527,0.253707792897064,0.2920643897173269,0.31302152987572757,0.3585314488798692,0.42223052517182835,0.4543837955116203,0.5934340413962288,0.6405651255376605,0.7279572949872382,0.8022946695201505,0.9073893057134252,0.9830300070229376,1.0276704802590415,1.165175638888406,1.202982065938294,1.2783932982717132,1.354840506848011
-0.3345437782286671,-0.500263840757693,-0.5935029261629181,-0.7509657627945799,-0.7855057109559116,-0.8937529016273376,-0.9354400029493909,-0.9513347032815291,-0.890903829843937,-0.9005722391332748,-0.8705868645731294,-0.8109253534166111,-0.7963401693176944,-0.7700415247473501,-0.6798244843906363,-0.6379549961880276,-0.6118553704502511,-0.5278612871941738,-0.4944654267536407,-0.4720733494828293,-0.39747782501522355,-0.35282582063662393,-0.3442452530185523,-0.29943732285120855,-0.2020817685056863,-0.14287014829852554,-0.13741154386139426,-0.08388679342285017,-0.07189373961768147,-0.04624573485174468,0.0073783246474764825,0.03973678253287201,0.0895180440803148,0.1584446076166305,0.2024511277473416,0.22432514511890056,0.3596853831035383,0.4145028983948066,0.4656998500335677,0.559466262123539,0.6250290760151104,0.667385863447473,0.709983158313932,0.8310866415110891,0.8861037459327714,0.9610072579308938,1.0225586611181836,1.0737116942773015,1.1278506674267004,1.1996310353703492
-0.8195883372056627,-0.8342105534704908,-0.8364631878633147,-0.8877262500726885,-0.8622131439077818,-0.8525163759005984,-0.835544870459731,-0.8301753535344878,-0.7752505448077804,-0.7723230652768865,-0.7471201817661907,-0.69061995616405,-0.6671662454249715,-0.6458846200519849,-0.58959449045717,-0.5817582639802367,-0.5716491104481446,-0.5343593064251801,-0.5001139011168511,-0.48314970083785763,-0.4295860504797545,-0.37820165843382153,-0.35760206159834246,-0.326077309942322,-0.2559451123862425,-0.22973757494033573,-0.20267210583904663,-0.16086551984676545,-0.1585237541171318,-0.12391926798782511,-0.0769472960884581,-0.039513578526106596,0.002341222029383453,0.08375296562061561,0.13610629194150506,0.1959393475350288,0.29477647917857686,0.37472353000386066,0.40988157098592926,0.5440257015290567,0.6112659016155471,0.6165373492407434,0.6569793103110395,0.7332214443398254,0.7938604611557499,0.8236044337546641,0.9293386792262449,0.9796171790609839,1.0128739453490727,1.0930177293852474
-0.8367719609035424,-0.8269089455343898,-0.8063569529811373,-0.818885075275264,-0.7727975596122907,-0.7723795921163774,-0.7683631015436452,-0.7398321289915669,-0.7161936960507572,-0.6979932448326787,-0.6845566320588636,-0.6364601376941338,-0.6455949356723856,-0.6389535785561269,-0.6204269505859049,-0.6038801718975472,-0.585065023216108,-0.553700522793441,-0.5233606030195546,-0.4885509588624397,-0.4417284368769865,-0.41722645485319776,-0.3895828439679965,-0.3802296231408262,-0.32899712587679825,-0.32777185638631184,-0.2976237610315964,-0.24448613172620687,-0.22014726518612737,-0.1732426792515941,-0.11930384395113809,-0.06806399751065641,-0.04593357063988306,0.05199532008612664,0.10392609133725086,0.14569219265208802,0.20327617723309754,0.27133539698935183,0.31487001670123593,0.4312505857792662,0.46584273737805987,0.4932547926423212,0.5302699833687103,0.5911973443634843,0.6753261458054072,0.7384881723536072,0.8195643944166732,0.8433883445867495,0.8613986360593155,1.0039035624442165
-0.8250687717405962,-0.7937147917133748,-0.7836487366912471,-0.7787531827178636,-0.7544194679968467,-0.7414640064159326,-0.74454375445816,-0.737842604797461,-0.7004317440972533,-0.7101952620035238,-0.7029520734427053,-0.6826127121920487,-0.678649141671893,-0.6587556639881621,-0.6333150596296072,-0.6161198580402475,-0.5932950242523214,-0.5533615271332063,-0.5310288038202363,-0.5147258805035342,-0.4698667685172271,-0.4489328701968193,-0.4241908813562878,-0.41622099978205734,-0.3675553661920879,-0.3501286957188915,-0.33058446037712813,-0.2715639591820882,-0.247665714810418,-0.21359845774326494,-0.1586141998991527,-0.11778615473701602,-0.07522036040394885,0.006542008982398007,0.06432089332435305,0.07561797312697575,0.1599743840914029,0.2065724805236555,0.270667973172375,0.3208254324451076,0.3765347084698076,0.41782331837163617,0.4730785306130278,0.5415642693912776,0.5744402938359324,0.6269090973586233,0.7112492523127,0.7502526673596756,0.8179011664918032,0.9165198877539488
-0.8040531752774623,-0.7916210315992362,-0.7819534070529446,-0.7913987709700768,-0.7694420169649768,-0.7541552850410802,-0.7641700203623657,-0.7663270039009118,-0.7359054778902873,-0.7426824532078752,-0.7372871485192848,-0.691351464298771,-0.6785317065489065,-0.6723785017842192,-0.6280493190675838,-0.6052962158995624,-0.5983130806646679,-0.5618998861093278,-0.5436935771988094,-0.5323451751708272,-0.4951378795532788,-0.4923975765735365,-0.4817820975241334,-0.45324263180082136,-0.4235361667267231,-0.409563031311359,-0.38194219843669996,-0.3139834782034384,-0.30357157122042244,-0.27561123615216243,-0.20148601935290023,-0.17580245524470678,-0.13636155221189533,-0.07121242563752805,-0.047461961785730464,-0.007463395420676812,0.05498645947677718,0.07848908069077969,0.12807134607304696,0.21619369193345453,0.25426421831997764,0.3152115096140952,0.33609574183626156,0.4111352369174559,0.45099916369042553,0.49911990221230573,0.5928545547854119,0.634068416537773,0.64118671938567,0.7302294236717932
