jsons/1312779600.json
{"header": {"parameterUnit": "m", "parameterNumber": 3, "dx": 0.1, "dy": 0.5, "parameterNumberName": "Northward wave", "la1": 40.97354507446295, "la2": 16.46031188964855, "parameterCategory": 2, "lo2": 133.9931640625001, "nx": 191, "ny": 50, "refTime": "2011-08-05 8:00:00", "lo1": 114.97908020019554}, "data":
[rows 22 to 43 of 50, columns 50 to 99 of 191]
0,0,0,0,0,0,0,0,0,0,0,0,0,0,0,0,0,0,0.07594901892945286,0.07118369740248616,0.17842538563599838,0.004553049402620733,0.21763999675072085,-0.6258968796450151,-1.1043723508655265,-1.27687778725243,-1.1407357921776513,-0.6932117660524676,-0.43356675014797036,-0.23049898666602028,0.11911603637887329,0.346349528937889,0.5122716222284365,0.6836045196648594,0.7711971500571488,0.8384149943185621,0.9723500328357974,1.0057542442334548,1.000310389283891,1.0447928581272075,1.0523163423876836,1.0745785667477485,1.0830460568150924,1.156779368860501,1.1711335659988942,1.175273758120624,0.9356237055175001,-0.391610986185349,0.8220643090720063,1.0766358812166994
0,0,0,0,0,0,0,0,0,0,0,0,0,0,0,0.003543299066179636,0,0,0,0,-0.34543205070926275,-0.6836288566698818,-0.9670505968417334,-1.0397850240981426,-1.0677691524910717,-1.053226618160722,-0.8630527092406941,-0.42545932321826574,-0.1929994423235622,0.07371648738135912,0.48614394551377876,0.6777218695909522,0.816477111691869,0.9756494476188095,0.9787051119588575,0.9919215550514368,1.002596338775325,1.0143260961512068,1.0115077854007541,1.0577834347777666,1.0900077331273756,1.1081205570205432,1.1262647498702236,1.157159476257184,1.1807841380826576,1.204850249899368,1.2456194444941193,-1.2530352135866423,1.2077465178583229,1.1964134630299776
0,0,0,0,0,0,0,0,0,0,0,0,0,0,0,0,0,0,-0.38099468431905387,-0.6453971974283147,-0.7868211180752083,-0.9140732698741458,-1.1111935092063094,-1.1081123285168033,-0.8104916179203991,-0.6781771431941238,-0.44144212311006753,-0.03371017155658159,0.1875978257593968,0.37895740660405697,0.7699425493281643,0.838037796519766,0.8585885787604016,0.9217608316218454,0.9525121300999777,0.9807653375396601,1.037865395865084,1.067605197044278,1.078232719632376,1.1121865637264183,1.1160441228739868,1.1447544046499063,1.153005705546253,1.174099381364908,1.187439188957778,1.198967159947882,1.0815609707903533,1.227956835700097,-0.7128121211611353,1.0296352158080924
0,0,0,0,0,0,0,0,0,0,0,0,0,0,0,-8.1454825486999445e+37,0.07589642775936806,-0.4845979713232176,-0.7174836117608528,-1.0218524247409297,-1.0487354213635334,-1.031510944192887,-1.0290581825191834,-0.8892791214903081,-0.5534721988186838,-0.3788958539303835,-0.19191632426773933,0.3102465262315181,0.4867839836482353,0.6344790207412924,0.9218858092090999,0.9423349076792501,0.966924011389046,1.0372184568517269,1.053903823211836,1.0390116089320527,1.0515651215028585,1.0504604126664323,1.0828450566926164,1.0975080769437098,1.0989908484540813,1.1154673587347956,1.1273648298804764,1.1508620643851957,1.1659100475122486,1.1788184298301732,0.9593645560211959,-0.4489900270388886,0.7373407460112895,0.8600213261866647
0,0,0,0,0,0,0,0,-0.08156138513159648,-0.19497777578207998,-0.2668068755168907,-0.3244539502149129,-0.4498185494781664,-0.524911882736784,-0.6563486125351851,-0.7834009935913814,-0.9817567345605539,-1.1092821644190372,-1.1297371064416992,-1.1922806021446564,-0.9851909941778761,-0.8968034671805346,-0.7357999182963392,-0.5584892657672886,-0.23890785530888126,-0.054352438146969086,0.1157008934374591,0.49892250998100435,0.6724566416514307,0.7659404791596963,0.9640590219806641,0.9895081746100468,1.0008259138327533,1.0394798155912166,1.086098636540654,1.098867578944259,1.1095100852916213,1.0956435848938773,1.1107767561732094,1.1215396522892953,1.1262638804213247,1.1294876596442776,1.1311718799217765,1.1346742673713224,1.1335837881405262,1.1411974479295548,1.06169420963797,0.8163704490848751,-0.2538039432684139,0.9959705769169057
0,0,0,0,0,0,0,-0.36517715032495157,-0.4765397696580781,-0.6617415240725611,-0.7426786654236114,-0.8486581044353418,-0.9902732967057096,-1.0542252640350924,-1.0838720769688701,-1.0862694412610394,-1.1363958492440684,-0.99640137632565,-0.9359023681839456,-0.8743895502633952,-0.6574139061464586,-0.5391571639810311,-0.43229383154270673,-0.3350722729766558,-0.08628830787077028,0.07444873360102826,0.2040037066290728,0.41869567957841264,0.5865281680455772,0.7081474142998867,0.8925916298303477,0.9312187643813739,0.9561979038688363,1.0640735650422475,1.1050928990714102,1.1117260673575802,1.1282754781594515,1.1347269728851983,1.1394142936876304,1.1485387332120727,1.1509174842596996,1.142312536605643,1.1407375146561385,1.09493886768534,1.0985496650350388,0.8841934981394028,0.9960216644453671,0.8818650392634347,0.8084599788224152,1.1428446241591133
0,0,0.0995086860326146,-0.45205374241592317,-0.5725056037092796,-0.6564883148285392,-0.8104533784785667,-0.8790590613066773,-0.9596839423831721,-1.0456158344583861,-1.0966733794754377,-1.0922101665398902,-1.1399506955630652,-1.115338911195337,-1.0394492354301164,-0.9725435846972891,-0.9481402722976031,-0.7948798472420908,-0.7574764469068763,-0.6741934129319286,-0.5446297019503406,-0.4092964899721815,-0.3287618125721127,-0.23177739774722111,-0.04608801419018438,0.10680323814139026,0.15103238429905147,0.4800747861446245,0.5829278655115105,0.6709891695680985,0.8516309240840383,0.9100476680126984,0.9514694936806096,1.0899110569616055,1.0986626907436412,1.1097151655929112,1.130849009727453,1.1339728274980287,1.1357510945890024,1.1536828350533377,1.1583010059979026,1.1555304891764824,1.151561595733791,1.1553316484981724,1.112426757155728,1.1035625672337268,1.1178147800532758,1.096233519795128,1.112727333873432,-0.11767451768545291
-0.5983910082379359,-0.6703349053024791,-0.7496807524652096,-0.8536685957752146,-0.8831253990319013,-0.9292744857694639,-1.0100816611388723,-1.0186871875036596,-0.9624780784351923,-0.9976216023427087,-0.9717292398941155,-0.909866094581153,-0.9153984255667582,-0.870785520654989,-0.7842560742274841,-0.7305397251184542,-0.6963667872542262,-0.6034512855384677,-0.5552195224850202,-0.4777859522756655,-0.36273921122632447,-0.29029712123263635,-0.2171006482770085,-0.15670036626034411,0.029434017681019428,0.15651089476020072,0.2470038687355306,0.4169508302445907,0.464935634919119,0.5833251849543134,0.7802685015419798,0.8417233365139775,0.8789703212787994,1.0240524411648109,1.088588022124043,1.0920473540859614,1.1377062816366579,1.137027545395819,1.1446611698461264,1.139022199120097,1.1472714372993749,1.145828982169192,1.1496227190371586,1.157298660519568,1.1483884369381845,1.1428204272215057,1.1274284603915032,1.082408268493966,1.0829120412717197,-0.22568532658118942
-0.8439141593711578,-0.8454572871974445,-0.8808363722046796,-0.9139781390256979,-0.8822309979658581,-0.8679864049669602,-0.8904483212372398,-0.8685310901658668,-0.8181282494247961,-0.8312809489618509,-0.8047459521365468,-0.7268980129044411,-0.6852217475359205,-0.6585843174691043,-0.5939107771930835,-0.5802564541385703,-0.5371508071855683,-0.5059382166989271,-0.4291943030251115,-0.38935361849185424,-0.30631473063763387,-0.28825767380366285,-0.2630528967684583,-0.24547308596923884,-0.06354382394630644,0.03459451691564408,0.13708285992842267,0.33400179807566865,0.39117659228691115,0.4783385579488076,0.6128391735973462,0.6535182529507854,0.7353027732984185,0.8749650554920825,0.953568628643869,0.977601151968913,1.0567185964253387,1.0964544984738822,1.0994989434874662,1.125358525964343,1.138649680875755,1.1258312400528714,1.1458182841775857,1.1607236691007181,1.1541630862535088,1.1512550151389274,1.146114585369614,1.0583261766782672,0.9161647711597615,-1.078953786138521
-0.8051335839722168,-0.7453756646157255,-0.7236588848840652,-0.7305079042432419,-0.6659398105914321,-0.6555893037505517,-0.6530817385333944,-0.625296643567462,-0.560965509982449,-0.5298109168304976,-0.5046883625350675,-0.4302335997687148,-0.39248280823892634,-0.373467560397715,-0.36564479483516654,-0.3859139367406884,-0.4237935610469885,-0.45573596483689865,-0.4670070640823829,-0.5065887841615451,-0.4366174198504185,-0.4019057135165428,-0.35688727748676957,-0.282812980899076,-0.13088851606241553,-0.035223628951640114,0.045231146963533836,0.1779210313180686,0.24615111500908973,0.3061157793821113,0.4133493774565575,0.4602677165281758,0.5194833742663252,0.6974422391982222,0.7799350673779082,0.8793451672307667,1.018933687882829,1.0547241700149812,1.0572405453597578,1.1100258227897801,1.1287056361170518,1.1403125350565089,1.140350644015629,1.152823120138541,1.142236163058552,1.1570033223863263,1.158939569299198,1.1374672492513318,1.1296535555915161,1.1264715788223136
-0.5808019043769875,-0.4901724752029543,-0.4595211262769027,-0.43737032262866204,-0.35514982771205594,-0.31865993217392075,-0.2953790065225203,-0.18058403186103836,0.008601664748779133,0.22422522792765748,0.2875852172571214,0,0,0,0,0,0,0,0,0,-0.7811371148576296,-0.6645354014061813,-0.6004723727759802,-0.5179839702637535,-0.3858565919138669,-0.228115957794446,-0.13610368413452673,-0.02323494128315018,0.04252842837528096,0.10222440979986665,0.2553255387195638,0.3413350540045061,0.4345293899989856,0.6994271580107974,0.7600407279100664,0.8416453495398803,0.9086139767757535,0.9247126232877887,0.9488599244548616,0.997270342577907,1.0076032147996736,0.9927666082139904,0.9698908183056492,0.9857604046409288,1.007812377034432,1.0660569777816102,1.1225965341317972,1.1255353457530233,1.1384230620583424,1.1667002324069535
-0.30636538804987234,-0.18174694672479852,-0.12968005624491086,-0.05367204484177077,0.19541786306034786,0.2686534054933154,0.4042414993308621,0,0,0,0,0,0,0,0,0,0,0,0,-1.0760374491663645,-0.8001160881871388,-0.6876177274460412,-0.6059485667908941,-0.5439818495619863,-0.36005547713141745,-0.2971120693556994,-0.21441393058556288,-0.07993629071986373,-0.040113370940670835,0.032769541535323084,0.19664500065251386,0.2808230252396053,0.3710359674733809,0.5396228842055586,0.6477296750316383,0.7007352944895923,0.8288031769349691,0.6912923525040848,0.5827646346654793,0.506810932453756,0.62927303332876,0.16722016923270827,-0.3801877186061243,-0.7355397620364852,-0.11087850782995126,0.5024809468468905,1.01286545170126,1.1035914886977003,1.1582265045847686,1.2275887021958656
0.15947914740864608,0.44448356008948003,0.5156765188950952,0.5022990302576732,0,0,0,0,0,0,0,0,0,0,0,0,0,-0.8925935164385085,-0.845120406522021,-0.8611695817059865,-0.6325078471538949,-0.5612172786383506,-0.49041198418808074,-0.4066839448516193,-0.28625374131634157,-0.20440297093006513,-0.1314975124249188,0.006356123392399005,0.10184502286554468,0.12205450239353854,0.21317370112722994,0.29990960014085016,0.37163914751902977,0.5596760101290257,0.6394002506074139,0.73652944431224,1.0602690544369295,0.8422430102580296,0.5365208886491203,0.9361211454679071,0.838973846250934,1.1389071024129094,1.0587537967570158,1.0120276459960764,1.0898500301273601,1.0363510143443915,0.9463449994093572,0.9844598336493792,1.039854827811877,1.1371549785627773
0.550791703606423,0.6818099722668939,0,0,0,0,0,0,0,0,0,0,0,0,0,0,-0.9702675420441296,-0.7616395578479744,-0.686259197026378,-0.6309009010024158,-0.461384290207754,-0.4037945448477144,-0.3496586056466836,-0.26462390812365966,-0.11590861198309871,-0.05327545263220899,-0.0015654768310538836,0.08716476606073446,0.13510298408683274,0.1767785926351673,0.2965206854364009,0.34750671963662155,0.40884437751610503,0.5478746186445854,0.6258605533189068,0.6768381906943156,0.9083681889129697,0.9416833910029209,0.9803015717713766,1.0109957372530256,1.0061969578877445,1.0294795513739807,1.0322164430063756,1.030047056709163,1.0065352743538394,0.9489863353790472,0.9163727199114442,0.9316064633352876,0.9280493032595534,1.0125324491656285
0.39035909950368597,0.06446851788025394,0,0,0,0,0,0,0,0,0,0,0,0,-0.8036024261875789,-0.761462540356856,-0.7467723436494189,-0.5760865032738028,-0.5124718765053746,-0.4625495198934733,-0.2864229050883563,-0.2071092042793769,-0.15870869017993644,-0.11417741628925734,-0.024380359627648313,0.03464496035722291,0.0906368697843805,0.16882749074435582,0.21562947429125123,0.24288139834518235,0.3369503258758078,0.4087047597755213,0.4674347726460285,0.5731004783398622,0.652941961062761,0.6772694711043012,0.7776901647973887,0.8071109956140783,0.8269584527646463,0.9222797268924011,0.9147073411547179,0.9120140921554514,0.9152287593304493,0.9419381457408128,0.9312037922615977,0.9379387656136984,0.9257411964363587,0.9114905918976237,0.9015204917591485,0.9339880800490081
0.5234147070303641,0.5800153561823941,0.5191872226868619,0.0036260483172051473,0.11690053318873717,0,0,0,0,0,0.20165179589475357,-0.8125687525509121,-0.8605260081825654,-0.7918508523602904,-0.634024869956585,-0.5475836165179712,-0.4705688220796976,-0.3525592736749445,-0.31677453834093533,-0.2678476529099631,-0.14927596359304932,-0.08792323118735057,-0.0376334801103557,0.005452681649630695,0.13191913963638616,0.1606879919199256,0.18678436483073912,0.2532043529629379,0.3176548207266503,0.35829113969793797,0.42700958294632857,0.49585179317755773,0.5523495562447799,0.7630150308978021,0.7796048284958309,0.767788391090856,0.8048791989229899,0.8222163386324599,0.814667045097448,0.8571959320859887,0.877343527735035,0.8779460634607463,0.8887397162358759,0.9122677248046062,0.9259986591382054,0.9305269878302723,0.9389829515418422,0.9464266278147863,0.9576634410475309,0.9701004392479533
0.4293318443322977,-0.14318296688028023,-0.1434125246930324,0.1883655555470609,0.35301191971043294,0.2672781125918071,0.21320758165704315,0.004990077592369109,0,-0.8690159758029546,-0.794291295784052,-0.6408436209819168,-0.6024010234148561,-0.5309943371887654,-0.3676936536034752,-0.2674884558748994,-0.2263391562746496,-0.10921569976419548,-0.034007216512250645,-0.010986685462572648,0.06070651071153179,0.1105400849809205,0.1634514235266574,0.25975458888145103,0.3151905394761698,0.3501049607674587,0.40278215586750726,0.4351183777308611,0.4366962712499178,0.4674910370087299,0.5711855085217469,0.5842982681223089,0.5952511717272843,0.6554500302803442,0.6776645051299746,0.7034239354499411,0.7491712233643337,0.7899747386695615,0.8122960906330348,0.852998929974653,0.8620516893517552,0.8837535029065717,0.8992339285314104,0.9171526049925172,0.9050264407679606,0.9130215269470747,0.9933852997202187,0.9954015788290418,0.9961563117570948,1.004297139887525
-0.39849543027352496,-0.45261426888345635,-0.46530511875863345,-0.4982481072114187,-0.47767531836957217,-0.5042358903197646,-0.4931741761830691,-0.4620645709696379,-0.41529223656025144,-0.39507222751293564,-0.3439687960041879,-0.2511218828578105,-0.24287974870775114,-0.22321425157092303,-0.13672369217061317,-0.07762072712132669,-0.035453618283525924,0.06736677009563552,0.10756158959298444,0.16299228840915903,0.2548644974555209,0.3007476424687001,0.32134991026765236,0.36718388158335485,0.4516009326617603,0.5203912219096549,0.5221565540722102,0.600398300557546,0.5895991925751013,0.6017857872716327,0.6253011665375814,0.6369194694019279,0.6565886575559343,0.7023033125632383,0.7474674045206772,0.7696388313760876,0.81347734810635,0.8318371630791709,0.8534792045294272,0.8855179965607874,0.8816082921834192,0.8711992774206068,0.8897598251209161,0.9219138372557155,0.9303087925844613,0.9400061945177699,0.9832883495851357,0.9935006823389437,1.0106082194389856,1.0304770079926089
-0.38320782753009314,-0.39164513616975166,-0.3924448265182361,-0.4206106921980172,-0.40025901013192944,-0.3964188532042466,-0.3951108770935265,-0.39352609921791454,-0.2834855642119543,-0.2678676796633352,-0.23036331987028233,-0.1547168231977673,-0.11153875580627463,-0.07647195068187275,0.01720361633002882,0.032341563202583114,0.05879552580350807,0.1323876526082425,0.16621380077864958,0.20703967220162497,0.26950560664313855,0.3324930661082713,0.3662348508737239,0.3912312193203543,0.46436246918162255,0.4759777644417186,0.4983783271941787,0.5728098032320101,0.5704948562899427,0.627343093749154,0.6781361516458848,0.6980893118553457,0.7055051891074716,0.719460282977765,0.73568098972165,0.7450702283415999,0.7855687505630639,0.8139846372525792,0.8197985540973729,0.8668736654997492,0.8873461374603753,0.8823483891108821,0.8849141979019386,0.8970067116992606,0.9031155825332641,0.9036249415231015,0.9544534957379414,0.9671973964745612,0.9943422335248672,1.055131079541424
-0.4515723440621787,-0.42739566113391214,-0.40912806745931574,-0.4149935085530571,-0.3619205719952239,-0.35567484496022816,-0.3296378292177194,-0.2835023214665154,-0.24074816036448957,-0.1939913082958671,-0.1720152644371693,-0.09616883580802488,-0.08707831297388094,-0.0550417030610757,-0.0020825874025506763,0.022388360138424736,0.06672501534949855,0.11461660646751917,0.15091752637737674,0.19384150009767698,0.24093115108807858,0.28251597254872884,0.34250255344645486,0.3581265942976469,0.4426817025592305,0.46045958339802084,0.5078984607801859,0.5906170283560701,0.6248045817692545,0.6878035700058586,0.728118236977573,0.7798986196516254,0.8036542978852088,0.7747423918666856,0.7936669166548918,0.8245285127371351,0.8475494012561285,0.8574830671823889,0.8626646482681237,0.868918399454517,0.8688905073098585,0.906394332991027,0.9281675516204617,0.9353910355790719,0.9505476130963783,0.9604320644190769,0.9763819336239475,0.9756971929287905,0.9830055206954669,1.041903353745298
-0.5183247149503342,-0.4612866513679088,-0.4384585534250551,-0.4182405757638574,-0.37379140573738656,-0.34195677326082397,-0.32781165630075393,-0.2975292961278867,-0.22139178594693965,-0.21786089234327924,-0.1831623776356607,-0.12153415080682237,-0.10725228531396123,-0.0712276843874223,-0.02526080822695013,0.00042022103836178996,0.03866202972062032,0.0894716791010793,0.11878030828484058,0.15690616291418277,0.21975999464414595,0.24737280918746,0.29738743449349303,0.31228255425551843,0.3747328045985467,0.40571375212021193,0.4398167578850761,0.5420068485002325,0.5705466707253579,0.6031355250150999,0.6587197807338141,0.6857567040739015,0.7095848098676575,0.7491393794832973,0.7788001586466152,0.7878101890173196,0.8065529824434351,0.829490591839575,0.8761884404188821,0.8990820300855428,0.9011476667021311,0.9061459127585856,0.9236542352056173,0.9424167062577148,0.9552067511219092,0.9692631616684908,0.9906766419661085,1.009905032488802,1.0357993214343129,1.0701910136386925
-0.4961259947254459,-0.47369023818967004,-0.4509742632396496,-0.43123282772832505,-0.3875075320290581,-0.3549754816082226,-0.337202962853236,-0.3311945663380032,-0.26832929709807923,-0.25361097488362006,-0.24053743019988738,-0.16050582550282497,-0.12117465474804155,-0.11125565709199464,-0.05749581110481929,-0.023931227798135023,-0.007325834908174581,0.05017399585895297,0.08140636247598107,0.10791549479220146,0.1696514162212229,0.18138315253023268,0.20241731317183367,0.2515119508442717,0.3108353046760669,0.33106655322737977,0.36406903045059286,0.4525568396374186,0.46682620913477424,0.4939990010768235,0.5676383764739305,0.5919989399356387,0.621612579484394,0.6761733386619043,0.6892020094529929,0.7165168122917446,0.7789720818957909,0.783538231962975,0.7941433974896522,0.8263769911072553,0.8364112036568221,0.8574531615762935,0.86023630746696,0.916133817297388,0.9474694929442836,0.970423752577729,1.0171168739705216,1.0449481695201228,1.0450060690938796,1.066061576375128
