jsons/1312628400.json
{"header": {"parameterUnit": "m", "parameterNumber": 3, "dx": 0.1, "dy": 0.5, "parameterNumberName": "Northward wave", "la1": 40.97354507446295, "la2": 16.46031188964855, "parameterCategory": 2, "lo2": 133.9931640625001, "nx": 191, "ny": 50, "refTime": "2011-08-05 8:00:00", "lo1": 114.97908020019554}, "data":
[rows 22 to 43 of 50, columns 50 to 99 of 191]
0,0,0,0,0,0,0,0,0,0,0,0,0,0,0,0,0,0,0.3174639586708962,-0.12077316117265906,-0.24437934462263028,-0.24920530881574346,-0.20678769151449813,-0.9904746182021377,-2.9244741949575497,-3.5703533686986626,-3.795899028901487,-4.041831128182949,-4.524740686869851,-4.802439004979198,-5.078508811837952,-5.472801051445158,-5.609593566905055,-5.725560513577464,-5.8292614972729355,-6.188984642064568,-6.41889908836768,-6.619315932629816,-7.020907152270353,-7.21546828765465,-7.384679696417113,-7.8449752195561056,-8.081202599513837,-8.207655310233436,-8.553777412271847,-8.727796789775734,-8.710636989777504,-8.939012575168306,-8.988760904826957,-8.828378638518942
0,0,0,0,0,0,0,0,0,0,0,0,0,0,0,-0.1004892995160213,0,0,0,0,-0.6994494165996921,-1.5112713195515246,-2.503734632503784,-2.9173913611183897,-3.1613390107674815,-3.7567752485983794,-3.952965638720428,-4.143594169368486,-4.474733892311395,-4.637528308046546,-4.8298682373439155,-5.175502680348817,-5.337851496885776,-5.5860170392638455,-5.844676983665534,-6.113431338192617,-6.299129735080192,-6.498434236622298,-6.90812831542628,-7.183671347919434,-7.4002005150288115,-7.901732787611365,-8.056615885250784,-8.384291820270223,-8.693265013556086,-8.879442831618574,-8.960337971513415,-9.293213496995245,-9.38577593256188,-9.358276997084733
0,0,0,0,0,0,0,0,0,0,0,0,0,0,0,0,0,0,-1.0843257897547716,-1.7370540284165934,-2.2727848579681442,-2.6269627234571526,-3.25375274021448,-3.434395881449193,-3.4408777193067177,-3.708197832987271,-3.7487566772029406,-3.7523113973743363,-3.924770041743663,-3.951574579003888,-3.665283651440908,-3.698430228919868,-3.75386634617554,-3.939388263882967,-4.162362600911038,-4.562046582155587,-4.866498823155489,-5.0803512998054305,-5.530218471521207,-5.998803661968857,-6.254231833532629,-6.674644333017062,-6.980489783257291,-7.493478720819382,-7.719096121083231,-7.940301437837081,-8.15860787545761,-8.321901852862116,-8.372180836964912,-8.326573714847447
0,0,0,0,0,0,0,0,0,0,0,0,0,0,0,-8.1454825486999445e+37,0.23591226085557448,-1.5400886276961414,-2.1232776169909107,-2.8007533650418583,-2.6862829864566056,-2.725105620287259,-2.926943046638944,-2.941896220399544,-2.896827017209467,-2.8755819409598513,-2.7188256592552884,-2.3905532151381665,-2.458384872276521,-2.4535998125870235,-2.329627202464289,-2.4445901522223643,-2.5117413192475095,-2.682757455854437,-2.665139282762251,-2.848852370999539,-2.9886027404664754,-3.1382770238350126,-3.372515953766886,-3.690511114997043,-4.007084216911825,-4.249507671574679,-4.673910194834984,-5.3813390895936415,-5.813363307717787,-6.301049280794301,-6.960244365471087,-7.046316201008032,-7.304727938825975,-7.512195831227159
0,0,0,0,0,0,0,0,-0.24214669499536312,-0.6650593396664942,-0.9387146222697066,-0.7662759867322771,-1.1295871666061028,-1.5439605949512851,-2.0559712528740834,-2.2474569590277476,-2.5837535348486718,-2.5617341761024863,-2.5780262750092557,-2.7637457271022763,-2.64401983907829,-2.510584697599205,-2.3860669136877215,-2.2064636194898517,-1.939474360983358,-1.8438291882427442,-1.7201226154788611,-1.4750668282629031,-1.431562249244996,-1.3594855971408402,-1.2235017925676688,-1.221346916050828,-1.1615706044469147,-1.1528720473881189,-1.1408027580446973,-1.1638628159994557,-1.1920758026759612,-1.1483328310773044,-0.932956175264918,-1.1654627724494429,-1.2361715233615158,-1.1911153505439689,-1.3587966808581078,-1.7401607883245402,-1.7433758687922327,-2.2020077319846356,-2.821434729322605,-3.223346798507162,-3.585016110866361,-4.34751443204259
0,0,0,0,0,0,0,-1.137669626622851,-1.258211914550763,-1.6449614322983934,-1.728142580690668,-1.7788133658713614,-2.008127410598907,-2.100240005695817,-2.17271926133039,-2.2268000787456446,-2.356855853094986,-2.3005918643649337,-2.2822803094492,-2.1638607049538865,-1.8472812185326588,-1.7181948897051629,-1.6831462184757866,-1.5932721131345946,-1.3545669064737127,-1.2736449568507664,-1.1624970281793523,-0.8716227872209008,-0.8012160225336259,-0.7198301233797927,-0.40592675713431364,-0.31472829822964926,-0.17072430780647158,0.15916633664761398,0.3240777707499416,0.34769052232173714,0.46587585526973263,0.595118265350695,0.734082985762701,0.872771828779083,0.8746685720441879,1.0252727055562487,1.0891753080373492,1.0500970929930027,1.0551346347137591,1.0702308986825277,0.908103501006764,1.357493661509271,1.4935786578357115,1.9017342468626437
0,0,0.21810731048647033,-1.3462363261047565,-1.569511658829626,-1.6438812581555746,-1.9329614539539792,-1.9649577822109405,-1.928776628252692,-2.0374099858651795,-2.0662822781599206,-2.017763249165488,-2.08748271454971,-2.0742159049911626,-1.9801780339485586,-1.921585227391004,-1.9296768454624127,-1.7332572825836585,-1.7157729714368275,-1.6563491121883454,-1.472023501145758,-1.3030081628487413,-1.236683221390554,-1.1147677441585928,-0.9060535715050323,-0.7694889785101702,-0.7286053022350701,-0.47873136030997576,-0.25913296377476086,-0.15955509629392842,0.008508546077255496,0.11643893317361097,0.22107114405936987,0.40793166936808,0.5837009227839207,0.7704737947541218,1.1207599137716486,1.4572086523551733,1.542883156869498,1.686619796855032,1.857534514516853,2.084629617747384,2.2553975846258547,2.6691906749890384,2.9540592514898223,3.179462035978296,3.629243708421194,4.0149157258400985,4.228293287158895,4.675665000688629
-1.4401492007245602,-1.544375237989864,-1.7102743728342988,-1.9152123540464627,-1.869471602678384,-1.917946878723687,-2.034261034902166,-2.0810581242806494,-2.04591474724597,-2.154341571979644,-2.1553838613846454,-2.078667291033127,-2.078777122126959,-1.9445165140834861,-1.6955463294156023,-1.6087241024770929,-1.548692488983996,-1.392062856703533,-1.3341361189851506,-1.2935974052544037,-1.1084964734382474,-1.0305876153613478,-0.9467625290413878,-0.827673231379678,-0.614507318815816,-0.5539565448366431,-0.4412929665681536,-0.21509402713746817,-0.10926509356783806,0.0008899517058831463,0.2514898970558979,0.39338753341023336,0.4910706834943303,0.7908315097413051,0.9549880071733706,1.059249266962532,1.336765992413107,1.5015315527726796,1.634793300577758,2.0041736427563515,2.10369689851527,2.372107041005514,2.5712478262910907,3.1151474404840687,3.430202709140156,3.5871205701823374,4.234134557130795,4.524719546474721,4.635329546319244,5.128525921834262
-1.943039403853075,-1.9564116225092862,-2.018737756696402,-2.112137205781047,-2.092631573845981,-2.0980309140186337,-2.1617134861226335,-2.161499022834454,-2.0619828796939204,-2.096016783488749,-2.0636477915122655,-1.958072270484163,-1.8796922003491296,-1.81532942929183,-1.6366382073496855,-1.6249589624078866,-1.5551841068719903,-1.4381510175294252,-1.3369433581025374,-1.2920622937506596,-1.111502853481504,-1.0550816619979397,-0.9893631386483698,-0.9127577580694535,-0.7123374364210556,-0.6390288443892684,-0.5397599237494406,-0.33927456422790875,-0.30210439306936704,-0.16292140304998323,0.038782639769247264,0.14127130708769314,0.22958058367235407,0.41202172883198734,0.5136534997568761,0.5981442988686781,0.7569602616491429,1.0119401966695087,1.1702526072228676,1.516637544717102,1.8990159462318492,2.0546716251982913,2.3598717863896956,2.8510042846016908,3.184268594461179,3.4995713930315024,3.9959823610169263,4.254262364375078,4.360574034032914,4.719219283079866
-1.8642321298387716,-1.821432525973999,-1.8444701192091277,-1.9276337856707466,-1.8844269448672344,-1.8745530837844906,-1.8921418209095022,-1.8571514370874476,-1.771667432660188,-1.7438030334328802,-1.6997910386917716,-1.591634627609052,-1.5907278898505945,-1.5753378569373693,-1.5403455644387203,-1.4918639226922077,-1.4912798024875324,-1.3871498071692752,-1.3261924315214602,-1.249096498241279,-1.1272420739671143,-1.0740676276016545,-1.0333128616253733,-0.9500193845073059,-0.7928115466376033,-0.7179081193056839,-0.6445557368842151,-0.47877453526694225,-0.3863967994882643,-0.30430482823116517,-0.14736719641110918,-0.07363969604377384,0.011835900213191865,0.1539529707253223,0.2160241364512937,0.31134077581402847,0.4699683376020024,0.5642956177150656,0.7909776853236061,1.2381412660439877,1.475351686160182,1.726268274875846,2.0158883751404733,2.5109217941097866,2.721001017626233,3.1488810319313587,3.6254131460804273,3.8053286459255604,3.9017601436256495,4.230922737744932
-1.27919792600663,-1.1513087426911144,-1.099239305809194,-1.0597355381155888,-0.8716626831376859,-0.7538103957274983,-0.6600575151432212,-0.37516855645313496,0.016275374914974074,0.540902554008259,0.7304171354805239,0,0,0,0,0,0,0,0,0,-1.6891763906847015,-1.5096640365661298,-1.3925048567955862,-1.2485661534168284,-1.0815528688764404,-0.9752847763761069,-0.8759163433359386,-0.7205916872553784,-0.6710180068280625,-0.6009919578379572,-0.4052495786619517,-0.36523928021125357,-0.30930823442548727,-0.0887921980157283,-0.02083814251200402,0.0885783510717577,0.34652736312367816,0.4776278444448058,0.6341333613373642,0.9496053535982806,1.1760568226534096,1.3654239499776146,1.5529330124233787,1.8165024710820779,1.990388314351713,2.36700038615051,2.738886356295646,2.9271149772967746,3.1348186670933957,3.540953874734771
-0.37628361112346226,-0.19846602286157827,-0.03084165580471103,0.06530627120750773,0.4002496707774534,0.4847748286322074,0.6602425058712347,0,0,0,0,0,0,0,0,0,0,0,0,-2.04788251916845,-1.689349806092953,-1.5421656618540467,-1.443083491690446,-1.3337018368283007,-1.0351158956674515,-0.9636415786998644,-0.8610855205154554,-0.6378293754729744,-0.5688450210968203,-0.5089910979556688,-0.3606013903632415,-0.3378341425201288,-0.25669418098596264,-0.1677300696830635,-0.07997388457073486,-0.019526475848320377,0.28861895284271444,0.7454237445379547,1.1145296978282124,0.5699468701307829,0.6420872262501013,-0.6663120915383027,-1.5839415630018805,-0.34701247713139466,0.33984435163935683,1.0548677725398454,1.9096296110828053,2.2040969103607906,2.42227354756411,2.826727705542064
0.37825029092719764,0.5656033326755431,0.6162361761651137,0.6504206559224021,0,0,0,0,0,0,0,0,0,0,0,0,0,-1.7174232569873091,-1.649849830476734,-1.687315237492647,-1.4211215137768913,-1.3277980062921504,-1.2557085786645876,-1.1357474204307154,-0.9107955370123092,-0.8399341370401672,-0.7432848995516963,-0.5403336510617135,-0.39737614069828275,-0.2590756690932871,0.06011995465446601,0.2861217464635366,0.405196050883063,0.8826114540957722,1.151938126413608,1.3480866988388833,1.7222103125648274,1.7095532860352658,1.645858334714645,1.2651106473025129,1.2111120731391476,1.2243979058629886,1.1968004224708133,1.2572307481091733,1.368316456237324,1.4602607931008493,1.7075441573473291,1.8575045722569432,2.1118386717578845,2.460855454423166
0.5159325384175213,0.6223593869819296,0,0,0,0,0,0,0,0,0,0,0,0,0,0,-1.6934414590139246,-1.468400491372803,-1.4167897792705577,-1.3103662827631077,-1.0376134675648505,-0.9665879525301161,-0.8893364607214622,-0.7487425565492055,-0.5004312401073049,-0.3723311065970376,-0.28366411787250456,0.0055299013516263455,0.15258267411292123,0.27805351755327695,0.559193022380755,0.6254309613908923,0.7116012879137203,0.8506242088309864,0.9440136386552613,0.9755158423777928,0.9892027426354006,1.0085598288171607,1.0408508663263423,1.0192266614787422,1.04186286950716,1.102945696294496,1.1321172437748717,1.253263974652828,1.3480784000920893,1.4557249182176333,1.6773162369471655,1.7939160066669788,1.9051663869533846,2.168677322202157
0.49229010543090507,0.5527790775049175,0,0,0,0,0,0,0,0,0,0,0,0,-1.3284936663948297,-1.2434477985230377,-1.2399120140680995,-1.0398950518623122,-0.9550524964046142,-0.8680594639828164,-0.6843997033425213,-0.5415182946731454,-0.4607880241500044,-0.36782175835208547,-0.17999915710348896,-0.09217494820286609,0.011660097006366648,0.16028387174597455,0.25501445231769315,0.3020301216121216,0.42624604823399714,0.433447574608721,0.44344369775165116,0.528181692148194,0.574141674492541,0.6177290618726418,0.6470355288563577,0.691904588103781,0.710617189316028,0.7975648517490433,0.8481402315764396,0.9264763477645054,0.9672941675925391,1.1379709642479992,1.2345767121688693,1.3377111242325508,1.5207608280760216,1.648855610424405,1.711591079777024,1.88874355321789
0.4036945286137404,0.42858039393333097,0.44576276934050296,0.4022294879980955,0.10595191049961086,0,0,0,0,0,0.35629068122335256,-1.2022429723624277,-1.226494442696861,-1.163367226395544,-1.044989478181724,-0.9722792028128339,-0.9107982905290394,-0.7539744304179782,-0.6962752945828276,-0.6330537741495362,-0.49955036279279785,-0.4316083622908445,-0.3664373450370503,-0.3128207761019038,-0.17626200754782217,-0.0997155101957937,-0.04912030760958509,0.05690360328822652,0.10959047363619635,0.14377129301489738,0.2210850956048078,0.2538056165070325,0.2957537500214147,0.33701326045933555,0.35567563358092824,0.42562931321608405,0.49529541309066827,0.5572359535750516,0.5847938772110047,0.6904834882617982,0.7541243543927247,0.8641402940047044,0.903949490015584,1.0247887156411217,1.1394283092989899,1.2129020345263173,1.3562151078558664,1.3889838936427108,1.4941922645350039,1.6255923317112015
0.471874603343651,0.48949045440431066,0.5338751595159369,0.5156067396425117,-0.42854649660419675,-0.31840764865905036,0.042336492270964955,-0.3408395596828374,0,-1.2377241089421094,-1.118312435586944,-0.983406508763563,-0.955531413800024,-0.9051208032369888,-0.7920125080027576,-0.7364149060269215,-0.7119699146559149,-0.6166418872786844,-0.5578067403156755,-0.5209462226186312,-0.4123582538796492,-0.36130101266900216,-0.32039061695827575,-0.2622013035161941,-0.21285603251277843,-0.18634013926896,-0.14624808731039635,-0.08477564665156832,-0.05896659691365485,-0.031366027947363574,0.050173501245550506,0.08160969725343212,0.0983526277272931,0.20108447232790125,0.2317774971604486,0.266969572246799,0.3249664869433894,0.4000083325716691,0.4446014677478746,0.6212802273679695,0.6759516671539176,0.782533786070198,0.8857468512251124,0.9740317380480599,1.0346203573413764,1.0781932740486353,1.2229474065752015,1.2687068847157805,1.3529332985579061,1.439226710152842
-0.33628302766697277,-0.48387886531390845,-0.5716245316196498,-0.715036026353442,-0.7509366146659474,-0.8433564850600662,-0.8802876373264147,-0.8962559228729943,-0.8456441149564576,-0.8644612570052623,-0.8419652900863908,-0.7981216688298793,-0.7918987686399397,-0.7711719888110936,-0.6913068455027724,-0.6526715624304845,-0.6275999657391922,-0.5503419866703211,-0.524350868324327,-0.5101602077196494,-0.4432092075108103,-0.41351449196358975,-0.41072230453223796,-0.3739766121185728,-0.29255068798097394,-0.24805191071662475,-0.2424589491272104,-0.1978334283028151,-0.18041607377629826,-0.1450819624106871,-0.07639072277718047,-0.04706737485767874,0.0016905132978610176,0.0761390997575284,0.13183882339681427,0.15844719031369162,0.30755632515013365,0.3683875548590792,0.4123527516076053,0.5042634346940192,0.5740799112150451,0.6086483173980436,0.6704362092096381,0.8103640488850137,0.8699474763331498,0.9414776431055232,1.0269981146271094,1.091154291200119,1.1548162396552206,1.2334824463488918
-0.7900984441162632,-0.8043099780404915,-0.8087797803181888,-0.8621396896752808,-0.8402121313560311,-0.837686561139855,-0.8390774497546591,-0.8363526576020393,-0.7983831422846797,-0.8040375509900091,-0.7835207710252988,-0.7366825576306193,-0.7204307843723048,-0.7022449963411316,-0.647945764084047,-0.642927645662585,-0.6392546755228555,-0.6099297549046586,-0.5796121829103007,-0.5707899014413257,-0.5310071710771163,-0.4955749730988417,-0.4853988455460677,-0.452072677645204,-0.3852805357250088,-0.3589879711045802,-0.33063825206611475,-0.2774962349432429,-0.2758529866476426,-0.23897969008592176,-0.1879616118522081,-0.143790801430102,-0.09691470234883938,-0.00219625836211583,0.0481349301868104,0.10664948061055993,0.2064840062306016,0.28529075114021196,0.31946895464302777,0.44900729075449775,0.49793455190552255,0.5236290083298051,0.5887479544808643,0.6798125691118161,0.747578307464032,0.7823389956505106,0.9160670031730412,0.9818458032532154,1.0196549355674083,1.122102208129283
-0.8367191316513863,-0.8338781361347972,-0.8209424515203649,-0.8431239770124299,-0.8130815267198055,-0.8194016697014395,-0.8191194300306301,-0.7975603685824776,-0.779260233542841,-0.7682283078768208,-0.756332380083228,-0.7110139812559412,-0.7245756902160213,-0.7225704644143036,-0.7112852566775398,-0.6981603789352553,-0.6880416428762351,-0.665070032346158,-0.6418985131669213,-0.6186510288650807,-0.5784702213975254,-0.5538978464307656,-0.5295811529571893,-0.5195337460884996,-0.45697590222452333,-0.456123896025659,-0.4208126971663027,-0.35942113359514655,-0.33562934892079604,-0.2882704779470533,-0.231350415117279,-0.1809096717534853,-0.15994311727556287,-0.06144305125612317,-0.010152587077019512,0.03616199804760389,0.09783854414425348,0.16559359219108857,0.2070830979199515,0.3278787980085602,0.3631085424942417,0.3963607226595442,0.43981522859837197,0.5070090701188498,0.5820553550962869,0.6434808327451905,0.7418122609118202,0.7801962078357088,0.7968322155863956,0.9438466804287681
-0.8610213666192975,-0.8427725195963416,-0.8356370329863833,-0.8385707596603376,-0.8162216524787748,-0.8063873698902256,-0.8143242546754941,-0.809065352664783,-0.7758356581967335,-0.7880570788176882,-0.7854816139049811,-0.7695038212565987,-0.7709592069559301,-0.75860632353963,-0.7418980708687101,-0.7282748800160516,-0.7128206500292185,-0.6817622041730699,-0.6606882123069423,-0.6469858319238957,-0.6023316068188087,-0.5778637847653417,-0.5509381334291366,-0.5424456364863476,-0.4839623312726025,-0.46403780765955055,-0.44329513412011345,-0.38201268203799504,-0.35948491395268956,-0.3272117296928892,-0.2750159227144695,-0.23580860964161204,-0.19479818265237323,-0.1170636739977627,-0.06466919781745185,-0.0548325582490619,0.036276148474837934,0.08522091820953305,0.1545701875622965,0.2086100239559375,0.2651079260571139,0.30728306670492006,0.36688968418486,0.4440964236365824,0.4821218722425656,0.5309274591950499,0.6082973227729024,0.6471638724866152,0.7139327241298026,0.8053061760369647
-0.8558194084438365,-0.8463940552773226,-0.835285734719244,-0.847626898911695,-0.8267452886437591,-0.8121281217438653,-0.8264020107359484,-0.8302043987620267,-0.804676732288152,-0.8175097062360376,-0.8150502203038937,-0.7823258679600222,-0.7826160898244293,-0.7781912947052937,-0.737808015709957,-0.7200287733738041,-0.7164564438691615,-0.6808829264144004,-0.6630344256679758,-0.6502848631645278,-0.6091495606500358,-0.6063567186714479,-0.5929563173537546,-0.5597204981278106,-0.5236630163334672,-0.5100488331744478,-0.48269987631448513,-0.41432478012518076,-0.4047223600223665,-0.3811255360555056,-0.315426596835688,-0.2929464663962777,-0.256388924613238,-0.19758821786758268,-0.1722365147988355,-0.1309719400297051,-0.06513642086874968,-0.0414485112734422,0.006815896098829735,0.09482028225711558,0.13262038182990446,0.19186906354283267,0.20958531333348152,0.2925682309027779,0.33353714753961416,0.3833544960452778,0.47572785555377234,0.5128845000203699,0.5219771443378557,0.6295340902552947
