jsons/1312632000.json
{"header": {"parameterUnit": "m", "parameterNumber": 2, "dx": 0.1, "dy": 0.5, "parameterNumberName": "Eastward wave", "la1": 40.97354507446295, "la2": 16.46031188964855, "parameterCategory": 2, "lo2": 133.9931640625001, "nx": 191, "ny": 50, "refTime": "2011-08-05 8:00:00", "lo1": 114.97908020019554}, "data":
[rows 22 to 43 of 50, columns 50 to 99 of 191]
0,0,0,0,0,0,0,0,0,0,0,0,0,0,0,0,0,0,-1.3338123862214504,-0.7190107386302135,-1.425656633442173,-0.4792202622348353,-0.5303030561797447,-1.5775823444138033,-0.7403818083276649,-1.2922762078382033,-1.515040797707337,-1.5413443933505933,-1.8516536210006898,-1.9911742013507372,-1.7437776636931195,-1.638532597484824,-1.5349978260343913,-1.4358540731481526,-1.4496104565677845,-1.324327522074546,-1.1183734920829687,-0.8172463897357943,-0.5954740549464446,-0.4866806261440352,-0.41001135013636236,-0.11709101910823672,0.09783993763631359,0.8229530271154873,1.2253360800031576,1.5726218961454204,2.5211617820029333,3.1959696482363165,3.5689579156025917,4.513751369333585
0,0,0,0,0,0,0,0,0,0,0,0,0,0,0,-0.5682625769807587,0,0,0,0,-0.6261922689506108,-1.2090568560023534,-1.4707216567870687,-1.6496843557838548,-1.9136925590701948,-2.348622207748558,-2.626347471494354,-2.7853025059468237,-2.9824300181997523,-3.065222056808176,-3.1422092135477797,-3.2802238635688474,-3.3153882657980303,-3.318655285739785,-3.260728887647004,-3.345144241183108,-3.222927771099749,-3.21384028800927,-3.1690437089789407,-2.9043983421047006,-2.780394850310367,-2.415774141308612,-2.293836855847527,-1.2286500819670743,-0.7738382769761085,-0.20693953564210482,0.9756983434899846,1.5448678930303814,1.9239678669485585,3.1173650237417676
0,0,0,0,0,0,0,0,0,0,0,0,0,0,0,0,0,0,-1.0619285908946174,-1.4642878454200927,-1.3893888129558074,-1.684725317379547,-2.3206483251604597,-2.6475332040837602,-3.176167828808206,-3.5581667634493463,-3.728375770734703,-3.9932138624998026,-4.221891758092133,-4.361607257756041,-4.882605050329984,-5.231221939510358,-5.350457609452845,-5.342869952856176,-5.350888297571366,-5.48721189453604,-5.39895191819615,-5.458046870584451,-5.608514634685588,-5.355928244393614,-5.260113597441686,-5.04955937315153,-4.657590705881754,-3.7472944060792286,-3.1981421197102455,-2.5099902447142304,-1.1477940570407654,-0.3595335105774425,0.029663617104114984,1.2247006687771789
0,0,0,0,0,0,0,0,0,0,0,0,0,0,0,3.3038944722661223e+38,-0.9519655169878906,-0.6164320103310701,-1.243030792856054,-2.1018352707387242,-2.757369753192131,-3.1049464991437015,-3.6061673153464784,-3.874480816113961,-4.14631955350785,-4.565999420492429,-4.799766547286158,-5.0904428173569,-5.382728516452266,-5.527321374070595,-5.717102891017995,-6.013998912506259,-6.204607313715128,-6.292738115781921,-6.453892549111363,-6.709244635743279,-6.786057767465262,-6.866251965459809,-7.0448837981104395,-7.007025791512868,-6.929654249379217,-6.950440638285293,-6.7448432773279325,-6.295539270603537,-5.948948544400674,-5.375808422490675,-4.187100108095589,-3.659755829877019,-2.6330360383036275,-1.3104725136733268
0,0,0,0,0,0,0,0,-0.4675168908742424,-0.501599550659069,-0.7294154207642539,-1.40447055173695,-1.8886613338239122,-1.9089619331238337,-1.687461985742197,-1.8991671818125693,-2.349903385038693,-2.7710962870366256,-3.017898842366258,-3.4683729568952297,-3.7514767016671864,-4.044314284294369,-4.3848143505735235,-4.574003451403288,-4.791666290462536,-5.065551215632931,-5.207664030016976,-5.389677670033983,-5.671161817587471,-5.798878651428213,-5.931856492185801,-6.190526441605438,-6.295461027971405,-6.419413891291626,-6.506054315342966,-6.780267298279779,-6.903092857601778,-6.983047142238022,-7.029379516310741,-7.085502560391605,-7.119594266992268,-7.168458172447357,-7.19669848074643,-7.226048495987322,-7.179567540849064,-7.141800439727327,-7.077600221983883,-6.889992365925149,-6.76826927184961,-6.486224003047695
0,0,0,0,0,0,0,-0.38863953225355435,-1.0646622589359551,-1.6125356744178023,-1.8550850316783176,-2.1219625594924825,-2.4643578551821874,-2.638974889272855,-2.843953313987658,-3.0048515468673243,-3.290899909768127,-3.5356226618205673,-3.769549985046754,-4.028456145893127,-4.252887537024567,-4.414891417943867,-4.679250640872475,-4.800425046904355,-4.954625856297116,-5.1813157827396035,-5.319383757208168,-5.453455627328183,-5.6878281069986505,-5.78017306557331,-5.888600586050479,-6.058908787973723,-6.141936526324406,-6.1645288732295285,-6.198531036499819,-6.343088274085879,-6.398330040153175,-6.471713667279823,-6.505022518800767,-6.513965441036497,-6.54740375125318,-6.594171073480701,-6.572332869697291,-6.567171397659885,-6.597679525030653,-6.561363831013716,-6.550686982106398,-6.1529254585047,-5.9937916618620735,-5.509756032723143
0,0,-0.8834805136428574,-0.44202079969246133,-0.8074958061643707,-1.070541421265604,-1.4616140675319824,-1.6891548489133998,-2.005641205032449,-2.2494489047428385,-2.435943086175687,-2.6166210771449845,-2.8375741964540455,-3.0115359830419783,-3.1918698679614645,-3.336358133326415,-3.576211947451399,-3.7691937456122853,-3.927683893005951,-4.130494252110317,-4.284638919585892,-4.420513517723922,-4.59375852259343,-4.691105433977714,-4.826286217779621,-5.052112188605683,-5.111517289340844,-5.261106944771,-5.414970247413296,-5.491204431183991,-5.5617560313781045,-5.760888180284899,-5.823094974679141,-5.890748090130945,-5.979692081747815,-6.045424867298764,-6.02384128364439,-5.978998427555031,-6.008458356237961,-6.018978406486455,-5.963379221159402,-5.939786187144465,-5.879506916124048,-5.671434616941805,-5.42598027098477,-5.229239171976563,-4.801488760734779,-4.3050376173521725,-4.045594743684112,-3.4446547425869394
-0.647484255808053,-0.8015461252357607,-1.0386821346004715,-1.3263872783029014,-1.6551592652462144,-1.8177944556073709,-2.0361732511696675,-2.165241864441564,-2.3294726524436133,-2.529535530601294,-2.634003122685635,-2.8229321558934597,-2.9778378196206776,-3.1293880907302887,-3.3221988940339746,-3.422039027934583,-3.565918978261848,-3.733720798990007,-3.8238399912061904,-4.005112392085645,-4.15933253194221,-4.251313219949665,-4.4192150300680275,-4.512659581948634,-4.620416735897535,-4.772412884086377,-4.872652886661445,-4.949565883363745,-5.114245493141453,-5.174395755631313,-5.2323485478917835,-5.36168991220105,-5.420607087247944,-5.434887793591477,-5.457412602196738,-5.533663230517241,-5.558339822962231,-5.561875793107206,-5.615144236085069,-5.562662436649989,-5.567591593520716,-5.514310202873813,-5.389986359977716,-5.052034727868658,-4.783435489351497,-4.634778224069565,-4.064494535884123,-3.605998123605873,-3.4054640318706255,-2.6807218247872684
-1.2932966469849885,-1.4998718759995258,-1.616790494006274,-1.7979351156488426,-1.9464870827591376,-2.0544221904898787,-2.215932270353484,-2.31030724328455,-2.4843090251053987,-2.6050361537477285,-2.717198781546919,-2.872731801433469,-3.035990365179098,-3.1355217439443703,-3.284514748954825,-3.379007381217202,-3.5236242567421936,-3.631275318313804,-3.719047054149876,-3.862579936370483,-3.9714847294039153,-4.055509919221991,-4.216009488016112,-4.300965760751494,-4.402364957441013,-4.543830094323991,-4.610893113664575,-4.68579783778934,-4.840676172246848,-4.904983313383345,-4.993469597820904,-5.11380020335405,-5.173131437552581,-5.233135015546687,-5.290900081076026,-5.448155205111404,-5.491052671108163,-5.466263857969226,-5.5029982553235675,-5.459212920350219,-5.343623065119973,-5.268260783000857,-5.0932355051641345,-4.799574820400124,-4.513124731482514,-4.225294272566571,-3.746721285146819,-3.267142565817984,-3.0772832802304064,-2.4582091415022234
-1.5234424497009906,-1.7213241490067148,-1.8235305685773782,-1.9708605257222773,-2.110254930618554,-2.188979778312058,-2.3033234729894634,-2.416429604807379,-2.5268885725877617,-2.6753003369496295,-2.7618109147846646,-2.879151128530351,-3.020844463899102,-3.107147321704407,-3.1906737463257704,-3.2822040548384543,-3.400524015884984,-3.504413506500158,-3.5704582515293666,-3.730912926440756,-3.824808144291054,-3.894487194381543,-4.027497607708749,-4.116762293646644,-4.196888684787889,-4.326413210417309,-4.407896825660118,-4.510613237613913,-4.651272370591774,-4.714092604996783,-4.799277761167772,-4.911026764429866,-5.006691088352377,-5.067688553012678,-5.141251812119807,-5.2217138786428485,-5.257493901063388,-5.279294467562129,-5.313435769630947,-5.232658946166415,-5.159300392529858,-5.04649382250958,-4.910677579134179,-4.654426288812508,-4.502270086292906,-4.149040287409676,-3.7086704288248393,-3.3757378888122163,-3.19722318678337,-2.778769591255565
-1.8129861070901299,-1.9251457242052301,-1.9844681788500307,-2.080783510032681,-2.180706183815715,-2.265177801359635,-2.3244166407302154,-2.423957360137588,-2.44304770217044,-2.3137643839822366,-2.180914325853169,0,0,0,0,0,0,0,0,0,-2.8585948098803264,-3.282314354848607,-3.6218358691773274,-3.758175383057156,-3.8938105356430674,-4.052767585168017,-4.158883729233283,-4.2350235113226455,-4.388800155230322,-4.4406897918936625,-4.532627414315954,-4.6703802642448435,-4.7365239367289425,-4.793594679451425,-4.86383320532543,-4.957940096724923,-4.994716816429539,-5.0211137891600295,-5.067549132240101,-5.010299070077583,-4.940557467967361,-4.860766578915302,-4.8018664985879544,-4.73779242059154,-4.573827347729837,-4.36637766242839,-4.106873851395729,-3.917564997473573,-3.742644059553067,-3.4263383134128973
-1.659444968300413,-1.688568568275694,-1.6893802061652714,-1.637842215458035,-1.5602645142066915,-1.459596798211677,-1.2330491543971052,0,0,0,0,0,0,0,0,0,0,0,0,-2.296638700268261,-2.7162765218013774,-2.992236095454738,-3.293109220971244,-3.411482609250999,-3.6242332590048125,-3.767354233164518,-3.8559178207129743,-3.9512946981584465,-4.042407856161339,-4.105611885821556,-4.1846970525166505,-4.325465149444141,-4.395831302954595,-4.447017237643105,-4.544459926362468,-4.639512151805639,-4.70111169089979,-4.636010623782749,-4.457947291401758,-4.676317881139828,-4.680953440455901,-4.225057363541464,-3.351171218768024,-2.1751175744212174,-4.220592372109943,-4.40327496225565,-4.260144954391699,-4.195732848187624,-4.09639452262475,-3.814268746198178
-1.1677170942821344,-1.028409972011425,-0.9560581995929656,-0.835921081268379,0,0,0,0,0,0,0,0,0,0,0,0,0,-1.9814141192589902,-2.275655588689363,-2.6044674470625,-2.835750482716436,-2.9710294507979524,-3.1671671499932277,-3.2801965707351375,-3.416207756681217,-3.5676474949902475,-3.6346568452463024,-3.712909089874744,-3.8087685295228915,-3.8583146948680884,-3.895733126410065,-3.888241974303522,-3.829213695253884,-3.7583891999859667,-3.6159029182581937,-3.373865597770183,-3.095386860597795,-2.9384997794102468,-2.860018249177583,-3.17872849658459,-3.3503938555532997,-3.676557888776584,-3.745492841575579,-3.821309091617967,-3.938669048478012,-4.024229275116827,-3.991750353810016,-4.0469227987608996,-3.9535155978440786,-3.791701032230835
-0.6468569509631474,-0.47761472924274245,0,0,0,0,0,0,0,0,0,0,0,0,0,0,-1.9987690141870824,-2.2426347877649273,-2.4153816062043845,-2.6101688622462578,-2.7902005002210384,-2.8848826500857236,-2.9796726784714864,-3.050503472802967,-3.1295928986775854,-3.1967818901907097,-3.230956641921306,-3.232457359052757,-3.243187751587901,-3.2139833839294765,-3.1649466857107886,-3.129911663976063,-3.13458731157236,-3.1153903343348346,-3.1099945587583666,-3.1761853383519028,-3.1928378257404084,-3.279306391445822,-3.4210683650615024,-3.4792667349453827,-3.5669271817394677,-3.7051187784416917,-3.7358272707856077,-3.756022597282616,-3.8027447605810365,-3.7886624416999033,-3.7189939404770085,-3.6958247736688916,-3.6389697338734863,-3.5303567890271306
-0.4382014345255377,-0.13984806953462567,0,0,0,0,0,0,0,0,0,0,0,0,-1.7856046102568943,-1.968417065741915,-2.162388227399852,-2.324048796049108,-2.4281947272563267,-2.52407406501479,-2.6168799265023677,-2.6760754158262725,-2.7487550787057264,-2.784131593250826,-2.8183096293957974,-2.857469458555612,-2.8722465782106315,-2.8905900265974647,-2.9044828023481037,-2.9238093084448997,-2.9295361899102432,-2.9990699346431233,-3.0266364202276166,-3.078978566934792,-3.1122202491599387,-3.211843826860554,-3.261498122480326,-3.3230327682480953,-3.4256427923957475,-3.4430158912443276,-3.492383146901071,-3.5731897735829588,-3.597211848224515,-3.58154996290884,-3.5873445450281425,-3.557032080366518,-3.495071623224118,-3.4517571234031292,-3.4189093107621766,-3.340602912587062
-0.34635052924743825,-0.29866056169239386,-0.2537590285069436,-0.2588490096425925,-0.4243029971218643,0,0,0,0,0,-1.4648303959197928,-1.48515104057863,-1.6952498048452376,-1.8234750882741932,-1.9626690266551972,-2.0313818192323034,-2.128746356344317,-2.233170438486133,-2.2801504298676147,-2.3525401649840276,-2.4168561248334317,-2.4495790265442423,-2.492188247456461,-2.5202730216119145,-2.560873992608728,-2.6079116389646306,-2.6359368436640227,-2.672480090590246,-2.7455611425786186,-2.7732225729719326,-2.8192248889025304,-2.9009872939143304,-2.9507922706999223,-2.9912238502613593,-3.045271357642087,-3.1383341658343307,-3.1739716760050163,-3.2035072362863146,-3.271732086472015,-3.309587094759356,-3.323860982124716,-3.3673113363214964,-3.3712545564721923,-3.349812108158981,-3.337912455499701,-3.3230987111731367,-3.2746271723612312,-3.269137391804162,-3.251502342974575,-3.2013936335368114
-0.23765864968779665,-0.2751369813191787,-0.2782915107209205,-0.5859920058637403,0.29955532489881825,0.58955847050115,0.6536276558911541,0.7127000349784962,0,-1.295490356580084,-1.5140428741446146,-1.675057572935231,-1.793866972051373,-1.8533135943509487,-1.9397083874838073,-1.9936279599478108,-2.065368550621746,-2.1241593949430446,-2.1556815331678445,-2.2084036669272495,-2.2662474183136356,-2.299267988629501,-2.37067319388076,-2.4168542830676456,-2.438534545086021,-2.502141085032971,-2.5467377519346703,-2.5728981951874164,-2.646427632494087,-2.6766743765519663,-2.7256454890451915,-2.814418344148368,-2.840142870193509,-2.888345093350195,-2.965312421154999,-3.0266989468529495,-3.059301623084868,-3.065742399188492,-3.096726008868103,-3.104128353750645,-3.125513555002671,-3.134630079304037,-3.1363538409169993,-3.110270531998342,-3.1257503949448524,-3.124031779062411,-3.090991709161028,-3.097731351590673,-3.0792502209057178,-3.0398845525597697
-0.9888060855693545,-0.9734306598820444,-0.9837409202919061,-1.1410291538218449,-1.1895655638600895,-1.3472571727528815,-1.4805307658675069,-1.5500850859083746,-1.635491478288843,-1.6823896959923834,-1.7149618280274823,-1.7664302712070497,-1.820193078598802,-1.8496145873344592,-1.9155685418062849,-1.9577544134503146,-2.0185863180502666,-2.0612160443700436,-2.1067584457557627,-2.164831367500892,-2.216774698557948,-2.236125242028631,-2.304215596286569,-2.3477720539811235,-2.3858338200569937,-2.4523479679727918,-2.4709943931764418,-2.50531689941721,-2.5860737010504375,-2.61011919603389,-2.6755283584203267,-2.7424020571747607,-2.794011289887008,-2.8150998970084333,-2.8430820389248077,-2.9088456604957007,-2.9219871075583903,-2.9483950005207378,-2.9618418089173164,-2.954158675619498,-2.95576231028099,-2.9809349291318736,-2.989343557322818,-2.9849438943622437,-2.9928032166688547,-2.9846050597188296,-2.971791238607295,-2.994599883556044,-2.9772290681701135,-2.947303056469447
-1.215673167223997,-1.2567735565854599,-1.2942605603693076,-1.4002564047029027,-1.4409744038756827,-1.480671575183401,-1.5537386905908308,-1.559743591772886,-1.6182234025954614,-1.6645828024522724,-1.7082896303515631,-1.749967734866636,-1.811525188581913,-1.8434179880152646,-1.8935343895915482,-1.9206578204096643,-1.9726688422547378,-2.022214245224881,-2.0419342679499937,-2.1229191595606793,-2.1486081169835605,-2.1790636569963118,-2.2204764510686923,-2.259640364308476,-2.304029642392024,-2.362970203061999,-2.3955221321069553,-2.439218068873216,-2.5080266876371073,-2.546118200501041,-2.5911705597169825,-2.6371977596029064,-2.6611396218872096,-2.6919406538067827,-2.7118318416530327,-2.7485894714456864,-2.747051615567462,-2.7689568435299723,-2.804024011978901,-2.807844831820136,-2.8201210018629195,-2.8390968307766933,-2.853861656588396,-2.8494998153466393,-2.8531182503641936,-2.844106740428908,-2.8284967866988286,-2.8410704309734016,-2.8356831686470625,-2.814966471057331
-1.3105448887408548,-1.3642343162690043,-1.3783739928420575,-1.4404318760118549,-1.479986563170751,-1.5081702569388138,-1.5540149318867378,-1.5983538510161361,-1.6324078707405962,-1.6853297306311146,-1.6965971217978768,-1.7568037019178382,-1.8156237529124077,-1.841823090857555,-1.873434932274153,-1.9012617615976581,-1.9599751754003154,-2.002347519632821,-2.0359313049145733,-2.087931067191012,-2.123700026503412,-2.14703365540072,-2.191698283049263,-2.2042425840449047,-2.258610717509268,-2.3163038861982397,-2.3521550447095625,-2.4025947020735865,-2.4504322697998053,-2.486463101228076,-2.500490170204937,-2.5493811357792002,-2.5754928025963557,-2.6059058977387872,-2.630566998301932,-2.6392222917173034,-2.640394249421257,-2.6593913996516467,-2.6922566752809862,-2.704382723630171,-2.7240896941895474,-2.729727139281301,-2.734021051783209,-2.728436943793416,-2.742060773745485,-2.7491247098830893,-2.7280655615589304,-2.723790302627405,-2.7292347178545513,-2.715075424547146
-1.3245866445743952,-1.3805892010070364,-1.409762379168457,-1.4605006847181647,-1.486670736407868,-1.5212134016113332,-1.5604651994578929,-1.5924464836597252,-1.644930353760133,-1.6750409535119826,-1.7189468401954153,-1.7741593694371318,-1.804380952797358,-1.8389821520595406,-1.8816451882936482,-1.8960883360817704,-1.9348983970180296,-1.965756903825684,-1.9841364908052552,-2.0389292763877402,-2.078343370082266,-2.1036589777348236,-2.1768171997574264,-2.1905330561625473,-2.222239186437181,-2.275451522011537,-2.2972370497777455,-2.331856219107118,-2.3713114825294856,-2.3899143061803305,-2.4171732050201378,-2.4432141602163067,-2.461786251235242,-2.4760515608629423,-2.4965551029350452,-2.5173641226320034,-2.5375215943841574,-2.5550713997094836,-2.5914619698361316,-2.5957854711738344,-2.6033400153104713,-2.6310300701136984,-2.6395526430152523,-2.637399028494591,-2.6410286028205134,-2.644046273156033,-2.6427473204162815,-2.6426213874302293,-2.640027352279564,-2.6337111809814897
-1.3655416048149047,-1.395557820185756,-1.4136046042721684,-1.4694690647227329,-1.5026902836158722,-1.5289428736265118,-1.5907078955434621,-1.6042842519291145,-1.6415204665156848,-1.6992327431923935,-1.709075886676585,-1.7490794008300679,-1.8025185542204518,-1.8093580645629272,-1.8446079970909766,-1.8818264959830904,-1.9177219809169839,-1.9443648248060241,-1.9698370758675254,-2.004831029837198,-2.0447151336409752,-2.0652589845370777,-2.097563022717735,-2.1362427627945864,-2.175093842627439,-2.2097189220412936,-2.23614455820917,-2.2721573035148444,-2.287263470145235,-2.305731774257775,-2.3404204495696037,-2.3687186393333626,-2.388421218951178,-2.4066642920330175,-2.414985250705281,-2.4401096399638043,-2.4528555233625036,-2.452989790977541,-2.490595811130858,-2.506074421176276,-2.513366493402328,-2.5386687123083007,-2.540941943945852,-2.547987116160593,-2.572046469900841,-2.5673201732573325,-2.5572375193081567,-2.560256887572535,-2.5663638372873105,-2.5621102019822586
