jsons/1312884000.json
{"header": {"parameterUnit": "m", "parameterNumber": 2, "dx": 0.1, "dy": 0.5, "parameterNumberName": "Eastward wave", "la1": 40.97354507446295, "la2": 16.46031188964855, "parameterCategory": 2, "lo2": 133.9931640625001, "nx": 191, "ny": 50, "refTime": "2011-08-05 8:00:00", "lo1": 114.97908020019554}, "data":
[rows 22 to 43 of 50, columns 49 to 97 of 191]
0,0,0,0,0,0,0,0,0,0,0,0,0,0,0,0,0,0,0,-0.1882607539463807,-0.042978541481908626,-0.09130180365676659,0.07160336706653453,0.09168564579972488,-0.08083558749680159,-0.1603503501870814,-0.024858060556978492,0.038549097475047964,0.06998098266606777,0.11629810709197314,0.13570253055039136,0.13576513311990746,0.17124048277855808,0.1969980644497188,0.2232211268762713,0.23233313750282458,0.3373694538540098,0.5269248091078473,0.5598012708950305,0.545252225019918,0.572993696312659,0.6186855222962828,0.6347212855361266,0.6359057655457415,0.6285132034572531,0.6742358205821987,0.6893231255461852,0.6909892852266601,0.7086026439147589
0,0,0,0,0,0,0,0,0,0,0,0,0,0,0,0,-0.0005228188987592696,0,0,0,0,0.0034875957789178096,0.018344291002972985,0.013600650332270618,-0.012704533569018852,0.03006066944772255,0.04993650765496601,0.06361459311118646,0.12643171989769283,0.18899868297838682,0.20618836952830788,0.2733625161808997,0.3842106611966117,0.4320358309575697,0.5518183135069507,0.5591734245497767,0.594436799777776,0.6404027249186351,0.6258454000813547,0.6262643402883329,0.6438699912180711,0.6503012966941145,0.6522060528357673,0.6570900574817252,0.6957676745255341,0.6989942225523061,0.7051412190751267,0.6775373767703389,0.6902652288662551
0,0,0,0,0,0,0,0,0,0,0,0,0,0,0,0,0,0,0,0.07243240381367712,0.13286916759405806,0.1254637898802675,0.13482724313023067,0.14770120047739455,0.1269500119866776,0.17063816272981053,0.1872952996624169,0.1945795814517182,0.282365825079714,0.3624802727419526,0.4354770709139028,0.5283923963735097,0.5512988445790111,0.5588980875439109,0.5802068968030982,0.580985579946887,0.6024429869794489,0.648348702198359,0.659606871815947,0.6657696888561021,0.6675852132202371,0.6693241576790132,0.6770089620818185,0.6754719174028753,0.6540768369088323,0.6401728516904353,0.6128087701126742,0.5723657924627061,0.5757571480575983
0,0,0,0,0,0,0,0,0,0,0,0,0,0,0,0,3.3038944722661223e+38,-0.21601614719881346,0.14158675640969007,0.1985494447040025,0.23331767972111997,0.229927779160277,0.22720405059371537,0.2366281896618533,0.2389023749963362,0.20691327431875253,0.26986247023012727,0.3387116690543625,0.5036732165682514,0.5742004248405954,0.6020575138924597,0.6136921750876104,0.6320289836013272,0.6363626931797091,0.6386838739421826,0.6416096318178115,0.6432476381645529,0.644190864824189,0.645226457536494,0.651189044313041,0.6375834415105157,0.6299927980259469,0.5975652394396754,0.5883010903970107,0.5852704570092259,0.5806268852173786,0.5303748300253032,0.5478349510093641,0.5370003726566611
0,0,0,0,0,0,0,0,0,0.05981788076617606,0.13854283123356395,0.19213182058499886,0.2570797562156872,0.32527768906028587,0.33981026691070854,0.3245797118424503,0.3276841908510282,0.33995054108675316,0.3014920921288206,0.24959289542737906,0.24962370762909697,0.14502300798928464,0.13344100422975894,0.09363669247535468,0.0689584195128254,0.16625979949179578,0.32454543774087175,0.4637926687083182,0.6118765757478319,0.630191667603483,0.6343693373628081,0.6247744842430398,0.6261621143202087,0.6250303879489891,0.6075479642345103,0.6120211316096401,0.5932317306756042,0.5763445033085189,0.5809039290899823,0.5788754640936944,0.5625293531572871,0.55653783517567,0.5614047640013351,0.5577730192212085,0.513933182693454,0.49761318667444226,0.4982506961196388,0.4843456630108535,0.46284528067566755
0,0,0,0,0,0,0,0,0.19730495448149812,0.24943237708334226,0.30600509548932586,0.3229237860033907,0.3250839892969359,0.3185765828050306,0.31021766175258214,0.26833983290340246,0.2467691055054408,0.2195345190219149,0.15191009218609683,0.11837869746517636,0.11820364971857097,0.10783145420110922,0.11704346354354507,0.12788530825505717,0.17363619819690126,0.4198076480538346,0.569865395517357,0.6205919995871588,0.6431984315342961,0.6310249433787236,0.6301275737581041,0.6161140811457805,0.6144595627841398,0.6166423339975728,0.5764990485355802,0.5749389756619512,0.555538813543062,0.5643591240400617,0.5621766002497749,0.5689988037445253,0.5783829814992447,0.5828709290768372,0.5733881204961323,0.564220842796677,0.5062103529708337,0.4581886600215393,0.47050489165283127,0.4414610666250887,0.3991869112660922
0,0,0,-0.32490523186507136,0.2458537496709673,0.2652947865688231,0.26575942224789706,0.2778276892309792,0.2741216879503246,0.2786983442388375,0.28711736642121255,0.2766534784829617,0.24760265397624986,0.23229449626688417,0.19287594060048946,0.13399247589890675,0.054156387523470094,0.042376461600464196,0.009531462372584223,0.014336341234381671,-0.010977421277411026,-0.10022000186125174,-0.08276894851772447,0.005741869548703886,0.13475336071371755,0.5487047955474761,0.6454981528951038,0.5105449228941512,0.5914288689595605,0.6106484003977458,0.6131076283888925,0.615139540432989,0.6177940825613326,0.6169574715024321,0.5980809712375564,0.5897971563776381,0.5861786342777564,0.5875360168317377,0.5899337828794156,0.5906036075913087,0.5804446392670873,0.54727788964791,0.5233444230410828,0.5009329779707635,0.4722549058097283,0.48765009915025137,0.49936644156903015,0.5070180858774435,0.4562333174738783
0.12241965273947894,0.16784324569086187,0.16999956290772086,0.17121761059353877,0.16888544822540258,0.16522964487865643,0.15591907990987044,0.1540102846029074,0.16152880497154568,0.13533030430606396,0.12081354871499757,0.0780192463342066,0.025506471971417942,0.031175156127577597,-0.021418033491925118,-0.11306125070978096,-0.16252502601911398,-0.2149633452574415,-0.3414304809113515,-0.3622195418079235,-0.3626350442027176,-0.472999000795278,-0.49603532517290577,-0.368735955123184,-0.6582573319434336,-0.501224628036983,0.6527732236583469,0.563103212368981,0.5158762208465129,0.5171412121810527,0.5194238360455747,0.530677635379807,0.4986790787180757,0.47447516317376903,0.4926210523065954,0.47991305623852815,0.45471014092487155,0.5029970069585423,0.49579461677758074,0.4782497215501678,0.5383171606577255,0.5167320337031575,0.4737528680579174,0.4674760707034257,0.48755289983004324,0.5113727403245835,0.493943858260664,0.4188664246678399,0.40260926625887683
0.11579300656458716,0.11722975664365093,0.1314090151536502,0.09426340800947301,0.04148965391583187,0.021485278879403286,0.027744070974199956,0.04146111964115911,0.08457386444946263,-0.10667485315467902,-0.16751004104798892,-0.26741084609785726,-0.404170730236428,-0.46558195990226664,-0.4712684881324364,-0.4615604010065551,-0.4649675487716539,-0.5016780803432795,-0.5968652080293502,-0.596448277429593,-0.6163269952683522,-0.6448279491958976,-0.6988796268360399,-0.7256749394915392,-0.6656420366261419,-0.4797897104938453,-0.6784947489446688,-0.37671539242685415,0.5765944593662998,0.5107688395856564,0.4177595229039721,0.3478299186498697,0.2913461957217542,0.35757036813362875,0.4148178806998553,0.41880429120501805,0.4195099601273249,0.4326372285301714,0.47899977565345336,0.4812258964179869,0.45139393443242853,0.4793127508291367,0.4802355598670906,0.4813776105413794,0.45656801343393233,0.43834589799135115,0.40971681987526914,0.38870125668965694,0.36657150150235135
-0.047068760289414445,-0.06650438996712883,-0.12961172038053212,-0.17098446161478617,-0.20658575276493288,-0.322638926987692,-0.3847126152284948,-0.4697160976401051,-0.5353760014173672,-0.6296275816511498,-0.7064913314445989,-0.7330450931472297,-0.767304369666165,-0.7447448242188481,-0.7371862023780199,-0.7338490564803457,-0.7183269771886481,-0.7127532263117798,-0.703624232693918,-0.6920744748197045,-0.6716788121645746,-0.706661916051328,-0.7029996997071009,-0.7056153662747129,-0.7023437658257569,-0.7033878096100217,-0.19356792833774203,-0.002487720553958332,-0.6469254117192167,-0.5515488017913811,-0.5516948891177991,-0.4245788882730107,-0.42561094644717595,-0.5069268647118378,-0.4724034831051574,0.327028364411699,0.16884126263277038,0.2540191529284853,0.3018642020499022,0.301985482469391,0.2976143781091996,0.33379089585362465,0.3609371827910339,0.3295946244349167,0.3017609450797012,0.29443079129363525,0.2807840263319218,0.30685066809311384,0.3015384134835005
-0.43724371329102285,-0.4708516145036122,-0.5598941177052673,-0.6085813837206951,-0.67818230523618,-0.7409445632830286,-0.7914682872323706,-0.8280971121127789,-0.8332085988977199,-0.800869011393979,-0.7191504043065474,-0.6508244347563502,0,0,0,0,0,0,0,0,0,-0.4079941120634442,-0.5171420406035224,-0.5465686482836768,-0.5373869362288985,-0.5823922163537913,-0.6689334663324226,-0.706374661297849,-0.7120659888927614,-0.678770962544457,-0.6373948233779322,-0.5651558613243732,-0.44995009631979616,-0.32935823109023726,-0.3257269073517527,-0.5836882396787693,0.4384534291676693,-0.14838494109234698,-0.22448703900155279,-0.2929486318307946,-0.31280507155380866,-0.4097360830169503,-0.3301752389717145,-0.5129955425139135,-0.5999972656565251,-0.591113607468258,0.5565931995868267,0.25210324263671036,0.2785908416553447
-0.7277299091123132,-0.7629839077973444,-0.8003724154092097,-0.8176059120444266,-0.8304255186036453,-0.790091669816314,-0.7457151140501577,-0.5846693359659679,0,0,0,0,0,0,0,0,0,0,0,0,-0.1610270733271603,-0.44719965821614915,-0.511290978977432,-0.5698250752187317,-0.5706423492959276,-0.6160373679988986,-0.622598812770038,-0.645486051021496,-0.6964549290588042,-0.6617003210627409,-0.741665187662015,-0.7040341203442447,-0.6537920113228448,-0.5297883561518938,-0.25600678105225877,-0.22655325704369167,-0.18354472737128738,-0.22016791150467432,-0.47033657735742723,-0.49616014973840256,-0.5466423681757064,-0.45580074772708934,-0.5329738182420614,-0.4383372877023567,0.25283320540064047,0.5673765615027364,0.635753670948704,0.509027946466563,0.44188756122784767
-0.7656153285049465,-0.7657129034764949,-0.702544266698357,-0.64404831078899,-0.5485976520442538,0,0,0,0,0,0,0,0,0,0,0,0,0,0.034755755620186145,-0.1214877274522133,-0.29421135037138935,-0.47402543076860526,-0.5624520079141714,-0.6041965490090206,-0.5999813917832875,-0.6911036394125109,-0.7115696433739578,-0.73065279376377,-0.749427821628387,-0.7650345636030369,-0.7697334756133885,-0.767352963205232,-0.7118874785472278,-0.6292234959953279,-0.3991808676182457,-0.41514587368357736,-0.5657344526641497,0.4410316589060014,0.31734245459721794,0.40664617716215573,0.5105714328350307,0.5149834925084738,0.5296466090413003,0.5497057370351073,0.5794878188537192,0.5946968976732553,0.5732832753035272,0.5239058847848319,0.49484061369841165
-0.6066489308694143,-0.426303892375594,-0.18902629498428566,0,0,0,0,0,0,0,0,0,0,0,0,0,0,-0.06466509927747698,-0.3250687267525754,-0.4233221728512448,-0.5523833507047697,-0.5767008751866963,-0.6534049936598062,-0.6707400612727464,-0.7024282546755422,-0.7482617918259835,-0.7683636408700143,-0.775681497511177,-0.7873977673790822,-0.7988106377346211,-0.8071024336320505,-0.7945505525238582,-0.7708945024788739,-0.7137390085449081,-0.5003611083000853,-0.4513700673135868,-0.31552250846415414,-0.6249793159451348,-0.7455296702798264,0.697554478050957,0.41490698550698496,0.33427948288097803,0.3665208085872796,0.3798496074077083,0.42035462766949044,0.440163013145232,0.47793347858469876,0.43941745613030797,0.39861065981670946
-0.38077785169727624,-0.3914196397011669,0.4794928103633697,0,0,0,0,0,0,0,0,0,0,0,0,-0.1540723537338387,-0.2824924739905186,-0.417622696179924,-0.5648784507202138,-0.63862955065106,-0.6604893492610706,-0.7824590878815961,-0.8044200040438892,-0.7993745832431777,-0.8169368285737472,-0.8001127259002332,-0.8031613620024404,-0.8117216393571398,-0.8170857108231603,-0.8299408735554007,-0.8357071566792286,-0.8526743074181669,-0.8205129023402872,-0.7725228478327221,-0.6465474134824858,-0.5560087409738298,-0.46995893126009247,-0.28786647794938286,-0.21197572194687958,-0.1752814895189369,-0.2506469934066507,-0.5714148213054394,0.5907289839686323,0.341861471555888,0.3025361718351832,0.2449934096148515,0.249996839350852,0.24240115949425098,0.2228271332711109
-0.27370446656547565,-0.22097174520216684,-0.17338205673630425,-0.3294384770848447,-0.4286655788930273,-0.40572844117073104,0,0,0,0,0,-0.49433618636766946,-0.04628537542610737,-0.08215865597837275,-0.2245795529243357,-0.4146729673510509,-0.5548620712758,-0.6874392896504159,-0.8332216261903811,-0.8489395137700672,-0.8628195115114893,-0.8639951611636196,-0.8548121145454612,-0.8359850535014189,-0.8308873188816978,-0.8094477755848881,-0.8139068918294992,-0.8175153721574815,-0.8286949051665551,-0.8347201962215802,-0.8363935345149917,-0.8304366667638127,-0.8216503788534649,-0.8042839508792202,-0.6280871146800151,-0.6130363594950348,-0.5383828056278164,-0.4364689403656649,-0.3489164112428257,-0.318797489793722,-0.13105484686664948,-0.2624536821931837,-0.28406795968672677,-0.7401522401698203,0.4301945867042963,0.6406431866784789,0.43854416367902227,0.39743097839880387,0.4917838020283601
-0.26327040967898435,-0.21394182615245155,-0.3216316551052874,-0.39626496055625454,-0.17565822337243428,0.3470186845041045,0.2862454137755641,0.3230887627355013,0.43969224498020704,0,-0.13321875124502378,-0.22259812665574755,-0.38106507418099533,-0.5230986265034093,-0.6401316802341185,-0.7914779109098473,-0.8336923562581506,-0.8720795034078709,-0.8935562455990836,-0.8907552514427951,-0.8824316152806034,-0.8697339214797408,-0.8467406004419558,-0.8141604478676078,-0.7759802699547778,-0.7955600503373008,-0.7994382918428594,-0.8167214638417265,-0.8240789599960868,-0.857951898835243,-0.8424624744776991,-0.7764558295576071,-0.7489845410851521,-0.725402220275698,-0.6733879161223127,-0.658104925889027,-0.6126947026717777,-0.548645214431742,-0.4973792338328193,-0.4875407086050081,-0.32037701749464526,-0.2922936702682121,-0.24288815866312968,-0.18937200941187904,-0.17184080051826023,-0.1654586118187638,-0.15533200146698808,-0.21680014348927937,-0.3139928639371357
-0.5151158672822342,-0.5205024068582572,-0.5102867251272386,-0.45825983007302495,-0.38817131652772957,-0.35668937090463243,-0.380337300256579,-0.4289213428011772,-0.4518646827531702,-0.5481504880493789,-0.6138226226147014,-0.6552541315851564,-0.746635670650616,-0.843871614240661,-0.886918256024184,-0.9025034442089583,-0.9206160176386897,-0.9292361495432456,-0.9179678196704382,-0.8908260399194425,-0.8713268788278586,-0.8425138309082149,-0.8212138671414968,-0.8066193850404003,-0.7982779589466085,-0.7773193736424334,-0.8032502503240067,-0.798668807234958,-0.7598396042487809,-0.775244882619258,-0.7756568590238708,-0.7835245170802474,-0.7883885995891159,-0.7882507175077346,-0.764754385527643,-0.7258199009308457,-0.7032328108170547,-0.5869247261849825,-0.541925136858408,-0.5241297457187982,-0.47075273342481727,-0.4140475584076958,-0.38501061152331145,-0.3567675081913368,-0.29256969313564024,-0.28637476190908934,-0.26161857249719456,-0.4244213025259363,-0.46923073738203686
-0.5509208305606589,-0.5554286948040517,-0.5439768570950405,-0.5489116909173318,-0.6039443919537978,-0.6108433420575625,-0.6347195446157562,-0.7033826614190483,-0.7106842265151179,-0.733486160257738,-0.7844090136509246,-0.8343489898593132,-0.8739119034103189,-0.9232147438315887,-0.9369169862397133,-0.916419444502613,-0.9314026975189315,-0.9209122211219021,-0.8852483548435668,-0.8790680612951783,-0.8575423882161842,-0.8376849516663981,-0.8221187749215982,-0.8219613822102008,-0.8257007247592504,-0.8170107285927042,-0.8277751083078533,-0.8269787504673041,-0.7876418362496216,-0.781790124160318,-0.769004154339088,-0.7386476965665684,-0.7478824230490672,-0.7498699909072477,-0.7371947879811889,-0.7131716903967095,-0.6688734684440146,-0.6343968217727067,-0.6077137960508748,-0.5887561049356101,-0.5009568854862572,-0.44351180591374545,-0.4708937296741075,-0.485190061526906,-0.49055210612780265,-0.45196970946254245,-0.4409310506312484,-0.4156156024056704,-0.39804896898321485
-0.6208759466781525,-0.6570308300117138,-0.6846503873384774,-0.684952412014711,-0.712185199657567,-0.7192318498901291,-0.7395836759685396,-0.7635431019922624,-0.7907705791943508,-0.8072054886799064,-0.874445593424118,-0.8851493861585902,-0.8975351420499958,-0.9355109774941698,-0.9307170729593922,-0.8920200923618028,-0.9068071389082618,-0.8903099388070063,-0.8693060007348744,-0.8595441170829536,-0.8419690259702596,-0.8232111491925765,-0.8121004736472033,-0.8031051535815412,-0.8035436151626105,-0.8138967476977306,-0.8115500678233345,-0.8050278501769329,-0.7921834991554735,-0.7887298285358119,-0.7799201648994684,-0.7775321115325549,-0.772130675870071,-0.7726023737628769,-0.7572019249981478,-0.7478020269683754,-0.7289196756168883,-0.7136178258128759,-0.6885929269781694,-0.6674187754283079,-0.6207599803047825,-0.5992902524687663,-0.5751788190505386,-0.5524119560968257,-0.5324716875929236,-0.5391858862494563,-0.5361251595081596,-0.5268378568526126,-0.5312981100412631
-0.7227121997063123,-0.7414001082923048,-0.7489838925180307,-0.7503708560481257,-0.776234247273566,-0.7797280079568973,-0.7942716839002844,-0.8165992857864164,-0.8350652276388324,-0.8622150884227258,-0.889293442283946,-0.905331826975049,-0.9115497817637613,-0.9271470265778895,-0.9260560381580596,-0.9236753785581532,-0.9196668909187287,-0.8979394712145541,-0.879621668943894,-0.8715965749915974,-0.861020691710029,-0.8447823948593358,-0.8506872857503067,-0.8561987228008034,-0.862402428367103,-0.8398371588205129,-0.8189922456415256,-0.8144411125363712,-0.806805072138885,-0.7972612601158289,-0.783631575983657,-0.7637268853742567,-0.7702652360209732,-0.7709969772159528,-0.7706120907308804,-0.7797991370145694,-0.7838516081694155,-0.7327814326073062,-0.7006345839883608,-0.6305251340922772,-0.6140934141728326,-0.6337469734405875,-0.6298243184871729,-0.6190568362012409,-0.6044489833424147,-0.5925842805560375,-0.5852726741992073,-0.5717812095823193,-0.5698340625653336
-0.766758358377866,-0.7919216380072404,-0.802645854913185,-0.807266163066845,-0.8323953735136338,-0.8407832515831938,-0.8515783690569438,-0.8897540523206544,-0.8973331645496937,-0.9024429595996867,-0.9450464017110979,-0.9443541895227682,-0.933370927470728,-0.9445963003803417,-0.9435234218621636,-0.9335829196238227,-0.931766784609463,-0.9347740013668672,-0.9134156544047016,-0.9051659674364041,-0.8988136355840795,-0.8780985234690766,-0.8716725539967172,-0.8722334344763633,-0.8602180426348889,-0.8245590224993921,-0.8281864886119258,-0.8333672314000301,-0.8180236182668089,-0.81835326120786,-0.816144306436781,-0.8012360593303502,-0.800554252256667,-0.8025609503425444,-0.8041802801852734,-0.8004774078959188,-0.790039140288715,-0.7837311265118441,-0.7664188360352582,-0.7349139722417687,-0.6988360043611114,-0.6871725063974755,-0.6575307540553106,-0.6465321085679347,-0.6347436422243108,-0.6152960433164057,-0.6022124787261278,-0.5729279293439348,-0.5552787077371631
