jsons/1312833600.json
{"header": {"parameterUnit": "m", "parameterNumber": 3, "dx": 0.1, "dy": 0.5, "parameterNumberName": "Northward wave", "la1": 40.97354507446295, "la2": 16.46031188964855, "parameterCategory": 2, "lo2": 133.9931640625001, "nx": 191, "ny": 50, "refTime": "2011-08-05 8:00:00", "lo1": 114.97908020019554}, "data":
[rows 22 to 43 of 50, columns 100 to 149 of 191]
0.7536020403612673,0.7033062618129073,0.6543364797913481,0.641426963021989,0.6092458071808893,0.5789162525384381,0.5573373075067375,0.5340022349248842,0.529064706783677,0.5446325670136797,0.5492872666530887,0.5605794904947782,0.5237452203919152,0.49824730554946517,0.49313528537278456,0.4852026972330668,0.4877143554064954,0.48120762969517444,0.48589181270195314,0.49088906167736457,0.474461853894592,0.4270875495433712,0.4214311571973642,0.41193582698196185,0.4131314295678194,0.4233849504722208,0.4258836713265889,0.43172603104918006,0.42235157699398407,0.4361621872339928,0.4677244069375378,0.4909608357241474,0.49489252571779463,0.49851620553858733,0.5180039661566526,0.525749970144973,0.5730439835336402,0.5826788446465284,0.5936623643000564,0.6146966144897102,0.6488438199109677,0.6633265590069637,0.6908155484815107,0.7317862556951444,0.7571725228588101,0.7649423252907331,0.7753701316811884,0.7843737393497948,0.8036550362996956,0.7890952821542716
0.7744448828780018,0.7535421964909823,0.7053470401235786,0.689463590384167,0.639947728258779,0.6014069532734526,0.5779370124734303,0.5637448566599508,0.524782289548881,0.5164886320582465,0.5083745576444635,0.4991706798396698,0.47853552256113624,0.4836928795695888,0.4941836742450863,0.45349157323938843,0.4555237550904922,0.4591012525709339,0.42601219397432616,0.418909495499203,0.4186662019240562,0.39542493824244374,0.4239494933741929,0.4601220634314772,0.44200433989505206,0.45550669561142365,0.46442387233161736,0.44386056858180245,0.44719473595461373,0.46203204394410063,0.4716551680569636,0.49511425987028257,0.5063339656667345,0.5137699469445449,0.5645963128980049,0.5937208501505405,0.6016558537977567,0.6339577061298399,0.6456995805472648,0.6700126402369965,0.7238900997690871,0.7414587201100266,0.7618010157808581,0.7901515283178615,0.8317276294607401,0.8650617347289187,0.8836566307343227,0.8994771314406879,0.9061117750826854,0.9199711902009876
0.7761423630390605,0.765854958822878,0.7754753449739146,0.7519932003279082,0.7184924780829509,0.6804942866710229,0.6391411647300647,0.6277859719493967,0.607759965849919,0.586844946666221,0.5670374962665898,0.5470163237139409,0.5440992903725353,0.5380389406473092,0.551511568842452,0.5415633326163893,0.5306533288739983,0.5221744369469592,0.5141475540230013,0.5224994747840469,0.529529416985568,0.5319941532981981,0.528644696538983,0.5311722799094255,0.5425902009667163,0.5413362316650798,0.5470300574001796,0.5509111062554942,0.5538897277007664,0.5554975509157805,0.5458105635239432,0.5310248506300134,0.555031140707196,0.5805356493366762,0.6483098619651333,0.7030238499817865,0.7264766867021883,0.7987931712882433,0.8138756300052958,0.8518139308253077,0.8901182688137553,0.9199697928929377,0.9345607243937238,0.9281959153600398,0.9312050196174592,0.9355766700755961,0.9365874273515056,0.9909314425239476,0.9843024477857573,0.991748920826192
0.8024946123497083,0.8026512151789573,0.7643043557607752,0.751664240159547,0.758995680340978,0.7514388346496284,0.7396257215987588,0.7378339442551135,0.7240346845462388,0.7328067709557292,0.7087371994688425,0.6608173544161813,0.6239486803689603,0.5853794034379929,0.5982421153182755,0.6124293769109879,0.6116107760999179,0.6130422653047837,0.5980121690399054,0.5879744007063976,0.5615912191430563,0.5604650753730318,0.5605869425608101,0.5511659379421479,0.594605164594777,0.6102474006007444,0.633013448544821,0.6388688960156088,0.6481758166920419,0.6583109890043661,0.6787495711080469,0.7082460348166253,0.6953287582959502,0.6814499544018258,0.650288948926295,0.6704567112873128,0.7051190877434795,0.776016786122507,0.8178696576104414,0.8616572385216621,0.7426742408528656,-0.13490953589172885,0.7122503456170269,0.700374786647791,0.6118779244356171,0.5841679374637658,-0.6515995275755909,-0.7062527254165618,-0.5640067165208195,0.04192669338712196
0.8068770683144078,0.8111728646119446,0.7966272288987171,0.7882810944925865,0.7797090657536951,0.7837633867368191,0.7875899522051273,0.7911799367189883,0.7884221008935189,0.7923434346112675,0.8051368820677021,0.8048762364237076,0.7510893282691455,0.7393112864772441,0.7149420806851036,0.6925457779549028,0.6905016611139994,0.6745648268243823,0.6363153380920176,0.641397164026511,0.6420798407826974,0.6365373829432069,0.6074588198463681,0.6044833510739959,0.6014052255847804,0.6232195176188704,0.642168880997685,0.6506842343688007,0.6579337143567762,0.6983087744683116,0.7258428462551287,0.7494753752314472,0.7459821630696825,0.7678774356085,0.806844761395693,0.839453434887407,0.8576235659493585,0.8088446493588811,0.6001055668818691,0.6608608585361246,-0.14698369373081074,0.6075931108826621,0.718268414899246,0.7066630124710257,0.6755754180248765,0.6963131462420323,0.6037252486426276,0.6295164895001341,0.4799850497553471,0.4647823661822667
0.8125851765063598,0.8156800105108769,0.7976995836648711,0.7873813999504135,0.7887269016224071,0.7882063991612522,0.7874598972082518,0.7919254041933981,0.7877837155138719,0.7869498032554421,0.7785926487477198,0.7699254133700578,0.75695452206793,0.7531009730575864,0.7452096282881,0.6920063263825492,0.6963628323247546,0.6834597758125295,0.6935052635642489,0.7006865196481286,0.7046817799371418,0.717590242911612,0.7142293788140055,0.7175801302739446,0.7265743262870498,0.7432785875686011,0.763162130015783,0.7436864163794284,0.7267930642891589,0.7196663607412506,0.7038227032447774,0.7037320671192101,0.7099907068617775,0.709235593561285,0.6854960183901916,0.6738917167813154,0.6670416650164566,0.6580241942472197,0.6613716349534247,0.6602314634105731,0.6834362153974256,0.6899113871900134,0.6826990512469863,0.6191652816825515,0.624986557716348,0.6082805867102645,0.6341669404433086,0.6935491988639813,0.7288351590059301,0.7593758107567469
0.7738109637156468,0.7764345681692101,0.7794267505465082,0.7671922980292273,0.7619071786001648,0.7484002006576592,0.7278365730348713,0.7315966718788687,0.7545878386420896,0.7487336536483421,0.7510567701059729,0.7501500675724019,0.7365388547826183,0.7331354896504961,0.7278006784714227,0.7227779830370411,0.71114593794083,0.7158773163242901,0.723824952268704,0.7434953956985885,0.7522585794464733,0.771984341772112,0.7832316808605269,0.7912819330109362,0.8115035509966838,0.7834477954439303,0.7039510625067832,0.43068769706445365,0.8093416006652633,0.7216748593119543,0.7682963405229037,0.6512063797977407,0.35955517674824977,-0.5517607179187946,0.4392713561451636,0.6160278480148262,0.677054847544206,0.7138713480031349,0.7512723737420374,0.7446254593575172,0.7491039150626331,0.7435471185787954,0.7324792365030623,0.7757053876825273,0.7713860180353345,0.7775324164129119,0.782153493892314,0.8197719339272158,0.8327649432047949,0.8633839957812007
0.7814347774643406,0.7814408292502903,0.7786342891721282,0.7684504925219089,0.7640383472393095,0.7520764724230093,0.7397563796727923,0.7362012524374162,0.7332281453727425,0.7301828165877245,0.7283557654913958,0.7256553257887322,0.7207471147414559,0.7250680025491492,0.7134907404506683,0.7075374955017159,0.7153016620102957,0.7314228395331902,0.7384683792030582,0.7436063240515886,0.7464028504290455,0.7647361407030606,0.7813023188605571,0.7884785364595508,0.8146627099765045,0.7168672850396851,-0.7328096695880647,0.5546919101765289,-0.49286609673418436,-0.5668986167752782,-0.4227827361407829,-0.3248769403726255,-0.32848416438252803,-0.3260681849468589,-0.3166841493858662,-0.3214335546184183,-0.26502965985014815,-0.16461885990609082,-0.08417692471093921,-0.027324084233139645,0.22990476975244634,0.45336605603218477,0.5058542401785503,0.6054789573665433,0.7186480607406901,0.7409350299050864,0.7894883480511398,0.8556768544338632,0.8878316723679144,0.9288795099940744
0.7725568947333408,0.7684429115480486,0.7745143387570342,0.7706850409459088,0.7712813036480669,0.7634917256695735,0.7495333213982499,0.7353202451868148,0.7429866651500783,0.7395584384707715,0.71852049144386,0.7178719180001591,0.717973691302822,0.7300361678381477,0.7176904817431469,0.7095582483385714,0.7097829368952031,0.7215647804363277,0.7174563113202324,0.7186595325827603,0.7091089774109497,0.7387716585533869,0.7337456625347007,0.7437569483166666,0.7444862040350962,0.7389371905922661,0.7108670804826818,0.6984769032111807,0.5798733333792525,0.46672414610316204,0.34857542390398255,0.2148954880653262,0.21324647723647255,0.21455383940175876,0.1967896365375328,0.20284355013532462,0.17012903580067418,0.20998070794820056,0.20866435719617987,0.22768656602598078,0.2533182114013031,0.2860900529808919,0.3155728920510718,0.4384967604930333,0.4809143677680446,0.5156856588010819,0.6127267829840072,0.6844657274813349,0.7337534725935464,0.7835294156463575
0.7952662018104377,0.7927949996277109,0.7811190843607897,0.7739455361547266,0.7778581533193246,0.7689209713089752,0.7588494679955688,0.7513745916649707,0.7344073989890778,0.7318314494980905,0.7387818231547564,0.7419029382744636,0.7161679196439871,0.7247516562982507,0.7238654421806764,0.7215088478349013,0.7206664000732951,0.7212940699413818,0.7099142140153568,0.7197477780710547,0.7289584730171546,0.7262682944981129,0.7285097748155858,0.7239177039279769,0.7059294399971939,0.709748135941125,0.7110305631669535,0.7107255439949497,0.7410840769316424,0.742209721261296,0.7390918920273741,0.7449861068419543,0.7342566279528023,0.707812158717853,0.7114222556536126,0.6968266690377531,0.709037968546641,0.6959203523941226,0.6889594363059512,0.7073251192327924,0.6550428148671688,0.6548917905540442,0.6453089542336976,0.6302273229728124,0.6489235282271082,0.6434115920312372,0.6521032497311289,0.6854980326777032,0.6982392901030753,0.7124454839056659
0.7992720778205863,0.7352630996892054,0.4080467990358335,0.013932664516579905,-0.15332729995880354,-0.12346418725541848,0.5545456793357703,0.7279025145677676,0.7121605143879394,0.7252776004316949,0.7318300248898393,0.7351506476843961,0.7300417011674544,0.7371652025296327,0.7400583950477007,0.74601339592782,0.7613392980817307,0.763308759379371,0.7660446381197956,0.7647605820244225,0.7719232977811076,0.7730943625156171,0.7711387210429318,0.768362479285624,0.7764609914357934,0.7806484464394141,0.7883035614325411,0.7895756571640933,0.8187416427078867,0.828969117609604,0.8416032662955355,0.8567291258130975,0.8631908935429612,0.8678532138633515,0.8783402098302799,0.8824547535119887,0.8888998562333945,0.8825806665481546,0.8752577417273563,0.8685537529870498,0.8701993747108823,0.8698402898384913,0.8724046549244971,0.869607821646772,0.8683293728451862,0.8714109192177387,0.8740819601018059,0.8653293002293786,0.8635747471966834,0.8681255662469898
0.810542215748753,0.7949682178599065,0.7537749310799239,0.7054160035370373,0.6677638869310161,0.6539695446624322,0.6723616062496524,0.6855276563067705,0.6965860372427967,0.6998189291504134,0.7064001533631016,0.7128193335980334,0.7359542158467451,0.7407737501880007,0.7402772124295041,0.7364222427638045,0.7431646699031458,0.7540359828713785,0.7765282552340139,0.7899099250986749,0.7917871678517151,0.7818717918442201,0.7862321620326982,0.7955849884290108,0.7903657455802064,0.7937624665381221,0.8211686731827705,0.8451415680602861,0.8547383245091914,0.8717998909724316,0.8738472521987249,0.8817105639332116,0.8957190214907427,0.9027151414894837,0.9118283122423209,0.9184080084839124,0.903788455816648,0.9170130548577327,0.9027509039249121,0.9175651618518413,0.9138313299597086,0.9356015224987833,0.9197032833847095,0.9156348137373388,0.9415197700432761,0.9545902351022062,0.9590568221238754,0.9454716154589524,0.942721890521762,0.940161548024697
0.6827761108833162,0.8118175316073235,0.8474479784500962,0.8147514761165309,0.796844243586537,0.7786916617036306,0.7803089531058277,0.7901410745403539,0.8063201604669639,0.8056383322671204,0.8140539805800451,0.8231514651281422,0.8198110275618852,0.816741347724269,0.8194960523549744,0.8264484421029402,0.8218610907837782,0.8213946395125746,0.8231923466557672,0.823363218607958,0.8263182447130976,0.8302719262741195,0.8357695509832355,0.8422795465801184,0.8367921210210367,0.8408890975841982,0.8455728325613686,0.8453073913515667,0.8539200663100497,0.8660064943449836,0.8696888374100072,0.8831122125105692,0.8953950543982998,0.8746331895883191,0.8467166690090844,0.6310074386379925,-0.5227246622111411,-0.455726224109276,-0.8855496552408154,-0.46086034670440174,0.14188116691471292,0.34257553703586535,0.6685806839087196,-0.9056378795692174,0.7486027433463344,0.9580975844024054,0.6679743367132703,0.849229217026755,0.9496110959507456,0.9447083063570149
0.8908173046144842,0.8715414948328056,0.3803934225919269,-0.8837505794561501,0.7447396081497919,0.7988304645782834,0.8340312949521703,0.8567034815343304,0.8546472412555528,0.8590579998900948,0.8640868683679535,0.8672640770548263,0.8691230858617621,0.8724547438188717,0.8728499216314302,0.8699182547363494,0.8714232456640204,0.8723486435271705,0.8782545218147421,0.8784215579135545,0.8787576054537982,0.8806125468899092,0.8776728288454144,0.8818230060401123,0.8875720539465002,0.890335222528526,0.8900571816474688,0.8912145768440748,0.8896095201178502,0.8885047607380177,0.8955349650773742,0.8962362589654469,0.9074707031103777,0.9176000559046888,0.9098519987221186,0.8713943588330156,0.7927003828107777,-0.7338741566035163,-0.5994971001632705,-0.3183872720261636,0.8498738891036042,0.9513567654923674,0.7743443771378482,0.6480373402714854,0.5766140429080635,0.5029449980520024,0.22047209787572555,-0.810029178995171,0.8670547845572598,0.9983373375500342
0.9233275110242695,0.9278554993656876,0.8917824960678299,0.8797343038168095,0.7777124654176272,0.49378301277552983,-0.1271103863573582,-0.8673824005921156,-0.6252304201632212,-0.16500885663452933,0.8116973419505534,0.8966281580585312,-0.6990495977875245,0.9220751416944916,-0.7728812583060511,0.19524828514548914,0.0760748303379761,0.00919606383322711,-0.8692175901276875,0.6166381076169062,0.8507186288023705,-0.9080507231279116,-0.6701687911585319,0.5554302584435891,0.761729402426353,0.9107615969419918,0.9252784175008583,0.9049787088823135,0.8621671635210786,0.8108175948226808,0.7913144470423605,0.7236577546829391,0.8955387250412136,0.9418246462833934,0.9059550501807977,0.9268108648653761,0.9479060213152828,0.955156536704092,0.855516379470051,0.7793062563624299,0.20475329707302212,-0.5855979776370734,-0.9866320688283496,0.7224910742402475,0.9807336599624249,0.897407614967221,0.8551951008711722,0.9414364894360583,0.9087928102158414,0.857425936582569
0.9419144808678287,0.9613219260003592,0.9999898352283414,1.0002928707107261,0.9876192540795519,0.9932235059443885,0.8995722232280459,0.8090605133252503,0.4732058382233969,-0.7148668580548011,-0.7181746259973928,-0.10763731539243958,0.884061751106484,0.755943977261986,0.7957888063378219,0.785651492731298,-0.058193220858639864,-0.9274911084493618,-0.9792850811397312,0.2948135267850612,0.7782238975555484,0.893520999144436,0.8848765795460611,0.6090856350023289,0.7158840546783197,-0.2808956046164274,-0.9556916799577981,-0.9793717247463875,0.7497796974887453,0.8707238728827672,0.33636061540228696,0.3234414506481208,0.4799932790731325,0.788577176814342,-0.9136815659747074,-0.8774009524701736,-0.9812472594761962,-0.8669046990830144,-0.9294705580297337,0.17853811377548182,0.8582272127349903,0.6804545491205441,0.6956640536022715,0.9456803447727684,0.9643722775513702,0.9591685644584682,0.9791390935461909,0.9899829953624414,0.9861726265520274,0.9807878926998351
0.9159418568898582,0.9196549270179823,0.9457837052964332,0.9540527826042929,0.9559315301569309,0.987763517193878,1.0029176720473258,0.995416556451354,1.041020126862233,1.0374209804641503,1.0315386186897786,1.028984570941048,1.0285499192529663,1.0359096554888982,1.035395833452029,1.0352611630921313,1.0329933956372228,1.0037201612851532,1.0089881809115748,0.9697328817135726,1.0094372071261057,1.012370680951142,1.0192150119722956,1.0261349852513568,1.018833471439599,1.0141670761490233,1.0161079144836023,1.0080033293792356,0.8498552908438333,0.6885436617310634,0.7212922557075376,-0.09478470389488675,-0.5461067831336274,-0.6983122309819765,0.5057531167300959,0.9105243104380875,0.9916480461078768,0.9596378098189651,0.9699386880112638,1.0075510374384207,1.0077565801341712,1.005386673087735,1.0032411240260413,0.9878147159231906,0.9732237281139132,0.9705000474650383,0.9768888406337976,0.98575224617684,0.9924688171378483,0.996970258129605
0.9347645385168096,0.934614466881681,0.9439446157977195,0.9464633425874003,0.9621341326999101,1.0154118234445537,1.0228883863728018,1.0163740572460644,1.0294045648940544,1.0317128374369595,1.0216966937548673,1.032691043152944,1.0456224285110323,1.055621517393333,1.0684344971200506,1.0516479046342293,1.0275291978915468,1.021848231585464,1.0151246310747073,1.0149231584576353,1.021446160673145,1.0367799429832798,1.036433327371563,1.0390930528525335,1.0438852118431343,1.0456114392904516,1.0474268125215929,1.0484517290778201,1.0532853945541518,1.0570778023536835,1.0651966138874895,1.0677915554149606,1.0480965467364092,1.039016418446448,1.0330867517562978,1.0325478681798475,1.0303448943804772,1.0264695566558493,1.0188780837082332,1.0129719705678908,1.010539459728054,1.0067976606544804,1.0001817504040933,0.989648583694271,0.987053582148374,0.9872856886984358,0.9852026515066095,0.974683692496361,0.9720496475436746,0.968119824497571
0.9578503950340074,0.9572550171513226,0.9774679249729121,0.9988194010280874,1.0112195265266495,1.0215906956862104,1.0353945582959967,1.0421083184146631,1.0506657114791138,1.0738109372151812,1.0689262671509476,1.0853098280597524,1.0843084284960713,1.0656233391582444,1.059691748746791,1.0558562205856716,1.0421469336822435,1.0314015876596299,1.038070534102246,1.047019529617427,1.0568382861666863,1.0629522917048864,1.0650881103599732,1.0781892590495805,1.0912358933806252,1.098204333345636,1.0963823683271194,1.089966266558519,1.079977854700117,1.078564155970167,1.0775328624448433,1.079023999785823,1.0699634998718583,1.0713879729841465,1.0730548959407584,1.0643063591427084,1.0549978761853909,1.04759031665952,1.038580170152716,1.0269994541219305,1.0166429590513861,1.0090672242932235,1.000938769591662,0.9843806624028916,0.9735770978805072,0.9555597246981931,0.9502736104340486,0.9459835246639606,0.9369752647987415,0.9221456498513664
1.0037869574063658,1.0380827536912145,1.0121668448929018,1.024376851333302,1.0406396433634648,1.0736062017423482,1.1025160614701806,1.1238703166125967,1.10563598950607,1.0979528581488662,1.0975358257066672,1.0905274738043609,1.0950018515309212,1.0816872109634148,1.080712897196043,1.0825016742157587,1.0722605541029768,1.076642980218707,1.0900177333553995,1.0893208211816579,1.0815342486098254,1.0834967760560135,1.0922762633411005,1.095600761933285,1.098757631286815,1.097806888863416,1.0886267580577587,1.084045439234367,1.0808393266618614,1.0771249535254228,1.0701367156478434,1.060886244434676,1.0568440589214447,1.0537725060307852,1.0474500379829002,1.0437587076484578,1.0405840294223332,1.0212094214257283,1.0072077068158012,0.9880015510473155,0.9854887658450662,0.9840032565481801,0.9682216209363845,0.9558543119264417,0.939239425640677,0.9030784607407095,0.875221047074901,0.8777235363437816,0,0
0.9058960669878955,0.953842077025193,0.9894487689789309,1.0091338006356678,1.056126974884432,1.096062461929598,1.0850835059379478,1.0580388422520492,1.0254528600082022,1.0613928322399075,1.0666084662824264,1.0737413014847454,1.090874073501171,1.0986204645245512,1.1121723476252665,1.1220046451412211,1.1167847300046383,1.121344777644834,1.1342543102822737,1.142794504921506,1.1205450033446507,1.1127232237629954,1.1094614831619398,1.1114116164717074,1.127840120487805,1.1373771215973016,1.1289568679087179,1.1086287982470913,1.0889943423960924,1.082253116069467,1.0788277130951047,1.0663051812719395,1.0529751897800055,1.0438859187609981,1.0301522333897186,1.017826632316581,1.0145080341137063,1.00769855292652,0.9956966619748348,0.9792804756012642,0.9664325023649563,0.9497837671634686,-2.926923071116885e+38,0,0,0,0,0,0,0
0.9770219812072639,0.992030342425763,1.03233471918845,1.0498908566406502,1.044591268657721,1.0388954218797732,1.0457452465890917,1.0505944600442405,1.0594336525958388,1.0615271569554414,1.066285290649757,1.0698745466126787,1.091098537489004,1.0845889575151846,1.090396404484165,1.1041309236723276,1.1008397258928795,1.0981295634843389,1.0939023427056391,1.0914808676424272,1.0864751950208784,1.0751901221968663,1.06795059573491,1.0623478206045787,1.068835162985838,1.0609903294917291,1.0582614097654315,1.0490477670154261,1.026498256459941,1.0062808628325983,0.9999363695821536,0.9987904736111132,0.9908454632059241,0.9843294565233262,0.9564115590939399,0.9392203722485852,0.9375577410226972,0.27405672497853684,0,0,0,0,0,0,0,0,0,0,0,0
