jsons/1312808400.json
{"header": {"parameterUnit": "m", "parameterNumber": 3, "dx": 0.1, "dy": 0.5, "parameterNumberName": "Northward wave", "la1": 40.97354507446295, "la2": 16.46031188964855, "parameterCategory": 2, "lo2": 133.9931640625001, "nx": 191, "ny": 50, "refTime": "2011-08-05 8:00:00", "lo1": 114.97908020019554}, "data":
[rows 0 to 21 of 50, columns 50 to 99 of 191]
0,0,0,0,0,0,0,0,0,0,0,0,0,0,0,0,0,0,0,0,0,0,0,0,0,0,0,0,0,0,0,0,0,0,0,0,0,0,0,0,0,0,0,0,0,0,0,0,0,0
0,0,0,0,0,0,0,-0.2871726931439885,-0.2394426629355562,-0.2709218384267521,-0.24302834068107368,-0.22790075763015516,-0.23261922559811016,-0.22508367142201652,-0.23062311126660223,-0.2312624923411671,-0.23049040252168682,-0.21656586771784606,-0.21102327492540587,-0.20329261738933682,-0.18366244493529718,-0.08851500756496214,0.23477480338010884,0,0,0,0,0,0,0,0,0,0,0,0,0,0,0,0,0,0,0,0,0,0,0,0,0,0,0
-0.34003166697683185,-0.17809877797686113,-0.25504193189035496,-0.23621073103191845,-0.21810568289854582,-0.22291162535255754,-0.2082369799454375,-0.2031163233310682,-0.19032070178793703,-0.19536727979249668,-0.1979267269114996,-0.1954933489162167,-0.19712142489644163,-0.19228016164229808,-0.18130746392565472,-0.1823178549318018,-0.08960775771192919,0.04289951571451133,0.21143243109663343,0,0,0,0,0,0,0,0,0,0,0,0,0,0,0,0,0,0,0,0,0,0,0,0,0,0,0,0,0,0,0
-0.3635592474634006,-0.3123829117386043,-0.2912375662485494,-0.2677463689761784,-0.19019096417582204,-0.1658110067199996,-0.14815948890192987,-0.13369137645095808,-0.10132708617369113,-0.08904987455031071,-0.06397028065075104,-0.052735081422613905,-0.038222525516104125,0.05818189798951133,-0.6944673953181943,-0.6985683014085627,-0.47210992606462454,0,0,0,0,0,0,0,0,3.2585614512914325e+38,-1.4383583725002438,-1.6224990525252794,-1.738943271446175,-1.8654865937587743,-1.9516033878906638,-2.049395009075236,-2.0641687911965056,-2.1188780509525276,-2.155971449788922,-2.261552087196813,-2.242474047241757,-2.287225410471042,-2.13776125397598,-2.0111611772551967,-1.9057924220068,-1.7586336975308408,-1.5554028745513662,-1.4322830048936477,-1.2477363891075721,-1.1995713918792779,-1.0323585880914874,-0.9607823023075627,-0.8066157616883356,-0.48541298491262236
-0.608953999345061,-0.6171929169072329,-0.6380991789600328,-0.6921323884842516,-0.668815358962561,-0.6896136293856382,-0.7103632790724228,-0.7443142613740308,-0.5037358716873057,-0.2515575126094655,0.050532243977792234,0.13001009613239403,-0.03292981588354949,0.07669731786977003,-0.27938057167540664,-0.3336252240678343,-0.957560404535934,-1.0548026032262945,-1.2327396755098567,0.3856355553835429,-1.7780945340389622,-1.8711725950605727,-1.9832057768497726,-2.0419954814149563,-1.9996806713830222,-2.0832748932676988,-2.1396397607239646,-2.195902877116544,-2.2899521550841513,-2.3596096795111863,-2.4998535458235476,-2.601091968915462,-2.68650092397384,-2.7784255818102896,-2.8307479523411527,-2.8534009026289553,-2.8264828308608,-2.7146491359886533,-2.5832918172587966,-2.2899129414300323,-2.0454906748371045,-1.8950418702148,-1.544658754490925,-1.1465562898565218,-0.8216510807324445,-0.6125091071396738,-0.19221358859048993,0.15726064797185285,0.3857763325610569,0.8013284942027071
-0.5516593522715976,-0.5655100185577413,-0.5923521868666916,-0.6253830766365758,-0.6734196322831649,-0.6998508384421683,-0.7547270619928695,-0.7818717260871868,-0.8278566074558056,-0.8848208818205433,-0.9271450937497152,-1.0119607348121842,-1.0957217807493622,-1.155822331941483,-1.2503103144022019,-1.2851734104561274,-1.3261815793857694,-1.3819344831553344,-1.413454204309882,-1.4529668404230347,-1.450597779855168,-1.4728237321804853,-1.4828470546096144,-1.5352709327602185,-1.6199508932066324,-1.66686057925408,-1.691338170764315,-1.7445326177523601,-1.8340423655699207,-1.8357553227820054,-2.0948830834146603,-2.1514914778438867,-2.2744484700727257,-2.4524472573522917,-2.610255498012362,-2.718936403119038,-2.75943393213909,-2.6552004527711657,-2.4679910625195043,-1.8125465396397644,-1.5249429299857853,-1.1806670835850372,-0.8471198696212532,-0.1571201224364447,0.09218018165582399,0.39174661429648816,0.9667961164934682,1.3352653679117503,1.5248186958919445,1.8714229085204412
-0.20936214982726398,-0.19948902297383667,-0.20445800619705687,-0.19389111839975093,-0.2202604078744148,-0.22681791327171752,-0.255671754055603,-0.2770360746264369,-0.3316665373691699,-0.3682621971820875,-0.34380412993881,-0.42680713034248613,-0.4722828855364272,-0.4986460273607221,-0.4766473470248263,-0.516122620591467,-0.5760519781179152,-0.6292550211958674,-0.6605093775073865,-0.6880171902339621,-0.7466101521147248,-0.7828327575011937,-0.7900457093503527,-0.8336224440724184,-0.830917592739706,-0.855609938346341,-0.8635488121293781,-0.8880941351051709,-0.8972533088606809,-0.8945110155346643,-0.8872703321915089,-0.8934008037797811,-0.9193311242268386,-1.163220075905501,-1.4071417455547994,-1.5947077789620814,-2.5445899274559047,-1.9395114748833153,-1.1362229521384677,-0.19948233569871138,-0.05009700540471882,0.1779183411445016,0.2331126513565378,0.4912186245082026,0.5880905307896019,0.7398957446513736,1.0200552562044416,1.1265770632721983,1.2941333129821508,1.3869910620155486
0.24864907073665413,-1.2511312312716213e+38,0,0,0,0,0,0,0,0,0,0,0,0,0,0,-0.34360552458284604,-0.11497475939344805,-0.06236927811830683,-4.356835901054348e+37,0,0,0,-0.5372089541400216,-0.46782219262151625,-0.6482031194679158,-0.7104810987166899,-0.5498854129411703,-0.40434012881454456,-0.2763228047492902,-0.03907889111048172,0.142348839937502,0.28627606706780306,0.7261049355207361,1.1298902024190418,0.9364271229682107,-1.3762526834745803,-0.7265087853661264,1.2309498380422772,1.3762276318460385,1.1167347519871436,1.0593141557799168,0.9702867114874011,0.9288416894404012,0.9865186135894793,0.9819366533158478,1.0441394287494503,1.1161119871122045,1.182838633455851,1.2497336895116749
0,0,0,0,0,0,0,0,0,0,0,0,0,0,0,0,0,0,0,0,0,2.0465130063996963e+38,-1.2940244980991511e+38,0,0,0,-0.8213268023850523,-0.16140147027311014,0.12105466582469017,0.34605617092954577,0.6467009390725403,0.8719845511852924,1.035422317363711,1.5379962095821134,1.7363246952805322,1.6338637731645014,1.8651121850714565,-2.172170041651492,1.2925745219623233,1.9171349009804832,1.808386774991684,1.6270514380191345,1.5834528679886082,1.3966288529988464,1.3831857713876405,1.361114852947445,1.3139328402959445,1.3412838635648336,1.356345074850443,1.370247060695086
0,0,0,0,0,0,0,0,0.0975479028716696,-0.6482940412218848,-0.20336506400254684,0.04087246197516627,0.25185314975863904,0.33406362274030305,0.5221122346313702,0.6077328110613912,0.7402019147364157,0.7001603215193072,0.7648134648453095,0.8444335304191147,0.7916233279063912,0.7571133951485719,0.7613749828051605,0.7434373815778512,0.699273572018249,0.7402781842095493,0.7602262348120365,0.8543772106923843,0.9228743862775806,1.0075146727456188,1.2955580881377795,1.4799616644235836,1.5893424681046455,1.798504905200791,1.912645880800763,1.5729063740324112,-1.3540620692571972,1.231520765682521,1.7379046026919864,1.8144564458429808,1.700451667533233,1.6334702446675895,1.471353306158746,1.3361653958853577,1.3361571629205609,1.31312975583342,1.294840307054662,1.3252356306850297,1.3346953759390499,1.341428307898033
0,0,-0.6072701371992876,-0.7076006514959747,-0.5891093918901805,-0.5959390662004538,-0.6674315982990334,-0.5875702092893924,-0.3750233101380199,-0.33961206422030815,-0.25282456314035345,-0.12136850052408114,-0.09164142488620357,-0.042964689805915925,0.04460018099835242,0.13103468515181746,0.17566432834257956,0.2803495531624394,0.29154885705970796,0.3310645654543683,0.33640479133776835,0.2823446848513094,0.3858966231195704,0.41206048094819603,0.5827344517523464,0.691095693625765,0.7928617139001856,0.9325781955227401,1.0621427179782028,1.1426892520562442,1.4016099110825477,1.593658224681485,1.6555319085996945,1.8250926026186889,1.7448892568672834,1.8589102678405047,-1.8229474128892917,0.11483616435830316,1.6962806202820915,1.7782395563076723,1.7049684156305154,1.629396079577522,1.5169689199682614,1.397409935979654,1.3402148923033637,1.311825403471323,1.2653936397432142,1.2535470575360952,1.2387982720897575,1.265130551976416
-0.6638604827407051,-0.6107730187229492,-0.5925372587822664,-0.598799044701256,-0.5452034293539848,-0.5122388692902446,-0.5130825020699451,-0.49760714534545547,-0.4519557689976151,-0.44862760088723314,-0.42929976670001996,-0.3307724732336362,-0.26521263618207214,-0.1776870845057456,-0.028303432595490598,-0.0019113462305525312,0.03274634745356673,0.08842800404654942,0.12129358633950625,0.16982272878489818,0.2718166900627207,0.3369771295790997,0.3764897622782378,0.4038207595842746,0.6140985855924509,0.71004818998117,0.8151115221812791,1.0168174085094444,1.0998870012363084,1.1765496963246767,1.3887598092431241,1.4849927568506993,1.5580582973721147,1.689725659410874,1.7716589479150395,1.6427104845086402,-1.3599217299306605,1.7494310660010266,1.574657946931972,1.7407820338338733,1.6943895768889345,1.6231690069041544,1.5463246372585209,1.3811474934204506,1.2976491539427821,1.2448714330236377,1.1808276208986823,1.143938158649828,1.1054808435533126,1.0832633552718482
-0.3827906952704953,-0.33552219330124333,-0.34843119320300786,-0.3554718611636062,-0.3440728294561878,-0.3432751936475944,-0.3460875334970471,-0.312734907548915,-0.3008412238383183,-0.30234652187551697,-0.2623154879536856,-0.2015992604275873,-0.18588218528252887,-0.17039897378259497,-0.1279375437896884,-0.12518890475518182,-0.1312321034175399,-0.06815604161453351,0.04643489115046598,0.0895630852897497,0.19603363352417094,0.27837855319586463,0.35140192221093847,0.42280399288889364,0.6205866817391311,0.719579039434664,0.7689471216011463,0.9477860189885803,1.0523289190590503,1.1623769789445773,1.3650986275628587,1.4012124542341466,1.4831974197256739,1.582799556346456,1.6488739158471817,1.6536636654777614,-0.5897730194255598,0.9927694093740821,1.1935685637844473,1.7198821222397944,1.6702914394905255,1.6322118445951004,1.6054621727815304,1.5101444783635105,1.4343351493856957,1.3975212526365026,1.3026987952395601,1.249760108933857,1.180402431896185,1.120124253804054
-0.23101829750068054,-0.2100864670306115,-0.16963448835573264,-0.18628478338049598,-0.12356133510059998,-0.08946813332510573,-0.06945281742916942,-0.05328200846787523,-0.03237360211366723,-0.027316365063438958,-0.024830093861457264,-0.01773930002282395,-0.03467847477130781,-0.047737181265839014,-0.09479086810141223,-0.1107297399820565,-0.11721444015280158,-0.10407381094834091,-0.03851325893017748,0.0016232007182405,0.1362449238279715,0.21329935648055734,0.2721826615671259,0.34925697148395657,0.5238104451811295,0.6053214291067847,0.7409895196685194,0.9098909148295518,0.9922338021660089,1.0391209897141245,1.177507536059326,1.227377246524618,1.2733849616484185,1.379640933779032,1.4174204435317954,1.4751861973671907,1.5344295588646146,1.3718860517896865,1.068966580545833,1.5183143579185134,1.3974900685649998,1.5903051556631582,1.580046232625238,1.531271412090629,1.5199038547303714,1.4930005635956078,1.4259154501586115,1.3782399331934736,1.3555974707386165,1.3037868310428091
0,0,0,0,0,-0.21117416937186217,-0.16774434359274515,-0.10414302856754797,-0.00834488865803856,0.014246416914986059,0.012440758370138177,-0.045234226293608494,-0.07051361916972142,-0.09911550515797793,-0.0438376598742195,-0.049342535188852364,-0.08028263578571579,-0.05216418229433454,0.010531588063492959,0.06654391858328292,0.20828772748149393,0.26996595130010065,0.3294927746357558,0.38989185244695135,0.5155112770040963,0.5594963268081934,0.657523344836109,0.7784514088396557,0.8704909366371144,0.9243221844911944,1.0342708038503934,1.085376554571621,1.1357854794141804,1.2332894314369236,1.2827957310892453,1.316458155416334,1.4022104877606056,1.4313963397466514,1.4555410522118604,0.041511170689210515,-0.0026253625425692348,0.9272380314834958,1.5021106671966002,1.471833932820717,1.465943064838058,1.4491454823912622,1.3985038736587319,1.378349819447206,1.3626926355881208,1.3241668447500197
0,0,0,0,0,0,0,-0.2520747159685879,-0.09288023746004583,-0.005359550896343455,0.04431292622683209,-0.04894910599830381,-0.09596709190722609,-0.15335146456316823,-0.16447517101968231,-0.13933308689239812,-0.11753343750800507,-0.07120219967203864,-0.05264246835230435,-0.06180229626103891,-0.04632851176997615,0.013041051575770743,0.07464670095531424,0.13366467267611984,0.2873875790975453,0.4083367462744049,0.47725213909792236,0.6001233054257278,0.6690542600590739,0.7614433057928782,0.8805472439121316,0.9465920459960725,1.0013278524704432,1.1137458336943107,1.179342877777767,1.202046799989282,1.2963433094429233,1.330874054594957,1.3668377962541378,1.4302012017357133,1.4583815876592194,1.4819919037023253,1.1516601807451952,-0.11436105537593459,1.292683119257528,1.495743983524929,1.498269234513099,1.4856138703371748,1.4751887926758558,1.4437030763042638
0,0,0,0,0,0,0,0,0,0,0,0.1809581173970866,0.06390130667571765,-0.11995646941536596,-0.1727302868503365,-0.18405517240602243,-0.20908924699458448,-0.19408730506667157,-0.1771539293957939,-0.14041049160927896,-0.0773354631588478,-0.05923753159036807,-0.018496306116577366,0.025693416491927346,0.1290993469600137,0.19400524703262956,0.2876998081404588,0.375489880745964,0.44854976297858545,0.5308378657085749,0.6449324822219578,0.7669666609804401,0.8057938990300201,0.9066368275327382,0.9632270028198572,1.050318576502735,1.135715826245652,1.18308992877125,1.2204126599246636,1.286400109965183,1.3225073698438474,1.3483735401185606,1.352993075230834,1.4120780988136947,1.4423324686196333,1.1251830702571366,-0.413135896200509,1.0732436770568055,1.4411739605555185,1.4423337133875518
0,0,0,0,0,0,0,0,0,0,0,0,0,0.01886215052775432,-0.24073868724907485,-0.2543099323947241,-0.3126781883118615,-0.19725784942800453,-0.18011440530218636,-0.17350166773476142,-0.1322209731515772,-0.11204809209143841,-0.1017494191990687,-0.08029194802890162,-0.009529985374200235,0.05187389402117669,0.08957766975643813,0.18069553926910056,0.28575928670899,0.3795668390429755,0.5473174952550415,0.6122328025483817,0.6394319534714524,0.7440075162092726,0.7960376955177744,0.8603139398423805,0.9468937266449434,0.9927312240347157,1.0424804948344544,1.0963399101503093,1.145975915112929,1.2060161899301918,1.2394860974330364,1.2851181591065146,1.322293673654714,1.2986698179651237,-0.7812775897834277,1.1041779724182874,1.3079556771428509,1.3467042253723682
0,0,0,0,0.007030922053656502,0,0,0,0.028619014349447504,0,0,0,0,0,0,0,0,0,0,-0.5287599916291258,-0.3919634245016859,-0.3496972844116049,-0.3069509220133631,-0.24418847380885014,-0.14874337105922777,-0.0932128109996526,-0.0440127983676382,0.11516220587391691,0.20922300100638483,0.2924312739747839,0.4267706248699575,0.4812632849264446,0.5210519121153191,0.5613912915395949,0.5898025945819665,0.6373806556056333,0.7666421982784942,0.8265936743400706,0.867831568890373,0.9500708922452015,0.9983194324614891,1.037862894936642,1.0838701031365219,1.1420850435488004,1.1689755435838824,1.1899021309460882,-0.9504870769895097,0.9560525295196418,0.9046675246689868,1.2148066532695365
0,0,0,0,0,0,0,0,0,0,0,0,0,0,0,-2.9144209047683197e+38,0.03184189998722374,-0.026899455592911094,0.08013731568967664,0.007964440883521159,-0.15604087953727427,-0.21488520696124966,-0.46219636349123955,-0.5592227866881022,-0.5282004740813975,-0.5590206545877037,-0.491335422194223,-0.243619020850082,-0.1272302112804525,-0.02623442753429231,0.21520634735294164,0.3427139018412755,0.4424875639211261,0.563958959399157,0.6038266729248086,0.6651316462910222,0.7647447654729393,0.7975307709589499,0.8274515402318775,0.8801517959738396,0.9072595725955918,0.9265645891214198,0.9776261393264906,1.0474328364234273,1.0815256323017668,1.089124195839031,1.1173296453424961,-0.6121890925947261,1.1211904802871526,1.1138460102745475
0,0,0,0,0,0,0,0,0,0,0,0,0,0,0,0,0,0,0,0,-0.18646036376394748,-0.3709872393172215,-0.6321302251586755,-0.6799946463254948,-0.6780710347815659,-0.7201133796408338,-0.67803849304852,-0.40501149191715713,-0.235064853724296,-0.07498735480401945,0.2116064573013538,0.30968276516230064,0.40559862156273,0.5503855147712483,0.6111619981138768,0.6315673316601774,0.6751494276314374,0.7008739085821559,0.7292643085142588,0.7938732803138551,0.8280636291490253,0.885951622697828,0.9267691496870344,0.9934273193724515,1.0269659539682603,1.0511551610241414,1.0451191813140464,-1.1002386240653932,1.0329205048043546,1.0010652074527635
0,0,0,0,0,0,0,0,0,0,-0.09694816841535163,-0.12424967065479334,-0.1539012317094508,-0.18490009523820275,-0.25217999817452186,-0.299821177593077,-0.37561778043804867,-0.4221950415204303,-0.46963955651140943,-0.5634814597943474,-0.5442261631532549,-0.5508096339373781,-0.5124157490375936,0.4497268927378815,-0.5151118892953171,-0.766987064700891,-0.6449531293533726,-0.4043877346681718,-0.22545487542435869,-0.025611426002075628,0.35080717111001025,0.46630580959905327,0.5377524728987023,0.6115948224714977,0.6483801386082568,0.6776047843244154,0.7541079605415061,0.7798687245483731,0.7714247851545749,0.761684748140772,0.7710067171434679,0.8047219373437203,0.7892250793011434,0.8655854903855755,0.9074216543262398,0.9450863888324423,0.24313469154576411,-0.6097390614179546,0.8364003811489081,0.7958363692237383
