jsons/1312531200.json
{"header": {"parameterUnit": "m", "parameterNumber": 3, "dx": 0.1, "dy": 0.5, "parameterNumberName": "Northward wave", "la1": 40.97354507446295, "la2": 16.46031188964855, "parameterCategory": 2, "lo2": 133.9931640625001, "nx": 191, "ny": 50, "refTime": "2011-08-05 8:00:00", "lo1": 114.97908020019554}, "data":
[rows 22 to 43 of 50, columns 100 to 149 of 191]
-1.613837464208124,-1.6449781685563676,-1.6604585056890275,-1.6927410208647926,-1.7351951697928236,-1.7700310840632774,-1.7889756545939526,-1.8504559018233235,-1.8830080874518633,-1.8984800553289387,-1.9365178576369082,-1.9949763721266496,-2.0113969520270567,-2.0733509929654543,-2.0739463941755294,-2.0826911675830013,-2.1293352854688687,-2.16962701943471,-2.1587357479513822,-2.177543079945682,-2.2317975640875365,-2.23259026880303,-2.2366143261782647,-2.2621941483952126,-2.2381656928365623,-2.2372902584971737,-2.2935811275618243,-2.286425045021751,-2.2308274896046436,-2.2443298032140073,-2.177682421383827,-2.098011159521052,-2.068893180639253,-2.0019507554604807,-1.8892248462575472,-1.8631158763446407,-1.7848875649762062,-1.7021016081066365,-1.6735158974987498,-1.6273135103705025,-1.6042675050953707,-1.6051943767035766,-1.5495308208023502,-1.5351760520828688,-1.4842197903218737,-1.4553408362981872,-1.3868618326593105,-1.2560522061347825,-1.1583711868338211,-1.0494939190768902
-1.962115756149371,-2.031056511229672,-2.057243492493744,-2.089131932547089,-2.1499663353380303,-2.174192558848361,-2.228141399032659,-2.285300966910882,-2.340348283528197,-2.3638668697823277,-2.4500970590156506,-2.476860690727978,-2.5377511747338977,-2.5947326882279262,-2.662813987742814,-2.667112909508791,-2.727094150700248,-2.7283794629969367,-2.7372007869354604,-2.789571778240258,-2.8162037838088376,-2.8382384663684808,-2.8364672469850225,-2.9576437223322607,-2.932458854782416,-2.902334582412938,-2.913217785342302,-2.944091963567304,-2.896947698382966,-2.8979577762534574,-2.858292949355907,-2.741221997166148,-2.70253883778467,-2.681772344804928,-2.5445087608583408,-2.4267015122058995,-2.394427431362,-2.270377667700359,-2.1757693418914714,-2.1468817263171833,-2.1174426236214985,-2.1188434258537714,-2.0473565635819604,-2.034043982064461,-1.9829203310106702,-1.9361907937974363,-1.889184610997086,-1.6260538806636893,-1.5829823690419378,-1.4300129173602156
-2.3116261642038065,-2.3928318343816684,-2.441368248758734,-2.501462823407781,-2.5651565627712025,-2.6322329982348665,-2.6493513049955064,-2.7538290222767308,-2.7715802295206147,-2.863129112676892,-2.908645978575323,-3.021467249422303,-3.108858699686704,-3.1995087339209465,-3.24945522493085,-3.291954903166399,-3.337805333528593,-3.3500157880209915,-3.4331389357944992,-3.4593074121196428,-3.5074804997244344,-3.483359682341884,-3.5249287480841325,-3.609650081579111,-3.654670371632144,-3.646641557515967,-3.6971479228064297,-3.6537431869143586,-3.6205546236385993,-3.6173690921503887,-3.625044875622694,-3.5441131760837323,-3.4697886662427906,-3.3863329265501223,-3.2797472387080426,-3.14495888897245,-3.0869566793165415,-2.8640857626010434,-2.8141627008691827,-2.680044921602342,-2.64955678983512,-2.7363152016093433,-2.600842765540424,-2.602142584138905,-2.5460103721808447,-2.5022344450560716,-2.4036792384701027,-2.051319446306891,-1.8829532942855156,-1.6510216146180399
-2.7863169972451947,-2.9790185453079503,-3.0365283748686553,-3.1461318572144266,-3.266348929613056,-3.37485941742379,-3.381367628254283,-3.5417326779535165,-3.616165158322466,-3.7106033621500476,-3.803942785314468,-3.891423596421228,-3.9589180017633163,-4.076026028399981,-4.107805310832712,-4.166830149573913,-4.243302249231614,-4.318925120741127,-4.400152749335898,-4.4116430291850355,-4.568849937834637,-4.56472279984734,-4.619687250840057,-4.645062608010928,-4.626068423563521,-4.665647431166782,-4.677479647639257,-4.628246676075986,-4.571636560844645,-4.616815596865135,-4.625150576132624,-4.405463905226795,-4.356768400749725,-4.252432332099317,-3.9174701534130025,-3.790689819168698,-3.6233208034585282,-3.3587214006546455,-3.2153198699068004,-2.9966007429529675,-2.5838835845644783,-3.238703505903739,-2.8665542947983322,-2.221439410315915,-1.7263401860562677,-0.597167797306836,-1.9221443321336587,-1.4053004105643694,-1.97370010245964,-1.5565813960780164
-3.3214712879588957,-3.6143007274043057,-3.637975895025962,-3.7118768281737875,-3.9082053638333694,-4.024602318278611,-4.154726010627098,-4.323185806247073,-4.44249988203968,-4.528665993137564,-4.729828771545086,-4.806566512888714,-4.915750882981109,-5.0709909095933945,-5.155513793028047,-5.261778235101949,-5.337620917076471,-5.4365690813211165,-5.5278817704507786,-5.512689709610641,-5.616020059590718,-5.600044548822676,-5.663846197327686,-5.708747203284936,-5.681989125021663,-5.688725469512914,-5.711239544344119,-5.706732198821201,-5.589470039979299,-5.665055578606924,-5.562163373013364,-5.396740042824946,-5.235016303964643,-5.058569083879116,-4.642290044467771,-4.399160389753926,-4.094134500056096,-3.5942935887112766,-3.769092043319612,-3.920747989718111,-3.626444897054054,-3.491160510870296,-3.211896806720731,-2.912114632528497,-2.7765769990487486,-2.509068426419009,-2.3734710239068244,-2.095315828795867,-1.8982867299498556,-1.717711409840171
-3.55274786262092,-3.833021129070027,-3.998840493604417,-4.110333407381781,-4.36844631633718,-4.567289888574862,-4.660562196148973,-4.892908805724346,-5.138864194322075,-5.227285286368845,-5.510370071831179,-5.635073868962967,-5.844050186840159,-6.032441141667814,-6.123591873372529,-6.272607702939227,-6.4181266442387725,-6.506605533049758,-6.629879848927339,-6.655575325836367,-6.723358463188373,-6.756198499087799,-6.807870391518975,-6.807455213509593,-6.844605485602293,-6.886195135880032,-7.068725677688818,-7.248472064076858,-7.14543974965719,-6.9468867612604335,-6.683609744350088,-6.304474384686751,-6.3601477026358975,-6.060798218865486,-5.546722548641446,-5.461450080382074,-5.1977814615159526,-4.77910649040245,-4.524109670974515,-4.245220361631077,-3.901331171228711,-3.7561236847925414,-3.447367912377921,-3.075281515030985,-2.9057253212725627,-2.675011140257828,-2.4836386068948406,-2.163563143615904,-1.9431641892542977,-1.7686617710280836
-3.8665403227939565,-4.024994119998656,-4.335581742555667,-4.446070335819265,-4.790788629448061,-4.989185194146087,-5.278050373454146,-5.502130807489025,-5.781493680977397,-5.941036789039038,-6.237345266030692,-6.4539783334754235,-6.739298365919078,-6.9804412119805646,-7.1404141053013195,-7.3196955866808375,-7.573176120410256,-7.68161833853318,-7.833547140302882,-7.886786117707285,-7.939890157487057,-8.066868593309756,-8.00106768162679,-7.858129744209553,-7.8514220655064175,-7.668376294152624,-7.39211278081241,-7.282418315093363,-7.195306519997483,-7.067670287052806,-7.097990893255618,-6.965486650801781,-7.517544374902532,-7.523872513785057,-6.378831153771634,-6.243493907541957,-5.927297448243154,-5.254135383154094,-4.900330801524038,-4.5023914200850665,-4.060967122070241,-3.7937471826734472,-3.4558352815262676,-3.0429823951656085,-2.785953511383859,-2.4804835548596085,-2.3904948731940303,-1.9129027014791395,-1.7866867427913413,-1.5314223080425156
-3.4969868511831184,-3.8038484769117784,-3.8874886866904537,-4.086457573927807,-4.310932483991944,-4.585529505605707,-4.738489593169804,-5.166065810490385,-5.2910703485200585,-5.486807037088353,-5.779454052816626,-5.999869441752853,-6.3924756202691,-6.886019973670278,-7.019005095394843,-7.510826647440082,-7.900993700509019,-8.234760631189252,-8.68451404420258,-8.914119026556973,-8.930976741409971,-9.137220342160376,-8.960596354692289,-8.174028817698852,-7.713957512215479,-7.116563620465559,-5.6258240313269585,-3.915627451518524,-3.7485661894816737,-4.200699313589257,-7.5526779379342965,-7.19765151936624,-7.476687274664141,-7.03143329043094,-6.085481622762546,-5.594910992583559,-4.977390244139616,-4.3001081272181905,-3.8928824235687807,-3.566801241831199,-3.0266038535252835,-2.6575433701684688,-2.4382665673514534,-2.010857080517794,-1.7002733278270126,-1.591998168424958,-1.3684807290828103,-1.0643845188797898,-0.877396992669557,-0.5884489730084548
-2.7095995212654027,-2.923086278684874,-3.055032564123465,-3.1308951391824458,-3.3004800004499124,-3.4072588510968624,-3.5882768042261364,-3.7998572468872194,-3.797517441106921,-3.96977360391798,-4.33069154179635,-4.444821197358692,-4.762827128320459,-5.072966700318312,-5.159351754580822,-5.7055377899840245,-5.762934714047779,-6.096950542959581,-6.959911606023886,-7.09056750747943,-7.037031425449647,-7.886172437700772,-8.08406405266447,-8.56605198587901,-8.62481837307639,-8.664848458417461,-9.001142720982301,-8.824932001785143,-8.08413278643744,-7.8408034052663576,-7.224815086946422,-5.987376551164267,-5.3035778852565,-4.799260064447536,-3.649486993145954,-3.1678556664660524,-2.8941981560833487,-2.0331548215142567,-1.9130108293306018,-1.5785494898380097,-1.1573885134246584,-0.859825759669116,-0.6925692627591067,-0.4040338598603081,-0.22931376723944275,-0.1440337871542454,0.04451904965027176,0.2148612328301827,0.3815526155367132,0.5181968154212515
-1.3329549064856203,-1.3607740974311084,-1.353993683022633,-1.2963268295797457,-1.3351402400350798,-1.3206728381621728,-1.3767317347275774,-1.3005044453759576,-1.2654419870639027,-1.284597348858756,-1.2093999796006767,-1.1996137461386653,-1.0173948182535224,-0.8128360036008088,-0.7847330881706456,-0.6094848296848908,-0.3843175516352547,-0.25113904227432876,-0.44420183787270795,-0.7687142566771222,-1.0344409667719145,-2.4408044836515614,-1.5172080799964942,-2.4993696684072555,-4.429042851679801,-6.722136514408629,-4.13353585312409,-2.715614392780919,-1.0889751984100584,-0.63091562099079,-0.49262284312486077,0.1682642806334928,0.45701517978215406,0.5259125388872558,1.0684024955647966,1.0336625169009055,1.367263833930735,1.3931174960003023,1.535227211323731,1.7398786681751983,1.6292546491053046,1.839661099401353,1.8063081565309869,1.8011948120237298,1.9623813139062543,1.8427868528123958,1.855787757870778,2.0441933163986623,1.9272914200163087,1.9146477440286154
0.2824279996678937,0.5860307692177782,1.0569797982934186,1.0102093598427104,-0.11545251153781087,0.10699616003634792,0.31575943213969915,0.5589285132917798,0.9223220659619332,1.2626367935905956,1.612592282855258,1.811532729147406,2.6471022682137755,3.2026238269559313,3.605107013628065,4.56754111008341,5.108762622268932,5.4380873206402365,6.3952927358130935,7.113816956764018,7.185091503813725,8.033849018048445,7.149319754671701,3.1244053454511267,-0.6940471979194539,5.919416910237281,6.307169630973528,7.541276422126485,6.6463450495869365,6.7274666617200145,6.598527597843722,6.145140300588933,5.863351258714297,5.7550738902902046,5.619805032139905,5.315694391940921,5.068709153273091,5.0534916021429455,4.829694348975553,4.671928705008988,4.428631436286201,4.145867756959168,4.124050045545435,4.0141580114673,3.8584312821963933,3.827820139848312,3.8463147462415894,3.6745641176610597,3.6016874204152205,3.6387442420463536
1.3897509770447907,1.601989571988539,1.193598091640585,1.0879678739597356,1.1381363760242857,1.403624805377402,1.5725642741663475,1.8165812146570912,2.4391651879009957,2.6991388761380573,3.1759918571887256,3.469261454646737,4.277116356868871,4.731788094986099,5.233615169430744,6.098365529669171,6.736063476994415,7.108793667559222,7.923284687841132,8.347832131736963,8.542894542318301,8.664123287905113,7.326090987742362,5.316946726073155,5.045596733794662,8.689337354327474,8.389693267842105,9.432989761982036,9.102189782283792,8.939793980994803,8.77812423303716,8.171752428126307,8.000993654288651,7.802044172894213,7.217392280933309,7.133226115549011,6.856291871436579,6.625024338173528,6.396173251357078,6.103879881577091,5.939693955196095,5.72895155381583,5.5118613393085,5.391065133150251,5.237626224151947,5.053287262886006,5.00541656596328,4.863900144701302,4.723930359495699,4.633920435229421
1.0561750388644964,1.2805166496254505,1.5606728126613523,1.7490458239678115,1.9908389820901509,2.3978297285355703,2.669974241207848,2.919371304249492,3.521623856246911,3.8526050006963057,4.248056806505347,4.7798670606113305,5.4164224282180475,5.769452801373889,6.067953226568786,6.554173630352692,6.915242250020533,7.184547004751225,7.620696935431369,7.93658815879477,8.21937235518441,8.600125155746426,8.654980499302615,8.364588433362155,6.934870333167868,0.3131800150765155,-8.843205185597176,1.4827484000848765,7.578738044312139,8.604891316588247,8.782330863681455,8.608506515079242,8.438151489712917,8.328401427893956,8.095785395108646,7.864674356094474,7.705261654112432,7.522458065358233,7.3319942630791335,7.046296411473733,6.888948474779715,6.67616425349577,6.378169958518011,6.310909200994558,6.189685423583978,6.011105756010047,5.922025891142223,5.807178312595851,5.577535146257252,5.464045419540014
1.3886966665010758,1.5889345792633047,1.9088816099015198,2.1213863147091025,2.4046666849828062,2.6952542569835365,2.8845306040731806,3.149344539333336,3.5648061431780302,3.766134892163509,4.114179171272469,4.2630852506282375,4.748709508049008,5.143829612837051,5.225039816692625,5.715024300569041,6.073441911771864,6.179502635599812,6.527868272608318,6.732336206116885,7.031823282104123,7.36821731487303,7.521121748619433,7.638293306077494,7.817562373399933,7.245442944625149,4.3191152340465,0.29061481859521,0.35073540151787885,5.457137435824445,5.929091466531374,8.055432973151841,7.941535012598371,7.776146510994167,7.586466038516646,7.462530734252017,7.366855325560738,7.189039871026402,7.094426476746807,6.9581079049950905,6.7899748875781,6.6672010405293936,6.544370473926629,6.432434318688004,6.257361286444727,6.123336830050455,6.038257507998939,5.948234070621422,5.712839259629224,5.694500560554986
1.6052971126102347,1.778047411647797,2.0272999204520046,2.184657905404001,2.3663470745617863,2.644781289749341,2.8301314682820484,3.105069825539617,3.3365251957333006,3.4985923411944047,3.7864882620538682,3.8758517264881234,4.2236132381539395,4.365676778803957,4.57892009126489,5.015719656071054,5.178626083143861,5.394220940425468,5.614210244890071,5.831507143799479,5.911059517336922,6.197093664642333,6.410293472744302,6.56671195541591,5.953307180783966,6.3359766316841,6.615614602771104,2.695364130386774,-0.10633880087947974,1.7940898734952804,4.268274965813386,2.1317307851067784,4.640595569769767,6.786500515124198,-5.8939173610146085,-6.9298390489948725,-3.2951222583032513,4.899399749767918,3.664007427500921,5.169671216265216,5.161000506810756,5.56102372780369,6.011287188073035,6.1320982741965055,6.108637836860327,6.053671094872018,5.979358830247295,5.894862991822131,5.607711845356323,5.681386045857473
1.4566246826967666,1.6651448699450873,1.8633606210276346,2.0010992782759778,2.1424651122070824,2.4439892206075102,2.51768498479202,2.697889735620687,2.8641931761537793,3.0177845705051083,3.2037278113997996,3.3504953664921486,3.6002102215604186,3.750445028031697,3.942018515904757,4.08620758773991,4.343375196291162,4.451935286561608,4.597291713438567,4.776427140149493,4.924175290183702,5.1380121935446565,5.275484021680113,5.366082602792058,5.488249206443343,5.564640508182904,5.712240469319014,5.797719005316149,5.977469948482184,5.950950156816233,5.9733103188117616,5.978484623534423,6.050342464076731,6.089029543241127,6.069934316278744,5.770426413254754,5.3586619930622295,4.798687072622146,4.34796013992722,4.813607344603654,4.775002368431401,-1.21504023970189,-4.465060991588156,-5.320242847931821,-2.4215045797967942,1.2903672563103397,-0.6228147262806263,-4.4546610686615615,-2.30761132866534,1.6109316459779575
1.352551488641054,1.4716474727160016,1.66407286794522,1.7527003927046656,1.8903140621992087,2.009582918441617,2.126741580705297,2.2545445977912064,2.49091911997409,2.5778560450489696,2.686950414185851,2.850961963131684,2.9722750301875474,3.1268079676760374,3.2646143368459963,3.4274133821639907,3.5680478129230804,3.6315663655313553,3.775950983563112,3.866835122905259,4.048444133419756,4.203498316923614,4.292683024640773,4.3322093879986685,4.5077882281159285,4.618428395559368,4.619001261507069,4.635258829486992,4.804280003883594,4.88068507309775,4.865829990310905,4.955759725771737,5.003635790427652,5.060971324797847,5.132503163905757,5.127098840188803,5.132568051721535,5.137078157775932,5.128843487030639,5.0896944482540505,5.0914690236758595,5.088202040354061,5.011997198276651,4.827277518991338,4.935188195334627,4.947807830331831,4.704819621295626,4.23277813588889,4.143257633248727,4.136644425555708
1.1223439602209406,1.2162141261391406,1.3941573761998314,1.4837406722542372,1.5667782366388463,1.7158811429112935,1.7557149956043923,1.8964741591735943,2.066975292580173,2.166514138096206,2.2243081619371528,2.302361452143429,2.468476164385348,2.6007610977792868,2.687014103067199,2.7689028530020354,2.859262166182766,2.9422223188474104,3.1312883431350063,3.196464629344449,3.2628768634066656,3.440413985035154,3.465313215464753,3.5317028865138473,3.689184514344218,3.7644170010969353,3.7537952538832666,3.8129460730421116,3.9729986765105547,4.081774976783485,4.146048658144878,4.178942890754285,4.184480133771786,4.257381504759097,4.316899389201107,4.291488850673923,4.319883193056384,4.385933982367537,4.423808786977821,4.340830175983934,4.335333326789757,4.367285313051839,4.37320755542827,4.363825843849894,4.305720933827982,4.251136688228539,4.290344666708641,4.273287507318348,4.187800105372022,4.111110351075294
0.8330359840093443,0.9595497853432773,1.0921907274823155,1.1457738463694787,1.175381803087446,1.335360746621468,1.4109681819417856,1.5149078971070875,1.5813271635669677,1.663974290262725,1.8059822840168165,1.864903696483607,1.9351859788118502,2.0617694577411885,2.145106161028419,2.231839864324674,2.3239089339845473,2.3991886624206638,2.4891001275692903,2.5419482517503225,2.6671113804405495,2.775496657470131,2.803091035294198,2.8401337600202887,3.0171535505797316,3.039793830502504,3.056994683578053,3.1334023134749835,3.283787109221933,3.2899557258898393,3.3015398879150943,3.4292132082042377,3.4827588500170386,3.4814178401604643,3.5017193267538977,3.571856767639419,3.602122366705652,3.6553460849272197,3.6633254983593,3.621824378583697,3.729985254942716,3.7552313810623006,3.7522988826238985,3.712830809535688,3.704132900340433,3.638963575122068,3.619093122888637,3.629720360738153,3.574517587811067,3.492556274184988
0.7374916417048013,0.7570602909942918,0.8636683637857606,0.9317290027053569,0.983051358162355,1.0609130103087774,1.1212573124138443,1.1766498799188227,1.271089089908521,1.338538579364828,1.34841168922136,1.4036863382893905,1.5505466078729349,1.5963116327571514,1.6325867556632156,1.759256507715618,1.8424268512138204,1.870730764500833,1.968281233210868,2.0615645114554684,2.106582676892786,2.1591911651413667,2.256363205594136,2.3129624876221215,2.3299723539827917,2.3957199268958047,2.491230825156924,2.5364779093807996,2.5914119399104365,2.635321395453076,2.7264025228760524,2.8070389116031906,2.835623815166974,2.84712258897244,2.956279376198557,2.956485976180798,2.9642209115343006,3.009813749470161,2.9966051783211562,2.980917816123694,3.019509795860218,3.0547038318734323,3.0903649479050905,3.097551437003291,3.0464727838071037,2.915851386255218,2.8049897472006995,2.8200889527799706,0,0
0.6026058088482241,0.6542523105065253,0.713062773268078,0.7488497044500776,0.8132309435687602,0.8718841389692967,0.9163165711050647,0.9953718683106254,1.045584659933079,1.0791214834315026,1.1559841906994848,1.1997555477684683,1.2609227009067718,1.3053599134791383,1.364001381359468,1.4079569491676291,1.4597912538861195,1.5326369255443493,1.573892647439951,1.5968991932198704,1.6712661218658371,1.747164868647695,1.8010185118868625,1.8510288282252774,1.9849862084572132,2.0305598551267496,2.0354457397815193,2.089846434531372,2.126267814807631,2.119368246026982,2.165934208767016,2.265354610504776,2.2903015040191628,2.3320342638310585,2.396137796434959,2.462549988313888,2.507185535392016,2.497930094498927,2.480464847726582,2.446542154598586,2.4722276076878322,2.4743859299206714,-2.3449653679129664e+38,0,0,0,0,0,0,0
0.4780258384316019,0.5223630302278495,0.597579309230901,0.6328086547626898,0.6578046365517946,0.735322840713938,0.7573216958864379,0.7861489811559861,0.8741665873323462,0.9066833232805426,0.9593794466688409,1.0016835193862756,1.0864380539999532,1.092810866535509,1.1223645099206685,1.1529375681624934,1.2022183106465927,1.2320916049631747,1.3059088669686845,1.3449767613540484,1.3653888416439066,1.4379651697451727,1.4549847837929075,1.4835832931526587,1.5827158814799953,1.6203766998756657,1.6480027216023692,1.6766763224550223,1.7456469674871826,1.7580699634714647,1.7628082705385297,1.7959035134738088,1.843527102159285,1.8639903310131376,1.8530966463868235,1.8094307556193234,1.8118838986099872,0.7878301669001225,0,0,0,0,0,0,0,0,0,0,0,0
