jsons/1312855200.json
{"header": {"parameterUnit": "m", "parameterNumber": 3, "dx": 0.1, "dy": 0.5, "parameterNumberName": "Northward wave", "la1": 40.97354507446295, "la2": 16.46031188964855, "parameterCategory": 2, "lo2": 133.9931640625001, "nx": 191, "ny": 50, "refTime": "2011-08-05 8:00:00", "lo1": 114.97908020019554}, "data":
[rows 22 to 43 of 50, columns 100 to 149 of 191]
0.46531579348044816,0.4770514694570778,0.5738514204508433,0.5881385674280663,0.496736995593725,0.4742460537721193,0.47550259586104715,0.46223310048196375,0.4782301749632193,0.49979460673854964,0.505625524927122,0.5193384813405789,0.4889470821057698,0.47028871052861243,0.45830642186547116,0.44996709865425794,0.45622590296096127,0.45946573573170496,0.4788555431676362,0.4893018620547354,0.48385238611541465,0.47259599887229864,0.4824098005658651,0.4851004984215608,0.49781638504343195,0.5194695683122172,0.5120173547235061,0.49998822357449757,0.5064964279363368,0.5096124008837379,0.5125426258538025,0.5305831292381471,0.5420985420754613,0.5460254620435515,0.558811151433587,0.565607772524058,0.6167477250833632,0.6003571186398688,0.6115434820930482,0.6338328916982531,0.6565719423975493,0.6587402163618022,0.6591791252676659,0.6778526763022586,0.6812574149557165,0.6833686700221944,0.680606533248034,0.6802679357397817,0.6864265704885997,0.6713914762415731
0.5748818433260345,0.5511450798487019,0.5009116428923429,0.4997411504798786,0.5150538862323366,0.518041714743851,0.5078859287092973,0.5137364924680845,0.49228509264310055,0.47999458701089814,0.47080868123998476,0.4642376602879342,0.44376386739582135,0.43931446194873536,0.43500792680609146,0.45976865833931796,0.4708605881426094,0.4850593982686729,0.5052303076171446,0.5123912286653696,0.4929476163048529,0.4753384646283417,0.504429941082305,0.5394460660515786,0.4968442494178004,0.4869053680737453,0.4814981298265171,0.4702493856321785,0.48884756743889474,0.5127850758044699,0.5145393276518329,0.5141297485198002,0.5004620213446557,0.5087086225992321,0.5761547800837123,0.6076429880296543,0.6085956820583938,0.6179407558019646,0.6318509526945866,0.6435019925084811,0.6644562730413074,0.6846564469592386,0.6999334279304935,0.6918193985371242,0.7642525400068128,0.7952075896275496,0.8154524146433991,0.809301210910109,0.7826924096763543,0.7888820980526918
0.6509728516496861,0.6487749806324187,0.6322293181132659,0.6135442681064533,0.5821548654995171,0.5729828101547173,0.589912168156407,0.5880647340959543,0.5827519287358635,0.5774065021726045,0.5620843432362694,0.5358709506479753,0.4942415240075887,0.48577096986985474,0.4841946754949326,0.48910958023659407,0.49463190181201866,0.496169644729498,0.5068376541458911,0.533711646830656,0.5494472187173364,0.5508199651626214,0.5451005197820415,0.5497927174200146,0.5670757557197985,0.5526198930208964,0.5446282057074767,0.5667010762558669,0.5786909097583317,0.589325154253659,0.5867419753923057,0.5836024162034573,0.5887554469712337,0.6021538118551809,0.6359067520542211,0.6657317631297472,0.6881918917143314,0.773265979344643,0.7934822775144071,0.8180637995778145,0.8244407676386175,0.7114610086598607,0.6442030427666294,0.5405082932944045,0.712776621106536,0.5369947777612938,0.5036847330376862,0.7704155751048367,0.8466601884772621,0.8522673579886103
0.6636598204865451,0.6663265129406984,0.645175402011921,0.6425351780060347,0.6481841202530221,0.6574598291659249,0.6834651060538414,0.6978454405797453,0.6921592017690281,0.709614629719085,0.6860940525213206,0.6357476672973882,0.604900317910832,0.5847335687537649,0.592548787676011,0.6196474919361534,0.6185595188598737,0.6250827231152563,0.6017303729021178,0.588851804310997,0.571314755895628,0.5917823710021217,0.5861727827777439,0.5877875094270133,0.6141938306884844,0.6271223572812681,0.6461478740204105,0.6508054468390803,0.6566810985208609,0.6611953116099654,0.6628557415373284,0.6744595115364305,0.6673999126154537,0.6621950535625938,0.6411728098719258,0.6560046057067471,0.6808793073283088,0.7346361242174658,0.7654730295194627,0.7962642504100065,0.6871892787759677,-0.1911107240249677,0.5646963921944846,0.5585135119317436,0.46689255188818246,0.465393125566125,-0.5769502625770748,-0.6354707069642643,-0.5690225608085396,-0.06552945898862665
0.6904150662576508,0.6674237769242801,0.6802878657489452,0.6792015233194623,0.6762217143003352,0.6857833571717621,0.7002326926274844,0.7139640799290566,0.7243644841053672,0.7305494104887457,0.7355479877888439,0.7335571504916386,0.6983499673986503,0.6884137364611443,0.6724729737828296,0.6637874009850475,0.6742673137375936,0.6643645413520514,0.6380797980721219,0.6187171738566487,0.5923386702028871,0.5865703773649582,0.5850936994317798,0.5853850416429053,0.6039796128716429,0.6115779597859292,0.6286697770401307,0.6458381723163159,0.6475793441776915,0.6850569053893725,0.7116364937767002,0.7200317331889848,0.709403724678095,0.7142098308485294,0.7429622301035993,0.7718654286066677,0.7862785407332523,0.7443051860632452,0.571778931822044,0.5939640110791434,-0.515255365263455,0.32535009229464146,0.5748164742121689,0.5241673740140873,0.46449318216557006,0.4783657977198871,0.38587100176633937,0.40390348985033914,0.29350860473064977,0.2897261842172914
0.7253370280355471,0.7298977498009365,0.7242669135767376,0.7204888935468967,0.7189781088601367,0.7159380094463361,0.7015808713557526,0.698999757406813,0.6993546742479597,0.7058596784959983,0.7133812226444138,0.716828491851057,0.7205511068419974,0.7270580638894344,0.7185636819684557,0.6838590733305916,0.6804233796626717,0.6656826403966545,0.6793076495405014,0.6939259765386371,0.6873683679323503,0.6800515339740842,0.6669801926106466,0.6515331340608737,0.6826529978754523,0.7025391225987664,0.7166144761196899,0.7177121411371359,0.7132247578457288,0.7158188368320425,0.7235204047681202,0.7189100607918789,0.7178697233465656,0.697235977798974,0.6220468891421462,0.6243097500770249,0.6182098133690159,0.6062409928840261,0.599357346175432,0.5822761068680417,0.557516899153119,0.5511735008255102,0.5666450247766256,0.4730968421463344,0.4694518796677244,0.4698174520080188,0.49453275929856944,0.5632623365169933,0.5984407277915572,0.6281610339806725
0.6757174121314713,0.6744439317686252,0.680149503373763,0.6696031859023776,0.6671820052433323,0.6540620054328693,0.6278657840165481,0.6339560795755778,0.6774447445514956,0.663383543779456,0.6615120794297545,0.6783425840389202,0.6752151482890749,0.6759075419526408,0.6734437474522177,0.6774375565858991,0.6782858513826147,0.6836822169632908,0.6991039717311317,0.7098174946495337,0.713129721654464,0.7288086565899364,0.7365606743070175,0.739159086463694,0.7077780799294497,0.19277453378051193,-0.7267026352532581,0.5606795845341195,0.7295445783147163,0.6837897005327688,0.6512204340492989,0.6504046724999686,0.5924240469512189,0.3511484246309082,0.12192599877700716,0.41450470314583476,0.5842182813924164,0.6169697363878699,0.6451276972907687,0.649786839092823,0.644000370763239,0.6399888503132902,0.6324475169534336,0.6430604090011924,0.634853549929621,0.6289838116891161,0.6292432356463277,0.6493430716077954,0.654328131460835,0.6752959815695156
0.6851241869238309,0.6845371352544539,0.6784032451994193,0.6803126751355915,0.6760067525496285,0.6557345735628043,0.6440986217838498,0.6340504442224265,0.6528156350080119,0.6492825102193429,0.6511053606601979,0.652392935024749,0.6536283701381955,0.647791538805788,0.6479707448605907,0.6603198168982012,0.6707635821510632,0.6835196696070798,0.6872327604422013,0.6898217638352646,0.6952937422063508,0.7100914749936114,0.7218144116960662,0.7268305298489346,0.6940057142909777,0.38304247107094974,-0.6784074057461271,0.6187118472874387,-0.44067258714099133,-0.5038898986130399,-0.38680939107649986,-0.30161962022627037,-0.3069926771271877,-0.30498675043455103,-0.30507593027007535,-0.3118495707954595,-0.26657864465255976,-0.19161113589218626,-0.10800016135740656,-0.05155562621319384,0.15425091504470662,0.33977906571478445,0.3803002196233676,0.4403853753564952,0.5607519915110246,0.5740424995767367,0.6118797286223371,0.4686946754903737,-0.05522631482478331,-0.7495704504906404
0.6928089769262147,0.6900616569680209,0.6989227139355105,0.6964208043450174,0.6916848169332898,0.687803470397363,0.6714782260094256,0.6492770500367451,0.6390437206371539,0.6363319471212624,0.6247360051178514,0.6204672140835898,0.6143115629090361,0.6194306100557788,0.6256454670011518,0.6381439048640971,0.6474119397015037,0.6538561633269161,0.6613525670051578,0.6638378796474798,0.6609026890219858,0.682353628404662,0.6805513470666165,0.6850285836384148,0.6759975729876893,0.6642025407594897,0.6344489034423647,0.6178863560701683,0.480378556847881,0.3773453289572573,0.274118580247307,0.1751428367230765,0.16855708453424745,0.16585283897821135,0.13908722068972473,0.14219124061556998,0.11638536047796155,0.1530255371719593,0.1536894542529006,0.17054526923998017,0.18824492960226155,0.22430411224289973,0.2533533454865952,0.37484081319828677,0.39267567514045215,0.425759315700371,0.5291155736049549,0.5890652784420873,0.6359354604019833,0.6310934384916399
0.7113324407328446,0.7182599782650084,0.7241344673531549,0.7191224047348533,0.7184015269193295,0.6885408986388645,0.6793528837362947,0.6673972398556374,0.6354316129824141,0.6349858006602317,0.6387139214594951,0.6395126875697605,0.6164240562504257,0.6362469008018132,0.6493114627961264,0.6673756222298559,0.6568335502205792,0.646428152945707,0.6567657079691405,0.6601666578459227,0.6675709762744639,0.660722105270104,0.6633985314030715,0.6599363475693976,0.6454147060783894,0.6428297612904257,0.6442793345917669,0.6386807729293031,0.6447672619064696,0.6453377092538447,0.6386089795454964,0.623347527698559,0.6052262409638244,0.5776254445219087,0.5736554497286243,0.5511410034423997,0.5706035965826612,0.5638799272889258,0.5614348979710603,0.5814619953562457,0.5454792596653937,0.550070528687259,0.5475799779900752,0.5438072950071574,0.5615497652883479,0.5591745972700025,0.5691379328687136,0.6124358627828598,0.6225009007130456,0.635036217775567
0.6950351169757614,0.6331763130117755,0.3857099678395644,-0.006389320081382924,-0.22818118316965863,-0.029944546864302042,0.4300354498979681,0.5713960062238588,0.5836368570619963,0.6046618621951072,0.6193033250670629,0.6279147963858311,0.6478541226913815,0.6418840389241613,0.6422613843197371,0.6406974568814021,0.6572162718469705,0.6633449856225737,0.6757867562613611,0.6856874091363475,0.6957842291583494,0.7048339422152506,0.7009400428250945,0.6894381080942206,0.6876517544966841,0.6906620561544919,0.6993630682480014,0.6978672308085231,0.7213467447716081,0.7262837327790791,0.729207804999659,0.7373772541756521,0.7351789111786045,0.7367222690071363,0.736301683681104,0.737166124418614,0.7360504833515035,0.7418966171687468,0.7323706832879945,0.7185441003087844,0.7180837580601691,0.7169670641627454,0.7165948128728402,0.7154505816683795,0.716430570785967,0.723089910673102,0.7314132166163545,0.7272304864419035,0.7267845418255773,0.731047127885826
0.673240203656444,0.663070157580079,0.6366109318822488,0.5928193143980162,0.5577090708007693,0.5477692661861939,0.5625943464479843,0.573722566829781,0.5887012975022123,0.5874006933144257,0.5925231448265241,0.6016558333208493,0.6335933134246163,0.6421447341052228,0.6422200919999486,0.6345660747552446,0.6407826821505067,0.6543693498983222,0.683895115564206,0.7035673157515031,0.707317769480384,0.7016501564834904,0.7082776089391467,0.7201918698413564,0.7010451792730716,0.7025635036214712,0.7319586301909137,0.7550479485139376,0.7509600439497987,0.7581576541940226,0.7589140727655921,0.7617786412095287,0.7729164063946394,0.7818302261559253,0.7881807073732208,0.7907579098681279,0.7987804278839457,0.8045939538503798,0.7974436533940825,0.7903017657112409,0.7879182686827183,0.7845136102319594,0.783309844299206,0.7826066482241796,0.7808576095093103,0.7864886973725174,0.7889355614836658,0.7809408903109241,0.7856220028629476,0.7844655636508301
0.734505774418123,0.730711646033206,0.7058234853802261,0.6799543186652679,0.6639415653053226,0.6448936362922151,0.6415401800150333,0.655242887154775,0.6800415234669033,0.6905560628918056,0.6942081355837805,0.6998293848906291,0.6958822796980518,0.6923065239622805,0.6892082137870618,0.6964270359754023,0.6985297442734962,0.7029032536168619,0.7078398701050027,0.7084304731015363,0.7109116176709552,0.7255073181941449,0.7316441969525976,0.7358642368159576,0.7389958162148169,0.7442323405106274,0.7458157178817713,0.7461718648228972,0.7583922655262728,0.7635814918286142,0.7637574816072803,0.7696995096175052,0.7754662229715316,0.7843673983666131,0.8024873100313445,0.8125391059112026,0.8014995020422484,0.7858084579168358,0.7153586064362811,0.5520427262747926,-0.03966239770748501,0.39603189563673613,0.7056980702089624,0.6443989119091247,0.7656540665723245,0.8061290998768079,0.7355438005278317,0.78208655280989,0.7887925012040975,0.7833732807258448
0.30869118295403325,-0.161635043005454,0.5963995797631967,0.6868548168018828,0.7326619113134613,0.7307869091791858,0.7193569566261834,0.7130110687860451,0.7164086819505444,0.722693113165288,0.7363374133994816,0.7456207385405236,0.7417351440210999,0.750724326847743,0.7519644408022325,0.750031359784464,0.7531071153353477,0.7552265585674697,0.7592681291462491,0.7603697498885764,0.7615411357771815,0.7600543730873005,0.7578349818413558,0.7634340556316259,0.7694891062427012,0.7749942742943908,0.7803356056990638,0.7852563473735837,0.7857736056409603,0.7851743107025982,0.7877412072646145,0.7887340482828291,0.7933989298542365,0.7997710868626392,0.8075693700820551,0.8185757174040159,0.8249017110790776,0.8039531029636362,0.8113740072268085,0.7540223699635057,0.793950266191466,0.8339511331496516,-0.027028393001976046,-0.6282058155594757,-0.4004381497019084,-0.07581996359093639,-0.15649654473314992,-0.6436782270978793,0.7559265574895924,0.8663931170356365
0.7898362656096065,0.6525394425165791,-0.41520433754105496,-0.5479776491056,0.43264555302990065,-0.4541754300290727,-0.7620115456839371,-0.07260325011633555,0.7076385009921914,0.6829391896453533,0.7699859235671556,0.7838865816210167,0.7984352324271514,0.8115415069583817,0.8008525059216136,0.7880239319178882,0.7927956181009358,0.7938194584634847,0.79669804740047,0.8004229974299908,0.809107239993229,0.8142525624998186,0.8130874098013499,0.8203187300171793,0.8128184614251994,0.8007635277255883,0.7997421111515534,0.8062174892497914,0.8097590270425837,0.8107909878160315,0.8139400035829499,0.8224145830388906,0.8212981305694478,0.8231749590023081,0.8249183962322072,0.834399474574243,0.8448133247434758,0.8409568034050752,0.7893506049834402,0.732315606104468,0.2852873206411158,-0.4198537047297993,-0.8574285624521052,0.6368195050841297,0.8704958425919173,0.8136678864252782,0.7721755184202793,0.8372092398863218,0.8138290516718052,0.773066387696921
0.9028632181729779,0.9173954867239051,0.8902036878089277,0.8370816036387136,0.7013300356736566,0.8835454771791337,0.7123040800352082,0.49912858104769736,-0.08968031302807362,-0.5742069836455067,0.34074655064386106,0.6382539691282917,0.8384117794937274,0.8079193092877194,0.7985803915762014,0.6927339982346531,0.547340716813224,0.6998410116717743,0.7146903245937903,0.7150462637173547,0.7626181459240636,0.832814791660853,0.8455329631837589,0.808598127900911,0.8603202419834155,0.7804570458700283,0.725224745855951,0.7115702065680132,0.7739800480044724,0.7951897740269565,0.7728673297299045,0.8174645886448277,0.8292676832912697,0.8342088024668092,0.7978238150622438,0.7917543951023638,0.7430725107160081,0.294916251093853,-0.4664804215016519,-0.5237727317693188,0.5305598280508479,-0.32107355404465643,-0.6676525190524549,-0.11953614605865517,0.4147709608015062,0.7177583653342898,0.782204002653619,0.8155899298200604,0.8286417743003676,0.8399858794609558
0.8960406906257155,0.902494132245516,0.9209922885349653,0.9313361759963673,0.9357690939521649,0.9458736480469134,0.9292086861057235,0.8675843678666495,0.8207947660974148,0.8189280448424321,-0.3955005497489876,-0.580074444822763,0.2856580076511663,-0.751034219798233,-0.8915978167090055,0.48704540171942956,0.8568347374432818,0.7777101031962455,0.8216456891969631,0.7271832756061386,0.7962776849737485,0.6087418315459733,0.7270950413309116,0.8904081195680995,-0.20127078074151314,-0.8766411260799094,0.059769050499652726,0.4973612708808523,-0.5233527361865662,-0.03324576160241499,0.414023209322828,-0.4106572044246051,-0.6777761304982638,-0.7170371891713626,0.06155155570482209,0.6994784881014827,0.8545688058827049,0.1407460700514535,0.08904059492529133,0.5365810832812024,0.8613293124979402,0.6436869225610582,0.4452024472200407,0.5707301962525423,0.765257520175417,0.8313566212174316,0.8078877447487802,0.7927088288413832,0.8133844287984869,0.838185618723609
0.9184969781652834,0.9059645518542937,0.9136193829464995,0.9166966255413741,0.9183797859156156,0.9347059328437797,0.9450748419242676,0.9396753732797044,0.9488612169377283,0.9461935266665309,0.9243609823693806,0.9019974016507634,0.9370153258290731,0.9005583555357153,0.9268454339263974,0.9237715396734109,0.9118164394581452,0.9082513249362141,0.9052328287324086,0.9012876662492961,0.9099573909085312,0.9166072027920588,0.9189969009491472,0.9241127508680689,0.8998384747415936,0.9189264413897961,0.9367196628515945,0.9214933902955931,0.9002501540046144,0.915028424323348,0.9430116664563143,0.9603549013769747,0.93417628748535,0.9209817229834969,0.8982627214526242,0.8948667015857668,0.9009563785074898,0.9060475588519572,0.9015647043370392,0.897721132180143,0.8949291014824143,0.8926004354695912,0.8915116890510034,0.8787341706302789,0.8732887129665932,0.8739208504114677,0.8742246161504669,0.8670975231976398,0.867241509024183,0.8646810623912785
0.8867340494343972,0.8977602858469863,0.8978052517744247,0.8887977953720163,0.8983303353808276,0.9263217725031169,0.9402183197877695,0.9465343279779078,0.9559106152525944,0.9731023539816813,0.9601076478008472,0.9663259682245836,0.9669314319489495,0.9518269562777494,0.9475645465701258,0.9446189696883934,0.9337379897711612,0.924379189971956,0.9294724186315395,0.9352157797125654,0.9367366199110297,0.9339938714558786,0.936097558900607,0.9515290116244106,0.9624957579964721,0.9686405304703657,0.9687166765619479,0.9659616469648438,0.9585172698124199,0.9588206212618722,0.9575048431327734,0.962059268324046,0.9548353693070044,0.9589073399487408,0.9626337537870653,0.9504898956054776,0.9384412054905674,0.9309048509660901,0.9250935459657598,0.9183836743251301,0.9096525756876979,0.9021505747816088,0.8950123161047139,0.8820173122742304,0.8732217839330381,0.8587340725049837,0.853735607537396,0.8519352415712513,0.8432021187317242,0.8304630202016474
0.8980268642150855,0.9151066702779025,0.9199378633161769,0.939009851656952,0.959823169965185,0.979582570001125,0.9984907161865066,1.0103154094375428,0.9992803847576878,0.9912794107864982,0.9892005794555064,0.98568175745352,0.9915074333371294,0.9822486402888981,0.9827231923413369,0.9787583677657143,0.9672993190799118,0.9684064872435713,0.9748835101231476,0.9714179482223123,0.962536425828857,0.9619211940745063,0.9671752904682609,0.9672254847938533,0.9700528083837082,0.9686738494812526,0.9623144578945598,0.9598994886265103,0.9602917616047264,0.960335129081653,0.9555811174961744,0.9477769614995777,0.9432579573826627,0.9382185323263809,0.9222763732814904,0.9127254070603933,0.9128813682995224,0.9093265779463346,0.9027117514789662,0.8904775775732792,0.8905247532310174,0.8905959428410585,0.8784280871380332,0.8673627762352016,0.8504207273430968,0.816209056211138,0.7902026357365577,0.7929626828483127,0,0
0.8584241034943246,0.9017057980272196,0.9285783012207292,0.9445750749761894,0.9744149123825832,0.9991330530813362,1.001175260978342,0.9969898775366487,0.9963124611995869,1.0106814311416625,1.0020245279648694,1.001359714060294,1.0033634469376957,1.002502747164275,1.0050901410976982,1.0084350211144786,1.003371398921846,1.001576291328151,1.0021483572690775,1.009642261771275,0.9948761660801015,0.9900675574511356,0.9877219570804594,0.9880859974539293,1.001863698349734,1.0061665066511967,0.9981959164933477,0.9815881438176376,0.9621004054222666,0.9543065714656372,0.9519736430089563,0.9396935293242331,0.9305911243683783,0.9234833660257339,0.9126817436987293,0.9096957318828046,0.9097591888292557,0.9021685187160016,0.8876619380111116,0.8697857506995019,0.8598748437815107,0.8455743080444719,-2.9333499063729016e+38,0,0,0,0,0,0,0
0.9550851061345473,0.9703270374295803,1.0141092614970355,1.033751583027736,1.016904901153447,0.9729433897469714,0.9616318127883927,0.9685450722159468,0.9897846531391385,0.9898625731774304,0.99142832047682,0.9958431313947878,1.0203958218869735,1.0136224590977534,1.0057595182576566,1.005924037062596,0.9967620112633828,0.9920518890698024,0.9846527573654754,0.9803760940065731,0.9743406149790684,0.9586456942188304,0.9489996894638822,0.9429513582033519,0.9551864274412235,0.9486890114611493,0.9443762159995683,0.9362579135702553,0.9094534599421832,0.8866451120238392,0.8783705545981121,0.8809487830481691,0.8732498779211485,0.8661173457426312,0.8377885287361041,0.8156220644598536,0.8135477176705171,0.23928748396398458,0,0,0,0,0,0,0,0,0,0,0,0
