jsons/1312534800.json
{"header": {"parameterUnit": "m", "parameterNumber": 2, "dx": 0.1, "dy": 0.5, "parameterNumberName": "Eastward wave", "la1": 40.97354507446295, "la2": 16.46031188964855, "parameterCategory": 2, "lo2": 133.9931640625001, "nx": 191, "ny": 50, "refTime": "2011-08-05 8:00:00", "lo1": 114.97908020019554}, "data":
[rows 0 to 21 of 50, columns 50 to 99 of 191]
0,0,0,0,0,0,0,0,0,0,0,0,0,0,0,0,0,0,0,0,0,0,0,0,0,0,0,0,0,0,0,0,0,0,0,0,0,0,0,0,0,0,0,0,0,0,0,0,0,0
0,0,0,0,0,0,0,0.009144963398367656,0.008200755769413154,0.00584292308145782,0.005276410381060439,0.004213548364271541,0.0035124639255789455,0.0032029729286240896,0.002973254241157509,0.002791549560076308,0.002176653562791171,0.002014415151746574,0.0016347171311638443,0.001117692991659789,0.0008122221951373513,0.000549423120726367,0.0002699868981210905,0,0,0,0,0,0,0,0,0,0,0,0,0,0,0,0,0,0,0,0,0,0,0,0,0,0,0
0.03074022523244923,0.028732956224259896,0.026252313956052153,0.020661700342898638,0.020111680254221817,0.0184842726588638,0.014134899353429091,0.013497730591389612,0.012187448534694067,0.008343671500621415,0.006792699247646545,0.004911108047134727,0.003698889170844213,0.003218175725886862,0.0027622658664969834,0.002279260996966435,0.0010999584835874347,0.0005213207849771434,0.00015510683205346418,0,0,0,0,0,0,0,0,0,0,0,0,0,0,0,0,0,0,0,0,0,0,0,0,0,0,0,0,0,0,0
0.035894385309383825,0.03782443859940443,0.03761282979122627,0.034361236716428864,0.03387655793234489,0.032018700624285815,0.024455250233651266,0.021544016236364816,0.020816516038565297,0.014069878327757319,0.011131629926698588,0.007491393968188655,0.003493479004224106,0.0030630929002152334,0.0010292820347290949,0.0006506570820571124,0.0004541391249587268,0,0,0,0,0,0,0,0,-3.144304347742567e+38,0.12727907687085294,0.12858528852333145,0.12789978393747847,0.12742840002715802,0.12753954702346074,0.12544650479194,0.12548108897008853,0.12488252970069155,0.12298944248719397,0.1214859042426461,0.12042033742713595,0.12108832131225919,0.11615631138400595,0.11325636675406733,0.10663425131606925,0.09690716431553693,0.08835544970334752,0.0845892792365581,0.07372881368866588,0.06539872685578381,0.06040313731462772,0.04738482496319318,0.04517772184263717,0.03814452299598423
0.025890716002655745,0.029014274053999155,0.03053600805132745,0.033028502833399066,0.03704074823986956,0.03874636056337468,0.041350102734725724,0.04470189373095754,0.049658143030020294,0.03964770760266589,0.03371520015562645,0.03215600160363519,0.015804587481291692,-0.002219974703707157,0.002043184841438656,0.0015754914842225998,0.05258625397032819,0.09947261017806527,0.0995035043235578,-0.13928503710058163,0.12978861994087304,0.1339192667060277,0.13746467552297448,0.14033568787095507,0.14217539931247647,0.14261700261521956,0.14347766998670908,0.1449924475599607,0.14390497726866525,0.14449752003034103,0.14485993770735076,0.14381641980213913,0.14128189493842203,0.14022431690673373,0.14032123467769764,0.13654550395735074,0.136208981193153,0.13284515776728364,0.12903775806195203,0.12636498211003955,0.12434399504622139,0.11718718198516767,0.10916661468258707,0.1042003855028017,0.08864262934060287,0.08357662631844312,0.07392837337821352,0.05313892971296577,0.04516228088725785,0.036266818630688244
0.00985697633152748,0.010928036590370725,0.012566393859969117,0.012917247735760466,0.015539547546310888,0.016667538440678024,0.019786371447397394,0.022419320819449803,0.025423652138158767,0.028455644040603037,0.0315379466023495,0.03632136136803007,0.041627260906512295,0.046460642570373495,0.052891584102091806,0.05924361904948317,0.06548329794139161,0.07740375571118537,0.08493780449702353,0.10010258548420937,0.11128079438247701,0.11923874880128965,0.12806258133045867,0.13297119681870048,0.14012401248546594,0.14489466871682335,0.1471360374605998,0.14960975551359565,0.1512761503643125,0.15206784698302497,0.15391099065379826,0.15293952647912212,0.15255725128491981,0.1532182342666151,0.1536455818662235,0.15016269386991585,0.1493408788059127,0.14743630363269916,0.1433273585390773,0.1409361863146729,0.13651906242515682,0.1291731533144934,0.12452548185368352,0.12201225756576213,0.11035185855720647,0.10283553348702507,0.09400600933328712,0.06497458842033316,0.05290859949620962,0.0335346056965045
-0.0024203338052868487,-0.0022675395672149233,-0.002069863979759371,-0.0020398453232180853,-0.0017960666739989584,-0.0006902891866801635,-0.0020794216701753594,-0.0009315691996652963,0.0005003930240054358,0.0014501281365306476,0.001570995559697699,0.003326713505869559,0.005740318259036563,0.00857880493960554,0.012483075230926344,0.01631167262374403,0.021899017098487447,0.03127611392659367,0.03613193243437189,0.049591685162931894,0.06220344018600293,0.07550604499859719,0.09185583126312005,0.10967179185774034,0.12192447446295897,0.13945071637630813,0.1439036770131816,0.1492480327945562,0.15395981168708794,0.1549926835650994,0.15767893054069854,0.16014483787651407,0.1607454375299583,0.16272049699957603,0.1613341974504488,0.15974026073177636,0.15998751001181272,0.1602530834117456,0.1566559561393503,0.15523229041032247,0.15169592500643975,0.145154440254845,0.14068740283439862,0.1375126388874183,0.12555092177976718,0.12183438448645947,0.1157041430059325,0.0997276429765768,0.09261500451093443,0.08378559139748476
-0.001217079334155828,2.905997420441717e+38,0,0,0,0,0,0,0,0,0,0,0,0,0,0,-0.005843209575476117,-0.0074119114578841344,-0.0052486198891065865,2.415622744695349e+38,0,0,0,-0.005850927336531319,-0.0010470971437681613,0.05029403409448875,0.1259433199625379,0.14657350138265748,0.15687810955271966,0.15840562356028728,0.16135275298454146,0.1640192149045219,0.1648435330993587,0.16614645321327948,0.16751365371514773,0.16787169422017229,0.16868674962483224,0.16888283722009254,0.1677164602173054,0.16688766585313214,0.16669758874749924,0.16379435266761727,0.16284412926716577,0.1594893214824726,0.1512339873971001,0.14716677565892808,0.14313491399743997,0.13199190405298308,0.12543123809132242,0.11980565265935958
0,0,0,0,0,0,0,0,0,0,0,0,0,0,0,0,0,0,0,0,0,-2.9304195802059883e+38,-2.9298915434915842e+38,0,0,0,0.1598996339220355,0.16198374549352135,0.16255948699150033,0.16291288980182336,0.16590999596187053,0.16928274827057302,0.17286021611321212,0.173574334853413,0.1734162609931072,0.17286923415018,0.1743843472313443,0.17489057009551315,0.17501560625249363,0.1764500994396485,0.17592626449745458,0.17226684214456534,0.17105467233381222,0.17089364105869145,0.16330698679913302,0.15887530123756133,0.15661897849058284,0.14764528503917188,0.14230409225107582,0.13783231303894708
0,0,0,0,0,0,0,0,-0.20365707846092812,0.17094142399256745,0.17260952629967719,0.179810370247681,0.19217838600387133,0.19240889778601297,0.1976645811996112,0.19503067540071145,0.19374209465980616,0.19133021987519594,0.1910056912866948,0.18671479983061576,0.18449397626013453,0.18071214380924414,0.17783847226671326,0.1775252260670408,0.17733397024209357,0.17791100268345192,0.17735274242481236,0.17737017955574133,0.17783337585489803,0.17949693428284855,0.17831221105252798,0.180033193687416,0.18070222300593095,0.18272985774151607,0.18311540829532252,0.18423722883109728,0.1849643942503357,0.18379722459521194,0.1844272870821747,0.18581975751373542,0.18631477377405378,0.18648748535009538,0.18648990085567183,0.18534230814963046,0.18470671787687387,0.18139135465847261,0.17621538562449834,0.1673218957849381,0.15943234185783026,0.1502159475722098
0,0,0.16167093417385792,0.17267291404574164,0.17817173397026118,0.18399205342206562,0.19533688752390627,0.19978532979501115,0.20217422107719674,0.20509372943364432,0.20756892446528455,0.20909762687146363,0.20986061408964998,0.2099745359377033,0.21131051092229716,0.2116594981409068,0.21169064373109933,0.21059793183329104,0.2105479832239633,0.2052527882320946,0.20340705083698085,0.20234900851027035,0.20005516949095248,0.19972600041551788,0.19646490634071126,0.19355573648531235,0.1918904185516035,0.1868017468340765,0.18537769339852503,0.1835670533197115,0.18120119418981157,0.18274668022013024,0.18255723677773064,0.18177909096066472,0.18361869611681575,0.18257105979640828,0.18647392477141952,0.1875565729139364,0.18858387457123893,0.18658399297870795,0.18513912293783,0.18504030923055978,0.18652943226296131,0.18838761407373125,0.18912828155970493,0.19049999185067895,0.19271670648500183,0.1875469284333851,0.18193719528687385,0.17291974059890794
0.12557314913445727,0.1332107064117685,0.1398102532482038,0.15087807583806043,0.15860386949832278,0.16456785139806274,0.17376325763136197,0.1779947181375296,0.183337243879842,0.1903477032225684,0.19284439637151995,0.1963614935950886,0.20406518571314305,0.2087597582885161,0.2144464177935515,0.21667535250285996,0.22048168734948903,0.22306193011592249,0.22296280312208636,0.2211127597545672,0.22477267804338877,0.2245275706372762,0.22580016340519163,0.22752358091069227,0.22658295026148959,0.2229340320274775,0.22243954337781044,0.22071799087085753,0.2164562054052748,0.21452135802492384,0.21164061421587727,0.2103550457207584,0.20961880330982824,0.21013746708340397,0.20996341102169683,0.21095658844915163,0.2116835594512365,0.20855446593610158,0.21156871073719008,0.2086508494404688,0.2088186681298621,0.21067511491981092,0.21088200657929299,0.21117367796211822,0.2119688503677038,0.21166734380913246,0.21292533863377833,0.21256102815154612,0.21522290806546068,0.21529034481219683
0.06282454593675835,0.07379489335489736,0.08007411951214045,0.0898662218295375,0.1029037013156668,0.10741842089311086,0.1154141756079648,0.1240958964176584,0.14002408686359724,0.15168700599783635,0.1602535874835697,0.16956879711474435,0.1787612904589,0.1862118049936151,0.19907375740914443,0.2080085489412196,0.2191747317066763,0.23309083612502704,0.24004451893168643,0.24363608353272184,0.2477467197556779,0.25141328274250946,0.25379483351710685,0.25534657514070175,0.2587351918870184,0.26120110995307855,0.26192299527875124,0.2637172534945161,0.26319154270690276,0.26078973908614855,0.25519540478536673,0.2538129943534605,0.2510795214641622,0.24803930702954718,0.24696177957279286,0.24316686560584774,0.2412349652250398,0.24137628368454006,0.23844918219412542,0.23294804586775247,0.23139877556959287,0.23204723781657863,0.23203908553023678,0.23555990695578913,0.23719865994825437,0.23561204219969886,0.23302441221093917,0.23234573432282096,0.23494889063891342,0.23853697140908942
-0.06482396447890301,-0.02620106692908163,0.016622637908225803,0.02974920252775044,0.05484848479347904,0.06214477811023637,0.07508866722874769,0.08432209729533688,0.09906565718164125,0.11279659194332631,0.12239797087358514,0.140159185991032,0.15698810860602472,0.1659632604867384,0.1783083547013826,0.1857424101157766,0.2004805585404472,0.21622640643274124,0.2267066908646428,0.23579176642827546,0.24197014818973497,0.25225551110726296,0.2581917428584585,0.26317964937193716,0.2666510969808263,0.26669051555928386,0.26975263338037364,0.2629562938893832,0.26766262235025895,0.2694355319183414,0.2648135846875577,0.2629290759872536,0.2596939614861924,0.25490557893784316,0.2542305017482937,0.24696404979824108,0.23790407687683957,0.23636091982905758,0.2319766098555106,0.2256744572280847,0.22351835628854883,0.22490114290773608,0.2259668349314823,0.22696626222289684,0.22971666481817254,0.23145996366782304,0.23762908569327282,0.2393782976662798,0.23775278458295387,0.23424728026245312
0,0,0,0,0,-0.0046470919802063075,0.013862266708451483,0.03659365607343702,0.0631411698281592,0.07655956684289211,0.09148914292705763,0.11411236518356879,0.13418100348288275,0.15101826270114133,0.16306632645732105,0.16851644094417295,0.18382011195682635,0.19594537647886565,0.20419559369632323,0.21538672784097138,0.22347730248268524,0.22008786990319446,0.22385030619392918,0.22792164730523667,0.23592678801748188,0.23905132847187577,0.2410804131324127,0.2406090496983768,0.241696176790998,0.2399492308358837,0.2414853882783401,0.2429918570792067,0.24510461027278127,0.23920405128219732,0.2355869616214041,0.23112107323927372,0.22217673746501065,0.2168872798910602,0.21634368619289557,0.20701795435082052,0.20890878666280727,0.21078531375376647,0.21271759496593243,0.22122025187184563,0.22811589850287659,0.23362054258187948,0.24668782401746134,0.2566414957678987,0.26117226736072213,0.26633714820961085
0,0,0,0,0,0,0,-0.1007963972031101,-0.10461299828862114,-0.10658079443729261,-0.09104730004358837,-0.028166062489843213,-0.00048730035092569527,0.027972180768319452,0.08076335696010048,0.09447890026881348,0.10995103123735152,0.12466630087523561,0.13304677938234055,0.1429957942751221,0.1461096451629932,0.15534990006571153,0.1721001293171475,0.1727589159614256,0.18181479168415904,0.1783781300515602,0.17526764220731472,0.17132588783545574,0.17049194167971557,0.1715399512572117,0.16919809759992754,0.17364578027536592,0.17339284433346036,0.1784349480763982,0.1825768306546263,0.18660656035767303,0.18498595529064135,0.1843561459754885,0.1807972468156561,0.18217290273709927,0.1800465785067608,0.18470267200880067,0.18565626971883828,0.19024680292254698,0.1975971171111009,0.2062602672510052,0.2224484522809539,0.2375093943519536,0.24707748203457494,0.2719201644719526
0,0,0,0,0,0,0,0,0,0,0,-0.12201506996973893,-0.1176308098353937,-0.09490521350544118,-0.014206538091947664,0.0023699000305174526,0.01878753147286727,0.04552090707016223,0.05661529033456305,0.06045871766026812,0.07309299087180275,0.08043305977401247,0.0841491200009157,0.0860111710671572,0.09950472976806787,0.10497603073691336,0.09932545513269192,0.10021156333027884,0.09482272819086639,0.09604886902823583,0.10065713539728023,0.10552507252125012,0.10539008153247469,0.10555440196614597,0.10687170878765836,0.1218588788582697,0.14585597182019805,0.14783548245699404,0.16289915636869703,0.1884483427227669,0.20356087808382903,0.2156972540359392,0.22810470573301495,0.22984419465395226,0.24435625051606177,0.2510795531421773,0.2670613276383227,0.28378030890147105,0.29960901636673537,0.33175346614106943
0,0,0,0,0,0,0,0,0,0,0,0,0,-0.13516369379896126,-0.12209549681722069,-0.16209368613227193,-0.13235277002184226,-0.06602333031644894,-0.04613358944763032,-0.025446896313743195,0.00047663575676295633,0.00781911266339062,0.007895673507619291,0.007999464511122595,0.013952256173770085,0.022018933778536847,0.02643155947637334,0.02554440298653167,0.024783831820635007,0.03081390281677806,0.042500115962623146,0.044285142511747505,0.04426899268946173,0.07353102649487185,0.08848723640863271,0.10383230734269078,0.12916881374478903,0.14172598395173594,0.1651358100753465,0.17816342703148264,0.19841610208143967,0.22647102812063627,0.23338994017495782,0.2551157161492525,0.2617615686633982,0.26175126522403436,0.27323329208738784,0.28056864162014333,0.28586501140131265,0.3016589783151422
0,0,0,0,-0.12957995379791334,0,0,0,-0.1244402189035438,0,0,0,0,0,0,0,0,0,0,-0.15723548616032043,-0.11160264515442599,-0.07813367032196665,-0.0575872961837904,-0.02743958940913464,-0.013366519608616203,-0.005474446936089196,0.0027954569369926683,0.0033241451727886737,0.013929641132417498,0.01418131100868957,0.008876285325924388,-0.006206733901861518,-0.012076895401933364,-0.014167276026834015,-0.0115704438285927,0.0017714647559506841,0.01590085515962217,0.044746944707843975,0.046574558761635465,0.07793230657030618,0.09661310162164234,0.11220434324483894,0.1297512909011267,0.16758094822498834,0.18803964263934062,0.1972191259280839,0.22085894232776496,0.2311019000858774,0.25536171289581616,0.2739378928686891
0,0,0,0,0,0,0,0,0,0,0,0,0,0,0,2.9096156823946878e+38,-0.12538162717774606,-0.12479400458421488,0.03374844374823354,-0.05789819183475905,-0.14719066890421897,-0.18325145138262164,-0.2285072057760493,-0.183287947248659,-0.05675075020410746,-0.026659525137383046,-0.006320463533312686,0.001532679607819857,-0.0044636847240664525,-0.007435801504274628,-0.013630994371106358,-0.026706786964874114,-0.03690911562137764,-0.059275495611614,-0.07551867136108065,-0.07616556550434257,-0.06787839899256617,-0.06894821892321389,-0.06693214743037174,-0.04533617441809005,-0.0306661504575051,-0.023614399041926696,0.0011566894902708255,0.039587364232383175,0.05562509429248211,0.06663322027114227,0.10637994023451666,0.13480831432851317,0.15465155685379578,0.1735065360575929
0,0,0,0,0,0,0,0,0,0,0,0,0,0,0,0,0,0,0,0,-0.18406178182154675,-0.22203931121424667,-0.2686723828029569,-0.25607062245230106,-0.217958512852035,-0.20825778217596475,-0.17843517562686748,-0.10297238010388589,-0.13636884202112332,-0.1029013057226683,-0.06137852021209788,-0.06827900072188545,-0.07324064209190737,-0.062036318316862626,-0.0616755779227833,-0.0700046776395699,-0.09247633708486323,-0.09927456084838561,-0.11218350269429167,-0.11598398753339133,-0.13201147969566313,-0.13930028700556701,-0.14322572034247563,-0.13499130496864414,-0.14779669859667763,-0.14926405738812165,-0.11330569308530648,-0.09267092344861995,-0.01713304140386485,-0.0085705564926609
0,0,0,0,0,0,0,0,0,0,-0.22844679213398425,-0.24952241280994888,-0.26709018032139276,-0.27980769082327134,-0.2879314915007173,-0.3006852035377137,-0.3202263310577397,-0.32806413750607744,-0.33571958018954484,-0.35829062264088657,-0.32438801358839525,-0.33554317373405457,-0.3964569547760413,-0.3344113199697314,-0.1650682391499407,-0.20750692051635033,-0.23873114698509088,-0.2575876195177152,-0.23021310414026622,-0.1918594506883179,-0.18435380890599354,-0.17781970982767975,-0.160037247334497,-0.17472770829023038,-0.16280071033611468,-0.172766295242031,-0.16663313187958073,-0.17537202839017,-0.18336433904192254,-0.18252487709987172,-0.1779579562848123,-0.17747432439925323,-0.18458028605201657,-0.19373425780729642,-0.2001445562123178,-0.21199370098496192,-0.21995230548665606,-0.21504627072894902,-0.20691100477371396,-0.18768009070283756
