jsons/1312711200.json
{"header": {"parameterUnit": "m", "parameterNumber": 2, "dx": 0.1, "dy": 0.5, "parameterNumberName": "Eastward wave", "la1": 40.97354507446295, "la2": 16.46031188964855, "parameterCategory": 2, "lo2": 133.9931640625001, "nx": 191, "ny": 50, "refTime": "2011-08-05 8:00:00", "lo1": 114.97908020019554}, "data":
[rows 22 to 43 of 50, columns 49 to 97 of 191]
0,0,0,0,0,0,0,0,0,0,0,0,0,0,0,0,0,0,0,-0.7532802322182106,-0.35238914170254626,-0.6332167439338875,-0.26106971451722755,-0.243687370953496,-1.158825800361985,-1.3262113091269472,-2.068179733293446,-2.4336984527530006,-2.8813997284958672,-3.027132026950003,-3.1104785379766677,-3.236263640906606,-3.3852419433274963,-3.447923077090748,-3.481333600640058,-3.470308224326194,-3.29651169030142,-2.993865206417787,-2.7886258115968756,-2.522934097245809,-2.0975945213394547,-1.8179144609375433,-1.5451733732694342,-1.3455988054531312,-0.8084967829263092,-1.0727141262300783,-1.1895527787730902,1.6032073866861694,1.5613959623601756
0,0,0,0,0,0,0,0,0,0,0,0,0,0,0,0,-0.12868703628411074,0,0,0,0,-0.5080293153696624,-1.1143026089542074,-1.4357857577555275,-1.6994363323796393,-1.8621414296528551,-2.3041706985321406,-2.634863877285218,-2.9309860292533654,-3.1254782605295466,-3.227118022322713,-3.2998210332375986,-3.2786435425695526,-3.2121516483014454,-2.95786614906887,-2.8175527103327984,-2.6227383555692154,-2.382912322033136,-2.22715965681533,-2.0765925159570595,-1.745134190018505,-1.5437016258116454,-1.346791849506273,-1.1886319035051123,-0.8174156076953976,-0.6614078134991042,-1.5866102481723536,0.07813164096044783,1.6319182063166537
0,0,0,0,0,0,0,0,0,0,0,0,0,0,0,0,0,0,0,-0.6348785212871733,-0.9498777841392194,-0.8238923483628084,-1.0627507083227201,-1.5552586332162142,-1.8789936538659608,-2.3561261457878864,-2.6806108414690764,-2.8501983355272196,-3.002917564323283,-3.1524459095875748,-3.2005373033203166,-3.1947595214198463,-3.1334921349520766,-3.07777716949147,-2.8877820863626766,-2.7461089358408377,-2.5512836246363193,-2.261208603796249,-2.04901384181198,-1.8103266563669433,-1.4263512102984595,-1.3090652402452039,-1.137062910261996,-1.0201399371845856,-0.6687737582177432,-0.5618633741534947,-1.265411548351717,-1.6641746032658822,0.2619440603324488
0,0,0,0,0,0,0,0,0,0,0,0,0,0,0,0,3.3038944722661223e+38,-0.5011005295574021,-0.24733765729174206,-0.5558738426406872,-1.0139022247089793,-1.4725795496013472,-1.7711904597895647,-2.1795164024441056,-2.4103293647834225,-2.638947790414287,-2.8453761290460893,-2.923837791004101,-2.9799167754591736,-3.0229919112255117,-3.0182822497216373,-2.929552083610261,-2.7906988769900734,-2.6620317763964625,-2.4962427652752894,-2.3431933891898526,-2.1930390817427754,-1.914958810126896,-1.823087611535454,-1.6200456020736271,-1.4059463997619306,-1.3159631930576179,-1.1963824758335453,-1.0432549889766425,-0.8673164243074353,-0.7695495501777585,-0.6629040183750631,-0.4112295714697416,-1.1574609391705837
0,0,0,0,0,0,0,0,0,-0.14483025442002445,-0.16659649421664097,-0.5020522987136621,-0.48372966186731314,-0.45527856526072025,0.06544700222291756,-0.36055586782003046,-0.6617765725130544,-0.9809950830936798,-1.3760611304263848,-1.585071687321866,-1.9081899200154147,-2.100943948063343,-2.259948053952307,-2.4430088498922395,-2.5434532478177405,-2.638043366722828,-2.733248480149125,-2.7637097137282756,-2.775971019675829,-2.7665645949127975,-2.733692362625844,-2.626024768710863,-2.4881025129081,-2.4365147301178873,-2.2987062915608814,-2.164739369742085,-1.9382098097525857,-1.6608088671431416,-1.582400938290878,-1.4978947468874397,-1.3647013448598142,-1.276037482172641,-1.2171807755624808,-1.1258149070528678,-0.9592348184620612,-0.8978783543531599,-0.8126998661841384,-0.6646574737190455,-0.5541975559969672
0,0,0,0,0,0,0,0,0.11303595469389204,-0.08192480101137135,-0.4518557062630251,-0.7482086536390596,-1.0288397311187185,-1.252036073139495,-1.3767005881798482,-1.5037582947623884,-1.5965168705663724,-1.7898329295007318,-1.939675418818176,-2.0696436039944137,-2.213390997799914,-2.298565383198591,-2.3666586693711835,-2.4883923327341524,-2.5334329154978343,-2.580013238715589,-2.645163850427208,-2.66978482725739,-2.6673976587138384,-2.664019219212882,-2.62845927010717,-2.505833003744149,-2.4374058857455227,-2.3725066432273594,-2.193251832088848,-2.0845205341053554,-1.9193107451927507,-1.7708695895007052,-1.7048118130066852,-1.64401887641066,-1.5423307806289244,-1.4566902694506665,-1.398096483394869,-1.2968097623114088,-1.144297862973534,-1.0606320316211248,-0.9935222214362507,-0.8120069808117892,-0.7494221485150223
0,0,0,-0.5017911135269713,0.27691902251310246,0.0654036330800614,-0.23984535872319981,-0.5297893045011384,-0.7805214272626787,-1.0602098130295592,-1.2245787063745084,-1.358937140109731,-1.499997408916103,-1.6468416543514166,-1.7422640301274632,-1.8292317883930194,-1.9064546685929173,-2.0380060168180862,-2.1069065915981873,-2.1855401163455137,-2.2703380778931512,-2.325523441142665,-2.3677308233157066,-2.4669201815551367,-2.5035938844761816,-2.5425050449477187,-2.579519494967893,-2.5845522724033247,-2.5750783108200865,-2.5223056835587228,-2.4871148561990535,-2.396300100384905,-2.3736531082858736,-2.3334585323800883,-2.1732159620870326,-2.124463879603997,-2.026068874091315,-1.933817984952798,-1.8564162100332295,-1.8330858651633561,-1.7503108824991027,-1.653443261264261,-1.5772822430245907,-1.4429394413704593,-1.2683131899938969,-1.1457062861160485,-1.0522205875541157,-0.9400329322724238,-0.8792983890741704
-0.07987450511423305,-0.16399679078422724,-0.35931355235060985,-0.5657419691813003,-0.7940427302888147,-1.0656364989257467,-1.1405296685754784,-1.2786342781794597,-1.3806320533410232,-1.512464836377846,-1.6536233863418741,-1.708700973948593,-1.8088576758623205,-1.9066277014886888,-1.961125841243553,-2.028234627907486,-2.061697133460145,-2.1258429897746947,-2.184317033900525,-2.2138094256168976,-2.2898811031308046,-2.3396584572848864,-2.3733771378121413,-2.434025599271977,-2.454685620562683,-2.47339852335941,-2.506601488660822,-2.5183849624251113,-2.50670401990486,-2.494856768464122,-2.467135830445573,-2.418385645945162,-2.380038852938616,-2.3475622505888554,-2.2433938344996145,-2.173829817458047,-2.106170935978911,-2.0277281574639088,-1.9877228649061593,-1.9674263771657015,-1.8583077461798927,-1.8089285106182793,-1.66525667661755,-1.5691378183310811,-1.3509781955453433,-1.1889718956187207,-1.1472646938668565,-1.003956257029243,-0.9493260182010652
-0.6597611767468574,-0.8802322852755057,-1.1051199275009511,-1.2112014296351166,-1.3346418490821061,-1.4410816880487791,-1.509232004651254,-1.6205433090548513,-1.6778056818243736,-1.7927419202690504,-1.8759416491936647,-1.9309677356816524,-1.9954576124128567,-2.03575879662526,-2.055761695380851,-2.0801706347771804,-2.118487590650287,-2.185294089095384,-2.2153781221444313,-2.2408547137053354,-2.2978388782198107,-2.3284541303207944,-2.3625916257486512,-2.422635392705953,-2.4512524420539794,-2.4616648716756893,-2.4873305299612767,-2.4846052772824225,-2.460008673294108,-2.4318135444636626,-2.430306137163766,-2.3998953838418395,-2.3895379843151043,-2.363306039035335,-2.2923836602239596,-2.265843856507831,-2.247937622612934,-2.1377186018478422,-2.0684734582206223,-2.0220851700036846,-1.9271745512535419,-1.829935349519569,-1.761522792700078,-1.6419588979159414,-1.50580863059328,-1.377188921151174,-1.2690060254584172,-1.1164157025676373,-1.013236968037074
-1.0020191927015976,-1.2457582141416268,-1.4343622866157812,-1.5030582551173057,-1.6021139512841858,-1.6965989146281686,-1.7554066034431695,-1.8464328895692532,-1.9097131533470195,-1.9588745329157422,-2.0121102679265563,-2.0379028078843344,-2.066148604005745,-2.0861305295378383,-2.1075746893116323,-2.134474737154342,-2.1607808368813672,-2.223162664079558,-2.2605119898087462,-2.2743859662130568,-2.3217943900299125,-2.3451124321081034,-2.370533154338712,-2.405939410563602,-2.4171631530117037,-2.415714753883521,-2.42381548157502,-2.42460087405831,-2.418032713642122,-2.4360172732474394,-2.435434859007695,-2.4311092751504884,-2.4380214230590895,-2.43625943570744,-2.408195905189254,-2.3860998847273693,-2.2736780930076774,-2.1370635646599716,-2.0550955111666367,-1.9704893814418012,-1.86102201921608,-1.7998054516893869,-1.7247517196575166,-1.6312228276464549,-1.4970415754065638,-1.4191768992023113,-1.303424590985266,-1.165991454238909,-1.0823712218131105
-1.476919252630169,-1.5611752536710375,-1.649155845929639,-1.6996889064101004,-1.7734124569071235,-1.8224644433171673,-1.8796235935128371,-1.9261296224815625,-1.9669966683247653,-1.9894564980188187,-1.8847517712038035,-1.8041863160161031,0,0,0,0,0,0,0,0,0,-1.8443299273620843,-2.1575515726573773,-2.364397244833497,-2.4055709685205047,-2.447301258798598,-2.474116625394578,-2.4879521024475473,-2.4949842292546367,-2.5319035091137794,-2.5414698975500625,-2.5665414693446356,-2.578067750231987,-2.539314872665143,-2.4390748322655726,-2.385585379641136,-2.2675187188431716,-2.155597148790024,-2.094542974896483,-2.0278150412484397,-1.9118718460688704,-1.8372735413212482,-1.767254331598334,-1.750417152074962,-1.7194902928580522,-1.6284345226672392,-1.5158346818403354,-1.3718285405468935,-1.2828183479362525
-1.5674989666377483,-1.589312841294537,-1.6445880314199324,-1.6665051347922646,-1.6463666878500347,-1.5951229737105117,-1.4969956416809986,-1.2959934649181217,0,0,0,0,0,0,0,0,0,0,0,0,-1.6655295775790275,-1.9855092002199857,-2.1888227178915467,-2.355684345260498,-2.407947615954056,-2.505592455423569,-2.5662509346679636,-2.601750255504548,-2.6396828039484204,-2.6840675365231466,-2.692777458782666,-2.680681480745457,-2.6580941580726036,-2.651086510429622,-2.6019810664911014,-2.540263535792061,-2.4376769913039245,-2.293541909006406,-2.2380934090565683,-2.1013587246944514,-2.149762748186358,-2.116043924573341,-2.063949670470757,-1.6259666646094293,-0.9992977807349024,-1.9137991884925356,-1.8788081293539916,-1.662761743420504,-1.579153863000266
-1.3986498931498037,-1.343348196326424,-1.1861187039525551,-1.0801653813827334,-0.9546544109002084,0,0,0,0,0,0,0,0,0,0,0,0,0,-1.4281936493243752,-1.6842610622762901,-1.9734819042832343,-2.179574895971461,-2.2704441229666252,-2.366344168181116,-2.4444598901767596,-2.5129589605521248,-2.5788928829244364,-2.6075025820332027,-2.636151547600394,-2.6674521732276535,-2.7067652461558698,-2.719900801753759,-2.7073218013136637,-2.6435480934516957,-2.549293231580993,-2.4618960802836125,-2.24413057398919,-1.8990741022715072,-1.6150370630971946,-1.2673360071301647,-1.312726966297897,-1.3683046768615963,-1.3922919186357996,-1.2784837582622197,-1.2263823959725535,-1.3167413575554225,-1.4793892325791842,-1.5833694063219677,-1.6246036930023866
-0.9877244778582049,-0.7589462687061713,-0.496180260676365,0,0,0,0,0,0,0,0,0,0,0,0,0,0,-1.615387367959532,-1.8308094162229849,-1.9916499572329562,-2.1379017174497714,-2.270941379666381,-2.341275122620425,-2.410048920332909,-2.4591086105064113,-2.5150431222606553,-2.57823561893232,-2.603447385821356,-2.62988061127225,-2.6797826483103413,-2.697373580932694,-2.6984360513429544,-2.650011291706003,-2.583643743256415,-2.3965403997022614,-2.309957313514598,-2.153106866108697,-2.029160396729642,-1.9371148975544652,-1.8014479970590505,-1.71299245436411,-1.6775835297757813,-1.6350174907310588,-1.619469652600346,-1.575110226560154,-1.5905147500627124,-1.6208506567997614,-1.6223138179074168,-1.6244364518136403
-0.6321213533014416,-0.5027169479287469,-0.10892987311137282,0,0,0,0,0,0,0,0,0,0,0,0,-1.56439775890731,-1.708121825956693,-1.8809165020123626,-2.0329283027950207,-2.1224601272465495,-2.212005716520013,-2.2975672929053137,-2.3504436409821294,-2.4295213911148084,-2.479995136737576,-2.522955654458994,-2.5686249408729576,-2.5930334668608674,-2.609751366301492,-2.612267012913784,-2.614708193986248,-2.568847804710342,-2.4999533249119517,-2.457330908040624,-2.3160513820510524,-2.237267280379816,-2.1360093193649416,-2.0791271180803808,-2.039990257003678,-1.977687138047683,-1.9231140246219598,-1.9040530739580561,-1.8735211312126507,-1.860852980438094,-1.803178023777746,-1.7941532991669116,-1.7777831539185531,-1.7125225336041672,-1.6665526881013872
-0.5170238159429181,-0.4430491718796093,-0.3084630488098669,-0.3529528330143194,-0.5218135590932846,-0.4632881491664713,0,0,0,0,0,-1.4254089485138701,-1.4480253041141646,-1.6644704483705093,-1.7689946743352778,-1.8835049013638896,-1.9549372556809275,-2.0400511862132564,-2.142647096900471,-2.1935851263466772,-2.258558672149242,-2.3155032123379513,-2.346205932328076,-2.3807640556607743,-2.402648860377735,-2.434933892471796,-2.451532664637207,-2.457706872833803,-2.459801805953248,-2.439883953260043,-2.42106612196327,-2.3838138636934962,-2.3223889803373656,-2.2824837026271765,-2.2067882507219445,-2.171267139900987,-2.122545264558582,-2.073864523331699,-2.0742997250696846,-2.0852026655969698,-2.0674956186796565,-2.0536058015444443,-2.03109726422362,-2.0180481239654036,-1.983198488852221,-1.944636034969379,-1.9213173396498162,-1.8743024766708727,-1.8662597497843318
-0.47703594811358924,-0.5293079216045893,-0.21959154172930848,0.5865175702839757,0.522802793785682,0.500461862941331,0.5729561711772347,0.6122548576938716,0.8169792753437842,0,-1.4743136759328725,-1.6609792465988735,-1.796311230737404,-1.9238866040310307,-1.9874182415880517,-2.0737139989456637,-2.1158784073595105,-2.1446008560938243,-2.181254295096134,-2.214643801059352,-2.256340944019944,-2.30804570831699,-2.325341599355164,-2.3454775414471705,-2.355558718963007,-2.3614092937817315,-2.3510809655252314,-2.336128786195134,-2.317852076240992,-2.281424628849232,-2.2722705158586405,-2.234217575252948,-2.1945231409356376,-2.17209703576648,-2.14957345891435,-2.1396996375632242,-2.145134690896642,-2.1429510098823825,-2.138318171639463,-2.154579328960536,-2.135152223185204,-2.1222459261203905,-2.105002676513749,-2.0883366390997793,-2.057107962344633,-2.0449157675496874,-2.0354445666042533,-1.9964124471512144,-1.9791353119966297
-0.6961120942784904,-0.8762171496568467,-0.8625656321414252,-0.9100896524361232,-1.1339150338456732,-1.212442046670279,-1.4463151650062445,-1.6328192779533168,-1.7348905297270987,-1.8352365899295657,-1.9055228882471964,-1.93629622379802,-2.0000360671347677,-2.040754912058534,-2.062535373520056,-2.1108237707660127,-2.139733738380854,-2.15158838872222,-2.1690693594552526,-2.1954800295901578,-2.215329519240428,-2.237725855773916,-2.2446140034323125,-2.240521315167603,-2.239505251698677,-2.2307363744066144,-2.225253454903728,-2.2266166871656616,-2.205063600485415,-2.1872233366701317,-2.178713854636202,-2.168196232634154,-2.161659509148264,-2.1680535395842657,-2.1630410380145975,-2.156308318945943,-2.1632198171594075,-2.1434571060938477,-2.1444887048501173,-2.147425567272426,-2.1227159441786014,-2.0971694225989297,-2.0957352395864013,-2.0945269817431496,-2.07263431645608,-2.0634465708015712,-2.0523283503708436,-2.040134820501868,-2.0269651077956095
-1.190176306249723,-1.3342546561825093,-1.397469516525998,-1.4519879352675507,-1.63098387073199,-1.6737315716264372,-1.7298149107705756,-1.8271360439458344,-1.8360629366503052,-1.8885357116269808,-1.9107021685310936,-1.942686144558495,-1.9794540403407814,-2.0035986392732594,-2.020766309526537,-2.0557170418064685,-2.064018281646418,-2.079101142480979,-2.107420553037384,-2.1164720861740847,-2.131661661880697,-2.14011827532433,-2.1453127885670207,-2.1327664726240894,-2.1425749151939453,-2.1433333159554113,-2.1463180988957076,-2.1462764009857054,-2.1325787259963827,-2.132288709350382,-2.137812641552811,-2.1344689743374046,-2.140851243839529,-2.1431092926048665,-2.141040526292748,-2.1384265927040684,-2.1491429738098686,-2.1265286275039252,-2.1256603264887577,-2.1406322492715355,-2.105750494340575,-2.094173689186477,-2.1073187399380005,-2.0970017165231605,-2.080988635057897,-2.089995945408875,-2.0955788114775027,-2.0706286217248553,-2.0702611761737977
-1.4361303016642064,-1.5451619003920822,-1.627669133195708,-1.6447887682911413,-1.7141983203945494,-1.762287380228209,-1.775562872696512,-1.8054312531682568,-1.829035875989676,-1.8503188479900672,-1.8741774613946378,-1.881240588194938,-1.9265119888702023,-1.943681184298563,-1.9624692746779644,-1.984385733922534,-1.9897204882384056,-2.0125732451194485,-2.0222294237684477,-2.037067892708135,-2.04120897364998,-2.0443828817184238,-2.05087578608927,-2.0457011772084828,-2.048081640916025,-2.0603887441005937,-2.0748422286481247,-2.0821290427773986,-2.088165148665723,-2.101846565295377,-2.106058540902818,-2.1018895060513705,-2.1188521864115937,-2.1282861272417164,-2.128109480168253,-2.1262018352831373,-2.145852937601319,-2.141547543237876,-2.136678727889498,-2.1432132770505685,-2.1320973940381895,-2.1292197729931335,-2.120780524684088,-2.1091339170822536,-2.0836647014378964,-2.101752112670559,-2.105558383386357,-2.081634683994123,-2.072459808888388
-1.5310107033711842,-1.5715350443483747,-1.6241073536492943,-1.6552734126049098,-1.6806018785876013,-1.7028642890354497,-1.7236635107895768,-1.7282453980574652,-1.7520168404130974,-1.7901550927089558,-1.7960543740846868,-1.8199298812637794,-1.8542756441960715,-1.8653933797376836,-1.8797510726557993,-1.8957987026859817,-1.9037855794565528,-1.9081956289296067,-1.913775263049702,-1.9165171226003344,-1.9436012314594702,-1.957469206426571,-1.964143206467207,-1.9931889276743153,-1.9978742530763847,-2.006540850432533,-2.027181863212087,-2.034757878365592,-2.0437223918749297,-2.0592492464311314,-2.061864916517517,-2.0655474722890936,-2.0815338689682314,-2.09017282462549,-2.089931311607293,-2.099159623570369,-2.114734663998394,-2.1115467291339285,-2.115538088553342,-2.1210573480545944,-2.113242743945947,-2.1044884971614564,-2.108498911047707,-2.1009176557557,-2.087706376971423,-2.0900655325288677,-2.087989887796928,-2.0763623218602003,-2.067045455638713
-1.5313829545637014,-1.562141601206733,-1.5799914008066953,-1.5948592856727843,-1.6241812281126544,-1.6486172896033882,-1.6657001353718244,-1.6908381883000068,-1.698789526873719,-1.726828112802961,-1.746498981735873,-1.7537647149874263,-1.7807409773195073,-1.792691914931181,-1.7954080828921843,-1.818131483402718,-1.8304135834873148,-1.8400344775658575,-1.8524921625028063,-1.863029424007577,-1.8774211015373807,-1.896795866703799,-1.9021532743048948,-1.9196101773971714,-1.9399863392497025,-1.9579931060143594,-1.9753951853840883,-1.987980638422857,-2.0017763523537218,-2.0076523639563404,-2.019108378588993,-2.0357219552537114,-2.0551108922078627,-2.0664064786212633,-2.073113395022728,-2.0770134583951245,-2.0873432457149717,-2.0863760862245306,-2.0839477251864484,-2.091718792770697,-2.082183149392196,-2.07914769927017,-2.0765849618428236,-2.0735392081527246,-2.0662258413501755,-2.081243141441527,-2.0710529595624876,-2.0435037259288253,-2.043215301987507
