jsons/1312657200.json
{"header": {"parameterUnit": "m", "parameterNumber": 2, "dx": 0.1, "dy": 0.5, "parameterNumberName": "Eastward wave", "la1": 40.97354507446295, "la2": 16.46031188964855, "parameterCategory": 2, "lo2": 133.9931640625001, "nx": 191, "ny": 50, "refTime": "2011-08-05 8:00:00", "lo1": 114.97908020019554}, "data":
[rows 22 to 43 of 50, columns 100 to 149 of 191]
5.831718806452452,6.729658216226231,7.5771578911067,7.878282723746643,8.231470736111401,8.539399498393689,8.59534355486987,8.582492454893103,8.676090266096896,8.721516973891987,8.628582964781371,8.493770476858584,8.466569625677643,8.141833913879779,8.06876042723739,7.848042238341674,7.5468830075358,7.331996393210723,7.186905805913174,6.980476802257894,6.669889790092116,6.48494432914967,6.279665735646985,6.03846382413538,5.918584387415075,5.759587343096345,5.5253059172580805,5.3633491066128265,5.210289059567926,4.9887677921870885,4.850519233138963,4.771543604511066,4.582729563966671,4.466373782012571,4.368924225479177,4.2127561176001285,4.1304528389850175,4.10438986843529,4.004558675959561,3.8986631322987404,3.8482117807841387,3.7924536525493067,3.672680458813402,3.630818243749417,3.5692254058217197,3.4442369466084415,3.384581387832495,3.3236518349954287,3.236565830849538,3.1735406903991867
4.595228379267598,5.253353477698853,6.018586627560696,6.414739342804232,6.950778540602275,7.3001487960228975,7.391690667559819,7.626201894940886,7.711700390643556,7.778926888752083,7.65492493485559,7.648732588458477,7.577916903378961,7.4106722025081675,7.261303028218749,7.1881806728531545,6.89198387513598,6.744497753138274,6.623487518225649,6.46238912234367,6.260336857926364,6.128504062813614,6.096536123586366,5.751062576407288,5.625374972233611,5.496978295610085,5.274912816018873,5.114774106996428,5.018270070064832,4.80377957651259,4.718453613945616,4.612127567915162,4.3959522324676845,4.363833753606416,4.279841215203831,4.120400887256436,4.087172193415956,4.012682382365065,3.950829917846405,3.84654034259898,3.7742618363030362,3.7171247549510613,3.6113651473166,3.517002466174706,3.4741836869255533,3.3336994894571292,3.281866058229439,3.233507268751698,3.166303020360511,3.1435245329366412
5.434330980344996,5.618523629210095,5.816077622255191,5.943318708636595,6.230903487562001,6.359396449923502,6.541259120754843,6.640516919893678,6.76404084762234,6.721975759634573,6.842058536221826,6.720546083646399,6.659928775691322,6.51909459227604,6.423450951140088,6.322994500458655,6.119941234013213,6.092575071219574,5.944124310700054,5.834153828830168,5.634314617127152,5.556556287643181,5.4549383626495755,5.2804096006399135,5.1825740486042235,5.10118561267462,4.921107441446164,4.83614881526871,4.7123518572663246,4.539536080263409,4.431054584913247,4.398403485898192,4.295476095714294,4.260493527869279,4.173432392921134,4.050763713282663,3.9700259966054614,3.909769597678645,3.8316038905636822,3.6709840141880803,3.614762188279175,3.5405013453132272,3.39845055021695,3.3085781547870337,3.2818738820045565,3.1297576585894746,3.088180944698692,3.0293984317268965,2.97421474864261,2.953980397360584
4.865301710968384,3.116349378773227,2.578625155142987,2.8527516486261892,3.4370557431744198,3.935770922040534,4.280845252666785,4.388162650196811,5.0128082253817885,5.030840447594075,5.081197245103906,5.23752381676242,5.321364552729618,5.243131697872398,5.224423205939251,5.20301514568274,5.07923131044491,4.993945703976632,4.916531640685109,4.888221485002356,4.709762695383849,4.683351121785007,4.603863119693946,4.53259515075001,4.5118222877436285,4.457267181621021,4.352898537687317,4.29503996168726,4.250362156435454,4.13923286442415,4.0985339616783625,4.058955679267276,3.9539573698895754,3.913050384841445,3.858079045522948,3.7745380236696207,3.745130694480656,3.6995315277964607,3.663766141538575,3.550727409053886,3.369340489569157,3.2427278397931882,2.8286454561345424,0.2851937089221841,-2.2831708165428735,-1.5353182748369998,-0.10159230811261183,1.1198638618599028,2.826307084893506,2.9827220710718736
-0.7520395591570813,0.9761026027444303,4.076316101476448,2.4379639527893127,2.180765163718386,1.9744091933729988,2.30356738816963,2.4615192778798027,2.996937677797804,3.1853523147946357,3.3282980978687164,3.4272009020337575,3.7688846378911167,3.8100611948216585,3.9088328288918555,4.02050992454323,4.021061342507436,3.998804591499207,4.035085249221192,4.029053362552783,4.004324984809675,4.014505849689935,4.028152001833439,3.9353880385744686,3.969411518422805,3.9474394493608065,3.942443114919262,3.9057955479870405,3.8881880702006684,3.7928205548520824,3.773074110875999,3.704599673829144,3.6336731881423474,3.6000817191748307,3.554041181867756,3.4747020490770035,3.4225004088323274,3.3246980602793337,3.368297787405219,3.394718042611466,2.870768814173175,2.891040047580556,3.152963304764822,3.14624972481028,3.1474746614818474,3.09999819625775,3.0987067218102182,3.066128191049167,3.0588149396260182,3.032225198568168
-2.486302224201788,-2.828312839365135,2.300961040160468,3.7844532494847942,2.571825904075303,0.866424890976395,1.159054729506377,1.3673244743007318,1.7886743415360293,1.9757249315037524,2.1888185138982617,2.3920537826517427,2.73482260579942,2.8612750496166566,2.921257203932712,3.2040604445369905,3.214942800695092,3.3397560520180574,3.4264570359887023,3.499030870557434,3.4729023449127836,3.497968097444884,3.55621171150171,3.52775902349688,3.6066507341672933,3.67025360790453,3.709140152559075,3.7895882298671753,3.8273663765788952,3.688869775565243,3.5952983962162164,3.5582050184389877,3.4816446036309343,3.482609956643874,3.451402639860429,3.387302414844045,3.365594042033403,3.351604331589695,3.3295468150216636,3.28503722011474,3.2722278202895865,3.2397499472625717,3.1864088345871204,3.149530102302181,3.096752075644252,3.047418461180999,3.0231533300183235,3.0041576889211954,2.9642436098390794,2.940796768962243
-0.8679527864740405,-0.7627062179712001,-2.4322843115873773,-4.329775475071422,2.2754843708365504,3.2066355356806517,1.3835442195791887,1.2684059238744116,0.9996607237429203,1.2850777480253905,1.4350394313142698,1.620782032790461,2.036344303932436,2.1235388592267586,2.305883681891135,2.556562661015286,2.663892531608453,2.714358557994075,2.830520844047249,2.846345107081103,2.823257282481521,2.827777096333479,2.7932565000998633,2.794466949819907,2.7987630225312583,2.8113055613464484,2.802592984608009,2.7750739181236583,2.647437504820253,2.5579704565620887,2.4685140814905013,2.413300180122357,2.593207252495148,2.7585409762982622,3.190173580086372,3.085100263590996,3.072056247696513,3.043895378233716,3.014595280111304,2.9435945328942243,2.943625733192146,2.9319300970702704,2.9188877443249095,2.9201001443438486,2.9129487649632253,2.9130047315197007,2.909983112986591,2.8756680420749254,2.8633663841925903,2.837959985489197
-1.1304065046217857,-0.9492679840232351,-0.7561467268370514,-0.5975657610967636,-1.0378614149962375,-3.7092344593713693,1.7382035581820368,2.683448992520161,0.4771157545979973,0.5230187650222684,0.6627807028101746,0.8225667232990618,1.0984712548675721,1.283476186429638,1.4070173223798883,1.6776288088842295,1.7838851625369816,1.8763050777124797,2.00011455760774,2.056504877510876,2.098112871831817,2.2198689897742594,2.214207471987943,2.194840248924666,2.1139354894433384,2.059118131080827,1.9029268976119174,2.1574413858849515,-1.4018259321611917,0.7629542161314645,2.009659829948902,2.4897580974162334,2.7047865907224193,2.785861195244876,2.821765748030225,2.9288510013160707,2.890148839134969,2.91848108239624,2.9045219809565013,2.908139041982881,2.8624503594182857,2.818600910202637,2.797113632776036,2.753553772217112,2.722560046303971,2.7120811761839714,2.6906084753698396,2.671318482257988,2.6499816053516487,2.6104134924385614
-1.2009438867265094,-1.0801495795090725,-0.8761877885406184,-0.7209922254808472,-0.6421175200378936,-0.39310798610944586,-1.4616331144552805,-1.4070647969644527,3.514004209737926,2.706968294882297,1.4446089746247306,0.3455348588979232,0.5523703006976779,0.6439357246133968,0.7855651824436547,1.0409067744816156,1.1218946997096062,1.2464401194006245,1.4365729226029371,1.5214089941476547,1.610168799828848,1.7510158745035962,1.8246662352560534,1.9030045775122064,1.938182672883587,1.95724286675913,2.000897832934347,2.0488302509063723,2.270559065382544,2.3623605799299496,2.461519285990419,2.620612134068931,2.573426005526292,2.557298754197569,2.5946671083997868,2.5330964520635164,2.564368257758246,2.506988692447436,2.55288962010766,2.5108953761990427,2.4757350068449946,2.4457514089011854,2.410727451389527,2.397445166778774,2.382162118397397,2.3609713382783135,2.3506911176923664,2.3668427112022954,2.3074954177545712,2.2753130980273526
-1.464934050308544,-1.3985513652551718,-1.1483084993746913,-1.0092267495439202,-0.9442982825033497,-0.7044753867922876,-0.6079183752472576,-0.5027834159273468,-0.2604910975244999,-1.5450536121209848,-2.368365659935889,-2.978785446864649,1.0927378542120436,1.446124953207207,0.40395016741604595,0.5695461419357539,0.5961838926231636,0.6610762050919715,0.8113333297162115,0.8945499163498599,0.9697928778529558,1.0781416849103744,1.1445827384681784,1.2180335226492518,1.3004374080659409,1.368676623115819,1.4253516282805376,1.4667009667550546,1.5546573957164325,1.5904032944532502,1.614232066661541,1.6164053919814836,1.6238489093194228,1.6598034561966397,1.6431746574484896,1.6871204318262283,1.6540834418720565,1.6953514409238986,1.704420062274638,1.6599765138102411,1.746028640394213,1.7387671220559848,1.7136337109605513,1.7496905460069676,1.728468056390547,1.6980897933691204,1.699559594336515,1.7379019012663763,1.748326923729078,1.7793422998044277
-1.8272976487496702,-1.7294946068005121,-1.6943064031304176,-1.9684894030757396,-2.2040171437759897,-1.4235262406351412,-1.2108639466191429,-0.9894156020857623,-0.7333236018138877,-0.6038761619679957,-0.45850235878864665,-0.37921744602407137,-0.5633548966658299,-1.2786992957123793,-2.7970888976495494,0.3720996806373198,2.6805217643501424,1.64019009059985,0.3903506470128939,0.4557508248998674,0.5216250777675326,0.6218815894426615,0.6477747206306513,0.71920632578402,0.8294856149015851,0.8615342862415877,0.8898643011254678,0.9359569952176092,0.9594807860476869,0.9688318106243479,0.983829718261449,1.0069568626482082,1.0471762758675374,1.056731963782419,1.0364091181592232,1.1089927048003154,1.1905794666108709,1.1829419775124905,1.2153621379857502,1.2229194554214664,1.2367341288295046,1.2649905884821249,1.2587142728706742,1.2722944791961037,1.2794696118354993,1.2727022109866999,1.262034301541761,1.3019949842329501,1.3155269939984247,1.3106638671726192
-2.259446887985515,-2.0414632596612634,-1.4580558879030268,-1.609213314110425,-1.267224429708553,-0.9886070175732558,-1.00983681452149,-0.9656057468709246,-0.7972787522799234,-0.7470095367715386,-0.6873558145891967,-0.6538445095802619,-0.5190467724962343,-0.4459260837857248,-0.3800462582973797,-0.9886123439433246,-1.5066577254620557,-2.778605584539593,0.7867585557092098,2.15664074255622,2.0144870686423824,1.2510086059710617,0.8851237147773005,0.7310694926551111,0.4315531404195789,0.45243091387403717,0.47850634743921056,0.4875718162408092,0.6076212774869412,0.6725741800548812,0.6628206733090182,0.7346840562585035,0.729120253083666,0.7167739482503683,0.7547294889360635,0.75686168578876,0.7605460011084554,0.7571540706665931,0.7977252961553946,0.8124522908297739,0.8305742161346935,0.8675573574063082,0.8737125377718153,0.8944175475780782,0.9177613291836111,0.8993263229126282,0.8919925774315905,0.9284954750329935,0.9088127899421399,0.9190258618352551
-2.7315561471831833,-2.5720579455542634,-2.3008299455185064,-2.1376088487765457,-2.0028909212487136,-1.8109613431915228,-1.644226308084249,-1.5822126803207965,-1.4451227291339352,-1.384759927401584,-1.3144891290443492,-1.195370739507854,-1.0252952521490366,-0.9259273019787867,-0.8325876527839292,-0.7522050123172287,-0.6731893229729471,-0.6314701429794789,-0.5389359637665126,-0.46509970210370627,-0.8663246193237009,-1.257922268350524,-1.5125709546195247,-2.174145521533212,-2.5208445785410483,-3.0135722775299567,-0.19738838696505762,2.947430169847237,2.000915861462347,1.029670863322304,0.3921110187647912,0.34206638681418866,0.359396841034732,0.38259916977382274,0.39012336376558127,0.41430694401601725,0.45585664801233194,0.49224365667603986,0.5017958472443717,0.5175400447878282,0.5325792763170853,0.555457992326819,0.5733635796861992,0.5654040304215492,0.5470259144656118,0.5378231353728792,0.5719938243171055,0.5863007507611536,0.5980140391602579,0.6051899687776492
-2.8325896253589278,-2.752311913541457,-2.6093452051760937,-2.5253964261940296,-2.3953606365892393,-2.194337409876236,-2.1292561604477216,-2.0318218615720305,-1.892702725312325,-1.827645975111825,-1.7238005469942637,-1.677388659153327,-1.5012583987462185,-1.4093526862568275,-1.386994221413723,-1.2530180265414754,-1.126684100622783,-1.0870188285412443,-1.0104136944279054,-0.9197138077644776,-0.8557754760028453,-0.7510529132562297,-0.6648604617725062,-0.6700294523170343,-0.5947227118162725,-0.780784026837247,-1.019047181757888,-1.4667316464763072,-1.4243877806576841,-1.748135410019368,-2.730109337863046,-0.1909964110386583,-2.8037106054710392,2.3133150792998642,1.3686856426159641,2.295748320966856,2.121567968462202,1.1275164486349287,1.2062394514106307,0.9955770707149058,0.4886329782476068,0.3485057889819059,1.2348107163840478,1.3633019273731337,1.3448248965120226,1.2150502207304459,1.0960196457908349,0.9918136772323628,0.43058735097018286,0.33434633915939505
-2.8443672613438724,-2.8067270442729226,-2.7391092950240394,-2.6927328282918213,-2.6487567062505746,-2.5322947203017176,-2.478782646907486,-2.3677290209991884,-2.3054378582945594,-2.222794362999635,-2.1563466726079294,-2.1419849064820315,-1.9962575917950913,-1.9969958402824575,-1.8862489798605881,-1.694815527826514,-1.6354131814037827,-1.5541230902155718,-1.4716140303570393,-1.3899686540901117,-1.3719142911214521,-1.2975287327464313,-1.216883592184069,-1.1441911509187703,-1.066603065017911,-0.9741179769206999,-0.9508270093003244,-0.868326057554489,-0.7438015519713488,-0.6855468010851161,-0.6074811209537107,-0.5349846010089316,-0.7244668150409865,-0.5620165546885829,-1.4587081592791273,-1.560845398160893,-1.9150406002888258,-1.2198215305695141,-2.1626550540121032,-1.9702241555778983,-2.3505787814498054,-2.1560831438028263,-2.4083103837585678,-1.6335811463106427,-0.36565054476698355,-1.93204832779013,-2.6509941158123556,-2.568846586041547,-2.280580254603801,0.9221563790750675
-2.890225227661016,-2.8241176141698117,-2.764249621761526,-2.7322527987285468,-2.694760705756152,-2.604366944179565,-2.573905633582635,-2.4952162665813633,-2.4108142213551913,-2.3452774858902514,-2.2926557353450394,-2.240716022980606,-2.1385333644055375,-2.1005409548359726,-2.0317404109642534,-1.9770798208531404,-1.9253407132853348,-1.906184423234234,-1.8236472722612682,-1.7456967883227736,-1.6842306017164184,-1.5560146744624632,-1.5141894893297052,-1.4451279142503597,-1.3409470835009447,-1.2875175890511101,-1.2155971792486835,-1.1564812703709435,-0.9884722866666056,-0.971613363004064,-0.9339634689358053,-0.8745788972614144,-0.7949772771675809,-0.7408936652815877,-0.7339931130244979,-0.708180576484706,-0.6682921733439806,-0.5839335281448476,-0.5626614816506448,-0.5258362242246365,-0.4899111382261055,-0.45960213613576617,-0.436611051369449,-0.3899402835804252,-0.361443567441608,-0.3298263411683574,-0.5722313657534001,-0.7676542279610009,-0.7644900241038594,-0.6451725363990418
-2.7911925376781523,-2.7660715237777382,-2.7083436624814836,-2.691775293359022,-2.651111111893576,-2.5979520374724157,-2.554990001860264,-2.5148003228024183,-2.399543052752667,-2.379809822416532,-2.3474104813193493,-2.2967957731421516,-2.2450902894090348,-2.2087212340198628,-2.1687053776740948,-2.091296167972846,-2.067356232595928,-2.038033296766659,-1.957398697589527,-1.8966547145008474,-1.8303573591276092,-1.7403555268362598,-1.6700262386813998,-1.6393990781479715,-1.5487809756039292,-1.5020152005790788,-1.4753218384120603,-1.464400911566544,-1.343200845921325,-1.2792115831265187,-1.2440960473856104,-1.1805262290012999,-1.1336980035187725,-1.0878758892067393,-1.008213849209795,-0.9519552822617156,-0.9386062756716119,-0.8886581512925835,-0.8504535554489875,-0.7950870166738438,-0.7576184618041526,-0.7517002008527055,-0.7295276838837037,-0.6457743455954318,-0.5950834709056535,-0.5799971080776765,-0.5801244226459896,-0.5713942244297031,-0.5521283576135607,-0.5311667541049154
-2.7157386009770663,-2.710647530188707,-2.657322396622059,-2.630285089261762,-2.608706990939272,-2.550651349053467,-2.53344615478526,-2.5055860831045296,-2.4422222596016443,-2.4022901943995985,-2.37567021822057,-2.347412497746846,-2.2789911228339768,-2.235029013128434,-2.2022203417972226,-2.153636240460718,-2.121001597395104,-2.096729925316682,-2.0228378546670243,-1.995560259011193,-1.9472061472295632,-1.8338018203139745,-1.811935589471431,-1.7868601982645875,-1.7059629866228336,-1.6504235916476755,-1.627314641821779,-1.6081610583025985,-1.5194618640027373,-1.4506902627645857,-1.3941446603655636,-1.3598123747793016,-1.3367749059951706,-1.2860706957277146,-1.2075105276430866,-1.1952074720269117,-1.174988395707781,-1.106067351934375,-1.0716687715633704,-1.0521410036758954,-1.0306386901397273,-0.9909460146110669,-0.9411478690312365,-0.893943169392002,-0.8782617986705379,-0.8724014313438199,-0.855595582671941,-0.8453905603342078,-0.8401223756153865,-0.8419810358766362
-2.605752008873747,-2.597038832065272,-2.5538876705436784,-2.522315422452383,-2.51163444351318,-2.481690397522773,-2.460910118209489,-2.4292577753494493,-2.3999309951001133,-2.365409618935189,-2.323019024871185,-2.284033642926835,-2.2424830832473313,-2.2101773546193924,-2.1709402407683585,-2.1229562946199,-2.0978093751242186,-2.065670578290469,-2.029516409824516,-2.007933481621976,-1.9637766631945177,-1.932705755597505,-1.8927933411832376,-1.8412318151718847,-1.7041583819536925,-1.6672158204833192,-1.6714793325718968,-1.6515143997095452,-1.581848069561861,-1.5586015652188734,-1.5512425819957452,-1.4797098747551845,-1.4287022137094394,-1.3967105634500536,-1.3515555894609632,-1.3239033358313068,-1.287163500367967,-1.2485907058119419,-1.2287437930775875,-1.2087977505951448,-1.1261249795229504,-1.10327621649659,-1.089078197932549,-1.116428135581365,-1.0956957413588784,-1.078941739737105,-1.0738100379712874,-1.0860153351524096,-1.1098373688962861,-1.1404237971782853
-2.5050150156506326,-2.510848753558195,-2.4882260617939647,-2.470252535425461,-2.4586700712543705,-2.421492196759169,-2.401649356132792,-2.386970716258674,-2.3374520563609553,-2.308325661786385,-2.286660785967161,-2.277678654611471,-2.2125392236015906,-2.1818951812484677,-2.1658775894179327,-2.1219472125484087,-2.100903126831996,-2.08262690052709,-2.022648615513188,-1.992650703867893,-1.9680269124970398,-1.9309731339209781,-1.8815827891900914,-1.8549391853968524,-1.8293311501776648,-1.801697216880494,-1.7680726010002596,-1.7483455562750578,-1.7194126929904232,-1.6879105975727595,-1.651989964447373,-1.6179230032240643,-1.58942200208129,-1.5731858256557938,-1.5256855251252954,-1.4939616801865951,-1.4938170759690703,-1.4563330168869735,-1.4374060580072665,-1.4245694157207447,-1.3941773023269486,-1.3775400230111317,-1.3602550144083132,-1.3756941275799186,-1.4095013257192237,-1.4413195901745557,-1.4928131011586747,-1.4630487371511633,0,0
-2.4533459566117033,-2.442657069242852,-2.4160456493368954,-2.403939226568414,-2.3901724681300696,-2.3651924008619747,-2.354687988047537,-2.3261443094101777,-2.2973130814029417,-2.278262971609078,-2.2607636168031897,-2.244345992118913,-2.2096358474425037,-2.1885105187842093,-2.157154965724624,-2.1290549758675503,-2.1118259803854413,-2.087124851359952,-2.068226627786918,-2.0465939114784977,-2.0164789928272295,-1.9757499770586693,-1.9511772615110528,-1.9356765961209648,-1.8580531551538049,-1.848815284116581,-1.8484495524308502,-1.8170600474898067,-1.785852204798784,-1.767502113330964,-1.750835774656434,-1.716157338800928,-1.6856221188264213,-1.6623163408540211,-1.6360994908476385,-1.6058544970648567,-1.5898537941069335,-1.5956697807612783,-1.593283539643394,-1.56941141247728,-1.564671473020907,-1.568671641328861,2.1693180884028685e+38,0,0,0,0,0,0,0
-2.3965459102926645,-2.39330188839471,-2.368930257196119,-2.363528031641556,-2.35781575311996,-2.330333038371835,-2.3253519513218603,-2.321232806077837,-2.2909461361154735,-2.286662558846918,-2.265988768006255,-2.250684277651178,-2.2091305642908807,-2.2068699056892913,-2.1833493876825862,-2.1432141527981514,-2.1226800443716565,-2.110269765785115,-2.0744340418671388,-2.0648872691569906,-2.055842571486188,-2.0293944750048705,-2.024533357482301,-2.013385537705231,-1.9616110083434184,-1.9553019761715156,-1.9437475593867335,-1.9218898353750393,-1.875102654752785,-1.833361692243272,-1.8172820750406535,-1.815030092697223,-1.811276675358729,-1.8061621298753514,-1.8216644715047878,-1.8029376069374348,-1.7939143796119432,-2.395923008087075,0,0,0,0,0,0,0,0,0,0,0,0
