jsons/1312542000.json
{"header": {"parameterUnit": "m", "parameterNumber": 3, "dx": 0.1, "dy": 0.5, "parameterNumberName": "Northward wave", "la1": 40.97354507446295, "la2": 16.46031188964855, "parameterCategory": 2, "lo2": 133.9931640625001, "nx": 191, "ny": 50, "refTime": "2011-08-05 8:00:00", "lo1": 114.97908020019554}, "data":
[rows 22 to 43 of 50, columns 50 to 99 of 191]
0,0,0,0,0,0,0,0,0,0,0,0,0,0,0,0,0,0,0.10598626740074059,-0.10006938532479209,-0.21854881474480778,-0.14021091338564087,-0.09152833773475677,-0.36754426210842894,-0.7936866495261756,-0.8807618982523909,-0.9341379154191373,-1.0078556300677572,-1.101948530070444,-1.1432395830371913,-1.1853434106066933,-1.2420551078622213,-1.264003221564521,-1.2803709123387101,-1.2934508401646339,-1.334341881150776,-1.3601685473619836,-1.3857225546301546,-1.4328136057746366,-1.4956033230579606,-1.5234922382960907,-1.5893166695711782,-1.6195183461889475,-1.6558145352098577,-1.7006542610245154,-1.7333364449282278,-1.7624695340780583,-1.8162975494008928,-1.8379484348112598,-1.869874323199662
0,0,0,0,0,0,0,0,0,0,0,0,0,0,0,-0.12083433868590988,0,0,0,0,-0.3127162729125443,-0.5343680576879839,-0.7598454156016973,-0.8640323446343846,-0.9237071268968299,-1.0403683193664761,-1.0948432999816622,-1.130819955129543,-1.1965412356785636,-1.2319349412264204,-1.2752261761134176,-1.3372915530750822,-1.368273359780633,-1.4140533324556068,-1.475029938248364,-1.5863407297059773,-1.6330310756249582,-1.6672708932824072,-1.7363207187793088,-1.7613949751375528,-1.7872187665129773,-1.8581484144935523,-1.8998571533549835,-1.9467061798901082,-2.020915209409698,-2.063384829617569,-2.1170572616679424,-2.208931588803987,-2.2582252068439024,-2.3203381814460493
0,0,0,0,0,0,0,0,0,0,0,0,0,0,0,0,0,0,-0.47025976044886497,-0.689024056769165,-0.8450899177991202,-0.9532338013415347,-1.1262386286034094,-1.1802969064622724,-1.216310684059945,-1.28170801911933,-1.29027352705716,-1.3177093368258779,-1.3768695374508515,-1.4076779379976445,-1.4399359329088317,-1.5265554983101919,-1.5725147221359843,-1.6323628234052705,-1.6814375542374986,-1.7696021613125617,-1.794266270652675,-1.8250036434909962,-1.8896003056975006,-1.9312902543166488,-1.9657772274189407,-2.094044865641066,-2.1686865231324997,-2.257628677325715,-2.407986360047865,-2.4537483911230984,-2.5435067230751964,-2.6252752170641482,-2.6793345733144998,-2.7856177565072833
0,0,0,0,0,0,0,0,0,0,0,0,0,0,0,-8.1454825486999445e+37,0.1273109952569076,-0.668313121776875,-0.9050281547457522,-1.1564879476604093,-1.2283810483172937,-1.289230989133515,-1.375957281758341,-1.4093697379986712,-1.4214690320138972,-1.4913031136699937,-1.5199250642766695,-1.620708247234077,-1.6924901745169216,-1.7173576445998937,-1.7663015064427456,-1.8435669339899,-1.9100178979992481,-1.9597234964298407,-2.0026929876189494,-2.1044146394537457,-2.163419856843746,-2.2105263271274076,-2.3339317939312845,-2.4207893960494204,-2.4692137383144668,-2.576899148535027,-2.63185103080422,-2.6940995107572876,-2.8022825017796524,-2.868420427926073,-2.9844484254672583,-3.1472037739758605,-3.2657649130877466,-3.390314796098732
0,0,0,0,0,0,0,0,-0.20583124870224667,-0.3736805238710625,-0.5018522977557455,-0.5809321656389577,-0.7755009174628809,-0.8990618219213069,-1.0298730795358992,-1.1368285931710422,-1.2941832278352405,-1.3579709018437052,-1.4022221105190351,-1.4966740702417418,-1.504649583596029,-1.5541556236188903,-1.664669152282276,-1.7191517858496286,-1.7463698341243143,-1.8223551287494504,-1.8604598515454653,-1.8794766525430058,-1.964141579144563,-2.002645246133277,-2.039216820416088,-2.126022777828502,-2.1809519090901954,-2.252110275480935,-2.2897495649879565,-2.4135858631785063,-2.47261730200584,-2.5521474218948126,-2.726964684012379,-2.817777977392127,-2.89517671908068,-3.050394436351555,-3.1324542068672594,-3.2227196938535654,-3.4036227103434493,-3.487202325525942,-3.587156863649454,-3.7684815804343432,-3.8424249609577665,-4.019247996342451
0,0,0,0,0,0,0,-0.629432561174476,-0.7426429134280708,-0.9820466121570509,-1.057918601758986,-1.1303072475141691,-1.2373702598762208,-1.2745642425449302,-1.3078460327250765,-1.336279721308576,-1.3978989431214226,-1.433296193370584,-1.4820937069543982,-1.5754761568558802,-1.6435301001142064,-1.6763445131063495,-1.7387280559578493,-1.7597930693798833,-1.7613061682427162,-1.819586459334853,-1.854846487270254,-1.8933252010653847,-1.9827337064185873,-2.0480383165529474,-2.0935004920515943,-2.206816925055245,-2.272012766165058,-2.3096949192050853,-2.3588638231529515,-2.497850264950823,-2.5803475033114105,-2.672603836432562,-2.8447412391541356,-2.9053107337448463,-2.977288095792577,-3.107945268408715,-3.2429053763965054,-3.309726520298551,-3.441489735885551,-3.54937106931183,-3.7086040559173905,-3.8990649470460297,-3.990241455596373,-4.146126804650181
0,0,0.12918124912480103,-0.6437836516332899,-0.7852076223500738,-0.8909751791437704,-1.0759618435849134,-1.1278458363708268,-1.1681546912694882,-1.2270063859272662,-1.259862093927235,-1.2613752435608587,-1.308828355983666,-1.32455898899912,-1.3202393799788277,-1.3325334844672307,-1.4217756594326951,-1.4780373132490077,-1.5177129957181867,-1.5769730520775693,-1.5826341335866405,-1.614156221709974,-1.6803117376390952,-1.7041355679037522,-1.73418070135523,-1.8121684689314959,-1.8306279660291314,-1.8432424686611684,-1.9590205068370194,-2.0042528651536626,-2.0514825072317686,-2.1663911873121813,-2.2047373192902184,-2.255530763663989,-2.332856348573372,-2.480896064548386,-2.5733891407720564,-2.647782452431234,-2.795283008180799,-2.896351847307488,-2.9551604727430356,-3.1127154600914326,-3.2114721607981833,-3.2873279509669113,-3.4805884777506795,-3.6073236597663745,-3.7657449574564312,-4.008644487663513,-4.094733343156001,-4.342744142376338
-0.745647371011009,-0.809272422849908,-0.9042053103145131,-1.0307646478530057,-1.0725584308800917,-1.102622500758711,-1.1507261768066717,-1.2822817627258911,-1.1969736854944613,-1.2513996792663087,-1.2761992723735072,-1.2793989725876227,-1.3197697767675474,-1.3172305362103682,-1.3711890201702286,-1.4359423538372333,-1.491756064137272,-1.4967993766274033,-1.5206075067028237,-1.5936445807033837,-1.608115342192085,-1.6290573195195326,-1.702107393172613,-1.7152266342376294,-1.732311908079158,-1.8226190591741036,-1.848239096638788,-1.8681461685045921,-1.9555840487255427,-1.9796258823132329,-2.017842145339868,-2.1253069185816673,-2.173172333475642,-2.2119988721508985,-2.2341736372569265,-2.358404369344621,-2.3739552924127754,-2.428884823975599,-2.5887752731656954,-2.590687894501606,-2.6265810143757706,-2.72452952672195,-2.794329140511748,-2.868631155306364,-2.9782387092256695,-3.0619678794899166,-3.2053008435970796,-3.431748424657077,-3.5334613081299997,-3.7696000941953347
-1.0359288865065626,-1.07824321778115,-1.132389111078126,-1.2065412980270194,-1.2180585401179556,-1.23018218839746,-1.2701243826580497,-1.278871302948277,-1.2572810113684858,-1.2914090553337045,-1.297695657133685,-1.2963872443959588,-1.357883704509097,-1.400283229500361,-1.439361167798867,-1.4666538499151178,-1.5033907795264516,-1.5007009868674892,-1.496158775839379,-1.5585712858314293,-1.5435820869630812,-1.5808351750332834,-1.6209812033864448,-1.6333656236898662,-1.6321763779234748,-1.6861926141909571,-1.7117717284420744,-1.7125253510053975,-1.7733264623316045,-1.7917483508002483,-1.7900372951861636,-1.8345555735264387,-1.854268855782521,-1.8670314197314053,-1.8461273141798398,-1.9329986158418553,-1.8700977803913241,-1.9384686396564257,-2.012997765535653,-2.0379350859576486,-2.0662334357213457,-2.1891601049281437,-2.229340908186914,-2.2183579338907444,-2.3706389819172586,-2.423592109890173,-2.4578623243150126,-2.559805796394501,-2.5678791650215067,-2.752867833446715
-0.9832237787651225,-1.0136459564484879,-1.0403951549400334,-1.1009828454191408,-1.0869931675984768,-1.091959628375258,-1.1103355409274247,-1.11132610244,-1.0919634616930631,-1.1091153195577674,-1.105502614578076,-1.0858494080974137,-1.1006502564713985,-1.1062876595898878,-1.1272301650523942,-1.1455152096631263,-1.178555537788079,-1.1678106109344442,-1.1839946218824902,-1.269656858771021,-1.2729861505398197,-1.2586234452638765,-1.305257539123711,-1.2829798113280884,-1.2715185925170076,-1.301818728580178,-1.3030574101338466,-1.318145764085762,-1.3510228657925571,-1.3275279022337954,-1.2482032348977534,-1.267907433388183,-1.2471325587853674,-1.1410881241711457,-1.1310480424274156,-1.1483382384848042,-1.0540358704922093,-1.0460162177667776,-1.052898577439552,-1.0430926528534674,-1.0424881592390456,-1.0930529896530707,-1.1017603319394755,-1.0856553403458167,-1.1094789880352387,-1.1030973418525034,-1.0764918612759855,-1.0965959441198443,-1.0821417871408128,-1.0265036511417904
-0.6202321120203123,-0.5615139470555968,-0.5452529949592904,-0.5181293395722254,-0.41569698835577745,-0.3519109909420909,-0.29494587692630525,-0.15343105594115872,0.041683640701070106,0.2811597598806529,0.3725119704819018,0,0,0,0,0,0,0,0,0,-0.8158421606306815,-0.6835729664603858,-0.6216500838132827,-0.5121837510025716,-0.39579118976080496,-0.3932550198975833,-0.37232119633032246,-0.3099949218969483,-0.284892224463477,-0.26517057196557126,-0.16575516215813782,-0.22529188703800976,-0.21676814947479717,-0.38260000048616466,-0.42369801384532774,-0.4649713721368384,-0.47116129170708265,-0.5239456317091752,-0.49403966791973636,-0.4129575930400164,-0.360770698972056,-0.3400954943000824,-0.2889522407813853,-0.1465930024050087,-0.06820266457802002,-0.022451164571531974,0.09745899605915481,0.18521502422400496,0.26201246419073976,0.3318314702846208
-0.049247324863096846,0.01384883959940181,0.06903070584939629,0.09588761503690157,0.2111407941918216,0.2428254426146139,0.34442492127593016,0,0,0,0,0,0,0,0,0,0,0,0,-0.680789962803691,-0.38553793171172834,-0.26271303330220963,-0.23670505925673505,-0.2045788764421683,-0.12646745733263665,-0.11426431277970574,-0.09594478980874663,0.0021207806401198604,0.026452708439593835,0.0792939836985457,0.13075234630488428,0.1729665337241657,0.24888806468446975,0.32118724517909486,0.33358536841258407,0.3343493094663564,0.1861693348521991,0.36548541317381217,0.5036326910043626,0.37560236087203985,0.6081690821313408,1.2701457322002323,0.9828916809125888,-0.621053554026574,-0.43671353969965054,0.1761351494771989,0.9645161822383658,1.227194574205427,1.4231433180952238,1.7167702017642534
0.23187314570777176,0.26809763078930193,0.2911733264055256,0.33272695819604087,0,0,0,0,0,0,0,0,0,0,0,0,0,-0.30037573722717453,-0.17689166650434318,-0.11689421548985082,0.012206367914965764,0.052406248729186346,0.09533490691537591,0.1460937234855338,0.20382397362832308,0.2505202986254051,0.28061615873110435,0.37381046137992513,0.44624782384517275,0.5118486868872794,0.6178344880574443,0.6719079339009197,0.6874128331933209,0.7927056969875025,0.8884354327801857,1.024253413172067,1.0523847645899773,1.012763838216939,1.0193683282358397,0.7870979043212262,0.7410400329873964,0.758678172794335,0.7769986050861624,0.8132066921672803,0.8718507135718936,0.9507223456908472,1.0274710022803968,1.1223583174366885,1.2277816392744636,1.4587295584119437
0.2782156221259822,0.371863017582703,0,0,0,0,0,0,0,0,0,0,0,0,0,0,-0.1877937278839977,0.012004456747148135,0.09495279819742782,0.15744958172280585,0.23758588795006283,0.2656402718298739,0.29867229954884744,0.33861485549718223,0.39619298632715927,0.4332120609768777,0.4603472592933959,0.5149065329621518,0.5835174889855457,0.6169064330394612,0.6527433807195278,0.6745060568721617,0.6559548578557398,0.5507191410653954,0.5508570138071727,0.5334124128592059,0.4403941709432635,0.4320624979524886,0.46361596769777896,0.4407779457796189,0.4588471095227417,0.507228433260835,0.5391079587512766,0.6543177918557785,0.7496761186329881,0.8470866201256758,1.0361621370947955,1.1833980005762548,1.3091991583699878,1.5732770023641542
0.30381715253505115,0.3957595887757793,0,0,0,0,0,0,0,0,0,0,0,0,-0.12975970490461586,0.014566228594846976,0.04158393660518276,0.12171702277577916,0.14300172377579337,0.16496762235710957,0.22735440580358734,0.24250996352968604,0.26768759721437285,0.2712803438290039,0.25406057037000845,0.2803881225551744,0.27210512369897716,0.24995934826592447,0.24808621271086204,0.23997428154597172,0.17593319612604572,0.16350725696972881,0.12703813816008447,0.05858846395811239,0.02697982248647934,-0.005853411817718244,0.03857110378686774,0.07483690515779076,0.09520597759827563,0.17241839046817853,0.23650398510122264,0.34793288891400587,0.3964234810934949,0.6028853458003269,0.7104743751389715,0.8390392936207325,1.0208925783071696,1.197329920227921,1.2817744710712853,1.5632383739319375
0.2771998800935223,0.3102940149817209,0.3363648889356362,0.36430742598548216,0.10241202252577793,0,0,0,0,0,0.18142857910979424,-0.24725827365543013,-0.15923978562686697,-0.12370580589920457,-0.06621588573822995,-0.05435914251962297,-0.04676195220777161,-0.023367962264212828,-0.01864248827982795,-0.013306979038919513,-0.009021694941611211,-0.001534033621866699,-0.009652022598644816,-0.01619516234684905,-0.06312691448673628,-0.1173722142702365,-0.1401072040012273,-0.17091723580539042,-0.20837576420552276,-0.23510422489907978,-0.29753252174465855,-0.2848356953779084,-0.2771036056637554,-0.25988017874897135,-0.25735093547751936,-0.20424926097689897,-0.1345959862850478,-0.07836157527431468,-0.060937487517614033,0.12243900049374662,0.18485468648342174,0.30689896795066396,0.35492797262452397,0.4953844923467136,0.6349327427330297,0.7320041445908312,0.9262243906963938,0.9861041448545901,1.1281161311701853,1.3111208621397543
0.293673217266685,0.3012996466671868,0.32541961667799724,0.34308532007339904,0.3526191630809772,0.39223909935058604,0.4281629846462352,0.47268220367281516,0,-0.5219292824787575,-0.5022176672765685,-0.3185387202560287,-0.2926734927860713,-0.2672683688362373,-0.2492908177704273,-0.2636630165666382,-0.28120446657323417,-0.3142312806662598,-0.3417456420265733,-0.3625953422978826,-0.38265200378152514,-0.40886571179781117,-0.4408190371513598,-0.47501999404770423,-0.4993481129574576,-0.5205691038660379,-0.5295981247919541,-0.5192876734513432,-0.5481842044670819,-0.5303650011981402,-0.4805124644901733,-0.46214566296530163,-0.4435933225756623,-0.3662366591011695,-0.3549719729968967,-0.3034293442291552,-0.2199442202512392,-0.13940230300585577,-0.0944442414751534,0.05424486908189046,0.0911356322508232,0.18263129561032113,0.27134999568827595,0.4153946049636083,0.5294176281776158,0.5950822785987777,0.7789840077960407,0.8768155797187269,1.0429289794969097,1.17152766927604
0.02620028661421107,-0.07260672909654123,-0.12334188617865201,-0.1716454422330384,-0.2379640667189981,-0.26909504290474234,-0.305236520362594,-0.3278173632948809,-0.33707288361572124,-0.38201619135428644,-0.4135163321701757,-0.43340405721776987,-0.46421146609385866,-0.48034591235910395,-0.5062426611806797,-0.5369729950496498,-0.5759288910238841,-0.5896841756062915,-0.5942267453285511,-0.6243213801591695,-0.618325270467225,-0.6124408882352217,-0.6316787605686596,-0.6244079041328169,-0.6010163950560895,-0.610438899221713,-0.6114887532275888,-0.5909402672811583,-0.6005055828222088,-0.5772092770834135,-0.5250705803497284,-0.5096794500804362,-0.47450181600077646,-0.4039221622899402,-0.34407485235165736,-0.3209130405425236,-0.2099057496327906,-0.1530812197113685,-0.10075765084719213,0.012531565333276753,0.10280392716919505,0.16598057776763558,0.1981043406682713,0.3156918895590786,0.3792799765960693,0.4617723525163407,0.5722699134834527,0.6642613507643551,0.7697044445110619,0.9081276787212645
-0.32226874697820856,-0.35310595867678174,-0.37337221659737996,-0.4303652726898426,-0.42280222383853133,-0.45492976212712266,-0.5288373838389416,-0.5383671812889735,-0.5736513109674104,-0.6138375021326402,-0.6288844940497641,-0.6493733912981067,-0.6826288164239507,-0.6909054964701272,-0.6896355128473349,-0.6967081385644895,-0.699998300454937,-0.6893872602838657,-0.6627624635834247,-0.6587663967241076,-0.6368402641331653,-0.6262521144886144,-0.6363731432955558,-0.6312598548003858,-0.6105136714599875,-0.6186657721257303,-0.6129058882816437,-0.5929035730114752,-0.6112522856530235,-0.5715777069636774,-0.5143060035759526,-0.48765668472066526,-0.4416893800169481,-0.35674894063734225,-0.31297905494215533,-0.25440264363095727,-0.17575520899927957,-0.11654589391048137,-0.09481367301045472,0.007700474184778782,0.03400490465001925,0.0734862805041589,0.1468084057510477,0.24324456572413555,0.3218362576757625,0.3699262541422355,0.47326881623763667,0.5312073614664481,0.5824023645946017,0.6654265196746777
-0.5092755328038413,-0.5405905214288458,-0.5563099328150581,-0.6046021177771024,-0.631959385130322,-0.657854450614922,-0.6803440353684818,-0.7029759425864549,-0.712704448032019,-0.7369465344896484,-0.7378343768415782,-0.724668988366347,-0.7460950880726714,-0.7291479505870327,-0.7045300606361753,-0.6942369116715585,-0.687084060745884,-0.668935702287298,-0.6614262806963829,-0.6643015760013221,-0.650249732441262,-0.6432566032653287,-0.6541597301873877,-0.6513689153478913,-0.6171483052251301,-0.6288483997197154,-0.6042538730780416,-0.5574730268344696,-0.5380335529341049,-0.49505567769848263,-0.43566949301149843,-0.3867140873700954,-0.3663178347721419,-0.29256670283773045,-0.24499154964450534,-0.20577423614448362,-0.15588512097517854,-0.10209599060195096,-0.06877534381728113,0.027208386949114885,0.055979641905987206,0.08705002877878357,0.12738281378304198,0.18796226707043157,0.23808561514062335,0.2848713651709279,0.3850812334292558,0.43971361953068455,0.45193488742674265,0.5656522745688146
-0.6362179155137243,-0.6651256696310109,-0.6741114065263178,-0.702427739939592,-0.6981440795686668,-0.7052028209607959,-0.7246272756060409,-0.7231754336453398,-0.7075870788355489,-0.7194628696097013,-0.7067677919037155,-0.676564305728099,-0.6836959425456507,-0.6790615944500877,-0.6532196884466333,-0.6552488493108637,-0.6697785121901793,-0.6617090405428169,-0.6569212649593683,-0.6671512606375921,-0.6503694577779802,-0.6385441226485647,-0.6337217178540338,-0.6318211603986643,-0.5797417876397775,-0.5620845562422447,-0.5456851008328562,-0.4944510153137217,-0.4687559052288045,-0.4306545373892328,-0.3777209637219207,-0.3480621418051297,-0.31109481862516963,-0.24426857629059837,-0.19572785448236965,-0.18979906912086983,-0.13650969281895922,-0.09998427496514226,-0.047388556759359525,-0.008183764803112484,0.02849067254176802,0.06104093593163518,0.10862475379718398,0.1742466178951504,0.21220935993260684,0.25671181047189695,0.32978495664689444,0.35628272190818083,0.4053865395822906,0.4740765614353913
-0.699826019728371,-0.7021204112047255,-0.6878906510405686,-0.7007887993420538,-0.6839172032066232,-0.6701983272378819,-0.6815351822466366,-0.6850198001322942,-0.6552176687728354,-0.657752619543481,-0.662907996065003,-0.6543721577636893,-0.6733116498297985,-0.6724775173560709,-0.6628174849715394,-0.6699947721295696,-0.6856283360812085,-0.6703014954777669,-0.6680510078269456,-0.6670122730945134,-0.6474625010494938,-0.6520859521403158,-0.6333753958795414,-0.5910186235116324,-0.5461780158250104,-0.5307882342722685,-0.5021998415168671,-0.4264957707803669,-0.41516007010992473,-0.391687209574858,-0.32792204190699414,-0.3120855278544215,-0.2856468468098101,-0.23346062434042075,-0.22422822643618542,-0.20751209596938852,-0.17605488207210518,-0.15584911145119565,-0.12022275669717297,-0.053036707538072235,-0.020982416065073114,0.027119341017306585,0.04307605608118218,0.11315152821391944,0.14946239333828584,0.1910373904938859,0.2645377141231764,0.29767456217265287,0.30457593703418423,0.381866415128708
