jsons/1312516800.json
{"header": {"parameterUnit": "m", "parameterNumber": 3, "dx": 0.1, "dy": 0.5, "parameterNumberName": "Northward wave", "la1": 40.97354507446295, "la2": 16.46031188964855, "parameterCategory": 2, "lo2": 133.9931640625001, "nx": 191, "ny": 50, "refTime": "2011-08-05 8:00:00", "lo1": 114.97908020019554}, "data":
[rows 22 to 43 of 50, columns 100 to 149 of 191]
-1.4033980615604624,-1.4313438495677668,-1.4380950544217188,-1.4704985606355496,-1.502442402643714,-1.5319931975361103,-1.5428073997122236,-1.5858384188257408,-1.608106515719279,-1.6229226632961127,-1.6535715633212993,-1.687176401305894,-1.6986572295133968,-1.737979601291887,-1.7426426333380562,-1.759385193001233,-1.8005587059833053,-1.833905152810802,-1.8358039663500711,-1.8606295333622043,-1.911449727070376,-1.9220953884868741,-1.9320478436306159,-1.9722407414941912,-1.965857244557433,-1.97485977581728,-2.033153485516727,-2.0362441584822375,-1.9980818225709192,-2.016661757383486,-1.9703916015594516,-1.8987563577137427,-1.8640161788191485,-1.813795153504087,-1.7176087129452426,-1.7073265206444117,-1.649026262822546,-1.5837862568982908,-1.5594429931704457,-1.5219307511096407,-1.4935659738895453,-1.5125533532415891,-1.478689246555674,-1.4749072848095806,-1.4324647399113943,-1.4051277811741238,-1.3332163234985215,-1.2036733061189537,-1.1110151283900251,-1.010145020357303
-1.6875829977693322,-1.7215561839138818,-1.7324405210452318,-1.7508423097377102,-1.7837904372316435,-1.7962567179966085,-1.8342457976287783,-1.8691418668373778,-1.9111088378653143,-1.9294996651329184,-1.990101006192258,-2.0074152178137328,-2.0503695083351228,-2.091766339140295,-2.1382173234720265,-2.1533428774146146,-2.205779365974561,-2.2139056005089817,-2.230439250565431,-2.2712983500472195,-2.2992722304163555,-2.3189116251626767,-2.326818240357273,-2.4446819249363987,-2.454223595535395,-2.455477614101402,-2.487589582145431,-2.5535532817906508,-2.5489966040296452,-2.576931604148573,-2.5606311885868855,-2.4793110206832343,-2.466807416887117,-2.4525493598652006,-2.3488969024758437,-2.2571250174890634,-2.2371254777605882,-2.151736295587432,-2.0743121421351836,-2.0503083119289287,-2.029394204874509,-2.036585371419154,-1.9663785699312277,-1.9378022030947166,-1.8858938723415164,-1.863138507795735,-1.8239758935729586,-1.5662375205956902,-1.5380668375725057,-1.3866016002231616
-1.9429154746540698,-1.9962249024823657,-2.021409395072074,-2.060856619208666,-2.098052348289519,-2.1422062103962296,-2.1464409394182806,-2.2187915175540103,-2.2258003295765847,-2.2837523033793237,-2.3102358731432475,-2.3709548312879414,-2.4166692588829184,-2.4798386561808443,-2.517560641635199,-2.5538755375011513,-2.599901523349226,-2.6119962525635203,-2.6873072430503777,-2.7224978636035595,-2.76745196839524,-2.7757383993827625,-2.8202698600073313,-2.901712354318845,-2.972306822023809,-3.0036180649161324,-3.087407870747365,-3.09720434061284,-3.122781148087776,-3.1681061126523,-3.2101042714642705,-3.176265543661669,-3.161286770186892,-3.099973405700053,-3.023397406814865,-2.9410072849472595,-2.9025165565615096,-2.7076424098324674,-2.659633566546124,-2.5347693137023644,-2.503144353713774,-2.5930827838052752,-2.4600380595958278,-2.4100576547855113,-2.348519904773018,-2.3476410992938885,-2.269790268913009,-1.9426022733113117,-1.7902582339581206,-1.565129740670007
-2.297387923786985,-2.4278196910310146,-2.454357716855917,-2.516513316331711,-2.5909388717475808,-2.658077420550189,-2.6560872363579704,-2.751332609372928,-2.7853441089402513,-2.854593584227052,-2.9146932698402,-2.971190082935744,-3.01514349291668,-3.08396590573692,-3.1067104716687353,-3.143884688678514,-3.213721283109784,-3.272251629226042,-3.356955959646032,-3.3759669490402593,-3.512636605109703,-3.5322593966807405,-3.576674097145786,-3.631789103851678,-3.6712996638133832,-3.7277267961481986,-3.79318752420402,-3.8123485759671345,-3.8556362275892573,-3.975290708577824,-4.055447182931405,-3.969610592877796,-3.985758096657779,-3.9349727674642523,-3.7189655211805426,-3.63048507018983,-3.4912854813703755,-3.276019308534799,-3.1458384324610758,-2.9615619364278336,-2.590422044708243,-3.175671453667687,-2.6512828633620322,-2.0064153768028974,-1.625511425215478,-0.5914609430239142,-1.814500325124708,-1.3360645804301507,-1.9495689298825856,-1.605411874674159
-2.6275237198941133,-2.8058586640383854,-2.825440488037325,-2.869782547759713,-3.010107243570862,-3.088656097893494,-3.1816050147677637,-3.3085837644593643,-3.3906903266121113,-3.4523394826759923,-3.5888753388113868,-3.6400728535931797,-3.7043077541779255,-3.8098213495768527,-3.8653635030060958,-3.9438249219073795,-3.988784133943123,-4.066125621983728,-4.14536694224267,-4.132413191790134,-4.197066791745214,-4.1727761117896645,-4.263177405265045,-4.296188616652664,-4.3577413701700785,-4.40558708238416,-4.476298636907454,-4.524980546972691,-4.563729125565832,-4.7223470212791785,-4.718940378589923,-4.717224134437727,-4.716692046687627,-4.634081326632583,-4.31253309426657,-4.212580497015666,-3.9764750198201297,-3.5586874650512543,-3.5735283712541874,-3.5899285940111265,-3.245696096880189,-3.173634972997039,-3.0081950574429697,-2.8961494854893637,-2.8423327685461324,-2.7500973535348745,-2.598130210490296,-2.381652044224219,-2.181419390468535,-2.009105376307999
-2.781053163623182,-2.988923806152531,-3.113223603971999,-3.198400596430264,-3.3865998923517653,-3.5340688356766052,-3.5970250880597785,-3.7798646366900788,-3.9456445757082013,-3.998216067944258,-4.210352526503331,-4.298615445577524,-4.448029078144055,-4.5741348098825325,-4.6375184991087,-4.768582667917378,-4.874886032838996,-4.960301426099029,-5.0763304398030895,-5.103015521495029,-5.157989403000215,-5.195038574217509,-5.261864662941658,-5.268074576881822,-5.319015357340934,-5.374645187674599,-5.574337419477468,-5.826141190287036,-5.892185627618853,-5.661655395147282,-5.563971006847963,-5.444842684222684,-5.6168002205696315,-5.477962854136385,-5.08129788397703,-5.181436822258774,-5.004969651330999,-4.705575002492434,-4.505018387693702,-4.288597353523162,-4.089476390232483,-4.02719903890343,-3.791140894712605,-3.467422484651606,-3.332961440284884,-3.121112389885503,-2.9382171992243005,-2.635928831992535,-2.4258314877013687,-2.267748817820379
-3.1696538518996893,-3.2878891531181917,-3.5159738243397753,-3.5845044975999865,-3.8379898338318155,-3.957458561363372,-4.166635023635152,-4.329981247533843,-4.520086032686522,-4.632693220219814,-4.842222439622147,-5.020342224884351,-5.235933618249733,-5.442676933188593,-5.577108689901722,-5.716163682181307,-5.9586340798699435,-6.056732756946144,-6.183647562302859,-6.2438633445164236,-6.365004976899408,-6.5141071642417865,-6.485249267598085,-6.425472639207021,-6.471315862980804,-6.361746365377397,-6.160683030234765,-6.0680770736591025,-6.105539082402533,-6.11653797648719,-6.241659019325919,-6.3174089205009425,-6.776132703294676,-6.950332236139655,-6.529845229855318,-6.72315685786633,-6.524017161684886,-6.046067946030593,-5.798396102989854,-5.478189018904439,-5.003745668997095,-4.7530731845314245,-4.415164635731421,-3.989058307447674,-3.73145771128027,-3.389390365068988,-3.2995641099518562,-2.7953833915703723,-2.632125825850182,-2.3058620231893836
-3.0237117915417793,-3.2929952067604122,-3.343046894244227,-3.5039850877587617,-3.686502179356982,-3.8896144053176887,-3.9829340882542823,-4.335714380751562,-4.388040310919491,-4.5306005093746125,-4.756623682476952,-4.913895454432276,-5.208278703541133,-5.645949243666868,-5.744773351212025,-6.123220029830033,-6.460968027064903,-6.704237439212611,-6.996910787846897,-7.120269804428017,-7.081713711612136,-7.247632692164735,-7.122107093520536,-6.570284168143811,-6.135063471347866,-5.645533116212717,-4.480711322758055,-3.0715211415287875,-3.8276468144505125,-3.7890800685517307,-6.710802327444303,-7.480258945810095,-8.260281160434747,-8.12061767696407,-7.549329261766607,-7.237389978633826,-6.703334090564891,-6.1093025982985125,-5.6551643403030525,-5.299256674568984,-4.6562206039108505,-4.191059698991365,-3.9358878966148882,-3.4016254209924965,-3.0238965486764746,-2.861069345523309,-2.5896880026531637,-2.2217883969246195,-1.9533947383117665,-1.5562772473473594
-2.5152405418133323,-2.7173471547314625,-2.8512663400055454,-2.916736782791544,-3.107721923145441,-3.1810054963832455,-3.3516402916527714,-3.5511848679577973,-3.5579112321688013,-3.7229831934103195,-4.0389969766726175,-4.179568234215782,-4.509851437502269,-4.8756540564195765,-5.035791154321213,-5.513270896696535,-5.835650436687086,-6.172126993948893,-6.757114965859953,-6.914369984517181,-7.153418275222286,-7.989203943474289,-8.288545448735668,-8.642708791224086,-9.247262118381489,-9.383173462482151,-9.635982674927874,-9.740957429199437,-9.69713606807562,-9.7039720255197,-9.464007566348439,-8.673208662605369,-8.126551357827367,-7.6751368010130605,-6.471379130762446,-5.961768465943536,-5.612146042685964,-4.490862323246569,-4.31793462699623,-3.8070451621959642,-3.2232452468582338,-2.736391352145409,-2.45635769992549,-1.919035099927957,-1.5955546797100908,-1.4449926215032407,-1.1663196005607015,-0.8412666436043158,-0.5897563615256878,-0.3435975817685194
-1.3219918965078694,-1.367605930658672,-1.402883053541655,-1.3953746924511174,-1.4705284090709332,-1.5319789626826217,-1.633462604053256,-1.6977786073622367,-1.7916563331842001,-1.8857327626588478,-1.9813985974927475,-2.0520002816515706,-2.1194663914904908,-2.2031650542256718,-2.3908755958052947,-2.3456203787125376,-2.2571011607062,-2.209142332985271,-2.4479777127190916,-2.678163022470579,-2.903659174179101,-3.815440095005984,-3.622483234085039,-3.8524341761580345,-4.797631882875689,-5.855176673522657,-6.842559682127545,-6.962789178006145,-5.941453372432762,-5.1556430949015635,-4.699868607752238,-3.202999786177733,-2.8512573123643654,-2.525124281932195,-1.5201501636411239,-1.472977575302495,-0.8359453913371803,-0.5598830293801925,-0.17790737392361883,0.23860691121003297,0.23596408649307876,0.5984195311819434,0.6673295093863352,0.7338842963557537,1.030310258395739,0.9970931555548147,1.047276249210378,1.4201177644051692,1.3173969844603037,1.3389864341227524
0.24933653337328338,0.47587453900259047,0.7528578327828499,0.7759330560224278,-0.3035523743498573,-0.35447460201515074,-0.22995254461146877,-0.091207264933739,0.08272815327562419,0.196371605513038,0.317769422505662,0.40746121789817175,0.9021297513321508,1.2518748975592768,1.5265208257745857,2.137068163883157,2.559290051741706,2.8488189986018,3.7006761578856864,4.500016735866814,4.62918123043318,5.879374830448164,5.877175315293614,6.022187597132348,5.445912309449423,2.5179155649301297,-7.169054217601329,5.936820677174827,5.2407869882792015,6.325576655143878,6.2034912548634695,5.574095299511595,5.379664149880976,5.296572690056076,5.233938828268616,4.968323402541333,4.790799091442166,4.842889688396884,4.598379579062706,4.424842978215765,4.174147844913818,3.8617825706232685,3.8625593735727,3.771626101590601,3.620657107304193,3.6265951948299193,3.683230057122789,3.5222577479895847,3.455440716940255,3.527393806160282
1.0962536018811173,1.2571775175381028,0.7777378272961186,0.5832402146235851,0.5587465370024186,0.7292080714296737,0.860056119527784,1.050006403381132,1.534193730988757,1.733953532573611,2.101282918379502,2.3620655438917737,3.0294059346109647,3.43314226601061,3.9022809146694963,4.664024734973574,5.25044445200287,5.663784617655183,6.649725560983612,7.249069772235781,7.5392186351756765,8.466581645933713,8.852578301410457,9.136218295229177,9.754640278967711,9.351761131185677,6.8061670850246205,10.102785358197005,-0.40623391807491926,9.637143273810565,8.8424594681167,8.88695086649963,8.691655874261643,8.481867552078779,7.773738275955793,7.706430735523751,7.358984407547847,7.076552871059439,6.774118656487312,6.433873336456397,6.2395797323315065,5.9776063268152955,5.745893610414952,5.6095579329560605,5.427492943351147,5.235783351063632,5.189431824704086,5.03583989227472,4.892224455263053,4.791835010202473
0.8327597120583022,1.0194033540875573,1.250987777371194,1.4155974091566577,1.6357371047038975,2.005063552859856,2.228135260502421,2.47264719403324,3.0230655676995313,3.327509125773762,3.822109125373879,4.459587202342148,5.1892339153114655,5.499936714539497,5.760635197470833,6.142247438515945,6.543315971521853,6.8336632913104856,7.326319451349088,7.704768346144918,8.08910175548771,8.605294983206836,8.764176132095649,8.99122226923396,9.385860849168417,9.141737358647477,8.28256562385922,7.889056568289077,-8.343116714408158,-0.17812244751933803,8.841595486626796,8.617349073139499,9.170266394489621,9.098382768677297,8.825038426296237,8.565139308710211,8.38337865411369,8.139412571587965,7.911790894212607,7.599318497892987,7.376317226725524,7.119110377757743,6.7940689484143055,6.676092941966033,6.509234767967792,6.311449637601936,6.212353545244166,6.0697636696500625,5.818566905605623,5.704660877070393
1.3180808301588856,1.5168539509066497,1.8194969789759947,2.011719980875963,2.2693062519388443,2.512274007577557,2.7015471996956992,2.956340699406198,3.3499178672776235,3.5433331723858306,3.892844340956396,4.0465817326766595,4.484669166554714,4.896716284684418,4.978078832381212,5.503864490647079,5.937398971572184,6.064544313092601,6.458558514778986,6.678204911233613,7.067211334510283,7.491163564352094,7.703468471586016,7.863024983700731,8.226092074282061,8.063137169862545,7.349042950444616,6.362135497722479,3.6566118350367804,-0.08031230701008012,-8.574528079426262,8.583082955366,6.676673145695367,6.186935020620919,7.830105480238716,7.462218692675853,7.445917899382366,7.6225106404433,7.509871100439538,7.360448240546453,7.135324250291298,6.995069834069336,6.8610242412900915,6.725578803398062,6.518997087895117,6.381265685882623,6.285703136389293,6.187841498666981,5.919648896693422,5.899332583216348
1.685927847749775,1.8552106357920286,2.0975809141754787,2.2447315698181542,2.435057923578599,2.6848592499069643,2.8553739861266285,3.120780310441724,3.359308461026444,3.5218505971299083,3.8255286684006493,3.921865770248067,4.26615864921217,4.4391118252012625,4.652397586604128,5.081753913295645,5.264480907514828,5.487090656126598,5.72110143497565,5.972430632967211,6.089417455833986,6.36792881086003,6.58016762494501,6.734420770398105,6.010013914794862,6.405540213450226,6.6813287485074175,2.2218706091602924,0.4222224149611226,2.778806559786968,5.319269506287584,4.5617826862155875,5.914893882834778,7.120076573364006,-4.735031091206098,-7.080731878608634,-4.428718154453149,5.126816049423252,3.8091629338394064,5.358349110065328,5.317703549844758,5.722712926546834,6.2072062931408905,6.327922070789531,6.310288496875559,6.25498225664775,6.174587101558833,6.080375557087782,5.945014988853725,5.8283973233694075
1.6203567450519731,1.8439729866624126,2.019092851899895,2.1537193179053697,2.2854616029879335,2.5330504785305155,2.6195226850104794,2.8303547759469794,3.0047980438073423,3.138620912433305,3.33261271910704,3.480945537047521,3.727808515958278,3.886729234471116,4.089201615110112,4.225413633904704,4.486938094972777,4.603245325731819,4.72984111129265,4.900979086928297,5.051793022843391,5.228097775250643,5.370608445746281,5.480690443098504,5.617018001716023,5.684869912221647,5.853893288507877,5.9449992511760925,6.111812687244854,6.091295836164791,6.138855563827792,6.162587399327553,6.249283288381797,6.296500103929395,6.287168564302409,5.966830726809513,5.53972269474545,4.9840411028583205,4.5274999504540405,5.007949585034321,4.975431489296315,-1.971099413751058,-5.259362444434388,-4.107373946652356,0.4118489117726239,4.012148857108021,4.128789282888999,3.8274536512793977,3.829276357645659,4.344986215819458
1.548578603330536,1.67243157337141,1.8338241339464043,1.9222585861533494,2.064119153544047,2.173009140804584,2.29188158003888,2.4325789737713728,2.651110946665993,2.7480144337562433,2.859376972311849,3.022881809860338,3.138136315091818,3.285171800384561,3.414534159025292,3.5610219404289647,3.706338463621411,3.7638105694418345,3.884799176290108,3.958511707842155,4.136818075896303,4.268076609755788,4.343155723943109,4.3860696731723685,4.552671449972277,4.6747770615631055,4.6856208536756965,4.700927557156232,4.867988483914257,4.970653143897498,4.960212334530292,5.052538910526198,5.123189828228876,5.190559905717334,5.276577801188588,5.279248852130698,5.287624418059317,5.287903981444387,5.275436979350303,5.229245065015291,5.197540196985272,5.059094460910943,4.823295044681346,4.339101801128369,4.796488300470395,4.951643273932791,4.045571435451733,1.757310824395901,1.9317034742481511,2.5920097112849683
1.3245928619398177,1.4302833985133137,1.590513785353542,1.6788133674897296,1.7638888177156593,1.9272006469842866,1.9611766812481588,2.0862718958563105,2.234374953053741,2.322958331382022,2.38063326869472,2.4562765592076925,2.612443873407606,2.7478351640042895,2.8384047548740488,2.8821666815247324,2.95725482729178,3.035128197112602,3.2115951587552467,3.2706177507657572,3.3252068449363095,3.469042637537514,3.485491570547075,3.5656199669145523,3.724448589436827,3.800500043619631,3.799511741408744,3.860487475640724,4.012249284890539,4.135280990784438,4.199548658330595,4.232452507270521,4.256201247670874,4.342882847083428,4.404688049429776,4.381555165179141,4.414261678104174,4.484678867516401,4.527047569464121,4.440736456672132,4.4346853050586414,4.4700491033827205,4.479352140952504,4.4698056591101345,4.405828419929464,4.343774550800211,4.382601280570754,4.358598389455284,4.26240775579939,4.177381896259096
1.0030933374211433,1.1295628551812704,1.2465708927479697,1.2904667202331748,1.3194396326531366,1.4672242319283526,1.5375347353244435,1.6375541674121892,1.6944559022515613,1.768147081093147,1.9064936416562335,1.946398128590727,2.0109601395814103,2.142170460204739,2.223369135719435,2.301504915845362,2.3849948015960143,2.4451475755637806,2.5346419857106293,2.593858436159653,2.72155418896394,2.8318553656095755,2.847438950393136,2.881932702166803,3.0495767078589373,3.0753928089450366,3.093186763012614,3.1687916030177132,3.3076790371398364,3.3178118176155595,3.329172309350893,3.4562401485459198,3.5202305187399006,3.516640616314312,3.533649942841678,3.615824016053882,3.653666146064018,3.7098581884071766,3.7193197874220902,3.6770097568616023,3.7858557087328686,3.812303272866003,3.8089609496418375,3.766686773565389,3.7571401736708356,3.6934917519854396,3.6743834660794534,3.680857953072614,3.6141215362178056,3.5229713005206467
0.8748814004043706,0.8966053921999102,0.9953259627275505,1.0590309589775293,1.108182261874298,1.177657784689653,1.23236220642463,1.2857492314249048,1.3621131092639827,1.425504578648189,1.4393778755173856,1.4898767433420228,1.615816657749364,1.6577017694760572,1.6921978509730553,1.8141540299867496,1.8977944220541791,1.919249217926381,2.0083433627623406,2.1042197170575356,2.152598875432883,2.1974336861726105,2.2935559654368447,2.3551861388610607,2.3785010101157478,2.4369645232648613,2.5311572810921867,2.5763678396933463,2.629930612267659,2.6742132112249895,2.761325360603003,2.8349847492718263,2.85800581558339,2.8657515010996897,2.9676972872749907,2.9730690605969827,2.980878844757846,3.0248095231299685,3.007662333204566,2.9893919921880836,3.028918754983876,3.065141063822674,3.1038241106497297,3.1108587877651783,3.05708192643017,2.9158869177774203,2.796600197050504,2.811529750336276,0,0
0.696135583628053,0.7468035499454984,0.8010714610775437,0.8367717336527759,0.9038497836174719,0.9606641053756654,0.9985967788064871,1.0743013704531372,1.1164546482728532,1.1463001258351797,1.216481854612448,1.2548361350432395,1.3053712370514012,1.3478291992108766,1.402274884580061,1.4402382344505522,1.485224360422994,1.551327309014993,1.5823434188090706,1.6049866306876832,1.6786693689673966,1.7505282520768985,1.8017018635082958,1.8526948854505598,1.9820508847650702,2.027786727060627,2.035265699415316,2.091645322356563,2.1190237468172275,2.108536915301735,2.1572405367975183,2.25734631880075,2.2801794730891873,2.3207657932978685,2.3765263669399763,2.441519471961779,2.483258030795707,2.479078520199285,2.462647486172019,2.4303706711768096,2.4596187943832626,2.4659862246793773,-2.384791246209241e+38,0,0,0,0,0,0,0
0.5200714065103277,0.5662979202151244,0.6441690940354998,0.6820110599314422,0.7048917426595014,0.7747969837855311,0.791879411952246,0.8226894171040237,0.915645146908602,0.9491372579614299,1.0001717861536232,1.041744959268941,1.12726047315943,1.1302335745212193,1.1494832904184804,1.1650396658466307,1.2072014122621955,1.2321817689800312,1.2914759593124145,1.326506556189498,1.3470276931187615,1.4158894104615602,1.431019703589995,1.4603375076905531,1.5659486015024777,1.6056371788108221,1.631507177136338,1.6618850928405036,1.7309612960344356,1.7490782391925066,1.7552371407000635,1.7855055778784252,1.8309059621295947,1.8498243019055853,1.8406807475542009,1.7955058393853813,1.7976554428358138,0.7566585842467264,0,0,0,0,0,0,0,0,0,0,0,0
