jsons/1312916400.json
{"header": {"parameterUnit": "m", "parameterNumber": 3, "dx": 0.1, "dy": 0.5, "parameterNumberName": "Northward wave", "la1": 40.97354507446295, "la2": 16.46031188964855, "parameterCategory": 2, "lo2": 133.9931640625001, "nx": 191, "ny": 50, "refTime": "2011-08-05 8:00:00", "lo1": 114.97908020019554}, "data":
[rows 0 to 21 of 50, columns 98 to 146 of 191]
0,0,0,0,0,0,0,0,0,0,0,0,0,0,0,0,0,0,0,0,0,0,0,0,0,0,0,0,0,0,0,0,0,0,0,0,0,0,0,0,0,0,0,0,0,0,0,0,0
0,0,0,0,0,0,0,0,0,0,0,0,0,0,0,0,0,0,0,0,0,0,0,0,0,0,0,0,0,0,0,0,0,0,0,0,0,0,0,0,0,0,0,0,0,0,0,0,0
0,0,0,0,0,0,0,0,0,0,0,0,0,0,0,0,0,0,0,0,0,0,0,0,0,0,0,0,0,0,0,0,0,0,0,0,0,0,0,0,0,0,0,0,0,0,0,0,0
0.0695404825270045,0.09903123374169781,0.12155844135934885,0.12508433846224443,0.16217495274352736,0.18343778503990832,0.1715052237530626,0,0,0,0,0,0,0,0,0,0,0,0,0,0,0,0,0,0,0,0,0,0,0,0,0,0,0,0,0,0,0,0,0,0,0,0,0,0,0,0,0,0
0.14105449542012186,0.18305101405450813,0.17433352207587577,0.1616478560788344,0.1695003364090872,0,0,0,0,0,0,0,0,0,0,0,0,0,0,0,0,0,0,0,0,0,0,0,0,0,0,0,0,0,0,0,0,0,0,0,0,0,0,0,0,0,0,0,0
0.17899822137792545,0.1614960116507123,0,0,0,0,0,0,0,0,0,0,0,0,0,0,0,0,0,0,0,0,0,0,0,0,0,0,0,0,0,0,0,0,0,0,0,0,0,0,0,0,0,0,0,0,0,0,0
0.1759663134917931,0.18464003269664353,0.19599874826477082,0.18122466520703714,0.15208864209707165,0,0,0,0,0,0.055279666480589185,0,0,0,0,0,0,0,0,0,0,0,0,0,0,0,0,0,0,0,0,0,0,0,0,0,0,0,0,0,0,0,0,0,0,0,0,0,0
0.18780602977344055,0.20426293473597135,0.212201273347957,0.22522529209162953,0.23970378167028117,0.2412571266117115,0.23737331854492474,0.23381003831562192,0.23156652437967706,0.21898819606484687,0.22123074373509805,0.22473117062395398,0.22572699681117905,0.24327689164869729,0.25491106141735087,0.2772011562939533,0.2919619889877576,0.31587611301833607,0.2751266010632805,0,0,0,0,0,0,0,0,0,0,0,0,0,0,0,0,0,0,0,0,0,0,0,0,0,0,0,0,0,0
0.24108953072853645,0.24585017688823566,0.2557063867668126,0.2744183795019535,0.3096845692302661,0.320457436903831,0.3280474002877432,0.3415863040084609,0.34099410275856434,0.3484061897870041,0.3645240803750611,0.3832231674150462,0.39666982516231464,0.38846010299906886,0.43524736257676544,0.18131022758714926,-0.014041187713062503,0.09712069690839688,-0.07920021766649823,0.06861428424227797,0.08639664350541557,0,0,0,0,0,0,0,0,0,0,0,0,0,0,0,0,0,0,0,0,0,0,0,0,0,0,0,0
0.2693229379957819,0.28990226312509293,0.3033245695157017,0.3136857218227772,0.33325285740592964,0.3505274373857058,0.3712680142881959,0.3936285820024078,0.41395606254577505,0.4234980151976096,0.44733845738372996,0.4575138114585127,0.4750152316807638,0.4882086416406559,0.4928307775479276,0.48942653499028993,0.4946130204194506,0.4688129069888419,0,0,0,0,0,0,0,0,0,0,0,0,0,0,0,0,0,0,0,0,0,0,0,0,0,0,0,0,0,0,0
0.2693806417954239,0.307748946612504,0.3150561699764097,0.3235765434196433,0.3361135490605018,0.3459595109428252,0.3465839351633645,0.39380971688577077,0.410015691602558,0.4265316666710637,0.4480827840543752,0.4582840140814086,0.4712609084092039,0.4887288721959962,0.5048044553090746,0.5077854591138453,0.48646143720394225,0.40250786933888333,0.44618548691347837,-0.4216066256597334,0,0,0,0,0,0,0,0,0,0,0,0,0,0,0,0,0,0,0,0,0,0,0,0,0,0,0,0,0
0.29279381388965564,0.31213935458797104,0.3156140724327323,0.3217641367473348,0.3555251585647102,0.3711587641398471,0.3814899821821755,0.4028294405087603,0.42445682309177346,0.4662908775505998,0.4969057272295271,0.5084607748166939,0.5135946477014157,0.514955069051554,0.47277165371643315,0.5023546356775977,-0.4373350154483291,0.1248668898261247,0,0,0,0,0,0,0,0,0,0,0,0,0,0,0,0,0,0,0,0,0,0,0,0,0,0,0,0,0,0,0
0.23055159252899746,0.27522999564277656,0.3005321067118362,0.33627343389195946,0.37847658278436713,0.39910686436127096,0.4282268767957149,0.4625217304634914,0.4765920945041748,0.489729547790408,0.5157489113164997,0.5312934947957183,0.5383979820885538,0.551839877618124,0.5491362120927886,0.5101379288317998,0.32274446645307,0.19646086232396162,0,0,0,0,0,0,0,0,0,0,0,0,0,0,0,0,0,0,0,0,0,0,0,0,0,0,0,0,0,0,0
0.18704036796565224,0.22352605925995006,0.2458296560771081,0.2664185360419736,0.31131461968266183,0.33066723460424924,0.36318839743879444,0.42591271096183253,0.45284988009180727,0.4865793432449674,0.5116415186218197,0.5262973457571024,0.5410751966473362,0.5510369528047079,0.5157557869941871,0.5417316870547928,0.3665090233343202,0.22743508280907293,0.116529081023517,-0.07301292771405477,0.013479888031254723,0.051053450698691334,0.05910184606864813,0.08296888222561469,0.09111248659346198,0.0960353445487556,0.10521172036417743,0.07738714281313644,0.08735504223966034,0.11466294166417135,0.16470940172177015,0.18073493184582606,0.20466097449405818,0.24132082619459835,0.27556329270397534,0.29000682766730185,0.3220139098317487,0.33152601943568144,0.35541869165195494,0.3952472787542851,0,0,0,0,0,0,0,0,0
0.14586372085040025,0.2109518420700827,0.2324229817832613,0.2536834149337267,0.2878040339099213,0.31165831267817456,0.33775879143222887,0.4003439937014447,0.4170773025731165,0.44889014193050253,0.5081746155825378,0.5258140486259605,0.5478961644072892,0.5547220292088741,0.559854346630899,0.5323444867150338,0.4808010916557999,0.3056167401753932,0.491961121206012,0.39421043199725003,0.47433753054254907,0.49202493724073204,0.5231187078530084,0.4644010763783992,0.47286524960972376,0.46914478122302183,0.4628782774282292,0.4609816343334085,0.4889757546016295,0.48723515527238825,0.44954175730455154,0.45843107422314944,0.47474497505067076,0.4811545602282138,0.4832719079085183,0.48008787334063074,0.4732401242660936,0.4882808163485115,0.5080721326392125,0.5225000773923693,0.5206384421264375,0.5239912138864367,0.5364747073014647,0.5369346277628747,0.536283918712797,0.5500106981737453,0.5417309258013454,0.5254870705739285,0
0.15527490007894185,0.19381171860258875,0.19470851500465602,0.18992995404571986,0.1914104882009708,0.2322326263660451,0.25270135463124743,0.3130957400062703,0.33715074646345694,0.3937188300153322,0.44960404452631997,0.49156473694420405,0.4431461000031674,0.10936700721107613,0.23132035939247098,0.31460427269853053,0.2741475092971201,-0.028706610404161923,-0.2502395669260276,-0.4994957477106766,-0.48312860825355086,-0.4049554476038661,-0.3360959963700145,-0.06213498237267492,0.09193344670700783,0.1600357907621168,0.3351646183069471,0.3742918022867811,0.4358422415617498,0.4694905390759767,0.49660628041230254,0.5324279362378884,0.5534900011902341,0.5634022565341913,0.5709308544668951,0.5797783216189424,0.5842653233445931,0.5887093910910747,0.5914849360278944,0.598488060071943,0.6048363453600815,0.6017242593692551,0.6045741183275377,0.6065807618608926,0.6080895274398063,0.5705675470805354,0.5684111729963583,0.5720983399911238,0.30544136243333325
0.18687023975740116,0.18537814463256788,0.20402318323835772,0.21536815995290115,0.22829456183462274,0.24656867452628395,0.2893172374038552,0.28705053459647323,0.32734751112265975,0.34101101241933535,0.3288011089946784,0.35561704025819113,0.3582228982574242,0.4003564003747878,0.40682519336076733,0.3870376446360652,0.3553301963739102,0.307977958136112,0.28403659169884093,0.2906702912144508,0.289694027633502,0.3314643671725546,0.31022574752997323,0.3345974316312974,0.3393490421999201,0.3744125654842242,0.40515101830471983,0.4215724766283879,0.44171395342138536,0.45369733652658045,0.47853404713692677,0.5097200200182667,0.535142942675187,0.5523968623967747,0.5740019127120219,0.5869353905471218,0.6086775921429909,0.6116505526550413,0.6110473717616856,0.6090603029768555,0.6087264137782685,0.6092314859510962,0.5853232897089815,0.5957898366764977,0.6242639021916631,0.6497784472367221,0.6585521719797143,0.5783904260127032,0.5355416056671385
-0.017532919073878543,0.09262398878510074,0.11167225773729114,0.12478687196638588,0.12393882545463253,0.1402819382939019,0.15516011271595342,0.1960378007315301,0.21321840747710635,0.23930624744541035,0.2607095944994893,0.27421125989543166,0.2994960821748676,0.315765053314785,0.3612508787037634,0.3858837193588845,0.39577117126789657,0.4083608072245108,0.410089759684046,0.41343615496802893,0.4175918317236455,0.42384672350145025,0.44448073503629937,0.4795304891870046,0.49492049666007354,0.5115618463992906,0.5156437304179499,0.5171943694849318,0.5298009189221706,0.5568564718061391,0.5538522395693282,0.5764211122001417,0.5932257450130639,0.6112046729092132,0.6147695571224955,0.6231658166664671,0.627806183394912,0.6370428254600653,0.6404606368963207,0.6413752449560802,0.6504742501144309,0.6579129387684289,0.6580064019750472,0.6530813867145646,0.6517390273288066,0.6697325585632727,0.6657359013908383,0.6516406624161152,0.6486017917711837
-0.1203850716570074,-0.07979858136684248,-0.07716765185233543,-0.0735497214763107,-0.015291035070265562,-0.004551749999133812,-0.008266717234898278,0.07397172058354394,0.07506692289529952,0.11682687711364297,0.1960786486537202,0.1999561659432656,0.21654576927624195,0.22680914472655722,0.2866770055768335,0.32254472381405563,0.34040934443055193,0.37152285003936075,0.3769133414131434,0.39253291915879485,0.42725592740595864,0.44062031327342643,0.4512230502213753,0.45489355683606425,0.45833694290358024,0.460175794422742,0.5071274288969156,0.5323361522988059,0.5398970549632611,0.5601156883359272,0.5867732587901113,0.6046927889694445,0.6215482658149881,0.6099250830637204,0.6243283761475193,0.6305507125006213,0.6497636964268682,0.6737357933422327,0.67694728571719,0.6726658411713493,0.6804340440985579,0.6740869003593966,0.6654102450891163,0.6763750239194611,0.6777959123097874,0.6881358827849012,0.6897080458178412,0.6993974780497427,0.7248107172863255
-0.20004809477464439,-0.10513073951397563,-0.12991379930311397,-0.11688700071616898,-0.061377608909738604,-0.03664929321201619,-0.006983056184917364,0.015389083095526192,0.04921718539445289,0.07990395022853289,0.20942982458131779,0.19259495969983648,0.2103491784032966,0.2160154908591271,0.23148102917178076,0.2536561306447565,0.2538720794675394,0.2588839329459301,0.3225157352437573,0.3695484464826765,0.3497618003866319,0.33164686901044543,0.35785049154164084,0.3950193608966368,0.4029727853379538,0.41833756297927605,0.44307249603169113,0.45882721352944233,0.4674111067414382,0.4707461538007128,0.5129618437605702,0.5442212486135036,0.5509721673073099,0.618494706420935,0.6287439360806553,0.6448065758176434,0.6626420246602324,0.6747808290888798,0.6706238812061559,0.6633352501058701,0.6581914793311385,0.6617644409091832,0.670669955833513,0.673526716185593,0.6805364066074662,0.6968269984612918,0.707275711643932,0.7120799419217659,0.6980370655070721
-0.24888978259343886,-0.2915166388888724,-0.2668114472117096,-0.2412551436977707,-0.1775986909951125,-0.13968904174991242,-0.11936241855028387,-0.06547924551751796,-0.026957584866591947,-0.013448929643747887,0.03689122048883668,0.05491559214870322,0.06916409290664648,0.08152696452998283,0.16704901078036685,0.19793845121696893,0.2297328334340398,0.2837366882497134,0.2561709658390672,0.23755201032408693,0.24670740423700976,0.2658284732781134,0.30180317512292304,0.294055919846218,0.29668034692419326,0.3250542313994063,0.36625605896377644,0.3913573378576399,0.4117097911233907,0.436803025005648,0.4610673289119718,0.4664880293657573,0.4785501878950256,0.5771398471876206,0.5765467980811112,0.5717266463873152,0.5778629439850544,0.5853957759768676,0.5972419043923327,0.6323650731678725,0.6115339447371273,0.6142014639987678,0.6586554207465086,0.6594962435424886,0.6696800793969981,0.6787354531613795,0.6684367818734298,0.6713837167593955,0.6862978823485476
-0.2923575701209654,-0.25238109998729275,-0.21985664228422444,-0.2157855668385404,-0.18827429811582694,-0.16545984903743932,-0.1531647704840966,-0.11683338354733604,-0.08460031135226048,-0.05854798738874068,-0.02920742135603358,-0.021957957690005442,0.004355876141834047,0.03219849978164645,0.08033226399600295,0.09816488157929774,0.15644855863752496,0.20842117874862254,0.2405647546732913,0.25820163301823207,0.24087061960681194,0.23563266229546648,0.23811097021826208,0.2123913878104686,0.2644275259786259,0.3089124684076521,0.35925395518461045,0.38734677031602044,0.38242997111733246,0.39040537836694694,0.4397727176396133,0.465322789378932,0.4891945917365185,0.5434007359144954,0.5641083826134288,0.589678469012637,0.6058782546216848,0.6094962664204288,0.6206143762624441,0.6144273577122977,0.6243847356456659,0.6310780167714272,0.6133089272756594,0.6080567243364342,0.6109692332766242,0.6423977628431375,0.6517328016130518,0.6734730036085992,0.6899941535172657
