jsons/1312898400.json
{"header": {"parameterUnit": "m", "parameterNumber": 3, "dx": 0.1, "dy": 0.5, "parameterNumberName": "Northward wave", "la1": 40.97354507446295, "la2": 16.46031188964855, "parameterCategory": 2, "lo2": 133.9931640625001, "nx": 191, "ny": 50, "refTime": "2011-08-05 8:00:00", "lo1": 114.97908020019554}, "data":
[rows 0 to 21 of 50, columns 49 to 97 of 191]
0,0,0,0,0,0,0,0,0,0,0,0,0,0,0,0,0,0,0,0,0,0,0,0,0,0,0,0,0,0,0,0,0,0,0,0,0,0,0,0,0,0,0,0,0,0,0,0,0
0,0,0,0,0,0,0,0,-0.023798054195257712,-0.027293156352847295,-0.05193239761655877,-0.028099013900904326,0.05954236368354558,0.06710264311595183,0.08141904558285337,0.07772728195569535,0.06940728189611384,0.0748205354124678,0.08757998132575304,0.08998019836613948,0.09280959196920974,0.09674997321542504,0.09184022281942705,0.10666047520054747,0,0,0,0,0,0,0,0,0,0,0,0,0,0,0,0,0,0,0,0,0,0,0,0,0
0.03515818168099598,-0.074898203776827,-0.05194792990517619,-0.04958899871884612,-0.05246247998881754,-0.07978092627070384,-0.13042021619288882,0.1280475692491793,0.09398228431537514,0.1309225470949783,0.13315041464835545,0.1355563865531926,0.1376725341899024,0.13889343263900922,0.13698221938832,0.13550359458459077,0.13611131916496383,0.13169503363247176,0.12417073265454065,0.10958783537795597,0,0,0,0,0,0,0,0,0,0,0,0,0,0,0,0,0,0,0,0,0,0,0,0,0,0,0,0,0
-0.22329450698106776,-0.2043654538354491,-0.10952427971933161,-0.06469786519423912,-0.03026397408950924,0.07011568605404297,0.14448456429901277,-0.17210200579538232,-0.07147424964625339,0.12952106799710086,0.19743850507960206,0.1711168895850819,0.1829771961515196,0.18531407164963135,0.18367088890180502,-0.1237378013528372,-0.17183223831255434,-0.02772866924648032,0,0,0,0,0,0,0,0,2.923229341097433e+38,-0.28921936799847253,-0.3105073521426988,-0.3210495056651175,-0.31917577470790154,-0.3234658279045943,-0.32193920185343816,-0.32506720350953394,-0.33038293742270486,-0.32908164243355453,-0.337399861342344,-0.33758721573147293,-0.33047248269560253,-0.28456500127025564,-0.1870552335909575,-0.1262320190336667,-0.11634551880876225,-0.08496022076575709,-0.051337441257338176,-0.029117366897454058,-0.011157621697276545,0.022941023607088364,0.045090510798471616
-0.38836721293412035,-0.3903840132513867,-0.38928915454222285,-0.3844633872617715,-0.38718943793053656,-0.365672507226462,-0.329340550367624,-0.2797134363612751,-0.20505248867989057,0.034225568664609254,0.04195961031373375,0.26607274916349544,0.1963522751235221,0.08736835048765987,0.1529950024908589,0.04633312306691587,0.019286782621502,-0.2429529438415849,-0.2370158111142958,-0.24300423495804593,0.09083976786344589,-0.39272825365764935,-0.4014920535322403,-0.39708642032318614,-0.38600493272685893,-0.36178407242370264,-0.35021155920483965,-0.3429879452582004,-0.32452408345179234,-0.3127486756063171,-0.3076432395984687,-0.28737201580332256,-0.29348472939616005,-0.2987784294909157,-0.3113319705930966,-0.3385372044004186,-0.3636144872652063,-0.413875439165752,-0.41335594130888537,-0.39165541142732907,-0.2731653348415497,-0.1890305764133408,-0.14312775045751758,-0.11557603786722498,-0.06819907066766809,-0.02321335072800527,0.0006303574997083051,0.08439789988822309,0.12457257465925539
-0.40246010407843097,-0.4075052100475961,-0.41469411398568246,-0.4273894311638014,-0.4300776130598,-0.4383157421710603,-0.4423140249990122,-0.4466363549774552,-0.4344842354663733,-0.4521068736281574,-0.45520774030472877,-0.44613993999306667,-0.4402262887176812,-0.43165304302348,-0.41429689851149065,-0.40668386175456694,-0.3836578699579827,-0.3635340508773067,-0.2904531891332799,-0.30951537702069415,-0.27254228748106385,-0.18463389558948293,-0.1501034476691146,-0.11870458035769645,-0.11558007530640246,-0.0936425301260216,-0.14132760007501902,-0.14129291211062053,-0.11095889167959444,-0.13099766875800217,-0.12368768738237094,-0.1338714516744319,-0.15169855338957622,-0.18770146405903854,-0.23149657782535538,-0.27312251815159183,-0.30898343051346555,-0.46476883431836563,-0.44739651555598653,-0.3605046348909517,-0.1823775215355764,-0.11293964978038727,-0.07237260970754558,-0.02919702050503526,0.02733028983418585,0.05858494843225202,0.10072567970677748,0.1206651260964832,0.1673609269014584
-0.28130834669220156,-0.27713546252982746,-0.26402437530921374,-0.25570818948148544,-0.24246841032459104,-0.25712779943806263,-0.2569152706642314,-0.2718227463780073,-0.2900939580299937,-0.29561611253507564,-0.299354390293893,-0.2889143676768458,-0.28591209503590115,-0.27289273795529767,-0.26101992267254137,-0.22238247358858917,-0.20547302199468231,-0.18716586771226842,-0.1303393304138267,-0.1223750786659106,-0.11423637690169236,-0.10530634476819703,-0.09986078875815244,-0.09034059730053655,-0.07167459560180393,-0.07431980090348474,-0.08213978025743907,-0.0539981594460703,-0.030765068172117063,-0.013588701063809857,-0.00896740989998403,0.008808151969037196,0.007074750288733712,0.042434978617771825,0.09968257094298642,0.11129887368149059,0.11129357029871717,-0.2625208224881182,0.003534468951210687,0.1803825720468057,0.1571670834525972,0.15132312850303573,0.15067077548051058,0.14453377856248031,0.148925396269335,0.15539010656384084,0.16439577979745115,0.16927632211620128,0.18842561269071773
-0.0319443294679547,0.05392416742184749,-6.357785022272544e+37,0,0,0,0,0,0,0,0,0,0,0,0,0,0,-0.16160845954549352,-0.0702350514528763,-0.04494925720597364,-3.3993584890560046e+37,0,0,0,-0.14981498139423602,-0.10977650866337642,-0.16030351927353725,-0.1984017267666117,-0.14089924992419145,-0.08628283672861128,-0.0408183110127539,0.06046469224023383,0.1321372180017163,0.18551437390422856,0.23905994860232319,0.32053120002836083,0.07574953418358893,-0.3850907665437468,0.07617487244719352,0.25759670084551906,0.26889240921629903,0.22887581526069986,0.2152200866064362,0.19749442122928387,0.19073315200598392,0.19602747634304798,0.19069291066998706,0.1833133429649807,0.191557993124525
0,0,0,0,0,0,0,0,0,0,0,0,0,0,0,0,0,0,0,0,0,0,3.3620759199687954e+37,3.953648760530222e+37,0,0,0,-0.4194438032109356,-0.3038368458183392,-0.21044527621362427,-0.10362739930633377,0.11228676506136924,0.1733445707969414,0.2636965701342229,0.3132567377611826,0.1406194830563705,-0.33251056176409655,0.4859118411556892,0.43117377470120605,0.42910164459237754,0.35602651749164466,0.33948447414518323,0.3342697281088643,0.3142425816055653,0.29728551273941106,0.2902882732775748,0.28985850829009907,0.2803202939943736,0.31121435331442093
0,0,0,0,0,0,0,0,0,0.042972029632264035,-0.15723177608058866,-0.15609245190230464,-0.17247188957066462,-0.21873932055289025,-0.21513120175529726,-0.2545338096049867,-0.28445155813469325,-0.35109912087719725,-0.36156990068746364,-0.3908923128893537,-0.40487239061631397,-0.3846246413299056,-0.3638142657951935,-0.3320258017392855,-0.3072388023293331,-0.2520924961295717,-0.17902872851422755,-0.13517601870294635,-0.08783125938505228,-0.037731989071601274,-0.004501274249010571,0.19936005276222057,0.30744599810802514,0.3079456544457525,-0.16127129895434525,-0.024718585457488142,0.31561302046235795,0.45552250399530303,0.39396373233680587,0.371158542024658,0.3065041312324393,0.29236841770315625,0.2899022522036974,0.2727186149633407,0.2952784187226705,0.3029963093637387,0.31184880471266024,0.3177772017421569,0.33900819143384536
0,0,0,-0.18864733048424775,-0.21888966533687146,-0.23463063651355995,-0.2649829905825955,-0.3084587610135538,-0.3327947741248331,-0.3458428830195645,-0.37218258321742714,-0.38212545406348114,-0.3832795938964707,-0.38604086757431116,-0.3473197619583729,-0.3252281825280633,-0.26816487319005,-0.25408723197820476,-0.2052294233921316,-0.18685986005912497,-0.19543146756524835,-0.18918650326605746,-0.20631655989859876,-0.1366979062305933,-0.10169586036264487,0.01918821174815034,0.03821982401711191,0.07355845588491294,0.2251117634400903,0.24043794366162283,0.2692886950727763,0.4207065862804181,0.4956736066328768,0.46005096007657076,0.5393657933774227,-0.5521565973764241,0.45788486723554156,0.5006052701155926,0.4670139706912601,0.43259341010731717,0.3907863776733291,0.3731096023953898,0.36411111543709807,0.3428964575808714,0.3414176514452426,0.34097390894027507,0.3440600284571066,0.3457640500031009,0.3602572014835315
-0.330263791855655,-0.3544495827255274,-0.35540702833705096,-0.36059485572199357,-0.3682082739772905,-0.36649216838991644,-0.3567014511488077,-0.36357984901455603,-0.3558497167510137,-0.3185191197495748,-0.31161917282788787,-0.29874573968630636,-0.2618953367868488,-0.22715545110874133,-0.20752253102836687,-0.14514880623118767,-0.14410772522667253,-0.14522799362561428,-0.10978628393133034,-0.07282190654523181,-0.054993816697493404,-0.01370737762150272,-0.016457084584519385,0.04197441551803652,0.05778250111048793,0.14120831695648872,0.17513397378102902,0.2362063635025594,0.3897151007854327,0.42411499442177414,0.4725760635518942,0.4832055839062608,0.4193294631005254,-0.10831715563901655,-0.09580536069588179,0.46574437600364127,0.5225674398599107,0.5112979537930564,0.44158232117670676,0.43344803228133044,0.3550913169490038,0.33284134477760213,0.3416553243214937,0.3325021225814737,0.32322327434555054,0.3276345686627462,0.34417069708681103,0.37401262603983615,0.386251295202656
-0.31012616050706515,-0.30956831052415407,-0.29199037578902476,-0.27774019859657345,-0.2832072119590029,-0.26657644972926653,-0.25352104237183765,-0.24485435528804017,-0.2375336902131578,-0.2239164455537495,-0.2230625729306248,-0.21012065769519292,-0.18535591655961237,-0.17922153670311086,-0.17306886526335025,-0.13766993074008652,-0.13559736344879408,-0.13866174236369974,-0.1033256644889262,-0.05210973799719449,-0.026978179606643605,0.03475029991262274,0.0572409543903809,0.1016905265539377,0.1624554843860947,0.21182234585717868,0.25260304897147307,0.27846296150954103,0.37676418749403695,0.4232664624310541,0.43911462380018235,0.5316515674713413,0.49034345702285453,0.3634959033931956,0.3045590444254528,0.4996251621429168,0.5728930371766412,0.5401163775583365,0.5044655101684344,0.4868144009470231,0.41368783513783725,0.3729163759350036,0.3662113419617594,0.3628920124839621,0.3256842569319917,0.3085197875080797,0.3179925959966648,0.33562219651960096,0.35597380149077246
0.06911698934026568,-0.19272910976111085,-0.2135683651265928,-0.22628699664322116,-0.23995784165926548,-0.2247664151266492,-0.2167072866391768,-0.21827322383799103,-0.21568322762732045,-0.19894289293806133,-0.1955137241404824,-0.19488799773182278,-0.18916487205368718,-0.18862914102546857,-0.18600145377678923,-0.17145974915492965,-0.16651962428831743,-0.15583498417630054,-0.1401745522929641,-0.11569247859654867,-0.09874590882113783,-0.07195441260223757,0.012931029445716995,0.04573454267947537,0.08038700786385646,0.15247491742008096,0.18911592283616782,0.24509751234050028,0.2721785421423933,0.34325463620201363,0.3740262975591846,0.41259008939544417,0.4868327658034803,0.5174075066395768,0.543600460157643,0.5065226738015689,-0.17292312567638493,0.510760513124935,0.5464049358831168,0.5212411446285267,0.4630565597732993,0.4012579354392056,0.37857355344584304,0.3910445040972608,0.36559870151784357,0.3547655780022825,0.34609694918897926,0.3457406868716798,0.35334427980385225
0,0,0,0,0,0,-0.24686605843345089,-0.25915861846545607,-0.24889391636459526,-0.2274001876229989,-0.220420514136386,-0.21067782883775021,-0.2033394926979239,-0.20566800505155974,-0.205122863988727,-0.19112137628283427,-0.17952587697464067,-0.18738898354094746,-0.17542188587057048,-0.15637023001529018,-0.127810300270098,-0.10027980868564333,-0.05214728045789845,-0.013050702423224009,0.019167041800355392,0.050502531479975084,0.05809402203664722,0.10284829257280804,0.13589195969986803,0.16441698115907036,0.19054247221880288,0.28315206506810126,0.33746403484034854,0.3984518505559794,0.4993890159901319,0.5197537840311306,0.4484624379029646,-0.4697019942760942,0.3141767785989353,0.5587268105038983,0.4679250167599917,0.40791165019156655,0.40090804781165496,0.37786226357145214,0.30547300495791335,0.3175337784996957,0.31468223423024044,0.29360798260429694,0.29802940882243373
0,0,0,0,0,0,0,0,-0.2458919748443884,-0.21767427026677744,-0.20605721428448417,-0.19549531973276663,-0.21391008982574455,-0.23138052274635743,-0.24435752374790967,-0.2450300968176162,-0.2333319653504455,-0.22457304839746728,-0.20121409837349327,-0.19656814880092843,-0.2031245277715498,-0.18906920137753389,-0.1827135672075178,-0.15964816881107535,-0.17285551234846808,-0.11527367360196336,-0.07249189319972,-0.05846362280753212,-0.013911048368301577,0.015851017817764098,0.01674423167106827,0.0631444682885198,0.10139321641800325,0.1508510697109815,0.31243805322841756,0.4157815579007129,0.47891692012722203,0.5038597074835057,-0.5276879941227234,0.41320255179550597,0.5994781082255829,0.5798814300881466,0.5108860263604443,0.4950254241197848,0.4449949622653291,0.431745054878188,0.428998022290014,0.389943706523028,0.3907848878396245
0,0,0,0,0,0,0,0,0,0,0,0,-0.06816587183295686,-0.1291790263581849,-0.21420991871628156,-0.24371517321514943,-0.25886373218220604,-0.27436534114713856,-0.2544361419729674,-0.2556136381515331,-0.26049338552433077,-0.2494245636883022,-0.24991857486955546,-0.255942097704191,-0.2640585177257554,-0.2705321619642328,-0.27093532530412356,-0.26087042257651855,-0.22916294538164633,-0.231119490632578,-0.20612954871587083,-0.1901582049199075,-0.17061130600076463,-0.15874393005791873,-0.06443047859918466,-0.012462695332632959,0.0551249147817174,0.08274511219051811,0.46501231772841956,0.2460441327128378,-0.20187296455812867,0.3847971464677277,0.34674722856168805,-0.59635999238677,0.3702555457059813,0.5475744778329203,0.5289195068563965,0.5025308241082989,0.5000890735253893
0,0,0,0,0,0,0,0,0,0,0,0,0,0,-0.06073808059173671,-0.2457451578955107,-0.25618353904341057,-0.30013881622627314,-0.2978185121477585,-0.3068600005638469,-0.3177248656284889,-0.3236287249412099,-0.33416052781490513,-0.35135356677962926,-0.3555302315002927,-0.3722031710931197,-0.40598529994291604,-0.42519876162468523,-0.4305439491706409,-0.43396025365763297,-0.4317308274310087,-0.4589906165003909,-0.4548225715980246,-0.45143507399602223,-0.49107083659166034,-0.5030055470516209,-0.5425791596283805,-0.6012213005247751,-0.6149301370877618,-0.6196548163694665,-0.5255247945381412,-0.4878497111520804,-0.5318161791401247,-0.312839991046995,-0.015155598275120955,0.049971590274891876,0.12091059921082274,0.18784085955726149,0.23032666701821145
0,0,0,0,0,0.00014390497008633235,0,0,0,-0.008124621759692563,0,0,0,0,0,0,0,0,0,0,-0.32411001299272457,-0.33482244613646067,-0.35890775225265353,-0.3883946838242599,-0.4120819401877907,-0.4317610451749756,-0.46535598766688807,-0.48226445220766595,-0.49685145972630196,-0.5142808262609603,-0.5211679738703121,-0.5315414662078803,-0.5470377574505552,-0.5559920019170157,-0.5757748483684285,-0.5865831003225304,-0.6037911802399301,-0.6145419928021928,-0.6206897745856703,-0.6236172296117054,-0.5965844333894649,-0.5478251321915879,-0.4943900704378704,-0.45009756850339966,-0.24801337975765794,-0.19799193304062535,-0.12822697728706536,-0.033092509464900596,0.0030387375492335333
0,0,0,0,0,0,0,0,0,0,0,0,0,0,0,0,2.8865279830016697e+38,-0.01880363659178252,-0.04985332532680217,-0.05448017889697646,-0.07506962777487292,-0.11310688104793361,-0.17166672326758645,-0.3182576081177283,-0.38417181976054354,-0.4307987177305825,-0.4822784818086615,-0.500227446757802,-0.5192113363073011,-0.5451012479454735,-0.547666753800692,-0.553154353981443,-0.5677912050914696,-0.5756976356836682,-0.5889240064155757,-0.5926268694062512,-0.6020958376512622,-0.5882048410138506,-0.5805102379451678,-0.5802675991576042,-0.5360953892364294,-0.548317541935224,-0.5158478785260702,-0.46168488188482276,-0.32996068420802516,-0.2611126559575561,-0.2085416174170375,-0.10851689039568237,-0.0935050286423742
0,0,0,0,0,0,0,0,0,0,0,0,0,0,0,0,0,0,0,0,0,-0.14974818617709096,-0.24005280768457052,-0.3587784631890937,-0.38859809806878787,-0.40830790774372344,-0.461291614449596,-0.5006932761420247,-0.526424400160769,-0.541006805334463,-0.548761293317795,-0.5681628754534552,-0.5830259110648223,-0.5908164839251184,-0.5919027064801966,-0.5833777869632089,-0.5816279748613693,-0.5626246486708328,-0.5541229388046109,-0.5611093349170483,-0.5606274621122128,-0.5239784164770207,-0.5168134141822862,-0.47857408778350935,-0.4194087177705224,-0.414315227279168,-0.41480561493677515,-0.30074400709106686,-0.3028672988352046
0,0,0,0,0,0,0,0,0,0,0,-0.11725413555533243,-0.13501923547498731,-0.15588574841683675,-0.17317855044388628,-0.19264648984712868,-0.20872274034304583,-0.23907868334129115,-0.25282150249622826,-0.2666037906756765,-0.2954262510164058,-0.31116690494365923,-0.3241812749750316,-0.3205156103672961,0.15555323416377015,-0.273404782266988,-0.5047305091180754,-0.5226112210814525,-0.5296153813110128,-0.5495195270764628,-0.5688363993147202,-0.5781037579930486,-0.5862498057402251,-0.5871634491925638,-0.5842401617059781,-0.5719325719321444,-0.5685868841844508,-0.5439421430529742,-0.514223567787206,-0.4950065255194104,-0.5072026692576895,-0.5182802485927417,-0.5052878974919583,-0.47897555178768747,-0.44208635035640687,-0.4223044432907904,-0.40033600920173795,-0.3450414528054558,-0.3082030785135819
