jsons/1312581600.json
{"header": {"parameterUnit": "m", "parameterNumber": 2, "dx": 0.1, "dy": 0.5, "parameterNumberName": "Eastward wave", "la1": 40.97354507446295, "la2": 16.46031188964855, "parameterCategory": 2, "lo2": 133.9931640625001, "nx": 191, "ny": 50, "refTime": "2011-08-05 8:00:00", "lo1": 114.97908020019554}, "data":
[rows 22 to 43 of 50, columns 100 to 149 of 191]
1.36680372506964,1.4535351827947496,1.5878724978314327,1.6628473476620653,1.7430659885956692,1.8725989369463825,1.9268842614362034,2.0563888938562864,2.169706670863699,2.217764891876697,2.293660463083609,2.444978556178707,2.5917921332417766,2.703204909460678,2.7355381300279853,2.9081928790697003,2.9833488981742304,3.0548650823196906,3.1579647767297763,3.2257557292720356,3.292549220994408,3.4383202607679904,3.478140521538272,3.55351439698767,3.698086331110748,3.829792194450928,3.923888180936308,3.968388481871363,4.110420772601618,4.1201027787174,4.118995572290366,4.213568069598691,4.199993382455533,4.230604940276164,4.279539754884466,4.273802288438762,4.281336809387435,4.290069560243573,4.213290028167926,4.098351086953721,4.063113979467066,3.98308318701645,3.7680848931811233,3.6884276449150586,3.562938850410733,3.3682462184617443,3.265466690723783,3.207365227713188,3.1720406600899844,3.244170615698656
1.1733769412114363,1.2796877417549428,1.4942531909295675,1.5637126575742224,1.6969638295850236,1.8315777875989405,1.992841683366965,2.0968221137812804,2.315080356258388,2.393252276332606,2.5183683723883195,2.621004406213577,2.7876122962370538,2.9099268263287335,3.024920712196691,3.2437827245082627,3.320145013750374,3.4222971678174092,3.5824991120934873,3.644584882447742,3.7584206364625965,3.8950985318180695,4.017639942285735,4.11726062641195,4.283501991261574,4.339946861568725,4.312474369126154,4.430906815399445,4.599326822103104,4.598618432876765,4.629911649290691,4.720358159165195,4.741040018270469,4.752420064424314,4.864748333968294,4.781603803606694,4.778697560746685,4.8235353524410876,4.76654523853018,4.616991164695855,4.498911141774415,4.3655383010156665,4.092732397972601,3.782842835303554,3.5679376429055343,3.2505824268243155,3.1980788505617004,3.2280440725691384,3.293750306649824,3.5170635685385654
0.5283116809356824,0.6312540686465761,0.8563983793117602,0.9945695645380156,1.2120169691648348,1.4681218080476797,1.556589018628748,1.6891500669931054,1.9336017135453125,2.1370445116857977,2.3229006537403083,2.4974898436079003,2.8551033265063266,3.0031979945253426,3.2271576620908244,3.4546995073329745,3.6280105421943953,3.753679234898648,4.010391144801882,4.202010264047814,4.249799354190717,4.443761226702151,4.53037450390995,4.5696984805194,4.677732045726146,4.785211259902501,4.734590324216844,4.829935084062566,4.989223226425085,5.017984611000692,5.106658760946309,5.262525755343103,5.17657101404949,5.220579090647046,5.3236299623841035,5.283462387412722,5.252877226936703,5.279317849956453,5.25085409249176,5.014344479009406,4.922362861418513,4.625132730480091,4.069665590532745,3.3225817146661494,2.9799754714837365,2.6849803665893504,2.6433407749189683,3.0852284066181634,3.5859120797086264,4.009053069402969
-0.7254354394024125,-0.5400698766229003,-0.2008919911285312,-0.06103715670609526,0.22878585053409015,0.6161873334608494,0.9249344471741726,1.125384977475447,1.7798161921177034,1.9127555042412951,2.1407855004383864,2.5495899934738,3.026843859318249,3.362436091910365,3.53707242253494,3.9828989297870874,4.179821745638356,4.377324649370609,4.723271300040251,4.877036843598845,5.034444508038576,5.237492257170349,5.272688500105547,5.3513360724764,5.505215481666594,5.529040523384847,5.527906269418338,5.543237811257412,5.761466491523601,5.74922129466232,5.7802257182534005,5.912328505879537,5.8785913446919205,5.947226598444314,6.092141621873122,5.968107016766006,6.013376621767066,6.094471888576974,6.037616462469461,5.763579041497646,5.612278708358302,5.124123428194327,2.3447397549974505,-0.9656670934543843,-1.7369553778070654,-1.8815154494728912,0.24594034733667489,1.713104822118521,4.910902065584148,5.229288104543538
-2.3409515069424978,-2.3396619621883583,-1.8253929124230766,-1.500747428923763,-1.1646226825469734,-0.7749007652405496,-0.32449601332916567,-0.03027769410112076,0.9417912601584483,1.3203161245888468,1.8539932702580677,2.1702201372925756,3.0594085758932534,3.40843640757328,3.8315328141600573,4.483058770694644,4.744086401347665,4.942095479819362,5.4409186746955545,5.556377464366613,5.734681588262668,5.99159093756425,6.205543927814922,6.157280188820944,6.27256211375343,6.220079018450338,6.087654334469068,6.180476332741201,6.444027606338173,6.412385496230869,6.438471102315597,6.666482018490503,6.653553650387938,6.703704597583097,6.959890551925933,6.769772056263454,6.743058302000504,6.783142334171579,6.4661185965413805,6.155577780848045,4.759516061411115,5.460980674679717,6.4725499292689666,6.313884427930594,6.281468311236405,6.06374622109519,5.982078159134252,5.924131799558595,5.757656249507469,5.671541848013205
-5.1706609400224535,-5.056663731515829,-4.821066236959101,-4.603189365473058,-4.281350607355008,-3.5468773989570126,-2.906852497479234,-2.539298480815829,-1.3822244152489886,-0.8397332702287853,-0.07309880238409389,0.6796211132354844,2.080118071850389,2.8547271941511005,3.200346981768593,4.547703662454738,4.782626754406886,5.3694676290308845,6.102288706474666,6.427724029959882,6.448066252126915,6.932191522098921,7.101024426068958,7.0207323371081864,7.0897822368545285,7.036649402262277,6.729664047859798,6.683926962880136,6.717406401980741,6.661336716218018,6.7907487811618745,7.0411419838663845,6.959034007442608,7.146112238161107,7.490842145788539,7.4914257074168065,7.5096719701490775,7.517982356434891,7.458959329969416,7.244294663875495,7.223740875229388,7.15748544431649,6.9169260569025806,6.79123524546633,6.671714287065073,6.446517278271024,6.308524008006211,6.245611194028083,6.032006628229509,5.891134224015787
-7.633377265228421,-7.825992407472942,-7.6224299330606184,-7.646282159382962,-7.437134573331458,-6.949246470410797,-6.207706772311222,-5.9021264507147695,-4.7440521668783155,-3.812252276580019,-3.1123946079912486,-2.254943973611488,-0.06914760088388384,0.5619998270323241,1.8324430101306566,3.772125428212539,4.78524653186461,5.414951542969421,6.610440464193424,7.201996289953795,7.451506199542253,8.17335135803508,8.352596367357854,8.262911211646253,8.50051075410383,8.385514236178414,7.947748591659735,7.609638568441315,7.137245165333158,6.023977516977813,5.238731460472196,4.154583567491415,4.827570695076071,5.595921453212595,7.811940081409704,8.310537029499034,8.297036211372339,8.200753736861381,8.054459982440276,7.664536609126179,7.593434112074899,7.387641318156719,7.08378025940742,6.954945238529675,6.8442671470055,6.582343840732693,6.537520977534566,6.390412122165094,6.208885530371739,6.033748933371202
-9.461676353062096,-9.629498460416158,-9.765202052631953,-9.70944721414352,-9.62271462219799,-9.466283358836018,-9.382501486573943,-8.636950797023314,-8.271912140182222,-7.85157197157912,-7.056788196581566,-6.625143355598087,-5.519567713716509,-4.200864261612214,-2.8623290016761964,1.782655406658467,4.09083386867488,5.313842852248721,6.34596194153902,6.964825101321094,7.801489211226841,8.211097094530606,8.517956790775441,8.797812788951152,8.97549918157871,8.825472944588817,8.162198082839959,7.320923498723599,-0.151469536395619,1.6049075769854657,5.933574730456819,8.266737103859468,9.055083494850175,9.065902318397983,8.98736619473811,8.687604268018251,8.467374872319214,8.283316513232243,8.064502392834166,7.7423098781249795,7.589605080473274,7.403753872912728,7.045328116268633,6.8771488092286575,6.724369685802177,6.494621201319029,6.407335493237515,6.246207922291602,6.0630487634671395,5.89831457864337
-9.160925128279418,-9.27216734235321,-9.192701529379981,-9.08578391850817,-8.929945827430338,-8.66472330825379,-8.531551244582154,-8.10826778485555,-7.435109184789014,-6.96468687527338,-6.269214837427384,-5.597374097561167,-4.159019787388342,-2.9983987815287008,-5.335273556264661,2.9646243232956797,6.216535055898478,4.458390774029247,5.1303005419784755,5.577443291224337,6.105448203136369,6.8079838014194705,7.156467303292363,7.626043045603705,7.887721053250674,8.075036852550465,8.422109462687652,8.522710756877578,8.590480504883017,8.681989003105448,8.650581283399918,8.642176062486822,8.363261728979198,8.222816759391103,8.032589833200563,7.733167194954122,7.6301953921459855,7.459757916097163,7.3202251363176645,7.07505182834939,6.903658798696552,6.816011383037341,6.528192440071915,6.379440386630622,6.260903159447285,6.052244415526367,5.9122688549798825,5.780303185053658,5.588916418488598,5.436371685272153
-8.161369488171012,-8.222085669276389,-8.000529072280969,-7.766192632716079,-7.676286021520661,-7.031193597074095,-6.657396325816228,-6.016977516330109,-4.923561577731653,-4.616052333442396,-3.8177815185296984,-3.480389011312475,-2.1868918076317034,-3.043361851170345,-4.251294111802716,6.352572282309718,5.426607035862181,3.839860875185866,2.2958950460968395,2.885877868262618,3.438996145014815,4.21392433511345,4.672673306747679,5.1657502014389145,5.655915901037057,6.0098405401906225,6.207607835404857,6.405652995904196,6.638738069746026,6.691571979457973,6.7692608660647275,6.8460400017104615,6.783504132465055,6.757594417325629,6.673299578397246,6.499235041689685,6.383649144051537,6.3292160902260255,6.27693276824018,6.020522228453136,5.9900706426810615,5.9313869064154705,5.659717607889823,5.587499276181009,5.517457589100472,5.2973056297781875,5.236869369110046,5.130088488063097,5.008621084796053,4.975400309920677
-6.982895192859358,-6.937100932897756,-6.468865175662887,-6.915976991350785,-7.133027779958443,-6.1523008659169465,-5.81575174208312,-5.362538175778422,-4.402787451052041,-3.7646788725282074,-3.10984867270674,-2.7649998569280134,-1.91933760031471,-1.3643030704512993,-3.5429521856359005,-4.184478946777729,7.893196679565873,5.656692748676163,1.2841503706583548,1.6576885895065518,1.9943294730298633,2.617603392329349,2.732661653963742,3.0617856715920433,3.576833248077126,3.7594079887001874,3.9309163877158806,4.114111675741992,4.534011709590996,4.538862990082944,4.638543542070399,4.823403329067089,4.80697627486724,4.798107729965526,4.860345384318075,4.906623267161856,4.92607218063523,4.954944498116077,4.9641630294338,4.910973196776378,4.8575648626878944,4.788760531145441,4.6829212951722425,4.616353120807828,4.56897088285164,4.455875952351884,4.342331989099071,4.294075050608975,4.207923898073444,4.083554241249365
-5.597629602703677,-5.530716803521865,-4.996056779137243,-4.7200650390426295,-4.590171495678966,-4.448072960480099,-4.4108591333562135,-4.244924258067742,-3.6620415473058303,-3.4042281145984368,-3.021965035714473,-2.792018205983309,-2.0566039432658245,-1.752544402738795,-1.4211587594654898,-3.593789727182679,-5.484368814916414,-3.9678556764343584,5.187424779504711,1.8029313456177107,0.889311263866874,1.3135726817846245,1.6105395959067608,1.8184240109894734,2.1926341844786337,2.29342789970549,2.487629123901306,2.6283068668224807,2.9469546389329677,3.0345573584056202,3.0844880423557632,3.4209045672112293,3.4390734759574313,3.4450893581054656,3.702702798716447,3.65129421877994,3.6479309969588773,3.6587141764557027,3.7462048275854656,3.6817468189233193,3.694261846954335,3.7398181623863738,3.6074176166065417,3.5915999520437483,3.6035505282165463,3.4612043535297596,3.4210143467765963,3.4465805767290587,3.3162370284673,3.302052777382955
-4.945837646942082,-4.870972233653053,-4.6587033101568975,-4.622390756494302,-4.535488279781627,-4.262500499142171,-4.072375914775119,-3.9959592312703855,-3.6196726324693387,-3.3514402214844723,-3.210558859655185,-2.9298055952232884,-2.4601933427339704,-2.220789280671507,-1.9777365909190416,-1.6385452858598728,-1.4020228876379517,-1.1477686811036103,-2.929283079596236,-4.412963900256221,-6.001193696272966,6.500686404006036,5.488262307562844,4.3053886849890555,1.6439906857538091,1.057040520164327,1.23733240621494,1.461217592330712,1.6603285477949359,1.8023452589356737,1.8529673920473213,2.083161856534203,2.0696478661165134,2.179342292889326,2.3177147957994,2.344233540520049,2.4149356764474317,2.455609804213293,2.4722408001426026,2.4885737619619452,2.518733267570211,2.5695474384231045,2.5843880598727846,2.5764468170574766,2.5482295635976286,2.482973423674895,2.5204939267816315,2.4757143676026065,2.4558920185329396,2.458059406779344
-4.370458872021864,-4.356127098638227,-4.20091939908197,-4.150360491229493,-4.072400242576272,-3.859876746723902,-3.8051659425238564,-3.6997859204920585,-3.411963864967749,-3.275219952280312,-3.100382911006175,-2.991168092007249,-2.6299533875951324,-2.4595100146541697,-2.4101153858539655,-2.0696740777305074,-1.831852240622282,-1.7466789873361166,-1.4422518732719591,-1.2157700356344912,-1.0397349659289132,-2.6116135188993748,-0.8451427340971893,-4.475483304104162,-3.4882644091668107,-5.595421370421707,3.4967266277627123,5.2421947906118405,2.436719469250442,1.5429979968166403,0.9939341158263586,1.1342612721425918,1.1742640298650149,1.203479040168883,1.1995572675379276,1.282038788197853,1.322545241197672,1.4480961556587935,1.5254695388167194,1.5364343798070421,1.582592758791316,1.561128801785623,1.5976071531026563,1.5999979451999524,1.6758124553232343,1.7029775648493617,1.7311574020129947,1.7083281052574708,1.6952197116095031,1.6981808288236615
-4.144169394854764,-4.1790265721216615,-4.094568934626632,-4.060267022844039,-4.034683461783343,-3.8841102230971276,-3.7802063158363994,-3.731667908164471,-3.57912835753986,-3.4548879406487307,-3.336296725973366,-3.30475036683161,-3.099844083877972,-3.086675647372099,-2.9327827877168198,-2.5705459819395835,-2.448234474260071,-2.286286867415396,-2.0930169295817738,-1.9289622843877343,-1.8821238066777346,-1.6442218042362786,-1.4366849013842646,-1.2271660078565605,-2.1524044568420617,-2.222155481878472,-1.9898201329095344,-5.287228280662518,-3.068280927658523,0.3361947423182117,4.865862030699078,4.845922843567109,2.6609359472874368,0.5664739637782766,2.464382032688206,2.174005141432193,1.7578730363620871,0.799186583739521,0.5191085003939765,0.5040015743995927,0.5990636630814488,0.6792338917068639,0.7494097612273977,0.8598420929219036,0.8829829540849927,0.8840103536340739,0.8722481520367308,0.8772437360927567,1.3731678668588658,0.9902917251108669
-3.92602882620351,-3.952779591002255,-3.851834429936938,-3.8516088596597777,-3.836239397455873,-3.684945626341943,-3.669877725473797,-3.6115088657252024,-3.494456798377546,-3.403551556373637,-3.37089646802318,-3.302918286234447,-3.1643297837291122,-3.0909568107460936,-2.9729966113720483,-2.8506710039557492,-2.7327507805350577,-2.645499305348143,-2.478307796337945,-2.364268174336773,-2.253061562203166,-1.9965336256387853,-1.9238561093404258,-1.7926642746566743,-1.596981074476777,-1.4557686494985922,-1.2991780418491818,-1.1763012617245459,-0.8774181981561802,-0.8466890285426798,-1.7618192169767173,-2.12114766601766,-2.5795054904288133,-1.8884423748588128,-4.371247830120646,-4.395221079277122,-2.0906349374619637,4.117847118257334,4.2595783432548675,4.041095413405789,2.3190322155868968,4.313193489255563,3.121742792724725,3.0896100872310983,4.144538397972683,3.9704235190744077,4.192582329393447,2.348627336430442,3.6832153826129783,3.9075360353708586
-3.72941398605374,-3.73772473216601,-3.6670687892377747,-3.6770806815196573,-3.6517193717447696,-3.5758579425291326,-3.53580674352504,-3.531934046918648,-3.408077198716568,-3.406898365927328,-3.363482237757546,-3.294429177575309,-3.2084319290276997,-3.157819095917183,-3.0905582953196804,-2.9636940699675884,-2.924207900041497,-2.8706252368610974,-2.7301305937000717,-2.6157317343203936,-2.523251463779319,-2.3681744725743363,-2.2400828839807017,-2.201460675586321,-1.9969917066767404,-1.890159094083476,-1.8243934926171421,-1.7970548965043693,-1.582610702505299,-1.4691186904358413,-1.4126419631232572,-1.2867384153761081,-1.2066706155414524,-1.12526298236428,-0.9880388535816786,-0.8844280668523741,-0.8575418809408686,-1.4701109100069263,-1.5040379971639153,-1.2362554765440508,-0.767860056671693,-1.2112737127979505,-1.3741982804022548,-1.5922824546416543,-0.9519239154845829,-0.6323457754276582,-1.1020734905238465,-1.8058907051529725,-1.8052024340689774,-1.7731180196872562
-3.5547601618302833,-3.6027768162115446,-3.5563809899059864,-3.5469240566351328,-3.555178009256697,-3.4980418175423713,-3.489486620973503,-3.48427269237477,-3.4076599860890386,-3.3534288153940235,-3.328968927506085,-3.3282637694546207,-3.2749312380207454,-3.2200990296556733,-3.1648066830737394,-3.093194901840233,-3.054246847240269,-3.014880164566815,-2.87266521531654,-2.8318443900871033,-2.7704191188398504,-2.58400713796541,-2.5510248710753545,-2.5225053995995657,-2.382156193978348,-2.276340884209431,-2.222496451366584,-2.2007003369069724,-2.055829214585595,-1.9160573954649514,-1.8075570680488757,-1.7564506461279685,-1.7340998532020784,-1.643991686468631,-1.4869908465164297,-1.464870850416767,-1.4440357999520073,-1.3290952372220945,-1.2538998965430126,-1.2103814636977848,-1.1810667929945178,-1.1292589533296842,-1.0487801609723866,-0.9551792841416739,-0.9131778041423347,-0.9136801316969551,-0.9133715762511583,-0.9689436733725636,-0.996604020808151,-1.0271796770039752
-3.3484341561778637,-3.400932216421608,-3.3835400477657687,-3.379891328603187,-3.3794807579851565,-3.3485990434835284,-3.341809080546575,-3.3403781053920265,-3.309539803253604,-3.2696212587644755,-3.2816126066107403,-3.2532637340958748,-3.2004495491736122,-3.1908254176459536,-3.1500643554742696,-3.0857949969474725,-3.0491626129332032,-3.003830784927038,-2.938892380503339,-2.9049420290428323,-2.8426829626740107,-2.7930834406359,-2.747702954802273,-2.6923956801335334,-2.5341868970423493,-2.5068814859662547,-2.49113874389325,-2.426836663425274,-2.28604591877317,-2.2303683850820115,-2.215698182506588,-2.099405065509131,-2.0356573805121987,-2.00650310801534,-1.9470451550458006,-1.8777958844233127,-1.8025148391668855,-1.728633453955033,-1.7014933576390818,-1.66946990917115,-1.5022687378467676,-1.459201561592598,-1.4340982669467612,-1.4689168044171415,-1.4206603254536108,-1.398946703179097,-1.3918201760368987,-1.413373074615331,-1.43941897444172,-1.4849404639432613
-3.2279406070478056,-3.249814749860834,-3.244329555335674,-3.2552227259332813,-3.270344304542425,-3.247904246749718,-3.245549535820367,-3.253580614083848,-3.2269114493406907,-3.2167903691319366,-3.205089363947953,-3.214267845925895,-3.173024038370947,-3.1795295112241027,-3.1697034306791165,-3.0990915267204677,-3.1013231859387473,-3.079265078654576,-2.9998129915614076,-2.957705917311954,-2.9209293217114025,-2.891171810727206,-2.8306198080718503,-2.802474418018872,-2.771694725924856,-2.721688564888623,-2.6815926130159595,-2.650440878461377,-2.5997684010424775,-2.5461750831107204,-2.487427634165137,-2.43176452390483,-2.3820372811859656,-2.352130230611184,-2.2409231792990876,-2.1735547787339478,-2.179716406698732,-2.1426158300842117,-2.12190778420415,-2.107128778171958,-2.0377758876567396,-1.9950659862737974,-1.9522431262664461,-1.9526105507455604,-1.9878089161405195,-2.001674507228136,-2.0566236762121552,-2.0074993184251113,0,0
-3.0654122583114343,-3.091725513683214,-3.091122099047397,-3.0917279603447745,-3.11877883328529,-3.1139807236115598,-3.1078102035190756,-3.118191552540422,-3.0968483948734638,-3.080986376060907,-3.1068881127902666,-3.106059878102444,-3.086492588928227,-3.0945508009178835,-3.0907902351871153,-3.0759823401453956,-3.058332425283915,-3.037475138241418,-3.017216754684647,-2.9977223284466517,-2.969887509682722,-2.926782549129247,-2.8933223756710498,-2.8846412349312307,-2.8174715459439295,-2.817084051937241,-2.807323986797309,-2.757997795132412,-2.7126330732444095,-2.689575934048843,-2.6640289226838734,-2.598963246734003,-2.5553148096149707,-2.5174408591269892,-2.453315558673386,-2.400252542064883,-2.369571282847056,-2.3707527696064927,-2.3591245652025727,-2.317014485725863,-2.289752346840505,-2.2793174748281975,2.3614193077091806e+38,0,0,0,0,0,0,0
-2.9371429129868236,-2.9637453185646834,-2.9641308616985347,-2.9836473036012596,-2.994460041030566,-2.992347982666541,-2.9975745300507404,-3.0175297058841046,-3.016071662246739,-3.0301011801697078,-3.0374462442802885,-3.044999189788591,-3.0216164978361686,-3.034284810373851,-3.0330294737789347,-3.0162864375050864,-3.016839925542207,-3.006918597444078,-2.974059505634147,-2.973481092677847,-2.96569823746324,-2.930462392978692,-2.923653698688551,-2.9208436192889606,-2.8762549737619505,-2.8757124746709417,-2.876955057198951,-2.850337127727827,-2.7910902758891862,-2.741368335897615,-2.724656194849615,-2.707931423914279,-2.697352802248897,-2.680972240501885,-2.6700713942462038,-2.6351203040932454,-2.6223921043138096,-3.135963276244112,0,0,0,0,0,0,0,0,0,0,0,0
