jsons/1312902000.json
{"header": {"parameterUnit": "m", "parameterNumber": 3, "dx": 0.1, "dy": 0.5, "parameterNumberName": "Northward wave", "la1": 40.97354507446295, "la2": 16.46031188964855, "parameterCategory": 2, "lo2": 133.9931640625001, "nx": 191, "ny": 50, "refTime": "2011-08-05 8:00:00", "lo1": 114.97908020019554}, "data":
[rows 22 to 43 of 50, columns 49 to 97 of 191]
0,0,0,0,0,0,0,0,0,0,0,0,0,0,0,0,0,0,0,0.04377917782289332,0.02256536890031875,-0.03475456548506045,-0.05878604135161749,-0.03282276141399618,-0.27634912039913634,-0.40219549835747054,-0.5270127254964057,-0.5316135916972693,-0.5341531622356287,-0.5324596219897315,-0.5290126137645729,-0.5298046017525943,-0.5385631446226377,-0.537799248421077,-0.5312415154706583,-0.5349062626291154,-0.5096065373572676,-0.42355746594445154,-0.4011639324081552,-0.41466517914590223,-0.42753217104707003,-0.3975560015452324,-0.3699617850760697,-0.37365801838578877,-0.33919269949645436,-0.29710952704010607,-0.2829681157597778,-0.09306896077544756,-0.14474889103505562
0,0,0,0,0,0,0,0,0,0,0,0,0,0,0,0,-0.002817754908198925,0,0,0,0,-0.1925064327431577,-0.3236598084127765,-0.43100395600769453,-0.4804867470783791,-0.5068547698965898,-0.5322855256187797,-0.5387458606271602,-0.5262462790921446,-0.5230359748082792,-0.5218787895634205,-0.5031806480160548,-0.474154835754252,-0.45562109175812887,-0.38281278442793987,-0.3714406851524003,-0.3572038177420164,-0.2992983547345549,-0.37651602563957676,-0.3829030319209167,-0.36846051889812254,-0.36068266404946836,-0.4076296806225438,-0.39425740610035365,-0.3060400092491709,-0.26672802723696026,-0.23193960567669536,-0.12192876325023239,-0.0955464464407811
0,0,0,0,0,0,0,0,0,0,0,0,0,0,0,0,0,0,0,-0.23527185841147055,-0.34311591889205073,-0.3839262146711579,-0.4236825612102886,-0.4910756857892409,-0.5107039193225648,-0.5118006428838846,-0.5144014571219947,-0.51620827165791,-0.48754133241380915,-0.4752018709144984,-0.45253313216444485,-0.39832239727885,-0.38642434199910686,-0.3765166659170005,-0.3423096310250002,-0.35716070583763376,-0.37905317813861444,-0.3015544329021277,-0.1869971919564498,-0.1998983058278,-0.1870683764170735,-0.1849068113583204,-0.16334835600234696,-0.15047111235987232,-0.052566470030927494,-0.01661402246680192,0.04292202196979103,0.14954460088706226,0.19996185189554413
0,0,0,0,0,0,0,0,0,0,0,0,0,0,0,0,-8.1454825486999445e+37,0.05143105752597835,-0.268918332497261,-0.348487890524494,-0.43762459891848304,-0.4631936866305705,-0.48477742410793995,-0.500549399196228,-0.5113701137254082,-0.5053695269534684,-0.48980076985902266,-0.46512314829183193,-0.40381329633151325,-0.35647224214345113,-0.3449815348715896,-0.2615617765541732,-0.19555801791917593,-0.20965645425498236,-0.21761996102647413,-0.1975486185073303,-0.18440825781430037,-0.15266526386266843,-0.14230904695563135,-0.09392438217901812,-0.06686880747619632,-0.05124482383807581,0.04049275309790483,0.08016850170881676,0.08842326439371688,0.10673966071999702,0.15017905566860262,0.22199847179684776,0.2710149975966248
0,0,0,0,0,0,0,0,0,-0.06814064669578924,-0.1498986790399325,-0.18645333220799568,-0.20614948039563472,-0.2580259168922462,-0.27921362172918684,-0.3202582099271522,-0.3563378622737539,-0.3977290835099711,-0.4349443628147494,-0.47309112858797836,-0.49757035288396295,-0.5275673520281513,-0.5490086313915944,-0.5514980097128815,-0.5481553349511455,-0.518282099824504,-0.4650042472978019,-0.40970991562906717,-0.28594887011556064,-0.24694084314163403,-0.21311283055463456,-0.15113991530296494,-0.11228964384844323,-0.1181721063732881,-0.037161527821664986,-0.03938221624692426,0.007823275442322093,0.10737272755081272,0.10185237199622373,0.1136895256671628,0.14636870227859836,0.17112401525078005,0.16110248020213885,0.1686482319333259,0.23707999260345788,0.285157840992318,0.2832633043772789,0.31530497842809213,0.3562402565495839
0,0,0,0,0,0,0,0,-0.24534567058695764,-0.2804240430117197,-0.33806526638672424,-0.35305938334793285,-0.37698090465696643,-0.40314012038401364,-0.42238381406286896,-0.4489531794854281,-0.47459542747865685,-0.5107144432368032,-0.5376853863948415,-0.5604523036812142,-0.5630978899553679,-0.5427894639187203,-0.5321506145727267,-0.5255024235563128,-0.5037495442834256,-0.393847122392487,-0.307591820560966,-0.24722115474089723,-0.10475792437840824,-0.09856758302737632,-0.08876620084074369,-0.04704373294749881,-0.027480016993016436,-0.0253231618158801,0.08650442255072271,0.10787773105181955,0.15753689023867232,0.1610069212074115,0.16305854985541257,0.14901006418568927,0.13430692614913753,0.12393268426983278,0.14650125870155992,0.13701948829872787,0.2599470691928342,0.3608572034190028,0.32265692753330577,0.33017778891567845,0.4155215341515664
0,0,0,0.07561539458596593,-0.2981464171230506,-0.3358759290984183,-0.3555359148523275,-0.38788331019818434,-0.402944929919621,-0.42193550031373916,-0.43280766231774015,-0.4466946450351813,-0.4708344812864233,-0.5038064770078159,-0.5341485335211872,-0.5569536147957109,-0.5812201545546827,-0.5948569924807237,-0.5936617203797054,-0.5932324360167768,-0.5925853551227972,-0.6118387330356588,-0.5614761265253351,-0.5099107461090874,-0.42426190689888177,-0.29049547892412897,-0.09905763686736571,-0.01569226135169469,0.0823453708519305,0.04760328144321053,0.029617405686386926,-0.007198581678946859,0.005011086909566064,0.012563141785318706,0.06292259564985396,0.09829287594558327,0.13344037613089918,0.14332480460012004,0.12387957241603913,0.12386414931718182,0.14616870228802223,0.20960797256891303,0.27235948427992884,0.3036467536425826,0.35530924435131733,0.33112947183927827,0.3218715347200898,0.3206790466184737,0.38900920788006277
-0.28575296993026206,-0.37185637467134236,-0.4077721966783731,-0.42549849721945204,-0.4437570329983191,-0.450756543760667,-0.4665880503518549,-0.4877063766225847,-0.4896185898662364,-0.507520042405617,-0.5347865663519046,-0.5513802141431254,-0.5732991163882909,-0.598414427022469,-0.6158604363095643,-0.6242669118307552,-0.6177718908107876,-0.6213331452795238,-0.6276418929759311,-0.6287822260475738,-0.6295194493343113,-0.6290907300439192,-0.5769153018598943,-0.44691217428334773,-0.23371207915175912,0.216467398136093,0.23041057648331553,0.20301712350304113,0.15439852635697593,0.15855459533253768,0.1589765388037126,0.164230084614713,0.23014999062830888,0.2672705627029469,0.22163683365398776,0.2655829914269689,0.3143933679614789,0.253817389284206,0.2861314069678563,0.3156999958230941,0.20363467838885443,0.24056971649231312,0.30563630541565323,0.3207768289503676,0.3399139745099368,0.32973552816238033,0.3571550879464984,0.44341494693840644,0.4666286652058331
-0.42671834839301087,-0.4692035002657294,-0.47436836884835754,-0.5025686993446626,-0.5170280457796365,-0.5234637897444561,-0.5304897929520397,-0.5512015217911563,-0.5548527525054479,-0.5885385858332802,-0.6156857750588627,-0.6189029215252758,-0.5815461340111682,-0.5525961017151311,-0.5452697154570211,-0.576287757587747,-0.5808821378633597,-0.579724365753165,-0.4497751346296634,-0.4713920567088721,-0.4732065338640978,-0.5076742479890785,-0.5222632779603683,-0.644014883905248,-0.3523426521678557,0.47700021077269644,0.5317018374779952,0.5222195159221502,0.35547901177222935,0.2434159859726353,0.3317016312733739,0.4318793101789937,0.4920162891150993,0.41312687654529445,0.3516326852603569,0.3572338657538236,0.36366846118513607,0.36424359372634985,0.3151677004716211,0.31894492911571054,0.36381493640150453,0.30098003700183784,0.28247887440456215,0.27046096099719286,0.29437778313322044,0.346324560149082,0.4038378204387968,0.44516616835906253,0.46795192795050516
-0.4968200771638025,-0.5372725852689686,-0.5446752604094683,-0.5485838552861738,-0.553465705763901,-0.5296652507433297,-0.5181091258211965,-0.50101000590301,-0.4661054843946625,-0.3660017980720132,-0.2701588440659667,-0.2099348806033598,-0.07656296146236168,-0.0560530430839001,-0.03658068753700643,-0.04187323046564901,-0.09523600475286925,-0.14332957724813541,-0.2114335877384594,-0.2540147847613611,-0.33564443554156775,-0.26752703238938386,-0.29455670959672103,-0.2903398490850664,-0.47611176726090804,-0.5984702003072668,-0.12535336750774576,0.08151595927299513,-0.43246146784238826,-0.1344967938374546,-0.6107571832572991,-0.1440859865904909,0.41474093256158656,0.3998424876038522,-0.32781900834863065,0.301786046739968,0.5915784280821733,0.5165691379821016,0.4837047466967616,0.49244765640546184,0.5043165469720478,0.4786833798265165,0.4598200476277969,0.47143022764959586,0.5000291693933178,0.5170240658142957,0.5146307015660512,0.4786024993188241,0.45488443278951657
-0.4723249330055233,-0.45855564118279485,-0.39970030561602643,-0.3477887884191104,-0.31028472992638745,-0.16865645742620752,-0.09860880485252385,-0.04488484368330143,0.05282627905353452,0.22963401367388525,0.3386324880695932,0.35448337495630794,0,0,0,0,0,0,0,0,0,-0.5812903121744376,-0.5752247756325107,-0.5703867929753564,-0.5842100563146666,-0.6352475422383493,-0.6289585627237702,-0.5840484727034619,-0.3224029031028845,-0.0452510214013123,0.1292605562169562,0.27536960758478224,0.3758064161918369,0.24883110085493476,0.07483099880585617,-0.13046714666211823,0.17756491979464137,0.3783940644252889,0.5081094815943474,-0.4543890256202719,0.4317762634772369,0.4442531069927322,0.47535776710509026,0.2817120078074501,-0.5798085750043936,0.5319189821103391,0.5354932970504842,0.503041513595489,0.5203732490102241
-0.1508832655719839,-0.14812216868457115,-0.03231401831801143,0.04171067219848465,0.10007792995990028,0.2809239884321747,0.3322014032764169,0.4252352698969502,0,0,0,0,0,0,0,0,0,0,0,0,-0.680496467815085,-0.627180008053097,-0.6089262029780512,-0.5897060702650078,-0.5771822471767021,-0.5061709986460696,-0.5233390789324903,-0.5616318681494502,-0.4652932861807789,-0.6041669437740436,-0.15634488712220218,0.2948845281035409,0.5127617100936244,0.5556968500473217,0.65840073202065,0.6546174807051198,0.6173890775654804,0.599226824592919,0.43072163227201776,0.27026851446070077,0.14246904141900685,0.07397822951479109,-0.4512371098726941,-0.2541739340104738,-0.3400855982686169,-0.24439197990494202,-0.01911005177462773,0.2943743416634405,0.4016249508600831
0.13783094820881175,0.19658574107467122,0.3530424704581018,0.40278420418252153,0.4149012267841924,0,0,0,0,0,0,0,0,0,0,0,0,0,-0.5834704378535431,-0.6373584764007544,-0.7078156681306498,-0.707605665952311,-0.6323271765129318,-0.5643306042414354,-0.5244093343354755,-0.479983121605995,-0.39754727863817135,-0.32070198915668147,-0.14773915504304944,0.019157702591561576,0.0053761209471377795,0.13517694992447243,0.32000439856638263,0.42992832902082523,0.5341662564147323,0.452758235587365,0.17195610616903,0.5537876945920951,0.5499089901280998,0.44603543465892315,0.3290298665711977,0.3208482317743777,0.2991495360171592,0.24604431843881824,0.1865792805538057,0.17137320017366736,0.2532484429446273,0.32741415343618896,0.37404512474118085
0.4019105798746623,0.4652777832021213,0.534223751630664,0,0,0,0,0,0,0,0,0,0,0,0,0,0,-0.6493612689525073,-0.6469643858772813,-0.6556357123600614,-0.6243750404412272,-0.596039852350081,-0.5201201331830236,-0.46770559520610816,-0.43068334512356293,-0.4073233576260347,-0.26308295657602565,-0.18731421159455583,-0.03641568559228783,0.03126386951488066,0.0489576102364941,0.2627039006217265,0.35234398444488235,0.4599710240679941,0.6155915606694087,0.6374488588909635,0.6196587755759556,-0.28694654055299285,0.4927139356151436,0.51432545503728,0.5282167055633534,0.5113993635328035,0.48749984858978307,0.4744773263190014,0.4345616218135187,0.4171726604718403,0.3761593041156167,0.4335340563189313,0.48019498011947404
0.5085463346727693,0.38395208134388387,0.14871736151857062,0,0,0,0,0,0,0,0,0,0,0,0,-0.5823753579459952,-0.6010090049129156,-0.6623604413193214,-0.6291815936691709,-0.6282614858504698,-0.6724526311484753,-0.2594522552704778,-0.20284250051429828,-0.14282712920286114,-0.05360517842038219,0.05977578936024331,0.010710601848943317,-0.007726150406990494,0.019905013782937547,0.02839349182050319,0.034012193959350956,-0.058777873327128353,0.23107261608089946,0.3749334598884184,0.5463112877632177,0.6119680282067728,0.6206995034520049,0.6382516822075499,0.3053812023755595,0.6092445769098634,0.6463306970129279,0.60588468085214,0.6007279401647012,0.6033722733986959,0.5392619587899729,0.5450887255885826,0.5424583780384398,0.5595314768112337,0.5880784360739923
0.4828048709733908,0.4628760651492723,0.45680284892712036,0.3456405521577312,-0.12496666852211583,0.09647808775389204,0,0,0,0,0,0.11099256584212375,-0.5066763822203444,-0.59122666231228,-0.6334621750513054,-0.6090701011372983,-0.5552603869878667,-0.49254915451598713,-0.2035119963037916,-0.21868494220353502,-0.11269328122513521,0.0686463388392904,0.16121331935194422,0.27177005008550303,0.24831950974987638,0.21211937496537916,0.1694261269488491,0.1498399883629866,0.10634662937178946,0.12600727515787108,0.1403913707365708,0.20858365379048424,0.3036391814415771,0.37552534056824594,0.5444261534422992,0.5664357901774567,0.6168216571293669,0.6630338160804201,0.6788136963709483,0.6746866399643219,0.6976988744140001,-0.5118875514261422,0.38476880075963465,0.526967471669313,0.6500887708394278,0.6524574842487795,0.6484938284696568,0.6455502059599031,0.6505505586060334
0.4469963524806852,0.44584859988857933,0.36542205653864734,0.27465146259555173,-0.4348875183145378,0.32046393075249285,0.37173787995959473,0.32872533277349286,0.19107535186922298,0,-0.5488702961952916,-0.566493318399098,-0.5453425383932103,-0.5626623887707228,-0.5130855576805367,-0.3702161263656878,-0.308422709865182,-0.23461365052317962,-0.062124904550162764,0.016643489504305185,0.08050045860212582,0.24718193081993065,0.30563575492643225,0.3336322258242783,0.3874496635255822,0.30205614376021206,0.2844286249599527,0.2704236487912539,0.25500567962215237,0.2469661492603216,0.29235614199029514,0.4492500893799845,0.4872934404246635,0.502760745721474,0.6178471283676773,0.6385612194547349,0.6239837939928328,0.6408553016841914,0.6676528519583919,0.6658052952173655,0.7228203345411272,0.7233240643274627,0.7228802263345558,0.721023365748976,0.6425246737047291,0.6577968208833459,0.6580613525341918,0.607931326283611,0.42700412265608784
0.19170873403050273,0.1656460518637615,-0.04516162350027229,-0.1989816430196686,-0.3307744855418895,-0.40275141856270397,-0.4132862125795551,-0.41515972459867756,-0.43548206022535946,-0.4029734858057735,-0.3976771562318713,-0.37174025380431464,-0.28184460642488024,-0.23572059573591367,-0.1758570603571043,-0.07835482042789645,-0.00032976107649384064,0.059982139127861704,0.2003235258438305,0.2712153793897129,0.2972864604535884,0.363549531978078,0.42662734606203856,0.4180929934449074,0.4069911729980424,0.393813454410379,0.3977598169573984,0.40295131614211416,0.45575982105970775,0.44625496277353194,0.4456502574362388,0.4618889066352692,0.47507393019855443,0.499633071492437,0.5505682587498477,0.5923589984666104,0.6000812947316125,0.667160514733381,0.6754937324600889,0.6739744184752561,0.6906512746264275,0.704828649031697,0.6918809938417474,0.7055870944948006,0.7207718668740349,0.7243342620276951,0.7326394773339663,0.6811122419747604,0.6586066207480795
-0.017326873375463254,-0.08204035114345239,-0.1592408230402378,-0.18315407375684947,-0.2093750130326378,-0.22201230745472775,-0.2091577008761345,-0.18292894598539963,-0.17524344212427592,-0.15243378079406192,-0.15062252603860893,-0.1247492203614445,-0.04645747737321193,0.00858745791566384,0.057235847001084986,0.21754654635695841,0.23292580126449194,0.2566413636134007,0.3482626212702568,0.37050188382807053,0.3915420715793491,0.42089856436068185,0.45225698705083944,0.46922637224370606,0.45766103517894585,0.4633260486095556,0.466046287527943,0.47314216728331193,0.5048652493298453,0.505515408611759,0.5343743146244483,0.5747709000251982,0.57639484659261,0.5906780029058015,0.6129241671259719,0.6467582033283135,0.6811798957195104,0.7028316001188827,0.71597370679815,0.7108425203052131,0.7209715807319296,0.7271447380892573,0.7157825744928871,0.7032647472310058,0.6981255597721729,0.699086431482862,0.6979495308742341,0.7044934845908934,0.7065799373773541
-0.021372295014448622,-0.013836152912497563,-0.009701285027758211,-0.01687988871279434,-0.022507565454881102,0.006536457717166885,0.010177355946186089,0.004264806752943138,0.0029189316177297042,0.037695577695347156,0.09368608428160774,0.1086986783845333,0.18086838005824715,0.19280032662227478,0.28068168498910195,0.43924444811444374,0.41910924402496447,0.431442883923268,0.46635894638125536,0.4829510439280812,0.4944432627289664,0.505689859283409,0.5089405489651281,0.5223151949052038,0.5245779032487589,0.5528716519927016,0.5607088883942849,0.5660243195575503,0.5840224008756328,0.6030213312168454,0.6389544930461745,0.6417135740958296,0.6286911365592335,0.6271502444128458,0.6377189447651996,0.6444194946804295,0.6559666922773958,0.6682202722453641,0.6686588623599666,0.6594376993489404,0.6982670954442037,0.7023029810685283,0.707580636754142,0.7100419095806444,0.7133221129441232,0.7014768227220753,0.6949764829913239,0.7032863251272757,0.7105474044677415
0.11754885971140638,0.11311748751167101,0.11101494802961434,0.11392284433127886,0.12863702590177098,0.13686282745363204,0.14526146089362324,0.15788729539751656,0.18011516978732667,0.19430205220106408,0.2129233509883356,0.28584198161334773,0.352963655458844,0.3845091166955724,0.43630482784953706,0.5048607855411807,0.5186269748816416,0.5297553531081534,0.5594378350687107,0.5622747331143295,0.5654014494100807,0.5817901703067113,0.572041824398331,0.5667241400565732,0.5673578270181927,0.5809358340957755,0.5931423873106499,0.5948008962259694,0.5932366754917641,0.6030290491040029,0.6217561694677847,0.643091290200931,0.6417739540541709,0.6446072285621058,0.6442514931659881,0.6303551719930878,0.6295097235533695,0.6838373014743877,0.705884463712792,0.7312122208840993,0.7388119965364119,0.7288204373403885,0.7139901235093582,0.7126895143490469,0.7201039004440231,0.7169079217448839,0.7161064588715599,0.715664838684444,0.7202248088298284
0.1619963991732887,0.17854315590762118,0.18772572865567502,0.20076340072459972,0.2189764711526206,0.2256534890673479,0.21774087234365844,0.21017810748026014,0.22270593335729968,0.281065937624307,0.3048691756302403,0.3145292990896979,0.38558764299871645,0.4309698064260026,0.440011134632762,0.46793335311684914,0.4883623824131592,0.49641926793541175,0.5319328933177205,0.5460291563042043,0.5550461305713547,0.5832857567307256,0.5960043078423697,0.5839988455251509,0.5872108371348428,0.6278270301484247,0.6111263923874446,0.5965492210887117,0.625595853733288,0.6423297140891454,0.631449921765903,0.6259760176075124,0.6285241793925422,0.6283634085072896,0.6179384894329087,0.6373685232182369,0.6609161594879525,0.676049479520103,0.6893512411792003,0.7023410715405812,0.725096124368823,0.7341040157120966,0.7441957113764547,0.7540011923140812,0.741923100523128,0.7280573763705166,0.7339175987022925,0.7434053554947947,0.7419097986049698
