jsons/1312722000.json
{"header": {"parameterUnit": "m", "parameterNumber": 2, "dx": 0.1, "dy": 0.5, "parameterNumberName": "Eastward wave", "la1": 40.97354507446295, "la2": 16.46031188964855, "parameterCategory": 2, "lo2": 133.9931640625001, "nx": 191, "ny": 50, "refTime": "2011-08-05 8:00:00", "lo1": 114.97908020019554}, "data":
[rows 22 to 43 of 50, columns 49 to 97 of 191]
0,0,0,0,0,0,0,0,0,0,0,0,0,0,0,0,0,0,0,-0.6021242893252986,-0.2879435381795473,-0.43367892480901965,-0.20526231232943756,-0.2323009531249772,-1.408635044805459,-1.2180316435698901,-1.8028450651000731,-2.121601301111859,-2.5689857605797304,-2.6682678277517113,-2.7415739335262237,-2.8635855135972412,-2.9383235234587772,-2.957383239977941,-2.93859430008377,-2.8941729755869137,-2.6906322692532725,-2.375736774889,-2.1980276891667687,-1.981350984818125,-1.650521112706208,-1.4340516719918464,-1.2240860356216403,-1.0737817085980725,-0.6356271772831625,-0.8867598458451837,-1.0163016886800802,1.5410675346701765,1.5559842563142035
0,0,0,0,0,0,0,0,0,0,0,0,0,0,0,0,-0.0871177634308214,0,0,0,0,-0.41143201037219324,-0.9154948089342294,-1.1798752454646253,-1.4148633874849137,-1.5899772142355577,-2.0100921377618963,-2.3200265259298334,-2.603727017401384,-2.759523851847998,-2.8442319013552995,-2.881367730863623,-2.8104161718545067,-2.713548960382484,-2.4329473163814486,-2.301419050583995,-2.1408838712242693,-1.9336046263003703,-1.80428547655777,-1.676954109009458,-1.3995536349753952,-1.2305378029727327,-1.0580005220982245,-0.9449810068795362,-0.6572092376561144,-0.5420845620381418,-1.367101987819359,0.07285409639094562,1.6065827104008525
0,0,0,0,0,0,0,0,0,0,0,0,0,0,0,0,0,0,0,-0.4140670666613402,-0.5775112154206891,-0.5949204562323452,-0.8255675334336197,-1.2740628141317332,-1.5973379817770121,-2.0846610210697247,-2.391697850619783,-2.540318658013781,-2.6890347549708262,-2.783759776209367,-2.806017129573414,-2.7617190622579115,-2.6631505646651754,-2.5961998269767195,-2.397590843223709,-2.2736864111513126,-2.100930897864764,-1.843515888001206,-1.6686502165425925,-1.4738277767152126,-1.1686048994896157,-1.0780975476896293,-0.941477652266032,-0.8554225641458622,-0.5735340380702926,-0.4891447816172114,-1.1037830604510834,-1.4325295390049733,0.2019605510225598
0,0,0,0,0,0,0,0,0,0,0,0,0,0,0,0,3.3038944722661223e+38,-0.46914173519362184,-0.14431490767336447,-0.39011187801507086,-0.7893872298130526,-1.2710184320745845,-1.5615850995369658,-1.937425627886297,-2.1724358203934924,-2.406304712752629,-2.583508064344611,-2.6551870041396217,-2.6990715685162376,-2.7083340461064886,-2.6853220950944796,-2.5581456889242933,-2.3888535843885794,-2.251756256399871,-2.079691563121729,-1.9321123161821978,-1.802040808267361,-1.588632363149054,-1.4972722563536507,-1.3521287498075614,-1.1735556740450348,-1.1070996806077125,-0.9927157148883488,-0.8601281855905321,-0.7175155253941116,-0.641568032623247,-0.5673774351481068,-0.34000454577401684,-0.9893519741193504
0,0,0,0,0,0,0,0,0,-0.04012540375954484,0.22508870222439506,0.4766106444963763,0.5920300163126152,0.7771497442581413,0.6352978181579239,-0.003291544729728381,-0.30919425051925437,-0.6422872814676878,-1.1069771691082404,-1.3610661926585754,-1.6946403104954813,-1.9209083637272903,-2.0866334746149184,-2.2549822996764908,-2.3496251954797334,-2.443915422225128,-2.518981973717994,-2.541772549153894,-2.545637005778913,-2.501435070835314,-2.4492179848790134,-2.315516082449394,-2.1566160494280613,-2.1111863539939417,-1.9810325122155192,-1.841228898054063,-1.6139624954461256,-1.3535287552592428,-1.2957387313461342,-1.2182634373277677,-1.1102469440846867,-1.0415396927395466,-0.9889147437381264,-0.9178576127652869,-0.7747111786215631,-0.7154518263112275,-0.6501892288455637,-0.5358644634956545,-0.456941816341588
0,0,0,0,0,0,0,0,0.1700599984251982,0.11880854387740593,-0.0929798865584824,-0.346437878007597,-0.7232586647536244,-0.9538428593870064,-1.0972223893113906,-1.277696991683137,-1.3859177285309063,-1.587760276181363,-1.7655700683261693,-1.902511139944422,-2.0509783753747484,-2.150453981521148,-2.2202561818327986,-2.3238648511761326,-2.3638399437645985,-2.4116706086253705,-2.4630082897949857,-2.471273628009124,-2.460146696476668,-2.433034984360012,-2.3854652682538084,-2.2525100267564646,-2.1704217384579327,-2.1045108056177826,-1.914436917137774,-1.8025912787176888,-1.6309023274766168,-1.48197921321734,-1.4180978267371485,-1.3697107777548985,-1.2559229213217937,-1.1874440267358612,-1.131474260830121,-1.0341546285586078,-0.9079369381596076,-0.8399336090295373,-0.783056085490205,-0.6345786396565443,-0.6022757460941658
0,0,0,-0.46207350727882357,0.304050029713382,0.17780827795390056,-0.042652884081043056,-0.25810274033455055,-0.49086479866455407,-0.8130966555292604,-0.988749883707307,-1.1374523297259576,-1.3043110948947143,-1.45110407159353,-1.552479690941146,-1.6497634863610082,-1.734097436851723,-1.874942781086094,-1.9586694148941275,-2.0320389386749307,-2.122107495908309,-2.1802050319168997,-2.2267962709164393,-2.3052200759608623,-2.333738231252403,-2.369961419212123,-2.3916723539003293,-2.3931402290105703,-2.369013468685284,-2.305430042057406,-2.2651053771076537,-2.1695341617914776,-2.1279985492266946,-2.08059340352514,-1.9014835175848763,-1.8322686357034725,-1.7242701598200907,-1.6443217254474547,-1.5862143996277134,-1.5581274053025962,-1.479514269698737,-1.3791247491657321,-1.3119968522671224,-1.18284978738484,-1.0206633511004173,-0.9209196085688602,-0.843429626993487,-0.7464446502289865,-0.7133233639681369
-0.019195387176416008,-0.07672285459473809,-0.2377362955603394,-0.4181556960747167,-0.6165359215434862,-0.8998640670366945,-0.9751919139881033,-1.1131926096195788,-1.2227075739763271,-1.3454515552087398,-1.4843157837445597,-1.5421264925508122,-1.6413056466591713,-1.7383833515726588,-1.796167825589735,-1.8633390475834581,-1.9047138530835726,-1.9705847417745657,-2.0369393300567533,-2.0677356271365936,-2.1386941722204726,-2.191517061100482,-2.2252133170969173,-2.2791814670289385,-2.2976092622978146,-2.3158663720344075,-2.336993227683619,-2.3454510939404773,-2.328161915555811,-2.299469266883379,-2.2780660060159708,-2.2219581865437172,-2.170767940041503,-2.136273917458129,-2.0153074338908623,-1.931612526993729,-1.8443825119280242,-1.798468089695491,-1.7433980670250837,-1.711923313518684,-1.6077364272269379,-1.5614116255124209,-1.4137505175449552,-1.3254065113088749,-1.1306474975199339,-0.9843763129426047,-0.9480598363153997,-0.8261444078633293,-0.7786819893500632
-0.5544855982651926,-0.74919379830973,-0.9576179183318899,-1.0616763251840624,-1.181217537786087,-1.2871784565326339,-1.361880505302596,-1.4728494819238445,-1.5294982347864217,-1.630736913161222,-1.7135894243090766,-1.7644511050835705,-1.8324931484165323,-1.8790443621695285,-1.901437368912999,-1.9253004899328698,-1.9676123735103392,-2.033623110791789,-2.0597252348114394,-2.0827561457897037,-2.1399999192723027,-2.1701538771198488,-2.2056868853204024,-2.266535363983259,-2.292237017149422,-2.310580321061637,-2.3314406811231203,-2.3263007254190082,-2.3001526351165738,-2.267105812209867,-2.2642342013944767,-2.2369134840003255,-2.208607782253556,-2.1804387919875157,-2.0961603077078705,-2.0584337398102006,-2.0263876499571385,-1.9212337017971501,-1.8481578787648543,-1.8032033245947698,-1.7083075126056126,-1.619296263453444,-1.5461739042137885,-1.432199752790004,-1.30283906820163,-1.171866601171255,-1.0731856655890812,-0.9273741906268959,-0.8438713369970582
-0.9111968294574225,-1.1310858924575633,-1.2978489139149558,-1.3594928392145402,-1.4471407304302368,-1.5333331004282742,-1.5910955893234493,-1.67721545599821,-1.73775253607983,-1.795768305129287,-1.8593930414750839,-1.883945808689202,-1.9129818418985274,-1.9284099278264342,-1.9490214140655875,-1.9754724523799196,-2.0041370029025103,-2.0619720741017895,-2.097753206804687,-2.1140579795020167,-2.166103486382266,-2.192574347201747,-2.222474291012622,-2.2563267090634036,-2.2620912859703592,-2.2654573078047413,-2.2700493773903907,-2.268064187176496,-2.2610783865739674,-2.2689775573362065,-2.2623798997308895,-2.2446912389841933,-2.254476830669095,-2.2430916679508446,-2.2138185738526412,-2.1872356643338082,-2.0697839490850494,-1.9368537385481104,-1.86720928368225,-1.7841078832667991,-1.6753116968747832,-1.6162239033292871,-1.53861719817879,-1.4505093698908325,-1.3307627685793966,-1.2588223531581684,-1.146792473678949,-0.9914836807664196,-0.9277331275775115
-1.3714234774891312,-1.4539276278885893,-1.5346599661579814,-1.5811498205048475,-1.650491114225233,-1.6931894214472056,-1.7453043279226341,-1.7932054584842507,-1.8321229444161353,-1.8522321736988396,-1.7610314246691277,-1.6850040005424816,0,0,0,0,0,0,0,0,0,-1.7194545678961606,-2.014367027890188,-2.1960449853373336,-2.2315414073006106,-2.264902289457964,-2.2815849563881843,-2.2949157600326946,-2.3009360597798847,-2.332665075301924,-2.3398742102690204,-2.3513629052877665,-2.3686719569534587,-2.324230950716328,-2.232277462106617,-2.1825989386867226,-2.069094476635119,-1.964776712587826,-1.9111242500794057,-1.8574379817411857,-1.748648369055687,-1.6804617509223503,-1.6126150552224612,-1.6157483739516707,-1.5793854161159542,-1.4861243523625127,-1.3638451188883474,-1.217575206809195,-1.1340657699595946
-1.5077779110791287,-1.523170145465396,-1.5687244055676457,-1.5902560773220615,-1.574840845281876,-1.5299138874451836,-1.4355747013436397,-1.235929013479514,0,0,0,0,0,0,0,0,0,0,0,0,-1.5065825103793915,-1.8341646557471583,-2.028921181509084,-2.173872355403837,-2.2181869411280073,-2.2927572065540223,-2.3410529879347077,-2.3707800139406,-2.4009931452981452,-2.4353008619846124,-2.4438946963259007,-2.427631239919104,-2.403520549319623,-2.392939197329482,-2.3358412169961658,-2.281450146415559,-2.193832500698513,-2.069447615073536,-2.0347257080306766,-1.9228761955772673,-1.9732161964784245,-1.939806192645346,-1.8877341835910146,-1.4926136404885069,-0.913589437326148,-1.8002870244006182,-1.774227978870367,-1.5562188322646553,-1.4799587039884143
-1.3634379052266241,-1.3178415436972442,-1.1684813228206155,-1.0622109154308206,-0.9351281688830613,0,0,0,0,0,0,0,0,0,0,0,0,0,-1.2617890024537248,-1.5183327223290606,-1.8061941543550915,-2.006335547655249,-2.089195857861038,-2.1768686043020664,-2.2459391276964595,-2.304543519205947,-2.3634368889804556,-2.38547534684296,-2.4062179956786265,-2.425196365249073,-2.457239817804674,-2.461829221492451,-2.4452874849789414,-2.384250639963434,-2.2976857776566164,-2.2280507683770407,-2.048115275007102,-1.7408208645288392,-1.4542331239411395,-1.098941436270357,-1.1537229564889828,-1.2359911317219088,-1.2655340296168345,-1.1327024054837318,-1.079061711326924,-1.2034723826654152,-1.377334757920561,-1.4885453631014465,-1.5313700285918008
-0.9904467614863167,-0.756722263574656,-0.487324834217205,0,0,0,0,0,0,0,0,0,0,0,0,0,0,-1.4472382742037373,-1.6672092928923785,-1.8265038378563132,-1.9760017404937935,-2.1047381832865457,-2.1671096806460493,-2.22224935514677,-2.2662458358955235,-2.312429521866879,-2.371144751755226,-2.3912841609104967,-2.411154033537682,-2.454521818176947,-2.473299593053266,-2.474250822348211,-2.4338899561601357,-2.373406672914304,-2.2035172777175926,-2.131410676400748,-1.9933958939098324,-1.8722646194284176,-1.7827679805809393,-1.646385399284574,-1.5527639903447898,-1.5158180809572956,-1.4686252550308836,-1.4495899987668137,-1.4140694990072762,-1.4296901504971506,-1.469794855850566,-1.4820842713580087,-1.4899452090934293
-0.6323989538747892,-0.49893323130255507,-0.09881980272750376,0,0,0,0,0,0,0,0,0,0,0,0,-1.4000610508418772,-1.5486153614124727,-1.725106903121463,-1.8790997597848376,-1.9709986256196685,-2.061571790901451,-2.1438003434089117,-2.188532362694318,-2.2600051079362027,-2.3067430444516424,-2.337077964496797,-2.3784415299899044,-2.4105714227660493,-2.42481750904181,-2.4371028487440847,-2.4391650631700976,-2.400840362963744,-2.3425438653689774,-2.3045728257014964,-2.1566007155001694,-2.084024039870516,-1.98622630171726,-1.925653863236574,-1.8887056909320303,-1.8151435605890913,-1.7636960806984845,-1.7309150774922535,-1.6807648067781942,-1.6663239120813302,-1.6240430305105393,-1.6121533407776174,-1.590985506216331,-1.5357578995914847,-1.5079184781654393
-0.5205508456036729,-0.44474345771111273,-0.2992465490977465,-0.3477205315748038,-0.5352994345545915,-0.46885790304087305,0,0,0,0,0,-1.2997546112757303,-1.29257074293391,-1.5138391599694137,-1.6234277789010385,-1.7428334849375888,-1.81820362683886,-1.9055943966274755,-2.003596117732556,-2.0532951352486557,-2.118888511368746,-2.173902208701424,-2.2070334682306596,-2.248885464320253,-2.270088299146849,-2.302148897823312,-2.3213466268562875,-2.3267846862700736,-2.3277853464633993,-2.310962254154282,-2.2935790474539304,-2.256819086629267,-2.1966174383737442,-2.15529205787173,-2.072889835473,-2.034558538443485,-1.9828140486083048,-1.932767326374344,-1.9211552587722407,-1.9195754016335869,-1.8890354999091512,-1.870078660071357,-1.8358397620185025,-1.8208315288671544,-1.7821586416809727,-1.746287671231025,-1.7256610324836321,-1.6808440900034434,-1.6722461292795316
-0.5074572488465671,-0.5544491671189222,-0.20294032229523057,0.5915859834969865,0.5283308655280659,0.5117404583236113,0.5801888627764996,0.6145344292335008,0.7975383881707495,0,-1.3715539727048096,-1.5478605904822444,-1.6838064122552152,-1.8165828971259022,-1.8858543102065761,-1.9776702038175087,-2.0193613257407073,-2.045394417177637,-2.077117466027741,-2.108299718048814,-2.1530568797769085,-2.2037425554433443,-2.2221560347684965,-2.249407917452854,-2.2607338129113432,-2.262066864563588,-2.2539517642111875,-2.2347253775326243,-2.2122217845254846,-2.180531015718968,-2.168745032899126,-2.1241089622938065,-2.077664387861136,-2.052434692012836,-2.020692216854138,-2.0029162119479227,-1.9950287347679767,-1.9786834100806592,-1.972413856070001,-1.981824977617281,-1.9561288585408116,-1.9349672768918815,-1.9103040707938532,-1.8883335917876065,-1.8656531110952672,-1.8501329191473024,-1.8403108621529707,-1.8017504701947369,-1.7764373137159857
-0.6934317650330144,-0.8655683643464375,-0.8479913322040964,-0.8900581716245679,-1.1009992352058033,-1.1694332156077951,-1.3901941614648314,-1.5628335245724854,-1.6603802666967609,-1.7561469547011033,-1.8319993793850102,-1.864062568009477,-1.9286984077182483,-1.9720397277624508,-1.994361713115424,-2.0405792243317697,-2.0703382059234388,-2.0810061377450544,-2.095964926757684,-2.121155944867338,-2.1429898068028024,-2.165535161104245,-2.171630661472101,-2.1662907458394156,-2.1635169485113313,-2.150592290404326,-2.143983906233305,-2.1419976359725843,-2.11260153340386,-2.0895655246738167,-2.0774545352429827,-2.0578845674569815,-2.0414346853833867,-2.040181445138528,-2.02695098495169,-2.0162722219883915,-2.0158317331311473,-1.9897448849341717,-1.9867891936864377,-1.979332971242763,-1.9515543833652222,-1.9248051776096806,-1.9169317602746956,-1.910299315976807,-1.8805985625429624,-1.871148440906674,-1.8575761973136264,-1.8518182465144628,-1.8321374122500738
-1.1672725789128031,-1.306893480836338,-1.3660244898158587,-1.4180417191933536,-1.5967191213452543,-1.636500930454706,-1.689142367358601,-1.7892745269922758,-1.7985874507203494,-1.846697846031512,-1.8689966845027806,-1.9016748966142851,-1.9391198649925947,-1.9643417180798626,-1.9809923993783094,-2.012978662000123,-2.020197366016188,-2.0356039092016793,-2.0622832002516867,-2.070582053296179,-2.0843515005729523,-2.0925173959425862,-2.0943296931962347,-2.082075646443984,-2.089024863643381,-2.0847992651096496,-2.082696948236651,-2.078208953017992,-2.0543082483564703,-2.039103098710094,-2.038379934576834,-2.024684739935276,-2.0240480251349644,-2.0211156764504272,-2.0117479559916225,-2.004669195913713,-2.0059359238428986,-1.981439115429256,-1.9727170118501296,-1.9784301208382158,-1.9444281480410233,-1.932328819384892,-1.9390829818699744,-1.9273550430497963,-1.911885993732338,-1.9240097274093864,-1.933082306477338,-1.9036150875098898,-1.8990863264866364
-1.4249550449392594,-1.526639452840155,-1.6072527712818812,-1.624133621964024,-1.6964885266204324,-1.743210142812169,-1.7566768099473273,-1.784835421572624,-1.8073045022105747,-1.8276088809517175,-1.852188352803032,-1.8598120914169247,-1.9008909501849507,-1.917013379074866,-1.9348700172085278,-1.9559730877964532,-1.961736618910399,-1.9810179352998398,-1.9893958729578112,-2.002658760722856,-2.00249130722327,-2.0019953551269865,-2.0061705008091884,-1.9977135383698201,-1.9987237949744294,-2.00385091020153,-2.011089658240524,-2.0130882818933356,-2.0111181925183725,-2.015006617383931,-2.0110011348606904,-2.002420807563719,-2.008818465752907,-2.012037079772666,-2.0078668804847393,-2.000688927535752,-2.0163148924215144,-2.0105207897206148,-2.0016731583317013,-2.0026336801335467,-1.987039978067554,-1.9817441473481738,-1.9714274773290466,-1.959329049826321,-1.9360728875015134,-1.952878170429077,-1.9550529907823098,-1.9287910706070108,-1.9222864102164
-1.5426502321381117,-1.5830423570487326,-1.6317859403958894,-1.659965434918675,-1.6852880415668954,-1.707692275429401,-1.7266562275677588,-1.7290987834883964,-1.7490219745106823,-1.782102846798872,-1.7847741208358998,-1.8092811496105106,-1.8429881347996784,-1.852863928527336,-1.8646536325774186,-1.8786727087491946,-1.8867218911173345,-1.8852620352550382,-1.8876165329936596,-1.8887253321507362,-1.9102068591881167,-1.9199588726518129,-1.923441422184767,-1.9438616093606247,-1.94764554874385,-1.9492291638609456,-1.9598554539460862,-1.9637785959944603,-1.9658562768709127,-1.9750636920773643,-1.975351746983642,-1.9751527485710156,-1.9854571325393868,-1.9898435714638478,-1.986135477889587,-1.9917082872337248,-2.003166089028717,-1.9957165739211107,-1.9959750509644598,-1.9994661269870095,-1.991308631641929,-1.9802586103900113,-1.9823596142475723,-1.9746321566856049,-1.9622361182281514,-1.9647706491773853,-1.9606569556075946,-1.9459091914007023,-1.9370175335276996
-1.5524865710493043,-1.5797402312175888,-1.5969158840830142,-1.6119350405882549,-1.6378673036114921,-1.6615808013788733,-1.677946385545186,-1.6993100408560922,-1.705923458458442,-1.7310691415546866,-1.7487829524623983,-1.754360965630491,-1.777682407845298,-1.784015230710279,-1.7861384052176223,-1.8059629041029375,-1.8133846831296563,-1.8173578242239952,-1.8272459953288405,-1.8342325030403688,-1.8429692869484675,-1.8563558727923886,-1.8560672174799981,-1.8694634894733388,-1.8856557179487008,-1.8984323473543303,-1.9116923057099506,-1.9208161355239015,-1.9296534472776459,-1.9337541425019706,-1.9425996455805579,-1.953382688887275,-1.9685574528341059,-1.9773858505923445,-1.9806676951374962,-1.9834382868455553,-1.9894873676936864,-1.9845906045190211,-1.982849260065297,-1.9871763742305821,-1.9754782148077765,-1.9726442883744466,-1.9715483335578952,-1.9701858918857564,-1.959482059450654,-1.9726939007259745,-1.9618213560105129,-1.930721991386622,-1.9290581968965756
