jsons/1312596000.json
{"header": {"parameterUnit": "m", "parameterNumber": 3, "dx": 0.1, "dy": 0.5, "parameterNumberName": "Northward wave", "la1": 40.97354507446295, "la2": 16.46031188964855, "parameterCategory": 2, "lo2": 133.9931640625001, "nx": 191, "ny": 50, "refTime": "2011-08-05 8:00:00", "lo1": 114.97908020019554}, "data":
[rows 0 to 21 of 50, columns 50 to 99 of 191]
0,0,0,0,0,0,0,0,0,0,0,0,0,0,0,0,0,0,0,0,0,0,0,0,0,0,0,0,0,0,0,0,0,0,0,0,0,0,0,0,0,0,0,0,0,0,0,0,0,0
0,0,0,0,0,0,0,-0.0011536097907909526,-0.0003584086517782144,1.4477587712345559e-05,0.0002964797361086984,0.0007134022550144767,0.0007066917070916451,0.0007659077766023894,0.0007320977837194343,0.0006867298352452248,0.0005331731021777293,0.0004902511552448653,0.00018391394450598393,4.489656303946321e-05,0.00010497423558925275,-1.2223528810676542e-06,0.00021797444305123492,0,0,0,0,0,0,0,0,0,0,0,0,0,0,0,0,0,0,0,0,0,0,0,0,0,0,0
-0.02045758051011092,-0.01674089296551077,-0.014389687912710721,-0.01006703309566757,-0.008232176163822496,-0.006410929480275005,-0.0039191641374979975,-0.003378482035098972,-0.0015624315185666674,-0.0006888060169084989,-3.262567945704181e-05,0.0006335389644135934,0.0007224496199546933,0.0007399956490979014,0.0004903709546379325,0.0002181723216593327,-0.0010722954528282198,-0.0010534993448482965,-0.00023307542629896335,0,0,0,0,0,0,0,0,0,0,0,0,0,0,0,0,0,0,0,0,0,0,0,0,0,0,0,0,0,0,0
-0.03699170013118819,-0.034812302671662576,-0.03299958931467841,-0.028742400445545872,-0.024486107643609107,-0.022474366578272134,-0.015416111779230229,-0.011985143208601362,-0.008981315905449469,-0.005180602478808613,-0.0021035434002143346,0.0006314237139245886,0.0005377269645666697,0.0005628339576494047,-0.0006111616564643119,-0.0008077383539016181,-0.000654452538603736,0,0,0,0,0,0,0,0,1.3013664547066663e+38,-0.056652855259765066,-0.054147288437387885,-0.05227021338263873,-0.04883547191976322,-0.04461356816605846,-0.03832557852260976,-0.036003949616993776,-0.030048297678751477,-0.02548826757291171,-0.023762559225203605,-0.018196218571280613,-0.016666878431136685,-0.013250352652540773,-0.00941670583240416,-0.006449744653473262,-0.004956795647501449,-0.00245097003625972,0.00234228222396873,0.004857338630310705,0.007046604469469629,0.01187423170159522,0.01264530513570286,0.013571861357267793,0.015266675433243457
-0.04683640295385861,-0.04666490760718659,-0.04758015780953156,-0.049589683343463274,-0.0482501263789604,-0.048824569271418955,-0.04933794837137336,-0.0498983422012106,-0.046843443844335066,-0.02990211138001299,-0.024392857681535183,-0.0003498838095626992,-0.010688221805190417,-0.009453010041633477,-0.012054930228738908,-0.030705699599103447,-0.07949301053951469,-0.09033931875222796,-0.07284220211307209,0.03777014796800449,-0.08534706896179563,-0.08489162711000707,-0.08685477442265395,-0.08765168250007951,-0.08217641492951608,-0.08177458354103562,-0.07916994674534497,-0.07621866491319738,-0.07314365505456055,-0.07220079813411169,-0.06648444611474136,-0.06337079799567982,-0.05749140992424667,-0.0509640685041427,-0.046117679191381954,-0.04016683406239694,-0.03262259005039783,-0.028578657237399194,-0.024895140189727657,-0.019214587545494804,-0.01623601283466669,-0.013778617678328185,-0.010125010813401837,-0.0059138985098192345,-0.001496622432469135,0.0002701923742727811,0.009578074034785678,0.012728596352102663,0.014717353652839557,0.021097179624289947
-0.04423222465493034,-0.044178639915840555,-0.04560777058152513,-0.04766891314402011,-0.04881771071167135,-0.05043176500300177,-0.05363286911339469,-0.05574604417735363,-0.05607166476471455,-0.060439421030283554,-0.06289906542593625,-0.06391911431480833,-0.07060960776561297,-0.07413622880765972,-0.07386549083902678,-0.08035597893956442,-0.08792455482289901,-0.09172007165607397,-0.08904018687432058,-0.09978821003444403,-0.09517044155870666,-0.09775259107550864,-0.10299506629909472,-0.10284960837537081,-0.10045016400231567,-0.1016779738486881,-0.10108491298313622,-0.09817846499542124,-0.09833456409367863,-0.09851260763858805,-0.0928352406913118,-0.0912523369416309,-0.08632415420364661,-0.0822815459863717,-0.07839284499224776,-0.07135080506080618,-0.05910450331878321,-0.05195358855962618,-0.04648501001362019,-0.035155375416884745,-0.03008775946515695,-0.02545174865840555,-0.021053283925404526,-0.015174049587108832,-0.010493801712486452,-0.005607321957574693,0.011699279783536336,0.017807157662841182,0.02134958376888767,0.03138410257223382
-0.029311628839598716,-0.030473246415312624,-0.031466130437016626,-0.03317139379707305,-0.0350340723840254,-0.035380951980580715,-0.037556024753745455,-0.03963704451799664,-0.04151152570310847,-0.04428554818023723,-0.04672169432738315,-0.049411240339476616,-0.05519005361913168,-0.05669202320300421,-0.0617898433613382,-0.06680193995620315,-0.07469485554760745,-0.07900656681669514,-0.08464942950967375,-0.10224761480873436,-0.0968748711252106,-0.10644489551935525,-0.12224904721655408,-0.12350487704202642,-0.11244622500697313,-0.12384038984741268,-0.12422874653037945,-0.11898788716617185,-0.12003266611134347,-0.12066520588389971,-0.11584255891343044,-0.11677769124663452,-0.11516188946959571,-0.11154867338889456,-0.1072846924525511,-0.10284566013472135,-0.09590419049402527,-0.09185357411847633,-0.08237142081060705,-0.0710790720669321,-0.06675341157900141,-0.05874767115263977,-0.054103713992955146,-0.04408925470447358,-0.035503434820793156,-0.03022224834582621,-0.017963888710582944,-0.01298001636383011,-0.006033038621584301,0.0005382488112684746
-0.00371195522789794,1.7587652638735597e+38,0,0,0,0,0,0,0,0,0,0,0,0,0,0,-0.03864114871790316,-0.0326014840786756,-0.03681103083091284,1.9629225045418117e+38,0,0,0,-0.07246242364744386,-0.1125106270036516,-0.16033108654243955,-0.16005431663584832,-0.1434606295797958,-0.14394206288208183,-0.14234272338146242,-0.1374494113492053,-0.14132862040561553,-0.1406025226950501,-0.13668941780767666,-0.135843031530393,-0.1364618747549397,-0.13245568245278364,-0.12986400886735247,-0.12544185333815042,-0.11669756930574675,-0.11340192622098369,-0.10617123630515457,-0.10230559059181134,-0.09058463600573713,-0.08342873580327066,-0.08003056318395516,-0.07802992128151358,-0.07569242840544818,-0.07753445651638417,-0.07829465917745358
0,0,0,0,0,0,0,0,0,0,0,0,0,0,0,0,0,0,0,0,0,1.8278301003958983e+38,1.6984266009467155e+38,0,0,0,-0.16308011322289048,-0.16504007385726494,-0.16782227237095618,-0.17138384266613774,-0.16497935005212466,-0.17133235192838261,-0.17171500053153305,-0.1667050115155715,-0.16811921474647137,-0.1684875800288901,-0.16601390023984966,-0.16748235075421303,-0.1650687709193812,-0.16384797827857234,-0.1583557565875643,-0.15126066154980022,-0.1464536931673631,-0.1411408848548425,-0.12834634835013287,-0.12199223345585533,-0.11522130432661112,-0.10765014194468525,-0.10219638252836591,-0.1048821617646137
0,0,0,0,0,0,0,0,0.05483131351770741,-0.17477347742001534,-0.17855097940504994,-0.1790954538982174,-0.19287117107257243,-0.1907824067954804,-0.19280637276281137,-0.19101336102244426,-0.1930003092011928,-0.19063806070295242,-0.19150725375423125,-0.1896044209423385,-0.1906932265083748,-0.1905259183816631,-0.19233100954628674,-0.19373500708992314,-0.1943467717943587,-0.19796817811037754,-0.19773901917033213,-0.19859908394968073,-0.20201490090339044,-0.20378165200808004,-0.2002320430371589,-0.20343277508827778,-0.204204706933304,-0.20205875117483366,-0.20224332294417152,-0.2073889815476081,-0.21000839591535536,-0.20929628303839676,-0.21126298669039614,-0.20824006973265988,-0.2063345634934703,-0.20403628345854227,-0.19989527431361748,-0.20060220805054085,-0.19197991442694967,-0.18330451397435713,-0.1761790905319362,-0.16856579309510453,-0.16282776233093688,-0.1601877706601401
0,0,-0.19576548069737498,-0.2076203198357207,-0.2059994402893244,-0.20864987135586394,-0.22240329917157542,-0.22679824371948254,-0.22590842572053832,-0.23403044096793957,-0.23606517259780418,-0.2336190603631573,-0.2380961106804794,-0.2392544857045279,-0.23916076537327885,-0.23800789179572515,-0.24150381365757237,-0.2416337344118405,-0.24187080420365928,-0.24294517406727967,-0.2443108418552756,-0.24507155148611012,-0.24996881779411942,-0.25170785222765496,-0.2486716489997836,-0.2510849637393607,-0.2527714257157755,-0.2554969079891601,-0.25598569631363044,-0.25639578703304494,-0.2535018751924927,-0.2549674366558992,-0.2572813405288305,-0.2545010944462022,-0.25761026947454496,-0.2625656453518722,-0.2598728920447517,-0.2583576526473011,-0.265777710127899,-0.2614419514199986,-0.2618410132292835,-0.26176347373336306,-0.25836557838061486,-0.2586932982093397,-0.2570950619123584,-0.25533571263486365,-0.25208520816949204,-0.2355464569021674,-0.22746200659702762,-0.2285853836741719
-0.2353055517245567,-0.23922147223223447,-0.24210624256836327,-0.2525334380852258,-0.2511443035713225,-0.2538483110464327,-0.25972284178367283,-0.2615544089829739,-0.26497810538299227,-0.27261588652880164,-0.27937894936030216,-0.2805409663212868,-0.28885356438000975,-0.28932653102071737,-0.29234559298236507,-0.2956748479305313,-0.2969125994333914,-0.29732123457059256,-0.2988361316888443,-0.30296150877685235,-0.3038576002179179,-0.30541335510109163,-0.31840440440290513,-0.32349068369467177,-0.31769733720058746,-0.31864109959001014,-0.3179806283713448,-0.31916706957250973,-0.32424279969656444,-0.3280959069664819,-0.32612472769373035,-0.33257186650617315,-0.332994176739582,-0.33290043809744396,-0.33433069606971494,-0.3414706551362225,-0.3342844044461118,-0.3317555157677006,-0.3379459062189079,-0.3280976617127412,-0.3283257445465012,-0.33717693550610356,-0.3341425534224298,-0.3292649723163703,-0.3251504075796281,-0.3261778574049221,-0.3268032946407332,-0.3215789078596058,-0.32273021181870476,-0.3196279734579314
-0.246710747083848,-0.2526175066617213,-0.25710514162303516,-0.27143644912227977,-0.27641412021793893,-0.2794004292460915,-0.2914274162224509,-0.298563070431637,-0.3032177949990594,-0.31211729854580034,-0.3207853717378078,-0.3238656954169967,-0.337219093128644,-0.3445985184335887,-0.3455979397227735,-0.34632342806540384,-0.35854442595521446,-0.3563175343016995,-0.36208933522771053,-0.3755000140555424,-0.38016887526311,-0.3865891742114506,-0.3948020468777959,-0.4048985220549087,-0.3958612174757405,-0.4070509046639735,-0.4082998261178246,-0.4059508969261671,-0.4095478199212067,-0.4106084004176704,-0.4061287990977781,-0.40897441326658424,-0.40831423685059975,-0.4196257241139329,-0.4154047717264036,-0.4068164000064832,-0.41712122698576964,-0.41501460990050626,-0.4274137561862762,-0.41046324594354605,-0.41591409886544534,-0.42817048286702153,-0.42924402182330856,-0.4269126636813864,-0.43486920840960414,-0.43676308339055403,-0.4335547200988598,-0.42789052056782706,-0.4240132197346666,-0.4185768582784417
-0.18500998082975456,-0.21601711553318712,-0.2457011833929529,-0.2738301093507429,-0.2812006405889594,-0.2885638366563323,-0.3035982330147602,-0.3128110131508001,-0.3208749626319386,-0.3342776153663894,-0.34438598866404974,-0.35140511797125706,-0.3748934252487071,-0.37929581751701347,-0.38184863722792595,-0.39159984183660557,-0.41434417285387903,-0.4222299238528096,-0.4313188402282024,-0.44653082040903586,-0.4448046170816607,-0.4475570449450209,-0.46466370509257365,-0.4709552730942664,-0.47971716082947574,-0.49554949462696635,-0.49427306996096104,-0.4871911725014681,-0.505015123920635,-0.5088285469706533,-0.513907990585403,-0.5338870424915322,-0.5334189935003514,-0.5363377826488995,-0.540801978546817,-0.5495496003204343,-0.5453142923431884,-0.5472449201264069,-0.5568290310207085,-0.550254568357639,-0.5408981074300219,-0.5583649741469151,-0.5488982233411377,-0.5400687820218488,-0.5529513310007934,-0.5443597130094974,-0.537397917876924,-0.5364066116120044,-0.5367769786677666,-0.5305101030957797
0,0,0,0,0,-0.24443007099761044,-0.27496487823126337,-0.28991877064989774,-0.30525161438953163,-0.32522201403389617,-0.3373869853878099,-0.3512587387489666,-0.3745394082742832,-0.38930466269132225,-0.40229922056889156,-0.41453957835837735,-0.4461078448977912,-0.4604981231577309,-0.475482122821237,-0.5093253604019906,-0.5147090582408387,-0.5430273417880151,-0.5649605698191569,-0.5756624309293363,-0.5821163548200563,-0.6035947746084686,-0.6159760086969586,-0.6187767940830003,-0.6342725827641964,-0.641990379840432,-0.6402370107482342,-0.65350272472142,-0.6544001616938144,-0.6614163813295232,-0.667318910195616,-0.6819931522637777,-0.6825117132082367,-0.6808406790301036,-0.692501983153735,-0.6874540582017067,-0.695075742753659,-0.7068518887782824,-0.7099883532930481,-0.6844814981499342,-0.6984505748482962,-0.7038117306487256,-0.6938441499303825,-0.6993670347584572,-0.6971557137418392,-0.67446579725939
0,0,0,0,0,0,0,-0.2020972968930742,-0.21479379444848362,-0.23775124153917804,-0.25921654990000736,-0.29852486899502706,-0.34889135543316463,-0.3764831445348493,-0.4119804372978748,-0.43675231041868234,-0.46599477363894964,-0.48668146861506845,-0.5087953593225633,-0.5428520676297867,-0.5618300790547177,-0.578636631559501,-0.6114125157988239,-0.6364097849449468,-0.6500531524323624,-0.6814908632441666,-0.688603865822002,-0.6995961464999362,-0.736652284389272,-0.7428244610669337,-0.753541738167546,-0.7748191476477861,-0.7866515421600749,-0.7892926296206916,-0.7987517201119646,-0.8126377441201004,-0.8163805515559187,-0.8214303057071374,-0.8355200141933723,-0.8328420598418876,-0.8364424519668695,-0.8585086805595122,-0.8652516079978547,-0.8604880337831526,-0.8730818850401125,-0.887878836091827,-0.8714968857396058,-0.8871629404722908,-0.8902035049214551,-0.8599979551270485
0,0,0,0,0,0,0,0,0,0,0,-0.17096248346969192,-0.19012972473215894,-0.26953800162826297,-0.3497194272900536,-0.38699363104482676,-0.438723947745048,-0.473084098891098,-0.5060146830690201,-0.5507795645947863,-0.580037068930427,-0.6011392199260006,-0.6485550635086554,-0.6718056924934157,-0.7022509418028945,-0.7565795195932369,-0.7853372149943965,-0.799040871285328,-0.8260228762808575,-0.8440764692714311,-0.8598084440085197,-0.8988075361498109,-0.9047328778666084,-0.914443864840228,-0.9248431400573182,-0.9618353689758071,-0.9641427974917688,-0.9746786116091081,-1.018132515199008,-1.034392847687217,-1.05076061870692,-1.0975668725383367,-1.133556228467258,-1.120923635507723,-1.1551400391313014,-1.157393532114182,-1.1536596028791382,-1.1671162733783749,-1.1703030382530029,-1.1658332744675668
0,0,0,0,0,0,0,0,0,0,0,0,0,-0.17493234373529307,-0.29281468094527907,-0.33571453105106547,-0.4333415612658853,-0.5008793517508818,-0.5385515971511342,-0.6033265644691651,-0.6364380816611194,-0.6601221535474954,-0.7119886952256466,-0.7382728260610799,-0.7744984143997967,-0.8467634503474131,-0.8721551628914328,-0.894201779441132,-0.9402941707293289,-0.962558972909719,-0.9894959062767629,-1.063991372545738,-1.114977995898062,-1.1404807945982194,-1.17273519323279,-1.2230908147547066,-1.2291887676241005,-1.243209245771584,-1.2817556191191395,-1.2802722823857886,-1.3010688046597545,-1.3349161554155826,-1.3528482146104606,-1.3558828684834994,-1.3946985733541464,-1.3830651057592958,-1.4026908139017231,-1.406906184128171,-1.3957351269850933,-1.3733783282288197
0,0,0,0,0.05859357253911402,0,0,0,-0.12248397277293366,0,0,0,0,0,0,0,0,0,0,-0.5539255152405799,-0.6404058342023106,-0.7428798199132167,-0.8761882289942634,-0.9747943123818078,-1.0305585185858788,-1.1368667462454267,-1.1773981287709754,-1.1900982206324442,-1.2696243217296381,-1.3021619095594392,-1.330040255655541,-1.3776081903375383,-1.390769926522593,-1.3989903394932393,-1.4207953461267029,-1.4708876802488757,-1.472536073417711,-1.484083815403248,-1.540600513489315,-1.6167510348350251,-1.6319949495706365,-1.6910480353120632,-1.7258787791953292,-1.7389207261809658,-1.7883901240158857,-1.8013065672015518,-1.8093207018566375,-1.8942583160559074,-1.8919369573177705,-1.876883726851267
0,0,0,0,0,0,0,0,0,0,0,0,0,0,0,1.6347419671640859e+38,-0.1107121480038222,-0.27221919144121287,-0.2925704081038265,-0.2608966459269716,-0.26077609292769854,-0.3738967418559194,-0.7067398043895033,-0.9575364778925015,-1.224779314104063,-1.3942969371623146,-1.4539341765032365,-1.479729450788357,-1.5748448473664667,-1.6124536073652473,-1.696630287933082,-1.7926667540047954,-1.8344459648798483,-1.89163548186004,-1.9069138653707396,-1.9520298715951367,-1.9619913121256634,-2.048307657512249,-2.082519397771761,-2.077923248045419,-2.144550530762052,-2.2836713222040244,-2.3128406085309594,-2.317697549806157,-2.3823665727373964,-2.4126867985620493,-2.3919971659891024,-2.4342044799069145,-2.4449605429482766,-2.4348186320458987
0,0,0,0,0,0,0,0,0,0,0,0,0,0,0,0,0,0,0,0,-0.3688106640599851,-0.5194155499913069,-0.7952723115465199,-0.9947717198260527,-1.1530650922071255,-1.45185154004996,-1.6523856149873948,-1.9209181774597257,-2.050323451326234,-2.232610668125223,-2.26586014291896,-2.3414888542653562,-2.391584166593011,-2.405499614533633,-2.446616067135121,-2.620722173758439,-2.6195870262279333,-2.669438099922201,-2.7160999045493215,-2.7246022387526216,-2.7621092357846955,-2.8186571263163938,-2.8531667936124245,-2.8578150982966632,-2.914461750384921,-2.9404578351877095,-2.982544082707972,-3.1128125675596188,-3.110629735789885,-3.1151484645099234
0,0,0,0,0,0,0,0,0,0,-0.3413886356230013,-0.3586216518315499,-0.3587132978694316,-0.3818459581255414,-0.4292623949495546,-0.43536791873995645,-0.44992674205003,-0.4906066906674149,-0.5426258595570287,-0.6347386295178873,-0.8185456719824175,-0.8998789497819427,-0.9309346103866124,0.11947226784254407,-1.0283592092350504,-2.226229547967397,-2.211008880848399,-2.2024033380465444,-2.3894978041262,-2.4217190126209314,-2.4946123809079834,-2.8103036734518296,-2.9568164636192185,-3.0028433758586086,-3.064835208142804,-3.1830790382473078,-3.2294130877637675,-3.3568901018551616,-3.5190225885378807,-3.5542045119579635,-3.594630401586765,-3.6897615559909696,-3.746751846888931,-3.8001378281400044,-3.8469214722952154,-3.8275373777523614,-3.861442978133331,-3.9578598897167425,-3.957574333958775,-3.9755502296138987
