jsons/1312657200.json
{"header": {"parameterUnit": "m", "parameterNumber": 3, "dx": 0.1, "dy": 0.5, "parameterNumberName": "Northward wave", "la1": 40.97354507446295, "la2": 16.46031188964855, "parameterCategory": 2, "lo2": 133.9931640625001, "nx": 191, "ny": 50, "refTime": "2011-08-05 8:00:00", "lo1": 114.97908020019554}, "data":
[rows 0 to 21 of 50, columns 50 to 99 of 191]
0,0,0,0,0,0,0,0,0,0,0,0,0,0,0,0,0,0,0,0,0,0,0,0,0,0,0,0,0,0,0,0,0,0,0,0,0,0,0,0,0,0,0,0,0,0,0,0,0,0
0,0,0,0,0,0,0,-0.0023488143149861715,-0.0023075260556113197,-0.0019165653091255932,-0.0022287831869751253,-0.0027350674555868997,-0.003323137335338565,-0.0038146919570570246,-0.004679055706803414,-0.0046172903462252425,-0.004430508293684258,-0.0042166813511825465,-0.003937781308747019,-0.0034510162715128793,-0.0029400648736361713,-0.00242682184045268,0.0008599086562976622,0,0,0,0,0,0,0,0,0,0,0,0,0,0,0,0,0,0,0,0,0,0,0,0,0,0,0
-0.021198951924030672,-0.018056126776278356,-0.01591037628324923,-0.011900739488779722,-0.010905550752397977,-0.009556248196105194,-0.006939599038710305,-0.007237445478221339,-0.008028722229537951,-0.006568995782694428,-0.008486975163582582,-0.009486379478139639,-0.009100254200340612,-0.008441353672365873,-0.007399971734097378,-0.007070221352158056,-0.005473452000981066,-0.003837294150129316,-0.0012455741666394615,0,0,0,0,0,0,0,0,0,0,0,0,0,0,0,0,0,0,0,0,0,0,0,0,0,0,0,0,0,0,0
-0.0437130649317376,-0.04192306834856726,-0.04050639558443961,-0.0368750228172129,-0.033863932170864405,-0.03284128940202241,-0.027032293231026207,-0.024743878172793693,-0.02799317862347174,-0.024352417390841697,-0.022327057245245446,-0.01804088995385894,-0.013017260916730802,-0.010744784843179504,-0.005617032302325008,-0.006100217333775235,-0.005332374888562983,0,0,0,0,0,0,0,0,1.4547347553838031e+38,-0.1126423558326243,-0.11386447667987279,-0.1117123289393083,-0.10684917842805274,-0.10186569598621681,-0.08675545700441763,-0.0842484052710354,-0.07407922528170868,-0.06424935151255752,-0.05902286317741332,-0.04307137448621414,-0.04114659796132509,-0.03234848337817713,-0.027401715663956678,-0.021358759593210905,-0.020843847894018722,-0.017951834702803558,-0.015154602912515584,-0.013654278060684885,-0.010515952255893333,-0.0104919270116077,-0.007294611717199066,-0.009167232997929231,-0.008845613512473326
-0.08001467805857547,-0.08218551100186194,-0.08336314366292258,-0.09113537487927857,-0.0916325968384773,-0.09296997849690629,-0.101587865469613,-0.10196950200749647,-0.10486793008507059,-0.0867954846564275,-0.07334545454301947,-0.0592945596032289,-0.05032349793609493,-0.036610369239495816,-0.04581520128537244,-0.06724331735960398,-0.13282039177535612,-0.14349406523021074,-0.12311041046748504,0.06281864741169212,-0.16253915873121216,-0.16852831202605575,-0.1787713444940437,-0.18269073302766367,-0.17697668333289288,-0.1841130512304757,-0.18245522182552731,-0.18225725780189306,-0.17987529533995544,-0.18205807659403198,-0.17591101848190957,-0.1688821807387395,-0.15880911760888056,-0.15137363727623093,-0.1466579113604235,-0.13516542767925024,-0.1262502477545399,-0.11742102313934367,-0.10787750590482051,-0.09682509020054496,-0.09131586759969892,-0.08263837764061453,-0.08071942237474113,-0.08108291344087022,-0.08347308067253105,-0.08646021086154668,-0.09934468508464277,-0.1064410803899804,-0.11273573572236723,-0.12274830317120661
-0.12064949312214539,-0.12276467747488226,-0.12716646035006426,-0.1339146998412852,-0.1394520613334815,-0.14296007469204808,-0.1504405445663421,-0.15449333950379363,-0.1573983365630116,-0.16671102111115377,-0.1697113508931341,-0.17117207715423258,-0.1799499151305666,-0.18471332055109474,-0.18403173985857021,-0.19396233187262818,-0.20782478220888476,-0.20696310492068618,-0.1986948876187339,-0.21690508614271747,-0.21121492439890735,-0.2170201758316155,-0.2319135602838692,-0.2339970343533046,-0.23358497492323912,-0.24399958290954396,-0.24745804503544702,-0.2476673984167271,-0.2567897040196808,-0.2607053576798364,-0.2509833380778394,-0.25003300547339247,-0.2408480323184777,-0.23608193343038578,-0.23088611469182668,-0.21368138447111712,-0.20149436835191237,-0.18878768898438875,-0.17749556027708088,-0.1663836035301305,-0.15808077697677278,-0.15053298545380855,-0.1454820734488362,-0.14134384034981556,-0.12966276971419896,-0.12334418207022879,-0.13338290463251487,-0.12405535100872807,-0.11310956875353026,-0.13090673311176065
-0.10034132097605965,-0.10272896899358297,-0.10404614135432197,-0.10812067896134846,-0.11166946642520784,-0.1155201563836155,-0.11954312645956211,-0.1263253498037146,-0.13432093235980788,-0.14442164400776478,-0.15452002813005378,-0.1612848795050905,-0.17572452991426127,-0.18477798368590512,-0.1944632189892731,-0.20567795413401763,-0.22679964237934047,-0.234350489599518,-0.24626792779671028,-0.27227291985732793,-0.26723590648323364,-0.28357428102564664,-0.31116879855277185,-0.31690999650929713,-0.2938785703533376,-0.3255238047339145,-0.3246586816263016,-0.31003462818110056,-0.3203168490756168,-0.3245525515745148,-0.30974839485766936,-0.31957143645915687,-0.31560286597387877,-0.31355599540872287,-0.3066405442100421,-0.29542490070361294,-0.2842677308269658,-0.27884795796254275,-0.24793415927674184,-0.2402208524426721,-0.23050150658350804,-0.21535121166567908,-0.2056734369322086,-0.18663805697351105,-0.17138743919678773,-0.1573383048163306,-0.13863691449793067,-0.12126519927883897,-0.12000379317654548,-0.07748046032304778
-0.03478268861660441,9.539190697828734e+37,0,0,0,0,0,0,0,0,0,0,0,0,0,0,-0.13080097711835442,-0.1024203952914605,-0.10758401757978293,1.3402638870052904e+38,0,0,0,-0.18769955080473594,-0.2748863296505807,-0.39348997042287803,-0.4357215677233359,-0.40587020303568255,-0.421109083134904,-0.4184732716326409,-0.3912062494653144,-0.41067927940667415,-0.4078617948810333,-0.39101344886197126,-0.39317579540120673,-0.3963790719789399,-0.3850173225432333,-0.3812873188885998,-0.3660835466574441,-0.3469398677104265,-0.343685483914732,-0.32116125897240605,-0.3112626481537618,-0.2820952625574493,-0.2630544355762962,-0.25277035991621816,-0.243631046897816,-0.2324742288550898,-0.2278904957850115,-0.22915002991674063
0,0,0,0,0,0,0,0,0,0,0,0,0,0,0,0,0,0,0,0,0,2.296503838099181e+38,2.138324343546311e+38,0,0,0,-0.48350652875868394,-0.4955601302975465,-0.50844393259192,-0.5221351232820329,-0.4899578227657263,-0.511962310595815,-0.501690085549753,-0.4798878503967401,-0.4845910789712386,-0.48069900964632406,-0.4688251893863774,-0.47512680813963076,-0.463906237673211,-0.4644530423517861,-0.4495999851772628,-0.43085481026429756,-0.41759597847795293,-0.40689334010960954,-0.3748589228891059,-0.3593085482663779,-0.34616789876918275,-0.32755494567564103,-0.3152640563661627,-0.3227720234971333
0,0,0,0,0,0,0,0,0.0875226718377611,-0.4090326831404019,-0.4268587873264692,-0.4351015359962319,-0.49944169165964225,-0.4980517950022257,-0.5142305657500668,-0.5097326297179999,-0.5371563304847387,-0.5292112694223493,-0.5417638263921928,-0.5543811122974885,-0.5536159134125012,-0.5602905373958884,-0.5820432018065593,-0.5906980128327345,-0.5954346304476583,-0.6158247681499942,-0.6175356782202981,-0.629267639467506,-0.6373054501170408,-0.6388258542419671,-0.6133251919448546,-0.6187470006817505,-0.6189815422843818,-0.6027088557842445,-0.5980139815435443,-0.6130309422645546,-0.6142994409408097,-0.6097817383667985,-0.6116880686509567,-0.6017815379914716,-0.5953896570297442,-0.5826926988442713,-0.5646750701970784,-0.5603933175529586,-0.5308850693625294,-0.5042368550827444,-0.4792193450800443,-0.462781383109291,-0.4490134546840971,-0.4402422133267181
0,0,-0.4095290759402045,-0.4450996377126571,-0.44989385372194357,-0.46609946325853396,-0.5403345087805922,-0.568875428224339,-0.5718005054320788,-0.6043913213708304,-0.6195386029642823,-0.6236825035271402,-0.6507883201481939,-0.6597795620227733,-0.670250304441446,-0.668442192695995,-0.699006884966593,-0.7130415960254597,-0.717200632247526,-0.7295075990233071,-0.7351821894972844,-0.7421662011769568,-0.7678468715504718,-0.7818254723935288,-0.7713794344781735,-0.786637357437245,-0.7888638010106216,-0.7822385792189186,-0.7943354524428541,-0.7963737476031038,-0.7856264194679154,-0.7907949940162065,-0.793780730088714,-0.7814255974897572,-0.7770990588317606,-0.7826306718731952,-0.767024302310841,-0.758197427477297,-0.7711589027321123,-0.7593586662469229,-0.7512505287658755,-0.7449647563310091,-0.7363779523823692,-0.7302991720386692,-0.7079719486009627,-0.6907722005958774,-0.6669627825894876,-0.6241501013644533,-0.6025286111141464,-0.575891656383564
-0.4723792563958526,-0.49228445275043636,-0.5122251415054132,-0.5530708078641922,-0.5709097236986791,-0.5906907071967468,-0.6285067235161323,-0.6444423580590352,-0.6671704958059139,-0.7105135405219773,-0.7403262538420121,-0.7503113854200041,-0.7916864607997606,-0.8088806994375327,-0.8188086280840404,-0.8371113240777247,-0.8753664986736859,-0.8852508987350606,-0.903870527929324,-0.9359283621188185,-0.9283113364306359,-0.9416071024093257,-0.9696471973150058,-0.9756990614347347,-0.9731832462972262,-0.9937547650840705,-0.9941280474773675,-0.9956258840354077,-1.0119377187016922,-1.0148400756753686,-1.0063339892437975,-1.0206787394182282,-1.0175008938944965,-1.0157553762203464,-1.006424064737139,-1.0253761966025374,-1.006134194480656,-0.9930228842992862,-1.0052458549370882,-0.9740501451687424,-0.9784770441656809,-0.9893473019954216,-0.9737860066477761,-0.9482051706767364,-0.9410414428460497,-0.9165896364254167,-0.8871567844414314,-0.8495201980602238,-0.8365258576160292,-0.7971259777226227
-0.42148571216693687,-0.4500961491292421,-0.4715005609885339,-0.5252688632277014,-0.5617190766727153,-0.5945679289866563,-0.638265372100671,-0.6780520128455383,-0.7140725885052259,-0.7649952482488243,-0.7992206951647205,-0.8277354155892951,-0.8743529453555346,-0.898686831908989,-0.9308479264315089,-0.964440991928122,-1.0337003781970096,-1.0426794016100875,-1.0816029033736527,-1.155324390614959,-1.1587594785301836,-1.1726682011713798,-1.2130413924759293,-1.2238749556761739,-1.2295639264341212,-1.2640488624306068,-1.265946507709954,-1.265641408220386,-1.2792710589088212,-1.2913672253239912,-1.2805315205941763,-1.297897235133604,-1.2849260200800585,-1.280605090458727,-1.2776729095780666,-1.292500862955919,-1.2806379608070952,-1.2561157422316382,-1.2957097087201774,-1.2484566534364037,-1.2551456319501402,-1.2707731494038867,-1.2663393456214613,-1.2509934585644924,-1.2439481809919166,-1.23606638091556,-1.2067678848419516,-1.1711508422113697,-1.1424810019954867,-1.1044623056438407
-0.32803158189128084,-0.3717490583596457,-0.4085556187573878,-0.4614234463070132,-0.495056778179866,-0.5219851403865636,-0.5682528507035081,-0.5976385019887095,-0.643700662760173,-0.7143004378388733,-0.7555191672330213,-0.8120834402675884,-0.8968206020388235,-0.9356425393696138,-0.9849919063052223,-1.0313270516487316,-1.1307063509059505,-1.1775298090424393,-1.2252242237261493,-1.314578513877996,-1.3378257756536982,-1.3724846960560408,-1.4443139012277728,-1.4601095730577043,-1.4845998000687128,-1.5639316170934938,-1.5584139601299782,-1.5211568647182159,-1.6080196286347985,-1.6450325793279528,-1.6711815670529118,-1.7340799951883474,-1.726129988420984,-1.7173155176722503,-1.7249178834888814,-1.7343721422070724,-1.7128609279008662,-1.7232442089314264,-1.747065683249763,-1.7237475655675045,-1.6890636273067143,-1.7232340633190437,-1.6924062671899305,-1.6555694787197028,-1.6573948045496527,-1.632545128226323,-1.6012284704793813,-1.580117379989472,-1.5590705117497636,-1.4937414079175673
0,0,0,0,0,-0.44985932371466775,-0.5191252534332937,-0.5574548537307722,-0.6030642094449906,-0.6592006855794021,-0.6997113836018787,-0.7626481418840899,-0.8455618192176235,-0.9050352907192515,-0.987005556550734,-1.0524992229499963,-1.1800460470551446,-1.2803860274117926,-1.3611780737477903,-1.5261281409732286,-1.5890828131521457,-1.6953158349764692,-1.7944715294493478,-1.8440919725883194,-1.884100910451954,-1.9675902625165258,-2.0077367247559503,-2.0115654838925354,-2.0792593571897786,-2.1107062739977156,-2.09626637226197,-2.1595792645652216,-2.1590015519963153,-2.1664610775734965,-2.1825561040377113,-2.2405165663091284,-2.2250243479676537,-2.220587705250676,-2.2484961414940945,-2.2285208989564125,-2.232195403141214,-2.253016711958602,-2.232978984374562,-2.2028320749708263,-2.192853953087814,-2.1888556855267334,-2.1307326175185857,-2.1084675017776275,-2.087138041719478,-1.9909921677467037
0,0,0,0,0,0,0,-0.46582673239078276,-0.4948695583841285,-0.5358697592728967,-0.5709146719996575,-0.6713854716058264,-0.8117391202606772,-0.8965806508126908,-1.0123945215520804,-1.0861055821310792,-1.2018811181019373,-1.3001764242867264,-1.3967759524386123,-1.531760037443341,-1.6304766634414607,-1.7197775912049185,-1.8984047277049199,-1.9937693744372225,-2.073656055788904,-2.2127787301392905,-2.264316781586458,-2.313808622425119,-2.4639605594431373,-2.4936000008483146,-2.5465733541441495,-2.64089229443256,-2.6828276716258945,-2.690883275330673,-2.734383641796933,-2.810871755895268,-2.7999171889082253,-2.806974222871599,-2.8465230502956946,-2.8381925514893185,-2.839494270679496,-2.8660846765730343,-2.872038027893603,-2.806031781336001,-2.8056580052239943,-2.8065498449547395,-2.73559649677857,-2.7109554671095015,-2.7008881920088563,-2.6049017251568527
0,0,0,0,0,0,0,0,0,0,0,-0.3355494147035013,-0.3795556922125351,-0.576836143289139,-0.7715400697445209,-0.9000307511891987,-1.0846526549097661,-1.2468046737066856,-1.353696512667692,-1.5242145117256753,-1.6549884802123864,-1.7558878328997418,-1.9636385297714174,-2.0753653263233813,-2.2221757696053728,-2.4513834035937037,-2.5792683013402726,-2.663496504309751,-2.8132320083327738,-2.863370848049422,-2.9148083404400587,-3.084627787216543,-3.115004529420204,-3.1459586142931033,-3.1999235681551528,-3.3219061756568764,-3.333251287165713,-3.3658879404304987,-3.4962831893352817,-3.516037876474423,-3.559481746878174,-3.7000341938062182,-3.812739125411699,-3.725936980280238,-3.8455246937411243,-3.8116379213285,-3.7676866921518797,-3.7323626339017317,-3.6940175395319885,-3.6170174893996574
0,0,0,0,0,0,0,0,0,0,0,0,0,-0.36203119055670846,-0.7134310563683521,-0.8193705055504789,-1.09727814720137,-1.3191856927751986,-1.4747897988497958,-1.7237952359793156,-1.8908385951566147,-1.9847663255808894,-2.186003725339675,-2.2973409398082674,-2.4896530174632776,-2.797465044701546,-2.9097274404882567,-3.020761829864409,-3.1977657381117295,-3.2781360877466694,-3.3762956072178683,-3.61179802683935,-3.7629380061941142,-3.8722499611896115,-4.009746416381549,-4.180337247495217,-4.204527827824479,-4.266612258885998,-4.37784108442338,-4.366832275579791,-4.4404652382290575,-4.5350288490790955,-4.554791838497518,-4.524401719397345,-4.59645029540651,-4.5585779262825,-4.5715585736992015,-4.561085847764756,-4.506616462777152,-4.406209432950489
0,0,0,0,0.11919117398972297,0,0,0,-0.17064532150760886,0,0,0,0,0,0,0,0,0,0,-1.3891073079828278,-1.5175189894594425,-1.830194336124571,-2.3117900459059157,-2.6343488413956098,-2.892849042308661,-3.3474430102118955,-3.5519194484474452,-3.7117386498006244,-4.092809337499295,-4.2499372127909325,-4.364427146339265,-4.555700020498333,-4.61196144583484,-4.642304915866249,-4.7300401033883,-4.927200228540689,-5.006709357081135,-5.071498254919023,-5.284262957469376,-5.451261589677489,-5.488680714357526,-5.714337521535568,-5.763290279080729,-5.6997744018029515,-5.77103126144517,-5.706507026151923,-5.660065258427488,-5.77880366909747,-5.711623579945651,-5.524654801661578
0,0,0,0,0,0,0,0,0,0,0,0,0,0,0,4.721940619428099e+37,-0.005726328189808692,-0.49325709830125936,-0.7034959052976877,-0.4432143675097701,-0.43653456797641993,-0.6872100325663661,-1.5346610736930084,-2.20748264278637,-2.706723546732363,-3.270896136777936,-3.598205552211485,-3.992560148343715,-4.319382846667373,-4.4911201014061675,-4.7322429549251614,-5.118020921390265,-5.282677267616001,-5.497332473840806,-5.6114424852198965,-5.889764071606566,-6.0349084864953175,-6.166570008955775,-6.374764013836086,-6.439345363975469,-6.640149711714088,-7.025967419584858,-7.095197054452142,-7.054790572440959,-7.182981673851791,-7.200867623212757,-6.96450540952293,-7.0038038089734735,-6.933520376102603,-6.740076931134136
0,0,0,0,0,0,0,0,0,0,0,0,0,0,0,0,0,0,0,0,-0.5427812565234759,-0.8400896252438413,-1.3932289537953984,-1.7495122898717945,-2.1508537476900473,-2.9310673268025864,-3.455492982372886,-4.283398959240572,-4.615237136104192,-4.757117018217001,-4.963420941726315,-5.258778430747811,-5.532222493581502,-5.846734989424772,-6.032346948889703,-6.31838274726003,-6.524334695334575,-6.700639707074118,-7.052172706720119,-7.241540070067173,-7.420768439826158,-7.763281773748639,-7.871552227080782,-7.914056904090163,-8.237807710541578,-8.213343575197243,-8.068533234637448,-8.277153852867793,-8.02794436569123,-7.77001097586833
0,0,0,0,0,0,0,0,0,0,-0.24298153059768757,-0.1754344099945061,-0.13967174752513417,-0.15403055822491793,-0.15755675870853258,-0.17649754257321573,-0.21410497579207835,-0.3201308460211171,-0.372342449879509,-0.49151901964823463,-0.6730189884730391,-0.8090592324952598,-0.9447846064255712,0.7499486679581232,-1.7157849702537482,-2.771330252624884,-2.7665537739320643,-3.1201518236278654,-3.9164845847167378,-4.361220577698323,-4.629435645917442,-4.798200335137478,-4.836047946143245,-5.295380226078442,-5.654713444316769,-6.074159693823429,-6.3453738739854515,-6.43544186477507,-6.626356220411869,-6.998595401780101,-7.185033461226224,-7.541674938759771,-7.675628898421547,-7.81979379991608,-8.16074487183162,-8.33830775078472,-8.216892529246058,-8.37817353435394,-8.350743163566888,-7.930162230290269
