jsons/1312822800.json
{"header": {"parameterUnit": "m", "parameterNumber": 2, "dx": 0.1, "dy": 0.5, "parameterNumberName": "Eastward wave", "la1": 40.97354507446295, "la2": 16.46031188964855, "parameterCategory": 2, "lo2": 133.9931640625001, "nx": 191, "ny": 50, "refTime": "2011-08-05 8:00:00", "lo1": 114.97908020019554}, "data":
[rows 22 to 43 of 50, columns 98 to 146 of 191]
0.43180548650574546,0.3833047751246715,0.45861963745938106,0.570101208462026,0.6952745428566685,0.7219519319030328,0.753265183740769,0.7894975870010541,0.8112817468654684,0.839809830807899,0.8552184071386385,0.8580140963054264,0.8652176380975464,0.8634014578467459,0.883520665800341,0.905548570806493,0.9061185265105336,0.9074271335715203,0.9141759805522628,0.923189118077929,0.9369171136622556,0.9381397984673961,0.9424722381632532,0.9610060413913022,0.9606816610909259,0.9747166694148601,0.9781702142719245,0.9793831177976031,0.9823283616717249,0.9868374825520465,0.9818778480438493,0.9854713971746385,0.9796801820155013,0.9678494962050989,0.9706874168173087,0.9706732250059613,0.9611613556010248,0.9703193566940886,0.9537887072398573,0.942763740562665,0.9408830769011276,0.9395257091271196,0.9362480505340499,0.9294687958834966,0.9304381064281391,0.9010752412157887,0.9075931270988093,0.9191045830407671,0.9099249369259255
0.12679958614244677,0.2768008888895288,0.3717057166892641,0.45093609489493236,0.5896626160707963,0.6216094987320755,0.6837239508303747,0.7335210242768283,0.7652444733499737,0.7818353606600169,0.7987558192210708,0.8152089403130368,0.8294213995975014,0.8420992007295979,0.861597324484493,0.8624159121566501,0.8589777432235536,0.8915806334322095,0.896702830768858,0.9021065318918347,0.9147284307737105,0.9210651908578433,0.9334863691090761,0.9559299611589664,0.9357639906032338,0.9341294518146711,0.9384499352468891,0.9374574587763701,0.9444286746693994,0.9547108512454394,0.9558751450874259,0.9571598981202216,0.9579724938143118,0.9543915411328636,0.9584890964249987,0.956406023951396,0.9314412602610586,0.9388215425678366,0.9286262841051698,0.8871795138664138,0.8737536985760878,0.8740583014827648,0.8364277606710406,0.8185309119601004,0.8085178858541981,0.7719768310836269,0.7431697300325144,0.7392659308870813,0.7393828884395027
0.16603474052093012,0.24872168265819491,0.357907288693756,0.41156514830959606,0.4439169521299201,0.46862653324215164,0.5209491784222402,0.5857236344850733,0.6478000186418541,0.6604466658244591,0.6898044048564986,0.7174399679853465,0.750131495552936,0.7628643671100729,0.7662312004555567,0.7746270501062835,0.7712128975516973,0.7827224428376732,0.8021176119985605,0.8073960905135185,0.8120323037513855,0.8167765450264043,0.8231075011305938,0.8404232541449776,0.8479516384733997,0.8535552320615493,0.8523828478399825,0.8558099025499175,0.8597523540760528,0.8694960640118851,0.8705450519564212,0.8722034889746678,0.8765328909870412,0.8869217572589325,0.8874304712053614,0.8775372041119855,0.8316108348294025,0.7878793640255087,0.7671343568112876,0.6781962445783399,0.6491675434123201,0.5951377015159076,0.501566187389121,0.48749063014688016,0.4738615632869847,0.5388023242336849,0.527471651106829,0.5870720188416864,0.613847079943426
0.2534426382697139,0.22459655778853735,0.24425148772844235,0.264737580308523,0.32174554509844705,0.34191586718830186,0.37262813298214814,0.41183783160046805,0.4512994061531457,0.4647462413669895,0.5235019485787609,0.5335662573847783,0.5555141502453707,0.6038061947425655,0.647935003662599,0.7060486954594439,0.700575861810778,0.6995164037429076,0.7135776850368407,0.716082512792125,0.7336639316280048,0.7468065912929067,0.7680586870073436,0.7738206759930086,0.7818908348506598,0.8160750442401423,0.7830414487620129,0.775860285944046,0.7613443663595052,0.7609630245452409,0.7489003274005329,0.7392833844389194,0.7245954401919737,0.6986514299152394,0.7195833774568633,0.7464075893838051,0.7716190348390433,0.7543244023729175,0.7109153405430063,0.6178433518200434,0.5753905952936954,0.5118043824791231,0.6102338992630062,-0.9979169227838541,-0.7694908325777856,-0.5971001636602712,-0.6944995590541158,-0.6684370665683229,-0.5398675172031479
0.18094222947136837,0.1913594881781801,0.18315973263048912,0.160158100892358,0.22620179264643023,0.2575441630710943,0.2836067933275787,0.2901320101660811,0.2967191460223009,0.3051548490986902,0.34484499856043394,0.3628232465817336,0.375753165476918,0.3914069679605724,0.49402134873851833,0.5168728245007777,0.5461755348914034,0.5829697238945284,0.5943026234818716,0.6205550595916225,0.6742318379437456,0.6738739314171364,0.6745037588132722,0.6837435008434654,0.7110335297053144,0.7214668761305222,0.7113697706073255,0.7023369722199181,0.6982594897734089,0.7056912258099681,0.7028337288583253,0.6714997423186208,0.6491335671992143,0.6069905761152946,0.6031521981432107,0.5783681572049362,0.5027272733281529,0.4485708692276863,0.3954769280537376,0.4802200556419904,0.6841255655628897,0.6498543732601492,0.6392143207337326,0.5775530801719678,0.6612372452068831,0.6756157588899121,0.7103803911434915,0.6892817907782779,0.7701946979265408
0.14424734918813453,0.1372398199361356,0.16011716905923906,0.16803525653486498,0.23131738925749395,0.266056554605319,0.26371138053639426,0.26403595634182264,0.27186968096428743,0.28126096311313925,0.317284527161526,0.3401346716072055,0.37113623658043166,0.40419768633927794,0.4439859220359305,0.4364915991766229,0.46095583731148937,0.5586581925298367,0.5523548821309946,0.5742419657089556,0.5700922452044039,0.5787288104440947,0.5589939799337045,0.5195581574754966,0.5319965741739588,0.516879069282493,0.5380954322880079,0.5246180184813761,0.5225381709417232,0.5584153362183074,0.5708008999591644,0.571013603607575,0.6119404121630082,0.5944863297865817,0.598130646013451,0.6260826020689438,0.6406374876296207,0.6421717627993169,0.6475160784482645,0.6785581456909905,0.6564492337357035,0.654219217209431,0.6409521863411959,0.6326922467312617,0.6493122324702579,0.69757354978803,0.7015839942119259,0.7198635800089311,0.7136934276345575
0.17851131689982866,0.2106561135782224,0.22693632048705875,0.2153290640165525,0.20980394674837807,0.25041185764914187,0.29258470320746005,0.33564025183074425,0.3727395232321188,0.37301998421342414,0.3441030284063228,0.35700340183175955,0.3663268429298322,0.399488889660549,0.4426029501144188,0.45293336167704124,0.4580686234516159,0.4710664449865695,0.49500030960466573,0.4885248024980702,0.4766153320190611,0.4360679086511521,0.4043054622178055,0.3488601431367132,0.3237500420246153,0.28534948642007496,0.21431908645185832,0.19588114084203853,0.2785529120676676,0.3027559509031468,0.22750177865526547,-0.20740142471554815,-0.8753376506705305,-0.5666951908711327,-0.7580155249582413,-0.7365092662485876,0.7902546133369628,0.6445040972135665,0.5749249315743957,0.5177682222733445,0.45339475066145524,0.48296818947460607,0.48494841493863067,0.511565088682928,0.5434818538917136,0.4997427309372815,0.5051133067171342,0.470701198041405,0.45719476321561564
0.20000378729911558,0.2066721611882281,0.20336657544264453,0.21031271122422046,0.2291900025579151,0.25164394273355717,0.25727803913674685,0.2727024283487567,0.29859625093188974,0.3158506517713973,0.37068551866568555,0.3849666056160148,0.4052049773508963,0.4108535431987697,0.4209588258647206,0.43359366829558915,0.4511506921416747,0.4614645384051652,0.44979419308980867,0.4241322931309465,0.40884469675264185,0.4047416222630763,0.4003130396071071,0.35892706742831104,0.30704283386283737,0.2776037044689149,0.1355521143030187,0.4354507690686417,0.40484490868169937,-0.620823402611465,-0.6410216078782349,0.14368064794609484,0.4164091121083945,0.5535321576548974,0.6054780608096954,0.631646736035356,0.6653323798049603,0.7021940101168279,0.7548958540907607,0.7910594358510348,0.8320632873019174,0.8679278780976195,0.8268833411350697,0.6917019692297716,0.6716029699852837,0.5825833659807026,0.48284170023660034,0.4779201859325906,0.39851661337012345
0.1913870829755608,0.21051776749875906,0.20969001695696016,0.2174105025380893,0.21603880484379992,0.22516753510555804,0.22654721631477845,0.24945699682738937,0.29124345871408813,0.33569233270387827,0.32381234942617126,0.34322150463180584,0.38660865200700545,0.39662900202223367,0.40999290565091223,0.4029493395716132,0.42102947113957445,0.4421254015371155,0.45193709963808587,0.4385266329850482,0.45151817026956204,0.45162086189717576,0.47303749136605583,0.4385888462316765,0.44306306287132924,0.44290825953018925,0.4325915727600441,0.4470858237517324,0.509884956937735,0.540528225683689,0.6611105668965603,0.7214366942937458,0.7728963595035241,0.8176465864401349,0.7974759201061679,0.7952666930584087,0.8006078459272568,0.7893354652646779,0.7877220577036814,0.779930169166646,0.7844718892829218,0.7877313693329958,0.7823493573154107,0.7667478067171788,0.7711892710860326,0.7186244418100177,0.6951167154812543,0.6894991670029993,0.6195656385123393
0.06291064823595953,0.09626093813296349,0.09492073818528346,0.08992871758028692,0.13649202703420807,0.17450119110051276,0.16246333978560082,0.1818139939464999,0.25576947666931826,0.29970193736517897,0.34809983403851086,0.3433340189980755,0.3209801990092647,0.3182275755411033,0.39932769594917955,0.3985547246087741,0.4135124340350178,0.4169012949607152,0.41475132741667026,0.41518994000979914,0.42982899629151755,0.4304738240493599,0.42249156590250153,0.41999070110290226,0.4170634011022741,0.44569103554674777,0.46768085425431727,0.47108704550176156,0.4776769222716705,0.47404447378923803,0.45385418368245867,0.45866148582828076,0.46240649486670865,0.4463783099181567,0.45718792990738366,0.5005343808709567,0.49694507616251876,0.5060131160932776,0.5008462597034179,0.5339894000300136,0.5269086345085789,0.4927113277142761,0.5597714292935431,0.5551733547201697,0.565694738460871,0.5873957272927189,0.5711246215418029,0.5950037019189677,0.5885690295119411
0.41234375217678265,0.11108747536255625,0.15779545094403635,0.34361338087190596,-0.7676883922694185,-0.8500329852214624,-0.7973455296650693,0.7978161439838383,0.5629418047642577,0.29798693424998407,0.32787515146827756,0.33094778079978215,0.33134063281849585,0.32759669820240445,0.3603083504857654,0.3498670877448547,0.34784167754687023,0.3319191915710973,0.31518474152580983,0.32027258783666684,0.3374245721440208,0.34343389116071726,0.3432043513063269,0.33372008722463964,0.33604695488789416,0.35115405153589047,0.33427060545231996,0.33561778784467733,0.34181708434352653,0.34572433847305983,0.28865389344621634,0.2721425625301373,0.2440453871095509,0.2099520441040311,0.18110278054584983,0.17368635615325287,0.15543885397496934,0.1839091834866516,0.2005225517556882,0.2170646177843518,0.23411018182423143,0.23927251354957274,0.2567539960674257,0.27367479644988735,0.26455793653258314,0.2565177365924808,0.26290679037055187,0.2657907573013972,0.2646037175181465
0.35404147944552483,0.20440994807789006,0.20490446038406523,0.2260287806421798,0.3306050614751674,0.41035509868138687,0.44493030601342065,0.45870967137860075,0.4339803550187401,0.41067857877384706,0.3923924420845089,0.3944087203734654,0.3869872025302746,0.37655397762839415,0.3364621895678487,0.32782726260619877,0.33098326711174864,0.3444845653842957,0.35511811603211474,0.3439053851086883,0.314053169018796,0.2995552660150717,0.2995289969471275,0.31350791588174637,0.3065927001760452,0.30461757787618216,0.32944418812311865,0.3262049419911121,0.2802197817156375,0.25118951991543337,0.16119835534466764,0.09742500026888132,0.11692201667633566,0.14275554136234667,0.11062310910151131,0.07435277953460268,0.10859977724047579,0.15402557688140833,0.4210368709378624,0.4233544472746371,0.742338193667593,0.5306024358809002,0.5468725082554687,0.5363943537595193,0.46976696929678113,0.7104197022790301,0.7788852961334954,0.5201400982406821,0.3110661731396971
-0.17437897375427025,-0.9615413184439562,-0.1934531775596139,0.4681349903260338,0.6971000010205153,0.2506133484305634,0.24998550201036865,0.2894411554465764,0.2786285417376328,0.25998439136444385,0.2158432067105619,0.19867382507199263,0.19358061306836483,0.1663237192207404,0.18048269630004016,0.18570878677671235,0.1934108876391198,0.1604220701800272,0.1788565665999224,0.2006254483618876,0.2035806960793698,0.19785039591303988,0.18901728661473427,0.17736346444815285,0.17612362923505742,0.17746948782287197,0.2211275065102114,0.2081687563654785,0.19879338185538134,0.1964310644882519,0.16676229067375337,0.15185331920013764,0.14229783024151946,0.24035409339512395,0.10854287321245701,0.7005963767007027,-0.9170933282255487,-0.997117023732536,-1.0121420619935342,-0.6832569318188029,-0.6855338587399809,-0.5836297779126098,-0.6379502368358934,-0.6351820970410345,-0.492368602759399,-0.47936443370156234,0.8861254343429974,0.4059662472839818,0.4286131688628989
-0.3836964637234485,-0.35008961526366084,-0.31722911880625576,-0.2621679674104465,-0.34708792272646993,-0.6651008374580863,-0.34003418430743954,0.9473255901551764,0.8983465576730001,0.7624763086542596,0.2815046002469878,0.27818923327330825,0.20619153631367884,0.12689113117420903,0.09230892026845523,0.07163108649083963,0.07003908253923125,0.08976836511050598,0.09613678919109166,0.13800186528499467,0.26804416687965077,0.3242782441300538,0.41415468689882795,0.38096975566271424,0.16512913824218178,0.2304745314533974,0.13171810224882066,0.13345132172829158,0.13472997194143593,0.1345271551329483,0.13913799792947507,0.13676366597690495,0.1312332128074208,0.15321231802637095,0.21875000678261464,0.2317934442049208,0.31225671968339147,0.8423306608727256,0.980309668256288,-0.26271049467536695,-1.0074515273652456,-0.8127549727361224,-0.21547364658970905,-0.11865865893482329,-0.2295974409127333,-0.33575987263402407,-0.36304466226220056,-0.36528531046307766,-0.3429764512615401
-0.5492721814456659,-0.5179024739867049,-0.5070080123381121,-0.47041901681930964,-0.41091243889319023,-0.3412833487270907,-0.30260760163271533,-0.22091283155223337,-0.18868869403317737,-0.143436080031008,-0.3494999825880962,-0.498230882998498,-0.361806330613914,-0.283970451944745,-0.8511491001685553,-0.1340858336094607,-0.9767463946583792,-0.9748257946609746,-0.9629370734273123,-0.6401842167767218,-0.5632800826748914,-0.24651663309918032,-0.19294089172128231,-0.4927609957856452,-0.8028406057864933,-0.7602666234435901,-0.21887453624232348,0.8419283995735639,0.28733456913740635,0.6183637640214092,0.4771129312045607,0.6500955756189736,0.8099587406166526,0.5703034854397412,-1.0073979884423687,-0.3307578068741778,0.5518316539777367,0.645852431515807,-0.1722013091486966,-0.9814450044485281,-0.4514511075777637,0.8394343349891298,-0.14308096281589947,-1.043282597165403,-0.7576737751821851,-0.30898971616029663,-0.1840679275840879,-0.2527415520764114,-0.2658462616920124
-0.6707703133595307,-0.6991959498529874,-0.6517667666450155,-0.626205198024682,-0.5551481924710877,-0.5098740281264015,-0.4902498801218623,-0.37404743092344056,-0.35472459213435614,-0.2986413147283042,-0.3492118784550597,-0.39855090879898375,-0.42696058344762733,-0.4892724534998433,-0.2856768787833254,-0.42232577008129485,-0.3345317474801086,-0.1809666585268761,-0.16485679235976244,-0.14711848148078663,-0.16109914525639274,-0.1886104352920408,-0.20242067142245643,-0.20985458566958998,-0.2916311672978474,-0.5245018338990631,-0.5928252780653943,-1.0628223241257804,-0.650910660993066,-0.2707101100851991,0.773377294330948,0.6126858582031336,-0.0007142399397012636,-0.8892316629916439,-0.7133055034581032,-0.4172963589083965,-0.8994698040643884,-0.9727275205054273,-0.953971988995706,0.16369779260286504,-0.6077939888993519,-0.9888708533799623,-0.49753455243252204,-0.6911299363192085,-0.6803100258402107,-0.40386287069282806,-0.3483173529404229,-0.2968199173237889,-0.3019827464548744
-0.7709722227900967,-0.7649590705277877,-0.7721090133051076,-0.7824152884918901,-0.7328673054072435,-0.7240453691501039,-0.7174991360891039,-0.6751494366229521,-0.597716227328404,-0.55044821379998,-0.41094246232423476,-0.3818964672307392,-0.38365298334579595,-0.350552759510916,-0.31895076280895573,-0.2802331871689765,-0.258156931517515,-0.26265057368372063,-0.2578916274306217,-0.27994155201207166,-0.33449338814157514,-0.3321858480327239,-0.34068126302848084,-0.30618076702661534,-0.2563196234464544,-0.2318799867395916,-0.25350353745913645,-0.2524091326859917,-0.25326551733718683,-0.29791915340216024,-0.22621122629954557,-0.38758500251017947,-0.36318313013100695,-0.340324808872031,-0.16241131377024356,-0.14283616997377407,-0.14924692951827423,-0.14567060970634413,-0.1458027335984826,-0.16179024486839164,-0.16896743187987773,-0.18337196657905386,-0.18722123467043678,-0.2055017659340055,-0.22771556622863828,-0.2895748512329306,-0.33518881751664675,-0.35449259029797586,-0.34328665024329214
-0.8293199550723205,-0.8116129166096705,-0.8164093321304844,-0.8252093367025913,-0.8118278872644981,-0.8066828906403516,-0.7817869951447884,-0.7048231051697327,-0.7021847823669748,-0.6624929398286423,-0.6071058635064158,-0.5872475625239112,-0.5807923230001901,-0.5431562616555379,-0.4870127604827345,-0.43673888812692585,-0.40505880904998615,-0.4355412064882488,-0.4492685711424824,-0.4461465065973214,-0.4421844348745773,-0.4262341136575264,-0.3971676478935646,-0.32901650442736635,-0.3157929752815747,-0.30915791074333665,-0.2906082887421137,-0.28829659348563513,-0.29244392478908826,-0.2806181585218161,-0.25239344912656925,-0.24618972293671482,-0.23773034639290125,-0.24124618276202353,-0.24667903544748823,-0.24499195695628118,-0.25237870522103245,-0.25282756767231473,-0.24422700578885997,-0.2424714153152212,-0.2542766227095179,-0.26841544992004557,-0.271718755910746,-0.2788214451305844,-0.2874482048351269,-0.31121861101629067,-0.31574158173419936,-0.319633963074314,-0.33469425740278347
-0.8884593415336179,-0.8430731156181275,-0.84960559812176,-0.8448451010442999,-0.8127426741735589,-0.7833398862809082,-0.7909571472082499,-0.771378032379301,-0.748164131710351,-0.7059288314977716,-0.6786223200669222,-0.6268971031919014,-0.5694709221208261,-0.5111592501842377,-0.5047894200431051,-0.5032540452301192,-0.4971757538586277,-0.5008367938116263,-0.49002280237828033,-0.4825285245384992,-0.4520962186888933,-0.42992626746952967,-0.3951849293805592,-0.36608225069952066,-0.3488689422435337,-0.32742000960438283,-0.2746355669584803,-0.2567819930897746,-0.26728281821833466,-0.2800364294062841,-0.3024648912461316,-0.3226021865209482,-0.3258535454765411,-0.29318194152452925,-0.28097455238185104,-0.2698460933440581,-0.260165625704219,-0.2618959128228086,-0.27171693228534693,-0.28419614465946336,-0.299223021293114,-0.31356661882561876,-0.3258057592289242,-0.3333365232054957,-0.3378967335062068,-0.37577807819688214,-0.3904691806170445,-0.40261694698036665,-0.4083978982466394
-0.9351343978484491,-0.8529123287909334,-0.7787214061158539,-0.7563196518207618,-0.8008276572391098,-0.7939336225279583,-0.7921822244965757,-0.738651050020416,-0.7044536705703182,-0.7080783087632838,-0.6951169170040663,-0.6678556963820492,-0.6586931787052156,-0.6428745028095187,-0.5866140669887588,-0.5635811326328873,-0.5495427274244783,-0.5187002751844061,-0.49912165418628807,-0.48437222806993074,-0.4456479651313255,-0.42004981483788134,-0.40042842991660726,-0.3989347325448359,-0.3810915020800304,-0.3697832990264051,-0.357870381536625,-0.36541706882647695,-0.3721620027095643,-0.37904781919930497,-0.38842189606724703,-0.38229733128629567,-0.3788653873594461,-0.3793968935768164,-0.3868716851260918,-0.39274050399113625,-0.392930224211803,-0.3886788694999924,-0.39504237769469575,-0.4348250360574786,-0.45812755275538286,-0.47759772067392775,-0.4717335442444618,-0.46283756991322933,-0.46025568460605515,-0.47873481584195116,-0.5016604652967989,-0.5250246381053116,-0.5520577811277027
-0.9551953171536054,-0.9549332061661923,-0.9370866981700445,-0.9035084110809816,-0.8751233634760118,-0.8569889659978378,-0.830735632889261,-0.8001533923954395,-0.8152593963265281,-0.8203045779261052,-0.8663571608579669,-0.8183488170050692,-0.7501347292358491,-0.7136584291767797,-0.659124714756051,-0.6229275587988992,-0.571913592004783,-0.5399158209970296,-0.5433681294504682,-0.5350457446244418,-0.5365915346858015,-0.531321922438962,-0.51646849055889,-0.5127317317024437,-0.5133716156639897,-0.5105334383476248,-0.48982020608269905,-0.4881255366026137,-0.4928647407096871,-0.4931216895598028,-0.5139968534549355,-0.5250596621287656,-0.5141697601276263,-0.5077238468682942,-0.5009946899537631,-0.5045568034208785,-0.5254471729508757,-0.5255492917596989,-0.526177580934936,-0.5374202877169498,-0.553526299089532,-0.5586465460695321,-0.5690034628641966,-0.5811528919129373,1.7575339180267895e+38,0,0,0,0
-0.9421718226390821,-0.9196460273072077,-0.9078201625421995,-0.8962835611881675,-0.8600096001844274,-0.8486341740820674,-0.8558368307991622,-0.8579111846651322,-0.8574594724616752,-0.8548907850807237,-0.8258684545903672,-0.8151257824576777,-0.785187890201499,-0.757852954326159,-0.7083094843099548,-0.6996108675291463,-0.6689488072644653,-0.6241038087606435,-0.6074401200673117,-0.6083854827260421,-0.6110893893630626,-0.6084683161765349,-0.6136926904330835,-0.6279138477752376,-0.6354252017602556,-0.6346403444999827,-0.6215094546324137,-0.6330730141496808,-0.6316945825317759,-0.6326128328357994,-0.6376959480690394,-0.6320007175036574,-0.6287837554559601,-0.6364625709906607,-0.6375440672069007,-0.6430114582126274,-0.6740316272000396,-0.6890712082673465,-0.6885987361917173,-1.189157817142781,0,0,0,0,0,0,0,0,0
