jsons/1312729200.json
{"header": {"parameterUnit": "m", "parameterNumber": 3, "dx": 0.1, "dy": 0.5, "parameterNumberName": "Northward wave", "la1": 40.97354507446295, "la2": 16.46031188964855, "parameterCategory": 2, "lo2": 133.9931640625001, "nx": 191, "ny": 50, "refTime": "2011-08-05 8:00:00", "lo1": 114.97908020019554}, "data":
[rows 0 to 21 of 50, columns 50 to 99 of 191]
0,0,0,0,0,0,0,0,0,0,0,0,0,0,0,0,0,0,0,0,0,0,0,0,0,0,0,0,0,0,0,0,0,0,0,0,0,0,0,0,0,0,0,0,0,0,0,0,0,0
0,0,0,0,0,0,0,-0.14498902429046032,-0.1465891812489728,-0.153774662273183,-0.15064408207937394,-0.1516898989930599,-0.15669217925108697,-0.15857178933278052,-0.16059393069943068,-0.16052599155140024,-0.16065049400695328,-0.1617087401794653,-0.15693734434224235,-0.14908287348679422,-0.1335500993635556,-0.08875352463846886,0.012877148292932248,0,0,0,0,0,0,0,0,0,0,0,0,0,0,0,0,0,0,0,0,0,0,0,0,0,0,0
-0.21613547839858574,-0.195593840446778,-0.21353165548516456,-0.19712235554360433,-0.1924296241389001,-0.19422875735470208,-0.18625469652730983,-0.19139463904096266,-0.19575841400467972,-0.1916443813343324,-0.19569787554860424,-0.19640229399141848,-0.19384906026090376,-0.18887068295990775,-0.18329872894009838,-0.18172392949857144,-0.13170438008191548,-0.07482644098612365,-0.0002670762248740124,0,0,0,0,0,0,0,0,0,0,0,0,0,0,0,0,0,0,0,0,0,0,0,0,0,0,0,0,0,0,0
-0.32015490264928465,-0.3208912807931149,-0.32726596948435616,-0.3192197079747554,-0.30533333659765527,-0.3020435626559717,-0.2838707463236936,-0.27140558989569946,-0.2670379855422336,-0.2531398153680653,-0.2393261900209249,-0.22271958189836458,-0.19072551842641122,-0.1388583227218777,-0.19444324684573921,-0.1617159938295151,-0.11512388836194305,0,0,0,0,0,0,0,0,2.117457659868198e+38,-0.545615928696475,-0.5760874190529695,-0.5955079807469587,-0.6118465295786099,-0.6145861388826119,-0.6102773408514555,-0.6008126165128714,-0.573065778918728,-0.5534300227500641,-0.5649924149613703,-0.5449329791733041,-0.5584064385560705,-0.5351069690271374,-0.5481428576864642,-0.5445513893302822,-0.5201842612052391,-0.5078462049325781,-0.5485767397699964,-0.5223588446469403,-0.5207557486273239,-0.5507422421089153,-0.5141246993857561,-0.49765445090443167,-0.48544049567190106
-0.3941175541870296,-0.4185638953546753,-0.4345274031546629,-0.47771613877637453,-0.5014573100157725,-0.5178142936184412,-0.5501347979514896,-0.5684228040058057,-0.5598934474393437,-0.4764734993322112,-0.4228275504733885,-0.26478730247519205,-0.28160568148541787,-0.21022612773641933,-0.28286344369111804,-0.323305975359304,-0.5555582166515105,-0.5649537264224469,-0.5754809750781246,0.2286779359240892,-0.8517374378914164,-0.8965367046012239,-0.9419343642229818,-0.9688003191483671,-0.9361280518608297,-0.9598206640904684,-0.9503387812729428,-0.9454591920150338,-0.9416423200423568,-0.9521066953224053,-0.9098007504786703,-0.9057173874656103,-0.8706243583574649,-0.8258069837268354,-0.8252902194130728,-0.815927839990972,-0.8052490558475887,-0.7836714777679271,-0.7793685745328531,-0.7634904036791457,-0.7701321447650148,-0.7295653194873749,-0.7296042396257745,-0.7463736505519415,-0.7303061975332871,-0.7336886629219834,-0.8146808832291229,-0.7446641155706621,-0.729839501889395,-0.6832490947740191
-0.42939542380685236,-0.45223224057721273,-0.47506670040345567,-0.5064950342410484,-0.5424467177670649,-0.5683457964828976,-0.6195705178848707,-0.6612274221659612,-0.6944228872459248,-0.7449155493386588,-0.7823232746065907,-0.8259705308900473,-0.8873217442250372,-0.930510474887986,-0.961702125313051,-1.0082948418796482,-1.0741449370010046,-1.1214721079825523,-1.1272720742734101,-1.2038764131705046,-1.2233631150130357,-1.2545678583879851,-1.3138473365891392,-1.3153430760236995,-1.2992105865369836,-1.3177625145570198,-1.317736023872971,-1.2868085797285196,-1.2973237945010747,-1.3049403751442146,-1.2212768963011826,-1.230623699657905,-1.2202606664274545,-1.194474416649904,-1.1882555857211816,-1.1646266011892745,-1.1051884863927157,-1.0642488411200859,-1.0613243976201323,-1.0316537973739042,-1.0090932867705429,-0.9710959931396402,-0.937030851322807,-0.9229869754070357,-0.8525639017592866,-0.8203775542755178,-0.8724158864661091,-0.7505433745523473,-0.6552579443932852,-0.6268811438746602
-0.35757074513597153,-0.38474767436687274,-0.3962181453610779,-0.42635414471851624,-0.4475712060725791,-0.47201757038607145,-0.4940357360640966,-0.5263300734665812,-0.5611021639280909,-0.6086198923712062,-0.6531378160813579,-0.6996163701952485,-0.7843173829126565,-0.834999297930366,-0.9028691353855657,-0.9639628232754303,-1.0817946705539705,-1.1459023884716262,-1.218585294146581,-1.3460240896685036,-1.3957523272898795,-1.4773521445049056,-1.5812029968622816,-1.6528449929261302,-1.6227783894428993,-1.7371914792415137,-1.7440965435414644,-1.6894403245897487,-1.7438324493301318,-1.7425379971259336,-1.6412763227609897,-1.6889782896036052,-1.6537833137753841,-1.591789062953084,-1.5537518516663906,-1.5427250262643324,-1.4972257936621873,-1.4706635768483765,-1.4290627442893544,-1.3660312457188295,-1.360944210184523,-1.304779304757757,-1.2640782414511789,-1.1662388481301076,-1.0865735131976604,-0.9975847335245621,-0.8991110280375335,-0.7648306623754675,-0.7227218276446307,-0.4675854513603516
-0.12265323983374285,4.394725207264583e+37,0,0,0,0,0,0,0,0,0,0,0,0,0,0,-0.6694473953754821,-0.5675247142737952,-0.6006024340792736,1.195667224116144e+38,0,0,0,-1.0187660330979134,-1.333407319676796,-1.870483591073659,-2.213504541180629,-2.1997984728103557,-2.302928901580949,-2.2942425658962726,-2.216821650025927,-2.2786934954770737,-2.2504687178934932,-2.1210918032001858,-2.0805561305733766,-2.1134217536852082,-2.0303415773704825,-1.9921355153858504,-1.9949031191611568,-1.884137506571667,-1.853010421860647,-1.8250642533094357,-1.788525545895146,-1.6376116411398964,-1.585614858623599,-1.531369101579126,-1.4048426625920407,-1.337649192288231,-1.2852588139469794,-1.1908305250801927
0,0,0,0,0,0,0,0,0,0,0,0,0,0,0,0,0,0,0,0,0,3.032976054876342e+38,2.61738118642526e+38,0,0,0,-2.6843458884329228,-2.7905952001534837,-2.8960235967641528,-2.9936690340731857,-2.9189003593696787,-3.0345926638654364,-3.0383120182977073,-2.901047396372388,-2.912350654248174,-2.8476305388845007,-2.6939705656426973,-2.7324541230264274,-2.7097882015590837,-2.625248749953347,-2.5609759848355202,-2.503299912035854,-2.4276055117783684,-2.2956951023886867,-2.1775566084833233,-2.073871275080398,-1.944393947185392,-1.814471343724013,-1.7323551160173243,-1.6073167393205092
0,0,0,0,0,0,0,0,0.219038000129615,-1.4503155375374603,-1.554737502600467,-1.6760119435215997,-2.029083429219846,-2.0927155700952484,-2.2515174148891925,-2.2844190993766853,-2.485541986605059,-2.524529321703335,-2.652279637006142,-2.786290986662282,-2.829947507642494,-2.872447316220833,-3.03878407126589,-3.121535860348496,-3.2177253181252383,-3.4344017798103956,-3.485955647338492,-3.549507185997776,-3.766222223295429,-3.8788085549781237,-3.8358372755392396,-3.974371086947082,-4.002305499470788,-3.922970975509077,-3.8701971472237773,-3.9363762357311805,-3.879835984039588,-3.7580079010946417,-3.77467731945431,-3.598496274746067,-3.4698343148334003,-3.4110776149374367,-3.279672691460195,-3.0778068752233176,-2.9920337176776375,-2.82261568439521,-2.5818711738998377,-2.4624884882712297,-2.319236740724272,-2.125960580045407
0,0,-1.080415423226128,-1.1081372617653418,-1.1880540732870424,-1.2325605191328102,-1.56824028519192,-1.6769204938085875,-1.7193688644150655,-1.8813880708521982,-2.006545581988418,-2.135618432325295,-2.3214896727072736,-2.419267790253932,-2.621352046275335,-2.7255257615073503,-2.9332321333382216,-3.0902130182990835,-3.1658850891654082,-3.3567935264199646,-3.4978743180548273,-3.5938579097560384,-3.824709745350131,-3.9573781716783323,-4.040726507583157,-4.252881797336661,-4.366298544420364,-4.392042997022688,-4.580490247924058,-4.665895562462202,-4.723090686626624,-4.894172313835259,-4.964557778525723,-4.919108876528969,-4.937091130429375,-5.021976455871032,-4.904814600511167,-4.827304717880349,-4.905570653011566,-4.678375585662449,-4.548687691281281,-4.457009421406298,-4.281855641029189,-3.984894238833422,-3.7520828117727416,-3.6035973320785994,-3.2227094015230446,-2.9782188478891407,-2.7983919584581556,-2.4442969683462445
-0.7329212408159453,-0.739073117674662,-0.7832103893471796,-0.8725533291645889,-0.9288269671151941,-0.9901398181999321,-1.0952359251994623,-1.160426907925818,-1.2470420341119204,-1.3934247525972403,-1.48273586536837,-1.6378806202711942,-1.8118946631643327,-1.9470128181579136,-2.1789902421128655,-2.3324096009255006,-2.588068554155137,-2.8873894539166853,-3.0713016221550635,-3.3603644872579825,-3.5586547043434544,-3.74153312554161,-3.982737529196589,-4.119363808695836,-4.305065035217937,-4.580246997856831,-4.683581199347594,-4.896867732137389,-5.1116900801464515,-5.179317361129825,-5.235537919655807,-5.39276070374555,-5.390818460861135,-5.31946842189729,-5.230774096823625,-5.3609448049511546,-5.171557260194475,-5.095957410137006,-5.291381202433768,-4.951247242447064,-4.923525836340052,-4.906090672109299,-4.719353266473904,-4.32678718609956,-4.244631635680795,-3.9551612106168843,-3.5404325421155822,-3.2418331342868596,-3.0114307946310195,-2.5626869882878243
-0.36023528123896165,-0.3483603186093119,-0.37185446231199876,-0.43616164665631196,-0.49759380891985105,-0.5601321695252494,-0.6136061846015866,-0.6842886330102261,-0.7857018217979734,-0.8764195598127653,-0.9445751402541969,-1.0268680613896173,-1.129278268557454,-1.2383890694589945,-1.46801313323986,-1.6590549946348947,-1.925745896573525,-2.300161923789004,-2.554616486552922,-2.8176802284671214,-3.0441029056505524,-3.2049682182279384,-3.5069829820441876,-3.6972453401090877,-3.9962331880608213,-4.338138881675561,-4.472398808123297,-4.781488108028303,-5.034949677153211,-5.197327132996561,-5.319250067102303,-5.4525173267517495,-5.470699682755661,-5.330492275227373,-5.217906641258967,-5.259119179679927,-5.149621918875697,-5.026859131329414,-5.16872374853791,-4.98385694342166,-4.7843016306777155,-4.8691966728355265,-4.767555434147763,-4.260536689557704,-4.067449716834492,-3.897699766787026,-3.4241458558542606,-3.1605450016295826,-2.901464703909721,-2.4412835130289503
-0.028675083310028802,-0.025490985203111893,0.044468971345747885,0.04792940590715228,0.07794804424695875,0.06531608863197452,0.053934152334428075,0.035773437741913036,-0.024939839385630918,-0.06959498189033363,-0.11456456399176537,-0.2137229842400949,-0.29510376495549195,-0.3608945501547025,-0.545949089853954,-0.6536973850228618,-0.8103769906390379,-1.0822473308343032,-1.2480021232154828,-1.4608909396833625,-1.719401795872335,-2.05830770672607,-2.3424626488513294,-2.615413184837151,-3.057752410745706,-3.364979905531976,-3.634342418654269,-4.046279693327046,-4.260865816290261,-4.470091243694169,-4.731334102311355,-4.934700435041175,-5.080141710931615,-5.194805100377165,-5.225926572611107,-5.208610922871413,-5.041512043317039,-4.976817961021094,-4.917287540516302,-4.625348889601619,-4.454694047055738,-4.550581940314303,-4.336401378303104,-3.8455517595079085,-3.8424931539986127,-3.586987002791451,-3.1489570239968776,-2.8785395235778095,-2.7186466773890174,-2.298498700084927
0,0,0,0,0,0.03415361259985667,0.15696193763531222,0.21391394485877877,0.28691081700200544,0.31872617890928623,0.3195983460619712,0.2000178722317407,0.11667081148404075,0.034617319492706425,-0.10368512463207538,-0.20551505218776692,-0.3388611502158033,-0.6004237689905447,-0.6984929584105908,-0.8336131538841478,-0.799284922555927,-0.8717831668704106,-1.010328634939525,-1.1769890728522396,-1.4509135565629723,-1.616985217553909,-1.8832033256177854,-2.2097708839154055,-2.522998296768621,-2.7237382681609956,-3.2696052395155553,-3.6569731293915555,-4.028196504753102,-4.63668551935799,-4.874801327051478,-4.953750245821184,-4.87949043133418,-4.783964197684032,-4.594316139769731,-4.161751313990204,-3.896354986187892,-3.7985774880420142,-3.585837841173217,-3.121264786708268,-3.0363779669846003,-2.8556115445678643,-2.493166401745464,-2.403682906700608,-2.2602528048043906,-1.9523781607577757
0,0,0,0,0,0,0,0.026437950723705243,0.33504365850842005,0.5024629773404078,0.587856742011819,0.5329520512997115,0.48120712163703877,0.42072447027250437,0.3333244685669127,0.3200612430515399,0.3192194476625647,0.23820627116952267,0.20168678082030594,0.11812768871036661,-0.09562150972328672,-0.2377648512499435,-0.38645214099789255,-0.5331781200212368,-0.6535274789773369,-0.7449186996567874,-0.8333317024467517,-1.0977245242816045,-1.3324194776994707,-1.601445726984096,-2.0366843494550273,-2.3876623482496875,-2.6920825670074224,-3.4311342968747462,-3.9471008735183206,-4.2013786163081095,-4.670975276411779,-4.58484709904069,-4.266792854400501,-3.5193152207578597,-3.117116065271724,-2.762836207590058,-2.5950636990819054,-2.165019314874248,-2.104607894478944,-2.0055922147532925,-1.852850024925835,-1.7858193648654273,-1.744814747158729,-1.6431756201359116
0,0,0,0,0,0,0,0,0,0,0,0.5730884242063998,0.4272098866679302,0.37928446937712385,0.39320640459546774,0.4487497297131574,0.5027823412100761,0.4031181414058393,0.3848586011681455,0.43786201554548954,0.4376395370570975,0.3768407583218536,0.2902239535200402,0.1837877524649408,-0.04468230276018213,-0.13083679822210945,-0.19831762693355262,-0.4024560927974833,-0.4675097963299619,-0.5540444700617315,-0.713567004770875,-0.9909672926209059,-1.233753041769453,-1.7927220752295607,-2.1465662192420716,-3.1075021690859286,-4.191783323036824,-4.219042720663589,-3.8959960005948955,-2.5232708082783963,-2.043278299029768,-1.792399292506608,-1.1919783504439934,-1.102848232559488,-0.8771366946160734,-0.8830545312256858,-0.8346479219225255,-0.8476578426282724,-0.837901861501766,-0.7962280799229194
0,0,0,0,0,0,0,0,0,0,0,0,0,0.06681875258600779,-0.2228278121057146,0.24247687669059037,0.4120096507010283,0.5799211562229889,0.6225233189192955,0.6705017636951887,0.6080664523228891,0.5507441560630829,0.5085006617938751,0.3537534565584382,0.08207166943000978,-0.031092256282705177,-0.07166050684252626,-0.14158366555696356,-0.03354123650171705,0.10114798495791903,0.5818436886833079,0.6687486590122214,0.7571710273516704,0.7741658055411854,0.815904839762609,0.862598163446663,0.7065307818522657,-1.6420279214972262,3.2316965214084283,0.4655026603313325,0.08473346173021512,-0.16177701654090504,-0.23976688803573143,-0.34288350083752833,-0.39912780784850166,-0.4825378107649516,-0.49533420401746014,-0.47956949566103474,-0.4787088330005406,-0.44887410440503334
0,0,0,0,0.0911674995988902,0,0,0,0.31305613369279833,0,0,0,0,0,0,0,0,0,0,-0.8599150274901113,-0.0928369173291671,-0.003103573225203308,0.020483312344631185,0.08602226309147824,-0.1043721345850921,-0.21749524575948243,-0.22733045211287142,-0.20932311289577796,-0.007784242839911195,0.1776413679766491,0.3368125534790181,0.26288916218667746,0.19479815337535444,0.30288648131523044,0.4407047969364421,0.6884998704268581,1.5722386810356135,2.093445527049288,2.5344614173991324,1.9243948920149445,-3.1727387768237056,1.3398109390786397,2.891748033333514,2.0361654498433004,1.6694517736980539,1.2115192712873115,0.4892285636600213,0.28494089688338003,0.3608088880415066,0.2679505332071772
0,0,0,0,0,0,0,0,0,0,0,0,0,0,0,-2.8295033956460233e+38,0.1629251753001364,0.2511966305001621,-0.040778710605701096,-0.35765925568862006,0.3179610572892624,-0.03786898867091602,-0.7205253231691746,-0.9852318380332109,-0.7915328688061913,-0.8915940662966306,-0.8478340125463519,-0.6586847031378065,-0.6375070174572034,-0.5058287052985859,0.012030412072617536,0.22742318687931706,0.46023227800962824,0.8787523995007841,1.0065849784870329,1.3414449352722637,1.7787718544408562,1.884828777525427,1.9862917145536845,2.3418812727007476,2.4762137178521604,2.552188271225002,1.7654599455530937,-0.38879901734784034,1.9678161714387223,2.267649606000601,1.880037217395561,1.62976504741244,1.3460376244101084,1.1509560343263054
0,0,0,0,0,0,0,0,0,0,0,0,0,0,0,0,0,0,0,0,0.060959937367639286,-0.3686455369785063,-0.9673518735643039,-1.2859744250903489,-1.592104845783885,-1.916398007628626,-1.927441284988461,-1.6899597102089616,-1.468079789637901,-0.9555942436967654,-0.4916540588616445,-0.31509647104723304,-0.005364829030512582,0.4617925748446156,0.734018345446362,0.8298455704772718,1.1175878057514965,1.304513875852825,1.418809930510149,1.7601515541861954,1.9085167534982472,2.0417626999098384,2.1545143552954715,1.7762121285230983,-1.1806288304635661,-0.44095824785839866,1.8608863145696373,1.7579507740356282,1.7074911623698796,1.121691092816637
0,0,0,0,0,0,0,0,0,0,0.25308014847526766,0.35419481847176526,0.4181405715012974,0.4519368893279015,0.48919506109182814,0.5360111595414919,0.6311965808954528,0.6458775159839522,0.6578957457412181,0.6363619102043858,0.1569381099261345,0.01469163388425132,0.02430211270669899,1.0547632910366607,-0.9704230816954035,-1.3192628799582853,-1.2259834115432358,-1.0355813416869104,-0.8811480795337989,-0.6866442959993728,-0.34129089961692227,-0.14428437517372458,0.0376407543150489,0.31320978184796233,0.43561478460960545,0.5999784781048092,1.0300814948722816,1.2234330402233378,1.2873845405995215,1.4248469486561668,1.5073603393370096,1.5781234545000333,1.7024354422064862,1.95160210658846,1.8909973389010695,1.921877234984229,0.9472620796414253,1.653634388958366,1.8732942598880402,1.3662814502437435
