jsons/1312538400.json
{"header": {"parameterUnit": "m", "parameterNumber": 3, "dx": 0.1, "dy": 0.5, "parameterNumberName": "Northward wave", "la1": 40.97354507446295, "la2": 16.46031188964855, "parameterCategory": 2, "lo2": 133.9931640625001, "nx": 191, "ny": 50, "refTime": "2011-08-05 8:00:00", "lo1": 114.97908020019554}, "data":
[rows 0 to 21 of 50, columns 50 to 99 of 191]
0,0,0,0,0,0,0,0,0,0,0,0,0,0,0,0,0,0,0,0,0,0,0,0,0,0,0,0,0,0,0,0,0,0,0,0,0,0,0,0,0,0,0,0,0,0,0,0,0,0
0,0,0,0,0,0,0,-0.0013534255456019847,-0.0005784255309406309,-0.0001528787751480938,0.00014678673827603513,0.000594949451802961,0.0006073919686943607,0.000676481504479776,0.0006625294799444931,0.000632182611398316,0.0005047743061079095,0.0004922890248632301,0.0004453015085152014,0.0003259401108320239,0.00026291670718992666,0.0002571863525768944,0.00020913892051346432,0,0,0,0,0,0,0,0,0,0,0,0,0,0,0,0,0,0,0,0,0,0,0,0,0,0,0
-0.02139779394535698,-0.017440740579589355,-0.014845543177893132,-0.010240459563135306,-0.008318449561309685,-0.00648715467122069,-0.003964083888734428,-0.0034783905503587647,-0.0018150079780269762,-0.0008999714596814814,-0.00018975852072539975,0.0004860177913733594,0.0006263692356995522,0.0006367468835391378,0.0006834926105853223,0.0006201911728989153,0.0006091926688018328,0.0005647422988846632,0.0005059108552955506,0,0,0,0,0,0,0,0,0,0,0,0,0,0,0,0,0,0,0,0,0,0,0,0,0,0,0,0,0,0,0
-0.03885914810211031,-0.036619215391948574,-0.034633855544213596,-0.030006984758563834,-0.025542340805686604,-0.02340394021967074,-0.01584716174607608,-0.012194669194120152,-0.009220256056158416,-0.005309874071340422,-0.002224793444500626,0.001186422101780563,0.0008269193863607029,0.0007687314046624767,0.00047965051271305726,0.0004036518326421183,0.00031329383075638374,0,0,0,0,0,0,0,0,1.2982479922592484e+38,-0.05051744913764649,-0.04757827071109628,-0.045934174022598764,-0.043342280907229566,-0.040218653707677396,-0.03657105941016647,-0.03495189782851737,-0.03051879469913644,-0.027163343925576483,-0.02589409075001853,-0.021284101851696737,-0.02011374963889408,-0.01682561066333387,-0.013101301022317635,-0.009802271242767505,-0.007965912151359722,-0.005103147192130859,-0.00022000352763962213,0.0025940085985234427,0.004919162173674034,0.00989274638590824,0.010863313850907995,0.011693075344062788,0.01290849270648745
-0.04723171583120095,-0.0473560427508011,-0.04859130412038546,-0.05086437459152757,-0.04932672273066708,-0.04986235367568872,-0.05011769467238253,-0.050396426823247804,-0.04717863489094214,-0.03007899232675623,-0.024620577128649485,0.0006423979330684171,-0.008796459193147237,-0.008695572846196145,-0.010971141917418468,-0.03032004040789389,-0.053179471696304985,-0.054013088327281245,-0.06180484273348937,0.03433036655876935,-0.07607859731450435,-0.07497760492133564,-0.07515576700702162,-0.07470752805451161,-0.06899617302546052,-0.06701924494719003,-0.0645549488845575,-0.06135603643852509,-0.05826923979884491,-0.05711709039645243,-0.05287314563986164,-0.051259905406072476,-0.04733127542869119,-0.0431863009700183,-0.040332310982860366,-0.03717247837824718,-0.03230692717830352,-0.029828024509457617,-0.027153802449806818,-0.0229806884782036,-0.02013467167264694,-0.017721908120294148,-0.013776319214219275,-0.009626860918594013,-0.005095375797151177,-0.0034283655866947714,0.00526200073084313,0.008154438800040112,0.009897230652379334,0.014669264725111738
-0.04529526645957106,-0.04537760152687681,-0.04662463821514807,-0.04863240625573456,-0.049657236171092085,-0.05124110850619596,-0.05438255739919982,-0.0564099871286175,-0.05639303483640018,-0.06015139374503331,-0.06178011354982671,-0.061768692278181186,-0.0663728010359479,-0.06830907105384704,-0.06674992302408655,-0.07079767348068144,-0.07545009442686094,-0.07692541588787864,-0.07484309435546538,-0.08360016847557161,-0.07997759112416049,-0.08141418882004602,-0.08442026395400512,-0.08367169383559597,-0.08134069516780836,-0.07903137338754439,-0.0770739137336912,-0.07269191707968131,-0.07043790351535871,-0.06952988162421293,-0.06483121238603773,-0.06360805671873514,-0.060409953595314834,-0.05744242281815894,-0.055301829661829026,-0.051745223273149926,-0.04468365412633235,-0.04117570192919829,-0.038694166170479494,-0.032155228393394214,-0.029113521591499,-0.025933810551352788,-0.023254645606035244,-0.01957194298034147,-0.01579818649914735,-0.01211421467384659,0.0014178254113004207,0.007350577749540596,0.010435935124374256,0.018547539233278197
-0.024775414420076625,-0.0260513971379467,-0.027113177248674132,-0.028774692212122505,-0.030715419326641038,-0.03065567130388386,-0.033079543733321205,-0.03468160492355454,-0.037551057139132996,-0.04120075908086745,-0.04391120284116182,-0.04688325802548927,-0.05210267813644663,-0.05305020775001451,-0.0561718340768352,-0.05993297703357001,-0.06437066740631013,-0.06626594246027952,-0.06892274854714575,-0.08084575143071489,-0.0752269689787882,-0.08121598213961184,-0.0924435909793859,-0.09361158745111825,-0.08582709318848357,-0.09183093073654712,-0.09093993810038606,-0.08672410317337148,-0.08463862025891192,-0.08434022632671379,-0.08059258050715155,-0.0795199149322565,-0.07788680415935723,-0.07491077641322742,-0.07241695134985558,-0.07004322558273912,-0.06493476408410434,-0.06169651548309452,-0.05682481146162036,-0.04885069050934253,-0.04650840716090592,-0.04173052120438409,-0.03910616119424424,-0.033426822901918445,-0.028722912090689022,-0.025780716852997397,-0.020486396523568946,-0.01547243136273821,-0.011532985034372905,-0.005373761923791592
-0.0009385559957908072,1.7690165632990477e+38,0,0,0,0,0,0,0,0,0,0,0,0,0,0,-0.017454973181946318,-0.012666936771089977,-0.011446160832288093,2.3892863670908308e+38,0,0,0,-0.0392674875710439,-0.0747373808110335,-0.10551653820703885,-0.10687929175744533,-0.09728818231370438,-0.0950233172101121,-0.09246603572176301,-0.09149542077985401,-0.09120833726602771,-0.09027842852335845,-0.08746362268222266,-0.08471810429802906,-0.08433684215898497,-0.08053806942062126,-0.07897832290105822,-0.07745150807945661,-0.072610842915973,-0.07052542112047434,-0.0685557891361807,-0.06693447719471558,-0.05483404862509353,-0.05120068825421353,-0.04739861913756217,-0.040038087068589946,-0.03512838247428875,-0.03171995088748403,-0.02382720620450745
0,0,0,0,0,0,0,0,0,0,0,0,0,0,0,0,0,0,0,0,0,1.71663198072953e+38,1.71815481058262e+38,0,0,0,-0.11682957715968954,-0.1176741271291692,-0.11725528121551775,-0.11687682970293564,-0.11343628033603274,-0.11304959255465415,-0.11207123189683713,-0.10899108382085138,-0.10797292447715225,-0.10612909284227406,-0.10378090328257365,-0.10354010916535154,-0.10256438574029278,-0.10023302227947878,-0.09872410512664097,-0.09757705295304497,-0.09528208132120526,-0.09435891976445446,-0.09115572293272849,-0.08960970207881695,-0.08783203600229215,-0.08129512603758751,-0.07793060175986137,-0.07581017420392802
0,0,0,0,0,0,0,0,0.05032939307574778,-0.14540473316269525,-0.14804223515851808,-0.1490025071928017,-0.15867753049593541,-0.15502057243279976,-0.15599876072717736,-0.15237862010806832,-0.14872646031536696,-0.1465779225670997,-0.1458085459182593,-0.14126262219348137,-0.14272782701033682,-0.1406139708946932,-0.14000237364893434,-0.1402149709310778,-0.1411524455812509,-0.14163767124983495,-0.14160493867620788,-0.1415596070396658,-0.14183615740523922,-0.14135294417421287,-0.1411779779711872,-0.1410835925343595,-0.14136496031964033,-0.13972344825212396,-0.13902466248842427,-0.1397820306421728,-0.14112719045037267,-0.14158988446891568,-0.1410449707314132,-0.1395063688607422,-0.138256425438066,-0.13722092006489583,-0.13291027658808066,-0.1360568365008846,-0.1356122658033602,-0.1340324007542722,-0.13427495760147723,-0.1360642852226209,-0.13657430497055528,-0.13867981419710726
0,0,-0.16005966606902736,-0.1690561713758581,-0.16974492656831358,-0.17414419895229497,-0.18412014482339067,-0.18799220925495444,-0.1875448173369084,-0.18994715500147294,-0.18980153037567107,-0.18870521547479702,-0.18928629132637545,-0.18915526817498526,-0.1874686745207077,-0.18674780948339706,-0.18596070382215424,-0.18055609577354256,-0.17938495658340453,-0.17432611993135258,-0.1732710313232947,-0.1725077992608446,-0.17315596160687752,-0.173986431568344,-0.17497851436243927,-0.1759899377376993,-0.17813387734844938,-0.1825276869889907,-0.18429292835567027,-0.185628920634795,-0.18541533724132966,-0.18494085756043688,-0.18521165459472824,-0.18661815164705692,-0.18726214534739735,-0.18792321168117743,-0.18917994311035038,-0.18899822204961694,-0.18933994277735292,-0.18906046023856782,-0.18904409020006263,-0.19035540300309525,-0.18847801893019522,-0.18978065569159594,-0.1879282980214733,-0.18755057200370487,-0.1826445183748952,-0.18017525322313735,-0.1759273788116718,-0.17662041475068496
-0.18247379895121674,-0.1866480313527544,-0.18942883761876195,-0.20225425180308196,-0.20225810620467835,-0.20560368058742368,-0.21258782947000293,-0.2140050521137513,-0.21505524662731484,-0.2199435484930927,-0.2263290312777727,-0.228232070906495,-0.23639509287147506,-0.23511694620406812,-0.23280244689760457,-0.23257319265248164,-0.23325607470969373,-0.23026923332956034,-0.22859739120822167,-0.2218962544834881,-0.21855310630925612,-0.21723204711156427,-0.21336195003159392,-0.2108603388537416,-0.2050729329084072,-0.2023706487795383,-0.20271206356563162,-0.20299336527860093,-0.20423985533346722,-0.20901942352043512,-0.21349345772340614,-0.21233703888323702,-0.21274677915666107,-0.21470242559139166,-0.21441695723816842,-0.21547717467274305,-0.21694932051086074,-0.22005053977897593,-0.2173968624829467,-0.21720561541598965,-0.22086604528639697,-0.21756299579733213,-0.21490106689536945,-0.2116617200073787,-0.21442167844878957,-0.21516633478525737,-0.2165802991855734,-0.2190940711639356,-0.2137330241103747,-0.21161367370259504
-0.19382118508742915,-0.19434728977731294,-0.19738606476242582,-0.21107976606048595,-0.21363604957829357,-0.2173636110408063,-0.23072395647059823,-0.2360009328128991,-0.23773029510128957,-0.24852577595210618,-0.2543530091638132,-0.2555766587933914,-0.2649371106466601,-0.2667971026721053,-0.263249198963512,-0.26587703251530803,-0.27026519712430086,-0.2658721900210393,-0.2615139008521744,-0.2628342182622452,-0.25879966326958065,-0.25915306670650046,-0.25582630255076194,-0.2515215331975123,-0.24920177518522987,-0.24995555960936502,-0.2499955285882257,-0.24853762040761668,-0.24568473248208259,-0.25246772435263753,-0.2581700693444994,-0.25683756707161565,-0.25441088147955804,-0.2569443431391429,-0.2585518871430416,-0.2569222595576413,-0.25682217094263404,-0.25595053161432135,-0.25513142554474094,-0.25108944595004185,-0.2560182887406945,-0.2586486799649909,-0.25973981630834375,-0.2648797612636783,-0.26367293490119115,-0.2650099735265083,-0.26534405987238385,-0.26710050038613803,-0.2656019408856043,-0.26279806330944955
-0.1350875343144321,-0.16187684743078004,-0.17825589440174758,-0.20612936103624513,-0.20980231679534975,-0.21423714597986182,-0.22869318760721252,-0.23424091299837205,-0.23816844318978533,-0.2544291393989903,-0.2606254782424567,-0.2615648166502893,-0.27621489229470786,-0.2806287798490461,-0.28369760709300756,-0.2877203768866096,-0.30395900211862414,-0.3005196505278308,-0.30132652531880266,-0.3076796081591478,-0.30703839382824905,-0.3050302266790921,-0.30496311557189515,-0.3034453423118437,-0.30166897450108293,-0.2998832950252378,-0.3017933509544169,-0.31047675162974164,-0.3057351131950021,-0.3033243731240052,-0.30911165424359427,-0.3069577099761349,-0.30814083895425937,-0.31137040017505324,-0.30813638140548216,-0.3099942096392548,-0.3134752752012023,-0.3162853969067037,-0.31948942641829936,-0.3182561959472344,-0.31662803696626163,-0.32011292669559305,-0.31795107405067874,-0.31996160218335673,-0.32848638937157726,-0.3291874408651868,-0.3223176512581696,-0.32200863376981287,-0.321094143879142,-0.3217671711550587
0,0,0,0,0,-0.19600409707418878,-0.23466064962043764,-0.2452110944601077,-0.25252187039570617,-0.27722516821513443,-0.28459990101378463,-0.2859640756830729,-0.29869244183073,-0.302446993941894,-0.3112035863303258,-0.31997670809549733,-0.33267399139713477,-0.3364795408687622,-0.33831596619554966,-0.3410231423518658,-0.3425947433072225,-0.3439015364169035,-0.34901655138646825,-0.3488010034405172,-0.3458833257556767,-0.3505247248935684,-0.3558285729567992,-0.3593059969746038,-0.3640588670921084,-0.36843780811821325,-0.3680277987207351,-0.36935206211104116,-0.36881727767258576,-0.37374697872348966,-0.37705884822743724,-0.38065770950543265,-0.38590853824143656,-0.38583589788396233,-0.3828265801842022,-0.3897201999789717,-0.39223967018460504,-0.3959059282292178,-0.3993864832984565,-0.3942892915904201,-0.398469639584347,-0.40145192001024876,-0.3979034751504973,-0.3983650841495552,-0.3998107260252133,-0.3963483306610723
0,0,0,0,0,0,0,-0.16551482152807456,-0.18632357094326227,-0.21654611863903206,-0.24062554460344088,-0.27594299323130395,-0.31272750340405503,-0.32577798321712936,-0.33251042467279984,-0.340142620861276,-0.3565769438393612,-0.35910733423996166,-0.36420318274514907,-0.3722581474316078,-0.37816504461126826,-0.3819082340213959,-0.38893136160236336,-0.39598566015430414,-0.3961376277027954,-0.3997966005242443,-0.405631171948528,-0.41133133720775217,-0.41918533052810647,-0.4218686367917664,-0.425984304674776,-0.4326425363775816,-0.4378803785565548,-0.44009760869439407,-0.4403597143464216,-0.4487086209178704,-0.452021739593508,-0.4547798069761314,-0.45802542451228867,-0.4587064236156782,-0.4605500701774427,-0.4638628279110891,-0.47026169712721644,-0.4713949294934606,-0.4762775404582141,-0.48060967584909337,-0.4814049083813071,-0.49430429965750794,-0.49913352401282174,-0.4861388310189772
0,0,0,0,0,0,0,0,0,0,0,-0.10370892555781268,-0.13823423629725168,-0.22850188362678725,-0.2923794551776167,-0.3218015483768059,-0.35210290140481987,-0.3629775755910435,-0.3774089190654303,-0.3972092282336454,-0.4046543463551682,-0.4107242930744737,-0.42596608394312097,-0.4342661171385559,-0.43878001677087397,-0.4513344638144594,-0.46194738624275045,-0.4666225083482629,-0.47851647197972286,-0.48085157636709835,-0.4849683449409842,-0.4935024484542332,-0.5013373422083931,-0.5135537925288065,-0.5159647854274846,-0.5327191027956307,-0.5333122991535223,-0.5386812614128211,-0.5573317199519482,-0.5652202988769759,-0.5726918847986592,-0.5885644731797713,-0.5988909505623948,-0.5950365319101227,-0.6098420181399529,-0.6134477770823229,-0.6147860110700022,-0.6291352236051848,-0.6330727768582033,-0.6255250617970066
0,0,0,0,0,0,0,0,0,0,0,0,0,-0.10808562608503099,-0.1926826922041956,-0.2378337746787067,-0.32624030594466086,-0.3695524935829913,-0.3915553227832226,-0.42684407119793416,-0.44047244364995014,-0.4481163275430092,-0.46370042740550965,-0.4719464712867564,-0.48339002756065086,-0.5058229556589425,-0.5142953383059372,-0.5217051152709494,-0.5350232943507675,-0.5427472387341954,-0.5479383020989786,-0.5678755320229657,-0.5865939868836517,-0.5981856522584371,-0.6119953469663851,-0.6346503027312755,-0.6383703146970422,-0.6492802822350919,-0.6785178035857257,-0.687939745756142,-0.7006390924165502,-0.7176042793339731,-0.7251951844692364,-0.727029200138897,-0.7383741619320408,-0.74318492056838,-0.7465103204591019,-0.7485335019196693,-0.7467769336559286,-0.7423180754890156
0,0,0,0,0.03232148302285193,0,0,0,-0.06386210316284413,0,0,0,0,0,0,0,0,0,0,-0.34355557769136535,-0.41206458185335904,-0.45497838968283005,-0.5175062662178458,-0.5433841056984787,-0.5591525070213113,-0.6011612093285043,-0.61356436667956,-0.620098292858877,-0.6438317796625178,-0.6501010971761875,-0.6556165030542163,-0.6677372205357842,-0.670751434481263,-0.6742586375721288,-0.6876058895700076,-0.7112757854132278,-0.7226723184937036,-0.7327896408389148,-0.7649186680307904,-0.7893102354903498,-0.7997217410119758,-0.8292411305652949,-0.8450191605076611,-0.8579328373547331,-0.8740438331679852,-0.8900790732793279,-0.8931107200441312,-0.9184650655359344,-0.9218677806966171,-0.9184014198154025
0,0,0,0,0,0,0,0,0,0,0,0,0,0,0,1.7504617762816554e+38,-0.03893195428654395,-0.16427631460970785,-0.1751581477012235,-0.16342649747591645,-0.16601992242315003,-0.23494143678743504,-0.4116551331562122,-0.5380119018845727,-0.6377132147653615,-0.7059437861164358,-0.7275680820503214,-0.7431683946100842,-0.7633393330624284,-0.7724273849050423,-0.7837719076564758,-0.8022313139922143,-0.8064538335584276,-0.8188583955658095,-0.8186865707811727,-0.8268446366849455,-0.8277848440020744,-0.8328263626471925,-0.8496997192638105,-0.8612701710078041,-0.8847125000354258,-0.928527226339874,-0.9498476801652218,-0.9685412828021168,-1.0029572951414845,-1.0264089093348612,-1.0295695878663451,-1.0549408230284865,-1.070030199968655,-1.0765946409187879
0,0,0,0,0,0,0,0,0,0,0,0,0,0,0,0,0,0,0,0,-0.23724723679807747,-0.3226638121651371,-0.46059887284976675,-0.5410035328536913,-0.6064001473180878,-0.7093854302147197,-0.7713645411915222,-0.8396104144562777,-0.8851919714317884,-0.9219389764698414,-0.9443676268893789,-0.956505795350147,-0.9716870203483426,-0.9811708867549673,-0.9920452245449942,-1.0143520403949564,-1.0130859519690094,-1.0174459368675604,-1.0262801153552514,-1.0260955115276789,-1.0254143700201683,-1.0376441767054745,-1.0509162259115978,-1.0594855378282926,-1.0795310897955288,-1.0954532185187373,-1.1288614593369632,-1.1869772172588688,-1.2090636529354002,-1.2252500216797597
0,0,0,0,0,0,0,0,0,0,-0.19226212481082486,-0.19805423073196443,-0.20398885243017983,-0.21285006543120186,-0.23012242280345366,-0.23490099947842544,-0.24818669359907453,-0.2759136435336759,-0.303493014165635,-0.357460633855867,-0.4355885125718681,-0.46421070338609116,-0.47755524960336876,0.07460460723093759,-0.4903663410449245,-0.8951044970521694,-0.889433174019788,-0.918387183498635,-1.0022406778507376,-1.0221091799102469,-1.047416504789348,-1.1033625893895553,-1.1322277361403803,-1.151841954248311,-1.1660621434113645,-1.1874064631434784,-1.1996360995857516,-1.217769715201693,-1.2577046316704281,-1.2730394280504067,-1.288724818324436,-1.3029821605221874,-1.3203011956305766,-1.3346626302461015,-1.34171752419934,-1.334348087589987,-1.3548285978180183,-1.3993718124824233,-1.4074075099298728,-1.4278529934061364
