jsons/1312740000.json
{"header": {"parameterUnit": "m", "parameterNumber": 2, "dx": 0.1, "dy": 0.5, "parameterNumberName": "Eastward wave", "la1": 40.97354507446295, "la2": 16.46031188964855, "parameterCategory": 2, "lo2": 133.9931640625001, "nx": 191, "ny": 50, "refTime": "2011-08-05 8:00:00", "lo1": 114.97908020019554}, "data":
[rows 22 to 43 of 50, columns 98 to 146 of 191]
0.6592771890610611,0.8831177657816589,1.0587558704663589,1.2655612765309916,1.5083757486267044,1.5599032967170645,1.5977498457433092,1.6475534841838744,1.6825166579265503,1.7291975336410377,1.753631811784681,1.7561908968822864,1.7718786245079405,1.7665110879441845,1.7949681738146654,1.8282841400873542,1.8298107226251201,1.8465643977186759,1.8627932096964381,1.8516725908458567,1.8691005127902653,1.8734823405695198,1.8774211768374491,1.8901530004409186,1.884374634641879,1.897205621723372,1.889939509361526,1.8851876318658336,1.8837868047692152,1.8788149371436846,1.8723103420603142,1.8866240014934117,1.877133155149,1.8590258833180116,1.850188813462566,1.8329642999739235,1.8283316744198506,1.8158325999257592,1.8132833707041953,1.8020857567942135,1.7834612382965687,1.758928857033589,1.7661627546688645,1.7584536609169024,1.74088077657325,1.7463709299254568,1.7397925553403635,1.71200316700907,1.7141987234976344
0.44958749572802587,0.5656069961122199,0.7555676487905953,0.8983867212393852,1.1912998056280797,1.2559098005495033,1.3752668070594567,1.4754426896782893,1.5389807588940962,1.5761649766654091,1.6293628693825306,1.6303239407897825,1.641448776164169,1.6744677008728135,1.6944373191233177,1.7154680645513376,1.726419862129651,1.7461688871432297,1.753484879836262,1.762431685078802,1.7771877408957832,1.7838867324691037,1.7993165361852477,1.822125413709503,1.7807288000564385,1.8187584087028512,1.8138532171198904,1.8097575071393366,1.8332221829509006,1.8272060569218032,1.8136932714937188,1.808553774524269,1.8060746839470283,1.786433045343019,1.7619627789294137,1.7553956607381755,1.7242220410416789,1.7051333157447044,1.6994996067210826,1.6906188185577258,1.6803191210295974,1.656925784675806,1.6504255571479969,1.6362263624785376,1.6088297177618716,1.614618005654146,1.6139276036293824,1.589414023084271,1.588156178769869
1.5298883454140024,0.3247243483809424,0.45990215037214166,0.5227744129455265,0.7455656090221879,0.8207929083736963,0.9487679842494541,1.1296342411477098,1.2171699767218718,1.2644740719217047,1.35810411009407,1.3977492944043346,1.4459623160605743,1.4633572462177762,1.4801340328611101,1.5130868892549776,1.5542165522644669,1.5609991081122436,1.5895277489419088,1.5854954859107278,1.5714735294447677,1.5671145785823712,1.5763309984706158,1.566878256139825,1.5777919202609834,1.597553158861684,1.6028799293583071,1.6340183039582779,1.6630014285051677,1.6535297611228423,1.642734568293157,1.6317124139086736,1.6405853406592872,1.6061985921845032,1.6157311711388709,1.6139871715030127,1.5841407315639031,1.5325732194894908,1.508355843203335,1.4646421087090542,1.4407973806750638,1.3873135792892581,1.3436954667840704,1.3234415680624314,1.2918169473231378,1.2757221092184856,1.3205767262309154,1.2998093560545851,1.3358864440220382
-0.4512693518032014,-0.6022709706103888,1.0445659075528293,1.5404801152284855,0.726165230538529,0.6566234885414111,0.5999854561418255,0.7236103842469328,0.8269310253378918,0.8758511265356178,1.0474718264670488,1.0988865850300709,1.0941890742546418,1.1715450097226505,1.21428871076915,1.3313013154304625,1.3166909167402572,1.3326399905198643,1.3185786843493268,1.316384271402151,1.3365735644285213,1.341277185266785,1.3515895936870035,1.3640806312311125,1.3838023998687476,1.44533108545677,1.412208082970393,1.4097814257474854,1.4023931196081745,1.3940580040648045,1.368047707971717,1.3598619334640527,1.3570046979595902,1.3233682574039098,1.3416133056723425,1.3498841179567362,1.389434570278144,1.355663876082807,1.3231709734324453,1.2831188459645524,1.2488253324833551,1.1870376083515235,1.0136214765424083,1.2648536919573174,1.8263078054735973,-0.13910387626921175,-1.4980296072787485,-1.069376437253937,-0.608775495068263
-0.5206208650346207,-1.0345245848377873,-0.40480456796876807,0.23549807275389706,1.4320023919668456,0.8341954750614975,0.4018730120631343,0.20667518821515893,0.3226280514645194,0.37080948766248034,0.5217795441036546,0.5813096827853217,0.6328329540053033,0.6692172240560423,0.8154200442606887,0.8701305618170002,0.9471434262939793,1.0246041410374427,1.0685891032528294,1.0885752310715635,1.167289199349247,1.173623218695684,1.187905310540853,1.201443751300008,1.2199489013270355,1.2292414346856575,1.188863620127127,1.1941987015497935,1.2031681912832068,1.2144561800519473,1.186440543483265,1.1699924370893122,1.1676675449795033,1.1132007135339232,1.1048007223716292,1.0944060092427879,1.049568824081927,1.001465197653585,0.9485763665538436,0.8843740967382,1.1591634386092158,1.1591253063774756,1.4775534322581032,1.2311056839705423,1.152239858917827,1.3025220821199393,1.3453216743272371,1.309570248124999,1.379014499029061
-0.3320832025048553,-0.28987243546737596,-0.27288123728601943,-0.24280889993324592,-0.5008830369367324,-1.1653534887215706,-1.7054464387397783,-0.17653537096158406,1.671526659377962,0.7085180063152967,0.2527588940360882,0.3144368422248955,0.39371696027313435,0.46422396326908166,0.5902508633316161,0.6284297227929739,0.6705075784160106,0.8027251899767951,0.8059392961215631,0.8520977195755796,0.8799053177904423,0.9138021020029881,0.9113330462190129,0.8996879761125786,0.9155276318701475,0.9140567067256627,0.9253053084384094,0.8953499254516337,0.8919161600326305,0.8954831675079701,0.8984172512941337,0.9019808822642092,0.9290515422356952,0.9045415065427478,0.8885291412437077,0.8698612929505152,0.8593063826027576,0.8608956967646904,0.8586591088974094,0.8967094896771384,0.8946953783133648,0.9391648480801269,0.979423542033841,0.9937067812620093,1.020346551536777,1.0650947753670463,1.0834276642582785,1.1030586513412588,1.1229664965734139
-0.4634535216303856,-0.3606199907147353,-0.34596730714999957,-0.33056273471422976,-0.26577304068299934,-0.7082864386902173,-0.8396497403891173,-1.4103223414564428,1.6341482073138223,1.4682236597657705,0.3691307843042081,0.5615876256282752,0.42234027792978657,0.28181364537952236,0.3799266387355432,0.3995926819126088,0.4891614194570707,0.566612607474597,0.6074470124003454,0.6141676822245711,0.6192481138255236,0.602584530536903,0.600543284806257,0.5442254911160568,0.5042148728668615,0.5028087276177883,0.5237279393371818,0.5131794084695163,0.48000508711755696,0.39778742788091487,0.2921901957124731,0.8234984441350073,1.328997043693031,1.6179447566198466,1.7726643954425954,1.4699974318539,1.388613006615935,0.6533924587470225,0.40343908989830396,0.49053014865815314,0.5237666119638225,0.5722163803100566,0.5971564507473008,0.6159415658031645,0.6452852166048336,0.736871539884758,0.7690028727271115,0.7839653420822941,0.7868256240576172
-0.4918865089712303,-0.39261191836112586,-0.37841691235607283,-0.3555137229341201,-0.332541407937281,-0.28091602938168614,-0.26834432931898083,-0.24058021157562354,-0.4350860713977514,-0.622167266235879,-0.21656787590894053,-0.842969202569726,1.5999201120012605,0.8346764890282449,0.1503337356742357,0.19397647096775333,0.22482190771983643,0.3004929025299081,0.33257702195918426,0.3410601073115036,0.32925326588521336,0.31575524536920047,0.3008390634575097,0.288087660028537,0.27363640988365484,0.23795820032285478,0.33729196921382865,1.182006510554088,0.5099535764413493,-1.1552163230960362,-1.415291570803829,0.3919807650241884,0.8369474394019373,1.0437262073488434,1.1098101778420697,1.1491084980114938,1.1904058292622317,1.2536620051111946,1.2953571743131123,1.2842795641738143,1.3256370658048964,1.375271379777853,1.2320079932257746,1.1482165650125105,1.1439446833490403,1.0558314142348582,1.0211150973571375,1.0226679610909046,1.0129919817881698
-0.52695770832039,-0.466621899462747,-0.4396107952572651,-0.4167808029953708,-0.42646021877523504,-0.35361971945315324,-0.32971474342533436,-0.2377502510240432,-0.21806227605845305,-0.18522628672082048,-0.2985610288993542,-0.6454913058183742,-0.7140889792105214,-1.5174347920509903,-1.5853927145187954,-0.09481172310253345,0.2861278256149415,1.3028392306536825,0.6066809895713242,0.312063396516779,0.1981021190671164,0.21122572825305025,0.22708871748079068,0.24886744894209184,0.24983813969384475,0.25480820320466696,0.21608095381892206,0.21706444994476726,0.29760592859915147,0.33148049084794756,0.5836724661733432,0.7648952481466368,0.987368179831129,1.2408009343088384,1.1933293108818912,1.1949489676302365,1.2408317487857632,1.2065909638611418,1.2280827448434009,1.2120743023097935,1.2246509801082095,1.2073261925898808,1.2038111217389125,1.192338353462895,1.195685037092308,1.1888531909794877,1.2057570806578828,1.2030026432286645,1.176492361888547
-0.6420228346309488,-0.6029197480522088,-0.5769165049775209,-0.5642371539445887,-0.4925880601325945,-0.48800875827394063,-0.4723763589663138,-0.3748782236101014,-0.3516313494932517,-0.31589887801504607,-0.23509384663389196,-0.2284495200716792,-0.19271199933313204,-0.17537462239542692,-0.12928729116695895,-0.10701125907088031,-0.28530983482822336,-0.4309497968289265,-0.7649449107768141,-1.010856084027657,-1.3897266566120412,0.9349626549178892,1.3784190787219337,0.9184499914043102,1.443151146608862,0.9359886228298901,0.3588721992671412,0.08623177908041688,0.0691662979994902,0.06433628752737942,0.07201544030666347,0.06300054565005571,0.0874206043940634,0.3843138993443223,0.42163754601147047,0.24551790568122575,0.30649380031515094,0.3795402830228082,0.42607141583331504,0.5436970148869278,0.5894976051143963,0.5693012485246394,0.6920088587167958,0.6972658079084947,0.7291109965010851,0.8344319238594915,0.8302736337353485,0.8667488161922466,0.8651147559503398
-0.8466741589559319,-0.7330714789666434,-0.7044996598370745,-0.6860730793403185,-0.9231429303465353,-1.1014615443009985,-1.336445935150214,-0.8664701928552744,-0.724277692792053,-0.5824251005685068,-0.4784870344650308,-0.4235577445077171,-0.36950054304089436,-0.3388184826426819,-0.2917192338922235,-0.28894299501768034,-0.27579039388987325,-0.2311656833384841,-0.2272037123503574,-0.2027173266493305,-0.13917058991536105,-0.12022774026064781,-0.09042407280692169,-0.08250839296256364,-0.3583045538394802,-1.0048376275528803,0.6240980843722187,0.8082307230959713,-1.726384443165309,-0.6886637204157021,-0.298242202412497,-0.2806072471925248,-0.10079244256748869,-0.10221377825294561,-0.09436245732536398,-0.3111558241451708,-1.1947281798369036,-0.7870575366758279,0.5754126758046157,-0.2189893309136059,0.6815450229195638,1.7682494599636525,0.9340120242885604,0.5703502449801785,0.4167523679022925,0.2862547744083639,0.3158300560586825,0.33890238336932554,0.3532604714158702
-1.1549343257791533,-0.9285117611940987,-0.878762852565929,-0.7980867115629219,-0.7147771898741937,-0.9763726507158798,-0.8382023756958821,-0.5311788141544245,-0.4167121829729287,-0.47920563860749193,-0.522957916061211,-0.5263879677583025,-0.5304497104493943,-0.5186195633817208,-0.4741315437248745,-0.4527999209302571,-0.42231400887458126,-0.3486916941196125,-0.3192565296448965,-0.29771487848624334,-0.24043607481646262,-0.19658027985401344,-0.19204487427120132,-0.19460300817631782,-0.19544558239229443,-0.20147025510934136,-0.19434569933051096,-0.1940297082321863,-0.1990328987299269,-0.20251580812860442,-0.1914963699852125,-0.19529741655869892,-0.19030496165250854,-0.22271333423787948,-0.1935201472742377,-0.1683921829650335,-0.14160030368851084,-0.13803755776945303,-0.12749142427923119,-0.26772265082235774,-0.7667003784058003,-0.9114386115538744,-1.6630095336549768,0.9659967507022811,1.386007132463449,0.8901032296627521,0.7223985699147029,0.4019938586854647,0.15312420301853996
-1.3589413870213565,-1.2579194680713024,-1.205404953397279,-1.1223794521715822,-0.9693859420768703,-0.8622538645970441,-0.8026211129787264,-0.705095366079202,-0.6409815919315555,-0.633047524377811,-0.6247771389608363,-0.6128333467819351,-0.6184003295420163,-0.621157911442339,-0.5988941150567136,-0.5788194671368935,-0.5660705632164931,-0.5091891807254021,-0.48821513254175475,-0.48360687497471877,-0.4488181372147299,-0.41490873887856056,-0.4050906692712801,-0.35377157933959824,-0.3485813404122015,-0.34704730607392237,-0.30389886365260044,-0.2994218754319548,-0.28718716527986715,-0.2707753944117733,-0.23012879845333375,-0.197487073338634,-0.17711268224169588,-0.15604481729550534,-0.13578264107808186,-0.14311163617749503,-0.14702283091420176,-0.13885463294410616,-0.11828020312014083,-0.09657414002809132,-0.08607095713302966,-0.06887051729355934,-0.6620144745144101,-0.7745986675081077,-0.6994989138992026,0.24145457702408596,1.0569312118028444,0.3523210895280317,1.2993828690391298
-1.3449757733287784,-1.3110846014830613,-1.2871863183901835,-1.2454685831494687,-1.16496143160838,-1.1148643840100285,-1.0411477137913914,-0.9289940577992969,-0.8911649188380434,-0.8438423875324434,-0.787514016381312,-0.7662332771494794,-0.7380235681377223,-0.7328846023319454,-0.6833594371610993,-0.6652525072243358,-0.6596161200928432,-0.6136074496751688,-0.5799262397554945,-0.5688102678104701,-0.5434013775909237,-0.5095789042561722,-0.47941787866914043,-0.4392000830282334,-0.4078571470114827,-0.40690270030917364,-0.3694722059424701,-0.3599579406066388,-0.3237161693574324,-0.2954360350121945,-0.25051158321494343,-0.23878745059000128,-0.22737095059465762,-0.1911259669345269,-0.19009019378124578,-0.18513656535361622,-0.1762481554396217,-0.15676695203023785,-0.14552846455937782,-0.11663645453630274,-0.09404685595389188,-0.08709824844674065,-0.07565939319843124,-0.10219336067377362,-0.26264955799593337,-0.35677892400168154,-0.6670531326822493,-0.7027479332387747,-0.9096298299974347
-1.3076391262055567,-1.3042359727073802,-1.284032766925417,-1.2803387594239126,-1.2571684164911348,-1.2194399884856675,-1.1935492057041186,-1.0929561537939856,-1.041872983773597,-0.9812492469083904,-0.9251707741345736,-0.887596645511209,-0.857084268262193,-0.8523422691895517,-0.7844775918021148,-0.7716354744102534,-0.7504755716188481,-0.7077437688129358,-0.6858401408887256,-0.6537995872116602,-0.6160432292072275,-0.583136758722673,-0.5751662911398705,-0.5359358088866109,-0.5050830600798378,-0.4770035272640759,-0.45624611391763065,-0.4343625646041178,-0.4289930983050123,-0.39634885080239085,-0.3468445350259746,-0.32668451784726055,-0.29759661512086183,-0.2697386938739852,-0.2575894278859455,-0.25725945623599955,-0.2218933594613068,-0.2081192921995877,-0.19196991945896447,-0.17149493976641345,-0.15981223736231406,-0.13730553793752348,-0.14089194516256345,-0.14808872176753798,-0.14339929536760726,-0.11519572411371803,-0.106033973376318,-0.104807737106706,-0.0979844864871864
-1.4002967474336196,-1.3612562644452686,-1.3479424896738519,-1.3194997404339954,-1.2966900887646369,-1.2739272125721552,-1.2465956967761234,-1.1803380171169946,-1.1521088604519834,-1.0854348318836502,-1.0231254220265478,-0.9778397038194192,-0.9380273917589004,-0.9178041847885485,-0.8792544955748379,-0.8582488578738066,-0.8254861678910076,-0.8013880188727326,-0.772554455702035,-0.7540541274498072,-0.7169873599109284,-0.6823492389712131,-0.6548005275944805,-0.6001845397045353,-0.5834288219952003,-0.5660554168447299,-0.5336962388601594,-0.5197814109896052,-0.49727263786535647,-0.47362756280449025,-0.3787485946603564,-0.36878004328603353,-0.3551618922543125,-0.3250238405525718,-0.3000038245722554,-0.28083155771332796,-0.2825059284679251,-0.27672852270902376,-0.2694305600799712,-0.25980784100692217,-0.2538466671229915,-0.24399979863379076,-0.23562378098751519,-0.23239932396494595,-0.2297381342991755,-0.21147534984306599,-0.2000490439419169,-0.19054580873885754,-0.1885269790663162
-1.4556971937555787,-1.422590257895654,-1.408359909153764,-1.3940760550667477,-1.3376012450801344,-1.3268592332126814,-1.300572340148017,-1.2642683920118216,-1.2274589845669484,-1.2048171802173802,-1.1499379710771673,-1.1313694261908753,-1.0940687972368488,-1.0477388242255232,-1.0144077914011753,-0.9839025295610526,-0.9566900550414054,-0.9328775196958874,-0.917997520199782,-0.8904506480218619,-0.8300781772474265,-0.8029671739206927,-0.7693813691883201,-0.7200035385527891,-0.6838178827186073,-0.6696462292668155,-0.6197117435363492,-0.5894176431576309,-0.571851635068003,-0.5640753631183008,-0.4975245367577335,-0.4589790110531437,-0.43057809886164206,-0.42164947582925744,-0.4145680770516966,-0.40636799369941473,-0.38843620819564434,-0.3721548441976469,-0.3686836730465009,-0.3408252751810826,-0.3255372088518601,-0.30711228056230816,-0.2912395605309735,-0.29683029230831454,-0.29710350235387073,-0.28418520711392675,-0.27775801661600147,-0.27461008937560305,-0.2761460286287752
-1.5259467392706672,-1.5079574531677837,-1.477068376619121,-1.4562587759575012,-1.420481879490574,-1.4059715680947256,-1.3974781852071778,-1.390478027010482,-1.3713812748454275,-1.3172733394824334,-1.2542612055053686,-1.2221202547525685,-1.1989844694962462,-1.1691577919006286,-1.1146523278905154,-1.0780260553070973,-1.059085166631556,-1.0151940325032691,-0.9908583150984294,-0.9704790129347444,-0.9209481088676621,-0.895212032303232,-0.8571942108417856,-0.7737179014764719,-0.758513966387037,-0.7559263248039156,-0.7207858673597419,-0.6968302256366248,-0.6880920919505638,-0.6740554396577823,-0.6320467134975047,-0.6058349512545145,-0.5937174789045323,-0.5734458042088606,-0.5522437366731915,-0.518657805160586,-0.45343130344535565,-0.4477592849272929,-0.4537857355724244,-0.43550969450087507,-0.42161750375560436,-0.4174901994854127,-0.4108616734338414,-0.3979304191043973,-0.3848695318958816,-0.38077955212007086,-0.3790210490962636,-0.37984002371209474,-0.38428743655141817
-1.6078910887879552,-1.5503287948106281,-1.5532205798123755,-1.529666082239945,-1.495118954185744,-1.4781361465905205,-1.474439879363687,-1.4451172242189954,-1.4198932503994521,-1.3665438529123959,-1.3249350995993352,-1.2879152624664856,-1.2363002962462004,-1.1998026405480422,-1.1696272089793878,-1.1248719665701645,-1.0881095936322263,-1.0463082089689812,-1.0149855543220654,-0.9805433323631316,-0.950286781271663,-0.9383011631552239,-0.9057162382676885,-0.8803158901113483,-0.86090918802665,-0.8404247505399848,-0.7736995378373336,-0.7581570088704359,-0.7558502197524868,-0.7394823652137945,-0.7054122327790436,-0.6981915954597616,-0.6948426250506046,-0.6459828416348947,-0.619756557886062,-0.6069019426463146,-0.5889880988010935,-0.5769786936141665,-0.5627532617501061,-0.5446054727193983,-0.5355201613654105,-0.5279209399299566,-0.47807505554616037,-0.4669519123019953,-0.46499702624784073,-0.5109973729509033,-0.5170944363194199,-0.5191996455927183,-0.5167439801849774
-1.6612037472308965,-1.618836947963834,-1.5927685257671758,-1.5894532284543754,-1.5536149717275476,-1.5300495841354118,-1.5138707323379557,-1.4707060556258544,-1.4455403298370364,-1.438693616760811,-1.3655785161211287,-1.3082696115717478,-1.290811010926927,-1.275387596056304,-1.1866406269442935,-1.1407116637684278,-1.1181125110906056,-1.1114442464961032,-1.0897381587374346,-1.0787871426949278,-1.0366959669593132,-1.0124734658827774,-1.0022651215450356,-0.9640812564908543,-0.9015480068094451,-0.8430838660131096,-0.7853151834154398,-0.8137187662564427,-0.8078991299452007,-0.8007957209324245,-0.7803320477239231,-0.7688383111489488,-0.7496693432912828,-0.7331263794657783,-0.7282612275960769,-0.7292749899065492,-0.6987047056344498,-0.6827934103352431,-0.6851043799540669,-0.672985517669198,-0.6548032260925174,-0.6459169203683656,-0.6592032632367856,-0.6729006163890029,-0.6796664197825002,-0.7244027379150219,-0.776111090553697,-0.8311252598681799,-0.8938284276612339
-1.6786470887025873,-1.6510434692877785,-1.6375773400985947,-1.6055097883984966,-1.564507684360536,-1.55237458828134,-1.5309019128891974,-1.507173707611596,-1.499234144006312,-1.483361233330023,-1.4873973326375058,-1.4403079034287858,-1.400332539788288,-1.369529147199668,-1.3208555507671988,-1.2829557682685868,-1.2241302047981053,-1.1906438133817394,-1.1894283033542683,-1.1769108316207952,-1.180852768783951,-1.1652546850863832,-1.1278251183069459,-1.1001786367489457,-1.0873536623138442,-1.0739589431948644,-1.049497406651914,-1.0408087131933261,-1.026996331634277,-0.9952634487984838,-1.0034735204200813,-1.007947220814228,-0.9826512401171145,-0.9352762882865379,-0.9153690547161369,-0.8982860589246751,-0.8924231513578175,-0.8784566537172022,-0.8711405236771969,-0.8777410944287648,-0.8890017993520939,-0.8845435800168695,-0.9039607278769012,-0.9309936059673163,1.8873475768279165e+38,0,0,0,0
-1.709742810509463,-1.6883667394238018,-1.6802791378781667,-1.6597407310187025,-1.621959999772034,-1.5980308344807397,-1.5906413876949215,-1.5694211610988589,-1.5734462777970666,-1.57000686702161,-1.5298724062688507,-1.525158639531711,-1.4966060158682033,-1.4688703272071661,-1.4080940649713212,-1.4054653185703412,-1.3762526119498621,-1.3393878774914716,-1.3109911203458153,-1.2964296095243732,-1.2544722631511582,-1.2444045412925415,-1.241461724628293,-1.2319996978881227,-1.228634578385406,-1.2170013286746484,-1.1703212455363945,-1.1685476655690483,-1.163656479186836,-1.1517745974186555,-1.1361919037080246,-1.113752532254751,-1.1038250458947458,-1.111964868554561,-1.1038233161073838,-1.1054814357103322,-1.142632629868564,-1.1462822500272403,-1.14021273770059,-1.749088253493886,0,0,0,0,0,0,0,0,0
