jsons/1312729200.json
{"header": {"parameterUnit": "m", "parameterNumber": 2, "dx": 0.1, "dy": 0.5, "parameterNumberName": "Eastward wave", "la1": 40.97354507446295, "la2": 16.46031188964855, "parameterCategory": 2, "lo2": 133.9931640625001, "nx": 191, "ny": 50, "refTime": "2011-08-05 8:00:00", "lo1": 114.97908020019554}, "data":
[rows 22 to 43 of 50, columns 98 to 146 of 191]
0.776446326061255,1.0186147128762781,1.2087236169385178,1.431325360768231,1.6902691769465898,1.748525891853088,1.7942777677593382,1.8548669848916701,1.8932216270049271,1.9504975892745922,1.979170711554592,1.9782209711803975,1.997094357698264,1.9977163545914909,2.026699729934718,2.051529664861245,2.0505326516698927,2.070843577133756,2.0887531276305578,2.0853243549028826,2.1040447436852108,2.1056726994701913,2.101755922495697,2.1074625788360164,2.0987423586997043,2.103728809481339,2.094708291694591,2.0927678649678803,2.0844383113921503,2.0739936363963087,2.076563751065651,2.086175478860871,2.0704406447385697,2.0627833860152944,2.0521433356882617,2.0318209425821214,2.020582287443709,1.99325360427923,1.9905282343253368,1.9892995811213,1.9719875257254662,1.940021134567765,1.9499577571981526,1.932509996088021,1.9034304730291,1.9076784092625647,1.897563037696705,1.8645867498302795,1.8632600665955372
0.5520353310435604,0.6759042586215168,0.8761124288990091,1.0238492319642662,1.3603752921437793,1.4322180899081405,1.5608055001500096,1.6635735920380115,1.7283799341952344,1.7708952436229988,1.8280806825111071,1.840542590574882,1.8571160951541295,1.891070118180285,1.9183541627505518,1.9265487458218913,1.9279211437583843,1.947880932910209,1.9525964605383737,1.9583578574989817,1.967971844577368,1.9706251851043493,1.9797818950636061,1.9900489490854893,1.9506860295311286,1.9775751315517718,1.994252761002633,1.9996075854775117,2.0240762317188947,2.0104507533889358,2.002185564662735,1.9927271214954716,1.9904636706406773,1.9778872809960548,1.9530251204611684,1.9461673498125318,1.9184122267297616,1.8886895254883167,1.8812915890949693,1.8759247990438828,1.8651000461525216,1.8344254013752428,1.8408977374165005,1.82763443866305,1.7967172236109357,1.7923553308083293,1.7897015069902384,1.7594348117785636,1.7558070899450378
1.3376886246171753,0.34486500954326776,0.5069309621277258,0.5828720756269068,0.8604346466421523,0.9305412973324934,1.0632670914971327,1.2577560514400754,1.3327744722333295,1.386545927700702,1.508533169234186,1.5557404745324965,1.6116415301504718,1.6307985885162397,1.64744920781353,1.6796804770709934,1.713566267162506,1.7151064984423112,1.746839095398163,1.7426462508954705,1.7257906638328793,1.7180192352646553,1.7202089792948216,1.7190279863373725,1.7359593873980788,1.7620714203365722,1.7888391904757177,1.812745456742566,1.832246198705978,1.8288418972544878,1.8241612330754444,1.8065288528068066,1.8080966241467151,1.7889770202896809,1.7905467074341537,1.7950252328477632,1.776784094337903,1.7409477598506455,1.711178763482418,1.6805996204893539,1.6639488389901909,1.5870241629644295,1.55543817011482,1.5502920307697208,1.5208115889068465,1.502708342533295,1.541470503778625,1.5217732783412175,1.5602369468066855
-0.5338414879850544,-0.6868829048869755,1.1887217472629725,1.7565680103422296,0.7836142980476841,0.6914074633725201,0.6576380658076264,0.8035962015578062,0.9045590237037271,0.9545325648454016,1.1371750146084438,1.185930941950596,1.183329227988337,1.2794778671367721,1.3237893771141616,1.4413635274129102,1.4295576738159002,1.4489587176241356,1.446889065304677,1.4518033919945788,1.48100709922216,1.490349310094817,1.487446866547265,1.5052479546397963,1.5250370476533357,1.5846104182078675,1.572178204823738,1.5805910779798322,1.5735781664946298,1.5767018309573457,1.5793275843426615,1.5647527845380247,1.563914889495634,1.5439426867624502,1.5521926200759633,1.569175819964557,1.6055343995574956,1.5645226792263662,1.5378755055856579,1.5065859687023262,1.478545114961145,1.4165104142104503,1.247856327307337,1.465010803671633,1.902262904693562,-0.17345429731107678,-1.52661726352778,-1.0863502983537352,-0.5815016497043028
-0.3394901013265811,-0.6682250720019328,-1.288448935685708,-0.1978559842583536,0.2694420359558191,1.6982866900999785,1.7557559652893864,0.6078938426302986,0.6064507430412575,0.3916233788202035,0.5452244931583042,0.6114923270431911,0.6787446421965515,0.723639845413724,0.8919037755108135,0.9507702810345698,1.0254823865711897,1.1162543317614995,1.1803139898888968,1.1924257777210086,1.253638685286009,1.2709796540073117,1.2870600008109403,1.3088388494454826,1.337559865323983,1.340942090925616,1.3168339738443684,1.3208323185980262,1.334479201295144,1.3373450082387415,1.32035281323877,1.308480258833682,1.305905961193801,1.2747541022770688,1.2721805810190567,1.262883352600991,1.2555268040697056,1.210455917353745,1.1567485575476562,1.0957408744786983,1.1461712183766906,1.1262939264545961,1.3318334847973938,1.349402694277407,1.4368506245503694,1.54548007658953,1.5798854030303418,1.5443474471755878,1.5814897302683448
-0.46554961654544413,-0.39767216031894354,-0.37536609619516215,-0.33620176661251483,-0.26710409151023656,-0.6923772577065208,-1.2213265989428699,-1.9086368093151254,1.3557441190029211,1.6615544164185307,0.8212096985034941,0.3050912978445458,0.39961848910535114,0.48091041855295585,0.6221264315993917,0.6896046622271488,0.7243294367724475,0.8750937953031163,0.871465139725763,0.9207238795942357,0.9573501214962937,1.0151908859765781,1.003900659891637,0.9965614142496804,1.0060650058726188,0.9992832420091664,1.0140619302389022,0.9994357319133707,1.0087490558981478,1.0019813024541302,0.9903018445703381,0.9853269338030645,1.0243225241102403,1.0175464684612974,1.0113469071711756,1.0211967190986966,1.022233659882809,1.0271000913159782,1.0310058392301535,1.074575184798505,1.100341248895701,1.129554275175785,1.1973421134916442,1.2121310073903184,1.2441575984825308,1.2849666424593518,1.3003270580901576,1.3028789476304818,1.3252779545805018
-0.6090934467951874,-0.49136584848497783,-0.46244677888865043,-0.45470397355085107,-0.38667633616476843,-0.3287442793061793,-0.26745408519103153,-0.8802902782230817,-0.9196440972031636,-1.7648720887505898,0.6225338386023951,0.9014026809448146,0.5864264556717366,0.2442937086655223,0.3623510403934575,0.3883895813842712,0.47148352902303065,0.559595825107084,0.6250665706644382,0.6339564689369072,0.6483028694329765,0.6515336411728063,0.6478257738403598,0.5813344907460632,0.5419312587849923,0.559121598214833,0.5676950758787743,0.5625677339723767,0.5430446065399678,0.48216986089450276,0.40291409126099176,0.5693758415181667,0.8818644444023684,1.8163764444205592,1.9866194924896527,1.9545601215270358,0.8964815363799489,0.5281322539405386,0.5897332243432313,0.6738864903117522,0.7008914554923266,0.7419838616257696,0.802443135994861,0.8312351842603007,0.8626529306749631,0.9464950511208152,0.991547299196991,1.0066569874764018,1.0121294111327004
-0.6399288203117038,-0.5568095656029789,-0.537994528960651,-0.5073379581904354,-0.46916739133264057,-0.4101216787252884,-0.39499365591358426,-0.3579134707425158,-0.5762971624431756,-0.5016889340928052,-0.20173780999722518,-1.4017028801900233,-1.7263251045918306,-0.6607436618286672,1.337695750555228,0.7186890977703482,0.47986288312784336,0.2593864443323222,0.28545044974305883,0.2851907006399814,0.3117588232096873,0.3160490418438057,0.30935981575117166,0.31858858519812,0.2988682915599193,0.2756460957996555,0.4232076930424138,1.3350105821831189,0.7776867963237247,-1.475771644532703,-1.564659268629487,0.42873224726514814,0.9244195442004057,1.1412519763070903,1.2067129740603704,1.250538542450054,1.289896314963895,1.3523647076881946,1.3845822786487574,1.378748121472841,1.4261789632401756,1.4839061739131063,1.388791867457405,1.3276945172979053,1.3296768569962576,1.2852826997259643,1.2855144773503782,1.2820963211640273,1.2613298709728877
-0.7035326808596902,-0.6288774034054883,-0.5902251529901301,-0.5665155092823515,-0.5628885847460989,-0.4958544798634484,-0.47613427485313087,-0.3808262702332625,-0.35128654923574837,-0.3131724524969573,-0.2396074693798616,-0.2117937875989826,-0.15636532516606003,-0.3931126745093001,-1.0503060475057073,-0.12632492497195405,-0.7927630457333753,1.7527963608786001,1.195818677149349,0.48331718202913804,0.17408890930033596,0.17957736722714024,0.17626382433016477,0.23523988295779,0.23758993028926148,0.2739329031353335,0.23133751558226398,0.2238991402471671,0.30399817021814896,0.3665228124659804,0.6583610055563524,0.8365378819522933,1.0516192458389435,1.3308950551181231,1.2803973820142014,1.2787312062908909,1.317156566599288,1.2854127132250408,1.317214545455282,1.3090306408295096,1.3200977852723765,1.3084079434606337,1.3102909233771023,1.2954782759060335,1.2962146897907771,1.300408828444164,1.3103067503143275,1.3077128907886533,1.2989717944762353
-0.8004580239290244,-0.7634060449963264,-0.7213449697706209,-0.7027473716825179,-0.6270806982344067,-0.6001620534915989,-0.5846366770131668,-0.5017172112998736,-0.46640024866705193,-0.4344218181087943,-0.31750854950036583,-0.31802264822216475,-0.3012192519835895,-0.2871081934142903,-0.253467635610347,-0.2018706557169954,-0.16636475607521023,-0.08963626895660576,-0.09539856294225989,-0.3484407071479048,-0.6072912779539849,-1.5430175564262836,-1.8571878621283682,1.4297968354220592,1.0982460126227496,1.186255038624937,0.8397931079636491,0.4333278686311845,0.0772404345400541,0.06907689173758619,0.1126971535799607,0.10661920743361311,0.13363212763633725,0.46066433331398016,0.500846468923177,0.2966366357382344,0.36734563831957967,0.4423364592085574,0.4958122518296689,0.6164076071527903,0.6612198299079908,0.6378412513791661,0.7784415030037426,0.7887738207339529,0.8234977771677264,0.9296559168192527,0.9163014581327767,0.9382730461826255,0.9379823473548995
-0.9871001146153668,-0.8884341475855915,-0.8619401846820968,-0.8500389086779829,-1.0376603724568396,-1.219779687153516,-1.4583669138759523,-0.9819176585302479,-0.8351873534367104,-0.6915472185212131,-0.5714105244062756,-0.5263913852351635,-0.4826358637066644,-0.4649678575801344,-0.39924217367911663,-0.3790484517037797,-0.3663917965483127,-0.3263577356864037,-0.3048482751413329,-0.27422758688855037,-0.19776219290240604,-0.18391847362690386,-0.1549747918438815,-0.11740030436971932,-0.11005099787282083,-0.09655751828988546,-0.830386947158562,-1.6363779781353704,-0.07440469944610019,1.573270193641871,-1.3915632931948554,-1.1059109357302306,-0.8146039295864108,-1.229064515599487,-1.118650041701324,-1.4498712971958094,1.5336694956965633,1.4987975339361765,0.2618040244091824,0.48129240132562934,0.42222159079669497,0.21484989411906838,0.29623590892981616,0.3478297165879895,0.35868885177395265,0.4083091963909627,0.4386864854444336,0.4604135258446066,0.47515742816734335
-1.2994562389029,-1.1176319546554982,-1.0170229437567009,-0.9247303947426138,-0.8364468479171088,-1.125913130215397,-0.9820214062646342,-0.6481929175626062,-0.5170854697685316,-0.5778305510673376,-0.6081039780289006,-0.6072317760828957,-0.5958628404500146,-0.5880757396454073,-0.5387621778380244,-0.5142133670012056,-0.4825434983129545,-0.4220584365170736,-0.39641975170500493,-0.37024380504396354,-0.2944276920341152,-0.228784025597872,-0.22289040996542833,-0.22871521560810465,-0.21823446785850506,-0.21767917760870506,-0.23689819237210974,-0.23460371890399395,-0.2010224528018198,-0.19840263133939365,-0.15003829010905873,-0.13875448535666735,-0.13232797839748983,-0.14386308742249426,-0.3556681213543721,-0.49743649045100274,-0.8619792510425788,-1.2261110564939597,-1.8065749666117958,-1.7451382053890816,1.1496838233982112,1.3242678190975847,0.7796654272872987,0.7736328952961727,0.31103072240590834,0.1964362944742763,0.24781515105876636,0.2745139780684492,0.28650491840321946
-1.4577961981638714,-1.349793985062906,-1.3041916085659417,-1.2223230535972904,-1.0731810288964228,-0.9784316550419571,-0.8995044962923738,-0.7862479149496574,-0.7161902837611571,-0.7040051885493669,-0.6846154878384338,-0.685749523097882,-0.6737349510584586,-0.643039888329657,-0.6419593487550876,-0.6255853651835511,-0.6204690884324601,-0.5573475544886743,-0.5292185456705937,-0.5289673883219295,-0.4840401568071462,-0.4426412450919233,-0.42531143678176425,-0.3644502316711966,-0.3563978133622932,-0.34949321649181453,-0.2972800987289855,-0.2848898274722874,-0.2631223094266227,-0.23307576148756756,-0.18898692832413355,-0.15150937759448949,-0.12809638102327645,-0.10250772994839018,-0.08361128532511009,-0.30937820737915805,-0.6524410454516936,-1.0927963896682562,-1.7520719906999829,1.5082443875002025,1.7287115482845343,1.6508478080549416,1.0623555782653733,0.7874260304663749,0.351292253039346,0.14512710658283448,0.18547968861564965,0.19314999999227167,0.1890153709700298
-1.420006065249206,-1.382838804847003,-1.356272065817451,-1.3119565823243802,-1.2354243381858445,-1.1855075563917474,-1.1131346954241048,-1.0041339513381167,-0.9589295335226049,-0.898665989797717,-0.821706213960435,-0.794046641185928,-0.7630512559306675,-0.7548590978049861,-0.7096677968087807,-0.696402625891105,-0.6911161378089071,-0.6338884939137484,-0.5857851289890241,-0.5688133064499473,-0.5446517446156406,-0.5106121661610905,-0.4788898757527233,-0.43634040431030324,-0.4093018468944075,-0.4028263973969712,-0.36331901808931855,-0.35059797376851004,-0.3079640293497019,-0.27748685409702795,-0.22985133030212332,-0.21398379608629753,-0.18787625094280122,-0.1339089930358641,-0.1308254857616651,-0.11906084730430025,-0.22752996539161902,-0.3890824465001293,-0.4588653612188678,-1.2211928478455452,-1.3882144339770992,-1.7180880927477098,1.0639813054802976,0.32566573263512505,1.4179696387789262,1.4688943238974284,1.2616510961397858,1.3378643859231178,1.4039905489748403
-1.4109908922817056,-1.3861196439840922,-1.3693017647626318,-1.3556974752776079,-1.3327108843980096,-1.291205381157887,-1.2615900690283661,-1.1548138508281405,-1.1060344058627083,-1.0369438868344836,-0.9691950792383416,-0.9371043531814641,-0.9115381992319214,-0.9077931348047684,-0.8251243004975778,-0.8141486263962812,-0.7812325271813194,-0.7134286579631879,-0.6894004882453308,-0.6545569549531035,-0.6049493309909447,-0.5618118726794789,-0.5513857316462955,-0.5288941928965282,-0.49815088946704816,-0.46978378490550027,-0.43600475923670173,-0.39749769291331416,-0.38534057849419834,-0.3593123306639731,-0.30746522321022546,-0.2819060235893777,-0.24300402530574144,-0.21413763024960197,-0.20263259459415353,-0.20267989488377403,-0.1694086248209741,-0.15693436296835991,-0.14118697656294746,-0.12300162278656675,-0.3015363111126275,-0.27572839621770534,-0.6304305919905677,-0.7615011302873923,-0.8230010158795086,-0.5718356958450711,-0.11998381953065225,-0.7369146898023721,-1.0347315227055165
-1.530215916755414,-1.484909872292418,-1.4585542216981875,-1.4212694617870956,-1.3893875139714305,-1.359803953508357,-1.3366076027660672,-1.2640598565195986,-1.2444388975114027,-1.175789425194585,-1.1090856750141342,-1.0534514581918166,-1.0056392676341008,-0.9807251228130157,-0.9372908659819633,-0.909824164029197,-0.8671342020288085,-0.8390270111162226,-0.8096234495438829,-0.7941350616431102,-0.7495747845496872,-0.707053624024559,-0.6750408850931346,-0.6102799548338683,-0.5902415627490368,-0.5701823666272489,-0.530816599423665,-0.510235039574231,-0.4799297513879638,-0.450815994497938,-0.34961642223030154,-0.33932786514632274,-0.32419375182788474,-0.28809737729440815,-0.2505595304246982,-0.21834774126343232,-0.24619643865632515,-0.24806104068663345,-0.2414055288698911,-0.2305144689809445,-0.22994476222070853,-0.22985286747132447,-0.2262657900609623,-0.21199453248661201,-0.20272547482151082,-0.17533095655086026,-0.15871591485658929,-0.14422877270092643,-0.28844551682060665
-1.617651239576548,-1.5735455438646222,-1.547684539654848,-1.525664135292566,-1.4632310856777113,-1.4475905269175788,-1.4110880270472659,-1.3679334488116988,-1.3222452142857566,-1.2938966600421224,-1.2298903245333477,-1.2099043958992235,-1.1814534844954296,-1.1427839738640921,-1.1156221807201072,-1.0790479225754663,-1.0492393827396762,-1.026552674710973,-1.00966230299867,-0.9795083747106722,-0.9144291476015318,-0.8772307586460453,-0.8324098113890482,-0.7712550000507906,-0.7224304141856985,-0.7019997819750825,-0.6446749532440726,-0.6059631073010334,-0.5807292515921845,-0.5704040454261162,-0.5185228472240444,-0.4818710136656856,-0.45529997128692185,-0.4388068076462375,-0.42601512959078686,-0.411577799156355,-0.3881914875744638,-0.3653370951850933,-0.3602087054329139,-0.3406624248956052,-0.326515233016372,-0.3067237829378506,-0.29084808354392566,-0.29149140642880433,-0.28680701697893246,-0.2640447332327362,-0.25207384167421004,-0.24778366990963566,-0.2501523335831243
-1.692140642064278,-1.6723014637756368,-1.6319172568118272,-1.6047336625301303,-1.5587442585768259,-1.538357694530268,-1.5291006599292056,-1.5174094319597258,-1.501028991752305,-1.4522244124769497,-1.3954519513950314,-1.3648608515515483,-1.3423455168585912,-1.3095742041268326,-1.249229276093041,-1.2029110436061121,-1.175658570473562,-1.1377371766430395,-1.1127072571823169,-1.0939858919307726,-1.054019150194164,-1.0314274725913828,-0.9876703055688071,-0.8870053103908344,-0.8678424885950001,-0.8588328116356151,-0.8025398032367789,-0.7663776820818385,-0.7514068823117124,-0.7396606582935699,-0.695141260449963,-0.6643850078800463,-0.6512942132967972,-0.6298068535364495,-0.6039521110342051,-0.559272792760984,-0.45848148306770803,-0.45194627200311094,-0.46989166161118806,-0.4591341099350443,-0.4388101652944367,-0.42741358737914287,-0.42202387189222373,-0.4119446249807885,-0.39682700606831867,-0.39040975823843393,-0.38656284231025584,-0.3881415278812458,-0.3932494027461887
-1.7626298752269336,-1.7054277790805243,-1.7040063053902061,-1.6802571707169465,-1.6462451365653237,-1.6320182918411419,-1.6254961783442552,-1.5952394011099975,-1.5741228645029053,-1.5311521381744704,-1.4996046263263167,-1.4559178091752585,-1.398000523386667,-1.3643176204388898,-1.328298820843205,-1.2692634883648843,-1.2244849873521284,-1.1830609395072342,-1.1560305945473812,-1.1266154808391153,-1.0981818721702128,-1.0853927739830904,-1.0524905009446002,-1.0237237997346251,-1.0095136465927301,-0.9815563927628179,-0.9001691392156685,-0.8795699572364645,-0.8761877855356845,-0.857122934833715,-0.8184239616052912,-0.8141297633304697,-0.8106673595320605,-0.7438825104003535,-0.7105821268169913,-0.6922207448813271,-0.6660204665580112,-0.6489747096785959,-0.6302959987238541,-0.605978580106355,-0.5943974378905901,-0.5862716166450013,-0.5329203364903605,-0.5232779623425166,-0.519612437099436,-0.564378139467027,-0.5689304596300103,-0.5730418425865481,-0.5730756319710074
-1.8130245008553296,-1.770325685803185,-1.7477806757136058,-1.7433424268950581,-1.6966396123926897,-1.672628397852102,-1.6575333591027475,-1.6185810452095566,-1.5961042349498764,-1.5891808446935787,-1.519195242975491,-1.4647877182611242,-1.447751091053427,-1.431989331738525,-1.342860348846704,-1.2949609230736203,-1.272467237862049,-1.2623175980893984,-1.239068923062359,-1.2276659361160696,-1.1899252848996522,-1.1688945258042265,-1.1561853798873276,-1.1205752782737761,-1.0619414638725382,-1.0112038657979814,-0.9600343070366711,-0.9759609112196415,-0.9576905791591083,-0.9418661266968361,-0.9090007263608573,-0.897525856752431,-0.877038736207878,-0.859236310837843,-0.8497221294276777,-0.8465011867905865,-0.7994668939038857,-0.7795318528232598,-0.7824802554801654,-0.775009439405785,-0.7598148518267897,-0.7527915893614754,-0.7553562177762889,-0.7604294669577046,-0.7605856452022056,-0.8020891795849541,-0.8554651317506731,-0.9141253736970724,-0.9818639340747413
-1.8219013428768938,-1.7971522920918417,-1.778456393506808,-1.745602376143587,-1.6980165962041482,-1.6885555951274693,-1.6661137340271686,-1.6431992536449,-1.6352696817191688,-1.6189386220374697,-1.6170182481829662,-1.5780978321972763,-1.5435996322528045,-1.5175151161740934,-1.4748006453313707,-1.4398920362327388,-1.386561173400308,-1.3548900086601279,-1.3476937274594547,-1.3313070797602056,-1.3321863544010766,-1.3181077691000433,-1.2811043079636109,-1.254279430634659,-1.2383370312809712,-1.2230892786864538,-1.1911928855058171,-1.180829524516325,-1.167207519616028,-1.1330480428563785,-1.1345353911051763,-1.1357590525216252,-1.110540456042586,-1.0625653018351602,-1.041657495638613,-1.023182000985988,-1.0140323646084877,-0.999046107528095,-0.9914530099544369,-0.9923992262050881,-0.998802547768164,-0.989752824271873,-1.0023947727921199,-1.024449497317415,1.9467877267204946e+38,0,0,0,0
-1.8455015665129246,-1.8215752669447562,-1.81254941278525,-1.7923915149854572,-1.755842842709909,-1.7319381630602966,-1.7236582330988248,-1.7018567083841036,-1.7056521462994483,-1.702319535897359,-1.667398961756975,-1.6640900692540437,-1.6377809621243857,-1.6131178376508264,-1.5617080979183677,-1.5574628400803228,-1.5257569472318389,-1.4861632448437443,-1.4569760801168794,-1.4415285719665938,-1.3965288064068304,-1.3861131818766221,-1.381760212981585,-1.3705304391490387,-1.3668709390949059,-1.354963222696719,-1.3046792890875658,-1.3007428227424183,-1.296210635665948,-1.2805528969737106,-1.256872755680081,-1.2301083588618973,-1.21864146581187,-1.2269136337171513,-1.2181082737542925,-1.2188806796885834,-1.2523527505698357,-1.2514264754480686,-1.2447018539377455,-1.8471510614291307,0,0,0,0,0,0,0,0,0
