jsons/1312696800.json
{"header": {"parameterUnit": "m", "parameterNumber": 3, "dx": 0.1, "dy": 0.5, "parameterNumberName": "Northward wave", "la1": 40.97354507446295, "la2": 16.46031188964855, "parameterCategory": 2, "lo2": 133.9931640625001, "nx": 191, "ny": 50, "refTime": "2011-08-05 8:00:00", "lo1": 114.97908020019554}, "data":
[rows 0 to 21 of 50, columns 50 to 99 of 191]
0,0,0,0,0,0,0,0,0,0,0,0,0,0,0,0,0,0,0,0,0,0,0,0,0,0,0,0,0,0,0,0,0,0,0,0,0,0,0,0,0,0,0,0,0,0,0,0,0,0
0,0,0,0,0,0,0,-0.06142521537771918,-0.06483744592497932,-0.07075009961548893,-0.06906642058673838,-0.07095506371764082,-0.07265052057607528,-0.0725496962812962,-0.07341991657191953,-0.07338549067293132,-0.07459866322971888,-0.07521660180968225,-0.0731634213478739,-0.06996924376005784,-0.06119629714343788,-0.04213625978289514,0.004990237143940984,0,0,0,0,0,0,0,0,0,0,0,0,0,0,0,0,0,0,0,0,0,0,0,0,0,0,0
-0.10892178146859022,-0.10150820592909943,-0.10971814239715613,-0.10131624235513366,-0.09931426852299284,-0.09904697593033873,-0.09460018108106041,-0.09541530288607153,-0.09496317265587575,-0.09248920567007511,-0.09223954086157428,-0.09112311030449968,-0.0915776678137606,-0.08780080869028965,-0.08292566271770306,-0.08188935613224325,-0.06005098734214962,-0.0411381223558037,-0.014947460937484827,0,0,0,0,0,0,0,0,0,0,0,0,0,0,0,0,0,0,0,0,0,0,0,0,0,0,0,0,0,0,0
-0.18790553432573415,-0.1872368122357275,-0.18773695852421063,-0.18429192465801397,-0.1808149607944257,-0.17834673069536805,-0.16332947631382472,-0.15370081765681717,-0.14684114610482957,-0.13406669517399725,-0.12357027897064846,-0.10886393251730712,-0.08799596280797777,-0.0583621991126923,-0.08269785476414562,-0.06762511995371964,-0.047430148851729366,0,0,0,0,0,0,0,0,1.79835131449058e+38,-0.2627706306883691,-0.27765437350322947,-0.28159269816562793,-0.2838193530771869,-0.28753055791823423,-0.27351151951037384,-0.27170859703917555,-0.25970284121090537,-0.2482709256201496,-0.24650546518619518,-0.22886402572848372,-0.2335890538127921,-0.21917255570406927,-0.2254519223929978,-0.22186752788255595,-0.2179650115117246,-0.21988524916875296,-0.23965842298175613,-0.23550966800901815,-0.23461461322636248,-0.25242500360046205,-0.24333381233921855,-0.2377336696021562,-0.23424855808693207
-0.24870928058362712,-0.2590133777366947,-0.2658331526068694,-0.2844165476290371,-0.2915406543552093,-0.2968393669990279,-0.31105605185450214,-0.3153917369784251,-0.3178937314170555,-0.2703487566045357,-0.24446001441579304,-0.13855519531716468,-0.1374176214520852,-0.09761716049119001,-0.13229963936176103,-0.15862069995207317,-0.29092882688894617,-0.29767093346657714,-0.2840967073512423,0.1238672010243989,-0.4064680372161795,-0.425927736481769,-0.4497295475617891,-0.45845808889447714,-0.4447748630230768,-0.4593750256475947,-0.45539018109164553,-0.4581783857501884,-0.4525335154355498,-0.45810905296251675,-0.4535450565822765,-0.44159334000325307,-0.4277241465654024,-0.41582463325522245,-0.4150575801857,-0.3996492200607929,-0.3951791127193118,-0.3793685613984711,-0.37745668105667146,-0.3761680129165545,-0.3848157288139525,-0.36682244216969595,-0.3801514767360748,-0.39988194720727177,-0.40151134695270885,-0.4081620605936027,-0.43435358291158405,-0.4029613014171506,-0.3932604098764682,-0.3658909049238292
-0.2614945739070629,-0.2739769491202917,-0.28594498275843466,-0.30372224231593004,-0.3212372394250606,-0.3331684470373248,-0.35878873000725847,-0.37823233268092366,-0.3913423045887475,-0.41448942314327697,-0.4322803373055758,-0.45021255739858185,-0.4761863255249103,-0.4939030725888495,-0.5036904458404885,-0.5227682827085955,-0.5532470131485246,-0.5658518048405087,-0.5587736273063098,-0.5922489885138511,-0.5871252826100113,-0.6004481894140511,-0.6247002871930615,-0.6234222775178205,-0.6134257402336653,-0.6231033228803717,-0.6233460262911866,-0.6097604801375675,-0.6222887124770298,-0.6285459080289153,-0.601517795850981,-0.599120255940484,-0.5900676217409517,-0.5888727401888989,-0.5856651171810165,-0.5613148578320718,-0.5503610452078375,-0.5323910181240039,-0.5243675667186367,-0.5165947681868364,-0.5053815217445752,-0.4965342968078284,-0.4869241951769551,-0.5051330363340291,-0.48599516298403056,-0.4850189380924672,-0.5248438172628856,-0.4512576648538972,-0.40383605087899294,-0.3001395524023498
-0.2163244740833909,-0.2304694778514413,-0.23456216764536472,-0.25118008911506706,-0.25982225824664906,-0.27169881830401993,-0.2815356767952343,-0.299280787317408,-0.3174859035218175,-0.3430760042040075,-0.3690619554177267,-0.39084435910562704,-0.4343553158640511,-0.4591045397973477,-0.4896944445780495,-0.5193788899669548,-0.5735092364956861,-0.6010760739988329,-0.6349970502556599,-0.689922117342145,-0.7032553909957424,-0.7362952723876587,-0.7850127107650351,-0.8055494885957417,-0.7694481026825148,-0.8293658103002636,-0.8256411550352125,-0.788586928768664,-0.8066850356466941,-0.8077503482195756,-0.762848949678564,-0.7764010823115796,-0.763129922909353,-0.7542498484918904,-0.7392768409236112,-0.7221484233333768,-0.7123666178234473,-0.7065152010072893,-0.6724377247507389,-0.6619755421307715,-0.6552242034738478,-0.6295178486472429,-0.6121344509529429,-0.5857449479602727,-0.5564108360950889,-0.5264781079748814,-0.5063277334407458,-0.45757981718397045,-0.4691929902069316,-0.34436578725622075
-0.07424932595201655,5.881968914301147e+37,0,0,0,0,0,0,0,0,0,0,0,0,0,0,-0.33674493321681953,-0.2728161425846088,-0.28862603060870273,1.2335128319953784e+38,0,0,0,-0.4824443918498818,-0.6615069254471642,-0.933999181747125,-1.0645389306823285,-1.0232894347139156,-1.052754903893823,-1.0437075856141287,-0.9867330818279365,-1.0134752464433263,-1.0013402181354405,-0.9577069823240169,-0.9476753989036154,-0.9488014406590322,-0.9309416919531045,-0.9237573375337511,-0.9067908304772909,-0.8774707910277502,-0.8679381325553901,-0.8469806061832629,-0.8367671091849692,-0.7875695354256188,-0.7753759155287843,-0.7615622613833377,-0.742656986000736,-0.7223745277496519,-0.7280596814147355,-0.7389235040117544
0,0,0,0,0,0,0,0,0,0,0,0,0,0,0,0,0,0,0,0,0,2.6483471921996467e+38,2.3201519673955868e+38,0,0,0,-1.2403357949804144,-1.2773502645124082,-1.3063988543932514,-1.3375281468024298,-1.2727010389848312,-1.3035015990724454,-1.288568649464237,-1.2331766932682389,-1.2350396007043418,-1.2059518892181638,-1.1674344859969943,-1.1869905581301046,-1.167086606215274,-1.1701774577807817,-1.1407691955681147,-1.121936849416923,-1.0903717671544986,-1.061651312065468,-1.0252311683291975,-0.9997074362190123,-0.9869720748926141,-0.9591659129819057,-0.936340128424034,-0.9564283097202588
0,0,0,0,0,0,0,0,0.163983990971518,-0.9322893159670399,-0.9976067024048991,-1.0407069459798248,-1.2162297843289755,-1.225782680629944,-1.2782623045169494,-1.277247851134822,-1.3595549529952389,-1.358556896385049,-1.4030270420042759,-1.4340582327437164,-1.4430506132606735,-1.4520706543287487,-1.5013533850170788,-1.52503466466094,-1.545970843674166,-1.5998387152133637,-1.6051779821280523,-1.6159524094659634,-1.6479015163879482,-1.6557424204740725,-1.6187570338841542,-1.638252391179013,-1.6401922124871267,-1.6067771398324162,-1.5840561741209809,-1.602865652452689,-1.5926235689346993,-1.571477171252055,-1.569065168230214,-1.5390785882960556,-1.5102583187354346,-1.4819501574652683,-1.44815866923625,-1.4284847612488802,-1.3966958147879776,-1.3523593673426253,-1.30178010880774,-1.2944877654452283,-1.2803436417456473,-1.269807792730248
0,0,-0.8213284002940613,-0.9028006326783093,-0.9334179142875272,-0.9726017170928363,-1.1772950578207657,-1.2573188955854229,-1.286467069154702,-1.379511793815636,-1.4322953852470581,-1.4661261865683792,-1.5503755926999474,-1.5855720115032579,-1.6355120779528365,-1.6537622499779838,-1.745706638130433,-1.777769200530669,-1.7978587930210375,-1.8516580551136144,-1.8753117150681975,-1.897032367196267,-1.9614477673195447,-1.990598183398163,-1.9745081921193244,-2.0247774718579845,-2.0500947558392495,-2.0274893698920975,-2.0591428921868555,-2.0668529062854755,-2.0560448979355477,-2.0945872162317016,-2.1083724468338154,-2.0749712762848573,-2.0806578198762997,-2.090962366193277,-2.0685168480174934,-2.0524038435398877,-2.080712355402928,-2.05009785434265,-2.021150161603854,-2.0059515402111936,-1.9650023340731604,-1.9291802957209945,-1.872582715000197,-1.8521371416574612,-1.777189336273449,-1.7120124350390642,-1.675621693286763,-1.610791407304279
-0.806544500871693,-0.8481850421949638,-0.8938970755187118,-0.9862453556547386,-1.0421028259392475,-1.1049784842473154,-1.2020353784145918,-1.2545210035621124,-1.3207096872133692,-1.4382808764769128,-1.5111068675021944,-1.585010455953864,-1.713928253438253,-1.7785495138086846,-1.849112253398323,-1.9151073622741428,-2.016188922412511,-2.0869101710692415,-2.1578041701975756,-2.267017842472306,-2.2888471517426994,-2.3359877512853355,-2.436651633523855,-2.4702623998764746,-2.489262511948002,-2.5632531529387164,-2.5787196329119615,-2.6003171871302113,-2.650302067612173,-2.661097447700582,-2.648285415733819,-2.698543807019946,-2.6976226208124086,-2.7045926535608187,-2.691005131851684,-2.7511539898462667,-2.7126956534979954,-2.6708710493082397,-2.6966194200173037,-2.617642383849686,-2.6418783327659106,-2.6162316735397257,-2.563937504499553,-2.4776134098699965,-2.468869689326686,-2.4033660350867994,-2.3082306043584637,-2.2025077796471964,-2.1768146159270088,-2.043168452598897
-0.6257690961386422,-0.6704168988783128,-0.7112990809606263,-0.8166356488886214,-0.8947699263870037,-0.971846516193713,-1.0536142350775906,-1.131016645521641,-1.2356402188864284,-1.334950079989795,-1.408008879344982,-1.4718762692574474,-1.5763292166309288,-1.653051597294964,-1.787575084311285,-1.9013634982158942,-2.09644384413866,-2.244008670635364,-2.3861920571148727,-2.588110710814122,-2.6574387650093194,-2.7318631140215452,-2.8680999240069993,-2.9316778295933252,-2.9862156636594315,-3.1123600030840834,-3.1396574430792272,-3.1691474527698165,-3.248844676986348,-3.2970463689203644,-3.300659050075126,-3.3650032283444298,-3.3567719145916644,-3.3693773657358164,-3.3756749187142248,-3.467469072627525,-3.4522926055368606,-3.397013414010012,-3.516979988824799,-3.36043229848791,-3.4147239730017196,-3.478673011954816,-3.4585504854074434,-3.450133675616301,-3.4355026514184863,-3.3931937746740535,-3.259023230260657,-3.1300029978196777,-3.0273103251276168,-2.8667858276238003
-0.33893811408904667,-0.3998877123412867,-0.4334544663431344,-0.5031216580217172,-0.5431054731114311,-0.576544909417026,-0.6362605791947216,-0.6781851671821346,-0.7651439139760267,-0.8742271968928589,-0.9473349339357031,-1.0756387447850786,-1.2165017381111092,-1.2946002012962905,-1.462968554947377,-1.5800575382238295,-1.8005435059827044,-2.0175798058374865,-2.188665424455697,-2.417741595818285,-2.580971781029669,-2.7447729177450366,-2.9661866353689597,-3.0984262847424993,-3.2682160935163025,-3.460581061499481,-3.560069000393347,-3.617882921754592,-3.8660944591336284,-3.9865239063656377,-4.14538316098768,-4.403442101235284,-4.416280192870747,-4.477402972701968,-4.513487281612956,-4.640982572367069,-4.645766696621856,-4.7525552911511975,-4.891732642152702,-4.831186618029559,-4.735914336030653,-4.932734120529057,-4.860106016332753,-4.709899041160396,-4.722738824152401,-4.595084430621466,-4.407769777434628,-4.290436669855588,-4.181353571189682,-3.882300787554169
0,0,0,0,0,-0.37541441608290244,-0.43893837326663326,-0.47653383797666193,-0.5117440836285636,-0.5566579498065121,-0.5946394113473396,-0.718321762724689,-0.8395369825723492,-0.9263946865155782,-1.1244592486801959,-1.2689088472866024,-1.4898208506098385,-1.792712683712847,-1.9692390971473022,-2.268973791947449,-2.484725010993651,-2.6278393019548725,-2.84293140895334,-3.007582494821735,-3.2395358390671705,-3.4983978434501095,-3.7579743924573017,-3.94695221287379,-4.2328226716546,-4.356501626316824,-4.4859665951168495,-4.710042849194692,-4.8155259666378045,-4.944239620591324,-5.037632988488087,-5.3073202479765715,-5.3520641940681815,-5.444396982909313,-5.712946843947122,-5.6864183552968806,-5.738133599283763,-5.954005148726442,-5.966252843383613,-5.768645266723563,-5.807467149556658,-5.730871055283312,-5.443143177997397,-5.3454848448343375,-5.199300913819278,-4.842264162293766
0,0,0,0,0,0,0,-0.3526914527502117,-0.2720281960326034,-0.2455318125630432,-0.23603293775689027,-0.3800706554278883,-0.49735837623376644,-0.573198896921743,-0.6906336828853539,-0.7552565764468488,-0.8511506734057858,-0.9945479348847553,-1.0683275996976997,-1.239898798187743,-1.4927248537093059,-1.731407571094113,-2.0502847308400347,-2.2582564340299394,-2.586434556660626,-2.8122622827247135,-2.9814173433653064,-3.2541638069152046,-3.6032158506546668,-3.8208282469961183,-4.154637739992824,-4.52153543437763,-4.750024686310091,-5.013920229211951,-5.214330260675299,-5.470931937639359,-5.5561735157824765,-5.622393415278396,-5.735193977851822,-5.632057073616846,-5.610176500082956,-5.699305261444295,-5.72118627260417,-5.459976421940555,-5.636908688004879,-5.591665519374027,-5.361822500252135,-5.317922261318442,-5.239763547926135,-4.9952410750226885
0,0,0,0,0,0,0,0,0,0,0,0.13421469077806167,-0.04434344073617488,-0.2192560612540262,-0.2942040226997075,-0.3433822372008206,-0.43394651310140403,-0.5672773697834463,-0.6403903913683883,-0.7495180648897922,-0.8824304321169362,-1.005228367564749,-1.216922963461377,-1.40451482526071,-1.753975702803281,-2.070951197902824,-2.2989439808382532,-2.6573722986641197,-2.93968819647982,-3.154639724574279,-3.4829428128398123,-4.0796747383645755,-4.328554357415363,-4.796901871850477,-5.054832338012934,-5.3675707467398475,-5.5030145733250775,-5.5643617472878875,-5.729141115590355,-5.624208929568487,-5.59466744961835,-5.7442902810752186,-5.6658281689993135,-5.465045766871684,-5.528253805988056,-5.45405763598625,-5.0596670834501865,-5.154057468256512,-5.04343100330154,-4.7212611242366584
0,0,0,0,0,0,0,0,0,0,0,0,0,-0.14619984667212255,-0.5723408811027304,-0.2653529781634056,-0.2780924686671931,-0.2506568352185699,-0.2689884655791627,-0.34365905727334245,-0.47909310215628303,-0.6070365536773601,-0.7909832005502276,-0.9643208897606678,-1.3015880181158737,-1.617744585694413,-1.8157621947729246,-2.1639505716757923,-2.459782102071956,-2.6927658997223136,-3.0642984183504014,-3.5640927125851025,-3.9509653456702925,-4.569088288784337,-4.843942652502292,-5.134798404437012,-5.372501628218325,-5.473374900089625,-5.6128119934751775,-5.4872262301694095,-5.456967601415032,-5.5001046931961115,-5.4769278649693565,-5.172703358402154,-5.346848817378498,-5.252199931874841,-4.945233893324748,-4.92700643078369,-4.975836556697391,-4.625094054154674
0,0,0,0,0.12267067343198132,0,0,0,0.14061412642087417,0,0,0,0,0,0,0,0,0,0,-1.2087849354393332,-0.686253879680749,-0.812873431195962,-1.0378955740658315,-1.2771115821299128,-1.6201809194638563,-1.977174216709892,-2.1874457638691935,-2.4668094969691294,-2.7355048742418897,-2.882498932260275,-3.151283964377794,-3.477733127538808,-3.7110495026557557,-4.146337233434189,-4.400486426900966,-4.7763348303583255,-5.1636897234273675,-5.352307861821692,-5.4651050634468294,-5.347387144763365,-5.232394487875919,-5.137387040576895,-5.036007901069563,-4.5455360868170365,-4.509492209414777,-4.438961144397483,-4.125582803310865,-4.128090993017272,-4.069295390314554,-3.939526355186581
0,0,0,0,0,0,0,0,0,0,0,0,0,0,0,-1.7980943502189625e+38,0.10752515218171876,0.20969036828232535,0.6462551272391605,-0.2522153084628618,0.0058452718905986035,-0.27513370361023987,-1.0002718948651037,-1.3237283069157297,-1.2166315204679763,-1.4689982531971417,-1.608653340955402,-1.9096793131562864,-2.234792302443362,-2.39555010362756,-2.6477102364603606,-2.990989048088522,-3.1991413131237216,-3.6758284048808165,-3.9932074322090236,-4.139665278685517,-4.502407314839702,-4.717450441772956,-4.86610492451026,-5.001158529935188,-4.960814771236578,-4.802636497433114,-4.5877170265060245,-4.008426089162232,-3.7879198150875344,-3.566426227791345,-3.1399888040272894,-3.1243147028476557,-2.975307704159053,-2.8043342560840987
0,0,0,0,0,0,0,0,0,0,0,0,0,0,0,0,0,0,0,0,0.01749600323070541,-0.11399026879117524,-0.4188323271012236,-0.8199852680928529,-1.498932128628827,-2.086517782921068,-2.3590787321617968,-2.469113244600842,-2.542171511462171,-2.258616805161156,-2.0969632864100993,-2.168549006962976,-2.094946599740077,-1.8821429248808135,-1.6342795150631497,-1.580837269195246,-1.9351717299725553,-2.126159722445378,-2.5264893816795686,-3.8350120816176116,-4.3327903818273885,-4.657024564915797,-4.740282171823988,-4.283415306069283,-4.068952808270336,-3.6957683207102376,-2.8390528455115427,-2.6561201596991832,-1.9959666315900026,-2.0817879248580002
0,0,0,0,0,0,0,0,0,0,0.32248248164805027,0.5034176260980706,0.5810354173303989,0.5931853097154748,0.6478963054441274,0.6823325107551178,0.7165346551179421,0.7308523964375152,0.7381926522841382,0.7565463236165133,0.5712218524521813,0.43302752376277365,0.49972507150353435,1.2921816762808511,-1.0000368319653958,-1.1542929134512523,-1.1338945263998292,-1.3519128398521425,-1.4659876681302735,-1.4744070597055245,-1.303750438745518,-0.9995814445199883,-0.7434374219992754,-0.6004990082180203,-0.5138508682856697,-0.38269590886257365,0.11949326002514296,0.3950927025858916,0.42937447067199547,0.34098388521404455,0.2551687287343952,-0.03434996240969614,-0.13669638020490973,-2.383415179229303,-3.731642945316871,-3.2695417383321175,-1.6494437183769735,-1.145817328766007,-1.1793926108555002,-1.0773386673729994
