jsons/1312635600.json
{"header": {"parameterUnit": "m", "parameterNumber": 3, "dx": 0.1, "dy": 0.5, "parameterNumberName": "Northward wave", "la1": 40.97354507446295, "la2": 16.46031188964855, "parameterCategory": 2, "lo2": 133.9931640625001, "nx": 191, "ny": 50, "refTime": "2011-08-05 8:00:00", "lo1": 114.97908020019554}, "data":
[rows 22 to 43 of 50, columns 100 to 149 of 191]
-9.002287853212053,-8.957236916815518,-8.462283928776225,-8.396985643896972,-8.153874035839289,-7.772312305715601,-7.504454466741623,-7.1705610779636,-6.7504843724662535,-6.391634910453824,-6.103988358987819,-5.729230739522904,-5.380876786170384,-5.005387398600022,-4.821830066504287,-4.3748248773662635,-4.1572573297430235,-3.9068059408466254,-3.622655823493237,-3.4355838539390513,-3.2498694355624536,-2.987776374424553,-2.7730295156492373,-2.5195002326983227,-2.2772811794626002,-2.1017790795290203,-1.980041259363747,-1.8332878496140805,-1.7064128360083797,-1.592996199627955,-1.4467493676517305,-1.3057304530325973,-1.2021111870859347,-1.1027788383228438,-0.9826212714077434,-0.9203905990247955,-0.8242782197686156,-0.7308815883331823,-0.6424163956660378,-0.5740211036608439,-0.4247434894991139,-0.3883568489055065,-0.3335968687942548,-0.29513853009521934,-0.30173938689896673,-0.2883799325837623,-0.2958165405650184,-0.29221126650919615,-0.28133024077381186,-0.26212574822182855
-8.092268293588162,-8.369091069338241,-7.892515689611683,-8.03874444332525,-7.895054240169278,-7.49869543079709,-7.1773484785708375,-6.987249553614616,-6.4426398024110405,-6.198364938278397,-5.845748801402574,-5.543905959960681,-5.086994842056672,-4.7538682513927935,-4.465718735897945,-4.114387234570613,-3.874594665867792,-3.6564462413620724,-3.3140445849797056,-3.17460889001896,-2.963552204656939,-2.7302171883787287,-2.494774362326305,-2.224458260704388,-2.057090850499574,-1.9431273705902579,-1.8457961437958996,-1.7103477386722836,-1.622435523701247,-1.5227342432810234,-1.467163824131736,-1.3441247921629944,-1.2300716221262205,-1.190830230661724,-0.9711953334120098,-0.8553103573690156,-0.8076706080460144,-0.6386840013825374,-0.5601775647003937,-0.4985372921466026,-0.3476991967973783,-0.26851726362135236,-0.23476542669969977,-0.23062234423772252,-0.26748729466123594,-0.2875656837469648,-0.3137696504558785,-0.3767439169031278,-0.3756020656948315,-0.38427234828488566
-7.190468808984959,-7.346884711624166,-6.866642890172161,-6.861784965167238,-6.848747433745796,-6.45493063331288,-6.358048651468926,-6.281449519592206,-5.851464590995576,-5.542456831403572,-5.341567100543985,-4.984423387675247,-4.434314649753933,-4.222338939167459,-3.8880987994831524,-3.557115381397665,-3.254521876526546,-3.090178909706928,-2.723784490176031,-2.527241948783481,-2.3469311890253834,-2.126963827262317,-2.012672857870611,-1.861120630307873,-1.6334351811378351,-1.4518749526200403,-1.3152689690759065,-1.298943541605328,-1.2271578319085819,-1.129825423963072,-1.0831302570069128,-0.926593842026374,-0.8750697440805472,-0.8248834730714405,-0.7165113601203765,-0.6267388943549114,-0.5458816243996769,-0.2956407202627544,-0.21809506756845737,-0.033994058324423794,0.17235406554662264,0.22197090170823724,0.19326006035984108,0.0204531195633307,-0.1876047243026942,-0.37054774850031325,-0.5974126324114937,-0.8767210724702517,-0.9033570998520175,-0.7511758635710895
-6.832045444668571,-6.692871736266315,-6.130542400335715,-5.810653432751959,-5.385554355919951,-4.751944376623095,-4.56552354538357,-4.4719626710390425,-4.163548280485374,-4.01754287592673,-4.019229341837797,-3.8929295936893036,-3.6290029437617632,-3.4169411072123004,-3.273465081191285,-2.990829706908765,-2.6041663812201725,-2.3176066704755374,-2.01244781487687,-1.8264860599187158,-1.6535540203948302,-1.4070560092386,-1.3182235760254888,-1.1717122909916493,-1.0099982325935402,-0.9439114657930258,-0.8299659225111584,-0.7682592666966708,-0.7100003318869613,-0.5914780397441837,-0.47361004088426595,-0.46909701404271065,-0.4367692914615319,-0.46365256990288845,-0.36461170551652194,-0.31391223685599684,-0.19134346472341102,0.09680454173066769,0.18140663745061372,0.3022507812465812,0.738675092624283,0.9789704820160163,0.43720826138983215,-2.8478461420323815,-0.7173914390010064,0.22917145773845496,-1.5022958727718934,-0.8789474527042389,-0.6896396115440699,-0.23348813408609406
1.6197477977295265,4.105855614988011,-4.770723259017586,-6.032490584900217,-4.562511835622862,-1.0999018612756988,-1.5985884471617615,-1.0753293080372834,-1.6129144869013279,-1.8256911948265093,-1.9048708831299277,-1.9989907351551588,-2.0281291657335148,-1.9683571036150436,-1.8362569243695164,-1.5877053369869318,-1.5176636378122095,-1.3287123752631953,-1.0573559754519928,-0.925106692635097,-0.7786435823939983,-0.6782475890069074,-0.6284862701044572,-0.5756023808871766,-0.42151616707401296,-0.35594189175054064,-0.3098653436236524,-0.2353603401991433,-0.13854291349356404,-0.15239039783672806,-0.13435524260981838,-0.15844173299421418,-0.10755969804428078,-0.025555895866923348,0.23953284113424467,0.380469093989356,0.5180904343596999,0.7728467033650579,0.38868394775740295,0.24223619916537514,-1.357540129646036,-1.097697012588246,-0.5037941126440493,-0.18626660539799775,-0.08575704024708905,0.08021091255067919,0.08751669776891632,0.22111433240387662,0.19183496098149724,0.24164036217335497
4.954925221214195,5.217152206657456,4.93695943791967,3.4553698388701104,0.03406592459136182,-5.383195037145548,0.17616019668147986,3.8968582403185423,4.0472428143399934,3.7230912268640775,3.142814383280944,2.7390122870909344,1.8728932878199178,1.6394166603171902,1.4931288016952484,0.6517049764973176,0.7324908697160593,0.578766048121802,0.5893199395509756,0.5081723534378875,0.5879653878084995,0.6778199503698094,0.640875326881959,0.6856046079978556,0.50672892090872,0.3935469797435567,0.2694849044524753,0.3695234186961308,0.4292584610148105,0.5134644931410405,0.5905409687909102,0.6358004340632251,0.6132516769308872,0.521679965764785,0.5861669119472833,0.5709788318882766,0.5684283602610449,0.5341871153699601,0.3926581600043593,0.31492220623457856,0.29100521796487344,0.2844025759749034,0.2784714132231624,0.33666716331784063,0.35922190680862076,0.3849200302016441,0.41136974397206866,0.49338942129577606,0.5368629830977395,0.5887879445146245
5.197310921188883,5.200840596528943,5.311935869690354,4.747587973866046,4.452212230761127,-4.298807635591635,2.2889688543069258,3.806205497837678,4.761329633453404,4.609300707859671,4.412053220372368,4.188987539987954,3.7001833434992424,3.5664067635045864,3.271517531869007,2.845277655231299,2.585224072855565,2.4588149502431667,2.202968676027624,2.137381300971888,2.0361942265224715,1.985146904908892,2.0383181427860153,1.9515923221856692,2.0142702608535834,2.070724761802642,2.1013708900718053,2.1478583840178236,2.3424065081512953,2.5146839839696495,2.5382584825620915,2.344465712620553,1.5235959028215256,0.8812575717713035,0.158691242649593,0.048956237850513916,0.1399733319311639,0.29460068481241886,0.3540193116830449,0.3783863574135055,0.49824581194078194,0.562538390408486,0.6474301517628895,0.7296220015026212,0.7974191171128082,0.8399412662679792,0.8710916066510291,1.0298219433841744,1.0360427531771592,1.0670568743029085
4.952585648123328,4.962596234276125,5.0754103222989695,5.065970665810371,4.85023669320032,1.0484059146759568,-4.001237165569089,3.8570123520853175,4.79522285735792,4.733322512438344,4.617824142804912,4.524272265490721,4.328477783688665,4.134351072487293,4.052916089156258,3.8048107505663133,3.7043231868565982,3.6179130492505505,3.4999356821990695,3.466058209825018,3.4813458585426122,3.3870775032328737,3.426166186334158,3.478691476812243,3.5163822495009796,3.5778866439336543,3.648555373306401,3.2741991296117616,-3.9238608081075936,-2.4867489123240443,-1.0905818701780106,-0.17992560548432948,0.122606747244677,0.37909123225850405,0.7798776476901761,0.9224957855948445,1.2190485716165511,1.3471472161307665,1.4125345936410962,1.4585562034210378,1.5767923835512836,1.654349464796625,1.6648214254917704,1.72920151536733,1.759987809927071,1.740520452690614,1.7696636353512696,1.7814806952828968,1.801144315108025,1.8603720441229887
4.52354921763984,4.526119715894571,4.597353351415264,4.659401443666431,4.647388948446256,4.600967949677371,3.6562311840234165,3.551858513587403,2.3544507734850972,3.9954376359644534,4.3256062377654985,4.4921590153000155,4.393877953994282,4.324726311485308,4.261861821004291,4.129712625966594,4.077964187601689,4.045316706278116,3.9536542898640628,3.997564522471794,4.0721425098770805,4.023781893040307,4.04957068678217,4.142436177571049,4.2269838758342,4.277523426931081,4.2417057567680185,4.14022756044254,3.7604256875421327,3.5718645844944352,3.4218703668716297,3.2156032798373166,3.1398535020414267,3.1217745113495337,3.0350046853376127,2.965328470058785,2.86444262778374,2.9117654063952534,2.806251896631958,2.7414632859924644,2.712490673225258,2.7269807477634,2.6824083616038927,2.608971357211259,2.5867058634739353,2.560396570338222,2.539093738846265,2.479715502434748,2.4794841995301797,2.4563545319634166
4.05036145014826,4.049597971362572,4.197052230487358,4.261701271487694,4.238721308748133,4.338743148888378,4.334584010858046,4.335026124247882,4.337801451377742,2.1647514487413173,-1.752713164692336,3.1464833080739214,4.236538919812614,4.289110006183209,4.25832389702117,4.249996772969698,4.233641365994497,4.216951818346841,4.1481029628722625,4.100947110626497,4.075508691638133,4.065550745099532,4.0608020328246734,4.114764909739205,4.135352189394891,4.185658490105453,4.249120408405738,4.209478256495234,4.192013084392993,4.1804840256778695,4.150315364428562,4.095749257534625,4.044160872438621,3.9475391446996846,3.926691546538298,3.823056985461591,3.775287065882815,3.6830287029054047,3.616490738424159,3.545186267495574,3.429658517580416,3.4085865821217984,3.296006947166348,3.2398040184687464,3.2293059817532463,3.1397731697040636,3.11272508073603,3.0319751948544593,2.966971052879251,2.9281111290832884
3.497821093556176,3.54149735736502,3.7505557963681238,3.4521069351474023,2.6587215960552526,3.4738552853295843,3.64803038271706,3.8038800482687254,3.9513212102234556,3.980847577351515,4.025844551588792,4.043260735144413,3.7995737861527905,2.883335482320029,-1.141638275465564,1.852910774162142,3.325592733432507,3.6093542079665943,3.891594304623487,3.9880034054009315,3.962413396651954,3.9542953574406927,3.9665004040939795,4.012060330542565,4.005793795619291,3.998951262134495,4.114873241604407,4.1263725994547205,4.129198560670688,4.128779812330331,4.12838838648378,4.099063510251604,4.037195644465445,4.011198863853051,3.9793680540648855,3.9058753537440034,3.8362714074207953,3.810977300987427,3.75976746537302,3.7040729904881133,3.6283373230762535,3.5450164910525657,3.508218749872022,3.4533459911607833,3.3981818666020396,3.353552952595096,3.3256390234096957,3.246364391956641,3.198420892293853,3.1787354481997485
3.0202596351288995,3.1376950436269433,3.563514474166632,3.653042086225874,3.599311938463248,3.5487571570834793,3.5796071267054197,3.6147913103754497,3.7158486096310366,3.730410405774808,3.752375586258319,3.776163720432329,3.8314010137212073,3.8677407913054487,3.885632768254078,3.9114868237085685,3.8717414310316314,3.6090371646053363,-2.3804432322669284,1.88851415970654,2.084931291085731,3.171045076371542,2.8642357092198516,3.227709466130849,3.7485842297020313,3.8762641525529578,3.9371717562011725,3.9532245331927,3.9224563010126894,3.8871935942209976,3.8827233454080132,3.853888625781114,3.8445537002743406,3.8254009441060757,3.800720154021636,3.784288784392865,3.7439414464179777,3.7007206635420826,3.6890373399773906,3.650371925885237,3.6151909264000124,3.58377646480085,3.526218620447078,3.5027891973766225,3.471746125692425,3.3986448001644303,3.379124843157255,3.3472186198019567,3.3002216396850024,3.2741400337025124
2.4502042903424073,2.604722805616061,2.8554341889248094,2.981701070377261,3.0314896531909428,3.192925709447121,3.2993529787324976,3.3055721830886204,3.441875004632224,3.50398943549849,3.507663693944761,3.5344398309033513,3.6172847201385334,3.6287496444529874,3.670995950992301,3.693328348474877,3.691326761159106,3.713857180534376,3.756421715552298,3.7860043742186287,3.80361337790049,3.8372561426380485,3.83143044535733,3.746493514296449,3.3945336739159084,1.190592046504133,-3.1030059901602276,-1.0803804302470472,-1.659910741039535,2.0334087433547627,3.6485981385929023,3.654948132158194,3.723907488940788,3.7210934027478975,3.7010752946198284,3.668012539416266,3.65289707468357,3.636910315705823,3.6132985086369396,3.5714132084038597,3.552707105944659,3.5277317435430406,3.4783063225489306,3.4678254012516896,3.448855894036702,3.4124392746348087,3.3974178791889833,3.3676656866369306,3.3214879358927725,3.2985286143620485
2.1495019434427745,2.258255179885774,2.4582822051400917,2.546446190615022,2.6276136102449446,2.794877314492173,2.841971529310962,2.916912065027298,3.057551102832185,3.1125607915197766,3.1662117177648503,3.188290000134359,3.3141144346689817,3.3532986906375335,3.367561652467877,3.4655211585755445,3.519204532243054,3.536836551363202,3.5448070933213645,3.5654196077245097,3.5764395007912273,3.620122906825382,3.637257900166066,3.6405263674772215,3.681508084010347,3.679917021289452,3.685077056019117,3.5737619146600426,3.54904285136706,3.324924371068136,2.715027946288673,3.640136373744528,1.328290297271738,-0.28088787374637886,1.6912905635344315,-2.1382026395501987,-3.0593252419502432,-3.119528543059469,-0.579514529670446,0.31998219294564045,3.1862377543796874,3.401592096304462,2.694993600139245,2.7098811905240003,2.99597755204245,3.0458882719919433,3.0930382421536424,3.234574633937929,3.278113954149596,3.2753966842068776
1.8632998017740108,1.9468574417583164,2.0822099020342946,2.1696561022736103,2.2335389242297286,2.3965828609575865,2.4790288123759474,2.5417219424133024,2.634111922259724,2.7163876645646434,2.796709858876068,2.8152234951070327,2.92970822089084,2.9400815456984217,2.999544917027821,3.1183228057369905,3.139950824381689,3.179009379098334,3.241200769974349,3.289855042875553,3.2898856015483027,3.3477875661475607,3.394905585440117,3.4413347589374848,3.475932931494733,3.4923955349071805,3.467961259812341,3.4919364362903353,3.5203391690899175,3.4801006275819755,3.4668454148971724,3.4768315950227024,3.453624587334615,3.437119432874886,3.459827009086725,3.4474938001375017,3.4289176624818007,3.4095376697060087,3.357012566984546,3.3326025274887123,3.1363319177083406,2.8009609605819175,2.1902721332575377,2.5698235774832936,3.267192982385776,0.7447544482187173,-3.1784795455206223,2.147215191823273,1.4142009888582874,1.65603579565528
1.6297615251109803,1.738837851309117,1.8566784301229187,1.9220356627718957,1.9756849459930645,2.1139656441662744,2.159832727957386,2.244466872975375,2.332120957655321,2.4148427685715763,2.4711543030949765,2.5301513514533784,2.6457323391195957,2.6777700106192444,2.733781642188091,2.7818476230034412,2.8551950977607636,2.8850435626835838,2.948312475315517,3.004290240960542,3.0298783803637384,3.11254558483805,3.1384476582609957,3.142882108649564,3.1601700913739155,3.183242477049473,3.2025992735038993,3.220555705922403,3.278603276779647,3.2717768678059427,3.2593147445520123,3.253842456860038,3.2591424060369474,3.265853811872773,3.2578594564006726,3.2258855638464845,3.227871283878608,3.239046290752276,3.226322303186904,3.201680274107867,3.1961347618138176,3.204427998481954,3.1836801352690194,3.0017697340588945,3.0012505667670406,3.0424296811703186,2.862498904407468,2.055448736007405,2.0537241114454394,2.458320378797564
1.4668790291785625,1.528568536529908,1.6656369177999244,1.7141661965788753,1.7854252970937452,1.8703474665676365,1.9489874765890023,2.0036138835909862,2.164839623748014,2.197384393025801,2.2185562265404575,2.2803054342056024,2.3308347697574483,2.390588197598778,2.447222783836773,2.523215158167848,2.5635705502987802,2.5965115106983387,2.6761763030512418,2.7168024800669084,2.7697578375163543,2.8367787018658244,2.8707888292400576,2.864703084384559,2.925199677040922,2.949949056744177,2.927054156246256,2.928160027811653,2.9843285643620514,2.9942844299844844,2.9894228731261574,3.0110442493487724,3.0030064657212927,3.012810219353389,3.0323101843780256,3.0263873778191748,3.0280289950912422,3.0286622529247147,3.022772979230013,3.012222436022584,3.0182859754341194,3.017345508806414,2.9924589837384454,3.0029347914267297,3.0061284781760227,2.99790349630363,2.989761592386027,2.9822576981129405,2.959021156379919,2.951074282378821
1.278921502294083,1.3270056673780304,1.4499266190853348,1.5016298113655493,1.5509523513194845,1.6323773099688679,1.6580032685572603,1.7462017688987257,1.8634740690352205,1.9258867119351835,1.944562221665672,1.9941664809466721,2.0989816928110145,2.163390451344634,2.204601332913345,2.2815702937944438,2.3292627557624055,2.3660595436140155,2.4513174917822944,2.482835235248165,2.5156799706379407,2.6017229903185815,2.60759440348813,2.6270353560686264,2.696035004398495,2.7331914544266636,2.7340417197302718,2.7376225517939408,2.7702426161197202,2.777750666810418,2.786260885061686,2.797141314620113,2.7987939609972505,2.816164901495318,2.8430107714784203,2.831219341826002,2.8325341299636793,2.8437571341123187,2.844162657632214,2.8067062778720278,2.804714738592244,2.820286955867734,2.824485940922248,2.8303375731740585,2.8198199711661114,2.805678199200696,2.815674862182455,2.8148699698837882,2.7931134894005947,2.76926620905738
1.152978864744969,1.2195185531276873,1.3212398709029323,1.36616431724197,1.3764298172589002,1.4804375160288972,1.5341936020456155,1.6019349254052682,1.6545539185605747,1.7171624470624702,1.7968137375068216,1.8532864198047725,1.9087394789466279,1.9746722939695467,2.0303720066796673,2.0953385750926263,2.1483787086204726,2.2067988133159773,2.2478626459842976,2.26446268033541,2.3165298515561052,2.3597524391273077,2.392162056381245,2.4179791113065097,2.5192015569334956,2.538402067798253,2.533249698118003,2.5414451839559247,2.5858473789347727,2.5764054743451474,2.5793479834120148,2.6279217325473794,2.6370876551251,2.649112154400328,2.6700733593956776,2.667510796369183,2.657013960054113,2.663317116393839,2.656789676490735,2.6331437164531986,2.6646340716978014,2.667350880934552,2.658934876868598,2.6306072634917843,2.6229563637239677,2.581415818637476,2.569295126415472,2.5683822886206267,2.5591541633462045,2.526518192304217
1.038213933869881,1.0617964525478933,1.1577102834128385,1.2163031862101694,1.245023078056146,1.346348985091123,1.4171996169413654,1.464376294811459,1.5348795859617104,1.5892848190164197,1.6002119725461401,1.6227134276333857,1.7219196984713374,1.7481864073078954,1.775459094555006,1.8638502503494072,1.9125840278906892,1.9500257977463415,2.046224488556349,2.1115343087696985,2.153782209877994,2.182982018790488,2.2365050273493257,2.2572288173747386,2.2676743392107657,2.2948843415156244,2.3239982737697873,2.341974272066692,2.369058253385013,2.374165458743533,2.399195135734219,2.423042603694067,2.4273079949247527,2.4214996450887596,2.44105509984812,2.4149898336150373,2.4164486314201774,2.419342886803449,2.3996916563408885,2.3733745574750897,2.373484297505907,2.380786778943356,2.379146540016031,2.3683237009470988,2.334198876238289,2.2709928152730363,2.2102326000949963,2.2277499254839235,0,0
0.8789493662352361,0.9472500803193252,1.0318569426922535,1.0735509223327555,1.1383384965826466,1.2075065596077608,1.2380085555173757,1.2968891998293053,1.340680255063121,1.3658316666413943,1.4111061591713472,1.4371675105292834,1.4930471859008438,1.5379586086523815,1.5954078252264905,1.64713764184319,1.697721300213672,1.7650271048001063,1.8006446728792436,1.8316895081781501,1.89675728083874,1.9600091488523672,1.990517281390518,2.0083677051187765,2.0879525324788433,2.114592917328798,2.114887984458018,2.140562978262197,2.1655191491209567,2.1579895286494852,2.1758369539527593,2.2094204161335105,2.1972955750236003,2.1998856092663375,2.2053041730697616,2.210077843487085,2.2253626956974424,2.2020158544173203,2.167748014079334,2.115123096709349,2.098646794043962,2.072120911275146,-2.613927562514363e+38,0,0,0,0,0,0,0
0.6989628255292868,0.7510964682977657,0.8431183843652926,0.8780107645916827,0.9107491442430203,1.0163636071346425,1.0427837651464997,1.0647370456842697,1.1349730127169455,1.1607298035686726,1.217463086655703,1.2602504894200077,1.34950368311775,1.3571997329506866,1.4036059834494519,1.471076011897976,1.514622405977908,1.5358979341337504,1.5941031774536467,1.6212217400742226,1.6365592146759358,1.6849931841096952,1.690738012343574,1.7075246759002007,1.7954775523756545,1.8201855478637787,1.844991345457623,1.8575899720651419,1.9031331382080952,1.9033873850675656,1.9106567549322493,1.9026734673304764,1.8942810971627035,1.8849117582193513,1.835649244924024,1.7761845689229228,1.771089243073857,0.6307948734499087,0,0,0,0,0,0,0,0,0,0,0,0
