jsons/1312855200.json
{"header": {"parameterUnit": "m", "parameterNumber": 3, "dx": 0.1, "dy": 0.5, "parameterNumberName": "Northward wave", "la1": 40.97354507446295, "la2": 16.46031188964855, "parameterCategory": 2, "lo2": 133.9931640625001, "nx": 191, "ny": 50, "refTime": "2011-08-05 8:00:00", "lo1": 114.97908020019554}, "data":
[rows 0 to 21 of 50, columns 50 to 99 of 191]
0,0,0,0,0,0,0,0,0,0,0,0,0,0,0,0,0,0,0,0,0,0,0,0,0,0,0,0,0,0,0,0,0,0,0,0,0,0,0,0,0,0,0,0,0,0,0,0,0,0
0,0,0,0,0,0,0,-0.09622670585599394,0.007900279612515413,0.04529622735185949,0.06732715588158454,0.11657056194771484,0.12041943605893723,0.12287288177152209,0.12885254257394974,0.13140276959931413,0.1320079529772317,0.1316283242531747,0.13893934306941538,0.14828681159797807,0.15133312892965853,0.14190169821382054,0.22087098658084023,0,0,0,0,0,0,0,0,0,0,0,0,0,0,0,0,0,0,0,0,0,0,0,0,0,0,0
-0.2126973932903532,-0.11621507703828148,-0.14841184652137948,-0.13426928518198442,-0.08568084389563117,-0.0634252194216415,-0.006381385641147639,-0.0013660377605135146,0.05191233802711245,0.0794189461975875,0.09004743424964118,0.10923635073526675,0.10886559857052458,0.12210529393638099,0.13683050151935533,0.13780971105224216,0.1659543482729084,0.1893670656333774,0.2003319989928263,0,0,0,0,0,0,0,0,0,0,0,0,0,0,0,0,0,0,0,0,0,0,0,0,0,0,0,0,0,0,0
-0.24806452025152506,-0.16318389935743335,-0.12280482064379133,-0.08859971941446262,0.01757616371922067,0.05613435791922327,0.08323992772550408,0.09770334276421382,0.13062378093264876,0.13173057430410154,0.1430267272346531,0.14683562199929856,0.14931122488200635,0.186334491468439,-0.18506812333079356,-0.29767170827075623,-0.10042468593463227,0,0,0,0,0,0,0,0,3.140456281714386e+38,-0.6135046963994728,-0.6773354540682883,-0.7103223163904095,-0.728527484821302,-0.7444873941661038,-0.7460886504318505,-0.7498980787326914,-0.7656788121221767,-0.7718185745972428,-0.7983453926748378,-0.7836739467135649,-0.773407675005671,-0.6961770686774512,-0.5214390679541903,-0.38200087445600206,-0.33877836464814476,-0.23828149420458092,-0.16015003449930018,-0.09713102497139055,-0.045724200097390706,0.04560908075040325,0.09533607867878265,0.12593117156534447,0.19027621965571184
-0.5154982096311246,-0.5125912781423053,-0.5224336890072385,-0.554381637839911,-0.5032492917132444,-0.4851561834745003,-0.46706509721026157,-0.4986780962908695,-0.1578261906969902,0.10126338538288493,0.3585415966261648,0.3611321176317906,0.21124128723046362,0.21201108650209288,0.0326213177174971,0.0005219879076984505,-0.3938733548881255,-0.47446913730852763,-0.5646590049388047,0.184368605292017,-0.8254196317347147,-0.8564913863336819,-0.8667198513273402,-0.8573574771448548,-0.8286814972933941,-0.8198866874435997,-0.8093603916314779,-0.8090842782136292,-0.8133799287991043,-0.7949483440037882,-0.7621934867422073,-0.7689129496106055,-0.7517552726809216,-0.7582491513488544,-0.7965352812802146,-0.8125503152115479,-0.9283686518516396,-0.939115705069883,-0.943746575149207,-0.8316530730582113,-0.6311828292400824,-0.5162239065225903,-0.3609026432497926,-0.1904494430919016,-0.106859818680733,-0.04916410446220015,0.12608802616112896,0.22118213309489526,0.28170051167727345,0.36703310679870754
-0.5586901376058898,-0.5780708258626558,-0.6065533690866208,-0.6296020721910274,-0.6618517751228484,-0.6852911590759172,-0.7213393935780982,-0.7497182545073878,-0.7604652952010228,-0.7907933529665562,-0.7978979183417324,-0.8242064832389927,-0.8435185611660391,-0.854909953279869,-0.8692256697981705,-0.8650996413354965,-0.8667139804922211,-0.8505808568498077,-0.8432499039304697,-0.8010521362179172,-0.710417375460266,-0.6862737448312781,-0.6128399642559698,-0.5940566005351706,-0.5504264787236993,-0.5403534662562175,-0.5197322898924039,-0.4796352044435579,-0.4605521326585393,-0.4306896182896675,-0.44970991252432363,-0.452949609016539,-0.45099672976912064,-0.45123236273004785,-0.491079337149763,-0.519681440373393,-0.715769414351188,-0.8499659910577088,-0.9255133742283213,-0.7497504068987438,-0.44501582523272115,-0.35452300070009585,-0.19232031411584743,-0.028331633084303285,0.06504638725672346,0.1690869263175458,0.22208755758393162,0.3128312956213642,0.3810866684043523,0.3608336510030596
-0.32886010471761123,-0.32603129699456324,-0.32449319792230347,-0.31265652078082806,-0.3480281214727505,-0.35658242477365215,-0.3926240150276077,-0.4288416976827166,-0.46508174471360586,-0.4945274814694221,-0.4845208889116933,-0.5077230271175849,-0.5205982174466034,-0.5277052215914444,-0.4890251657273696,-0.49859433746441384,-0.5149520658802221,-0.4839901561739145,-0.48101068556146503,-0.46500810344995425,-0.4414876841463581,-0.4270896622600106,-0.41352777127711055,-0.4099334377793643,-0.37635605447743903,-0.3781706646223008,-0.32368180219098364,-0.27082872899324323,-0.2232746438618807,-0.20622779325574775,-0.13676081792344816,-0.1058538794675454,-0.08229783672413096,-0.01983606136392193,0.04113681955582316,0.056694070368722815,0.03639666811214144,-0.23896938326988199,-0.7039531787679164,0.1524215886042765,0.2960128149638262,0.26824121104503035,0.27887936923091206,0.28445861546148316,0.28950109903303023,0.3028269583022226,0.3349765363252748,0.3608100352845088,0.42643846627613374,0.4193607804238395
0.1136765471136143,-8.227198057577868e+37,0,0,0,0,0,0,0,0,0,0,0,0,0,0,-0.3098395351395426,-0.1761431119348406,-0.14105995925380405,-8.188961357059425e+36,0,0,0,-0.35108030696651504,-0.2858230639576482,-0.3517883355598112,-0.3825617061235901,-0.280260391526581,-0.20025984726646,-0.1592774277131362,-0.003091713878869013,0.0786732246812206,0.13851576637868843,0.27931986204143666,0.3651252049718653,0.4302094487868002,0.4389769061198152,0.2758532404061455,-0.35041580971103753,0.4114964731436696,0.6135563847692419,0.6381780011340804,0.5628177002842599,0.4148246724662726,0.41085165432255266,0.3863676185598412,0.36327004978814015,0.37445038723664514,0.4041315029609846,0.43174378432607224
0,0,0,0,0,0,0,0,0,0,0,0,0,0,0,0,0,0,0,0,0,1.4388328428893849e+38,1.0902879081014411e+38,0,0,0,-0.5612574788625329,-0.31132518898047057,-0.19480014170027452,-0.08734633690799588,0.12457754311754497,0.20586231859320486,0.3186212094341666,0.48178901186346024,0.5553777155592269,0.6623773897074606,0.7921896964976309,0.520782833224925,0.2868615364915678,0.7589252579653342,0.614210728603201,0.7583775697201713,0.7663058166431376,0.6857926168546088,0.6760379815054826,0.655638328407603,0.6528864728311936,0.6721347238389105,0.6966392104758984,0.6650810782816737
0,0,0,0,0,0,0,0,0.05458225452014903,-0.2940328857556438,-0.3110284099794968,-0.03946200924901347,0.15947500798214032,0.21673287450694645,0.26073460288796246,0.25149546687851515,0.3048432976204432,0.22756898644085524,0.19857069187680798,0.14926294145076902,0.0854761494423494,0.04740590366353517,-0.02073524428561943,-0.03390643170588843,-0.04989285229438351,-0.01445195913607018,0.0038306319250413965,0.02382295869972151,0.07770763822156841,0.11729509266995868,0.27308193987432816,0.36503682290806094,0.43466849724326245,0.6118401734398133,0.7156835538791941,0.7098681657581235,0.02262290005448993,0.09902209972513386,0.4987811660228366,0.9103677156211283,0.8642252538210811,0.8429457189953647,0.7671525110474373,0.7550783075480385,0.7531323640979154,0.7409640291270813,0.7237792322371513,0.7608372171223775,0.777402361161541,0.7886067865618855
0,0,-0.3024064118179934,-0.3934037144896192,-0.42970070948990996,-0.4507566173684377,-0.5150001115597564,-0.49730551080523283,-0.3358884864145238,-0.28520677252734833,-0.18052167306197722,-0.10071087393771178,-0.06240289714503611,0.0026033491590053176,0.02754543465245969,0.08661633343237772,0.11103485694088785,0.13039534041407605,0.13200380224556846,0.12830531295628156,0.12349014712343043,0.1276789358550729,0.14659237446820397,0.14047296052209804,0.2468917900803221,0.27186225973856837,0.3047195080013419,0.36258610750637543,0.404987106530839,0.43558264992765305,0.5276008422639128,0.6116430287906341,0.6500766649834295,0.7478466509262844,0.8170036937843473,0.8741601905995909,0.28914758348006775,-0.9604782307518526,0.5928953714561703,0.900199602706368,0.9220733688222345,0.9034229201057434,0.8609445669022103,0.8187563116922008,0.7972106159091513,0.7907447920080228,0.7782194035872294,0.7948876711480781,0.7994290265828538,0.810710797382515
-0.5082908456268458,-0.47272572616035285,-0.4471511794767016,-0.45199814506071806,-0.38624986540855216,-0.3887291246123198,-0.38077291317250045,-0.3499205504492883,-0.2845072599994463,-0.27672674514248313,-0.24219666219683103,-0.1266808172329543,-0.08831451028504247,-0.028865466692809975,0.05800373996782739,0.08858083476319889,0.13633398711684686,0.18611901999375038,0.18971547422190588,0.22050001581511397,0.262285325235973,0.2803645520590339,0.2997018755062779,0.3043456077849029,0.3845797706253936,0.42610870185073924,0.4780661221794781,0.6013171802451681,0.6042155933902512,0.5966248428593752,0.6726988146995656,0.7095581886064878,0.7399609590088181,0.8012685433679938,0.8383069427323236,0.8697290616180435,0.6059313255967359,0.903948492845657,-0.90086821514982,0.8701730469497394,0.9118551095768731,0.9426449834606377,0.9248214699002367,0.8824680944964276,0.8792597040680934,0.88358701622368,0.8898108901805396,0.895558285885552,0.8863808909578191,0.8695883801091089
-0.3734210022472679,-0.33182949785283433,-0.3197867531049267,-0.32302537378716006,-0.30621681385506366,-0.2832511576508034,-0.2721558294258968,-0.23740733937489636,-0.2020575884251576,-0.1881291562363291,-0.14687061819322308,-0.08406649607257406,-0.07082842250614792,-0.054446505038058354,-0.012567994981237505,0.01527280343962882,0.016820424835616493,0.08712627847912742,0.16928007763539862,0.21373917485596605,0.2935623922311744,0.32702733379771887,0.3598482264888753,0.4040284440240232,0.46247409098541126,0.4859818590078948,0.5004023001678369,0.5827345146708591,0.6283352222927777,0.6505324384077891,0.7183624221606726,0.7349313845857838,0.7600519274843262,0.8131896427838569,0.8396985298478762,0.861124064316834,0.6795057137432701,0.5052611122934605,-0.9073096585506916,0.6346507697207059,0.8157916830210464,0.8760045810770904,0.9242742198871454,0.8883044119827811,0.8702743809305127,0.8694687928853705,0.8618978376748918,0.8776583005925014,0.8760075813421089,0.8903876764098616
-0.23256119431399164,-0.2357543520759758,-0.24314180940618144,-0.2639963196428418,-0.21828052532320036,-0.20024580306513537,-0.1871811208320008,-0.17600107882829205,-0.1543133102660677,-0.1359402442696888,-0.12251484290095317,-0.10074451988538208,-0.09726831056206574,-0.09183627321012591,-0.07037567135775862,-0.06010693016888031,-0.0393868220058416,0.010483380996546691,0.07059526785945608,0.10912878013880875,0.21692919232741653,0.26824212788787033,0.30869905309991824,0.36088209924148895,0.4732094695440541,0.5218676509538879,0.5494467611309329,0.579497675163889,0.605945806962834,0.6239125566389957,0.6697092870743095,0.6910364323654457,0.7132782517339187,0.7623024273656094,0.7781601775826769,0.8193104996858411,0.8486340662309069,0.8622847893511278,0.8583295273807756,0.8525689288109773,-0.167331266498931,0.8498023926359448,0.8805454226014412,0.9093672855820949,0.9134770431965681,0.8992614270630784,0.8702680624372031,0.8591888460377662,0.8584349799691839,0.8573177228595621
0,0,0,0,0,-0.27116038614258287,-0.2846297346012106,-0.25762036685492323,-0.19885654921476126,-0.18136757247172539,-0.1748317037917895,-0.15466792597867007,-0.15532388560631727,-0.1534439259440154,-0.09966248609253757,-0.09453036825246665,-0.09081664187642648,-0.03428825966508693,0.023444896952710077,0.07985022167450649,0.1927464927598629,0.2344932450709149,0.28706073676133925,0.3394036396418994,0.4161498188992321,0.43485133184622077,0.46120814357933604,0.504355140597868,0.5426360905121226,0.5748351986524967,0.6249186283353738,0.647150199264437,0.6704014937983472,0.7208564684332855,0.739762499596877,0.7646415969761047,0.8093194395334226,0.8309286767148923,0.850632463002532,0.20152212227129565,-0.09504023479961024,0.5038767271074578,0.8986160055495431,0.8752942758547892,0.871528926955014,0.8603305152645553,0.8138117205124391,0.8067753612435855,0.8061613194010321,0.7945192379158421
0,0,0,0,0,0,0,-0.2836360473988319,-0.22990935729067297,-0.19904362321957583,-0.16695442288066645,-0.2078394456478352,-0.2287023147321441,-0.2532759735574007,-0.22357644277115285,-0.1933373277729246,-0.16163676607355038,-0.10278293489642373,-0.07775373316107836,-0.05615436706320127,-0.013433929760104438,0.03155767645347917,0.0893593464928551,0.13569292362228894,0.24724405651131148,0.3129747864430075,0.3447043846929224,0.4199920180592452,0.45633295184198397,0.4902397731973206,0.5673253032638649,0.5973670555569439,0.6235247201211862,0.6811297074865109,0.7202603527409664,0.7406554773891736,0.785914796992884,0.808758923037186,0.8349077285508641,0.7876343569126322,0.36532381523368734,0.6758247344387476,-0.01790186180012343,0.886308131891613,0.9230563877300941,0.9116957882214587,0.8755626606132643,0.8579707037826362,0.8586920149628628,0.8474287260931087
0,0,0,0,0,0,0,0,0,0,0,-0.0472072438209812,-0.1330617643697713,-0.2372520956526145,-0.2575135707424765,-0.26866796507730417,-0.28239554100619363,-0.22349716929303243,-0.21131787759430606,-0.1873399351081461,-0.11131662193167531,-0.09656589048391069,-0.056046477105283043,-0.012416257618794956,0.05643149587848738,0.0936386170649876,0.16746499881412832,0.23437721143679657,0.28235316187003856,0.323940086641921,0.40711989868975174,0.46565885759558817,0.48788993667562053,0.5434653242029966,0.5782592050898102,0.6473788834142689,0.7101306701071392,0.7418746491227768,0.7762447579716124,0.8240445396932502,0.8560325740290494,0.8792708565761886,0.8442139213929849,0.4821645618815599,0.9128459646447262,-0.8371854196527277,0.8365824365843616,0.9362130079381419,0.9353614813355235,0.9202619920569124
0,0,0,0,0,0,0,0,0,0,0,0,0,-0.011596122706552069,-0.26112493811159754,-0.2741240756120504,-0.3363437576729775,-0.29447328788465976,-0.2813368582191797,-0.2793991508923819,-0.2423066398792399,-0.22185178081938328,-0.22390671430428016,-0.20044604474555242,-0.14403876243947852,-0.10369561127515815,-0.0932606737244455,-0.039814351903551225,0.02253934463329457,0.08369360957788163,0.21697194661989697,0.2529156895055735,0.2856700748323647,0.3505434375982184,0.41086790069472584,0.4717797236948942,0.5397548514565049,0.5810496855027905,0.6339409579950985,0.6905025719890657,0.733162792147015,0.7884775339780489,0.8183844579221503,0.813516533247803,0.42184380130580673,0.5211609381481184,0.7114976661606219,0.8559998288229242,0.879731256769573,0.8470505072488363
0,0,0,0,0.0007066580670069252,0,0,0,0.005865384125664355,0,0,0,0,0,0,0,0,0,0,-0.3795984244470538,-0.34774552079010274,-0.35422763510119903,-0.3735287325738036,-0.3592706584106652,-0.3361825585697439,-0.3412885441659163,-0.3362424419906578,-0.25765042520338105,-0.18275778169387394,-0.10994134824998264,0.03038448132450866,0.07056814075168823,0.10844604934108644,0.13831541393753624,0.1752180686852792,0.2120677041802634,0.3965995633082873,0.4387298910330227,0.48742293895983163,0.5732188272047967,0.618116782486011,0.6740572760809199,0.7171205916086804,0.6995305376670874,0.2873573246592634,-0.7929146351969507,0.7444687375420003,0.7966675539111719,0.7794173295549758,0.7162659037748833
0,0,0,0,0,0,0,0,0,0,0,0,0,0,0,2.968608424563972e+38,-0.014467442869380185,-0.050229423489619986,-0.054433460483273056,-0.0768918856054653,-0.11871912427025869,-0.1830526606770703,-0.3574949633807381,-0.4322197738954884,-0.45880936868064776,-0.5040810567563733,-0.5025952815350945,-0.44301312415781324,-0.41222663449519265,-0.36283704390019683,-0.17946788304646888,-0.10102337692085227,-0.011177486096358784,0.11513818367312816,0.17088789616934963,0.26915410258316724,0.3932656342986442,0.47576645670744977,0.5296156321320864,0.5997954985533462,0.6174801032066325,0.6547081273549505,0.7193413856400006,0.6948095907867244,0.07684753904088976,0.20528611105430042,0.7544145154845964,0.7278291999886882,0.6755060822229256,0.663192312823117
0,0,0,0,0,0,0,0,0,0,0,0,0,0,0,0,0,0,0,0,-0.1571153888644729,-0.2715711767227112,-0.4306021790050997,-0.46976380214700086,-0.4821761950419582,-0.5349489287593127,-0.5516174297290044,-0.5180780359849447,-0.48667914548629015,-0.44383927038111765,-0.3384810413156731,-0.30409831515398267,-0.22817854157838743,-0.04742052917215876,0.03398806282690296,0.098410786030192,0.1540908774020066,0.3133371162736424,0.37016648510515404,0.6154331812534592,0.6147397222570073,0.6678905508931244,0.7312071871019785,0.6195095402706843,-0.3976285511416856,-0.18404764212957728,0.5805213397232847,0.5360640428315138,0.4481394738155955,0.35224841653779854
0,0,0,0,0,0,0,0,0,0,-0.11834682538363822,-0.14186254055198197,-0.16803726630363713,-0.1903217402078255,-0.21619514743452323,-0.2388012501508381,-0.28788039349546546,-0.3151550278475064,-0.3388041732676065,-0.375932452450564,-0.39038421629676956,-0.39612537483759525,-0.3846241699713871,0.25726127708814295,-0.34972763385090944,-0.6055814201727017,-0.598184311636027,-0.6025658885602672,-0.5836989217768764,-0.5113752349378331,-0.3385310970665939,-0.24150700177010706,-0.04670802105727924,0.07996319715996388,0.15226635991615156,0.23358446367891453,0.38770922604053115,0.503411281021007,0.49595913663321745,0.4361977698102515,0.4179178988750416,0.49450678350708127,0.5143669232494745,-0.6852202319762624,0.5118126011707959,0.7783198927214386,0.3534155396487447,0.29902392940068756,0.29351945327372786,0.24824040079868598
