jsons/1312790400.json
{"header": {"parameterUnit": "m", "parameterNumber": 3, "dx": 0.1, "dy": 0.5, "parameterNumberName": "Northward wave", "la1": 40.97354507446295, "la2": 16.46031188964855, "parameterCategory": 2, "lo2": 133.9931640625001, "nx": 191, "ny": 50, "refTime": "2011-08-05 8:00:00", "lo1": 114.97908020019554}, "data":
[rows 0 to 21 of 50, columns 50 to 99 of 191]
0,0,0,0,0,0,0,0,0,0,0,0,0,0,0,0,0,0,0,0,0,0,0,0,0,0,0,0,0,0,0,0,0,0,0,0,0,0,0,0,0,0,0,0,0,0,0,0,0,0
0,0,0,0,0,0,0,-0.35190563282692444,-0.3361079346189886,-0.3875421638744157,-0.3676544233196517,-0.3752703506431342,-0.3974176909864024,-0.40460284583678247,-0.4177980524315506,-0.42284508906771084,-0.4350096027131191,-0.43634024492166384,-0.4301968979592353,-0.4127437079272172,-0.3827328411305114,-0.2211035644700285,0.13503740132639436,0,0,0,0,0,0,0,0,0,0,0,0,0,0,0,0,0,0,0,0,0,0,0,0,0,0,0
-0.4267925275761541,-0.2904343330295264,-0.37275356822639083,-0.3477553279399543,-0.3294823888843979,-0.33836184090786264,-0.3261994612510183,-0.33498344517213563,-0.34561806770769465,-0.3586047834881116,-0.3746046176693453,-0.38868110586300136,-0.40256609515281205,-0.4021901883629075,-0.410181895828261,-0.4180480629048083,-0.3096824309499024,-0.14662524134581373,0.0723729911445361,0,0,0,0,0,0,0,0,0,0,0,0,0,0,0,0,0,0,0,0,0,0,0,0,0,0,0,0,0,0,0
-0.5190963183578001,-0.4836025486496497,-0.47932308034018273,-0.4487927785045182,-0.3641302891110622,-0.34140272204263994,-0.331544610388028,-0.3164490000501207,-0.2965215347982369,-0.2951759272310545,-0.26975360758891187,-0.24842123388507412,-0.22476345617665253,-0.1252022885388552,-0.8347235085505238,-0.6575327439333788,-0.4466704451393814,0,0,0,0,0,0,0,0,3.046181802950548e+38,-1.8085559147851678,-2.0495062608422363,-2.219082360236075,-2.3467267246101158,-2.425725335228341,-2.5214895427878177,-2.5273670187577246,-2.559325360586484,-2.578227553532726,-2.690733900094531,-2.6252430166678384,-2.673627193245979,-2.5398250679000958,-2.4190213657951176,-2.3332506201105607,-2.2102290332381,-2.0671063115287502,-2.0246718115129774,-1.888584244674508,-1.8687447345801962,-1.8070665660779481,-1.7233031796476372,-1.619121626005596,-1.5587957190343371
-0.694643850552149,-0.7242345291087452,-0.753890126176357,-0.8310506306264314,-0.8581582368467517,-0.8851675379879854,-0.9357726104902888,-0.9785451028134337,-0.7894180694552925,-0.5558276445101823,-0.2973375787889734,-0.17757005468949483,-0.3455214407153232,-0.22734822234230756,-0.6069419457658642,-0.6567703760225665,-1.2958995495939298,-1.3907135132851924,-1.5395081137336015,0.497215413071307,-2.350932160131801,-2.5194014022003723,-2.722736481541155,-2.905487875555455,-2.938129643339388,-3.0917398410398302,-3.1870010241402498,-3.2461770434702433,-3.3646815806870465,-3.464354620936663,-3.5198830766229174,-3.6324716474394867,-3.6873309170665514,-3.6446885204996815,-3.6180122936852777,-3.61459633758904,-3.4779030610013995,-3.3861406998167234,-3.2871643509401953,-3.0770773923780332,-2.9187653593580176,-2.7995095641038206,-2.536722208816927,-2.256799605827467,-1.9837806961738105,-1.8233825517699078,-1.491750589685095,-1.1239924839132767,-0.9623954306130743,-0.782895957160673
-0.5876557229080663,-0.612066985770058,-0.6601913565529276,-0.6873457121674899,-0.7357657388806434,-0.7666388015329598,-0.8448836029362358,-0.8869941119873829,-0.9403553830178216,-1.0182130779229122,-1.085572143351889,-1.2069510412334792,-1.3369690452756862,-1.4621905597017586,-1.5821549228119676,-1.643249533923439,-1.7203553329474395,-1.8658483361208542,-1.9598396381664613,-2.071737407244906,-2.172430713779362,-2.2214976432566664,-2.3848835511785604,-2.514918292544146,-2.701131597004704,-2.936261498296966,-3.067621619501741,-3.3048405400997254,-3.5059907820272755,-3.5734701174518477,-3.797737466535593,-3.888523047807845,-3.954736560614729,-3.9159216594196002,-3.860720812732662,-3.776065357495317,-3.4268479022957097,-3.272878378145984,-3.151043635085689,-2.7380200987969587,-2.58594011509002,-2.3381394238586353,-2.087657818541403,-1.3557896778374707,-1.047245878025775,-0.5779793835948817,0.35870456399202266,0.9497223175908832,1.1887051393203885,1.1697559134419864
-0.18982458522972998,-0.18476300222932943,-0.17518932307151455,-0.15325906668894576,-0.17119580787458463,-0.16933249294385175,-0.21625577981230792,-0.2539536074145182,-0.3109889889715107,-0.3624656345159553,-0.3744817180178971,-0.44207401933239204,-0.5041746392307914,-0.5521912874810153,-0.5526944329361377,-0.60966714595966,-0.706984168094086,-0.7868597951960862,-0.8456006938951756,-0.9294697641371997,-1.0493982399078923,-1.1342543725241065,-1.2145275570224083,-1.3730931567520668,-1.5546929570873926,-1.650184972023175,-1.8931687946512277,-2.2340177042447666,-2.5193670933501853,-2.6417550028021193,-3.1681313188641584,-3.423439240695195,-3.59856661801343,-3.715634432707363,-3.632179029651869,-3.4681306469090694,-2.9973719311598215,-2.685096656238655,-2.4537332968219965,-1.8805422631331083,-1.7159247258741075,-1.420623957217583,-1.3376970007905922,-0.6066676855546921,-0.44220261514133846,-0.00517439075744924,0.6877426192369132,0.9018022356129095,1.2359330271076374,1.3571482982308611
0.26344157439850197,-1.0822305309764147e+38,0,0,0,0,0,0,0,0,0,0,0,0,0,0,-0.2705095058339602,0.049119276302594404,0.04136671512266592,-5.8898056536352195e+37,0,0,0,-0.5197864807315941,-0.4787839002158641,-0.937189084947548,-1.1869076619147558,-1.2337708848941993,-1.292530049988333,-1.3239959829371242,-1.8550078396769683,-2.2942685884612355,-2.6631107597862136,-3.453555540419753,-3.375118901385719,-3.223676782838419,-2.1381194450714984,-1.479040922825771,-1.1993398518275071,-0.7841226753345222,-0.654824324342329,-0.46300538805179425,-0.29657063689743796,-0.04410704173183864,0.18412949815951823,0.2978341481764657,0.6123209202612729,0.753305443608922,0.9615688805041508,1.2691152765505387
0,0,0,0,0,0,0,0,0,0,0,0,0,0,0,0,0,0,0,0,0,3.6410678651695455e+37,-2.5564795116208356e+38,0,0,0,-1.2743973239646296,-0.47364043056436256,-0.19615485968208143,-0.022445954561422992,0.21013144355168953,0.4672866001843659,0.4671033582191737,0.07912502153315445,-2.8931084626553676,-0.9334037926361245,1.0305873692787233,1.0624343056857748,0.9430319382220749,0.6949736180459642,0.6418589333264386,0.722208073524905,0.6693383666820174,0.702275346356057,0.7936351261591575,0.896144818672413,0.936207909930022,1.0520248578306108,1.1162050266406598,1.258125374961918
0,0,0,0,0,0,0,0,0.13125633176039317,-0.8766705855627616,-0.27833441616731,0.034465476256281664,0.31766784314895524,0.42918199559825376,0.6503534178817497,0.7193907088063375,0.8511724778747581,0.8523766171579281,0.9398692406984133,1.038145664729518,1.0978062845428596,1.058988460749565,1.0399880970356914,1.0201986216619658,0.9720611149753666,0.9759453461157008,0.9782648134598118,1.0052707090767965,1.1152637250836528,1.229121312861663,1.649939653621266,1.976433425553435,1.9321175617647723,-0.5519193632456638,-0.28703063855394856,1.478286622415105,2.075568887043485,1.8056666452195038,1.6486597035377781,1.2118291399541472,1.0606444420240129,1.0254903999868845,0.9717677217305954,0.933516024213454,0.9823120116333834,1.0264286563747984,1.0839932120511544,1.1967634326982353,1.2748561631235154,1.3609485566858315
0,0,-0.7711367314140043,-0.7649908630301423,-0.5401583491972315,-0.6546761939106559,-0.7518918659713579,-0.7243857892743573,-0.5101147250448328,-0.48387732516502513,-0.39550970330973334,-0.28662181741442677,-0.2344020671044995,-0.16514629419036794,-0.029563543073772472,0.07483397284676463,0.12683869889183236,0.20493044670966473,0.19731489998045743,0.25625197777561626,0.3217251491223332,0.35710455291369736,0.40080145367188913,0.40706706562407546,0.5510373919244901,0.7099500310067979,0.8495119520087541,1.2027898958536665,1.340916849020758,1.4700130920683587,1.957054951101572,2.2794420626140055,2.25840940784328,2.6609167692818207,-2.6101194740001197,2.0795040262230184,2.2728300511743558,2.235403134767003,1.973123193367453,1.6889516276781777,1.5440190159413834,1.4472953253942333,1.3249862750435049,1.2022991502619509,1.1885818442890481,1.1757690269013357,1.21173495741531,1.2381712865904893,1.2564694152392712,1.3404201710868104
-0.6453458504128776,-0.6079267002055172,-0.5913666972080771,-0.6176114206312663,-0.5669488408397929,-0.5805409101143693,-0.5938691419133092,-0.5788606658158681,-0.5445241722650793,-0.5689597747546872,-0.5470956843081818,-0.44857955590026366,-0.37927104957547075,-0.29653266736350475,-0.15782605145632123,-0.12400490138874287,-0.07384167473984947,-0.012871528228686785,0.013641472587926848,0.04435182369504268,0.11399547863494279,0.143227269532738,0.23957882798493643,0.29000822264653386,0.5387345405520532,0.6873653082679684,0.8601852688542476,1.1787828772652962,1.3239477400100954,1.4717030388958894,1.842698450075311,2.0563217120499258,2.199975208421725,2.2805897818165763,2.089547060458662,-0.41639929989504576,1.5086369756200775,2.2190506461830917,2.12928186575465,1.7253568830241197,1.602649315643207,1.4297800979263364,1.278597664424286,1.0202151079660364,0.9429238294578666,0.9124760732532181,0.91407364516932,0.9300964785523637,0.9560279284483065,1.0336581534832627
-0.31884733775918145,-0.28131529091458557,-0.29272040091894586,-0.32262401602285784,-0.3318982975861337,-0.3539065708784865,-0.36697417484534195,-0.35561686326797204,-0.35083110175197446,-0.356228107520936,-0.31830334505301316,-0.2551035935251414,-0.24607829555036265,-0.24637647594724907,-0.22979661244081925,-0.23878243646764213,-0.24848097131021904,-0.18322444137394348,-0.09339439782539455,-0.03210173975926165,0.07818209993636485,0.16372424757752727,0.23488274666527234,0.3285974517318211,0.5289441005026104,0.6916874410179762,0.7743057793642124,1.0341712022672909,1.1889648379917397,1.3687273045313195,1.7878838590176067,1.8699000277719793,2.0186137916417435,2.2094044714328307,1.9557988218569287,1.9639810778911841,1.259072800561615,2.213694457228345,2.2061158854853367,2.0183372600031158,1.8604794594278413,1.744515452851593,1.66993187357196,1.459209583131442,1.3023275068292641,1.2451967351538744,1.0964011557677138,1.033341747941333,0.9720836788513462,0.9552809459362019
-0.1782654391155026,-0.13821841658244421,-0.07640841611519787,-0.08641447137789236,-0.01968626995202097,0.02015955203632361,0.031234217652929785,0.03588809522675867,0.052588234320469614,0.05733303987389978,0.05561158867231525,0.047585292135614375,0.019963002619787066,-0.00841087116164916,-0.08122566603559501,-0.11576313901961142,-0.13452940086168125,-0.1393906941285741,-0.07456296186546955,-0.047705237916379484,0.0774354969197724,0.14220571123228617,0.1986721636436211,0.2710835383833681,0.4557609143750404,0.5584071774022683,0.7371755808046756,0.9900208550045939,1.1708206699420836,1.2657167355691488,1.507455399776591,1.5947304915069975,1.6686417599113232,1.842919009212585,1.902147372357607,1.9885478674110215,1.3177054710568405,-0.40700523235045655,0.48991281476107107,2.034600343175691,1.996846943084111,1.9469595936970299,1.8672691123117713,1.7260810952169818,1.656131272130854,1.575837222317156,1.4334719989979596,1.3502686714124394,1.3165387195643552,1.2319403596915752
0,0,0,0,0,-0.13804115593739047,-0.052187287788653516,0.014951344737492022,0.10727994786993296,0.13845621922517343,0.1377612132999001,0.051140397174463906,0.013398127235636091,-0.02021588064607159,-0.013252633010704994,0.003608589428894894,-0.05035147477813663,-0.048696590111341635,0.012707102940921852,0.06935948858797401,0.23847734009399763,0.29411308797426033,0.34133131126762506,0.38406179512219946,0.5047000966327211,0.5608311839945748,0.6824523147245722,0.8658745351164959,0.9886385716042942,1.0602429073875674,1.2326830269149405,1.3197041093375528,1.404566320143268,1.5737201289728024,1.6504441372381486,1.7091704681295512,1.8496859420415313,1.7598440635740176,1.907563245578093,-1.4471161993339605,0.5922331385646137,1.527936058667926,1.8816398455460202,1.7981372275114047,1.76564263869263,1.723741459600325,1.6118244366612724,1.554297296955215,1.5057624160850864,1.3969864592405838
0,0,0,0,0,0,0,-0.16877080320167961,0.05079345385422556,0.15928100824710908,0.2008211715062682,0.08304019506756555,0.022578118225523223,-0.04706966714329958,-0.07684536993932974,-0.05193765363183141,-0.035556201730245,-0.009694384061735346,0.006050613787210581,-0.022832678256740346,-0.0495854188934083,0.000512911878466917,0.02697466197327275,0.06984161240790875,0.2519713544928103,0.38296039255124553,0.45568656938267404,0.6076813801595112,0.7006685495592494,0.8079748472316323,0.9797119998538355,1.0803924618411385,1.1695956334748787,1.358097463292824,1.462286181628872,1.4970704444631409,1.6470185321220217,1.6950480321654242,1.739144483397593,1.8204834284752558,1.6325128108665832,1.7599553030384818,-1.852097515604138,1.7070884037752287,1.8799463848469258,1.8535790872886768,1.7831592806163226,1.708568089988178,1.6730233349200856,1.5405374104782406
0,0,0,0,0,0,0,0,0,0,0,0.27194657405039724,0.2098465245624834,0.05183678583691162,-0.05842057222145786,-0.07910127310857216,-0.11639886050112512,-0.13625970440166585,-0.12855867405053342,-0.09946634476956905,-0.05297854028831976,-0.03606176381044781,-0.0065655150905436135,0.0375086142957663,0.137154588188199,0.20197325677766131,0.30268594079120786,0.40616106984836303,0.47910420622811173,0.594008577703743,0.7548021125511942,0.8715607093541023,0.9300682778672654,1.072514697975202,1.164481376819116,1.2756681760543245,1.3999928419848289,1.472198373273293,1.512818915769615,1.5921883619300792,1.63862946021151,1.6673897503297088,1.668627698958373,1.176403758660176,1.7182926695268226,-1.5585658162574385,1.5767549472605258,1.727261823754142,1.708582750791617,1.6423858451487876
0,0,0,0,0,0,0,0,0,0,0,0,0,0.04958212791092823,-0.23284298352177543,-0.17768827526651437,-0.2152004444646593,-0.0841118576594199,-0.07346951700048228,-0.08605538472985792,-0.07075725910571297,-0.0638059541538899,-0.05759326622912493,-0.04749220042240668,0.020130512766237847,0.09675880019358946,0.1325914155701717,0.250345909435114,0.3550575059519506,0.465344114344971,0.6977237157933637,0.7658923360323858,0.8036633388584186,0.9101133230849168,0.9660599309264503,1.0430902754758262,1.1626774773733208,1.213715557331811,1.283696283282917,1.336255225344223,1.3940724770660429,1.4491549727053794,1.4976601584290656,1.5561562553565218,1.2762390082484818,1.127825060909255,1.3882488473515116,1.5619386336637344,1.5823302240697206,1.548682189361456
0,0,0,0,0.02173540018998332,0,0,0,0.07779377631397838,0,0,0,0,0,0,0,0,0,0,-0.5990297971279352,-0.4022855885794938,-0.3485141056853962,-0.3013987508791291,-0.21116254491390465,-0.09289656898682229,-0.034061868939618906,0.014244386292678636,0.16736771665228609,0.2864194408379254,0.3879289534032462,0.5488919008987331,0.6021564097829561,0.6514457415060911,0.6884441982302422,0.7303351620399315,0.7933904675284489,0.9593717533434026,1.0242618403164345,1.0652704826539177,1.1554772384238445,1.196984600290378,1.2366527620046959,1.289660756564307,1.355079116508906,1.3386723719180627,1.2872642164076378,-1.2520471784244116,1.2641112115219881,1.217291299059274,1.3739006459553997
0,0,0,0,0,0,0,0,0,0,0,0,0,0,0,-3.3209862085161543e+38,-0.018427021223394287,0.045547088666004196,0.11850983763538814,0.08060920921696832,-0.18681315562568804,-0.22892494314705059,-0.5251417630410822,-0.6335630919865374,-0.5830213942847026,-0.6221386121509346,-0.5470495182374067,-0.28187710748463474,-0.1644044046074863,-0.04501354298093351,0.25936704663805976,0.4004789899786311,0.5176094832161086,0.6639774636283454,0.7230293481518559,0.7919870067062202,0.9122358787952676,0.9583270802846061,0.9998950548556124,1.0558826846878928,1.0905181779194355,1.118181671492745,1.1596167284801697,1.2396167999456054,1.263398885356608,1.2690805043061135,1.2976762294095878,-0.5685202590110539,1.2739435255796916,1.238919198373382
0,0,0,0,0,0,0,0,0,0,0,0,0,0,0,0,0,0,0,0,-0.22313793001523816,-0.44720761291331784,-0.7348105885718129,-0.7888623787839926,-0.799218800194378,-0.8608043805871447,-0.8119854217475531,-0.48446820600081664,-0.2973256403838204,-0.06855783842289097,0.22468211128366047,0.3306549739092702,0.4393716017776781,0.6030978629310623,0.6751878880561272,0.7187686667424779,0.7637432253428481,0.8374700021154072,0.8638409963171655,0.9272467726297792,0.9865591005674728,1.0586001769541509,1.0950666103696136,1.1525794126929279,1.1925286012684742,1.1311872132029628,1.1420075331385497,0.6007508293474387,1.1824207370235882,1.0995952948328853
0,0,0,0,0,0,0,0,0,0,-0.019850082795144212,0.09618284944140978,0.13132472262260406,0.07299228342385344,-0.13564213876753115,-0.23414036476517286,-0.3762385833924793,-0.4712022733756046,-0.5266225760980895,-0.630028678658034,-0.5803856782064635,-0.5958745915226307,-0.5445385376217063,0.5444874223637616,-0.6112238117558586,-0.8992778308086675,-0.748438278517853,-0.45566397593823005,-0.28688893450818354,-0.10038899779587541,0.29017734148520186,0.43423350831442425,0.5267133459020377,0.6766931313836153,0.7085909416496361,0.7458407362594177,0.8525674843260079,0.8959990004353444,0.9018842478116196,0.9020697929433281,0.8946769979274561,0.9234923515829995,0.9300843714606974,1.021821861721502,0.9910865040727089,1.0102737683272989,0.2720952736274885,0.8816340749331297,1.074542317168522,0.8296297544821483
