jsons/1312704000.json
{"header": {"parameterUnit": "m", "parameterNumber": 3, "dx": 0.1, "dy": 0.5, "parameterNumberName": "Northward wave", "la1": 40.97354507446295, "la2": 16.46031188964855, "parameterCategory": 2, "lo2": 133.9931640625001, "nx": 191, "ny": 50, "refTime": "2011-08-05 8:00:00", "lo1": 114.97908020019554}, "data":
[rows 22 to 43 of 50, columns 50 to 99 of 191]
0,0,0,0,0,0,0,0,0,0,0,0,0,0,0,0,0,0,0.2140635260520067,0.26475104594832555,0.7348040140934593,0.41960951722319184,0.7777463861759047,1.053901889973654,-2.0699461105314056,-2.007866204444631,-1.7780874948292242,-1.3428895910234226,-1.312073968402149,-1.236978323402171,-0.9570274048577057,-0.7027698907937113,-0.4500781660520774,-0.07723021093860259,0.15440811994355183,0.4548369700375477,1.1229192895737359,1.3893117165927595,1.6248197907659563,2.1523835857423834,2.3846852491125117,2.4440638472199594,2.529722960691071,2.7997188933965207,2.6007310431281905,2.537637942120419,2.2903792443163544,2.302465350534443,2.6545910235407977,2.391536624016874
0,0,0,0,0,0,0,0,0,0,0,0,0,0,0,0.05106814350571346,0,0,0,0,-0.4049254189273033,-0.755593409460117,-1.300370156090884,-1.4407501599410304,-1.5947948040635223,-1.6412004856028406,-1.428525562009989,-1.0954586948487173,-0.9154676972422596,-0.6741860365316742,-0.17322530447637624,0.13083596152205484,0.4407735867202614,1.1374928327065281,1.3318654275046646,1.5641135548157568,1.9060982846574883,2.0554316862187156,2.1300972761569987,2.4275652817893696,2.5478601541721115,2.610535604288978,2.67489825427078,2.833556158629948,2.851487832811464,2.3450782117140063,2.9181287210078284,2.2510376822574676,2.818405320261432,2.7038783970467306
0,0,0,0,0,0,0,0,0,0,0,0,0,0,0,0,0,0,-0.25224096063898443,-0.5375696742763661,-1.1428500642920232,-1.290957034566086,-1.4877197530795994,-1.4708440772465026,-1.1286998651048292,-1.089960719389091,-0.9883964120478496,-0.7440691236205392,-0.593774562257833,-0.44954415348612004,0.0913708826647375,0.3778021729297891,0.5591180820705828,1.1875483876646376,1.4852107543040536,1.721258448619281,2.1056150307527046,2.3134525025378903,2.402978582532187,2.6536001322042955,2.6839102514118243,2.6834469063963016,2.7294917991852716,2.8442847774742517,2.8453179660683294,2.5457019510965333,-2.2146226705441494,2.8640680440767197,2.173369432098686,2.8244402781845497
0,0,0,0,0,0,0,0,0,0,0,0,0,0,0,-8.1454825486999445e+37,0.12939928989019328,-0.8299445051526007,-1.0805617196191164,-1.3621562623668488,-1.1455516816075508,-1.0519448147094892,-1.0897144516198836,-0.9946286890504036,-0.7434150007790237,-0.6358954300178338,-0.4849034129293073,-0.16914686236278398,-0.02993178715934134,0.10330219493456061,0.6452478407306873,0.8897839609780615,1.0870077858983702,1.4689738090800184,1.7006639594081823,1.826751185495732,2.1595269636750736,2.2486286657352643,2.36485247778682,2.5093882559612513,2.557986567099032,2.628928343844698,2.7081199484895992,2.7850111071492103,2.800438448679046,2.806333111478017,2.8375044025063985,2.537040929498386,2.6305102663523274,-1.5013449258500564
0,0,0,0,0,0,0,0,-0.1443357579834344,-0.36113810210885855,-0.12096897236259446,0.6215212009631291,0.6877275365211298,0.43139830560551373,-0.8053746195311928,-0.8537719878557734,-0.9877502263798692,-0.8572364178975658,-0.7963717991593565,-0.8312064688726747,-0.6600280772834183,-0.594456347214067,-0.49566818704761423,-0.3759889161451005,-0.158325513856178,-0.07072598815859832,0.039387214530456814,0.295062922941018,0.473932738207715,0.6153416531274379,0.9248568500574481,1.1227483941579512,1.2847101260039375,1.5667793908331773,1.7519588185658297,1.9080356791124098,2.1318150326643432,2.1658450630941077,2.221981069670698,2.3502458317919883,2.4168281921945356,2.4372927921813954,2.4838901752647793,2.568088047980642,2.582554485772399,2.6186111106074677,2.6674829757455956,2.6896922702589148,2.7015923987601087,2.4924909294340476
0,0,0,0,0,0,0,-0.5801561261634136,-0.7487353201852985,-0.8486881173801986,-0.7172813723517473,-0.5606859471505754,-0.5773477467332842,-0.5596866671894154,-0.5654900646097457,-0.5634797681457815,-0.6043798635790081,-0.49731399023007683,-0.4472504980003515,-0.3704027319352706,-0.2382395816967092,-0.14899612045325417,-0.12484736432594921,-0.07755743410308588,0.031077922754561192,0.14549063215028926,0.22174283841689607,0.419462885649415,0.5843532958885698,0.7251636618360661,1.071412307739505,1.207520336359499,1.3225826968707908,1.6009737569238964,1.7217677666146474,1.81782616474393,1.9390187201100144,2.0000517155553386,2.0584407053488123,2.161006911795612,2.2291309636698338,2.2587414619472628,2.3061732910590047,2.3984022682511736,2.414013283981614,2.4495387201184693,2.528689700480201,2.5430307407112305,2.5697581186146605,2.575826338316865
0,0,0.1319960609530726,-0.779779252615912,-0.9938146540507422,-1.000758842375587,-1.0774019341132854,-0.9885804128691861,-0.7963051151454927,-0.7784692684789088,-0.742873416103668,-0.6259402956591668,-0.6365225938484358,-0.5952520783363232,-0.5037354064502941,-0.45480198231911856,-0.41149494092694267,-0.2860158126751906,-0.2616182208974956,-0.21714142770537465,-0.13322533061154124,-0.03782778471184445,0.008456765253643857,0.06720932766381514,0.1824809502281427,0.31664495330873754,0.3654037411643867,0.4883134073687574,0.6666877509989433,0.774124746282304,0.9865905697662043,1.0890551536900113,1.159165332911308,1.439730184160083,1.511328455113163,1.6012506076707613,1.7291031318970986,1.8142501066351455,1.8515876443856372,1.9488823016537882,2.0431040908705977,2.0660479402173606,2.149525184553709,2.2501240548114487,2.278271764606318,2.314091838864025,2.3516200576825104,2.369508802169543,2.373026609903285,2.424521246855188
-0.9698989064076134,-1.0148369056461757,-1.0574489684965256,-1.0816417460003085,-0.8929619843746929,-0.8977370098686167,-0.9260767996367112,-0.88594207460905,-0.7603784728513242,-0.7551261791615395,-0.7283814829851909,-0.6141471989547461,-0.5831050238742924,-0.4968992785767933,-0.3244965638462524,-0.2605645357586157,-0.23455207911115633,-0.15786842827423483,-0.12134359184823135,-0.06166890993072855,0.021337613494782897,0.08004807728657824,0.1341644994912351,0.18413681510837995,0.3107753831988659,0.38634560005298485,0.4404582841603061,0.5765591138529846,0.6259359074340185,0.7518564355101219,0.9180472589008807,1.0122594368291125,1.075759467847945,1.2804556442700774,1.3912318129053143,1.4645431439079892,1.59463038043421,1.654389666724748,1.7117312247100704,1.8289257656284654,1.8718350816164153,1.9432984605495045,1.9892242062613854,2.1121660050486173,2.1714500542168746,2.177396901119589,2.2445925036350647,2.255627744861503,2.2562892066174554,2.305238183034702
-1.149721268929083,-1.0166059267255851,-1.0003421716330934,-0.9648981631800453,-0.8952836419004775,-0.8602524966556858,-0.8625938085465209,-0.834651049659203,-0.7264496313824269,-0.7004182232741355,-0.6262930551909861,-0.4759953403916353,-0.3987402980479985,-0.3251185975125316,-0.19476798937880774,-0.17784259772409902,-0.14320206655270803,-0.08311950820020574,-0.05667257497331745,-0.027305399132167747,0.05705310659913233,0.07649232522431273,0.10894070623437399,0.1395085062350602,0.2551844116703133,0.315023308473696,0.3876201198697494,0.5597201498685137,0.6398567588823205,0.6809541297524231,0.8082549467200877,0.8992211956760917,0.9490326309467597,1.0775459886941052,1.1408099565155194,1.175636941092474,1.3675503862482672,1.4826082709986927,1.5277290461998052,1.6475396519327332,1.7453884550957728,1.767145079316239,1.8524329069877314,1.949026573584307,2.0000866349878437,2.051583986879237,2.11621350349385,2.134294919627885,2.1411021613557852,2.1837916683661844
-1.1449199656570384,-0.9376634522205919,-0.8754366815278647,-0.830945924707069,-0.746867809952915,-0.7327079873087347,-0.7219611892988387,-0.6912397782892451,-0.5955955969017419,-0.5489160776381179,-0.4893297664570804,-0.4029548952975364,-0.3525167829486874,-0.32535240512188435,-0.27905896001941194,-0.28465255959964864,-0.29755390453062885,-0.2536395657909336,-0.2236178321131629,-0.17181512324553166,-0.08382180096495989,-0.04723075138561058,-0.006675985569320902,0.045886483708175003,0.15717606085498598,0.23556248986875206,0.311722409210864,0.45733633690095804,0.5358593631042257,0.5999372955446299,0.6722628779025062,0.720602568944591,0.7823227726114712,0.9168459744752226,1.0059465931984035,1.1276263202482524,1.3294048096883755,1.4247066878307506,1.4791596958050341,1.6002947230400641,1.6693811421000941,1.7236947555629671,1.7874876074955885,1.8912298046424825,1.917176848557014,1.973935658373319,2.041892785887995,2.047297614929149,2.0472226178028796,2.063713634861474
-0.8191295320608387,-0.6866869794350122,-0.6374892022787796,-0.6010266060728225,-0.4678538378862991,-0.3928987007537406,-0.3395381621702551,-0.15281589546752986,0.06186160494824968,0.4170475565152036,0.5369001694900973,0,0,0,0,0,0,0,0,0,-0.913137726808602,-0.7538233512093893,-0.6563774447418264,-0.5612741318737884,-0.3871560733641896,-0.24788304608570128,-0.13342397942938952,0.04245727382864275,0.09550578675563275,0.158963033742554,0.2540835397561126,0.41177275850744355,0.5438984266632321,0.8785922198733801,0.9705742556218038,1.1005577270421905,1.2613694481455702,1.3219137189589538,1.3875877679445114,1.5042958738345402,1.5716345972024333,1.6069729140204045,1.5934097668978209,1.6420231206423344,1.6793350871779849,1.7662840685131205,1.8586137969338201,1.8938073868009886,1.9121392469565162,1.9935426242137737
-0.39853942979430657,-0.23777377178638967,-0.118454402673517,-0.018837096207255682,0.289867129893459,0.37588843824690626,0.5363800592543767,0,0,0,0,0,0,0,0,0,0,0,0,-1.49516048068302,-1.2006094762618857,-1.0644195681970805,-0.9640119664952845,-0.866748160971335,-0.5679576065355555,-0.5010973305592045,-0.39486328266518445,-0.21558508211796684,-0.1562904387007966,-0.04490809802439451,0.17602213085702964,0.26585144022867563,0.34480093437837833,0.5820949999967342,0.7226918687608735,0.8312365975881328,1.150302382507014,1.1299984624063317,1.0817853423196648,0.9542491830405869,1.0055963869737075,0.15455364580086306,-0.7880116809496087,-0.25120647276976726,0.5843569729644456,1.081202509309081,1.5271379764422295,1.6655943011634686,1.7250294852204888,1.840849422349793
0.2553549922304411,0.5469918367066708,0.6174525936474619,0.5929002079208368,0,0,0,0,0,0,0,0,0,0,0,0,0,-1.3038410628875037,-1.2754975459619355,-1.2963914648229788,-1.0228332973728504,-0.9586334570783137,-0.8834644580681147,-0.7795820562484866,-0.6096007231104199,-0.5055271286146277,-0.4056721794418799,-0.23465661993657472,-0.13781040296090555,-0.06960587702997628,0.11610294036580818,0.26273305344083236,0.3846535608082492,0.7183957833903821,0.8946037878064105,1.0540037783938625,1.495320580042232,1.6148330812645315,1.5723167084779857,1.465135875112715,1.483434934019297,1.5365096020292848,1.5671892033303725,1.561931709500327,1.523211128694062,1.4744204625861121,1.4525542025995373,1.5102483934240598,1.5859634334199693,1.6787474383891412
0.5540786740402667,0.7019922439311043,0,0,0,0,0,0,0,0,0,0,0,0,0,0,-1.4182978259350072,-1.2371291290877429,-1.180919802976809,-1.1294157279459294,-0.9203825922557416,-0.8502778054233541,-0.781354732524042,-0.6900372203961718,-0.5201472054523664,-0.4213947251530114,-0.35506591242242824,-0.18341048544306807,-0.09557435883039732,-0.012514751356261147,0.22721752865149716,0.3402752674414905,0.4831877190569523,0.7924619063731991,0.9196272341904643,1.008023502351928,1.180275564667349,1.199004142896351,1.2544216946593933,1.3345735659010223,1.3379704167555122,1.3726133826197553,1.3821588860030627,1.418017409565102,1.422278845707532,1.417736706183824,1.4531496592151865,1.469453426023973,1.4824989469436232,1.5757733626608972
0.5489459288447412,0.6171156542651103,0,0,0,0,0,0,0,0,0,0,0,0,-1.2818821568934298,-1.2509505255222995,-1.2430687445097899,-1.0953874153571963,-1.0254754190032322,-0.9713471254053354,-0.816518069710729,-0.7029571485292594,-0.636653146423776,-0.5483207692838573,-0.34641573280567034,-0.26684286726894724,-0.18194782848961802,-0.029908042982416214,0.04694892083613211,0.09606773531547456,0.2603321212823285,0.40160258724650355,0.5057173633091828,0.7174849990524067,0.8263083052731076,0.8810727100073594,0.9591205547139391,0.990569945702564,1.0214575064719973,1.1133242278371382,1.1204447399071842,1.1492354999282062,1.1662525759870532,1.2646749356202411,1.2890493251338648,1.3479568883929993,1.4064544278995683,1.4510928997146137,1.4752215091327037,1.5416196289578985
0.47402589301383125,0.5354755592270046,0.47119300602002534,0.09117615715113984,0.1133542675011148,0,0,0,0,0,0.36984405068454895,-1.2973728362902859,-1.3226926951831903,-1.2567679544142936,-1.1508787868977228,-1.0889091141733325,-1.0446414301047362,-0.9017895491223521,-0.8528899195912986,-0.7958424379742582,-0.6686874487059642,-0.6041121043256962,-0.5281922728450752,-0.4653289834158108,-0.31923415046211495,-0.21421050990933885,-0.1463511112285841,0.0156485894588288,0.1111300108338222,0.17833280778845656,0.32493841138033497,0.41164536791193473,0.4926649353367893,0.6702334214575937,0.6837652436298791,0.7376569726052061,0.7882346435956148,0.8400705952311862,0.8587737832172311,0.9157870397166366,0.9528909146558685,1.0002225601666117,1.0303108318792842,1.1168233011704698,1.186285003218559,1.2201619963958426,1.306778104313364,1.3210499502838005,1.356656853428618,1.3927350733346706
0.3524045449621753,-0.5668120857205148,0.20612892851984435,0.35184923948687713,0.3659509008296633,0.30254283799539033,0.2713633412048751,0.04090768176514308,0,-1.3510714846035319,-1.2423689143942709,-1.1433472114707004,-1.1301969533596052,-1.088855553066626,-0.971425538551117,-0.9030173587077739,-0.8486597390778577,-0.7163885666589376,-0.6320044629041408,-0.5811959174721293,-0.4428328862999262,-0.37680241571707646,-0.31680930895368536,-0.2512104885416055,-0.08601095707245078,-0.040640245072263485,0.0359294478700696,0.1487569828706345,0.21861030644365867,0.25985143160575597,0.39196512471220407,0.45971038044794627,0.5014806392085732,0.5821300738496792,0.6123518913589875,0.6529722903889413,0.7247461474092393,0.7523665397661994,0.7908146360525485,0.8471905410177909,0.880738656128654,0.9440674299650148,0.9897985290370653,1.062570206174822,1.0864285154960596,1.106296654810655,1.2145992005767883,1.2436820336942378,1.2692351667753723,1.3319950698203273
-0.44618268004087397,-0.5625347682331416,-0.6177635324229052,-0.7852702406238299,-0.8136761561696871,-0.9506847621248543,-1.0178327465648138,-1.0463557558983605,-1.004327222187843,-1.016600237834871,-0.9939105072043044,-0.9181886674600387,-0.8943667769581464,-0.861690811409775,-0.7618196428546655,-0.6965819833142564,-0.6464348712571032,-0.5304055881516908,-0.48469227654629543,-0.4324989828527455,-0.3220431207037523,-0.2607478848437781,-0.23277531940959323,-0.15504339642174322,-0.022786816708747326,0.03864485869093015,0.07854084829778586,0.23961030461887858,0.25704544732027557,0.3068103126654313,0.3823936476029889,0.41167869459920736,0.46586369303295033,0.5357452234229526,0.5702868219885641,0.5901161774136148,0.6809562398899325,0.7181198327966902,0.7491199472636858,0.8249796597545566,0.9087454219281572,0.9739449015956024,0.9865791290204367,1.0623950804427518,1.0896118240108483,1.1308751146582172,1.152970520349578,1.1691452866485104,1.1986949783129521,1.235452691722755
-0.8626808594256307,-0.8873360619879533,-0.8984487143387446,-0.9804798900405844,-0.9648501717031138,-0.9590283586510836,-0.9495800410633903,-0.9446729057534823,-0.8658194067693661,-0.8512529437181975,-0.8137317098252411,-0.7352828527827887,-0.68636068112926,-0.6482267524594536,-0.5532988754503144,-0.5301935345341733,-0.4929870564813231,-0.4158850128467076,-0.3664857680782077,-0.3172278366433733,-0.23069468939553084,-0.1455630906662182,-0.10484272381530681,-0.06504522149528415,0.04113747571525222,0.08809884416352898,0.13702329421490664,0.23311180107287713,0.2525411146386855,0.2884992472397124,0.34994240410289174,0.37937176033425635,0.4130228380127498,0.46542591664259947,0.49797939670716973,0.5254089558480323,0.6187968506496041,0.6965545490860003,0.7332712635952758,0.863918704520808,0.9390298123348623,0.9246593009740536,0.9371928832397337,0.9750746682398651,0.9959979756669919,1.0006363357820798,1.0620731961758325,1.0920281525858069,1.111564351719674,1.162886813741088
-0.9033172584192728,-0.9065640214634263,-0.8811114276602057,-0.8958348050672794,-0.8405887014461225,-0.8322025923397406,-0.8151016908799879,-0.7705970201013052,-0.7257947195390757,-0.6779863885495726,-0.6564147504398151,-0.5729837729159621,-0.5653096776530395,-0.5347422475641149,-0.4699573079499814,-0.44703268990367495,-0.40130729685365163,-0.3467318613235652,-0.304862331830371,-0.24931387804433178,-0.18605559314514655,-0.14602250754318216,-0.09090323126327843,-0.07655398545671449,0.0007961892039517394,0.015167191702563703,0.05797951932511457,0.1299297728133616,0.16405873056171594,0.2197488859416247,0.27064611804680616,0.3247409693770447,0.34981142566818696,0.40252332359850634,0.4419652178343376,0.47618034211716703,0.5207167119778539,0.5780074897478257,0.612856369919335,0.6792222625450628,0.7006280805639303,0.7434201741675833,0.7822492006903016,0.8281763179386186,0.9080753358352561,0.968565835119493,1.0267819227136517,1.0520451202290222,1.0565918449513854,1.1136342987407648
-0.8514741155419171,-0.8140452419535004,-0.7998628144755925,-0.7722409737450424,-0.7339366194828189,-0.7040615263345357,-0.6873140984820887,-0.6700633163473063,-0.5980558516888057,-0.5974789957046895,-0.5686222878776066,-0.5166214709883924,-0.5035752228248619,-0.46940900110594447,-0.4213238601072521,-0.4000418020391142,-0.36070479082286216,-0.3043894232425466,-0.27905990084837357,-0.249192460068922,-0.1887333539694127,-0.16113396563653695,-0.11943428632893757,-0.10738355473715827,-0.04234356016205779,-0.010710168575633233,0.014521712895692675,0.08629095613520378,0.11059601167171763,0.1376059444469705,0.18555609582580657,0.22788218217369055,0.26705862001901753,0.32820765323745815,0.3657538799058778,0.37657204799603694,0.45856135003874576,0.4956761469531975,0.5410125597643103,0.579173560656464,0.6299548966745597,0.6650873260521145,0.7056214003688835,0.7565319145664354,0.7930318334336512,0.8488264318779384,0.9333511057661373,0.952417211406001,0.9944341477805219,1.0300847338210957
-0.74758621007165,-0.721246911440656,-0.7026663512451582,-0.6915731272642308,-0.6549643922123267,-0.6251759844232759,-0.6126758042395059,-0.610984998625617,-0.5634457656159032,-0.5508548625010838,-0.5427704440588218,-0.47911633871869014,-0.45150239494728067,-0.4427078639987645,-0.39356330502682163,-0.3629724602736597,-0.3482363537751729,-0.30512688300601226,-0.28131674056041456,-0.26278236521172516,-0.21416158231966945,-0.20513497374789644,-0.18987763089559628,-0.15351872558691385,-0.11299371882772213,-0.09481367276047736,-0.0645544451623458,0.00972187771267857,0.02211025381825941,0.04746868059488152,0.11715214531427846,0.14214851057255606,0.17586093051181112,0.2333399471292641,0.2544695461729793,0.29202401135505396,0.34969934495150723,0.3725044412084016,0.42342136237356126,0.5073974803217253,0.5392671471307766,0.5927420499706405,0.6141556383785047,0.6680162899566109,0.7033894242565496,0.7414055416176769,0.826304603859798,0.8761043107862102,0.8778936951025604,0.9271529332709608
