jsons/1312520400.json
{"header": {"parameterUnit": "m", "parameterNumber": 3, "dx": 0.1, "dy": 0.5, "parameterNumberName": "Northward wave", "la1": 40.97354507446295, "la2": 16.46031188964855, "parameterCategory": 2, "lo2": 133.9931640625001, "nx": 191, "ny": 50, "refTime": "2011-08-05 8:00:00", "lo1": 114.97908020019554}, "data":
[rows 22 to 43 of 50, columns 50 to 99 of 191]
0,0,0,0,0,0,0,0,0,0,0,0,0,0,0,0,0,0,0.08493331290533734,-0.08552482974826438,-0.1877715424288333,-0.16752133584402445,-0.09806209028570623,-0.28705555528206633,-0.6388060524527093,-0.7172858191339397,-0.760376826325163,-0.8220025690446334,-0.9035977808407958,-0.9356162890307032,-0.9617053344865316,-1.0075695470510622,-1.0237007512566136,-1.0374563550647302,-1.0496884918407874,-1.1029966243145588,-1.145054377891233,-1.1742541348202424,-1.2275646909956317,-1.2618250390194583,-1.2798639661690718,-1.3182389040180993,-1.3301413648576608,-1.3490506273239804,-1.3676829813238192,-1.3785954037145156,-1.3898476493251488,-1.4159088380748228,-1.4251014900578138,-1.4382709094892279
0,0,0,0,0,0,0,0,0,0,0,0,0,0,0,-0.08961396156810988,0,0,0,0,-0.2847163646700099,-0.4773787207842822,-0.6541820402450479,-0.7314631148091392,-0.7693289737748229,-0.8469671102446056,-0.8776298173408854,-0.8892468789526826,-0.9274908934290779,-0.9482653424747867,-0.9737678839703917,-1.0260746523961066,-1.0548218266075065,-1.096695724397993,-1.1454426638220825,-1.2349495226391374,-1.2745843224108941,-1.305885726580697,-1.3607394437381888,-1.3892847887036461,-1.4144146871165761,-1.4719171531790758,-1.501565069879362,-1.533385029556299,-1.5837932128486303,-1.608655878426115,-1.6366606268831234,-1.6721096223481462,-1.6898472348458595,-1.7172190717492257
0,0,0,0,0,0,0,0,0,0,0,0,0,0,0,0,0,0,-0.4151680234865968,-0.6107517186570716,-0.7262973946606609,-0.8176507003069294,-0.9521715194858552,-0.9980412666122782,-1.0239613587379672,-1.0780162999281413,-1.0874756939602848,-1.0870396803191142,-1.1205118712421942,-1.1211393389930955,-1.1198764354814204,-1.156022139341494,-1.1746827827723945,-1.209613140050481,-1.2447870142383963,-1.3120664849241492,-1.344900436546196,-1.3750339437120525,-1.4408697051664454,-1.4872524815150006,-1.5186804462472872,-1.603539774582652,-1.6571086141740963,-1.7056986151568827,-1.788449855265804,-1.8145025258754093,-1.8664329288982038,-1.914054943285354,-1.9340097735715212,-1.9843375479715375
0,0,0,0,0,0,0,0,0,0,0,0,0,0,0,-8.1454825486999445e+37,0.10911647643745204,-0.5878648076063081,-0.7921221010732005,-0.9950267094514972,-1.0640540404164256,-1.1199147806756409,-1.2014540154411093,-1.2352575985531558,-1.2531871918696902,-1.3061872589998789,-1.3170052590603225,-1.360697656503317,-1.4003165477583066,-1.4127836412693133,-1.4227847542242205,-1.4708300732497763,-1.5224049460782445,-1.531982367460195,-1.5524085403023378,-1.6191458728583845,-1.6469785994863526,-1.66945091532812,-1.740429545996519,-1.790671826115747,-1.825564740253767,-1.8900369430248143,-1.9266249949719148,-1.9739860028054264,-2.0396641514109812,-2.0860920451463247,-2.154533287060533,-2.232310322181526,-2.282138135072626,-2.3433260713940185
0,0,0,0,0,0,0,0,-0.18544339771694016,-0.3288695826623662,-0.44820670754808567,-0.5434938894914294,-0.7175881235229252,-0.8180899706806779,-0.9248092847383494,-1.0144401264500738,-1.1521979450730955,-1.2179409140411697,-1.2510226059748613,-1.3480599330033902,-1.3691057026502689,-1.3992705984272324,-1.4570227367517918,-1.4794381772503262,-1.4867121879843146,-1.5299859934487208,-1.5487035342964686,-1.5533796923272172,-1.6023615627167616,-1.6221620478937913,-1.6328704159875498,-1.6846085452497517,-1.717075262995299,-1.7492811012353322,-1.7625531617966583,-1.8340564179713377,-1.862544091810118,-1.9071743466710924,-2.004652288336259,-2.050345849816903,-2.089784142865493,-2.181716609184154,-2.2230143352088443,-2.2569685381459523,-2.3629702794826213,-2.4095442398673463,-2.458861563109713,-2.560877932004726,-2.6002620548526156,-2.691272457648991
0,0,0,0,0,0,0,-0.5283737202941088,-0.6463972617495811,-0.8528181157797039,-0.9199208348580966,-0.988441348727915,-1.090293061930403,-1.1321241632538408,-1.1680819180813722,-1.209606656875576,-1.2860723465681334,-1.3225236064496295,-1.359152807722345,-1.411085697172006,-1.4360475122092269,-1.4469163368862505,-1.4889391769779725,-1.4973307600638546,-1.4885447833385883,-1.5244220045228885,-1.538875777676365,-1.544089224315883,-1.5860366497927767,-1.6097225300501838,-1.6243414820651172,-1.6870122322844814,-1.719274188959307,-1.734929759491526,-1.749138698054725,-1.8341877430118745,-1.8781703357214117,-1.93015563648641,-2.0386316483623497,-2.0676304599235733,-2.110563865232384,-2.1869428273475693,-2.262325982478988,-2.2810601924382934,-2.356438932478059,-2.4253319059777523,-2.508744199893961,-2.638726752239645,-2.6953750450249827,-2.7973559411447755
0,0,0.1086713134417302,-0.5434890598628063,-0.6617366477308211,-0.7597153327145626,-0.9325057376000842,-0.9829007675434706,-1.0210770449463609,-1.0805660583087717,-1.1147934500121506,-1.1348621121417997,-1.183057458372636,-1.2040356759034683,-1.2061938517912647,-1.215650901468665,-1.2630691484985128,-1.2694803508411527,-1.285812326229233,-1.319207856231245,-1.3123398979332814,-1.3181619840903773,-1.3580791830978525,-1.367434397359037,-1.3696715222245057,-1.3960407652786173,-1.3961112462960088,-1.3944459464838228,-1.444498241351914,-1.4673418070084927,-1.4842871853437594,-1.553231835775109,-1.5695060868405941,-1.5991108938730676,-1.6380263257354406,-1.7151388829970016,-1.7992713964215834,-1.8551659350132934,-1.9531721772387125,-2.0260842564867865,-2.0724781529724656,-2.185335352826506,-2.27391403452418,-2.345735120666524,-2.4997476374805454,-2.596009846241903,-2.7131461247100166,-2.908289585878845,-2.9862254450511174,-3.1438396506585433
-0.5765446823572403,-0.6201675590460685,-0.7017745886914897,-0.817278492337045,-0.8838718589179748,-0.9194709450991926,-0.9730449167387617,-1.144401322547979,-1.0782760021753515,-1.131148165873181,-1.1557622424726692,-1.1865417858856397,-1.2270515449364923,-1.2273985541765302,-1.2389264801600326,-1.2591623036880684,-1.2876573574257482,-1.2778834282024265,-1.283612873135939,-1.3178523410342409,-1.314878196272241,-1.3130037575102045,-1.3500103249223028,-1.3438137333210765,-1.3312049194170015,-1.3833966347015965,-1.3872179573306562,-1.3855091082408506,-1.435276039292613,-1.4504379384738646,-1.463897401587966,-1.5320014295546256,-1.5578314894069447,-1.5955512423099905,-1.6154295062729394,-1.7060933680181969,-1.7528631402012562,-1.8006439316038843,-1.9307650996658499,-1.9763520078115604,-2.010906684251042,-2.111304284837214,-2.1845577432753163,-2.291677913560541,-2.420018121491534,-2.4977487406745777,-2.6163883268808,-2.793984971794494,-2.873701984115913,-3.035627806167881
-0.7470504845730498,-0.7981949065416993,-0.8785257141416842,-0.982835253215969,-1.0162259193039431,-1.0408385828611288,-1.0988501821734005,-1.1244855174552026,-1.1509433861118523,-1.2038649374877364,-1.2316713514065112,-1.2461159199094498,-1.2859710979129118,-1.2999877813676313,-1.2989071882583045,-1.3091101188372931,-1.3257655200791263,-1.3014414689030003,-1.2893409800486746,-1.321328695452791,-1.2851048016284965,-1.2975583042162653,-1.3068062085360332,-1.3063822818001152,-1.282695619280809,-1.309075052004747,-1.3200757304173136,-1.3052355640830062,-1.3296703377461454,-1.340158335396659,-1.323440476527208,-1.342060159010145,-1.3587804455240404,-1.3711881183927896,-1.3684555051571121,-1.443058407971634,-1.4455912525903807,-1.5269731977191447,-1.6229291939997867,-1.696054442072494,-1.7730498266148824,-1.9070058887786876,-1.9671278616567054,-2.0043400526029442,-2.1533673866457295,-2.212602379070127,-2.272415398884856,-2.3840084020416143,-2.406757267026143,-2.5728072247643623
-0.6958763436652112,-0.766743460695109,-0.8068742974697528,-0.8828191778817375,-0.9049932317346081,-0.9274278611204999,-0.9674294804083212,-0.9849142549750868,-1.0020692348606532,-1.0375762271533773,-1.0367826555744182,-1.0136070748771981,-1.041898834635167,-1.041052939673294,-1.041681810354456,-1.0365612206468255,-1.0474558186210472,-1.0128832253723652,-1.0007596053166468,-1.018655865908546,-0.9662348286748677,-0.9423379628325942,-0.953363191501633,-0.9133054029373625,-0.8808638970461538,-0.8747926256770018,-0.8519783684263227,-0.8160274209554166,-0.8206050657140078,-0.800909623533436,-0.7214105991606461,-0.7217500736871538,-0.7007754093774241,-0.6331950572484081,-0.642474689012536,-0.707578454002192,-0.6800000073817322,-0.6901430258667167,-0.7723808199038946,-0.8382831510393091,-0.8799100774660066,-0.9692971952552508,-1.0251620558533123,-1.0901558471550994,-1.1560528887727142,-1.175775970773115,-1.1988753631478646,-1.257770484058347,-1.2811931804050327,-1.3135749409593511
-0.3923082439044803,-0.35031237319976116,-0.3360972704849498,-0.31510743701691263,-0.2423433916092883,-0.19807079209347497,-0.1572011413616259,-0.05875574809507343,0.06991636647553685,0.23431198267389527,0.29648315787773427,0,0,0,0,0,0,0,0,0,-0.47085142906379346,-0.326178495192592,-0.2632618688749762,-0.17166425239581856,-0.07704911971034084,-0.055334522075624955,-0.0022379570505195157,0.08913991287238772,0.13334350903940462,0.16735642923597147,0.27992610621403313,0.24569987084436362,0.24435995665176563,0.08698636473362183,0.04972530235616677,-0.030657288815865335,-0.1493178714408125,-0.24152537004593763,-0.26554764980261103,-0.2840345281155077,-0.29415800488615146,-0.327563118105287,-0.33453898501398094,-0.2440000773627786,-0.1752894279043566,-0.21465189679614965,-0.1884821851400745,-0.16807909706979732,-0.13067600917926994,-0.09351344408017813
0.03367639524902379,0.07253353597132213,0.11126156454484168,0.1254155595483886,0.19394054484272683,0.21726152648216837,0.29205395423972674,0,0,0,0,0,0,0,0,0,0,0,0,-0.3232938933738707,-0.10488987677885764,-0.015631942636115774,0.022591578722140362,0.052067435665810055,0.11575976437614108,0.1421831038724451,0.1760974765566075,0.2704836226248069,0.3248672639634656,0.37849350854071373,0.43769443813686193,0.5044572414977632,0.5480352632526575,0.5696177066567253,0.591318626721928,0.6178611948923857,0.48777086062214686,0.5222710385542101,0.5420066929464229,0.44989584815629713,0.5069748134658929,0.9890691496757199,0.7521842862808172,-0.4953723348960645,-0.43442562652656835,0.0074691030010793445,0.5440954563115417,0.7230971172069279,0.8627548006899756,1.1087228331797359
0.20632152023997644,0.22942552028780586,0.24669493518231556,0.2840822414140252,0,0,0,0,0,0,0,0,0,0,0,0,0,-0.1346691029049143,-0.02447584745782952,0.0269162778285627,0.12329560905286449,0.15692013914240405,0.19823612890110984,0.23881781226758353,0.29462647199416736,0.35340971736809285,0.3880789081608229,0.45515361405287574,0.5187266320981833,0.5644852338907199,0.6374700765370771,0.6958025067067245,0.7109953769507267,0.7524391483113843,0.7887465732997967,0.8862326014379289,0.9083535487819544,0.9249611199312187,0.9378058640447962,0.6895038445864994,0.6214139819423227,0.6178583649725036,0.6063041001153282,0.5371787669028137,0.5521829753455952,0.575149116677253,0.5655070657909232,0.6190066127108128,0.6416199731035794,0.7843350806832484
0.24847199227454622,0.33030452840794616,0,0,0,0,0,0,0,0,0,0,0,0,0,0,-0.12318754952391467,0.04173960162111858,0.12079316296549723,0.15918371838031267,0.21857604769376757,0.25170092715970444,0.2933222196058423,0.3303076343338311,0.3854077734159421,0.4224545713882399,0.4448516710985078,0.503424760353894,0.5723794041685208,0.60162878473365,0.6321172024745831,0.6712155557395405,0.6717948674438368,0.5950589682615961,0.5976100044069775,0.604355189688358,0.5232660696923618,0.5197249413050501,0.5182976832160267,0.43756741724073905,0.44227596692419896,0.46665352932465165,0.4815812501141577,0.5462383187708966,0.6144377093388641,0.6980214184496789,0.7750927816641113,0.8859849837491339,0.9797892447502061,1.184272950054045
0.27161479840697667,0.36043373832045567,0,0,0,0,0,0,0,0,0,0,0,0,-0.1271332915261014,-0.012477267418933154,0.011972763590352643,0.09596088825047408,0.128912355459277,0.15861566029405477,0.20652537994510864,0.22305873725766306,0.24747203151998745,0.2608295305092035,0.2547601626845017,0.28472846903568994,0.2897475771569151,0.2884930075799959,0.30364038642311436,0.3048832523545215,0.2950606513138454,0.2752604970324669,0.23894780231246762,0.19578411574875174,0.1778505327048752,0.17032595175142226,0.1845591340909863,0.2123250545798207,0.24055577377101622,0.2972026773862018,0.3551922616217101,0.4628291545324968,0.505578641629017,0.6494709733013049,0.7568048345834035,0.8581146232051367,0.9943487418039416,1.1400504606316286,1.2095335236610967,1.5003004635343793
0.2504484130866332,0.2851533086285997,0.30860445158766125,0.33256226049420945,0.09470704514513713,0,0,0,0,0,0.15333440743969154,-0.22488096558416323,-0.16184492466164735,-0.12223386293685239,-0.06712647781499942,-0.04646428090594715,-0.0335653716700126,-0.004732775612494211,0.007173124284008165,0.013537627516082227,0.0072640648784339495,0.016820504807570164,0.011861919271148746,0.011323231767076761,-0.022894241251253923,-0.04575681803865402,-0.04845382931305421,-0.03893406120667812,-0.060699094242998686,-0.07667750060407091,-0.11907769614632843,-0.10675296909884807,-0.10029120657872628,-0.06688694565314356,-0.05885939174223495,-0.008011392884898534,0.05971050538528915,0.11117095343565575,0.134168512393332,0.3215340160867809,0.38928198696019795,0.524198882606996,0.5652858266824478,0.6804188261326981,0.7996352257083351,0.8774822074485579,1.0793798803691965,1.1477570303264224,1.2747224431688182,1.4557295334626286
0.25491763878563134,0.26861540574337744,0.2884324635270446,0.30478729475006844,0.31080550720886846,0.33919492238576,0.3683462215881201,0.3996830392218798,0,-0.37840346301465705,-0.35613864680206514,-0.21997672348798594,-0.20260076634134438,-0.18691477876325568,-0.18733001020300613,-0.2083270265512797,-0.2228896007996786,-0.24648481799433575,-0.2600434748510998,-0.28290553408302127,-0.3061782216398029,-0.32397908617513343,-0.34514499637004975,-0.36315576452806725,-0.3789577246925591,-0.389795884331677,-0.39068716308281537,-0.37070576953663653,-0.3781000739478569,-0.358711037414166,-0.2959808549288976,-0.26257057104443443,-0.23748342989538954,-0.15463844800580936,-0.1371515119387701,-0.07754925639365949,0.009450080521035036,0.0961200258066629,0.15472668611277804,0.28760781165490334,0.3311948455447751,0.42434801510292125,0.4973755665408108,0.6507708628636858,0.7774084716350652,0.8420100087867911,1.0180479359447592,1.121649035952645,1.2896127555724242,1.4055656077052359
0.1625859150512176,0.09391467933876321,0.05342049649468794,0.0359867234615165,-0.07353483820248453,-0.101214751627783,-0.14894843207220662,-0.1834784809534387,-0.21527790232234248,-0.2501275932401252,-0.27717276796572304,-0.3266112491224635,-0.36463556606631753,-0.3898297740998785,-0.4378298368015196,-0.4662870488452339,-0.5019937666404647,-0.5135448274852717,-0.512596974382062,-0.5358580233294081,-0.5230965389295026,-0.5072563605235205,-0.5241348777044069,-0.5171553245504179,-0.4839187630517603,-0.4830452956931767,-0.48110569684109505,-0.4607045119043122,-0.4570980250586926,-0.4279225420479595,-0.3690741931548974,-0.3437756320115905,-0.29852207435714084,-0.2188331275050384,-0.14846258827711256,-0.11492952583940325,0.009467448435068563,0.07461990344910377,0.14122542047579917,0.269389746554002,0.3693905705050305,0.4475834930583564,0.48049807224097574,0.6044526537283833,0.6736931037251652,0.7632705397439536,0.8626357542609001,0.9642938234899125,1.0621143818873418,1.1887231843276083
-0.1649374362736996,-0.19031852854104242,-0.2220062843023992,-0.2792325084564924,-0.2824372852092482,-0.3208657616918327,-0.4056305064390764,-0.4175600459913308,-0.47807720168168955,-0.5250566464125583,-0.5496017845011941,-0.5866889303826145,-0.6307482632717263,-0.6431465355697604,-0.638130289737273,-0.6476375236482498,-0.6494176129498664,-0.6307565969320722,-0.6049129750068332,-0.5950303253169739,-0.5682252061819878,-0.5526603516907728,-0.5591218580593503,-0.5478939055850343,-0.5217935316606466,-0.5246869727695633,-0.5152837400301863,-0.48125541316934983,-0.4929446148941612,-0.4466584804267217,-0.3796667719303015,-0.3432479124899161,-0.2897091399408507,-0.18618603444439794,-0.13357871271111083,-0.059932401409750716,0.026839561621935053,0.0965802936615117,0.12667852968828444,0.24997011597332022,0.28608947571187804,0.32864895388277987,0.4103995445776513,0.5135377054359928,0.5852518215387404,0.6250055720746984,0.7391475034264936,0.8048984360958423,0.8501564071851475,0.9185909405367776
-0.40164275568992563,-0.43787186851957965,-0.4581861906690601,-0.5088780184504894,-0.5559165944804552,-0.5886201061531418,-0.6141359406151153,-0.6495455745754639,-0.6665987923267366,-0.6981211013629239,-0.7009151668377979,-0.6886712976918282,-0.7134245037170361,-0.6959972175707477,-0.6689956986300442,-0.6594088991079738,-0.6488551310952494,-0.6288732864690125,-0.6188504988746873,-0.6182159886298861,-0.5996280017192522,-0.5890848868272162,-0.594316284192125,-0.5901686653104076,-0.5503229918350224,-0.5572748918437853,-0.5305612059095247,-0.47844177503696106,-0.4528431991313719,-0.40180200046407516,-0.3364774198527357,-0.2779115192579794,-0.2529256364351421,-0.1631211727453439,-0.10694744806403127,-0.056902101064327935,0.0056120139052406506,0.07405085481595113,0.1174590584151471,0.23358271149853874,0.26796649493943997,0.30150193080777865,0.34777083442327855,0.4172690992089649,0.46495625316515776,0.5113551262011863,0.6087021052149224,0.6651915964066574,0.6775148326411589,0.7859014220505703
-0.5340923856579716,-0.5819840739143652,-0.6007474643220537,-0.6445252364138465,-0.6482195160312446,-0.6648522399961659,-0.6959834912069787,-0.6956761495629682,-0.6903623155043217,-0.7046815586191044,-0.6904376580428268,-0.6602324768953363,-0.6661648270459926,-0.6593757270953914,-0.6329872368886942,-0.6324456576387061,-0.6438640454808018,-0.634006034528479,-0.627962031306809,-0.6344690358185797,-0.6162732582754391,-0.6048243751935785,-0.5965575904355002,-0.5945133027860046,-0.5362384036668459,-0.5150926377537564,-0.49584577180204326,-0.43614795132739936,-0.40750900552453984,-0.3663440460516573,-0.3066661240681985,-0.2738652737369942,-0.23338755593437507,-0.15571432707578614,-0.09901335161766607,-0.08979954087625024,-0.017905049175673243,0.02509144874517981,0.0857962158138534,0.13281635431382185,0.18164178311202425,0.2206593636427554,0.27501484532442677,0.3423040130298958,0.3786354146027524,0.42710551669214314,0.5052959292176104,0.5291073771270527,0.5767489186627899,0.6501266324014888
-0.6041747153568999,-0.6110264674237739,-0.6081598877179447,-0.6409652434132308,-0.639119297861018,-0.6354587183029499,-0.6637616857850355,-0.6675088444783561,-0.6417974548004589,-0.6521616622099171,-0.6555150533800999,-0.6413566222847648,-0.6603963830827977,-0.6592952355373888,-0.6499328165574115,-0.6560250471645747,-0.6707458543071066,-0.6547984037611599,-0.6519090472123622,-0.6502409160590686,-0.63046158753367,-0.6352465770239614,-0.6138725031401825,-0.5673309871831567,-0.5169615728281222,-0.5001200411735446,-0.46974651883343926,-0.3893734980462601,-0.37700738521576466,-0.3506626769815822,-0.2817803117439686,-0.26166873390388407,-0.23031808259606468,-0.17025504727346075,-0.15960417203905858,-0.13906026539556243,-0.10422900706074842,-0.08234916167773342,-0.04231495902617672,0.03191245228869882,0.06910461654683517,0.1276531420085799,0.1483580761590733,0.21446138800744008,0.2520662207999354,0.2935959490830058,0.36631322633074515,0.3979449140285544,0.40608131086542315,0.48919164381803415
