jsons/1312696800.json
{"header": {"parameterUnit": "m", "parameterNumber": 2, "dx": 0.1, "dy": 0.5, "parameterNumberName": "Eastward wave", "la1": 40.97354507446295, "la2": 16.46031188964855, "parameterCategory": 2, "lo2": 133.9931640625001, "nx": 191, "ny": 50, "refTime": "2011-08-05 8:00:00", "lo1": 114.97908020019554}, "data":
[rows 0 to 21 of 50, columns 50 to 99 of 191]
0,0,0,0,0,0,0,0,0,0,0,0,0,0,0,0,0,0,0,0,0,0,0,0,0,0,0,0,0,0,0,0,0,0,0,0,0,0,0,0,0,0,0,0,0,0,0,0,0,0
0,0,0,0,0,0,0,-0.025153401923634237,-0.034593712070359904,-0.039320344086433895,-0.03930266660021284,-0.040558572319145995,-0.041146300426658844,-0.04094985292184121,-0.04100641942034758,-0.040498794728300674,-0.04016709304059876,-0.04106615235957347,-0.04234349824759036,-0.04163739284681395,-0.03610735153821818,-0.05313256129854593,-0.019078260374411574,0,0,0,0,0,0,0,0,0,0,0,0,0,0,0,0,0,0,0,0,0,0,0,0,0,0,0
-0.005236831027950698,-0.04161330324842111,-0.03834745374912536,-0.0451927245431985,-0.05081061217093369,-0.05385400053807647,-0.057570558297735566,-0.05740983381125577,-0.05836319555806699,-0.05793802791420525,-0.05835915751224717,-0.058045341674688763,-0.0572242135819455,-0.05770318189399258,-0.0605545835680507,-0.061532181710664685,-0.06682084972973168,-0.0729140916356574,-0.06453517226537267,0,0,0,0,0,0,0,0,0,0,0,0,0,0,0,0,0,0,0,0,0,0,0,0,0,0,0,0,0,0,0
-0.010648512277122239,-0.006660772582197645,0.00100070696434061,-0.011587392266539999,-0.028631415102644272,-0.030405190802899603,-0.043901186835961364,-0.05629141771438805,-0.07234997411486184,-0.07548633757473423,-0.07792733894379808,-0.08350830319535563,-0.0769189281328149,-0.094324332155005,-0.0044084604857766016,-0.02766486354388057,-0.00464363440464579,0,0,0,0,0,0,0,0,-2.8887956128899794e+38,0.4079795662036539,0.41096906406433337,0.40165896615599395,0.39531661078766633,0.3905527100268145,0.36508812036280885,0.36426506725932933,0.3695020067090955,0.3645779216881277,0.3685908661734763,0.3694960056310914,0.378306694087768,0.36374658480329214,0.3433059679341947,0.32239051113282313,0.29830840686906196,0.2698019179701405,0.24647114221200705,0.21281143680482434,0.19354170808880392,0.16047215624051156,0.12093524510904709,0.10922109292957022,0.07546142134285007
-0.055807862495606896,-0.0455305897978861,-0.040235231689496456,-0.034475487751293436,-0.013525528281426573,-0.010983191781823928,-0.008414127383608035,0.005469811109975987,-0.03419717657680668,-0.06621214675468486,-0.09074453644342043,-0.17954574298565987,-0.11864203605747389,-0.12883257153665753,-0.10129866118987749,-0.12167039162517199,-0.01683658979245613,0.18011081773122378,0.2776901552575787,-0.5024185593828389,0.4065015957871561,0.4363469026564772,0.4820565556369845,0.5386859670685573,0.5612977577129528,0.5983139486518481,0.6181994338077462,0.6274558968901232,0.626182817488715,0.6324945559222643,0.6165321967016286,0.6005799673321899,0.5830291602976979,0.5694344844495233,0.571116689302378,0.5513228689426994,0.5503321687528686,0.5320885687145568,0.5200749851947295,0.49911133107794775,0.4877368860239965,0.45314046151967996,0.4168754686634335,0.3750828605359953,0.31305134811109947,0.2882590132920529,0.1893959528675758,0.11122562955998078,0.06403437625911206,-0.01941033548651929
-0.1429955878371325,-0.1389977789278322,-0.1374016670531694,-0.1436524957586598,-0.13472305542007582,-0.13569860528636396,-0.13176589715897927,-0.12902231605071837,-0.10472738536554954,-0.09995058458076017,-0.08055313715416877,-0.04270769696076666,-0.025757201949926027,-0.003983209373785137,0.035968318929473234,0.049700272253636345,0.06541670749029242,0.12946852336815914,0.19042187971761576,0.2323703683852369,0.32529536798789577,0.35973179653546083,0.4274374373179833,0.47947044394108396,0.5628818169640202,0.6479104480229104,0.6920267764756253,0.750580270681173,0.793324195412202,0.8132054183566613,0.8415515417770661,0.8311712974133354,0.8155318056156546,0.8058059618778473,0.798710526349065,0.7624340926873154,0.7428488672974699,0.7213933080461897,0.7075859314750796,0.6970700870388952,0.6825437974412873,0.6575355347120823,0.6354047549006275,0.618384712770494,0.5619645556791248,0.5179677698767625,0.40705377940561316,0.27571905592967016,0.2441298320526765,0.18975636976575871
-0.19977766326924248,-0.19796328171367908,-0.20630179381472008,-0.21583441711762105,-0.22138673662550531,-0.21967887852396656,-0.23842160437105353,-0.23485297307111444,-0.22685645083901163,-0.2285292856337625,-0.2238970250693833,-0.22054096552261857,-0.2218448486720683,-0.21099310008299238,-0.19796121139115413,-0.1847471442804556,-0.1710414452958366,-0.09874645146555677,-0.08068765762336547,-0.05204664743419809,0.05362323653984629,0.10544769138225439,0.15699564229747626,0.2770250284807621,0.42114755780932356,0.5100680181060255,0.5973015508225288,0.7080730187518487,0.8271108532957324,0.8579333986785362,0.934102324301669,0.9993973047004888,0.9976590838321655,1.0133923392570592,0.9968646226782115,0.9730968642769312,0.9524459651957455,0.9434098133497058,0.8963263071124283,0.8931653747697066,0.8929286819580162,0.8880252739165755,0.8733517643498706,0.8664112792861505,0.8369510637412377,0.8264390909195102,0.8044310737419923,0.7212827672746515,0.6900168629410451,0.667896494358811
-0.2817474473277576,3.3516014023589292e+38,0,0,0,0,0,0,0,0,0,0,0,0,0,0,-0.3348654604237929,-0.3809079243407409,-0.36103362082003054,3.171380399240232e+38,0,0,0,-0.354098000850553,-0.34827117153123555,-0.017798685274816414,0.45905123153811234,0.6726211906619781,0.8040590666861303,0.8566877722892423,0.9938406180698567,1.1074343805752223,1.152128885139969,1.2136517523801376,1.241549083540462,1.249804613921707,1.2440315718296726,1.237466975917397,1.2142282188547948,1.1678377153213724,1.1704536839910942,1.152569023632167,1.1519591610149489,1.1518964963113998,1.1497887523540897,1.1380652456950329,1.1168289056201433,1.069536719807948,1.0417151625992327,0.9849466577667869
0,0,0,0,0,0,0,0,0,0,0,0,0,0,0,0,0,0,0,0,0,-2.1366948057573964e+38,-2.4891971379488565e+38,0,0,0,0.7873368589894004,0.8487878604312344,0.891420417576188,0.9455518769215305,1.075058489938073,1.2231903446316588,1.3475298023232707,1.4129382124926169,1.4554337796363912,1.4705280295143488,1.5015894314963112,1.5111608929542055,1.4789073685905634,1.4738060514743916,1.4542886257533119,1.4251206707707027,1.4175182513039195,1.4451326903401716,1.4187036566721858,1.4073709644876178,1.4181621722726236,1.3717567233881545,1.3436657537174446,1.2888398217710066
0,0,0,0,0,0,0,0,-0.6651365319018545,0.24916894558474262,0.21563870047332578,0.2965210730331429,0.36161241711344005,0.41151989746062356,0.4906679897375724,0.5220181687480677,0.5719253479673383,0.6041875586738893,0.6569021434326036,0.7247282227746974,0.7647329580282033,0.7803223908679454,0.8254870197301217,0.8592768062158741,0.9267642133235566,1.0244393551709843,1.0662277938793794,1.1113370825338522,1.230335897985569,1.3243978313960096,1.402817065169495,1.5074695234868853,1.5519130939266808,1.6339233094771375,1.6833559634726487,1.733807251440086,1.7923383963955868,1.8101217961074707,1.8245536709503434,1.8449811713375477,1.8487381715036502,1.8314438312992936,1.808852120954303,1.8274620581874879,1.8191183092841703,1.8058927931144555,1.8151552727145366,1.8039511597374052,1.7786288870314335,1.7517517940210363
0,0,-0.029973809080143857,-0.11886207306048953,-0.06448311665266648,-0.06500110770402936,-0.08260836910885191,-0.09089765057794512,-0.04117861711554084,-0.023171390305661555,0.03701472481762124,0.13162064043157032,0.1753385881042299,0.22065830912160384,0.3395354328554178,0.4117272289356612,0.4730226035320634,0.5728774405521522,0.6140812451669175,0.6799714948789406,0.759332494452484,0.8014935957666844,0.8736314513156008,0.9434861887603841,1.0448778213505934,1.111419615595902,1.1695877177025764,1.2317481248333775,1.3327483680855712,1.3908183667286402,1.4692674118038864,1.5661696148218558,1.5988668245672712,1.691826659873308,1.7493682854741206,1.8234777698111129,1.9130614835357613,1.951616040395373,2.0311650989254284,2.0656272446506767,2.0926510720463196,2.118574963783357,2.1401048355948147,2.192317353644049,2.1827890866557254,2.1985227324963343,2.2225787672337645,2.193797211808566,2.1863656608026214,2.1868195456526403
-0.5404591447363604,-0.5579557606637955,-0.565448593056621,-0.59456852128804,-0.5614562009222374,-0.5568620124514212,-0.5664100022966381,-0.5527351765013907,-0.5105811966810192,-0.5066237691574118,-0.5008511914075229,-0.3943666544910998,-0.36100380711187424,-0.28386145032187393,-0.1232641544366362,-0.06046863026895627,0.05071373739689795,0.21184820115553052,0.27992236654498276,0.3776422451137079,0.5265116209832478,0.6206794381094578,0.6855531636852852,0.7553033468776644,0.8482398842804848,0.9292249489043747,0.9891938444864586,1.1125033839755927,1.1835875242862954,1.268549453265623,1.3871839629239542,1.4586649724896044,1.522875526328415,1.6773135985335506,1.7666611377298744,1.8582395414205872,2.029509091902937,2.12587749233743,2.2079876760522343,2.3112330628178097,2.385487983947787,2.5061545424701435,2.565728478302426,2.6675647330614507,2.729348810529942,2.735782018846708,2.8165480145954405,2.867505730711491,2.864039093423725,2.9400136444424114
-0.7898141756293585,-0.7980005962030661,-0.8050861537760672,-0.8444845013766786,-0.8207946056916986,-0.827939602976844,-0.8659460572102294,-0.8877010103604409,-0.8569177725548697,-0.8784387029028171,-0.8897589690700257,-0.891795281098232,-0.9247758460862908,-0.9074232963124977,-0.7960491279830872,-0.7459778343890882,-0.679059323382483,-0.4047640247396699,-0.2511657655736677,-0.17812700773279289,0.00449684924125608,0.10058842153239478,0.20767971479306402,0.3162891992617391,0.4793954178384817,0.6107252548572343,0.6777754674021085,0.8168496806103299,0.9077227555429124,0.9792586327007217,1.125605194303468,1.2006663716798165,1.3237745242633943,1.4799799537360065,1.643428577246628,1.7758998163808122,2.063379082189811,2.285389457580806,2.450462447670925,2.595149024486049,2.741595680341561,2.988423642241202,3.112388767808353,3.5370919903826477,3.7378060730017144,3.834322163777854,4.075034080836014,4.118495758313198,4.1656957726138195,4.311821028369698
-0.8295295264081097,-0.8649388601878454,-0.9199419304593515,-1.0003554936679269,-1.0271174786947415,-1.0619647931200502,-1.1388467822019992,-1.1709638293673037,-1.1817276986842047,-1.263932829898234,-1.290043287010479,-1.2696684930949782,-1.3601418985494287,-1.3707870044519805,-1.2979916062705221,-1.2914173228866765,-1.3744132020977937,-1.225307087781794,-1.141030802520621,-1.1422942419479611,-0.9515468662621466,-0.7986596777671696,-0.74180076489534,-0.5948099990515613,-0.3054133430806088,-0.18802601915308056,-0.006814029785227517,0.28806780407314675,0.3745737557968616,0.5002661088425528,0.7539393525678406,0.9571702848923455,1.071018423671768,1.3836645757852455,1.5097466495530438,1.7511262460154873,2.09196018001339,2.2776536609255773,2.580197320065826,2.8522457794445155,3.1113190555423693,3.4281197673622024,3.7036650971660747,4.063250657448378,4.323133863609538,4.509531019333604,4.804392049903143,5.04086632071878,5.121556074289835,5.349471760120105
0,0,0,0,0,-1.0280466206428678,-1.244997216636452,-1.3141117005072107,-1.3641336984352153,-1.4507243652201842,-1.4844841790649281,-1.4910887781989368,-1.5982013103004822,-1.6666336970483004,-1.6855927716090378,-1.7171165625505143,-1.8080681908107896,-1.7049448863830652,-1.6900842749713543,-1.7357302464636533,-1.622009785323905,-1.5948916462466227,-1.5799616921365773,-1.5032274145190123,-1.289570446471824,-1.2952504242362115,-1.110535293925713,-0.7967833159056787,-0.6213387721418744,-0.4777074651843711,-0.1171093233617322,0.05707618650566349,0.261832919985037,0.5584877015486059,0.7807984967774965,0.9523898235983494,1.461801881915437,1.717372178191483,2.102619897240938,2.581783280806447,2.93961556530337,3.3547457001669003,3.7732213543200155,4.37655754896664,4.903020291501599,5.2331040224745875,5.672323930755358,5.924357454245577,6.090505360158678,6.373318705826416
0,0,0,0,0,0,0,-1.1799133372162187,-1.3742561401488278,-1.5469257595597443,-1.5620894877800522,-1.5810676302319087,-1.745175865968751,-1.823317152153309,-1.9053798495660443,-1.9965641026593968,-2.135380445177335,-2.168960311323295,-2.292401767730353,-2.456678865867544,-2.428181049597758,-2.4028479807539274,-2.492138131707773,-2.498331636385154,-2.3563432269227342,-2.4690623266259664,-2.4177492143110584,-2.2255913755554944,-2.2830975789680354,-2.089261221927693,-1.761108193074061,-1.5508456455738586,-1.3517817667234966,-0.760022111087462,-0.3983623875902926,-0.1835601599965459,0.6494795413576268,0.9913055488212942,1.455205929752945,2.1827086287325566,2.5766645401183066,3.101625662548479,3.4942655593918928,4.313706584873894,4.943367194241389,5.447818252657379,6.072129257839202,6.56779874697313,6.756919371594114,6.969225848633149
0,0,0,0,0,0,0,0,0,0,0,-0.9803091604587125,-0.7883982974359667,-1.0855719983443806,-1.3865539953219086,-1.6118260500246653,-1.9192920518390595,-2.002004371845937,-2.1237319054071984,-2.4428929399551436,-2.5617733384863333,-2.61950592152961,-2.747680387014203,-2.8068320053378004,-2.7973751466080246,-2.976523460987552,-2.985250457061255,-2.858093542094508,-2.931279508775179,-2.880584378663465,-2.679955709992026,-2.478972703031741,-2.2913993525238623,-1.5893580754635184,-1.1611865103671588,-0.708917026208517,0.19092815317627101,0.7434012340282805,1.1197248207552715,1.9731509272530667,2.412428672721182,2.7644833175379593,3.086497904754234,3.9144476604955387,4.463477722843159,4.925395527755175,5.671562134630158,6.341840607846319,6.722074073469613,7.186571008814083
0,0,0,0,0,0,0,0,0,0,0,0,0,-0.712746245694312,-0.8982062369710342,-1.4700234790240507,-1.8870510634509174,-2.074848605161182,-2.2300428441974183,-2.472160330827383,-2.591046867753575,-2.6652465778672507,-2.8679003236498977,-2.9612156826456624,-3.0355087799717206,-3.3170697230195527,-3.3937556221861396,-3.368870104290358,-3.539510184307943,-3.5311828444331756,-3.381753925227871,-3.167641283596158,-2.860601825189575,-2.021527142690422,-1.6338648187208187,-1.2546018613701455,-0.1875402645607015,0.3321324455766718,0.9274206860347168,1.7952900921482586,2.248383021670273,2.745988465474233,3.2068738688535454,3.9644928464268183,4.445539863193696,4.765320175597175,5.439301750569998,5.8691233963155005,6.182438407027075,6.569687439594088
0,0,0,0,-0.49756531603615306,0,0,0,-0.6354529198573055,0,0,0,0,0,0,0,0,0,0,-1.3507774845174247,-2.0991469545956556,-2.3269992242176545,-2.7053801947077307,-2.815630782850097,-2.8174913783841067,-3.089448359452656,-3.1775712041212945,-3.238908608347124,-3.4885992912974353,-3.4902501388807012,-3.366488722917105,-3.3109482938380306,-3.1637543738953116,-2.726311720830076,-2.5217983459927535,-2.2336451848769165,-1.3935395127009078,-0.8261907174508557,-0.4020796870434386,0.8391623658065936,1.6221963837975342,2.205038820360372,2.687003627665541,3.564494540881139,3.9640358794507797,4.325239947413506,4.892731663211838,5.396939631145505,5.6078801350187195,5.979475652138416
0,0,0,0,0,0,0,0,0,0,0,0,0,0,0,2.888955564056505e+38,-0.4520922558809101,-0.7174885758579476,-0.4473041432388872,-0.28886266305491975,-0.6000308599336539,-0.8169146441030617,-1.5008280484187857,-2.049013478441507,-2.6064029885877993,-3.183341139487709,-3.4074525904586155,-3.533552159346144,-3.7514512488696194,-3.8257214607954553,-3.7673182788594275,-3.7866079076399863,-3.677529830068779,-3.255307289920315,-2.947476280954418,-2.8071578785225455,-2.104659413952726,-1.57276294140626,-1.1555421055502977,0.0639861105420726,0.613012986216049,1.2076639010173895,1.8890220414233272,3.0009644228602648,3.4834545702216624,3.8941590736002722,4.421352537630474,4.844081849658091,5.113311054187597,5.439853922508155
0,0,0,0,0,0,0,0,0,0,0,0,0,0,0,0,0,0,0,0,-0.7075011198300716,-1.1505021070413122,-1.924145688874222,-2.225212804647259,-2.301704851667018,-2.751042603315261,-2.9122140885025143,-3.1482267064682046,-3.3829385308846356,-3.705361947580277,-3.9161229268252185,-4.119039245833697,-4.190061121287904,-4.285226179896582,-4.337708232741971,-4.268575089611144,-4.178137375997967,-4.1176094216108385,-3.901940202846547,-2.638913955963885,-1.7432151076460807,-0.709168773586934,0.29665335459280423,2.290637690682281,3.002937035454615,3.5476514704910014,4.303666431304568,4.507119191906634,4.99903811493792,5.140265433652558
0,0,0,0,0,0,0,0,0,0,-0.4839343145277015,-0.5837398477410222,-0.7281032361791375,-0.7841968232201567,-0.8342929562647894,-0.8971114651607317,-1.0290196273516818,-1.1032524794321934,-1.1891220486784655,-1.390375959528221,-1.6218550939271028,-1.8049387797970278,-2.029705654174664,-1.1281320946534121,-1.7165011745471477,-3.006317909813165,-3.233848712568764,-3.3638570191144987,-3.7891499560524307,-3.9753106962988864,-4.143211723138203,-4.2069762337165395,-4.262401276924312,-4.302867659945946,-4.288849118846003,-4.362271904269041,-4.32453560811151,-4.195246378473554,-3.9902155042913034,-3.9735055277692313,-3.9696059527671164,-3.9850065865891855,-3.955303539219119,-3.157226993710066,-1.5754465206581825,2.6290546016713043,3.9270059873169623,4.212196904718955,4.308900563158319,4.49619414052017
