jsons/1312678800.json
{"header": {"parameterUnit": "m", "parameterNumber": 3, "dx": 0.1, "dy": 0.5, "parameterNumberName": "Northward wave", "la1": 40.97354507446295, "la2": 16.46031188964855, "parameterCategory": 2, "lo2": 133.9931640625001, "nx": 191, "ny": 50, "refTime": "2011-08-05 8:00:00", "lo1": 114.97908020019554}, "data":
[rows 22 to 43 of 50, columns 50 to 99 of 191]
0,0,0,0,0,0,0,0,0,0,0,0,0,0,0,0,0,0,0.3456467192110631,0.29340563318540624,1.0060761570910248,0.3592589154492893,0.6962333358365697,0.8428458506170504,-2.398099500387372,-1.76410766168305,-1.5045426649574563,-1.1328665687460853,-1.0686609180526903,-1.0130942348127514,-0.8461735908222194,-0.7080135160831773,-0.6582857492100888,-0.635276189015244,-0.7015302863415291,-0.9757256533558466,-0.8606037997766922,-0.8927898381120493,-0.6507613132216232,0.23062600459625218,0.7605990228037727,1.0856286334340965,1.5593356194737171,2.7522391884145905,1.7562281802989008,2.6458725794506757,-2.2959153664918697,-2.039465387414748,-1.700251758314541,-1.4653690599613645
0,0,0,0,0,0,0,0,0,0,0,0,0,0,0,0.0936047120863897,0,0,0,0,-0.2978187099820613,-0.4103959721095401,-0.8996648885284455,-0.9797170393574147,-1.1718776736992265,-1.1273614023703928,-0.9315752528893607,-0.7324889521036871,-0.58374701069524,-0.4452851944310988,-0.26112545488833117,-0.12527738177182743,0.08827631787533959,0.7065092700788101,0.9589655826785316,1.3078802174604902,1.8674408352802383,2.1065671827282153,2.261830240410707,2.829011533609009,3.0717253104618347,3.218560665720147,3.4917196000286017,4.029043706912037,4.120239421816883,3.2380017105954613,4.449022041634217,3.0322353130671886,4.016368852956793,3.4233725219531483
0,0,0,0,0,0,0,0,0,0,0,0,0,0,0,0,0,0,0.2523410984313675,0.33698722495971223,-0.2578006734759715,-0.4276255418654663,-0.5668734204600423,-0.38427155918620537,-0.1722670998733042,-0.14528885096105837,-0.04214046441766411,0.15626328605493242,0.30246295382750576,0.42053053510425303,0.8622068043637527,1.1349598668519552,1.2923755153225092,1.7462238962236714,1.928460611174354,2.199475606621533,2.6511057056510934,2.994096388978844,3.1524934739062975,3.762579526793427,3.894348933102951,4.009319064876522,4.1580141614759025,4.419055792810288,4.375089090331341,3.891409919164462,-3.772790420018071,4.359052192787071,3.654621943859416,4.206216693482513
0,0,0,0,0,0,0,0,0,0,0,0,0,0,0,-8.1454825486999445e+37,0.16536862545118408,-0.5425219298781448,-0.47756040582044534,-0.4209828395133142,-0.22088334539861224,-0.15961613103500993,-0.09901458115601004,-0.011078202081292171,0.22530103453563527,0.42787927196804965,0.657371426185043,0.8813517478782348,1.0276570228013215,1.19092019599467,1.5588372918855316,1.7649777293704279,1.9318461969060785,2.2427006261044933,2.458761600372699,2.6423633397709154,3.0982042443303914,3.2544210549792334,3.5037733778836784,3.736108984689631,3.8245755811297033,3.9401958528757386,4.074503614181451,4.214858632652586,4.2237016599757355,4.2511425400379785,3.363417319479178,-1.7333272782114184,2.6520945119972374,2.9729376521211477
0,0,0,0,0,0,0,0,-0.16340726252077864,-0.5024311085227204,-0.30259000742015507,0.7223546325933361,0.9760069040481528,1.0375386682210974,0.7848714581682593,0.613925708133222,0.47461913926207866,0.21067321029068728,0.17772377421945665,0.09518369563879805,0.1234223066360536,0.28412332443176713,0.4678413997652943,0.6101784900869852,0.7895031382867763,0.9026982950074594,0.9908573801722713,1.0892384057843552,1.2776629933973804,1.399046784228767,1.6581258988274428,1.9059759672451304,2.025430673942961,2.2727959363630283,2.4541402225386877,2.6539944834051727,3.0123601580263926,3.1012904139948327,3.2336742131560365,3.435776358124659,3.5583602892951536,3.607940534210055,3.6809167387514194,3.8198679949643046,3.7896363610796673,3.859373073360943,3.93719623862466,3.951804677393596,3.8256062773162567,3.1213866952345293
0,0,0,0,0,0,0,-0.7548366571205756,-0.5445344691087678,-0.5115577687964535,-0.4098307395362057,-0.29744286440045986,-0.30739157977814946,-0.29040504766124664,-0.28347914216745745,-0.2613973512250502,-0.28652368820809604,-0.12498453235672012,-0.011040753475375456,0.200574570654923,0.4103855689835531,0.46431095513927073,0.5314867398622934,0.5751373855170165,0.7064880665631154,0.8190185483239957,0.9139136553747195,1.142393599629095,1.303611135530674,1.4548123523013683,1.7492230489567335,1.890186437783676,1.9900437263021076,2.245355917314489,2.372322822892925,2.529172701246971,2.6878440660900864,2.792328436868844,2.9040548980234084,3.0459991697706177,3.127302671004652,3.194060734632873,3.2766741414210707,3.4204814354521615,3.459372683830475,3.5039853385068884,3.610085119198876,3.6167092088056996,3.6471413026157817,3.670125783062672
0,0,0.1705956256056591,-1.0901441647336783,-1.2602721800293804,-1.1898623664897625,-1.2217308920204397,-1.094048932755835,-0.861024261543075,-0.8395103147790556,-0.7711929407714821,-0.6435857220748048,-0.6315581173374567,-0.5617283842182649,-0.44297598193485466,-0.3751847349320869,-0.25757763656667754,-0.02494250046089987,0.03416489015162147,0.11918361122748825,0.24127208198918298,0.34022856413213703,0.4117801444954616,0.487968416005271,0.6508478087073563,0.7773140510252695,0.8072164890403973,0.9693428787792223,1.15075912139075,1.2622537569444863,1.4679884402404644,1.5863263985392175,1.66151570307597,1.8885365433423933,1.995157797508462,2.0784061260920743,2.3100029966381244,2.4405392551577236,2.493493979932445,2.6201924122264857,2.756178540215354,2.8166163310557866,2.9247101191143354,3.0757328877864993,3.1089712111227086,3.169719615882844,3.2395390391572065,3.256860483059648,3.261878539550966,3.3355788810662745
-1.197806210667398,-1.2607028369854376,-1.325253788346819,-1.3765548087814703,-1.1537621686776751,-1.1437402859624173,-1.176810093651756,-1.1197753209702916,-0.9737560821051411,-0.9846969766847333,-0.9591460533778767,-0.8490952099925715,-0.7996318690883616,-0.6671957293343025,-0.3706118663227289,-0.2612393868279306,-0.1995738012840894,-0.05994948774947593,0.00954394769897542,0.09240946595925711,0.22603733524313516,0.2917014802938636,0.37304404708538047,0.44094358796753474,0.582638313932584,0.6822791302033329,0.7528774455736721,0.9140428584643232,0.9945465869372795,1.1267161886371966,1.3122073527257765,1.4153672324823345,1.4841780194825482,1.6855643326883838,1.8186285289241586,1.902525529576277,2.0789189662132896,2.1817836332942506,2.2718249115801323,2.4114064438346428,2.4639570327199856,2.5668925366963706,2.6317731586738033,2.7768530381157066,2.8388286242175513,2.849937127477677,2.956585098560831,2.9854157851069925,2.9931661171575423,3.075726836777875
-1.4552787415780044,-1.335562132561296,-1.328220976591932,-1.3023300973755707,-1.2229015298642638,-1.1909955004289945,-1.1920498189626632,-1.1373212126142176,-1.0054770417647096,-0.9824643411428843,-0.9035191895301212,-0.7044557360955856,-0.5722127531182409,-0.4666686673212237,-0.28910520154314695,-0.26156689263983085,-0.17609983857601813,-0.14681964081559523,-0.06411084327959324,-0.014668686799738852,0.09849588113332348,0.13627048062986766,0.17164619601331707,0.16948531079636125,0.3724011955844868,0.4609007640557686,0.5530436698939359,0.7521179525951033,0.8244873909407001,0.8835278137707459,1.0140292865179563,1.1143865798571149,1.1728089437656697,1.328378033161146,1.4212432357735694,1.5076256152418817,1.6851721298313669,1.8481716314498189,1.921811390585747,2.084872786840879,2.225795527312266,2.2615991360232397,2.3805103687312714,2.5088921548020457,2.554555364410331,2.604849791692871,2.689445172360585,2.7163254376192136,2.727475244926355,2.8011359285001145
-1.5137354041444577,-1.3014109847371904,-1.2702794968368907,-1.2674226163049511,-1.1641602326591682,-1.1331391758586336,-1.1451833642324174,-1.084023944080119,-0.9365797869790992,-0.8678895560184694,-0.8006820258638139,-0.6829766087030501,-0.6034079995621243,-0.5745084983715528,-0.5806489376155669,-0.5554320169719827,-0.5646827598781538,-0.46119937210662415,-0.39872493970621764,-0.3048630001884943,-0.18944693235667642,-0.140057360950863,-0.08919985537390412,-0.018544668976261447,0.12664137473006637,0.20909514012399408,0.2836425268624932,0.43334548433892733,0.5149878933102502,0.5625009997163021,0.6064036374756383,0.660428880167498,0.7026535199837987,0.8470697885351622,0.9746458216527021,1.2020873485342722,1.484634040431267,1.6355690522005004,1.7188428828723634,1.9205241602808683,2.015024074234388,2.085315894922135,2.177891702177884,2.3124777879218184,2.3479979406426774,2.431696030298622,2.5438995726592872,2.54246455776647,2.546686783219602,2.5875861161431626
-1.0766538930183382,-0.9240753530939869,-0.8721033762732424,-0.8276328769226471,-0.6558135232253334,-0.5653958643760841,-0.48845878632152867,-0.29484659985543626,0.011800291148127015,0.46783056734437767,0.6285920667102614,0,0,0,0,0,0,0,0,0,-1.239432716972064,-1.109495561142867,-1.044166987212574,-0.9736848619006994,-0.820873412591111,-0.6806521104706758,-0.5689209684220303,-0.3983213596259838,-0.3809234726920533,-0.3254680891062985,-0.23821025385307193,-0.08828028870313859,0.033398845238007714,0.4997823772093252,0.6494283177318827,0.9064932325763811,1.1767434649212154,1.2810810378907427,1.4471547167126317,1.686076108186307,1.8170884101831848,1.874206606015043,1.8967715678241386,1.9770166129347477,2.022027171519748,2.1626873469479904,2.273626053880093,2.3040735212550185,2.3410041414003846,2.433273368900942
-0.49653243133701713,-0.31473067346914485,-0.17069196504974593,-0.05437018065658313,0.32333657637376145,0.4313940688106351,0.6184224583166835,0,0,0,0,0,0,0,0,0,0,0,0,-1.863008636986677,-1.592351059369102,-1.497690289064784,-1.4082641831826186,-1.32268017433782,-1.0570724743960138,-1.0038413124846624,-0.9133549302609927,-0.7265029334219772,-0.6595703564861306,-0.5501987037555689,-0.3205110275575003,-0.22381293440265035,-0.17143157907461454,0.01836134399559261,0.21254498327656857,0.36637652745348764,0.856884071145273,1.0445670055575005,1.1415857887753682,0.9173084648635184,1.0115519523784111,-0.0007994509829438968,-1.0533158295885496,-0.1853867667214127,0.7693319696119945,1.3323699359830503,1.8466568108066588,2.0116015791242297,2.0841489207762476,2.240415120181333
0.2843560776683111,0.5756300583693268,0.6435835839116161,0.6360088073930142,0,0,0,0,0,0,0,0,0,0,0,0,0,-1.6165421183438238,-1.6114701023731672,-1.6541630179447824,-1.4169463493747938,-1.3606647015919806,-1.308246486219699,-1.2272041429032077,-1.0512339735172496,-0.9514249092615235,-0.8555893060850556,-0.6805003743583241,-0.567722867141664,-0.5009139627180325,-0.2896782977992812,-0.10056791638324802,0.04320446362252922,0.5103096143563975,0.7754221240970804,0.9936381118277995,1.5395737138416823,1.61116675991908,1.566295406191694,1.4199637448246945,1.4648845986255492,1.5330633295746636,1.5842646247463705,1.5687312258931891,1.597056963743373,1.5555119868577358,1.6451650947225023,1.7190600578146513,1.846077390715183,1.9932989868276583
0.5591444677884695,0.6965297952829628,0,0,0,0,0,0,0,0,0,0,0,0,0,0,-1.698184547082528,-1.5290132591400338,-1.4868781694672608,-1.4515550665883514,-1.2854831099541715,-1.2063119106927016,-1.147093395251459,-1.041486707314215,-0.866772614166045,-0.7621171247533045,-0.6820740763958119,-0.48560377575944347,-0.37151963052631093,-0.25116972172772023,0.06317592206330414,0.1930056931528614,0.3542857828113896,0.7033357733768304,0.8521856771386455,0.9483693246723114,1.1109723155433036,1.1389594120636566,1.187362799475109,1.2829571818887449,1.293131177388258,1.305195432057193,1.3217995302253462,1.3830584949322091,1.413415678585824,1.4531690444759973,1.5523568691124379,1.5902881345133544,1.6280643925891152,1.7718503156094825
0.5374048078559841,0.6058202963399196,0,0,0,0,0,0,0,0,0,0,0,0,-1.4995806323229801,-1.4666896391090316,-1.4607122653761204,-1.3171946022988867,-1.2550318081570504,-1.204547913571797,-1.0445894987590485,-0.9224397951008766,-0.8537153597362088,-0.7567050029493516,-0.5497562975479826,-0.4545300563416936,-0.3458181800349008,-0.1586983436061309,-0.044898885403755244,0.019968517551146304,0.2274300652941814,0.311473725504433,0.3878500313854686,0.5574110634717366,0.6594963804092407,0.7213418698326234,0.7915032448312217,0.8522257049140932,0.9022397045933025,1.0151677241835324,1.039728932462171,1.1063145368482863,1.1300809523813544,1.228646472339227,1.264149461171748,1.3322527304336587,1.4517975097526392,1.5340503640276972,1.5898163061602772,1.6915973460696905
0.46331054483403533,0.5072492353330474,0.44520825918258783,0.06164157439237384,0.11045085966887104,0,0,0,0,0,0.4029710660678587,-1.4194258956189059,-1.4484851380215082,-1.386184727983752,-1.2839294047552705,-1.2260821617318027,-1.1706216590946164,-1.0434063094890387,-0.9927743526914338,-0.9363768583609678,-0.7996310810418226,-0.7270897028677396,-0.6400312733953418,-0.5719682121941047,-0.4132849103424658,-0.29847716416977155,-0.2272325025556123,-0.05530863527629093,0.0510949942847476,0.12087622113648842,0.24628271545572294,0.3224696397681751,0.40097535545250085,0.5881516044686598,0.6061349114186431,0.6347875114218322,0.6938647190971501,0.760560592464043,0.7878957727249759,0.8472953110831756,0.8681775591496216,0.8890116358465955,0.925147941398656,1.0192739496387535,1.1187036380322228,1.1625991162937497,1.2654194751537542,1.2865100628440056,1.3657940089242326,1.4557562122322603
0.40788690459704585,-0.4710076368267188,0.07931669245672551,0.19342049511328047,0.34807144682174773,0.3912089818353656,0.3467770155517687,0.10552111818334992,0,-1.4056746674711142,-1.291420829603159,-1.1823030429676082,-1.157977578944523,-1.1115048875558706,-0.9987616320322489,-0.9444930084078216,-0.9065447823166858,-0.790117832631258,-0.71219265782974,-0.6564594354623886,-0.5129732325480434,-0.44127133248724043,-0.3806301140404958,-0.321590150461622,-0.15869714544052016,-0.11652412893608134,-0.04415170804498539,0.06454920612839302,0.14848933042411477,0.17144679568348872,0.2709513852168645,0.31198169335228165,0.33069458674563906,0.4467826189814375,0.4787349557036191,0.512725867167955,0.5652859827082077,0.5930758725559392,0.6219188123434429,0.7154666784465261,0.7546095376550545,0.8199523340214445,0.864495894881901,0.9649693421569782,1.0186630107902135,1.0504980331804237,1.1690174875737027,1.2119168126742774,1.276649333376093,1.3545354008671295
-0.38819497501855943,-0.5483957234997386,-0.6293294716047956,-0.8015503508773079,-0.8296126422105412,-0.9643973217194759,-1.0268253895110908,-1.053600902699753,-0.9886766161612911,-1.00353323011205,-0.97709739883621,-0.907159316042268,-0.887542136108091,-0.8581063188806148,-0.7599515556170379,-0.7039416262900404,-0.6686710554895111,-0.5679051041606072,-0.5244393383578964,-0.47688386553483947,-0.3682586472187167,-0.29232793930631434,-0.27337364678712434,-0.2148717432005303,-0.09813896341441974,-0.03567269396882598,-0.00968452662141319,0.10913509458230507,0.12176858017500752,0.15073652801152945,0.2150951031378019,0.24721894397994726,0.29735105911452314,0.36371190159695715,0.4007385004220739,0.4175120037610961,0.520745335792899,0.5633844304350307,0.6031137715369114,0.6850477061777002,0.7549942745997699,0.7997887457177695,0.8311005056485544,0.9285997064208986,0.9767080835265322,1.050086703756062,1.0848370760564892,1.1200965812558499,1.1680684113446589,1.232387002917479
-0.8635821610029512,-0.8839981571441343,-0.8891143931053739,-0.9555053025814445,-0.9361846458383017,-0.9255447130849818,-0.9050016203726676,-0.8987026289706908,-0.8337624050857146,-0.8237764236255083,-0.7913242209361581,-0.722245107041029,-0.6850751556394462,-0.6539036938786087,-0.5755655021174871,-0.5572840297009863,-0.526885604078412,-0.4610817117356297,-0.41614700647771485,-0.37287394293726656,-0.302696423978796,-0.23585966313646067,-0.20397985037938948,-0.1708499806952727,-0.0872269093566431,-0.050406746075913784,-0.01386412687464701,0.046501981993602275,0.05883355186525381,0.0917127958116567,0.1424239168670935,0.17837191637005784,0.21514810126894535,0.2750393920930841,0.31499911087829596,0.3480403276915876,0.4474311264303833,0.5298714204277624,0.5675786664142922,0.7015292865292687,0.7755412914731545,0.7671398198249468,0.7851399945782118,0.8343803592456752,0.8811059878332006,0.8998364397755312,0.9740457240580978,1.0094375799113224,1.0298309048799905,1.0676718455034468
-0.8663197954489713,-0.8611827701745803,-0.8356516124458039,-0.847385022313483,-0.7961867548179768,-0.790578265926542,-0.7809623248120149,-0.7447371117913366,-0.7103101273357209,-0.6761005051214121,-0.6582002613777436,-0.5932709855740359,-0.591996056438289,-0.5679402251097397,-0.5162628780367061,-0.496134589265707,-0.4603807339827015,-0.41411456080011694,-0.37860144013533376,-0.33456721990777083,-0.28012545844324904,-0.25008800868093894,-0.2117396481965587,-0.201208031455207,-0.15165375294036282,-0.14558818199393508,-0.11029526328857119,-0.05412205119143695,-0.025704674013432016,0.023532959325693555,0.07929153578054131,0.1369327791663705,0.16298957289503369,0.24236900593441302,0.28720990026321835,0.31861648918210367,0.36613252807006824,0.4286613308966359,0.47002337058031973,0.5695787704971566,0.6020808188262919,0.6396650585065756,0.6843919369727197,0.7526988450047913,0.8261743626626706,0.8825730762073105,0.9383759634026216,0.9510641697407966,0.9642164742660188,1.061407440316388
-0.8089023779060247,-0.7769391113315046,-0.7649032578815417,-0.7468921580512385,-0.7156045947108562,-0.6949833588950068,-0.6878197911412797,-0.6770927039987468,-0.6243734542256633,-0.6277960246482397,-0.6066407914238023,-0.5667979378829496,-0.5564491754074249,-0.5270768566551406,-0.48677567966388136,-0.46716407584422864,-0.4370806541273058,-0.3897383294504992,-0.36838756287867025,-0.3483283988560677,-0.3011668084174215,-0.2810098924906652,-0.25238725944340834,-0.24406106823932264,-0.19289427223853656,-0.17071443765137936,-0.14994900391736252,-0.08743023998426619,-0.062354951675180285,-0.029621337650499385,0.025518524654446376,0.06679739086262972,0.1090148706427349,0.18511206433133753,0.23940860534078443,0.25165935852130594,0.3256281654534782,0.3628781752121962,0.40716743369159314,0.45250502325047476,0.5182917945105836,0.5583516996323001,0.6045509591182465,0.6646581922815628,0.7003605754648358,0.7568126984169947,0.8460849303964514,0.877553147996916,0.9374103721717578,1.0206541809752494
-0.7419097355697479,-0.723081741450056,-0.7108875808888578,-0.7117647557906195,-0.6831962418630174,-0.6599222555871155,-0.6565704304563891,-0.6566105104653573,-0.6140721562961774,-0.6062485973883711,-0.5999826210310156,-0.5430344754977572,-0.5178803160785401,-0.5100448964865646,-0.4691836951427546,-0.4434580364477025,-0.433481385613775,-0.4016927434593878,-0.3848182167528798,-0.3734644517468021,-0.34065098043183545,-0.33697581676934824,-0.32469815680509,-0.29403183110566233,-0.261408973684794,-0.24510343267131857,-0.2154111322832558,-0.14033142310852523,-0.12808223006271552,-0.10005834690171833,-0.024299082080802854,0.0012787009951960452,0.03803566727075838,0.10099722448958057,0.12254045748432256,0.160367340038567,0.2193630779901541,0.24163062631455098,0.29080589265471285,0.37621716062841737,0.41396645751127714,0.4762996582540191,0.501343063739503,0.5606819230212112,0.5959638110613222,0.6386982877954523,0.7323930242715515,0.7805689464362016,0.7839670233998635,0.8411501559533033
