jsons/1312873200.json
{"header": {"parameterUnit": "m", "parameterNumber": 2, "dx": 0.1, "dy": 0.5, "parameterNumberName": "Eastward wave", "la1": 40.97354507446295, "la2": 16.46031188964855, "parameterCategory": 2, "lo2": 133.9931640625001, "nx": 191, "ny": 50, "refTime": "2011-08-05 8:00:00", "lo1": 114.97908020019554}, "data":
[rows 22 to 43 of 50, columns 98 to 146 of 191]
0.7069958415584014,0.7459396243463328,0.7497045453256809,0.7496462055796039,0.7105088265975569,0.70072655477594,0.7158662075885079,0.6979869711138882,0.6996119069688826,0.6950549702940951,0.6790998636942125,0.659984405023845,0.6645792107574912,0.6666333298098713,0.6813082160888903,0.7046592603411584,0.7099719344564454,0.7176099494425706,0.716759512537913,0.7098375578533124,0.6930412421029738,0.6810573122500476,0.6834575944141978,0.6826460975335347,0.6760398294653578,0.6701901738092233,0.6512574964698584,0.6219194414118319,0.6384847803901142,0.6652498098196934,0.6442760323437638,0.6399949116319799,0.6375798948026629,0.6149437085217643,0.6071479822874942,0.6079599006935298,0.587529962740176,0.5933488591144197,0.5601711376696188,0.5726280120794602,0.5547829310148865,0.5434322278086857,0.5329318934168558,0.5467194570838658,0.5476084270704129,0.5446524969089167,0.5543855089408286,0.563549771854601,0.5730751162570168
0.6218116725329264,0.640015388138505,0.6733008240764468,0.6922604980095961,0.7070102596954515,0.7087978678868192,0.702778393323373,0.6790481527559683,0.6735883330617402,0.6754723616282042,0.6928125598455166,0.6795542098366895,0.6750729174636997,0.6780144610007482,0.676564503769651,0.6722830741504375,0.6708620140985496,0.6502739871690364,0.6503014374805031,0.6553187343526301,0.6293673235961108,0.6245447936909896,0.6529948876177312,0.6791643993708886,0.6465578716228151,0.601931081154554,0.6321081855369476,0.647329272883836,0.65895359205667,0.6655726553308359,0.6483032924572029,0.6219182852558033,0.6220927141941625,0.6274921091143473,0.6443120855581858,0.6373468746248319,0.5763955655912608,0.5632073987527236,0.5609202287927784,0.5378746806428988,0.5013669998890249,0.5053281213093875,0.5100087934256052,0.48343843938854725,0.4680522479562338,0.49749986779715044,0.41190119252121443,0.47326961407133156,0.5082215667447887
0.5320768031667514,0.5629539200199225,0.5610817219007207,0.562792447817624,0.5886075177216418,0.586964998929753,0.5841688931669545,0.5973883522088289,0.5897291201300274,0.5889641627908878,0.5812841866113279,0.5765467286563551,0.59510118222725,0.6165295133748784,0.6539668854457722,0.6544102077066725,0.6430289745382386,0.634888278121164,0.635837160334024,0.6347658729319764,0.6300878282326802,0.6059342569080581,0.5998585758401805,0.5807887443206243,0.563625442922847,0.5705885949497849,0.5767247584723911,0.5558705897160662,0.5598895621126972,0.5415994361997165,0.5260665488861953,0.5129888045071467,0.5165692737752635,0.5368642390847671,0.5413510687069372,0.5315073903584673,0.48361053578374164,0.4476446604228736,0.4193971272653145,0.27107484562487816,0.2667875613821392,0.3345270499125222,0.6356472257698114,0.5255049467771243,0.08848455933773941,-0.5781229980998107,-0.3742376059262505,-0.8284555004159958,0.2833117441775926
0.5287799617488979,0.5001422866286197,0.5028717016040591,0.4825789437112051,0.5042756148393568,0.5094102274515828,0.491410517986932,0.45683207154229616,0.4017172002874822,0.3692645200348052,0.4210793855850676,0.4246109700400096,0.42915220283696864,0.47126388734501906,0.4794706082296655,0.49885825561257346,0.48785337515202315,0.4144147732646048,0.44543438185559797,0.4456303963319191,0.47321323519433306,0.49235820837473765,0.5241630661472781,0.4781028647568287,0.4844315141665023,0.49398041312780916,0.4481012126950086,0.41867252510007036,0.41339033345155174,0.4068731167356666,0.37282504203481703,0.3721136409715272,0.37782882359123937,0.34003696621883206,0.38257876127361634,0.41789171914022155,0.43441551121383437,0.4220518640812135,0.39739227629937884,0.30996395580145214,0.25997597581518367,0.27624030586634696,0.6649666631692747,-0.7792459012345694,-0.5606642572584241,-0.5439017805624418,-0.5926789119325977,-0.5485573599746051,-0.3814148987070922
0.4020022562671702,0.40930080919690376,0.41769875301600695,0.4407263078369871,0.42986475490000653,0.4272693194870465,0.4226238464631015,0.3952956797318239,0.342968517374077,0.3173938212350882,0.2812991721227746,0.27304455241098496,0.27510136942888963,0.280518440899207,0.2964277565503479,0.3202291719092975,0.3696937574050524,0.3933132122468189,0.3983309219811971,0.39212035592756384,0.4294215036549019,0.4404232077463757,0.47255362569716797,0.477592687382927,0.4588874406144542,0.4472837980082916,0.4109014929358087,0.41440351450555535,0.41020395648107866,0.4299799176089221,0.3447019392284779,0.32039246239405217,0.30719767099881073,0.26989448438875263,0.28050218893567175,0.27259666612720046,0.22772796642349316,0.1802423012948981,0.14796640911481374,0.24765987089115357,0.4841151643662218,0.5043796579801678,0.4551425913041135,0.6955347990854559,0.5464302044394824,0.6216571302854109,0.6658874777542936,0.6493705796204088,0.696168029499202
0.3243435365115179,0.2828103757564535,0.2931221506467327,0.2539555554194451,0.25511613523330723,0.2563299317396065,0.2494111104020255,0.25233154402371843,0.30581937062907033,0.31636308668919316,0.3068211918591592,0.28668888455982605,0.2861473686112526,0.2887757080096892,0.2660417855604076,0.2291210245634434,0.25436071401958077,0.33524628829138076,0.3226620781120909,0.3213546369416625,0.2970760947862992,0.2798182705921914,0.28493710945280476,0.31536627616366564,0.33762741184528344,0.3686388762204324,0.316579965804955,0.2650876858124161,0.23614967306182447,0.2279157748252585,0.22998820179689372,0.22193938288155346,0.17839408391251876,0.16450907492653993,0.17430975709744548,0.2751883598787055,0.3681485706633499,0.3978136332975961,0.4173479337397918,0.4480279591950398,0.4746537343425463,0.4875894816694056,0.5332872975016959,0.5438216870896485,0.5288584678486017,0.607832067303233,0.6069680647398302,0.6146481814777952,0.6081598953731076
0.4199736755009939,0.36661961719014163,0.36529298825433426,0.3498703828255023,0.3277518809135134,0.3416921200448476,0.36084361233662304,0.3769954608943549,0.39983421473032454,0.39492017194577206,0.33268657816506986,0.3289235517602403,0.32990117118736756,0.32292035715668194,0.3448155834786735,0.3707868950272122,0.3505024134677667,0.34435126443660496,0.32726978845846555,0.3034111787411533,0.23060497598756982,0.19823343313009645,0.18201675074395954,0.14465007074551509,0.12521941241173806,0.3394767170803827,-0.03620067206445358,-0.6980433121426979,-0.4642625388158293,-0.21519265261724435,-0.17044002708546305,-0.1957330929846615,-0.2695587694524752,-0.3738028784873595,-0.40895597336750567,-0.5535401958276345,0.7048984431536145,0.540007393585373,0.409084543719644,0.4144595340017617,0.39015340641678053,0.38437302603147677,0.3828321641528143,0.40046493032449115,0.43941617501484437,0.4473610674807999,0.45684249126315857,0.46016241241049277,0.4588560588174844
0.38277878837472323,0.338528296706437,0.3214193152177354,0.3164417312008313,0.3235003334031103,0.31239242323760175,0.3171442347063221,0.36053113996799613,0.3705580446941098,0.38219721665211787,0.3750470181436624,0.3820533069157682,0.38599613137624145,0.37570009545729743,0.36241456728061777,0.39169931697455224,0.3728074927339808,0.32830477094001875,0.3075340798346292,0.2885046823644773,0.2728180619391419,0.2576922728823847,0.24191569354819462,0.190091994525459,0.15328923452128507,0.12357265739440712,0.32340719768078896,0.6547259974948348,-0.37707566475091436,-0.24560600604594965,-0.4847762813368948,0.09849067997165734,0.3128414470584695,0.4310527276297836,0.47635729743808525,0.49458767007227267,0.5158839414831998,0.545258439285808,0.5947516366800937,0.6236767557717574,0.6660884237504358,0.6876502240690396,0.6858548492183246,0.6527294269952595,0.6484531887300511,0.6007277795793348,0.5280851348204859,0.521091267225838,0.48736862652408064
0.33687087420738054,0.2546226249613551,0.2539797068840048,0.2525817244109311,0.22217038878374787,0.2205151009666337,0.2107389972409855,0.24704176546880044,0.2949716472555328,0.3513744537178441,0.3961320325906949,0.4013882020356035,0.4027287378083587,0.41634401938686627,0.4326039344509773,0.45325529130711967,0.41274343375968037,0.37322648165631184,0.36643675643876644,0.3491322409697998,0.3366456512234195,0.3337532273726556,0.3325564106204811,0.2995718131662465,0.2963917535438841,0.29139626296654847,0.3285811165833419,0.36145850416241126,0.4099406408563285,0.4426169009838403,0.5699343711944099,0.601899741403694,0.628707590581505,0.6407813547750687,0.6305466538898188,0.6299811026708115,0.6365640890877408,0.6388749346715078,0.6420750142954681,0.6402664637598996,0.6441349562589336,0.6454479591669195,0.6471001856002265,0.6385134056812597,0.6470322942726924,0.5872949653726487,0.5908870378574586,0.5834749559288913,0.5077311266310958
0.2609788333706781,0.2592556219251012,0.15232579429857007,0.11109060574609696,0.10039878619470695,0.19136899371672078,0.26535155290733087,0.391728696451128,0.37334484185009803,0.32691965819026775,0.3857236799748241,0.38618622488574045,0.39550446819868434,0.4001464988526464,0.43882911053716867,0.4118766486634326,0.3995238578002606,0.3418509761104885,0.36257926285355635,0.3954407136067944,0.36525602477507135,0.3413174466013917,0.3201472407994367,0.3451262250119173,0.3390586986962184,0.33650820669618514,0.36682786211735763,0.3776880456049997,0.37057249756326915,0.3697944231228294,0.379014183677133,0.3886222250123886,0.4016833891355942,0.4241511318694935,0.43699226726014595,0.47170566932698854,0.47867450927484956,0.4829431035653114,0.4746056401206069,0.486688331229476,0.48937324595795806,0.4840804069235719,0.48927164438489745,0.47633818225896973,0.4783223965237546,0.4719314035255727,0.4594730937786555,0.4853357620787916,0.47630175937075925
0.31038347548470524,0.2758132486922366,0.29710014259743994,0.4016002038062611,-0.6013288950540041,-0.6703228744289252,-0.6015240246266649,0.6562315200331268,0.5777183472270678,0.5038206612925734,0.4652138539817854,0.4455865937555093,0.43382363664635043,0.43001449113827656,0.3793119669024369,0.3871519408949306,0.39139714632087924,0.3927676708563917,0.37784872789173435,0.3719627119928703,0.3507642950189647,0.3157611402983139,0.3190244842781882,0.2749771270374407,0.2754144681446738,0.29710371563527294,0.31477258178204853,0.3137619844305687,0.29442044447169896,0.28966388168925544,0.2722732897801012,0.27739723337728817,0.2836062505483118,0.28908834485734314,0.2924944960399678,0.29522858321419543,0.31514616652548866,0.3306787166472862,0.3534618842185908,0.32555184463818043,0.3336602857595278,0.34447139106205493,0.3511476774835702,0.35099506200560054,0.35159601513833677,0.35434692000883933,0.3503403162969888,0.3467141028235773,0.34225512154554977
0.424895168786638,0.3946534553740896,0.3859012590976252,0.4048544453995499,0.41489901820394604,0.45979190771637146,0.47670121460171005,0.4875667688543887,0.47558756048311485,0.4612208071670707,0.44209937811661876,0.4448638192346175,0.4316897740653851,0.4257042885854963,0.3859543064709115,0.3706952729395508,0.36703531400056555,0.3806352326549728,0.37991873676455123,0.36550720701907835,0.3152339549794991,0.2697781037440316,0.2709706945739727,0.27989050908969204,0.26936153271163715,0.26133068638352047,0.28337168551002356,0.28421800990889373,0.2400308131465566,0.18521169948150784,0.2292425554620474,0.22135533290449957,0.2217442772603664,0.20490367924648267,0.2118956836296028,0.21337503843742334,0.21164623046855516,0.21065582316888232,0.20031506830330867,0.18831028666145985,0.23399239884919465,0.27074331338480645,0.2845741086230992,0.2904395393907573,0.29815334390232995,0.307184747461315,0.31024164862725834,0.2912594035782989,0.28231558749724905
0.3834023811999546,0.34771652316429463,0.3452039889621027,0.3368338922790149,0.35774992518572485,0.3894965937349335,0.3920335003743278,0.40598371793385574,0.4024344392022247,0.3932902214505568,0.3544390420216044,0.33439591812507113,0.33200943665059174,0.3144095748087644,0.32801094163888844,0.3309548945616287,0.3409607580882604,0.33518719587242457,0.32967579605336583,0.30313684875111563,0.29459932258485616,0.30095660624826864,0.2896438597213909,0.2476089623716108,0.2492349208003039,0.2584865577525234,0.26170968015747403,0.2548742240569203,0.24170257099404224,0.22601498018147534,0.19509633609388088,0.2008560892520246,0.20860730664072602,0.20368180813877332,0.2129662505710652,0.19593878074807863,0.1487464844142015,0.13781388386845267,0.11403615694411968,0.07483224154463303,0.07829253973135838,0.08472582618912847,0.11123686171279511,0.14054216784728601,0.16250396395275915,0.2240301153882985,0.2850184997914974,0.30141112565546674,0.2635036501484016
0.2891800201614373,0.23922881666754917,0.21172621493460445,0.1959106252273803,0.23805547454973622,0.25723197942024784,0.30947848044526444,0.31871080863711054,0.32142616335700663,0.32617260578137675,0.3127650761635693,0.3040584000401896,0.2777229388192224,0.2554193373841244,0.2731565753855151,0.26440329031287546,0.2630564421195204,0.2534294106694638,0.24039684507060816,0.23427958486459813,0.2396470525766009,0.2403560095743048,0.2364644589196896,0.23250546570010425,0.23066077865666262,0.23240569502649197,0.24830152514801895,0.24430530764668856,0.22265782450267335,0.2038602197639937,0.19100998281693018,0.19035138937895688,0.19470681073829266,0.19365111089491593,0.19533480483975219,0.19780499504576984,0.19623372877176198,0.1564294504333081,0.1283026062905772,0.08670044057937042,0.06634906862311402,0.06818910989854238,0.11931223293277789,0.12727717005571476,0.20714099075135653,0.2909771707547797,0.3825226599229531,0.5317122367976195,0.6033627927780082
0.17593914949420705,0.7766994082987443,-0.11687364564875126,0.562515942824933,0.391405260067627,0.32946492204435746,0.10074737570017053,0.11651067625375032,0.12329962386962207,0.150598930150242,0.15724612453782555,0.18684687285368817,0.21547844349087392,0.22341812936767047,0.189129871476064,0.1664332207186959,0.19341793408564809,0.21328438540385733,0.21646031245489147,0.21879997748757235,0.2218681137898715,0.24295883127581053,0.25099508572078627,0.2032996137070653,0.19848011011983038,0.1921791363128462,0.21930770099591604,0.24713127763133397,0.25754410944647865,0.25166217575282623,0.25423557411333697,0.24997038539180993,0.24348923085004567,0.2105067189208797,0.17291409482840245,0.1615602887888449,0.2924281914426527,0.3203217039524946,0.31613704654128183,0.26503048960441344,0.42532236666239503,0.3821209906637959,0.5418686004867069,0.7533141574737785,0.7859354441519703,0.6506209431168055,0.16024783585251418,0.7866504194368743,-0.4479842174443353
-0.6060452832480495,-0.4062261240639628,-0.4628089893200215,0.8005595228688911,0.7549680255524118,0.6949437566067777,-0.10782389879170748,-0.1843767214533146,-0.7121774855011457,0.7605136708397612,0.32956837040198284,0.3649765224200268,0.21722010979020245,0.12080508462851466,0.11181267152566632,0.11530716811482838,0.11590433657185373,0.11500158420886046,0.12263554483551828,0.1300514942128945,0.13858342572275245,0.13870904676919335,0.13447621556044695,0.12338074593239896,0.1193183486951093,0.126643218557565,0.09932336543046219,0.14201119047945526,0.17760515648760386,0.19967811680037859,0.3549689678776357,0.37355223103042257,0.2617074428988535,0.17183320939573252,0.23184452200551176,0.1911151145731459,0.40303555076955255,0.5432023614878168,0.7698273504678487,0.08290767411663383,0.5726104178018147,0.7178204325895182,0.463577563089057,0.7445026149406877,0.3803096220483077,-0.5371588874630495,-0.8037032651111451,-0.6243851749156029,-0.5485339021702934
-0.19315728945659857,-0.18726421915250788,-0.18252511683960582,-0.1805086310417078,-0.1496416194954146,-0.14865963789037878,-0.13653822204462232,-0.3931591207963515,-0.6454050923057354,-0.8313196689308686,0.696012807143825,0.2986187933387125,0.6282299384767241,0.4903794239740186,0.35766281401019345,0.6872437962756252,0.7772489549861552,-0.7292880220684278,-0.4045428672613039,-0.8000725101905428,-0.6751050055749276,0.02249192418696878,0.7422266876422481,0.7787476295265205,0.4284358125954964,0.06407901838950295,0.23030245268191338,0.1935357050522018,0.14468004863488265,0.10402069998884075,0.3449180891974888,0.3730904041172999,0.3277096487639795,0.6561933645499327,0.8186609756914418,0.7481884754153402,0.7940122979248678,0.5813929380942352,0.31341571755908704,0.46205210110408934,-0.17016679331277595,-0.8053441612106879,-0.41144802513033485,-0.8073061084079037,-0.4426439112222137,-0.7931347384830426,-0.6150296990401852,-0.35546936632463216,-0.4782991233007565
-0.32658247906159094,-0.2844891605257347,-0.32279013822344826,-0.3501396552244237,-0.31873528649078925,-0.3056744729049763,-0.3188534419789352,-0.3756798462660215,-0.40000237481707956,-0.4177882006148475,-0.43199535683591367,-0.3434492635830932,-0.22472060830256113,-0.48844406163943505,-0.4447837610150093,-0.4620788594029356,-0.21888819616585226,-0.2757016648518623,-0.23108812853945324,-0.22619882787182813,-0.09853935388297992,-0.19380406065223763,-0.33914629650630784,-0.37105938936259497,-0.344584024914986,-0.8182985787065149,0.4238433982048645,0.7579256982200132,0.18079385382551041,0.6515690684854935,0.6539310347209225,-0.20713184677145605,-0.8605626733725227,-0.7276195850577063,-0.7562074626166796,-0.6989632668842214,-0.27028535154708705,-0.23237757240398502,-0.27042174227646454,-0.4481714649388684,-0.3959183237943491,-0.20635850737814637,-0.3814617971497156,-0.6322874515727769,-0.7486211061405035,-0.4850837725610333,-0.2140389128462187,-0.2789777603720401,-0.42489775254657486
-0.4574817755978245,-0.42514879289268365,-0.43076436367085535,-0.43964675407823295,-0.44684596534781096,-0.46286375126555807,-0.4606951751964042,-0.43367364760805877,-0.40324901070911817,-0.34422496353499316,-0.2958627384578627,-0.27032568245423927,-0.23414354199210435,-0.20189510397783345,-0.18692676125185434,-0.1775448404052099,-0.1715452582852833,-0.178733865254074,-0.17624076198864286,-0.17953341270226195,-0.16440347749450543,-0.1597354356998593,-0.16290951065306583,-0.17688757302039043,-0.24334088796285389,-0.2887213905266018,-0.30936398629947454,-0.06544156814354428,-0.36714901149806733,-0.7709793732347977,-0.7937924202042924,-0.45607165802638444,-0.3577565657418169,-0.5433057043469287,-0.3687821113696033,-0.26828053546302766,-0.17911049081287964,-0.21223057454060698,-0.14264092290249678,-0.1605156849430483,-0.17029839679614997,-0.17943382795944343,-0.27635524294155145,-0.26166079111437424,-0.27339027846807784,-0.35709262703533634,-0.3605925802362532,-0.3343155063115144,-0.3106473241369322
-0.5993954921518252,-0.5278526686753666,-0.4823029073785698,-0.46994344605977456,-0.48530150387170307,-0.47343170409001534,-0.46021195215566413,-0.4271884479002859,-0.39738065256211175,-0.3844432189221523,-0.3489516036160062,-0.32130043155697724,-0.3159227550716302,-0.3002015473219391,-0.2504761359240456,-0.2315329318753495,-0.22196657247073467,-0.22833928138932424,-0.22884376475465895,-0.23706326137295558,-0.23300219086380677,-0.21657680454858788,-0.20524068730041345,-0.2089450780235093,-0.19393210816448164,-0.1886880796540162,-0.17843518878900622,-0.1851469342884715,-0.19306624055236338,-0.19612719700265213,-0.199569627092699,-0.20315745628830836,-0.20971547567798532,-0.22680355411087164,-0.2497279695434704,-0.27061258199850957,-0.313384230601034,-0.32808854973649043,-0.3248236256429029,-0.31367655252687443,-0.32137103239732495,-0.3343836382977723,-0.3216810230715558,-0.3084143797253611,-0.3046509693310136,-0.3252449433270406,-0.35564745081743315,-0.3882864511968333,-0.42107843420943203
-0.6321291201082135,-0.6555957744633979,-0.624609939701074,-0.575418926175596,-0.5416805345308301,-0.5240371127545815,-0.49748083547478333,-0.47276868150186463,-0.4511670742707213,-0.4287591731277665,-0.4032017733408956,-0.39646873944885963,-0.37769551268784574,-0.3702273080880233,-0.3691309749670785,-0.35574534885731673,-0.3389212004051362,-0.3314579468530166,-0.328707692271633,-0.3254792959273596,-0.33774273823918266,-0.3278366068156956,-0.32016975939857,-0.3152356166672757,-0.3149832753916921,-0.30665140066724855,-0.2609605810724829,-0.252484053231348,-0.2675208664960981,-0.2834831864716626,-0.3175717724452351,-0.32735499344146957,-0.32787891305738937,-0.3590246462874371,-0.3683777516109317,-0.3762172108827804,-0.3935010355845752,-0.3985460443972365,-0.40085987293272274,-0.4081574413225951,-0.41988335856641473,-0.4211167730532464,-0.4242166707674885,-0.43274407904331047,1.7103100343581372e+38,0,0,0,0
-0.6060534856015802,-0.5604791798006215,-0.5393264548309528,-0.5194163635923248,-0.43625261871123927,-0.406453460132233,-0.4458428962709251,-0.5330188958659874,-0.557793445002485,-0.5424321658897118,-0.4963597717433143,-0.4865664270195795,-0.4718819206183109,-0.45206655032203236,-0.3971095469963171,-0.4010326523842238,-0.4002546720125963,-0.3896743043020555,-0.38398708950765975,-0.3864249923074723,-0.3890769352027245,-0.3863289107127589,-0.4000467082696361,-0.44386113047843057,-0.46575098522842817,-0.4674236562685421,-0.4341433482340093,-0.4360963229264346,-0.4309709225266353,-0.4355682967307459,-0.4598784798142106,-0.46747401830029617,-0.4724971083139733,-0.46866254741520413,-0.4676914674517262,-0.47371019107533047,-0.5094829514670158,-0.5210188101841218,-0.5209956307204333,-0.8810644246337618,0,0,0,0,0,0,0,0,0
