jsons/1312815600.json
{"header": {"parameterUnit": "m", "parameterNumber": 2, "dx": 0.1, "dy": 0.5, "parameterNumberName": "Eastward wave", "la1": 40.97354507446295, "la2": 16.46031188964855, "parameterCategory": 2, "lo2": 133.9931640625001, "nx": 191, "ny": 50, "refTime": "2011-08-05 8:00:00", "lo1": 114.97908020019554}, "data":
[rows 22 to 43 of 50, columns 98 to 146 of 191]
0.429368256258457,0.4079419448049465,0.4816338808753143,0.5940292669374244,0.7398467963930125,0.7703650402855874,0.7942165140529397,0.8304396549517579,0.8514892527910847,0.8824659645308701,0.8992110456807286,0.9044232696099589,0.9114861832808179,0.9116312742197048,0.932460187534119,0.9517793849251738,0.9527667536012229,0.9517777846144942,0.9559581886648498,0.9638022551229577,0.9811282507089276,0.9864910846372414,0.989893517901314,1.0079613559079799,1.0087090388716837,1.0235554061310752,1.0282363023545513,1.0309805992392376,1.0328562892909225,1.035610148445168,1.030487027856098,1.038270428358094,1.0367367127441778,1.023349104420327,1.022776021474324,1.020591011487527,1.0096395102617124,1.0170258644988106,1.0047954709882165,0.9874644791187627,0.9865144059201931,0.9885098682000945,0.992555841750179,0.9764229073754926,0.9726931147227367,0.9368604490418658,0.9423267698719593,0.9569958876340474,0.9504250673177631
0.26216474408205537,0.30908376910393665,0.34509230450424555,0.4335525470738801,0.6133433010720034,0.6494038938333605,0.7174165298148035,0.7674898812593617,0.8047524107334654,0.821263586849867,0.8376446552279093,0.8587610189579608,0.8751683636342216,0.8879163467982102,0.9064909364457402,0.9081613849366308,0.9072172518191481,0.933423037427077,0.9378517332575145,0.944090830458002,0.9578509302466761,0.9634717612125587,0.973963246520316,0.996848551298913,0.977943546955075,0.9817357856504704,0.9883747209671957,0.9901716369625865,0.9991557410918659,1.0076404369664436,1.0060987300849633,1.009276314827191,1.0097811226820324,1.0026117191409836,1.0032285160542935,1.0013822988812418,0.9796222125515327,0.9938114100196721,0.9821474106171155,0.9318697727889553,0.9046104252727271,0.909427218347457,0.8754158066658536,0.8448472184709637,0.8338530447692729,0.7870014118907076,0.7744667966369553,0.7781078022169484,0.781123455990977
0.7357328097599155,0.21968419838311512,0.3182783021085827,0.362117459035511,0.43818797616671823,0.46813946562421876,0.5320840662306504,0.6059582566578624,0.657837882833239,0.6753665088683996,0.7185520807702265,0.7441865514354441,0.7729247423952024,0.7845241597318585,0.7913712070787458,0.8033978519482862,0.8099357584746562,0.8246877519873271,0.8497643721903582,0.8571834301472464,0.8589228953042436,0.8523735656341954,0.8522179794278538,0.8850890771125441,0.8969309299068864,0.9037782755115303,0.8978658476019271,0.9055524018078986,0.9115203070397033,0.9151745722523126,0.9140895783025691,0.9156306928178349,0.923225693636786,0.9218421430307884,0.9249233646410618,0.9147896807472262,0.8712182804291886,0.8275415625014788,0.811088038797568,0.7198878734554388,0.6803678010424519,0.6311774919115042,0.5342370677353719,0.5223587851695144,0.5094411579452232,0.5964627480646154,0.5000124210717086,0.4433532798142259,0.48227634573992584
0.19925370679384324,0.18638468336511693,0.21283852121122865,0.23558222159013914,0.28240797974616794,0.2992639102918013,0.35703138700117854,0.4097435532365321,0.4478780103979802,0.4618594929249301,0.5511539914120899,0.5725900477943205,0.585593110809959,0.6333361719392636,0.6725906776167961,0.7273176416239853,0.7278255119238294,0.7475518194109055,0.7539179656077966,0.7549606768924801,0.7718140986083937,0.7847373993083859,0.8014601456563303,0.828072553018054,0.8286321758235198,0.8539317850816334,0.8184556153612536,0.8101444537978646,0.7938840196007175,0.790187525692931,0.7732243714294608,0.7718201085998092,0.7730145370113076,0.7368893674641593,0.7598490002184013,0.7818476217306395,0.8033377591796558,0.7856252800043231,0.7389362170884249,0.6476452453012739,0.6055981340985579,0.542911958517945,0.6709611398206854,-1.0715075538523584,-0.7805800914624981,-0.5774644975218983,-0.6922814433762993,-0.6818126237755142,-0.5748782655816022
0.14037339694231682,0.17697250141582066,0.15409909578625333,0.1142846124614444,0.19398338950378127,0.2271018988101753,0.2564171973144379,0.25726884565409575,0.27404830973827543,0.28955481911867736,0.35209893580423374,0.378173863377125,0.4064745870912733,0.42654357273922816,0.5197254903222511,0.5423759001314652,0.5690244770868026,0.6101222568813163,0.6262903189707394,0.6556817036938324,0.7289115947746583,0.7194235550358554,0.7180165515251156,0.7225091121468669,0.7363440180521642,0.7415399135509328,0.739866804471001,0.7321780924942745,0.7312082013991689,0.7454184963567575,0.7249351076025171,0.7142389324884322,0.7110853781106327,0.6499063355067,0.641966355777344,0.6170661182551416,0.5281986538033312,0.47364069361574856,0.4204872022625612,0.5022347547966527,0.7163515479177248,0.6730606660418531,0.6710064813454829,0.584625396454457,0.6417832651003029,0.6702647324078422,0.7092492908858474,0.6770291818495648,0.7723053544473307
0.11057767929927523,0.0887438582420957,0.12507772891527066,0.1629752387215302,0.21388031394389562,0.244949639066463,0.24811341689754324,0.2576777104440633,0.2549157609914183,0.26331200126509036,0.3194482193037094,0.34994915091113965,0.3892145093772564,0.4235163192426331,0.46396774402929675,0.45673540519189454,0.48505720090957494,0.6002260590296635,0.5847561122927126,0.6016175163095788,0.5979281310880248,0.6117619318756665,0.5918025236418403,0.5628110545344116,0.5672363082693883,0.5521529487609054,0.5772848891886981,0.5656361618578063,0.5648173302267921,0.604812524295946,0.6133536799908146,0.6106855158617506,0.6495150876295113,0.6253223298346786,0.6236630057758594,0.6365217289522279,0.6537369752539598,0.6520092553779204,0.6528713539998257,0.6860660446289157,0.6518369553100094,0.655379880734003,0.6458903726017963,0.6389151859684765,0.6589469332675617,0.6977867068951862,0.7048469466159654,0.7159374220266207,0.7104846429817304
0.13835606948400425,0.17570275743237315,0.18835615906473988,0.18057900477716904,0.1858733824751463,0.22374253611543343,0.263136560406561,0.31091342322588056,0.3502807384993517,0.352380094023048,0.33113900450054834,0.36312784737249904,0.3820529477760588,0.42449082299293733,0.4615229506963629,0.4666606332516967,0.47954320356757374,0.49404543088251873,0.5217383680496985,0.5163062673988439,0.502077691347074,0.46325316770145264,0.43463364881196864,0.379588676083521,0.35546914149855,0.3148357162980397,0.25122827335695647,0.2352396704707959,0.32037700571729094,0.34594840863724496,0.2643381411445218,-0.24534654944016426,-0.9240148505124077,-0.56821427320622,-0.7787597726071431,-0.7941653585630305,0.8189278409518721,0.6448443126807237,0.564271636728371,0.4958097561236514,0.4236726052069632,0.4583657012763277,0.48000255275026404,0.503273535994734,0.5256934234982611,0.48040803646396824,0.48904096929507884,0.4444349876698972,0.426674584938896
0.1375371309423355,0.17676554177542642,0.1828764658991983,0.19651668433452157,0.21833961841685634,0.23570502130816753,0.2405608744666323,0.26191127096996475,0.28212070929936867,0.2953023518636079,0.36340843846808946,0.38330587152673334,0.4109343574419208,0.41870470966053686,0.4318138086401281,0.4530909438710356,0.4691573186055897,0.4770496705376234,0.4653456907942743,0.4349538774845514,0.42376780943078896,0.42119271141431913,0.41922057365088194,0.37070615008585306,0.3236412305326517,0.29932831680788063,0.1422190538751758,0.45225609210989676,0.43102697426696585,-0.6557013283728632,-0.6783581216204213,0.15780773523490657,0.44078289066051896,0.5808698020678112,0.6351949611232418,0.6633013529446704,0.6989826147478171,0.7367191405509234,0.7915546130613172,0.826891042036765,0.8675977593048821,0.904151044019303,0.8339641609377867,0.6914976053776232,0.6686735100696536,0.5481310935991127,0.46985565625214837,0.4637359951025233,0.3807922105106886
0.16232399839095144,0.19417376147303053,0.18436165858584455,0.19270561851658466,0.1989508401842743,0.20119960851138036,0.19819237908756146,0.22962555871993473,0.2710752613939776,0.3114047442990258,0.3210293602619376,0.3410550300568641,0.3819547456959129,0.3942741644748048,0.41154036354827894,0.405195315555379,0.4276596276772533,0.4506951931645433,0.4602378508852938,0.45156914045962016,0.46350292505346546,0.4601763291758469,0.47193737813906345,0.45509228862196566,0.45466296343199575,0.4545043387417938,0.43773939543579077,0.44282568919647664,0.5121270044914842,0.5402769616783388,0.6650052136264197,0.7319681993664776,0.7934901747470179,0.8456718260441263,0.8232049503902361,0.8224618012698901,0.8316005698560915,0.8180703090424837,0.8132432822579423,0.8020919525851287,0.8095600801197596,0.8115951749787613,0.8062911939750192,0.7865106524052793,0.7892751419528422,0.7373646638992759,0.7205211153045868,0.715231565525959,0.6397893203125702
0.1333639929761624,0.06762032562628956,0.16589767333513294,0.2819788223352798,0.47899292234402924,0.5823727760578008,0.38919870027900244,0.16699271265046609,0.23182365597384205,0.2675061145071007,0.33430509883436954,0.32791509837799904,0.30748400219829225,0.30899935771951137,0.39461659836634605,0.38930261050379705,0.3929153271542691,0.3932674930421229,0.39253711026485244,0.395134266164985,0.42643340979069344,0.42690424298601565,0.41850832429044166,0.4092400839400763,0.40908392239039987,0.4401277356117347,0.45917840998710474,0.4627823460558666,0.4665154393713688,0.46115536824017594,0.44038189574643116,0.4350165252915304,0.4391705663107637,0.4290201913057497,0.4433162833850413,0.4762057107755945,0.4843379396377775,0.5023242034202517,0.505215055739195,0.5443709970768321,0.5328212088790505,0.4980226029055214,0.5634037727419455,0.5541622134844172,0.5664416563639038,0.5970611506078068,0.5850431483337396,0.6242609626923703,0.615844747738495
0.5731554656572461,0.12273600114798627,0.10864919388137301,0.30658312159089546,-0.8030085675527963,-0.8844087176966113,-0.8407151779221338,0.7347069890234788,0.6598905062771692,0.24020200602273376,0.27517148411875014,0.29178430321943627,0.2970549561450512,0.29558288040455255,0.3238398977414762,0.32045733610930494,0.31849579393673755,0.3057175678309606,0.2940668558143282,0.30493987411540985,0.3314333625634975,0.3309265891893337,0.331063427769061,0.3174447523120281,0.3203222808258227,0.3380506545525556,0.3180773294698684,0.3182684183686145,0.32124193729335737,0.3211132752124812,0.2671274450789331,0.25521215559849025,0.227594713987497,0.175678206424108,0.12338219533236246,0.164217972314204,0.11867327985799725,0.1488907166493636,0.18340548114246033,0.18480431164942385,0.20013147901425307,0.2065229666393768,0.22961988177203574,0.2490634174309597,0.23928251275145734,0.2311092319608348,0.23849955897021105,0.24687554626315564,0.2529069339523684
0.5301243921249914,0.17099077786731956,0.15457340345080822,0.1840110010687128,0.29877628142809176,0.38616190026612796,0.4294218334867151,0.43282456013507864,0.4035568741877138,0.375973603605411,0.3555144680312189,0.35579829056520756,0.3517359888865975,0.34135488632133687,0.30414678799282824,0.293640063606683,0.2935545263299507,0.3073446966178946,0.31286585365512454,0.30842443088025684,0.29455706152231426,0.2904411006810201,0.28983780378529544,0.3042742071615045,0.29515913455485676,0.2932012690609247,0.3245953367831828,0.32134354514693686,0.2640270277469109,0.23116666446142295,0.1275295559786675,0.056004614331755645,0.20784856698364684,0.2708088478088241,0.7638553128313527,1.0201268710368374,0.49646298284052615,0.40624391003970506,0.6409065306395779,0.41621567742829074,0.7554376834488166,0.5182015351374645,0.5327583297015874,0.5192328696282886,0.4372156697144843,0.7065325876537817,0.7903683868171566,0.5135744493662665,0.29226348240617606
-0.283095079317124,-0.5328704711512073,-0.6718141760822708,-0.885541816682809,0.44142513073364237,0.210954572364324,0.37449903200993523,0.23641056925428303,0.23032867869056256,0.21509851888856837,0.17387609118535802,0.1453055607850234,0.13830571028247235,0.10556905929535224,0.11856162128254856,0.12848092229431887,0.14317121106172667,0.1242196995474924,0.14270398777507476,0.1646602118149225,0.16441712990207996,0.15733965361198113,0.14677022951203925,0.1288340169969175,0.1303127139842366,0.14037799817894833,0.19663779389769023,0.18415402208089668,0.17165202070330315,0.16086565156963745,0.13641329254480694,0.11998345947129743,0.1538563142072897,0.4186352869517741,0.1250918527939934,0.9645474724888734,-1.0271792784816354,-0.9419443745846988,-0.8658811977300893,-0.5411775951131065,-0.5622822873725459,-0.4789329475134394,-0.508557128957878,-0.45204432274163336,-0.28813228533650265,-0.4409023509242394,-0.21013117101225362,-0.1266214894306708,-0.5451156734535298
-0.5255005320883916,-0.48012537371194247,-0.43176863099884355,-0.3615912287427088,-0.24825592788281853,-0.4856898110099048,-0.31732793335075815,0.9742372716512041,0.9644648476269054,0.8285263791141252,0.4225942549930352,0.5412324248092563,0.4325395894028648,0.1549813302904772,0.45062782649275823,0.18632170090150596,0.10447168063760383,0.5928193821527777,0.4746727044037581,0.3875503885512144,-0.36914158090823695,0.7852407366340468,0.9744967376009223,0.7768852389525509,0.19366841659256148,0.6160986469630167,0.23184501501059315,0.2501105426245081,0.3173351841479797,0.2583624054621545,0.2104333143416982,0.43046414327509186,0.7896591147888504,0.1681092768176534,0.9312974918094391,-0.8479367314451197,-0.4711481769240932,-0.524734829490563,-0.4745092162340665,-0.2660670331665543,-0.2233548418779977,-0.10356726883320422,-0.09640477568726726,-0.09219583483137866,-0.12220710016817124,-0.15515983587211635,-0.1576798102688175,-0.16432874366984085,-0.15795774920091304
-0.6379566973298731,-0.6329846958022569,-0.619706049214386,-0.5798598819545911,-0.522739957733315,-0.4513818195713935,-0.4166464599775607,-0.3199227595740996,-0.28495366521538934,-0.2322627285045446,-0.22017065764326396,-0.1875378554954184,-0.18666077385675384,-0.19171216035121896,-0.15085645509621892,-0.16975747614620887,-0.25769602353638554,-0.2562928866294094,-0.2582550283762462,-0.21597808189746423,-0.2759007556441549,-0.2489432708177279,-0.2341503434291632,-0.36523441894397807,-0.7032170348811395,-0.7026935868662149,-0.5654075439875436,0.9804266712731902,0.41608437817482063,1.0417493056961646,-0.6432021806974235,-0.9957542244025087,-0.917598060651501,-0.7727088370641115,-0.46330601117826464,-0.18045973535845194,-0.9700952811041089,-0.9815819337893855,-0.7656794798110821,-0.25441973121948536,-0.3051777646559238,-0.21213290619548933,-0.07593719018758541,-0.1062528309333498,-0.12771429344904373,-0.18095329521586923,-0.1964031779783014,-0.18636106735521538,-0.17466172330947824
-0.762565502218448,-0.7700290754567525,-0.7388076312077818,-0.7165885232444106,-0.6560338619253056,-0.6168887886968611,-0.5930283586281995,-0.46482710643075115,-0.4493192243713358,-0.38790078276999324,-0.32279833091246385,-0.27372649537455185,-0.24620868304966076,-0.2303721114805365,-0.19139721005607838,-0.21194716364232385,-0.23494783603201383,-0.24746534070312048,-0.23713731044562816,-0.22909605103702252,-0.241425164260473,-0.25940686781709404,-0.26820466950334015,-0.2654381571430669,-0.34797539199900046,-0.5915417026439334,-0.5405017040548239,-1.0341014012709497,-1.0589791057162385,-1.0718982423456787,-0.2903999811043299,-0.14665691459677918,-0.30360307595216746,-0.2198282076415045,-0.06325511758376201,-0.048341636543776274,-0.05807924143244367,-0.0601917334465733,-0.062022198112211886,-0.08584868950330393,-0.11425212690738729,-0.16194082777972385,-0.1921326403614823,-0.1909628699839536,-0.1972504683333899,-0.21600127950350556,-0.2215273834877258,-0.22647353777655033,-0.23415262755460067
-0.8428202665188709,-0.8379574017435569,-0.8493420295917422,-0.8587955074080552,-0.805539325049753,-0.7938914093407808,-0.7831280695084605,-0.7363041414261928,-0.6573490925263592,-0.6117669113864922,-0.48668864263573414,-0.45977505853202577,-0.46334168735576853,-0.4380185457220081,-0.4140309141280455,-0.3692470778403311,-0.3453325071322384,-0.3419699140219818,-0.3350502539759669,-0.3572976048012469,-0.4122382652057675,-0.4106772275039286,-0.4207094543393871,-0.373287357401185,-0.31495806338944915,-0.28808888081321926,-0.3040732790902918,-0.30142697538097935,-0.30219675823639297,-0.3004998991022592,-0.26735893828939544,-0.2643514327208547,-0.2821618199415859,-0.23112549054248865,-0.1966468997578191,-0.17602924626142774,-0.18243669722391365,-0.18140977598334357,-0.1826284461944461,-0.1956595361660591,-0.20264469166488416,-0.2157015884968074,-0.21892111844345774,-0.23676522382926812,-0.2574700806893819,-0.30728843797556826,-0.3434149480204568,-0.35862809415597774,-0.35060133162489043
-0.9001025931350963,-0.8863437513171455,-0.8854923745328229,-0.8921197613931457,-0.8793379501858685,-0.875978203484872,-0.8498983041672717,-0.7717632654296225,-0.7687684549642988,-0.7291413494820709,-0.6720213464761473,-0.6480394539840599,-0.6385487369492648,-0.6045736180819213,-0.5496268087471552,-0.5006756533011846,-0.4684148972666858,-0.49717825544335975,-0.5117594713795273,-0.5058571420743012,-0.4923982364752347,-0.4711747071890401,-0.43875398634545065,-0.38145375062533465,-0.3706343798699427,-0.3585990579300264,-0.3350808587637747,-0.3317913124744695,-0.3357553089709766,-0.32326855294785606,-0.29223818425884096,-0.2834741268571865,-0.2739554335589672,-0.27433885749315434,-0.27644068876872047,-0.2721420833423741,-0.27521286338246986,-0.2752616180358485,-0.2687349053793273,-0.2696763709793729,-0.2820438731158921,-0.29839404407677317,-0.3003316919390845,-0.3035690455016109,-0.3089976429632197,-0.32552946767513885,-0.32665837881994647,-0.33129004896772135,-0.34886099734048776
-0.9455084365721431,-0.9026957202664839,-0.9071621156405368,-0.9027657666558673,-0.8727759136430931,-0.845053266256768,-0.8530908779807702,-0.8327467881066659,-0.8096951729513407,-0.7661582722191448,-0.7369803624880203,-0.6834939280441543,-0.6256068598247904,-0.5654941333639214,-0.5569302931597063,-0.5533712362839358,-0.5457047474788077,-0.5457461493454161,-0.5313761733416834,-0.5197371998814654,-0.48941209842112965,-0.46820810000577645,-0.4353858068342849,-0.4110643245717851,-0.39065442191783073,-0.3686217328314713,-0.3191927549111587,-0.30370201399240515,-0.3116810129737027,-0.31955307289747104,-0.33465158061284,-0.3504561769559304,-0.3528922112130736,-0.32170065153953903,-0.30968572981571835,-0.30048826452082045,-0.29273601186311815,-0.2931921381344692,-0.3017465222454962,-0.3115004760765232,-0.3235510139792292,-0.3353966812699019,-0.3419539277817381,-0.3469974923418104,-0.3521787500361807,-0.394362272752346,-0.4099984960515605,-0.42187983433078863,-0.42766112712111853
-0.9811626359959897,-0.9084709406665389,-0.8457413114755257,-0.8302302310795893,-0.8599539310314902,-0.8496861677646996,-0.8458948908089127,-0.7894764759611107,-0.7528051433557645,-0.7583153841160813,-0.7441596620149489,-0.7167499096149351,-0.7079632067078773,-0.6887737710984009,-0.6247535985173059,-0.6022641634586581,-0.5882332898778188,-0.5512970994345416,-0.5298626518731621,-0.5136602310363279,-0.4759436322759531,-0.45224443021357874,-0.4339096317072264,-0.43165646810018954,-0.41299100293947366,-0.3984214726983271,-0.3828098695843033,-0.3939473686348193,-0.40203364482007387,-0.4096836423901325,-0.41901428587122763,-0.4107494780078079,-0.40427330767469816,-0.4007024590222023,-0.4060216655518229,-0.4107649412974511,-0.4097445266191629,-0.40401510952388864,-0.41093352144137407,-0.45281501598695567,-0.476014348062358,-0.4951042797641289,-0.4916422456003783,-0.48494111860919276,-0.48358350267516564,-0.5018771459016005,-0.5239762493771085,-0.546281242389474,-0.5725517273419469
-1.00063405685712,-0.9912279423337873,-0.9802336202008419,-0.9500878392170554,-0.923820937468718,-0.9052757276725075,-0.8794804767743848,-0.8488341434263939,-0.8607790553842882,-0.8624796792929117,-0.9030802578323792,-0.8543581186592577,-0.7849374588074036,-0.745550763656518,-0.6833206023267566,-0.6458570030497761,-0.5913776935072761,-0.5564400928248688,-0.5616699288644438,-0.5551246050133292,-0.560359582744711,-0.5547439217253376,-0.541425588894008,-0.5413580944581566,-0.5446323465635227,-0.5434145407940344,-0.5321386241773206,-0.532568102486417,-0.53380180026022,-0.5291896786211226,-0.5460226780403847,-0.5577054957278282,-0.5442687409413199,-0.5291558210898039,-0.5190405982755855,-0.5212155272927649,-0.5421713662999056,-0.5413716630822363,-0.5414354099777456,-0.5554153111125928,-0.573387292036621,-0.5796140238792464,-0.5930016340519336,-0.6075283995128604,1.774949760673792e+38,0,0,0,0
-0.9925288058503522,-0.9699764405501766,-0.9591981322108285,-0.9476938758543353,-0.9107514785131464,-0.8999384977716859,-0.9051354259836782,-0.9025454131879582,-0.901508521837831,-0.8981362694383682,-0.8619965484857635,-0.8498346953279721,-0.8179922617438381,-0.792387700255628,-0.7523331178737371,-0.7399639846854079,-0.6989660751056718,-0.6434509679065515,-0.6254488869158527,-0.6240195536624551,-0.6187206224156884,-0.6155924781372185,-0.625017766532261,-0.6514863315039034,-0.6616577082530405,-0.6612224923562504,-0.6499226882602287,-0.6629918116755923,-0.6611588088817292,-0.6609346033164913,-0.6584895236729422,-0.648419248718061,-0.6415731955230252,-0.6567402929590204,-0.6588456185468836,-0.6650251853935402,-0.6956327763427924,-0.709943096528747,-0.7093753045668368,-1.232190579462728,0,0,0,0,0,0,0,0,0
