jsons/1312639200.json
{"header": {"parameterUnit": "m", "parameterNumber": 2, "dx": 0.1, "dy": 0.5, "parameterNumberName": "Eastward wave", "la1": 40.97354507446295, "la2": 16.46031188964855, "parameterCategory": 2, "lo2": 133.9931640625001, "nx": 191, "ny": 50, "refTime": "2011-08-05 8:00:00", "lo1": 114.97908020019554}, "data":
[rows 22 to 43 of 50, columns 50 to 99 of 191]
0,0,0,0,0,0,0,0,0,0,0,0,0,0,0,0,0,0,-1.4208991163190676,-0.7435655442987006,-1.581781531669951,-0.5099514022068837,-0.5873028192920176,-1.7362788720470672,-0.9438223715334044,-1.7660364528714563,-2.102125387575523,-2.2638264794629577,-2.6450549859945145,-2.854120300073851,-2.703230796364053,-2.6799454440435433,-2.621482274520039,-2.547010270164294,-2.5805097809006785,-2.5157162472964973,-2.3056758549958998,-2.049680389076468,-1.8784085560800796,-1.816905309544397,-1.6947987385240928,-1.3921396501826895,-1.1393244629641373,-0.24846362309926043,0.2121268439012095,0.6373039606779101,1.858538999089554,2.748760992175409,3.262419789012861,4.565661235836559
0,0,0,0,0,0,0,0,0,0,0,0,0,0,0,-0.5593444106749118,0,0,0,0,-0.6755831027008532,-1.3805422914583683,-1.7717069570637962,-2.046953465675653,-2.3494012203135424,-2.918347163238748,-3.2701956744633156,-3.5285173565150836,-3.830250260936221,-3.9707456483724406,-4.089671452549695,-4.294990829691987,-4.371369811866388,-4.430601217571828,-4.4549511592860975,-4.600432964261535,-4.50482572031242,-4.499007234269617,-4.50478652347528,-4.249599650705979,-4.095887909104805,-3.6305560628924374,-3.408642934968124,-2.179514937224517,-1.6151522630614725,-0.9005094817189198,0.4960334092222741,1.1194228625870362,1.5536034015728912,2.896566545946747
0,0,0,0,0,0,0,0,0,0,0,0,0,0,0,0,0,0,-1.1858368430506068,-1.6958988246611513,-1.683095457694432,-2.0257345599018226,-2.7588096335108663,-3.1528136435737264,-3.698004257058487,-4.164213556032421,-4.361511762319314,-4.662655236470469,-4.957553450571733,-5.117591087691804,-5.53099089177803,-5.883011912533273,-6.007751251357326,-6.033097585157761,-6.091388373675546,-6.321763153750951,-6.281854323592592,-6.362576218406944,-6.497572600042077,-6.314121205540704,-6.24470617482363,-6.008013931301487,-5.686459429774713,-4.9250174370793,-4.2209219652937024,-3.4625422919725977,-1.7881230224800464,-0.7174289365499086,-0.23934778218220923,1.2955105526016568
0,0,0,0,0,0,0,0,0,0,0,0,0,0,0,3.3038944722661223e+38,-0.929091695319226,-0.74310729302499,-1.4394052344810386,-2.4099913747786097,-3.0475416893743072,-3.4070111448540454,-3.946405287360776,-4.235999444603954,-4.51036023495402,-4.920097458097823,-5.118243998852494,-5.328812941201532,-5.610801614687028,-5.75746574269912,-5.908210104083203,-6.229534163842108,-6.430405551961916,-6.544718772519867,-6.684881387029593,-6.9368656889028,-7.03771063321522,-7.145489022386592,-7.3153281662324074,-7.330624992566122,-7.330525268850162,-7.327696083876736,-7.283103593266988,-7.1956559631556765,-7.066289763714492,-6.872691728561301,-6.293141717095809,-5.871581989617817,-5.155615193613465,-3.1500772154199224
0,0,0,0,0,0,0,0,-0.4661790620441889,-0.5083789403475324,-0.7893423770960106,-1.4606975817634253,-1.9868995579783089,-2.099910579826853,-1.9528432402952904,-2.163965627090692,-2.632093969585542,-3.0176309493382343,-3.273328777558816,-3.7307429083863166,-3.982819117005209,-4.238443099302867,-4.519961020009206,-4.667270318228411,-4.834408266665972,-5.079832341273005,-5.179527942104698,-5.327214894924624,-5.572599028528416,-5.678807528972099,-5.781707874458197,-6.032217644091528,-6.108367087381795,-6.20769710360458,-6.273357730787281,-6.485983560567406,-6.560542487899599,-6.582755487826944,-6.476402069528646,-6.504001733902719,-6.500083315654513,-6.420267742423617,-6.389421289773925,-6.2907699950607645,-6.110147691176332,-6.021272878042065,-5.79790800747081,-5.508772876597085,-5.293878310932657,-4.7693483047987835
0,0,0,0,0,0,0,-0.3757954598032551,-1.0771264204242297,-1.6267010498835826,-1.877149187634517,-2.169562039047136,-2.535622530085672,-2.723417766674438,-2.922134897188427,-3.0947548188705896,-3.3794405374623415,-3.6311386299623414,-3.8629417551444236,-4.111907234429966,-4.283391113211582,-4.416019203612355,-4.658694896781878,-4.754220293509397,-4.866181093811938,-5.058315201064235,-5.17014159639867,-5.243602448133861,-5.432099632624481,-5.492563126594108,-5.52736986419598,-5.656567863340653,-5.69837786353175,-5.650053469555488,-5.6445845334938465,-5.738518021761868,-5.721403271238655,-5.738012075083502,-5.687768406218683,-5.615373174472264,-5.600162853105337,-5.558727051942349,-5.436297068341007,-5.273147743946569,-5.21781050858602,-5.086009759420188,-4.809738525064928,-4.225000358267862,-3.8891538829706014,-3.1689523731027256
0,0,-0.8765536086186724,-0.37186326889345506,-0.776359260084248,-1.0617613278463196,-1.4613148430192606,-1.7046121284855749,-2.029830892934291,-2.2739595380598776,-2.46882013724548,-2.66080106015094,-2.8886741275566052,-3.05677032187686,-3.2301111556304214,-3.3686774395632773,-3.5971420531801557,-3.7682767285168026,-3.9173543924528147,-4.107318602956431,-4.242703243552788,-4.354858709582716,-4.508872093897835,-4.589761834782688,-4.700329642631494,-4.879057285162665,-4.925251158935151,-5.039128247929684,-5.15070197062124,-5.198928856588277,-5.221878450785675,-5.370561838745598,-5.405149220532078,-5.417348417415677,-5.4607144624751385,-5.458646713834708,-5.338812241674772,-5.210599212700877,-5.204874791326529,-5.156199385087189,-5.040560758882244,-4.962295481153902,-4.842967940079817,-4.561876195677663,-4.260949961975041,-4.006145527788907,-3.535081663254739,-3.0442856169328962,-2.803513117961574,-2.172064393939454
-0.6122290567020032,-0.7776481522436416,-1.0226177341436904,-1.3135844760682795,-1.6619944878923678,-1.8266716921345965,-2.0451032240678684,-2.195084652509732,-2.3672151661998995,-2.570380657367582,-2.6706305284801015,-2.860806057365372,-3.0085624140445244,-3.1470053011229906,-3.326244176696004,-3.4106338308205326,-3.537663935032956,-3.695528300700293,-3.779109582754706,-3.9461868173274417,-4.075463179955671,-4.15813556673731,-4.3050111708566625,-4.386224686263993,-4.4673180681493125,-4.587625795783992,-4.66594363595018,-4.709575084740781,-4.848054591264022,-4.884796461417574,-4.908585770390036,-4.991852289224093,-5.026189597384094,-4.985454502241125,-4.968652335334936,-5.00239525533388,-4.988924932368489,-4.954198753640485,-4.9572697186455175,-4.846502642630876,-4.821404987387296,-4.673345186306766,-4.521099832209465,-4.136593272597202,-3.8701691867178756,-3.7175438776064826,-3.140022604148955,-2.7258102651365954,-2.543163450120529,-1.9510100886006574
-1.291358110939372,-1.5171724598120506,-1.6390197454502766,-1.8206930692281695,-1.971212886472218,-2.079799497191522,-2.244598960026747,-2.3428001619481638,-2.513241365156547,-2.634438968589931,-2.743096070643102,-2.9052319015693726,-3.0594891707043503,-3.1486048104845055,-3.281927194128889,-3.361686972791102,-3.4799561442194977,-3.5786217122465764,-3.656673376392242,-3.7921877361405736,-3.885801074110214,-3.9555935890426728,-4.096357816691164,-4.162035479623954,-4.257646270984991,-4.384149473544758,-4.4341926893662205,-4.487943813757308,-4.6093308409257725,-4.667268958708021,-4.743496161054383,-4.848211109532653,-4.889984753370329,-4.931956212848441,-4.97906110218253,-5.110328503919884,-5.124477902493483,-5.059574339177345,-5.043160899498295,-4.929227326393778,-4.766291904499101,-4.626161851326258,-4.397588895167066,-4.054219522773787,-3.7484844268523134,-3.46986627577304,-3.032531948729065,-2.6252613505509887,-2.468183445226956,-1.9399513550424017
-1.5358631162942322,-1.7474415302464457,-1.845790324161226,-1.9914873902692711,-2.1343324664714904,-2.2137860650641565,-2.320044501012244,-2.435705611004888,-2.547355420172195,-2.6857259247294674,-2.77104924750037,-2.88803877005129,-3.01859017000475,-3.0977000501899403,-3.178745843622227,-3.258263354641214,-3.369643847096645,-3.4677490692285144,-3.5252521510199903,-3.6741046874100287,-3.761602322984157,-3.827932138971096,-3.9524004876413925,-4.009800439435285,-4.081328919519373,-4.186632917462352,-4.255484806540901,-4.349710742453165,-4.488732160231661,-4.549917203907527,-4.631566513125906,-4.750536791515624,-4.828226913226462,-4.887353264090999,-4.95954457167325,-4.994374794939927,-4.9842401685488795,-4.97157115239201,-4.930474369275335,-4.79477134489311,-4.67105640124791,-4.497886209292559,-4.325977005012522,-4.036642275206158,-3.87096593165145,-3.5147958648946473,-3.078128465088479,-2.777273183735839,-2.6226675328237317,-2.275085465805985
-1.8305850535637356,-1.9453134027860584,-2.005879372910814,-2.102863973530382,-2.204074864007129,-2.2878742986921616,-2.347837664571931,-2.4460429435713156,-2.477308250490204,-2.3537344935522193,-2.223718512140913,0,0,0,0,0,0,0,0,0,-2.8180429601419767,-3.2299785043771867,-3.562133557227496,-3.691496348787262,-3.8214362227796013,-3.976405407362526,-4.06799702065859,-4.1374518899042645,-4.290629472373369,-4.344555336087949,-4.444501931492111,-4.566722635076423,-4.630958409460539,-4.6918727296927845,-4.745608700260989,-4.800261835064739,-4.811271510979933,-4.816020369462738,-4.799218725432944,-4.691996737094422,-4.583666550121811,-4.448194500742759,-4.366886871177179,-4.286378261491472,-4.072780804352622,-3.8432193077014665,-3.565039277053234,-3.3844119087890765,-3.211286134318277,-2.8931945141444073
-1.686154495760241,-1.7230358040087903,-1.7287064626867663,-1.676589293984571,-1.6018635777159647,-1.4969809613177205,-1.265006255038149,0,0,0,0,0,0,0,0,0,0,0,0,-2.30612505643639,-2.708920874501515,-2.9732461242301516,-3.254011707080022,-3.368256838019111,-3.5808344585667293,-3.7215251920218884,-3.8111461105761633,-3.904514585566469,-3.995432963187054,-4.058669286988726,-4.138847217852753,-4.26380592171386,-4.334276701061674,-4.386108022422937,-4.472645271515569,-4.537634010811376,-4.591187028718571,-4.5050600814953645,-4.3062791277397015,-4.5102844575351515,-4.494856956788576,-4.018154358818718,-3.155704457200015,-2.0108348176504713,-3.9263063932097646,-4.067004141311179,-3.8957770787589348,-3.7956546362408994,-3.6974935116463836,-3.42642120520052
-1.2059757351307516,-1.05685389500063,-0.9787766299717217,-0.8568948023112147,0,0,0,0,0,0,0,0,0,0,0,0,0,-1.9892394381080336,-2.2774162066542196,-2.594971763932189,-2.826254188084455,-2.9572333578601664,-3.146838320577589,-3.258561618449603,-3.3909242892375717,-3.5395440339961453,-3.604833589748466,-3.695070978179182,-3.7996580470777492,-3.8491254723773425,-3.894399841023119,-3.8883187890460484,-3.833253725279765,-3.7727199658568575,-3.63582810145201,-3.368951767011485,-3.0656550854607767,-2.88160982424084,-2.7785961355848596,-3.0569783985133356,-3.2175625818131315,-3.4929930740465167,-3.548581528771029,-3.610120244203556,-3.7177345593931945,-3.791641697321659,-3.7571722191432064,-3.798913973246088,-3.708181890022262,-3.540726477997468
-0.6625466235551882,-0.4828455541803557,0,0,0,0,0,0,0,0,0,0,0,0,0,0,-2.0256406818825554,-2.261914580464977,-2.4298978130534175,-2.616904190581389,-2.7953834335568533,-2.891886024213467,-2.9880477971365766,-3.0616660446739408,-3.1483098273499346,-3.2189671571749434,-3.2571373559569747,-3.265416156309815,-3.2758548806683896,-3.246377980754183,-3.2006173399477227,-3.154166387691075,-3.152403594280488,-3.1132234732059807,-3.0977990247526193,-3.1341472198565175,-3.139872315527774,-3.201742803201614,-3.320236513633365,-3.3697231010656257,-3.4435429093947065,-3.564945729880433,-3.592623680332068,-3.61033718409454,-3.657866701617355,-3.6503530550982033,-3.5764015670253952,-3.542427702120851,-3.4836680846681527,-3.3831579454048324
-0.4464826461790743,-0.13312427781400002,0,0,0,0,0,0,0,0,0,0,0,0,-1.8205752077830153,-1.9953753240709546,-2.189367349598077,-2.3484626480665254,-2.451796338791536,-2.5452220274836694,-2.645235008183318,-2.708373485028668,-2.780240991221368,-2.816547437011346,-2.855442455149363,-2.8898419103193183,-2.902183420184352,-2.917820241377041,-2.9218958800511348,-2.9373974441780493,-2.9373295890299143,-2.9905241235058417,-3.012003000330678,-3.0524234904913317,-3.080161873918805,-3.154449755971632,-3.199597283256981,-3.2536891590180788,-3.346014941677365,-3.3599900261926794,-3.401936660811396,-3.47551918606947,-3.498875210009743,-3.483267684284112,-3.490591286169556,-3.4639095477731257,-3.3978808110963596,-3.3485494219823946,-3.3133425279235307,-3.23948521708762
-0.34816626166326803,-0.29228515843642255,-0.35428299401462476,-0.4757918362566265,-0.42091110306769286,0,0,0,0,0,-1.5033764747575684,-1.5201857621280321,-1.7233519693087918,-1.8531285829396573,-1.9917615991514517,-2.057735181996035,-2.155845869607488,-2.260428667639476,-2.306624764369465,-2.3764435757624507,-2.4442284462659716,-2.475303651828636,-2.514170887519144,-2.5416300285807982,-2.5806946494869134,-2.6188106263705127,-2.6429970865039376,-2.67500812899109,-2.743568114906753,-2.767308782626303,-2.8047994982172457,-2.8790569245598108,-2.925423666822141,-2.959805870651414,-3.011105806641473,-3.094917181886359,-3.1257919100552054,-3.156089814566778,-3.223017893881371,-3.259034714230835,-3.2753005799615598,-3.3121489329308216,-3.3151738200989294,-3.293896562585369,-3.2793350722722363,-3.264728883240618,-3.213205358074909,-3.202944534262737,-3.183610212191253,-3.1368842336674576
-0.21055719937783865,-0.24282538698710165,-0.23692748534380598,-0.5781972196862565,0.3295047992863593,0.604656866942617,0.6490436537309257,0.7425250790764393,0,-1.3344966391784,-1.5507298327913461,-1.7088902325816524,-1.8225564444850602,-1.8798791456540207,-1.9654408304222548,-2.0169211947867383,-2.0869920242932007,-2.14935616124441,-2.180935465369685,-2.2313926306010914,-2.288821613351011,-2.3198107565444106,-2.384702030756177,-2.426523173434846,-2.448059394601532,-2.505415908235845,-2.5458755147277317,-2.5691312715050185,-2.6349024183249607,-2.6621170440352486,-2.705850497762571,-2.7864771692376333,-2.8086038115294123,-2.8595526281896,-2.9375913098157023,-2.9968989845820904,-3.027216971437353,-3.0335051835401323,-3.0614475066743814,-3.06752256413917,-3.0858239621382557,-3.0902908300286027,-3.088464296325093,-3.0613048022552944,-3.0745098514363227,-3.071450757012,-3.035085716323387,-3.0374997496643483,-3.0160641240043162,-2.9777324628841697
-0.9823566697273455,-0.9637436784449425,-0.9774238828615357,-1.1446213248642365,-1.1958977440437388,-1.362929139418661,-1.502990046524051,-1.5747117861665945,-1.66747408274479,-1.7124912658503835,-1.7449836794742266,-1.796399151126623,-1.8457867897439415,-1.8730002956034135,-1.9375382576594247,-1.976706680718248,-2.0360795736530934,-2.0789279272130496,-2.1232759930339133,-2.177666385636074,-2.2254287072779864,-2.244155846963835,-2.306736261273142,-2.3473327732371945,-2.382402474901906,-2.445559069276041,-2.463497125829505,-2.4957919263616746,-2.5732258699811896,-2.5955371174124084,-2.657648279619286,-2.7217610629779787,-2.774797743015517,-2.7963730449070408,-2.822237727856713,-2.883670194972175,-2.8954855512498474,-2.922846329700981,-2.930876001422846,-2.923404211145629,-2.92111802019579,-2.939119279587386,-2.945997414868353,-2.9387056969028387,-2.941518555578509,-2.929323657341207,-2.916856339063592,-2.934126233253701,-2.916453966104087,-2.8864995731579404
-1.2313396331389495,-1.2743851891835236,-1.314144081359269,-1.4242187441079959,-1.4654131561285142,-1.5073338512017642,-1.5783583676453086,-1.5842686427313537,-1.643746311299142,-1.6854060670920366,-1.7277152966760307,-1.767219783701952,-1.826465287704228,-1.856980708525402,-1.9054034014206849,-1.931468532088833,-1.980595048615236,-2.0295590548502096,-2.048318768918609,-2.1243034942696344,-2.1483346656135067,-2.1770054475582525,-2.213088050975673,-2.2515137715502873,-2.29381985596341,-2.352069048459472,-2.3842270613861647,-2.4266288617385627,-2.4960404483881566,-2.53324670037577,-2.577150755573143,-2.6210268211800423,-2.642801238653224,-2.670568778608376,-2.6882517995501423,-2.723545430456519,-2.7203056728586152,-2.7395610006289037,-2.7727093575071344,-2.772235302122742,-2.7817837048932508,-2.799798201377015,-2.810797268720041,-2.8032386716319,-2.8019338381191248,-2.790932836656229,-2.7730891225165877,-2.781613825408104,-2.7757226761307034,-2.75486469036446
-1.3325679634848022,-1.387941926875714,-1.4033906682461932,-1.4629541552879919,-1.5034958506395841,-1.5293514507546646,-1.572692204060385,-1.6149978759593056,-1.6473577844544123,-1.6973783058524567,-1.7079162184506276,-1.7665701418265083,-1.8230075060551363,-1.848833261726863,-1.879750198480593,-1.905746294014983,-1.9614508417354928,-2.000948637514702,-2.0331936941915503,-2.0819907588436983,-2.1153623075255035,-2.1375901890252185,-2.179963824467562,-2.1922812756641825,-2.245604782297213,-2.3049059896723114,-2.3403505377882325,-2.38993462222133,-2.43768588712703,-2.473310966061865,-2.4863950709851266,-2.5310462352426035,-2.5554900806997174,-2.583263064246429,-2.606247892032447,-2.6107791238943845,-2.6092304496347967,-2.626375282182179,-2.6569581329406735,-2.666607691968525,-2.6861485745667655,-2.689323781706009,-2.690404501126897,-2.6820354314955517,-2.6930255882892253,-2.697951972766986,-2.6762763463254577,-2.6687633213177997,-2.672851869574538,-2.6539261543563764
-1.3400570829750296,-1.3964566224938584,-1.4252817438631429,-1.4736512359849447,-1.4992763855830535,-1.5330010390016304,-1.5703694232090473,-1.6017222153251383,-1.6528696826173148,-1.6819112380738548,-1.7234352244518252,-1.7760031351385845,-1.804566595275056,-1.8366710312479406,-1.8757772695668575,-1.8895498567396813,-1.9264973977769169,-1.955276584179673,-1.97224772208367,-2.027156793282275,-2.065254676898424,-2.0898539370064997,-2.1643790785213137,-2.1781261797926366,-2.2086343304227607,-2.263124824960527,-2.284637789993417,-2.3180678687307563,-2.3563984175497406,-2.37314061631283,-2.398480113314594,-2.4220033027497796,-2.438408312033272,-2.45026825093825,-2.4687695832616887,-2.488005516107977,-2.505947676694293,-2.5220720705387487,-2.5548812314665197,-2.557424442198365,-2.564038533968652,-2.5898600896834676,-2.5961140871479693,-2.5920487590158,-2.5925168193983192,-2.5941685424608507,-2.5908144117256686,-2.5895188667350646,-2.585228491595888,-2.576338240889029
-1.3776636654463548,-1.4077151349039025,-1.4250342240656644,-1.4792560695027217,-1.5114914306994933,-1.5369970138252824,-1.5967527561857653,-1.609530895163206,-1.645264467750592,-1.6994313194925956,-1.7085915719412823,-1.7468541666018886,-1.7937013145566114,-1.7999681414507978,-1.8346861365270417,-1.870122674507971,-1.9043544302253013,-1.930010889388227,-1.9549513819016164,-1.9901313262857465,-2.03032903273848,-2.0524830600234822,-2.0850791446142622,-2.123155474611867,-2.1614038667096644,-2.195974357586884,-2.2214234206181147,-2.255339000821104,-2.268611879818505,-2.286142947918572,-2.3180886160835055,-2.344592870213514,-2.362810859726493,-2.3787133024376343,-2.3859269317456193,-2.4100212472275646,-2.421288730430928,-2.42075926060145,-2.456882446615552,-2.4703245574753514,-2.4766172669303845,-2.498864623370574,-2.500239895020998,-2.5048956215503826,-2.5254700917469073,-2.5195385463123006,-2.50686179438202,-2.508250167892434,-2.5140413557686885,-2.5085161864788703
