jsons/1312826400.json
{"header": {"parameterUnit": "m", "parameterNumber": 3, "dx": 0.1, "dy": 0.5, "parameterNumberName": "Northward wave", "la1": 40.97354507446295, "la2": 16.46031188964855, "parameterCategory": 2, "lo2": 133.9931640625001, "nx": 191, "ny": 50, "refTime": "2011-08-05 8:00:00", "lo1": 114.97908020019554}, "data":
[rows 0 to 21 of 50, columns 50 to 99 of 191]
0,0,0,0,0,0,0,0,0,0,0,0,0,0,0,0,0,0,0,0,0,0,0,0,0,0,0,0,0,0,0,0,0,0,0,0,0,0,0,0,0,0,0,0,0,0,0,0,0,0
0,0,0,0,0,0,0,-0.2154249886784976,-0.15177265712206955,-0.1491736520415819,-0.11827456389733333,-0.0641004508233914,-0.05701226060261642,-0.04662219534919816,-0.03150659007761387,-0.02377635807767931,-0.012225497631158355,-0.005588101199563675,0.014627775164774577,0.03117354363767003,0.0639749494908091,0.12084409390103912,0.2843566533529136,0,0,0,0,0,0,0,0,0,0,0,0,0,0,0,0,0,0,0,0,0,0,0,0,0,0,0
-0.2737732087763732,-0.15730639094680246,-0.2085181428947395,-0.20153065212663604,-0.17484366408611662,-0.1700844361168952,-0.1470461973128773,-0.13977538802093178,-0.11839002091102908,-0.11802198936969542,-0.10471747006577138,-0.0856333691419396,-0.07215788389974119,-0.04834033878855132,-0.0003119436529957115,0.009050173811711705,0.07729060334711935,0.17181866165457388,0.2763653655672276,0,0,0,0,0,0,0,0,0,0,0,0,0,0,0,0,0,0,0,0,0,0,0,0,0,0,0,0,0,0,0
-0.2938651697903626,-0.22612357860167226,-0.18806937378228508,-0.17435113693362644,-0.08992237844328278,-0.05064211527279452,-0.04210613843587977,-0.03137882500695596,-0.0035660575145401155,-0.0013292358424657593,0.031013616333112372,0.04545611690634333,0.059980825374762986,0.154551381864111,-0.250210315779208,-0.4783076077890901,-0.10439597074954851,0,0,0,0,0,0,0,0,3.2095004936139395e+38,-1.0234407292831948,-1.1450452294697655,-1.221843594418556,-1.2883602105203111,-1.3345250197936613,-1.3722616817906332,-1.379571351462469,-1.4113020638766955,-1.4321843700514558,-1.4974880165055373,-1.4697976652894764,-1.478816685862579,-1.3656286524706516,-1.1695111970422305,-1.0101661270229205,-0.8696855995265373,-0.6326820584536602,-0.4292881305489784,-0.2613589209583026,-0.17100455208357324,0.01780086315936752,0.11353319772364155,0.17316012514095985,0.2972360348739361
-0.5619914177982966,-0.5683931994811455,-0.58682260695673,-0.6327593683811769,-0.6092831249761976,-0.6069433318776623,-0.6070601757474784,-0.6174333791251251,-0.3704680244520358,-0.1087874724583507,0.19552043008636905,0.2692896268928503,0.10041641441913564,0.182536277646685,-0.07237182453222331,-0.11058682086398891,-0.642056150654058,-0.754566174133271,-0.9123304054678667,0.28943617514903136,-1.326034995043821,-1.4018809148437843,-1.4676140773750161,-1.5097917013372537,-1.473719630131623,-1.5059486468589707,-1.512982929682151,-1.5413615242398382,-1.5844519097649585,-1.5919678501548342,-1.6381032416417645,-1.6721220007509783,-1.651371775494523,-1.6869534958158954,-1.7425895587000702,-1.7705087860289495,-1.8773923702154616,-1.8474380178482657,-1.7751473155582913,-1.500659494637872,-1.2239379407704962,-1.056449534506537,-0.7642093005138786,-0.4299871620762732,-0.18817226638345635,-0.036757852634738165,0.28187856847196624,0.46373165531873956,0.5747213354184769,0.7111795886360514
-0.5785736707758834,-0.598553709114165,-0.6308059191802324,-0.6600622090320577,-0.7106690055592642,-0.7449108925106782,-0.7960080302722193,-0.841034637043513,-0.8767448290290611,-0.931941962059994,-0.9650942921029515,-1.0430162680525887,-1.1007493857856012,-1.1396444047833663,-1.1912175089727726,-1.2069291412427754,-1.22929448460434,-1.2508376217138855,-1.256930321281982,-1.2538536423011912,-1.1871360134506186,-1.1734568677668031,-1.1352188564804426,-1.1418651562712028,-1.1498566693770287,-1.1248642146222494,-1.1100729360665165,-1.111188176096454,-1.1009368317900576,-1.0728422144108938,-1.1360947179505536,-1.1429709371062091,-1.154342471829917,-1.2296529155930285,-1.3468383186360995,-1.4297183864648306,-1.740930761033908,-1.8242113652353724,-1.8134788034849274,-1.3573535776521972,-1.0298008017954778,-0.7783492135311445,-0.48990634666308647,-0.0583014878476591,0.12950681062369118,0.36272658604101593,0.4767864278851872,0.6604641681316153,0.784317243435891,0.595661900575309
-0.2677883754572983,-0.26817709449583577,-0.2683905834459098,-0.25236638335538053,-0.28601586784073363,-0.28985137157480756,-0.3362399264929555,-0.3712857636498556,-0.43256911437920464,-0.47452776476358327,-0.46733203363612835,-0.5272032722760973,-0.5663892650978886,-0.588067107642373,-0.5602109402525276,-0.5957281200004003,-0.6458482241402023,-0.6652023354214441,-0.6860710924231755,-0.697802803997512,-0.7103676816040633,-0.7157400875382943,-0.7093642440870408,-0.7192681686359522,-0.6913655773424849,-0.7025795659835248,-0.6549912986989331,-0.6051092206718799,-0.5486791295128439,-0.5268952346629115,-0.43939197222266874,-0.4037878345651334,-0.37589722815984394,-0.33522962032713205,-0.2612779215697708,-0.23455442021376124,-0.648763582883126,-1.2702340909934935,-1.6657159870715776,-0.08480063689764093,0.14439205873826222,0.24926951819511878,0.2669578311369214,0.3887552300379805,0.4487778756907343,0.5428562712347127,0.680697191649685,0.758477047037554,0.9026460936163213,0.9343959179555893
0.1951256886480133,-1.1076007511234923e+38,0,0,0,0,0,0,0,0,0,0,0,0,0,0,-0.3781769980053893,-0.20830213170199724,-0.16200908824892532,-1.405103643466504e+37,0,0,0,-0.5094254838572004,-0.43567342678202353,-0.543406176943345,-0.5785654379977511,-0.4555019002051563,-0.34839036423834097,-0.26662265345666847,-0.08203092532140599,0.03527715428848654,0.13358846949404357,0.4143804274728752,0.6628002802858111,0.7606669633234204,0.7669556607181929,0.5380940771443605,-0.48185053141959233,0.5822357514120308,0.945821163063214,1.0063583387490598,0.886796670549719,0.6637020734463476,0.7014588448048378,0.6806437689687961,0.7214898474564401,0.7619915686388394,0.8134956872995307,0.8714197036856324
0,0,0,0,0,0,0,0,0,0,0,0,0,0,0,0,0,0,0,0,0,1.7764950912447764e+38,1.0557477835213632e+37,0,0,0,-0.7571205263645701,-0.346036235494704,-0.1666664082134589,-0.0007029537989919491,0.24001093786459946,0.39322857587010507,0.5304880023227778,0.8636001135210015,1.0008803342999806,1.1856364182014847,1.3144733751834965,0.118411612176017,-1.0786694369184184,1.4151424132227945,1.3303691176628663,1.3591535935034613,1.3252466306986996,1.1740202843567042,1.1509608780024232,1.118756478802122,1.0657849729081643,1.0758123650326306,1.1019826230297471,1.0406230363427076
0,0,0,0,0,0,0,0,0.07601313849493334,-0.48318566421225767,-0.12812291294849484,0.05161532061682237,0.14040174272885048,0.21531701076426907,0.34022126395404584,0.38813246474916274,0.48710106237487183,0.42143198807521515,0.4511763609089131,0.5063895071729984,0.4378122154702614,0.37934955908809403,0.3037634520040748,0.26610155411241226,0.19570973413165751,0.21639097580627478,0.2177150359818614,0.24415986781416302,0.32446738441437717,0.3910755120274385,0.6829405706540893,0.8288366221303374,0.9295123560477537,1.1520724768221668,1.2611633489175116,1.3342958019155287,1.1624113173577,1.071115668065078,-0.6272914103283035,1.2992387918692008,1.3210102322066335,1.3660254710492716,1.2733241533920558,1.237118080073044,1.2002234950041548,1.1542261425333977,1.1277609347459083,1.1363362843556226,1.131050235376718,1.1085294932120575
0,0,-0.4716721304046604,-0.6033137818051294,-0.5294823406066057,-0.5354164619474631,-0.5937791982708874,-0.4924265020657497,-0.3290118116166719,-0.28261760788123164,-0.17805999092106992,-0.14086035996262977,-0.09208694276916714,-0.019319268077455876,0.05318389126428735,0.11387643579540992,0.14680228051198382,0.21526992686024343,0.22288430729107758,0.25364992371649747,0.2634512106365993,0.23391793262915384,0.29223802879885874,0.29191886547989654,0.43362730405792227,0.49460764730219403,0.5602393430100118,0.689413464706439,0.7574269737782715,0.8073045623549464,0.9483398940072262,1.0760974293732126,1.1252248743329019,1.2719867485504799,1.3205051165347115,1.375479609038226,0.7330787528635793,-1.4292209862983085,0.6984896717455786,1.3294890679619547,1.4112916575596455,1.3784368659284654,1.3167370298541539,1.2485480111558676,1.200516463386588,1.1726929168329283,1.1203443652141898,1.100348317803624,1.0777667510643518,1.068219068999617
-0.6117497974131356,-0.5559283224775065,-0.5319119850084024,-0.5340058832909382,-0.4487487395557367,-0.4379464382617856,-0.43137160377910144,-0.41299811611454734,-0.36216472386086845,-0.35502689937767457,-0.3122963112631627,-0.21715968046776232,-0.16873469000186275,-0.09552809684695575,0.029604579770951756,0.06161819588485168,0.10214919098132277,0.14733953455825702,0.17142279543825856,0.2143562207505789,0.29728438647422023,0.34673625509519757,0.38530184147721086,0.4059001146737822,0.5528328771528941,0.6194227463860886,0.6903244779156463,0.8480993427975207,0.872372291157951,0.9021599763102195,1.0265241282561752,1.076351975392906,1.1242655346309953,1.2200808625633148,1.29155356612867,1.3277239491097197,1.2075392692807245,1.3721236067299354,-1.107058057822969,1.2543964101220342,1.3871959466892563,1.3888328673531178,1.3594294359483738,1.293033780849247,1.2666078529839875,1.2418568339841358,1.2052671798750487,1.1748411597262711,1.1348600249262197,1.0962020401370827
-0.3972103608965682,-0.3592924996353749,-0.3536298237636119,-0.35444552826467246,-0.333248795720691,-0.3167978393222267,-0.3125516600344397,-0.2764049142280282,-0.24172066068113898,-0.23442216860070572,-0.19636330977404134,-0.12632877921522498,-0.12026215780485484,-0.11599707531473079,-0.06614346233564457,-0.0530880992882882,-0.04914464179768311,0.034866796543818024,0.14092354577736485,0.18175128302573557,0.27174134639505865,0.3301456375166201,0.3835896961636773,0.413493296536435,0.5865396989739975,0.6539736330006706,0.6905496371394163,0.7974227508564798,0.8561169007442415,0.9214383273208203,1.067806144291162,1.088581697434404,1.1213904430466146,1.1877325050501704,1.2311068770416265,1.2542316906451365,1.2678622249871818,1.244630051202049,-0.10358911252493619,0.7052405448755489,1.110420902732717,1.2646076639849693,1.3211762484019696,1.2757023311934128,1.2489718892602142,1.2397283223303863,1.2099543012892153,1.1961488463707104,1.1693768343392874,1.1464672791716937
-0.24573334593172083,-0.2388855528959135,-0.22866758761162612,-0.24400329703537013,-0.18344499394101285,-0.1444971045418887,-0.1265834979103738,-0.11583431228628259,-0.0918991914740614,-0.08572702118102395,-0.07920339178712285,-0.05897044257982399,-0.07235721827166858,-0.07990005675424325,-0.08938884896604803,-0.09507395778497896,-0.08583755694441364,-0.04866127777528541,0.01970579107570896,0.06378396423688762,0.20856066044835803,0.2791877125467285,0.3314778279412627,0.3939194972347598,0.5374618108922896,0.603087866759457,0.6733771443836284,0.7850501325260102,0.8380930197828687,0.8685623592487599,0.9381793404646515,0.9705420026085574,1.0025134837902347,1.0706151067474188,1.0971335422117816,1.1287621625914286,1.1783432322025733,1.194640890042821,1.2238526184111718,1.200418771017131,-0.5619474908163151,1.1171196343709864,1.151698359917955,1.2646193987577221,1.2750926276391676,1.2646653389287477,1.2264623879450969,1.2107411745622283,1.1986369769586784,1.1636264323265488
0,0,0,0,0,-0.24820311845999155,-0.23028282016520746,-0.18569535873430226,-0.11000713548586533,-0.09099684536342362,-0.08726592587680801,-0.10671855762226636,-0.12214682287370723,-0.12261027379907544,-0.09255940479989977,-0.08106856749373852,-0.08383675550117324,-0.0388697049788955,0.022987178557719024,0.08891324834715536,0.2124646143390043,0.2811824319085944,0.3370473906370955,0.3919441500758776,0.5111317825233531,0.5470272058286181,0.6094080339164077,0.6931826031610389,0.7436190686754356,0.7835206464171838,0.8575760084111651,0.8920923833922777,0.9211719597591558,0.9885247347441303,1.022228525134505,1.0462553218555444,1.099256414725483,1.1256380428933643,1.1412650076529498,0.5761644450727591,-0.8050740785773185,-0.518508344650353,1.18329743969488,1.1677359630722517,1.1854644608640623,1.173222493164452,1.1401911711340469,1.129994438773183,1.1225526879217842,1.109267620796295
0,0,0,0,0,0,0,-0.28445527308701385,-0.17748496006891482,-0.12127251690615493,-0.07039851729776352,-0.14260089341593182,-0.1832771326486727,-0.21362643475158816,-0.20320009088080418,-0.1724137938979677,-0.14244289932336054,-0.0793860841297895,-0.060642999974397226,-0.052925451317872366,-0.021145833059320555,0.05161194356980658,0.11753161168021785,0.1536073909790471,0.3071390217995245,0.40512960696701367,0.46437134051421447,0.5406329060295263,0.5967626595923795,0.6662770005730979,0.7622488891113424,0.8021800657927816,0.8380066951581503,0.9175115480052469,0.9605160082315867,0.9813784920316203,1.0641671240820942,1.0894272684595319,1.1172629599903114,1.160702093034936,1.184290966687104,1.2039413906848717,0.9429037069951501,-0.1167642836246647,1.0413498177675677,1.2167868776439272,1.216396150878904,1.202771699723773,1.197738956027746,1.1808512226130812
0,0,0,0,0,0,0,0,0,0,0,0.054961018563992936,-0.078176047269857,-0.21676099825148898,-0.24011499274637982,-0.24769654397692192,-0.2634611869968418,-0.22207105672242963,-0.2004009488874102,-0.16507914325582318,-0.08500119010540068,-0.06304969117742763,-0.020649891947418467,0.024005403342451916,0.11787479396837161,0.17632994577687497,0.26444486338111656,0.34620871847085133,0.4001000891727382,0.46913640520979066,0.5610687028564003,0.6546710576857057,0.6812286945943957,0.7663995224024839,0.8066457123832016,0.8661237354992292,0.9331984497233966,0.977379796156086,1.0110987324568774,1.069130734524817,1.0974994994446614,1.121700803819912,1.12688649158821,1.1722599574944454,1.192000912963449,0.9239345865551023,-0.32796380141647435,0.9086708235608801,1.2103833131686044,1.2173390140288727
0,0,0,0,0,0,0,0,0,0,0,0,0,0.015602894543765455,-0.27831999920035516,-0.2893445935385239,-0.351237818494187,-0.26330125915565006,-0.24060495846429106,-0.23265236535124403,-0.187450116268384,-0.16694136982998597,-0.14617795394068686,-0.11777694401017255,-0.05681674679173312,-0.01260765904641517,0.034725942754836044,0.12588076594455624,0.2098341598207465,0.29125097792108734,0.4506339356290679,0.4984646716004787,0.5226129951818327,0.5884034924127441,0.6389304206381686,0.7059121640260447,0.7778968463063736,0.8122375264345326,0.8616010035913481,0.9066449992092815,0.9573458835918439,1.0099843986070975,1.0463434108757113,1.0897660445866846,0.9984448350561749,0.8829026405913308,0.5247816935613449,1.1036831648022893,1.1536637895360071,1.141786829052365
0,0,0,0,0.002328880108632707,0,0,0,0.009240815640850681,0,0,0,0,0,0,0,0,0,0,-0.46582188214581116,-0.3786896384417893,-0.3484343635817519,-0.33832007455902835,-0.2788133117527059,-0.209349403753906,-0.16038941156999778,-0.1327484318399587,0.0012368092331585174,0.10568283708806744,0.1869943020179688,0.3111670950169273,0.3595230615980919,0.3936222637940507,0.42497893272894244,0.45473142967489383,0.4897192720838518,0.6215896887620678,0.6539400812934026,0.7011569200561945,0.7907164067685655,0.8303758941678652,0.8668639548619625,0.8949891262623271,0.9754099767891035,0.9743012312417395,0.9366350248188778,-0.9165947000283636,0.9467819275265356,0.920908788132405,1.0366612143044514
0,0,0,0,0,0,0,0,0,0,0,0,0,0,0,-2.3935517052928626e+38,0.018968631186054755,-0.023218748703089483,-0.01388694460258067,-0.06577335790476384,-0.13376724422826958,-0.200905893397678,-0.4142479877460663,-0.49810656771182654,-0.49728884847449595,-0.5222949623393184,-0.47707146871951084,-0.2818296447954224,-0.17875189326420116,-0.11471808593485044,0.12752915991058825,0.2359763040590293,0.3131497059564422,0.42745804233164786,0.45516106083772945,0.5347319272118529,0.6419797688020571,0.6759335284184794,0.7061490302091928,0.7634849054814026,0.7875162453917186,0.812750695966212,0.8444755679086344,0.9138795672280505,0.9517881269961589,0.8763620237302738,0.9821811723302231,0.58918279355132,0.9833004923564002,0.9662609173575483
0,0,0,0,0,0,0,0,0,0,0,0,0,0,0,0,0,0,0,0,-0.16917897412925384,-0.3156522370291861,-0.5382107780438827,-0.5793241631346554,-0.5747144863176072,-0.6237479547477945,-0.6058451670145187,-0.4139027087174928,-0.2922857631670377,-0.1725729358891151,0.09656686848480524,0.20833615784193882,0.2864410917291935,0.43101099455754843,0.5118523010671283,0.5536619124355875,0.5790099289977801,0.6001653560215343,0.6228051305413742,0.6977889901916212,0.7290910769296599,0.7819177988180598,0.8062540154679643,0.8677343939200503,0.8956963241607152,0.9218725169876942,0.9174277843838826,-0.9734321054267651,0.9258673749263174,0.9018281797621899
0,0,0,0,0,0,0,0,0,0,-0.10621414214488052,-0.13608372670473218,-0.17309470003834368,-0.20269558489424752,-0.24153565078876352,-0.2760421182996017,-0.34010534518699326,-0.37539778470713103,-0.4103475839802221,-0.4810529187430612,-0.48122391344341897,-0.48944096875393084,-0.4596203399392801,0.36739215754620314,-0.43726574869378454,-0.6829427019744269,-0.6074619705106571,-0.4494227559704381,-0.3089409210136347,-0.1007772149169798,0.2608539918192426,0.36543211321084973,0.4525102725125407,0.5078365278964256,0.5372189611726208,0.5780160814314834,0.641541499477359,0.6672162704641953,0.6770486891245477,0.6718911641571653,0.68846348673677,0.6828010659664286,0.6787470882083643,0.7218647643503631,0.7527954317166003,0.8048928981400134,0.21923622384603636,-0.5882402401305022,0.7081331555720505,0.7399385198453786
