jsons/1312675200.json
{"header": {"parameterUnit": "m", "parameterNumber": 2, "dx": 0.1, "dy": 0.5, "parameterNumberName": "Eastward wave", "la1": 40.97354507446295, "la2": 16.46031188964855, "parameterCategory": 2, "lo2": 133.9931640625001, "nx": 191, "ny": 50, "refTime": "2011-08-05 8:00:00", "lo1": 114.97908020019554}, "data":
[rows 0 to 21 of 50, columns 50 to 99 of 191]
0,0,0,0,0,0,0,0,0,0,0,0,0,0,0,0,0,0,0,0,0,0,0,0,0,0,0,0,0,0,0,0,0,0,0,0,0,0,0,0,0,0,0,0,0,0,0,0,0,0
0,0,0,0,0,0,0,-0.005903979439915316,-0.008182133252514998,-0.008880461162873334,-0.009197383709692298,-0.009795742361488937,-0.010312659211806671,-0.010438294338426782,-0.010800568309628354,-0.010595839894497831,-0.010867894391273182,-0.011319552517189486,-0.011570125154476155,-0.011317004883921272,-0.00953366757064355,-0.015827451268923553,-0.0031122976286010705,0,0,0,0,0,0,0,0,0,0,0,0,0,0,0,0,0,0,0,0,0,0,0,0,0,0,0
0.0198794453996693,0.004511044017213441,0.003835524706399644,-0.003937032336184712,-0.009419131760985702,-0.012233277404109863,-0.01488068455145437,-0.01586646731263191,-0.018597832037312037,-0.018777357139190144,-0.019938787953278365,-0.021036623395442867,-0.021406572082435862,-0.021182831267555925,-0.021055257249589367,-0.021609489585552793,-0.019127300772794776,-0.022490810729679827,-0.019512030627668948,0,0,0,0,0,0,0,0,0,0,0,0,0,0,0,0,0,0,0,0,0,0,0,0,0,0,0,0,0,0,0
0.014458857446991612,0.016439708388680824,0.018809662770432094,0.01396310540809355,0.005026959651093794,0.0028692266035800253,-0.005744705553392637,-0.01355609158078883,-0.024364603663567883,-0.02959529529025747,-0.0312730341180826,-0.035078654144561516,-0.03242518021895092,-0.0398839002938049,0.0019666597922830997,4.0094637723444594e-05,0.0019237936193707867,0,0,0,0,0,0,0,0,-3.0138798149608118e+38,0.3087562440920015,0.31193199158190754,0.30493040783196407,0.29853517390358775,0.2951492018237172,0.2703630429141815,0.26836439187166333,0.264649245074496,0.2545801230476418,0.24969642217927687,0.24510054058535158,0.24981470267023084,0.23758496463276382,0.22934119081912865,0.21784895178005093,0.20234188086123123,0.18788742505628359,0.1817800409638375,0.16350020021278455,0.15430092749342839,0.1419985698852095,0.11692103413326646,0.10761659235084198,0.08099795440362573
0.01342963221713054,0.022004376980260046,0.024356850324372983,0.030310644619747612,0.04123405202108346,0.041679819567582786,0.04554425743311961,0.05473720769184942,0.03796178322172367,0.011718305001460186,0.007702418079943326,-0.09689191825382737,-0.06122870942994259,-0.06844350918805188,-0.04857515447133818,-0.058220743827624134,0.008325614236089383,0.1398413187697769,0.20173517973283273,-0.3382967621221972,0.3050744990264401,0.3278210384848737,0.3620987093293016,0.4015881909479415,0.4155812699244358,0.4438559929241617,0.45842336117799326,0.46631870878898307,0.466874659276468,0.47125059502630773,0.45984877162021925,0.44343593829455047,0.4236787618820484,0.40922394540532725,0.40412703595045596,0.37632015580537476,0.3730417059489132,0.3548078234228349,0.34182200202133534,0.3286783650403108,0.32685978454560166,0.30564762449441923,0.2907624789462064,0.2749465660843044,0.24404016631662714,0.23341141534059603,0.18502413505714324,0.12839315397628576,0.09440458089445951,0.05575321193633159
-0.06081390192639163,-0.05904510983042686,-0.05658571098191401,-0.05918774274677499,-0.05544392313143427,-0.058428907266557896,-0.04911432912345664,-0.04329706799643917,-0.02923685485361108,-0.02477233956701136,-0.013245343879081224,0.009313995378643785,0.02169224926328061,0.036116949395424286,0.06381070387500527,0.07619396313075587,0.08947913575461813,0.13412643276688951,0.17141458313433983,0.20360511241219184,0.2597872295440871,0.2868714385065569,0.3323197235853456,0.36664633386566065,0.4208244359038186,0.4804831208487996,0.5109010587488968,0.5504356346390081,0.5851059868745356,0.6001933487945246,0.6191348577182783,0.6136704259138444,0.5974056418135628,0.5875789361711994,0.5772442563018356,0.5352872343187054,0.5091069139014098,0.4835019525383709,0.4611002878724826,0.4491119909181887,0.4352593764871198,0.41801155177973687,0.40510393769674063,0.4003476203135808,0.3698501539644419,0.3479327111130549,0.29707283234728715,0.21313484358260495,0.1861909227949727,0.10330459829299214
-0.10730721613082723,-0.10844782972762937,-0.11263289965078986,-0.11699974062671824,-0.11960332950880116,-0.11712724007431169,-0.12920652327793897,-0.1271739179737812,-0.11978588478435087,-0.12014973922367823,-0.11793122565772202,-0.11219917661421679,-0.11002138569178282,-0.1025175627025738,-0.09466385972172695,-0.08290369482732683,-0.0689100762042748,-0.02685628918372332,-0.012475967110883494,0.012401707830005515,0.08112803481452589,0.11832291754140672,0.15648737258232187,0.23775239256739278,0.32234628224522593,0.39120644428992285,0.44880362772646476,0.5210731846352807,0.6070073647745203,0.6308923578727469,0.6827615790507029,0.7337857526916778,0.7323859241434284,0.7426050168387606,0.7235082847016324,0.6949971897095741,0.6663916970451353,0.6537151871003205,0.5933374929783078,0.5803242573369829,0.5687284840155297,0.5520644884503799,0.537390072832628,0.5308948148334524,0.509898957338652,0.5033771262143296,0.49155262932897414,0.4402925040656176,0.4236111526766865,0.4037982856425748
-0.16116799117394937,3.3051797570470707e+38,0,0,0,0,0,0,0,0,0,0,0,0,0,0,-0.18748393220343693,-0.2151916344062878,-0.20018736950138818,3.1465906951100196e+38,0,0,0,-0.19540001115318703,-0.18420103400954654,0.030840207201751922,0.3460487906558451,0.4844658179473932,0.5806077344504001,0.6175889086937819,0.71137515218364,0.8009557186295482,0.8337415956847863,0.8764139983315699,0.8926591951108008,0.8981928582587129,0.8843362565603096,0.8705987426978936,0.8346966434503429,0.782426077659951,0.771694817203001,0.7372199676219515,0.7258264106422146,0.7118284353158824,0.6997335206767858,0.6899043839751025,0.6755796433259009,0.6427113917389169,0.6233242227511989,0.5880957506189499
0,0,0,0,0,0,0,0,0,0,0,0,0,0,0,0,0,0,0,0,0,-2.346970128631004e+38,-2.5677468723854795e+38,0,0,0,0.5649435173207502,0.6085456684804621,0.6381544934919039,0.6787502708352303,0.7610094712511221,0.8731078980077184,0.9597924278490594,1.0007105562129375,1.0334790990405276,1.0439393472154375,1.0590153401346911,1.0640573155675008,1.0320350009720145,1.0196868665469194,0.9848092467486974,0.9391330115636857,0.9215118388639307,0.9162102609275621,0.8782336223701308,0.8613033801655442,0.8621191005873923,0.8225383979353829,0.8005750324982166,0.7646845017422097
0,0,0,0,0,0,0,0,-0.47306842238135466,0.24360982853216942,0.23675386615752983,0.2919108590956935,0.34576462387167567,0.3754561577769578,0.42559192146072505,0.4420064821860036,0.47809303009344906,0.49475904993770736,0.5312673280545276,0.5705843755651068,0.6040274075382416,0.6131299671758728,0.6424291861881112,0.6625087242207716,0.6997927322677517,0.7582524570003549,0.7805770577432379,0.8001394590769941,0.8767932522394903,0.9344948997739706,0.987065065854151,1.0590109514848565,1.0896715925851164,1.1450829657508594,1.1793032449490037,1.220334850649792,1.2598535349519928,1.264226372094528,1.2709588610045577,1.2719136641883924,1.2649627167700812,1.237640545798758,1.2033114401791845,1.2053538737258949,1.170287879299944,1.1421179434121722,1.1262033624170977,1.0999003519703408,1.0726745698085294,1.0431639400773711
0,0,0.05855003565503214,0.03351692163949938,0.0702990669805617,0.08012062925245055,0.09569185544877935,0.10778150004450632,0.14728112092252502,0.17209996396056612,0.2111590946889625,0.2703539949776805,0.303297205784499,0.3323264354471916,0.4023420084800135,0.4477455018785688,0.49495164356224175,0.5536775064225365,0.5808131773516497,0.6195672599476383,0.6672525262465256,0.6919476745666178,0.7392968103780937,0.7771438868621516,0.8413301652698018,0.8865376535312145,0.9245823180897604,0.9568738038458602,1.0188580686549065,1.053353985163892,1.0926197975707448,1.1541226066308197,1.1744158719645765,1.2190254519917567,1.2571372256565072,1.2987465759097303,1.3571443479060197,1.3785514279646331,1.4367184611730834,1.4497779919649234,1.4551015313525182,1.456685825037753,1.4544924227426868,1.467131083951759,1.4435961554138936,1.433560031611437,1.4235211021818353,1.3787144565173117,1.3581095707780177,1.3355253698907636
-0.24042264429960147,-0.23496976891130822,-0.23485084153527325,-0.2307913971351279,-0.18680789187977345,-0.1667736346835029,-0.14920500315561436,-0.1267804710774005,-0.08382040070715972,-0.05623062495425362,-0.025469316426005893,0.06653297528181411,0.10980695579709603,0.15937868117786802,0.2504271550179395,0.2868708915292846,0.35249781733608476,0.44258383085209096,0.4901996823282208,0.5638800633276362,0.659705172755283,0.721990452936801,0.7748427637486848,0.8217585909580568,0.8722159370989124,0.92706041976392,0.9629308387427968,1.0268308186959423,1.072475403275663,1.1201191547743083,1.1803190413087024,1.2175986946768937,1.2476340264003185,1.3254318258454567,1.3661485146894972,1.4172725547772675,1.4988397556870898,1.5459323457443799,1.5870437856672919,1.6292009904385243,1.6657972049728627,1.7189816521922265,1.7367674557986208,1.7655246367189525,1.7779743449810093,1.770775928092278,1.7945998255662814,1.781683419601508,1.7688741258189924,1.7834571782362665
-0.4270893004918595,-0.4119650777394205,-0.40656147574197476,-0.4058499847280553,-0.3703166551962239,-0.35961372515992884,-0.36880837839060365,-0.3592200931252356,-0.294893925190399,-0.28209326744233293,-0.2644133159367093,-0.2346521144632637,-0.22790122978482372,-0.1970211575770798,-0.0987511896438744,-0.039064900793413515,0.04082245480675112,0.21105962865304514,0.3184397714736247,0.3875247769368542,0.4997320321248792,0.5696493688248329,0.6461726346329232,0.7060793334375691,0.8185718914117691,0.9158130336543533,0.9610388228594583,1.033064166909901,1.0883361438102201,1.1278380028721677,1.2022154301177135,1.243510012693514,1.299799807655696,1.364785897944086,1.4356297258043025,1.490396048775745,1.6193781747158602,1.720172471884576,1.8003280394138526,1.8500036555869037,1.9066455622837222,2.0043772930649797,2.0514426320132775,2.207309745747417,2.2699386418520597,2.2995294822633,2.37332887270737,2.3745983354243307,2.3791332765935524,2.4221194907855326
-0.5133464513807378,-0.5145891970545107,-0.5172891420531535,-0.5551897753183698,-0.5490094851885657,-0.5612508827712833,-0.5951933633456189,-0.6009667810671443,-0.5800333546358789,-0.6038553999106715,-0.5969309764947824,-0.5326020149455396,-0.540505486272213,-0.5171486083096292,-0.4238929253241979,-0.39066558302560533,-0.3824228659440991,-0.2418797332698529,-0.151734091655973,-0.09685789255408464,0.04160671863077428,0.15929953760910964,0.23190955679010694,0.326706628668179,0.505681215371197,0.6080382453535164,0.7505976771795332,0.9231804531743943,1.0005415904851351,1.0813482634027998,1.2503829360674172,1.3719863139324904,1.4135756309221268,1.5454538861264222,1.5983537435248456,1.7055897943906826,1.8299889453586342,1.9010269425961088,2.0122607637046985,2.083782215198553,2.1561714024836216,2.266612620512797,2.3441944549656277,2.4452474436381704,2.5125376068979657,2.559403828100866,2.6476820309073346,2.7317148341426924,2.7547328883059525,2.840930044274837
0,0,0,0,0,-0.6607923561634705,-0.7478764629015651,-0.767993599997421,-0.7725458889545163,-0.8120902348520409,-0.8251766513911041,-0.7977032455773657,-0.8396480515889021,-0.8540548970325811,-0.7883529472114668,-0.7659147061192386,-0.757147718273704,-0.589337486180548,-0.5016207225965146,-0.4181849701171918,-0.19423598956126295,-0.18855165257893586,-0.13853143360257159,-0.05987442079610499,0.14532408242547615,0.21319581326554474,0.39741971393781,0.6203142643755823,0.7538684481912231,0.8462630155365382,1.0333878831262022,1.1590944526122315,1.263875558438667,1.4108973872152528,1.5109356924808603,1.6062414874375728,1.7990847121530666,1.8821572569533975,2.023030616227492,2.1576467751230743,2.2691364691059444,2.3773731438021315,2.478779436408635,2.627356224941169,2.7520828230585592,2.8286719355792034,2.9429623793405275,3.001156586637841,3.0603634768933135,3.178022999915403
0,0,0,0,0,0,0,-0.8302491544340567,-0.9310819156617267,-1.0127022925850941,-1.0166958994613822,-0.9872969231052916,-1.0898943189219366,-1.1132455010740812,-1.096179327091925,-1.1172977841277192,-1.1650687216560982,-1.100147401626492,-1.1407188526554044,-1.1636453821169557,-1.0225005739331212,-0.889110329528104,-0.8428218458115608,-0.7238686998202168,-0.4839606459048009,-0.4652598846578969,-0.38999517771178477,-0.2242776345630981,-0.13204040510999845,0.033971232020008464,0.26812194390600685,0.4485296938102931,0.5765138324388399,0.868843314036196,1.0329964701876204,1.1459646283709526,1.416307531401359,1.5266068977569085,1.6578224992462485,1.9160353207343608,2.0641650881628997,2.242812425999023,2.3738596833089494,2.623247542218627,2.7662466356133337,2.908627264681316,3.070226789963694,3.2024674436966865,3.258625343668487,3.3767601795004936
0,0,0,0,0,0,0,0,0,0,0,-0.8056567934440477,-0.6490784704285653,-0.865953965943595,-1.0546574802283217,-1.1812152324038043,-1.3444835031976061,-1.2981197165783425,-1.3549358786198444,-1.5219023886365775,-1.4774671657094014,-1.4144324001466733,-1.4054338093383165,-1.3710609428934588,-1.1736662953644572,-1.1161377494019116,-1.0031969307068793,-0.7444043047223868,-0.7081554616978708,-0.6585310076529999,-0.5285828460044888,-0.3164555366852752,-0.1616652815472454,0.2323326546949217,0.35959303632865897,0.5537820136294871,0.8871370313371013,1.1256759442675823,1.3235245321881215,1.7282616725802888,2.024907148302785,2.277912645382096,2.5265305508144675,2.918741615367033,3.2975753865467725,3.4675280735721192,3.8295809358429116,4.020819178108136,4.199273475665447,4.444678042527653
0,0,0,0,0,0,0,0,0,0,0,0,0,-0.6506277148421453,-0.7406601628600824,-1.2647186942758712,-1.5575386163541722,-1.6199555923074656,-1.6834523652705071,-1.798030713028748,-1.7523860819789325,-1.7219265875750798,-1.791209719503048,-1.7892375674834649,-1.7238270221622813,-1.7542922113864012,-1.6926944702590434,-1.470991220531203,-1.5083528067627707,-1.4346948660313121,-1.198127173408361,-1.008556846398441,-0.8041291418296713,-0.3416337055779252,-0.14364495671485888,0.036729079088816965,0.4772679861597361,0.7396031469107879,1.090140352251748,1.52334380728984,1.8238560554754704,2.286097419593874,2.5599333542967413,3.2318361729433196,3.5803003118808556,3.8820773109894513,4.176804333871685,4.462689934170304,4.503100649487692,4.838656355850989
0,0,0,0,-0.551477973292745,0,0,0,-0.6592840755670325,0,0,0,0,0,0,0,0,0,0,-1.2005995017850184,-1.8409097942620887,-1.9490847349017877,-2.203892522573794,-2.2245793951069066,-2.0425869277198934,-2.144238100831416,-2.1589037683786576,-2.116787212249337,-2.1628795150310376,-2.0218984765816606,-1.7944763715154062,-1.7344396312815227,-1.685934638368757,-1.4629103263400312,-1.3008695090716496,-1.0638418947075317,-0.5496639119865011,-0.10840507249005064,0.13099221940658093,0.9288160704149064,1.5129019138611273,2.0493089893903083,2.490921482612882,3.4191844996452785,3.9103774043100303,4.287084967746753,4.985311697431482,5.568339560174007,5.960984632624754,6.567277461761205
0,0,0,0,0,0,0,0,0,0,0,0,0,0,0,3.3566358749559416e+38,-0.446440617547127,-0.842365194966272,0.49057442891230896,-0.29443166913930274,-0.6335353410632198,-0.8356231895379619,-1.4204397250745886,-2.032100625223097,-2.5813847412008966,-3.0333378294386497,-3.16341150922772,-3.0720756127197073,-3.113212999326506,-3.064876520572342,-2.9667576727471157,-2.9934163305291137,-2.8782948599428684,-2.391529704415004,-2.1146537678212383,-1.9148002028439046,-1.1991848666150187,-0.8061047280498526,-0.4559145453211216,0.5650892760060496,0.9657122556352277,1.3952068576782464,1.9043942365890756,2.843125815934137,3.4543601748746795,4.126804667541175,5.181882734283684,6.004858676223413,6.572965917410438,7.139034584070733
0,0,0,0,0,0,0,0,0,0,0,0,0,0,0,0,0,0,0,0,-0.815680761874458,-1.2800062332923907,-2.096035870816284,-2.4341247280495337,-2.595084632252927,-3.2136075735115925,-3.399319222218015,-3.4736105692420964,-3.8544373044915554,-4.125989201389227,-4.385980577399404,-4.524447976532708,-4.457774441740561,-4.212040686904461,-4.142429940981531,-4.0429511572429995,-3.268375493424606,-2.83333735549754,-2.222788476887668,-0.5437734671279703,0.16409783396980201,0.8006028760327989,1.2979010884097164,2.3900991873713546,2.986083044644557,3.5846556631294786,4.696002999355868,5.191314825153831,5.9424343820977565,6.6152217098255495
0,0,0,0,0,0,0,0,0,0,-0.8690106220735752,-1.0942623283953405,-1.2425355160735168,-1.3117040861592542,-1.3960910049889648,-1.4844197585926062,-1.6443830125239818,-1.747797466460886,-1.834152412914328,-2.0111073397711734,-2.1528030943925796,-2.2677994628394056,-2.661436611213238,-1.6943041190113515,-2.1802232542391824,-3.803227495770148,-3.9773844146024997,-4.0593814437274025,-4.6074674099612976,-4.70441215173639,-4.803986975031502,-5.150066800333476,-5.300821616662049,-5.217394779222901,-5.229100542444644,-5.23819186528105,-5.077104387906311,-4.944217063248859,-4.4745485616885095,-3.5796187923498777,-2.9986092158853848,-2.0135032894911484,-1.360569349655003,0.6156696350387675,1.390324996685751,2.4351742360186583,3.8494107501481976,4.533453391439497,4.897354291889653,5.83419612314332
