jsons/1312761600.json
{"header": {"parameterUnit": "m", "parameterNumber": 3, "dx": 0.1, "dy": 0.5, "parameterNumberName": "Northward wave", "la1": 40.97354507446295, "la2": 16.46031188964855, "parameterCategory": 2, "lo2": 133.9931640625001, "nx": 191, "ny": 50, "refTime": "2011-08-05 8:00:00", "lo1": 114.97908020019554}, "data":
[rows 0 to 21 of 50, columns 50 to 99 of 191]
0,0,0,0,0,0,0,0,0,0,0,0,0,0,0,0,0,0,0,0,0,0,0,0,0,0,0,0,0,0,0,0,0,0,0,0,0,0,0,0,0,0,0,0,0,0,0,0,0,0
0,0,0,0,0,0,0,-0.28414164726410374,-0.28348956587782237,-0.30301903475668474,-0.29671655355258775,-0.30124577165621463,-0.3136185792941546,-0.3172089448662197,-0.3256398734170747,-0.3275237387237467,-0.33267057610516076,-0.3340381657255061,-0.3266329870739549,-0.3123229905829979,-0.2841268417937618,-0.1774812458912267,0.04228700130613635,0,0,0,0,0,0,0,0,0,0,0,0,0,0,0,0,0,0,0,0,0,0,0,0,0,0,0
-0.3648318080687812,-0.3143079599057295,-0.3573877893179027,-0.3390154803633032,-0.3295954805491749,-0.3349669502490137,-0.3278025333463464,-0.3378828324947616,-0.34978208976007213,-0.3525594101111665,-0.36157522569946376,-0.36832405311188837,-0.3720352797561149,-0.36335036463625286,-0.3541022507648308,-0.35529893867658513,-0.2650105792740289,-0.1528978326841027,-0.0007760097937062849,0,0,0,0,0,0,0,0,0,0,0,0,0,0,0,0,0,0,0,0,0,0,0,0,0,0,0,0,0,0,0
-0.5296693010750047,-0.5291447138924787,-0.541979959252216,-0.5233213495448118,-0.48453221729996615,-0.47737523481692123,-0.45554836079760974,-0.4344738379287715,-0.42774906656092565,-0.41005056129493467,-0.39430617044436345,-0.3694434048973079,-0.325178825120205,-0.21783180292977516,-0.43931853215855776,-0.3627462641693855,-0.2475281148377323,0,0,0,0,0,0,0,0,2.4176075699282138e+38,-1.2328036172659258,-1.3031623413654052,-1.3591376522980547,-1.3865663841612108,-1.3793958101993953,-1.377391882545285,-1.3567268061618674,-1.3110022906540901,-1.2709852712039882,-1.3078185051054427,-1.238652445226651,-1.2502009404945664,-1.1614605468954653,-1.1276771727726054,-1.0847624379986809,-1.0182065666188307,-0.9663754216398955,-1.0125475132006276,-0.9520755055535584,-0.9613838992861208,-1.029267112263002,-0.9755121973236804,-0.9486673023957779,-0.9518508902078763
-0.6780452744366811,-0.7306408640023293,-0.7624646988102476,-0.8490127105592952,-0.9024545278190559,-0.9422982008713847,-1.012499605690486,-1.0626441236966493,-1.0210251561936288,-0.8435492906100303,-0.6915226514716403,-0.46959326286912395,-0.5288702636523007,-0.4029783798008767,-0.5694868029807921,-0.6359129089299204,-1.1115824810482942,-1.1632822517422474,-1.243158894047534,0.45540931369986887,-1.8671425023660617,-1.9751111914572774,-2.080046988934804,-2.1763621394496564,-2.1296802969046777,-2.210080750393817,-2.2138659718001086,-2.187527374747308,-2.21155679856112,-2.243027005566857,-2.119576556411425,-2.146880951839846,-2.0889470937544625,-1.9761885187235093,-1.9619234871602913,-1.9449314720505284,-1.8720540546205917,-1.8073931090937754,-1.76728682612941,-1.643343960529969,-1.5861805050904392,-1.4751687904894801,-1.4043899973247547,-1.3431707453527086,-1.2347045247611164,-1.2020599276222443,-1.3070599495077644,-1.1851605318858005,-1.1850476479343968,-1.1886032122304802
-0.6799946510290292,-0.730133432235567,-0.7859516883070259,-0.8482264553103412,-0.9333614114614154,-0.9858185990291938,-1.1021079462751502,-1.1995798101275956,-1.276302330923315,-1.3880995065960486,-1.4783872296600975,-1.5868197637496395,-1.7168707562076986,-1.816915524807098,-1.89248609604049,-1.9866582549076515,-2.1165418974450154,-2.229194849630454,-2.274484610910246,-2.457434359387967,-2.571194254117421,-2.658714362904128,-2.8053777194399228,-2.845845210110569,-2.8902158504190107,-2.982054882857059,-3.017730570899911,-2.9939520184323416,-3.06693483513127,-3.102864629054769,-2.9272719062473347,-2.999243857673273,-2.9961526440307282,-2.9144731596510978,-2.8897642321418058,-2.8597351540057865,-2.647026087605397,-2.536131229764556,-2.521385617104208,-2.3260153561346937,-2.2405942525693185,-2.0708836320994783,-1.9056246561501782,-1.683425760074532,-1.4511372913096625,-1.2488885621330574,-0.6793133638070229,-0.18588908112400254,0.0006793436979291127,0.5925822611558745
-0.40448963897003565,-0.444631977120942,-0.4671826868377314,-0.4979367217397252,-0.5510501233295206,-0.5800875045366045,-0.6394360483677689,-0.6944299820429758,-0.7663435539096933,-0.8582903008215191,-0.9252028274692317,-1.035856221491101,-1.1987909419759162,-1.3052334253681035,-1.4412751657985476,-1.5918543878471478,-1.8558002378491103,-2.029665238243098,-2.169235223373702,-2.4174196001886457,-2.579038028043835,-2.7389129620291506,-2.9349569999555873,-3.1363586798590393,-3.2242892011302593,-3.48833154325327,-3.585645001339349,-3.6173497265856356,-3.797018451656061,-3.8423317163492556,-3.7255499869445345,-3.8987199609866154,-3.8686611052702164,-3.738251645524098,-3.661107677990553,-3.6842355687579436,-3.5280381898597204,-3.4140623650496096,-3.3668094984401096,-3.031671572104053,-2.992768313742517,-2.791447666641829,-2.6814533669463234,-2.213577458495565,-1.9955952492053415,-1.6843367486541587,-1.2259738121258472,-0.8638048374836522,-0.5769582097922128,-0.16071069587530964
0.011718909936627412,-1.7401384157373465e+37,0,0,0,0,0,0,0,0,0,0,0,0,0,0,-0.850087478921129,-0.6671713942978167,-0.7858420061586684,7.421175690772157e+37,0,0,0,-1.5506299295444699,-2.011603898882319,-2.882807234631207,-3.6159369625876914,-3.7895802757560797,-4.123194538293135,-4.199467628439869,-4.143753314103794,-4.298930107565521,-4.268340737981064,-4.049567001874204,-3.9056067464643034,-3.998336821051125,-3.748781545630756,-3.582096919182464,-3.6474074391109372,-3.331726668583805,-3.1863864004967883,-3.130145110340026,-2.979213906046956,-2.634252029093105,-2.3628401612294674,-2.2029772964644265,-1.745814357598455,-1.5537700406332813,-1.2835250499787254,-0.9060152002276494
0,0,0,0,0,0,0,0,0,0,0,0,0,0,0,0,0,0,0,0,0,3.3953722385977155e+38,2.926147636481984e+38,0,0,0,-3.6848436805565585,-3.8910420881982155,-4.087022621611676,-4.23200565658984,-4.199114628725493,-4.444671617306058,-4.401629786944692,-4.182342568851287,-4.182154588759756,-4.201857576982266,-3.8020402254519365,-3.695515238021223,-3.68397876718941,-3.2125754184335267,-3.131559593016877,-2.8806753993630814,-2.8277510600999616,-2.346573535092901,-2.1516057297706723,-1.903824675915517,-1.528901606088867,-1.2404090485472992,-1.057384368144844,-0.7220720691403677
0,0,0,0,0,0,0,0,0.20439571094490483,-1.3761259110997486,-1.3176395037430042,-1.3363412019981113,-1.5175883352388762,-1.5916510114895568,-1.6761101461737002,-1.6739883317008484,-1.7985725250333715,-1.892607675872217,-2.0816538667590434,-2.2857090505053947,-2.594340988024601,-2.7233033699487805,-3.0297767253942505,-3.2017636394093616,-3.5117998376352575,-3.84947516648407,-3.9836607038147633,-4.146393375162892,-4.3743319223684525,-4.498654568327809,-4.460843982954553,-4.52478202260268,-4.502378149863621,-4.324998265024743,-4.242321204091967,-4.264094142296009,-3.860725082549215,-3.585791740298486,-3.619721767214091,-3.1117806030778716,-2.8797683236033915,-2.823735874258321,-2.5374273718424862,-2.0522644383656563,-1.9538810521154624,-1.718955343883763,-1.3001101168861473,-1.0847085363190165,-0.8443005099299158,-0.5259763066687281
0,0,-1.0354808030313976,-0.8739497540154927,-0.8244306613108671,-0.9234646945671399,-1.151060742246245,-1.1882074182523457,-1.0775920502758938,-1.1555413381771857,-1.2124385644065803,-1.242681338946793,-1.3289453560182114,-1.3235286958694255,-1.3970981968457854,-1.451270720510784,-1.5348852697657631,-1.6720851100671368,-1.7488193935219696,-1.906998980628539,-2.101899512626809,-2.243385171834475,-2.4754682447430807,-2.7338562673378095,-3.1180709016962043,-3.3693456205271057,-3.5791519850114772,-3.9305246716494273,-4.206499897958105,-4.3309880556832345,-4.477427760799367,-4.431536637548015,-4.398399407299416,-4.13028868220196,-3.9732891283646983,-3.800936312757391,-3.3526320301616788,-3.109758781036343,-2.931657713175446,-2.56809840654295,-2.4240571113920724,-2.305121343529718,-2.1542152511895027,-1.7625271083830423,-1.579405025852052,-1.4178370613799973,-1.013451087710374,-0.8178420010222027,-0.6568781117354557,-0.33431424057122955
-0.5331912793639682,-0.5212288331440026,-0.5261097524752937,-0.576386315221916,-0.6004465252781735,-0.6002787594689067,-0.6305898821682819,-0.6371047747133044,-0.6391315006524058,-0.698891373548961,-0.7099012178763994,-0.7040242512726935,-0.7022680895958083,-0.6930732725733998,-0.6704125845179691,-0.6916885775920153,-0.729240141145666,-0.7867340259956886,-0.8175622107522161,-0.9192999412144702,-0.9951468795672561,-1.0569570177421872,-1.1213094765605505,-1.1872727798572804,-1.3046151014300456,-1.4276806001280515,-1.54399137834233,-1.845853082452385,-2.178797377674939,-2.5903644515669555,-3.411725617402229,-3.775842016148197,-4.074596620084911,-3.9396248564248704,-3.3479196239777282,-3.0784438094980824,-2.3624631343586557,-2.0530364745433873,-1.9754112360633171,-1.5424867332072267,-1.4765041587554786,-1.4635000723305323,-1.373340932490434,-1.142436960087783,-1.072206752765063,-0.9129013603736758,-0.6282342129074303,-0.4668628928939507,-0.283994511289286,-0.017433702264408168
-0.15330699508590484,-0.12710747182481094,-0.1322601456745725,-0.1564588443348297,-0.18099144899835798,-0.2092279475840443,-0.23757124867174007,-0.25535414869788303,-0.2644493869533004,-0.2830531605192241,-0.2812652393546885,-0.282980033362387,-0.2797208350463056,-0.3026896379680629,-0.30590994834796464,-0.33365546978819305,-0.3944482419450558,-0.3599762390580207,-0.2706655255645247,-0.27119314681647855,-0.2616821578616329,-0.2893165946123705,-0.3208214067471926,-0.2853209878429714,-0.2411127286315326,-0.20893993674568376,-0.19033831480613408,-0.17515601913659912,-0.19029009537646274,-0.10635287842611642,-0.20233244315011442,-0.514635686285696,-1.2857202969465975,-3.589998831682079,-2.6627196264262945,-0.46827208924611113,-0.19402140267810378,-0.4765938907967387,-0.39928597142940686,-0.5795949709693557,-0.42724564044906804,-0.41698538682269526,-0.4153635929859203,-0.1566357243948353,-0.1109905679480487,-0.08021053968586914,0.03010980118526611,0.10282590558037542,0.17299018873208488,0.3347910571019241
-0.017951744117387272,0.041781690292839097,0.17084432427125573,0.17134132909621938,0.25947064036403145,0.29218227077530734,0.3152835128632315,0.3200633697011986,0.2933406508795464,0.30247515595304036,0.3084824323657514,0.27944242955872034,0.2767403226565952,0.2607109518425274,0.14439637872406744,0.10326722613550604,0.08976599436568407,0.07125756912798048,0.12002573906173225,0.13475446037288571,0.21710899737219488,0.20255200403757928,0.20184644379195313,0.2005300669392404,0.30214563868801253,0.39255047717713804,0.5453504126337662,0.85342639312723,1.2592504421667003,1.4307689014209346,2.029918410529749,2.2715015732209367,2.435987951765655,2.8995454554746036,2.919345059887825,2.5161158070317438,-1.0867166157916814,1.863454561332557,2.0112669709583573,1.9942571662099466,1.5935733967941272,1.371595886535242,1.0681433769058397,0.6719629356629694,0.5897667879206143,0.48744294249119713,0.39255178092091897,0.38178459923264,0.39429680059876154,0.4477628472490956
0,0,0,0,0,0.06639657697020146,0.23880710135461192,0.3287990973367542,0.42558122781747093,0.479939101759852,0.4739204713519566,0.3519477011941133,0.29979199860788514,0.2537109997888488,0.17678083689220825,0.17103892003525858,0.1387864693721414,0.14385580308401666,0.21881540509688538,0.29389831696546387,0.49680520541639706,0.5511277295901698,0.5836688853746458,0.5739772308537545,0.5598775275629571,0.612838899870956,0.7505588299311676,0.9901680695533692,1.2067682431988829,1.303439369034182,1.5563972182842158,1.7360708210337166,1.932365761366579,2.4425533564692556,2.7331735733819844,2.2556407187414576,-2.044598506266027,2.0305024004967884,2.960459362862386,2.5739781863065385,2.2643036567459585,2.042972739404019,1.709725293107545,1.2976165578764942,1.0962542595240365,0.964698189326963,0.7400977276682272,0.6755371939968204,0.6241630657310936,0.5800190310199588
0,0,0,0,0,0,0,0.05138246399397059,0.348424438690862,0.4964114522362696,0.56185286972445,0.4519546936278088,0.4184931306220776,0.35050661708694386,0.26307409025749656,0.2737510048212777,0.2865568577134043,0.28048809183089757,0.3109652398691571,0.23769480373870103,0.14671414797767657,0.1634173546699318,0.17703810214152058,0.1663634750202068,0.2730984795201529,0.41713789978100707,0.48158050673977837,0.6360909757142507,0.7305473767924637,0.8623548597439481,1.1495558266050165,1.3383771198291714,1.5225419368506978,1.9270886115993378,2.2282296564373203,2.376287596633943,2.7947352500890577,2.005644810203354,0.521759940727198,1.897926084703859,2.513885806853084,2.395166651442477,2.212098279061231,1.6989558180993198,1.476823318402101,1.2561162657772027,0.9434650515713224,0.7538028975010355,0.6928540418990904,0.5194655135985915
0,0,0,0,0,0,0,0,0,0,0,0.429327568577577,0.3783391170760193,0.3761930807921019,0.29173862295488395,0.302144148236511,0.29462602475723343,0.1908939963219786,0.1910132905412555,0.23960834124629102,0.2406847891849145,0.23637714511038774,0.2555941668752169,0.26841764724725126,0.3148433450631848,0.3780477014421375,0.46641052445226094,0.5367288509781493,0.643016706029967,0.792722055280824,1.0238308552607975,1.2102176326619902,1.311614398235387,1.6073346916107323,1.8298463555987403,2.0495457959247227,2.3116051779591342,2.4219678568016554,2.2706667153003885,-1.29751574843191,-1.443758307614332,0.675063831105316,1.9600085329044725,2.273051435165778,2.1517670087686667,2.016750638509139,1.6962702338899498,1.539865351139477,1.4107712142496114,1.192504039992538
0,0,0,0,0,0,0,0,0,0,0,0,0,0.07734898458918013,-0.17203435430497532,0.08134819490081861,0.1500197365881058,0.2891814187676811,0.2890153737762483,0.2858505363006347,0.19792571400522016,0.15355759209929087,0.14040650009790173,0.11601348776951502,0.07688135987406304,0.11438046884654933,0.17375124965426766,0.30620415370573095,0.47755704001781024,0.6670780814085254,1.0361092034002848,1.1562015514861863,1.208304898345183,1.3663345958817001,1.4618100824518698,1.5719948369539722,1.756068791793377,1.8313740200325164,1.9206268131505757,2.0559274838162263,2.025916256249307,2.074208061211815,-2.2455972149311885,2.0293344956661077,2.16626040708297,2.0910385735179617,1.8814817876071956,1.7538754762211437,1.7089836769043083,1.5572363600857437
0,0,0,0,0.05146654871848675,0,0,0,0.19112191279535934,0,0,0,0,0,0,0,0,0,0,-0.6995520613924842,-0.3116516396360253,-0.20182651989578304,-0.1597812026174721,-0.08328823252688537,-0.013213808567706285,0.02274338473756337,0.12146265293080769,0.23747542850397205,0.4435679581033751,0.5851317789009269,0.7617123340605947,0.8113489346247175,0.8251796722694847,0.9136518520671442,0.977907850010282,1.0756323042327829,1.38078497309802,1.468337440771846,1.5508471479745163,1.6974831585624912,1.7595700037068753,1.7958740207549884,1.8332664646184973,1.2589816070201487,-1.1225654709705795,0.46350332856049853,1.780889674684475,1.6989887529156573,1.6178930828324554,1.4449247241458654
0,0,0,0,0,0,0,0,0,0,0,0,0,0,0,-3.2880033519448188e+38,-0.048922696062665326,0.15729496001326887,-0.058153649748943964,0.14017336254478205,0.15197128960365036,-0.15659107441832468,-0.6241399191420606,-0.771933110443726,-0.6655737158322117,-0.7093603878977676,-0.6407071322283698,-0.3813130119781695,-0.2785793014668816,-0.15435837174443212,0.25342878370595046,0.45272545096625033,0.6229210035413917,0.8672673776847356,0.9428377107114392,1.0849220190435116,1.292671755343602,1.3441618102061357,1.3851968260863996,1.4765117706501056,1.5036797305019152,1.53147629388533,1.5813097390785802,1.6688135941197717,1.4676702205898926,1.0957698500004125,1.656936935974518,1.515477671250583,1.5550279922333403,1.390480670784174
0,0,0,0,0,0,0,0,0,0,0,0,0,0,0,0,0,0,0,0,-0.3381601696510744,-0.5841167011157206,-0.9157175668850323,-0.9944170271313196,-1.055972351675848,-1.162037489822279,-1.1052748499896994,-0.776910183811734,-0.527656658287047,-0.24447410561507418,0.07043161645062652,0.1884282535388784,0.3472471824362832,0.6034691535952796,0.7533375849364976,0.8227843511594685,0.9420610162685886,1.0472473394560033,1.0842816582314139,1.2335307104836568,1.3170926752916163,1.3933106965495334,1.4444083772167902,1.545789412447442,1.5786715904421202,1.347074187626238,1.4739821321573285,1.2121848082701978,1.4547072125988538,1.296367913233644
0,0,0,0,0,0,0,0,0,0,0.11380909522622411,0.21517730230697218,0.25805889903046353,0.2869852272471112,0.33485631383799064,0.38522073691042363,0.4771325776796452,0.4096438366909289,0.1079789725023433,-0.23827469483618655,-0.4944530006893681,-0.5508467828830711,-0.5172704114371574,0.7314319886579727,-0.7757231846191563,-1.1107055026471286,-0.9737270701079241,-0.6881399244994739,-0.5408108394939816,-0.36399825849693496,-0.014137172185653824,0.14908860020158754,0.3067392759331471,0.5665510938455528,0.6663568873130972,0.7794750631067662,1.0098760658255306,1.097059900895626,1.109509897992504,1.1428716517102935,1.162865486175011,1.1964028801922022,1.235546320545026,1.3669180588587977,1.4157085711907083,1.437851609716959,-1.061447815247213,1.0017372917268232,1.3971220169779606,1.1654740326311412
