jsons/1312534800.json
{"header": {"parameterUnit": "m", "parameterNumber": 2, "dx": 0.1, "dy": 0.5, "parameterNumberName": "Eastward wave", "la1": 40.97354507446295, "la2": 16.46031188964855, "parameterCategory": 2, "lo2": 133.9931640625001, "nx": 191, "ny": 50, "refTime": "2011-08-05 8:00:00", "lo1": 114.97908020019554}, "data":
[rows 22 to 43 of 50, columns 50 to 99 of 191]
0,0,0,0,0,0,0,0,0,0,0,0,0,0,0,0,0,0,-0.40652284711645087,-0.25402772921195804,-0.33806786170453623,-0.149679001906603,-0.11145969651561721,-0.35194726130263104,-0.29140521501716493,-0.4188766927721255,-0.4180511819427482,-0.36400905613534973,-0.4135710027616376,-0.4347811831511155,-0.41586914989131274,-0.4126587334890167,-0.41433604670045177,-0.40887363666762944,-0.4087133104571351,-0.4161230240519528,-0.4283520942051511,-0.41505775699531716,-0.4117412458731611,-0.384003171365315,-0.3919194589236919,-0.400413910215074,-0.39149955284711857,-0.3592123843937217,-0.35367690737254714,-0.3459850274447189,-0.3130990377666431,-0.3249709358051503,-0.3221205957496859,-0.3019362506769552
0,0,0,0,0,0,0,0,0,0,0,0,0,0,0,-0.246566349229308,0,0,0,0,-0.311643283751706,-0.42408163362795,-0.4896827976491175,-0.48567300511438777,-0.5259179773827505,-0.550056426770515,-0.5771951600102599,-0.5978731876986193,-0.615769200514288,-0.6276031098452717,-0.6329444780334208,-0.6544467710665349,-0.658379918145726,-0.6531137792017605,-0.6310993077691607,-0.6096231844709963,-0.5897972939695857,-0.6143395325405132,-0.625660015030463,-0.620125454668889,-0.6289138783324393,-0.6237336966108021,-0.6386801767291923,-0.6114601061646835,-0.6167647776558389,-0.612206484421103,-0.5990447847631895,-0.5998671264825027,-0.6024574450134031,-0.5726481040240301
0,0,0,0,0,0,0,0,0,0,0,0,0,0,0,0,0,0,-0.42751895167302634,-0.505893402683956,-0.4824916376013516,-0.5020071606525829,-0.5444188391270592,-0.5729015095544268,-0.613715627286484,-0.6791089206127564,-0.6994225885328842,-0.7412556192632516,-0.7769718950234354,-0.7911796222498146,-0.8266211572379341,-0.8566830221288823,-0.8675016058248233,-0.8668559504492608,-0.8740772467458192,-0.8810725029170736,-0.9073057355474609,-0.9232808761241182,-0.9703184428763838,-0.9738645738289841,-0.9773209625814655,-1.0283292492634881,-0.9984946123386973,-0.964111105187267,-0.9832056525162991,-0.961697582963743,-0.9414002905085719,-0.9480977303087125,-0.9328275219832121,-0.8927157068400597
0,0,0,0,0,0,0,0,0,0,0,0,0,0,0,3.3038944722661223e+38,-0.4999092389336211,-0.41854339919717093,-0.519463754910469,-0.6439332747765403,-0.6757689355874348,-0.7063425447585754,-0.7703071505115857,-0.7965707381006412,-0.8660480872612463,-0.9018019669069041,-0.9514263924717912,-0.9792238196637529,-1.0270617184420765,-1.0680968792111267,-1.0955623216961667,-1.1548431830174137,-1.190016062455922,-1.1832171475380429,-1.2189064574656527,-1.2583586783010825,-1.2752123122552417,-1.2815506831940788,-1.3225420234735528,-1.3226805239737975,-1.320941606311682,-1.354773554526129,-1.352796721119785,-1.360472398076748,-1.400836142026319,-1.430774674476818,-1.4209628528044056,-1.4487043167986136,-1.4330169624014732,-1.3960059691346014
0,0,0,0,0,0,0,0,-0.2234945694229942,-0.2682177683968515,-0.3624287135816867,-0.5128082172328997,-0.6306275950598056,-0.6300222740345592,-0.584313222827157,-0.6088642329087692,-0.6692408655796189,-0.7161482757744175,-0.762651401780197,-0.8407647194370023,-0.9052609549773993,-0.9359206647593971,-0.9933706523600213,-1.0206136751157817,-1.0679298017554253,-1.1388116573320028,-1.1743247828195444,-1.2331414449693976,-1.2964745001410865,-1.3405364610443886,-1.3925828941814868,-1.4854041172669479,-1.5020340520487285,-1.536862331160223,-1.5582323020186106,-1.6552120888209862,-1.6855657406942408,-1.7112157581593357,-1.8105526773436524,-1.7793014995046044,-1.7934884186194724,-1.8760466277392738,-1.899174699125151,-1.899187038281414,-1.9958764176894621,-1.9876571110821497,-1.980232244684305,-2.0405895227015374,-2.0446535106113655,-2.040086365271828
0,0,0,0,0,0,0,-0.36987130849920186,-0.5218133536525478,-0.6492420082854096,-0.6751515222385657,-0.7036134613701214,-0.770083965379586,-0.8114980805656238,-0.8578704508694237,-0.9049681234671555,-0.9851999047622371,-1.022079302031218,-1.060430485849047,-1.1223931501657285,-1.1713554614842827,-1.2102133694989814,-1.279207727349062,-1.3256216450496137,-1.4051895435252972,-1.4843369483648734,-1.542345787332754,-1.593283122284038,-1.6791982968417845,-1.7246157993781805,-1.7858577979619743,-1.8637562563228052,-1.9309220247243453,-1.9707168139201388,-2.0229864194020197,-2.12076634294274,-2.1737559118732883,-2.214004920610948,-2.2990222249391064,-2.3347809347877617,-2.36306820459426,-2.475418606271385,-2.5382450612938636,-2.5877591849438217,-2.7156361652496472,-2.746071179230486,-2.7924597120071146,-2.917888982146436,-2.940547334587975,-2.9492329896679785
0,0,-0.5018179081618418,-0.46867038265350597,-0.5402008706573348,-0.572850188641984,-0.6889669235791775,-0.7344085276688611,-0.7775345451289534,-0.8179079107094924,-0.8767023846216565,-0.932087022886658,-1.0044364404253152,-1.047725065784983,-1.1064898787781787,-1.1460704099212264,-1.2111714272012148,-1.2650297644145234,-1.3166720592205108,-1.3992690264624483,-1.4669184872500076,-1.4974679189283393,-1.57910609643602,-1.6312054516491794,-1.6988364430106435,-1.812192096827155,-1.8469642301728546,-1.937595219818382,-2.0615824341651017,-2.1242694922755674,-2.1908528925551654,-2.3096500265717754,-2.3602300129735596,-2.4307858377416665,-2.4898343959397495,-2.640605449775313,-2.686473583540575,-2.746041022899062,-2.8999473003735483,-2.9786626136661942,-3.0020860242074496,-3.2185950218219226,-3.2837215002395426,-3.366418434309345,-3.5280267708290682,-3.611711800061011,-3.7240295062054596,-3.9474665940795624,-4.053143310309531,-3.98667699659987
-0.4893485397251341,-0.5366638990158672,-0.6037338555595413,-0.6854274629665527,-0.7537642497070974,-0.8141821358081839,-0.8963699102426221,-1.074434043110468,-1.1197946997804842,-1.0827188339493325,-1.0835639643864579,-1.1288407974597396,-1.1767456478331777,-1.219461453430285,-1.2581957570098818,-1.3066813682703913,-1.3787341557907513,-1.4559071579383054,-1.5052592489038286,-1.5988949356318465,-1.6538335452214927,-1.7091322355771277,-1.8130237099211461,-1.86660030192715,-1.9633375361426446,-2.0939204577388244,-2.14675514330168,-2.2245793250017623,-2.3696683396465152,-2.4381322008829556,-2.5259901198406225,-2.668343480400124,-2.7248552885264927,-2.838352715517841,-2.9321936696011046,-3.1087831602634384,-3.2132641554722756,-3.2616494369706,-3.432938023228046,-3.5345747373035246,-3.6206897525125803,-3.851652614155844,-3.9702571367303747,-4.150904666594657,-4.362150738075005,-4.516013831930497,-4.687646154244295,-4.93449151671006,-5.050746149468653,-5.133653377996581
-0.7408074667142054,-0.7602202862652274,-0.7978614955897286,-0.8649865147526725,-0.9091056110723043,-0.947587324696042,-0.9986708715583704,-1.0217058104455154,-1.0831779773595869,-1.1394244346996234,-1.188512209375313,-1.2521198770258861,-1.3421398158552715,-1.387246449515556,-1.4508969000604333,-1.4928575786036309,-1.5731916309282676,-1.6351993854468199,-1.6947496472956591,-1.7944916298238136,-1.876184220411981,-1.9377311115216114,-2.051150101311095,-2.124272102588185,-2.210118368578224,-2.3561899167037543,-2.42587683285184,-2.519556429838617,-2.6698573610610397,-2.7475794576311148,-2.8751509338830803,-3.0500360593254494,-3.1154779846487806,-3.2473310156313238,-3.3341730338655924,-3.5342404713440967,-3.7052791800011615,-3.7659686065606452,-4.006603186540774,-4.161614034454409,-4.2349412904441355,-4.485170295168666,-4.664986088507395,-4.861670289385544,-5.126357607053528,-5.29381032149899,-5.497033906103283,-5.852067803822789,-5.97767804365247,-6.1957938073802366
-0.8506200137166072,-0.8813493337257157,-0.9374304473642568,-1.0108546804837215,-1.0633606464407352,-1.0919268739049317,-1.1441861958292725,-1.1950778977876322,-1.240568616996565,-1.317037704767961,-1.3642941626321654,-1.4294306153526806,-1.5177911039987668,-1.5697539046269846,-1.5891552399096855,-1.674138732220555,-1.7498782323356044,-1.8190759955958529,-1.8671219521651161,-1.9902116669730787,-2.0389640868000285,-2.125760058118185,-2.2417794050343542,-2.340621969294555,-2.4310717622028433,-2.5735989400280364,-2.644905662328266,-2.7244145077997217,-2.867296274478832,-2.9415735211312173,-3.069430722241845,-3.2167679841447048,-3.3426702318823813,-3.461149663375904,-3.5718683733311054,-3.8038762890222046,-3.9833411424061285,-4.093029934376331,-4.356971092038906,-4.428728633652277,-4.622202440154631,-4.9402935653509426,-5.093995424638085,-5.2073253195625755,-5.516193600026597,-5.719351398507524,-5.908782457944074,-6.256830111859496,-6.462461798507978,-6.636600445168864
-1.0170686382932903,-1.054987142041466,-1.0789747550203277,-1.1311565526775353,-1.1691467010605971,-1.2062895375792406,-1.2362878406935185,-1.2763789900665565,-1.2746335284956722,-1.2088791724673074,-1.139643873814986,0,0,0,0,0,0,0,0,0,-1.7095573481382056,-1.9420388931943076,-2.1249678879443885,-2.2125018489426282,-2.287246537921279,-2.3988679801758424,-2.499504106628869,-2.5558055459519164,-2.6989978896791,-2.7440793772175067,-2.796804988880848,-3.0442564922306206,-3.1518526799599376,-3.23736203611795,-3.4028686450191308,-3.6968035680337135,-3.8503347156734784,-3.967560817660858,-4.247736209259003,-4.440373139616954,-4.588375478754687,-4.913057255705569,-5.062689773925807,-5.195595815110665,-5.572469521024817,-5.688886367148288,-5.8424590376671075,-6.192496379386704,-6.311865232241116,-6.442322368409199
-0.8603157478473883,-0.8564991012270431,-0.8462875990109197,-0.8362475844525858,-0.8177897008289104,-0.7937383791188086,-0.7163233169660002,0,0,0,0,0,0,0,0,0,0,0,0,-1.3860352218511263,-1.5550440802792824,-1.6974915218228945,-1.8683005765811886,-1.9212157333665547,-2.0045236257976096,-2.1185815263140504,-2.1846264996658586,-2.245499227277606,-2.3637795911052275,-2.4246059815744414,-2.505822175968568,-2.680063608375455,-2.7551223304420565,-2.805871082038242,-2.92607786753041,-3.178946325994871,-3.3553800923327533,-3.5536044567233924,-3.7266193537917633,-3.904332356773129,-4.017638650882677,-3.819602336033943,-3.5142385064465325,-2.470230517791509,-4.545104051181342,-4.924702009510459,-5.0783445687627955,-5.350751432032455,-5.475645886958674,-5.572711275146906
-0.6129020436227705,-0.5931053921813406,-0.5878944898347247,-0.569504462782393,0,0,0,0,0,0,0,0,0,0,0,0,0,-1.0459987134627202,-1.2674422902771112,-1.4924799696307427,-1.5357693676788933,-1.5961845067296585,-1.7139239737435095,-1.7534796686881795,-1.7902630343730361,-1.8808400192934702,-1.9016224234431185,-1.962599763967178,-2.047573383407066,-2.088595009479327,-2.092794304874363,-2.2372171895643325,-2.3575517665906514,-2.4204304372988554,-2.4517763684626352,-2.5999566368189906,-2.645576945113982,-2.741057228810172,-2.9499994087053674,-3.23401551516358,-3.4069809658802255,-3.8876553529522697,-4.075486785155896,-4.274781899131399,-4.603799118508983,-4.800888735549419,-4.938623000703174,-5.332888309631872,-5.5489476163365214,-5.722549135238549
-0.4656039592798199,-0.39322147922570977,0,0,0,0,0,0,0,0,0,0,0,0,0,0,-1.1342358332749705,-1.1884888485279506,-1.2973061440884264,-1.3957456075397674,-1.428536143717338,-1.4675687460308395,-1.5453797572022656,-1.5937618216205531,-1.6299942355101447,-1.7283873265544332,-1.7569880545401635,-1.816045909350536,-1.9194597378946094,-1.976629774472312,-2.0442677858086205,-2.24473128298065,-2.368110754446437,-2.5860827314616106,-2.6896453179990396,-2.959178839758056,-3.057610655576298,-3.270981208177938,-3.5885262681147663,-3.7042197828203824,-3.8799913342925536,-4.170401123002812,-4.270772866457881,-4.413311452372748,-4.6787391356444905,-4.82225592313891,-4.891654279299179,-5.158695743045558,-5.237953394829479,-5.353871295905117
-0.3966746385835405,-0.19963617784363266,0,0,0,0,0,0,0,0,0,0,0,0,-0.8876477977480458,-1.0401625386310016,-1.2320946033179792,-1.3013277080029078,-1.3609689118461041,-1.4511982862035524,-1.4953588622485454,-1.5436957511393905,-1.6468462873251075,-1.708228868612374,-1.7484924589047468,-1.8747874767884285,-1.9469259898445377,-2.0244112909733185,-2.179735863184274,-2.254727654582988,-2.3646552922146866,-2.587980648046578,-2.6814916626508354,-2.8406190922433434,-2.9320103862509757,-3.203410407851893,-3.303759961484477,-3.432707950301028,-3.671870857602985,-3.747935685744056,-3.874716448014244,-4.0828878403227495,-4.165036856154087,-4.270753288386087,-4.456610167606049,-4.539492503440367,-4.595778634288749,-4.786521191945365,-4.845025174477792,-4.90136439895627
-0.36921703723455057,-0.35265930685580454,-0.33473516529714686,-0.2903147865462417,-0.40746306101585616,0,0,0,0,0,-0.6983788355733603,-0.9682704166605988,-1.1501616776044823,-1.2300004411286984,-1.2891598869769254,-1.3394712771828072,-1.4442024838688154,-1.4867221137085112,-1.5376718945243217,-1.626137627992782,-1.6733416746926573,-1.7252278120224551,-1.8576731057815086,-1.8985387294853033,-1.9722356497914564,-2.1016046398069514,-2.1637820596835,-2.2546559429950572,-2.4218222752825493,-2.490921550738411,-2.581562257851497,-2.7417300087479077,-2.8331202539273628,-2.92157211567464,-3.0363695099294783,-3.199565895938231,-3.275558275812067,-3.3401675651620795,-3.4633469134342496,-3.5790162754375667,-3.6416846649412937,-3.7908350454299566,-3.843238797035304,-3.944725969722493,-4.089017666052724,-4.158816602270343,-4.168798047069358,-4.260175869261539,-4.32648599724315,-4.355688641894342
-0.3532126611207061,-0.3533071753688608,-0.3591678351051683,-0.38441204864351197,-0.3704408091279389,-0.39460733368270173,-0.3749199842051585,-0.42539369657469306,0,-0.8943333235927294,-1.0080321250438598,-1.146676092205945,-1.2786704956594197,-1.3257015899734557,-1.3805882331248902,-1.4265359816329701,-1.5267546978567936,-1.5797172352947086,-1.6112446985808941,-1.7064963043225898,-1.7702107999787247,-1.8183500549673786,-1.9383800869596417,-1.9978390360678544,-2.0298530706646383,-2.1514681587435156,-2.221347062239808,-2.274588776044284,-2.4078639985914143,-2.4612950171001184,-2.5570521468962695,-2.7099982762827097,-2.7629836222768134,-2.832394977853683,-2.9343097160802007,-3.034866803589193,-3.0939113516299375,-3.1273616365381254,-3.2338357162397395,-3.2969212300750246,-3.360505391271439,-3.462547112499296,-3.538307309759718,-3.5387018386495486,-3.665693851585738,-3.700596539635945,-3.7484164687652846,-3.8367293250577648,-3.890078770152811,-3.874988068037205
-0.7471847352399211,-0.7818355405064342,-0.8061212834614273,-0.9126694076722394,-0.9383993355875682,-1.0210109689016276,-1.0733439462075636,-1.1029797685503262,-1.1344132264902314,-1.20572060695598,-1.229043780498396,-1.2777752163967342,-1.3649399083454261,-1.4008422444959483,-1.442436365949976,-1.4881269164675432,-1.5827798676956062,-1.6397995946541752,-1.6842791114903044,-1.7707183184197444,-1.841233653738186,-1.8663478225611172,-1.946825594462946,-2.004513143569014,-2.053981779641352,-2.1547991409537857,-2.189351968168005,-2.2465010841039894,-2.378062041363782,-2.414408675050645,-2.50692831684199,-2.600182073783559,-2.666155270275749,-2.7037978549615636,-2.749351139045603,-2.842643422137801,-2.8925558532641804,-2.9424591126528115,-3.0294176922358966,-3.0645549736593756,-3.0916679451354847,-3.1954025189012065,-3.2325200313237037,-3.283353704965146,-3.346891957388717,-3.380078727583134,-3.4007539782852856,-3.5243646311757653,-3.548458847225308,-3.554842945651593
-0.9007819445763958,-0.9230761560392999,-0.9399721205812434,-1.0150080760681537,-1.0465548607602069,-1.0688561446104956,-1.1625682214535333,-1.1687401698636448,-1.1960213372769832,-1.2824888935417056,-1.3280001249672317,-1.3669550646712807,-1.4485601178912983,-1.484127149307865,-1.5278176989870416,-1.569535027951137,-1.620464954270922,-1.673354590251359,-1.6985033736302506,-1.795841156631813,-1.8233434248683935,-1.8636114119651752,-1.9357610800911935,-1.9782078363843665,-2.0332468734124904,-2.1186223024070903,-2.1637959682386163,-2.2113145097659035,-2.2801154870214932,-2.334684225429313,-2.393030620340083,-2.4551304855963565,-2.4938501910407904,-2.5457189107311957,-2.5817350293762535,-2.6554556483067024,-2.6697209669110853,-2.7163026227135676,-2.782893715669894,-2.8247689747594826,-2.8644511329831754,-2.9134195096341324,-2.973127373856346,-3.006653861002526,-3.0601420463548474,-3.066854760270645,-3.102187851963518,-3.178064507405753,-3.2004583304786998,-3.227191477558361
-0.9572145197126636,-0.994406982032041,-0.9915934395391282,-1.0760449172133604,-1.0906281581740536,-1.1323299070428783,-1.1946890397966956,-1.241147614867871,-1.2792483381157649,-1.353932146255492,-1.3706599186698514,-1.4070286704839639,-1.4561023926307595,-1.4953221781767185,-1.5355031308478169,-1.5619393515294642,-1.6302974136995156,-1.678612054070204,-1.7113985746608762,-1.7832580181629418,-1.8288970009475292,-1.8564696347925345,-1.9440689240277922,-1.9602526987415965,-2.0215098017468582,-2.089671161275775,-2.1267412641107737,-2.1818518940032283,-2.22778053210123,-2.2659285622046292,-2.285356032407141,-2.344131125792882,-2.377359562882086,-2.4174488654394755,-2.4496127577225804,-2.49449691836918,-2.509451337996159,-2.546904312883324,-2.6043124802252566,-2.6442277499927256,-2.6782000340285057,-2.7064736414815194,-2.74423858535729,-2.773930103351095,-2.814346692374139,-2.851532350016594,-2.855332685144643,-2.9022907722998808,-2.9223748725024197,-2.974761141290204
-1.0137289630295905,-1.056059088158622,-1.084917119795789,-1.148310907197914,-1.16803111893401,-1.1982038180652477,-1.2448184672079,-1.2707177712721536,-1.3145671630295859,-1.3465555343178852,-1.3870980523699994,-1.4404382490239125,-1.469387945551886,-1.511324456849716,-1.561049955434938,-1.5680307624960148,-1.63891620056823,-1.6845927105797247,-1.7080283994392678,-1.7763019859929703,-1.8235816137043508,-1.853033903499918,-1.931331958821668,-1.9477368425561816,-1.977992312173349,-2.0216427964218457,-2.041930737417091,-2.0767794599171236,-2.111016068844104,-2.128613233097771,-2.1552190426951485,-2.1959879824586337,-2.2246888112084844,-2.2461419358669237,-2.277238403097207,-2.307133527064882,-2.3427623835266886,-2.373733765683429,-2.434995581715892,-2.4441991654999122,-2.4685009006278174,-2.531067060492275,-2.5634182544133086,-2.5799969274595473,-2.6066117554891752,-2.634868840363028,-2.6658844957697267,-2.686622522333907,-2.7108708670574995,-2.7378442681346487
-1.0558909954996893,-1.0753310359051682,-1.09607196071874,-1.1573461051172322,-1.1890579168542408,-1.2117977210928261,-1.264443830412993,-1.2788640295008267,-1.3198555774327456,-1.3737942916692498,-1.3859719216834794,-1.429109934931688,-1.5098964180167143,-1.5190856960210393,-1.5477223721343876,-1.597248427063837,-1.6529558569003209,-1.6809593413212536,-1.7139394103530057,-1.754967224192075,-1.7873008819152327,-1.803958134427492,-1.8354862316121536,-1.8712489898507405,-1.9031093727445834,-1.9295022888084308,-1.9540404944662089,-1.9912256778867874,-1.9979550664336903,-2.021741962081395,-2.061475320336995,-2.095226479840932,-2.1217355829249986,-2.146440913865756,-2.1563987533886992,-2.193579292088382,-2.217164509778696,-2.2220796974905617,-2.2833073657353595,-2.31711217617026,-2.3329287315277276,-2.377892936077959,-2.3840513280340017,-2.410824129531588,-2.4715886533117564,-2.475250217321317,-2.482780325917715,-2.5065763493970756,-2.522566165626066,-2.553153619487438
