jsons/1312740000.json
{"header": {"parameterUnit": "m", "parameterNumber": 3, "dx": 0.1, "dy": 0.5, "parameterNumberName": "Northward wave", "la1": 40.97354507446295, "la2": 16.46031188964855, "parameterCategory": 2, "lo2": 133.9931640625001, "nx": 191, "ny": 50, "refTime": "2011-08-05 8:00:00", "lo1": 114.97908020019554}, "data":
[rows 22 to 43 of 50, columns 100 to 149 of 191]
1.5377372731671217,1.3990166916771358,1.146065001046406,1.081629373532301,1.0446719980629786,0.960901969885352,0.9487423669775905,0.929739596823921,0.9191201492407804,0.929042385368372,0.9339309167447943,0.959706581520349,0.9150546903491329,0.9110025281158258,0.9032339673008399,0.8906996646383719,0.9085397342525241,0.9339279553746442,0.9177032110074297,0.9064060882769689,0.8887067568262077,0.8278507465783101,0.8106653694155395,0.7907022005251959,0.8110700256735073,0.8465193834472897,0.8851791480115182,0.9426232594454307,1.0020401134351289,1.0294268209385686,1.0630724601021282,1.1010764893752412,1.1150636105321092,1.1358533550318772,1.1379869897910715,1.1358377181524495,1.1230174486670592,1.1312984000348627,1.1292139937620052,1.1258594337055206,1.0898017113907277,1.0723144006433414,1.0399987419548502,0.990244610283127,0.9484885489056589,0.9158610265342126,0.869025353281508,0.8160442671421541,0.7813558223175723,0.7475725678766106
1.7043475337719722,1.6462048750408746,1.4616275045391864,1.4254910066043238,1.3318795246965032,1.2299096992495147,1.1536227526553497,1.1207332263375451,1.0538184383443758,1.0643096383546566,1.0560577601564014,1.0099538206315408,0.981446845267043,0.9535129998424814,0.9400927883079493,0.9145544726183917,0.928363022987506,0.9560382632805998,0.9500191344290638,0.946143071725234,0.9254560520415137,0.8709794681063839,0.943733188404818,1.0277145412833928,1.0692551795873428,1.111303514782651,1.1379010752911405,1.1848992617144745,1.230852888045344,1.259992704414511,1.273605141246881,1.3120021897815757,1.3407896986574914,1.3469958888526157,1.377259809742108,1.3662133192361308,1.3636685945084095,1.3541556124525154,1.340400109038046,1.3214010413403667,1.2797120486047135,1.260167644370202,1.2228435268922033,1.151617006199973,1.119833280562416,1.0593548570818454,1.0251022564025059,0.9399306521575818,0.8837456997836132,0.8541691226588584
1.7774147946847714,1.7696032598341418,1.6945687454552838,1.6674569095294023,1.614965907093456,1.5010906593319604,1.4452974178946854,1.410786890425442,1.3310805534868824,1.2875067391427852,1.248301263394006,1.2297003618107032,1.2138851344598878,1.1900511737951684,1.1467898425136047,1.1548807621409993,1.1673993450695024,1.1778066360792108,1.2157600023811246,1.2440073862834706,1.2890475825153929,1.3318037377332221,1.3481461615031867,1.3865622156886095,1.4429895409245976,1.4338397522392958,1.4421355548211616,1.4584687779960392,1.4728128384558725,1.4956127034779585,1.4979980641639425,1.5327633805180516,1.5260155171253877,1.5280610786244786,1.555972555885507,1.5710994142469707,1.5694143665231859,1.5928404746394442,1.5841679311318027,1.5567501661175391,1.573466556140986,1.5563088026217589,1.5094844309887996,1.4651707571356423,1.4060220105101366,1.364895601868294,1.3087681672459628,1.1995233160295844,1.1158107812664502,1.0346507248836956
-1.4328947017420197,0.86327411782011,1.6212573248384479,1.6540078822509658,1.6862829432280917,1.6413276109747283,1.6039256103776849,1.5935861388960926,1.4951861668854016,1.458483878191031,1.4770202201002989,1.4193563220049865,1.3650053035473577,1.3077796159925734,1.3601852749605519,1.3948703110987528,1.4545085741957222,1.47404219035623,1.4876706282984604,1.4978764843586965,1.508931126880901,1.5184209121372556,1.5142526063486144,1.5023803356615861,1.5631420278680368,1.5940596744669553,1.639560161498587,1.6753333751269632,1.691386687461151,1.6979141784695788,1.70379029527479,1.73628317235005,1.7091691613354216,1.693252088480652,1.6549330006435223,1.6421606129696698,1.6560696908066836,1.6727118094610753,1.68680094152388,1.6898433881357622,1.7741433584692843,1.5856675530211048,0.4669023368345233,-1.7940888067464535,0.783686650879093,0.9022524408824916,-1.0239148248543932,-0.7296546633834271,-0.35840261211160124,-0.027201766595892487
-1.6763310936728213,1.7145829541978967,0.9846442674761771,1.535698058504401,1.7231382010441476,1.766308784136251,1.7573050865968134,1.7647696547310812,1.7331187130876926,1.726895612456977,1.7269930452181013,1.7209813298616883,1.6703712291214698,1.664143106030556,1.6407883795992548,1.6039762129434378,1.5952413708881132,1.5818952674920945,1.5330628800291313,1.5392515823031652,1.5319218305894415,1.5230552983690258,1.5143844388257162,1.518311231501476,1.588256975291418,1.6140354708965585,1.6536286391358601,1.6565129898342523,1.6806771648575765,1.7043956788262689,1.7244207122146926,1.7483405346107233,1.762456931228313,1.776179414892704,1.8071371170875892,1.8313373378074655,1.8425538001944732,1.8494027077679107,1.671441573565088,1.6673832829530917,1.2214987420739862,1.398748373846438,1.4735405346017736,1.2874002658802612,1.2175718651968974,1.1621687435659773,1.062263463553864,1.0224762642373602,0.9231933531344193,0.9037647516705081
1.6691312036453538,1.6772533528440299,1.621278306664862,1.24024527574699,0.1590254801274198,-1.7104376365732104,0.4281233398893068,1.5909593789919476,1.7340861498741027,1.730857923873555,1.7321313105262515,1.7194895865325792,1.6908812973345972,1.6940924220962903,1.6903588368534628,1.6422934000516503,1.6455081714473212,1.6247868652636681,1.610782794709774,1.5998030903670222,1.6094861847466093,1.6204460184173397,1.6107142867395405,1.6210171012797927,1.6263807017077367,1.645610942678225,1.6805501116412795,1.706050680607873,1.717309900888049,1.72878370697672,1.7198212700349826,1.7359627016391643,1.760862371122132,1.7838975810757174,1.7928938993032157,1.7818561128165649,1.7818355224670137,1.7610991555476834,1.7599267536202199,1.728773215528979,1.6964667659966768,1.6720750500720822,1.6054661770681689,1.5322494117253747,1.514316745185543,1.4613061473869051,1.4168161067580813,1.370829729234674,1.3401792861565585,1.3123545876110423
1.622429432911413,1.627736393897058,1.643648029755786,1.5103284264664556,1.4485888194408678,-0.9092911677269774,0.39251230467711357,0.831746435358167,1.6635489217533668,1.6136175339041423,1.6634218757925427,1.7008649409409193,1.6872614923602485,1.6881143622876105,1.672391024721079,1.6517728317324358,1.6536150311665267,1.6535090598622968,1.6565648140739262,1.6618806234085561,1.6599605717516972,1.6775140862498152,1.697106052517868,1.703154904255037,1.7010640193461126,1.70781449270947,1.7254990671547266,1.7622189773883021,1.7903698505172794,1.6319575704128388,1.2599398607624936,0.8526835814480871,-0.5213767972538838,-1.1342990579715528,1.2862765965913339,1.7651428036757382,1.835816798171574,1.800368831755767,1.7825734851629962,1.7515327620094703,1.7363509602974023,1.708782897638184,1.6811030747124696,1.6409560965281436,1.6376635974476401,1.5893225653195573,1.5800856713301317,1.5031969623644421,1.4826742778098019,1.4549347002108397
1.5908904407210487,1.6080078208518185,1.6145737750454787,1.6256767661683265,1.6319893502756844,1.6347438406793802,1.594163969910847,1.5484479684573482,1.6597635102799952,-1.453153174207249,0.533416633198683,1.4664887339165469,1.6821324409127554,1.6800244771842503,1.6838994598480157,1.6750183362886555,1.6836829086930891,1.69072010327723,1.7017202030081409,1.7158371944921536,1.7398645693272055,1.7530837065891003,1.7686327614042134,1.7952049865522297,1.7883209830315225,1.4210280241757165,-1.8117081161551314,1.4381845454307123,-1.1284137329953428,-1.2115638544001142,-0.6295318026800143,-0.2916465388106153,-0.22646835210184854,-0.17101746430770154,-0.07138604287911973,-0.045285327445314084,0.06944561611305905,0.2405093743628916,0.40229589510221364,0.517669435595496,0.8360804220156358,0.9770476105922161,1.0185241385529236,1.112713563733482,1.1713308121093993,1.1962357920187183,1.2163867826156478,1.2301039584701636,1.2168465706748777,1.1894725125056982
1.5813089110124834,1.5820176176603415,1.5835456040823817,1.6020479766979792,1.60379797864841,1.625496345911862,1.6341334286067841,1.646012395672731,1.6321073939131032,1.5320587779613817,1.5107156478839263,0.701614925699501,-0.532652279305125,1.6756793777399785,-1.655243966170805,1.0658067115969523,1.5745368723602613,1.6670768385362662,1.688409467571336,1.7006919198648591,1.7235593114549472,1.7271361594738572,1.736449022586726,1.7610864120284022,1.7897988385450585,1.811873499916368,1.8195043208595894,1.8340413795674206,1.739743344820598,1.6117696856829322,1.3994454048545977,1.0665456532934081,0.9848714620416994,0.9592824968054786,0.880121769497442,0.8398452832673444,0.7222152119800836,0.7592411334867105,0.741723608313791,0.7317464790541586,0.7163154210597116,0.7279806167860224,0.7368849442678285,0.751009727561423,0.7296440429083592,0.7424921124287218,0.8077913867850501,0.8008652108764417,0.8605388699017399,0.8968413784049223
1.5350298002970892,1.5333742463067368,1.5549081664973403,1.5576977985985763,1.5588150933632257,1.582959174421069,1.5978306945808072,1.605527042295406,1.6178579414646985,1.6308345773872257,1.6401518611672985,1.6447923941785356,1.6506412460820952,1.6579231874611335,1.640582082499044,1.6152312448338626,1.4903652650648038,1.3412075594875363,0.9457036923033878,-1.4042471597611839,0.9860325899468954,1.4288510124280631,-0.9047003429518775,1.4385778640341744,1.687603751542095,1.743609738683958,1.7727911160233534,1.7798905703111747,1.796038321341959,1.8277986959815353,1.8417702522404895,1.8037958522432536,1.7898358210842513,1.8139633447015304,1.7992458053506517,1.7654009516563223,1.729628563929421,1.6826628039319385,1.6360649102705174,1.5948096363233106,1.5093489823941397,1.4899665268111337,1.43128492470065,1.3725512743747135,1.3586144467572097,1.3143072740860422,1.3061804478084373,1.2948374706042067,1.2406341282552007,1.185629384306074
1.5381931237153614,1.5340683335276786,1.402292655201511,1.228802154080903,0.820660199189516,1.321936758773156,1.420765910874954,1.5060757292196592,1.547648951439477,1.5660590434058186,1.5851328127456104,1.592897536901244,1.6051660228368199,1.6123742930683271,1.6166473347250274,1.6254326984617253,1.629718213415304,1.635314451195515,1.6450683820577248,1.6475776347294224,1.65757938545595,1.6585864067337144,1.6243738973773085,1.345652736969052,-1.5671061131786774,-1.4886079584948104,0.11031843772046108,1.605142426934062,1.729122227739729,1.743082671013101,1.7759805525012555,1.7799083776201172,1.7818925820919589,1.7569137515055286,1.3299824259393858,-1.6061139855742719,1.6909162991391868,-1.771445022632461,-1.6419323788374232,-0.007584105458133315,1.4834993118249402,1.6397655323580116,1.6737748477335344,1.6911177068473784,1.680522968061276,1.66550996736424,1.6467922663468726,1.6128294863971693,1.590294542567004,1.57676588089099
1.5094063626928311,1.5148136753043266,1.519322479537297,1.3260965939711564,1.3492079361625418,1.490127877423054,1.529709002333304,1.5324622040600855,1.5267323888032773,1.5333592971271344,1.5419944430308978,1.5489951327562583,1.5651447339036972,1.5722434003723174,1.5836764426185457,1.608935577996718,1.6131731954065802,1.6173181282441877,1.6262650890852415,1.6311693821927056,1.6307865211405728,1.6350816250134745,1.6371527128568322,1.643419699489254,1.654063714271435,1.6658498963848616,1.6781361089831492,1.6898305417644033,1.6905241174795602,1.7013162893511657,1.7002300914051098,1.6996218844396838,1.7109402921940806,1.71346626360263,1.7202600767164542,1.721469766253353,1.7174361992011509,1.6960402072778642,1.53643073338983,1.4420124594444934,-0.35150657420918413,-1.3991179356965124,0.9771867411126457,1.4432169487794997,1.525754665444402,1.617494683537725,1.6544988663030304,1.6450245158232928,1.626344736697849,1.6187350763443487
1.3486163992246234,1.385230997568521,1.469354173336408,1.5089596936363125,1.501346499129678,1.5301345452299193,1.5417912943746808,1.5305780618739484,1.5369864794647632,1.5446732375695946,1.5476299330762031,1.5436111046171437,1.546619849475766,1.5465407530942554,1.5515238300556167,1.5700591648615334,1.577732282094482,1.5793123507129367,1.5895028449985213,1.596818783947638,1.6006360128456336,1.618481156886623,1.628825838682833,1.6319213858301798,1.6403985706880055,1.6400059965998732,1.6397435332532821,1.6392909271116023,1.6460706089027213,1.656704726269149,1.6585458424851587,1.663235710008785,1.6645467154004707,1.66548075496167,1.6654789598287187,1.6604314332548493,1.662320256610954,1.6626552480632795,1.6619271018508337,1.6604323158260317,1.5230969551991045,1.467020750268525,1.4979612432489233,-1.6353966217750993,1.2687419202002443,1.60659018255639,1.0036374300247635,1.2571460730272308,1.4681215602874205,1.4343260008244787
1.2627263630587946,1.3014552552137149,1.3581613087763287,1.385603929402676,1.4002025493458428,1.4679828121100291,1.4722341866185078,1.4783657240248338,1.5009848636779997,1.512340552459299,1.5088561501983087,1.5078202454331255,1.5287018577243368,1.5359165106103652,1.5388154527389766,1.5578816946966423,1.5698341890104142,1.5739902060155053,1.5796580575200538,1.589337566202376,1.5969896987378425,1.6087756096502754,1.616217253968964,1.6161681913769448,1.6302382086122869,1.6380570354710446,1.6357896831215653,1.638012493306803,1.6433674025849099,1.6413903258283025,1.6408350508755694,1.6400531193176056,1.638695355303462,1.6400815286647776,1.6410945475507783,1.6382846471946177,1.6365981257123485,1.6367314151603476,1.6376624980916172,1.6345958915414749,1.6314364713159284,1.625239704067823,1.603687798839976,1.5813368725003667,1.4728874792790159,1.4509898474081386,1.3290429531129067,0.9249874966011705,1.502706907158064,1.581873779323499
1.2461579660767188,1.266392739138207,1.2893552092949887,1.321105575207013,1.3322098258772794,1.3932991358266003,1.4244980158382585,1.4301207731766077,1.462915403324107,1.4740290719880094,1.4788598259913706,1.480414539763096,1.510487692262313,1.5130330065802768,1.5185867778175015,1.535279436243234,1.5384568324681815,1.5467242173749687,1.5623791938298428,1.5770957060731903,1.5809401891684045,1.5963472472073363,1.6074280888067498,1.62676394324822,1.6345094253871904,1.6305153416050207,1.6240008294784234,1.6286197458075309,1.6362100289775787,1.6327933763189877,1.6373076454774287,1.6419716495779764,1.6331615517031426,1.6303190111840962,1.6334235779046729,1.6293997374879186,1.6257067044421025,1.6201343939286952,1.620936888912515,1.6211823685667617,1.617407122301944,1.611750983717675,1.6034182837134332,1.6017133448500944,1.5944967887155435,1.5922088313113192,1.5928427507414278,1.5789984137963124,1.5542164972951762,1.531526606188835
1.245062924355349,1.2901242675168691,1.3158797548784003,1.3188078326431873,1.3374170684561297,1.3907844328978076,1.4095621599268375,1.4345267127726957,1.472714493627597,1.491928216593945,1.4855488058131092,1.4887667952014225,1.5012482201170876,1.5035120662557477,1.5142172180932005,1.5242518567682384,1.532878396002319,1.5424728369083354,1.5607439237650707,1.5727927426305237,1.5815216007425577,1.6012845665620183,1.6033959447981654,1.6047334107111166,1.6123637251134324,1.6161029748675502,1.6056066567296274,1.606891449869644,1.628136080111716,1.6258583923963916,1.6256510897521101,1.6286141489741732,1.628821989681289,1.6302642673467653,1.6281114866887059,1.6200486893143118,1.6179829954782752,1.614889015911134,1.612378133919079,1.6067327311230353,1.6032820003251478,1.604069601375298,1.6001012224807691,1.599795606678004,1.5970370070952162,1.589491971543816,1.5889915274884325,1.588858962301716,1.589999399039441,1.5922773031076076
1.241901342278247,1.2592926650732275,1.3188589529615724,1.3320993539331354,1.3362405613862656,1.3619138743141126,1.393534107758295,1.4011376313263642,1.4328414822639708,1.42759415915546,1.4436429715289547,1.4630508495504868,1.4819864012944493,1.4854399307920156,1.4938192371751435,1.5036534267410921,1.4973303845617043,1.513308609942838,1.54682211817216,1.5592162414490356,1.5646760629823744,1.5831537733559473,1.5925248874079223,1.5813261159321437,1.601710481146445,1.6095882378337745,1.6104906470517413,1.6123633735274898,1.6323158787737304,1.6378805822017732,1.6451911449522596,1.646107505973254,1.6325661666567362,1.6285558870599253,1.626162386334477,1.6147026213306512,1.612769816575183,1.620369400363079,1.621894282972223,1.6225347025192574,1.626252298125326,1.6246015518569328,1.6140886076654377,1.6097990693710929,1.604599515779836,1.5956565932765385,1.5959446255287397,1.596164374072998,1.593051739159314,1.5916558225140178
1.2268126996738165,1.2450011734654243,1.2847498106035207,1.3061854021639079,1.3094108293221207,1.30726492108049,1.3229448134128066,1.3544196557620294,1.4005468111013197,1.4178073263254327,1.4098882721212813,1.4290704708400317,1.4611088828993979,1.4632563882413003,1.4622851563603536,1.4920522654036001,1.499606323367316,1.506802207281119,1.5310982457024027,1.5429213688789931,1.5569930534779153,1.590993397203652,1.5919287792189403,1.588613277214108,1.600303799263867,1.6082608885978162,1.6053083098684384,1.6079416692684223,1.620762446813474,1.6128718233813517,1.6072085880988367,1.6115875565516713,1.616742599548971,1.62077411623601,1.6363200092612047,1.6332434898403978,1.6286459213598523,1.6290191941373395,1.6263281728769197,1.6242792198780782,1.624552183550409,1.6245095551708915,1.6157888225415713,1.611138201283149,1.6081474315782671,1.6025480906860015,1.5967490648718288,1.5811726498210608,1.567099890142129,1.554183839370288
1.210193633094008,1.213166406164298,1.2499346185960565,1.269265618991243,1.2733707528513782,1.3098858639230695,1.3389975693848741,1.3681562975725399,1.3943046057394675,1.4278951489373803,1.4468037127238145,1.469762851112946,1.4906550443892999,1.5006264301759988,1.5169682902148114,1.53788886496482,1.5462541640750143,1.560631212897793,1.5780413896001098,1.58913880748239,1.5992993538678866,1.6041703525584259,1.6129057074417645,1.6267821010301744,1.6483491281833869,1.6526475130929086,1.6495452014952658,1.6443770932646282,1.6435445409073155,1.6372710127495373,1.6369708838139831,1.6479203709425392,1.6415621977250177,1.645225422601522,1.651436580174875,1.645129715722162,1.6442656065360244,1.6454834827193578,1.6434839961701901,1.6383859806998795,1.6468271621922201,1.64307051360415,1.6334552324035294,1.614022424055488,1.6079308118320912,1.6041514408966595,1.6095202991634028,1.5875309205309585,1.5382436684676422,1.5043155633322354
1.168064491541213,1.1776028360317252,1.2154570095977366,1.2331241040706535,1.2469978000020574,1.3082006817787517,1.354413793170397,1.3877643292745578,1.4361044980067028,1.4806579078524198,1.5080813395233217,1.5062265309305674,1.5584845957700253,1.5795944136818538,1.5919742197349527,1.5878828397995461,1.5793788518034653,1.5872935982039766,1.6158015017810774,1.6239624869723408,1.630788848846221,1.651768475927089,1.681951224236542,1.7131229634098175,1.747168083636178,1.7279134169472667,1.6878320671311466,1.6798056626169633,1.6847319800310359,1.6749091520542134,1.6627259159760681,1.654253833504817,1.6523938048562743,1.6501953940455965,1.6542333323935958,1.652101445379061,1.64986574871629,1.6497325999922945,1.6531464444028505,1.6521922862115668,1.6350544977411001,1.6160784242795347,1.5798268638029,1.5529316544457388,1.5194585097021025,1.4501058597832883,1.3917665156477184,1.402380946047567,0,0
1.1337089493574037,1.17302836124989,1.2263986540908287,1.2414446578268206,1.2599676477432566,1.28609189377351,1.294921853546809,1.3071801509339933,1.287627960200453,1.3329741581633703,1.4056756352760462,1.442548476808914,1.4894830799095269,1.5227254958570045,1.5706915401481774,1.5974965862298063,1.5872052376287862,1.5923263853550391,1.5969762697912384,1.6141362624127638,1.612391378909664,1.6205780064537325,1.6238960189041336,1.6173777072278284,1.6208657191281886,1.6093211724459904,1.6122830427565022,1.6250469978297069,1.6115643896567582,1.5923774097939505,1.6046209693111115,1.6290668427898742,1.6255267789849521,1.6285649169126248,1.627727143751448,1.6175522091124674,1.6176139470359157,1.6047882493355439,1.5812652710659745,1.545888659156214,1.5194176942049529,1.4867557132771065,-2.8314531017878758e+38,0,0,0,0,0,0,0
1.0610858186572065,1.0837058152618484,1.1229173773069878,1.1289758267390917,1.1526591442611405,1.2120686463124222,1.2241729632700649,1.247203641879686,1.3113980500297975,1.3369649828600638,1.3660129579406235,1.3833746791945014,1.4413699909957232,1.4402206238796547,1.4505569764464314,1.4692340739973078,1.4781356645029002,1.4927231983649347,1.534337914950266,1.5527174877667274,1.544458430210676,1.5339030472004733,1.5258408666335055,1.5236551813864303,1.5607795427439102,1.567496255986236,1.5790727297450258,1.569628090870815,1.5548522360675714,1.543085285121465,1.5454762391554744,1.5346133018367403,1.5154649641248241,1.5054152314017655,1.4627519748721949,1.413416732794628,1.405663388202946,0.4312234535505144,0,0,0,0,0,0,0,0,0,0,0,0
