jsons/1312758000.json
{"header": {"parameterUnit": "m", "parameterNumber": 3, "dx": 0.1, "dy": 0.5, "parameterNumberName": "Northward wave", "la1": 40.97354507446295, "la2": 16.46031188964855, "parameterCategory": 2, "lo2": 133.9931640625001, "nx": 191, "ny": 50, "refTime": "2011-08-05 8:00:00", "lo1": 114.97908020019554}, "data":
[rows 22 to 43 of 50, columns 100 to 149 of 191]
1.3265899921381368,1.2411927348590657,1.047983811450138,0.9939319478214447,0.9273288271294887,0.851307991896985,0.8391633782137984,0.8119248065356438,0.7863367254366523,0.7878165443168156,0.7855790312740368,0.7970714273735587,0.7576597526003388,0.7461973841361145,0.734249603627659,0.7125693931245044,0.7219122995740318,0.731485945702157,0.729435417543863,0.7385099237059679,0.7230437582965489,0.6580524766468959,0.6466203159251168,0.6314749157005478,0.6454334093326931,0.6732754427748389,0.713284435736885,0.7723304601200257,0.8452950282396353,0.8798188867575003,0.922003373906374,0.9755609878848369,1.0095768720127722,1.039974096030083,1.0552185329651247,1.0632929191785847,1.0877276179341888,1.1322560789128056,1.1542050249627929,1.178083017363102,1.18473937862495,1.1954207713807703,1.1975762811433923,1.191887268551244,1.181730180472804,1.1598523588003204,1.1210539516058797,1.081645803000873,1.051534507204048,1.0228198900138894
1.4450215364524521,1.3985227611269708,1.2397748737331016,1.2069915590443934,1.1268422611297129,1.041543092593544,0.9779374501800195,0.9437731267017154,0.8765817749293151,0.870375682213911,0.854295589510625,0.8134444108714779,0.7788603114292934,0.746621075302268,0.7240676357317786,0.702521706225693,0.7119763952367353,0.7372835813836462,0.7122212925220687,0.6963462969244429,0.7044289864161746,0.6687723669794011,0.7319488690219552,0.8058496634585534,0.8296790785853035,0.8634700023603242,0.8883554351731828,0.954263957169764,1.0063409536399908,1.0405792469201356,1.0633532276078592,1.1270075694985562,1.1823782919817503,1.1964013630674861,1.2649944815948961,1.2911496199340757,1.30218834815464,1.3475342231387806,1.3773833007592087,1.3814418590711384,1.3915682828486722,1.3918733747827547,1.380913344164068,1.3399774421976722,1.3399762847517038,1.302665337796014,1.278058630244291,1.226532183287211,1.1844043645504285,1.1473850558027403
1.4670975887040287,1.4585228929890823,1.4103544382115656,1.3833136344731283,1.3377498418215854,1.237985090166803,1.195573331938939,1.159027580301388,1.0611657426390377,1.0241479354940817,0.9950481969450102,0.9788788229406279,0.9507745651088576,0.9278638645847656,0.8879578957044605,0.8822517231031105,0.8837091141958381,0.8862033080785103,0.9025136697051975,0.9413790786174494,0.9807239520381291,1.0123671327276782,1.0211852207947083,1.0593544945257876,1.1261039460610116,1.1141893064888326,1.127914845808614,1.1515389955438071,1.184419208444031,1.222807949291662,1.2324969370275594,1.286130773469601,1.309728928591822,1.3349191544755643,1.3955668639766154,1.442795541866685,1.4570085904255181,1.5204783192426923,1.5278462961726738,1.5329615890614743,1.5715596183165184,1.5755951328055906,1.5620865191798947,1.557855447008891,1.5291513590833772,1.5077684606694968,1.4838408581775877,1.4270874254193155,1.3693136332635232,1.3144001185243903
0.8536281910774661,1.3161536443043187,1.4153101662211944,1.4003773215820956,1.38686921412642,1.3489647750599558,1.3180000935297997,1.3070498054573632,1.2064372097416445,1.170446966039516,1.182811903665085,1.1313713978947106,1.0869465294478908,1.0407283470163085,1.0755298838875196,1.1015259080068693,1.1343212578009236,1.1438248678055623,1.152425234289278,1.1501255199779774,1.1390617306815596,1.1572386198899562,1.1619352694987555,1.168695059393667,1.2370854993298714,1.2673061141182083,1.3320546689396215,1.3766257272767188,1.4230909693923133,1.4364739852240451,1.445061316595561,1.5102958046628314,1.4970476007161024,1.497339070723338,1.4786728189843021,1.485492257890718,1.5070758386409575,1.5591487992915194,1.5867859395637485,1.6057792748130961,1.6858117407104443,1.5662853450409908,0.614965553525259,-0.7077357123179175,1.358431339385663,1.143510933540656,-0.9307882870337363,-0.8514969750134845,-0.4179350815972071,0.13637217635761434
-1.3948245497271337,1.385077563960766,0.753921422556297,1.2247128083385286,1.3925787252296231,1.4331270953094026,1.4222430855349377,1.42397421225422,1.3864324824979841,1.3836520418036617,1.3957607169617188,1.3943925887142201,1.327865866436033,1.3197573240795724,1.2949591153991018,1.264837761562648,1.2601604576870138,1.2452577754990966,1.1735831822973741,1.1864999131464056,1.1779243038725635,1.1741234196416392,1.1820359607914908,1.1922197216169632,1.264629074217453,1.2897832483158762,1.3259108301889597,1.336164320970687,1.3738565049735918,1.4080123998593912,1.4284792181076253,1.4793807047022742,1.5100624608354667,1.5331902596393328,1.5803346677853003,1.6190459680782627,1.6426228681809179,1.6646472566729995,1.5382391980277528,1.5766314391542424,1.2973484682851437,1.4549178330624988,1.5528364898834832,1.4311191623530732,1.3801486813036568,1.3334621560929283,1.2507512699596266,1.2113197875639534,1.0998740677715904,1.0754011833518888
1.3831186807789444,1.3663298406494975,0.38058452188874375,-0.8630791740484283,-0.6625982387814953,1.3504054515253145,1.365190126359189,1.4165547847763091,1.404533048003532,1.4001696232407075,1.3964911382548997,1.38180434232415,1.3555509169559643,1.3599496751212496,1.3542898880891947,1.2852118198974498,1.3020290330024364,1.297204725449282,1.2862216076997302,1.2798028239906498,1.285914368420779,1.284505019301348,1.290974993402267,1.3026144971449636,1.3033935867297202,1.3384286288848328,1.3839977152225478,1.4096758497672084,1.424978774499894,1.4416516306526084,1.432870930735205,1.4431918432030844,1.4746651783181717,1.5030530455186164,1.5245889091733869,1.5473725909982736,1.557133273180601,1.5359830799714982,1.559286437796515,1.5552128950000794,1.5499222002738686,1.5471158182001186,1.5138711934451776,1.4574960400437593,1.449086653563144,1.3960373551680436,1.3757025164594099,1.3605427904352179,1.3558148958288978,1.3511915243084403
1.3557264994471352,1.3582500076214408,1.1569119209767762,-0.2566375938441332,-1.1766455578050172,0.9597903781283992,1.3343117682050312,1.3533981852833854,1.4001192978992136,1.3911016667793494,1.386411806301768,1.3786742173478252,1.3529562799311288,1.3532317800343927,1.3490751944322459,1.3387454047697054,1.3449208148407987,1.3430712883090759,1.337236941854643,1.3486466732856037,1.3550155230897547,1.370238301789628,1.3871681048396542,1.3978681826984427,1.4051539079983717,1.417433164336518,1.4405178958494813,1.478937436605159,1.4911297684481215,1.1881769517725713,0.6287273398171335,-0.7823165318122908,-1.4876360573573437,-1.1605385860147057,1.1301869543772665,1.5358466614637107,1.5905366700602495,1.5811664027309895,1.5834939668119306,1.570304297753204,1.5629931608822782,1.5514787109299766,1.5434017302182812,1.534232097170599,1.5461208869105412,1.5317770191484936,1.5316781173792082,1.4956050009594173,1.4838085660994742,1.476906470346614
1.342334150512032,1.3573720676161398,1.3638659131400204,1.3634736708515045,1.340050474938872,0.8501836902177119,-1.3125804944631754,0.14267032491195933,1.3700941056907803,1.325701737931206,1.3505170879003925,1.386084142429521,1.3813568237012188,1.3778747319267128,1.3783047091707878,1.3666771623249807,1.37173007680715,1.3876007338715717,1.4016988349482973,1.4131235702312883,1.426088140197017,1.446157665691069,1.4637807408507957,1.4947702810790744,1.2391319138401091,-1.5287645092950712,1.2409480624735296,1.5398061724129155,-0.959451894319674,-1.0400619097847705,-0.5831681571568481,-0.31494177466511186,-0.2741097495620545,-0.22688024645940896,-0.1527321415219196,-0.1409297729941278,-0.012782052796829585,0.19892869857039067,0.378438780087897,0.5054988480208009,0.9028217698726684,1.0466966545833778,1.101000569825893,1.1984911830466947,1.2693788242150217,1.2967638706347469,1.3164353080328253,1.3454360059327377,1.3523226453237898,1.3583819859455517
1.3470845563571086,1.3463254746767268,1.3479501102479745,1.3528202114369399,1.3545063548688296,1.1961706683748352,-0.603728703773183,0.45913249466046374,1.2753696109577954,1.3638961814957595,1.3932201700307776,1.3940335875022378,1.3921682487636804,1.3933784428489095,1.3915010666708039,1.3866648533890216,1.3970816961314068,1.4024195127790635,1.4047928060709793,1.4139129214387214,1.4332129392264918,1.4372268066579468,1.445036524813179,1.4799463850826131,1.5108117729514952,1.5335561275585137,1.5358794527161228,1.5473503839670903,1.4671355446791625,1.3566587165635478,1.1552821733760366,0.8532201832215563,0.8006883009953899,0.7838966933141756,0.7256518783170287,0.6947499445485114,0.5934416812885945,0.6541361499300375,0.6345070111977886,0.6332309514571612,0.6289584782870462,0.6560562159854415,0.6756221725908041,0.7343538811858465,0.7406207493993611,0.7609839910575681,0.8464092481583891,0.8828855025268907,0.939391576122204,0.9857839051564594
1.3333575758480594,1.326532032718141,1.3316232804024009,1.3366910173715294,1.3348210098935405,1.3393771665326837,1.3589242196761533,1.3727671940725923,1.3794690989984824,1.3140062611724983,1.18582227623257,0.9881686866468047,1.2067922858459392,1.0149836033751776,1.3862467361750581,1.3937158716474836,1.3621948494297877,1.3515366770749573,1.4047803869201398,1.4241295885875513,1.4339619870870144,1.4406123360799212,1.444843975105819,1.454865814990687,1.4660372376357953,1.489556206104195,1.522087914018437,1.5307315108492354,1.548362350367396,1.5811650679153402,1.5965057833333414,1.5704988322628983,1.5590099690819583,1.5425326829187302,1.4936031245317063,1.4905638086358899,1.4645892135260121,1.495102922993116,1.4564530497867652,1.427326116078112,1.3436057671583617,1.3272334572368178,1.2776416159633501,1.228834320227193,1.2186719165482462,1.1791767135535167,1.1722939602093696,1.1486276145124696,1.1158141597078999,1.0815443805786982
1.3524651030214627,1.3461552966073922,1.1697843459404353,0.9267885510178967,0.626958135331727,1.1451932691319042,1.2376380719106257,1.3121713140840296,1.340966887493959,1.354321079288467,1.368291044831362,1.3751021704311506,1.3823040152065027,1.3599061458141235,1.3561714152942832,1.3425922182612386,1.302796553845007,1.1066274979827497,-0.23142318239186324,-0.4972657309135772,0.06788616690999318,1.1639154697621055,1.3297960010331153,1.209299159465957,1.1453265434257882,0.8627971753254811,-1.4921562539456636,1.1884150320142544,1.311298457784813,1.4257337285239773,1.5020821438907823,1.571603663381588,1.5855050670857147,1.5897906550765084,1.5608385886452576,1.422316607601893,1.6095436660208844,-0.007396198379529196,-1.3277037521316208,-1.6060920391414943,-1.3200872389017277,0.8003461028115507,1.0412626701658045,1.3498256427745343,1.4055423193488596,1.4897756350847429,1.5138303835805937,1.4815861101339425,1.460647087087459,1.4497692322804951
1.36584294379084,1.3728085643883843,1.314113372459125,1.0878172161219795,0.982350682885924,0.8378500641462241,1.2295796422745855,1.292698847963979,1.36148854584577,1.362233902183772,1.3564425240216553,1.3634091282125573,1.3764196903879906,1.3810802632593635,1.3891664437368396,1.4064279631736558,1.4097607058360218,1.412509137163891,1.4182357686254061,1.421807063653693,1.422945974590759,1.4314096388099151,1.3835063738111268,1.367905117071118,1.3942574272884085,1.4003979727094593,1.3346436151932433,1.5009714816130197,1.4959498643940752,1.5140366882697065,1.510434360870354,1.5063989087421643,1.5217113533491955,1.5290884516926553,1.5412714038869724,1.5495399369385312,1.555419432144215,1.5581228116305565,1.5633541353984592,1.5651504396488631,1.481162678887247,1.2236291549353446,1.3495983135388383,-0.4446983210684155,-1.1624681220290023,0.9976449663205466,1.492783449217797,1.3933393229027473,1.4479136321774346,1.5033299941394698
1.2546097536167156,1.2709183852616883,1.340738963614082,1.3650650521522925,1.3579323098194263,1.3784549342013654,1.3763917377113768,1.3681921111998911,1.3790446615798344,1.3813710769540681,1.3822703810441979,1.3736895208343183,1.376355058770594,1.3764764480116587,1.381645315176054,1.388768587423518,1.392248303681036,1.3941535116111858,1.408139664491876,1.4194214966219265,1.4291981909953075,1.4420481680649586,1.453207729809338,1.4499387009400782,1.4536432555696517,1.4536292618524786,1.459117193596798,1.463062958234775,1.4662028571006003,1.4758446952575974,1.4786812383450232,1.4866114468541511,1.5004910254333705,1.5017462685138259,1.5028300067264826,1.5029592998458852,1.5036583113740989,1.5046539624118331,1.508565890265184,1.5167519450039648,1.5187408890713008,1.5241851340567691,1.5330115180057848,1.455631770888637,1.4843903094341189,1.4910341279732262,0.6148161815543489,0.19189077068098803,-0.4026167914221587,-1.280619795525025
1.1461255912327273,1.1920025645481351,1.2602232718366915,1.2763710679383176,1.2723081977207535,1.3346349988316908,1.3387768018408042,1.3464796566320705,1.3615060606704386,1.3689652330915296,1.3627518616097123,1.3643705201999154,1.3651204126770835,1.3629355500125617,1.3643747948109672,1.3879990553024053,1.3931541696588714,1.3944879655657858,1.4100522472064982,1.420818153598206,1.4275160697302924,1.4391927199878316,1.447332402669244,1.450414019188931,1.4724913868132161,1.4806799186231825,1.4733984610034956,1.4731251585015208,1.4746957642163592,1.473095461221385,1.4722707884592467,1.468707675267929,1.4714036109524207,1.4741790380930937,1.4732009426605595,1.4791122802942829,1.4819313029118442,1.4862497072030625,1.4898317285257763,1.4920149272375576,1.4940399297548344,1.4925002708485535,1.492308669106,1.4922485575997562,1.4896101218980127,1.4876768307720347,1.487042299942713,1.4883218905949993,1.4980168735464658,1.4972970491014903
1.0949655888599825,1.1234466854474214,1.168065156987465,1.1994099825094813,1.217672829250977,1.2636598073003462,1.287770476241708,1.2935358759964857,1.31939275362226,1.328322269107588,1.3332494157673962,1.3349581713717829,1.3575728750114446,1.3676228606072263,1.3676204029644063,1.374673076468324,1.379791818799217,1.38336358830812,1.3973852011787637,1.4156457806315015,1.4227975273901894,1.4431801514104714,1.4539628944425673,1.4667102081259786,1.4720672396019,1.4684185286382072,1.4623490655863327,1.4684287608872522,1.4766796851289985,1.4713798864554695,1.4716369366242459,1.472591319889374,1.4632657187111886,1.4589628096962675,1.467327747025121,1.4674916271214178,1.4686348657638322,1.46897661927126,1.4714028961866479,1.4746950187289367,1.4729084084585908,1.4673378490396414,1.4589439628750496,1.4573517418202688,1.4507297704625217,1.4516716506780478,1.4570047125997267,1.4585703646346366,1.4592348215958129,1.4603364597811526
1.1134878333466063,1.1434084295228193,1.165252109598023,1.1701401655635604,1.198198582671569,1.26873549147012,1.2899349638263873,1.321719594650906,1.360963652976666,1.3617737827112375,1.353684156201669,1.3578343584403876,1.3659258262359473,1.3656828926153128,1.3752915217327386,1.3832294889205838,1.3893218132840954,1.4011359770116452,1.4158162176572722,1.4197090449419796,1.4248972512305464,1.4538816634950638,1.461465647929496,1.4631941741988785,1.468411976636053,1.4727878702373454,1.4600062879544355,1.4580281441446294,1.4680887916274492,1.4607375312642439,1.4615220459943437,1.4628125417666586,1.4619433866760725,1.4610467644906622,1.4651046172311974,1.4687532864102284,1.4687873002652798,1.468616205495413,1.4686501010236184,1.4641573763198876,1.4618368671126578,1.4617295971535502,1.4596049178030024,1.4589404409427873,1.4559780628533534,1.4487657817041009,1.4489807740639453,1.449369091704269,1.4500195383038987,1.4516881618113182
1.136990806743886,1.1524991808941278,1.2017079585057748,1.2093225309039146,1.212149035743089,1.2399356355558537,1.2741901912647626,1.2863126389204396,1.314367245780191,1.313304516448965,1.3252117737669507,1.3391353213846302,1.354731100954759,1.3535520795584086,1.361818075279727,1.393695267060112,1.4015677813503247,1.4044339057179624,1.4208086178642514,1.4264937869875316,1.4261774740499416,1.4445973368721876,1.4511044124307289,1.441142051307477,1.4682207736379853,1.4728152404962234,1.4725176819839016,1.4735307357360923,1.4770550452842048,1.473926597335097,1.4761624800301154,1.478894826876404,1.4707196073010702,1.4679467958093644,1.4697001246422767,1.46123968903771,1.4601074709888178,1.4649342949908322,1.4676930824480692,1.4708327828446393,1.4746082241922662,1.4729193154104827,1.4667555191565764,1.4641414720209973,1.46033411678331,1.4536279654021858,1.4529218169263964,1.450607356441966,1.4443481367509343,1.4394311286328683
1.1646426903394498,1.183306022779274,1.2010149515677062,1.2130705621481275,1.2196301031396068,1.228407929947711,1.24180705833696,1.2706209835355535,1.317975772258919,1.3453445542769251,1.348545914437979,1.3539065622810973,1.3709217444260464,1.3699760581902916,1.3699498624557431,1.3867514261143237,1.3880937821468566,1.3958155582559073,1.4207326185507378,1.4296661034226847,1.4444773637291624,1.483030136799803,1.4877964365885532,1.4795042319181175,1.481085512192691,1.482893186432516,1.4790576497381827,1.478874249253934,1.482116774824519,1.4724649487978865,1.4689736319553428,1.4714975542042392,1.4715708924910478,1.470609355324322,1.4757232902502122,1.4701973580575685,1.4701020749640674,1.4719356710107188,1.4697301581251376,1.4687191483279072,1.469667588604902,1.4700871581350596,1.4651578761345534,1.4660104089997914,1.4665104623155154,1.4617678132213003,1.4536540826552664,1.4368103786228172,1.4237473852302942,1.412367658927061
1.169478627932089,1.1747897964713852,1.204792848395579,1.219815088829363,1.223419314612723,1.2586895235177058,1.287124303168589,1.3103981910555609,1.3308157670230099,1.3684262354785026,1.387131409572278,1.406099824990241,1.417068719367902,1.4216342350568618,1.4302034158457004,1.4430457382140134,1.442359053034182,1.4468528333942907,1.4628352524128432,1.474296319379305,1.4831661333997879,1.4850905772757363,1.4918259780309697,1.5086976063378934,1.5294299031539806,1.5369545965942324,1.532466501866397,1.5230171887288368,1.5146507078921048,1.504306755332454,1.5031443924559824,1.5090900576794282,1.5001442511116905,1.4973191732824105,1.4955442981190823,1.4927478010371673,1.4938568896674727,1.4927362953597676,1.4882422562136188,1.4806952053458358,1.4806095542314328,1.473158365675829,1.4629085802745672,1.451657214529023,1.448761827094116,1.4452765403626024,1.4494533932973246,1.4288526401034063,1.3886590826107472,1.3582292132978426
1.1304238647490685,1.146296998826517,1.1764681406045867,1.1935775150318049,1.211706012850778,1.2754266915397985,1.3253138076912858,1.3604731787735667,1.3956948793815211,1.4312452889434204,1.4554966233615763,1.454821744632405,1.4969805064803845,1.5075721357231944,1.5143820420784757,1.5196192853397483,1.5080762409413948,1.5149905641826016,1.5366954345183623,1.5412456788147733,1.5523130385141164,1.5600774055546505,1.5687109183823729,1.5672302513159493,1.578312016543923,1.5698657573009147,1.5520674596385873,1.5452503296117042,1.5395002450384974,1.5326849072270543,1.5299739856754426,1.5287274544937925,1.524694945626081,1.5187045551039962,1.5136638585794566,1.504425091904364,1.5034316866864816,1.503773467996151,1.509049418774237,1.509657401319307,1.4905918874465347,1.4703668144159718,1.4341209312675727,1.4092062063983035,1.3812108267034715,1.3188817565421378,1.2691090529372455,1.2751812264334486,0,0
1.118640596418872,1.1461922540437612,1.1859864495396975,1.2015382495632798,1.2292201984555917,1.259732372604542,1.2679302221178088,1.274815630710628,1.2488019861464075,1.2958838907128296,1.371908619758074,1.4105356828165596,1.459054147403652,1.490519730803501,1.5351984302405153,1.5608107764823924,1.5462336129809904,1.546237512116601,1.5495916538083978,1.5587963024974696,1.554857382724006,1.5565206737112145,1.5552036619146496,1.542702648088285,1.540786046897824,1.5290084044782035,1.5268958252357858,1.5292556642224902,1.5148346242606414,1.5020756357415068,1.5085610816140305,1.5224970813400809,1.5175222066478982,1.5172387351880707,1.513373213259938,1.4968140583124763,1.494656107814917,1.480050205358572,1.4597098166286977,1.4303917614011388,1.4040405260890447,1.3743556046983074,-2.878927782960331e+38,0,0,0,0,0,0,0
1.1010625031546855,1.119229334492341,1.153181881640758,1.1589403044722033,1.1776428020856062,1.2259803563336604,1.2385751307319104,1.2610437941901147,1.321222932787992,1.3454532537544248,1.3712783355294316,1.3861307093158406,1.437676216912098,1.4358763764806535,1.4456079321392916,1.4628518111911182,1.468325736498045,1.4797935227294232,1.514009908379777,1.528739325728512,1.5179258628008168,1.500837360419482,1.492313382685885,1.4863975553493864,1.5077967172678899,1.5071453695478338,1.5129510287329,1.498528015666842,1.4708691242233236,1.4526108799817117,1.450832313305914,1.44444371305608,1.4260589150994534,1.4167132167076661,1.376135695198926,1.3313793950045651,1.3239415847603158,0.39353847017671395,0,0,0,0,0,0,0,0,0,0,0,0
