jsons/1312930800.json
{"header": {"parameterUnit": "m", "parameterNumber": 3, "dx": 0.1, "dy": 0.5, "parameterNumberName": "Northward wave", "la1": 40.97354507446295, "la2": 16.46031188964855, "parameterCategory": 2, "lo2": 133.9931640625001, "nx": 191, "ny": 50, "refTime": "2011-08-05 8:00:00", "lo1": 114.97908020019554}, "data":
[rows 22 to 43 of 50, columns 49 to 97 of 191]
0,0,0,0,0,0,0,0,0,0,0,0,0,0,0,0,0,0,0,0.04023224868182305,0.021442806019548302,-0.04432598793277023,-0.056631025875307515,-0.032054688407712986,-0.2551314537796128,-0.37558376858184445,-0.4755383939531825,-0.47861437802800255,-0.4800981532249439,-0.4831088620045853,-0.4792508787006996,-0.47615792988032607,-0.48615678241309995,-0.48787784311927185,-0.47868032844743336,-0.4868671847786993,-0.4702691233296907,-0.4198869627250477,-0.39886100105327443,-0.3890367072764669,-0.40149482131847064,-0.40395341902244875,-0.3831243426371936,-0.39269148069797555,-0.33297672655501764,-0.3279197299155929,-0.32763809612301675,-0.2361118279316666,-0.25500503136131775
0,0,0,0,0,0,0,0,0,0,0,0,0,0,0,0,-0.0026582162116247214,0,0,0,0,-0.18131858603378903,-0.2967674891695808,-0.38923696881956377,-0.4282455198445809,-0.4478258040818895,-0.4713077741312823,-0.4761326624733666,-0.46789514065298526,-0.4688345844159041,-0.4703692918329652,-0.4629280043821022,-0.45784003118007144,-0.44209725503172415,-0.39820508417531536,-0.3916161272912277,-0.3858869135952647,-0.3958137648903125,-0.3956406596407562,-0.40465349544786877,-0.4022374144464098,-0.40418352013221903,-0.4337077209044965,-0.4299981747129577,-0.41080752437189677,-0.3869849947931445,-0.3581837913503447,-0.27703002945863947,-0.248546507941178
0,0,0,0,0,0,0,0,0,0,0,0,0,0,0,0,0,0,0,-0.22710265097356774,-0.3275577289399999,-0.35834116097001195,-0.3897096409235417,-0.4474924861951855,-0.45667322921152936,-0.45067573346462425,-0.44907127486950255,-0.4503874530937339,-0.43619705236502543,-0.4363545716289681,-0.4222536838746302,-0.404578079743613,-0.39936651115714156,-0.3922352193238127,-0.369770908793093,-0.38589819440155637,-0.39236414696846006,-0.38072581661969945,-0.31109242415771915,-0.31423029387745316,-0.30136951876968493,-0.29731554764188345,-0.27790824101402234,-0.2716766273984263,-0.2230866951146943,-0.22361871217248971,-0.20091919126000046,-0.1337307629033887,-0.03894975169239893
0,0,0,0,0,0,0,0,0,0,0,0,0,0,0,0,-8.1454825486999445e+37,0.04782052246080661,-0.25706636896189455,-0.3282172312637402,-0.40321304651445317,-0.4163935579698957,-0.43378251443290516,-0.4318117447988699,-0.4456030974004613,-0.43188002176258306,-0.42936317747457553,-0.41918242055427296,-0.37854982555177585,-0.3743842797508675,-0.3694275545739368,-0.3397484920187445,-0.2768678768514146,-0.2929865271537411,-0.31337121323330014,-0.30274557752526576,-0.2857624106613814,-0.2688836837755668,-0.27917818698037206,-0.2416158509547281,-0.2320437000244825,-0.22185311065209096,-0.17327984465859267,-0.12069067707339881,-0.1049191908532706,-0.09622817399791787,-0.10078529581776605,0.008146681575639154,0.06330303533293873
0,0,0,0,0,0,0,0,0,-0.06635956116472971,-0.144040075354243,-0.17734617983717998,-0.1956489273215267,-0.24342393204970372,-0.2631488598501225,-0.2975725569979292,-0.3283644895781006,-0.36024159287039476,-0.38713689816592534,-0.4091951030091465,-0.42302205762886175,-0.42527678806207153,-0.4469519317760882,-0.4427206692314588,-0.43975240186717396,-0.43183045666527214,-0.39992865887971707,-0.37478233819316026,-0.3075060070773434,-0.3052674591825267,-0.2960048081877939,-0.2510061533941402,-0.21753411325183625,-0.23223799389929284,-0.16523071469532344,-0.16704549479392464,-0.12736178926002967,-0.045341520813179596,-0.05778600354815133,-0.028539933976952495,-0.019057855032423895,0.006218365819847843,-0.03414581547024845,-0.04358997106233278,0.011504322054141224,0.06645346237861272,0.05417211471276677,0.0887890505217871,0.14262719243670102
0,0,0,0,0,0,0,0,-0.22975930012671816,-0.26046467909620064,-0.31057151574689684,-0.3219569586497363,-0.3385790686386785,-0.36512321927439584,-0.37921655770274426,-0.38675091832979963,-0.40919170724281373,-0.43124480458638037,-0.4485804212961475,-0.46848831920462425,-0.4680838416295285,-0.4285627084884216,-0.4162271986120168,-0.40062071605589616,-0.37960220711809833,-0.3298028761224654,-0.2889832704123554,-0.26514783515661244,-0.184443396331656,-0.17612400612101076,-0.16963633787443716,-0.14717078390590724,-0.14097812254459371,-0.14243877576496564,-0.06934405167372015,-0.05865669667660194,-0.02387990941314833,-0.005164550237986145,0.00048293413459717197,-0.013487392609129454,-0.03181805285579415,-0.056189082384523484,-0.04386923944316342,-0.08567733222367495,0.02175274012914987,0.12257589655252063,0.061887217524184746,0.013998303924462536,0.15941354373191519
0,0,0,0.06916760441782287,-0.2708288933444286,-0.3023407760797519,-0.3227284681947317,-0.3515345445276904,-0.3662940589102575,-0.37679966609421534,-0.3789902131912019,-0.3863738454799204,-0.4078198329690937,-0.4265128715571036,-0.4514130530673864,-0.4657954976859088,-0.4858353708710203,-0.4896069987318811,-0.49654774427420834,-0.4914793608647418,-0.4601530985208325,-0.44711845191063565,-0.3936140754089047,-0.3607853856604882,-0.3138854322225542,-0.26059363763105914,-0.19237120717797304,-0.15269018883768626,-0.042280323686402964,-0.07052064809567009,-0.09267839252324825,-0.13910480976317915,-0.13879581743010017,-0.13872279528128795,-0.1123614228751612,-0.06136323262957782,-0.015100810061977115,-0.0030446059336837646,-0.017432796374819957,-0.019846247772830908,-0.003595689376761191,0.042248699124892694,0.12190556839412388,0.09607192150491943,0.12761414479858954,0.12156605674820592,0.12506656340252667,0.1478655788702112,0.2394420795845654
-0.2544473304757194,-0.3284734686251432,-0.3537047902475963,-0.35962795799438946,-0.37752314029705514,-0.3895150389940915,-0.4011695982860474,-0.4207649253559549,-0.4148421997750362,-0.43219375013642525,-0.4582844850272058,-0.466879997546905,-0.4780679891695028,-0.4897588542729844,-0.503176272660924,-0.5151486224138022,-0.5139528229428706,-0.5122204776161963,-0.5068737845145109,-0.49492328190187374,-0.48703181818506863,-0.49292786719389575,-0.41682929937746566,-0.3922203463406735,-0.300277159869681,-0.04811700338585426,-0.013536944981486198,-0.0313052045155751,-0.0594928514606534,-0.07220232457462629,-0.06635693567289089,-0.05498927460627526,-0.02276631083254096,0.0003934242273513611,0.010479781851299953,0.07343419703378788,0.1271591979301125,0.08657289881134705,0.12729586398993398,0.16701916735660802,0.05730468467403266,0.08614138690599205,0.12331633724005277,0.12910601695389604,0.14824137663444278,0.11185770904085054,0.15455505493869198,0.28868014050444946,0.3356801517650712
-0.3651247684406302,-0.3999619278855735,-0.40974646286774463,-0.42177031518534036,-0.43157283477076513,-0.4414391114907579,-0.4525555042248015,-0.46512194038262905,-0.46757054809857057,-0.4882768725137948,-0.5188663835673584,-0.5259439938359001,-0.5060016441526721,-0.4919004146604922,-0.5002732233249717,-0.507751654895159,-0.5241322600409188,-0.5411160574836438,-0.5095718846763786,-0.5240041359786917,-0.5403519767509586,-0.5553495095727436,-0.413656906459361,-0.13486207560184674,0.06653300311885886,0.236278006788163,0.24658062103854375,0.28007187666549804,0.1499383567596085,0.06308473708268962,0.12821103349173293,0.24330470394972373,0.3051790439790218,0.15703158336267245,0.15651667001158925,0.14815760618476959,0.15683534229721358,0.2196699231798351,0.15244369246357348,0.18262653062461645,0.22337397770378806,0.12511311792990415,0.09899521809059725,0.06506388473642145,0.06834919007360277,0.12726863525787266,0.22271781839267915,0.28768390740330146,0.31656011925350275
-0.4149063083945344,-0.4430407818946828,-0.4541955567293273,-0.45444060056285546,-0.4532968464244034,-0.46775186654172035,-0.46035372619513637,-0.47177056050340715,-0.4418509902709709,-0.35404129444433735,-0.3009139834400905,-0.2068660547794051,-0.06401697751162058,-0.03982357283751977,-0.0258394254224434,-0.038121898738406705,-0.06566182065448758,-0.10846675263405413,-0.17864290056562748,-0.24212581302479164,-0.3063254470822894,-0.37964791744844495,-0.399703867027474,-0.42996462633578464,-0.56823779552682,-0.3399457289386227,-0.28688621954938537,-0.26063519870710344,-0.11827077048803201,0.012092189203259586,0.1435566977329074,-0.399122230418013,-0.13309219207408526,-0.5345562227946045,-0.4585334239835333,-0.5378313827188115,0.5012567999837114,0.41083018141644334,0.3632351189451955,0.39284234062942713,0.42268944601681135,0.3862599942370247,0.3645926835777571,0.3666746451851788,0.40673532134127793,0.42320734915564645,0.42177130858833506,0.30792562205895546,0.2684354970808895
-0.44335171635060333,-0.4385507831121905,-0.4162035209438443,-0.38684326521573553,-0.37019232198808893,-0.21135207429876185,-0.1267074421874342,-0.07753207230295359,0.020667775735544746,0.2116640316689375,0.30075820841979484,0.31103146175297997,0,0,0,0,0,0,0,0,0,-0.5277928237507344,-0.5477343479231402,-0.5738148762661007,-0.5722313513721979,-0.5360850600102443,-0.4662663998645126,-0.4846866805131942,-0.4872719981497223,-0.5566593739334952,-0.5550017623535415,-0.3721894846178441,-0.5650821403151348,-0.07907074678945535,0.40641483723629274,0.5414607369727719,0.47735757076776136,0.13376954218139886,0.36526354222471324,0.28223567726662474,0.4926644855381979,0.4530635284045872,0.430256098628766,0.3137780131752631,-0.18808378600537082,0.07758155902358788,-0.04857003796005057,0.3546722578423694,0.4213290183579836
-0.18248180472135705,-0.19970531673325828,-0.10903725395265791,-0.014810399532796203,0.039939684954638836,0.2104191142090178,0.25724365528660875,0.34037689521940634,0,0,0,0,0,0,0,0,0,0,0,0,-0.5678223605571034,-0.5784042060623473,-0.5845477725310627,-0.5762613776035962,-0.5750186546736616,-0.5642384947892217,-0.5630561023989971,-0.5456520926150589,-0.5619592354465751,-0.5629749152570931,-0.5492347216979436,-0.21554916874666036,0.48279322789315404,-0.3234549565894053,0.48034433522314585,-0.4103936072193685,-0.3215873505325881,0.5337876517631049,0.3707042290819164,0.22276319102039185,0.07111865102479543,0.04299906940938022,-0.4050464221940936,-0.2279948079994021,-0.32062388997067,-0.2696313456864115,-0.10065313133196249,0.13655335568595484,0.22745094824134413
0.07404068002826934,0.13478256046147666,0.30264055799322037,0.34986291153303894,0.3685079880542063,0,0,0,0,0,0,0,0,0,0,0,0,0,-0.4879013271788264,-0.5343677555613588,-0.5928679769063758,-0.6039820829518747,-0.6012781252120457,-0.5848080534661743,-0.5779442303891967,-0.5720735491094382,-0.5692826238885587,-0.5618922392272169,-0.37637824134912023,-0.03386660716438508,-0.05852696564394162,0.11164202581652805,0.3120016800159117,0.34919865592210575,-0.293156567740185,0.16848410800008484,0.4729814631139385,0.5026519888118982,0.4398730630825277,0.34334880849642874,0.26575044795475655,0.24647422908684216,0.22084370110118834,0.1614012048595502,0.09837475147208788,0.08458857678423537,0.1728370672951156,0.26910946012938725,0.29747681383294067
0.34486073939655004,0.40267903952461603,0.4673447274768219,0,0,0,0,0,0,0,0,0,0,0,0,0,0,-0.5253527954260024,-0.5586193822200308,-0.5650991427613994,-0.5837421889036066,-0.5955260193186851,-0.5619253026555683,-0.5454321029453204,-0.5318098955232234,-0.5303721819166058,-0.4512436106118738,-0.3721719312934834,-0.40457181552856386,-0.42497294060902896,-0.3002175234069642,0.08237330628630239,0.23872047880367614,0.4035895087885868,0.5582671023196031,0.5772765983291754,0.44495232531838985,-0.05101296056256389,0.45044574223986383,0.451999471144925,0.4284519341885208,0.4088263672951613,0.3853533739891314,0.36699332448644184,0.3141199951777677,0.2928035221098763,0.24716256973975467,0.335155421077542,0.37026141626601355
0.45973768189804837,0.3596834777606357,0.14352958776063562,0,0,0,0,0,0,0,0,0,0,0,0,-0.4886702313095373,-0.529398799525191,-0.592001695753284,-0.6067177124044758,-0.5890966291740859,-0.5484356275517327,-0.26686862444010445,-0.38037295701305873,-0.3721245383873321,-0.28093769567414567,-0.23896772117911746,-0.19446477364984988,-0.1399181136422334,-0.005645938196534477,0.02825708052772608,0.0509157889606373,0.010737946139973429,0.20718061236369986,0.2956103760996707,0.47870730098080877,0.5573844817397247,0.5811768278003977,0.4828037162010941,-0.5953568329506447,0.5335791383158623,0.5503748834098123,0.5361430319897531,0.5025350431078349,0.48965133005675265,0.4083075421635363,0.42743100126439293,0.4265409062222459,0.4477405254565124,0.4753718982796931
0.4487880450357565,0.43075118870139184,0.41145706482734734,0.2714169703398574,-0.16425454142565796,0.0899994077639276,0,0,0,0,0,0.09676064044970709,-0.43077633178975694,-0.49332669390754835,-0.5383920704940799,-0.5437898370938417,-0.53928403214731,-0.5091190705413177,-0.36608152864629556,-0.35330457990768144,-0.242033660841913,-0.013778384763158066,0.1022622044694089,0.19571375549905945,0.18834765561876857,0.08982111438321268,0.03305959782615794,0.013335507121149797,-0.014586778787872907,0.0016092822001795896,0.03261229648099898,0.15353178380387564,0.25320760164663875,0.330385239317119,0.5230969170619327,0.5362385413127819,0.5594442722527737,0.5019059564709816,0.5123933919430397,0.3826886078301354,0.5919666859277884,0.4596895731404383,0.5424031906267658,0.5603006983632193,0.5437054544853389,0.5384313575022417,0.5373048250810877,0.546305901987856,0.5529899756578848
0.4239646919708726,0.42114870104138313,0.3473752800827203,0.2603822696157362,-0.40742102931509355,0.3113833299914581,0.36007847801726994,0.32434443787246586,0.21090966024791016,0,-0.46746713368307563,-0.48640541961959294,-0.5000122143380544,-0.5318044974557945,-0.5108516420809731,-0.41459151333176913,-0.3474794403015393,-0.2926845894628951,-0.14168634068338185,-0.03729478150771974,0.01308610200877424,0.164106902220679,0.23034183804154723,0.2646747905110378,0.3373382142153324,0.2382954618527315,0.2118637905021579,0.16437537421097573,0.14278769916028689,0.12501878729163945,0.1827397714427682,0.3568167131031386,0.4007826351371055,0.42377455593845464,0.5436397485996488,0.5672152220131759,0.5616592223217939,0.5799222425274763,0.5914335979726367,0.5871193347926429,0.5100475268673256,0.21526949316226485,-0.5940614877191198,0.48650423475326393,-0.5898865264728658,-0.1886993920278198,-0.11699287501687247,-0.4214509279343201,-0.6015297014164916
0.28346327783873154,0.2718026093551669,0.11912998891986043,-0.023207345137642457,-0.15211954966867447,-0.32714551401504727,-0.34060076964952246,-0.37411314267937196,-0.4029869208675279,-0.4016152554848068,-0.40176975265052256,-0.3883968891930285,-0.3032988654164604,-0.2815303835500278,-0.23902752032702915,-0.14554105088732985,-0.04058773369203437,0.028214752455313807,0.16764321754361866,0.22098571809045553,0.2691529582802779,0.34291900403193026,0.39226642638038983,0.39665368237384313,0.41114494002204555,0.38517463357322773,0.3599294983802083,0.34436243477092243,0.32664241954355355,0.31954996422319554,0.32600508529796524,0.38577567807341173,0.4050754817652106,0.41861281870822814,0.46358489951616316,0.5004594300448554,0.5002975912861962,0.5924956575005814,0.6007654214206243,0.5950100970939222,0.605182971939895,0.618241288711077,0.6101742873728538,0.6112559793516703,0.6140993947614528,0.6207629855898351,0.631461424138463,0.6259382969553032,0.6213899754758982
0.0972088369464161,0.04075280399773074,-0.0451952648327466,-0.09132762769971402,-0.13486052998031253,-0.2095372151575782,-0.21276410593482997,-0.22633928931754896,-0.22673347774152927,-0.21821589515989795,-0.2228739396294921,-0.1985362826470007,-0.11538856952567218,-0.04628620018761274,0.006034500144017689,0.16653540141009907,0.1870931844374857,0.21920415837396443,0.32176147444849257,0.3390058683690269,0.37497643518988594,0.3969252236340116,0.41621627450135024,0.42937442942294574,0.41355089129077544,0.3994294509738835,0.394149158546105,0.39231526095525476,0.4578045211813963,0.47362469243431304,0.473925927528598,0.520698905115709,0.5223431017079534,0.5431612670425895,0.5758366026810704,0.6068869611585135,0.6458266518167385,0.6566596221156673,0.658655347096846,0.649556215067363,0.635948284877067,0.6280855762486584,0.6242236227225476,0.6186857344632604,0.6162356972899581,0.6145420294883267,0.6137078090060017,0.615201603730791,0.6149565687587959
0.034385898120506596,0.018957606668217702,-0.002362959162556936,-0.03211883846854209,-0.044429056431945745,-0.043002682341497726,-0.04649115316516668,-0.04288375669505232,-0.040010861645480636,-0.01200113919027564,0.02783022516195489,0.04107881169981044,0.14570056308796728,0.16157785763819238,0.23034578141794101,0.35723861791495815,0.35678694324389554,0.3895336014620651,0.42348977110441377,0.42681218531211984,0.43023015477842413,0.4320106824204179,0.4372050364221668,0.4545302087209146,0.45688617763645417,0.4824021615835038,0.4924282344659451,0.4957215040300984,0.5063166764433105,0.512429561524386,0.5256919977097947,0.5257070446549736,0.520614461765261,0.5206206538859164,0.5395683806440305,0.5468193606976597,0.5526453587079423,0.5677721480050082,0.5803300977165424,0.5745948923991087,0.6142996378897941,0.618296481612968,0.6153823823783268,0.6147904519783716,0.6198860950963926,0.6206046553669201,0.6212401080586679,0.632082894731294,0.6379108952210826
0.07349048019443709,0.08489196917275321,0.10530564494560668,0.11019230893196373,0.13468223408970748,0.12018739219439949,0.1355794728418729,0.15379865064937015,0.15031089108628456,0.15313444060180553,0.16758415915535524,0.2195299334010907,0.2473101360131638,0.2937392974555694,0.35492472454597657,0.41862191767657747,0.4420224099853183,0.46264661360434567,0.48791575616872224,0.4938157472985397,0.49840748997955203,0.5097448059456522,0.5061684086051698,0.5028496440125538,0.500986545152406,0.5278571710261664,0.5483561361506094,0.5497945695174717,0.5473065231968952,0.5494227696325684,0.5475423474021538,0.5442056481052856,0.5542379637008754,0.5610054551742879,0.5556567771795138,0.5390380613756055,0.5407334089068774,0.588812696506752,0.6058552105944047,0.6272013496825495,0.6380748550118694,0.6342930093970433,0.6247838267298708,0.6261540720457627,0.632150861940086,0.6328656659236434,0.6329055427892509,0.6309899963370968,0.6378237942390774
0.17079613489683598,0.1707258264956616,0.16317000547176366,0.18710203316698057,0.21138530394674557,0.2245700704157503,0.22735460768539523,0.23238684758325437,0.2435545216972531,0.31634403678714235,0.3629884340398328,0.3623351470939759,0.4233941605338493,0.4749480494096681,0.4868858436113642,0.4903335246821777,0.5002563735223717,0.5036299423844626,0.5328801169129475,0.5452155018382381,0.5438911105384727,0.5474732673541602,0.5523979118073796,0.5385628795948283,0.5319160270561379,0.5394272229934014,0.533603931595768,0.5326334314139051,0.5626235554869728,0.5779728949538806,0.5648495493314607,0.5588434148950441,0.5638368244450463,0.5660038338293553,0.5592667267376382,0.5750090040310124,0.5905028927959914,0.6118738612146064,0.6183246568609141,0.6237164510673043,0.6396566216185895,0.6463948890362532,0.6512518206096608,0.6560752930429443,0.6514558023664992,0.6430247267810366,0.6467137191444925,0.6558829993775602,0.6528970161318921
