jsons/1312682400.json
{"header": {"parameterUnit": "m", "parameterNumber": 3, "dx": 0.1, "dy": 0.5, "parameterNumberName": "Northward wave", "la1": 40.97354507446295, "la2": 16.46031188964855, "parameterCategory": 2, "lo2": 133.9931640625001, "nx": 191, "ny": 50, "refTime": "2011-08-05 8:00:00", "lo1": 114.97908020019554}, "data":
[rows 0 to 21 of 50, columns 50 to 99 of 191]
0,0,0,0,0,0,0,0,0,0,0,0,0,0,0,0,0,0,0,0,0,0,0,0,0,0,0,0,0,0,0,0,0,0,0,0,0,0,0,0,0,0,0,0,0,0,0,0,0,0
0,0,0,0,0,0,0,-0.02876358036643111,-0.03093772295877391,-0.032777620208745216,-0.03218302906728748,-0.03310670327659253,-0.03434629894740285,-0.03445413353410057,-0.03521696222950548,-0.03510130099478544,-0.03662971665653633,-0.03745647956650095,-0.035794857683702004,-0.03378505869304419,-0.028652077191546308,-0.017252374965521514,0.005759807045387004,0,0,0,0,0,0,0,0,0,0,0,0,0,0,0,0,0,0,0,0,0,0,0,0,0,0,0
-0.06126828216054734,-0.05994301807090227,-0.06343009938669433,-0.05801828462155903,-0.056884120116162,-0.0572656067887587,-0.05487157324540334,-0.05593777882707217,-0.05616622315059532,-0.05437655721170382,-0.0557669423419425,-0.05604511888285527,-0.055572807954368246,-0.0530701416749074,-0.05087353376565585,-0.05111229796489659,-0.03723708357220954,-0.027199003065637342,-0.012900116856286272,0,0,0,0,0,0,0,0,0,0,0,0,0,0,0,0,0,0,0,0,0,0,0,0,0,0,0,0,0,0,0
-0.11757658667144769,-0.11375516597357126,-0.11481878361648773,-0.11416109450597847,-0.11104831322212673,-0.11184253253036859,-0.10501116221347025,-0.09934157992802453,-0.09716621093153048,-0.0898374199411651,-0.08474535261880532,-0.07709060294229961,-0.06371567479847474,-0.045506372922624216,-0.04746827659193112,-0.03604787618319693,-0.026402034197283195,0,0,0,0,0,0,0,0,1.6412776677574463e+38,-0.18855767746143656,-0.196466297105469,-0.19670795516155032,-0.19512524428618927,-0.19412857702666703,-0.17858656828291583,-0.17659687424603418,-0.16496806670273886,-0.15336228259662957,-0.14857064135399664,-0.13177135146765837,-0.132866315179518,-0.12031829278789592,-0.11809052316019107,-0.11166184410594099,-0.11031247128149405,-0.10929225237047614,-0.12044768745172005,-0.11945448451610796,-0.12210414780726808,-0.1394361559048112,-0.13773607447763117,-0.13826176931049486,-0.1449314141678806
-0.18784122631546543,-0.19280793725981552,-0.1962649307798582,-0.20951796556717175,-0.2106889072996385,-0.2137398238185587,-0.22312821984237383,-0.22247661237120311,-0.22882949464580848,-0.19497584516667604,-0.1803324116264764,-0.09893693727736433,-0.09756198328087314,-0.06699579123812129,-0.09305841381074405,-0.11808922601598959,-0.21714818740933783,-0.22355693064153137,-0.20572115739784347,0.09481622247381018,-0.2855205666531252,-0.2975741257924405,-0.31501621155014903,-0.32144684976212734,-0.311269670894442,-0.323720840573472,-0.32036823290384064,-0.3220183654572931,-0.31776347516186576,-0.3213638582428454,-0.31561498204975674,-0.30434494547897845,-0.29107219025889297,-0.28231122053339935,-0.27927662831884476,-0.2654027521466996,-0.2589153607572492,-0.24384302045794204,-0.23942110877085301,-0.23335271005312214,-0.23474174159633893,-0.22166863046106486,-0.226149024954437,-0.23699434777244865,-0.240983542118275,-0.24593554215408586,-0.275798803200118,-0.2665395297218634,-0.266514195787219,-0.25171896833329616
-0.2012311179641979,-0.20853252035973127,-0.21605765644238634,-0.2284605244498043,-0.23922527488600212,-0.24690503656556256,-0.2639649110625904,-0.27631877126743465,-0.28319657121536623,-0.29750677827994726,-0.30729191231841707,-0.3163109018987835,-0.33344692958508354,-0.34447655233428726,-0.3495606634597658,-0.36476949310787626,-0.38704681591491413,-0.39241749010945726,-0.3835434111197504,-0.4082603004950759,-0.4001045728015283,-0.40943577681540055,-0.43215395981796556,-0.4331860912981107,-0.42699695144572136,-0.43930229982528024,-0.44181882560203567,-0.4355367577586125,-0.44722690503239143,-0.45233853819676134,-0.43230775671401217,-0.4313209196810334,-0.42240148195166016,-0.42007061234348014,-0.4156767497278751,-0.39162246566487136,-0.3809712699057106,-0.363608220914342,-0.351432457501815,-0.34312121872788304,-0.33365688630792417,-0.3231540083897228,-0.3142127366719406,-0.32465738811091605,-0.31055304012469126,-0.307315208043816,-0.33425362679529425,-0.2935255933758341,-0.26559292935281636,-0.21612771831801905
-0.1683895160237489,-0.17668738907870513,-0.17877866520061922,-0.18869262699006575,-0.19616891170705034,-0.20453340119714117,-0.21248001421509813,-0.2272983523402643,-0.23992945931571324,-0.25818833346961884,-0.2750216810886987,-0.2908581967204401,-0.32137716495985474,-0.3401519941873584,-0.3567918737600022,-0.37375598668597165,-0.40991705217935814,-0.4272496416925843,-0.45085898887305215,-0.49124488831083374,-0.4943417721176171,-0.5206430657787081,-0.5593202354420478,-0.5711260930574139,-0.540746866634838,-0.5901959819701763,-0.5875648016363866,-0.5598155804443282,-0.5740896913631848,-0.5776729061751583,-0.5457054240115926,-0.5575191555838778,-0.5463723080156253,-0.5409167692661504,-0.5297163006078147,-0.5128641771133122,-0.5032181550598835,-0.49936099881823065,-0.46321666715670046,-0.4579312015475734,-0.4482976207071347,-0.42529242160216413,-0.41116436325402805,-0.3900074433934756,-0.3647379482329571,-0.34296584200561014,-0.3268318290807596,-0.2925480632526595,-0.29812442164060077,-0.21676013674011224
-0.05847032342985634,7.2938190891777e+37,0,0,0,0,0,0,0,0,0,0,0,0,0,0,-0.24225795158208518,-0.1914370425807536,-0.20384120888519908,1.248294033591159e+38,0,0,0,-0.3444034232470872,-0.4784621004600014,-0.6753520181885673,-0.7667570044946282,-0.7303684308808878,-0.7536175101239738,-0.7484767928823755,-0.6997372997413825,-0.7228582191094353,-0.7143125994065922,-0.68100632650737,-0.6768747007845598,-0.6772043121351147,-0.6638831078581001,-0.6592735174564326,-0.6390588066430178,-0.6177225292896541,-0.6106349191401216,-0.5865575033897688,-0.5761328884729722,-0.5378709984377257,-0.52163311898457,-0.5096495355935197,-0.49577573376672324,-0.48072945256452826,-0.48195031662204946,-0.4925482307123545
0,0,0,0,0,0,0,0,0,0,0,0,0,0,0,0,0,0,0,0,0,2.518299612856495e+38,2.2615785957620354e+38,0,0,0,-0.8717620450232894,-0.8968594045819487,-0.9195984985424015,-0.9436380969773577,-0.8914577285185973,-0.9170550312069962,-0.9003951032407584,-0.8614758150210069,-0.8643773492339555,-0.8460329982107145,-0.8166813887662723,-0.8308437540819391,-0.8134659474946032,-0.8168257936594634,-0.7958709265281351,-0.7746845424151383,-0.7526737677394623,-0.7341461006416607,-0.6978507746147846,-0.6767761260788266,-0.6601099322224949,-0.6404333316700221,-0.624482607138273,-0.6409375379651415
0,0,0,0,0,0,0,0,0.1320108138749032,-0.7045788238044168,-0.7482729392337787,-0.771098097428548,-0.888778089238027,-0.8907041069906002,-0.9226856098797012,-0.9206814813963297,-0.9726359593618613,-0.9672671083762071,-0.9946907406740267,-1.0133661273278967,-1.013165104996679,-1.0196201876272102,-1.0587318863271866,-1.0753115539787248,-1.0877939227356415,-1.1231544522085732,-1.1258370829362612,-1.1342212170841117,-1.1510247979575732,-1.1542084577647735,-1.117970457283993,-1.1294201080096469,-1.1282549707341758,-1.0982553660087997,-1.0819855994568677,-1.0984036942296085,-1.1011575965703297,-1.0910172849479465,-1.0885022021887634,-1.0715423115095444,-1.054414121443449,-1.0302241971239519,-1.006098514880789,-0.9887278672692277,-0.953144247601366,-0.9168558806010774,-0.881432255541897,-0.8697380484477214,-0.8595694382252221,-0.8565271086245345
0,0,-0.6537282182079752,-0.72228274308722,-0.7394122321847129,-0.766957964441128,-0.9096518985688764,-0.9646661227844973,-0.9786732749632496,-1.0400458154781933,-1.0689074746320917,-1.0834314129009146,-1.1398163997244468,-1.1609615927123331,-1.188544065775249,-1.1963971096636716,-1.2600767998019198,-1.2761312379963194,-1.2883453612821583,-1.3195191690630563,-1.3321716491418463,-1.3463391343325493,-1.3866207025580735,-1.4042694658210682,-1.3883027885320685,-1.4174907812657034,-1.4276430645645846,-1.4144135921686571,-1.4317844015077137,-1.4347846897470653,-1.4208030577901145,-1.4393949904889607,-1.4453496431150983,-1.4168149795054612,-1.417498765046469,-1.4241714046956775,-1.404007009875979,-1.3922038684859444,-1.4123814761320728,-1.3899658323978763,-1.372672965281959,-1.3579854023756959,-1.3343762393784442,-1.3164136701459708,-1.2780736687526586,-1.2607707620109365,-1.2120177054648726,-1.1625413902961867,-1.136033928561788,-1.0986239103284898
-0.7014364110011064,-0.7367590229608312,-0.7687204507846601,-0.844195724978646,-0.8846336811574912,-0.9324132570618425,-1.0044741043883685,-1.0422717944093993,-1.0850334351520647,-1.1693156509610092,-1.219886836432023,-1.2571904813610038,-1.3432724385647559,-1.3826015921744559,-1.4131147721929744,-1.451629570426755,-1.5188113952050843,-1.5549018174043991,-1.5978179727159039,-1.6640945533795206,-1.6612207246243562,-1.6840574112812374,-1.7511279515797864,-1.7688127088030399,-1.7722314315529872,-1.81292909180706,-1.8155472370465175,-1.8179064050200069,-1.8455569918408046,-1.8498733924195225,-1.8324829624687071,-1.8628977561464226,-1.859333696834799,-1.857497385665021,-1.845639931535954,-1.8759696470721285,-1.8427779496188934,-1.814392048522063,-1.8285867911790856,-1.7829734131200332,-1.7966700715168669,-1.7809317160115907,-1.7491862193951782,-1.7013421119616963,-1.689544289831968,-1.6500155436867534,-1.598218306536986,-1.5270205140460256,-1.5151766306866368,-1.4438239879052825
-0.5915515682256894,-0.640816564834392,-0.677549948437351,-0.768079413220086,-0.8321771132707264,-0.89160141656598,-0.9617559259890861,-1.0323741025149793,-1.111243170972231,-1.1936492873961302,-1.255355631873223,-1.3094501993476546,-1.3916305841625076,-1.4431301661448186,-1.524085861233784,-1.5970856607175727,-1.7308633102243998,-1.786577294262472,-1.8699533021886066,-2.0103550096885945,-2.0329432828495673,-2.0714988804088326,-2.1545317385668827,-2.182112223023757,-2.197823990161102,-2.2695801571806893,-2.277699714456009,-2.279100943360657,-2.318437049246374,-2.340803605137515,-2.326992339406341,-2.356430804353649,-2.3430881644439276,-2.345185678447117,-2.3414852690215024,-2.3726592620016973,-2.349056986615082,-2.3025477470525084,-2.366388736085058,-2.277886948981049,-2.300353952487495,-2.321414193786915,-2.309545518475667,-2.288277850169879,-2.2747456461546722,-2.254720933555214,-2.1919158906251694,-2.124754473964056,-2.07738495231029,-2.0069406397834695
-0.4080934422335273,-0.4776133878773215,-0.5309501222935804,-0.600223190270787,-0.6459917719819149,-0.6844186507333995,-0.7463929626926499,-0.7912396973197728,-0.8624893475493514,-0.9698169025061667,-1.0379359427597543,-1.1426468245514387,-1.280450211324108,-1.3468639944051106,-1.4590737048260878,-1.5482567114034318,-1.730707452424267,-1.8566838608233684,-1.9643113793596896,-2.1317160784962925,-2.210655790294069,-2.28989484508129,-2.434344751546372,-2.498288187557996,-2.5644617451743805,-2.6933757831196785,-2.7153139393788805,-2.6916805589947046,-2.858152951267241,-2.929393753992668,-3.0023930378557466,-3.129216042416025,-3.124661005964276,-3.131409423309771,-3.1373183234361313,-3.176694644352164,-3.1464383410952115,-3.1820296527093594,-3.2407286426767516,-3.199168795326657,-3.1354348378252745,-3.2151549347445605,-3.160316254206302,-3.1005455164309863,-3.106410303296241,-3.0526228835857108,-2.9749589629387336,-2.9222083476528447,-2.8748415932399496,-2.7343182446804914
0,0,0,0,0,-0.5051810387391928,-0.6064438374774439,-0.659428758185569,-0.7084565923060833,-0.7710433443093109,-0.8204490965619848,-0.9302799201857097,-1.049964580431625,-1.1341873258749862,-1.2939443125942378,-1.4179874150077487,-1.6265406308857606,-1.854574237632198,-2.0061805446074166,-2.277000965753879,-2.4408095935273986,-2.5589103932964186,-2.7246458002383704,-2.8276232136617736,-2.9496482430504973,-3.1144066868833393,-3.2441190383401852,-3.3111348920281705,-3.4813241620201887,-3.552916982130635,-3.575085662355898,-3.7022203919718177,-3.7347932595531548,-3.7813920027092385,-3.822352539689899,-3.9671948622098,-3.964081834526966,-3.98163622772601,-4.0859366163783974,-4.0626081579431625,-4.088733004056308,-4.166868987431403,-4.148988296432306,-4.092194884173322,-4.085420468622709,-4.067682422829682,-3.9452786554635852,-3.895792865221286,-3.841823913318164,-3.6630977862921683
0,0,0,0,0,0,0,-0.4878525696132654,-0.47997844629468445,-0.515414492026088,-0.5474482087438731,-0.6898810230179235,-0.8421960739844001,-0.9410060841287731,-1.0896444479340957,-1.1817173346979566,-1.3192914740305033,-1.4762309158309128,-1.5824149548312179,-1.7721508822162362,-1.996446407559737,-2.1992081119524283,-2.4910198781563557,-2.6806568021024213,-2.9023395479057656,-3.1153126029051244,-3.22955630130198,-3.373693065587413,-3.6615936579500925,-3.7696029109343305,-3.932960739346069,-4.164093413502265,-4.288327432177023,-4.374582322983807,-4.480747350812865,-4.683801150610799,-4.72299088972054,-4.7770432166109495,-4.908939416762607,-4.9228328496107565,-4.967611549850803,-5.098027225536746,-5.128244506836673,-4.993432634589293,-5.031037343596005,-5.028281271753777,-4.856011917559733,-4.749530288062922,-4.696426989009161,-4.51693111320525
0,0,0,0,0,0,0,0,0,0,0,-0.16379968353791735,-0.2812512287145371,-0.48340744329576457,-0.6429078538302468,-0.7606637087025319,-0.9407923875529943,-1.1435365171962737,-1.246094921098772,-1.4075291671909989,-1.5975350956318533,-1.763764496801754,-2.022173152997635,-2.2048972067984898,-2.516641771160106,-2.8679480670259307,-3.0843861215615607,-3.33853150822034,-3.600564561456352,-3.730406021677721,-3.8886910947987032,-4.30386273376295,-4.450122816701885,-4.668106976182568,-4.806545436173639,-5.100093960936588,-5.1888909692427605,-5.303939420275292,-5.604849853408616,-5.641158539043932,-5.767252808391321,-6.067370751544382,-6.265049255857621,-6.1359039444729095,-6.531372751096884,-6.431964807263459,-6.267258177641237,-6.246981081376625,-6.16208119537568,-5.936712588123616
0,0,0,0,0,0,0,0,0,0,0,0,0,-0.2829962526471885,-0.7270229118946318,-0.6238958167450734,-0.8079783489012726,-0.9393432130762822,-1.0543499401168268,-1.2509091752653734,-1.4627174198384096,-1.6103208382586993,-1.845304693948384,-2.022449835596541,-2.3137887581951304,-2.6943073560252024,-2.8808884081076336,-3.1564587780988624,-3.4639742879303914,-3.672402751503892,-3.9491540252615502,-4.350325689984008,-4.612629005578867,-4.948739811638528,-5.179751330353634,-5.4890504371380775,-5.651238861011025,-5.80104857091224,-6.039247794936338,-6.012423483758165,-6.108191305709173,-6.290931121727661,-6.399323547438471,-6.23835809985865,-6.567830993076906,-6.468633557740696,-6.369226182537544,-6.397248333561348,-6.321997919879611,-6.035714604006623
0,0,0,0,0.13372544867277092,0,0,0,-0.003803121436748027,0,0,0,0,0,0,0,0,0,0,-1.3901054035048344,-1.098305024449241,-1.3200831308428782,-1.6595343388384183,-1.9197746522551498,-2.303908028851515,-2.754687808875807,-3.017760466913268,-3.314759755729047,-3.7117378536139305,-3.923508224328744,-4.188597106252526,-4.470001568482372,-4.638569178904083,-4.921922068822052,-5.166912654188572,-5.561478757237536,-5.861501184525082,-6.046461464454667,-6.26331799433487,-6.246047587367245,-6.23470485076963,-6.370487231659431,-6.3765174744872555,-6.055591949283963,-6.167225262084404,-6.166067955014173,-5.880750810021198,-6.042183470947719,-5.972364771239451,-5.675676718359984
0,0,0,0,0,0,0,0,0,0,0,0,0,0,0,-1.0250255649852468e+38,0.0006878737726785388,0.3317479446066144,0.7177011567852437,-0.3045690981431942,-0.17008578220020182,-0.40504425336337985,-1.1871153949071684,-1.6086837060367891,-1.6067819428454369,-1.9413030919403345,-2.1639813300125263,-2.5887529017466364,-3.032344957259119,-3.3023574795119166,-3.6673581166596727,-4.109156396984176,-4.358712613742865,-4.842972329813124,-5.144457921021228,-5.412824026493356,-5.727679652653707,-5.867454149926947,-6.035265188787766,-6.119904469541502,-6.075152616193275,-6.003978005307502,-5.921005855651165,-5.630788472797267,-5.6232483562801745,-5.498173469863175,-5.070285248373719,-5.158133771641778,-5.006282971751609,-4.72735539252887
0,0,0,0,0,0,0,0,0,0,0,0,0,0,0,0,0,0,0,0,-0.16580918277061749,-0.3141754458965888,-0.5943494536514302,-0.8423064271070803,-1.3744136236052005,-1.9724663051100049,-2.344756558050795,-2.7070775600151893,-2.9080831088936923,-2.789118024816627,-2.7319634463670686,-3.0034449495853983,-3.1630027452053877,-3.3948594350001673,-3.4186566124424917,-3.566711089730635,-4.362469124269,-4.742220426224876,-5.146621924288803,-5.749125529189435,-5.856817190743847,-5.896018011662764,-5.884663320693831,-5.65653109312191,-5.707722886007,-5.51030104321225,-4.892487348425072,-4.884165998340715,-4.496423148645799,-4.25719667024587
0,0,0,0,0,0,0,0,0,0,0.2157970323094922,0.4172405602221848,0.47313778278828483,0.4665861185558759,0.5290739476242771,0.5328222500167988,0.5358824738589543,0.5231326031199068,0.5286824442487406,0.5342717071752633,0.3427918144632625,0.18989944204563167,0.17592594367868,1.240220839062425,-0.9471243137595918,-0.9730538877964908,-0.9745477104132148,-1.4736102237401152,-1.8120692114339114,-1.9742730070185612,-1.9764275546712784,-1.7192505780895064,-1.537957257944857,-1.7922860719706353,-1.8393491174650296,-1.9482854719827414,-1.8861277479818772,-1.7525595920309756,-1.979093414081963,-2.8553585709921605,-3.3649404420945164,-4.307257658073335,-4.7058432123751,-5.347200836233146,-5.379374990473297,-5.164447185998502,-4.314767206218813,-4.080377653128534,-3.978725898071085,-3.440799583430579
