jsons/1312866000.json
{"header": {"parameterUnit": "m", "parameterNumber": 2, "dx": 0.1, "dy": 0.5, "parameterNumberName": "Eastward wave", "la1": 40.97354507446295, "la2": 16.46031188964855, "parameterCategory": 2, "lo2": 133.9931640625001, "nx": 191, "ny": 50, "refTime": "2011-08-05 8:00:00", "lo1": 114.97908020019554}, "data":
[rows 0 to 21 of 50, columns 98 to 146 of 191]
0,0,0,0,0,0,0,0,0,0,0,0,0,0,0,0,0,0,0,0,0,0,0,0,0,0,0,0,0,0,0,0,0,0,0,0,0,0,0,0,0,0,0,0,0,0,0,0,0
0,0,0,0,0,0,0,0,0,0,0,0,0,0,0,0,0,0,0,0,0,0,0,0,0,0,0,0,0,0,0,0,0,0,0,0,0,0,0,0,0,0,0,0,0,0,0,0,0
0,0,0,0,0,0,0,0,0,0,0,0,0,0,0,0,0,0,0,0,0,0,0,0,0,0,0,0,0,0,0,0,0,0,0,0,0,0,0,0,0,0,0,0,0,0,0,0,0
0.4590242717080215,0.4401754833919076,0.42207802956123885,0.3985529504045065,0.333540537158887,0.22420250716450488,0.11362974496549184,0,0,0,0,0,0,0,0,0,0,0,0,0,0,0,0,0,0,0,0,0,0,0,0,0,0,0,0,0,0,0,0,0,0,0,0,0,0,0,0,0,0
0.5228620231657549,0.46126377156312537,0.4436604099582885,0.3980466610803125,0.2694795638711251,0,0,0,0,0,0,0,0,0,0,0,0,0,0,0,0,0,0,0,0,0,0,0,0,0,0,0,0,0,0,0,0,0,0,0,0,0,0,0,0,0,0,0,0
0.5494265393031117,0.48096856117687536,0,0,0,0,0,0,0,0,0,0,0,0,0,0,0,0,0,0,0,0,0,0,0,0,0,0,0,0,0,0,0,0,0,0,0,0,0,0,0,0,0,0,0,0,0,0,0
0.6359760467716421,0.6099409966613341,0.5575520530512843,0.46471452015359066,0.4923996114853471,0,0,0,0,0,0.30920960634940625,0,0,0,0,0,0,0,0,0,0,0,0,0,0,0,0,0,0,0,0,0,0,0,0,0,0,0,0,0,0,0,0,0,0,0,0,0,0
0.7612950879273037,0.751669721800874,0.7408709924001196,0.7268160479192725,0.6993180572056619,0.6801549320265635,0.6585825775132914,0.6369700728351484,0.633980028051761,0.6057108161509284,0.597382593738165,0.6010405826544944,0.5819383888651664,0.581619343200668,0.5554244026875796,0.5771903383874493,0.5581279372361931,0.5275146680758851,0.5405225482569644,0,0,0,0,0,0,0,0,0,0,0,0,0,0,0,0,0,0,0,0,0,0,0,0,0,0,0,0,0,0
0.681510585803841,0.7020281757367071,0.7062789063280891,0.6904826522974126,0.6584894841843749,0.6411810521792336,0.6337732504276068,0.6136587084475584,0.614954198299573,0.5992970468497228,0.5791618832627493,0.5594347710989712,0.5227557969382819,0.5501500310056269,0.4418476168012919,0.7575816179501907,0.8177364586842288,-0.6173277350190446,-0.47045772758823334,-0.4468587844148676,-0.4824383427972874,0,0,0,0,0,0,0,0,0,0,0,0,0,0,0,0,0,0,0,0,0,0,0,0,0,0,0,0
0.6439705092144326,0.6357066463168161,0.6424947886556072,0.6462635773248511,0.6198641388851163,0.5945162830744567,0.5711564463207268,0.5520776594978284,0.5472908999321241,0.5478189115669052,0.526104435285321,0.5105909766488403,0.4721394907960238,0.44481726214782197,0.4443182712480977,0.4149779567700936,0.3897024331923873,0.40829415364695476,0,0,0,0,0,0,0,0,0,0,0,0,0,0,0,0,0,0,0,0,0,0,0,0,0,0,0,0,0,0,0
0.6058640174988218,0.5957911591314015,0.5884055608733757,0.5898426156671668,0.5829675394676516,0.5734411547638287,0.569010301969904,0.5310991278286646,0.5195148160907486,0.4944938946656104,0.4708407162015244,0.46884698211688913,0.4394286764630152,0.4072975286985782,0.3553362615809716,0.31114436440161236,0.384249901588127,0.5316938482246137,0.27278727857422574,-0.10295161396153577,0,0,0,0,0,0,0,0,0,0,0,0,0,0,0,0,0,0,0,0,0,0,0,0,0,0,0,0,0
0.5482833911947511,0.5575211314265783,0.5697284765569507,0.5541913397440243,0.5446072048766959,0.5402514281728423,0.5158401284835699,0.5115047284924988,0.4906942426093042,0.43580346418438093,0.408744631217058,0.3874886917530678,0.36050380052134506,0.3365554947778192,0.3419058917609807,0.2747731406553746,0.43534749408265777,-0.7287504095196944,0,0,0,0,0,0,0,0,0,0,0,0,0,0,0,0,0,0,0,0,0,0,0,0,0,0,0,0,0,0,0
0.5397738585603136,0.509824747452535,0.49345503165998106,0.4627501780628391,0.4294928527392761,0.43327379151361683,0.4211392300030026,0.39170823764566065,0.4060902114620261,0.39781542735100434,0.4071100583627558,0.40874762774673945,0.393575010393458,0.36925307836360094,0.26922808994183056,0.27982835190132577,0.5422576757415652,0.5005372706731672,0,0,0,0,0,0,0,0,0,0,0,0,0,0,0,0,0,0,0,0,0,0,0,0,0,0,0,0,0,0,0
0.5360951166402036,0.5447776583389624,0.5758278228785623,0.562404827362349,0.5183090651027774,0.5085804463793883,0.4991435325062649,0.47713537281005874,0.44953203462224856,0.40195209681589145,0.4134675748057451,0.43983350477257976,0.44000059405270137,0.44120772725666507,0.5754973323251363,0.48538304287071676,0.6767458771457547,0.7032800752906903,0.7189614852553159,0.7330130641627384,0.6768603744359737,0.6982578934880065,0.7016752920430346,0.7268705632096855,0.7067954657401482,0.7323760260263281,0.734125720933995,0.7163208593682044,0.7336537976420937,0.7561014497785548,0.7328619216181381,0.7393274107766622,0.7382412293588977,0.7451352782153052,0.7409185049066884,0.7411728006178838,0.715449479728025,0.7010622232322206,0.69869376767116,0.688517768151941,0,0,0,0,0,0,0,0,0
0.5416207376348321,0.5748380541335426,0.5895225258360001,0.579702213341158,0.5669168279539004,0.5591709998523852,0.554931577275832,0.5209677290088321,0.5098144353654848,0.4802093777080778,0.4303971296086548,0.41176175324214037,0.37713703791087033,0.346094094676653,0.2846916383304528,0.28426826070680306,0.2865667108262895,0.4825040986099105,0.39385678745376385,0.5934026800026462,0.60573316152481,0.5893067717696039,0.5417929616541904,0.6123510303347581,0.6327203810629465,0.6422654168787401,0.6634481885509561,0.6786174953626161,0.6703711009831538,0.6758901297180172,0.7171314976920264,0.7076339333828437,0.6887135532855514,0.7049919955303987,0.7018044243357409,0.7034382203993669,0.704514769302069,0.7002688290374978,0.6938127132941593,0.6893646589147039,0.6832938481189401,0.676653064621972,0.6618216168353737,0.6594562759327891,0.6429472406614501,0.6004920361001824,0.5970276024298183,0.6146192480581489,0
0.45637681453979806,0.49569714494778927,0.5237016598180414,0.5759895247014094,0.6048532676226286,0.616498019975722,0.6093233884099798,0.5758311368914207,0.568314519974129,0.5311519198089136,0.49847730397271883,0.4626568107415242,0.4005571383000767,0.6563812054273889,-0.8277220168696666,-0.7498205008089514,-0.680360842700988,-0.7043179215922245,-0.7073573396965226,-0.35991787814899723,0.4683380462024871,0.5111527830572454,0.7088971947737407,0.825269951153774,0.8343799122763077,0.8305238982425049,0.7705970781243593,0.7637714439361221,0.734938469739164,0.7153208221132111,0.7034641569820219,0.6906741437420489,0.6762081217646689,0.6869590675673347,0.6845034276236046,0.6788314241285935,0.6761548041910518,0.678864619521707,0.6820350927526436,0.6752902302083065,0.6716182843282538,0.6676419065422413,0.6380693143060595,0.6228097096614921,0.5944572110649812,0.5524341710826843,0.5098281265736542,0.4833176134050278,0.4726312484173164
0.26194238117214763,0.34345145651939774,0.35626560351374925,0.4283490351953068,0.5066982492620177,0.5090218907376802,0.49416153735024765,0.5331765448427092,0.5355213643009018,0.5568019651564637,0.5930982305096781,0.5875567257890506,0.594149511789101,0.5942283380721468,0.5937152242298824,0.6233833788401595,0.6773114819187169,0.6986498620348709,0.7296738095417113,0.7448004220326693,0.7663644025109724,0.73681806229941,0.7574002367030754,0.7523640022120892,0.7556467592798569,0.7344170584969689,0.7298759380002963,0.7325024166694083,0.729180253557278,0.7248595189011595,0.719432903268888,0.705076381125191,0.6960475088520173,0.6957148660350992,0.6939919004996212,0.6891453943413228,0.6914914126495127,0.6844558943807473,0.6751177685337696,0.6702963330001347,0.6682891421891723,0.6664560637614645,0.673839154438615,0.6658996847273976,0.6276108360243393,0.5810341302919969,0.5508881611537398,0.6061086895356779,0.6049080654618536
0.3702359709834464,0.47386207982484463,0.5123050493247386,0.5100482145913555,0.5188232963312865,0.5264044026345778,0.5472961903922553,0.5578325567455313,0.5693944191651928,0.5796654607132613,0.5900099459004828,0.6119023268377283,0.5973364096883628,0.6042877743843172,0.5575546140546892,0.5297945825153809,0.5277549321902036,0.5454105355784606,0.5635557267156189,0.5724435003466278,0.5689132659022738,0.5671893252391572,0.5646378954940939,0.5489012082633228,0.5421837666046115,0.5565005942322426,0.5826685589431143,0.5999200436169787,0.6000105385546557,0.5881291037969413,0.6231766244830638,0.6244748832002068,0.6214513665965805,0.6195874647193634,0.6272594000113575,0.6303020128624712,0.6483739681836783,0.6477014184327682,0.6435332854678514,0.6388063657854072,0.6309563542048504,0.619318243834204,0.622657090998241,0.6260324882441126,0.6191580216070791,0.5902952696597732,0.5870124638627677,0.5937367662015973,0.5882212104950518
0.5262656454376371,0.614844128274931,0.628261191369794,0.636732053711246,0.6319983263125949,0.637891465819932,0.6572629862768594,0.6352538091546922,0.6155610500191799,0.6228152498140078,0.586019971622079,0.6022132062176991,0.6392212637977687,0.6424522231946178,0.6016837768765338,0.5884038090133155,0.5961355283648254,0.5872823189603164,0.59486261621055,0.5968806984927315,0.609295815457531,0.6005552491293569,0.5955864595496935,0.5940891358532779,0.5944512175924713,0.594183373734274,0.575309260887337,0.5660628068253845,0.5698828363740632,0.5704938169760684,0.5564494615749852,0.552354827383218,0.5424133163413223,0.5748297077220705,0.5811215333976497,0.5869820557066961,0.5995899901478214,0.6050490167527527,0.6106677592820113,0.6344570761352073,0.6398708178095163,0.6389320882448786,0.6411530955302277,0.6241348586054112,0.607486029913455,0.5851722162744074,0.5768107646387809,0.5646797658253245,0.5427962029398963
0.6240094735722544,0.6571799625569513,0.6488945169940464,0.6588249808760691,0.6674551210323946,0.6674734183641052,0.6739617282590238,0.7213707529987856,0.7122067937098728,0.7283604151746017,0.7168786016727364,0.7210349255907319,0.720505287014138,0.7143324665745099,0.7065108293926773,0.7029360389433779,0.6952911675351525,0.6941697443835003,0.6542417021216872,0.6130786974976714,0.6467132765814932,0.671201153439056,0.6546460546920908,0.6673055951007004,0.6366340213393752,0.6167674626944558,0.5973502703218867,0.5922760950615217,0.5924535060849715,0.5918137042890824,0.5971628078763936,0.5863120592634269,0.5753725418492259,0.5917694930745778,0.5935683055110792,0.6045674888489577,0.6087562539321164,0.5873716012742606,0.6041815765286692,0.6516113264961193,0.6576973175565033,0.669748791837286,0.6760776240008493,0.6741217036300512,0.6467288191420134,0.6120867778202521,0.5966818901410574,0.5897197698237229,0.6059214087766114
0.7846931335212479,0.7859322322095947,0.7824569415398425,0.7909295707115912,0.7817226960789143,0.7955129801378983,0.8009035144989278,0.8002832404301771,0.7935012491596363,0.7868135719608756,0.7780467887403156,0.7740630782977558,0.7677127814937514,0.7662542704649631,0.7248102582120168,0.7110744277440976,0.691557468029656,0.7112228204040948,0.7178708178253194,0.7148306029345294,0.6947598741146406,0.6798009128172153,0.697225685846553,0.6910301896320163,0.6873739808351086,0.6923544275788892,0.6969343440515846,0.6785093160248905,0.6686182952484261,0.6679409000354374,0.6594441777482137,0.6565240930256163,0.6534900864916042,0.6274793409515441,0.6359067715041349,0.6445491522037682,0.6555960780009051,0.6697705943216845,0.6653770886926061,0.6473804144918841,0.6655260297410729,0.6750203008376331,0.6575005084777387,0.6603754234241561,0.6546851841630984,0.6488458000739646,0.6567730190897422,0.6535110528009392,0.6431752374672982
0.7703217872227186,0.774130964055572,0.7763987592773063,0.7728477243681776,0.7767567147388922,0.7865071910555158,0.7958103078391869,0.801088789923447,0.7897016256395951,0.7799436716792256,0.7760897698339293,0.7819168980400724,0.7816583851145571,0.7797439323861616,0.7982670721307463,0.7991866622584726,0.7551885384129134,0.719044681533121,0.6919709157614927,0.6707945032369486,0.6998559161294102,0.6960510395743552,0.6930547199869904,0.6701241452398297,0.6899984589519833,0.7026458926214642,0.6985889406357246,0.6725210626029252,0.6873419490413584,0.7044417104450807,0.6951140860769478,0.6911578304615378,0.6843608361646765,0.657259473290977,0.6359411732076852,0.6170558327910501,0.6255442199057236,0.6297050834875352,0.6466569610836574,0.6777334310725,0.6749971006106465,0.6779683874151158,0.7079400786638579,0.7136968685050414,0.7162569571185662,0.7126415740666243,0.7028157965982468,0.6961851238695923,0.6937370008154531
