jsons/1312506000.json
{"header": {"parameterUnit": "m", "parameterNumber": 2, "dx": 0.1, "dy": 0.5, "parameterNumberName": "Eastward wave", "la1": 40.97354507446295, "la2": 16.46031188964855, "parameterCategory": 2, "lo2": 133.9931640625001, "nx": 191, "ny": 50, "refTime": "2011-08-05 8:00:00", "lo1": 114.97908020019554}, "data":
[rows 0 to 21 of 50, columns 50 to 99 of 191]
0,0,0,0,0,0,0,0,0,0,0,0,0,0,0,0,0,0,0,0,0,0,0,0,0,0,0,0,0,0,0,0,0,0,0,0,0,0,0,0,0,0,0,0,0,0,0,0,0,0
0,0,0,0,0,0,0,0.00909309244514421,0.00816048451796537,0.0058091264812584744,0.005247777629320434,0.004192018821664091,0.003497486704682101,0.00319196971140083,0.002964281997944428,0.00278621665191809,0.002172945889671426,0.0020122749233977,0.00163177816427908,0.001116011895310564,0.0008097850447136238,0.0005458786175921825,0.0002608600618398651,0,0,0,0,0,0,0,0,0,0,0,0,0,0,0,0,0,0,0,0,0,0,0,0,0,0,0
0.03079647968589012,0.028769796962760923,0.026160892827996284,0.02072850874902263,0.020161917625959216,0.018541115858246644,0.014178750418611377,0.013509847507401326,0.012159722956615295,0.008255912585823599,0.006681506960398563,0.0047555327104268985,0.0036346148819870593,0.003165465605689372,0.0027208467024106746,0.0022526091705248785,0.0010855432642990859,0.000510556501390955,0.00015264496001519344,0,0,0,0,0,0,0,0,0,0,0,0,0,0,0,0,0,0,0,0,0,0,0,0,0,0,0,0,0,0,0
0.03666327438491563,0.03853442086293289,0.03817837089575972,0.034780772826496324,0.03423386654207236,0.032366785280013265,0.024643145071846468,0.021698494444527296,0.02088278957466075,0.013974089431337051,0.01097389071560177,0.007303598262776579,0.0032440823318981007,0.00280196531379397,0.000935074404668634,0.0006055053614258869,0.000407369883467204,0,0,0,0,0,0,0,0,-3.14245656645786e+38,0.1283481487388608,0.12943626476599568,0.12842581807990278,0.12736650239807823,0.12696569619700637,0.12531601438620557,0.12521947558841523,0.12396519612650125,0.12205392545859135,0.12078876114328287,0.11989442112061491,0.12068641962818537,0.11605814814572389,0.11367850581010527,0.10787214376757358,0.0987738779777293,0.0906565709687248,0.08704190972459315,0.07621493084181317,0.06812172073619623,0.06313640379927671,0.04846053501858103,0.04592521628671321,0.037817665536073
0.026170564635241148,0.029439808441830296,0.030973843713104077,0.034007182231975235,0.03808882158306781,0.04016096415349555,0.042854504498511865,0.046175370929121023,0.05116067974597409,0.04030453454544718,0.03392390189883426,0.032383866098945745,0.017598842506657306,0.005490447000112711,0.00877430940721153,0.023001345947113776,0.0690716435816711,0.09325064726487733,0.09502804102051263,-0.13824537054453467,0.1288741878189577,0.1331151022790352,0.13625799791085375,0.13903917447648573,0.14029359217354298,0.14043655126434024,0.1410998116053361,0.14302092680953882,0.14269793850391793,0.14310699336075725,0.14265679488669655,0.1408955574948142,0.13833666526936136,0.13723421552450796,0.13742698657396074,0.13441358051820398,0.1342808968292107,0.13119211728024882,0.1280022871705242,0.12574184392544568,0.12456609148058431,0.1190253266065969,0.11075965359469228,0.10587359116971369,0.08875881423642953,0.0831603852994639,0.07252718091937158,0.05038741487405348,0.042100406072017676,0.033547976851384775
0.009844219191940309,0.010937538820468717,0.01244284295932915,0.012887166729678337,0.015756428743299845,0.016904935433784535,0.02052264936985201,0.02359516148589742,0.02694155660616144,0.030087494968859794,0.0332161548904153,0.0381286236025685,0.04327874631975,0.04803097880410664,0.055306759513257864,0.06148582230721754,0.06716504690538588,0.07831648164547843,0.08421582573835502,0.10035790890278275,0.11068949087255174,0.11861908864378702,0.12777988896128775,0.13243723545701125,0.1390470623447227,0.14338872946764167,0.14540321192727704,0.14768315570470292,0.149147898219291,0.1498827432779891,0.1515468416680787,0.1494711778194133,0.14850325768918654,0.14855460773466825,0.14848872955403725,0.14499458855328837,0.1438530228681334,0.14177095138660464,0.13846198474657448,0.13695609772066028,0.13365813967403997,0.12731759555569236,0.1231453680945286,0.12091787753631186,0.10976440572919624,0.10165056576154222,0.09084437283647157,0.05756815627555207,0.045240493002131295,0.02850573135922336
-0.0009992704233835528,-0.0010984523107747945,-0.0011796424011883914,-0.001102612411967383,-0.0007626426658671521,0.0005184590769246373,-0.0007308040337396423,0.0005354605801355633,0.0021478633761396644,0.003122502158793844,0.003971718023995172,0.005187731989782461,0.007762393817839923,0.01030285062263189,0.014450874259179581,0.018413417286239814,0.024203213402200403,0.033725186385420394,0.03898403566019977,0.053278476575371755,0.06653227173780943,0.07937559546544819,0.09491191219961059,0.111754791812854,0.12219064902928439,0.13722659911465043,0.1421027521117641,0.14789434184122574,0.15081651713378322,0.15125985284721494,0.1527964044396082,0.15430826094324085,0.1544297201365455,0.15549946574511334,0.1543048889119045,0.15260705328459945,0.15305623495252355,0.1536767311375132,0.1487079643810912,0.1472966022937646,0.14394828895555847,0.13754495019422006,0.13327216285884527,0.12978747304529065,0.12161804575308276,0.11775824696029705,0.11185847275264928,0.09655379225320249,0.08958189633872693,0.08134851415592267
-0.0007027226727105882,2.8718504577974574e+38,0,0,0,0,0,0,0,0,0,0,0,0,0,0,-0.003710949737207131,-0.005358619500402014,-0.0036898683900186665,2.4058647626448455e+38,0,0,0,-0.002507834477250301,0.0031663279931298948,0.050674704659748625,0.12295544302914446,0.1430205893321885,0.1518904459462728,0.15359308707975666,0.15538726516561638,0.1569576035065069,0.157420554354257,0.15877271902261472,0.15967361598733681,0.15892943234461998,0.1594968334487253,0.15952335600676307,0.15811884344718813,0.15688687672018625,0.15608346065594866,0.15227127369161345,0.15105131438107947,0.14603052705056893,0.1392124742769395,0.13550214657189,0.13136805503482463,0.12133522943726832,0.11574413318190507,0.11150043567263034
0,0,0,0,0,0,0,0,0,0,0,0,0,0,0,0,0,0,0,0,0,-2.8731206805840013e+38,-2.8613063411737048e+38,0,0,0,0.14972971647949956,0.15080355944906929,0.15142731174494256,0.15139526582606772,0.15357632643540603,0.15647407366335234,0.16041122463283444,0.16114992649141582,0.16108383374718482,0.15912750374583748,0.16039884520921197,0.16043845176864696,0.15998641742606887,0.16074480485479176,0.1611990187345535,0.1575346539550363,0.15651093629012083,0.15541666212737193,0.14818230950462236,0.14386916137343267,0.14047266789265048,0.13087801642620558,0.12509556822429524,0.12098411364169415
0,0,0,0,0,0,0,0,-0.20312462913452067,0.16714436219495907,0.1681801287683873,0.17480267893933912,0.1861473715973871,0.18484868640642577,0.187595092460799,0.1842456590710148,0.18177976161748427,0.17893684314152503,0.17766746798782768,0.17088714257356374,0.16930697680592827,0.16499482609536043,0.16175311149252025,0.16080496606197617,0.15933197472460173,0.15838044695775502,0.1578240160721932,0.15607205500555252,0.15702469179920678,0.15796548524330245,0.15789328293873214,0.15985653689415133,0.16059661584854668,0.16311860967587358,0.1639975336435653,0.1645917623683117,0.1650317841013835,0.16441510574168222,0.163316134189913,0.163747862175026,0.1638652971531855,0.1636210189875586,0.1635870603020569,0.1614448257633108,0.16011165634986416,0.15636929639919034,0.15019885511591108,0.14120588342086118,0.13227581471132055,0.12103871525214618
0,0,0.15260087621786605,0.1683747000620488,0.17547597705173013,0.18285937169250788,0.1930708185952121,0.19755902998941105,0.20057924380125453,0.20261410174886024,0.2044019828302868,0.20512639882253297,0.20449583835122953,0.2037775753456692,0.20343359674140857,0.20255230177140265,0.20061733418523936,0.1974057422427433,0.19578214931688714,0.1867469377728639,0.1813170584394153,0.17772094530516788,0.1715675072419225,0.16908564639242885,0.16296263789261686,0.15812671996069064,0.15455829867441384,0.14657175520732188,0.1461457776831864,0.1448011753745961,0.14341754408734472,0.14498354261429433,0.14513366949728798,0.14684791547624199,0.14767324012542427,0.1492064125001626,0.15216312874942226,0.1538342745807372,0.15251567902576818,0.14771869164701368,0.14778715500122377,0.14636186780327687,0.14681306098926458,0.14756138304568756,0.1468723294732273,0.14787643357198357,0.15245869301474285,0.1461012843291502,0.1394550002584309,0.12583622897893929
0.12220495786249506,0.12947142545911547,0.13550045572431635,0.14594359166140192,0.1536261157183951,0.160534057404174,0.1699038775991717,0.17493695193188832,0.1807119716124339,0.1882063076238487,0.1909380401242125,0.19402510765554468,0.20057525501238352,0.20375530100927333,0.20697355445949595,0.2084629687259621,0.21088328776448312,0.2112351192529407,0.20964513062825785,0.20427269784856095,0.20273716879212678,0.19824571418336942,0.19311429180350648,0.190794004631892,0.18348115775404086,0.1706749681838922,0.16537668985429263,0.1543136899093387,0.14664137642651526,0.13951869104236544,0.1367926422972183,0.13217005859454434,0.13228774937722662,0.1339360240108076,0.1366086230156298,0.14192384819487458,0.15428329706366675,0.15916165751086503,0.15750614440755978,0.1514724752775852,0.14834211522014426,0.14824139595343216,0.15077062652876375,0.15468109518292414,0.1502838364407971,0.14847119593540378,0.15272062052281002,0.16606207364895015,0.16273748120300782,0.16351420754756585
0.05531173360896743,0.0700923353807282,0.07798936801335707,0.08696686089586857,0.10329268573490631,0.10643707575811386,0.11539809803899236,0.12334825572598349,0.1377069265679668,0.14947181257416478,0.15867574743321178,0.1673881415920981,0.175588651341303,0.18212302099764968,0.19831074736322982,0.20538403295696275,0.21447094173913558,0.22378596289567892,0.22556876310212012,0.22452471767821136,0.22271823193126045,0.2247297635987464,0.2211099437767793,0.2151709109309995,0.20961330223757857,0.20917899799490822,0.20932414035802316,0.19780828913020065,0.18319765423625117,0.17205681749759957,0.15601076430194863,0.15131591162269376,0.14563987070134374,0.14877670311902585,0.1459454609147028,0.1446229557078845,0.17172692529236405,0.1906792490753297,0.20405823498057551,0.19233153614844145,0.18752274472562647,0.19549905872208218,0.20120350265119816,0.2141867182509207,0.2197771793739923,0.2156764381794891,0.2138842157151947,0.21030169392975348,0.21120820180282374,0.21304970283759783
-0.05794699119348236,-0.022322944142493948,0.014699412422211447,0.025229062877851656,0.044545000867892544,0.05200540592071975,0.05958523889150677,0.06921976509938081,0.08611751773600008,0.09838315965554567,0.10663849185195381,0.12239371920563764,0.13848069290376136,0.1470285990647847,0.15774131993345872,0.1645251514188387,0.18203272872718637,0.19636485931085101,0.2112108673083116,0.22626686965515727,0.24197890316529339,0.24792172950979768,0.24469755639517274,0.23861621071573522,0.23953746028061462,0.24724744199297113,0.2532116469049213,0.2505037083203909,0.2548192720232594,0.2628734985775911,0.27335055200831504,0.2762146982640709,0.272939824572866,0.27093034511372444,0.2651044446552295,0.256709428000083,0.24742254001829003,0.24374182982681297,0.23765583944671298,0.22749809839801477,0.21777679125292623,0.21265113302521252,0.20776517265175787,0.20329071192126144,0.20022270061455238,0.19821060388549605,0.1925586174533951,0.18700407193404062,0.18188529276923848,0.17352596485396615
0,0,0,0,0,-0.015228617773103378,-0.0005409568198175716,0.01701233994754209,0.041656443277386934,0.054738619274345784,0.06352033331205921,0.08074096743025858,0.09237124219191234,0.10701367790554119,0.1345727650837601,0.1504720356516357,0.1759360171414516,0.19875100453627068,0.21412015838771342,0.23894886432560195,0.2471514854171605,0.25375234792747187,0.2585513832150568,0.26322680500999723,0.2729396851987675,0.27591150820453214,0.2800531737559352,0.2837538098249364,0.2873355601538946,0.28895949592077486,0.29045014562618765,0.28902427989377755,0.2865304660614148,0.2777916652213035,0.2725095719708175,0.26601069694167323,0.2589003311611892,0.2511499969169828,0.24304586860983413,0.23050068230743956,0.2234743763599305,0.2140131799698642,0.20524342935599624,0.19834489124898186,0.1902055865174327,0.18480277607965195,0.17563772702560107,0.16826217856924225,0.16176028355244468,0.1454666556368442
0,0,0,0,0,0,0,-0.06845843898052652,-0.060792578344020236,-0.04749947973741135,-0.02643721814901146,0.033307225308409516,0.07716597600091345,0.10294884520615544,0.13793657008023982,0.15154716949798,0.16951497318647746,0.18295163587850363,0.19426785986434084,0.20728989101122153,0.21675202844089966,0.22232734581001373,0.2299303068593396,0.24215549423200902,0.2554790058325861,0.2577551386158613,0.2583833677747033,0.25717177427487564,0.25899430581502875,0.26241726324955006,0.2584786383477515,0.2626101844383967,0.2633078792399157,0.2639291124198015,0.2627977363708394,0.25875593881797593,0.24782335933361602,0.24149175538195042,0.23217484903089528,0.22311523678164527,0.2146856056060786,0.19679958070659231,0.19320913178021812,0.1724359329718314,0.15999532267108857,0.14954285602814835,0.13385222795714172,0.12728101938113265,0.12929291153265748,0.14326024863821615
0,0,0,0,0,0,0,0,0,0,0,-0.09455016708134047,-0.08617478132146507,-0.03802896430309916,0.04972993951044113,0.07487266332525101,0.10180971380802145,0.1343278088605974,0.14247586977660823,0.15084744074357553,0.163577717965172,0.17537839721500872,0.1900524213112691,0.19724440763149378,0.2076307937581844,0.2191234368861682,0.22608001554696172,0.2381953158044155,0.24524547875010438,0.24250189568968006,0.22889764928895548,0.21930347561096716,0.22302505958838725,0.23253568734504604,0.2330310462998872,0.23408694568953964,0.2308409119610679,0.22520119938685634,0.21070278495400868,0.1855933524825229,0.17129794967570225,0.15759057947910932,0.12446534070439569,0.11655904540566074,0.09721831826286971,0.09842964150433152,0.10567640694985254,0.1111976944342386,0.11436101661757483,0.11676855451490356
0,0,0,0,0,0,0,0,0,0,0,0,0,-0.12370246601795297,-0.08923578057330893,-0.09600021998537124,-0.0332292899373866,0.04526464257399182,0.06954402778903601,0.10967289831937446,0.14374711490948947,0.14814127653287446,0.15509054677397358,0.16013203438059884,0.17463648480248065,0.1923878466893665,0.19201204497319282,0.2060344969255706,0.17325051922200574,0.150348984490095,0.10388004692031716,0.10078261546611586,0.08844743273535273,0.07592071819506492,0.0762231330399319,0.07584644295182191,0.04631611944378239,0.04174939754196437,0.053065616908871835,0.08644650329919883,0.10524097364188573,0.0963816537946638,0.10135811834324375,0.0938890149102915,0.09194833062197785,0.09640596666936788,0.0745500202372024,0.0643544035211307,0.06622512419170948,0.08069285075694001
0,0,0,0,-0.0992062530636063,0,0,0,-0.09354292900901162,0,0,0,0,0,0,0,0,0,0,-0.11384326869762254,-0.041604739955218434,-0.007430115239464382,0.011671790300059498,0.03904539008054588,0.05507022472381536,0.0761071806386475,0.09249231744374078,0.09013177651388248,0.09310427662425522,0.09897903422438528,0.08505834626332297,0.062349045021413654,0.021546057845724508,-0.007411262363434314,-0.0082335068388756,-0.00972511421370105,-0.041052475872923044,-0.041894205345509875,-0.04023775493582389,-0.020937113183872477,-0.021127279536254324,-0.021129675550028326,-0.018286821867194523,0.018028403056106968,0.03970892677279379,0.06092948047723597,0.11708821132641382,0.13561570895384464,0.2055054669862493,0.25493899326585895
0,0,0,0,0,0,0,0,0,0,0,0,0,0,0,2.84440677225346e+38,-0.08604253462622098,-0.06684293977542145,0.034069313700217776,-0.030270594272756295,-0.10003880677780831,-0.11819591710082121,-0.12359759887918287,-0.08242930692182127,-0.011419639074495844,0.012179232231497526,0.03176122706709545,0.027875160949716125,0.02815754725414425,0.0250138741069401,-0.01493841465195377,-0.027229967251107965,-0.03820846421267308,-0.05406201659356593,-0.0564006045080915,-0.06100177442503355,-0.04640639821979148,-0.04940951283433364,-0.0411304178555947,0.013335777034410962,0.03709168707561659,0.061293151344978314,0.08512869847251697,0.104549958971101,0.10961795865290618,0.11320022361062401,0.10241408556627077,0.14111813253738578,0.16361513930144764,0.1988145137864583
0,0,0,0,0,0,0,0,0,0,0,0,0,0,0,0,0,0,0,0,-0.10453762918725383,-0.11606256311613278,-0.13764977831995262,-0.07593900294996761,-0.05852423118435813,-0.04740052520937094,0.00904045876770664,-0.06702178461615393,-0.1258353064366005,-0.09615389077662397,-0.06700858520267405,-0.06794428705401342,-0.06637683288728081,-0.015001935010693083,0.03115361487719129,0.03483846550376832,0.005326328914252758,-0.012732402351098656,-0.025171893374139113,-0.06875493790260853,-0.07554875507196362,-0.07905041640100105,-0.07860885037783297,-0.07814453119805558,-0.08758479923151245,-0.08914350416487583,-0.05162812020582686,-0.044588642348259475,0.00704129932149222,0.009361803856375044
0,0,0,0,0,0,0,0,0,0,-0.16740898102284404,-0.1845239963734564,-0.1959858262112297,-0.20658787928275443,-0.2191319358905525,-0.22699682564917506,-0.23622452441277264,-0.23943980927291425,-0.24482586144995794,-0.24235167188950502,-0.19968688089566583,-0.21137258861415478,-0.26573125765955674,-0.26995280251944315,-0.04074140412994732,-0.03919491682104683,-0.07406850975838833,-0.12890931322056198,-0.0958630893149927,-0.0351490189995195,-0.1161853309341035,-0.09808328761979793,-0.07342355347612076,-0.07874155639181626,-0.0628944158652507,-0.047149018666348394,0.012806965670734577,0.015483105200280279,0.0020436427343882356,-0.009869403972329674,-0.020524677003243154,-0.026095954461430614,-0.056594457430534706,-0.11610008130589372,-0.135367960102953,-0.16135006525067924,-0.14739182571317408,-0.15173857640524732,-0.1553833839312332,-0.18152776481113514
