jsons/1312642800.json
{"header": {"parameterUnit": "m", "parameterNumber": 3, "dx": 0.1, "dy": 0.5, "parameterNumberName": "Northward wave", "la1": 40.97354507446295, "la2": 16.46031188964855, "parameterCategory": 2, "lo2": 133.9931640625001, "nx": 191, "ny": 50, "refTime": "2011-08-05 8:00:00", "lo1": 114.97908020019554}, "data":
[rows 22 to 43 of 50, columns 100 to 149 of 191]
-8.561510042659377,-8.565604214965191,-8.007005818942966,-7.905874379844788,-7.620436833985069,-7.188562504030375,-6.909599815388279,-6.520993653855982,-6.051995243295031,-5.667844744116467,-5.37609929537545,-4.986701603468747,-4.651345799715015,-4.288774100322081,-4.112643108348217,-3.7196658658808466,-3.5106592853196457,-3.284407653846585,-3.0528445645124,-2.900698379363306,-2.7286240320022097,-2.487168095960857,-2.320041883662455,-2.1105427644201136,-1.9313545044433593,-1.8007485106391135,-1.6969510118515108,-1.5848553676762114,-1.46632948037601,-1.3693249371210494,-1.2505307591713577,-1.132212195238004,-1.0511143111195491,-0.9671094681205696,-0.8709124955543925,-0.8187506053644595,-0.721540732374814,-0.6333475274795984,-0.5578239500468238,-0.5015030218911247,-0.3541194160259664,-0.3127148280189111,-0.258111463419395,-0.2149431170078657,-0.22360939193404109,-0.20977172564560928,-0.2002133928946644,-0.18014200071752792,-0.16583476576347508,-0.14469541442504477
-6.849600355773111,-7.099436454158841,-6.524165108411281,-6.649766002911755,-6.538406763760312,-6.149151601668793,-5.846119303112724,-5.697284099432416,-5.201190271873289,-4.986820823915562,-4.664489693841188,-4.4063258724426415,-3.9907834914047977,-3.694172533745883,-3.426578227741457,-3.110778208695727,-2.924441097787822,-2.7635246555081157,-2.469461568571141,-2.3464078574071836,-2.2157187352857757,-2.059438929590099,-1.8851274558585516,-1.6716897538684976,-1.5710871116765777,-1.4953440674175915,-1.4285560778597877,-1.3263156856853155,-1.2675827004997453,-1.1913238777971467,-1.1542109322802614,-1.0736289655085505,-0.9988284720634798,-0.9644883596835434,-0.7631679964371755,-0.6831281810090525,-0.636668540596911,-0.47682256616725105,-0.3987583426370339,-0.35411017114067267,-0.23008867412474976,-0.14544184029011492,-0.11592079847365892,-0.11479729777418368,-0.13114796555705718,-0.1424938256500206,-0.146193252552773,-0.19519074793735638,-0.2047231821310047,-0.2191004203234413
-6.097309399032172,-6.097073318936451,-5.317118972135459,-5.259379632942186,-5.137209722594607,-4.743311307920496,-4.593084408968126,-4.523656921803844,-4.121372425796662,-3.864528505586213,-3.694185020122248,-3.39219017867646,-2.9572860625843282,-2.8167876142122923,-2.5362136361305794,-2.275087126844978,-2.0693656208649482,-1.93745418241313,-1.6584971655431073,-1.5670964092167288,-1.4586290844853111,-1.3668828057535696,-1.316585343853696,-1.2077178928277168,-1.0299972135266406,-0.8749925198511742,-0.7693073461127314,-0.7980559546675047,-0.777811000169591,-0.7241786877010498,-0.6996800401547563,-0.5841374236649177,-0.5569904938127366,-0.5171517900189947,-0.43329057181817915,-0.37141890222287294,-0.3087201288223721,-0.11497139068705363,-0.05795921620897984,0.094676291038117,0.29742848517941056,0.34841160660054515,0.3300684445272026,0.23281136757889953,0.09854640502395799,-0.07085445623979614,-0.27521052162290904,-0.5932417955639402,-0.6677097504449504,-0.5613339916144269
-5.319770533340355,-5.542243202427489,-2.1716169456312904,-1.5463092510242347,-0.9869145093470306,-1.1623766085193474,-1.290123440687423,-1.313196830106707,-1.7269375572908727,-1.6784180710717702,-1.6762750251194225,-1.7573308230281568,-1.6816710934155037,-1.5962717367816077,-1.5387513882810082,-1.47142914972472,-1.1810485996162956,-0.9863901723134485,-0.8604337394272858,-0.7400141380672804,-0.6839916348217461,-0.5577339120283209,-0.5214245071547536,-0.4718841885430769,-0.4136825574582108,-0.39148305062814526,-0.3509899151797524,-0.3217840494300005,-0.3094000382253734,-0.22077231519912244,-0.12124978588471008,-0.1652407439752646,-0.1561137158715771,-0.20169715360848703,-0.15424983604739093,-0.11792415670213043,-0.022990052773451987,0.23950945723658115,0.3366282197530651,0.45536225034639843,0.9146843874597151,1.1391976513208857,0.5643829249635646,-2.8043368515364033,-0.42348936134150406,0.375601322574752,-1.4743320209347728,-0.8547997087145373,-0.639391874611526,-0.19750413044514564
4.388530943455901,5.466566495525523,-4.660198050848945,0.4475983581856621,3.081946924871405,4.157453605429627,3.3004863137142713,2.9428379252685626,1.8345717702241988,1.4109606555962195,1.0572750425401527,0.8314894032859215,0.33524268887032616,0.2541752834373943,0.16805777367273075,0.10618005801588826,0.012362790653639037,0.10596883706238586,0.161618596665933,0.19454437378909603,0.17080938789169314,0.15215811944493504,0.11718362179869235,0.125188353278991,0.10619396207432054,0.0954688031103582,0.08742804929670854,0.08449948631806468,0.15352852662067937,0.11669433671124763,0.11722749637065875,0.08307532289094302,0.1236459795159275,0.1974745388167432,0.4261253285053876,0.5504226488055555,0.6718930972744995,0.9034480193831368,0.5531509460944489,0.4387823717513257,-1.1448895977531803,-0.909315223593041,-0.3918481438089307,-0.06043717968486414,0.03795737913675291,0.19813152299392753,0.1913729453572201,0.32836071450396176,0.2966654664628821,0.32669271706794195
5.409086058230699,5.4290775439400285,4.516893924314373,1.761849242717666,-5.262711236201652,3.5305111008450263,4.196359437587026,4.757380197701604,4.323523173580673,4.118899331023888,3.7647869559845475,3.506538676119668,2.938893803308737,2.719335938038247,2.587882614627923,1.962882307329336,1.924366124776606,1.7097152081891154,1.5829261702588913,1.4461692348005588,1.4585319604948652,1.4434930192173003,1.2999841755549493,1.2951529478244526,1.0423702141183118,0.8765977617981556,0.7162115257053717,0.7132841294279586,0.6713271676315196,0.7249900333064486,0.7768844197306479,0.8344696408492017,0.8093567227605799,0.7157861761616169,0.7864846384887035,0.7706605472758123,0.7719773326029904,0.7329667735514053,0.6435707087159109,0.5741747215764123,0.5108512241674876,0.48523938754547724,0.46435737160923474,0.48438715035121593,0.48454800867395886,0.4855499334654854,0.5021739847866667,0.5707140105307019,0.6007191464540016,0.6320169878988166
5.038442790948536,5.022517221282597,4.964170359698287,4.058610902738853,3.3480039529379186,-4.774416376180399,3.5899317425927464,4.245395346014805,4.571056794856859,4.414890238232792,4.256688960877011,4.080407521771963,3.709401708762347,3.5870789146698945,3.3700771931176114,3.049054138611601,2.8379347144225524,2.728747874470153,2.515992188351186,2.4541119135241947,2.3563291711097754,2.2915289161824086,2.30336480777471,2.183759068762134,2.162311705725046,2.1886988931627442,2.211250843819598,2.2441060325796434,2.4151851078886364,2.5437406962850924,2.580433271083265,2.4800622222947295,1.854458416348041,1.337347658536973,0.5842939914331262,0.37731550522495755,0.4114271750784848,0.47256623074800913,0.4877490201785481,0.4769739556153681,0.5682660447235824,0.6177614122118061,0.6865843531518802,0.7590960472633331,0.8117814477947877,0.8493964396560238,0.8771806338199933,1.027923955784159,1.0359260329921198,1.0621393620678534
4.62411150795796,4.622015803641222,4.699578956124328,4.673222183523661,4.4946672918533395,1.0487047307296895,-3.7224870701446227,3.5103848704458183,4.4169194265587475,4.371126762172357,4.287233364854274,4.2038916877013275,4.039602727773617,3.8786184760446236,3.8166239300791065,3.6111167795186248,3.509815732998854,3.4299796844208705,3.3182776714932096,3.276399210991279,3.2736224723922778,3.1990684742474618,3.2451939104879686,3.3170519255081676,3.4039141351877467,3.4851299583338795,3.5810725565386345,3.2539680867432446,-3.726129918268,-2.3545655596931327,-0.9481596153402764,-0.19460324348896052,0.08022024978033233,0.30393481432124636,0.6855490189147523,0.8302506410307647,1.1186136912562146,1.256155433477096,1.3452599560015337,1.401995062509496,1.5253678903830465,1.6076634983352363,1.6245026783538776,1.6825806073790346,1.7299857400833418,1.7150383970616712,1.7413440975800794,1.760043083709028,1.7730141556211179,1.818310794524214
4.160044806912275,4.151391997146807,4.199941399230724,4.238136322984012,4.21546324008185,4.187379049970955,3.3531921218868086,3.235094557869619,2.129557004708689,3.6203138471605647,3.9249799364248505,4.072865929209854,3.9923120772606997,3.9437329260620504,3.8863436332595063,3.775803819927847,3.7246284085298242,3.694028453158128,3.6092664921010615,3.636022984910777,3.6908358107594696,3.640671711835827,3.646400952761186,3.741136548124804,3.8466517685784556,3.9278559783145828,3.9585192175506756,3.9007342921940924,3.593258829886672,3.435041655893616,3.285553958980773,3.079166201406872,3.0115703319333775,2.9953265930349726,2.9198325003849597,2.854177520484921,2.7462109156741104,2.789783517374263,2.708146212145428,2.653362132605402,2.6435627264351993,2.655562639957259,2.621629309371529,2.5635129954341167,2.542069693603233,2.522896128037487,2.508486784159615,2.460717520637322,2.4606328735310727,2.438756987051228
3.748224087760698,3.7324651921817824,3.851061489797893,3.9025910662108068,3.873175157372555,3.9387575355581133,3.938659666013319,3.938010761202991,3.935133388290682,1.9858954108478628,-1.5976403712650304,2.8311484855829088,3.823881021239401,3.864108723128253,3.834730997051432,3.8272381951810837,3.8116332174225276,3.7930103782419233,3.734390701001137,3.7012928392790094,3.6813141120139594,3.6550840984248243,3.6467935428341867,3.6962800164087186,3.7135435235406526,3.7616174081616083,3.8293375828486598,3.8007836360629135,3.805511855324897,3.8384070787533484,3.830424056230122,3.8245080212644096,3.808442043612608,3.7341862470871083,3.7203294292848956,3.6438206135324824,3.620875154746486,3.5547441925990366,3.5062093653787034,3.4524773323345785,3.346832675517389,3.330567554104476,3.233530174797444,3.187762154904046,3.1755505855650314,3.0991706387063824,3.075627036265817,3.013282496138935,2.951681457965787,2.9150995393580392
3.3400461222357727,3.364402514538174,3.4840917518420973,3.204442752901967,2.500405336583362,3.2109453964878885,3.3602441765071744,3.4884772474182464,3.603802608031135,3.621876292959576,3.652905686310071,3.6400694577207964,2.887703218567888,0.8582413926327123,-2.473753540083909,2.6977192190451555,3.3585181641513446,3.5602502418362243,3.6087403997880045,3.607454482101826,3.5974394239856253,3.589475788734822,3.595192109445981,3.626694903546781,3.6216196780583982,3.619735597938789,3.7261171719415183,3.7442469830317657,3.7629304781048254,3.781261637996349,3.8003454675800517,3.7880329475731105,3.7520316064715153,3.735207294840146,3.725811757172646,3.6781423647605065,3.628824315141476,3.610670622776372,3.5789840961400814,3.545919537633588,3.487925924312126,3.4215614786597004,3.392648363933471,3.35223024629837,3.308244667900391,3.2684896576055404,3.2422741667204353,3.1754416884356633,3.1331168192392793,3.1072778652169144
2.9023880025779327,2.993067483058731,3.3526843549439294,3.1330959490229575,3.1850071048117545,3.309957275549059,3.3310420343373885,3.3570604709761356,3.4282844659483405,3.435525755162646,3.453479301520981,3.470812778790467,3.5114170620636287,3.534320199316149,3.547660850670095,3.4646239641013095,3.362784619832538,2.7863479010979075,-2.6818525418354793,1.858168184762564,1.8503890450397322,2.865715642879252,2.580666039005436,2.9207484847928766,3.4243502604235903,3.543588230308875,3.6126512382476825,3.636437050780116,3.6136928704258193,3.5983122409374233,3.5972296215292277,3.5792466741917277,3.5809684523793157,3.5721031955856812,3.5632496393144106,3.558138109684857,3.533240360580569,3.5019650720446425,3.4957281873048,3.4785402907204275,3.4535418296555447,3.431705505623027,3.391529134858239,3.370517216088316,3.3438626141997387,3.289483726845266,3.274571937566826,3.2489705170315406,3.205811686477881,3.1843047568682605
2.3558910729163602,2.495626218396611,2.7239090702193813,2.8314749403275186,2.859780722190013,3.004839742435492,3.114358837198719,3.110647573236259,3.2205900177551765,3.2721979102305228,3.268535727610876,3.2840353667442255,3.356217262221069,3.36472821843961,3.408186957757866,3.424441414596093,3.4126209953543887,3.4317815383898305,3.4723771508012278,3.498771603153161,3.522168031840256,3.5516321253397845,3.5468436916575814,3.466976384367309,3.133926847251081,1.0952131595158399,-2.878451882652641,-1.0103133328836498,-1.5425163354062628,1.8950378052660097,3.395872454186168,3.4085516965792793,3.481596724874078,3.4821522178214384,3.4696004892086245,3.4510970863326995,3.4445135768191673,3.4333170246705023,3.4167717219998273,3.388042307346082,3.3757886440289284,3.3594136641051366,3.320693871415257,3.3169619868392712,3.308968639304251,3.284225592161384,3.2703899828564498,3.2430498658114515,3.206387508093685,3.1880724106987786
2.0588346937246795,2.1587588015655816,2.3405729910547763,2.4285457665918164,2.4987016270595297,2.6680821038114257,2.7095146454063,2.7678275650842994,2.8909886774259386,2.9399509735957965,2.994939357620959,3.022111895790025,3.1201464127972125,3.1466329501245287,3.159329693591585,3.246858489203134,3.2926289706113456,3.3080210525783507,3.328578914261733,3.351704988736261,3.3542235397849733,3.4001119925446925,3.4222441515333055,3.4229897113437247,3.4564015919406965,3.460897036538017,3.465764415230876,3.357719234098885,3.3367452653884997,3.1257934726287604,2.546074001266675,3.4326309528037484,1.2366705096989161,-0.2788075927871449,1.5924451789180873,-2.036457591010254,-2.908525258895603,-2.9511785577256147,-0.5204230636598753,0.33840025307337424,3.0548653372280463,3.25377285273314,2.604955599533605,2.61886944923194,2.890770714464254,2.939556051948424,2.9853391228418205,3.0081404565634657,3.1421339402962634,3.1566895428711605
1.7989730335970986,1.8700291780437526,1.991704316465388,2.076354360533839,2.137760581090124,2.291685018394416,2.367448467893111,2.414563754242419,2.4947953259043283,2.5676415489402564,2.625929514206377,2.6376364788955877,2.760148726132208,2.7678514274322517,2.829432673932732,2.9504274377814435,2.970562751637899,3.0056118008192385,3.0626630658902076,3.1112203490893946,3.116535810532103,3.1710268530727252,3.2174498868633594,3.2662719579617354,3.297022001673864,3.3073352560044484,3.280936410386465,3.3066377543938135,3.337510279608733,3.299313698903109,3.2834895868929737,3.2946900369133383,3.284048045040357,3.2708684611125576,3.293562279065633,3.2852834663536696,3.271875863568717,3.2583576046489635,3.204179748464602,3.1818969846477647,2.986118826548671,2.890643625365804,2.5029601561374974,2.799206847285157,3.147633899369321,2.3482762820390954,0.9112110171039022,1.0665763174188476,-2.4413860007597328,-2.216140493167265
1.58908273679044,1.6920713576446669,1.8017321274767188,1.8598762098715074,1.9108511299168573,2.0453991278759793,2.0837501191350194,2.1525543071496354,2.225915373959326,2.3117321018223085,2.3670386685787115,2.4227517670446406,2.5347838232188216,2.56043317129772,2.6132249969501613,2.660817528892218,2.728801396060625,2.7592354048831393,2.8243088799403195,2.8787548000583625,2.908230988610594,2.984887351054638,3.00813912168576,3.0123140281663385,3.0313498657726763,3.0523435010448026,3.062325484071665,3.0788498391311507,3.144004359121054,3.1423843167646557,3.1258224636702403,3.1202401939945275,3.1264715010270736,3.1341125798060085,3.1284694127001744,3.100396830456137,3.1017225325103577,3.111910548962551,3.1009317248487305,3.0817838750580813,3.078191967319238,3.0865925761871837,3.069265525548805,3.0670499208245343,3.0595159705966632,3.050745358118626,3.002224721286027,2.774789424423224,2.722594729054519,2.791481115734411
1.4328303574147592,1.49285750372905,1.6161610952312795,1.662882109060448,1.733611810479751,1.8166948779630911,1.8911333846193543,1.9400804822747633,2.0939892280605674,2.1235576386542543,2.143107424438984,2.1999532240872215,2.247711905473684,2.302444924068447,2.3567967141083583,2.4362319756290627,2.4825809343285643,2.5061719924397825,2.574506441431041,2.613463496180637,2.6664866310144246,2.7306971627251517,2.7613813451199283,2.752157789151751,2.8129607761138544,2.8367637049039693,2.81492716482785,2.8159583714675303,2.872412362304605,2.8843542789351053,2.881442960852209,2.9040650391106753,2.8994210408550667,2.9101462659319015,2.930842282189541,2.925547003478939,2.9271209286483506,2.9310257082774727,2.927154372415582,2.919298439652572,2.926676648492572,2.9255342017765855,2.9014838286001035,2.9125839885224325,2.9172351405915538,2.9117309080872804,2.9026113587885947,2.8935520240183097,2.86959485703599,2.8613553954795568
1.2601342884864513,1.2993649115162265,1.417980474958488,1.4672623143859764,1.5143035632460742,1.604376317767884,1.6257251975799483,1.7050967933711785,1.8153807434105962,1.8728678418006497,1.8895781390526958,1.9354738428327323,2.0309055733017267,2.085867626245356,2.1194442119990176,2.1947088255525,2.2380558641331048,2.2727821142037077,2.3540159181368745,2.3849870574592495,2.4213396033644567,2.5148295099597022,2.5242908489499687,2.539036757061836,2.6003755363771517,2.634109438777078,2.635043132541548,2.6401816765298873,2.6762726323059307,2.6880089470133224,2.701468756091959,2.7136757418768513,2.7123805557190583,2.7277752222161284,2.7506488251747716,2.7365673543994626,2.7421974582251454,2.7577648357485947,2.7588193217647,2.7219875691524416,2.7209180432666207,2.737853329518314,2.7425849377770417,2.7504514666117683,2.7415496203161807,2.7279211785906208,2.7358262114147474,2.7333620790491535,2.711605026808292,2.688389976350993
1.140507268653557,1.2094108336248897,1.3106557455561583,1.3575478842970097,1.3663549471874366,1.4577077391289093,1.507263222718172,1.568728620620105,1.6164882229649167,1.6790081802326438,1.7521642489627038,1.8022128959445338,1.8513628007794214,1.9136702376235257,1.9660161080271872,2.0264255506212527,2.068432324812402,2.1153519623525012,2.156713938886643,2.17714780005974,2.232392582141749,2.275083996671915,2.3091824971919843,2.3412319725351263,2.4474847881822055,2.4690748788310426,2.4632689787469264,2.470671422640768,2.5165672651273,2.5155966369640357,2.5192663755267963,2.5593391488366444,2.5661208253637686,2.579603814446573,2.6020941517366616,2.596950968699516,2.5854979106518874,2.5912565238459906,2.585604024300706,2.5636027876463,2.5955109949008057,2.5994106680621254,2.591602577418069,2.5604840056368134,2.549781576796384,2.503694224856245,2.489774538476125,2.4917125581865776,2.4874894705456794,2.458089770997961
1.0596253057194949,1.0848954976487755,1.1662285686585667,1.2193479202734032,1.245880837066544,1.3404728874257448,1.4049387731675813,1.447932862373559,1.520001095300289,1.5690650505563648,1.5767103044127655,1.5985576529338148,1.691291302105432,1.7162148973616853,1.7418409045527279,1.8213659031464862,1.8667884901103966,1.8991090183969102,1.9854164475522353,2.042034407538777,2.0731183744743475,2.1123076076873413,2.170807750373661,2.1944618699527307,2.202777707964866,2.2326243401783845,2.265085308159723,2.282883857398903,2.307147977674733,2.3106246776140917,2.3330291323260632,2.3540240533158525,2.359370098659925,2.3549469287293046,2.3718108860284195,2.3436196395403788,2.3466735114137593,2.3572472901434813,2.3422609863639803,2.3199676053775993,2.318029290335993,2.3223497925107224,2.3172204569610644,2.3059003221538017,2.2740554459223206,2.2165296000840327,2.160144637485945,2.177207517082334,0,0
0.9182162326554864,0.9815356124814827,1.0623168329703834,1.1014802309815073,1.162777519203243,1.2301707942511166,1.2539311897847492,1.3021236375347702,1.3357112998543788,1.3616080768520153,1.4076691734885924,1.4331156338743802,1.484960145795715,1.5279292414276326,1.5855342789329265,1.6355452001469064,1.6763905112715602,1.7364499954493655,1.7708852551188872,1.8007311140243738,1.864535534109346,1.927971945916996,1.9573275060879876,1.974687764509071,2.056742531730026,2.085621271313622,2.081660566803,2.09901000316448,2.116894949106928,2.108024318133818,2.1244701355668285,2.156436309080162,2.145366885737454,2.1500996456416335,2.1577820924985245,2.164488712938006,2.1801277284364784,2.156926331816571,2.1235014833697483,2.0721011935638862,2.0543534896045124,2.026786646339006,-2.6164277218149716e+38,0,0,0,0,0,0,0
0.7354842000762313,0.7837973448616739,0.8636397900487403,0.893810028509042,0.9285667444737974,1.0362731214248069,1.0624907855821055,1.0833516785064357,1.1530872855626735,1.1782509584226206,1.2306720025972906,1.2673547864625216,1.3420431469169245,1.3504091539218546,1.399298563609243,1.4691346004662076,1.5109738025396824,1.5316555278787336,1.5888917637916156,1.6153271427008817,1.6289197325937952,1.670962825444546,1.675096317929584,1.6896913628327423,1.7696966232028422,1.7896531020144826,1.8090189583019496,1.8220045143503105,1.8630905797031148,1.8582074522226344,1.861862615736818,1.8605774073599766,1.859844506360853,1.8542039326334936,1.8090817016840834,1.7516067318660276,1.7465074845212805,0.6160591300698498,0,0,0,0,0,0,0,0,0,0,0,0
