jsons/1312614000.json
{"header": {"parameterUnit": "m", "parameterNumber": 3, "dx": 0.1, "dy": 0.5, "parameterNumberName": "Northward wave", "la1": 40.97354507446295, "la2": 16.46031188964855, "parameterCategory": 2, "lo2": 133.9931640625001, "nx": 191, "ny": 50, "refTime": "2011-08-05 8:00:00", "lo1": 114.97908020019554}, "data":
[rows 0 to 21 of 50, columns 50 to 99 of 191]
0,0,0,0,0,0,0,0,0,0,0,0,0,0,0,0,0,0,0,0,0,0,0,0,0,0,0,0,0,0,0,0,0,0,0,0,0,0,0,0,0,0,0,0,0,0,0,0,0,0
0,0,0,0,0,0,0,-0.0012061173892506437,-0.00046369904242721146,-8.913343053618106e-05,0.0001546952282685551,0.0005309684959453598,0.000517888093872545,0.0005620170770119985,0.0003650407073992659,0.00025644142511973536,-0.00015570178319125513,-0.001033954476175673,-0.0013967426184324813,-0.0013782359782054964,-0.0013092974959241191,-0.0008223524471703446,0.0003625640286500476,0,0,0,0,0,0,0,0,0,0,0,0,0,0,0,0,0,0,0,0,0,0,0,0,0,0,0
-0.020273848343304948,-0.016663943112112046,-0.014360863056596925,-0.010122861768037282,-0.00836137976500245,-0.006574221985513036,-0.004085431251106671,-0.0035566771548462164,-0.001824595664779422,-0.0009131060200865696,-0.000394692502193693,0.00015979436064445922,0.000254898835673194,0.0002452457620372545,-0.0004941325065804241,-0.0007729945330709844,-0.0020216170067856214,-0.0016506139280754082,-0.0004328758309236955,0,0,0,0,0,0,0,0,0,0,0,0,0,0,0,0,0,0,0,0,0,0,0,0,0,0,0,0,0,0,0
-0.037033592891741865,-0.03487896704935697,-0.03312283814738141,-0.028888874635044547,-0.02464740918223654,-0.022692855661082693,-0.015672780002151263,-0.012258029046616466,-0.009461816833011361,-0.0056572614262790834,-0.0030087330676170933,-0.0010847071817733785,-0.0005249622911392711,-2.3635348720974694e-05,-0.0010172934707723495,-0.0014730267996819005,-0.0011815372430482884,0,0,0,0,0,0,0,0,1.318557490386101e+38,-0.06395350600399412,-0.06161986410334657,-0.059442170570888964,-0.05526174752597803,-0.05053196447987909,-0.042577079146070444,-0.04012071539440058,-0.03354378371749115,-0.028172302179438863,-0.025912817843808486,-0.018643055535692187,-0.016802317433082543,-0.012828342119881323,-0.008676355446757987,-0.005536079669721866,-0.0040900725531691825,-0.0015817322066380278,0.0032909215967230035,0.005810499769399496,0.007998156470663676,0.012928714811411699,0.013693222325775141,0.01465359007513699,0.01649115643166822
-0.04748889103718783,-0.04740528113207471,-0.048392256243116424,-0.05066255722629427,-0.0495746562499567,-0.05034968153948396,-0.05132037649735465,-0.05204625727611691,-0.0491896416924005,-0.03470397705319387,-0.026525091825264593,-0.029267708344629557,-0.019500107908206922,-0.011311379822831294,-0.01453854257312996,-0.03425645593237279,-0.08645838679349128,-0.09758976591660905,-0.07960579173667233,0.041543436011243856,-0.09685454252379598,-0.09758607238961753,-0.10129524055430301,-0.10266907257022234,-0.09802356763179416,-0.0992323155384421,-0.09698641608021946,-0.09496657312390656,-0.09231684395049489,-0.09298953093456018,-0.08712610442092793,-0.08268335120502653,-0.07428676093022112,-0.06656881269054196,-0.0600980435456409,-0.051651519932620085,-0.04057408812815595,-0.033793596408498605,-0.02935592712184198,-0.021331770208736025,-0.01747348662172372,-0.014283979120215604,-0.010375831792239701,-0.005669164095658353,-0.0009610605988892228,0.0009410768831246563,0.010528999664896033,0.013855288169746193,0.016073053424229745,0.023495023539352376
-0.050153779392530795,-0.05110303816627119,-0.05321708441182426,-0.05717725241213401,-0.059734847089375175,-0.062444287232028266,-0.06770798497694772,-0.07140842326294163,-0.07290388850645263,-0.07926405679025199,-0.08457060159169402,-0.08796493201827664,-0.0964929800023295,-0.10149889308095601,-0.10157107149437157,-0.10851299505316331,-0.11717631272337187,-0.12025878430030797,-0.1157854209178685,-0.12846020929992152,-0.1223620268081592,-0.12529266176540743,-0.13190614932627945,-0.1318558581487099,-0.1305575591347698,-0.13313127462099578,-0.13356142030454038,-0.13174227996027404,-0.13303956981391749,-0.13406565499015372,-0.1272652043215679,-0.1260869492424665,-0.12126810196059792,-0.11794750740773743,-0.11424152457468108,-0.1053118231005495,-0.0924317487983181,-0.08292422455366645,-0.07458749993632614,-0.058668619790928536,-0.05100897914412611,-0.042784813842250226,-0.034840472268745225,-0.027265929266539903,-0.019665205252408384,-0.012811728508707976,0.008620447198328978,0.017541646864740062,0.022645615500247535,0.031890262454493924
-0.04778177215819354,-0.049773134049385014,-0.05123061626283834,-0.05416374619538462,-0.057112114506506384,-0.05918186038493687,-0.06268849269216366,-0.06730346593977968,-0.06960418533447352,-0.07577157168487247,-0.08017869014691924,-0.08429553597308259,-0.0933140948999852,-0.09751345294336328,-0.1036797598162636,-0.10954774151399459,-0.12195682806123759,-0.12716177974155318,-0.13508881864268368,-0.15326132809739468,-0.14940615795454398,-0.15759298042741438,-0.17379655569814667,-0.17313229835884225,-0.15694590891018148,-0.17122757274658448,-0.17075909512914864,-0.1625285677103034,-0.16590721247143084,-0.16667031470742616,-0.15960776814239183,-0.16296309318594543,-0.16033110235057438,-0.15723389497506307,-0.153580104620026,-0.14903329164779533,-0.14284416272221842,-0.14037118077669078,-0.1290755809897094,-0.12188361866808399,-0.11670513999285696,-0.10604960530760364,-0.09934072278857774,-0.08763826747914122,-0.07547129007709855,-0.0699679758638931,-0.05658195258381093,-0.04772151865682283,-0.04166578370417613,-0.026237532201302923
-0.017723018699569625,1.5178287290054526e+38,0,0,0,0,0,0,0,0,0,0,0,0,0,0,-0.07071193455780823,-0.05330227922994403,-0.06004044481341868,1.2954010246285265e+38,0,0,0,-0.10556002168541408,-0.1512419617324304,-0.21134415573864165,-0.21860139989958907,-0.19946934901651528,-0.202688376279567,-0.19906045867940778,-0.19406172550788164,-0.20165854070672729,-0.20053276491137573,-0.1943113574367462,-0.19324092842934573,-0.19493508158685288,-0.19149224518815267,-0.19052309049863303,-0.18514379898759206,-0.17620026861780794,-0.17108306788784355,-0.16091139331758514,-0.15644670928885318,-0.14360140218729975,-0.14042022373149637,-0.1361224067617512,-0.13343831869018166,-0.12837106125453926,-0.1275979311600575,-0.1316100848846353
0,0,0,0,0,0,0,0,0,0,0,0,0,0,0,0,0,0,0,0,0,2.016979153236645e+38,1.8334753961405626e+38,0,0,0,-0.23303706064932397,-0.2384615174244576,-0.24446786865479733,-0.2498027711360011,-0.2363458180138034,-0.24503489061033196,-0.24221539852677287,-0.23593606800420244,-0.2393110710693986,-0.23986506581624328,-0.23310237600533715,-0.23825144226797484,-0.23743212397334712,-0.23517001495042703,-0.23157430546673585,-0.22366498646916502,-0.21713339145856816,-0.21401098859358758,-0.20050309066961097,-0.19578041894999978,-0.18913132954503714,-0.18248269562096797,-0.17869841953439103,-0.18628376177276268
0,0,0,0,0,0,0,0,0.05942130562139817,-0.23101146223939542,-0.23804257495122494,-0.24043400685017832,-0.2631545580503571,-0.2615534616538751,-0.26824760560597655,-0.2660515270810255,-0.26949895450428896,-0.27250824179791083,-0.27664246067130027,-0.28228943189608097,-0.2812851954312611,-0.28115891068010934,-0.28228723930651056,-0.28554737239345224,-0.2880502019238216,-0.29181475784394545,-0.2918959231565876,-0.29066245144076863,-0.2955017086513768,-0.29772896411325306,-0.2913673754172003,-0.2967389831703749,-0.2985944140715804,-0.2944744088700469,-0.2928663185217181,-0.3000471769570738,-0.3020370843629885,-0.3008238510187383,-0.305129934039192,-0.302051706154125,-0.29877876479189197,-0.2960266231233208,-0.2907590742938606,-0.29175971853610116,-0.28167479370403264,-0.27352639795863537,-0.2700408983091972,-0.2602463324609492,-0.25616721744359344,-0.25777456596419557
0,0,-0.24449222284339261,-0.2610054908342114,-0.26354442885343893,-0.26984266071560636,-0.2980935825627126,-0.3094700476809765,-0.31099879730808766,-0.32116816023502853,-0.3221594375467324,-0.32613022111789125,-0.3326256640975131,-0.33448061513630034,-0.3320300691487387,-0.33363480563719045,-0.34418576135639606,-0.34576242957239856,-0.34731686615380764,-0.352558481501001,-0.357177562013122,-0.3605898768604233,-0.36585937090837717,-0.3665492107132355,-0.36925636236652537,-0.37313336483347087,-0.37598446275520375,-0.3714389305223913,-0.3735258221894912,-0.37356569956643715,-0.37105213738281567,-0.37607745624678995,-0.37865404413201564,-0.367759021276467,-0.37127003642306283,-0.37900447841088647,-0.3732443158721588,-0.3698224576928719,-0.38046738051483736,-0.3759857277081545,-0.37956245474813677,-0.381563239755777,-0.3785768401301304,-0.3757400953709465,-0.370344005988274,-0.3656655218555548,-0.36275859597171856,-0.34385534823943326,-0.33596870707268783,-0.33973704823221673
-0.3094528473920028,-0.314897301737704,-0.3220335680674636,-0.33434750532126944,-0.33668134110442705,-0.34516666086505027,-0.3562284700787031,-0.36209766840554275,-0.3654947351100064,-0.3776214528028432,-0.38669996641127713,-0.3891423565014508,-0.4008554865219732,-0.4058047102818143,-0.40738046165665304,-0.4128500702918867,-0.4195929276772849,-0.4257676094578851,-0.43228423714388914,-0.44284660121502273,-0.44481777932219413,-0.44948917378249903,-0.4605978831127987,-0.4647140319062941,-0.4646347113172699,-0.4699410028717604,-0.47123407799171835,-0.4753658018672314,-0.48012601372300934,-0.4840202302811878,-0.47961015714236777,-0.49120938700577804,-0.4907640898497099,-0.4892186514806024,-0.4864225541030241,-0.49620940660781987,-0.48723162570091066,-0.4841321984950695,-0.4921438987386714,-0.4768175505691333,-0.4788201173847602,-0.4876755751153445,-0.48175781990311867,-0.4722837722906277,-0.4749927591391081,-0.46943597699085887,-0.4635509102909889,-0.4563775189721652,-0.45539825359657576,-0.4508091080715359
-0.30656692542672187,-0.3166539001756419,-0.32338175658556556,-0.3425875326718713,-0.3530581842494554,-0.3640288068750329,-0.3772684434826192,-0.38947951757423027,-0.3988654118883216,-0.41909977050598096,-0.4311189969066977,-0.44010527419568946,-0.45552728721742425,-0.4626201185785449,-0.4728937224046023,-0.4788133530339797,-0.5004295314093363,-0.5001396984422227,-0.5152416898265587,-0.5420270071010651,-0.5453057497767166,-0.5520305830030591,-0.567656932892163,-0.5781452046960227,-0.5753213767922283,-0.5853550258916483,-0.5855788533896393,-0.5878782106926396,-0.5952924830585411,-0.5984252177296243,-0.5989454524731894,-0.6101545180642901,-0.6070070174815885,-0.6120844782619124,-0.6134717968445338,-0.6210528651012671,-0.6163619568467825,-0.6084463096726527,-0.6299994946338827,-0.6099172485202508,-0.6124980055093031,-0.6244472830552064,-0.6230109567990856,-0.6220196238382676,-0.6289104812668445,-0.62774298334613,-0.6196583639086477,-0.6076925614945536,-0.5973672845122207,-0.590323411600794
-0.2186887045410083,-0.24654983548362086,-0.27597497652817654,-0.30678612961792995,-0.32031861495663105,-0.33074480260937544,-0.3501820825555892,-0.36285218127557717,-0.3809478645962211,-0.40724623914032304,-0.4226730311284971,-0.44149969005586176,-0.4758224890116588,-0.489665185660353,-0.5062868932350497,-0.5215480329344063,-0.5601811752724607,-0.5767453114860314,-0.5938465601573525,-0.6214288776557778,-0.6288275863863773,-0.6405295003827085,-0.6662524726964673,-0.6757551556200807,-0.6851503791866694,-0.7093140061010139,-0.7080945347022655,-0.7005823434947651,-0.7319313126941093,-0.7464190046532335,-0.7632656000484972,-0.7942855448278376,-0.7921286698217943,-0.7947904303239646,-0.7980062378957232,-0.8074663528227471,-0.8010318505035345,-0.8066803961738974,-0.8224201268920291,-0.8132805291002089,-0.8030212946091957,-0.8301795168480359,-0.8193784411508502,-0.8089621444717854,-0.8214737718129835,-0.8083257600161032,-0.7955201074018238,-0.7970893335733762,-0.7919404322872011,-0.7709753811612818
0,0,0,0,0,-0.2799317898735621,-0.3134975036212462,-0.33155899452991666,-0.35458460490249427,-0.38045244743891654,-0.3984457121079107,-0.4232589817491207,-0.4589504984870015,-0.4826132479649511,-0.5125689501618625,-0.5327758204029067,-0.5800146580883629,-0.613600394158587,-0.6440728312206104,-0.7074491804724495,-0.7274917981015829,-0.7750130045443709,-0.8155818799166167,-0.8354223463228329,-0.8545078050870738,-0.887009057663592,-0.904283872262754,-0.9104010148721685,-0.9362076723550223,-0.9496249530800331,-0.946079764756176,-0.9742805268038605,-0.9795663716024339,-0.9853852187364216,-0.9948934224285338,-1.0206332963001614,-1.0152006650594971,-1.0120927142659968,-1.0262551040746357,-1.0239178208402362,-1.0326921626835577,-1.04837912847765,-1.0401874639097861,-1.039561635477681,-1.0481577906947204,-1.051320997214193,-1.0295702847929769,-1.0382037592818532,-1.0334745385136868,-0.9959167594590286
0,0,0,0,0,0,0,-0.271047292111464,-0.2839391922728946,-0.3065561050073808,-0.32781282099338166,-0.37638256983163293,-0.4431513877612877,-0.4832234013628764,-0.529048672532023,-0.5604228171588657,-0.6082184601314737,-0.6473240807078082,-0.6850358058680358,-0.7392270605909466,-0.776716874486667,-0.8085609537696147,-0.876903463897866,-0.9085783118120254,-0.9425286961080697,-0.9912060706919182,-1.0111832798332063,-1.0326293034588814,-1.0942556004213508,-1.1081932240576537,-1.1288923060940999,-1.1656467219570903,-1.1830192105698552,-1.189286468370883,-1.207051968093324,-1.2428737159829397,-1.246094702826227,-1.2514446215903006,-1.2664489765958304,-1.2705116099037543,-1.2750841477776136,-1.2961875282083521,-1.305378994784865,-1.2901334060659173,-1.3046029599265876,-1.3217349594351322,-1.2964929108500458,-1.3017702353058107,-1.3095060962242928,-1.2700091114399799
0,0,0,0,0,0,0,0,0,0,0,-0.23200184028714504,-0.2496733113721986,-0.35529494249783533,-0.45277042948397034,-0.5103631052853597,-0.5840710855253125,-0.6501459119198368,-0.6932524952843628,-0.7642856746230591,-0.8154514796206805,-0.8569145184126619,-0.9402170528355612,-0.9847405812254105,-1.0384174323562256,-1.130119510032456,-1.180435485877068,-1.2074807807127002,-1.261749556650246,-1.2840833040640056,-1.3031558500268814,-1.3711900720951258,-1.3851802556179293,-1.4042582518040083,-1.4209074554452574,-1.4772808274514275,-1.4852752687470556,-1.5006776796004577,-1.5646582621837195,-1.5807924714369472,-1.6094328319441797,-1.6850303831690747,-1.7371707885690915,-1.7070318910618885,-1.7640143207890022,-1.7630152753462713,-1.7565452039792502,-1.7668774261334033,-1.7664906402083684,-1.7539889893948744
0,0,0,0,0,0,0,0,0,0,0,0,0,-0.23953606258183616,-0.40993723634737783,-0.472137386563113,-0.6068295806677968,-0.7095899758740439,-0.7760094623899517,-0.8849187029407322,-0.9507930472538413,-0.9885632528507216,-1.0720750688101122,-1.1175441865821063,-1.188482838481049,-1.3089738437817895,-1.3490776267938667,-1.3833032695124188,-1.4603168479337414,-1.486789377209868,-1.526552946131091,-1.6490747335832618,-1.7349790134037326,-1.7752293728586832,-1.8330003259136838,-1.9110843598476994,-1.9142778948747978,-1.9435244334269315,-1.9934722174008597,-1.9870315821617182,-2.0175751649861575,-2.0598284084772356,-2.076494884553054,-2.074234054148814,-2.1217649579039914,-2.111604297846396,-2.143232390851021,-2.1500584380800127,-2.1288646329239214,-2.1016876411616034
0,0,0,0,0.07751899947395521,0,0,0,-0.1560799337259015,0,0,0,0,0,0,0,0,0,0,-0.7959413265136991,-0.924005468727946,-1.0900750141202742,-1.3327751033350994,-1.511545541438098,-1.60625933432622,-1.7940876241693837,-1.8646076738994746,-1.8892033505748203,-2.0210536690322294,-2.0765603782889115,-2.11487384879888,-2.1972864504971503,-2.2210308588179513,-2.2227752030672776,-2.2380568104296783,-2.305184672864107,-2.3117420109530813,-2.3276229709131684,-2.409702545615654,-2.514800631197907,-2.532162262454893,-2.6217919906507365,-2.6508512266918003,-2.656447664377596,-2.7089651780161876,-2.6978793793125817,-2.7145083667510526,-2.8048240271144294,-2.7924566084161824,-2.7441473237857528
0,0,0,0,0,0,0,0,0,0,0,0,0,0,0,1.4549436580656985e+38,-0.05237640744616194,-0.38235178408903175,-0.4199364724691523,-0.35167944449418204,-0.3602060223724113,-0.5331789611878249,-1.047804077760115,-1.4335602011733195,-1.8327867754471538,-2.103276876172801,-2.2028096025918553,-2.2708226032753758,-2.4002874524747417,-2.4543443663306594,-2.585657478055014,-2.7353802804115572,-2.804382152658655,-2.8969594065652964,-2.9259598050798825,-2.990735223854836,-3.0284948683001915,-3.1221075371361104,-3.1614203852204574,-3.1561436017939015,-3.260216112522395,-3.4313153307664765,-3.4571994723312667,-3.461810144903224,-3.5430040449597815,-3.5815804454789886,-3.5338547610483944,-3.5760341315646818,-3.575962635467847,-3.5558471870218606
0,0,0,0,0,0,0,0,0,0,0,0,0,0,0,0,0,0,0,0,-0.5037747906332508,-0.7246073291605154,-1.1639263105004416,-1.461142891393427,-1.692974295191351,-2.16869237932946,-2.4685138227946233,-2.8617342530592618,-3.049380150990394,-3.2507286792267434,-3.3222584696431596,-3.4125455840880807,-3.495495972750154,-3.5280499187454977,-3.6017669785385897,-3.841291168040634,-3.853281153907951,-3.9228354185302705,-4.011438968783806,-4.035928858231933,-4.101235884050912,-4.212279706149429,-4.267724862146716,-4.273741912571609,-4.345378437024701,-4.372681690438345,-4.393714994916085,-4.560162269564347,-4.5462013311532985,-4.534292989684244
0,0,0,0,0,0,0,0,0,0,-0.4350663730109598,-0.4605617205342816,-0.452230777620893,-0.47442916959192116,-0.5471394191140788,-0.5483200406584721,-0.558256111248452,-0.6166911581694886,-0.7035040675846993,-0.8455503598248199,-1.1046528165796305,-1.2237055730162667,-1.292917503279116,0.2243871661600199,-1.467187960064879,-3.133835181446815,-3.0962848635555424,-3.0991987494620634,-3.448669371685028,-3.514111442785325,-3.6052393490372894,-3.9923963198341457,-4.166228824738142,-4.254457165535998,-4.360930406798651,-4.526753921919058,-4.608047206697302,-4.823567644458612,-5.107005562376888,-5.158462069661194,-5.235891635124368,-5.402869174717966,-5.486147255808611,-5.563163954902566,-5.623735268507955,-5.580004814639224,-5.611344107930126,-5.804279415853284,-5.796193879987391,-5.797971947723269
