jsons/1312588800.json
{"header": {"parameterUnit": "m", "parameterNumber": 3, "dx": 0.1, "dy": 0.5, "parameterNumberName": "Northward wave", "la1": 40.97354507446295, "la2": 16.46031188964855, "parameterCategory": 2, "lo2": 133.9931640625001, "nx": 191, "ny": 50, "refTime": "2011-08-05 8:00:00", "lo1": 114.97908020019554}, "data":
[rows 22 to 43 of 50, columns 100 to 149 of 191]
-4.498383930413899,-4.55406768982114,-4.515271427791656,-4.5919951616526165,-4.651068831557076,-4.672723702386848,-4.665545855519739,-4.701099683188239,-4.682321873786585,-4.641561597555858,-4.620202008487604,-4.623121374712417,-4.5269013943268135,-4.478444626327945,-4.425531872514629,-4.244772878606935,-4.2387573548089605,-4.186624610684492,-4.0142416297449595,-3.9284664996231804,-3.8871073733515242,-3.6975691701051985,-3.562033229853154,-3.4616370151546874,-3.277620641905673,-3.1379782045355316,-3.0981934787756664,-2.9853823949174916,-2.7989238037421424,-2.706918329232538,-2.5332049712407523,-2.360634365106665,-2.2229567487098247,-2.0709406685042073,-1.8738012617290125,-1.790869227141317,-1.6848839636022623,-1.5328562708884366,-1.4157157339806594,-1.320481720057963,-1.1659658253415157,-1.1240112785816259,-1.0404772855039999,-1.0289092180685182,-1.0371675555670543,-0.9951661259589583,-1.0276128423124409,-1.0084687113016366,-0.9513239794883128,-0.8639473111909756
-5.776546089636612,-5.907728289718605,-5.87729760009992,-5.926674721614105,-5.9815356924440435,-5.960871138265282,-5.998807435532053,-6.036149091683169,-6.007798875445445,-5.977739472186922,-6.027777133500828,-5.929808393996126,-5.884539402039419,-5.788353898810492,-5.781653164745246,-5.578261863721671,-5.4981847875561645,-5.3178896593662595,-5.116971209212902,-5.108057662909751,-4.916481247400388,-4.72943429626945,-4.617366535476568,-4.51152422943916,-4.266174629133165,-4.075571234379447,-3.9143514201421583,-3.7884378210968466,-3.587353842987942,-3.416456636196432,-3.2884684908164328,-3.0281529869157913,-2.836029022842369,-2.77877744413371,-2.478910847164537,-2.2451009811446005,-2.1777982384660595,-1.9289294170110904,-1.7693099824686767,-1.6789777317215708,-1.5043943645653306,-1.4500036470746844,-1.392409653082497,-1.4574774992967363,-1.5878517716509988,-1.5484647842920818,-1.5581928372161409,-1.446257341556193,-1.4118170101201672,-1.216203498850165
-6.897085083176311,-7.118755613222816,-7.1694736943135675,-7.264135233653996,-7.345521717488262,-7.383799405030702,-7.362134589403896,-7.4862932678314085,-7.358264925553056,-7.406199428046001,-7.296399837034394,-7.316940615902276,-7.171017332036016,-7.157493606768878,-7.045652016895091,-6.855718602186874,-6.586162301197235,-6.492682063767181,-6.349706747394405,-6.130176603452732,-5.9692957781421825,-5.660917407744854,-5.533256252583406,-5.4047668603073635,-5.205446517584566,-4.977936614946337,-4.815078697086566,-4.565759111823423,-4.313148046317227,-4.095779396501601,-3.91280912518021,-3.6338558124320612,-3.4028636792846503,-3.2312971940174093,-2.9347973088831254,-2.7107332784860065,-2.5866149116272212,-2.2303064936027797,-2.1158124920624517,-1.8818058819779615,-1.7540307632380383,-1.8657937119886843,-1.8472758797403341,-2.255017193020603,-2.495654674036442,-2.3459401382979204,-2.283114952261299,-1.9737024522565214,-1.7360342481288806,-1.3777969723438772
-8.144823563398667,-8.613548458476028,-8.678485426137566,-8.878260286350544,-9.089473866468953,-9.224325585186296,-9.18961696052328,-9.418873720915867,-9.293152201070956,-9.383780646084752,-9.386937119513957,-9.280832226650071,-9.131123916270798,-8.982592489831017,-8.841193641335009,-8.511358606582961,-8.199943775087148,-8.035761780778733,-7.7091776148307325,-7.512609033432218,-7.274385817775827,-6.869689971277866,-6.742190890662396,-6.385581373162339,-6.061588595280078,-5.884155069288444,-5.587059868914032,-5.331455830953498,-5.015630541845929,-4.7717133434641115,-4.579478630633346,-4.188452757582465,-3.903822262219335,-3.668354174776377,-3.261684179297491,-3.071835007973461,-2.79242040209001,-2.416033843080087,-2.1950113674508533,-1.8944967591294304,-1.3756683186295433,-1.834390686811373,-2.6588674122759866,-2.790458168147892,-1.6276893454172272,-0.38558838072289775,-1.879521188580313,-1.2041870814423088,-1.2455646801425788,-0.6589915250207905
-8.838292359553279,-9.410533547239934,-9.561181442500134,-9.739316624162788,-10.142727731923745,-10.339648545740863,-10.506255379270598,-10.801654862721952,-10.861386835007192,-10.961464027640204,-11.116576811783288,-11.108237058435012,-10.790239076804605,-10.737214554975285,-10.457943327254736,-10.029646577474216,-9.674970867777724,-9.46615896337144,-8.895414096501435,-8.611224333680731,-8.108434019254368,-7.750188435959692,-7.411108307653668,-7.0604465005581964,-6.631520545397902,-6.415981498907767,-6.090510572227403,-5.830429224281538,-5.48958868296545,-5.196538077840371,-4.985038680356467,-4.555339074217017,-4.1740969725071455,-3.8905141112160204,-3.3773572965200795,-2.936062712438266,-2.570308980266912,-1.9434240225791803,-2.1958378683499724,-2.338956039510823,-2.9579126388877133,-2.610658105285339,-1.8309054259676196,-1.5064162417056073,-1.322307692387012,-1.0781198514146058,-0.9671483787313422,-0.704544731881331,-0.5602313594230315,-0.41537324294565
-7.689164772072801,-8.194275678602914,-8.618912422107025,-8.941831223079536,-9.488755701421224,-10.018304510018302,-10.375441052668831,-10.667245041944167,-11.091847849289053,-11.28666225659163,-11.52436966946818,-11.459291579760704,-11.204288198047886,-11.066805140369041,-10.941771442583843,-10.266648803931455,-9.896379625178605,-9.376774437956104,-8.670767126390684,-8.145520841249509,-7.678341915747285,-6.9277999020414684,-6.474964866704254,-6.043687977354071,-5.596618324320335,-5.535782975708156,-5.364721260851173,-5.251386290911554,-5.247992495693515,-5.000964380671504,-4.722795716040987,-4.436044035134527,-4.185348351441289,-3.894695457311124,-3.24408232885595,-2.9295162112115967,-2.6621184273325227,-2.3351746080131526,-2.117373482355013,-1.939913825575406,-1.5904685149821542,-1.4348448273620027,-1.260746232034084,-0.9865609954024671,-0.8385843401107254,-0.7038347832063535,-0.6029636566677796,-0.3782854715726648,-0.2526025159835859,-0.13610372204207005
-5.267746428989157,-5.232186525972054,-5.757077841461141,-5.84430451429319,-6.006614854963222,-6.633191497852001,-7.0979545501065076,-6.992530141629412,-7.635686780254637,-8.009504907082153,-8.108425423223192,-8.22614509804372,-8.487862616351944,-8.458356443078673,-8.626632776115617,-8.24188165380787,-8.026049035367116,-7.668568292100736,-6.771701423472376,-6.173558147105671,-5.609458926308389,-4.381512383083285,-3.820711366045699,-3.2482431893573427,-2.35922232179923,-1.9644203690903403,-1.548506736075292,-1.266637406936349,-1.0518389406362647,-1.2402897709387406,-1.9365839778595357,-3.441879526845862,-4.179323774862951,-4.325452516008669,-2.5330913388220635,-2.0525148588227986,-1.7361548849899877,-1.1657225452488638,-0.9368712211095473,-0.7736781771421422,-0.577557112962658,-0.4779576293505293,-0.36502567960972143,-0.30139767869800704,-0.18135354159443823,-0.09848688944610283,-0.057070058944751555,0.18629575069734902,0.22112916554834056,0.33823280371500175
-0.49927033404265075,-0.2870673044689751,0.3438121496895556,0.5643865280708268,0.701097878504938,1.1485250741274737,1.1647026304519477,1.0296615716184625,1.1645810127105338,0.8567082523485101,0.6097575401245298,0.3498930083616306,-1.8049860225205654,-5.055985124362933,-6.2675089700381506,-1.5213747931405086,-0.42588679737636664,-1.4830414655982576,-1.6758591656321502,-1.66803729056938,-1.6073764825566004,-1.5137943135865972,-1.0712287112206946,-0.7037768602929515,0.1860730683508114,0.8903118008076886,1.6189680786622165,1.6832811303416342,-6.305245476474697,-3.40148843507005,-2.7088883161747357,-0.6776808177234037,-0.2860121578851373,-0.05214346787405369,0.2163477274563173,0.25394383952018124,0.5050739115646677,0.5510367787029358,0.5912661558477592,0.6175189610479453,0.7144500741291724,0.7588972356071401,0.761178433690538,0.8509135020934139,0.9723759632320139,0.9321434643585841,0.9485560076293388,0.9839680547254936,1.0191021641706322,1.1000428370284177
2.686937462032338,2.980299735936543,3.690833117774571,4.231355858723131,4.527212070889341,5.205723870858571,5.441067387602298,5.762676445303716,6.625178781711609,6.794450850730267,6.897141253111441,7.148544652404421,6.113654152534585,7.372612933134207,-7.2975869612001745,6.211545077942933,6.654849398053511,6.120724240685555,5.0722237991526535,4.696753400947308,4.418148373584571,3.5103294888322023,3.159478635115917,2.8777525375670345,2.371428715608725,2.1508285915147156,2.318222358777811,2.264181537066711,2.2721661150624155,2.265628548998456,2.274493620601611,2.2294680817584362,2.241664157253968,2.26612409289382,2.261930824392648,2.189679292937611,2.047439413603241,2.1116841545673815,2.000152400845916,1.9486236434628283,1.9309708015300624,1.9422704935407726,1.8789414027513254,1.8143175314723439,1.7669875572168907,1.736191653151056,1.7605087058820048,1.7074679421680403,1.7424096699444775,1.743572392462249
4.232047863784486,4.510366567687419,5.215647983363815,5.7152837817316975,5.935664874219567,6.801078426410997,7.013944659059241,7.355403146344801,7.94582469412182,7.960454732527311,8.109621209380128,8.134341724388987,7.832655092600622,-6.007465395792887,3.238415058179562,8.0298341408019,8.050011750941897,7.964201439449168,7.735657185901416,7.558682685355076,7.366671696625442,7.014532539205294,6.7835626167932395,6.489804937705608,6.1382031116499025,5.831080416534529,5.620919847479351,5.411481367032176,5.08056248386463,4.904132436339969,4.702621267319318,4.3908646195401975,4.225995189530839,3.955184416730586,3.9264359692112514,3.689328576057308,3.597374464781998,3.4058029743296103,3.326464497863442,3.236736195869209,3.0362042653528896,3.025998279597617,2.872310431543971,2.7817405797762924,2.803882203541276,2.662718852247599,2.641596199558333,2.6493344391771063,2.528306411214113,2.466405218250453
4.249369644432067,4.680473252884299,5.458637974497289,4.846834770226202,3.7435004221632044,5.434197944431525,5.933024387004746,6.463188524152544,7.075430697255476,7.268564489621346,7.483811502331307,7.555616718199978,7.544840902154594,7.299900366470175,4.0461980301726825,-7.8003707741789805,3.610510481826379,6.427060215294951,7.607320488507866,7.537092993205764,7.434822467841234,7.257579980697795,7.188606569807961,7.061977092153111,6.854078402808005,6.7223824418157285,6.550346779501157,6.380896307053474,6.0758968792195915,5.900858170849094,5.70097525372417,5.454970158614342,5.171615805096261,5.066766463033047,4.896368498920457,4.635560330009459,4.433921174301342,4.344720342278791,4.174626678332279,4.031299730672978,3.883527003250527,3.713634306659834,3.662456437489188,3.586595307769761,3.493829549184407,3.44431819120513,3.418833425865611,3.3060068265084617,3.2543684504504586,3.2602787073784314
4.121641354287736,4.382245033394445,5.067593232132502,5.311718638671431,5.4449847199832195,5.597037115209705,5.731514116602343,5.922808401108713,6.307623738687483,6.388514009089223,6.51845727912419,6.600607537801526,6.787349016067836,6.889099406341922,6.922508972816967,6.217366076138976,4.775624447825135,-5.680521218815014,4.671980696483617,6.644617986018284,6.819871113405505,6.683166258597905,6.604449714392634,6.534585825851857,6.389559020952313,6.341560123538136,6.202846545254269,6.099625656760173,5.94046836983043,5.740637396440206,5.668495149657717,5.425918413132785,5.305725663712782,5.189390129039689,4.970039744011606,4.869455010906235,4.722575053377468,4.5968709332563975,4.5246700547891034,4.348979922283357,4.27393875245013,4.18918942524427,4.032699563328519,3.968948848686033,3.926812157224099,3.8320841555745715,3.8075717329540257,3.7468986055404807,3.6597285895874734,3.6124444352888543
3.6755684136775457,3.94279498048758,4.234217571326844,4.383247333897194,4.596565605264086,4.868734376071124,5.096919561709943,5.204854109754886,5.51779923970989,5.656681466337831,5.721241880659653,5.841891459072356,5.989454073511213,6.057664036572869,6.1020225330297615,6.1728596869246,6.21901493568789,6.044160542845924,3.4434175882017364,-1.5290422689758374,-5.99468508263796,3.1984116154828848,4.518616710555203,5.2324782834288115,5.847370795156257,5.9376466134902985,5.848098869981592,5.7490493430192,5.6943723195630636,5.533836183825939,5.454715257434951,5.385580281262109,5.266214888039385,5.211372562472205,5.110078440262831,4.971916881752153,4.904810791663803,4.853526297400536,4.756622769860176,4.587653414521555,4.537141914993459,4.4521890248625455,4.301330600532879,4.284341725818176,4.239682763014345,4.155197693773981,4.113711650763131,4.054749757383685,3.9556944137830192,3.906778869400281
3.158174981919002,3.32406899146625,3.5701460397273697,3.7119588511540895,3.900132972427402,4.114125089093256,4.211440888035339,4.346035727675376,4.584056232383933,4.670837282206742,4.824025647254116,4.874686186700983,5.051717344899953,5.145105430066186,5.168575704081271,5.315913910139006,5.383161388942862,5.398304135483543,5.417551870700847,5.4180393471761406,5.4477641918763995,4.931842904154125,5.40975671518236,3.435029479526585,4.336277080849827,1.054728923434804,-4.2199075566369055,2.113109385748164,4.864127057757826,5.113435814511604,5.168442600604028,5.103850219553533,5.040845865167016,4.966156296739001,4.881176758239354,4.813904312349758,4.766994025149922,4.683077394528946,4.636131377277511,4.557507828761717,4.494942899064164,4.434270659972783,4.376188093307851,4.328552627374885,4.2543145601488614,4.194098590528272,4.158708231339447,4.122056809701382,4.030918147567753,4.023816997884654
2.5221066958555096,2.674111159767219,2.855991456617895,3.016195058778873,3.1297898328757885,3.3679727225535943,3.4943300489887807,3.6543491956852847,3.7808549931091107,3.89320054155402,4.026140583793837,4.061294270231144,4.256882227552082,4.299126112615029,4.403327566066506,4.5913805141807575,4.606038156595416,4.655447219987773,4.729310760869503,4.787090562468369,4.768168696919089,4.854721022391322,4.912009445159811,4.908616340781246,4.599163665615036,4.562865082614797,4.621447728383773,0.4393357196414609,-4.172572709771214,-4.860660982891544,-1.1956459825464338,1.3056466495530887,3.997221533703503,4.63185201781313,4.0618715493409185,4.156752965973514,4.275889622606742,4.383777629661266,4.344436566135283,4.292513824401137,4.175194982282259,4.116831012395795,4.0830905966205835,4.1908018158818585,4.212848950091544,4.198716315404212,4.168967801414052,4.1351899279847375,3.969458702274827,4.042432282872999
1.9924743814569017,2.1274567404046723,2.3315501564355503,2.4596518656142154,2.561696186473836,2.8117208953672166,2.864580092939416,2.9878243295825455,3.1017374837227956,3.2319392130886166,3.3359195036037277,3.4228178255940773,3.583269375898061,3.652827539021792,3.753113841706982,3.828359111773842,3.9434119186390295,3.971055457067103,4.051134287561719,4.146147659949205,4.18750983016326,4.2896385513594515,4.3303798203895205,4.3313136109063946,4.347115111530892,4.363596985424732,4.375381830760173,4.3823423534080685,4.405105585778603,4.372272284367393,4.084532696572866,3.876753100400405,3.5767717659304537,3.9338293936704223,1.6526136767889275,0.10234889521004872,-3.0264722513195546,-3.7978997469283606,-4.061226912134441,0.47215062091782745,2.8942027283925107,-1.8100366671574002,-3.6396382227941206,-3.844191718432567,-1.8365969526973471,0.8407927385138216,-0.5314156293111882,-3.2633020934664723,-1.7128885431224443,1.1785325503191262
1.643233908394907,1.744129982950774,1.96041930107264,2.035018133456184,2.1301387445529065,2.2419893864596414,2.3660702446374065,2.4634034097372113,2.6531852313529565,2.6957970487336023,2.7895515021400947,2.917545198651418,3.003480500906772,3.08129852472403,3.163278152161633,3.260332155307816,3.332667902766049,3.36831525838131,3.4563947211604438,3.5245398812756576,3.625370001085748,3.7266742965322517,3.7723812445996594,3.7572310575561274,3.861716731314338,3.9060697362554593,3.874291645129733,3.87768474402295,3.938673186471526,3.939412709901582,3.919973105809037,3.943394734116424,3.9225562515443047,3.928911934572598,3.942102068626384,3.925326659761109,3.9262952619784004,3.9157408194202064,3.900830095471532,3.870928675324978,3.8709419952176605,3.866090195374373,3.8190679950264377,3.704248155134458,3.756747618287696,3.7506465716112465,3.621145372937159,3.3330342648223237,3.2854723296927677,3.2779495116908284
1.2717340787113196,1.3502785609270802,1.539122233306149,1.6221477363890773,1.699573178058558,1.8604874178100717,1.901657240371891,2.0279163328925014,2.201588016790791,2.2990951476874306,2.3403791734986057,2.399146741994867,2.525466128993469,2.6096814394798384,2.6600061059523963,2.757725858428153,2.8162117446663477,2.8706742531852423,3.0096994561395767,3.051736557988063,3.0898336862766462,3.2359957397091677,3.2515413706714007,3.282472313385271,3.386689327543459,3.430779396328842,3.4033871464444805,3.4261009072635287,3.498986356161831,3.5199540828678795,3.5334551027159544,3.5402596755818396,3.5328578643406563,3.552273753447696,3.5718658806713313,3.548101876137607,3.561743952025951,3.5897994485195173,3.6025173020447627,3.5549605881837945,3.5514790586923137,3.5667516336321623,3.564027538988279,3.575734466332175,3.5655001754743956,3.538855685451365,3.5331852643836124,3.493303069309801,3.429168121758782,3.377064708547479
0.9107686894865675,1.045028313659701,1.2035744208086847,1.2619937022054888,1.2890983298287333,1.475413342847339,1.5591557838587824,1.653100144283038,1.7211972804545865,1.8174911067053738,1.9400540919711833,1.9858885785166231,2.0660297316350555,2.1803955957962,2.2655796115289117,2.3558590837145794,2.4110410914660068,2.4648465865765674,2.535220590876082,2.5734208190803933,2.654458460656913,2.720444276426759,2.7589776119249296,2.802940381168705,2.948871173976681,2.963933020272689,2.971400969116146,3.014566574938089,3.11635423818398,3.126771452840741,3.134977752978739,3.187060681338012,3.177176271811934,3.164487681473253,3.1705698341229227,3.2054814978804282,3.2174522237103234,3.24241064691089,3.2343899148042703,3.200297508648817,3.2665127973528905,3.2814247950225393,3.2751971366652346,3.2345836473592944,3.228078960775137,3.1933672739045202,3.1873190600632526,3.1714375412575806,3.1112766757395693,3.0459511191947612
0.7298223943225614,0.7466358716494357,0.8889609623007897,0.9657074456179797,1.0156071648123404,1.1291382165490838,1.2046084830040595,1.265157924320605,1.3775918180098852,1.4585188656414418,1.4667060712558795,1.5201715117641823,1.6888421555388142,1.7265481088462726,1.7648996403179986,1.904067166861293,1.9716918948053637,2.002137348524039,2.113234795492696,2.2038267297690277,2.2544821840600497,2.295767929112038,2.3852782383854385,2.4296473849245475,2.452330419658299,2.5070740937696185,2.5726664704780156,2.6087213405925227,2.651851414923427,2.67235434614758,2.7277563985126014,2.776906933756245,2.783310847728297,2.7738942647734364,2.8290664628397177,2.80821165213758,2.8092390468961,2.8231121818287637,2.802916781571178,2.7751861492959584,2.7918515490765294,2.8067498300957556,2.8025115724605696,2.7935206245937483,2.7516371498619465,2.6618901262468526,2.5716983677747747,2.595071429315346,0,0
0.5315392483593145,0.5997069654984121,0.6835155051172745,0.7324424720155758,0.8092407314264101,0.8875894935666825,0.9390344249693474,1.025761124603548,1.0847182511083118,1.1291740312870928,1.21393641447251,1.2645950929798615,1.3385150705129079,1.3913191941103034,1.4649408327350066,1.5260391823338244,1.5861192237383719,1.6762479710040183,1.732967623054179,1.7710471453075465,1.8349674017149813,1.9143444085601584,1.9678325732690343,2.004565613303752,2.115163559567877,2.147927952934726,2.1574482859284516,2.2125384010291587,2.2508792014766437,2.2450297945612805,2.281713791636555,2.358115274993814,2.3599788667651653,2.3826829630201956,2.427781944420034,2.4670069327556314,2.501214325162917,2.479996842346387,2.446658582403467,2.3947604475385655,2.3957570760124938,2.3766029245668885,-2.487781079926636e+38,0,0,0,0,0,0,0
0.3741201968882323,0.4289660299824865,0.5366794688539521,0.5775088708939581,0.6079436173438227,0.7090727149827969,0.7336610622877051,0.7620818291522903,0.8565157443591016,0.8892948410417384,0.9545242537945573,1.006799621609831,1.1148108122786862,1.1236310528624567,1.1749954187990275,1.2413274288392029,1.3029750920401104,1.3428957383360496,1.4477065300859444,1.4902666217428615,1.5114669944444876,1.5920515595039944,1.6097066790323107,1.634530184641444,1.7329121875860976,1.7639449631923743,1.7928485949355941,1.8159807044598897,1.8834797015988154,1.8832176010080819,1.886056976892799,1.9118885327260795,1.9351041811587923,1.9461859313882028,1.927992205647371,1.8807687619387186,1.8802756344050862,0.754946389245409,0,0,0,0,0,0,0,0,0,0,0,0
