jsons/1312520400.json
{"header": {"parameterUnit": "m", "parameterNumber": 2, "dx": 0.1, "dy": 0.5, "parameterNumberName": "Eastward wave", "la1": 40.97354507446295, "la2": 16.46031188964855, "parameterCategory": 2, "lo2": 133.9931640625001, "nx": 191, "ny": 50, "refTime": "2011-08-05 8:00:00", "lo1": 114.97908020019554}, "data":
[rows 0 to 21 of 50, columns 50 to 99 of 191]
0,0,0,0,0,0,0,0,0,0,0,0,0,0,0,0,0,0,0,0,0,0,0,0,0,0,0,0,0,0,0,0,0,0,0,0,0,0,0,0,0,0,0,0,0,0,0,0,0,0
0,0,0,0,0,0,0,0.009109859599284032,0.008172092740485519,0.005817676261796015,0.005254868135116027,0.004196930094259755,0.0035010033254821845,0.003194701268687054,0.0029666087418650025,0.0027876004618651866,0.0021742127211306804,0.0020128304778183987,0.0016331558823145759,0.0011169910040511684,0.0008111791837867035,0.0005484346315151876,0.0002675800693642488,0,0,0,0,0,0,0,0,0,0,0,0,0,0,0,0,0,0,0,0,0,0,0,0,0,0,0
0.03078463681534658,0.02873222572626372,0.02620242531692346,0.020663905306257408,0.020112829289134482,0.018497255082653697,0.014151834452658581,0.013494738641338266,0.012162934272905738,0.00828257037123437,0.006721281268719148,0.0048149510285498106,0.0036558014984024766,0.003182010785772774,0.0027337279798847515,0.0022597512282266593,0.0010907955005589076,0.0005157810503409712,0.00015382992794664923,0,0,0,0,0,0,0,0,0,0,0,0,0,0,0,0,0,0,0,0,0,0,0,0,0,0,0,0,0,0,0
0.0363323727705699,0.03821550407775424,0.03794917080812223,0.034554488614564685,0.03396614805338709,0.03209719057878381,0.024458104750598685,0.02152903320989335,0.020788203904629123,0.013993271909719078,0.0110253068925098,0.0073795617083464386,0.00337363668062676,0.002943983733904277,0.0009907646914388073,0.0006281954824337965,0.00042731141392132044,0,0,0,0,0,0,0,0,-3.1427940390227038e+38,0.12737809918214626,0.12875812535528572,0.12806245083676573,0.1274280094088264,0.12735950855446526,0.1251322750364795,0.12517109961997613,0.12476528474982461,0.12322967428830195,0.1222301602916215,0.12157062007576983,0.1225786297340906,0.11822307945802475,0.11500222493852222,0.10798396912172349,0.09801439778863193,0.08927377135020304,0.08542317285648028,0.07442231606500253,0.06612615007793961,0.06113571040750314,0.04767486077820614,0.04532323478853614,0.03786200254690237
0.02607379922237374,0.02917254649843269,0.030785284390636467,0.033503807623204894,0.03751347924821327,0.039319190340569556,0.041971893858436006,0.045436793856364885,0.05041800005707277,0.040091436391809926,0.034058487705423204,0.03227445437820352,0.01761666757097739,0.005489921747401232,0.008886138144930304,0.023452205175662915,0.07366035878938282,0.10424237241175602,0.1003091863633684,-0.13887970314241002,0.1293197640237874,0.1333343479940961,0.13667624702475972,0.13942413791701377,0.14095347823510884,0.14126959207802814,0.1420185421598829,0.14368368609529275,0.14279454301277036,0.14334375440540217,0.14337031174637252,0.14217330046213825,0.13967291593937642,0.13865494239106077,0.13872532311386662,0.13545316042792052,0.13520951170511694,0.1323784810279592,0.128980915884656,0.12646355083805313,0.12482184157503838,0.11834024866041747,0.10978057072117596,0.10446987471636848,0.08807200750897963,0.08264994743269725,0.07278279139481951,0.05159237459070154,0.04355724418956767,0.034913807368559
0.00969013771092986,0.010826346366386625,0.012429939505539759,0.012867403065142616,0.015726942265503845,0.0169017769272353,0.020200033522181488,0.023049719859989052,0.026051962207276493,0.029222870757309227,0.03240365550023944,0.037314510356175806,0.042601309474199336,0.04749732469786126,0.05436054989278577,0.06065284052807026,0.06667982254857466,0.07838743972063647,0.08516114800197641,0.10045625634559671,0.11119112618571553,0.11904303660886473,0.12780518775834487,0.1325420542166403,0.13941478688784506,0.14383858737736385,0.14594918529849776,0.1482470081934959,0.14961973888016464,0.15030969288386628,0.15180117639597646,0.15057541428429258,0.14996819621244437,0.15036287314146332,0.15058638036440986,0.1470434229618862,0.14613059558330146,0.14421330262810883,0.1406222969448399,0.13871846006049546,0.13493768286623037,0.12808209048004662,0.12371985529714842,0.12122855627349106,0.1097157178437832,0.10201804819462146,0.09265647222585023,0.06261852015746137,0.05043360839530807,0.03197804158849335
-0.0018053426196180356,-0.0017864863564170368,-0.0016024080109922074,-0.0014712068473575572,-0.0011588632475686244,1.5213236141087947e-05,-0.001325075551259388,-0.0001738968979966874,0.0012377079487200144,0.0021787169904507867,0.0024219162807337094,0.003934355412557662,0.006334219446196158,0.00899833731687829,0.013210022819520884,0.017206141520869876,0.023062901093673916,0.03283497181037158,0.037854407235815055,0.051712587468716785,0.06452121857221607,0.07751787498920087,0.09334418747830972,0.11023007941063162,0.12184077870312829,0.137764095062207,0.14238985751613592,0.14784502880989975,0.15181863327421558,0.15252257299632097,0.15457232284643582,0.1567452624269681,0.15718755063208303,0.15873866569541528,0.15724952747749274,0.15533365419072379,0.15559135166621407,0.1558725761480287,0.15203604029208617,0.1504959568116856,0.1472496498826936,0.14077072317112746,0.13645309088374982,0.1332804479372196,0.12278748679903095,0.11900466665409196,0.11301893479577392,0.09746811129095406,0.09052954839420935,0.08203431563435948
-0.0008936818912847601,2.887311384510024e+38,0,0,0,0,0,0,0,0,0,0,0,0,0,0,-0.004846458847798627,-0.0062727582248770205,-0.0043586101015209025,2.3937127347922415e+38,0,0,0,-0.00398981817601434,0.0016756306899453346,0.05082965522285922,0.12394584533718715,0.14368063310643164,0.15314731382650787,0.15462465269494835,0.1570119812599024,0.15902963225853795,0.15960958183473606,0.1608909308829983,0.16189728862328873,0.16181014492452367,0.16265455843390522,0.1626469990759069,0.16099008027197856,0.16050409518511866,0.16000488575153243,0.1568236502478232,0.1556906774243988,0.15218655531167646,0.1447068981866738,0.14072940870484998,0.13643115098731,0.12537844626650235,0.11935616057779626,0.11421380658403582
0,0,0,0,0,0,0,0,0,0,0,0,0,0,0,0,0,0,0,0,0,-2.900653337791517e+38,-2.9043523134690346e+38,0,0,0,0.15379319284933743,0.15544224408857998,0.15591612605692431,0.15590732736236115,0.15898308345519904,0.16122276406046368,0.16482761258412462,0.1652805510937097,0.16497783210724018,0.16380363894586153,0.16526666950802418,0.16567376692412478,0.1653429117008535,0.16655801220217598,0.16631504498454033,0.16255139164596127,0.16156715568059654,0.16124163885981743,0.1539622287518151,0.14968238219260127,0.14669433568645832,0.13761266005164582,0.13249416099946656,0.1279823492457414
0,0,0,0,0,0,0,0,-0.202657603857187,0.16939795020334486,0.17078709007785267,0.17744116837968493,0.1888561902144823,0.18817596920834967,0.1923760015842261,0.1890011914268932,0.18634324015550582,0.18352784023833474,0.1821321018410241,0.1763396219393358,0.1737952176717379,0.16995144572302426,0.16637706850456088,0.16567779483636424,0.16501358476341776,0.16458009506409593,0.16410805887677324,0.16349296256813534,0.1641672023225284,0.16546696954732715,0.16483643904267659,0.16696329538302904,0.16784837726717836,0.17029913286290346,0.17060135470668844,0.1715452799208124,0.17200700528899457,0.17098058790229057,0.17111201759102757,0.1717646863097723,0.17188566436579358,0.17212989567926334,0.1724168782123402,0.17098930028957543,0.17002199992276829,0.16666236017892175,0.1610170614211423,0.1517202617844098,0.1432941076622975,0.13318291746553346
0,0,0.16024806754457885,0.17148699953277427,0.17754906465452217,0.18369978126026,0.19446208219914038,0.1988487278119768,0.2014395601637499,0.20378012216909655,0.2057875190671467,0.2064247251847713,0.20686340986300844,0.2067454195914721,0.2067958811339933,0.20643916278645558,0.20529534130010846,0.20277666059821828,0.20192204234584096,0.19340941683976817,0.18890178200247565,0.1861361534603221,0.1811510354083854,0.17922737634640892,0.17392741727094,0.17006614767986658,0.16756989815361872,0.16052361802084078,0.15971089363533417,0.15802272762624017,0.1557534478613975,0.15790345705426634,0.15796697255495026,0.1580131746350554,0.15981846288231516,0.15937022266119028,0.16436368030173787,0.16624867680316135,0.16613514338884794,0.16314327610508247,0.16196029667555975,0.16112790378611005,0.16230197108581806,0.164075263726191,0.1649984569901456,0.16638505647106963,0.16987747043423523,0.16479658130128486,0.15878056623918213,0.14719760833918816
0.12460893141137111,0.13175457578909533,0.13836820008367504,0.1493193310047585,0.15749073895435056,0.16325516215439012,0.1725382745618809,0.1771923172225367,0.18309048608236694,0.19038035067042258,0.1927050645173287,0.19541073619094268,0.20256028766053402,0.2065788112491864,0.2106927563254254,0.21233875133030705,0.21509692583519885,0.2157164156218372,0.21433989527431085,0.21006803225798948,0.21132703395476998,0.20940698894983667,0.2060629308284224,0.20548616269845602,0.20104348614320902,0.19249740619069058,0.1898882238883374,0.18520084044461113,0.17907810215379313,0.1750338673598661,0.17241760064105194,0.17083115834495569,0.17060493536230908,0.1721100757074707,0.17404358651347684,0.1777928650432884,0.18426324197832755,0.186968944956516,0.18780701240323971,0.18529792583397456,0.1849893566910027,0.18443100308206142,0.18522921821708135,0.18739283397828535,0.1887376270775222,0.18908534585437045,0.19281794123852572,0.1983743596995108,0.1967546818227774,0.1977475612753511
0.06060784822402732,0.07270017965632149,0.07924088940680497,0.08824853346287598,0.10175939984869167,0.1061095673677203,0.11406505762484707,0.12244672624729103,0.13849600062350012,0.1503862796701618,0.15885871305548993,0.16648231532136193,0.17633103263198696,0.1842083661420258,0.1974975434596723,0.20659741283267863,0.21678059429290605,0.22982883843389948,0.23291311776937088,0.23370447712231418,0.23566374587970068,0.238902998851139,0.23897168919279355,0.23816032976719806,0.23876000358048213,0.24140849971071804,0.2421461179081173,0.24160941753023082,0.23901145572631263,0.23711274979058328,0.2318931058563309,0.2304974328329592,0.22724143515314493,0.22777508735127697,0.228323106054373,0.22601221464956603,0.2302513950500352,0.2316548865630044,0.23311145230092586,0.2273113954216609,0.22323372087053794,0.22179100594093673,0.22124394411682582,0.22049052451263884,0.22077361004842483,0.21793172614806477,0.21439883342671862,0.21236712735639837,0.21430691313990935,0.21518227566410858
-0.05798900924099164,-0.021280332451021625,0.015905801128620348,0.025713961817577492,0.04689257791928575,0.05291040584061984,0.06393461744945024,0.07264831251580846,0.08615570643447823,0.09905533833171239,0.10882289993256931,0.1262021670501117,0.14442068480861478,0.1534403728725185,0.16700719242797443,0.17597176613745352,0.19356616826584203,0.20952699034946687,0.2235705176037904,0.23553531108748305,0.24649993382188515,0.25539269627146854,0.2613134332659668,0.2657247075946932,0.26896489390480266,0.2705327500208421,0.27644430688828914,0.2708840743857854,0.2759906853234269,0.2773105644264363,0.2766045049002165,0.27484916447300384,0.2717973167851473,0.2665388745123644,0.26306860586300523,0.2538147958942043,0.24406302729871054,0.24017009650823107,0.23328065852183183,0.22264658911510418,0.2170075408520679,0.21408082738951661,0.20817365797866705,0.2039523818926908,0.20099636737301071,0.19862168986390966,0.1944723625726744,0.19076199359722218,0.18651030420015588,0.17790905329826928
0,0,0,0,0,-0.016963826511892356,-0.0017234785131599326,0.020886960101356263,0.05450490498733852,0.0707883743618386,0.08512601380789413,0.10968194015229246,0.13037663152958842,0.14845183290160258,0.17245331198347827,0.1813532662836097,0.19954308956714337,0.213784633145151,0.22184845214161664,0.2351543539350774,0.24249378690160805,0.2438699346727534,0.2476498764722095,0.25200129981409647,0.26230714720210263,0.2655885645918352,0.268369154081982,0.27011184626415935,0.27321540634797153,0.2740003653752413,0.2756589739054305,0.27498021716688587,0.2739219776895002,0.26558853513360836,0.2593221380155208,0.25347630833604795,0.24336766449704128,0.2354564904922737,0.22844229112927558,0.21342076527083506,0.20815287514597244,0.20277703435468925,0.1989975019705203,0.19543060716523034,0.19088157429986927,0.1881811475695851,0.18567072426618775,0.18506278139963941,0.18504379938302773,0.17792443822300016
0,0,0,0,0,0,0,-0.08250201779566892,-0.07163741708688479,-0.06472267866568024,-0.04376510759420187,0.012767116386530886,0.0458868899752634,0.07497653356349833,0.11465872377362792,0.12810235196879277,0.14525427944282637,0.16134243084214012,0.1707350605540822,0.18397816912233042,0.18944251178140517,0.20021940392894463,0.21288709968525318,0.21884988083261783,0.2313852369862081,0.2299520021666098,0.2288663757485812,0.22596366362616166,0.22540607291329057,0.22255397691928416,0.21792384176153734,0.22138323056491185,0.22047388248715274,0.22235594046474552,0.22336397646462586,0.22129090330856066,0.20606377977375578,0.1993635010877627,0.18698585504876344,0.1787277578087347,0.17070181378570315,0.163739822630503,0.1596201472670574,0.14843547393570253,0.1461388682314677,0.14578466837763723,0.1488642269155989,0.1521090142319005,0.16252565369717914,0.18703973032323998
0,0,0,0,0,0,0,0,0,0,0,-0.10811817542453371,-0.10456846728243593,-0.06852605970079557,0.024671533897840967,0.045893685542645404,0.06790771738592521,0.10073027772483917,0.10911363764141802,0.1196631316422741,0.13295861479240195,0.1424084580167718,0.15204251262428486,0.1565226922647665,0.16112059830614078,0.16684736424085206,0.16452126062916078,0.16856344433771872,0.16395169894594078,0.15624645888106625,0.14566748182174274,0.13719637805302912,0.13541771653766055,0.12921859803209237,0.12198095951743328,0.12705770271408454,0.1393435455535994,0.13669373186826123,0.1411039148002963,0.14790465988139476,0.15110430990579282,0.15186980651332477,0.14898662217434253,0.14204232559429078,0.13934567527092792,0.14765519924820056,0.16177313099280433,0.17521498627449772,0.18847720269356477,0.2159570028064443
0,0,0,0,0,0,0,0,0,0,0,0,0,-0.13134857879353487,-0.10781634118014113,-0.1311110758494841,-0.08166966537590942,-0.007431327629415495,0.011143390970335818,0.03876687242079742,0.07223924706649876,0.07722896856044885,0.079957679876446,0.08030833318891732,0.08232236311934882,0.09472557237808558,0.08831256156583406,0.08194311549564005,0.07258462072967635,0.06347540103523136,0.05361938397095599,0.05157830050696953,0.04632200440134169,0.05072605076002218,0.05853733867195065,0.06388472412511738,0.06417801953659878,0.06837271103865437,0.08630020901180531,0.10994667564579501,0.12914042343855736,0.15451014163265447,0.161416887588264,0.18755332614947154,0.19535931816368937,0.2019979256591813,0.19682543555831655,0.1944958777841482,0.19857973959598668,0.2248268203550896
0,0,0,0,-0.11092556372409336,0,0,0,-0.10730384995842102,0,0,0,0,0,0,0,0,0,0,-0.1376958049482675,-0.07663256281706392,-0.046092312643819716,-0.030616290716217482,-0.006373362869135429,0.009254262137246764,0.01803684255062351,0.0283714733786842,0.02650059321513161,0.026022938281860943,0.022142037462961173,0.015805850376784517,0.00011504143733794419,-0.013399443077693977,-0.024425056682272003,-0.025085248915835204,-0.015470277067222727,-0.001448348672188305,0.018930602873409783,0.03575403012286459,0.066594115660366,0.08126731934782631,0.09655964419882394,0.11158155595977395,0.16311501766931477,0.19142002045434167,0.20861266703337975,0.2370018033830648,0.25237743925675055,0.27571185832903106,0.30164932994557947
0,0,0,0,0,0,0,0,0,0,0,0,0,0,0,2.879434952467626e+38,-0.10113905787325474,-0.09860089756506893,0.03381293728282549,-0.04639786706130078,-0.12926247914306097,-0.15727717606683003,-0.18138180287396913,-0.12984979343341102,-0.029773302209342208,0.0007131026893353882,0.015562050824494578,0.018196624308710926,0.016051769643146065,0.027835106170713397,0.01672276803519001,0.008795504861689039,-0.0005788114573840151,-0.016442483173985372,-0.023291135195934023,-0.029731673896925118,-0.030054802297388352,-0.027138315802718926,-0.021351844297124188,0.007580386469441387,0.02121208386568704,0.030199358199349473,0.04894045151835191,0.07162313006705989,0.08561102736393542,0.1009752626983469,0.11613086349579795,0.14613785926951392,0.1688463552162497,0.19185877468799384
0,0,0,0,0,0,0,0,0,0,0,0,0,0,0,0,0,0,0,0,-0.15014064847775194,-0.18149788647863807,-0.22040270229853995,-0.1913324048474938,-0.15969787771498503,-0.15478819005154137,-0.12225565860101875,-0.08281808001889528,-0.12055786561068382,-0.09009789081127739,-0.021371528587249305,-0.015602444370724682,-0.011797675721168528,0.00602703505264656,0.010053370813807196,0.0034344818168679,-0.03181765429696803,-0.04793070359435464,-0.06549672576378052,-0.08665707832192154,-0.09557343634235597,-0.10149936874856394,-0.10946558492483202,-0.11146686952792113,-0.12183083258155648,-0.12571185672966553,-0.09795832206760058,-0.07995201263172468,-0.019541117911531444,0.02034298103839514
0,0,0,0,0,0,0,0,0,0,-0.19723782815500518,-0.21281788366917095,-0.22914499195046836,-0.23966469516811495,-0.24750192064488036,-0.25795498176930604,-0.2786160737492506,-0.28005246480592666,-0.28812649571445875,-0.29971916142640964,-0.26485239445823605,-0.2751749928797548,-0.3306452366799438,-0.2953373889001274,-0.11350657564540331,-0.12866531546512278,-0.15560290162332288,-0.1893589932583839,-0.17120046618184923,-0.14783475582259786,-0.14077814616630216,-0.11016224842609487,-0.06613213540874097,-0.07983834864793748,-0.06985453203312604,-0.0719811829761511,-0.060707424426283865,-0.06697333443641053,-0.08256420798138127,-0.08613605880488914,-0.08661655427438877,-0.09475012193124943,-0.1094672159425268,-0.13335217769180274,-0.1407573396443673,-0.15046101959314082,-0.16091620211927898,-0.16983392788848573,-0.17090634399890467,-0.15627634038176205
