jsons/1312560000.json
{"header": {"parameterUnit": "m", "parameterNumber": 2, "dx": 0.1, "dy": 0.5, "parameterNumberName": "Eastward wave", "la1": 40.97354507446295, "la2": 16.46031188964855, "parameterCategory": 2, "lo2": 133.9931640625001, "nx": 191, "ny": 50, "refTime": "2011-08-05 8:00:00", "lo1": 114.97908020019554}, "data":
[rows 22 to 43 of 50, columns 50 to 99 of 191]
0,0,0,0,0,0,0,0,0,0,0,0,0,0,0,0,0,0,-0.5245220497669201,-0.3046170300312047,-0.4024435409816657,-0.17865598296253424,-0.13748456676787668,-0.46245505574768797,-0.42965441413629746,-0.5507090010704198,-0.5402316066964967,-0.4587755704794287,-0.5232000769004564,-0.5425261605284969,-0.478936722097239,-0.46622925876746535,-0.4539315871567415,-0.4340930004502564,-0.43313375571621276,-0.4457741214642944,-0.4490712359187928,-0.4127566370831192,-0.37091182608624973,-0.19630227989524646,-0.16783016980371093,-0.1229157409942487,-0.09707847690686242,-0.009989651890586964,0.036175875314466796,0.07699627283695713,0.1595521647161696,0.20461090032786305,0.22825042745345359,0.295320528749763
0,0,0,0,0,0,0,0,0,0,0,0,0,0,0,-0.3094197553201837,0,0,0,0,-0.39137305541218514,-0.5345729563750818,-0.6432669617484224,-0.6424922219962319,-0.6755083119196169,-0.7108049354366958,-0.710061312322697,-0.7499288804409286,-0.7659071137006407,-0.7804774785388284,-0.7863171321861511,-0.8018815177140652,-0.8018213002355288,-0.7556830930028575,-0.6928016321648306,-0.608660745954504,-0.49977980911897346,-0.4812097090007841,-0.4582685227526602,-0.4411298561960624,-0.4185097469491577,-0.37886930875167596,-0.3768229780589843,-0.26187627802518887,-0.23365155791666678,-0.1979094820693454,-0.09795319192226684,-0.05575582201659735,-0.028773730293148336,0.08196196665330391
0,0,0,0,0,0,0,0,0,0,0,0,0,0,0,0,0,0,-0.5333704592101347,-0.6527367504562073,-0.6196280993163471,-0.6744177005005163,-0.7676065660313994,-0.7875760941043163,-0.8370995881773039,-0.9123221753572184,-0.93696196121083,-0.9630717899487403,-0.9995365861876676,-0.9958130704291491,-0.9253576613338118,-0.9146076114860936,-0.9164406047488062,-0.9002101985885396,-0.9037274420802094,-0.8958408540054017,-0.9117302086415423,-0.9129224052086492,-0.9824765362345705,-1.0155921028751491,-1.0131647705605022,-1.0502620443736144,-0.929986474435857,-0.776717804189519,-0.7455379034771031,-0.6635860865994334,-0.5686531181119954,-0.5019856354409616,-0.4657091112179356,-0.33327546097009897
0,0,0,0,0,0,0,0,0,0,0,0,0,0,0,3.3038944722661223e+38,-0.5975061211553823,-0.5192604857344736,-0.6728649599822265,-0.8862862063241372,-0.9343739526061692,-0.9797152196229673,-1.0674134259596029,-1.1337574502174124,-1.196357640393736,-1.204889012806038,-1.233284114558771,-1.1673633701549178,-1.2283057268922386,-1.2385334812880708,-1.2849140686984657,-1.3388960115062332,-1.377006472534091,-1.3243507760204458,-1.3670332161154244,-1.3970756163659153,-1.3721768286406404,-1.3537113798215081,-1.3773114506623674,-1.3699719200990008,-1.3536088973732037,-1.3812545158586036,-1.3548943162543907,-1.3357196692071513,-1.370578057814201,-1.3669097520215319,-1.3627420200925788,-1.354145650703118,-1.2773060295755134,-1.128152817753878
0,0,0,0,0,0,0,0,-0.27896556241015213,-0.33208680323950396,-0.45682637525840897,-0.6779553560695423,-0.8534510555440774,-0.8562893393049046,-0.7892988028798802,-0.8375433042568178,-0.9503644620448817,-1.0111497303200268,-1.06247573666591,-1.1797206247576633,-1.2256057334924753,-1.2393320650447055,-1.3110319353347357,-1.3271629752804246,-1.36289195067187,-1.4433749714049326,-1.4849510563676394,-1.551273381836347,-1.6387239438335532,-1.6887295401077176,-1.7550324402645003,-1.8536908762406512,-1.8788147120789402,-1.9192452253175243,-1.9502121277870703,-2.0611049777644777,-2.0661602058373685,-2.088874932757542,-2.2105697521105956,-2.1058679677215513,-2.1005072634167172,-2.1971248739626805,-2.1834371293224017,-2.122994847576354,-2.214180800193601,-2.179380021521103,-2.139014283522364,-2.178875536468747,-2.1677051386694144,-2.1237312397851222
0,0,0,0,0,0,0,-0.45686322023166714,-0.6809347997078915,-0.8722347864461735,-0.9267929931716613,-0.9862052524605031,-1.0893121283316118,-1.1468845284948093,-1.223427232099772,-1.2754802324873642,-1.395975587734535,-1.3991637351922335,-1.4333689762225323,-1.4982549330228039,-1.541463697878016,-1.5908151411585785,-1.7095807291700515,-1.7678586151953344,-1.8560067655246484,-1.9853358766500957,-2.062418907764532,-2.120395562012021,-2.2432969672498437,-2.2903614777324854,-2.3737922612592035,-2.489711401010866,-2.5765254679521767,-2.632886734696265,-2.717296181553562,-2.8431338341946915,-2.8946552407572614,-2.9464004362709626,-3.065835631394771,-3.1182040263456723,-3.1414511166340153,-3.305954759751712,-3.374063046565647,-3.419986327229627,-3.5994022143647855,-3.6182363055857714,-3.6166405621712383,-3.7736884175683767,-3.790304137877901,-3.7306006256753625
0,0,-0.5781373618097646,-0.5865448794442596,-0.6835790006949299,-0.7163259025440714,-0.8763622198979538,-0.9406561210091146,-1.033676035756731,-1.1073083010161922,-1.181344914590064,-1.2440460458257512,-1.3459921682869807,-1.403391434873672,-1.4761228879317005,-1.527570799988062,-1.6305681435508095,-1.6683170397520684,-1.7356637598116933,-1.8580996202446252,-1.9547947919042117,-2.007444096824624,-2.1215508580238076,-2.182619731953967,-2.272934404071601,-2.438969958645976,-2.4843253802767244,-2.6253372800528205,-2.803760473289578,-2.8963623167353347,-2.9997222799078576,-3.1725998989824817,-3.2479113040251693,-3.353759417973689,-3.448819904964234,-3.6652483790894532,-3.7124232288787398,-3.7830201420608005,-3.983902182774375,-4.142843657456721,-4.1672848603233845,-4.474316384489432,-4.5615344495517824,-4.692971315826167,-4.918668376370937,-5.0193979468140855,-5.1694603549223,-5.4438705716202405,-5.575613698055908,-5.426577384690051
-0.6152493040975113,-0.6748410326782326,-0.7673637464734261,-0.885242877626191,-0.9654211792431024,-1.0436927787871093,-1.147392444258381,-1.2448082199796082,-1.284657644941236,-1.3520747670408282,-1.393024593737143,-1.4601647088626206,-1.524074988762662,-1.5806204401828974,-1.625692361994592,-1.7149542682719205,-1.8285555268737976,-1.9339380822308154,-1.9978360940356152,-2.1250743368803358,-2.2411794407622407,-2.325388247501998,-2.486910342232304,-2.5613904252656106,-2.682867201307951,-2.836051731437669,-2.933089534044187,-3.0628173239267245,-3.2584854135111825,-3.3554565007938906,-3.496891622861192,-3.699246278218172,-3.798896611702919,-3.9518812785919435,-4.097329697410837,-4.3122011331717784,-4.5044730300093,-4.595131239403616,-4.816448481956728,-5.028542938224016,-5.141844868187535,-5.466327570574715,-5.611168856318958,-5.832956080770087,-6.154290354335435,-6.353707159174365,-6.563099280788328,-6.883336496584206,-7.025921818437737,-7.177363266607392
-0.9223535406452418,-0.9683912040880006,-1.013698238230505,-1.0977627915031036,-1.155185086158316,-1.20281184998261,-1.2794164065119715,-1.3246936138550518,-1.417316930865898,-1.494557740583296,-1.5574402740856617,-1.6325622564852613,-1.7428812122520259,-1.8071297092457714,-1.8958494207508683,-1.9611841509677048,-2.0828108791841315,-2.158445003007495,-2.236515528865832,-2.374125693466716,-2.5110024581910406,-2.6022681578815954,-2.764761169369403,-2.857816914496939,-2.972304508681093,-3.164753831770764,-3.264517155899999,-3.412590834111677,-3.6336332229708166,-3.72401223462036,-3.8841473026529565,-4.105041893282876,-4.200436176379094,-4.387958575424742,-4.51279388982672,-4.767819003029247,-4.997242138043316,-5.085289460751479,-5.389879606829633,-5.611329138608453,-5.71766575763278,-6.045468245018223,-6.2655364663797855,-6.4885151758554755,-6.849197424376499,-7.0656675812263225,-7.334932452525127,-7.747032585118742,-7.888360432835517,-8.163347768293077
-1.0501804210610062,-1.1164699476827513,-1.1633558364533791,-1.233384356939367,-1.2998170494203434,-1.3452471815452822,-1.4390533015403157,-1.5006060747067884,-1.5517636741510497,-1.6643038954075091,-1.7314902564017043,-1.8157635880253487,-1.9371056517487217,-2.0147277515725084,-2.046443894758855,-2.152618642443473,-2.2644697809618655,-2.3566391073286233,-2.424896577526222,-2.5987462683031994,-2.6785953964914597,-2.7913154985957007,-2.9572002391322587,-3.090201278276411,-3.220715050239419,-3.4050117058223965,-3.515665889323773,-3.639586701864989,-3.809113881365791,-3.9008546708566074,-4.063125995898203,-4.233524418494611,-4.390553633693818,-4.539104079262218,-4.678679855832736,-4.9281055078151335,-5.148034492859706,-5.276682761083225,-5.623972716776992,-5.729314991128437,-5.934751813489035,-6.270432523124934,-6.454532191787081,-6.599970765969206,-6.93279451323173,-7.154464047747323,-7.357283371762622,-7.728626224299675,-7.942827177867801,-8.13189582447917
-1.2418686472336107,-1.2914179884737216,-1.3156652275780216,-1.3733179474849193,-1.4278653774328023,-1.4678205899032288,-1.511871094787488,-1.5621012713481512,-1.5480576817535312,-1.472416488699436,-1.383511824808508,0,0,0,0,0,0,0,0,0,-2.2025475743547096,-2.5339180747704897,-2.827835432415616,-2.975636084178929,-3.103739515635638,-3.2776393675561057,-3.4093476940830074,-3.497310076803604,-3.690132993023846,-3.748006733917052,-3.8160055879338377,-4.033681552740907,-4.175665572349395,-4.262199619019251,-4.448428612987927,-4.752777426787138,-4.915350988466804,-5.04023391404912,-5.3134467420277725,-5.511148062483632,-5.659914258177857,-5.989956172076382,-6.134934550621936,-6.2521259920122505,-6.606222453722997,-6.71443256436926,-6.851105409018687,-7.163145795763494,-7.2499210134758885,-7.31480790984296
-1.0639208780840914,-1.069805103587882,-1.0604369174954282,-1.038195323492046,-1.0061435331129336,-0.9718419903947428,-0.8627693383905235,0,0,0,0,0,0,0,0,0,0,0,0,-1.8054006512050609,-2.135502430763994,-2.361444534454095,-2.6162280747809636,-2.6951942140340783,-2.8301597913104706,-2.9845490772926873,-3.0743951601849764,-3.1687072337405615,-3.30998807165163,-3.393793776774656,-3.4908615444288222,-3.682795431696926,-3.7795518632854193,-3.8385671486328485,-3.9700166005271997,-4.183484604685709,-4.331248227111252,-4.444716531508222,-4.511236780674185,-4.723029359748868,-4.778812872467533,-4.385733246265168,-4.041242186670439,-2.8246677975380914,-5.125447442772228,-5.510257924266871,-5.539332438173669,-5.773498100706882,-5.820120337532026,-5.856579539992419
-0.7590763964822103,-0.7189373418918216,-0.7028052671103597,-0.671943256741003,0,0,0,0,0,0,0,0,0,0,0,0,0,-1.5165595759169235,-1.8087796038938144,-2.1161188155162196,-2.221946783727646,-2.313403087033007,-2.463542374214548,-2.5298421364804744,-2.590901299690709,-2.712014802564326,-2.7443608097505012,-2.806500316590328,-2.8841524668905065,-2.930880493125597,-2.928731970549292,-3.044637219381715,-3.1051666518013885,-3.0927194166872414,-3.0463484933678124,-3.075108564857009,-3.05276796459109,-3.1322763372612767,-3.3045757930029995,-3.6085624731441652,-3.7811429557082312,-4.242247829364662,-4.383507893036371,-4.524166124825548,-4.792408609891598,-4.950348341662284,-5.054927465719,-5.394780845268512,-5.536465162230051,-5.566338431229282
-0.5244339002564968,-0.44002030013627147,0,0,0,0,0,0,0,0,0,0,0,0,0,0,-1.5085027273841272,-1.649603444754658,-1.8056340041548211,-1.9332420437409261,-1.9901743070567486,-2.04785704811716,-2.137806292835295,-2.1858810620386597,-2.221598137967736,-2.3268856553426134,-2.35963065089497,-2.403584379064402,-2.5037362417865223,-2.5482007022563855,-2.5947394130794668,-2.7633855927401583,-2.8665828201496515,-3.037027116921848,-3.1180409508468663,-3.354624108137407,-3.439896438402647,-3.6060027839397315,-3.8617604053099313,-3.945211977695452,-4.105300264354494,-4.348641740921682,-4.431218066562144,-4.53874838714181,-4.747305232216138,-4.836991523702432,-4.847052090938492,-5.0221364253832705,-5.045076635011267,-5.052965063311886
-0.4225391868783418,-0.21792391681966441,0,0,0,0,0,0,0,0,0,0,0,0,-1.1555764875749694,-1.344562632141314,-1.5690389662884787,-1.6538089885749163,-1.7342527099554268,-1.8461609777147219,-1.9027370681551556,-1.9500643345740247,-2.067206708598203,-2.1350351505213627,-2.175007568116889,-2.3036742772065484,-2.3800589394756044,-2.4594044041501717,-2.6078648008659755,-2.6823040535448355,-2.783753512397255,-2.999259300350838,-3.084264989129918,-3.227708933769872,-3.315086802927753,-3.5312140499225144,-3.618910165590666,-3.733868702250676,-3.9325663163244293,-3.993925091531724,-4.092146445182151,-4.262563041081622,-4.325831806755041,-4.389742672704815,-4.529588733921787,-4.5719866069343285,-4.5819246934943525,-4.689268281856377,-4.714574506178227,-4.699720433882796
-0.38689802568550835,-0.3687011299425609,-0.3480631312689996,-0.3003223610219568,-0.44618964194037314,0,0,0,0,0,-0.8456556329471058,-1.1013068388100282,-1.3412702899499236,-1.4387063144061707,-1.5203274977666785,-1.5855421948340005,-1.7020417360469169,-1.7570803757756872,-1.8107015211790731,-1.9144937436232874,-1.9699481977511888,-2.0280392356055894,-2.161407825458593,-2.210567181914473,-2.295407211650472,-2.428706676250358,-2.4902579006161214,-2.5733645837455343,-2.737089808355364,-2.804380006691158,-2.8980311215835024,-3.0585494810522382,-3.1514137876138784,-3.2349207558495943,-3.3381660651082337,-3.4900695018702175,-3.5635977912141,-3.6195693055905167,-3.7303076463722147,-3.8300796100842334,-3.8883047574620844,-4.002332813284867,-4.04041317642654,-4.101272340588687,-4.20652169008233,-4.252845527908538,-4.2445868658243135,-4.323595257074035,-4.36617743650887,-4.383212358204379
-0.36889808106559796,-0.3695810211212993,-0.37635349625090553,-0.4042762730502352,-0.37970737570331375,-0.39962593647075667,-0.3690190176003301,-0.43908722480777296,0,-0.9999334478141558,-1.1219515235040627,-1.292558354685652,-1.4398499694537927,-1.500004696773622,-1.5678893165524248,-1.6234957930959526,-1.7343528103633072,-1.786756900551884,-1.8198469155040342,-1.9261973083129078,-2.0008424311205952,-2.0523040416763645,-2.1832247869420405,-2.2446032723829696,-2.2842656928643117,-2.4154290453029432,-2.4890563045190235,-2.5495561240000923,-2.6963164962745885,-2.7507960463727117,-2.8520350100917105,-2.9898885487086004,-3.0337744944257605,-3.1102992754280465,-3.206937693439717,-3.3060416797540895,-3.365698473250458,-3.401925078713917,-3.498875491525224,-3.560714582408483,-3.618866380401008,-3.7034620506567486,-3.7616191208977043,-3.7629642425832444,-3.8760141947511944,-3.9051472324377468,-3.9402457224737253,-4.011374886735794,-4.044694703419221,-4.0223002208852385
-0.8849441065849968,-0.9064306924570837,-0.9168130562536346,-1.023019012323227,-1.0532131491173797,-1.1423187503553236,-1.1941367238822933,-1.2299011077662645,-1.258370310187341,-1.330179431125824,-1.3549495923351988,-1.4082796445065555,-1.5040981552698007,-1.546452691318555,-1.5959378754064828,-1.6443089390649503,-1.7479647923838375,-1.8054798844164825,-1.860856398297276,-1.9581951502651638,-2.035509978962255,-2.060990708598711,-2.1561741339431117,-2.225596027730285,-2.286055309626495,-2.3943310157333664,-2.4309771044180963,-2.4915579547045335,-2.629010144366446,-2.6700819132790126,-2.7698687444667685,-2.8658316999902924,-2.929471106470206,-2.971238101881877,-3.020589775530215,-3.114145700288107,-3.1671988846319423,-3.2151705843590417,-3.302621266385702,-3.343901088707466,-3.3724805775973734,-3.4690422458060426,-3.5039651345557887,-3.5536008622067055,-3.613576716196664,-3.64679087628784,-3.6644837650887587,-3.762304213535945,-3.774898176278289,-3.7684757142069865
-1.013182327140642,-1.0328240605062553,-1.0502398377112458,-1.122053030124884,-1.1586443915454905,-1.1806431380098292,-1.2698217542684356,-1.276209287103254,-1.3082391308133705,-1.393796490849167,-1.4428949674592348,-1.4836704755544237,-1.572815046386604,-1.6118148901864742,-1.6587265809391738,-1.7043410930371439,-1.7660923984089902,-1.8238471793006834,-1.8502870889194782,-1.955892757395177,-1.9850182210555964,-2.03552048885699,-2.1182919096801376,-2.169303343506629,-2.2341373754424714,-2.3247779771906236,-2.373296194421803,-2.432087526117778,-2.5142842901669877,-2.5672158390988518,-2.6306326111218494,-2.6978059464088533,-2.7412683519411174,-2.802578701742039,-2.8428150086966153,-2.921534824251943,-2.9417873830791765,-2.9943097589361813,-3.0639554651011793,-3.11543224840725,-3.1597973922186684,-3.209771210968622,-3.2677253223785834,-3.303827812451067,-3.3551358598005767,-3.362809637341038,-3.392584415280116,-3.4511624630569657,-3.468178338791934,-3.4851817723470138
-1.0702348842200917,-1.109879824572891,-1.1083267441770253,-1.1835462335822104,-1.2012446718341447,-1.2413516100820745,-1.301820856411309,-1.3501994084782318,-1.3878454501490187,-1.4603890452505373,-1.4761839858668364,-1.5195211313773564,-1.5734003239303993,-1.6143770509039381,-1.6565254254252029,-1.685740597686345,-1.763313511621808,-1.8164478167504725,-1.8547913302381744,-1.9363505958973064,-1.9888073648788915,-2.0211940707438143,-2.112251207460874,-2.1302755761352623,-2.201290669485464,-2.277192976831265,-2.320945225488385,-2.3866970862193453,-2.43976070140688,-2.485181179029434,-2.50828325700286,-2.578631796056513,-2.6186966068979354,-2.6708576141289773,-2.7116102040997196,-2.7617620988619955,-2.78272760497747,-2.827194565627837,-2.8927989993547145,-2.9429871378334758,-2.9826111320643305,-3.0113916390462525,-3.0474960298090483,-3.076594650547333,-3.118731901173499,-3.155186429290243,-3.1625946089293286,-3.2078042949197356,-3.224861375603291,-3.268786643308443
-1.1061691621902279,-1.1490611382395226,-1.1770724098646124,-1.2333160576765332,-1.2525689631191748,-1.2825027418480308,-1.324907998595977,-1.3556839950719968,-1.4011162060906672,-1.4354364375153723,-1.4794775200294628,-1.5347276279255757,-1.5680385699348607,-1.6163881837162977,-1.673008720303618,-1.6808052193871263,-1.7565287518630919,-1.8057641202540804,-1.8306038794592139,-1.9089183524565785,-1.961868152872916,-1.9949922547105063,-2.0856294322870874,-2.1040961037806505,-2.1388818083629246,-2.191505603921156,-2.216486627390699,-2.259250439175213,-2.3044879828667675,-2.3295587780853926,-2.365638990685716,-2.4167083920561407,-2.4533204680674805,-2.4833069603412867,-2.5247114721280997,-2.564122999889163,-2.608529942327795,-2.6470059463984166,-2.7218291179822343,-2.7376699069000976,-2.764626981661885,-2.828403809146608,-2.8629550832514323,-2.883511260610431,-2.9096096051507834,-2.9394099579452555,-2.9739019569692697,-2.992903195596269,-3.0172624518260496,-3.0474514056687876
-1.139822525214244,-1.1607152475204263,-1.1768393776417516,-1.2296260232672613,-1.2588793266547063,-1.2813664874162598,-1.3337248224153118,-1.349342305231227,-1.3917331799664467,-1.4449508752219202,-1.4602873639382832,-1.508904936667878,-1.5968865207989407,-1.6070505501173213,-1.6417458968669532,-1.6968082963636417,-1.7589876630469325,-1.7908155397213397,-1.8294748043669744,-1.87733586951797,-1.9162209791572897,-1.9370063067800976,-1.9736964035934692,-2.015013055765655,-2.053911852583281,-2.0882418624662735,-2.1187422086174066,-2.1634606020189575,-2.174140890559154,-2.205149687308202,-2.2580422578986115,-2.3039462617928654,-2.3387650375213185,-2.3723406366692275,-2.3869450770773253,-2.436676102890295,-2.4678249240869876,-2.476343846627787,-2.5451099601035536,-2.5874686150204074,-2.6069064920405363,-2.6528417205697274,-2.6591208119373086,-2.6921572797062208,-2.7588306552568644,-2.765163102847093,-2.7770027131097943,-2.804308028354002,-2.8199977028068988,-2.852553146358923
