jsons/1312927200.json
{"header": {"parameterUnit": "m", "parameterNumber": 3, "dx": 0.1, "dy": 0.5, "parameterNumberName": "Northward wave", "la1": 40.97354507446295, "la2": 16.46031188964855, "parameterCategory": 2, "lo2": 133.9931640625001, "nx": 191, "ny": 50, "refTime": "2011-08-05 8:00:00", "lo1": 114.97908020019554}, "data":
[rows 0 to 21 of 50, columns 98 to 146 of 191]
0,0,0,0,0,0,0,0,0,0,0,0,0,0,0,0,0,0,0,0,0,0,0,0,0,0,0,0,0,0,0,0,0,0,0,0,0,0,0,0,0,0,0,0,0,0,0,0,0
0,0,0,0,0,0,0,0,0,0,0,0,0,0,0,0,0,0,0,0,0,0,0,0,0,0,0,0,0,0,0,0,0,0,0,0,0,0,0,0,0,0,0,0,0,0,0,0,0
0,0,0,0,0,0,0,0,0,0,0,0,0,0,0,0,0,0,0,0,0,0,0,0,0,0,0,0,0,0,0,0,0,0,0,0,0,0,0,0,0,0,0,0,0,0,0,0,0
0.0708974369386911,0.09969490738656668,0.11818384185433996,0.11996357020618108,0.15003568997209868,0.1649376823289332,0.15285379658347084,0,0,0,0,0,0,0,0,0,0,0,0,0,0,0,0,0,0,0,0,0,0,0,0,0,0,0,0,0,0,0,0,0,0,0,0,0,0,0,0,0,0
0.13510389823216337,0.17488414030071409,0.16753400521329542,0.1543496334637527,0.15503079288010874,0,0,0,0,0,0,0,0,0,0,0,0,0,0,0,0,0,0,0,0,0,0,0,0,0,0,0,0,0,0,0,0,0,0,0,0,0,0,0,0,0,0,0,0
0.17167444193328568,0.1493645407893606,0,0,0,0,0,0,0,0,0,0,0,0,0,0,0,0,0,0,0,0,0,0,0,0,0,0,0,0,0,0,0,0,0,0,0,0,0,0,0,0,0,0,0,0,0,0,0
0.16858944661404535,0.1694078557455336,0.17585611731646056,0.1583131404353236,0.13966747220427703,0,0,0,0,0,0.048184861717618106,0,0,0,0,0,0,0,0,0,0,0,0,0,0,0,0,0,0,0,0,0,0,0,0,0,0,0,0,0,0,0,0,0,0,0,0,0,0
0.17125290472541804,0.18769227605616928,0.19299590681535952,0.19792036755245482,0.22001705569443905,0.2222222323003835,0.219568264890077,0.2180028908426246,0.21572622083336482,0.20447287381608978,0.2079869312200162,0.20943807335296075,0.2087428286234723,0.22458072441059482,0.2358831064427571,0.2561837769604484,0.2689479768548389,0.28719355373574296,0.24920569014397845,0,0,0,0,0,0,0,0,0,0,0,0,0,0,0,0,0,0,0,0,0,0,0,0,0,0,0,0,0,0
0.2120119611503432,0.22048300591137476,0.22905836528200166,0.2435226743369831,0.2773141756650352,0.2882191960886674,0.290874388329797,0.3008162055996648,0.2997219716719017,0.31050108547219396,0.32889827200530847,0.34738265987884165,0.3570072701138451,0.3484028952479393,0.3895171617672036,0.16240838382285044,-0.011679419352528623,0.0782141428163745,-0.08119369719837917,0.06345039063834149,0.07607735836432927,0,0,0,0,0,0,0,0,0,0,0,0,0,0,0,0,0,0,0,0,0,0,0,0,0,0,0,0
0.23568557207356577,0.25348280715389326,0.26897834177830116,0.27773487587741874,0.29259834662964945,0.3080912543066101,0.3270735500058038,0.3491121662375185,0.36068159194887695,0.37075308174499816,0.3953584421334818,0.4059440322850478,0.42205250263118643,0.4340689228499913,0.4376151855378622,0.43820017269825856,0.44363564967167773,0.42179712245540374,0,0,0,0,0,0,0,0,0,0,0,0,0,0,0,0,0,0,0,0,0,0,0,0,0,0,0,0,0,0,0
0.23661776405855509,0.2747685699000252,0.2795090922298252,0.2868586512862683,0.297863522019519,0.3089130375991522,0.31491218699165857,0.35390093057356536,0.3655657302867356,0.3861086729344206,0.40734898988925616,0.4166288961970641,0.4281379869945615,0.44418951122171585,0.459507147367724,0.46357980994251746,0.44407862529389963,0.3653289178200587,0.40820291562124844,-0.3862790273184627,0,0,0,0,0,0,0,0,0,0,0,0,0,0,0,0,0,0,0,0,0,0,0,0,0,0,0,0,0
0.23844108766919944,0.25973341743856815,0.26459885860035776,0.27300510399140615,0.30815499938196217,0.3220973481826972,0.3317588572445843,0.3669260563704664,0.38322148634479064,0.41914105162389886,0.44642527873237664,0.45960129242774905,0.4655264793389638,0.4685228711972652,0.43312047049420127,0.46209281275016917,-0.3990056877163983,0.11469219628483061,0,0,0,0,0,0,0,0,0,0,0,0,0,0,0,0,0,0,0,0,0,0,0,0,0,0,0,0,0,0,0
0.1729357296957691,0.21360437644807803,0.2374120251367645,0.2695394831935752,0.31110416311937233,0.33045146944702847,0.3581352353952041,0.390012197095924,0.4123043833942632,0.4293341439927605,0.46274772557412325,0.4781449019867665,0.4880289766372563,0.503576738131038,0.5024357012775298,0.46520633876376194,0.29249220335285836,0.1803303743075119,0,0,0,0,0,0,0,0,0,0,0,0,0,0,0,0,0,0,0,0,0,0,0,0,0,0,0,0,0,0,0
0.11680601207275323,0.15567593148046643,0.1876804018510283,0.204983304387049,0.24306247436656836,0.26006386917497637,0.298277236450701,0.36063511048420555,0.3858398478945714,0.4152420782533185,0.45262057909534364,0.46807485118211223,0.4826846195140359,0.4956356692086603,0.4616740758577885,0.4888160088499805,0.32275702137772694,0.19569323816929132,0.09307793094412824,-0.08046935433482691,-0.0032024491996543226,0.029856601330957824,0.036465544344965614,0.05821951813859566,0.06796735861784013,0.07252508600973595,0.07856803925272436,0.054026938841583855,0.06293755228068375,0.08879794500900674,0.1386516137746403,0.155036576152446,0.177726788414744,0.21102198731015515,0.2475515733427992,0.26247552515633743,0.2970064646651173,0.30857779421037884,0.3323670732722841,0.37340436036786345,0,0,0,0,0,0,0,0,0
0.07567215693769067,0.13931048119911144,0.15957931326650512,0.17287713347993156,0.21291208440962153,0.2409123968490432,0.26994042453997785,0.33042790003042527,0.34751687499954864,0.38652822712095875,0.4504159730006731,0.46819685396198507,0.49747916533271114,0.5116033787705196,0.5111382427403379,0.48288750811563497,0.43445316154063396,0.27894453057828034,0.4465483622089147,0.3485716041512644,0.3987848837318525,0.414806517549198,0.4435115234468945,0.3899259465580325,0.40048195482114246,0.39671458942283916,0.38717862701348815,0.3947316223908556,0.42769230842986755,0.4279726899833666,0.3988047958754903,0.40841379093241753,0.4210620432442787,0.43307745821044574,0.43813074890744774,0.4371355215196628,0.43407512333911696,0.4517609818819737,0.47429471624941705,0.49300546618267965,0.4932409287912501,0.49839288082778654,0.5113096362123594,0.5117974722826939,0.5132349299683223,0.52920289270595,0.5212252632114075,0.5061328468947381,0
0.049558528719620444,0.11249766375318797,0.11172458051563912,0.10903296853744919,0.11435130722586533,0.1608861994810607,0.18094725464967218,0.24086700139766098,0.2659633572472436,0.32709410469236216,0.39002345301870545,0.4360196389481848,0.3923065580885939,0.0792347230025175,0.21736818020032952,0.28986420583298306,0.25091747252719016,-0.03389289903414867,-0.24130897267136606,-0.4713577736919911,-0.43836895820566946,-0.3778164880524765,-0.32098310465160584,-0.08516384968280237,0.06316138550568819,0.12121496552712016,0.27383618264053894,0.3128961956354881,0.3718887075076537,0.4088249053410928,0.44646733409261985,0.4850497841659127,0.506957737315531,0.5241055844979967,0.533483898615048,0.5439780729484422,0.5507153119821914,0.5581205509914179,0.5634915426661925,0.5743424999445589,0.5826883176857538,0.5813808196868726,0.5850015965207299,0.5882612160865388,0.589288963385428,0.5543615819546744,0.5527624746020269,0.556273854413765,0.30440535684876824
0.04897898183950205,0.07491225443065837,0.11160061555220845,0.11901350656691852,0.14582023736721936,0.16603365386988717,0.20327906933096274,0.21194118531716477,0.24908792855897408,0.26451869277712453,0.25745757249826373,0.2892691239423951,0.29591537087773945,0.33714433352064016,0.34837856820134255,0.3224094541275826,0.2927384143250202,0.2510566920365914,0.23126965004722796,0.2383862692468223,0.24197636906875108,0.2832583170448235,0.263663973838919,0.2866074314800524,0.29113936512134087,0.3238198191615547,0.3555852877083056,0.37314437508109544,0.3972532742860409,0.4105612209163169,0.43492877396053586,0.47094994086464015,0.4990069294410736,0.5135481618795528,0.5329226585420097,0.5479324702422171,0.5764021850414285,0.5826238237287049,0.5876437017419752,0.5881647660505183,0.5866066844454554,0.5895587522123553,0.5648453727625944,0.5753291532906011,0.605532257051208,0.6320488117255334,0.6414662673849942,0.5669425470424373,0.5263326255464216
-0.10726401353432524,-0.007594053922551131,0.01546546671840342,0.03275872253142086,0.04628792701089513,0.07199828468906692,0.07286910349958145,0.1153019877117652,0.1338158206082027,0.1779123186032835,0.18774560202449492,0.19421904767056516,0.214946989896804,0.22107807743748967,0.2860992308360923,0.31533363365493416,0.3232944744492967,0.3368213002393688,0.3399583289784986,0.3401485518076095,0.34273837453442646,0.3470870912868754,0.3773841118456323,0.4072728363768739,0.4206340072255582,0.43998563351768366,0.448148895272784,0.452240648376076,0.4661050057088169,0.4903711111380385,0.49943577600883454,0.5270980640326398,0.5456137902910483,0.567238098276635,0.5741860617116646,0.5843640705502635,0.58926060598784,0.6002083859602594,0.6062699640904312,0.6119584340998078,0.6246754213693257,0.6358944638654728,0.6392995091790811,0.6383802641542058,0.6372416025183859,0.6538462976587136,0.651040887983337,0.6385875544049372,0.6361330959388918
-0.1648040714175428,-0.11248331413235418,-0.10835497018895578,-0.1069925016831313,-0.06623043084009186,-0.058504011302503836,-0.06394864743648732,0.011738909439355717,0.005630767479563501,0.041704845333777184,0.12207825604022907,0.12912531876454333,0.15077270271028126,0.16222718598108293,0.22517923671089674,0.26272087962146257,0.2856607976906982,0.3151385109593699,0.30985949323276735,0.3261197593824641,0.3543222419810079,0.36758389174084005,0.37264095132682173,0.3824841311260324,0.38671885020845054,0.3943962163449478,0.44418646569264686,0.47265338693063796,0.47514152960154354,0.4922770834562944,0.5184591872394255,0.5397198792444416,0.5601384330753026,0.552345555540819,0.5690768770310968,0.5802526019385869,0.6058796179745674,0.6339010385170967,0.640327014679636,0.6420193291306961,0.6513923387379267,0.644495523538781,0.6368593322141871,0.6474018604451676,0.6507759173301841,0.6628419813487662,0.6664109615963993,0.6781249186818119,0.7043590542482435
-0.2244950746163693,-0.14087969738296477,-0.15770831268953114,-0.14786363108612308,-0.10354432512941135,-0.08214684446885846,-0.059590923401762676,-0.03457609726565984,-0.0062592980561447685,0.020358715671476298,0.10986010039536154,0.12764122892372223,0.1730404170722448,0.17019601269488402,0.18576779878087019,0.20933478956793686,0.20845370143456926,0.21718633980816887,0.26958247175688366,0.3088208897844523,0.30022850851380656,0.2904246377966397,0.30989610748783997,0.36360958104814173,0.35505671266670547,0.3621231107729505,0.37811242349600616,0.3965382254077059,0.40645928590543395,0.40975968286265896,0.4573117729899608,0.479520723535949,0.47581984444109265,0.5633136208412018,0.57658939394486,0.5975783033945136,0.6206783496607746,0.6360532446593574,0.6326618576850584,0.6285291335244714,0.6223954112438354,0.6286905110745347,0.6400842549413998,0.6449391604673458,0.65223933378762,0.6695112130717543,0.6816556006818638,0.6891283365482512,0.6766183217995589
-0.2377730859196784,-0.2850151482602918,-0.26038672452928036,-0.23724049496997035,-0.1777828842503403,-0.14756667593385614,-0.1326310887460972,-0.08715519199233822,-0.04966866868630898,-0.046065467241218405,0.002134160255387138,0.022158934817296017,0.045641632519997144,0.058652845070576026,0.12868392356024547,0.15102745337174464,0.17741654361037593,0.24306694787054878,0.21031213946108016,0.19584160773406464,0.20652176292416613,0.22681155087120491,0.2637622566959699,0.2445184504095324,0.238225130828068,0.2626667023890103,0.2847002206898467,0.34113582143635457,0.3694110434495749,0.3882033564057554,0.4077833219208411,0.41010367057486197,0.4233115043624009,0.5400974770783025,0.5361790753588856,0.5290496935104542,0.5338342279056048,0.5402564769881008,0.554111595539177,0.5936038758746203,0.568222633811428,0.5706617543568244,0.6220331185974932,0.6246424950231443,0.6388888218174741,0.6517550576787389,0.6451705233880762,0.6497276118713571,0.6671183117370502
-0.3006637789672964,-0.2616024036781174,-0.23258299988886585,-0.22632230084783755,-0.2109985567433709,-0.18608442605470468,-0.17157776374194558,-0.11483427448529993,-0.09702162453967635,-0.0789595392519942,-0.054232714871593105,-0.050151945062134384,-0.022550794734420943,0.004596027199711251,0.054530515905860194,0.07054205881672479,0.12009150212607837,0.16862843400364597,0.2059086558277888,0.22853716719510483,0.19381849697185152,0.1873079318850224,0.1861810393576539,0.13433658663999742,0.2063592311877528,0.26807384237405674,0.3296270245463789,0.3548628245079107,0.3500609240165114,0.35658519901663366,0.4009908453588205,0.4250368661761151,0.447778074579079,0.49716513454006445,0.513331158878194,0.5349377206904731,0.5608302810218971,0.5665617247142427,0.5835194847113196,0.5809525383987829,0.5951959913290799,0.6040024834878585,0.5892889366534606,0.5817738485433632,0.5853068091078704,0.6185540852130292,0.6298369111738275,0.6537084083798107,0.6690783877682857
