jsons/1312704000.json
{"header": {"parameterUnit": "m", "parameterNumber": 2, "dx": 0.1, "dy": 0.5, "parameterNumberName": "Eastward wave", "la1": 40.97354507446295, "la2": 16.46031188964855, "parameterCategory": 2, "lo2": 133.9931640625001, "nx": 191, "ny": 50, "refTime": "2011-08-05 8:00:00", "lo1": 114.97908020019554}, "data":
[rows 22 to 43 of 50, columns 100 to 149 of 191]
2.0257722658726465,2.3760150598885326,2.748225083157464,2.812780281656589,2.8646707732645025,2.8609364455892057,2.9386657488543864,2.9979366641073373,3.0042398176550775,2.9994953900513335,2.9984764958741406,2.969685054622154,2.98364140729011,2.980215419255238,2.9798773033168637,2.9926608021608154,2.9832654598854726,2.973705577698474,2.9958807757774646,2.977407669417641,2.9326186703675625,2.936150547125379,2.909775878765853,2.885631310853955,2.8645835601531973,2.8556086160975815,2.815212552408362,2.788470203989443,2.7758756410679677,2.7417416619447117,2.7066137259307106,2.69372586702784,2.6472558393163665,2.619598056272125,2.5997604733817097,2.541680562216743,2.5153752619511813,2.517696320986827,2.481548125482768,2.431228962446436,2.415171669006274,2.3871059940884183,2.3363833147544444,2.3258320274823605,2.302880291348023,2.2606803233180246,2.246411447128327,2.230874358879188,2.2116136151761983,2.19074387537001
1.2839868575652844,1.4710492146521903,1.932234764739951,2.0332162490640497,2.210380034299713,2.354443305012188,2.4553288155137993,2.510392085080407,2.5916666312448347,2.6100271101208925,2.632379229912084,2.656917509368116,2.662846440097144,2.6674273357976137,2.6535030218915683,2.665550296860989,2.645376144746929,2.65117095052748,2.660951248046185,2.6405640530760035,2.638408302446924,2.649324191388136,2.6191362260792332,2.6234245000586105,2.636930446537421,2.633108343347399,2.6230080702048313,2.615836116428141,2.627647119136985,2.588574226241381,2.5791958589180894,2.5690105562542267,2.492905290729138,2.483941025680342,2.469568050732069,2.4044023391389837,2.3932311321040602,2.375743488613892,2.3576357453900334,2.3073982037209,2.2885251346694684,2.2682417329127196,2.2245775127123957,2.207591967525238,2.198330627295556,2.1598148435568967,2.152150500817885,2.1466301040206313,2.127252955289662,2.1316171552880174
0.7507856026824249,0.8489709075885515,1.212795863458351,1.3136144617795702,1.4979933480906524,1.7181716633861472,1.8065237660201174,1.8763838303284668,2.0396797450012234,2.088393193786247,2.151144002789877,2.1589906498488136,2.182838344978041,2.214190607330659,2.235449930551965,2.2457219228264282,2.281914240360383,2.28671134863682,2.261957014947742,2.2736698974213265,2.254522501124861,2.313771346602609,2.3480604895030743,2.3555468180608674,2.3889659936863548,2.407591721074866,2.390796728335014,2.406786840832816,2.4217316714811137,2.3977718925364178,2.384489944394174,2.396261819160929,2.3693804306419524,2.3711189466710962,2.358061185170146,2.3231782456558725,2.2799585338347095,2.2333497816785512,2.2019706676053916,2.1188840154997273,2.086926577065312,2.0650862096318447,2.0200897292159494,2.01477527523906,2.035218564759676,2.0115729411032115,2.0316563891011636,2.0606548288048314,2.062094040319238,2.049901734555481
2.2469326832355767,1.1349279707977238,0.593122293827329,0.6838899543282876,0.8587007304295077,1.0495647707513103,1.1665094511063698,1.229072752475597,1.4540517231438828,1.4945997547957428,1.5054588076705502,1.6271265380092566,1.6907438389902845,1.8249870979622513,1.8183757581356035,1.8303424243900783,1.8709642459025975,1.900876079730043,1.970118672521588,1.996753327194011,2.010523030260145,2.0459188631822265,2.0532233947171097,2.0821532144515067,2.135429156503248,2.149174388748832,2.1378936308092835,2.14641671127469,2.2106350006966453,2.1845339142215643,2.1941352975782618,2.2250240505116787,2.19426787242841,2.202815022479895,2.2198650156961675,2.1706346941960843,2.158460563309361,2.131007139779536,2.087346733349678,2.0105202015386143,1.8453790307833524,1.9547325082593385,2.0341148259130697,-0.19087542776771194,-1.6423453251460862,-1.1422983673985907,-0.31626113849982396,0.7464218666658057,1.7736952454445214,1.896535096948228
-2.065050423838565,-0.31701337192868784,0.38201134190624414,2.3468151741435075,2.40584878205389,0.8608864856439102,0.826312800760527,0.5305362727132396,0.7586592607673209,0.8509712562987631,0.9578159590753659,1.020493734125304,1.209127926316157,1.2784998788417088,1.3753817461869653,1.4952743377724242,1.5563666815294914,1.5784119277253388,1.659291960125063,1.6929586251964515,1.7339437566459002,1.7779165544124056,1.7983249753649142,1.7866227047896495,1.8360442571460787,1.855958525886524,1.8824750316212029,1.9042054540458153,1.8931629150929192,1.896765201044398,1.9098144495687694,1.9388108564780189,1.9241196690021185,1.915802087938083,1.9341640309512207,1.8674117164429371,1.8248250983095948,1.7595942608252169,1.8505893745535795,1.8562839539263318,2.0429376048602896,1.9961517222755425,2.040137553196841,2.0101140406052043,2.010545946243579,1.9777343424263432,1.9910886983738438,1.9702821147548728,1.9901946299328923,1.9883964793374531
-0.6236449870461221,-0.5414038950116342,-0.42501030168723297,-0.9882204664202453,-1.6881559681196319,-2.5813033629183004,1.8324903404335227,2.241197045787394,1.0918557524705517,0.39151841754512196,0.5123459511440535,0.6160299969131888,0.8168794970558716,0.8963764089196967,0.9500023437118645,1.169882537053003,1.1781318634527969,1.260753881734977,1.3297193517024881,1.3987773535158514,1.3960112673105713,1.4304842493173104,1.4456206389765915,1.4311188165457374,1.4709852196853288,1.464088458074946,1.4730862531425784,1.4983082756001271,1.5306536188686664,1.525128331312894,1.5938973553058746,1.6649883488720894,1.6471241929051235,1.6763697490883631,1.735439340002648,1.7175479390727368,1.727195133262237,1.7781819231740663,1.7981441203116089,1.7981037301602865,1.8403116287316859,1.8446970470939987,1.858232336469411,1.8580801633643622,1.8595354487415736,1.8627195579250142,1.8702036654926522,1.8766153791550926,1.8585087026049711,1.8472667748790033
-0.7451782333987065,-0.7202157318517809,-0.5903283856337055,-0.52848374497191,-0.45367429057645847,-0.7172848137957734,-0.5688283015455038,-1.0090503029052202,-1.3068260725286716,1.4736124758854916,2.2506287758201657,1.5738478887074014,0.4226238057561836,0.4485555512482777,0.5893612737347466,0.736284017434419,0.8123585380920947,0.854602655425481,0.9341022934917147,0.9523019343454241,0.9546134417433662,0.935341731475011,0.8971713079214355,0.8953727103555824,0.9183814003606702,0.9243171161651436,0.9096876717830543,0.88638895120948,0.8247883140377055,0.7682322638494512,0.7177805035601302,1.6557282770438775,2.0499725267550204,2.0506305739650057,1.4258282810874499,1.2549638035071367,1.3154438271996822,1.420191977177332,1.4575653895123513,1.487789042513489,1.5626199872101578,1.5777166086970194,1.5897312554331537,1.674947726318099,1.705598812775676,1.7144330502415337,1.719806946380809,1.7473898147068259,1.735139485958021,1.7485758670764275
-0.8770863536418505,-0.8120007811513936,-0.7389923862916987,-0.7020020649181207,-0.678701270569974,-0.5839843343632323,-0.4788602387803558,-0.3966690085512227,-0.2775957213470294,-0.8542047308385672,-1.079267270046996,-2.022397026928687,-1.2545150587211031,2.0841016172628124,1.1966161220198839,0.3034657655263139,0.3445048025812787,0.38823929483763003,0.4524292540821207,0.4741242972179353,0.482540591533798,0.5374864471979197,0.5426709412251896,0.5332881379568672,0.4489792860919622,0.42051128322735765,1.0678115344594896,1.933899906483849,-1.0813687937632344,0.49933225854666646,1.1615104046629887,1.4385136929939955,1.5292677999898565,1.576888707729861,1.6173172556700264,1.6858231505832046,1.6976282434511034,1.7045131831505962,1.7329302192655924,1.7711934114861105,1.7365311813281024,1.7223600569772683,1.7292271176525909,1.71632084644508,1.7077138028313557,1.7129120447113901,1.7007487827469268,1.6916166111762378,1.6930282001978418,1.6991680670103415
-0.9388901799132352,-0.893346011841862,-0.8256415475331018,-0.7490325712991209,-0.7183563129465099,-0.6046876410107186,-0.5559930236052797,-0.49799138703281054,-0.4105070082543431,-0.3721134764794689,-0.3031672600381446,-0.2672145480425935,-0.19759834386772246,-0.21440475090940206,-1.5513899693572542,1.0098370213577652,2.128218084498143,0.8698386779671129,0.23037868511240336,0.26319333569757875,0.3031436242366528,0.37514677638975674,0.40481617551522203,0.4633052145221514,0.48421193000332635,0.4901117704077379,0.5717214944437916,0.6481852850880896,1.0361489339929109,1.2041685632064794,1.3739310522245831,1.6079335917206805,1.5673673141060849,1.5737752008735086,1.6378691434360835,1.6020964948443235,1.6443992189765695,1.6070720986594484,1.6375618399452745,1.6307400954578892,1.6347396227881101,1.618355696438272,1.6111110272695455,1.6237214615838926,1.6370632254387334,1.6360759560682268,1.6242716134770072,1.6313908406661428,1.6103061551605773,1.6042512062371448
-1.073804620288673,-1.0527404510952512,-0.9419906607449535,-0.9099343513889732,-0.8778238592249501,-0.7240346567901628,-0.6865728854320537,-0.6233780175457423,-0.5457796655377739,-0.5207514927081764,-0.46074714261873795,-0.43446338957108577,-0.3170523495790586,-0.2814647448985584,-0.21707316322926304,-0.1523945347245086,-0.13889642789565357,-0.8179820726641389,-1.9072217661437991,1.568231008358203,1.343247555711506,0.09807628301059768,0.13668274117451962,0.18789096805250333,0.238920929928965,0.2827573214479105,0.3165124495321155,0.3488813931197898,0.4409703038005444,0.49195076849987174,0.5319365767813087,0.5960541536563693,0.607468731520323,0.6753382843686957,0.7592724230046266,0.8346176557807197,0.8556592208379269,0.9411055696972445,0.979316806506595,0.95854026160152,1.079414925890031,1.0915540987108827,1.114877999118558,1.1916131611598735,1.1618533058605374,1.1579757908853716,1.1601470969814494,1.1761267342747384,1.2042201493983575,1.2381107840112173
-1.1618350519288212,-1.11544838901267,-1.225746431644541,-1.4510332310754248,-1.7052315197296768,-1.1984978964023425,-1.05599778180822,-0.9381294271282941,-0.7881290440223293,-0.7041947106791419,-0.6367122040272313,-0.6052326789311375,-0.5053372407569359,-0.4638181834106096,-0.43750843997414746,-0.370579479442586,-0.32610687993578,-0.2895038606986752,-0.19533259688282895,-0.1467577362773987,-0.37426681457792244,-0.8347597218053036,-1.8120511645335524,1.8739731904993397,0.735862068691162,0.10876862832712819,0.13425408313171874,0.1560198024104035,0.23070193833032404,0.2435154464167685,0.27035371417443954,0.3215641402141477,0.3388301236708008,0.3495683764780443,0.42094096774654205,0.4886427000032835,0.5804607745875169,0.5802978168346528,0.6119655550508583,0.6371887605821362,0.6866489351077963,0.730601187028526,0.7323996375372964,0.7441108455788754,0.753829258925778,0.7606777411378917,0.7655298229566402,0.7808669552991875,0.7874476439581246,0.7675184449321706
-1.2894649418299333,-1.1734981317086297,-1.0815527560954847,-1.4359040551342224,-1.2557880042885836,-0.7912012356148292,-0.607210124386731,-0.6590222915339455,-0.6870642131124001,-0.6707150767135904,-0.6332779353515172,-0.6315895822449491,-0.582444247367846,-0.5504959668251191,-0.5123583851531611,-0.4503370169329014,-0.4124155027132938,-0.3762140241423845,-0.2779276447919157,-0.2187660219960641,-0.2002419627741183,-0.1500083341109561,-0.5767188610142027,-0.6308840855058241,-1.0908896218900832,-1.6901688674361226,1.321628828015295,0.25111956893284343,0.7647467670499266,0.15347218795243273,0.16769004599498294,0.18640431171533173,0.23456917415117018,0.2794319909689404,0.3492994304100144,0.3551881383873749,0.37654938902084306,0.39262040865490055,0.4127942443351362,0.42461305861880616,0.45427541691272566,0.49680506564866384,0.5241334451812659,0.545821549250033,0.5652056206814454,0.5665010418981851,0.5670910857331065,0.5959105690457767,0.5982740892381698,0.6072780502095666
-1.535592737682974,-1.4342690660581559,-1.2505239637139587,-1.1386629539964104,-1.0472351635591084,-0.9143673840949128,-0.8291129457357267,-0.7987755967939962,-0.7347770580108256,-0.7027372469513631,-0.6825619131165008,-0.644555146210733,-0.614346259768503,-0.6060644334221541,-0.6251373426280532,-0.5478691914559033,-0.4938064713796509,-0.44348285979481233,-0.3892584894393009,-0.35243111311143593,-0.32816352786549746,-0.24342029868204879,-0.22980878233111943,-0.2171068052907945,-0.37409778979067454,-0.7908977877290739,-1.417148803775016,-1.6537140397473513,1.3466679456956245,1.5849102800305683,0.42481699434424663,0.39370149753196093,0.2109781017360283,0.21531116081203602,0.22424860970138155,0.2456115545151872,0.29216344616891154,0.3399386988375368,0.35076911929636856,0.36760770040334423,0.37344246534128467,0.3796658778867782,0.38555399454153527,0.40032288013391537,0.40191553023567084,0.40030017155836545,0.41818694849712884,0.42794492156286396,0.43583523989300715,0.4392587871309731
-1.626650599641489,-1.5666349535349606,-1.4573377414319746,-1.3918223978574535,-1.3092846911512248,-1.1695425684178602,-1.109408202712536,-1.0242074794478637,-0.920785391703733,-0.8893407410464701,-0.8448831378089787,-0.8245362275991753,-0.7618808417268917,-0.7221108770702866,-0.7108553827045656,-0.6331127706548759,-0.5826611594745783,-0.5667348966363744,-0.4779262043404371,-0.4405767831121966,-0.40976116141980207,-0.35090961061921705,-0.3223107638413074,-0.30513150038345954,-0.21187290627647232,-0.3482316917804226,-0.5530292110307723,-0.8807124641846588,-1.4481841216547715,-1.8303078044691368,-0.7021795717755177,0.11881488426765337,0.9241324848462783,0.8441482063453599,0.128297034961947,0.14934904730426699,0.16411064743850093,0.20545309352079974,0.23282475319227172,0.23883572489943,0.24156991158080973,0.2405168611307738,0.25212681561421046,0.2607323168696355,0.278019510781722,0.28901898692331685,0.29462942364074546,0.2673451346809474,0.2665779490233112,0.26649058258260294
-1.698421994202148,-1.666317344475282,-1.6302504104478424,-1.5736961764677364,-1.5376905796890141,-1.4212534451273933,-1.3702058125150742,-1.2883994487946815,-1.2341707824709858,-1.1806300834297654,-1.1386345613989097,-1.1315758300269794,-1.024472837055554,-1.021696089660614,-0.9575833565002735,-0.8518365355402299,-0.8176739369523834,-0.7715169694500615,-0.6981586997849702,-0.6200712508977658,-0.6026083105003447,-0.5590837490509462,-0.5042463987841904,-0.45002678366904464,-0.41739782698368977,-0.38383356133743346,-0.37689684478262053,-0.337568428110921,-0.5590018316317074,-0.6266627608865066,-0.6173050967950272,-1.491638114234448,-1.2181694793485356,-0.3765562913687121,-1.1026854623373126,0.054114453250077646,1.779253169157219,1.4211236861397492,1.7963891600140018,1.4628483445487173,1.7510820460845877,1.934336396473311,1.920325097551086,1.1166936615852308,0.16800672096912714,0.8339659043186786,1.1024740637357278,0.5596282377498047,0.9132757815854207,0.7127930719572877
-1.8931268374569543,-1.8372858927466422,-1.772745193512429,-1.7275913340621993,-1.6976064429248396,-1.5991517456655224,-1.5803703691204538,-1.5073268250406526,-1.4376147372653645,-1.3714823009969908,-1.3161389252916502,-1.2696538275625924,-1.1819967842971166,-1.1691500478002492,-1.1360838025935724,-1.1036876511971832,-1.0553537814920328,-1.0422015195022847,-0.9847587708593284,-0.9263826590175777,-0.8766697235248281,-0.7329896655017957,-0.692748850695115,-0.672063857564882,-0.6157003464504548,-0.5860154425551264,-0.5450087477463188,-0.5089429695435524,-0.367404750643698,-0.353214999237494,-0.3572664407383107,-0.3317064000140627,-0.2813969381441406,-0.24119672815956708,-0.2703405644340871,-0.5428880702556554,-0.9023410164755649,-0.979121719384756,-1.0653838862816376,-0.8440779934102164,-0.6399435719735083,-1.2205192570705357,-1.3422770846424665,-1.6367456906976585,-1.5110277763974402,-1.3445560094829971,-1.6046516940421414,-1.6188609717868043,0.1673746297993687,1.9004060065999315
-1.9944198831879913,-1.9521467000514314,-1.891358353246008,-1.859720921562554,-1.813473824357118,-1.762670045401983,-1.717520363695995,-1.6843625718885598,-1.5981700616668386,-1.5742174637622235,-1.5477651751713877,-1.4992897765754476,-1.471254283713622,-1.4419167152241892,-1.4117181989610235,-1.3666469522705473,-1.339703212433428,-1.310842535618976,-1.2450419936505241,-1.1821954913633315,-1.1094862712762046,-1.0269004682167322,-0.9650244922727068,-0.9421140491573007,-0.8591316464034702,-0.8025965111439004,-0.7583529342297227,-0.7412037038730231,-0.7148206052553756,-0.6719123235022576,-0.652365102110958,-0.605946929358522,-0.5750091455676695,-0.5439986161778598,-0.5046580317656895,-0.47310536332042824,-0.46634370942751036,-0.44383341116161773,-0.4250138253381929,-0.397226801434135,-0.3764862823162306,-0.3721318631220746,-0.36336471347039034,-0.32704056600098225,-0.3102270004520871,-0.3072015086039639,-0.4664375914038078,-0.6761738778130911,-0.7063752903764996,-0.6754934963157305
-2.0691027305948113,-2.0497769097981458,-1.9748096822379941,-1.9398585916688615,-1.9228697807440471,-1.870705597528664,-1.8684718819019162,-1.8489310429899084,-1.8057792796530927,-1.759500636697407,-1.7188249594103706,-1.7005551679118467,-1.6522890269093995,-1.5972198587375297,-1.5644073262828007,-1.521778477454694,-1.4873108469185192,-1.465238188028017,-1.4160827317452958,-1.3887770491747875,-1.338441436108177,-1.2216405525963472,-1.1980681593318128,-1.1814568729465973,-1.101894915444206,-1.0518891451629941,-1.0366962279242022,-1.0189470744538278,-0.9459271907228496,-0.895006417317711,-0.8583173244098923,-0.8423939175724107,-0.8222527646894842,-0.7793488486340813,-0.7087971832344879,-0.7034083066547332,-0.6948999232447964,-0.6471674101434651,-0.6082690208018756,-0.5888877912075556,-0.5817697905880117,-0.5652942470138187,-0.5300951987918425,-0.47218205311710215,-0.44347622518280244,-0.45353319570987094,-0.4750345591743426,-0.5269431033408161,-0.5379881499291554,-0.5525932471419502
-2.094219657490907,-2.0665410512342013,-2.0239906920396127,-2.0038992699522815,-1.9909836377581354,-1.9565867401521888,-1.939611786737416,-1.9035003812627496,-1.8767692089805115,-1.8404964028093365,-1.7847297646402107,-1.7497329142025853,-1.7155041191233278,-1.6634768978158454,-1.6218633883621603,-1.5806100674342551,-1.553440561618471,-1.5261203466693973,-1.4912038781549735,-1.4743534494409167,-1.4380840509495338,-1.41311468322384,-1.3850077892476538,-1.3391592614666767,-1.2076987985825685,-1.1691600275693736,-1.1766500179568269,-1.164323654224286,-1.1289736279388944,-1.1270996139239307,-1.12425500726038,-1.032962528203383,-0.9963243163162134,-0.981609362181789,-0.9549389864530033,-0.9188394549634138,-0.8833790571167686,-0.8429091096874107,-0.8272424935077033,-0.8173780007295611,-0.7524946175021777,-0.7396565064798621,-0.7292595658726572,-0.7589847897618653,-0.7547039288613707,-0.7566530051997052,-0.7600013141969256,-0.7749159355513537,-0.801664166798319,-0.8435519942475371
-2.0989088472817423,-2.0865216496486214,-2.031181353407098,-2.0030518441024103,-1.9827827095712844,-1.9607733359083492,-1.9490588418519794,-1.9413145997961214,-1.8828449515539156,-1.8406230913216444,-1.8239401151089756,-1.8094778482818537,-1.7260569012772224,-1.6794104863718813,-1.6584124188583396,-1.6406788592829131,-1.614352526312035,-1.601022762414017,-1.5617426432760757,-1.5438969282023312,-1.5305569469465294,-1.4936028603532068,-1.440243233342693,-1.4046747166892515,-1.3710488344049694,-1.3609284876490204,-1.3260019327518786,-1.3030726472677878,-1.2640093942837625,-1.2423372440191358,-1.2108642279796464,-1.181833080800069,-1.1648409981051875,-1.1581939891912745,-1.1089494132145032,-1.0866675337340557,-1.087673060917725,-1.0670798491721964,-1.050640145874998,-1.0421741391226218,-1.0266076152970878,-1.0188137889666993,-1.0077522895592719,-1.0343354934970945,-1.078179632361042,-1.1202918227980578,-1.1807253339513961,-1.1511225796082991,0,0
-2.0953978608413837,-2.064049870670095,-2.019657687036661,-2.008692623411505,-1.984203824013394,-1.9587236879217307,-1.9494715894176144,-1.9344595833763911,-1.9244660193651892,-1.8979311664265506,-1.8695795016463526,-1.8488178809306102,-1.8087910593043988,-1.7759594891592343,-1.7280274200494867,-1.6973182891252119,-1.6844257666844582,-1.6632899544440123,-1.6491844345215927,-1.640154980422158,-1.6117247322700237,-1.5889073108965113,-1.569182787154112,-1.5534895843367553,-1.5017563477579998,-1.491364572186957,-1.4826116043601145,-1.4476617620790733,-1.4280814914013398,-1.4207214655572071,-1.3997302105699219,-1.3585421319194269,-1.3355921413838778,-1.3167498396412085,-1.3057310543997946,-1.2871020900242016,-1.2785193493034503,-1.2700035192131631,-1.2670343559964772,-1.2485859430069086,-1.249900582084194,-1.2610278726837916,2.079182062258747e+38,0,0,0,0,0,0,0
-2.0855694438933248,-2.068964277455226,-2.0313266851388807,-2.012766183151827,-2.003831857089271,-1.9763587291071638,-1.9728109852758855,-1.9689867648091475,-1.9411277435263996,-1.9411841067348927,-1.9188739768622274,-1.8985659269268944,-1.8539922617460436,-1.85119986532409,-1.8220817890244971,-1.7855026740259052,-1.7583405159868242,-1.7434054411221598,-1.7009923738678596,-1.691913274915877,-1.683979299435508,-1.6657765261046693,-1.6608224110103729,-1.6493235411970772,-1.5958547301043828,-1.5890472627095187,-1.582825073317112,-1.5631524789342461,-1.5330759592413072,-1.504594157437687,-1.4941916150718237,-1.4935627015680442,-1.485067893977178,-1.4827152412990254,-1.5042741176724246,-1.4942779492349323,-1.4864695800223702,-2.076481422184882,0,0,0,0,0,0,0,0,0,0,0,0
