jsons/1312902000.json
{"header": {"parameterUnit": "m", "parameterNumber": 2, "dx": 0.1, "dy": 0.5, "parameterNumberName": "Eastward wave", "la1": 40.97354507446295, "la2": 16.46031188964855, "parameterCategory": 2, "lo2": 133.9931640625001, "nx": 191, "ny": 50, "refTime": "2011-08-05 8:00:00", "lo1": 114.97908020019554}, "data":
[rows 0 to 21 of 50, columns 49 to 97 of 191]
0,0,0,0,0,0,0,0,0,0,0,0,0,0,0,0,0,0,0,0,0,0,0,0,0,0,0,0,0,0,0,0,0,0,0,0,0,0,0,0,0,0,0,0,0,0,0,0,0
0,0,0,0,0,0,0,0,0.054962828877552036,0.05574785184132224,0.052645547342787063,0.05835393537585063,0.06829085747103664,-0.023129402606726805,-0.042589605275161674,-0.083528608651263,-0.08401155641267595,-0.0879896238717668,-0.037780627410025705,-0.03167475161319163,-0.030966488586850537,-0.025057436663383698,-0.044216824774305885,-0.021560692114802466,0,0,0,0,0,0,0,0,0,0,0,0,0,0,0,0,0,0,0,0,0,0,0,0,0
-0.1405428224013957,0.12560721880518114,0.1301536750753882,0.1306453715513807,0.12764094962771044,0.1239667302074095,0.11640906978123419,0.03633943607909703,0.1318985387550666,-0.1311018156427998,-0.03217830936781857,-0.0656812631197631,-0.02226425395796393,-0.025202454746597602,-0.02624780668687758,-0.03177093413107827,-0.034176925329508466,-0.04609681686633208,-0.065335661074537,-0.08878998996861222,0,0,0,0,0,0,0,0,0,0,0,0,0,0,0,0,0,0,0,0,0,0,0,0,0,0,0,0,0
0.12537241243397235,0.15417543525912664,0.20717242858348683,0.2184882099977793,0.21007249586823828,0.12777037305721348,0.09745597355132152,0.09493968038551977,0.08436618611795799,0.14346738113744156,0.02082537353320332,0.1894815606880153,-0.18114000457331508,-0.07928997702529425,-0.05213279912699606,0.12505221459855298,0.020810356209217652,0.1393476254374491,0,0,0,0,0,0,0,0,-1.849409068299737e+38,0.11124191262456277,0.09244649225740947,0.07042201291446201,0.09185748583623235,0.081088022841012,0.06825421701146768,0.055669001031313836,0.05220858356302664,0.06005240145776921,0.06530846596384367,0.055665993436874395,0.11463268295614898,0.1919169109870553,0.2686493289273824,0.28653128295328134,0.2788760816839283,0.2792094234631796,0.28547725203048124,0.2794555155522603,0.2771941621497107,0.2747295890076588,0.261323620777541
0.02470962822974874,0.02221981824529936,0.05415961403270932,0.058364067361581486,0.06460238238401488,0.15827753582872525,0.21164218778166025,0.2755941719658076,0.32685699692202363,0.36778138754970596,0.30863094885816983,0.11577493942138484,-0.20662606936505054,-0.2479590939167124,-0.17993684293690268,-0.22909408337236006,-0.25012959156232234,-0.13430574184279606,0.10498004074638922,0.19233794708151786,-0.34943407074330074,0.016910946181612072,-0.023778196044582176,-0.06759091009644977,-0.12993649977729027,-0.16971917146966506,-0.19483251583754657,-0.20157445025057855,-0.23248986101549998,-0.24978383272855867,-0.2636142708847728,-0.2840908120066942,-0.2822391786341858,-0.26654361080507505,-0.25156398270713054,-0.22734481879494997,-0.1802550930626225,-0.044644752160935566,0.01493106682490115,0.13640620957708466,0.2946909400897943,0.3456319028237969,0.3532858972004619,0.35657531798799624,0.36364435317520677,0.3538212821279536,0.3503303763819294,0.3310681377592599,0.29672022941232595
-0.2456720284334131,-0.2493344557582341,-0.25053872386201165,-0.24026788088353682,-0.2600007950581832,-0.25823929924698064,-0.2594785534155712,-0.26982270188304824,-0.30259265461313634,-0.2766680073669992,-0.2736440773275779,-0.2868239064003615,-0.2955589513004942,-0.2992931128622221,-0.3224628519652171,-0.3329503256342186,-0.3529861159898925,-0.3712266403660541,-0.4210621452049799,-0.4061866163982425,-0.4080883489261234,-0.44062473678452785,-0.44248328346656346,-0.44750525285509274,-0.446152457281988,-0.45259796426385174,-0.4352822698170194,-0.43415413791922103,-0.4419685121526995,-0.4353238842413257,-0.4381651956641654,-0.44048445487654964,-0.4314114937794112,-0.4135504835486326,-0.3934689007931153,-0.36087578618963695,-0.3220510765873246,0.04529301781727596,0.15775502512839415,0.30360227085867053,0.4046149813545589,0.4188874479983856,0.4246157882360252,0.4257869730430692,0.4265070766477182,0.41824549583696913,0.40900650230125746,0.39746555508205866,0.3447021877988477
-0.39101673623749916,-0.40370238497306077,-0.42097598207652454,-0.43095542730253206,-0.44953860005805346,-0.45158090173194043,-0.4543486376595806,-0.4604073898975863,-0.46439515616197397,-0.4610516168202304,-0.46286967785170086,-0.4644861494095245,-0.4647391966603843,-0.4680641248134523,-0.47515570469801327,-0.48505084433622025,-0.48616228936549744,-0.4914386811402615,-0.5047113426284184,-0.5049198871045326,-0.49975672085560424,-0.5018500732321546,-0.4984135191482435,-0.4942875252252236,-0.4957585929453499,-0.4944981709348984,-0.49105098252351936,-0.4932733081013669,-0.4964801954389574,-0.49391054113942845,-0.49224422641145155,-0.4900564243001003,-0.4856644518130013,-0.48340566529631207,-0.47000988964240475,-0.47740467554363797,-0.46970702566891454,0.42030521165520585,0.4663108915122279,0.4455015311762706,0.44509695322367787,0.4466429761898968,0.44634063126452406,0.4460627786672819,0.44384941431609914,0.44974869795936234,0.4473780033828287,0.4493821858228772,0.4259208229785416
-0.36081537897649546,-0.3280949716724482,3.341940122689763e+38,0,0,0,0,0,0,0,0,0,0,0,0,0,0,-0.441104349463154,-0.44487385963882076,-0.44025848289821473,3.382760890369813e+38,0,0,0,-0.4370479639918729,-0.4590249214972307,-0.45450496385010253,-0.464828363876787,-0.48924310957129447,-0.5055134172594834,-0.5137156150978535,-0.5109939681109906,-0.4950184808517046,-0.47557667457813524,-0.46886469654665947,-0.41050290331085126,-0.4768028537297718,0.4333726904009039,0.3687452647098848,0.3729103448582537,0.4376092527553327,0.46038447672101146,0.46613869223525894,0.47123159806497633,0.47137621895428433,0.47588447832437475,0.47920126431898036,0.48454838875547385,0.4856456454946213
0,0,0,0,0,0,0,0,0,0,0,0,0,0,0,0,0,0,0,0,0,0,-3.377927259368007e+38,-3.3741574287505447e+38,0,0,0,-0.17036918909706195,-0.3505311284968145,-0.44517767459297947,-0.4948904993456091,-0.49724061951904514,-0.48364920260931377,-0.4614843417470417,-0.5029621350113502,-0.2181416466446661,0.5117799244174429,0.24080926200172176,0.2908225788142349,0.35766675178962537,0.40734864156710743,0.4236139950898262,0.4288316279886209,0.44344441784994104,0.4541606362391511,0.46582611784535616,0.4684062281299791,0.47906010576700775,0.47151529920557494
0,0,0,0,0,0,0,0,0,-0.1735773953129276,0.16585162212271357,0.17841679916489128,0.18714544560303553,0.2093662622229933,0.2247371331816111,0.22678692354741667,0.20165393927479025,0.15466049852162356,0.14624113083511978,0.12088987962090192,0.04264676465170639,-0.08169234891285343,-0.14847203755729746,-0.2569840237647246,-0.304635078252875,-0.38495098018021356,-0.45085657590305117,-0.476437587159389,-0.4930041109309433,-0.5119526568979871,-0.5170969592515972,-0.4781173723806506,-0.4156556850610826,-0.4063735112001233,-0.5253138127818395,0.5258498423733245,0.47875462014739206,0.3692666475659266,0.42021126952119586,0.4414979674656849,0.48155192801933727,0.4893732785232836,0.496963270475295,0.503814567478133,0.49577443300601,0.49547124492801387,0.4929489626880014,0.49284789250308236,0.48587428709877645
0,0,0,0.1258321225737595,0.1380856564231306,0.13399776382098105,0.12030203169687263,0.12448392519556084,0.10022011359445307,0.07907904843901219,0.04339719452870573,-0.01230619317820001,-0.046287188996212814,-0.10015847773062135,-0.19566951883051703,-0.23784428327190282,-0.3022859476170745,-0.33720705394326617,-0.37563891185091686,-0.39311238914023305,-0.40959133411807,-0.4312232471180221,-0.4289909562005187,-0.47882341887567126,-0.49852215631237207,-0.5223776386425221,-0.5284447658595831,-0.5304628873711714,-0.4906203560554835,-0.47768270107242566,-0.456583737638296,-0.31011189278008433,-0.24570163825518987,-0.31849171807619364,-0.09420314778371752,0.23342164192915027,0.3740336744601682,0.32497979548483613,0.36694296759271594,0.41210548111471235,0.4452425098851808,0.46253301517917766,0.4746769008515139,0.48487785546229933,0.48849640540694583,0.49248436775428417,0.49341264660245715,0.4907850908309418,0.486366053788437
-0.014164365300508918,-0.02675609177490637,-0.07259872641618124,-0.09983023325478019,-0.11328210000268424,-0.1263005915336781,-0.15940150482917836,-0.18269378358742516,-0.2116082401202615,-0.26837572456912195,-0.30046948597485934,-0.31965536943486783,-0.3495101431030007,-0.37870760074598003,-0.39590452496121004,-0.43212414885169587,-0.4408671934580094,-0.4538850149096483,-0.4771337473129929,-0.4972681784040692,-0.5192611338644844,-0.5290722090345271,-0.5342869525411247,-0.5436127713914413,-0.5454665371268552,-0.5388235370665005,-0.5317285914819622,-0.5105883084167785,-0.3923451598563555,-0.3549926087301918,-0.2964053613902853,-0.2720234946486579,-0.4089631095604627,-0.5064220240078072,0.4455126292948776,0.27139622647355144,0.2603246263824057,0.3536610623107212,0.43219390378818134,0.44837770652678066,0.5025669756515069,0.5187380791822055,0.5269960825043878,0.5324062883521264,0.5379043627977579,0.5364324660839495,0.5316285582023798,0.5163637481333954,0.5096268366282135
-0.22322619140375588,-0.23847392830648326,-0.26258895612814925,-0.2800390218490153,-0.2929226003430892,-0.31797112981256126,-0.33540167828801787,-0.3533797480946923,-0.3603815853829405,-0.375781467376955,-0.38949257770181267,-0.4020586969588169,-0.41993032439962946,-0.43280002287346303,-0.4365192036026545,-0.4502776598323987,-0.46543207496439143,-0.4789812993109418,-0.4959740143495857,-0.5180164635382611,-0.5354047004102269,-0.5418151618422941,-0.545605486816709,-0.5492136095722655,-0.5385082750175443,-0.5285627057306258,-0.5146271213663187,-0.5014101514511454,-0.4346364829028,-0.3890062002550329,-0.37369758637675915,-0.1933720951624066,-0.3198642198202963,-0.468504372817293,0.5227894917210251,0.40601235192519797,0.29459908473400775,0.35436269570141843,0.3877649297478924,0.4250198661432072,0.4995879518983067,0.5209897451657479,0.5299101814173507,0.533762017198446,0.5506688155491695,0.5593257232155572,0.5601705320323405,0.5532183775227518,0.5518549104010425
-0.2740860817568353,-0.2744109370049813,-0.2732375699977751,-0.2913560365235476,-0.3113184252571969,-0.3247009440827853,-0.3368698928017415,-0.3447380815185726,-0.3497563752050504,-0.36238467848288264,-0.3747037487814381,-0.3803920802596973,-0.39324634924403506,-0.4073435562350348,-0.4150941934087511,-0.42887611403070625,-0.4381933588862306,-0.468564559861749,-0.48380477939026834,-0.5007540344415864,-0.5227012373952925,-0.5340393984670156,-0.5473779564650195,-0.5548831985418323,-0.5569266347072794,-0.5493035891885845,-0.5488269930694475,-0.5280930591089856,-0.5190198176001464,-0.48441047873209486,-0.4665336182559778,-0.4278732911285227,-0.33332716636254806,-0.2786200831371073,-0.3901286457463708,-0.3980226371153206,0.5952931859748346,0.43106039964849874,0.3924030045425071,0.43117348256787047,0.47326653678697744,0.5167718274406046,0.5363410727693333,0.5366873959305893,0.5457982171100968,0.5628459828028644,0.569670916396845,0.5711802921918128,0.5784074980932349
0,0,0,0,0,0,-0.2522157357318444,-0.2972506151607418,-0.3198033883054589,-0.34000928700071636,-0.3528398367443745,-0.3624927422328879,-0.37103255101817056,-0.38367502301996853,-0.39227147926631767,-0.41088417597721855,-0.42458350450570936,-0.4363893064614311,-0.45026791993137705,-0.4654038156860122,-0.49256274451035476,-0.5052630334196216,-0.5189272471255365,-0.533955081406953,-0.5412588879844424,-0.5443896902973164,-0.5528018365050049,-0.5555237868806815,-0.5572626868258728,-0.5625671291706872,-0.5621851651171234,-0.5362202841116112,-0.5205668734472182,-0.47946116749809126,-0.4666094209211487,-0.4109099959568422,-0.5663150837220144,0.477353684000721,0.5317618412060849,0.4471591491055138,0.5066262688259698,0.5435285086873015,0.5533124704933031,0.5617135533806011,0.5906672280891292,0.5966377316759719,0.6033442042121937,0.6152630694337212,0.6190211159425277
0,0,0,0,0,0,0,0,-0.2474138731495979,-0.2998847780076229,-0.3330490861890424,-0.3370951447122735,-0.3271854183002046,-0.33575447125847213,-0.33687576105902367,-0.3488257452063717,-0.36923216898846695,-0.3963813843788074,-0.41850369163980555,-0.4347642087209125,-0.44936046369388144,-0.46225520142787324,-0.4748789238922184,-0.49133621177565445,-0.49658452425256877,-0.5153001778497123,-0.5324528698406185,-0.5406302718438926,-0.5530711332388278,-0.5697345689550425,-0.5742362792571785,-0.583589996344449,-0.5942299625761877,-0.5960867072584074,-0.5565641405649031,-0.48561440609484186,-0.42261906651256176,-0.4481770313473073,-0.16075286859147897,0.47395473267487764,0.37862579646586314,0.427408836942604,0.5267165081335579,0.534877567631952,0.558372245689336,0.5611207141115925,0.561628873530846,0.5902459722546419,0.6022975185855736
0,0,0,0,0,0,0,0,0,0,0,0,-0.1445976362611609,-0.10122970138429804,-0.1299669713053221,-0.18941956438180732,-0.23153179200799942,-0.293633609951732,-0.33642353906316164,-0.3555608284335998,-0.3778889186559699,-0.3884701841962996,-0.3916691856281784,-0.40217801747403636,-0.4033139068252473,-0.4050620079785767,-0.42281589937580655,-0.43756567945024705,-0.46450569051006724,-0.4753833610646272,-0.49344569967365,-0.49377133990851474,-0.5152119791399915,-0.517438226025424,-0.5389721074395338,-0.5630966606064954,-0.4816222485601664,-0.24567521046597687,-0.5916258808460485,-0.322081607404334,0.6366404045719477,0.5135185383117954,0.38878135323591007,0.2613525485369226,0.4705238402720988,0.4743952728727948,0.5042228415572397,0.5224115103277085,0.5305921356709462
0,0,0,0,0,0,0,0,0,0,0,0,0,0,-0.16969824161312774,0.0026190866002795987,-0.19812734009284005,-0.2439228645628879,-0.2667741116636304,-0.2774148297675724,-0.2887217982642362,-0.29625623280156493,-0.2942371448401366,-0.3040610290323326,-0.31160920469911296,-0.2989597651002712,-0.2957734400248809,-0.2843605341476851,-0.29069417863631464,-0.30714817767805613,-0.3118619904852579,-0.2797847321882834,-0.29462454597250304,-0.30299606369972043,-0.23759673569887232,-0.2215780048886061,-0.1645632415493312,-0.0027196867646308354,0.08491801502334706,0.13278094928109233,0.3487313075310683,0.41233518941088154,0.39565585033326,0.5310008961869029,0.6405570641862035,0.6610019582445233,0.6658690863189758,0.6636185853840251,0.660244295706698
0,0,0,0,0,-0.0004819910669897608,0,0,0,0.005248264354088017,0,0,0,0,0,0,0,0,0,0,-0.14957249890829918,-0.21027764194140125,-0.2060930326944443,-0.20794627267633703,-0.19065606408196067,-0.1670975404983556,-0.15863036900994448,-0.14962183751196179,-0.1419089845169761,-0.15565541119953152,-0.15906952713076852,-0.15299189676702957,-0.15404873856827309,-0.13641551518113432,-0.08281523795717682,-0.058927254171467706,-0.022315071801728308,0.06684005159866341,0.06440675411135616,0.15169668826039778,0.2513120578910423,0.3467468975998693,0.4173323745316455,0.46731745238689076,0.5881948701470697,0.616246586024991,0.6407524648888269,0.6634179705943919,0.6700084669234976
0,0,0,0,0,0,0,0,0,0,0,0,0,0,0,0,-1.801333827506754e+38,0.002629048013713514,0.024469911747066125,0.03666901281766,0.043130519792257106,-0.01589609910264396,-0.06263839296273097,-0.1200676350021415,-0.14185987216034524,-0.14636469100057342,-0.1436230383751468,-0.137920380968635,-0.10215767740369078,-0.09111973916520663,-0.10681366904688326,-0.08511212937970862,-0.07432444657513543,-0.055356574487410694,0.029123402101671227,0.07610623315671922,0.08040529906627354,0.17117217447619287,0.22354523731586362,0.2640021175150178,0.3396802588331471,0.34831190929899614,0.4101958960407633,0.4647834240032573,0.5577160605165942,0.5967262432253359,0.6228546033269461,0.6566368990061827,0.664930729143102
0,0,0,0,0,0,0,0,0,0,0,0,0,0,0,0,0,0,0,0,0,0.032903433081039934,0.014513576778952392,-0.020338943373327242,-0.06892713067191573,-0.12701261904914513,-0.15109971735216374,-0.11514699073537836,-0.08231148164452311,-0.07494810284818368,-0.07217812202126614,0.01589530159766349,0.027778417239302675,0.05279749955116334,0.10065408384118335,0.16621744898146926,0.19304835581309895,0.26375843702646695,0.2797166020199416,0.29195106788498437,0.29651377351212893,0.357301614468479,0.3890049722781451,0.4365147431170424,0.49774722798829774,0.5131868197091948,0.5178841977620986,0.6056614882545159,0.5984100041192938
0,0,0,0,0,0,0,0,0,0,0,-0.02109125258598148,-0.024399926111904932,-0.02591160062631532,-0.023491619544519452,-0.020676206852685945,-0.02239886004142259,-0.029246325191514193,-0.037581788516255446,-0.04313322567382572,-0.03490697674913717,-0.0935516784274701,-0.12309136126979553,-0.1563045972572362,-0.10871198239078017,-0.0436205406020069,0.009806351453172659,0.026449127545987997,0.08900339476128684,0.09200588790143345,0.07843314861565481,0.11568092922271218,0.11636604447733492,0.1335931402913309,0.16185873264496534,0.22194454947375858,0.25514699301125243,0.3057566261326257,0.3484216115488142,0.3841579420738124,0.3800263057356748,0.37546886018123193,0.4016808427944225,0.4389245198835399,0.4820498044426601,0.5070286587707579,0.5254680240531384,0.5611648521319041,0.5942938334901529
