jsons/1312837200.json
{"header": {"parameterUnit": "m", "parameterNumber": 2, "dx": 0.1, "dy": 0.5, "parameterNumberName": "Eastward wave", "la1": 40.97354507446295, "la2": 16.46031188964855, "parameterCategory": 2, "lo2": 133.9931640625001, "nx": 191, "ny": 50, "refTime": "2011-08-05 8:00:00", "lo1": 114.97908020019554}, "data":
[rows 22 to 43 of 50, columns 49 to 97 of 191]
0,0,0,0,0,0,0,0,0,0,0,0,0,0,0,0,0,0,0,-0.22542431932609633,-0.059463092305281046,-0.13449630211497024,0.09504121042623197,0.1468573062012867,-0.10459308899505576,-0.3547437243890661,-0.38861635169254327,-0.4517510840158677,-0.6803274927926083,-0.7228296632271306,-0.7622225416499467,-0.800408212859217,-0.767339810464534,-0.7141834743705181,-0.641831028897864,-0.6112715186675249,-0.5504110671863195,-0.39685413516934204,-0.33047334675897583,-0.3986565284178778,-0.4368509533083443,-0.4077803180108705,-0.36559218630585383,-0.32070639439618726,-0.19875762304967998,-0.22601983825837801,-0.3204595393910659,-0.6930361272011407,0.8375549939104242
0,0,0,0,0,0,0,0,0,0,0,0,0,0,0,0,-0.0009621688803851338,0,0,0,0,-0.04368229785393603,-0.0948054932339176,-0.16529909525024197,-0.2495176578156829,-0.3066077876679144,-0.4007940973118971,-0.5367679269620884,-0.7146298753994051,-0.7909637418669134,-0.8101189566618574,-0.6674899119273356,-0.541117923693333,-0.4359195126984326,-0.3000451606020413,-0.31179217535195164,-0.3094076769114873,-0.2854557479017281,-0.2641671105597214,-0.2495427498815826,-0.2252089728497019,-0.20292598569292142,-0.24664482612214592,-0.19230549241324948,-0.43896815380827287,-0.8427040047057109,-0.6626901116974939,0.08762667612756858,0.48297119046853226
0,0,0,0,0,0,0,0,0,0,0,0,0,0,0,0,0,0,0,0.0703534189629599,0.129179081973667,0.08720871143012268,0.040469559027129266,-0.012483888813019864,-0.10193772727811744,-0.34211180384156875,-0.5063143755104763,-0.6528615094578174,-0.8302610440566421,-0.7937088532885381,-0.6397439860773013,-0.21473811615235952,-0.21990977056777333,-0.20832233846597975,-0.27169900191543167,-0.28583287897158444,-0.26592933022962173,-0.1790320282794275,-0.11282708523721467,-0.18920193697290466,0.16678112078597448,0.7846429651688077,0.795842252500087,-0.4865631498134109,0.44322222696026015,0.26496639413167106,0.09185442726272273,0.163583778465979,0.25819682657400894
0,0,0,0,0,0,0,0,0,0,0,0,0,0,0,0,3.3038944722661223e+38,-0.24154062667525442,0.1429909420704611,0.192348470345546,0.21420624348520764,0.07900275745938241,-0.021480880966782096,-0.1293731364967174,-0.25782643230646113,-0.6275785872065944,-0.7849003322294449,-0.854448184809215,-0.5979157531682029,-0.5717618513582904,-0.12212116459398027,-0.18350429766963386,-0.21212637383403338,-0.5055081533576491,0.6731840623367084,0.6892659696829326,-0.2527391739049201,0.7778633311094616,0.16005343634393895,0.4262869870962786,0.6684757458036523,-0.5506109611113289,0.7621861057668928,0.4437951264622144,0.8149814118937244,0.8163853336689303,0.11279659953913532,0.30682159172271983,0.2451567263834597
0,0,0,0,0,0,0,0,0,0.0632325082865698,0.1492550116003774,0.20886394074049505,0.2803275343411921,0.3650417632877116,0.3851455036659283,0.36661215101308176,0.3673769242426771,0.3793013388310999,0.2775492988253577,0.1778040591717596,0.03681941131465038,-0.189812221336404,-0.3744446318978474,-0.5165601094212926,-0.667593181577001,-0.8548623033772282,-0.8776015344210524,-0.837131450484238,-0.601621600190068,-0.4067758624866459,-0.28271291658921754,-0.18113886497810744,-0.3421248522138862,-0.7716313479229964,-0.7936348951236031,0.40319148407285893,-0.48207827279998594,0.30629585744879584,0.17263708770372865,0.16085631082785642,0.14275517921191827,0.15268512506759715,0.17010103417104108,0.1832416340557185,0.1885376305208144,0.18591069983310377,0.1883043635715896,0.212602777541999,0.2582574116860376
0,0,0,0,0,0,0,0,0.21563464535600316,0.275094347683933,0.3452739962158419,0.35961325019124546,0.33635018630623364,0.3282736925029538,0.3057358027569673,0.24486124464560868,0.14875267529712627,0.07866776225779934,-0.21877536580122,-0.33573475327310554,-0.4367065381490704,-0.6553280371036684,-0.7767087922832832,-0.8228568020863228,-0.8630605369946277,-0.9027985219711063,-0.7869164621645542,-0.6814475610064225,-0.40914171782347086,-0.35233681942609285,-0.2850543432452382,-0.1517698435792764,-0.18541718609241434,-0.2953220710990057,-0.37957037890545886,0.1622307868983126,0.3887279278339478,0.15750044332795832,0.1714735191134167,0.17712615944060206,0.2221820757641119,0.21414981985070428,0.21871980163968655,0.22215027958720127,0.23638128699112512,0.25138917587030685,0.2331460979333799,0.19889688651170026,0.19531962265229555
0,0,0,-0.370991193637505,0.2671948837198921,0.2756522458616485,0.2793322096986069,0.30126308528043316,0.2926019119807446,0.2530256146657471,0.25394108039014246,0.2375967636736278,0.15618707571101093,0.10886367828076274,0.03200338021060399,-0.1627735801844709,-0.31880687156438503,-0.39774178816928624,-0.5702407988379434,-0.6101171382999443,-0.6599574362571161,-0.8035845982754886,-0.8831832725384079,-0.9018138575516783,-0.9166266331567007,-0.9075530906232732,-0.8264365174153879,-0.7902635867507289,-0.37078769039142034,-0.19457776802314222,-0.3381769068263739,-0.6962687842428726,0.7381885655265007,0.28065344500820194,0.1847397016088258,0.15491344278116284,0.2066101214017212,0.22239064736408004,0.21969393894148373,0.22426508010064436,0.24654311005510654,0.23404358337745548,0.24018011216038435,0.22337310449697076,0.22206796364057302,0.22799452383098842,0.2311785139835575,0.2212349473475141,0.24146000600004464
0.11842165786481448,0.16015992797307527,0.15850254912715453,0.14867819105908503,0.13626155109947766,0.05248832749649377,0.050296216127255156,0.035899412833057656,-0.006531432990305214,-0.060577384040301094,-0.11658133773025298,-0.1862114603782993,-0.3096707100254529,-0.3765195603676138,-0.4403856094942458,-0.5682211791167756,-0.6303378728837874,-0.6736396616403009,-0.7773573453290852,-0.819018328565051,-0.8625203930212805,-0.9169694442243002,-0.9383082710041957,-0.9421776605748673,-0.9409058661891335,-0.913048817012332,-0.8265023088134408,-0.7581520528134887,-0.5348649645616994,-0.38122295330799955,-0.26341211368627926,-0.13563804805578333,-0.27403404036115203,-0.5734431742471875,0.7018620718179862,0.49033071668161055,0.3041096074876104,0.23986145669258943,0.21719496844796124,0.22213734259634055,0.16014160020195584,0.1685542618183914,0.18301163570789908,0.19661314136305189,0.2320455093071373,0.27571830923886614,0.2691435217726845,0.2463629409066151,0.26663843362630224
0.004366742030125027,-0.012929891328543748,-0.07362298045287022,-0.10187892149387646,-0.14563728235670598,-0.22960624998669146,-0.25375004714067845,-0.29054640953483507,-0.3103832966180918,-0.47874535127456164,-0.5508598719832427,-0.644238026128006,-0.7684280003977965,-0.7989366898156502,-0.8026747912027674,-0.8534857494929788,-0.848776792586738,-0.8334940785020839,-0.8850784586709398,-0.9247553687703781,-0.9523437598671546,-0.9878500650531769,-0.9860548483649584,-0.9966874452578552,-1.0087996441862546,-0.9690964684383336,-0.8827465488556518,-0.795577230833977,-0.6322199363902758,-0.5817141527823217,-0.5146410076852103,-0.39616020645980615,-0.3517401082336334,-0.3026921484803694,-0.6368644194198647,-0.542622275488617,0.7169949519350092,0.2622735968822345,0.22091363137053088,0.13197378064556742,0.12945880171523624,0.11381366907792681,0.11495848983184677,0.15526782785673154,0.19631380990445715,0.22202767888944233,0.22562220287949303,0.23727124393763527,0.2523014492249608
-0.26511704941031494,-0.34428208080997785,-0.4159316438345701,-0.5027714110164314,-0.5834905808037016,-0.704751447137775,-0.7472007929370277,-0.808196918835471,-0.871424341416226,-0.9463401441669396,-1.0101394864488153,-1.0213389691550434,-1.041508206625862,-1.0096202762742328,-1.0079792722134104,-1.0112632829676709,-0.9825626160679578,-0.9686288345985743,-0.966432262761086,-0.9654640914906045,-0.9667098345914685,-0.9752495889184325,-0.9981598829168709,-1.0157664381048002,-1.0101875266876923,-1.007506047992111,-0.9569332445387747,-0.9171743504877353,-0.8685869065038796,-0.8309480739060877,-0.7955801529256936,-0.708223326568481,-0.6634336669684645,-0.6087207571517078,-0.47775599518804934,-0.4001498068919576,-0.24419820741318446,-0.596287993908969,-0.15963213439782872,0.6677677175389434,0.15727941757484076,0.29456349734983883,0.30591908544762036,0.3086859463391509,0.14479042872190695,0.15184280732114994,0.12837919703904477,0.14226881864655674,0.11618090696203004
-0.6774240465277165,-0.7438386698453708,-0.8315964442091349,-0.8739855647334629,-0.9295400066033697,-0.9867698377675663,-1.0352367994685732,-1.0582666664656848,-1.0742231157382283,-1.0676563343363281,-0.9932708287332186,-0.9327272438466825,0,0,0,0,0,0,0,0,0,-0.7294078917131813,-0.8939858577898324,-0.9618606707744229,-0.971956075785362,-0.987671109446832,-1.0005580620926424,-1.0015499429119674,-0.9991447136682026,-0.9757547591566574,-0.9562085718962726,-0.8822460940964475,-0.8426798981770434,-0.789061970170587,-0.5790425394086549,-0.5099813394202752,-0.3760263551006569,-0.2865645672677321,-0.2664476783232703,-0.27547357829339536,-0.23626103195802456,-0.23948362575878948,-0.2572206352243526,-0.31440096199736334,-0.28173708328962915,-0.2561206972313664,-0.63457415250108,0.6468247803056844,0.23507332444618387
-0.9177833547832447,-0.9640420435878161,-1.0032883820968526,-1.0228845022540016,-1.022361611623233,-0.981833984694756,-0.9232258732271299,-0.7496462133464478,0,0,0,0,0,0,0,0,0,0,0,0,-0.4306712317552687,-0.7983027876507176,-0.8992877539709175,-0.9310307624374681,-0.9472431551045486,-1.0190488834591853,-1.0170585362809044,-1.0303604726741065,-1.0505074596353767,-1.045172655821826,-1.0420925337719322,-1.019830829461663,-0.9992540535315169,-0.9475274773311316,-0.79953573218078,-0.6906784825137768,-0.5904572007668986,-0.46960036395994287,-0.6628747794711146,-0.6722496437688741,-0.6997268342719419,-0.6004100064525868,-0.6993007120404383,-0.5747820251282417,0.30399762709131806,0.6941602326579975,0.8115114865658852,0.40686661643760397,0.20171055654975512
-0.9351181542005629,-0.9096572812520524,-0.8227277689685317,-0.7504505103193813,-0.6409759914572922,0,0,0,0,0,0,0,0,0,0,0,0,0,-0.255211051091753,-0.46978879488780045,-0.6934817764885087,-0.8775981703959536,-0.9217890570646968,-0.9604008243740176,-1.0055735517952618,-1.0319108804822494,-1.0414621981870504,-1.050623161703455,-1.0745151593328264,-1.0837171816252318,-1.0935887651845457,-1.0912147582576253,-1.0594199001179305,-0.9955217381085528,-0.8625679044670554,-0.773450911996815,-0.5967436728716601,-0.9870114184470432,0.8401507232201758,0.5611317949331655,0.38895081335310966,0.40444144447420405,0.4268999851099396,0.4802064866194608,0.5751965617171707,0.5820968239257287,0.48300703187844346,0.5313767923538544,0.8185067308516657
-0.7198217318449548,-0.5057101768376566,-0.24817017255580884,0,0,0,0,0,0,0,0,0,0,0,0,0,0,-0.3482892895319415,-0.6902397852499753,-0.8722794341229295,-0.9587870470749924,-1.0259530333929379,-1.0340448181218675,-1.051910335702935,-1.078511253809383,-1.1023376961836975,-1.1058537882236732,-1.107838744198656,-1.1208158460671849,-1.146846242989513,-1.1537266286615604,-1.1348100785656352,-1.1256577036326436,-1.095727419434012,-0.9698970252418705,-0.8989821916819193,-0.7894811965526362,-0.6194930034108554,-0.6359757872171725,-0.7281197461542307,-0.8278177041914748,-0.931862288819801,0.8625424521811885,0.7192046186039417,0.4888647450669648,0.7403476677459593,0.5019335545204527,-0.8359485168105568,-0.5872584383704517
-0.47170706720393984,-0.47435191600755616,0.5251229671228859,0,0,0,0,0,0,0,0,0,0,0,0,-0.4016075368020108,-0.5898866932579053,-0.7572043182571736,-0.9514199472935169,-1.0131415143288613,-1.0598657458160605,-1.1047068227312424,-1.118482753240483,-1.1303011742265272,-1.1426100614068153,-1.1489345913301587,-1.1497711720735768,-1.1553590651519137,-1.1592836975932146,-1.1748231149207837,-1.1832622938606743,-1.1723326136908756,-1.156247583384307,-1.1305763813271121,-1.0226397590031202,-0.9310881696472335,-0.8325074999376604,-0.7614546995077731,-0.6963412672646079,-0.6121707767681991,-0.5063048023804247,-0.44476945853057226,-0.3531565486735584,-0.3296727421541048,-0.27231615028805106,-0.43407675738904766,-0.5174930937540698,-0.8073760010456923,-0.7258538845921996
-0.3463696122512449,-0.2779693700126614,-0.20484288246757096,-0.36733903182428335,-0.4703464452810004,-0.44143877377529867,0,0,0,0,0,-0.6326234705500119,-0.3015814969709171,-0.43649249359729025,-0.6024568543365227,-0.7722922878709931,-0.873716975485824,-0.989859585805957,-1.0916942874469555,-1.1282834340841315,-1.1511227179636383,-1.1631986237492495,-1.16638142084463,-1.1621309566266123,-1.1669722345221583,-1.1708473057865822,-1.1820882159125516,-1.1867645124365576,-1.1920763246851576,-1.1889651038136027,-1.1816823813244928,-1.172272238012014,-1.1465985660420712,-1.119993967312325,-1.0469076714842844,-1.024813688586793,-0.9870116797034179,-0.9358090201952479,-0.8691020674223795,-0.8361760231234731,-0.7318966382643979,-0.674122241054367,-0.5798125376181772,-0.5541941558654792,-0.5096788945101359,-0.47684932676982933,-0.4674938650697286,-0.47426479026892593,-0.4766309881351939
-0.3451222168009743,-0.28032085231001985,-0.4327628835274829,-0.4898064484076461,-0.06387558366963611,0.3899084994172373,0.4016413884462796,0.43989046819229144,0.5433128322144912,0,-0.3820187710272064,-0.5299615460799305,-0.7298145141029612,-0.8832412947855038,-0.9715297465058864,-1.072825304936532,-1.1207544152317412,-1.1747489690401487,-1.2000608544485951,-1.1983853124625163,-1.2000756091902314,-1.1987699996720076,-1.1941603083696335,-1.1903913280869798,-1.1808252804540016,-1.1673395906560633,-1.1847788257648417,-1.1833139408320337,-1.1885594031004396,-1.2105097940233676,-1.2012547662164783,-1.1739343307472807,-1.1479427947672605,-1.1272680293698467,-1.1103496880716701,-1.1004745295037808,-1.040574150746353,-0.9648862061717681,-0.9269708765212367,-0.8850554729798655,-0.7835353157781835,-0.7520536634010708,-0.6949679458165308,-0.6366452399600386,-0.6224507927250663,-0.6018932830771687,-0.5891278382737788,-0.5392545471497158,-0.5680224958495588
-0.590257267668378,-0.5852089018156174,-0.4983680269813004,-0.46022807138343963,-0.42750206243568123,-0.4831549062673676,-0.5595948688765807,-0.6724514752588951,-0.7467661343407223,-0.8769957464150263,-0.9620110665743752,-0.9896286958815792,-1.0417834807829132,-1.117797976341047,-1.1483271284186944,-1.1734982170923858,-1.1969325043477677,-1.2121067308605773,-1.2033977690616908,-1.1951614714246597,-1.1870811113534812,-1.17289748268335,-1.1557751088469845,-1.1613036186173153,-1.1564437652716946,-1.13462519060317,-1.1628819587619392,-1.1619109201734674,-1.1308175459284344,-1.1361168104497512,-1.1339429237880394,-1.1217840913389738,-1.1149846701411559,-1.1174032276071393,-1.1081261568667495,-1.084190843161565,-1.0556489634801265,-0.9867934571363467,-0.946293587577681,-0.9151074605579511,-0.8681760939484904,-0.8231787641126489,-0.766137166805737,-0.7715391839918906,-0.7548060105795337,-0.7407602010666857,-0.7342504755965475,-0.7020298238573082,-0.688387043834253
-0.6628524873679735,-0.6837463136471256,-0.6918843321836424,-0.7281594485663277,-0.8681478236055533,-0.8681986884952015,-0.891113820081814,-0.9666555423610935,-0.9719045983224397,-0.9965514344283383,-1.0450170688507503,-1.0897636675389413,-1.1227536277377073,-1.1747997074655971,-1.1934289330880705,-1.1940910497583637,-1.219284486986462,-1.2141925815762085,-1.2020864836346652,-1.1894841428486036,-1.2083064265254424,-1.203359321625403,-1.1816398237055252,-1.1938869285902372,-1.1930392488296733,-1.1747314151595836,-1.1753569376636874,-1.1674271795460391,-1.137146938152386,-1.1321501090627208,-1.1224871110137025,-1.1062771056397083,-1.1090647453914357,-1.1065884929653638,-1.096873365196109,-1.0763386418218654,-1.0381858448704266,-1.0114813469678416,-0.987522156030298,-0.9678329420613566,-0.9242273624341322,-0.9082099993221068,-0.8982186054876387,-0.868870987220366,-0.8436934329564959,-0.8289080202190228,-0.8269042742321877,-0.7834670263465588,-0.762820006111262
-0.8257118387621494,-0.8733592478014226,-0.9134780848488668,-0.9168621916252677,-0.9790312110433474,-0.9921003660629973,-1.0124773078358,-1.035026401326876,-1.054950544313217,-1.06772320440512,-1.1220417921367554,-1.131039445461599,-1.1500894262600412,-1.1907813568798613,-1.1992143110472353,-1.201524648862523,-1.205741307778513,-1.2146739143457128,-1.2128110569719837,-1.21171832464894,-1.2095346258386002,-1.1983539039739481,-1.1871717312035994,-1.196263602303662,-1.1936460192269007,-1.1684255522380642,-1.1674791419002353,-1.1544953772833026,-1.1332754273406278,-1.1178277267192112,-1.0983215021992667,-1.073785472336094,-1.051910904386075,-1.036647454696415,-1.0522043569569777,-1.0338432544942644,-1.0113207484938886,-0.9996586047524179,-0.9900697403009614,-0.9691966939918922,-0.9669941589677272,-0.9543066453825291,-0.9351290004061945,-0.918029251473505,-0.8992632566753007,-0.8991317693145338,-0.8913513500362604,-0.8669787127286199,-0.8506208012549488
-0.959038484838211,-0.9861795770587187,-1.010131335418351,-1.0214801900474006,-1.0494039349312378,-1.053559527598318,-1.062529269528503,-1.0762087109391445,-1.090188192753589,-1.1048075937847486,-1.123367378105826,-1.148438299285386,-1.171556891060197,-1.1877030465988005,-1.1970826037790119,-1.2098839769743968,-1.2106043367989465,-1.2081044755035821,-1.2037674842754962,-1.2000431645770033,-1.2108738606272793,-1.205008313115828,-1.2041166404414618,-1.215933756530655,-1.2213402411147716,-1.193394673646441,-1.168759743240155,-1.1597536647964073,-1.126216895739138,-1.1227545703555137,-1.107533315216721,-1.0847136819546273,-1.08256826736591,-1.077904986024487,-1.060394328434253,-1.0494130803414183,-1.0588825619356517,-1.0393107137408653,-1.0169528476072807,-0.9813420190430103,-0.97981267700275,-0.9777413207995556,-0.9517702874253724,-0.9421636924715835,-0.9323697064759902,-0.9160503855464946,-0.8958167385600215,-0.861094859452145,-0.8639131095768905
-1.0050177107004468,-1.0406688814441543,-1.0607182479309583,-1.0655860605427745,-1.079407476510302,-1.0863583124591432,-1.091911388272784,-1.1101201773708436,-1.1178280083281755,-1.131216027191402,-1.1655923084580806,-1.1678969679783537,-1.172248948616386,-1.1925106186246208,-1.193494588682457,-1.1954900548623062,-1.203924365756532,-1.2152588239754591,-1.2078098826100525,-1.207224413789464,-1.2095845490974633,-1.2000232840487766,-1.1966768757743742,-1.1981845518248027,-1.1900644268563612,-1.170019257159607,-1.1697679474677127,-1.1647265312010189,-1.1367722357645584,-1.1345955906218097,-1.1288577986142043,-1.1097263545316727,-1.1088945082869568,-1.1038453695290131,-1.1013149581776231,-1.087338500071407,-1.0704323202685473,-1.0339234508068254,-1.0356423652641977,-1.0206603562278986,-0.9964609579593492,-0.9875091611514137,-0.971739808899696,-0.966882779745298,-0.9396219773175533,-0.9143766361695521,-0.9000259737749964,-0.8665114515212395,-0.8461199523577844
