jsons/1312869600.json
{"header": {"parameterUnit": "m", "parameterNumber": 3, "dx": 0.1, "dy": 0.5, "parameterNumberName": "Northward wave", "la1": 40.97354507446295, "la2": 16.46031188964855, "parameterCategory": 2, "lo2": 133.9931640625001, "nx": 191, "ny": 50, "refTime": "2011-08-05 8:00:00", "lo1": 114.97908020019554}, "data":
[rows 0 to 21 of 50, columns 50 to 99 of 191]
0,0,0,0,0,0,0,0,0,0,0,0,0,0,0,0,0,0,0,0,0,0,0,0,0,0,0,0,0,0,0,0,0,0,0,0,0,0,0,0,0,0,0,0,0,0,0,0,0,0
0,0,0,0,0,0,0,-0.06591091704693851,0.018377537375914823,0.04625220075687498,0.06385748694805538,0.09843900433733282,0.10576386406665246,0.11040965473809126,0.11236844941857081,0.1138372130836536,0.116704200175529,0.11525646836826006,0.11889983685071263,0.12512378889833203,0.12507235460101132,0.11833902854330405,0.16847581016018093,0,0,0,0,0,0,0,0,0,0,0,0,0,0,0,0,0,0,0,0,0,0,0,0,0,0,0
-0.19301219410823653,-0.10799734704461603,-0.13178639778798548,-0.1191460236752122,-0.06072142455719088,-0.03342352508615699,0.02479713867846075,0.031479165090206325,0.0798798663856364,0.09828438300032248,0.10723554040701039,0.12196797985586375,0.12195941866897336,0.13028901538841162,0.13550054135307182,0.13569229162617147,0.14960767828163643,0.15695734692138782,0.15579017727382818,0,0,0,0,0,0,0,0,0,0,0,0,0,0,0,0,0,0,0,0,0,0,0,0,0,0,0,0,0,0,0
-0.2653564438217971,-0.15999057761176724,-0.10002652516594134,-0.06086645580577865,0.0645579407953202,0.10213849477504564,0.12663269684744216,0.13910595828106706,0.1687989015488009,0.17109931054817995,0.1766952781246936,0.17411086628507846,0.17184007319073488,0.19095112962623725,-0.15960385514336828,-0.23936268985457826,-0.09189352944241956,0,0,0,0,0,0,0,0,3.124020753263841e+38,-0.4750068556278157,-0.5165651247600282,-0.5367386774601697,-0.5471967772353543,-0.5562721107603708,-0.5526692777915794,-0.554218162958673,-0.5627447564667402,-0.564425657715718,-0.5825426560819248,-0.5791592983234538,-0.58264489201571,-0.5466279180965686,-0.40647633039891345,-0.30287461707155333,-0.26280576245121545,-0.18716204716487012,-0.12448664393059475,-0.0792102726590732,-0.04917529678185389,0.014961138373224395,0.04530079109821335,0.07300083897985934,0.1343028366856602
-0.4849486791501508,-0.4868795957868203,-0.4922909899151549,-0.5177393501142258,-0.4739456682499181,-0.445410517009578,-0.42117488259168095,-0.4780138153187326,-0.0825387164092529,0.17894496646462316,0.3825748375537798,0.3469182497505171,0.22229106482244645,0.20109303934908718,0.040147223823684484,0.008204095858777622,-0.3248194291561501,-0.3844205296691936,-0.4340587786940554,0.14536410575115685,-0.6419610986968125,-0.6625082763981458,-0.6564710399457674,-0.6298810181400317,-0.5994759795202953,-0.5833564870220825,-0.5689194146571397,-0.5642810647896994,-0.5612232443234104,-0.5429184293792414,-0.5183821033962707,-0.5231537046859123,-0.5101936424064564,-0.5106012018590121,-0.5363321982332677,-0.5642258246097359,-0.655741940376749,-0.6701112767615062,-0.6877439610423776,-0.6177201069794679,-0.43420909241343814,-0.338515307598359,-0.2575922242767603,-0.15178371208454453,-0.10043256027059869,-0.06585369123190087,0.08180956450042443,0.1533145834840641,0.20067197858958236,0.2635764875453175
-0.51860942653498,-0.5319053754730009,-0.5543298533225052,-0.5708297083802379,-0.5930877026531226,-0.6068164235430783,-0.6326178919954337,-0.6538801917549325,-0.6515035005447438,-0.6704980642360449,-0.6715148096998571,-0.6805661551358583,-0.6874814111252726,-0.6861883200943858,-0.6937600276820811,-0.6844599453090676,-0.6777557546023992,-0.6393260641637891,-0.6328929798301443,-0.5851928133012938,-0.494022042793793,-0.4678373258282423,-0.4001169809012431,-0.38191029852767394,-0.33759241573079884,-0.3408405852969381,-0.3245169555563123,-0.284595378043923,-0.2876928949589344,-0.27270776591768436,-0.2846323464889144,-0.2887434931445661,-0.2990912670750931,-0.3164213980101995,-0.3550542410331824,-0.3773578119973028,-0.5838860617368676,-0.6862507768866228,-0.7301052619434005,-0.4616862770219871,-0.24111216369117555,-0.1927793280644155,-0.10003831505600128,-0.004476800580777171,0.05646254745543015,0.12709341084219974,0.16609353249294292,0.23595611204822403,0.28464254585423543,0.27834092562762747
-0.3262162722692945,-0.31009350723786444,-0.30931342178400073,-0.29672459607914436,-0.32873059287901685,-0.3343393302614363,-0.36280038753723626,-0.3910139505496989,-0.4205040994580372,-0.4417972426785365,-0.43240508722046994,-0.4411898950111032,-0.44259413400293796,-0.44374872469104765,-0.3973567635252085,-0.39309012439639174,-0.3915217569007041,-0.353142209493159,-0.34447783097530027,-0.32525400711033836,-0.2975448751656581,-0.2803853114761065,-0.2652371374079772,-0.24827525235998774,-0.24287048613889514,-0.2533629517841495,-0.19777216909211423,-0.15090207248624482,-0.11232890634384776,-0.10027255872641443,-0.04792012926726393,-0.02710743901391364,0.002578692290452266,0.06404128917788925,0.13013245363816417,0.14950701203829286,-0.2479998147052763,-0.737288853774822,-0.14728025502397657,0.3329201802178967,0.35526061546233756,0.29739700598684105,0.2701141519116955,0.23734127033617478,0.24249054100483333,0.25656028064457725,0.26420252550870926,0.28381024624640666,0.33370150923778324,0.3153802139497076
0.08584434226310689,-7.167489258446709e+37,0,0,0,0,0,0,0,0,0,0,0,0,0,0,-0.2549171702687147,-0.14356925557509864,-0.10963038942071533,-1.3602824727686026e+37,0,0,0,-0.2654932915175835,-0.20881355153319225,-0.26476405410546117,-0.2983702006557488,-0.21289227347950287,-0.14306570591799211,-0.11571320513240393,0.04057816031368261,0.11588645295991461,0.1697319975308942,0.2898897881438165,0.3643431737680713,0.3464526983494013,-0.3882592148982202,-0.26159201584170394,0.4661646121742764,0.540054228604199,0.49535288453750126,0.4559276771351069,0.4084862309746878,0.33019123969214814,0.3264818268777772,0.3057282503588491,0.2818767149041793,0.2891044776765925,0.3142975939547181,0.3399088934588927
0,0,0,0,0,0,0,0,0,0,0,0,0,0,0,0,0,0,0,0,0,-1.3844001832568168e+37,3.71432294605904e+36,0,0,0,-0.4919494101361263,-0.28722050365323737,-0.1828721090307183,-0.08395338781371865,0.11566218142436342,0.18811028667413734,0.2909474500580744,0.4266379593698969,0.48810182212617026,0.5793511557108155,0.6313840058162973,-0.09524750165954893,-0.5987560526494984,0.6709617864559759,0.5707375630535743,0.5787709328786906,0.5658494643126224,0.49375403078971364,0.500238358456558,0.4920983710648648,0.47669989725611883,0.5094421271315143,0.5374632868563525,0.5178637207242269
0,0,0,0,0,0,0,0,0.04850067995438225,-0.1979995517800468,-0.1954412360430516,-0.29986356562750677,-0.2932256752693724,-0.38707884027010653,-0.19228228943701758,-0.013501508485497755,0.13439606729270745,0.1618311123392835,0.11983913229441158,0.07513416232990272,-0.007770246898366426,-0.03278371508208281,-0.08506810460388992,-0.0897486860866394,-0.08622092777412278,-0.05176276586546099,-0.03028944360246758,-0.001172868181406469,0.047106886076002885,0.08003236854864992,0.21927627615253026,0.29817443442916436,0.36172862521225585,0.5170736510044663,0.6090387128925754,0.609106013746348,-0.016416788911633128,0.0682667309582506,0.4079375092509956,0.6868583658176316,0.6255978229395607,0.6022497633020458,0.537163289625675,0.5610843217365526,0.5621429267895018,0.5574241522425842,0.5421719079301736,0.5799097783570468,0.6021062368370212,0.6206866317144991
0,0,-0.24942233567289795,-0.31090320347248707,-0.34457029072918344,-0.3783887427671356,-0.43853523516229265,-0.4523812555313559,-0.37826287198300335,-0.3361566252072085,-0.23357738561059774,-0.2087415400493879,-0.1537200043824163,-0.04478565960392067,-0.027667583181982994,0.03672239602769137,0.060512574566809724,0.063233331863284,0.07319132722634726,0.0569892730289204,0.047979911719350385,0.05404144825915308,0.08167184264134772,0.09719122338523498,0.17683571047865734,0.19490608727449626,0.2203377630809052,0.2759627368603085,0.327078672384618,0.36833683935452055,0.44713926257282977,0.5163445760754298,0.5483443458675222,0.6336872440153037,0.6929326406145752,0.73534158260532,0.3138090510243241,-0.7901400327107387,0.40206935789868486,0.6850941506668479,0.7102291059577193,0.6874533034941426,0.6500642244099758,0.6194224797114326,0.612885289485649,0.6139848088318947,0.6106574877081675,0.6196745776618449,0.6213322784242938,0.6457407237023747
-0.45292602419199274,-0.43444915436261833,-0.42259693199488724,-0.42697488058155253,-0.3735148547546774,-0.37303655422272836,-0.3650928593332011,-0.33669611757085743,-0.27306017960607054,-0.2607526813014232,-0.23106545589677147,-0.12473159049337948,-0.10051838885008414,-0.050170633069501896,0.039978558405421055,0.057500850520047844,0.07834887981228782,0.10624909513275066,0.12781899766218624,0.1542908156660958,0.18546826845387776,0.19323479185193043,0.22303339091529348,0.23744656175900022,0.30813070168749984,0.3612562092914055,0.40488280211879496,0.4923606298308255,0.5088004715895044,0.5313271531365421,0.5833562488681301,0.617039664232256,0.6389358958805555,0.6901652054851238,0.7235000977913065,0.6667654693093796,-0.5891024449670552,0.755683431401982,0.6784170277540155,0.7419265994197564,0.7205367973127396,0.7338283320027494,0.7145392189802178,0.6751208352340448,0.6762301704935422,0.6807179807384374,0.6908330806034263,0.6994976532013709,0.6955968572414524,0.6998637146831359
-0.35253953441119795,-0.3121545442084359,-0.2922700107232951,-0.3052990881585079,-0.28834754164359616,-0.2558953513523227,-0.24770575737936337,-0.2151890567195748,-0.18263941007944898,-0.16791820284395134,-0.13189242036201634,-0.07681760683214818,-0.06327691990568467,-0.046670452895688004,-0.010955540214562607,-0.0011542346240796392,-0.005029803784686854,0.04835516059470896,0.1348584132544757,0.1656954107767689,0.2351938521877227,0.2543567991475031,0.29196771493161044,0.3399600685228797,0.3974843005963231,0.4171631585014759,0.4312469446216898,0.49797120708416026,0.5427091245807494,0.5582274944311116,0.6269749578853754,0.6443120355300224,0.6693686798761453,0.7110712657078817,0.7407977132384452,0.7395266076058997,-0.4695315236895346,0.5819897546922447,0.7048299064034557,0.7828932684679926,0.762588283565162,0.7612605167849439,0.7567109376188921,0.70916450706805,0.698162008532511,0.6920492131231315,0.6822615045817914,0.6933177225287708,0.6739475796701025,0.7147380430590883
-0.21829059055482228,-0.22978514722592566,-0.241461641618278,-0.25539986371028905,-0.22354687824379768,-0.21271127475088814,-0.20903179892626345,-0.19578155049315366,-0.1693061860748868,-0.15404320532977353,-0.14076118552673256,-0.12256300842806139,-0.11823981612748478,-0.1130769606249713,-0.08291528985056991,-0.07327427289709834,-0.06237502617134005,-0.017252546142825148,0.03796080335117613,0.07253859624098295,0.16126474088972984,0.203493107138345,0.24748445961790327,0.3011856324262531,0.3923805345817111,0.43087125375392316,0.4640147832108185,0.5093257280526904,0.5284241022742011,0.5481663239703084,0.5816175062031174,0.6040800974731814,0.6226737193590893,0.6736831064660929,0.6964190312940748,0.7328515629505659,0.7511556742801432,0.6792013040806126,0.538749217680498,0.7349581455679143,0.6441466874558832,0.7708428983760433,0.7676614438384263,0.7448375148222046,0.7393224302154732,0.723828618987131,0.70505328687511,0.6929857289409451,0.6963332041762278,0.6984363446023472
0,0,0,0,0,-0.26610541062565735,-0.28196528378950414,-0.2632380882775197,-0.21545232755070975,-0.20284514768323644,-0.19266519347176797,-0.1733204590211892,-0.16848208510485396,-0.1548106743582698,-0.11785321744783114,-0.10641587972785053,-0.10935523547828753,-0.05603235263607365,-0.008197507291852129,0.03796627483519766,0.12962234909560608,0.17645905194322498,0.22473899589712065,0.2681481987923216,0.3289918092722654,0.34681752846315966,0.3612765869089508,0.4121031394693027,0.4481197454611512,0.4746753643617518,0.5263255610833589,0.5492337671851855,0.5773440835992594,0.6272463523069233,0.6532569096355267,0.6746037306594767,0.7234989027626346,0.7453672141078755,0.7639714626974363,0.08666355717764997,0.0033487282109445865,0.5135723235315199,0.7661010499948763,0.699504874239745,0.7103710988343284,0.7010400881571286,0.6626058379039482,0.6600319411019506,0.6606977144130706,0.632227779395163
0,0,0,0,0,0,0,-0.2737062997357511,-0.22884777049526314,-0.2100216353106296,-0.1912930610991377,-0.21120649798320168,-0.2319078690548607,-0.24675308167669252,-0.22553645807771835,-0.1981332030035569,-0.1701496199881588,-0.1249536910136805,-0.11298661983318695,-0.08588595306344184,-0.049895414444306,-0.016368203649522597,0.03556001402751641,0.05913090632287321,0.1645743253722253,0.23084807954800213,0.2567357652414505,0.320624628544115,0.35905455079016924,0.38211999134004765,0.4618946078561511,0.49130441521281365,0.5179796052220895,0.584097638083715,0.6216790584728705,0.6453411680413043,0.6972468030263738,0.717725361262089,0.7411526019119673,0.7108722399182718,0.21290204198954363,0.6158612336183202,0.17140039765343554,0.75657331181098,0.7950692065386279,0.7859137792901424,0.7508258989990655,0.7463892171247697,0.728222711893792,0.7085041606423531
0,0,0,0,0,0,0,0,0,0,0,-0.059851616841901344,-0.1330484230566775,-0.22926724803808027,-0.25145344051500534,-0.2616633319642426,-0.2768338800404301,-0.23014435541688186,-0.21908560154638823,-0.204412890701863,-0.14378417191675663,-0.13291250714835007,-0.11032578202875631,-0.07857552058507092,-0.017461173589623586,0.01413484483147537,0.07056474277170204,0.14391139139626002,0.17181342845522946,0.21230188645675896,0.2911642825580394,0.34956338980478313,0.3745943527170933,0.4482608625861832,0.48632468901471815,0.5480623788957527,0.6216699636261731,0.6596670430112012,0.6962824357957025,0.7397910386048829,0.7676084459402247,0.7895364380113706,0.765579481436944,-0.5870497172294435,0.8262562753292108,0.6548242154220655,0.8144148060813682,0.8137373522542576,0.8082982975895747,0.7884061135709395
0,0,0,0,0,0,0,0,0,0,0,0,0,-0.037279967244514885,-0.2470676466005431,-0.26254060348041325,-0.3222644069441371,-0.2953059048244241,-0.2919203408963497,-0.2943910156311607,-0.264869459318488,-0.259342694686024,-0.2632918143237362,-0.24955673976575954,-0.2172466488493948,-0.21508484649770881,-0.21236061999150768,-0.1767310250836395,-0.14378996081779039,-0.10009514014605278,0.024628241593543945,0.07396031936810495,0.1097703336105326,0.17650502362387685,0.23894060339271453,0.3124042671681396,0.3952515082829868,0.4462362407099483,0.5139148672572682,0.6409519105682624,0.6629929624084929,0.6923427924186418,0.5686582288116562,0.2825315017475719,0.5960266429282661,0.7714671537789283,0.7430011577819225,0.7410999785950332,0.7358557233093833,0.683569096191752
0,0,0,0,0.0004588341272782936,0,0,0,0.0010083085332795371,0,0,0,0,0,0,0,0,0,0,-0.35437431145883036,-0.3410378197906647,-0.3563853126518888,-0.3852403066209008,-0.3909062322983226,-0.39464055338468723,-0.41722160477352216,-0.4152487524665656,-0.39053148895038614,-0.3647129744318728,-0.3134843176894285,-0.20806838333355807,-0.17745392220940087,-0.11955435398159565,-0.13115555285139358,-0.11980546000011683,-0.0729878372627856,0.17005247411272661,0.27898611670163403,0.31686912387919497,0.4151648642568933,0.5172359521424941,0.516627606079598,0.5846647213943412,-0.2861467775957697,0.6485721625588358,0.6796303994372873,0.5902469447165242,0.5554657832388289,0.5430713267809779,0.4735936585684468
0,0,0,0,0,0,0,0,0,0,0,0,0,0,0,2.899816014641934e+38,-0.01984743022683255,-0.05099127212176718,-0.055501579070064096,-0.0767013830736868,-0.11804703937927358,-0.17953118889653355,-0.34015962425719787,-0.41046203632835687,-0.4468168612451776,-0.49862012152948904,-0.5057070388204145,-0.49653534868194826,-0.49957307090941144,-0.4972875181491816,-0.401102025292281,-0.35656732914932276,-0.30738973830138266,-0.29973746623099295,-0.23185738942110753,-0.14264904209340165,0.10830153672811171,0.20961861637457824,0.288440409827504,0.47720327130127854,0.5154219080004133,0.4786076363370676,-0.05648194889167594,0.344437592726464,0.5682124244814396,0.5829820061448657,0.5170920301627703,0.44317986338181214,0.41023406303881105,0.4009116460662789
0,0,0,0,0,0,0,0,0,0,0,0,0,0,0,0,0,0,0,0,-0.15418936209033773,-0.2581076135282382,-0.39768132557299624,-0.4323347788940132,-0.4470015803889683,-0.503517381766787,-0.5329107908328323,-0.5441826091557677,-0.5386111074784325,-0.5334743585258138,-0.5327686912191754,-0.5490489230830956,-0.5213594290988003,-0.5471163668898605,-0.5265433854891836,-0.5438227687802664,-0.5427860803375981,-0.5184104901505292,-0.5659934240418427,-0.6765212395359069,-0.11582013738482076,0.22973123435754725,-0.7017400173777184,-0.003636336329353333,0.010134293459701347,-0.039339869226436154,-0.020829856785357547,-0.013157827221154106,-0.05386150244983221,0.018093559771435827
0,0,0,0,0,0,0,0,0,0,-0.12004252172575688,-0.1414468389016137,-0.1650997396231092,-0.18513591555711717,-0.20791949968133497,-0.22707976222876053,-0.26587564691098964,-0.2888712927264673,-0.3104630678904143,-0.34270383121622505,-0.3584387307440633,-0.36391368456458767,-0.3568214172859709,0.2164780644164528,-0.3176568599238338,-0.5707887099822796,-0.5799186417025799,-0.6017568241812968,-0.612996763946308,-0.6092137275366,-0.607266589491302,-0.5958337649417836,-0.5753934609938693,-0.5271678535239377,-0.5423561695746393,-0.5524808672194,-0.6127617356349665,-0.6624283813329044,-0.7035067556267662,-0.7017007666502051,-0.7105214573656219,-0.5463798354193303,-0.6313598534122277,-0.5430256383881215,-0.4305013681445268,-0.36231315380674495,-0.23989090622317938,-0.14326094920513163,-0.09442459820235428,0.02614923633165805
