jsons/1312930800.json
{"header": {"parameterUnit": "m", "parameterNumber": 2, "dx": 0.1, "dy": 0.5, "parameterNumberName": "Eastward wave", "la1": 40.97354507446295, "la2": 16.46031188964855, "parameterCategory": 2, "lo2": 133.9931640625001, "nx": 191, "ny": 50, "refTime": "2011-08-05 8:00:00", "lo1": 114.97908020019554}, "data":
[rows 22 to 43 of 50, columns 49 to 97 of 191]
0,0,0,0,0,0,0,0,0,0,0,0,0,0,0,0,0,0,0,-0.16318628544348948,-0.03767043501104638,-0.0659435947658699,0.06285919604390448,0.07887013258074724,-0.035471089440267216,-0.04325851371678831,0.11808990341240148,0.13905707606099182,0.1771333931075423,0.19520436484094472,0.2104570819066933,0.2322785543589144,0.24388436825306628,0.2530982032886825,0.2831482992490117,0.2809623903622369,0.3195084878421125,0.3824405818372581,0.4055262201150426,0.42025539111638327,0.40982866088188474,0.40708641266823586,0.4316054210754596,0.4275626066722214,0.4819270004495148,0.4960861641171542,0.5000958808930673,0.5516973586740882,0.5526006759715725
0,0,0,0,0,0,0,0,0,0,0,0,0,0,0,0,-0.0004570354842620997,0,0,0,0,0.0253011850111528,0.06601808911971777,0.09335127449653687,0.1019287848257759,0.1474835875810658,0.16644525708756283,0.18200579414573484,0.21985486981670976,0.24294483103852033,0.2540198335658649,0.2825478566832891,0.3050267832512786,0.3337694533221739,0.391567778556242,0.4004536538230521,0.4095277254997085,0.4025260444807618,0.4052612804983746,0.40371357742080727,0.4101787101315334,0.412086394028962,0.38974383666793533,0.4051832317014691,0.4331132812413063,0.4581126057767619,0.4896227814799666,0.5439389165548661,0.560356016310112
0,0,0,0,0,0,0,0,0,0,0,0,0,0,0,0,0,0,0,0.06697361471302539,0.1286452460619244,0.14626179086239452,0.16478500780349797,0.18735020615570602,0.19437642916176193,0.23241933615429172,0.25803787184038585,0.25755864301890335,0.29390165675547625,0.30590276275626843,0.32726060043841215,0.35669037430537864,0.37735694588301605,0.3896527493917995,0.41448479510658304,0.40609548372052484,0.40728908939820696,0.4199205481936988,0.47649913869648447,0.4750379242014361,0.4841919072914162,0.4888494071086948,0.5090301360252462,0.5151767447934467,0.5409842553701742,0.5504388327883862,0.5627336598832859,0.587229447440129,0.6035101961169261
0,0,0,0,0,0,0,0,0,0,0,0,0,0,0,0,3.3038944722661223e+38,-0.193965132052678,0.12981895627085302,0.18141250493950023,0.2225518799371723,0.24167403287495254,0.2539614666112159,0.28035201795355785,0.2700898665002194,0.29344883527655596,0.30388544139723506,0.322064861117457,0.3671626803634838,0.37627946705866566,0.3895997263724908,0.42066448076415414,0.47912553795107016,0.46830276394469006,0.451361389255276,0.4591889635927579,0.4737990873585072,0.48784748231326264,0.48691294937952545,0.5233215585294893,0.5190652547395024,0.5240328011020662,0.5531301823280458,0.5703229005861099,0.5769315128970408,0.5840711286223933,0.588416306110752,0.6006675467524726,0.6015130314964452
0,0,0,0,0,0,0,0,0,0.05681449653334566,0.12791676084857692,0.17504845766513133,0.23161183606369404,0.2887080772998635,0.29916834586525676,0.2873414969247987,0.28995907209231614,0.2938940363983597,0.2836891826765992,0.2697928182105997,0.26992703508374183,0.273663641414953,0.26566516111482136,0.27122692397564235,0.27991664083379764,0.2945601379418611,0.3433772067139385,0.3648428210515363,0.4281860605932283,0.441119102719128,0.4517931159180512,0.48176366634265694,0.5015802441196314,0.49722675862719395,0.5304070855038273,0.5297870938750974,0.53913247520274,0.560273904102737,0.5585687694346861,0.5598189608308523,0.5637220040861785,0.5679205573190944,0.5738975802996238,0.5775592860294285,0.5829758507746424,0.5893081650050105,0.5948006445399163,0.5967505093292936,0.5854303470707793
0,0,0,0,0,0,0,0,0.16374376849442795,0.21613484126674318,0.26183486211557455,0.27351069824274593,0.2782866816699198,0.27319517482593714,0.2716169659263158,0.2723811905086087,0.2654676558277687,0.2569966392118744,0.24146836472016858,0.23891876538755857,0.24186581799922202,0.29707601733328265,0.3226965243494016,0.3613343576916062,0.381894245764855,0.4260474482358022,0.45302053529705927,0.4690354943617653,0.5065972727062087,0.5108976318525332,0.515318662865259,0.5236464376563493,0.531803124988952,0.5341538977273003,0.5512275562129044,0.5517018844117758,0.5647404990285659,0.5634428801327521,0.5622031998667439,0.5606343466702871,0.5664649398039245,0.5655061329014907,0.5675783020194616,0.5639585212432033,0.5720609335445249,0.5677416499473286,0.5813762943495041,0.58694248414807,0.570875385266074
0,0,0,-0.28055116996402873,0.2145705740105999,0.2359100633442295,0.2265881697291224,0.22883357292748793,0.22370678346467718,0.2373280931665276,0.25090548755611136,0.2565042664408834,0.23325411190012188,0.2297032214615282,0.20539753774165462,0.20078534545681662,0.179464949371626,0.19523922926679732,0.1750562982776509,0.20096256619403807,0.2711809779793396,0.2988194192325524,0.3714313547927176,0.4138446505165678,0.4543828023085526,0.4806357827322954,0.5169664820287591,0.5337899699953076,0.5434718265559034,0.5411749393538527,0.5377457884325405,0.5234772557754535,0.5332715653073783,0.5325554779309188,0.5426762817891716,0.5537137763793764,0.572742146091136,0.5623171757099985,0.5590444787454363,0.5582432276502003,0.558174234438202,0.5577607795805346,0.5547051320609652,0.5606038495547893,0.5546529923013839,0.5626517161842054,0.5665030258694164,0.5653744428891806,0.5271772676439502
0.11253635996708466,0.1517118529797502,0.1682549180257452,0.16370641079431023,0.16648198811912748,0.16590816440691006,0.16762157367469432,0.17699819655564275,0.19932996891574056,0.16917210653827452,0.15974384427814706,0.1435807386645903,0.1262545150173785,0.16678605479863898,0.12479371594193862,0.10301906138463343,0.1050356334481142,0.10797335667655679,0.15481705962457043,0.19724951174133012,0.24049283341674793,0.23763090055618216,0.3573014277403768,0.3911348951622054,0.46401484730976494,0.5454954039981037,0.5489758430013951,0.5468188599869943,0.5421426615014638,0.5419328163521543,0.5437412686454542,0.5475918666049018,0.5552404943457299,0.5548479354310215,0.5562527126583084,0.5530053205577335,0.5467758415188987,0.5546828655147849,0.5483705200949768,0.5319475631771361,0.5533375076661823,0.5484621497363409,0.5535779519512098,0.5529616340598315,0.5549012134135302,0.5619051811714896,0.5520300502752623,0.4965284139913788,0.4683966480833365
0.1402401631351172,0.14257841323637696,0.14812766855362033,0.129579702433067,0.1096597389364209,0.09134908707900369,0.07117463276945085,0.06701672508230291,0.06535965740335006,0.041759180088727414,0.009621781219429871,-0.06561923000705898,-0.1556275488413107,-0.21793427783015648,-0.17988089738669621,-0.12403122498619522,-0.10068814991638705,0.027291206073582205,-0.19679137069978744,-0.16800032258437056,-0.13789694345928016,0.05883616726669242,0.3838380785194089,0.5538448170840642,0.5631978148550812,0.5131684590977925,0.4988658948905611,0.47941505700178694,0.531829972332202,0.5609543985719966,0.5448225146408646,0.5118311040952184,0.47388963639743426,0.5405412881806619,0.5375235741663794,0.539406374374722,0.5294027840088193,0.5060433443117844,0.5296117182891099,0.5193517645400675,0.5059169222324208,0.5399503491494168,0.5408689449550963,0.5479329104182897,0.5475916099547176,0.5435394990469696,0.5131198197597491,0.4807152581856606,0.46320676163609087
0.051115256777090896,0.05087915336191346,0.05347390849694108,0.08443904038634899,0.10128029871723035,-0.05869937437450753,-0.12613861125721912,-0.16295971332655673,-0.26256122247134184,-0.3850589174511765,-0.4536847276370777,-0.5091810642697698,-0.5471526316921648,-0.5327386036450613,-0.527193989986934,-0.5233713760027183,-0.5267203861274495,-0.5295640539295895,-0.529919686054679,-0.5063960637133146,-0.47859581264111595,-0.42770124373943763,-0.421343345075878,-0.3833223907928662,-0.07164765199182165,0.44546677537038865,0.467208160878087,0.4804197222822192,0.5376156174877003,0.5594854891690404,0.5430860064910557,0.39917389200355496,0.5457416871903952,-0.1688115102768078,-0.32177900676321947,0.14847367163417205,0.2392486750524517,0.3685900013565352,0.4116086516577131,0.38225166376022146,0.3477638162326438,0.38863802976043943,0.4093013527872096,0.40259917616323254,0.3562663671593263,0.3498407142584935,0.35140645391897357,0.45629586501798286,0.4845319090444904
-0.12715704319876528,-0.16786110482513622,-0.23513610411479735,-0.2958333286152715,-0.36618050205979485,-0.4920548651812195,-0.5447014931633228,-0.5714944809698196,-0.5778257676660914,-0.5428580441789091,-0.48318264629153596,-0.433180286493262,0,0,0,0,0,0,0,0,0,-0.14526746276362615,-0.18520062435370105,-0.10839650877374797,0.011255627290918422,0.17615547403046006,0.2970919425883379,0.2667789269769609,0.26296535698638923,0.030505990089261012,-0.07810109798249451,-0.43007084726493755,0.07764062595642256,0.5657493800893376,0.40192369990585053,0.1742045852180432,0.30635100295564666,0.5450570936427841,0.42168354367095284,-0.46391966655135103,-0.23156863100460404,-0.28884945331060363,-0.2960021584573148,-0.417430921715074,-0.48879145033092797,0.5313518031615005,0.5364006676198079,0.40994457162399023,0.36139184361912635
-0.47131152501248713,-0.49476479880511415,-0.552893793918793,-0.5814448560241138,-0.6078042307626998,-0.5784802892286304,-0.542119884396843,-0.4067203272507005,0,0,0,0,0,0,0,0,0,0,0,0,0.06403413329922084,-0.0801413043087201,-0.10226931919240423,-0.10385022038993205,-0.08839708219238433,-0.12129666033737393,-0.022499802654473836,0.11383179181553892,-0.04773680530311383,-0.0028759686373234336,-0.15768461220588859,-0.5321929927975466,0.33135941011161135,-0.48601497576568503,0.33386834791794623,-0.42344722444439553,-0.47760372885874447,-0.18194161445818124,-0.3989257726891951,-0.41748455780442434,-0.48378110353932124,-0.4998050558545817,-0.18526579237678545,-0.3211750252983959,0.1938230284886902,0.4351486490439736,0.5239522302617784,0.527523471963419,0.5166466850889598
-0.5682974859033805,-0.5934940535135709,-0.5463780782903225,-0.4971681185474418,-0.40790697111009433,0,0,0,0,0,0,0,0,0,0,0,0,0,0.0781193321872746,-0.05040387777743307,-0.0548036569934667,-0.010784218720948924,-0.04498250295241343,-0.04169295560596294,0.020174552074443505,0.023030592524828558,-0.03542923606644417,-0.10574291450471147,-0.43506226251846297,-0.5927895122638204,-0.5931944990929136,-0.5887404820434936,-0.5108612639449053,-0.4821714639844691,-0.5192531416222498,0.5771375761297147,0.33163821938249105,0.27219286774250734,0.3540797592391969,0.4056117535732983,0.453124860766504,0.46965086567998626,0.48517891273144553,0.49983695506151005,0.515139327808787,0.5262302964356147,0.515249858296213,0.4779383085897293,0.47162123786707566
-0.4930714887753942,-0.34354036097787866,-0.13879427765998578,0,0,0,0,0,0,0,0,0,0,0,0,0,0,0.06936072398288919,-0.08732117856302056,-0.20419962963315116,-0.19976802642902766,-0.1287157473102291,-0.1863771098996716,-0.2103601688601723,-0.2236014938347781,-0.221919869168874,-0.36386124614670495,-0.4493974966109149,-0.4218727480421573,-0.42006080408257546,-0.5243430026907913,-0.6041549458328583,-0.5697559459377366,-0.4641328076671736,-0.2631559278425463,-0.2125337786050638,-0.4122375859880007,0.6010595682577303,0.3651280936011279,0.32632933873947906,0.3498715835507684,0.36237012711564004,0.38693206344689507,0.4042221180413549,0.44570932772725186,0.4628622956720517,0.49370379779815426,0.44148630817017853,0.4234089238093189
-0.2784586320866543,-0.3043492054245548,0.40642457259579395,0,0,0,0,0,0,0,0,0,0,0,0,0.07284373767657099,-0.019442864679378096,-0.06259012622421606,-0.1170630931040344,-0.22532426545473191,-0.2918429993837298,-0.5544550581991083,-0.47770269709778584,-0.46684008148639733,-0.5177914439030574,-0.5358724241260555,-0.5544027738866261,-0.5748474509121183,-0.5986870744916797,-0.6151672994418226,-0.6220864981691693,-0.6277461830154065,-0.6019034308917633,-0.5677049880922792,-0.4162986709989419,-0.30415366553830353,-0.1985808359121376,-0.3656609836306968,-0.003572403113284834,0.2218038547924041,0.15253724693204126,0.1861710610964555,0.245027031509657,0.26507239864603527,0.3765564765696333,0.3526785659414956,0.353384234030766,0.33134977476493377,0.3121478003224413
-0.2117279342789237,-0.1705860589802826,-0.16858511747894767,-0.32764691035812304,-0.36318934691371874,-0.36504718295163896,0,0,0,0,0,-0.3924714628057738,0.05422038781998424,0.04375351429721403,-0.02273230500104895,-0.15322249299737783,-0.2325407336958379,-0.35559259110088587,-0.5067301110817722,-0.5185546341750653,-0.570836235557808,-0.6111265090215307,-0.5972004915156411,-0.566969206526932,-0.5680613978477158,-0.5887611827646263,-0.5954488330273878,-0.5993310337547547,-0.6070624133696295,-0.6232197368862137,-0.6283630766631001,-0.6150482204536526,-0.5911441767064681,-0.5541635783784082,-0.3752002821740848,-0.3520877832180728,-0.28286482704507104,-0.35790803546492156,-0.34247809991297007,-0.4753385909953586,0.09115220948261364,0.36896006666842257,0.20724428178475413,0.14233572695554325,0.18990366752675067,0.20116035543495067,0.20655149403658032,0.19058046014616697,0.18884066776097286
-0.20075806221152456,-0.16167413465142866,-0.27478855839027283,-0.35203582686239415,-0.12718779416510584,0.28278599579658,0.2145125704882526,0.24834381988774373,0.35437146005032066,0,0.05301979145381393,0.009256967405411213,-0.10847921512964785,-0.22395180488414995,-0.32815323219483244,-0.4806570624813352,-0.5443109481647367,-0.5756813286192989,-0.6156210470061856,-0.6308425471696774,-0.625576969695142,-0.6014233539289635,-0.5758906977065381,-0.5524716117262775,-0.5089965634798906,-0.562142160429796,-0.5752120420819901,-0.5971836735019359,-0.6062471489598624,-0.6387021907343495,-0.6264189191944388,-0.5514633310445959,-0.5268153581128122,-0.5084870361155401,-0.38203497431943295,-0.3469203890702244,-0.3328888217220715,-0.2724303236225415,-0.24176478686267686,-0.22585384143909096,-0.36145877821459066,-0.5830324149259299,-0.16146389088775798,0.37114000982170475,0.15859264669968823,-0.5726950301651292,-0.5907013125669311,0.4299875111703756,-0.06784444309446126
-0.3698368748723867,-0.37286947792357417,-0.4450239092620517,-0.4587009467415009,-0.43325779521785146,-0.32569237930806616,-0.3229402780536994,-0.3025173988489975,-0.2839300627049488,-0.3042938365356974,-0.36438110705637833,-0.4012156098997433,-0.49907035421386836,-0.5621005831823204,-0.5997262228401737,-0.6462476538438282,-0.6690657530214978,-0.6631555325066086,-0.6358497307190832,-0.6107266868720996,-0.5772348976598363,-0.527701839665822,-0.49001866456274734,-0.4876600871194767,-0.48001216245564,-0.5048289240096743,-0.5365578523450891,-0.5501139902740955,-0.5667898469157874,-0.5835611796473263,-0.5832573059059107,-0.5550643882300863,-0.5507744434892567,-0.5456677957580498,-0.516746455965899,-0.4717906228659549,-0.45485237854710464,-0.31007769697303394,-0.26834575525094534,-0.2639789016147117,-0.2279370449228091,-0.17602337203799703,-0.1465534774163864,-0.1393319928354416,-0.10607964939241295,-0.10346478816708668,-0.09495234950528206,-0.12026801521481602,-0.1284356606319231
-0.4642800821343668,-0.47350039780253583,-0.47593292707842255,-0.47101716230404295,-0.4726849064094854,-0.44941431494631573,-0.45382719785401066,-0.47675967745547443,-0.47867471689756885,-0.5057706891388062,-0.5497354780907945,-0.5880438162511579,-0.6325335493849761,-0.6756580526715297,-0.6866652455574176,-0.6706450732181444,-0.673128184920124,-0.6570541152785672,-0.6054930527460123,-0.5940887805333012,-0.5552157972685897,-0.5377866589350726,-0.5234770182147809,-0.5197776164132419,-0.5298024492791101,-0.5434274587285329,-0.5525810985232292,-0.5575859686396104,-0.5145871305991495,-0.5120206055572463,-0.5207070683654995,-0.49078530484832383,-0.4950404050166042,-0.47847136819653047,-0.4419451225932748,-0.39281355824682296,-0.3062251913619609,-0.2784878397426688,-0.24988685978164496,-0.2374301049328516,-0.2488741120542322,-0.2510143849339327,-0.23712814783060268,-0.21664867675706118,-0.2023208442968005,-0.18873510183194048,-0.18609376809437606,-0.17814906475885536,-0.1734537233065972
-0.49308484686459847,-0.5028190228781422,-0.5095737030269787,-0.5092581991860934,-0.5248316515543648,-0.5300575112802255,-0.543538138356321,-0.5615161949435316,-0.5842369940906386,-0.602051640339512,-0.6557789991423449,-0.6649884827752752,-0.6635742592216968,-0.6865637800845147,-0.6759297913096683,-0.6274855214347941,-0.6339503261208935,-0.6067784297199283,-0.5770823058226278,-0.5649225443537493,-0.5509077498624734,-0.5395127953278058,-0.5288775958124776,-0.5289246460925495,-0.5281364535898845,-0.5090132581708244,-0.5080110346369591,-0.5146786729579523,-0.5206311194917412,-0.5219584836197919,-0.5182907306075614,-0.5223465060723823,-0.5271445256453428,-0.5282977189162905,-0.5092517372074572,-0.5004823003241413,-0.4877807950208345,-0.46697518187059384,-0.43952695772103173,-0.4276072320186204,-0.35032242133616254,-0.3261896837190264,-0.3203336276404675,-0.30520658940694595,-0.2766377661297224,-0.27191457974544847,-0.26322721903714724,-0.23487056819366606,-0.21668064432613068
-0.5336214686335216,-0.5397053307339396,-0.544610486233768,-0.5440401298456066,-0.5645594168187128,-0.5745865965266205,-0.5877719585112989,-0.6141596226968618,-0.6315570948312034,-0.6563041131060833,-0.6802708233877566,-0.6874175154239675,-0.6976264205228254,-0.6930407121101467,-0.6701585087498362,-0.6442718270709957,-0.6318297978827724,-0.5975663503987223,-0.5682090781629802,-0.5591555867265082,-0.5425693504795727,-0.5246764732395807,-0.5291283016818525,-0.5392857171940763,-0.5434042082459417,-0.5180577070576458,-0.5104959141293732,-0.5107608486400108,-0.5111258543794718,-0.5183953189394372,-0.5273055652491289,-0.5329691554787316,-0.5358150175619116,-0.5377128395460024,-0.5469402054844349,-0.5644210586328675,-0.5698232369942686,-0.502427276392806,-0.467883180650395,-0.4086633230165616,-0.38470706464345905,-0.3804910964621322,-0.37141630922123664,-0.3575182349433076,-0.34097412015646983,-0.33092079125719065,-0.3251181709160076,-0.3198544934208334,-0.3125632108644189
-0.5433809997443816,-0.568052398092278,-0.5778620347966192,-0.5765983700238525,-0.6099450063033981,-0.619406258293506,-0.6313090585853153,-0.6773630592580309,-0.6822825059578841,-0.6670167078804057,-0.7003744658515807,-0.6978715579574238,-0.6632470331160331,-0.6572384143038948,-0.6507819964197679,-0.6356015947795227,-0.6217378788339231,-0.613231806974348,-0.5883934070566598,-0.58210575236678,-0.5777846700465165,-0.5584404720246579,-0.5514019761030856,-0.5580871036528684,-0.5601621113361155,-0.5516238847356225,-0.5534496151320769,-0.5558322362772518,-0.5320334786123319,-0.5306938859087436,-0.5467750902344961,-0.5609362928316801,-0.5633457186962364,-0.5630684899907311,-0.5738580831942294,-0.5602809046508457,-0.5350551292655362,-0.5019212371661684,-0.4909880755965046,-0.4645047699488328,-0.4305730327297017,-0.414179490330647,-0.38361009810007657,-0.3708062932662414,-0.36842252580688256,-0.35903617475032557,-0.3515227931888481,-0.3324145804812232,-0.3274238467295348
