jsons/1312923600.json
{"header": {"parameterUnit": "m", "parameterNumber": 2, "dx": 0.1, "dy": 0.5, "parameterNumberName": "Eastward wave", "la1": 40.97354507446295, "la2": 16.46031188964855, "parameterCategory": 2, "lo2": 133.9931640625001, "nx": 191, "ny": 50, "refTime": "2011-08-05 8:00:00", "lo1": 114.97908020019554}, "data":
[rows 0 to 21 of 50, columns 98 to 146 of 191]
0,0,0,0,0,0,0,0,0,0,0,0,0,0,0,0,0,0,0,0,0,0,0,0,0,0,0,0,0,0,0,0,0,0,0,0,0,0,0,0,0,0,0,0,0,0,0,0,0
0,0,0,0,0,0,0,0,0,0,0,0,0,0,0,0,0,0,0,0,0,0,0,0,0,0,0,0,0,0,0,0,0,0,0,0,0,0,0,0,0,0,0,0,0,0,0,0,0
0,0,0,0,0,0,0,0,0,0,0,0,0,0,0,0,0,0,0,0,0,0,0,0,0,0,0,0,0,0,0,0,0,0,0,0,0,0,0,0,0,0,0,0,0,0,0,0,0
0.2034915239953041,0.1877345351058119,0.17490941780034713,0.16181441820143494,0.12269884307387996,0.09404473958574569,0.06261815853900358,0,0,0,0,0,0,0,0,0,0,0,0,0,0,0,0,0,0,0,0,0,0,0,0,0,0,0,0,0,0,0,0,0,0,0,0,0,0,0,0,0,0
0.21457713761199912,0.16795591839208807,0.1561139224470395,0.14856174765882538,0.12658438199933372,0,0,0,0,0,0,0,0,0,0,0,0,0,0,0,0,0,0,0,0,0,0,0,0,0,0,0,0,0,0,0,0,0,0,0,0,0,0,0,0,0,0,0,0
0.23695685207552303,0.22162542250140677,0,0,0,0,0,0,0,0,0,0,0,0,0,0,0,0,0,0,0,0,0,0,0,0,0,0,0,0,0,0,0,0,0,0,0,0,0,0,0,0,0,0,0,0,0,0,0
0.3385850024348947,0.317495389311398,0.29833627399442764,0.25190021400413615,0.25253321285389235,0,0,0,0,0,0.20534281512797334,0,0,0,0,0,0,0,0,0,0,0,0,0,0,0,0,0,0,0,0,0,0,0,0,0,0,0,0,0,0,0,0,0,0,0,0,0,0
0.3843304174728925,0.3794975269370367,0.3766987925939769,0.37310773188145663,0.36199045234049826,0.3568853274164464,0.35038478407265805,0.3444338696256319,0.346670728050014,0.3366501041419028,0.3314046145248171,0.3296482406478688,0.3168559271685167,0.3087767546450306,0.2883376418808271,0.2803598941840069,0.2698229879607717,0.2510945082228822,0.2648742578267583,0,0,0,0,0,0,0,0,0,0,0,0,0,0,0,0,0,0,0,0,0,0,0,0,0,0,0,0,0,0
0.3978046616197029,0.3955364161588414,0.3955635903345227,0.39285292188966237,0.3720289978213605,0.36084479694350685,0.35957494155927916,0.3497402385730508,0.35192208628901006,0.3430565497882913,0.3317889463416494,0.31611078713429747,0.2913747750100954,0.30053849611876154,0.24099975647900526,0.40209424261510085,0.44734086001033124,-0.35165228005803123,-0.2664354700571555,-0.2637626240000618,-0.26605630882548686,0,0,0,0,0,0,0,0,0,0,0,0,0,0,0,0,0,0,0,0,0,0,0,0,0,0,0,0
0.41180068875487613,0.40152438079367625,0.3938947152354564,0.39284795543273915,0.3807949644009563,0.37088222820954453,0.36274055151613804,0.34777191308236743,0.3351592845338384,0.33381311495418636,0.3152024381817645,0.29943122172353737,0.2780417333940841,0.2563907578821022,0.24990361177393122,0.24381192747937253,0.22164573753336658,0.23965931923415593,0,0,0,0,0,0,0,0,0,0,0,0,0,0,0,0,0,0,0,0,0,0,0,0,0,0,0,0,0,0,0
0.4303051377179397,0.4072377064510757,0.4065894747391289,0.4048802822964716,0.39666521833993074,0.38742818674517315,0.3809715240341525,0.3433841127156448,0.32929455704463906,0.31232385748325825,0.2852202999645288,0.27485906752655886,0.26193538183196524,0.24294549770046728,0.19338277577435803,0.16506013803508182,0.2096399492130956,0.30385249938365216,0.15073532125916467,-0.05110581831780622,0,0,0,0,0,0,0,0,0,0,0,0,0,0,0,0,0,0,0,0,0,0,0,0,0,0,0,0,0
0.4618191216043482,0.4528220920016447,0.45161305303849225,0.4437879793483394,0.4175441510471266,0.40781726232375975,0.4007119825197447,0.36923036289478334,0.3522203322467683,0.3010083426728156,0.25168086789303296,0.2267040546667246,0.20335916012236574,0.18530149463415127,0.25799367282967084,0.1845029579129208,0.28995045224643234,-0.47816333828790974,0,0,0,0,0,0,0,0,0,0,0,0,0,0,0,0,0,0,0,0,0,0,0,0,0,0,0,0,0,0,0
0.511487995497632,0.4936063220572225,0.48370508984381744,0.46740243907361384,0.44376249041496224,0.4333791054920669,0.4135171244908329,0.38225838993173983,0.3679121535503749,0.34743308884665536,0.29227757982967095,0.26281547785207554,0.23566464337649637,0.19756446732623098,0.1928778728836203,0.20532350616198164,0.3969028318879602,0.3333812227005669,0,0,0,0,0,0,0,0,0,0,0,0,0,0,0,0,0,0,0,0,0,0,0,0,0,0,0,0,0,0,0
0.5519238794698983,0.5459162983127918,0.5373348570154883,0.5301742148980608,0.5113840987879676,0.5081730084497837,0.49031984308403914,0.44752594854618594,0.42173069929215695,0.39070988756032715,0.35725345046634027,0.34126656279687634,0.33933944066628696,0.3324169273079908,0.3864530281701628,0.2992981961624788,0.4496382383020385,0.4855413443212346,0.5007511392024959,0.5019383875903359,0.4850738406128668,0.5022675299331238,0.5157316856772449,0.5292628929269969,0.5157544897719204,0.539734252194563,0.543828863733971,0.5286291530607891,0.5406482476587651,0.5519281512240203,0.5379836780706682,0.5478469285252773,0.5453845290007273,0.54804667768595,0.5592352464585366,0.5638156048943026,0.537884584721577,0.5196675879740169,0.5185091418710969,0.5084533193440915,0,0,0,0,0,0,0,0,0
0.5782573836147472,0.5656755076387835,0.5637684500338428,0.5641417726907808,0.5515911587318287,0.5407255852395572,0.5287338607110426,0.4916839711294409,0.4796514905423553,0.4454975495735088,0.37941950252496337,0.35343862011989985,0.29825272256491603,0.2732171907890576,0.2733557584821633,0.3322319647347527,0.40166845304096627,0.5361881973464719,0.41589549274944765,0.5118335377902948,0.4905891229838292,0.4802849776242899,0.47122342080960655,0.5280663118122472,0.5220827523952992,0.5334414388357803,0.5394058845500124,0.5405963918618268,0.5324333516294563,0.5338714372751129,0.5571084699679324,0.5546517625204183,0.5497575652627668,0.5414914949902525,0.5321265079648027,0.5320682769548803,0.5376239599226895,0.5284374750326533,0.5019328867782094,0.47866078896785125,0.46600776581574427,0.4586671571979899,0.44166973574423135,0.44114765400854566,0.43465766888267654,0.4094923772312483,0.41577705333796317,0.427602719648767,0
0.6024399221736213,0.5905250237473676,0.5987347560056466,0.6068589500367718,0.6090823829974729,0.5999487404513102,0.5947022693787419,0.5694727026381937,0.5591325986336784,0.5253066467021308,0.4795808180682989,0.43737951051090374,0.4576373780966604,0.6057537193080306,-0.5273268594923026,-0.43987858829243376,-0.429121680302354,-0.4733664142278846,-0.45295478737090544,-0.20987876881967224,0.25932858444195866,0.34933031641190637,0.4883517441237232,0.6062864711910559,0.632483720877522,0.645146033856176,0.5963074077825266,0.5807002529275861,0.557111262383174,0.5323250832135575,0.5165480341726916,0.4958943033601338,0.477837460092903,0.4670992856452425,0.4650475576674484,0.45406495190059537,0.4438324625644348,0.4439917075376785,0.44183035081291905,0.4291256593845098,0.4162094828093348,0.4149548213352863,0.4021903878144665,0.3924928189296902,0.37797724846890074,0.42281411464723234,0.4251513944006155,0.35596463190999733,0.566930310893352
0.6122090599995792,0.6146065321948891,0.6097189876026652,0.6133186832159016,0.6112629616031496,0.6099404391308662,0.5987120818424058,0.6002627956512537,0.5870894049049773,0.5932840053693151,0.6026990144241974,0.5891750012448623,0.5961569036172409,0.5822422711179943,0.5827814998498898,0.5971548157751485,0.6147489088077701,0.6371580649625094,0.6334320713891602,0.6247093809759111,0.6203135926218849,0.6008248104257814,0.611812810792326,0.6057249736338044,0.604788674459241,0.5964202495085552,0.5856799826824625,0.5927274177962355,0.5776229443968375,0.5699705407082798,0.5594045520755035,0.5285945327034479,0.5031705716948374,0.4840246122912058,0.47892047517657726,0.4675791413376724,0.43772491033594335,0.43469412968731536,0.42369216689790457,0.41485229810917523,0.42397901753713685,0.43063734202959997,0.4664330518263451,0.4628104822908854,0.4013900748865573,0.34788299665792916,0.32263204379627974,0.39607348218732297,0.4140677196077343
0.6165088712883088,0.6248938788275411,0.6289829747034555,0.6337712172915265,0.6342835933684348,0.6341682533765675,0.6382062943979976,0.6341937079143989,0.6303496715299853,0.6207099967042081,0.6167448881526832,0.6203877651030517,0.6217242829762292,0.6239721296958357,0.6020755283251843,0.6011534745781422,0.5977621139801559,0.5889764385813248,0.5906071461361145,0.5911301768059716,0.5901401366368291,0.5878445442320155,0.5777725167685576,0.5552802487034085,0.5419929358220015,0.5294243501261677,0.526348842928814,0.5266466438726608,0.5192765282854599,0.49848374698255055,0.4945049994377587,0.47963950371062297,0.4637891422960057,0.44404186576184757,0.4313026414144993,0.41864356634751715,0.41899911535327505,0.4041799044841556,0.3829409451897659,0.36511368070996847,0.365970695843596,0.35675192133763367,0.3588974639313035,0.36542024450656185,0.36138210395493425,0.3295740419723786,0.3419544462447128,0.34524124881174206,0.3420914376579504
0.5928093003974394,0.6075804426842679,0.6092623719553818,0.6135351017806393,0.6198375828176399,0.6244710545991276,0.6335414339370947,0.6361793760691054,0.6379773142557732,0.6400012377292856,0.6271307767474421,0.6280401399459287,0.6313395980639502,0.6362041024036784,0.6168904172526355,0.613468156253504,0.6065717263234418,0.5915803413467574,0.5977892301055757,0.5906605969325431,0.5734822492574353,0.5648454499235633,0.5598096069069332,0.5602775060106037,0.5638238875012923,0.5776542030402301,0.5476723197266292,0.5264906841086243,0.5276922651952773,0.515730777585488,0.4830117797155731,0.46014757249008664,0.4353334568285636,0.45127837079770733,0.43893553394120494,0.43105464707821706,0.40058903532462214,0.368032982780771,0.361834636694416,0.37483072556762104,0.37648331276150954,0.3747320165281847,0.3920806452912136,0.3703005574503155,0.3502929023371821,0.32622932341039185,0.3216980858869527,0.2944841035071739,0.22570235946911799
0.5786253310382442,0.610050467455714,0.6071808875430411,0.611914123994342,0.6203779507282964,0.625090867260438,0.6261946206593388,0.6283656570337166,0.6299251239150035,0.6367797062506788,0.6290037176074248,0.6321285247817251,0.62088183052664,0.6261756512290922,0.6259268356016929,0.6242873430061854,0.6258745632206373,0.6280911868594332,0.6087943353959789,0.5880567334208653,0.5981438029820348,0.6117965934341947,0.602870506535936,0.572589186548076,0.578306988160648,0.5796211913145695,0.5714394998454436,0.5681447388923198,0.5749754515984108,0.5776497637005926,0.5425129925702853,0.5247492659581151,0.5261887710785053,0.4345749971066099,0.41845450090249525,0.3980554957659106,0.36983799196329964,0.3489032736916799,0.3576740782284058,0.36601853419237995,0.3725616853167161,0.38199974773888656,0.36987708427916843,0.35799698469091334,0.35223325602125893,0.3272325600661503,0.3055855452868241,0.3016422508148363,0.336832452085134
0.5769960707155799,0.5549824317801654,0.5687940023917925,0.5757076369254684,0.6017860160286895,0.6121933806186062,0.6151160080639684,0.6230373642408652,0.631389910061385,0.6391723083433175,0.6426744326628469,0.6465578205066497,0.648539998750636,0.649145128379344,0.6372170107945831,0.6383373708203596,0.6341819836100294,0.6113571172529877,0.6308502572767105,0.6351435918139415,0.6330507647734359,0.6285120899986409,0.6225673798714756,0.6335781187011644,0.6373497413067103,0.6276786564589188,0.617859405218425,0.597207617746781,0.5818889653619477,0.5781902133135399,0.563029237788037,0.5655875375771147,0.557361505077041,0.4535528645511953,0.46513818001494933,0.4794333115812541,0.47779356743353335,0.4793091747075403,0.46238548134086727,0.41485330996458364,0.45380702096463205,0.4610315279831038,0.38748828216838094,0.3789640358414234,0.3539563991124779,0.32630160170916506,0.3517463302548285,0.34980932175245494,0.30987557285520767
0.5540743062098119,0.5693087464168503,0.5823535519605547,0.5891306304519803,0.5990431551957672,0.6083607333383737,0.6144460457321708,0.6236121887626167,0.6243406184623765,0.633287614262854,0.6353111741934254,0.6409221218541984,0.6469929931547872,0.6481411791501637,0.6478020783174673,0.647621758559703,0.6452642710653422,0.6368736545780276,0.6331643595031723,0.6290825369159836,0.6364598628775926,0.639776918061493,0.6466801771844816,0.6676650441898503,0.6500860936095972,0.6364440456159499,0.6121078437847297,0.5957664279106224,0.5972352126869539,0.5947404710916844,0.5628823676807342,0.5475595767076656,0.5276144039549203,0.4819029389955501,0.4674146426061615,0.4407099538217974,0.417255640454171,0.4228396891631189,0.40290929940183245,0.40902732011848564,0.3916003319241493,0.38492741548993065,0.4138260396655432,0.4287474482919617,0.42992266603046714,0.3880459351991962,0.3673866098135157,0.33639112837577073,0.30703127937312097
