jsons/1312509600.json
{"header": {"parameterUnit": "m", "parameterNumber": 3, "dx": 0.1, "dy": 0.5, "parameterNumberName": "Northward wave", "la1": 40.97354507446295, "la2": 16.46031188964855, "parameterCategory": 2, "lo2": 133.9931640625001, "nx": 191, "ny": 50, "refTime": "2011-08-05 8:00:00", "lo1": 114.97908020019554}, "data":
[rows 22 to 43 of 50, columns 100 to 149 of 191]
-1.3329946804092085,-1.3519652033492338,-1.355675582896344,-1.387667160134819,-1.416518944826108,-1.4443113000162269,-1.4571447456902182,-1.5018789127247367,-1.5254636747941726,-1.5347183612669368,-1.560545966063533,-1.5918949491178112,-1.601922926789209,-1.6396848089480187,-1.6429878921046006,-1.6590701678166624,-1.7007112829565556,-1.727989238331854,-1.729622630401505,-1.7546253923363566,-1.8056635642050476,-1.819410795287141,-1.8352745183689578,-1.8730316063725474,-1.8681314991003493,-1.8737074331718147,-1.92930242195661,-1.9413857917791046,-1.9100294758911327,-1.9327808170548306,-1.8906994833243178,-1.822190014356181,-1.787896249906991,-1.741628909149699,-1.6541336545189067,-1.6424828719833613,-1.5901802527098126,-1.540707439804187,-1.5220494337775285,-1.4919755181915315,-1.4729218412691027,-1.4879265079926385,-1.4533119818831801,-1.4495208507121036,-1.4066801431852354,-1.3747162383283285,-1.3124808114914222,-1.1861557227117756,-1.0952322993211363,-0.9922109924901813
-1.6150275781912196,-1.6393550979493874,-1.646549460404863,-1.6570622599577136,-1.6799890780730982,-1.685789512313224,-1.7247208556815918,-1.7577581049043616,-1.7915393539667421,-1.806081728234193,-1.860224329910849,-1.8738809743490177,-1.9096888373633552,-1.9464698104911295,-1.9876879151674374,-2.001534909223108,-2.050232488503462,-2.0593973894914015,-2.076457662864867,-2.1150292749989656,-2.1418116018485507,-2.1607506338455953,-2.1701560560010136,-2.278102737328229,-2.2951098295107046,-2.3054461475658905,-2.346190766986285,-2.4153640470692546,-2.4218474058658335,-2.45664240346812,-2.446535879916149,-2.3779225182744637,-2.3701956897930465,-2.3573355437449344,-2.2660330072479526,-2.1868992886589713,-2.170126190176391,-2.102521536262718,-2.04109998718535,-2.0178952182398895,-1.9983669035834621,-2.005403497092246,-1.9355385937866787,-1.9020734175543128,-1.851463830173838,-1.830121495163808,-1.7946522790007235,-1.5409014846363744,-1.508125065939752,-1.371638162599807
-1.838180273384108,-1.8864992580291384,-1.9033268173451707,-1.9367522113764886,-1.9638895217766283,-2.000718096235831,-2.0024318306495967,-2.0679250039961152,-2.076660601253485,-2.1267118365762827,-2.1474148534593542,-2.1982818106477287,-2.234484630904172,-2.2886579734568344,-2.3187034422837947,-2.3487663082396963,-2.389685311437544,-2.400461731560368,-2.462924533320193,-2.4933357298268666,-2.530863806629129,-2.542697937325693,-2.5845752831119553,-2.6596818423312207,-2.730306272704608,-2.766664361888251,-2.8535257593491,-2.881019575666865,-2.926478085157623,-2.983559809106509,-3.0304537740271456,-3.017888529664036,-3.0137763803810915,-2.9653127633569936,-2.908186278694769,-2.837573040706001,-2.8028501317377104,-2.6246160277943855,-2.5783578362723847,-2.4622994677343195,-2.42197554480319,-2.509469005628764,-2.3727417296519633,-2.2940215514511877,-2.234245814314793,-2.239559744847467,-2.1788308173100943,-1.8918937237587463,-1.7504173070611588,-1.525126882245312
-2.170805532995502,-2.2904387918693834,-2.3090822367726176,-2.363578316638528,-2.416714569870529,-2.468804774140754,-2.462708459599256,-2.5365857775028564,-2.5580407870527395,-2.6163464773924656,-2.665036042832756,-2.7090814189150927,-2.736746881033912,-2.8093283571793735,-2.8252560989300584,-2.851019128447391,-2.9116527093339997,-2.9569397469649794,-3.034640941949157,-3.050366052688621,-3.166779280130818,-3.181920594268212,-3.218861037588826,-3.272234058101922,-3.321862850391419,-3.3701583370991406,-3.445791208230664,-3.4978686673658586,-3.569901923797577,-3.7103065363999668,-3.7962198438548738,-3.757259011760926,-3.7821522774363032,-3.757580095553154,-3.5698510229462985,-3.500267573623085,-3.374108667597192,-3.1961325220956978,-3.0773711228231453,-2.91137054491746,-2.5785157306723936,-3.1149742976692685,-2.5162158661494107,-1.8871414801894255,-1.5512292699313266,-0.5837055426950787,-1.7236206442556072,-1.2493013295635267,-1.8249603861053434,-1.5017342835644272
-2.4278544209126807,-2.5814050443741436,-2.5944091397116504,-2.6215866191214654,-2.7353649742257025,-2.793596596890951,-2.8713380681017315,-2.983417892629525,-3.0629712042317356,-3.1181826904697574,-3.253847044630774,-3.302282136254475,-3.341935594663148,-3.4326738310432963,-3.4744077155358233,-3.528451508361854,-3.5526117528125933,-3.6103019605703173,-3.647664449221542,-3.6198295937270633,-3.660175251373634,-3.6164855367804694,-3.709150461755874,-3.715515423657283,-3.7857506582637126,-3.828283703852309,-3.912795019913764,-3.987677374974389,-4.075611657883256,-4.2354653383331895,-4.268707174044659,-4.3423831503731165,-4.422877257868948,-4.386898565417473,-4.103506311950856,-4.033418160787362,-3.8078533168571376,-3.3810052531377526,-3.353834400758808,-3.3029458223245385,-2.8999104457863214,-2.7895680309549897,-2.5809909010262344,-2.5940734813888033,-2.602589244041778,-2.648074846036973,-2.4952675159058693,-2.3205358269753207,-2.123613672074197,-1.973118784530168
-2.5059796950260713,-2.6865157027227955,-2.8017914554730377,-2.87966512806339,-3.0440687101875725,-3.1746204694854656,-3.2302687778662156,-3.399952758728027,-3.5476864730090716,-3.5902703755588443,-3.778294709949658,-3.846708631887619,-3.9731976382786494,-4.070369619887282,-4.120112763987848,-4.240086206273352,-4.327054552340709,-4.411495615924829,-4.526543185329525,-4.554058169055201,-4.591265905843484,-4.617550812061215,-4.657422159751061,-4.643461278259361,-4.660645381453997,-4.69630899070785,-4.835345781237048,-5.0446801485608015,-5.1605717258171255,-4.9610065566498065,-4.925443908817896,-4.944850579895944,-5.160265735795252,-5.0833862678895105,-4.69023631372249,-4.826840067044345,-4.6576233718333135,-4.317425525391338,-4.11900109137813,-3.943566629956312,-3.8227485096211544,-3.8069696263553476,-3.6227085228542664,-3.36168408018886,-3.263089912937553,-3.072291560898165,-2.9032979227248044,-2.6239522735117817,-2.431892697896352,-2.292345116124363
-2.843974614685896,-2.9681493304215243,-3.194037727502172,-3.2589655632272194,-3.494555534359058,-3.577163181572681,-3.7409266796222402,-3.874521261710493,-3.9979943966840614,-4.087891115101397,-4.272158963956202,-4.417345019274168,-4.6049909581488535,-4.783705746302378,-4.914302590291312,-5.048077883695752,-5.303492280227382,-5.406415905642022,-5.543161787386874,-5.618024737280814,-5.7648955048512365,-5.910655694152509,-5.88243207814388,-5.825143174803768,-5.861147791493137,-5.766832384975291,-5.570931933089751,-5.46567940277874,-5.539904000177477,-5.546945106157793,-5.658985945264521,-5.774783543578058,-6.123442653515455,-6.340068609678981,-6.119595501266159,-6.491129999169197,-6.361353145784505,-6.044503442832127,-5.885945800593126,-5.652282979722313,-5.208801008274046,-4.968613177758629,-4.643423553012474,-4.20875148260841,-3.9557892695155954,-3.6046605086166497,-3.5178048288386297,-3.007551800909566,-2.8326190151241457,-2.4817842410276016
-2.791492020384087,-3.0481987498727765,-3.086447839175091,-3.2099712870105472,-3.365918094886627,-3.517475440788309,-3.5735740982463153,-3.8692515245758554,-3.817121597142354,-3.939862501522005,-4.131387189090482,-4.2717806662833535,-4.543918691229923,-4.952290442522996,-5.061778467696995,-5.4660186661566526,-5.824588726402276,-6.041565825582594,-6.305047623246079,-6.393669786804255,-6.330830452860102,-6.41878032211756,-6.295875607368365,-5.848417169049427,-5.4721163192212146,-5.033025909392949,-4.0480092168824156,-2.782982143998837,-3.842178697730224,-3.4811221613713617,-5.963869732976173,-6.872468171832801,-7.8138111949483795,-7.859256561264414,-7.582905503861092,-7.517201704228531,-7.104728425685911,-6.620737958825549,-6.2002654470578396,-5.867184827247028,-5.20580185329464,-4.718130455016388,-4.464834291303518,-3.849128760886649,-3.403036810324081,-3.2360591511928627,-2.9275324169026278,-2.514706028060556,-2.2328044353218477,-1.8079615225035206
-2.317198555597358,-2.514997657513506,-2.642971016073163,-2.670945187709571,-2.8205896955727927,-2.818206960062311,-2.95690308698105,-3.1206826688647515,-3.0956264362974273,-3.233511125288342,-3.5170000604228377,-3.656586821855331,-3.9969874350360928,-4.38080986775794,-4.534207414421566,-4.995153047939148,-5.366233917411188,-5.6722786393845475,-6.123586243288936,-6.194433937606397,-6.347060445763515,-7.0364143015937906,-7.280821606314463,-7.596089038184614,-8.433601828658018,-8.684229527605622,-8.862331821456088,-9.10309537934759,-9.346180074252446,-9.643052508965178,-9.630322424353723,-9.198484555530666,-8.898254225193568,-8.539227304870382,-7.461260107955552,-6.9523786477032905,-6.607708327286077,-5.4682083828746,-5.246027635363714,-4.661767204767353,-3.988755677925248,-3.4302145794907433,-3.1140802591713643,-2.457510699827603,-2.067429113833016,-1.8992015922573218,-1.5979068396601022,-1.2243785584589324,-0.942841724580481,-0.6632222928332333
-1.1090804319724956,-1.1385183628792033,-1.1372251112051044,-1.1267862249154776,-1.1909406652015242,-1.3040014369241775,-1.4233816048926615,-1.4923427139533705,-1.6023108459266948,-1.697890383668254,-1.7984450081822727,-1.8701955727317394,-1.9794389494277487,-2.1543113068003983,-2.409918682133436,-2.33840747544302,-2.325452440393851,-2.3385323590024067,-2.6149638871306498,-2.795921176850676,-3.013261931382546,-3.7056612236851745,-3.4169722027645273,-3.4695886271302063,-4.451800525714239,-5.391835225153158,-6.020362803151821,-6.543609329416492,-7.1863554948729815,-6.749894107423646,-6.345015913932752,-4.723916709161564,-4.42954285656515,-3.95758113739307,-2.7221760242146695,-2.6384732920446203,-1.9166605527295475,-1.5424109827914874,-1.0429999629869062,-0.544047965363733,-0.47094028359011564,-0.02728152127764404,0.10415575523230448,0.23131427731066628,0.5981971116019318,0.6199375400683271,0.6862287978232341,1.1156359883811788,1.0390997058889406,1.0933213954969785
0.4230108619403622,0.6538360089826813,0.8730365052559292,0.8458264469716069,-0.19674352160140587,-0.31921642548652696,-0.20169531897293444,-0.06428209459824855,0.02724420118357179,0.10193147639687976,0.16460397456421397,0.22326986177163233,0.5564399885562437,0.8108122239605434,1.023081557507784,1.48393148996121,1.832126345843888,2.0708518396286197,2.76219957173052,3.463771860091584,3.6411847703665607,4.796772378342882,4.820222612513116,5.029535799526904,5.483005458596732,4.434858567496422,2.475630313603842,4.382234785476117,3.531069694573234,5.160122900910973,5.036338609820082,5.171704584307177,5.02715108013884,4.952863296016238,4.903495124038564,4.670067678111899,4.557380881116167,4.667653973018191,4.427941643751865,4.272486813558267,4.064487454125463,3.7505318103500587,3.76048435574273,3.6756851632365644,3.5302895304704336,3.5560023372688017,3.63349880214936,3.4871376812571895,3.430249857065453,3.5285991061003683
1.1009706889014972,1.2710029948866144,0.7784695960311989,0.5516792875610368,0.4972299110462204,0.6838772873105295,0.8031111201375883,0.9695494583812942,1.3928692846592836,1.5637977616482726,1.8736837054420479,2.12328526858604,2.73373348919783,3.1137178391061626,3.5474525280372213,4.198582971988671,4.6836307988478465,5.047967528454936,5.916860149615481,6.465529956315937,6.801435632658017,7.871697860284753,8.338330161831637,8.673477933370656,9.593364105514109,9.478441690125834,8.409516390258883,10.06918903390218,-5.800628802332203,9.709597745714849,7.861520955719123,8.806343390099395,8.84897818552109,8.654267180103835,7.950851672994501,7.9106771866730385,7.556303984856533,7.284952094925863,6.948666690987135,6.607144546485002,6.406706465429091,6.117314233658995,5.882788778914913,5.751079202862534,5.552652445743316,5.354648617564481,5.310719725384783,5.142869577184679,4.997061324655673,4.893955993130952
0.8080356751415678,0.9988759460733094,1.2347424886680576,1.413264485748373,1.6159401631054922,1.9687585550240272,2.1705798761630444,2.4134579169989423,2.928570549400193,3.2211120826335047,3.7326596324496797,4.370087563236397,5.10279189235064,5.3967193860247775,5.629510492971389,5.935403719130887,6.321026416390405,6.610055016864964,7.083890776558305,7.456405262042833,7.855233928860469,8.387162789502094,8.605076101940012,8.844550915383815,9.265641500803897,8.964890013980156,7.963094105038279,8.173691185723536,-5.740451418952384,-3.771487278569233,8.467204717974132,6.72000649339759,9.25849471337481,8.622086152701852,8.697030124854015,8.741481873353637,8.552486358064218,8.283746250305045,8.054310094215822,7.7586077155568445,7.522631228656846,7.2543017547829605,6.931196237883045,6.790099868099608,6.600756393976316,6.397717172779651,6.308380207096331,6.169616794498209,5.915861805958139,5.804715526799388
1.2871341905298797,1.4866118107606099,1.8074811918732538,1.9888007623085722,2.2477251966228655,2.4567311940962493,2.6475501130934056,2.910341993255814,3.313017638614823,3.503716612496641,3.834839336870019,3.9812286053373875,4.405267281906174,4.840540211964485,4.921802818497376,5.408504382389694,5.839420064810562,5.963997262094473,6.376175284193203,6.5885628741847775,7.016512051678942,7.456418218579542,7.703960600387044,7.843455769211638,8.120086343805097,7.920417930704163,7.9343486137880355,8.096156714487282,7.612846308786386,6.242799815567368,-4.091434139283968,8.59230510259077,3.5081108936069665,3.2241748520609756,7.7070362704566,7.5293779002005,7.508130557479433,7.672861701943506,7.556258651160741,7.414033758667681,7.174466305829926,7.037484119118373,6.9079922725349165,6.771326767932286,6.562319849730588,6.434382515485647,6.341390396533103,6.241247308066355,5.977390910393306,5.9576682217928765
1.6983189391432583,1.87749442184656,2.1548236267999714,2.299684951031129,2.518241062504309,2.731319326044667,2.898304279653421,3.15357110091797,3.3921504681625754,3.5482210580886338,3.850290247869466,3.9459795337464025,4.31991401676819,4.524253813052911,4.706251656455648,5.097688072189465,5.283230933104736,5.498119485514039,5.732896629694622,5.999634745481334,6.1315984598115,6.3853715801811495,6.580335042424763,6.714342398814349,5.940135972792819,6.296117871148926,6.676234365928686,3.0573077673065114,2.008600486263239,4.394652732879063,6.256412450508265,5.628916062950204,6.277800714676471,7.124983072320821,-4.78639269750193,-7.0984273571665515,-4.427265621117137,5.117040321688369,3.7789157267484654,5.333989627120939,5.28594296233217,5.697671132724992,6.205763670928906,6.334390792693459,6.323442574894868,6.271634746925556,6.194158457355479,6.103215394653094,5.962589126743735,5.8399235282330775
1.7222988983509833,1.9561980935423764,2.1187720299420363,2.249191010570974,2.3750912746293023,2.5795410035778623,2.671468991185364,2.895149168055773,3.0632781138285967,3.185758553482387,3.3778920524467213,3.5209942562219534,3.7607236706441043,3.9276944957562323,4.142407700466562,4.279219401443946,4.531302479498907,4.6511730906723985,4.760656867057092,4.914675851360785,5.049485678066448,5.194790305011802,5.327831910783212,5.424639928919829,5.534944080454261,5.59410431295542,5.775090974461001,5.86945481071466,6.032586016042208,6.025656615889474,6.088903536963298,6.128946732750325,6.228676383738896,6.282204416998651,6.283416283458578,5.972179131945388,5.5465432706336,5.002056814813413,4.552659511917791,5.03570181435464,5.00659073162056,-1.8983410786218122,-5.229295496104135,-4.1875921092744735,0.307860593298884,3.944805115010814,4.067908363145104,3.7714431238042647,3.7786043697470655,4.3070481839070585
1.6062886422263083,1.7348010184199831,1.8927500867070062,1.984136236895216,2.1410859221149097,2.2515647990304584,2.361943513261754,2.5005822423419617,2.6931770759303606,2.7883096623628663,2.9007958278727615,3.0562074264746095,3.161343431367744,3.307377269343495,3.433348201717558,3.56830370386424,3.709161884360171,3.75869738752339,3.8568082466474403,3.9214230044883776,4.089173913719129,4.196255700782164,4.257624695261747,4.29931398059384,4.460598374101956,4.586471809111745,4.608841570974777,4.625946327502256,4.801327660081226,4.921429043911399,4.919258136103047,5.014851074047023,5.102891310799026,5.1775172891968175,5.277457818852284,5.301492283592578,5.315038407750608,5.3070094531761125,5.291780111228988,5.247703645182958,5.220528830457624,5.08694547538743,4.8539334734519315,4.383365544358215,4.830499589205601,4.976649870703564,4.096635898454322,1.833343104370881,2.004442506543389,2.656549249692505
1.3433131550125057,1.4487245374086748,1.6208938614758353,1.7175607548282676,1.8058127258856767,1.9827235805080774,2.0118557571389224,2.1209220739933974,2.2517104907738656,2.335869714650142,2.397013889691091,2.4604783618289465,2.595573654471988,2.726453048961773,2.8144305723990986,2.8339132667004674,2.889475173924004,2.9617147063061102,3.1304556422648244,3.1834168052239313,3.2376353768705175,3.3664958685715196,3.3797780582342734,3.473128506475287,3.647544065553508,3.736247208510937,3.7557115960766616,3.813218030833661,3.9640653815919435,4.097046698642117,4.1659063567548875,4.203317156352203,4.2357344821920515,4.3298843786473835,4.395925158810312,4.375061991006504,4.4123525249399735,4.490191619033593,4.536976501385166,4.454450934978802,4.4490972797321175,4.486535800316337,4.500264319076356,4.497749744074459,4.438635746993151,4.378243994286254,4.4145569955863575,4.387834982576322,4.2893795312678,4.201872134797063
1.022437324509073,1.1496231789399853,1.255802206954539,1.2841863475816506,1.3102016157761807,1.462852144887278,1.5264264667665275,1.6117555787301958,1.6539852500293821,1.7304034411972495,1.8716497367109748,1.9059645872650117,1.9723573788622248,2.1100629072456316,2.197888370301765,2.277741682512931,2.3493905903511796,2.3975700364201393,2.484861356993289,2.5463823981213594,2.672684915505484,2.7831146210490805,2.7946938738912372,2.8285306594543105,2.98749470927464,3.0086112969917878,3.0323393350712227,3.1204328480521544,3.2652472998873523,3.2751006218674097,3.286138917364595,3.428989984832932,3.5069716003611764,3.5087393933323177,3.5305687056483888,3.616561448566969,3.658547647415123,3.7182048439726807,3.7302552110873886,3.690177646366133,3.8003492438843187,3.8280876784096733,3.824486234151938,3.777661227602757,3.763992126661485,3.696174485413681,3.674965889507399,3.6852652526719143,3.6109809863568505,3.513600704476321
0.8969204465952038,0.9192772129102674,1.0125807662611879,1.0725363564817083,1.117982954029774,1.179943503428179,1.2292871824693996,1.2785433073869121,1.3500850781833105,1.4157733947050335,1.436223771642794,1.4842954381891125,1.6041562592166165,1.6445920778252698,1.6764744291748839,1.8010639099647308,1.885756978805851,1.9037073123260724,1.9846057677082087,2.0755891732852567,2.122111201222195,2.1727177322751174,2.2668148319639436,2.333352559347108,2.359545653842278,2.417956557025195,2.511175805008832,2.5588508638075114,2.616782980089792,2.660946657403483,2.747910920194215,2.8238071294775295,2.84731910514071,2.857405227072905,2.9656120913581914,2.986195693006594,2.9921184648409502,3.029829552870074,3.0048773374917346,2.9805472205261903,3.0186568171346804,3.0568392242150804,3.10587227089947,3.1131728514056207,3.0519209777097687,2.8889834903275284,2.7589901669341863,2.7717351711365694,0,0
0.7071406406100936,0.7576608992047318,0.810498470452554,0.8463116574446614,0.914395610907257,0.9724520376570879,1.0090463939848064,1.0813487372085873,1.1212331882046662,1.156144610386068,1.2247350496266607,1.2646129874981278,1.3184053247398737,1.3571654470566263,1.411714709403962,1.4470314777527926,1.4849278680235949,1.5443937656672784,1.5746282119848987,1.5892646368016154,1.6699615647916948,1.7432042088696533,1.794336531788936,1.842127184265731,1.9592682954815615,1.9998628682805206,2.0108286169226246,2.072473952833681,2.099751435571852,2.0855049236996277,2.1349164818552664,2.2387710344275042,2.257292624723034,2.296611781877748,2.349474310706413,2.410771074229338,2.4499872229744897,2.4470877937284885,2.432149434208551,2.399657152283207,2.4270456233118507,2.431352810069638,-2.4186379268674197e+38,0,0,0,0,0,0,0
0.5177286038799402,0.5647322609857424,0.6504206963524828,0.692393895994984,0.7126897327101698,0.7752629041608294,0.7868959720432742,0.8201553418429827,0.9380158373815378,0.9749327145156791,1.0267193789337319,1.0684950373183772,1.161020218133607,1.1574744855231933,1.1677259174023495,1.1708519315611947,1.208379772091166,1.2310176863528497,1.2835582620648283,1.3161404439144575,1.3376721571587813,1.40587272252994,1.4207887620420017,1.4509090740687038,1.5678376661254239,1.6104328561628938,1.6279365412673639,1.6612599168458313,1.72444163091731,1.7494224468479014,1.7556283674865476,1.7857033789925134,1.82405542170527,1.8406452373265219,1.8358346238805234,1.7935826227310936,1.795761654651846,0.7264426599146215,0,0,0,0,0,0,0,0,0,0,0,0
