jsons/1312772400.json
{"header": {"parameterUnit": "m", "parameterNumber": 3, "dx": 0.1, "dy": 0.5, "parameterNumberName": "Northward wave", "la1": 40.97354507446295, "la2": 16.46031188964855, "parameterCategory": 2, "lo2": 133.9931640625001, "nx": 191, "ny": 50, "refTime": "2011-08-05 8:00:00", "lo1": 114.97908020019554}, "data":
[rows 0 to 21 of 50, columns 50 to 99 of 191]
0,0,0,0,0,0,0,0,0,0,0,0,0,0,0,0,0,0,0,0,0,0,0,0,0,0,0,0,0,0,0,0,0,0,0,0,0,0,0,0,0,0,0,0,0,0,0,0,0,0
0,0,0,0,0,0,0,-0.3269217496686794,-0.3247113469912802,-0.3555095445575762,-0.3438410051294084,-0.35160013906739274,-0.36922530191843267,-0.37584734529729724,-0.38541301653479,-0.38732892432791904,-0.395376072723665,-0.39723445180256023,-0.38936162821230463,-0.37145104753388214,-0.33904765813003146,-0.20441641269766023,0.07008868511127912,0,0,0,0,0,0,0,0,0,0,0,0,0,0,0,0,0,0,0,0,0,0,0,0,0,0,0
-0.40838072444410745,-0.3305786571502474,-0.3897662625999463,-0.36798117028635036,-0.35508244071222556,-0.3629470532140336,-0.3582863149134297,-0.36747022437102367,-0.38025727107842777,-0.3877804288154316,-0.40248240862408047,-0.41588840922042475,-0.4228967580526581,-0.41622854526186204,-0.4107195367724117,-0.4149818073703772,-0.31208721538595846,-0.17555099658884277,0.009604667597955243,0,0,0,0,0,0,0,0,0,0,0,0,0,0,0,0,0,0,0,0,0,0,0,0,0,0,0,0,0,0,0
-0.5842285431919163,-0.5730918581213793,-0.5817759545571879,-0.5560824217908722,-0.4956976780602018,-0.48086480977868823,-0.4617938519414419,-0.43931465609946135,-0.4313399459847689,-0.419175552219236,-0.40045857993600165,-0.37474314120031454,-0.3314774138430786,-0.21259239494253354,-0.5752910496163339,-0.4655374632100962,-0.31690677455234273,0,0,0,0,0,0,0,0,2.6038726520872987e+38,-1.5554516665550062,-1.6812275239396257,-1.7734897470434352,-1.8172775026706596,-1.8232543413802933,-1.8376791620056174,-1.8193288941885304,-1.7819877914384328,-1.7390721325527476,-1.797037126248312,-1.7085112222055066,-1.7263330374075898,-1.6104513744721716,-1.5397368780699494,-1.4729336834806455,-1.379901267189587,-1.287072981341974,-1.3216355925728824,-1.2343084754615903,-1.2358148529474124,-1.2914259875952556,-1.2272070337374794,-1.186517163702597,-1.1952200206394643
-0.743875282164225,-0.7983063545610557,-0.8364676520307647,-0.9342054208098162,-0.997763693734699,-1.0428588698482082,-1.1199245142574328,-1.1830784905708978,-1.0910078959736993,-0.8726739680113857,-0.6616811850751321,-0.4640973749053613,-0.5648846508168736,-0.4297112268868189,-0.6620636084801012,-0.7227839033338259,-1.2894250093754887,-1.3713026924984935,-1.4642394135590557,0.5152716767529107,-2.252721822305661,-2.4051041324925553,-2.5625704861677088,-2.7116640290083787,-2.68412365213058,-2.802891246873538,-2.8355615715084164,-2.8248673485846045,-2.874030760295962,-2.932329629535429,-2.8277097280116,-2.879153099767346,-2.833555296517148,-2.706217041795901,-2.6867912130952862,-2.682144690218944,-2.572320328482303,-2.4979514952704167,-2.446773113571267,-2.2640173737994793,-2.1702230994453475,-2.036049178761964,-1.8957425736641529,-1.7619516274824907,-1.5887323023554882,-1.527440772568757,-1.5274111470748035,-1.330862568464,-1.3007437373565895,-1.3041703595306302
-0.6910284822555501,-0.7398921138898162,-0.802886328655291,-0.862504116610877,-0.9526092114067671,-1.0051784532930625,-1.1345558747734408,-1.2411032336895866,-1.32714010826071,-1.4486722120860713,-1.55194890803542,-1.6929278069052567,-1.8394988739136764,-1.95796577393466,-2.0537026505206595,-2.152596735245881,-2.2854835413933365,-2.435948282452499,-2.529171805039498,-2.7282759840809434,-2.8941681425572536,-3.0017644541783572,-3.1798561816575726,-3.2603802865594673,-3.3677206689533232,-3.5184310495461384,-3.5882089704204105,-3.621574474201283,-3.7279063622438176,-3.7700633199795135,-3.645259560972529,-3.746958104970748,-3.773072427475544,-3.685311781404835,-3.6552858798067747,-3.643901832062226,-3.398245165541423,-3.285964280076953,-3.2830225731499247,-3.006454441207408,-2.9155375617068593,-2.6923658257849628,-2.4653940917633097,-2.048752082364889,-1.7486465577527486,-1.4310738634245557,-0.638042929486872,-0.03944704844917717,0.1930254667794498,0.7619915797450086
-0.31240620925846263,-0.3322573144505827,-0.3505964353608265,-0.36167675277928957,-0.4136799850867775,-0.4315069335198171,-0.4949853995057674,-0.5496175391667157,-0.6225047352095059,-0.708510364598562,-0.7616522846544608,-0.8737336780411588,-1.017944748105759,-1.116816676519712,-1.219333231410178,-1.3703693637084204,-1.6182905010077928,-1.8194595078873506,-1.945845760637501,-2.166512915538334,-2.3808539862686993,-2.5559527719128368,-2.7502194456168723,-3.0163680885557023,-3.2300615489500335,-3.487419309501802,-3.6847835058411724,-3.8585124591677236,-4.093271707558651,-4.163378258973498,-4.138380452460625,-4.254170690298175,-4.2110180447341845,-4.023877033813918,-3.8979637879720377,-3.830435049095127,-3.604872438895841,-3.433859651252941,-3.376401562544725,-2.971729028257186,-2.893796441528351,-2.714000234683736,-2.6559408816110186,-2.0318716559014707,-1.859362633846433,-1.4055507113104415,-0.7895974492928486,-0.44820132101609883,-0.12690182958878382,0.262269725195586
0.1296208692362225,-5.585493889713355e+37,0,0,0,0,0,0,0,0,0,0,0,0,0,0,-0.6118187567402071,-0.3948053921568679,-0.5066301309524106,2.8435369988060193e+37,0,0,0,-1.1980712377790543,-1.544911631247616,-2.4056683939199495,-3.155878998506239,-3.4825368068783535,-3.850405234658653,-3.9951948503620347,-4.065427755068602,-4.149125544139223,-4.0925802159659135,-3.8227517891421763,-3.605225714480211,-3.607565031946236,-3.3137017631762284,-3.104088382658095,-3.0885951816363515,-2.708019344155784,-2.523924662683827,-2.4249381633243305,-2.223327597032953,-1.7712242637527629,-1.50076516563539,-1.3289666274331684,-0.7738141417323011,-0.6048020350267622,-0.3271179689963297,0.05568616846885562
0,0,0,0,0,0,0,0,0,0,0,0,0,0,0,0,0,0,0,0,0,3.2121635234697903e+38,2.9020551788014746e+38,0,0,0,-3.0780303949966776,-3.2444116833154553,-3.464510004407639,-3.651325341258499,-3.793459252216544,-4.012192159570483,-3.92766270621785,-3.6686137671123853,-3.5917641856675635,-3.4893512697656335,-2.9943291153451312,-2.8134450242814086,-2.6788642681028847,-2.249442090183281,-2.1396098783828017,-1.8924890571112318,-1.855247115500047,-1.4116453487948433,-1.2187800377294953,-0.9807870225486498,-0.5952087688026694,-0.34198298866944393,-0.1714367383939469,0.11586042954029886
0,0,0,0,0,0,0,0,0.17690806413652344,-1.1642024737545509,-0.8564666313482548,-0.7253786683753316,-0.703380269075194,-0.6898204839989632,-0.594813179532091,-0.5413755047909722,-0.534670563981541,-0.5707307107614515,-0.630912924195401,-0.6687302560920968,-0.956306044381029,-1.1507149140385844,-1.5188739185612246,-1.753862557051572,-2.3029800158041147,-2.685174204846494,-2.8863201336799036,-3.2601387469793406,-3.511415153715106,-3.7228636727602877,-3.8774350648567077,-3.952291963163011,-3.91470640354195,-3.652767541559325,-3.4434862347914237,-3.3387910533400604,-2.7986123751847294,-2.4696796168676305,-2.405979670101361,-1.9360909597941118,-1.763948458797501,-1.686611405041865,-1.4336054263876452,-1.026627388184728,-0.9383884792089775,-0.747682265341508,-0.431501804914938,-0.24597420167077533,-0.04278587939605833,0.21206464660289046
0,0,-0.9439648041095897,-0.8252138094604189,-0.6749994347900728,-0.8156303115439488,-0.9861787647352158,-0.9894471313631166,-0.818800545648169,-0.8445800822107633,-0.8244704754307957,-0.7950128033847089,-0.8080414215855048,-0.7532739979384251,-0.6973128979774685,-0.6422420350868416,-0.6460369801395369,-0.6693923927223657,-0.7122385407786722,-0.7582851101697798,-0.8225435360270125,-0.875233804554665,-0.954579293656648,-1.0590210252535743,-1.2508692308662608,-1.373663473191747,-1.4845340505598694,-1.6632104155317253,-2.037133582512979,-2.2430206679763396,-2.804218624887525,-3.4421755327235055,-3.6117269999310087,-3.412198382056598,-3.124369699558861,-2.4435725067650087,-1.8111379511347516,-1.5524691169946085,-1.3505225776315744,-1.0710483630675818,-0.9910093753831299,-0.916078148833285,-0.8224254127821645,-0.5910050652243152,-0.45604529182369025,-0.34675070874149283,-0.0855858848457073,0.02859660069377645,0.13502989467356433,0.35859771175958544
-0.5952087700898417,-0.5790193841128879,-0.5856599665185193,-0.6298647953768831,-0.61565242200157,-0.6162357878769459,-0.6453225713336155,-0.6522726877324282,-0.6334090047984486,-0.670994196710379,-0.6550555517337324,-0.6125901429897049,-0.5689587242495342,-0.5129702664945774,-0.4434348179045673,-0.4320751176656105,-0.4112425747240662,-0.39728177654708585,-0.3797766681352675,-0.4062315501085207,-0.40163676147151817,-0.4288300153936152,-0.33751609283483247,-0.2875106661043931,-0.15717019508912775,-0.08049756680028942,0.01666081714675049,0.2683451970691336,0.3556309563217704,0.5156874917715863,0.8295712873273937,1.4563874601929772,1.2069404920115046,-1.3551704707725871,-0.5197250676591322,0.6444576847855462,0.7549577915934922,0.2636250606337885,0.18526829437640746,-0.04338400837587533,-0.11040787825179164,-0.15595642201633264,-0.1726178794222627,-0.14871985675011612,-0.12618145092033445,-0.05085096077179315,0.11109302625408887,0.21873303911726513,0.3417346650840312,0.5357137601814883
-0.2269270501641051,-0.19177042394278349,-0.19828282106051032,-0.24774862020924143,-0.27140340003906355,-0.3047817593018917,-0.3327560462515079,-0.3366804198125452,-0.33180661089377095,-0.3467322206202515,-0.34047309021834876,-0.30910317534428455,-0.29428458894699755,-0.29613091886989357,-0.27898588500542154,-0.291606213474831,-0.3255048394398536,-0.2773125793860357,-0.17239363111937378,-0.1459719004114761,-0.09659951239954269,-0.0872069187878684,-0.05616995004120284,-0.007500387634309723,0.1687144024615234,0.303374429182668,0.37850533911570045,0.6672986856226053,0.8442161257812327,1.129300344450397,1.7784493188711181,1.9715842572380575,2.363279838789722,1.4615694745384014,-2.02725175160193,2.7758312964110923,2.467465007617095,1.9709314477185145,1.7763045386280443,1.0641031944567882,0.8987215828757982,0.8030147878937501,0.7382491524213127,0.6255488480157655,0.5126903943186671,0.49155684916829556,0.47285454812754396,0.5012696552824951,0.5410455987691537,0.6242342503748417
-0.09668158904052056,-0.04583439664385845,0.06185744692897722,0.05223882393600458,0.13910332301367315,0.17250872364672643,0.1896182914765924,0.1815816809010318,0.16609819895819342,0.17156895019490426,0.1777789142659323,0.15435930164195125,0.1339827038225589,0.1119001625031336,0.019271825746731405,-0.04068018131824539,-0.054238630382317105,-0.05539803668433419,-0.027212092091258053,-0.0076506236769612445,0.07871145789826348,0.14977295703595112,0.18637896405372598,0.2225784682576057,0.36286718456683964,0.47104861126534137,0.6300044091817458,0.999324109945049,1.3214495136115234,1.4876520451624953,1.9062283225551586,2.073826820751785,2.1949927799878153,2.5032288642714944,2.5972065229002057,2.40293453700727,-1.408577496809511,1.8631212782138764,2.3099317014201093,2.3441254798400033,2.118847020772295,1.9666522555589738,1.6806314284951152,1.3017638773567948,1.1966182458930739,1.0620618892247666,0.8954525307141407,0.8263513752754084,0.8123663467195243,0.7783410996927574
0,0,0,0,0,-0.022634861902012242,0.10785044606628723,0.18539156860984352,0.28814734626627986,0.3205930894425972,0.30002225411275724,0.1961906829811248,0.14112053879089442,0.1076368052772919,0.05543925806370079,0.03602822035296718,0.006545948407622417,0.0183242614277068,0.090293608565098,0.16674845675332442,0.3684151240846206,0.4029488045728189,0.43860446860376856,0.45792640096815634,0.5185133160955945,0.576352180990166,0.7091250571886408,0.9228832861759151,1.0882345265955016,1.1873974623574448,1.4352345302173204,1.5840135479349637,1.7319241859777204,2.0827377406317735,2.279162739798329,2.3664197963510376,1.637226884447436,-1.728314529177295,2.5778772036479394,2.481734356889424,2.352642036190316,2.256972391206378,2.091509834804513,1.8331410832764632,1.680241403524115,1.5587046627954373,1.297576906172859,1.1780945581216287,1.0833049135283594,0.9244376001111212
0,0,0,0,0,0,0,-0.03590554424235363,0.21680380079529848,0.3454173843003608,0.39669033446258484,0.286725069488548,0.2268467341727805,0.1527919988017674,0.08435604130686311,0.10426246843469651,0.10598848075239481,0.10979799681825504,0.15145329437653243,0.08048107543122993,0.008588425637263704,0.036519241393925525,0.05095945139760003,0.06775840774776767,0.23575726313883077,0.36239134041391297,0.4423039674710367,0.6099983008870912,0.706660846428921,0.8202908112382051,1.0728365265526265,1.226723539051597,1.3559037722483622,1.6633380700819274,1.86471666347729,1.9599413269449857,2.2383979152407645,2.3132287330529944,2.174369811038821,-1.769083427215134,0.8646521276975809,2.32589184798022,2.2482426830527507,2.1629032061061055,2.0313962016862774,1.8832706929502925,1.5731609684460417,1.367344915140939,1.279515869989421,1.0354259891451012
0,0,0,0,0,0,0,0,0,0,0,0.3528615726895566,0.3132485717949006,0.24765555529639627,0.12871748979532596,0.12270225126786193,0.09247643116252621,0.0040094476963936105,0.011135628101884685,0.05111039886343933,0.07118005267991866,0.0732386219721737,0.08655531160245108,0.12770575164091688,0.21315571912169506,0.27821606439180385,0.3732744110087068,0.4775340190863368,0.5780008043519099,0.6986081124830735,0.8945546274755808,1.0505400166857957,1.127818516620713,1.352056327637339,1.5000961621024125,1.6651356793963785,1.8589322811437825,1.9346275642446167,1.9966987468060335,2.1079157211407007,2.0138442812282014,1.2484732753098005,-0.20569577754219612,1.715980950187641,2.109002933028374,2.0692298760172747,1.9322558253753843,1.8464077661294729,1.763814696921045,1.5728289299330467
0,0,0,0,0,0,0,0,0,0,0,0,0,0.04676192984062393,-0.21573612952202856,-0.04138684981477552,-0.02540072744791596,0.09395249863615726,0.09982142885699934,0.0939096038444556,0.04988318144338471,0.02140476746418394,0.019621194661095475,0.012672808942164855,0.03747627110104468,0.08247555957305283,0.14840067262674317,0.276309342608596,0.42471530509519956,0.5795933415768061,0.8871021843483875,0.9751218922126587,1.020188638535305,1.1547341289707793,1.2388731132879707,1.3318838295686868,1.4765815984957238,1.5365980370547818,1.6091573484473354,1.705684724298377,1.774068035954686,1.8388141666549302,1.8845511772429677,1.5073805955755855,-1.879152735231239,1.7137806138253586,1.8522872346939647,1.7838241868684739,1.7586446006957666,1.652898259377352
0,0,0,0,0.038106023059478626,0,0,0,0.14005773649728684,0,0,0,0,0,0,0,0,0,0,-0.6647045697881461,-0.3569258470409349,-0.294228524103528,-0.25471747472292006,-0.1756978840223812,-0.05238830865120166,-0.0286018982189085,0.06237131016026216,0.21674508499522402,0.37831930379346024,0.4972190258519668,0.6866701657647191,0.7284233282567264,0.7849306713146957,0.8253351159394388,0.8686883571281885,0.9677237201720473,1.1867521809111978,1.2742769166487575,1.3262277544228644,1.4459515856615526,1.4894046582420433,1.5229839647846404,1.5637387838865255,1.6558621892732772,1.3880741359266113,-0.32413067029253306,1.2816559972710404,1.5658118989747458,1.550740015733899,1.4489065998264168
0,0,0,0,0,0,0,0,0,0,0,0,0,0,0,-3.3564383508948888e+38,-0.07281726088372469,0.12185515633798398,0.12851828427542641,0.12520648385492802,0.020410140356030972,-0.21427032301718038,-0.5938930618691816,-0.7210938582914168,-0.6257907103340217,-0.6719633528014363,-0.6004201811974601,-0.34686781557962365,-0.23682063063919473,-0.10617385692679146,0.271721907554956,0.43906136790010664,0.58024217843227,0.7852483028327022,0.8507570342174162,0.9567735759959819,1.1089938030832767,1.1618134593212863,1.2045688664879328,1.2800029614812003,1.3141130829632186,1.3526566251963668,1.3971137750191134,1.480981413941161,1.4450600683364117,1.300975760039399,1.5009598618740232,1.2300602870177277,1.4317372020961858,1.3135285575658548
0,0,0,0,0,0,0,0,0,0,0,0,0,0,0,0,0,0,0,0,-0.28431153342869864,-0.5342946174889777,-0.8487947761399623,-0.9071268438221007,-0.9404859071248434,-1.0210948974527612,-0.9663814112122165,-0.6348815061570013,-0.4128293032933309,-0.16793706939105704,0.14071417139252024,0.24697836363654363,0.38609294423796975,0.5976640386048203,0.721383481511068,0.8015576563647135,0.8763514854518881,0.9535588812232149,0.9899428526729345,1.1102393333049183,1.1830401508890616,1.2503708272792147,1.2869143116467765,1.3771631754182025,1.41646327268863,1.2205589876187086,1.3389897288817822,1.115244979587736,1.3221041944644694,1.1847535628367436
0,0,0,0,0,0,0,0,0,0,0.04470774201954631,0.17451671067795177,0.22304876517937328,0.24749244052403255,0.28998134628584216,0.32796564024624564,0.40022518682075076,0.02546567813241571,-0.3391536702544478,-0.5475769823359298,-0.5674981981349595,-0.5928974359975305,-0.5503377453132338,0.6545725241428174,-0.7153873892889404,-1.036116928077624,-0.8859587866947399,-0.5983580237129195,-0.4501284508120354,-0.24305240414447754,0.1166307328610899,0.28055778828401845,0.4303378465353479,0.6608041017197918,0.6937914517478472,0.7653873314527524,0.9448579705875564,1.015679192471834,1.0228656347353324,1.0406508540169568,1.0454131821718236,1.0776655278401543,1.1017146508653544,1.2210218478457544,1.2712728715532184,1.3041516770625452,-1.1590086498541137,0.664473159767028,1.1877675012284932,1.048630628353193
