jsons/1312610400.json
{"header": {"parameterUnit": "m", "parameterNumber": 3, "dx": 0.1, "dy": 0.5, "parameterNumberName": "Northward wave", "la1": 40.97354507446295, "la2": 16.46031188964855, "parameterCategory": 2, "lo2": 133.9931640625001, "nx": 191, "ny": 50, "refTime": "2011-08-05 8:00:00", "lo1": 114.97908020019554}, "data":
[rows 0 to 21 of 50, columns 50 to 99 of 191]
0,0,0,0,0,0,0,0,0,0,0,0,0,0,0,0,0,0,0,0,0,0,0,0,0,0,0,0,0,0,0,0,0,0,0,0,0,0,0,0,0,0,0,0,0,0,0,0,0,0
0,0,0,0,0,0,0,-0.0012102753694691413,-0.00046658159933664545,-9.026932730812928e-05,0.00015711245415003165,0.0005358936677261504,0.0005222396851697694,0.0005664628438012786,0.00037481238813897135,0.00026735585748440454,-0.00014533426321072421,-0.0010215346285581885,-0.0014022032865257203,-0.0013906328615945188,-0.0013177039773988564,-0.0008446802014887231,0.000371962873922138,0,0,0,0,0,0,0,0,0,0,0,0,0,0,0,0,0,0,0,0,0,0,0,0,0,0,0
-0.020311884631857888,-0.016685535036345844,-0.014375516366555654,-0.010123149236990573,-0.008351442374278371,-0.006559723717394227,-0.004070159020996169,-0.003542643875252283,-0.0018115572920671067,-0.0009029225007150472,-0.00037689632020727356,0.00017876396811270027,0.00027142160183528814,0.0002563737162879712,-0.00048292961221315885,-0.0007597125828680456,-0.001999078542136196,-0.0016394905654239275,-0.00042840477949197066,0,0,0,0,0,0,0,0,0,0,0,0,0,0,0,0,0,0,0,0,0,0,0,0,0,0,0,0,0,0,0
-0.03700118142267747,-0.034840479813922166,-0.0330718469761087,-0.0288383849541403,-0.024601697618540513,-0.022637693722194055,-0.015624420374432901,-0.0122155349539255,-0.009409058671654565,-0.005610419408019508,-0.002973257988354216,-0.001076825016715081,-0.0005257563073725666,-3.066981273884308e-05,-0.0010157689381134986,-0.001477098054221776,-0.0011937076442512162,0,0,0,0,0,0,0,0,1.3171433962231681e+38,-0.06237267973733789,-0.060028547755255054,-0.057931325083409195,-0.05387647761622741,-0.04926419316555108,-0.041654669613358015,-0.039229693328466944,-0.032770213259198704,-0.027521953044374783,-0.025387528483792162,-0.018488499182191385,-0.016726847292265302,-0.012887576608051447,-0.008820270770601709,-0.005730950286851497,-0.004279866432253108,-0.0017808693724322238,0.0030633754363781768,0.005575422978825813,0.00776211640077094,0.012654816900843085,0.013421634637746033,0.014369551999190907,0.016166496628499043
-0.04738553824192839,-0.04727427540541688,-0.04823439506128116,-0.05042415517233574,-0.04928293414528643,-0.050009635564203035,-0.05087008561471546,-0.051549656803907454,-0.04868599068541554,-0.03396567503918024,-0.026123385505938276,-0.026715266073729517,-0.018745416541150896,-0.011275058349214655,-0.014377327310399052,-0.0338003192129794,-0.08503014284917369,-0.09603191791810911,-0.07821539785221132,0.04068113914449677,-0.09459917310406601,-0.09493045526443344,-0.09817247860230055,-0.09961727644508755,-0.09475733622853615,-0.09569753152925833,-0.0934605559687929,-0.09134084322301324,-0.08854682902593493,-0.08873046373251599,-0.08296211335662572,-0.07873320083406203,-0.07058873295145797,-0.06276981061049236,-0.05653220762820101,-0.04849106658400317,-0.038318094236462694,-0.03234869067517701,-0.028023209817560717,-0.020657063256162494,-0.017004447984573078,-0.014039490665996157,-0.010168977929086031,-0.005581410515144286,-0.0009649550986017643,0.0008998600545327916,0.010428294626957834,0.013710226616032654,0.015857519573037833,0.022972889714430886
-0.04881209515411127,-0.04948501956535851,-0.051258858140153615,-0.05438545447514497,-0.05640559204572394,-0.058666901326428385,-0.06314080211712603,-0.06630877094554617,-0.06747065437050792,-0.07327209198230673,-0.07784475374697179,-0.08091254410755631,-0.09079073760401654,-0.09644666519782558,-0.09711846581739232,-0.10461262104159147,-0.11338825856314429,-0.11603732452020381,-0.1116358323030404,-0.12347047125271826,-0.11756471894498007,-0.12013100816831948,-0.12698455064751538,-0.12695829575880863,-0.12485636361532036,-0.1271626072633098,-0.12725036338815385,-0.12523950421641386,-0.12640167811845007,-0.12726047989247202,-0.12074961610614486,-0.1193233298529935,-0.11416351707922032,-0.11011874431659709,-0.10614524464320763,-0.09706837470931143,-0.08340915356627383,-0.07389996988227798,-0.06626087194868407,-0.05047330395559604,-0.04297819579979356,-0.03631562213804381,-0.029404911401419157,-0.02227841062002901,-0.015757566116027005,-0.009528791143813407,0.01070963582170051,0.018624161599720957,0.023177776882042322,0.03604945219731801
-0.0409430435041501,-0.04273696117490209,-0.04410678444371878,-0.04677658245590865,-0.04948993849488628,-0.05116219955504362,-0.05457210351483019,-0.05846264176188316,-0.06043652053277247,-0.06548829052362248,-0.0697917005236588,-0.0737466577439581,-0.08277570267266875,-0.08696232257864217,-0.09342265438739443,-0.09969649019724836,-0.11093836748283407,-0.11718553150702007,-0.1252162424437053,-0.14319753810328908,-0.13913591845728027,-0.14830178131468297,-0.16496745374241084,-0.1651547411256305,-0.14932427648685132,-0.16316031737820957,-0.16220285409959956,-0.15431953333821988,-0.157386082626985,-0.15805109695559488,-0.15129686666088543,-0.15389935724070367,-0.15166270403696594,-0.148605174010091,-0.1445564005129942,-0.1398461523927676,-0.13395458062550747,-0.13113452363093853,-0.12003423992608937,-0.11183749117594118,-0.10673496969730256,-0.09647438240213217,-0.08996643008654458,-0.07814965272073533,-0.06564918457584015,-0.05988005800570032,-0.045992520497039814,-0.038311268804919564,-0.0310335485716244,-0.019078341728203562
-0.015379020596788497,1.6205841462658085e+38,0,0,0,0,0,0,0,0,0,0,0,0,0,0,-0.06626034802659643,-0.05024211512992317,-0.0561862108345213,1.3207597685725042e+38,0,0,0,-0.10113630064967831,-0.14526154301850347,-0.20304857642231927,-0.20843221605801415,-0.18962700892545256,-0.19220288497168542,-0.18901750144799365,-0.1832350384006794,-0.1899255890156647,-0.18903268132030046,-0.1839634134188956,-0.18264567438420845,-0.18392175717582276,-0.1807579723934793,-0.17949449047923582,-0.17439043419032035,-0.1655607951423063,-0.1613233947144043,-0.15137861869969654,-0.14673564365826147,-0.13368234352516167,-0.13042151274331662,-0.1270517784788637,-0.1257293017668036,-0.12128041795990181,-0.1210719756375588,-0.12389856008476552
0,0,0,0,0,0,0,0,0,0,0,0,0,0,0,0,0,0,0,0,0,2.0100696377693875e+38,1.806499449834234e+38,0,0,0,-0.22015204844994812,-0.2243249927028108,-0.22924000162645777,-0.23407226501153036,-0.22221447509755682,-0.23030174051487365,-0.22730332550792237,-0.22253894176859482,-0.22555958160575532,-0.22590151558010982,-0.2200710368279082,-0.22427202893014614,-0.22273823765038017,-0.2210769786549045,-0.2171714640961422,-0.20986070262741452,-0.20347055991137228,-0.20059989803524123,-0.1874162823029186,-0.1823814246575902,-0.17662221650505158,-0.17047981581365318,-0.16689705541503924,-0.17384376906663468
0,0,0,0,0,0,0,0,0.058245444960577944,-0.22128652271977964,-0.22824676947136976,-0.22930236773743584,-0.2498606829620097,-0.24794594418395174,-0.25319601660046764,-0.2504525227186877,-0.25349741732456366,-0.2554966610399828,-0.2591283698968425,-0.2628247722517248,-0.2650611921699085,-0.26494770376536686,-0.2650629363740867,-0.2675559992942354,-0.2694990338024368,-0.27279490839225473,-0.2727982807089129,-0.27288410428127746,-0.27716077566257186,-0.27936440872362905,-0.27352277283636517,-0.27762713684119983,-0.2792475384156279,-0.27621527199603785,-0.2757143788553127,-0.28297866124349447,-0.2849262599895137,-0.28410335866722436,-0.2878239857890511,-0.28356474835349743,-0.2813024621204343,-0.27890393219948373,-0.2736069721162888,-0.27541972048629704,-0.2660450877994389,-0.25776887787059183,-0.254180446041288,-0.24473175255286878,-0.24143988108919592,-0.24373527839362585
0,0,-0.2382052637778318,-0.25380875630667576,-0.2541553067296106,-0.2594532256793157,-0.2847203333817654,-0.2945160954388943,-0.29520167073977516,-0.30419403400831985,-0.30550530040458546,-0.30929087335084343,-0.31554344667235,-0.3174716279766398,-0.31407656290495756,-0.3142944468652277,-0.3227377336513349,-0.32571782733621524,-0.3267815690989885,-0.3305818832062331,-0.334679729837301,-0.3389777315136134,-0.3431896843792017,-0.34339068835351677,-0.345610892507794,-0.3492906283693286,-0.35188755502586166,-0.3487225068218213,-0.35088191939447355,-0.3510999736261624,-0.3489958935497106,-0.35389392760927463,-0.35649723051428023,-0.3476999131725561,-0.3508240406703348,-0.3587165696055957,-0.3522911424037913,-0.3487272864117983,-0.35696962574157065,-0.3544551328902102,-0.35681110628101287,-0.3587117341541357,-0.3559187611346079,-0.35381717393506196,-0.34947979711130234,-0.34544318758324694,-0.3433020141632298,-0.32527503361132454,-0.31728139885650863,-0.31981939498305206
-0.29777997396609374,-0.3030685514827879,-0.30885606192098647,-0.32078665994986444,-0.322328946339436,-0.3288881197151359,-0.3383719120772175,-0.3437790719277213,-0.3473184044380144,-0.3583470467525203,-0.36765128370783096,-0.36908177566821315,-0.3797068123332703,-0.38321921475434584,-0.38326947724042515,-0.38907171991340156,-0.3949426433890541,-0.40101881962997876,-0.4073277724126663,-0.41721098874625995,-0.41819040715691574,-0.4216830384238322,-0.4320538188848042,-0.43542948536386994,-0.4337950747888649,-0.4382457672884171,-0.4396604534942441,-0.44581704955755247,-0.4518636958822778,-0.4556716182945844,-0.45037470417253045,-0.46144164303934154,-0.46153413627994716,-0.46065933226132705,-0.4578934424819923,-0.46706577567777635,-0.45993596741841036,-0.4590760043422337,-0.466145498216344,-0.4507213139764097,-0.45266890203482896,-0.4621316655547485,-0.45603599247687154,-0.44639493271500763,-0.45041392585829254,-0.4463107105198918,-0.4416781900981621,-0.4343940094143209,-0.43379161833150737,-0.43033505373693665
-0.30116443889886646,-0.3100670636888118,-0.3158990271240613,-0.3332961367245957,-0.34262323989007637,-0.3519397006204667,-0.36434404620691657,-0.37576804930879854,-0.3830647661695872,-0.40155920403776096,-0.41349232823729215,-0.42098332946575123,-0.43527494588104104,-0.44194520478149146,-0.4501143432412953,-0.4549896125780728,-0.4745682818711273,-0.4731947755069433,-0.4866398928242994,-0.510379864118373,-0.5134848328792281,-0.5203791992509462,-0.5341501038348513,-0.5435025552228546,-0.5384977483137117,-0.5510676541876545,-0.5524515320725447,-0.5561642148053523,-0.5623386286283819,-0.565648372317989,-0.5641238082956357,-0.5719267308774397,-0.5675424810969308,-0.5744447652304769,-0.5759403685265723,-0.58180489478419,-0.5801157282336897,-0.5729885211559329,-0.5929982065062639,-0.5734193793133909,-0.5782513704536586,-0.5912672011338039,-0.5906942721887238,-0.5868806430046318,-0.5959526074236109,-0.5944003373510972,-0.5863554322131201,-0.5764214183951993,-0.5681179849589689,-0.5600071204464944
-0.21521707787461816,-0.24318175295660685,-0.2744441732118165,-0.30392853011936616,-0.3162730626578697,-0.32626865044717657,-0.34556037252277033,-0.35647341733721205,-0.37124284469578095,-0.39620994115157926,-0.41037642286884357,-0.4268987158263354,-0.4587598013348765,-0.4703909285837071,-0.4840071305334676,-0.4978125348753454,-0.532716469113006,-0.5472762241208403,-0.5631111137332742,-0.5891430689200393,-0.5944123253047616,-0.6052618670779203,-0.6282755844767055,-0.6366627908911684,-0.6458973560415086,-0.6672598551936303,-0.6653602089078677,-0.6578445317024625,-0.6884356535262993,-0.7000396507727923,-0.7168848109471624,-0.7447516155229178,-0.7419364469255982,-0.7431408060633818,-0.7468013974729041,-0.7568250309030382,-0.7533096882922444,-0.7586311683816773,-0.7728024671491476,-0.7644549005600194,-0.7553612798592284,-0.7811024961356519,-0.7688085820184116,-0.7595344425946512,-0.7729181524199301,-0.7612693468609817,-0.7492515770194684,-0.750958889473821,-0.7470763631671333,-0.7304712702861178
0,0,0,0,0,-0.2735470603605829,-0.3060105428974314,-0.3233256126681578,-0.3446209716644543,-0.36960900417331677,-0.3872180207294692,-0.4105676290203514,-0.44394350578516706,-0.46731686590584726,-0.49258833213324904,-0.5125528701692849,-0.5552146399033324,-0.5850465958721609,-0.6119393851249973,-0.6681324418597846,-0.6852263658372536,-0.728566369699516,-0.7633675352598877,-0.7806485484673041,-0.7971081665536409,-0.8246110186595301,-0.8432899236288064,-0.8501958257886465,-0.8729629045012983,-0.8857579632846885,-0.883103640950148,-0.9077116505265134,-0.9112885589714683,-0.9200314203318515,-0.9301374135825846,-0.9544165098022254,-0.9523891777678585,-0.948447997262217,-0.9625645681229432,-0.9609946386823285,-0.9700911212503858,-0.9855899249959781,-0.9803845942927255,-0.9744154126523984,-0.9843862899452037,-0.9876793077781335,-0.967569817169432,-0.9753887048172063,-0.9706994035624321,-0.9356390291033361
0,0,0,0,0,0,0,-0.2598468198086711,-0.27415205564856404,-0.29526641741045234,-0.31407562019281765,-0.36165107568069355,-0.42292075756564673,-0.4612049515708605,-0.5061731533651553,-0.5358348524252847,-0.5769549328698563,-0.6129844786719356,-0.6482946530861246,-0.695384668382665,-0.7299796238789944,-0.7579891426269892,-0.8198777115900392,-0.8505749376529251,-0.8787108720850509,-0.922494038556677,-0.9422202806288487,-0.9612214012513979,-1.013895015782465,-1.029084035884122,-1.0487010225868885,-1.0822553186926709,-1.0991884422015905,-1.1058285687322642,-1.1235507489042094,-1.1552675587885353,-1.1580235323015213,-1.1639716183270257,-1.1808271416611575,-1.1841438093293184,-1.189058404898671,-1.207694897469985,-1.2183739275215755,-1.20828970108899,-1.2236198962719016,-1.2378528127741775,-1.2191688388980961,-1.224141054562905,-1.2297924479019626,-1.1909045494957997
0,0,0,0,0,0,0,0,0,0,0,-0.22382873005249096,-0.24276273844411694,-0.3427466198935467,-0.4349876468781698,-0.4850154942243645,-0.5525376814786617,-0.6137162300433304,-0.6529327813563404,-0.7168534039866761,-0.7623691783213791,-0.7995630718211122,-0.8740505780635944,-0.9148410677763527,-0.9647658417726852,-1.0470405567361425,-1.095144873803201,-1.121800049884809,-1.1709154832262676,-1.18927092540318,-1.208391051787627,-1.2725095168910834,-1.284844237019916,-1.302530902202761,-1.3171853975540637,-1.3652564821067124,-1.3730379109477207,-1.3902947583498582,-1.4504134394739132,-1.466538155673752,-1.4964600054856345,-1.5691087874165919,-1.621972257676301,-1.5922821914199714,-1.6411468020081115,-1.6460299831470455,-1.6423934268368225,-1.656646514588424,-1.6579875546000884,-1.6455475715221535
0,0,0,0,0,0,0,0,0,0,0,0,0,-0.23016952668212987,-0.39190949122068935,-0.44757971969000865,-0.5702196052775884,-0.6635654193162202,-0.7252357472712878,-0.8256641764158316,-0.8834115485538562,-0.9160576845681757,-0.9927460785876773,-1.0331086747365337,-1.0982136158992668,-1.2065909034231175,-1.2446569485742154,-1.2771633875133812,-1.3495440190454528,-1.3731437097075938,-1.4108466798703105,-1.5250564499031407,-1.6075538738875503,-1.6482393968696678,-1.7031033046173873,-1.7778328505745664,-1.781451685313801,-1.807767351598035,-1.8588458724106465,-1.848632381039886,-1.8813225513564673,-1.9204512910481055,-1.937358655030956,-1.9364310879504598,-1.9844913181446617,-1.973174730707403,-2.004904182360993,-2.01141983802342,-1.9915628240267813,-1.963219462518767
0,0,0,0,0.07476741547265892,0,0,0,-0.15281689451087646,0,0,0,0,0,0,0,0,0,0,-0.7500635142096421,-0.8623102654235835,-1.0145847802869024,-1.2329410740782447,-1.4000579672104307,-1.4913138276979747,-1.662100031422643,-1.7252993224258106,-1.7467890824190326,-1.8694198397637545,-1.9227660845729675,-1.9615591096328087,-2.0351547086881134,-2.0576341044620348,-2.0596434430041244,-2.0801854939188233,-2.1438104190112877,-2.151083565534068,-2.1644091187509997,-2.24218414625463,-2.3453526434178977,-2.3616715780832886,-2.4504525647276956,-2.480085986038006,-2.484098641251892,-2.5375066765108634,-2.5286390047544565,-2.545454862917149,-2.6304859416666035,-2.6205410706566736,-2.577777586936433
0,0,0,0,0,0,0,0,0,0,0,0,0,0,0,1.4948786700613373e+38,-0.06792117650056011,-0.36701552287053674,-0.39940278519159733,-0.33909405468003984,-0.3448974117994222,-0.5061461565940448,-0.9787736391709684,-1.338008438493118,-1.720568995944105,-1.9679509343839274,-2.0591326441895146,-2.1172497243230617,-2.236397981508531,-2.288046741803331,-2.4174452719816286,-2.556025568467133,-2.620317815880655,-2.7070514602552858,-2.73086774715422,-2.7911196236851397,-2.825538655859613,-2.907037764839994,-2.9424868017872914,-2.9350059471457195,-3.0399021584278745,-3.2119830920574812,-3.2387718241871877,-3.243554767778634,-3.320706599940469,-3.3609504250587867,-3.3192532414354035,-3.3586799474179556,-3.3602124904026116,-3.3486098988488187
0,0,0,0,0,0,0,0,0,0,0,0,0,0,0,0,0,0,0,0,-0.48170148836453225,-0.687729716676605,-1.0933491162586308,-1.3781874000991576,-1.5976813202322917,-2.033901556627989,-2.3157982939780353,-2.681763211441668,-2.855103150023932,-3.0608997110309186,-3.1221741949740958,-3.1999228357618335,-3.2725471615758663,-3.2988526474973536,-3.3735633364473028,-3.6064143253819445,-3.6165451508970983,-3.6786008763613203,-3.762464469669619,-3.7841454820588716,-3.8388351760486525,-3.935952480592348,-3.989041789799824,-3.9976877162531173,-4.06373499318753,-4.088614967070702,-4.113061776995361,-4.266876011400972,-4.257070896572286,-4.2478171837922325
0,0,0,0,0,0,0,0,0,0,-0.43009189928596187,-0.4565433798787817,-0.4490829261933515,-0.47139596159539093,-0.5437423759298236,-0.5377246385934235,-0.5503882111169661,-0.5985689661323387,-0.6778696348734498,-0.8105249933139564,-1.0650614701274372,-1.1735110732749943,-1.2310852822012293,0.19677545469498872,-1.3858995407965315,-2.9758516445947443,-2.9461354279228478,-2.9441241961141675,-3.2604868935629043,-3.313629385136529,-3.3933857044134816,-3.7617299391819707,-3.929241154703835,-4.005088359212496,-4.101284985053579,-4.248908033626,-4.316938564645266,-4.512669133484315,-4.78778427831348,-4.834959981950269,-4.90140441737024,-5.047565800968277,-5.124543448176113,-5.197770019828639,-5.249147752601145,-5.209124957230502,-5.237654000871717,-5.418755776032076,-5.412585947851153,-5.436268096444272
