jsons/1312804800.json
{"header": {"parameterUnit": "m", "parameterNumber": 3, "dx": 0.1, "dy": 0.5, "parameterNumberName": "Northward wave", "la1": 40.97354507446295, "la2": 16.46031188964855, "parameterCategory": 2, "lo2": 133.9931640625001, "nx": 191, "ny": 50, "refTime": "2011-08-05 8:00:00", "lo1": 114.97908020019554}, "data":
[rows 22 to 43 of 50, columns 100 to 149 of 191]
0.9198444322222569,0.8688316897586568,0.7358589381734162,0.7008788112113199,0.6809932285055906,0.6282067299687777,0.6091722812264581,0.5944487701849729,0.5777114985066323,0.5755547378845808,0.5697090299418894,0.5611486811742966,0.5457283823244754,0.5434248095268298,0.5393977379833075,0.534939564364999,0.5273684026134896,0.5009101051963722,0.4775582831129658,0.46573005821120195,0.4511718272245649,0.41040670347436464,0.3967901172976587,0.37486898911217276,0.3637602039791493,0.3665340918696854,0.3805912760459366,0.40443944878590216,0.45505876888776076,0.47641524807602187,0.5086435716070611,0.5529874645769962,0.5747755637217327,0.6041412743853215,0.6374158576425193,0.6583144672681921,0.6818802336050291,0.7211213800958267,0.7420244501990828,0.7750207769837822,0.8180494602766285,0.8618448734845587,0.9218773390382722,0.979557684564689,0.9953927330028689,1.0107814841128038,1.0277014249624399,1.0345106264080315,1.0611423033654124,1.0465000321987392
0.9743243323046585,0.9470559883993013,0.8274221291048778,0.804676312429089,0.7466721124377059,0.7037127856467483,0.6647387393001046,0.6454895924427021,0.6123436809352528,0.5929107422597849,0.5752645185613615,0.5506573467132544,0.5135760537134064,0.5014854173267019,0.4976819730464182,0.4576509675533497,0.45855246085375917,0.469303182417942,0.43999982034367136,0.43008035237340586,0.41916765548475754,0.3681081100081787,0.42238222799622616,0.4666344413237048,0.4536674726179926,0.45444039966177047,0.45654567132184026,0.4780408952257763,0.5158766908948,0.5443637500253625,0.5572374923268563,0.5909301464208537,0.5962867430165375,0.6103861024754804,0.6951188159317253,0.7036283594365762,0.7306547916883437,0.8199812408352758,0.8685194203948854,0.8894190960937659,0.9508369339332123,1.0009124537675214,1.031524725800601,1.0808217562450468,1.1020965799635614,1.130090901024619,1.1345149210382721,1.1394928599967875,1.1483302840544365,1.1595435406092895
0.9840424378707203,0.9840182231107693,0.9476874298338533,0.9314507199978146,0.8999836746364159,0.8393665588353204,0.7991012254379525,0.7806821583899567,0.7326652706739404,0.7066246032009924,0.6855135326680208,0.6727577728991336,0.6632902702511876,0.643965192243839,0.6112581321939221,0.5938790181997506,0.5763205896168305,0.5670624372406567,0.5649029520579774,0.5833530667797499,0.6025144458290465,0.5771195427831209,0.5726871925697578,0.5861018156825057,0.6178545957138091,0.6110156357472023,0.619508142951952,0.624825520604928,0.6404615928106545,0.6638721927522776,0.6738432685922318,0.6749046516256529,0.711847165200806,0.7447406982555206,0.7991160377515636,0.8561945126186135,0.8809800375101179,0.9752006958848123,1.001206686069446,1.0487354918264753,1.117507615082856,1.1361336820660326,1.1510282000416123,1.190564985780866,1.2028233172601759,1.2264305458230995,1.229360752332867,1.2209715763952835,1.228196356329277,1.2335732006178468
0.9807722451603634,0.9743354129671772,0.9659740563783524,0.9656490493216462,0.9436270925924126,0.9150166991016679,0.896563351722049,0.8894242806573422,0.8173907932342281,0.785542163919295,0.7950618551752546,0.7630097714139747,0.7210705950362638,0.6741659243199216,0.6858501222650797,0.6764923563447663,0.6859801780835397,0.6918988769970353,0.6766232608631861,0.6607403025077232,0.6427544788129039,0.6407789641048163,0.6396116202635274,0.618273906550931,0.6946003319633919,0.7209946977935549,0.749108456812673,0.7742870752254716,0.790296431509816,0.7954233145186894,0.7908292014109364,0.8521561861206814,0.8456999017701317,0.8433766877256171,0.8299376962170202,0.8598218496842435,0.9048622937835129,0.9798420447103037,1.018378342502021,1.064972283311941,1.1067933065697046,0.20390844085510854,-0.14043636221076777,1.036702761527982,0.9289223631845135,0.8268272463271703,-0.7745564501659776,-0.8030378135797595,-0.4891532057535379,0.22309502314001106
0.9762362975258319,0.9750626425793154,0.9654782199218613,0.960569452783357,0.9602102445505933,0.9640534888209932,0.9610482060694535,0.9608636681381849,0.9268309048916483,0.9184526257729154,0.9052538511145922,0.8947083175688214,0.8521246924254275,0.8393455340764553,0.8175969862060469,0.7888254818748083,0.787680776935356,0.7599613877202432,0.6953414492885429,0.6970754345506606,0.6992905469022006,0.7011428022585731,0.6995616940977487,0.7111853398709718,0.7411410278750088,0.7504644138118024,0.7620580608575948,0.7468686846011796,0.7735469572313769,0.8039095007912503,0.829057119024986,0.8567992672375399,0.8901308908966095,0.9192779549455196,0.9895843446609041,1.0367454233192708,1.0670214251237389,1.021282844833337,0.8685932486375209,0.9838312436808409,0.9420147514106337,1.0182277327299274,1.0780974183738976,1.058821164449242,1.0261453828978648,1.0312821352042127,0.9458319330484669,0.9648150610595092,0.8453457789066823,0.8108520533554927
0.9624802509075279,0.955886209648626,0.9513414159828999,0.9483978517829641,0.9492332529296411,0.9470875828323133,0.9486889465115982,0.9482637343279817,0.9287739163728865,0.9157151688797931,0.9045638351221483,0.8886336228360935,0.8561097260854333,0.850873163383875,0.8406210139522166,0.7644383453578691,0.7825928123332813,0.7718216556174367,0.7751825680166233,0.7524618171631792,0.7796919211522049,0.8077080126429609,0.8098849611471315,0.8228121767346218,0.813221110880927,0.8211545072176984,0.8370695560549207,0.8265897086963104,0.8319657066545152,0.8419051498947073,0.8249659520496041,0.8540474258251279,0.8693217760765751,0.8717194562974241,0.9044886430229827,0.908537799795438,0.9123818553725153,0.9018951761282632,0.9328047403771259,0.9447261331598853,0.9697551190896747,0.9791594870755981,0.9743724672444999,0.9210982758441294,0.9198990937298303,0.9075287970424566,0.9296367283258128,0.9587650066230531,0.9989797417237984,1.0232315493979243
0.9387421172418292,0.9371798692686535,0.9360398400033729,0.9304805774329902,0.9298809597216933,0.9185686753073156,0.901495495707812,0.903097295826192,0.9215550579483304,0.8892789500276393,0.8796853871547948,0.8615912995666842,0.8361325258989102,0.8339749850581504,0.8301546063534212,0.8239510681495742,0.821870057251866,0.8241259894469866,0.8330745332355844,0.852441649764691,0.8596685984559784,0.8831854406461496,0.8957603606242379,0.9139227081929523,0.9366117421170813,0.9399050175926135,0.9060191022790726,0.8996280463147088,0.9464900827184848,-0.946128431849137,-0.20565903992147766,-0.3616127265203201,-0.9371384879122663,-0.7391544407592563,0.6772090953774782,0.893945617416591,0.9554062436364938,0.9878245022177032,1.017340746556389,1.0116452317866218,1.0004736513859,0.9988820707444653,1.0092617647607325,1.031629192419218,1.0444716152026836,1.0756205666087841,1.086192230891547,1.0983138873892406,1.1112351548633155,1.1290434099918647
0.9287777762091791,0.9290181934862811,0.926442106908715,0.926373334475263,0.9283693713232891,0.9190438544135908,0.9124210095597856,0.9081436753092119,0.8900136343056536,0.8826627199040082,0.873274919540292,0.8658621583273886,0.8559085919774019,0.8495414682073267,0.8438076255435745,0.8390970877694421,0.8454338693710588,0.8637655562005769,0.8669027098065442,0.8738646686827495,0.8761382630605015,0.906292692274728,0.9258421733946937,0.9433166506085173,0.9544885162620863,0.6526737497137892,-0.9848316521581277,0.8672994500312267,-0.616484812824807,-0.6949981282915276,-0.4773106434228317,-0.3486760914467622,-0.3417857741807602,-0.3300228206039879,-0.30078461224139963,-0.30900348607676603,-0.22514294980862348,-0.06182734844699409,0.07652008999082094,0.17480731575495884,0.5262436331147398,0.7324749055593365,0.7952231353773,0.905597132595471,0.9465130161448718,0.9788619542360252,1.0264722747592228,1.0742585817679928,1.1002551415338024,1.1265788804069727
0.930145315843473,0.9284472866989104,0.9292298844571867,0.9306156666461665,0.9382278822800807,0.9259692383870486,0.9204517965744715,0.9148612756219962,0.9054808260883507,0.9028715410292723,0.8975903196107857,0.8932045211101002,0.8828999660532962,0.8860235945073451,0.8683894154799163,0.8508537365324944,0.8499039503317111,0.857636423623506,0.8604033744577791,0.8693849337116519,0.8820945553281742,0.8880377675815615,0.8977422756225885,0.9122783476869234,0.9349447583774292,0.9492422007644377,0.9231151764593266,0.9178975102704937,0.8277940413050952,0.7250446947995991,0.5692154739528618,0.36649721241444433,0.3654137148068488,0.36447849911560926,0.34321512506330726,0.3472381362614314,0.31467707940268014,0.35350013520677664,0.34164256711586805,0.35779829600531143,0.3849579647393146,0.43275789769588396,0.4656535226839589,0.578080294356212,0.6106921181772584,0.6448992872847379,0.7501863130574237,0.8329160474482837,0.8755421977621178,0.9221497286735858
0.9182346459323053,0.9036734716551789,0.7486261846997874,0.603975364395008,0.7206633790791783,0.8566080745660015,0.8914380073257976,0.9270509761257636,0.9073973504486953,0.909219441340277,0.90972227464613,0.9084289990546331,0.8885879212210073,0.8986331902954776,0.9041669207277242,0.9088052790235648,0.9104092517006015,0.9062208908265857,0.8949305637678601,0.8944055070550353,0.9029405183319611,0.9115535449173022,0.9145750875710079,0.916772473658222,0.9129752959562264,0.9276745977401685,0.9461106926558448,0.955602930293409,0.9816403309327622,1.000375664923802,0.9993556140754652,1.0083889767549485,1.0089312174428982,1.000841603375337,0.992026665776873,0.972313190280669,0.9682699046815968,0.9445848160853361,0.9352436081770709,0.9470550860760767,0.8817383799100112,0.8812002855423515,0.8547653247262075,0.817483592023114,0.823850748229159,0.7893757744158943,0.7990467053454441,0.8486591148801176,0.8446442038750523,0.8425351195052798
-0.8580860163832449,0.4337857248045633,0.7463409719206234,0.5284312861049284,0.23470896570066757,-0.4058008253460225,0.6848366391843997,0.9307483260436407,0.9285253099919635,0.9263607002266563,0.9303446044362683,0.9320991736488076,0.9356126653579844,0.9358453070832196,0.9389102952695111,0.9417273415320869,0.9471040600590954,0.9458632496544694,0.9348596230770944,0.936508554355508,0.9402381549145014,0.9480827796310376,0.952287606271859,0.961940370650011,0.9704756992823748,0.9778634543435119,1.001398546643847,1.0144519423830833,1.0369656426877891,1.0517330296934257,1.0232175386036642,0.994644381502038,1.0257659138687185,1.0449081993656275,0.8811086664626695,0.66215973179802,1.1174565715629499,0.7761764696127489,0.8386203920212373,0.8024013353522671,0.9412658610379522,1.0295564407284794,1.0530067133654002,1.0649543679553028,1.081206378803049,1.092064028914923,1.11709320505372,1.0990324617984284,1.0922183024245202,1.095020582692922
0.5796336817033657,0.9813960220275199,0.9660411698952163,0.9245712702401782,0.8803232068824266,0.8898946480568064,0.9107720316112127,0.9266688823005755,0.9334743091546456,0.9335154011216712,0.9362597966713389,0.9420935053574577,0.9549490739040605,0.9571644286177898,0.9605323922597765,0.9623789592409197,0.9691829859337968,0.9692759559803842,0.9682634105603639,0.967100788731978,0.9699469794754436,0.9710033444517596,0.975452071278009,0.9813114644314576,0.9890838920650222,1.0017236883235643,1.024536392181569,1.0416170900144643,0.9865695416481,1.074856649758904,0.7031590008876752,0.8934274390891294,-0.38606411352328435,-1.0671235028188804,0.9659392917462247,1.0620298554087797,1.0606438488676802,1.1152067729195128,0.9207528583570048,1.0096498749387064,0.7055310153735023,0.10414301133906081,0.7090839807387965,-0.42366912955358643,-0.9051296907976508,0.6832474056644725,1.1173781456799248,0.8334874592331424,1.0042878610445607,1.123942860615966
1.0558183443617768,0.9871929116889042,-0.795675397094328,1.0397573788845533,0.6444570317514199,0.9861462532157439,0.9854482213398025,0.9811198794645828,0.791379030383519,0.9053340276447045,-0.18967576882093493,-0.4067232149694636,-0.7365354133031328,-0.3974801989030185,0.8456532260810423,0.9519014638807086,0.9955240803236527,1.0070602474727741,1.0252571720770691,1.0233996432025683,1.0272991613633875,1.0321036828384231,1.0384315876323,1.0392885869973305,1.033271804657308,1.033650648799028,1.0416786284045376,1.0471856742729448,1.0174406370662394,0.9823583824000331,1.0062233027061005,-0.536885305300595,1.0650016381580008,0.6656656508541354,0.9767549362864663,1.0753396282458014,1.1361405524251202,1.1188786922213065,1.0977243897972726,1.0796964249445842,1.0118928828560687,1.0463513229258965,1.1069173064153335,1.1103457856123575,1.1619528796823084,1.1811094284248858,1.024336864317838,0.8037791162013195,0.27100331618495016,-0.6471721079543179
0.997417667036137,1.0202928638140654,1.0694473760420293,1.0714480363828263,1.070934121398808,1.061685822697442,1.0324948546962602,1.006281292796152,1.0217110750280496,1.0283735412943065,1.0409691812448463,1.0548996667462076,1.0597500731027196,1.0599549646774318,1.0538593157686837,0.9322023010045296,0.9708163369466855,1.0295358347539862,0.0028314822977866813,-1.039480344291954,-0.9540255679806687,-0.18307648519673597,1.0515821486093309,-0.25347232931159375,0.9730403383500695,0.93202535526744,0.6726425219994926,0.8786401293403739,0.9912254082575662,0.9459096545576408,0.6011419606473617,1.0947462593398145,-0.6683609768528515,-0.32616919059177896,1.0610135541721082,1.0799265508841884,1.102289038956334,1.13673604848714,1.1390132812587657,1.1464217380811512,1.1510735054357848,1.151150732064698,1.154263716045599,1.1542836655548387,1.1568230906351082,1.1654799507260099,1.1693399338437434,1.174830783362371,1.1868630865445486,1.1858438391241108
0.9289710774791939,0.9454361432535344,0.9858514190286612,1.0196760778748049,1.0250957038411863,1.055111944075407,1.0641898976099753,1.0649265171800963,1.0746057394203474,1.0768134533698617,1.0726799380951832,1.0719684275992452,1.080726612139892,1.0862139230654986,1.0869676214865178,1.0868832953774565,1.091913184614783,1.08968084685237,1.0848034438093324,1.0810299566357167,1.0863429285200927,1.0931422269312252,1.1012186454651551,1.1258815427548086,1.1326803165044814,1.1015782247978438,1.1164171753736234,1.0419126765231623,0.9988908668161787,0.9823871144873056,1.0200134068313955,1.0175059610990087,1.1059920477325829,1.1252438006685417,1.1330471019563921,1.142550338247099,1.1480498377062407,1.1544673339129907,1.1539491823085133,1.1533917636370454,1.151366832614529,1.1476981598034413,1.1451949011600553,1.1427512571530367,1.1432394225172853,1.1488662257597808,1.157042271082424,1.161801016590904,1.1566455320317228,1.1490806017042534
0.9579036612451258,0.969633544568739,1.012892530906711,1.0247281852263534,1.032144559861286,1.105811180259631,1.105303867717857,1.116748314828124,1.141735204820096,1.142081792485605,1.1300296913506467,1.129068418325537,1.130027074873707,1.127104916740257,1.1241319117679032,1.1229658869552899,1.1268786532463742,1.1298676809412884,1.1336371977722421,1.1289629146324118,1.1339937704152963,1.1411118771823814,1.1448641088503948,1.1458879142173397,1.1480581051911458,1.1569310977457288,1.156088275150761,1.1556837772066706,1.1608135211320076,1.156249173830702,1.1534155632944385,1.1530850270073878,1.148636360052628,1.1457286110652352,1.1515389336935826,1.1667728823037085,1.1651146564993748,1.156991812039016,1.152921781198758,1.144316621839222,1.133893838840901,1.1373541752812977,1.154121428960612,1.1565672460881515,1.1587203874933412,1.159518483595606,1.1584087288084082,1.1548573275919825,1.1536727523011658,1.1531391339677577
0.9296095927633836,0.9392208774921575,0.9807876613450754,0.9885613720796741,1.001963525615701,1.050189379197593,1.0893873942827081,1.093414728938624,1.1415430105189754,1.1429893368201245,1.1337566939246764,1.1303121337078756,1.1352994983801237,1.1476659245441796,1.1530069813010941,1.163670347640039,1.1668302464859215,1.1566598017618808,1.1363843782268415,1.139359027827746,1.1406143662046648,1.1601183704094393,1.1747368242245557,1.178093594070817,1.1788878017022175,1.1754530653312898,1.181919449417495,1.1838924901737116,1.1863350411578886,1.1787801526802837,1.1755877538504176,1.1863754135870574,1.1791930728653865,1.177223703447472,1.174055635571614,1.173879058788413,1.1734477007707194,1.171983584441108,1.169364245032109,1.163333136979434,1.1590701455864485,1.1566946195916892,1.1584099050441896,1.152122516771949,1.1476779271181425,1.14841560389278,1.1482880527182378,1.1468302015071103,1.14693756143215,1.1468517476634708
0.9458133958470349,0.9546401324745034,0.9715824979899524,0.9809516955064534,1.0057570506033549,1.074260677249424,1.080171443215777,1.0834055582360245,1.11056113732028,1.1225924680913097,1.1201083521517345,1.1311934835581547,1.1530286304317783,1.1655908312861745,1.178986050898846,1.1661746353352398,1.1505691528647863,1.1510734981805788,1.158928698076367,1.1651376962905067,1.1802712949339293,1.2051158081798117,1.2082870115259983,1.2061359471654165,1.2092919412516427,1.2098785589892593,1.2074488974101072,1.2067684245870598,1.2092098524942074,1.2056386306554157,1.2086651244435325,1.2108316744493615,1.1987658770803007,1.1920018832950405,1.1918461787871604,1.1900716769548092,1.1880874657699818,1.1838079891301352,1.1772939872363137,1.1716475040916285,1.1709890730202286,1.168887946006188,1.1597135233409175,1.155219161403105,1.1556740457712693,1.1532767745528913,1.1453129992817201,1.1268910133495134,1.1168009258902698,1.1087267708060495
0.9875561374925452,0.9947953551395076,1.0243717064298248,1.0564314942535225,1.0672949694280087,1.0815465963588289,1.0998115028573185,1.1147105274735867,1.1263722236481017,1.1619299560633636,1.1760343684389538,1.199543745763862,1.2048123329816252,1.2045126221202282,1.2074692468217463,1.2093982420908598,1.1974884462962219,1.1904566328751884,1.1976967695522718,1.2061264678475723,1.2114246968281988,1.2112882421877458,1.2168666251884783,1.2350366763353746,1.2488678087906793,1.2535190440245187,1.251230882882076,1.2463719472154697,1.2365665687268348,1.2274597044357065,1.2258856218311647,1.2310758510935962,1.221852891141793,1.2194518009524167,1.2174455409601368,1.2120319979434455,1.2054065566469538,1.2010432635861719,1.1941791896516962,1.1833983039068667,1.1784743456136686,1.1744385199009613,1.1659577308155502,1.1422611489234322,1.127333247931629,1.1022965245441791,1.0959509479406662,1.090007749807443,1.0778006133915714,1.0599583519996634
1.032300299485615,1.0642636336604772,1.0657909602461864,1.0796598883685622,1.0981237682190206,1.1573058748965512,1.2120661661795318,1.2508914158587643,1.2209087554130396,1.2080264756777839,1.1980892370562306,1.2051526016902838,1.2356951792326818,1.2287630178335451,1.227119425526837,1.2469717910893714,1.2497150322994652,1.2546201452578423,1.2664867819401462,1.2635943670472751,1.255588184058442,1.26017217936952,1.2699356788458258,1.2744644620272603,1.2822209274275664,1.2749487170951737,1.265055156550404,1.2583148424098207,1.2495203014325962,1.243524590507821,1.2409532320981955,1.2389578333891849,1.2310927889386298,1.222960203621676,1.2131381509890407,1.2061086657964608,1.2022488408248027,1.181048102514617,1.1666014600777754,1.1467784733468112,1.1371121345251376,1.13086923978886,1.110881531661569,1.09709447497505,1.0811898322251308,1.0431916281355262,1.0137649962872148,1.016171228167834,0,0
1.0126978111290412,1.0259965779653006,1.0465313661559148,1.0640697174513052,1.1127728553512768,1.156487498249881,1.1524505935399993,1.138382988006364,1.1129029529239587,1.1527293674111918,1.1847832620246437,1.208657947558662,1.2495710757019822,1.2608825388527134,1.2768730808910427,1.2894611937327025,1.2901785353521265,1.2939496893812679,1.298695665602546,1.3045678197371133,1.28921192051377,1.2796355380361806,1.2727132684652558,1.2679958789714518,1.2723349532826296,1.2751903573134997,1.270984809477081,1.2609121007324255,1.249585236612609,1.2509877101918987,1.2483108882571563,1.241973592042209,1.2229700230768235,1.213327973685612,1.1974086546555498,1.1787987625472258,1.173784373043247,1.1634311859786295,1.1493264994893242,1.1294617775385085,1.1123986586118135,1.0941517680179516,-2.9007426491172024e+38,0,0,0,0,0,0,0
1.0007724750309552,1.01747745948161,1.064688645445264,1.0838237363461494,1.0863486267129623,1.1045838571360238,1.1183056617718965,1.1318948737401409,1.1639060580203562,1.1762250784676984,1.1945276083862777,1.2012903031048634,1.2114651843226647,1.2153404839000777,1.2472950144697739,1.2831453611725676,1.2867141504646222,1.2893157303188045,1.3049539350181505,1.3092793307285,1.2932037375381904,1.2551129556547385,1.237805506682389,1.2247576400067424,1.2232881627019727,1.208506042994648,1.201314475365178,1.1979298593814627,1.2000550981655578,1.2109952285830885,1.2179575504367512,1.198525911693328,1.1687839995812352,1.1555904811448487,1.1281041519317536,1.113794387469576,1.110749600008047,0.3186272422518386,0,0,0,0,0,0,0,0,0,0,0,0
