jsons/1312628400.json
{"header": {"parameterUnit": "m", "parameterNumber": 2, "dx": 0.1, "dy": 0.5, "parameterNumberName": "Eastward wave", "la1": 40.97354507446295, "la2": 16.46031188964855, "parameterCategory": 2, "lo2": 133.9931640625001, "nx": 191, "ny": 50, "refTime": "2011-08-05 8:00:00", "lo1": 114.97908020019554}, "data":
[rows 0 to 21 of 50, columns 50 to 99 of 191]
0,0,0,0,0,0,0,0,0,0,0,0,0,0,0,0,0,0,0,0,0,0,0,0,0,0,0,0,0,0,0,0,0,0,0,0,0,0,0,0,0,0,0,0,0,0,0,0,0,0
0,0,0,0,0,0,0,0.00944042808375594,0.008587367407538208,0.006543594389132626,0.005987301443871269,0.0050194879367306084,0.00427344927123047,0.003908245930850035,0.0036754574922584953,0.003430259242424766,0.002766007121771333,0.002196356233092544,0.0015453760092387248,0.0008276664966558936,-0.00019337420649082903,0.000781481501500765,0.00041034822697137393,0,0,0,0,0,0,0,0,0,0,0,0,0,0,0,0,0,0,0,0,0,0,0,0,0,0,0
0.028855064359297335,0.027167207496365302,0.025000755399063653,0.01990782935965238,0.019387880286795767,0.01782719318272867,0.01353412758295635,0.01304214717606832,0.01193044376604501,0.008752335674375935,0.0076510931566696775,0.006385664330751512,0.005122416681084695,0.004551607396561262,0.003936566437357654,0.003337586246769531,0.0008815975893913777,-0.0009238456490375721,-0.0014598226099559102,0,0,0,0,0,0,0,0,0,0,0,0,0,0,0,0,0,0,0,0,0,0,0,0,0,0,0,0,0,0,0
0.03354327442288336,0.03527211890944718,0.03520557650392285,0.032493373964399504,0.03214329465843453,0.030590484850443866,0.02360040531747041,0.020829655781031842,0.020190291701580133,0.014023055456834155,0.01148419975555617,0.008540788574812223,0.00492623186902783,0.004535354706651994,0.0021745048154384163,0.0011340711654014286,0.0005429826075809863,0,0,0,0,0,0,0,0,-3.132122857883177e+38,0.1771947004827527,0.17913112519899577,0.17594248945975546,0.17300002424110336,0.17167369454676215,0.1570576269315295,0.15632426273722147,0.15367380850534368,0.14712021413622364,0.14136101504065451,0.1368195074691398,0.13651988851540497,0.1285736763225929,0.12554497013396845,0.11916433637309037,0.10965015358480973,0.10099242095049715,0.09758413955714897,0.08656470620978328,0.07855768967272482,0.07371395680304721,0.0600011961434189,0.05732322866887736,0.0490533784072171
0.02511588968161984,0.028149962018158375,0.029411612019300457,0.031959182371432,0.03628670536001124,0.03830140044820959,0.04205390606727986,0.04645944649934523,0.05214870417284976,0.037275799051186845,0.03515280076245648,-0.008063496077053745,-0.0030704189998632357,-0.007328558766955885,-0.006372076504365319,-0.014322168994349639,0.014804918062022047,0.09176080960912164,0.12222667688506327,-0.18640251997580515,0.17852043390012579,0.18927349196571214,0.20429186202653363,0.2197052220826056,0.22534791746202426,0.23705334338071082,0.24274453696953668,0.2465287250357703,0.24698797820303933,0.24983838850424814,0.24634894744907157,0.23955835512920762,0.23071865239817407,0.2251183628782956,0.22260105364742042,0.2051772436766168,0.2038518933190873,0.18955131289162913,0.17765354183858598,0.16548217646994967,0.16572410690422243,0.1508800097007695,0.1436080388243293,0.1369429404544684,0.12192203894756519,0.11718936312791135,0.10733514826135732,0.08445576529377243,0.07559149831619921,0.06396087501019794
0.004452711860248252,0.004786026249039265,0.00657954937420456,0.005716788508484155,0.007698586649702628,0.006922446405731627,0.011227208555470068,0.012810349143437148,0.01657982649474396,0.0195466379506745,0.02359620763778679,0.031893704539232515,0.038053910599951335,0.04471965071390681,0.056697332246843014,0.06513864281936158,0.07375930637705817,0.09385419987605235,0.10961955462231122,0.13116444877994823,0.15671030240027228,0.17185475135138398,0.19375727819500535,0.20910593742259298,0.2327998262754063,0.25709818350699687,0.2691817752190595,0.28369016153554943,0.29798739797538154,0.30411408015959185,0.3123058756133032,0.3108240255465482,0.30564557608620535,0.3026599865058917,0.2996813042990977,0.28141322432126925,0.2719213919065518,0.25972030254249323,0.24577548646179675,0.23918281457807042,0.2293129753237905,0.2161872289120825,0.20824038923403335,0.20710419175187764,0.18780862178151222,0.17783976520643757,0.16799797028263674,0.1278269528784649,0.11018286493732585,0.07626074571951248
-0.035839629180202455,-0.03567894491233083,-0.03545290687634077,-0.034217969246471754,-0.0360364351233126,-0.032873373787177015,-0.03823790500553237,-0.033135365199655945,-0.030286127051214272,-0.029298099283044728,-0.026982500541439768,-0.026807416456689572,-0.02512111586032763,-0.020958499405269674,-0.016225684451563086,-0.01158383127873084,-0.0055203584175885214,0.010693657066001665,0.01851804331272597,0.034126672765664716,0.06746828531567364,0.08678504281080744,0.10924686867641334,0.1500718241195644,0.18896877278317328,0.2302884661075603,0.25146782468821,0.2777290955152684,0.3110619247779234,0.3202899077499623,0.3374430740146071,0.3591573844199658,0.3600481373078092,0.3663073731291712,0.3589962532524945,0.34821465693276593,0.33793832044725786,0.33367016627024587,0.30456023390574927,0.29634455602161325,0.28663266929785747,0.27231776134794466,0.26273712702377566,0.2567080774077292,0.24381629689464968,0.23963549866406567,0.23590277234131585,0.21226850994954619,0.20792156096935688,0.19337760178002708
-0.06317285133830383,3.2113245987745712e+38,0,0,0,0,0,0,0,0,0,0,0,0,0,0,-0.06510931476153217,-0.07770533993796813,-0.07095231168343256,3.1500829765407612e+38,0,0,0,-0.0693710494872832,-0.06724392830448793,0.041125114217404994,0.20246803799894153,0.2586890592246484,0.30309243657826795,0.3181458943167636,0.347865133780797,0.385353324351909,0.398248045997701,0.41517115261908427,0.42303882103942364,0.42913698574541687,0.4252392747011514,0.42080266312123255,0.407045556852667,0.3832927699900429,0.37603143202037104,0.35119824839844505,0.341613698120235,0.3258799455212047,0.31023070066761543,0.303030455405546,0.29580082868398394,0.27810554496890877,0.26861738470898383,0.2553965455312326
0,0,0,0,0,0,0,0,0,0,0,0,0,0,0,0,0,0,0,0,0,-2.6732803347182486e+38,-2.7915768687073176e+38,0,0,0,0.27884283830441664,0.29499979071775,0.30996872922068036,0.32651879212520724,0.35713320068555393,0.40025391070849176,0.43352094297723603,0.4509791563712789,0.46699082140854536,0.47928968473281824,0.4878650364340101,0.4943545401243897,0.4870510066238325,0.4846197894081769,0.47127628825466666,0.4436947694974327,0.43161440478985574,0.4188653356498534,0.3856552968515889,0.36930738684454534,0.3610674589279435,0.3355190737802022,0.3210388279971367,0.3062234470170858
0,0,0,0,0,0,0,0,-0.2637415007997858,0.18540074308425536,0.1885759593003596,0.20365862567755508,0.22553973694591817,0.2334401212239701,0.24901783929219007,0.2520332056908283,0.2646510132217207,0.2619984273165525,0.27468478779720545,0.2791611033581354,0.28997691445739415,0.2903399315550409,0.2973437318197697,0.30245837248488,0.3122946892486914,0.330650535896076,0.3375277413196822,0.3473012078329533,0.37277856508873336,0.39305870983505226,0.41353905297548654,0.44647484965715134,0.4603062558020535,0.4865840663889109,0.5042772650286318,0.5267430717938874,0.5491408428425162,0.5561669742802079,0.56795400281764,0.5759296368796967,0.5757482325817406,0.5708699521782138,0.5572824068961402,0.5533629819889601,0.5294487602621231,0.5069274193052321,0.48473512294403737,0.459054164646416,0.4371164981581259,0.41088715019176936
0,0,0.12325914925713435,0.12498577453109463,0.1287975869951226,0.13232282130118095,0.14713792017703936,0.14880409446144727,0.15777189727582222,0.16959206147673112,0.18550848611880524,0.19542773848338788,0.20936024081389112,0.21705693234481901,0.23911805033311673,0.25141547676487075,0.26753137363274265,0.2787567020671633,0.28694949794302055,0.2956478264096501,0.3052402699676771,0.3073678731487742,0.3269330721762802,0.3419630616185754,0.3517490724639382,0.36534382404092103,0.3757714509879964,0.3883560188913179,0.40853954784354113,0.42087028675231386,0.43506857968351814,0.4599432107241994,0.4695890736855126,0.49134799497054943,0.5103064816289297,0.5375781461666231,0.5665019856368394,0.5795503426327662,0.6159595018519072,0.6302579813722476,0.6434610144268584,0.651918962686558,0.6571260682859882,0.6627958685279132,0.656949964622283,0.64834963050275,0.6372141645744487,0.5997558825872921,0.5796939715901007,0.5534774729515078
0.00806652153939315,0.012746336621636621,0.015541622414111927,0.020475124346573732,0.0363004126223328,0.040633298817468445,0.05171850727867816,0.05938136829132557,0.06962142845187215,0.08287641100949014,0.09255286840590579,0.11446658344347257,0.13308094538481563,0.15203666969034893,0.18615409041372838,0.19516611109396215,0.21324207882151092,0.2394594681827315,0.2608994348713998,0.28089886134306985,0.3064251891406261,0.32703011979114915,0.34015738172217064,0.3524713032230373,0.36313301173162066,0.37818705940405123,0.38947886882615446,0.4111429311238369,0.4238784354706471,0.43616708920948105,0.4576923062032033,0.47421306215596626,0.48731549050911516,0.5207898961044825,0.5404520093881447,0.5642626876528888,0.6011302164907484,0.6221789126297628,0.6494300892988558,0.6804854974571382,0.7050145699825996,0.7431083435377157,0.7544335317496618,0.7706781887201726,0.7833228813047418,0.7853084604056344,0.7965565296404704,0.7944325560850585,0.7892210177577214,0.7832590043044584
-0.11957157080779159,-0.11096689005056798,-0.10541936260549827,-0.09350375902517576,-0.07742553998315173,-0.06869585957304715,-0.06674154892423442,-0.05863788312296871,-0.02906457206144438,-0.018764263594954797,-0.009227701227334122,0.011654705144053949,0.019678808986215702,0.034187525735880346,0.06445021937729205,0.08689538705456952,0.11888169011119037,0.16918909309704622,0.20655859215746056,0.23255523790044272,0.268963858605814,0.2920166612836587,0.31663054037814164,0.33157836534668444,0.36480994744421663,0.39548303975475513,0.408894561570723,0.42798939902756794,0.44154244360780764,0.45455862261780966,0.47249227685036144,0.48902552917601677,0.5065034891603903,0.5314477788349498,0.5597145431417917,0.5821109691456994,0.642867640595086,0.6846600168985656,0.7259963357726337,0.7512525979651608,0.7844622843522572,0.8446861941582804,0.8733999045757554,0.9584783448200469,1.0069412216063578,1.0229409716317563,1.0616693783777367,1.06549497347157,1.0687188483116927,1.08321414716736
-0.20555912457516418,-0.19352229709106541,-0.18774080767216406,-0.19370766825133437,-0.18481919379014602,-0.1838837320635174,-0.1845135969626144,-0.17932932907800364,-0.16574561889149136,-0.1639156462125125,-0.15322190857682808,-0.11772823546817414,-0.11122559119989595,-0.0976602278144777,-0.05921507755894414,-0.041558893985868615,-0.027250162365102755,0.021208285002334005,0.059241834831880245,0.08431405708502657,0.1299607376367316,0.16930546349684825,0.1968634282838347,0.22623235911993064,0.2852978107048915,0.3221403561626561,0.3717728451378352,0.41371348813428727,0.4696458095661789,0.5040493942981278,0.5786390103314264,0.6277173452412612,0.6381267133558802,0.6805135238456776,0.701157142824914,0.7427310399635971,0.7842116132016338,0.8090464685242278,0.8550974473226882,0.8898718853183816,0.9158801297175492,0.9672658902349432,1.0041529551082145,1.056350473638114,1.103675104704864,1.1314138796223432,1.1856889233238794,1.2345421670545398,1.246597896221973,1.2775325847492152
0,0,0,0,0,-0.24973489525846715,-0.26531645844683865,-0.2678884283942406,-0.2572904596093288,-0.2628135178258473,-0.25665215285848464,-0.23488769957263234,-0.23542487064040063,-0.23084185912770852,-0.20507670346157178,-0.18431917578224175,-0.16923510581400505,-0.09244530349301092,-0.044529060184984884,0.004940859057519114,0.111427217500935,0.12273127389749193,0.1515803235506049,0.18449008068255696,0.2584672412145089,0.29042812555214226,0.3556917996413127,0.4271450733779413,0.48627787521635746,0.5245736478813768,0.5848678145841,0.6318047809347164,0.6625649198985225,0.7130427355692488,0.7501887567594983,0.7841969578978454,0.8462559018866003,0.8726639169026316,0.9168126903765544,0.9690298107543759,1.0036939678471672,1.0437167111294565,1.0759509137357623,1.1352148037982814,1.2004833915399886,1.238904548609929,1.2974335866439766,1.3474978761020948,1.3842601095961833,1.4434756945858258
0,0,0,0,0,0,0,-0.3319064543210876,-0.3454562113081625,-0.3624581016864922,-0.3638854467067952,-0.3351545047842388,-0.35381623948102675,-0.34224160719201296,-0.30750523494164234,-0.2969774502371405,-0.3001989853349582,-0.24348002143880676,-0.23036202828818073,-0.2027374841420232,-0.13242382071973693,-0.07829781830148852,-0.037278774937417325,0.038430018437978955,0.14625739727836354,0.1808977546564406,0.21178056259752992,0.27560074089838194,0.3312776891117737,0.3890536648888712,0.4624642461053438,0.5277687376568946,0.5727545399952996,0.6507377971442452,0.6950843058855257,0.7338810375866174,0.8159374629530445,0.8509614915413223,0.899235877147601,0.9704529371191182,1.0116052618750293,1.0612417275833217,1.1034010287887634,1.1776012147791426,1.2246129290793089,1.2761282646930598,1.3267629904789713,1.3750972302190334,1.4115227696079644,1.4854266388193873
0,0,0,0,0,0,0,0,0,0,0,-0.35777872203237787,-0.3041800712943487,-0.3815721897568154,-0.3937888487381354,-0.4059939604887591,-0.42310951428670934,-0.36354209166802265,-0.35215960844117344,-0.36107206739006437,-0.2872448892190904,-0.2359592346821826,-0.19596248857910473,-0.16161778092623752,-0.038608120043783896,0.03996083185146208,0.11886390507539876,0.25713853396640296,0.2996579118254538,0.3038135607633773,0.3462408394957915,0.4645429434332305,0.5142080204410818,0.6212801763948116,0.6307842659536468,0.7104040106632872,0.7844438469290539,0.8372338633124752,0.9230337117648654,1.085286712971595,1.185209562044135,1.2813203206622834,1.3691088018797521,1.4389438227876794,1.5426507813964323,1.5705740036413451,1.635565505648676,1.6921661104723003,1.7548672635803346,1.8433689405073723
0,0,0,0,0,0,0,0,0,0,0,0,0,-0.3282722735142535,-0.3371335912956617,-0.5391964079258784,-0.5920117454733463,-0.5033996727195013,-0.47452438325870494,-0.4500156002054287,-0.36885004771918356,-0.3357002796740467,-0.3255915601483395,-0.29387620195173875,-0.19443161799292225,-0.09306931168892996,-0.008146327124999164,0.14990731376014557,0.24886106958782434,0.34043436939629035,0.4991152389029573,0.56701990018261,0.6366998091668179,0.800215207094902,0.8801326761335744,0.9353941554807725,1.061323915340659,1.1467483286759999,1.2429985641451338,1.2964420062436326,1.356496830257462,1.4958149888386658,1.5163773406062862,1.6436934224270998,1.7233068205407311,1.7836116823959351,1.7994174992606584,1.8235957169682906,1.8083079306692875,1.8813227402773929
0,0,0,0,-0.3599850803452386,0,0,0,-0.3533916281849869,0,0,0,0,0,0,0,0,0,0,-0.5112290562358014,-0.5849318543036695,-0.43847247205117856,-0.3523375212807862,-0.20299248520796445,-0.0025437145947082174,0.16572789424914725,0.2536869951041773,0.37565627908357735,0.5235562752341104,0.6530463304658172,0.781795165491288,0.845924328211908,0.8013824504021201,0.7516323634365691,0.7958429250491966,0.9127679464526111,1.0383430913086764,1.1438099051238277,1.246273853448077,1.4853259085761483,1.5680084776158085,1.6760064975896045,1.7597409788203708,1.9559887971484187,2.086441355431205,2.0775117961521286,2.1528549876107266,2.265171647196801,2.4226190326573307,2.6314319374804
0,0,0,0,0,0,0,0,0,0,0,0,0,0,0,3.1790148209291307e+38,-0.31415679975997196,-0.39606322150318096,0.09466807686430313,-0.1502134996761823,-0.3565987704057716,-0.48518078280155075,-0.6999996970410882,-0.7039570602503771,-0.4152768127307147,-0.22298155975418402,-0.002876829293219925,0.3892757773790038,0.5866695767086157,0.7269230563961645,0.9610222088247427,1.067109809009854,1.0987068702027727,1.1200807886373012,1.1097148512315547,1.167556893624424,1.336665952492868,1.4102527064199712,1.5091884181161082,1.783801485855781,1.941127011096915,2.1710213829662606,2.3413776020735297,2.5787424735137323,2.7472874191476384,2.9029691077688584,3.0629384154571495,3.2142712900815407,3.3007172291469042,3.3946408325214805
0,0,0,0,0,0,0,0,0,0,0,0,0,0,0,0,0,0,0,0,-0.47186004013561694,-0.6556974943182573,-0.9595892049795606,-1.0005520119638325,-0.8478520452209306,-0.8819203352409833,-0.6902040769795941,0.3639894401168912,0.29257848509973816,0.3365635113085105,0.7728426885468328,0.8478954970046867,0.9796595442364626,1.1993035908560168,1.3155011975704363,1.476968270660696,1.6098020686866863,1.5697548258642782,1.640219710471835,1.8975753501552743,2.0223452250388414,2.155630736228116,2.3171167039376095,2.6038899725591897,2.781309614644084,2.920051541090802,3.1409923237067163,3.399552218560107,3.669914918568259,3.89388102967031
0,0,0,0,0,0,0,0,0,0,-0.7037828934161715,-0.8568264255495415,-0.9158799654876604,-0.9663159920681805,-1.0253050088541094,-1.05321599232406,-1.1259685162492763,-1.1732753166350525,-1.2211684522894795,-1.3134925129464934,-1.275039103267063,-1.291298808336535,-1.545122054911092,-1.163963117847624,-0.4625674423765261,-0.48849073071033805,-0.6936986482028771,-0.9150917749417656,-0.5706613976094763,-0.22177476876595442,-0.06806859829175398,0.11315412641714788,0.37135604093628427,0.6602489861694582,0.8903898226340877,1.0571040059637955,1.2262740444696003,1.1971948706682518,1.2707168541419636,1.6177137243984472,1.854233484957679,2.1140111882792487,2.2591565753924208,2.586770245853116,2.735114145378362,2.900463118110188,3.285745353694445,3.694251123294431,3.88322257548532,4.191399812861279
