jsons/1312794000.json
{"header": {"parameterUnit": "m", "parameterNumber": 2, "dx": 0.1, "dy": 0.5, "parameterNumberName": "Eastward wave", "la1": 40.97354507446295, "la2": 16.46031188964855, "parameterCategory": 2, "lo2": 133.9931640625001, "nx": 191, "ny": 50, "refTime": "2011-08-05 8:00:00", "lo1": 114.97908020019554}, "data":
[rows 0 to 21 of 50, columns 98 to 146 of 191]
0,0,0,0,0,0,0,0,0,0,0,0,0,0,0,0,0,0,0,0,0,0,0,0,0,0,0,0,0,0,0,0,0,0,0,0,0,0,0,0,0,0,0,0,0,0,0,0,0
0,0,0,0,0,0,0,0,0,0,0,0,0,0,0,0,0,0,0,0,0,0,0,0,0,0,0,0,0,0,0,0,0,0,0,0,0,0,0,0,0,0,0,0,0,0,0,0,0
0,0,0,0,0,0,0,0,0,0,0,0,0,0,0,0,0,0,0,0,0,0,0,0,0,0,0,0,0,0,0,0,0,0,0,0,0,0,0,0,0,0,0,0,0,0,0,0,0
1.6253196497305824,1.6779990621227805,1.7780501872642034,1.489507511378364,1.6159560769688297,1.5447679750335988,0.5049681111861828,0,0,0,0,0,0,0,0,0,0,0,0,0,0,0,0,0,0,0,0,0,0,0,0,0,0,0,0,0,0,0,0,0,0,0,0,0,0,0,0,0,0
3.0767713806229846,2.9147441642601994,2.6014412140171688,2.2043645995275423,1.4265184237373372,0,0,0,0,0,0,0,0,0,0,0,0,0,0,0,0,0,0,0,0,0,0,0,0,0,0,0,0,0,0,0,0,0,0,0,0,0,0,0,0,0,0,0,0
3.5100335980211907,2.408229593657486,0,0,0,0,0,0,0,0,0,0,0,0,0,0,0,0,0,0,0,0,0,0,0,0,0,0,0,0,0,0,0,0,0,0,0,0,0,0,0,0,0,0,0,0,0,0,0
4.442496397141621,4.124083109519126,3.901000336705627,3.32210472347971,3.1616917395344037,0,0,0,0,0,2.26459559683755,0,0,0,0,0,0,0,0,0,0,0,0,0,0,0,0,0,0,0,0,0,0,0,0,0,0,0,0,0,0,0,0,0,0,0,0,0,0
4.509977262455937,4.480807587659919,4.51596662668243,4.333578751524319,4.160345230999174,3.9771179069344336,3.738912686240106,3.639904438683582,3.5358596266240974,3.2802307918462548,3.148491916870535,3.0823863845255373,2.9153132574463623,2.8655740827222704,2.761112582346707,2.8095873043146815,2.7614019627839577,2.719501991682911,2.495116535484997,0,0,0,0,0,0,0,0,0,0,0,0,0,0,0,0,0,0,0,0,0,0,0,0,0,0,0,0,0,0
3.712536747182678,3.6821332309736787,3.6674599227733355,3.6090674615597984,3.533391360178534,3.49440822360853,3.320800193664671,3.2345863397429144,3.107282257827986,2.9812006944816862,2.862229421533184,2.7874680098893627,2.6912166830236863,2.696227238797167,2.517585263373642,2.560924357637164,2.305911903526001,-1.8031351645179505,-0.903451106261711,-0.8150342843914815,0.7201860146726331,0,0,0,0,0,0,0,0,0,0,0,0,0,0,0,0,0,0,0,0,0,0,0,0,0,0,0,0
2.943730965975475,2.918069657415299,2.909687167127046,2.8743085529745507,2.849832770778966,2.7838736598854212,2.6757698331367727,2.6285586892496595,2.5826864299674805,2.493337062069213,2.3933305772408944,2.332945959669818,2.0937577509436105,1.96041651318502,1.913219857098544,1.8055698262201234,1.740873135919043,1.6356679473654279,0,0,0,0,0,0,0,0,0,0,0,0,0,0,0,0,0,0,0,0,0,0,0,0,0,0,0,0,0,0,0
2.450816927821219,2.4269963585719476,2.3985307648754213,2.362604081573583,2.3470564340881777,2.3061378426066335,2.243406394708287,2.175454764703603,2.142181169420658,2.033596841776791,1.972469409600741,1.8901791410598883,1.7554049051182183,1.6823307832534962,1.5646918352113883,1.4280882515527957,1.3556514755965254,1.3589109550770717,1.050242104836331,0.582464520848967,0,0,0,0,0,0,0,0,0,0,0,0,0,0,0,0,0,0,0,0,0,0,0,0,0,0,0,0,0
2.1035745500370266,2.083746071132574,2.080604378734745,2.0643023241321115,2.0265690997214243,2.0215325938481365,1.9380804078596994,1.892113763604495,1.8277321147323793,1.6819548743779695,1.6157655439893037,1.5365647681094057,1.4397279668030938,1.3875388454586453,1.3812688211938515,1.2456649363828536,1.2433651475896406,-1.4896492881672907,0,0,0,0,0,0,0,0,0,0,0,0,0,0,0,0,0,0,0,0,0,0,0,0,0,0,0,0,0,0,0
1.6896868110040977,1.690678665451839,1.692990632036973,1.6689131809393654,1.6672296621484286,1.640739068683092,1.6021954393531856,1.5750948921206778,1.5253879183773593,1.4442992433593282,1.3798767902421916,1.3809111619962147,1.3651211752787409,1.351633930192844,1.222392340870699,1.0581864539931667,1.0505858221295645,0.9404000887981253,0,0,0,0,0,0,0,0,0,0,0,0,0,0,0,0,0,0,0,0,0,0,0,0,0,0,0,0,0,0,0
1.4121009682421595,1.4734475172966925,1.4795699667445084,1.5211779379690797,1.5931622024877075,1.581260160200361,1.5639371528024628,1.5589416974320471,1.559493535285599,1.5490472012376102,1.510376878668253,1.4985523834083103,1.4710317319697417,1.4700136810865017,1.4171345216512454,1.3372552934073665,1.3590992886579951,1.363014532263822,1.419278256471792,1.4747115484224842,1.3563812887594517,1.400890691765209,1.420555632412502,1.4370592602768222,1.4188849777008161,1.4413754664113707,1.458092184714113,1.3877196970927546,1.4231938638371975,1.4470604742515436,1.439026185696225,1.4694842448874255,1.4793417303323704,1.5140556417584976,1.5313244647881552,1.54598769481215,1.5098188233694867,1.497807773378031,1.487449617235738,1.4428238427051319,0,0,0,0,0,0,0,0,0
1.1441334265399437,1.2509399834521815,1.2726985589522013,1.3102382710958214,1.3711891856961371,1.4007982000929748,1.4305769395718324,1.4622195379809273,1.4561581623073185,1.4542287772683202,1.455344742207543,1.43437405551465,1.4088355385132185,1.416259835432823,1.3590561772150682,1.344079730517123,1.3413152742876082,1.3200514831942338,1.329602685712422,1.3349474026468549,1.4295896791396079,1.4480866921236704,1.4529914379661732,1.5055671961534225,1.5266138462834153,1.5145951167476444,1.5172339829479713,1.5140806966196343,1.5321028028968076,1.5323949246696782,1.5271555080231365,1.529149394666113,1.5264568844455086,1.5199165543291324,1.5119317877370462,1.5066201225717264,1.4808743614568958,1.4797196654336446,1.4679653015039376,1.4530852022307899,1.4497726656838266,1.4328663151786412,1.398430881166319,1.3893856498020118,1.3433508743634497,1.2352891478290473,1.1887773161704895,1.183351236876772,0
0.7952632524621459,0.987332994887763,1.0140928601892252,1.0676651244601685,1.1921841284415287,1.2277037715298513,1.2254891862948758,1.2567054873986814,1.2572694599144112,1.2420290967821703,1.259515337447491,1.25674304139459,1.2006398644701362,1.0786913514799208,0.751297086952381,1.238797801048933,-0.33706269139903994,-0.5890366782659198,-0.2635224218612672,-0.019007747128662187,0.7316290553848184,0.7662203925648465,1.2297850535913415,1.3839058548817318,1.4238788146517476,1.4659418009091303,1.4629786489255618,1.4581762820274546,1.4620219443019473,1.453937025465927,1.4538083097900036,1.4386754218963393,1.4174640792830302,1.4182600924098547,1.4315281955446897,1.4146499531858503,1.389867831705994,1.4001968338674728,1.4061426253119602,1.3877498027762811,1.3677412922800647,1.3672407878585022,1.33174862272329,1.3238007138598031,1.2696643646140602,1.2055329201207996,1.152079268778244,1.046738934417639,1.0046981378018305
0.48958054152650377,0.5173340240478101,0.6022689385959455,0.6655644089208004,0.8171772792122264,0.8731585853871335,0.9349181959903066,1.033447799303225,1.0751667771613207,1.1181783814556672,1.2348131804545937,1.2759799083371899,1.3104606556807306,1.328945071807648,1.3782547046236304,1.382332263548846,1.417922221162173,1.4587189845405841,1.4566242287304778,1.4560273204031673,1.441664533669896,1.4182439058454737,1.4164906453449224,1.4072005733424122,1.4050769672080183,1.372576588310277,1.3648159728309206,1.3530163063439766,1.3548039346625154,1.353468412295815,1.3486163423813045,1.3536569117437476,1.3507122619271585,1.3523702147038024,1.3528342088292427,1.3517814264505696,1.342202827694248,1.3390809188943533,1.3243514161506336,1.3068061372313844,1.3037751268316722,1.3109637921627997,1.2815166783556329,1.264803989612714,1.245865466689485,1.2028778836691145,1.1733665937631508,1.2064584489572967,1.149380911610264
0.2625583959392782,0.4089613581423245,0.4706427193886971,0.5230321927907807,0.6359117141478645,0.6713793511634795,0.7541416695618827,0.8580476452557115,0.8991991546527063,0.9588148486316141,1.040399434170101,1.0577877075535878,1.1027548747503795,1.1202060540495773,1.1838614339155138,1.1934629464942355,1.2221234050700818,1.257290172030617,1.2655638872222372,1.2800269754359188,1.3033463975716006,1.3060788276224988,1.3057136830521974,1.3054185785327301,1.293027005514202,1.2843923219506181,1.2806625000663754,1.2782407401898963,1.2795705420235293,1.276978865085528,1.2782204036303721,1.2892913736681966,1.2917476430646522,1.290890775908424,1.2934443995499993,1.29136307182086,1.290144268642827,1.2851179842521119,1.2798475739642086,1.256623106512504,1.2576830340862983,1.255479292167539,1.2552990238910708,1.25212026920783,1.2431236395798029,1.203757556956409,1.1978746858578468,1.1928457766987444,1.1715236739575192
0.9831879814082315,0.39126722334515324,0.44997920587692697,0.5494312506786161,0.6709196065414728,0.732956105587648,0.7960904660492524,0.8414350959977224,0.9020735777436701,0.9162121732124715,0.96686219500304,0.9875444046046483,1.0231277856148786,1.0382160757059222,1.0950754081256326,1.108324188907759,1.1365549159759734,1.1714345388402794,1.191558276483792,1.2053540617049836,1.2260782503609038,1.2447588086610322,1.2464927622394337,1.2603599414964046,1.2526635668729877,1.2453583380417552,1.246258987543962,1.2423381752958889,1.2502959328753012,1.2559439137445132,1.2538846730311572,1.2578863845035015,1.2586944517808418,1.2668735368165795,1.2712942752222456,1.2702143877045269,1.2604937422903018,1.2728416176987027,1.2638421448571875,1.2403898808496832,1.2433945453470787,1.2428259545034466,1.2284284477266663,1.215673733310435,1.2088104093066334,1.1752868812009514,1.1626283776171908,1.158849343880566,1.1350093244049708
0.35422301520078203,0.4532802139510232,0.5724539549697224,0.6421120025801567,0.7472343180559541,0.7585914081508545,0.8093922561469126,0.8928120428634317,0.9225651561597505,0.9677035743192562,1.0061962289670678,1.0355195946140818,1.033673731575391,1.0536190687676141,1.0833133394617427,1.0894568602859227,1.1150584725285049,1.1445029572547696,1.1798158050376393,1.2061052126078051,1.2257287828320338,1.2365853452292286,1.2313742707442872,1.2384233637371551,1.232831306926182,1.2459978332154966,1.2485956919949341,1.2500120813103957,1.2486623883773387,1.2487474684603581,1.2474697010930056,1.2423182336215612,1.2319586625374654,1.2405153699174845,1.2517370666516399,1.2519170590865647,1.2507241624940901,1.2633682816980245,1.2644937736955353,1.2603189665829893,1.2630770915422438,1.2713556396856145,1.2506894198552805,1.241100311799536,1.2251490186538616,1.1932048201115155,1.1860171278261147,1.1806280423592885,1.1821662994138105
0.4374108193933843,0.5940909536029653,0.722519906041486,0.8285243565951931,0.9255766273176603,1.0024743864304917,1.0343690846118192,1.0834223556386056,1.1019086526505208,1.1020762054557058,1.1164105884093087,1.1190024771729283,1.1298763477938305,1.1331417270288158,1.1459452726878245,1.1523501690462445,1.1584362631805227,1.175878507963663,1.1864519921694554,1.1932640836144162,1.2023139647047594,1.2038377139631355,1.2071305747284442,1.2224840007825897,1.2295605394816658,1.2405233605783055,1.2496849420241387,1.2557549966951382,1.262684574923481,1.2707168675632412,1.2721875228805375,1.2719585498102668,1.2712141109587634,1.2574055213968505,1.2548543930372373,1.2465951904727688,1.2526124697800856,1.253805944205844,1.255611807793152,1.2552244579751337,1.2408274094213092,1.2369731886460078,1.236385155211345,1.2325470020515663,1.2174682876114151,1.2022481695024556,1.194004571413043,1.1876753419375712,1.178422771244773
0.5877952523183338,0.834276062611942,0.9029026153768365,0.9552776060441291,0.9866968005805274,1.0218823219886763,1.0453990626600118,1.0997689565209012,1.1000533682523181,1.1119427131718584,1.1100258004045822,1.1090623571511657,1.124153464423139,1.135307202361935,1.1528216283467991,1.1555790061204028,1.1488285154759619,1.1541025340561677,1.1784392343833494,1.1857158453049839,1.1916458622928054,1.1979118111357239,1.204379068876913,1.2152368942037441,1.2097170566143427,1.2202688304886324,1.2210661145215005,1.219110825737525,1.2336113107726734,1.2431919321620681,1.244589103262135,1.2463647936871096,1.2437829610691629,1.2408338490941457,1.2470570199484525,1.2449363690353954,1.235382190171481,1.24035406732606,1.2407143095692716,1.2416510769593208,1.2293896232627026,1.2307436429504004,1.2238993297998424,1.2304326204017395,1.2480233476727867,1.2293418628073158,1.2317270801576594,1.2312710956064878,1.232714802940666
