jsons/1312912800.json
{"header": {"parameterUnit": "m", "parameterNumber": 3, "dx": 0.1, "dy": 0.5, "parameterNumberName": "Northward wave", "la1": 40.97354507446295, "la2": 16.46031188964855, "parameterCategory": 2, "lo2": 133.9931640625001, "nx": 191, "ny": 50, "refTime": "2011-08-05 8:00:00", "lo1": 114.97908020019554}, "data":
[rows 0 to 21 of 50, columns 98 to 146 of 191]
0,0,0,0,0,0,0,0,0,0,0,0,0,0,0,0,0,0,0,0,0,0,0,0,0,0,0,0,0,0,0,0,0,0,0,0,0,0,0,0,0,0,0,0,0,0,0,0,0
0,0,0,0,0,0,0,0,0,0,0,0,0,0,0,0,0,0,0,0,0,0,0,0,0,0,0,0,0,0,0,0,0,0,0,0,0,0,0,0,0,0,0,0,0,0,0,0,0
0,0,0,0,0,0,0,0,0,0,0,0,0,0,0,0,0,0,0,0,0,0,0,0,0,0,0,0,0,0,0,0,0,0,0,0,0,0,0,0,0,0,0,0,0,0,0,0,0
0.06879072962194409,0.10043767218919268,0.1239578635091412,0.12792651131095334,0.16760133155743545,0.19179898094582262,0.17923323012147604,0,0,0,0,0,0,0,0,0,0,0,0,0,0,0,0,0,0,0,0,0,0,0,0,0,0,0,0,0,0,0,0,0,0,0,0,0,0,0,0,0,0
0.14296486149930498,0.18495744176130688,0.17455608105479242,0.16339149265760008,0.17561608326592254,0,0,0,0,0,0,0,0,0,0,0,0,0,0,0,0,0,0,0,0,0,0,0,0,0,0,0,0,0,0,0,0,0,0,0,0,0,0,0,0,0,0,0,0
0.18111443112877487,0.16580262344000524,0,0,0,0,0,0,0,0,0,0,0,0,0,0,0,0,0,0,0,0,0,0,0,0,0,0,0,0,0,0,0,0,0,0,0,0,0,0,0,0,0,0,0,0,0,0,0
0.18148224064243906,0.19144817905868663,0.20407725837972934,0.18949534437249468,0.15654377744378753,0,0,0,0,0,0.060115745883894595,0,0,0,0,0,0,0,0,0,0,0,0,0,0,0,0,0,0,0,0,0,0,0,0,0,0,0,0,0,0,0,0,0,0,0,0,0,0
0.1962495906789102,0.20466628609521278,0.21504679605456614,0.2314624946049704,0.24416585150907655,0.2457859399677534,0.24289659065682223,0.2392567898475802,0.2371392543003539,0.22374106128991617,0.22674429412655084,0.23005629441533187,0.23177231307846613,0.24905889560966227,0.2605670603709526,0.28698593100171793,0.30138465975215467,0.3239813748993972,0.2840650723075505,0,0,0,0,0,0,0,0,0,0,0,0,0,0,0,0,0,0,0,0,0,0,0,0,0,0,0,0,0,0
0.2557506207771585,0.26067792833443243,0.2705986314367517,0.2906762075667167,0.3222302454994643,0.33183065282925656,0.3411888357387338,0.35657346389547984,0.35713111747738585,0.3626967851527743,0.3778626448435246,0.3978535367593363,0.4113381707551518,0.40363041360307106,0.45063041402416515,0.1868453604600477,-0.01662072176519979,0.10119530072912922,-0.07978041369881346,0.07068431607097644,0.0901859839608518,0,0,0,0,0,0,0,0,0,0,0,0,0,0,0,0,0,0,0,0,0,0,0,0,0,0,0,0
0.28435053621301026,0.3066155992008058,0.3195060797307341,0.33018912678174495,0.34892681188858743,0.365891723525802,0.38831184540161773,0.4119692563694716,0.43324784336294003,0.44286425324471423,0.4677050995288035,0.4774472385660882,0.494380170441224,0.5073552052857858,0.5109095119541993,0.508405300121228,0.5122773514059208,0.48544657850609707,0,0,0,0,0,0,0,0,0,0,0,0,0,0,0,0,0,0,0,0,0,0,0,0,0,0,0,0,0,0,0
0.28479435746833587,0.32454267074748994,0.33072083759406684,0.33818418081962354,0.35562424575848034,0.3637268265266552,0.36392811141511144,0.40973590321284326,0.4258284579254501,0.44291233639879,0.4646197354720587,0.4751600752669055,0.4883934363933281,0.5062241352005765,0.5225070698941373,0.5246141752879385,0.5017107163470543,0.41476908911250787,0.4585033098198337,-0.43425353499834896,0,0,0,0,0,0,0,0,0,0,0,0,0,0,0,0,0,0,0,0,0,0,0,0,0,0,0,0,0
0.3140636531538627,0.33278679440575476,0.33633061737339903,0.34076770523022987,0.3743584621692445,0.38984698215290076,0.39987335240240734,0.42288405973404786,0.4441896710211958,0.48552058348259264,0.5164102491367996,0.5268973182909786,0.5316023628869402,0.532522841834227,0.48779443937957484,0.5173351969665588,-0.45153763693635174,0.12862389115730444,0,0,0,0,0,0,0,0,0,0,0,0,0,0,0,0,0,0,0,0,0,0,0,0,0,0,0,0,0,0,0
0.25182762234474787,0.29728119697883326,0.3234704310980517,0.3602124696459366,0.40658239429593374,0.4252093014001852,0.4540819101957746,0.49393357610455846,0.5035844574504171,0.5143113332344217,0.5356687396270303,0.5502733575791826,0.5571285245344462,0.5701414934273205,0.5661864373389928,0.5274775856481467,0.3350095223776311,0.2025197847902801,0,0,0,0,0,0,0,0,0,0,0,0,0,0,0,0,0,0,0,0,0,0,0,0,0,0,0,0,0,0,0
0.2141604208492779,0.24802870936882626,0.2609499523188715,0.2882924502040455,0.33661460694007506,0.35610305004688353,0.3858493914677029,0.4505699641856541,0.4755048535504796,0.5076729712102843,0.5334328725679166,0.5468049513499075,0.5618434706655502,0.5739191753115399,0.5354965205571035,0.5605292069321824,0.3823013979963823,0.2417996189430138,0.12454954809810542,-0.07348302964946145,0.022479985917909475,0.05943929120633753,0.0674028235420997,0.09218353162176515,0.1020300603701852,0.10571262755653549,0.11501696310553448,0.08547879159278525,0.09513245875749247,0.12230978869246421,0.17334956647910746,0.18965479376551686,0.2131055689064087,0.24910887781986676,0.28621307120866696,0.30176170746277114,0.33104441535625406,0.338872123331472,0.36258078006704203,0.4015558990796323,0,0,0,0,0,0,0,0,0
0.1707335337941612,0.23626688259926842,0.2591758279621111,0.28286635717790676,0.3185007948762561,0.3405769176274761,0.3634058520055027,0.42210471308670017,0.4388682449474697,0.47018856317488994,0.5293522606516515,0.5473645789310669,0.5676734662908051,0.5746906812410892,0.5781123288590292,0.5474301914679197,0.4935664380476458,0.31720445841875833,0.5108277341810442,0.41206927953752825,0.499853074402505,0.5160055437307831,0.5477264199981101,0.48865688392093165,0.4958439002487626,0.49213628671548604,0.48213405982237467,0.48163241636436926,0.5077610476932907,0.5055978045662965,0.4678551145558991,0.47626397938901127,0.4946123122890769,0.49841541554209323,0.4986707748219747,0.4945153734270989,0.48417206846904837,0.4994086452509826,0.5182625093382213,0.5308194595146871,0.5282428163791875,0.5308882222848019,0.542591254068812,0.5423087536017082,0.541837315093129,0.5553445730402005,0.5468831430616021,0.5309374977284473,0
0.19416420120664474,0.22155838795026359,0.22301108359004304,0.21591262973870531,0.21456273301240722,0.2558709370357153,0.2777085665801937,0.33554131717665875,0.35572769224546263,0.4159853249199791,0.4691979898986045,0.5094741703576756,0.4594950383275219,0.11694159702237712,0.23717947506946307,0.32363771465083213,0.28364494582740585,-0.026560031352783217,-0.2542459489500268,-0.5107643410782303,-0.49851065893662516,-0.4152530875607922,-0.33915508543212375,-0.055123149672543066,0.10966809150359963,0.17941556005840004,0.3527644635617898,0.3926423803224797,0.4525810344821287,0.4847575801295863,0.5103840331868296,0.5447080491519529,0.5658243466510099,0.5739011214193849,0.5806036372059111,0.5893086890276155,0.5928172269260207,0.5977353254977663,0.6006806837648989,0.6061798934797624,0.6105428037037667,0.6070294227745536,0.6100261652079104,0.6120493587580076,0.6129907528222127,0.5740495220718893,0.5718986987811878,0.5779738538193105,0.3062133711606558
0.2566615067992072,0.23736149904153436,0.2474629520120309,0.2582031590888356,0.2695258707660272,0.2835371540908241,0.31893446895858846,0.32063410444513285,0.35706482275785856,0.368517576692958,0.3542726346109611,0.3776784762971484,0.3791106445170551,0.4217323429602228,0.4298299948297438,0.4147645442921047,0.38141621837962875,0.3345457269577615,0.3056343972740349,0.3083552061445697,0.3073733596364521,0.3510382839968112,0.32861848627386675,0.35323094770317676,0.35649842007675947,0.3917486148088289,0.4193381677794199,0.43556063262839795,0.45483361445714876,0.4666773626637156,0.48998542490277625,0.5220882352092769,0.5483938405410502,0.563269738178403,0.5845689137927187,0.5964466869349945,0.614571678576766,0.6181428961048817,0.6194679752741754,0.6179305250623328,0.6161482685710925,0.6151051968267728,0.5916225507377372,0.6009631923747015,0.6281247105865316,0.6532777814859493,0.6617819208394966,0.5797826062115661,0.53702782769301
0.02119168974670398,0.13291893346570158,0.14856256848491975,0.15898452539439117,0.155351717118636,0.16811323781786586,0.1887058416577662,0.2242770735475147,0.2388329942231802,0.26068695131504094,0.2885914587717085,0.30494977293955994,0.32844688105331804,0.3434265762807643,0.3878834365836817,0.41392385595943104,0.426236673930422,0.43738934354381914,0.437257288785156,0.4419578169502893,0.44406717068133134,0.45040320418126095,0.4738651293872353,0.5060405069038487,0.5197345067070138,0.5365965776083089,0.5390401209537214,0.5395052321763849,0.5523474928399794,0.5797406784501963,0.5739680022433414,0.5943818372151011,0.6092475376501364,0.624831372847378,0.6266386923697573,0.6341601278707341,0.6370882717218211,0.6452439210951965,0.6492798746849782,0.6512816241232184,0.6592385762873024,0.6649887231376179,0.6640412947143248,0.6580883893788928,0.656510329320758,0.6737705640348777,0.6696297812645864,0.6561911190534847,0.653015954684917
-0.0960119271568627,-0.06398950874420073,-0.06373348998114947,-0.05944947880486938,0.011366340053663425,0.02174936356358263,0.018865285724102628,0.10083330410640229,0.10377266626863764,0.14128042454245449,0.2154274470776669,0.22106466213340942,0.24251363434092593,0.2516719243834115,0.31246712548374234,0.35181445225713404,0.36146423602051486,0.39183889175532993,0.40123630393722043,0.415964213527635,0.45102118577535016,0.4623521520373324,0.4738868476828936,0.4752851259670739,0.4793351163036485,0.4814106096626156,0.5294442507036878,0.5541615806253918,0.5622501525172626,0.5811484151184944,0.6072916798613186,0.6237809993073704,0.6374471512655231,0.6288893426684686,0.6426215281173754,0.6466611717236214,0.6640227948461466,0.6865027616526096,0.6898824232049576,0.6862257440095986,0.6930930341710055,0.6855119194489862,0.6783754010369436,0.685735814901889,0.6875657850970571,0.6961817126417599,0.6951590103716928,0.7041384492493763,0.7302421147362635
-0.18345570593585805,-0.09446533558588212,-0.11760846616676505,-0.10275630949914875,-0.044959689102323085,-0.021349177370499135,0.01585201594409475,0.046026826771309655,0.07319558060394872,0.09887372875563773,0.22119204576858292,0.2051795978329888,0.22063179808845626,0.22770015324667092,0.24628452046240312,0.2714711186973901,0.2690551579803859,0.2781311286351851,0.3372662805840411,0.3787061046896705,0.3688948390197754,0.35533831002552757,0.37760113223109,0.3972422044405027,0.4158781540370838,0.43859727243590124,0.4672889018542116,0.4813902663526961,0.49245713595014107,0.4966099571965374,0.5341045665540712,0.559619536625426,0.5615060630304713,0.6332990463684322,0.643213240460123,0.6582576997017473,0.6747027563798901,0.6858718722316928,0.6813912212352989,0.6727133852961795,0.6668454308452216,0.6701367190903996,0.6803946787218347,0.6839565039805091,0.6890499302890664,0.7042251058193417,0.7135234829012054,0.7173229353958104,0.7022199087851326
-0.2640630978036112,-0.2919867671132727,-0.2630205025435114,-0.23437305642141573,-0.17320199166674716,-0.13513054070406413,-0.11351731966994046,-0.05646347746893978,-0.015515865872730497,-0.004691850991319569,0.04372309713553908,0.06235369903076613,0.07782646102930885,0.09074693619971666,0.18061343238703204,0.21401322219885338,0.24837736216975265,0.2996058994604766,0.2725154035386743,0.25046158318952944,0.264149569986949,0.2854425784867879,0.3193018092877951,0.31504719462384034,0.3181982323564765,0.3460503664259393,0.38757392517068695,0.4142202363408835,0.43478725357332176,0.4599779202627186,0.4815427832762462,0.48162025067846365,0.4928270807917768,0.5933407142121729,0.5915092217410345,0.587455538810395,0.5906635767099493,0.5967824096969103,0.6077240865632612,0.6404923812326853,0.6227449365474971,0.6254937978070526,0.6685801036407062,0.6679650915954406,0.6771677606381769,0.6853815763822908,0.6769439350132508,0.6785656335066875,0.6913653367536864
-0.30053972011131985,-0.2515197786728436,-0.2114957013080439,-0.2083473608673664,-0.1835937085037713,-0.15864007730744883,-0.1452452318192104,-0.11229089511328941,-0.07823712433312695,-0.0512504359029979,-0.020474564630891565,-0.013874694802527801,0.012802913612721263,0.04069886069524133,0.08244901471484167,0.10131199118217887,0.16599005796597172,0.22164333859427365,0.2553036454061109,0.2735548010167661,0.2549407767130915,0.25241767085538575,0.25717073747751323,0.24132666758544427,0.2861010727394048,0.3276634668539796,0.3780250238046542,0.40665565270420995,0.40117652201025117,0.4070662612802137,0.4525307304886402,0.4787852453712521,0.5033206650819184,0.5551998301343909,0.5758650343758517,0.599573671521737,0.6141402801908448,0.6177350397562642,0.629389100007795,0.6230419002036974,0.6319039940637363,0.638815309261793,0.6225214603400038,0.617148497617316,0.6196547529320493,0.6476719117525443,0.6561307984323876,0.6778636820046974,0.6958278910681416
