jsons/1312581600.json
{"header": {"parameterUnit": "m", "parameterNumber": 2, "dx": 0.1, "dy": 0.5, "parameterNumberName": "Eastward wave", "la1": 40.97354507446295, "la2": 16.46031188964855, "parameterCategory": 2, "lo2": 133.9931640625001, "nx": 191, "ny": 50, "refTime": "2011-08-05 8:00:00", "lo1": 114.97908020019554}, "data":
[rows 0 to 21 of 50, columns 50 to 99 of 191]
0,0,0,0,0,0,0,0,0,0,0,0,0,0,0,0,0,0,0,0,0,0,0,0,0,0,0,0,0,0,0,0,0,0,0,0,0,0,0,0,0,0,0,0,0,0,0,0,0,0
0,0,0,0,0,0,0,0.009390547203029684,0.008432981660462786,0.006107708840809983,0.00551464872785952,0.004429237056383249,0.003675939441094208,0.0033284166098075697,0.0030772933674718217,0.0028655554904895267,0.0022239156530154355,0.00205308898793269,0.0017007329274308148,0.0011644792107858423,0.0008311934560991864,0.0005804355067999316,0.00027944499867580905,0,0,0,0,0,0,0,0,0,0,0,0,0,0,0,0,0,0,0,0,0,0,0,0,0,0,0
0.030083320452479738,0.028297379809399868,0.02601827707602335,0.020620489960705382,0.020075486003898416,0.018435688215601754,0.014053279446398888,0.013466953577503207,0.012212007261928084,0.00857522239184894,0.007122719038413414,0.005414672180989096,0.004042342482924334,0.003502305904794163,0.0030488835574598605,0.0025527845288021477,0.0010159245737367472,-0.00013249084661415332,-0.0005937725731065323,0,0,0,0,0,0,0,0,0,0,0,0,0,0,0,0,0,0,0,0,0,0,0,0,0,0,0,0,0,0,0
0.03437589150633791,0.0361997094036647,0.03605509558104953,0.03318351254296551,0.032914467854428864,0.03117028831686151,0.024004789225186927,0.021261585373466774,0.020441474805910454,0.013891379832506344,0.011163617376414066,0.007806232051101244,0.003971974228512835,0.003512124788830029,0.001319067659034621,0.000849899002316187,0.0006571445961828941,0,0,0,0,0,0,0,0,-3.1471212096945e+38,0.13469537927105726,0.13636551123360818,0.13546375212922387,0.13491408186538625,0.13514183887525344,0.1300109958365418,0.13004282990824953,0.12946905968253639,0.12656531245118824,0.1237232319461238,0.1212680340340253,0.12142107923423985,0.11505014995171102,0.1124510154516807,0.10658197870540902,0.09753899070730489,0.08932902275963438,0.08585827183907736,0.07536988712097986,0.06734621489987773,0.06252623185106722,0.04981016630855392,0.04759439251726014,0.040566422912401805
0.025155856417185724,0.028114477480373677,0.02935930245804837,0.031516848252692076,0.03533355223645899,0.036905825653419794,0.03943926858719782,0.04269674393980197,0.04770657193561387,0.038014367126066456,0.03200827759080932,0.03109258406563325,0.014786901034398984,-0.0029943086771029746,-0.0028506241554507256,-0.010626030028510501,0.012183139143767919,0.07654691884547916,0.09913841458397342,-0.14592776274132843,0.13725743320031353,0.14280296829017602,0.14852236754412132,0.1534710229037897,0.1566140591422054,0.15982170331383896,0.16209423670224868,0.164153966056817,0.1634482130486855,0.16458153388892907,0.16465660346623887,0.1621707785344089,0.15917315700820497,0.15760339982766747,0.15710218043065594,0.1498448441235028,0.14858925043294316,0.14317818592556442,0.13751790043371911,0.1325744474758617,0.13071480984616993,0.12194686400782474,0.1147685906469227,0.10997917292991649,0.0955392618356113,0.09096798845813026,0.08106971233597454,0.060045669014780464,0.05175961256485518,0.04157110141999969
0.009940237766675606,0.010780148247969608,0.012304735681782602,0.012571366321278716,0.014814979246287295,0.01573686893964915,0.018579082892515808,0.02083822761132149,0.023619101657320493,0.026444281975113136,0.029238702763864317,0.03345720419990053,0.03872441129080476,0.04339434398139489,0.04960278081110842,0.05648970584830494,0.06375206045768261,0.07761580983242437,0.08750833446850546,0.10453966031312317,0.11874788129804055,0.12851046715493156,0.1406445137898773,0.14790040092259205,0.15858325934638334,0.1675012162122154,0.17172593747622242,0.17614760780680064,0.18100434739024354,0.18315151465611362,0.18692110403161977,0.18638153592350165,0.1854283655559653,0.18566110530282662,0.1856615304919069,0.17964899816027766,0.17772107745393323,0.17386246052563417,0.16708151197311086,0.16304895326915692,0.15643628064078177,0.14658218725470243,0.14031287561659717,0.13794871618823495,0.12465750039595955,0.11650716869858793,0.10664030852275674,0.07615845089934756,0.06294811250875675,0.039785205799640073
-0.0034632563003357416,-0.00327581728230544,-0.0032592126127418274,-0.0036042084710259147,-0.0031535611792336093,-0.0020022440813075464,-0.0034226559106814805,-0.001993339174594729,-0.00038224833326988366,0.0005975842484504848,0.0009394268143761988,0.0022412457672506283,0.004269864682052373,0.0069098941440312355,0.009533825410688864,0.012854999161440587,0.018259076833500643,0.027350156036528406,0.032652492755281946,0.046754983605083594,0.06172354387566539,0.07726489845276245,0.09664554280187097,0.11968037755096338,0.13718055496690298,0.1625084239979411,0.17031851324735134,0.17935541988794218,0.19040003209662307,0.19349389610684808,0.1994946637908496,0.20619787241934667,0.20697340419533497,0.21063303689028154,0.20823003145538374,0.20488482187022716,0.20369358061000398,0.20344504996239846,0.19394704966347034,0.19117479432737555,0.1851909883829693,0.17622014119914628,0.16988671965332408,0.16539595295971704,0.15204606473568255,0.14761433192105813,0.14044081063464947,0.12163257580451821,0.11346666689726297,0.10260514492795594
-0.002940701685508891,2.9290590785875094e+38,0,0,0,0,0,0,0,0,0,0,0,0,0,0,-0.011525499055969092,-0.014761178560812972,-0.011536318197134951,2.4818298533126437e+38,0,0,0,-0.017013236158831754,-0.015074068097824767,0.05188226027483671,0.15116198428285368,0.18039172232839812,0.19962405418769436,0.204820020454679,0.2128497184188963,0.22352133973915025,0.2271011072705646,0.23215682741710741,0.2351242575438884,0.23673347444939855,0.23629441665256154,0.23575001478339672,0.2315929651775597,0.2243751913082618,0.22280012368041618,0.21447772838976334,0.21150509851894964,0.20449744747109544,0.19493446455986518,0.19035166842055548,0.18557039819248375,0.17425908210245777,0.16891989047936917,0.1625208218351835
0,0,0,0,0,0,0,0,0,0,0,0,0,0,0,0,0,0,0,0,0,-2.939828687087925e+38,-2.9693042824202768e+38,0,0,0,0.2058446740326172,0.21180175063318332,0.21569198705390216,0.22056963824717363,0.22741163778656076,0.24082111589169358,0.2506005498481392,0.25416725371906107,0.25796764510563286,0.26076900404697434,0.2633255570321797,0.26602658246708927,0.2640310035752796,0.2636803846746825,0.2594005517692663,0.2501118525022685,0.2450986475992676,0.24098998222157303,0.2258713431148566,0.2185074560629777,0.21596595844808364,0.2031035670100829,0.19683943125596975,0.19053492392687088
0,0,0,0,0,0,0,0,-0.2149157586759459,0.18059826993178116,0.1836693897335406,0.19338250444417424,0.21045795702241876,0.21354275340098966,0.22201909377281587,0.22195721046729122,0.2272643751871373,0.22751596708204475,0.23187181816861946,0.23257007108153216,0.23340779187013486,0.23087191519981104,0.23119591304899426,0.23252232708982945,0.23512940913801894,0.2400786976547124,0.24131011998683743,0.24290362491884918,0.2494455467223674,0.255428675971675,0.2586454320561679,0.2678343538130864,0.27173200554153154,0.27770377299733096,0.2818282820520279,0.28884270266883205,0.2955136140927293,0.2963871364723282,0.300077897202845,0.3032561244347249,0.3033343636253868,0.30113083833938864,0.2959904180112248,0.29436921340597694,0.28570825009246825,0.27606159860824186,0.26646084637869955,0.2528377894648448,0.24235324052238078,0.23250388277531192
0,0,0.1607888550147323,0.17188117371601647,0.17741402481256094,0.18241771876229082,0.1949890624948465,0.20067423885297905,0.20440543639390707,0.21026549189377794,0.21514971349780307,0.22089444077255788,0.22410302545405456,0.22576389343600042,0.23011196450036814,0.23201305955674492,0.2363260976076431,0.23995599196010817,0.24167237469906577,0.24437243150699328,0.247387656839957,0.2495721901853697,0.2529694547086202,0.2565136303332373,0.25762272985986373,0.2588273748912402,0.2609968757981752,0.2577410045441025,0.2622496711654873,0.2642459471863325,0.2666807307984532,0.2743567339062846,0.27698506150661223,0.284301127111178,0.28852492204350483,0.2964077451085408,0.3054712637038985,0.3101059015234436,0.3233001904886634,0.3268463982074268,0.3296136089194315,0.3327378615882349,0.334791435592504,0.3373569615427199,0.33532467789747566,0.33247970693115264,0.3271559559917077,0.31176862919697956,0.30147947629876504,0.2857902310586916
0.12962179182056352,0.13689548031378415,0.14413225967693694,0.15203377449199101,0.15990879349802317,0.16510745505716587,0.1721937406478781,0.17539618810273655,0.1810286121044322,0.18851480065188972,0.19219983596512433,0.1993188564574897,0.20837498379435437,0.21493886457624625,0.2201735557113085,0.22511965975343867,0.23270460783599028,0.23812763568520795,0.2398527209938499,0.24475891076891346,0.2504922108704219,0.25556965937286963,0.2586641959624903,0.26236161915070805,0.2635269284153954,0.2659374562839371,0.26731352324481555,0.26355907274710944,0.2675721497319746,0.2729484314751816,0.274542076822927,0.27796160237439754,0.28047841808256846,0.28766204047581945,0.2920348201408198,0.3013030743993358,0.3132593281791318,0.31893630636097964,0.3299713404335793,0.34026230411013636,0.35103170152583274,0.3646103650590108,0.3690199189872285,0.3754425292625976,0.3817976775284795,0.3833558764409375,0.38927299001265075,0.38931220852288223,0.38691051157326917,0.3842599901840937
0.076234548014067,0.08473355311828004,0.08994793796865941,0.09988457662357643,0.11104116589585422,0.11577627539750313,0.12195024125360848,0.1268333920962855,0.13747110452793612,0.1462427552619282,0.15260086368391504,0.16118030537933722,0.16571253852282253,0.16861700808952992,0.18320037245918447,0.1863353903045476,0.19885152188630306,0.21253057939492315,0.2256203926961262,0.23091934065939135,0.23526086447839356,0.24249496572666976,0.24677800894571103,0.24189709939245985,0.2525786919910957,0.2612625894380068,0.2639469747214861,0.2713456835361595,0.2736427469031074,0.27506209145680655,0.2751554091699175,0.27883230412465065,0.2830908528154239,0.28540934226057835,0.29903003080907603,0.30336352376723974,0.31512525007511066,0.3227471938828632,0.33834962614400577,0.3480497046580437,0.36030630059259966,0.3852341778242711,0.3958492766059283,0.4256979962085015,0.4458822672958352,0.4537785989196859,0.4702201198910255,0.47839419134989,0.4825555007390044,0.49271907196597503
-0.09319228213295551,-0.06011988539889716,-0.023306277861521014,0.0023742148803171893,0.02033116948509153,0.034908334453203654,0.03993940172861108,0.04641760396965714,0.057903376092588096,0.06480214212538284,0.07045125725060318,0.08410633934784825,0.09659747895301543,0.1048441415455673,0.1205857314242493,0.1306964824480233,0.13822325445598768,0.146742262988695,0.15764668269199228,0.16666894267353327,0.18499593844033857,0.18645710651761377,0.19703988470647835,0.2060423284595689,0.21727763031073724,0.23060491876154568,0.23428643821280676,0.24727804487036628,0.2554148697560012,0.26249062963998626,0.28289932153755937,0.2907031641235261,0.29290715190921895,0.3011734881820985,0.30643111170089493,0.31496686076640856,0.3296989471366535,0.3380364789310151,0.351425967939425,0.35388077846289795,0.3655662561098305,0.38764390630087164,0.401059433714602,0.4271860325656733,0.45191159093031225,0.46739107335480246,0.49477344557460345,0.5206063921827103,0.5284464363750191,0.5450606580501443
0,0,0,0,0,-0.07417006358937606,-0.06695962685229018,-0.058043596642129436,-0.032824983091503744,-0.032947124348336916,-0.02388613261918976,0.0058544053279288005,0.013014718333774789,0.028634163576930684,0.05588213147766098,0.05727289094149099,0.06181957670743531,0.08489252549947794,0.0948821280475302,0.11505481004453451,0.12717342131370624,0.1370138408866292,0.14483525101196315,0.15451495680639965,0.1789132727316183,0.19098162579938618,0.21142296007219533,0.2269890114837236,0.24160792323562366,0.2504176691294956,0.269539957929854,0.28003678186155145,0.2860096838280226,0.3027863203567222,0.31191508953190245,0.31921842153368885,0.33254206350974436,0.3366250423267341,0.34671281465545073,0.358416015583968,0.37224312832359613,0.3866289326086116,0.39830100992230033,0.44129012505659554,0.45581128487469175,0.4714559824166088,0.5010273337363234,0.5300457136402632,0.5494131754132288,0.5758675598092989
0,0,0,0,0,0,0,-0.15896627027590768,-0.16518326948990605,-0.17542878387218735,-0.16900608728171065,-0.13218194284687715,-0.1254266742467031,-0.1053785757413497,-0.06585040992791558,-0.05103099099861231,-0.03961282330190701,-0.022386105198466556,-0.013799757732149625,-0.003516436624027751,0.030900805883738485,0.046300338381281295,0.06151445050487524,0.08136573678245504,0.10677263791405418,0.12649029444955256,0.13916548312085444,0.14728610195721423,0.1592997161845869,0.17225692855531322,0.19767496719423747,0.218988792332736,0.2319886744475227,0.26036051261940907,0.2864035905732985,0.2994660192591786,0.303201371689737,0.31015709237454364,0.3204324572935166,0.3379906309133322,0.3474140616559453,0.3588452905339543,0.3725098898379967,0.39241748310953317,0.4081485370224021,0.42653657721951393,0.4561093991274042,0.4880690108992436,0.506885142599655,0.544406310305185
0,0,0,0,0,0,0,0,0,0,0,-0.17589025227954191,-0.16384179601961615,-0.18090609144294517,-0.14923130953681105,-0.145159346367521,-0.144098071608212,-0.10917202452273513,-0.10031411114900515,-0.08978581789665054,-0.06230662234966852,-0.05157833024301641,-0.03821990325861145,-0.022949671891737515,0.017647313963872757,0.04124631043617452,0.051939098094613605,0.0749890368531375,0.09603831811353085,0.10140423609718388,0.12040676607520452,0.15530495674645664,0.1680613618729294,0.2091559183962108,0.20449938101261098,0.22543282734705752,0.24681649289045632,0.257443239182641,0.2833722919287872,0.3323035383341877,0.3613812733602172,0.3864193090847851,0.4078200996277608,0.4253314465411251,0.46263174790741773,0.47166385904501046,0.502980493708126,0.5371614432679055,0.5695700032566172,0.6082765404481315
0,0,0,0,0,0,0,0,0,0,0,0,0,-0.16709919774043802,-0.1636821564743473,-0.24370340817749814,-0.24542819400651048,-0.19223921137832417,-0.18073531356893036,-0.16184037221994677,-0.14348152074489665,-0.129553098565387,-0.12974728490253212,-0.12620657691872883,-0.10745442874572031,-0.09132134266221936,-0.06564126864245529,-0.035294917166382486,-0.015901785549253335,0.0015879400534389355,0.05983354573136642,0.07687454056672673,0.0987012489812817,0.1435534515217446,0.17322896468805374,0.19104487276254506,0.24308487965233935,0.2687526878294755,0.28788534221571616,0.3132198516448528,0.34260196973367707,0.3842894871709203,0.40194617717909975,0.4607036669304623,0.49245095761931557,0.5232349636246496,0.5183104307581646,0.5347049795578851,0.5374505171591741,0.5661234499769051
0,0,0,0,-0.2060887060433775,0,0,0,-0.1825546164021797,0,0,0,0,0,0,0,0,0,0,-0.23783155327039798,-0.23576673625816325,-0.18376377780131267,-0.15872339217471648,-0.1292969076609932,-0.09023457671374602,-0.05778258999546373,-0.054941496346163604,-0.036652880917545455,-0.00975109651441796,0.010125475896043498,0.029652959032854677,0.03807723296942855,0.039364784733365896,0.039423131225409205,0.04782837006816223,0.07742148314517258,0.14549224803750666,0.19074565712270147,0.2712518876450086,0.37962536301477023,0.4010612577996681,0.43383696727557053,0.4588522661554404,0.5225484417545253,0.5662105655908553,0.5950076507442733,0.6637527720106559,0.7304065134350277,0.8070190373722611,0.8813342725614588
0,0,0,0,0,0,0,0,0,0,0,0,0,0,0,2.9442404761781262e+38,-0.14827128020951633,-0.18351283830133386,0.05217867425500565,-0.08241296024869492,-0.2019936778543169,-0.2615736498416621,-0.3555991833943664,-0.3350001188156378,-0.18241269285238296,-0.12661696253019855,-0.08738755923241975,-0.016508374566450948,0.017104341297498486,0.05519569365426054,0.17422937161183502,0.1909230458581622,0.19118258083334522,0.18098757548446084,0.16323781367598483,0.1852739532552691,0.2681320971553841,0.27381812777331116,0.30654598717287235,0.4662952588015349,0.5528653022296764,0.679671749056274,0.7723939364380805,0.8768238914196258,0.9433701643135703,1.0022600571364266,1.0596041049805716,1.0992172495986263,1.1277535528312754,1.1839399044628478
0,0,0,0,0,0,0,0,0,0,0,0,0,0,0,0,0,0,0,0,-0.2634767444176936,-0.3375944978322193,-0.43453530161223186,-0.4456367731901497,-0.39347201177636243,-0.40452769201637584,-0.3745311802931668,-0.060625254540909,-0.09470459100886924,-0.017393756296839737,0.24198650998587698,0.2751815072194327,0.33464585244793904,0.41292891304794044,0.5167378639349302,0.6214914839299803,0.6744818774570515,0.6542698501490111,0.6717168556877033,0.6887128004311106,0.6958902897123458,0.7045220096734239,0.7369635450386505,0.7971987544774393,0.8310852739400604,0.8607123705284754,0.9859626901136452,1.0976702711331974,1.2405839797321805,1.307039640306478
0,0,0,0,0,0,0,0,0,0,-0.35322820119266135,-0.39868489900030285,-0.42660453106441415,-0.4470956507636208,-0.4618273090146731,-0.4747885886739345,-0.49902870600594534,-0.5193964441719567,-0.5290785802484433,-0.5629362808905568,-0.5225294083300537,-0.546114994264765,-0.645545150197677,-0.49564331219943797,-0.21438469939185,-0.14818653256049572,-0.21391282493037167,-0.307382776737992,-0.241148942580082,-0.17485391112467805,-0.0985854945154999,0.09732917612293639,0.30020384015768353,0.38489460260450714,0.4540538348064532,0.5054026242790911,0.648713584629839,0.7071957478273564,0.7531679955009696,0.8454515431638614,0.9128881099764711,0.9758965996594596,0.9975661249711418,1.0280425862537061,1.0312665146758684,1.018679765573033,1.0671541947733947,1.1604950960621643,1.2027244640182058,1.2196188494653006
