jsons/1312736400.json
{"header": {"parameterUnit": "m", "parameterNumber": 3, "dx": 0.1, "dy": 0.5, "parameterNumberName": "Northward wave", "la1": 40.97354507446295, "la2": 16.46031188964855, "parameterCategory": 2, "lo2": 133.9931640625001, "nx": 191, "ny": 50, "refTime": "2011-08-05 8:00:00", "lo1": 114.97908020019554}, "data":
[rows 22 to 43 of 50, columns 50 to 99 of 191]
0,0,0,0,0,0,0,0,0,0,0,0,0,0,0,0,0,0,0.11736190442353017,0.14992441624342945,0.43089669545264553,0.2788624900620411,-0.19339042787280494,-0.3965237076301134,-1.6865677280101088,-1.8538125874748008,-1.7201565562308314,-1.2822444205476209,-1.0908314433712207,-0.8851253187732842,-0.4426393246509177,-0.1353265813907125,0.13152066151448208,0.5176408701222877,0.6957343417365834,0.9360272947760689,1.2984851421583774,1.4280372015139455,1.480699696656044,1.627563401390392,1.678840777288909,1.694261628635878,1.7193182477268656,1.8293792382071425,1.7295497341883888,1.6710645313701824,1.2908386136506134,1.403975538141337,1.7836939188424776,1.6879219509825636
0,0,0,0,0,0,0,0,0,0,0,0,0,0,0,0.012723677225129036,0,0,0,0,-0.4226730315645343,-0.8603927432676566,-1.2773159331451338,-1.3984222375505913,-1.458522202399032,-1.49356791593685,-1.2886051840763835,-0.8843719573569679,-0.653609905464956,-0.3848592793073832,0.1831943382590242,0.46374520471250386,0.7495890281496949,1.2054353096424764,1.2710112901815402,1.35018608628566,1.4807119496693333,1.542426573167618,1.5525177882910395,1.6677027855024675,1.717043356205054,1.7526781283086097,1.7792297470669434,1.846171422850807,1.8659129196019741,1.8266370125412037,1.925549171600961,-1.0316318783878462,1.8729492212023569,1.8458772378889239
0,0,0,0,0,0,0,0,0,0,0,0,0,0,0,0,0,0,-0.5377328211676042,-0.922647083393574,-1.085800824768943,-1.226586391033967,-1.4502962436761515,-1.416689925466608,-1.0833588240697598,-0.9954819705056812,-0.8103937071073588,-0.46589669657920324,-0.2593954679323066,-0.04721263324734386,0.4841006003935268,0.6777936091592306,0.7657487482159385,1.0805567746672382,1.2144373007607807,1.2914051684396588,1.5133440096927886,1.6193205806868871,1.647562334963356,1.7403863679342264,1.74973114370702,1.7675573166687444,1.7851730410578839,1.8414544406143925,1.8496546713033915,1.7923095876436284,-0.8022172266715069,1.886713030656985,1.047855584371024,1.8783433428598708
0,0,0,0,0,0,0,0,0,0,0,0,0,0,0,-8.1454825486999445e+37,0.1044005423211898,-0.7042830397142338,-1.0069609360728953,-1.3604011492303716,-1.2383946984937515,-1.1912667371528511,-1.2156158236888788,-1.0968471808609301,-0.8308574608603553,-0.7395577734419082,-0.5759955310484505,-0.13727726890988795,0.05115140056671458,0.1895500311889257,0.7859892938402187,0.9032162725107005,1.0095918215801667,1.2397826348384722,1.362086524921576,1.4007669315031963,1.5247022669116,1.5547610715614322,1.5911951099005854,1.6435775011164704,1.6590353930801551,1.7030354357246804,1.7462160842480492,1.784715330463382,1.8002813717363753,1.809638538314818,1.8422765699287866,1.7701592851487675,1.7902897751503888,-1.7416192888307602
0,0,0,0,0,0,0,0,-0.13260666541258181,-0.24459409394265763,-0.23863984964544052,-0.38484424090790514,-0.5434338762761993,-0.7181461159910276,-0.9746160776399282,-1.1227747040632086,-1.3413766685134552,-1.272166900208225,-1.1892458282910607,-1.245019765929004,-1.00880325881099,-0.9393729305805888,-0.8366416286732676,-0.7056282136872366,-0.4438776425682508,-0.29138189950177074,-0.1251594387469311,0.2065259561054151,0.3809517253507717,0.5560236845585367,0.8906815716248736,1.0244314999528377,1.0787222892806934,1.2447170186727037,1.3706899963335621,1.4570020014444882,1.5637471887210348,1.5560093630917065,1.5673234654094332,1.6272597270785818,1.6551717584862233,1.6536261360532591,1.6668741606883508,1.6953896812831668,1.7092793359889482,1.7236630175841268,1.7481895077899927,1.7719578827740592,1.780912847141203,1.7045614997177734
0,0,0,0,0,0,0,-0.4255874519095204,-0.6034798346105376,-0.8745449815442458,-0.9823164506095702,-1.0111938729457874,-1.1205431028337962,-1.1165587681537599,-1.0419874873719446,-1.0181849443799214,-1.0487662109344427,-0.9135317697910655,-0.8651179113634725,-0.8064280518578232,-0.6208853312134485,-0.5332848548488589,-0.474591908514037,-0.4115913487831685,-0.25895485529328155,-0.1219212762594927,-0.006872879294713809,0.2822122775742852,0.42481304874708337,0.5577635302039934,0.8686886864773774,0.9506655728035378,1.0463586680340426,1.268866907855631,1.3648211403602528,1.4098728255037436,1.4853541517343773,1.51856799556103,1.5385620688845698,1.6001157812860345,1.6317834618325218,1.6313555227846792,1.652665275484268,1.688387080898374,1.6888979035769585,1.6945584684199577,1.7153119715340501,1.7214705070997278,1.7305802327891016,1.7391450547623877
0,0,0.10552891969008321,-0.5234911598682684,-0.6962726302957761,-0.8036843745136153,-1.0001254826800805,-1.057207435729777,-1.0394903308555536,-1.0921031570251174,-1.0781405411009906,-0.9864656459756325,-1.009454726258607,-0.9724004845013071,-0.8755574602971901,-0.8215271744850439,-0.7950524642033273,-0.6515580999001543,-0.6245196509803925,-0.5601057278417345,-0.45167762022769037,-0.3506769606008368,-0.3023703427142482,-0.23149428006333517,-0.06551583625314714,0.08883938949496427,0.14850635154454533,0.3414212306879401,0.4768114342448975,0.5883719822232072,0.8410849416348781,0.9300838011832857,0.989332413007004,1.2499405427801813,1.2894194962599261,1.3416232206743028,1.4079538021323337,1.4491596605560195,1.4627081511088542,1.5094824183009854,1.5743417775868143,1.5863057580317312,1.6140264243216567,1.6506203590838615,1.6436230988239944,1.6503282629915725,1.6587901518092527,1.6553033509497173,1.6484987034074652,1.68153343191978
-0.7456596090803749,-0.8152119983610986,-0.8801854904684216,-0.9627038716282457,-0.896883264893557,-0.9129841832216339,-0.9518380427402265,-0.9397012460402145,-0.8483884027669983,-0.8721606895400827,-0.840483938831608,-0.7615541032855377,-0.7597707863951922,-0.7037434988640203,-0.6055720818684128,-0.5632715815255274,-0.5392620630761185,-0.4578562755728449,-0.4139713171644504,-0.34698916785288836,-0.20285967629144175,-0.15472007556958783,-0.10171783450703704,-0.053808995460224246,0.07363346614786875,0.16900542005930635,0.2269093783374625,0.38180780514704926,0.4610317844079249,0.5491361379266442,0.7203064394428574,0.814608792016632,0.8785089114766643,1.1119767971940175,1.2073879872663082,1.2601083201244636,1.3006240564603848,1.3336412709724363,1.3682086306733798,1.447148915435564,1.4764670474640087,1.5072775083103784,1.5340578974912455,1.6037447651835144,1.6233368557195693,1.6186403133739424,1.6403299793095034,1.6338620005543187,1.6294398768475127,1.6514857013474196
-0.943362321991072,-0.8765324455059834,-0.8934122765485518,-0.8956958009800913,-0.8359534858518657,-0.8092271691426071,-0.8117514721896528,-0.7829007243693058,-0.6950141938862248,-0.6922637288208001,-0.660822288158469,-0.560427083883093,-0.530076846367438,-0.4884325044829481,-0.40759783504421276,-0.3944582854124012,-0.33657488130969754,-0.305018579558054,-0.28877787433949875,-0.27143402086213914,-0.1933600196304353,-0.17947787133317775,-0.1560257424107464,-0.13738101728766675,0.004012815250103324,0.0829719584108408,0.15400863354704694,0.3194514204760587,0.4041771497914221,0.4653627140652834,0.605124659560582,0.6696844210923152,0.7367937747703438,0.8752944067629518,0.9640205299268076,1.012323952866242,1.1524971667336672,1.219857067880795,1.2381326893594045,1.3026406485533364,1.390996541393716,1.399456936521847,1.4685589732941116,1.5405831365331708,1.5520361830525482,1.5728723599609569,1.6048801556654615,1.6140309143329703,1.6160114907207923,1.6308333980716605
-0.8816122167083973,-0.7534139093391581,-0.7193469848790018,-0.7063260187339907,-0.646005989018215,-0.6161907917389412,-0.6130312517103891,-0.5752127973846698,-0.4810291657198856,-0.4392157680972754,-0.4121113279092752,-0.36198515169752676,-0.34080604260687636,-0.32744479540730603,-0.3137675034281511,-0.3143071694187971,-0.33486100694577,-0.33667204022988106,-0.32857229661878934,-0.3047132243002343,-0.22894619975341568,-0.19698263970399896,-0.16544932233177934,-0.11307136990775972,-0.013185062738404356,0.05388017948913407,0.12177417707972463,0.2697173700230819,0.35091460950633957,0.41607679531661657,0.5169375949692893,0.5676621523120375,0.6385188141762588,0.7628297082446405,0.8412000725302694,0.9528552724414635,1.1004769338734404,1.1294228161479953,1.1912781155521281,1.3013296687553506,1.350775319949514,1.3862437616776504,1.4308738879415779,1.4986389107862055,1.5159894744453362,1.5537069871388351,1.6036701018458521,1.5777565019839157,1.5700172334148876,1.5773113655759627
-0.6312167425005142,-0.5172903242812069,-0.4868602915072708,-0.4640313178115066,-0.3900740759244907,-0.33877415929946086,-0.30206268765428884,-0.16146806534125863,0.02284943258522563,0.30150292511416854,0.38711849273549015,0,0,0,0,0,0,0,0,0,-0.7775933730272582,-0.6123478714673017,-0.5184097733596158,-0.42072702880294266,-0.27335644723335956,-0.15087935363254987,-0.06026841991475549,0.08097847091813244,0.14919411454128445,0.20765253638133938,0.3385405750257083,0.43869598896834394,0.5213191067924479,0.7521355152094695,0.8164359250575989,0.913850272910035,1.0133500365970156,1.0297824242479912,1.106541421045495,1.203214878213331,1.2357132002261524,1.2475223849137187,1.2264462797617037,1.25543724852508,1.2917953240572664,1.3811214602211261,1.468101727056022,1.4900867615684854,1.5074897814704338,1.576650355540645
-0.31747111139414314,-0.20913662513034353,-0.13006105736614668,-0.05085752254071689,0.21773716310232807,0.2943625247461722,0.44291374217774904,0,0,0,0,0,0,0,0,0,0,0,0,-1.1870023856334484,-0.8605132668993939,-0.7103122462691687,-0.5936919254179766,-0.5162923765558618,-0.3012764612171931,-0.2436968697638742,-0.17206561854591695,0.0011102926540139735,0.0552971762010933,0.1484597414157817,0.3224410153233114,0.43185458000136207,0.4874952562595551,0.6550542017413296,0.7380523194891292,0.7977834635049108,0.9757638489364315,0.887773851867067,0.8129956697067703,0.7055234085982206,0.7710566640881767,0.1300686759058333,-0.5949149424283038,-0.5834261463959624,0.1232218278593103,0.7083484330842581,1.1783289523384708,1.2985179935875546,1.3773620249079683,1.5242280674143194
0.2148595505267564,0.514427886930769,0.5827039093647343,0.5495320524642715,0,0,0,0,0,0,0,0,0,0,0,0,0,-1.0004627048631476,-0.9516989013172343,-0.9599267199944956,-0.6549159301376545,-0.5975461727903287,-0.5171662027920094,-0.42219859155315215,-0.2566531232193099,-0.1727379933145883,-0.08701262557867914,0.06286680352489378,0.15038814623060914,0.197633080532223,0.32846621701018275,0.4312085747688805,0.5206021301348468,0.7353186561695889,0.8321743879400414,0.9355433000715221,1.258973538867171,1.408360732328839,1.3976649476803178,1.2676748917668341,1.2566463249107138,1.3056263522197855,1.3472394700043664,1.3376887173609324,1.2791283654620156,1.192529705816079,1.1070931955705412,1.1603284491542727,1.2149944494331726,1.3365855892933343
0.548109879279691,0.7002364766686504,0,0,0,0,0,0,0,0,0,0,0,0,0,0,-1.096391677112564,-0.889668114984667,-0.8154972772298337,-0.7397703296356022,-0.4909484491947212,-0.4384779830940592,-0.37999321498730904,-0.28751460204284124,-0.15537971985431526,-0.06152287390852409,0.0011613529860451345,0.123372406002346,0.18245340217036765,0.24365477439300282,0.41765540286718533,0.501071465709463,0.6031729305036525,0.7779829985774777,0.8298358093849453,0.8977054484044584,1.0699376300755055,1.0931563034105465,1.1361889798231029,1.1980226708086323,1.1963058503773492,1.201586895724701,1.211360380778668,1.227894803374171,1.2212392599932609,1.2088355292239499,1.1697001767288937,1.191277965147514,1.2110098928917228,1.2625607097349563
0.5644297263424071,0.6301081738823394,0,0,0,0,0,0,0,0,0,0,0,0,-0.9629372971648796,-0.9270673089655874,-0.9089747394662613,-0.741063475171482,-0.6502824155176682,-0.5790637943183916,-0.39289634101181437,-0.31231522411217716,-0.25160335462296207,-0.17098678794344258,-0.039019334957819646,0.04456239055657924,0.1463319022948469,0.21778326635713804,0.26766801391604217,0.29798363983286924,0.4067796568007913,0.5154918669246319,0.5997317953506824,0.79584629441817,0.85172101366413,0.853282652098035,0.9406257300797795,0.9784368542469754,0.9821007049167222,1.048591459542007,1.0663601027213718,1.1063255883223309,1.1129180645793713,1.1312534149657,1.137989681714348,1.1637030337256633,1.1951585876416402,1.214077954229245,1.2306275484206854,1.2502133090168224
0.5002032410712018,0.5696156546873726,0.5030223312962,-0.035826160333264696,0.11687248266231647,0,0,0,0,0,0.2797916451177782,-1.0109463427000451,-1.0404112767981033,-0.9732250353028777,-0.8422725467856511,-0.7662108690577986,-0.7166005271149606,-0.5697211363782503,-0.5228469721470824,-0.4624477105704039,-0.3333038531148943,-0.2658673187676873,-0.1942431341218708,-0.1405171121835867,-0.012144942844649929,0.049835290216959184,0.09470669342686784,0.22105228807581973,0.3001509346233345,0.3587207904659607,0.4800914936287095,0.5592754688512018,0.6199355608797256,0.7887317985997105,0.7901079189652954,0.7956560830275484,0.8341319933462724,0.8842595435754182,0.8937370240893014,0.9370900183604272,0.9658209263501146,1.0080465751095449,1.0225593638359107,1.0605156059340914,1.0993301039597618,1.1165637171373939,1.1674108940907546,1.1746122599183133,1.1976272598505966,1.2462570145692902
0.2920048785581233,-0.607693636525398,0.2291571848457157,0.3571992257121461,0.34691661821899483,0.265265697841301,0.22405750504532224,-0.004190650614837029,0,-1.0983888974526401,-1.0071987755049585,-0.9010306437597131,-0.8861880932557751,-0.838336215879142,-0.692421885599721,-0.6069138258216908,-0.5479687634939566,-0.41542463252079925,-0.33869527005359507,-0.2940661944739575,-0.17622053170198204,-0.11644335798914075,-0.05575160203973598,0.008094115067098845,0.13827760170194695,0.17702870118694736,0.23051895147179538,0.3214602510515358,0.38317981764888553,0.42289180515035696,0.5442417084658789,0.6210757798522333,0.6729321804173399,0.7209522137443638,0.7443584354716811,0.759951881701368,0.8020405244439678,0.8344792125146154,0.8745713412585306,0.9281282333671477,0.9481017574481236,1.0086400452209776,1.0777846369376907,1.0863879306609885,1.083977491376422,1.092727616368837,1.1312619807236506,1.1589473270251165,1.1946537966977855,1.229861068542086
-0.3461940356108168,-0.48379229344911495,-0.5347332018124824,-0.6478871276248954,-0.676675464097874,-0.7714808866632524,-0.814912268999864,-0.8324214077656538,-0.7944131753586183,-0.7949130035713723,-0.7652791771751097,-0.6828777883570998,-0.6621098543628514,-0.6316671505210736,-0.5372967574046127,-0.46898851542012876,-0.40996927928124294,-0.29237688624155544,-0.24498234527799706,-0.20091023610819553,-0.10077485934800914,-0.049909249118893474,-0.02344369054214953,0.0508846722261441,0.1779654957198138,0.24663058029771756,0.2760017691066904,0.45131354205389906,0.4440776931032637,0.47477527981145173,0.5192174189037326,0.5362453213495234,0.5644779515893712,0.6150121342351478,0.6693604516640723,0.6913009575896018,0.7770635685165712,0.8097449015012905,0.8386257029477622,0.8952965166494393,0.9281065920350292,0.9376989528662081,0.9813875192576073,1.0780281774450824,1.1198126433768891,1.1848298645910122,1.185127349390145,1.1775010503288963,1.1836303175226084,1.1941342222177114
-0.7181934415601396,-0.7387564957100047,-0.7457454341248558,-0.81669104415554,-0.7981219207487557,-0.791995946181739,-0.7926413373047968,-0.789661067107871,-0.694702062719493,-0.6795685606364318,-0.6409661065791492,-0.5610288002694357,-0.5131389512010998,-0.4745103914967058,-0.37445160911738185,-0.3533820571577495,-0.31888653879604867,-0.23548178837624706,-0.18990919280790727,-0.1412958733112247,-0.053538233833483384,0.030942543758362005,0.06975856897358043,0.11658305075609884,0.23053632835384563,0.27865605014148026,0.3302684289934477,0.4030840904241512,0.4054851720930255,0.46859795689382006,0.5321247705222473,0.5625957873515615,0.5920451664851226,0.6407415803262289,0.6682551275057409,0.6968868851426087,0.7650366741382683,0.8150105478783867,0.833441762117347,0.9043812910438587,0.9353942313784493,0.9411343716798304,0.9702283812377014,1.0109819455919296,1.0128381456715188,1.00395865991745,1.0714574460679127,1.0911545989139433,1.1250759047012016,1.213745264321543
-0.7992865110420396,-0.7941626097818916,-0.7698257129402507,-0.7848702346851674,-0.7289836352473167,-0.7215789874232671,-0.6983109472236044,-0.6516888114752434,-0.6040058553794104,-0.5518859925339603,-0.5287882135543923,-0.4431553950558958,-0.43463457099522934,-0.40119386942926116,-0.33712956352350254,-0.3120463679292866,-0.2617545376473452,-0.2041602270955067,-0.15904229665537137,-0.10109318916986525,-0.03435683443919329,0.01398958710554995,0.07826063622859092,0.09569070330184375,0.1923676620518613,0.2107372675310149,0.265693243139638,0.3571463905172877,0.397479748955918,0.4642091728311638,0.5168474570119628,0.5756841948153764,0.6024224912546738,0.6200791949344395,0.6523297389407479,0.6947055219633465,0.734398961906684,0.7677749475479062,0.7881001107421717,0.8386589536599623,0.8544125164390167,0.885261474855928,0.9041103681422216,0.9162675482566884,0.9567312722391569,0.9880040874366698,1.0529833534715556,1.1041961805883767,1.1028098141152871,1.1425210297433368
-0.8165196744499672,-0.764556309189659,-0.7431309969986545,-0.7140704466919986,-0.6689556050486802,-0.6325250459747744,-0.612671316974895,-0.5883864740160232,-0.5098021923804014,-0.5058836436562233,-0.4726977196003431,-0.41491079064756087,-0.39970861533169244,-0.36195318465778414,-0.3135948959422205,-0.28606966141701073,-0.23829437184468397,-0.17522139229937309,-0.14469582191627475,-0.1057424085752515,-0.03314709541660847,0.0014836847923754201,0.05584668309844666,0.07234970932769197,0.1471493106967067,0.18792826229987059,0.21886055381290573,0.30322624547557075,0.3312458334206748,0.36271046080443464,0.41637541955144597,0.4562210577929843,0.4910447724986674,0.539296804916704,0.5680748567449602,0.5768673176322694,0.6328371393070106,0.6665481036944375,0.7189610482142791,0.7557864950130085,0.7917880446814334,0.8206432259552262,0.8561518233325588,0.892922463791566,0.9217943709174713,0.964382416991045,1.0304708108061365,1.0427947966253448,1.0745968282930107,1.114815147623491
-0.7214408577528307,-0.6918956660898711,-0.6666682508717017,-0.6451720992267844,-0.6010154478606017,-0.5664390883744568,-0.5465381684729456,-0.5432532069100179,-0.4923484928540301,-0.4786504893557202,-0.4675977031401081,-0.3936460311135939,-0.35945983750081706,-0.34914349893821456,-0.2891265310460278,-0.25136841540799704,-0.2313887603109895,-0.1736197463346369,-0.14176365399083538,-0.11527209064588735,-0.051949663424983784,-0.039387952766207136,-0.020164152592685197,0.0244154976672623,0.07744951241258197,0.0977873092322598,0.13046591355309717,0.2135897524693023,0.22784196522617123,0.2527562806615041,0.32332079136001496,0.3487685263691187,0.3817976753628813,0.4415061534092725,0.45915557855521366,0.49419693867502396,0.5609731447672289,0.5776638473805447,0.619311735599951,0.6896914833163534,0.7102594376137561,0.747755278506234,0.7609050907125083,0.8109249766293308,0.8429101061773197,0.8753511963015568,0.9604135728318308,1.0172055303113132,1.0162046672434584,1.0461183370377096
