jsons/1312858800.json
{"header": {"parameterUnit": "m", "parameterNumber": 3, "dx": 0.1, "dy": 0.5, "parameterNumberName": "Northward wave", "la1": 40.97354507446295, "la2": 16.46031188964855, "parameterCategory": 2, "lo2": 133.9931640625001, "nx": 191, "ny": 50, "refTime": "2011-08-05 8:00:00", "lo1": 114.97908020019554}, "data":
[rows 22 to 43 of 50, columns 100 to 149 of 191]
0.3653207977006458,0.3980759073524656,0.5202703901519767,0.5403602736644245,0.4566610774175868,0.4478643092011757,0.45391487204375064,0.44262751538993317,0.46651526673993127,0.4972701002274919,0.5001711411229859,0.5029642422867754,0.4845764111760184,0.4723110785004023,0.4582943085357465,0.4422692504716071,0.44975895880706024,0.45938148541397106,0.47708172995906195,0.48342295438517346,0.4802430067751052,0.47654228779976077,0.4856186675576072,0.48670104153737065,0.5044115505799037,0.5339228830736314,0.525011809792215,0.5074777410057439,0.5228024490489922,0.5252642057990455,0.526448707195831,0.5463860825205651,0.5574250671458528,0.5602388473307564,0.5734070129676194,0.5809101750609774,0.6281981167143792,0.6117408357244268,0.6224641959136719,0.6434185748855901,0.6680639887368324,0.6651652483202544,0.6602071421791194,0.67659080440895,0.674483917514901,0.6769102963607532,0.6775373129112531,0.6773159134095897,0.6800618046607237,0.6616938305522504
0.5361970765689036,0.511052480419354,0.4574946196252226,0.457659657079819,0.48118111445792716,0.4887935789672144,0.4717095178557584,0.48177462566787616,0.47091350279504346,0.46058135474931156,0.4553077045180715,0.4595335927356805,0.4452383054504593,0.4434299051467201,0.4449866092938652,0.4620731405769684,0.47273506441471536,0.4862973275613265,0.5159557874031351,0.524631166229684,0.5035462821070087,0.48958585179218544,0.5151444109692396,0.5493545124218798,0.5049658471492681,0.49130208363470435,0.4841769086110478,0.4729736415586648,0.49734289607318616,0.5279081682185353,0.5255540820350532,0.5168979179053491,0.5073575050523816,0.5153127831749058,0.5825646039815392,0.6170706658569256,0.61721416768014,0.6245528409889959,0.6384953915443857,0.6489066885937002,0.6647626573089058,0.6852846759105121,0.6994311181736145,0.691086573346136,0.761387218336702,0.7919752558565856,0.8141018283614117,0.8036040802244448,0.7723552668282612,0.7739988617627103
0.6245773645585809,0.6243025607847534,0.5988741179854691,0.5883344172476465,0.5662438971813749,0.5575355894485192,0.5732429271395935,0.5730569825514619,0.5638196887675372,0.5618177229402866,0.5501100623721409,0.5230006414509718,0.47751923268883617,0.4705633986155933,0.4703493484567557,0.48078807397069334,0.491972351968401,0.4928627465953932,0.49767283730011663,0.5294527959562617,0.5450036030593277,0.5552035649641154,0.5539226880599606,0.554751496336908,0.5672624062625626,0.555158491678869,0.5450875496470697,0.5684771055123363,0.5831249804969578,0.5976776872206406,0.5974702906537029,0.5886714229740927,0.5933166195220666,0.606016884359983,0.6416551386613931,0.6706401315468268,0.6914260856291985,0.774575826009256,0.7946523744293089,0.812507980168613,0.8160613852363612,0.7156685044606754,0.6548318457556541,0.5595772681467893,0.7237648005927998,0.5597091186425998,0.5310600161541544,0.7704924903524585,0.836276453006691,0.8286782713143173
0.6356012304148915,0.6430481102731855,0.6162474972810815,0.6127150635036905,0.6286900108380064,0.6461895616443074,0.6745280320711227,0.6898157722417304,0.6879310433154738,0.706187632105565,0.682199974247792,0.6344028334246756,0.6061682411287957,0.5879199331396973,0.5963535050479224,0.6276761969652009,0.6215062629967322,0.6261877855643433,0.6020298522799741,0.5897820175362152,0.5724304787587057,0.6000822543133337,0.5931506803897953,0.5999205814667595,0.6215557418721233,0.6334183763443603,0.6499885892737154,0.6566921844897211,0.6643128918732152,0.6680057309960598,0.667490693155281,0.6806071741648779,0.6706313955776124,0.6620041864786572,0.6396501301803108,0.6539597559036544,0.675760347935236,0.7339734754798848,0.7649119188228395,0.7929630545169759,0.6808016618749394,-0.19306448321645633,0.5461991226133855,0.5417463436280926,0.449321911280909,0.4520530816704881,-0.5662788433458525,-0.6487516321059036,-0.6895945780192776,-0.21669061714893875
0.6666493604787325,0.6355987145012493,0.6561392063038536,0.6598081527141669,0.6615959333151168,0.6740670597055833,0.6940420274451558,0.7103588652124022,0.7201185080633058,0.7255896156501879,0.7285250751961801,0.7261856418775139,0.701062630462857,0.6908466100571143,0.6704107085356736,0.6541276026903475,0.6605956138601853,0.6548474530214533,0.6376944578853745,0.6183862060937306,0.5919467136251916,0.5860311942621719,0.5891529147225999,0.5913557697479971,0.6078249355361253,0.6144506502847403,0.6297436776314926,0.6377301042815325,0.6599520028386386,0.6893147794208202,0.7121355582470492,0.7212336902558506,0.7103967171516862,0.7147423810624616,0.7413405023198514,0.7666779001581222,0.7766282834729654,0.7351767748756028,0.5704193364661311,0.6009571331844765,-0.4608819429882566,0.3495602430317745,0.5642271267989081,0.5019490923632057,0.43953641167138174,0.4512619354977628,0.3550476313665225,0.373170367007463,0.2657084534933662,0.2598764827647065
0.7121439372239123,0.7187294613523473,0.7143470997144161,0.7101759977668379,0.7078214543975375,0.705034877320279,0.6891439252704642,0.6873675782587992,0.6913214540501915,0.6990053377851453,0.7074025412514019,0.7102575180242142,0.71599962721885,0.7232219358878719,0.7146903558657013,0.6771054434040108,0.6778508946391848,0.6678346804389854,0.6815065643875408,0.6943703057862234,0.6886322291442393,0.6797745526623187,0.6680796115610753,0.6529443135016338,0.677291588533878,0.6966888811025272,0.708370404036763,0.7134281914241614,0.7103614444520121,0.7125164640497413,0.7225923040522234,0.7229072373290705,0.7212439562693903,0.6934206319304209,0.6293275827457785,0.6245572796971576,0.6161816056561933,0.5999299113410844,0.5934071752684896,0.5771927362425266,0.5501600780285015,0.542037757592229,0.5566059920313692,0.45532880160608596,0.4526022818059598,0.45581301175445443,0.48067587219423774,0.5546874070805259,0.5877949611957126,0.6115530583792027
0.6581550028037347,0.6581650209528991,0.6660344224783288,0.6570571684579583,0.6568433530016373,0.644852223279474,0.6225019485476921,0.6290917438958611,0.671920377761875,0.6594937708793047,0.6578293117734998,0.6717943970127375,0.6664995097908438,0.6655022994775612,0.6666001642780405,0.6715563693592446,0.6740975259719519,0.680329666419272,0.7004952339526798,0.7097279852928896,0.7115949665469322,0.7251232499767961,0.7303007480007155,0.732355072787047,0.7049287066751456,0.2093460270926485,-0.7198567521821972,0.5497241029539336,0.7166442419015837,0.6674273812186708,0.6350632706728322,0.6328808641040454,0.5698952245299391,0.31933897391768884,0.13829235807877072,0.4270374222529567,0.5863744202368251,0.6095395218285524,0.6343818508331996,0.6371422521875723,0.634706947737834,0.6312424241499044,0.6222639577287523,0.63025098610304,0.6254255211987352,0.6239696246129129,0.624893748248985,0.622031015478088,0.6267833090917486,0.6504275494463001
0.6716119439385831,0.6727283558021265,0.6663749694212866,0.670745499608534,0.6661674067771476,0.6427722954316784,0.632037209250807,0.6210246872645987,0.6413041426211311,0.6398538353823862,0.6442750474963594,0.6455672615058253,0.6463250556844798,0.6375999762289599,0.6398018587171012,0.6548602686446231,0.6648642538076144,0.676328163239374,0.6804973884897255,0.6836688212425378,0.6911328733038535,0.7054809079245534,0.7156640165152068,0.7205747973036106,0.6864359490366609,0.3780688541631834,-0.6663898123634697,0.6078848702175643,-0.4331118269043195,-0.49478089382960344,-0.3814054169210951,-0.2980889318858988,-0.3038834552041456,-0.30285170135264805,-0.30500883308506277,-0.3127042321680227,-0.26616181023051566,-0.19509896893322093,-0.11167981149380263,-0.05605271184284972,0.13503301377276677,0.32732769469387324,0.3683040842620197,0.43000919609349675,0.5373546564335252,0.551317885561827,0.5934626083953005,0.45026476662341486,-0.06159518434669257,-0.7373365356976972
0.6800870045344349,0.6794158324067346,0.6912639720566897,0.6896676812550242,0.6856566571009756,0.6789969931701262,0.6624462561706635,0.6401380172196219,0.625671935456723,0.622610071333126,0.6128679942220815,0.6074360673506457,0.6001956669770445,0.6020937143258461,0.6135897125234481,0.6286628818273152,0.6389038815161554,0.6461537191069096,0.6538192397031833,0.6571549293491044,0.6549630931887619,0.674930679408118,0.6731854963933115,0.6791736572820978,0.6698679829392867,0.6602861455858939,0.6285645979915995,0.6091718033255008,0.47050357364330136,0.3669455178482519,0.2637186341006196,0.16953126830136186,0.16336110998887193,0.16027804809718083,0.13247735842047467,0.13585671261372706,0.1112142895970646,0.14630664004462127,0.1489062619409952,0.1665365106516024,0.18509524484326398,0.22092602489186694,0.2507218880819758,0.3743942084987636,0.3914148276371055,0.4235841328809431,0.5243315832009564,0.5788544152300678,0.6262921624272316,0.6232428885078816
0.6991859342875155,0.7071984791256114,0.713608899780199,0.7087682987060497,0.707945748761692,0.6773616913120041,0.6649442379167609,0.6560993377041034,0.6203167107942414,0.6211509768237231,0.6240861655868573,0.6244530158314598,0.5995265803871918,0.6208055125135394,0.6346085564539583,0.658988711871915,0.6488600754215686,0.638888180049686,0.6477112917507387,0.6551904745995891,0.6635735556902687,0.6535177248850456,0.6552585530414371,0.6534240121959214,0.6376781828002785,0.6348811037480703,0.6370862530104112,0.634156808485342,0.6376257330149666,0.6370166669019827,0.6289076669132363,0.6117869576219168,0.593287158220884,0.5639132615699011,0.5595305746910529,0.535791438606722,0.5513060757300697,0.5429005475258442,0.5410572915920019,0.5594594882634139,0.5309691724879462,0.5373721092713724,0.5352833606892646,0.531258926088389,0.5483351272206021,0.5434514515846278,0.5543649889526951,0.6035120019189665,0.6123251958444992,0.6235307045429812
0.6804690347558843,0.6180514971405414,0.3806919016994189,-0.011668115301703785,-0.2290869502704105,-0.035334140628947186,0.41398313456636815,0.5489149270571638,0.5631952518274295,0.5848037997490355,0.6008367592352413,0.610332472322874,0.6385951337386458,0.6295773081072661,0.6298513048889125,0.6281618529760147,0.6463753844250139,0.6521232117805676,0.6647594750184534,0.676755965438073,0.685486079266315,0.6962593685703823,0.6922406757626749,0.680564032940721,0.6764669416604462,0.6789293580220821,0.6887993790928465,0.6879368697310372,0.7122979386637776,0.7165782403563947,0.7161493360091955,0.7221100531279124,0.7182009388232822,0.7192991284865219,0.7188419617729326,0.7165546221056872,0.709364283396101,0.7211946120133831,0.7125165770428346,0.6987133458301726,0.6963652088872081,0.6939653443999381,0.6927673452725285,0.6927706712861392,0.6950845690670934,0.7017630306356525,0.7102889878020994,0.7069569522183143,0.7072439863606637,0.7117007312295047
0.6561005482159992,0.6487030192948775,0.6223932661410491,0.5772566524153909,0.540267178832553,0.5312768945347872,0.5468810013282785,0.5591847491762545,0.5725574762960959,0.5711193535668863,0.5801094050821264,0.5880738124695865,0.6195617686827084,0.6288012959810353,0.6289802932702119,0.6203777170594832,0.627621907353797,0.6424889801273692,0.6741482654458945,0.6956793935161818,0.6990096744489078,0.6907439367294592,0.6977624398505402,0.7093588769292979,0.6909055551718616,0.6930011341641608,0.7217743286517447,0.7454565532148375,0.7370386499807489,0.7429959077483578,0.7436616259998837,0.7482585090808567,0.7566176112239571,0.7642163965431589,0.7697187169899171,0.7723943729060393,0.7814975516033797,0.7886501505186067,0.7795582234841515,0.7703174799611933,0.7665173449829036,0.7624557848258194,0.7619300462898528,0.7610402132187299,0.7583361099650016,0.7647453082424794,0.767963610217076,0.7565271977325235,0.7597468724763983,0.7584634488921108
0.711650414941656,0.7101050498553949,0.6874557816185927,0.6636470154717038,0.6469587247721733,0.6272012885403405,0.6235363396070775,0.6376448121711891,0.6636674302102531,0.6752173754170169,0.6784972890354515,0.686198678415438,0.6796259849618147,0.6754803178004078,0.6697973139963984,0.6777680979283978,0.6802927396373967,0.686968896526626,0.6932685504427324,0.693664650678531,0.696951616357023,0.7147955969520715,0.7212805027651562,0.7224724380079621,0.725251221980837,0.7301431454190087,0.7315048680606089,0.7313140862425721,0.7438161085223527,0.7493996373973079,0.7495957484610981,0.7535190125680113,0.7578459713647457,0.7678101932587691,0.7874826337713061,0.79633657169411,0.7834108170189096,0.7681970569191267,0.6982832576578138,0.5367362977000532,-0.052981021450855,0.3746200545923911,0.6838470697070844,0.6168048491616571,0.7356165348188254,0.7747656613596544,0.7047694216857082,0.7564788491138378,0.7632433307728028,0.7568969115445984
0.7536205568780563,0.7572644385652109,0.7754929693410152,0.7594903251606366,0.7254049066255636,0.7093284058472896,0.6986740938238251,0.6932075952609128,0.6978097347189971,0.704285060351101,0.7193973735299869,0.7295350167641509,0.723835825185127,0.7337140171395737,0.735022384083443,0.7324203124817393,0.7347052252668687,0.7366997578351988,0.7420340403126054,0.7439056627402897,0.7451833405670069,0.7445362913850146,0.7432183061356479,0.7481813873980044,0.7542195436671559,0.7598151771635243,0.7647732842243349,0.7696393333960573,0.7705100193369863,0.7697010306443387,0.771303114204178,0.7707092554408385,0.7755086037657736,0.7815479681537121,0.7890405115262136,0.8013268253616904,0.8081714105825825,0.7864581589127955,0.793978025746963,0.7352704649711937,0.7696621818436418,0.8114164775500279,0.04758964853991803,-0.692327651744058,-0.5032357692664945,-0.1931445133804394,-0.2576991420238854,-0.5601048006543585,0.7369198270247059,0.8460511216639625
-0.05655279023117941,0.16971855819533402,-0.4908935710770735,-0.4264179700036556,0.5722745068150767,0.6851219401152164,0.7677986807263207,0.7352834781110749,0.7561691331770505,0.7339467385791905,0.7518116170391057,0.7664860976239464,0.7788305575716021,0.7906960957001015,0.7804401149409903,0.7698279213323806,0.7737756939627447,0.773763132055278,0.7762179627112323,0.7793833665320242,0.7875768262250695,0.795092130554116,0.7943589963241202,0.8020268690457121,0.7944935683118145,0.783546931074632,0.7832863443684406,0.7888304257190097,0.7921430218174558,0.792625028571398,0.795172330354348,0.8035646018807847,0.8035458178360126,0.8054932081298191,0.8083564973833715,0.8175613475551409,0.8276879686205764,0.8236004706103573,0.7726009295654109,0.7638563865709008,0.4992664065355024,0.018596281833795494,-0.34130237149531756,0.32381172271991443,0.8378886537831224,-0.15722827860071567,-0.5907258751551815,0.6883234272531492,0.644779918422778,0.6244871571342319
0.8217009483749487,0.8144732797473444,-0.6905798021102592,-0.8458229280151288,-0.6173000052676311,0.8599252078551741,0.5254392257233558,0.2742712694603346,-0.07067586900948525,-0.5770969923808021,0.3155397472010786,0.6123304930168917,0.8183639138757912,0.785785709020372,0.7751137067651782,0.6672700726740171,0.5232391006467288,0.674559782130468,0.6881127888025762,0.689208679738023,0.7386703677174888,0.8115160264838976,0.8257693669191829,0.7863458884635485,0.8396084556687754,0.756528014984155,0.7018851165274784,0.688144783067051,0.7490020984345767,0.7712910490483907,0.7501166262873246,0.7971179493598392,0.8104433905325523,0.8258257114256117,0.819810564813703,0.8205239222805649,0.7963649425488109,0.41623052569680885,-0.3457418175749291,-0.5661193605936503,0.5012014741615798,-0.4183951069966734,-0.751241870207012,-0.3302442868756485,0.2303591932434875,0.6182883359471693,0.6903299035950613,0.7139394370135356,0.7436920267645,0.7824273900038153
0.886110785936351,0.893115767412788,0.9065581606289569,0.9161402874168473,0.9194043126830909,0.9278627531403658,0.9135764117099918,0.8589144762619545,0.8147556194192391,0.8120397672830794,-0.3642657396903573,-0.5832939172969694,0.2618937884695934,-0.7405586719495006,-0.8688038303456767,0.4852551115704005,0.8409766735418128,0.7669395261793398,0.8104799491191707,0.72140145815901,0.7854694489510641,0.6070154358835212,0.720264332668297,0.8719333868422152,-0.17728296218712872,-0.8531883770911293,0.035337099792515064,0.46744888628871734,-0.49726453702771917,-0.015710942113320678,0.3400580653474513,-0.5812324772882869,-0.843776409829004,-0.8842638368553094,-0.510516725822321,0.5610435174604806,0.8009311119594629,-0.8470498058833127,-0.6972157674499866,0.18622438092595703,0.8283828689151579,0.5265201331048719,0.30105683648543413,0.5723720392502188,0.7603561452692016,0.8223785006129529,0.7988154907034362,0.7795520888357572,0.7983826134117114,0.8216582829136729
0.908740010421749,0.8962053962477031,0.9049727374253478,0.9087377730074583,0.9074869425259274,0.9142162194824565,0.9258661027426345,0.9218166904338885,0.9308962522531707,0.9298167715895862,0.9101876795345057,0.8889329601473317,0.9194226733044256,0.8856640137224419,0.9091289014858157,0.905993225799653,0.8946318516017597,0.891414799142925,0.8891193161417229,0.8858730470600455,0.8933731339223147,0.8981926668945782,0.900101135588162,0.9055736496680302,0.8858187103345719,0.9042192157299873,0.9199184393477352,0.9072150435127715,0.8863565330416057,0.8996785760815803,0.926018642596318,0.9420255834729327,0.9152895789635275,0.865450280826094,0.8669741561782311,0.8650394537389599,0.8433044725936285,0.8384617413088847,0.8542874818904073,0.8742286083429537,0.8679161467121386,0.8756850051205854,0.8750859104860321,0.8626780745719063,0.8571606132319393,0.8575949929182956,0.8577909772742502,0.850324917601865,0.8507572629373698,0.8482095648648162
0.8751406867416698,0.8852417606315562,0.8827299285695728,0.8709879480619493,0.8800952849719613,0.909689577951666,0.9240062273452702,0.9324125074707778,0.942915726245682,0.9570821197806062,0.9434982811898847,0.9484007052922309,0.949191647744701,0.9353082786228754,0.931333778903862,0.9286482381582678,0.9181610113906472,0.9090786797444292,0.9133262376114106,0.9183170387687283,0.9182103946863588,0.9134465996302812,0.9162383410813879,0.9329819037713322,0.944444809855267,0.950319699121625,0.9501469343052886,0.947423727270577,0.9389978655571661,0.9379788572828736,0.9363274164496342,0.9425860300917094,0.935865393054184,0.9407485840449489,0.9452367015691615,0.9329470978378854,0.9209544408141013,0.9134216060450406,0.90790324597582,0.9015983355049338,0.8943245621352517,0.8872315953081629,0.8801890740355278,0.8669647995376062,0.8580932524518525,0.8436827025852939,0.8385098888277344,0.8372184538987033,0.8285514332507488,0.8160115395864941
0.8814611766042286,0.8964997172529766,0.9031697841356292,0.9210628705962658,0.940937709175655,0.9618797137780388,0.9818695261975205,0.9949210574958952,0.9853641005916535,0.9775297499884749,0.9744381921548492,0.9708460789937593,0.975278661989855,0.9665352876702736,0.9672465488991593,0.9637878759540639,0.953438790188707,0.9533258883957887,0.9574675418198932,0.953013060744139,0.9439973653276978,0.943895630037267,0.949501537988143,0.950175700924622,0.9535432199060175,0.9518362684104957,0.944999253596785,0.9424457430268056,0.9425683871013604,0.9423083861108361,0.9370910038206547,0.9287070995709171,0.924122702331843,0.9190743961166746,0.9019692772124452,0.8918854407054466,0.8925617519028761,0.8915694365979407,0.8860595994903028,0.8748214383002048,0.8753384656984263,0.8757864986670105,0.864821178213956,0.8540710543171597,0.8369046531322623,0.8024837681752195,0.7764932840659579,0.7793896292804368,0,0
0.8504005382812174,0.891538591529147,0.9174446557512487,0.9328199494442775,0.9589356429343907,0.9809208341141596,0.986155036380998,0.9862112341766626,0.9906502802121473,1.0013325271305493,0.9916411725296926,0.9897756586445998,0.9892483518258579,0.9870547755602975,0.9878556456106637,0.9902491051154614,0.9853297595820985,0.9828880547005379,0.9827314052422715,0.9894923827167088,0.975401439910884,0.9705877628124658,0.9686107074878214,0.9691926553464456,0.9839369885167004,0.9877777761622003,0.979582910655834,0.962876793065152,0.9421292837732972,0.9337538638800659,0.9317908564506189,0.9199570988792061,0.911692979584296,0.90499373257595,0.8951200104925613,0.8933419704212123,0.8938983841871498,0.8857772073320966,0.8712071336909595,0.853655685162898,0.8441078273181165,0.8301886174181877,-2.93587119291264e+38,0,0,0,0,0,0,0
0.9474010739473487,0.9628512448523199,1.0061837392325887,1.0243278955489172,1.0076280956450845,0.9637767040232587,0.9518275427032835,0.9589473862534499,0.9817712027755423,0.9821572410915885,0.9831377436537089,0.9872506635392642,1.0126244525481078,1.0055871461302544,0.9944151245680293,0.9913002649917816,0.9807435214616708,0.9761004185366939,0.9691075084102065,0.964836997556443,0.9584339061420074,0.9414083404505685,0.931220905520015,0.9253525268753473,0.9383019927112028,0.9322337419307816,0.9281930656972668,0.9200779629903489,0.8931327557248486,0.870727332281525,0.8626008035604315,0.8652681844004982,0.8570106373924996,0.8497040642480458,0.8212773376621587,0.7990030324041959,0.79697349371431,0.23438063933461337,0,0,0,0,0,0,0,0,0,0,0,0
