jsons/1312866000.json
{"header": {"parameterUnit": "m", "parameterNumber": 3, "dx": 0.1, "dy": 0.5, "parameterNumberName": "Northward wave", "la1": 40.97354507446295, "la2": 16.46031188964855, "parameterCategory": 2, "lo2": 133.9931640625001, "nx": 191, "ny": 50, "refTime": "2011-08-05 8:00:00", "lo1": 114.97908020019554}, "data":
[rows 22 to 43 of 50, columns 100 to 149 of 191]
0.22058672940777796,0.2780212873148698,0.41953285412763386,0.4473907159113617,0.38001702712218327,0.3938195583010575,0.401586757236086,0.4137766642125046,0.44617586370093365,0.4773815900424867,0.4780847872278746,0.47803171567785496,0.4570614197122343,0.4462273750606237,0.43229132014370075,0.4154945467650307,0.42505171449152096,0.43960107117988345,0.46617955846123854,0.4826896141392993,0.4826893421483582,0.48453863592684066,0.49578491853871925,0.5031621512756688,0.5257466298469795,0.5609506370706835,0.5472470761830699,0.5204796721685443,0.5406496840752499,0.5432867018223599,0.5443504089545275,0.5706117852228846,0.5850454698468259,0.5873868660918016,0.6037551655712787,0.6133950191590819,0.6574486494168909,0.6371662159200341,0.6485616521210753,0.6710655213350357,0.6791879093249191,0.6771835019568672,0.6700116236780574,0.68218739606448,0.6795278355396809,0.6812597935472583,0.6778715191477024,0.6700449512509364,0.6631005033023832,0.645078366764282
0.43581490574493453,0.41174472877304286,0.37118598489310367,0.37526679317322464,0.40162591524811136,0.43800718836239744,0.43474612542294844,0.4441512194965588,0.4254965909531616,0.437445166370457,0.4423123220893924,0.4393006907129733,0.4292035414511606,0.42645412970284574,0.42081701578811354,0.4588637525561838,0.4689049190648195,0.4787998458333512,0.5189515393262204,0.5293277086853898,0.5019535419162491,0.48148105058274526,0.520010720208119,0.5587170915617886,0.5219275175166261,0.5078738205613236,0.499801501168743,0.4912322758363268,0.515631381217955,0.5453048612151895,0.5432987614238303,0.5351537371797153,0.5203464297361065,0.5287510726465302,0.5973263990998866,0.6264859768547141,0.6273604749205205,0.6386734534046932,0.6577650886763645,0.6660542809116288,0.675993819118665,0.6952800413133288,0.7070347045974955,0.690656277635511,0.7591096992043284,0.7864947786617361,0.8045871443562768,0.790445135409117,0.7580434342244411,0.753849043620943
0.5539084966851231,0.55351234321973,0.5389004207584005,0.5360351168437262,0.5335466573939764,0.5200481802978301,0.5336863311402601,0.5364951758045143,0.5456299249858912,0.5474655760565532,0.5363102060069028,0.5054203140992163,0.45352037226815844,0.4486798741943024,0.45587282718778677,0.4694865440910392,0.48238199457404773,0.4842414780455388,0.4887617431666382,0.5222891069233611,0.537158695639031,0.5552485543051233,0.56442911706952,0.5620503770450468,0.5689536036567042,0.5757698585485499,0.572816889474604,0.5878563094740421,0.6008785175474535,0.614597785235264,0.6102175749635008,0.6014067991850917,0.6066855391112496,0.617786525701027,0.6527003255850857,0.6771204939165043,0.6960922859947392,0.7751445571413171,0.7941787275438563,0.8082798226726952,0.7656013424095436,0.23711073975715732,-0.2982987173218892,-0.2950514978334833,0.6286848880905949,-0.2679243734883708,-0.7710897466450232,0.5520391329364098,0.7860888382296035,0.7935545791644079
0.5860176434874297,0.599488523294417,0.5766267752021854,0.5735944071482451,0.593725264228059,0.617761157884156,0.6545711964168824,0.6741452169717915,0.6622273418325912,0.6773105685693415,0.6606238240583345,0.6163645455152856,0.595463727450699,0.5803969361196292,0.5924183652997642,0.6391873696754442,0.6273947719494427,0.6307880148296239,0.6072502569369755,0.5930317316862617,0.5767446641084463,0.6105851905414656,0.6025296537251559,0.6089879450020497,0.6340272965803189,0.6466004699636284,0.6586137912777567,0.667568884706131,0.6826901953731257,0.6837152493717362,0.6809500381722529,0.6986131931594495,0.6810312566455727,0.663259134405849,0.6475185197198776,0.660902079777676,0.679621423589989,0.7320816166282876,0.7590642044791257,0.7812786245081178,0.6798621165122629,-0.20391627630946638,0.5139132016893198,0.5100452027888651,0.4208445921087942,0.42744739645163987,-0.5459072151028626,-0.6263355241093477,-0.6772954734373323,-0.22176722953208441
0.631007537277754,0.6006457485044938,0.6195669822464421,0.6251313948525442,0.6304016151679427,0.6460030827920549,0.6721996214887657,0.6915365348310976,0.7055808892468003,0.7119515315014762,0.7152951206165657,0.7136651914764559,0.6978262396999707,0.6884837072482386,0.6665194615471924,0.6524526012733162,0.6625325655305253,0.6561834304432557,0.6291721395485371,0.6129287414455834,0.586414264889371,0.582105456223594,0.5919369951296366,0.5946257027883595,0.6210850177662044,0.6228732105557379,0.635837495547259,0.6338576183373814,0.6773776486097515,0.6933597596406973,0.7065039546278806,0.7224251184271345,0.7139477316352951,0.7144228673694292,0.7356700038032606,0.7557448761602712,0.7614675494480913,0.7210808259680139,0.5732243193976195,0.582471280042261,-0.6445461595248424,0.22440850789496958,0.5471797676256007,0.4704029934821872,0.401744872278828,0.4087723157100741,0.30272451213407575,0.31261252730396055,0.22014488692230316,0.22067082752412634
0.6836700199668243,0.6958673123457171,0.6942408327243033,0.6910685005823984,0.6904896667555228,0.6876276759220922,0.6673124901192637,0.665917943285105,0.6719833289276266,0.6810287957018943,0.693208978347864,0.6966026412437294,0.7064483580895634,0.7190017013105562,0.709795553908967,0.673432648741931,0.6758783034753003,0.6696840563104403,0.6820816073012927,0.6917887721256435,0.6858948206801461,0.6729817792693091,0.6612005357070644,0.6445655571407496,0.6711029093986115,0.6910471948359996,0.7013213342556696,0.7098227645075074,0.708951261785599,0.711518447567174,0.7232687431051631,0.7242946031853441,0.7232229415964894,0.6941690216556649,0.6411797790996725,0.6319579698435521,0.6218099207097372,0.6022032492790177,0.5875077374859234,0.5731262755265831,0.5388421402923158,0.5292330207212129,0.5390076161757916,0.43003577939633436,0.4306292901105418,0.4335856737084898,0.4619100400561158,0.5425715657474346,0.571500015957883,0.589897703235604
0.6268544909028377,0.631839048926755,0.6427017114340697,0.6339406737446531,0.6287888755087268,0.6185618849126061,0.6010636416066298,0.6084210554197075,0.6532515428092266,0.6487434265254959,0.6499966268816186,0.6597014735798106,0.6537083549741425,0.652187677026849,0.6562449606080576,0.6634464812304336,0.6677983055759421,0.6746081212374768,0.6967382526504275,0.7050070212370824,0.7047277265367757,0.714458707772645,0.716371054792478,0.717685923220198,0.6210826702061187,-0.00150732934751573,-0.663930465090703,0.5656083281765809,0.6930970849549078,0.6840252316513715,0.6553170041341668,0.5986203286530414,0.5232514864664186,0.2549836420379083,0.17244555559872396,0.44476178860648263,0.5876435089680685,0.5965303615563963,0.6171899816926696,0.6214376204843736,0.6258852330017866,0.6202691755326334,0.6027911778571162,0.6025836784641435,0.5996599365077975,0.601092467343874,0.6025146590744375,0.5855494818664716,0.5888421561827697,0.6097219768825293
0.6449987794373778,0.6466078734661624,0.640051063617302,0.6457236846234575,0.6411107676906607,0.6174979727959345,0.6094390370594116,0.5999294522911496,0.6145007892463852,0.6157567194473655,0.6214577662648384,0.6246855457072221,0.6289808046701647,0.6198104187071659,0.6255927764813096,0.644603187196109,0.6551263081717307,0.6652171972077324,0.6705644166080498,0.6735684784292751,0.6807944894347767,0.694124057741152,0.701754887614052,0.7055147802253876,0.6300136811609293,0.21505194739013617,-0.5701989653728928,0.62958155637377,-0.4217685725394474,-0.47843808055666887,-0.37090199438945903,-0.29005020178826635,-0.2963558939305016,-0.29598593959013275,-0.3013981249525002,-0.3122738141011778,-0.2649210759575607,-0.19704339302808005,-0.11265783308319942,-0.05711623814483428,0.12132219975519234,0.2982641059243194,0.3380881780238765,0.40915403637974807,0.5111825524963911,0.524183434833783,0.5649512926380258,0.40891068370682837,-0.07391270894054738,-0.7184955074783256
0.6601491288309984,0.6602204536476531,0.670180280887414,0.6707382687918727,0.6678689310297519,0.6596196140761273,0.6417339909043558,0.6175006471669172,0.5947691484101842,0.5924495329047101,0.5911216837812103,0.5841222258865937,0.5741070762275164,0.5698139291123793,0.5906389523117477,0.6116321499441697,0.624220731127554,0.6333438223882838,0.6405654839318077,0.6444688269661155,0.6448734572549143,0.6624797240827138,0.6627466803683748,0.6683634961772766,0.6566478131980562,0.6449094732409526,0.6130892270564176,0.5896095387616044,0.4450997249932989,0.34486206462175206,0.24618866762109426,0.16260876548270972,0.155743058376653,0.15250880797399227,0.12400682783251517,0.1268845184608799,0.10468308833414748,0.13838058198698022,0.14288339538873063,0.16116735122493228,0.17606362121251498,0.21433421783690101,0.24486737486329135,0.3722454354725581,0.3824155688003197,0.41416973250746975,0.5155449860007866,0.562190090618868,0.6095156021935247,0.607987752006781
0.6776047292900832,0.6875755519517787,0.6885777413187911,0.6649094672620443,0.6381386163786419,0.5718919329562174,0.5952801655378578,0.6321303489773086,0.5973530277796598,0.5978319545884226,0.5986485102512057,0.5979056420945393,0.5697375188044591,0.5946530763002671,0.6124428416258552,0.6392968629475422,0.6296912698821567,0.6198251959513855,0.6337869037894609,0.6458018610646817,0.6575813937610239,0.6440180558246543,0.6459524283535983,0.6466150664446607,0.6295372567670494,0.6249445540992616,0.6294978287153419,0.6278160211493921,0.6268670808300243,0.6228495597250155,0.6126162360265601,0.589837716726692,0.5700493250490276,0.5415594514886571,0.5336906809025218,0.5103781201496154,0.522182129894095,0.5112783601944938,0.5049702777241925,0.5160706987717545,0.5018231411046438,0.511737924065537,0.5114749909944676,0.5098619807909756,0.5277357894212974,0.5212315507871436,0.5331283800641914,0.5892540909615562,0.5968828502667246,0.6074098783489515
0.6536450245463348,0.5921714745873967,0.3652195607566764,-0.02468219196358351,-0.23283754009691338,-0.05644088283136321,0.37753759677668536,0.5020988200150024,0.5367099054730257,0.5552115032497866,0.5701288042590599,0.5784815753940526,0.6137633423697545,0.6028592731615537,0.6032216065784451,0.6012707197071396,0.619150236557679,0.6259486544566774,0.6428915151662676,0.6589293088921395,0.6677350676558502,0.6795866366012907,0.6754405273646694,0.6646185281376039,0.6584028292093476,0.6611745702503793,0.673101261626887,0.6741404778965358,0.6938280300197477,0.6973863477753893,0.6927940008239676,0.6945966103732897,0.6903694758017928,0.6907582710962133,0.686800089078407,0.6821428490551611,0.6720944841817402,0.6857573137403199,0.6767178528697367,0.6614677182417561,0.6583678297187706,0.6556987739867538,0.6534850878671082,0.654516578374458,0.6583996138502397,0.6645047075002517,0.6720716631660222,0.6714916752010687,0.6736474385962998,0.678399733477696
0.6211128895567847,0.6185043421677918,0.5959402678439818,0.5518266835460197,0.5153103485004549,0.5050561987484874,0.5212414542106151,0.5355873758164534,0.5487101993621321,0.5476174549317376,0.5598845704822248,0.5677600897416136,0.5986952525931134,0.6086029148797195,0.6092515302660009,0.5993180360652428,0.6042454149113039,0.6184935268287655,0.6510746738158799,0.6749405964262122,0.6792133067002424,0.6716204429023223,0.6771819530927073,0.6870900750701286,0.6741902273083121,0.6768995540166856,0.7029468486845758,0.7256606952672778,0.7131292275741238,0.7161079566543543,0.7173627886036746,0.7240021925358429,0.7282872810014763,0.7329269366587674,0.7369071561754671,0.7397318511164549,0.7484160242145591,0.7574598429513703,0.7446753086764093,0.7291134445212943,0.7234222109242628,0.719925425136224,0.7205852235524457,0.720084372584197,0.7154856940015807,0.7216086179201427,0.7254185054741839,0.7106533111873592,0.7127317587654904,0.7117431849344724
0.6677777237613832,0.6688268353958294,0.649812565134022,0.6284790132802843,0.6131487752352179,0.5952237989819241,0.5933306985936979,0.6076185895067217,0.6342995816677027,0.6461210377857944,0.6492931627196987,0.6597942589931234,0.6509040657486334,0.6464253187720255,0.6393110558442032,0.6459787277600649,0.649306761083622,0.6603349427926253,0.6676983790698733,0.6673982987268583,0.6713429359497999,0.6912889345341118,0.6982845155724182,0.6982532235955078,0.7018602765904726,0.7078428808476268,0.7084239537008606,0.7089403436196738,0.7204847203371257,0.7257996532522795,0.725102770845298,0.7267214588780788,0.7279828252513371,0.7386369647026353,0.7580323529630113,0.7640180235182559,0.7467160068425431,0.7322800750243524,0.6630126258105,0.5017261370431999,-0.0820317024775771,0.32883960135231194,0.6699757595564381,0.6724214563006138,0.7180238840620805,0.7356267461351415,0.7567989327498191,0.7754978337315603,0.7762763574336157,0.7731056301546242
0.7570495048017857,0.7555371269128767,0.735941967463068,0.7208921166798176,0.6846474667323895,0.6738835159243151,0.6648902355627198,0.659000104423327,0.6651947821606766,0.671852396038749,0.6886263365809151,0.6997554811987283,0.6919722225645443,0.7035795316940288,0.7050902323632161,0.7009807741301077,0.702003428657667,0.7037683507290758,0.7101264393317333,0.7126279397614715,0.7141468719767051,0.7153304036279902,0.7162482730276332,0.7200267082645904,0.723198472843537,0.72955350841997,0.736828213351338,0.7432894280688652,0.745892581263846,0.7451436526814826,0.7461242277861305,0.7457885007695046,0.7488741651268056,0.7526380541402643,0.7582653590877945,0.7709280519061472,0.7778223052234849,0.7539804043096568,0.76040940682902,0.7452631727069523,0.7723392914603603,0.7913120203104027,0.7024696997344023,0.6802125128866987,0.6412676530798357,0.5372342516134491,0.5380426594783382,0.4209957086069352,0.7845386902232725,0.818266851132734
-0.6477130535654688,-0.7928740882181204,0.42995508707580327,0.5868535461070647,0.7620055000434512,0.7697575668833093,0.7658593380811374,0.752932240318212,0.7503968889361005,0.7408357949015623,0.7320362065140213,0.7318541923016956,0.7427965649771182,0.7506549891108915,0.742098182068025,0.7343436531121403,0.7380260991070802,0.7378639113951275,0.739371241506338,0.7410706774520132,0.749069724634325,0.7584055943666788,0.7578511454073074,0.7669392810664758,0.7588502299402222,0.7496590127462021,0.7512260903563802,0.7560892852047147,0.7583783583519417,0.7592712064899131,0.7632878286242799,0.7728878475996906,0.7721710961469475,0.773782386419911,0.778528474759351,0.7870238352903358,0.7958037871301236,0.8013677111823027,0.7852562295562635,0.7790418100955403,0.6869248123865257,0.3685089418195756,0.05134804900249407,0.47470405519105624,0.8053892607438168,0.02382938704311517,-0.6810764024217694,0.5939958659443723,0.5328732528035408,0.5204279489154355
0.6623572737749615,0.6910598928832302,-0.8285757757496097,-0.7297144738724585,-0.7811782634297169,0.8224262510095685,0.21116305192540105,-0.2740362764289583,-0.3080778206450024,-0.3619104791634247,0.4250751540330848,0.6486082161879244,0.7907670126526083,0.7902431838399799,0.7848624914708998,0.7790597345906485,0.7881573870470806,0.7908679402165025,0.7924645256646198,0.7942724810905971,0.8047731402177346,0.8082516697005157,0.8101461775049004,0.8126681216325261,0.8169137754331899,0.8117925673403539,0.8065200492248757,0.8021850474710682,0.7564320089283321,0.7611153995222415,0.7886298858042615,0.8018773834278147,0.7991440225415252,0.7982821706761203,0.8029656970799218,0.8104640118798335,0.8122247392781914,0.7712548768131844,0.7502217221131233,0.7718166732799312,0.7505427015766264,-0.05375449212998392,-0.6076886888074711,-0.630515118481867,0.0039799284055021976,0.5093014539258907,0.5988728476652151,0.6868324311852946,0.7149889239529289,0.7521701297970909
0.8697209649722697,0.8773115333728809,0.8865131808861446,0.8922432642675557,0.8881263746550984,0.8930602912497699,0.8445806818718483,0.7569073865648858,0.6929399346234857,0.7246647478868192,-0.7285106739286772,-0.21924619111802426,0.43026348527825514,-0.49105371847399243,-0.7795263643071079,0.13504410599938138,0.7537305149241375,0.2111762423003762,-0.23980503992691085,-0.8197527603822341,-0.6075112492542741,-0.8294766989291178,0.1709586820352013,0.8276401724307788,-0.6849916592370258,0.014984159382075157,0.6814735869337606,0.785826403957368,-0.2664392066328762,-0.7950278970940721,-0.5521528495836806,-0.844448482867884,-0.8264733209488837,-0.76560191826521,-0.39907762563512633,0.5304291612460926,0.7657862275780282,-0.7712389700588171,-0.7495815824660289,0.06915824314167915,0.7883897081825993,0.40882324965858896,0.14136782973854745,0.4734309249919382,0.7173161675082061,0.7914451519527875,0.7767088110474569,0.7517993869995612,0.765061339147939,0.78370925214952
0.8895485907368709,0.8771168956305888,0.8865882412080349,0.8906185064958063,0.8840580041039874,0.8704550974328287,0.857677817627968,0.8182704140580064,0.7957043233108851,0.8352077323696907,0.8601096716110446,0.7756770022896283,0.8341393693532113,0.811594409920937,0.8633313662444096,0.8677001610740978,0.8572972866583691,0.8546851434288066,0.8534923071315333,0.8508611514488027,0.8587216118641604,0.8450965480472853,0.8482415281996751,0.7042351492697398,-0.7233875785842573,-0.1554038132472112,0.8345200996692258,-0.09297718874798903,-0.5143210808290275,0.08389322725705303,0.6738430511083258,0.8061534582853372,0.7602816380174672,0.7627049244521703,0.8340003339354608,0.8309223290101937,0.811734777961292,0.80803325793207,0.8230766963528059,0.8412818449076236,0.8358238038473144,0.8434710856863018,0.8446454231072397,0.8348521976943322,0.8301350776981251,0.8294416406940127,0.8280859703414546,0.8188930575150254,0.8193660604701,0.8171921228937095
0.8535628234229289,0.8643895876049469,0.8627202396975813,0.8524239509332101,0.8579769616706202,0.88044709963616,0.8938201810481505,0.9024490174318274,0.9125919937245174,0.9216948135854894,0.908896670777465,0.9127039631233441,0.914220523026036,0.9019495998947873,0.8985340559101579,0.8958467094536162,0.8867372759559922,0.8789580523030365,0.8817241810099904,0.8852080519305219,0.8826196983530307,0.8749805293471915,0.8544906123188405,0.8961534201861059,0.8909151742160599,0.9113706880068743,0.8977760761572641,0.8612417293857821,0.8593335102280008,0.8842798791136541,0.8878494876282715,0.8766924320641075,0.9011557059142121,0.9067960601597691,0.9118664536839217,0.9000071605178668,0.888679871675559,0.8815479554921315,0.876720583469136,0.8710769087468729,0.8647346752024033,0.8580459920457403,0.8513320705926116,0.8382313124902987,0.8288761840475221,0.8134804905232387,0.8073948492911964,0.8082152363991395,0.8003804607659434,0.7886513818776302
0.859050312300988,0.8724443308039663,0.8738040471130241,0.8881715687680821,0.9068311039400072,0.927158226993023,0.9447711251383595,0.9559832096822808,0.9535187003811072,0.9487869335074747,0.946906077848019,0.9423968261299545,0.9438946675756443,0.9347201587932431,0.9351717389162882,0.9319489012435869,0.9214718271296631,0.9197639611953452,0.9210980790006604,0.9163051220227524,0.9082998408285443,0.9083784973352858,0.913464071147781,0.9139916891897066,0.9175826812653749,0.9153150047991119,0.9083323705079881,0.9057459806841024,0.9060316601996232,0.9068131713557194,0.9026561064329254,0.895431169404189,0.8903255749730983,0.8846945495154916,0.8667872556410364,0.855968224943503,0.8573260533555964,0.8597942520625323,0.8562904005114548,0.8467958114732503,0.8476715687894775,0.8482123545714011,0.8383882423346253,0.8278713759215324,0.810445438315636,0.7762880324756972,0.7503997780744395,0.7535713794471437,0,0
0.8367893596490182,0.8725989235251417,0.8969104007180679,0.9117205346666819,0.9326078182427106,0.9503783932817496,0.9580707737529557,0.9622666142997153,0.9718518824875335,0.9790124669430162,0.9680688553849812,0.9651430390978306,0.9623812885692932,0.9590893112113572,0.9590657999934217,0.9601113329974551,0.953354684976687,0.9485608787163441,0.9468067124502263,0.9520352431338949,0.9388923816802329,0.9339366429232615,0.9320948175809581,0.9322255545982823,0.9468692782407843,0.9490577301902619,0.9411658309218183,0.9261012711168278,0.907280710556617,0.9000612154963911,0.8976142684004479,0.8834280696546013,0.8754373553500556,0.8693753966341893,0.8610063706214037,0.862085145115749,0.8635338554031435,0.8554002684973775,0.8406993297064109,0.8234864424699565,0.814340110828258,0.8005880663734193,-2.9412139612022427e+38,0,0,0,0,0,0,0
0.9317887367320423,0.9485926088542644,0.9952505606956922,1.0138189199501835,0.9953103647401667,0.9448620501780403,0.9293540068763264,0.9362531563394242,0.9605197236163674,0.9613893528887717,0.9618749581434874,0.9657895676764545,0.99085564992169,0.9841761331034005,0.970771558438492,0.9652625400966292,0.9533534452276958,0.9483215460277294,0.9404195515864051,0.9356814447431153,0.9288123507572769,0.9100646609235558,0.8991560023781815,0.8932303848488876,0.9066149920364583,0.9006934334732183,0.8963639035723014,0.8888557459977126,0.8631129746385845,0.8421414632283509,0.8346636723425768,0.8363593917447532,0.8273366589471216,0.8196038799908015,0.7912324885041422,0.770125627781522,0.7683284620531018,0.22543812865813023,0,0,0,0,0,0,0,0,0,0,0,0
