jsons/1312801200.json
{"header": {"parameterUnit": "m", "parameterNumber": 2, "dx": 0.1, "dy": 0.5, "parameterNumberName": "Eastward wave", "la1": 40.97354507446295, "la2": 16.46031188964855, "parameterCategory": 2, "lo2": 133.9931640625001, "nx": 191, "ny": 50, "refTime": "2011-08-05 8:00:00", "lo1": 114.97908020019554}, "data":
[rows 0 to 21 of 50, columns 98 to 146 of 191]
0,0,0,0,0,0,0,0,0,0,0,0,0,0,0,0,0,0,0,0,0,0,0,0,0,0,0,0,0,0,0,0,0,0,0,0,0,0,0,0,0,0,0,0,0,0,0,0,0
0,0,0,0,0,0,0,0,0,0,0,0,0,0,0,0,0,0,0,0,0,0,0,0,0,0,0,0,0,0,0,0,0,0,0,0,0,0,0,0,0,0,0,0,0,0,0,0,0
0,0,0,0,0,0,0,0,0,0,0,0,0,0,0,0,0,0,0,0,0,0,0,0,0,0,0,0,0,0,0,0,0,0,0,0,0,0,0,0,0,0,0,0,0,0,0,0,0
1.6114316109098887,1.8069796630085475,1.9576015281029366,1.854085980744005,1.8056492137552973,1.6378616002152913,0.692171635264726,0,0,0,0,0,0,0,0,0,0,0,0,0,0,0,0,0,0,0,0,0,0,0,0,0,0,0,0,0,0,0,0,0,0,0,0,0,0,0,0,0,0
2.9064982810177806,2.742667951150234,2.572209892291281,2.1942087718603505,1.5062818328332452,0,0,0,0,0,0,0,0,0,0,0,0,0,0,0,0,0,0,0,0,0,0,0,0,0,0,0,0,0,0,0,0,0,0,0,0,0,0,0,0,0,0,0,0
2.9705869767026467,2.0306203268279783,0,0,0,0,0,0,0,0,0,0,0,0,0,0,0,0,0,0,0,0,0,0,0,0,0,0,0,0,0,0,0,0,0,0,0,0,0,0,0,0,0,0,0,0,0,0,0
3.769001670914996,3.532718243095688,3.4077861938140175,3.0249720566106433,2.883632153795304,0,0,0,0,0,2.004765697213858,0,0,0,0,0,0,0,0,0,0,0,0,0,0,0,0,0,0,0,0,0,0,0,0,0,0,0,0,0,0,0,0,0,0,0,0,0,0
3.56051401295669,3.5664887755283257,3.615309140120441,3.5093081533148776,3.37935078866357,3.27301277998175,3.111678486952872,3.039348719783816,2.951790278406573,2.740628710300056,2.6247955601864272,2.5641724112954694,2.4150694796051444,2.3731279697411094,2.299027266020764,2.346926553104495,2.3217197240574308,2.3251107447128376,2.2029633166422817,0,0,0,0,0,0,0,0,0,0,0,0,0,0,0,0,0,0,0,0,0,0,0,0,0,0,0,0,0,0
2.8454083848659324,2.8440337028993863,2.844277121525461,2.816587457352378,2.767596977321892,2.7388081105877213,2.6107183885304,2.546579407763095,2.461796725573953,2.372667595901012,2.2856393794274696,2.225459541623376,2.1612506702846015,2.2033255474937214,2.0648330843226192,2.259721370187311,2.081227287137434,-1.5107866145369262,-0.9030361738737618,-0.8232846013167899,0.744269264526402,0,0,0,0,0,0,0,0,0,0,0,0,0,0,0,0,0,0,0,0,0,0,0,0,0,0,0,0
2.2759616966496994,2.259322150576231,2.2604925892495453,2.253562985413694,2.2447391009598805,2.2031732260061387,2.130927278172371,2.0897511220551306,2.0601010419161727,1.999979276223175,1.9413702567538753,1.8897916106495272,1.7065976123351034,1.5996391414025979,1.575872986757502,1.4961224585066533,1.4410420391010552,1.352274099421672,0,0,0,0,0,0,0,0,0,0,0,0,0,0,0,0,0,0,0,0,0,0,0,0,0,0,0,0,0,0,0
1.9341286000361062,1.9301745375875021,1.9134828509554989,1.8990278890817789,1.880800874613951,1.8504081448782825,1.8102310014037881,1.751327812595022,1.7268929500703893,1.6595997614603892,1.6139610422947686,1.5496257848374313,1.450217759839191,1.3965647260850211,1.3023559074208813,1.1965544256901721,1.1350079371796977,1.1503253625915912,0.8684765147750979,0.5839005171258864,0,0,0,0,0,0,0,0,0,0,0,0,0,0,0,0,0,0,0,0,0,0,0,0,0,0,0,0,0
1.6972639538731327,1.69315575437696,1.7005263098480836,1.6801751218649104,1.6499433764816411,1.648158501353604,1.6042284678219123,1.562487834724384,1.5114952307677938,1.395584445055276,1.3503059490478377,1.2924610888984327,1.2174850165683595,1.1754052223571527,1.1763867989234764,1.056033538247068,1.0572063707114834,-1.3467823784215627,0,0,0,0,0,0,0,0,0,0,0,0,0,0,0,0,0,0,0,0,0,0,0,0,0,0,0,0,0,0,0
1.3792530773472538,1.3979006016704458,1.4056511741705433,1.3922069819781084,1.415485945045106,1.3897753826042833,1.3530383782124613,1.32783376124788,1.2982337681464995,1.2415515176741527,1.200647745189804,1.2065866278372137,1.1896119505398501,1.1657632999887682,1.0411044516639192,0.9093472254791328,0.9144209880189753,0.8460344984951184,0,0,0,0,0,0,0,0,0,0,0,0,0,0,0,0,0,0,0,0,0,0,0,0,0,0,0,0,0,0,0
1.1363069651525584,1.207284552726423,1.2256372237983615,1.2574840246633991,1.3312094422465097,1.3322324868810511,1.325807748258805,1.35501231883708,1.3539852894874813,1.3468522674834762,1.321597787401371,1.321793714906115,1.3011710578898883,1.3041298949075901,1.2598496419562302,1.1998828978719185,1.2287550277772488,1.2393592089289271,1.2970736116599584,1.3463070275469597,1.2224706882753065,1.2728386997946606,1.3018254531525995,1.3171596050966214,1.2986630968205026,1.3266031078218548,1.3392847237470584,1.2765512469483464,1.3074741060989068,1.3292449341613983,1.320574301660878,1.3496013995545948,1.3597812757262508,1.392326881020318,1.409198739186339,1.4230853774532073,1.3900629857167959,1.3817062220107927,1.3716841042533194,1.3292251231427004,0,0,0,0,0,0,0,0,0
0.9417557283984098,1.0288327734621752,1.0529126178621455,1.0778797932224182,1.1291797491911109,1.162479332791809,1.2015607820342364,1.2413440425204603,1.2381610616730956,1.232300797858164,1.2472527398766555,1.235795622834696,1.217706536947273,1.2266617627377514,1.1804785442681585,1.1786540766137499,1.1823747963599205,1.1659883058113027,1.179099252518124,1.186501085950237,1.2830678007913607,1.3033064686965858,1.3152494211019725,1.362688413669933,1.3883173815358014,1.3781930661191337,1.387847556620011,1.386001476790468,1.4033448633834016,1.4042739568347014,1.4020503414353933,1.4044039032912,1.400591426115103,1.3942289340118281,1.3904111400886783,1.3857599145477164,1.3589086585765122,1.3602605861485735,1.3504317294982482,1.3380691379023046,1.334152251040412,1.320267577100616,1.289538972403084,1.2826841545182741,1.2420451997259658,1.1420772199091882,1.10044059762394,1.0982214882999761,0
0.6390882620393129,0.77141665807929,0.8033374851946923,0.850967366523012,0.9802660807792435,1.0096238498595451,1.0120381523678816,1.043251321681111,1.0505226956627527,1.0519965959437612,1.0584072380660587,1.0631922105728022,1.0164453699458098,1.0591705332496975,0.5041085321485913,-1.174963858044741,-0.8910562643669473,-0.5741136821852859,-0.25964853051036524,-0.05662118690306534,0.6700778629539371,0.7041203136927091,1.121228591688414,1.265864637210743,1.3012915127811084,1.3401408168688855,1.3343699646249711,1.3307498347572169,1.3385266418862272,1.3311719558162234,1.3339744570940568,1.3200697226640716,1.2981015310528536,1.3032392484556037,1.3191274792622762,1.3032855251080462,1.279027688107582,1.288207733455095,1.2916543032446393,1.2761781787394217,1.2590375789180834,1.2608659631909407,1.2345922198902606,1.2301457790603625,1.1808833501270453,1.1131565692763046,1.0577166086945164,0.9690474968055871,0.9307780448577352
0.40472351501016296,0.4203488428316419,0.4806638800390471,0.5429809296378478,0.6892209967593991,0.7291747020445287,0.7488129011274324,0.8547333988965043,0.8940370908203765,0.9387026166182291,1.0618832456222291,1.096852413125789,1.124589141368381,1.1579281496572886,1.2237201598803495,1.2342806262749142,1.2720561007236406,1.3176281343736913,1.3191011371623975,1.324684434788428,1.3203894838938388,1.2997530830463087,1.301487082282223,1.2980267092624131,1.298241131634481,1.2709375010079176,1.2621000459556104,1.253791889905879,1.25468118088521,1.2544354096099608,1.2540611367073322,1.260538496813826,1.260204370720009,1.2608714066125015,1.2600827223087185,1.2572429311875806,1.2433415824479692,1.2411204028112441,1.2283947533341135,1.2141039866562704,1.2114876283110136,1.2188641596683123,1.1895353296204443,1.1753337875674301,1.1590189356113412,1.1179880313289874,1.087706528598094,1.1249250186596604,1.0753488570222183
0.46053618275616715,0.34631015012403027,0.39263125549761013,0.4376695937730463,0.5304623617649104,0.5560658350301255,0.6306237329671719,0.7306121837354455,0.7692510333553848,0.8192774720536977,0.8800479828465042,0.8951805585360701,0.9491848520230376,0.9689774595866277,1.0470876880567015,1.058696779506458,1.089864924263777,1.1371365883818498,1.1484137657611517,1.1694182041413397,1.2010819881246864,1.2072186982135693,1.2101349933053311,1.2143493475976261,1.2014655284077536,1.1950055624897284,1.1941760744416299,1.1915689449900357,1.1929248392584297,1.1953820592022129,1.1967735308408312,1.2077925230673494,1.2079336960234677,1.2010369044539304,1.2090064353834544,1.2084743237602558,1.2064813895747146,1.2017930725691244,1.19661591476023,1.1754049351474456,1.1802230422036966,1.1820123436607637,1.1784474216058929,1.17629365163105,1.1699452743463021,1.131289099472641,1.1246550183288215,1.1180686224523495,1.0971685535411664
0.8978875430695008,0.3388712396446314,0.3890434819995275,0.46561556156866524,0.580990360320383,0.6391586951763236,0.6998357202520935,0.745839517606387,0.8281271921585678,0.8271107168038248,0.871488671501052,0.8885755550192086,0.9222161578609771,0.933610960266334,0.9832518781838971,1.0005014397902807,1.0370847829272711,1.0787272765505775,1.1000012938226054,1.1157945669275309,1.1478261318861112,1.1627130724291772,1.160714372205346,1.1864903504313322,1.182933197866886,1.175300360310174,1.1745708946421884,1.1693206574935684,1.1758908138852573,1.1817324842690253,1.1815766190496073,1.183146982870723,1.1805914126899633,1.1912564180982264,1.1947726954218487,1.1943648559406086,1.1862529992825304,1.1958392140413885,1.1883634348763856,1.169225438826032,1.1739658571705271,1.1727864812582687,1.1588813210303495,1.1445002213390643,1.1397466742850217,1.1051797789001534,1.0906482531654487,1.0861649861284228,1.0643432784365434
0.34162033653073604,0.38856936904608325,0.5111678864610957,0.57661509523778,0.6714002145219372,0.6861242368823688,0.7280460901435946,0.8297593800162205,0.8479944854866632,0.8807175041304666,0.9333650738819933,0.9517813143872516,0.9451755307439739,0.9712614793710681,1.0093285280862818,1.0213667113546478,1.0420973195717849,1.068358431396866,1.1042592823171955,1.1384120593311384,1.152424686294509,1.1618920369251002,1.1566771344558406,1.1638308756195719,1.1629504535273296,1.1769930893983103,1.1795830453349023,1.1793937481631138,1.1761213468901237,1.1771555403992058,1.1773639517554042,1.1706771600646777,1.1597598600672316,1.170637938177973,1.180491633195159,1.1840012903611448,1.1817962492883083,1.1930253818848755,1.1940534882807496,1.1859729188608719,1.1903252415863936,1.1991193519644736,1.1777666483133176,1.1673598262324725,1.1541739513786997,1.1243490602860058,1.1192359000327938,1.1162990694554633,1.1217740186121354
0.5029622625511584,0.5419582469619978,0.6464543409378528,0.7441249546369774,0.8647306990211685,0.9378943829007701,0.9704646589410775,1.0175927307078418,1.0328534193616505,1.0396074211221118,1.05022763631632,1.0555455029014966,1.0798179416286082,1.0842607098030326,1.0809917710780075,1.082844860182623,1.0856735665543218,1.112510967426985,1.1201403718466174,1.1304095447554205,1.1394922914371475,1.1418233173619063,1.1457595135446486,1.1595882485679712,1.16582638943177,1.1739513928106022,1.1804146649837755,1.1896208822960346,1.1986254265611826,1.2045722799792156,1.206029568037854,1.1981128924330096,1.1967682925827738,1.190830886186096,1.1905577666201117,1.1897349041042926,1.1877089714785989,1.1879177920483484,1.1895411305387735,1.1900394967012413,1.1749933152584833,1.170007254988648,1.1680484489512313,1.165671973461574,1.1541190656516458,1.1401291362441908,1.1287603000729065,1.1233226998251238,1.1179968629364347
0.5470054431820415,0.7745960097141972,0.8457854888351826,0.9001530232456941,0.9049093597221002,0.9442879884565729,0.96893092081462,1.0346588358825983,1.0320848494986752,1.0522420754527022,1.0501704683065238,1.0448156161746984,1.0597066309062702,1.0703476224410777,1.0866321268726997,1.0861676298294007,1.081375659794753,1.08402530984825,1.1031729170267706,1.1077478507135656,1.119767838200834,1.1276626648718955,1.1350695915443962,1.1452561230841423,1.1421569438995893,1.1516604690713435,1.1533940777351708,1.1500212820617652,1.1659188734735129,1.17951308348,1.1805086037474999,1.182222969499183,1.1812974928399627,1.1759269362674454,1.1799146202329502,1.1789613598987978,1.1714952158078782,1.177465656030639,1.178255155299361,1.1791818715559004,1.1671844684945645,1.1665570330007562,1.1627841091168352,1.1763070398464204,1.198306703524204,1.1706707047447573,1.1734675282491975,1.1796987019923981,1.1828633486702456
