jsons/1312675200.json
{"header": {"parameterUnit": "m", "parameterNumber": 2, "dx": 0.1, "dy": 0.5, "parameterNumberName": "Eastward wave", "la1": 40.97354507446295, "la2": 16.46031188964855, "parameterCategory": 2, "lo2": 133.9931640625001, "nx": 191, "ny": 50, "refTime": "2011-08-05 8:00:00", "lo1": 114.97908020019554}, "data":
[rows 22 to 43 of 50, columns 100 to 149 of 191]
5.473228125745255,6.086868050160944,6.4641533355593355,6.631216728633532,6.843163167659129,6.947720947703257,6.950251144406726,6.876546740039025,6.853699472141167,6.85652318194182,6.783461297923564,6.598539642176908,6.532686856720582,6.283795034296944,6.238760040035213,6.102759460792614,5.888107717133282,5.73373204683168,5.661743264192059,5.525546667299502,5.297318705689071,5.1774611825577965,5.044647126448403,4.895291973584114,4.8129118977038,4.700852146131752,4.503420250877634,4.386356153088693,4.266633199668031,4.093101976779973,3.989647258984451,3.9238956964392098,3.7853888305348367,3.7002876814266723,3.6257241008737453,3.508614772294588,3.43680634922204,3.419726878637298,3.348901833195178,3.2734599497068584,3.2300510218052434,3.183976874160203,3.1180505873328213,3.0903895692074577,3.0525851976622116,2.9797270356134797,2.9485925761674765,2.910680385165121,2.862486398911533,2.8223110339747026
3.9801282499189976,4.389930199677293,4.8676396405409985,5.029337988829665,5.274052909172314,5.340969670371585,5.401762218717412,5.5191978130686525,5.464224994570551,5.4814674622067425,5.360776553672251,5.367330614034816,5.280784801790799,5.196937233306668,5.080058583717751,5.046499264563091,4.885726512927688,4.850500888705038,4.797696122647118,4.6745849450702,4.579947047252479,4.503844592576764,4.467052210292728,4.318625587927849,4.266621664509729,4.206061008154055,4.08431955671231,3.9787241796305106,3.916786428879071,3.798958254144709,3.7515534516440248,3.691359482671238,3.5363575037579955,3.5126518557911046,3.4446983129843365,3.327573724103471,3.3062101747733075,3.254611714826714,3.2114966231596367,3.1372647571840098,3.097494116008165,3.0621269312126658,2.994318977626496,2.933668647809132,2.9085049412425668,2.8273974350763478,2.8052690591301976,2.784852239785841,2.749096447195035,2.7377560661751787
1.7352302632073282,1.944111391242679,2.5808812992315793,2.81710488137126,3.1084711324419594,3.5162787585865884,3.649188519106622,3.762394126593366,3.9825071750878323,4.031658567264778,4.097351907209433,4.077632849718935,4.151606152237013,4.130239131128172,4.125479804270904,4.120710352177079,4.070208195272246,4.075684344086002,4.007431829372151,3.9697824838867617,3.866861828388902,3.90188860586678,3.8787363473538146,3.79958267175934,3.781046827431947,3.754274932263006,3.670161794333612,3.6463967128984502,3.5956120535748997,3.5040688443110213,3.437185303275889,3.4227705566499442,3.36119873813156,3.3417812134123537,3.2887112207254745,3.2116865136816877,3.154248989601475,3.1069519431772834,3.0509900898066222,2.9361239012552107,2.894976965424183,2.8521981742012277,2.7716115194860067,2.728535025224451,2.723642461370379,2.659169775573919,2.659444610048538,2.6383671536218727,2.6141063934570323,2.5991839296883885
1.691323568955989,1.4407536821896947,1.3283267856050385,1.452808860051456,1.705339464712424,1.9833202381338193,2.189513580657039,2.2675326233445756,2.6855342127432418,2.7233324727885875,2.744098736521836,2.897119848195321,3.018943987497694,3.0873228213206794,3.1251693551705872,3.2083565237374527,3.214114341220248,3.2089372737187567,3.271777302228699,3.281705134007135,3.249774990547114,3.296721555032132,3.266146622352211,3.251022599727227,3.294218536098605,3.274164580455486,3.23496344118374,3.22558190769877,3.235698875833621,3.1721841678938656,3.157253468508121,3.1512539891996414,3.0923682671220987,3.0818361504249,3.0616447280020194,3.010472722355403,2.987762452811121,2.9428318272293796,2.9040196701703556,2.830119353926799,2.657551264632142,2.5457360604948347,2.344309932713227,0.219320699453347,-1.9901876688363447,-1.3472791189175939,-0.14867706628139654,0.9888402882973143,2.352988462498587,2.497317806407745
1.8057887077441008,0.769875809841785,3.189570005603036,2.343976888429241,1.4177707626312994,1.0826864441341975,1.269536287174379,1.3821646006162096,1.7119511950058266,1.8363466186944075,1.9605682812336604,2.0390852619796043,2.3022619431966485,2.3679759353544956,2.477182727583474,2.624515990128882,2.6681488777447306,2.6909484111572404,2.821899889860761,2.8335883516367772,2.8364526866431032,2.8882339834795583,2.932975954143882,2.8903808564026883,2.9824253538728813,2.9991286490261477,2.999107425495355,2.9973013531319435,3.0007762753191307,2.962539021211535,2.959390861254612,2.945843915096662,2.891741529282743,2.863536190361411,2.8359223379570633,2.760631887968122,2.716265074633246,2.629967123543657,2.7025742951446463,2.7405206264916555,2.4859582311346933,2.4624186969874855,2.596319469232624,2.60345114226614,2.609394758487433,2.586288265533628,2.591116375374296,2.566466455808055,2.581329814571215,2.5792895563581504
-0.5977642726504431,-0.853309682114011,-3.349088796412763,-3.5722749160348672,2.55159364018366,1.870575152395348,1.2258026449179311,0.7265075445898285,1.004799448855428,1.1280549951959291,1.288123904163357,1.4371820638766324,1.7063266209512464,1.8193109460252692,1.876151497152621,2.1555516931602585,2.161296759388375,2.2741180191786716,2.362650472122434,2.4207469694191968,2.4247188014712613,2.4953947485356793,2.529061160593074,2.511907549467822,2.58006188438603,2.6397013393541795,2.6893535935513975,2.801408776790523,2.889386577946277,2.793870387666222,2.751165875372366,2.748309254926474,2.69884655887781,2.7298473527870746,2.723133298218351,2.693141560802824,2.6812478133369124,2.6870830496809264,2.6765339102115955,2.6588225396577396,2.653799752541903,2.6393460615825135,2.6140194085859716,2.5985973254774684,2.5792285127467585,2.5416295846529695,2.542875857833041,2.5348893717552974,2.495406624749905,2.482979258498757
-0.8945461761466932,-0.802274761607108,-0.5234113359967703,-1.4784459253629263,-1.7397799596103267,-2.400200613366575,3.1710497725824527,2.3291136447047105,0.5214163283348525,0.5629528483288557,0.6645675733770802,0.8049364980519452,1.1141112438763396,1.1854945438747901,1.3507131310342761,1.568924046761968,1.6754361412902536,1.725621421631116,1.8361267365659608,1.8590323859395061,1.8519757745949657,1.8580108959284805,1.8219245132621131,1.8478980229446318,1.8836700808630107,1.9051329378169246,1.9074201254024794,1.9116025435832813,1.831457818448286,1.7788197490630755,1.724209846555993,1.9033125090419543,2.1926828672574494,2.276847840189272,2.3964742691752066,2.3903970509033416,2.4093908295352033,2.4402077667992006,2.433122257143033,2.397372552271105,2.4260353564584376,2.4085623767539444,2.3966102554170305,2.4136053375154414,2.4192576249966797,2.4171194421075004,2.414909410735793,2.4076986119122528,2.397736145666185,2.386114701411075
-1.066748051585386,-0.9548967996033181,-0.8335125287764908,-0.7257097082270829,-0.6718574224931366,-0.4920029176952164,-0.8688053005939061,-1.2084948845598997,-0.3221853925086197,-1.679626859105094,3.0547544086369114,1.6717712640811355,0.468934232695814,0.5980706516667584,0.6979875084278401,0.9054568462586177,0.97977543898715,1.0590764910002395,1.1711781112206245,1.2272530288516335,1.2770426192924624,1.382319111817002,1.4145476665051824,1.4224375828372013,1.3746244148267133,1.3474427344103583,1.2278015523497892,1.4753940548038107,-1.0603271510548147,0.6273675559385676,1.6033754474285897,1.9971563016965828,2.152553872456853,2.2177143944958266,2.255991244443827,2.347605626287653,2.333276684462308,2.3638036674133214,2.3626176547371522,2.3774123106776623,2.3522914988294223,2.3231543515598876,2.323640974403965,2.3007733604324856,2.280513976109945,2.2829524774996397,2.2697120882442174,2.266143725219312,2.259026894309152,2.2392268543484772
-1.1456341936395604,-1.060584555686091,-0.930605290416775,-0.8177224042012387,-0.763482244117016,-0.5825591742343827,-0.5125281780015912,-0.43290580694541025,-0.6185548669780951,-1.674983852023236,-2.0108937169210916,-1.7136134697520653,1.8771681308937629,0.18831784404413157,0.2634029000381909,0.45747604705749567,0.5260895215855667,0.626717839536672,0.7794758361696018,0.8473516441656952,0.9125348296090366,1.0767347057769714,1.158054211479653,1.214450496015189,1.2920250754312472,1.3236648009506693,1.417389368347912,1.477472889763704,1.7476534087325974,1.8557622259727762,1.981840516212712,2.155899071751166,2.1199855617627286,2.1090795379651546,2.1401303183746267,2.0985576825549104,2.138354940098273,2.075977358529511,2.13383516279625,2.1189106423678177,2.1074998353358225,2.0664473977762556,2.0483557432041803,2.057682922660296,2.047976845923975,2.038268587272264,2.0355670611831247,2.0542796787231983,2.004295823740762,1.9813037356537013
-1.3002349939545745,-1.260654560371907,-1.0893223850984197,-0.9900789927543326,-0.9446975979505826,-0.7751964094160857,-0.7074747887198164,-0.6181207156225318,-0.4446314124867067,-0.410280538322361,-0.32832956280145437,-0.2919128795126375,-0.8004094714666076,-2.0249525634145056,2.574719171430421,0.3889131480139572,0.20151460989859615,0.2502370044546182,0.35842084435139426,0.4475740328028274,0.5159188334401662,0.6059467297601826,0.6744813332856919,0.7444901137547048,0.8520790556525639,0.9400989654373917,0.9974217272231932,1.050100766758227,1.1636935511325972,1.2339845481531673,1.2684699559780135,1.291759772738842,1.2945618981613098,1.2978014342974513,1.2987022316310508,1.355162373666064,1.3302371572714606,1.370136012929502,1.3797090915591999,1.3481836465617454,1.4264605055115762,1.4145511065066048,1.4120010179961822,1.4534134764342905,1.4380430390689827,1.44023965408057,1.4395959316473201,1.445134628060663,1.4666255149206313,1.5002992186526536
-1.433713995537469,-1.3526663807738084,-1.43104511469436,-1.6790994950094684,-1.925851383961652,-1.255195616443692,-1.0731744350429897,-0.8937585338737718,-0.7120918797324461,-0.6142344849651902,-0.5228225404685067,-0.4750748797399554,-0.359869675045849,-0.27017213721623434,-0.22007304595676705,-1.5281004682580543,-2.4311269680603225,-1.3564570612008386,1.5291272964176734,0.5849339273276701,0.24136375308711633,0.36179322691427956,0.3868967117543677,0.45385405356031766,0.5914957669259727,0.6258646148085976,0.6522378912231875,0.6961250507211427,0.7547019976632484,0.7710158092462016,0.7833292455067687,0.802971212300379,0.8298395807678318,0.8360811181288801,0.8560765733876194,0.9187611258122165,0.9853400709224429,0.9622269803697882,0.9882755533506392,1.0000180046771923,1.0171346563120642,1.053959468647042,1.057884607788668,1.0809561665454863,1.0992492541128671,1.1022051130416741,1.0993990562967322,1.090816954581674,1.0882714552249861,1.0679224795452964
-1.6683473594305254,-1.500237482608067,-1.063190599150531,-1.1970034922627173,-0.9200308126083302,-0.6372728742748739,-0.6732698964589439,-0.6835237311595921,-0.6261387617813863,-0.5967255616940281,-0.5440851112566916,-0.5385665707726562,-0.4595525634000921,-0.4009106286441472,-0.34632933921723114,-0.5130783739479617,-0.8570433536497147,-1.9768111177027798,0.1794356691327331,1.8739170716222522,1.6360684320735543,1.017087269755988,0.6943603200488858,0.5582733469399124,0.33473373425493363,0.3555050015867475,0.4176903362814802,0.46129456265529944,0.550332863255366,0.6038104847630074,0.5956011484671045,0.623150088987455,0.6359108694846444,0.6399017151098423,0.6903431118225998,0.6953043905844751,0.6965874920905648,0.6986557311368502,0.7082789375094808,0.7163485283451275,0.7342671978130695,0.7667492778110094,0.7816479404151072,0.7973509438493294,0.8070688628806411,0.7881126025757701,0.7779456837611434,0.7813094875012468,0.7533865994383597,0.7554256703417502
-2.078183215387319,-1.9340811228323567,-1.7000152974038056,-1.5639691062559595,-1.4494122131535918,-1.2754408989965247,-1.1388026618948321,-1.0967246544308789,-0.9964717089173906,-0.9268479561001103,-0.8839908826367326,-0.7992269155700157,-0.6874527086958346,-0.6239539358203462,-0.570462985943241,-0.47361218720245296,-0.41403286234845704,-0.37605297006094723,-0.3107112665774047,-0.2588911223840448,-0.5909206013902186,-1.3116550263444011,-1.7860155202291659,-2.52885042460984,2.2885360798651013,1.0021850715851037,1.5835863981809473,2.238855953468664,1.4146540925394897,0.6609915422791834,0.3259134698949248,0.391753508811838,0.4031618883959784,0.42312866555362083,0.4318593733748514,0.45168760093036664,0.4832452773068828,0.5086277061920864,0.515166011499908,0.5245716350872065,0.5223770382931536,0.5430155829569984,0.5644819717649466,0.5471191479940243,0.5368954262910758,0.5314286235159907,0.5480726527669583,0.5520992437386398,0.5534982226452874,0.545457666185952
-2.271107250938294,-2.1854286485217673,-2.0394514623250193,-1.964502511312571,-1.8474659603447077,-1.6809922906457693,-1.6172421743693273,-1.516748250603691,-1.3896938685596025,-1.336900439950763,-1.2559688530771425,-1.224078596788464,-1.0650051451789586,-0.9887443717252253,-0.9705328468361407,-0.8668551631311223,-0.7690762910340352,-0.739654406865674,-0.6577266982708213,-0.5824018964065305,-0.5258831752669008,-0.4277781413943835,-0.3511735997232402,-0.35595454737721144,-0.3770699113482894,-0.7029429421037346,-1.4973998382901854,-2.281892485517505,2.0599837813095143,2.5453066688077888,2.349165240958992,0.15962232821816305,1.8291763126472498,2.0356901501866216,0.8709964295966545,1.6344659612506904,1.5823766664173584,1.0816055826234736,0.889440374689402,0.5973346909937642,0.23940360450949685,0.23100368008541433,0.5328464805840861,0.6629909880679707,0.7162533506669619,0.7025567410943604,0.6768051837475695,0.8900257924193682,0.4020131040233437,0.3163718084529071
-2.3627643980931343,-2.3255354426319523,-2.271960805401459,-2.209968086678409,-2.1660968339614004,-2.0450942699837307,-1.994914292217811,-1.9009549628548448,-1.8525526433316597,-1.7710917630376746,-1.7036251931413093,-1.6886478082989471,-1.5522301351639376,-1.5424357938558864,-1.4479106804652888,-1.2939798764921446,-1.2483362278570271,-1.1876195877665712,-1.1044975035011884,-1.0231244165266287,-1.0064305430768166,-0.9564316679148195,-0.887884436808797,-0.8351526620314328,-0.7592949028775127,-0.6723478072094622,-0.6538212928254068,-0.5826566848878352,-0.47632411302125166,-0.4305232791949617,-0.3631917166892655,-0.6137777781857883,-0.47077326615644416,-0.32542497282038313,-1.1323257377284388,-1.223077884610247,-1.5305411808485023,-1.1538182914599084,-2.2111832260700677,-2.212042531951567,-2.183632941482651,-0.9832865864319906,-0.653005778765897,-2.0991650515327858,-0.3493469525690722,-1.975216631979953,-2.4581297409959917,-2.3120950188333858,-2.0296439019157853,0.7736533378601971
-2.5494485470726644,-2.478722202881446,-2.411364243945967,-2.3697296690777363,-2.330973583004951,-2.2402056952774156,-2.205763373318866,-2.120250544437102,-2.0392226618406357,-1.9805216332639977,-1.9250172457577597,-1.8812536830709716,-1.8037349258286433,-1.7505222372610598,-1.6705410089159662,-1.6258962480810555,-1.589793558963342,-1.5881489602756202,-1.5200409618456792,-1.4503108336884285,-1.3974270485775047,-1.2463674599160475,-1.1979973200340337,-1.135706539019024,-1.0202651328897685,-0.9901198663494563,-0.9386062085099,-0.8964987941881768,-0.7887033093998403,-0.7766435487948163,-0.7335842147072285,-0.6715918851318788,-0.5718414425958218,-0.49792594272168916,-0.5118631960560645,-0.4911540385901796,-0.45800759328676427,-0.3879620313398097,-0.3790841971864077,-0.3627034132863542,-0.34119917722844884,-0.6421207910303932,-0.6876918641397665,-0.27808581852414677,-0.263063251509602,-0.42572752858973645,-0.4604671491160024,-0.6466381687571474,-0.6489892711673493,-0.5458773168990918
-2.5361434486618526,-2.4983793738493807,-2.426505213136276,-2.4065255970154005,-2.3726923952966406,-2.3266582691562205,-2.285825813971787,-2.246612982133488,-2.1478466913045207,-2.1252612080183026,-2.09134192207615,-2.0427458981921935,-2.0037600378061904,-1.9671626197465262,-1.932380305363138,-1.877236508390353,-1.8589056776419812,-1.8236661638317202,-1.7414122758618698,-1.6744524051964436,-1.6008499857327223,-1.5080865392776726,-1.431079359014418,-1.39907810525031,-1.324627914113096,-1.2774222789436656,-1.2501849731125134,-1.2391167227007274,-1.1504500562030564,-1.0961051592134998,-1.0703890665461293,-1.0080774171435867,-0.9642903663301244,-0.9181318982843383,-0.8403637580907578,-0.7858442393778545,-0.7739166268750705,-0.7232322355454639,-0.6918433752075516,-0.6510560243938742,-0.6251683570021194,-0.6203715342599248,-0.606089239236461,-0.5527715227156003,-0.5254133919245453,-0.517986607812612,-0.5152549885315713,-0.5047366867101386,-0.4903538979608254,-0.473321105026907
-2.5287033745369163,-2.516106542622243,-2.454632732553828,-2.4231020340177625,-2.400318068578451,-2.3321348920056852,-2.324055205462046,-2.301729828258251,-2.2457045541054064,-2.200545310036126,-2.1635954076032853,-2.1389356867164953,-2.076993579542384,-2.033268138965752,-2.0002730603161187,-1.9688665038456385,-1.941160446834896,-1.9173343592734837,-1.8451252125492583,-1.8219129753658765,-1.776055957891843,-1.6597194161760949,-1.6395601147004242,-1.616944781438364,-1.5423956965622825,-1.4952491139766941,-1.478064649006695,-1.4529549525788903,-1.3584362304887947,-1.2942641568025932,-1.2432762711796512,-1.2181089325012393,-1.1960281021993184,-1.146900280125534,-1.070841862962986,-1.0631520341728415,-1.0424066017747413,-0.9756637628643156,-0.9422466321537679,-0.9298624883191755,-0.9103137191123659,-0.8731084875832339,-0.8260657480574914,-0.7698861758935992,-0.7472506072664895,-0.7485639752559238,-0.7504809373894002,-0.7737857687186261,-0.7781653850923814,-0.7872546908444252
-2.4538411641896327,-2.4418533046684683,-2.3937699476967778,-2.3605388043754543,-2.3516082110887417,-2.31946863904514,-2.2993806534422983,-2.266292157545945,-2.239437981901436,-2.2090657065804105,-2.160894277088478,-2.128927046872554,-2.0892080743684125,-2.0508320571400427,-2.0120990141205146,-1.9664632485569664,-1.9405908937739187,-1.909576992590311,-1.8765998756987108,-1.8584922649161237,-1.82044339977407,-1.797718265114647,-1.7582213261690078,-1.7051856659053974,-1.5665683465891838,-1.5276153391303597,-1.5331404727654132,-1.5160806883974483,-1.4565659460022622,-1.436615473814832,-1.4303986228998062,-1.366611125012688,-1.325618641996626,-1.3061196496780747,-1.2720375433227775,-1.2348522314077315,-1.1921149244709899,-1.146762084822195,-1.1283415770127598,-1.1131232401298932,-1.0354325288572803,-1.0155503943377446,-1.0026486726189574,-1.0289215105828344,-1.013558590712616,-1.003153853520063,-1.0011118604302287,-1.015026483206805,-1.0391192763139112,-1.0731917669386994
-2.381899311508364,-2.376544912227901,-2.341711018285621,-2.31978163930845,-2.3037494411454884,-2.277432556691193,-2.2623649902252834,-2.2479586005677925,-2.197167183167913,-2.1641798414805073,-2.1456527555714286,-2.1355356292262466,-2.063638567867337,-2.02561094963354,-2.007554142337134,-1.9753898767810505,-1.9540693240939881,-1.9380877662836942,-1.8904603213386078,-1.8681401621654798,-1.8484970016936297,-1.815313593584213,-1.7671665632125657,-1.7410570053627439,-1.7157332690590592,-1.689095829990871,-1.6524697335894167,-1.6302993352562039,-1.5985190317250841,-1.5704367103226349,-1.5383461371424085,-1.5095392334365578,-1.4846174645623582,-1.470835729739062,-1.4211511013706306,-1.3938059440684678,-1.3935557674505827,-1.3589989349670821,-1.3379341883150664,-1.3240591762974843,-1.2986793620971206,-1.285625854182272,-1.2696131334070389,-1.2867651749471036,-1.3213815041347772,-1.3533243349149011,-1.4045390322411266,-1.3758911410120045,0,0
-2.343960336434563,-2.3221020608031613,-2.2911006419363975,-2.279786310167423,-2.2611621942519986,-2.2372833971307435,-2.225987691606332,-2.2019261427949495,-2.180410908119143,-2.158230556305128,-2.1362532397666687,-2.1177665375325616,-2.0806604508044764,-2.0553572219465277,-2.0186367970084715,-1.9917676256524932,-1.9756050169313197,-1.9542758775896054,-1.9382640528430235,-1.923450409227548,-1.8967105649990663,-1.8671853671072542,-1.8427575644852185,-1.827304026723604,-1.7529123297644529,-1.744921678154884,-1.7430328616070214,-1.7111766717578427,-1.6791246693607544,-1.663307764694442,-1.6478236301478861,-1.619404779078443,-1.5927162191577073,-1.5719902538767037,-1.553319433952703,-1.52887220277172,-1.5175986610023933,-1.5113168014706468,-1.5046617526043362,-1.4809063616822817,-1.4749435118135652,-1.4777104502142557,2.156408785655273e+38,0,0,0,0,0,0,0
-2.296215127549594,-2.2883876702117676,-2.2589971726315654,-2.250699525762945,-2.2422539297835273,-2.2125751094003046,-2.205562215773594,-2.1990222179840746,-2.166917592305055,-2.163867941255956,-2.1426420281423875,-2.1258407611184467,-2.0830572404947514,-2.0813015516194007,-2.057105432128554,-2.0229562757292086,-2.0004994347876424,-1.986851827022671,-1.9489556719148209,-1.9412230696524186,-1.9314092136570897,-1.9051793403701667,-1.898223683454054,-1.8872908834405346,-1.837164711612832,-1.8294168934790542,-1.8206243966102615,-1.8004344187843788,-1.7625696070243588,-1.7275440685227688,-1.7144577302698307,-1.7117520330722091,-1.706949038864762,-1.702624585305932,-1.7171641449169257,-1.7001804730726968,-1.6917295583291938,-2.2856830513593347,0,0,0,0,0,0,0,0,0,0,0,0
