jsons/1312750800.json
{"header": {"parameterUnit": "m", "parameterNumber": 2, "dx": 0.1, "dy": 0.5, "parameterNumberName": "Eastward wave", "la1": 40.97354507446295, "la2": 16.46031188964855, "parameterCategory": 2, "lo2": 133.9931640625001, "nx": 191, "ny": 50, "refTime": "2011-08-05 8:00:00", "lo1": 114.97908020019554}, "data":
[rows 0 to 21 of 50, columns 49 to 97 of 191]
0,0,0,0,0,0,0,0,0,0,0,0,0,0,0,0,0,0,0,0,0,0,0,0,0,0,0,0,0,0,0,0,0,0,0,0,0,0,0,0,0,0,0,0,0,0,0,0,0
0,0,0,0,0,0,0,0,-0.09564891840029129,-0.13609419769125464,-0.14917159036367703,-0.15132757095885424,-0.157409159541353,-0.1588916878774849,-0.15859710282783904,-0.15532251367908254,-0.15266332308245542,-0.1507773475422446,-0.15155784531343186,-0.15994999150483596,-0.15962273870962942,-0.13619672044262787,-0.2043852596743685,-0.09638089249975076,0,0,0,0,0,0,0,0,0,0,0,0,0,0,0,0,0,0,0,0,0,0,0,0,0
-0.2715982606744738,-0.0885504504677308,-0.18294123443108423,-0.17644603677890983,-0.19239121846439114,-0.20943302078769643,-0.2195396450710437,-0.23277036809231652,-0.2349284168741045,-0.23491902809500984,-0.2308892766714407,-0.2359867211905872,-0.23668167985572305,-0.23545134898732403,-0.23703696014308762,-0.2413637163973889,-0.24594655778638363,-0.2710949706171375,-0.30595183512625845,-0.2772145968518597,0,0,0,0,0,0,0,0,0,0,0,0,0,0,0,0,0,0,0,0,0,0,0,0,0,0,0,0,0
-0.26995278872760786,-0.2818109642996807,-0.27660677262354144,-0.2713345416569318,-0.2867810336760964,-0.30928532314467033,-0.3177011489780439,-0.3101162936722755,-0.3135372661392828,-0.33211052972857813,-0.3357182978067505,-0.3338690775010804,-0.3376522728995201,-0.32086020057636516,-0.363201322145696,-0.0001850598591349534,-0.11257049829722103,-0.045884106486412765,0,0,0,0,0,0,0,0,-2.5267788958247614e+38,0.9891980024233822,1.06527873982866,1.099057708317617,1.1507146259475292,1.202863753038152,1.2473475304260897,1.2749963605325454,1.3571596765691882,1.3933459027433341,1.4510186537786713,1.4590241572113953,1.5122453518327406,1.4415523162964083,1.3797374667874704,1.29768816916721,1.2101688692488366,1.1205766519678553,1.0638280084176797,0.9510267139844832,0.8619898465927996,0.7717977395903176,0.6029402788547401
-0.3665728074459254,-0.38256159582458615,-0.36391144655746627,-0.3591120370430631,-0.3697773611107608,-0.3377893500545016,-0.32647408693263213,-0.3305615334518332,-0.30233157035850294,-0.3957284258901746,-0.4298083171909693,-0.479817258532295,-0.5987665355906088,-0.4490504669273167,-0.47755736995961123,-0.38767228348933264,-0.43979309354899315,-0.13603409363558178,0.39959948313945903,0.6575343662153578,-1.4946665401429682,0.8693502046180924,0.9228409906136325,1.0080914149736853,1.1374377190501017,1.2248601312149001,1.3250899991927392,1.409727030839283,1.492407471031225,1.5887465147170463,1.6793052642697552,1.799576789397291,1.8707272303686187,1.9740546443365576,2.0295868629502354,2.123618328385045,2.176693540279318,2.2310161720971293,2.202407308457457,2.195374200295869,2.1518576374733427,2.1496554851249767,2.0149984199577493,1.9384561176244912,1.8735954983349814,1.7000731812592624,1.6544390001859053,1.4000296330245903,1.0717714535229064
-0.5008751570816277,-0.5297132608033096,-0.5206259490041591,-0.5201533681449645,-0.5511863728103161,-0.5269814341583158,-0.5275958515579295,-0.5372935188562395,-0.5346855183291548,-0.4583867457450359,-0.45775890747262626,-0.4213567226352638,-0.3231021224937275,-0.29148111034652363,-0.24057597955712973,-0.13470631109039646,-0.10984879264358545,-0.08920937095705357,0.050067078348073654,0.21359697005764247,0.29986215112713754,0.5227545853668621,0.5918642592569009,0.7449998655508064,0.8776479965609826,1.1037907678953567,1.324874949725297,1.4572460665628317,1.6737292389402274,1.8623031946175626,1.9480161245195693,2.2360339427369373,2.3068850428922487,2.456194119070228,2.5608919307819153,2.6706240017154426,2.742091226800328,2.8798172915224636,2.9042093984265795,2.930467526810728,2.963929773818399,2.9412589933177635,2.899685636562426,2.848060932803645,2.890244066520406,2.701054139866061,2.593410290867339,2.360130948788471,1.86539961458552
-0.6437735058636355,-0.6817706309190324,-0.6994806989424399,-0.7161208022784655,-0.7641812768561417,-0.772928988508524,-0.7864692425618053,-0.8415406714904122,-0.8498982988201449,-0.8409300951029319,-0.8669296864327892,-0.8943074606962218,-0.8769960005912323,-0.9071920382264965,-0.8802543853307949,-0.8665968722607074,-0.8371694504474729,-0.8231483392821646,-0.6271581126564487,-0.5940774287696531,-0.5438746104396374,-0.2808378216503069,-0.17386801274743763,-0.0799779654319961,0.199130686499654,0.5578034730611198,0.7167437262933304,0.9824260421970734,1.3486380334703527,1.6969505045116609,1.807742815837853,2.169662025786139,2.478631256016225,2.6185403751170506,2.907704113790548,3.024086840279081,3.169898715529591,3.363858729336684,3.4509272781798916,3.5413801897631867,3.6597005888192613,3.738286036429813,3.7955012875098566,3.7633660617821207,3.817917112359063,3.703433094065345,3.6685949167268874,3.6146322040642076,3.263340908049145
-0.8012572941042437,-0.8441146098220235,3.399360897190754e+38,0,0,0,0,0,0,0,0,0,0,0,0,0,0,-1.2894916886914534,-1.4203406747341756,-1.369712729435108,3.243630971131873e+38,0,0,0,-1.4314125954477146,-1.425015953508182,-0.7447718962739129,0.2190278699972939,0.8297178476548044,1.221964516999973,1.4980670471894355,2.024721538980257,2.4520938054472574,2.69547388938802,3.1751463394283976,3.4549723682703775,3.657919911336692,3.9795561434564717,4.186595940802078,4.414168527594537,4.558707298289861,4.711674062639418,4.829699663199562,4.917811210088466,5.026723971016274,5.09548124338015,5.088183487692927,5.126137676634891,4.99700582637544
0,0,0,0,0,0,0,0,0,0,0,0,0,0,0,0,0,0,0,0,0,0,-8.474964187154542e+37,-1.8497528910279484e+38,0,0,0,0.3346948737228129,0.49764761725398676,0.6836837167220925,0.9134197086142694,1.467659769717889,2.050548118432419,2.6087499448868363,3.1921901928908327,3.502336086103306,3.9047966606811624,4.43604251560862,4.71905974044056,5.085970946238221,5.416287846175135,5.618160501278604,5.840020433835871,5.896689797401798,6.174684035910817,6.205266911070551,6.241735847680536,6.347320348594814,6.248432213458042
0,0,0,0,0,0,0,0,0,-0.9170614829801571,-0.33598493271007074,-0.7433482851596216,-0.8975727498016445,-1.2779044084087863,-1.283373122320054,-1.424875628884052,-1.4101610486965435,-1.5531151594181944,-1.4746575315427224,-1.4243900702393442,-1.3648525852763718,-1.0693395367122531,-0.9917224931206786,-0.8558301926159755,-0.7507692000279004,-0.4407281903366372,-0.22851189324048465,-0.056261283110129644,0.3350917563877173,0.5916605630171345,0.8892566038500389,1.4527337173546315,1.8907927746584572,2.1210718335126364,2.7336770584818577,3.1226527767592223,3.509870046057267,4.286892964331368,4.77161390079663,5.2734342140890735,5.967046203104136,6.307791850964536,6.652822825384484,6.898225537560681,7.160733587135005,7.237186484051134,7.277846730907322,7.388083281613258,7.318711250003194
0,0,0,-0.4284449596779218,-1.1051361741595784,-1.1144321859675264,-1.1619695228322495,-1.5526722447768104,-1.7719935634834547,-1.9093832605237837,-2.1430531232539654,-2.221945000492065,-2.2845263349986937,-2.4463519542870404,-2.5219678861475603,-2.5481152142543158,-2.5126485892673878,-2.599600407393282,-2.5863435863657673,-2.5781730767556295,-2.596959665961128,-2.499896905617997,-2.432535160383013,-2.422031473755187,-2.268708694392077,-1.8780635353331683,-1.788156706378958,-1.5997657802853367,-1.058973047567853,-0.5538716850191264,-0.19348673310219713,0.5895848709953005,1.1500112234442061,1.3692121385874476,2.101526424969097,2.4486557569713723,2.9360098502333805,3.701282802231949,4.116454932875976,4.817759309716671,5.497583537779955,6.090192368476226,6.537701340171659,6.872660711946093,7.11706712354295,7.4049670763445725,7.454662061316893,7.612586071287358,7.503285060639961
-1.2327288329477917,-1.4654681661916749,-1.5815105339337372,-1.6869008352735508,-1.8820251152692922,-1.945672706263065,-2.045875749801142,-2.251593821477945,-2.372268696423997,-2.434480476401779,-2.620519216648424,-2.7739214389069407,-2.8275699451939653,-3.0265430840943446,-3.0747993950837498,-3.1369673081898646,-3.2205674566790257,-3.333255089762109,-3.3798388142346907,-3.4734479336554025,-3.6060763567392438,-3.5797589234855614,-3.624584688412689,-3.734348567340507,-3.7136683960717742,-3.572065134761186,-3.5093467208496967,-3.295934612448799,-2.7789835248885786,-2.3858935752832164,-1.734184311803651,-0.5408765271045264,0.12839257052345976,0.6529942963929102,1.7191264543801301,2.3215990977118315,2.6181136605043815,3.3449804941074435,3.811826682568149,4.233975781452611,4.866953415250812,5.101538469216088,5.543863868033048,5.771002231148459,6.125404446735555,6.430526172992488,6.615229999621499,6.780857311515245,6.832025109589027
-1.398986459500311,-1.5505791600746865,-1.6028721332724978,-1.6519425089894053,-1.8195789245631933,-1.9015341596942186,-1.998935999090434,-2.166070274705971,-2.2668749680496876,-2.382285370987953,-2.557201331969301,-2.684086014741584,-2.7699551686841986,-2.953652403988296,-3.0472941460595653,-3.0985915092874334,-3.2424251119678527,-3.4105657897246275,-3.518570798526166,-3.615071645498768,-3.782070739014013,-3.866370566971028,-3.9389340634419154,-4.096090257291185,-4.1701604297048185,-4.220796294788437,-4.31157208902992,-4.316458999451167,-4.172167184397169,-4.029767763529617,-3.7585710689262566,-2.4859477219642256,-1.963331726036262,-0.5913957275408949,1.222556383235801,2.1587151966183606,2.612143039319361,3.310981375732119,3.6030850215277,3.8182247324506378,4.310591549492893,4.493184610776967,4.743424978157833,4.840982176521315,5.073971664228703,5.30175810764196,5.383742702891381,5.4643713886691305,5.557774220929149
-0.8253651497362969,-1.0796825333431772,-1.1571763029309325,-1.2505699068510172,-1.4226180673063156,-1.4689320382011057,-1.5371918886607707,-1.6596182809349695,-1.7236533565358503,-1.8069034070476253,-1.989255032373654,-2.068303869160576,-2.1573891638746816,-2.3725722217027747,-2.4554299931941,-2.569488074862063,-2.6941802329689697,-2.995637254083281,-3.1139677254525053,-3.236158651467899,-3.499253144272973,-3.602573567100198,-3.714995342160772,-3.905434376765071,-3.9947083595770216,-4.09932496180891,-4.240029208106208,-4.270692874582447,-4.321028210860828,-4.245969450736261,-4.200053010887852,-3.9353279451166157,-3.7348435914607188,-3.717013246241789,-3.5748398489414512,-3.670911664740076,3.816077741583929,3.648131891484022,3.7409842667225264,4.0122567593337335,4.1254922340242715,4.196590669724023,4.283592595462096,4.380220263601087,4.421681901102641,4.562777864334674,4.600037134884236,4.656651100253479,4.731250962262681
0,0,0,0,0,0,-0.9683405296240563,-1.3124129768878783,-1.4117598183642204,-1.4607366537558482,-1.56587656517138,-1.6199668604959945,-1.7358080528591249,-1.9380618536760075,-2.07556471128704,-2.219533401673838,-2.33609299943883,-2.5389956425662774,-2.684866607551282,-2.7776068904896207,-2.9822236265900415,-2.998660681659821,-3.017381907449187,-3.1187414259181376,-3.202702227364904,-3.28237313301179,-3.4703333199702167,-3.5636431829803428,-3.569582818553929,-3.6346685506600003,-3.6369376162842806,-3.583847494063234,-3.5226922872092516,-3.411210117185932,-2.8718793637405478,-2.1926467188789247,-2.7194039342181093,2.2454685386160564,3.5540050580863376,2.671338006419791,3.3489587576883966,3.552396597554808,3.680255502546171,3.7916515385334577,3.8559268012407006,3.9348463697222686,3.9624810267624113,4.003731533440285,4.050373090911697
0,0,0,0,0,0,0,0,-0.9449833733245442,-1.0491069163068074,-1.2004392631706895,-1.1866953016516393,-1.2772503154417385,-1.4779494926373402,-1.6071737352542887,-1.7697559074070495,-1.89584183922796,-2.1058306114835093,-2.2068839128756372,-2.3151472634688224,-2.5167905771005694,-2.6311227655521754,-2.733012524063375,-2.9499284847939244,-3.0671155881393646,-3.170794480605666,-3.2451404345591475,-3.2594908270674554,-3.264996345274373,-3.356447205455284,-3.344187048269589,-3.307802102162528,-3.2983491114712415,-3.2368779563600234,-2.9180891713661556,-2.5183918099123352,-2.163982670646236,-1.9353986979733375,-2.348618303150603,3.152447739826427,2.429642465633076,2.841977175001053,3.1807771164684975,3.307440372045347,3.4951750373798633,3.5630494735040914,3.5786468364544968,3.6345684667474853,3.6606395051413014
0,0,0,0,0,0,0,0,0,0,0,0,-0.3101516058736097,-0.30644243877245986,-0.5618994911331475,-0.8384885168905568,-1.0262818413191905,-1.3614227725536532,-1.560550420677186,-1.6931203964542956,-1.8895086446669878,-1.9920891898655533,-2.0753770700613487,-2.240708065719702,-2.3332179784092797,-2.424367298409834,-2.5806941049720233,-2.6300775086332417,-2.7003719520218605,-2.7505998968526026,-2.747454902272849,-2.695611607737721,-2.6770051326968134,-2.6627108091071054,-2.44659956586484,-2.1796992402889597,-1.8230242253148161,-1.4733771145707106,-1.6031677204021628,-0.8197750704877051,2.175576690487977,1.9709226955454873,1.908080290232325,1.9993667097412984,2.5861194120787716,2.629938378885935,2.73283486566843,2.8668750264616056,2.9259804833809175
0,0,0,0,0,0,0,0,0,0,0,0,0,0,-0.4101871988860487,-0.6161375521564577,-0.87028824311215,-1.1284686686575838,-1.2034894033317995,-1.3236885562494185,-1.519708527660431,-1.6376297792447965,-1.7153187104497,-1.909703834117458,-2.0195720415298086,-2.1414318227973235,-2.34428938023327,-2.405493600885974,-2.450554686077769,-2.507310986867393,-2.4845056224388147,-2.283118490136164,-2.167557686680593,-2.0909231635337044,-1.9898687093590695,-1.9076036986303864,-1.7976617420222554,-1.456074451764757,-1.2756471907780698,-1.0361383375171689,-1.5867387495143146,2.3126205142031018,0.7122235448743516,0.9068423900268198,1.5482448385015464,1.7904952439495772,2.0113441280181275,2.3351327626380676,2.3783945217515643
0,0,0,0,0,-0.2717134833915954,0,0,0,-0.14298145595261827,0,0,0,0,0,0,0,0,0,0,-0.8130497744820543,-1.2931683278864698,-1.4497523815410382,-1.6689617170809126,-1.7348938847761177,-1.7969991088284978,-1.9395849027258045,-2.011788764336566,-2.1001964552786334,-2.1775932062860166,-2.161137925733135,-2.1315759229303595,-2.1292979688113527,-2.1302849614944095,-2.1087459260868773,-2.088022661486691,-2.074064365831419,-1.7942616140030434,-1.646232595270021,-1.4398645924580273,-1.079581491678424,-0.8851246728975453,-0.6709957411314103,-0.7090114559658881,1.6029974748458917,1.218918338258271,0.6039358079131799,1.166426704084563,1.3772809897239109
0,0,0,0,0,0,0,0,0,0,0,0,0,0,0,0,1.2260914331479321e+38,-0.20755053990381722,-0.2364695586954343,0.3997812825860615,0.24607873126218335,-0.22109869264197138,-0.5241013482993765,-0.9084257484854429,-1.122504624055627,-1.4243182825984886,-1.763921601385904,-1.9041448649104131,-2.0581816062006117,-2.162949778214401,-2.175891030776129,-2.1422625161091404,-2.0940614329322917,-2.018756989540061,-1.8643080140139707,-1.8184024497072966,-1.6959780411250518,-1.4845920161303736,-1.4170701522100635,-1.3728893935715993,-1.2395812445122467,-1.1436680064538187,-1.0116182217243912,-0.849766181177295,-0.5000948097202657,-1.2128088248143682,-1.589739578831107,0.5824612962423176,0.9909406167477788
0,0,0,0,0,0,0,0,0,0,0,0,0,0,0,0,0,0,0,0,0,-0.055090666896740234,-0.3871337226853861,-0.7232781148542259,-0.8287736690212155,-1.0256191336463452,-1.3028803497695678,-1.5155496193180376,-1.8219665882170244,-1.9011033054695936,-1.9824513635890704,-1.996649623495924,-2.0266130780516,-2.0050252619410247,-1.9308601337101734,-1.8499997982383292,-1.7735412976546936,-1.675051642122401,-1.5869756652625593,-1.5087616204602863,-1.3163626115623768,-1.1999376857271662,-1.0427960562610263,-0.9413389049278928,-0.658708617533213,-0.5201888587766728,-1.0416758370723718,0.7652523301751896,1.2166907863818512
0,0,0,0,0,0,0,0,0,0,0,-0.07266864066088516,-0.059531473886695704,-0.09109971377091636,-0.10766416666625211,-0.15212418458692306,-0.15557746171109166,-0.24356579267385736,-0.37934068240536967,-0.6116743282733563,-0.9125625263879151,-1.003271821744402,-1.0763565566425917,-1.2418179797475248,-0.40844903999794174,-0.8439435268730447,-1.5314129178908058,-1.6942705415186516,-1.8612256114011276,-1.9657760173233614,-2.083985760394136,-2.1424389348162434,-2.10807011105602,-2.0786313335836986,-1.9846040279217256,-1.910483275544311,-1.8376245175788828,-1.6406526728675492,-1.510282279442937,-1.3883705168168297,-1.2941153574611663,-1.2089785455885254,-1.1371440742327397,-1.0377045606491497,-0.7542830669005753,-0.6024428672890706,-0.5754147913071936,1.2034415264108027,1.275326937343443
