jsons/1312880400.json
{"header": {"parameterUnit": "m", "parameterNumber": 3, "dx": 0.1, "dy": 0.5, "parameterNumberName": "Northward wave", "la1": 40.97354507446295, "la2": 16.46031188964855, "parameterCategory": 2, "lo2": 133.9931640625001, "nx": 191, "ny": 50, "refTime": "2011-08-05 8:00:00", "lo1": 114.97908020019554}, "data":
[rows 22 to 43 of 50, columns 100 to 149 of 191]
0.0004724128958276866,0.0655445504488598,0.1791933481006216,0.21611161826588163,0.24171961759503147,0.2961230065508405,0.31439295955645247,0.34097174548301684,0.37941589949027016,0.41315725783556706,0.4123110139785108,0.4017967160040949,0.38967243493639814,0.37276970728894115,0.3649702017400069,0.35750860475682283,0.36346443164036685,0.36714852712297136,0.4132098818542132,0.452896713410877,0.4584038674889271,0.4655528798594504,0.48117411037049074,0.5021082520874184,0.5320631752168773,0.5718294689782494,0.5585995224956348,0.5306598405342491,0.5583641767335576,0.5598918992892318,0.5586069531214068,0.588573195816676,0.6074749213667805,0.6137746003999289,0.6345834350769771,0.6445333908958075,0.6873177465498906,0.6734920251997238,0.676629375103465,0.6874422831710776,0.7010998906344492,0.6998004452572294,0.6985028332124059,0.7042009837545463,0.6986568687349581,0.7003725113904083,0.6957971011703067,0.6832550935682046,0.6677881950266078,0.6513785423332894
0.23171513392676932,0.2113677997833823,0.2105002779514647,0.22358516935337672,0.2588145752093325,0.31776746370165765,0.33077712018363453,0.33573747830196166,0.3060963292910491,0.3439285686584219,0.36653555190104276,0.36937175912249964,0.3791011380338934,0.3942388148748554,0.3984258716738625,0.42127499336227364,0.42512066948573535,0.4236074057158037,0.4615973558833728,0.47107502698200654,0.45222544338142573,0.44111349492829555,0.5051987980886813,0.5544807188562296,0.5299485811328127,0.5124659471041078,0.5009511047458796,0.4982212559454642,0.5254350215676337,0.5617192508410882,0.5673307285797543,0.5701269162615553,0.5587086217460243,0.5668626961179978,0.6236580929823985,0.6380141453991276,0.6410388308197454,0.6654275558225736,0.7040420156457001,0.7058122101185241,0.7101797331852158,0.7327184294547421,0.7395319514784284,0.7192220685091412,0.762515380072173,0.7268496632140501,0.7033507601783339,0.5794619908347498,0.7399699057395017,0.5841698789160986
0.4186038487895414,0.43693091784984783,0.40772077641986965,0.4128865147099379,0.42900647563703853,0.412944759068395,0.42560805653515815,0.4311884517718734,0.45019981199924947,0.46753404918795793,0.47073467349376236,0.4408833390768735,0.3822216883394719,0.3872477217542349,0.419551894276953,0.437321280792813,0.4414091815353066,0.4435709886146878,0.45281683158414715,0.49119867372813003,0.5069140753454735,0.5385028022058669,0.5614586514867342,0.5569303575191948,0.5614048171521743,0.5890393372655253,0.5931801250922354,0.6205778790889012,0.6327443761120518,0.6396473054696988,0.6329294283550931,0.6164388805516583,0.623423883658883,0.6308866215058653,0.6583616227059259,0.6863716533178399,0.7031852295574016,0.7661543985405215,0.7682536784322882,0.7147003692463894,0.36708387071178017,0.003031820369456639,0.6113328911819284,0.7588306304059982,0.757694149177002,0.641864714707195,-0.0948157800140192,-0.09225570692093917,0.6397345497838665,0.6767094190052206
0.4830977247481484,0.503344292311661,0.4903770693226518,0.48943876712073586,0.5111231024587961,0.5461218892478624,0.5950141008457225,0.62436778148266,0.5690444422668333,0.5572485047126295,0.5857812147479549,0.5628243287720359,0.5610880400375129,0.5544779525025787,0.5724835910397617,0.6464275154434705,0.6240294919059837,0.6203286469766733,0.6016238995339738,0.5866768632074136,0.5717099583865789,0.6105745028156288,0.6052241763513756,0.6138324929793058,0.6599526838489831,0.6774925171901137,0.6757732058517393,0.68330476234392,0.7001259817382456,0.6979102839773808,0.6950452370835251,0.7175226086528143,0.7013720408440022,0.6874951823306813,0.6778240049568915,0.6873623999191477,0.6992092552400587,0.7348213556421339,0.7464683188477784,0.7008440370723517,0.30609607289511676,0.4796746353227241,0.5519801979723806,0.45913473869185234,0.378005270843541,0.38639546683814413,-0.5107202824068474,-0.5888299651442923,-0.7423628052536974,-0.6858266191329245
0.5634364114350376,0.5455799904015758,0.5498171408455456,0.5561707007762704,0.5639190102361608,0.5886858524610927,0.627653030376286,0.6513002363307545,0.6747881656108607,0.6815125788670813,0.6818733973028255,0.6801983542284484,0.6865581529842205,0.6781415379161811,0.6486061759659073,0.6363694568440771,0.6399099306536341,0.6434523586255485,0.6188215415600052,0.6068979954786412,0.5885319205472576,0.5851096302805469,0.604266091352581,0.6117151115314556,0.6453986195577603,0.6434020138529364,0.6529943999496314,0.6372053111977226,0.6830262631127616,0.6958315167751578,0.7047204732039156,0.7221137292034143,0.7146349212554947,0.7147305924438723,0.7241667989280609,0.7080782484900389,0.6788268733648983,-0.7149550581709593,-0.00432405306438118,0.5343589510587735,-0.545767188703751,0.29427712250634547,0.5431354009136174,0.4406556676871319,0.3657252197398874,0.3593197953781866,0.2381458767596035,0.24038803789256288,0.1686974873662822,0.16984752493810476
0.6270570789365287,0.6498115675239675,0.6513173744584217,0.6494675143114758,0.6520170928995891,0.650245159703974,0.6248114259579413,0.6262069912534095,0.6391941228729865,0.6526396303867523,0.6662590075013534,0.6680551259625953,0.6841210003411172,0.7033683938495032,0.6937506741093088,0.6575300972816055,0.6666447385870151,0.6700768696115035,0.6793867105504923,0.6845282143778577,0.679526220726113,0.6620076931180668,0.6522738835535288,0.634694594112772,0.6579747891645881,0.6813148841527963,0.6933565875731393,0.6985651169559799,0.6596951689050261,0.5820854451372414,0.5414939519800446,-0.01996804333309186,-0.30575354974063623,0.4330327208504923,0.6653910891279673,0.6535173967788322,0.6435231127566676,0.6213652353217571,0.5911171968557316,0.578060146596562,0.5392384729100032,0.5265259305765368,0.5286877481255248,0.4176198968445857,0.4192339595464415,0.4198756242206134,0.4598603343329675,0.5263638541874875,0.5499363161809305,0.5645947247549364
0.5731172766950857,0.5836964507161695,0.6009207200767103,0.5908930533960222,0.5799531070122815,0.5737256408519807,0.5641425868739703,0.5707330735334456,0.6042626936219356,0.6203170851009986,0.6295526002025362,0.6365276944525556,0.6289634947716972,0.6233553611924888,0.6369085258152731,0.6488928852488093,0.655465666972667,0.6635635162412021,0.6866588803058917,0.6927145384966711,0.6898060822945576,0.6943128003858068,0.6788693932869829,0.5006931615186809,-0.1316619504898271,0.4305907015462961,0.5721359855952853,0.6413950394983954,0.6477576468283576,0.6359610681149619,0.6034919767785669,0.53991983962392,0.5150919687382691,0.3657242130219081,0.10929065513674431,0.4944597591534933,0.6005920636837708,0.6047879006019563,0.6216957855574202,0.6349639287324472,0.6307395275051451,0.6199717788744968,0.5886271802614252,0.5824392091154081,0.5742523028917822,0.575561528813769,0.5770007694405298,0.551028918992912,0.552877323326453,0.5667739673252378
0.5855579607229451,0.592768378694733,0.5922512586117549,0.6003471094612814,0.59686597814339,0.5752925348353993,0.5683816279886583,0.5596344755153826,0.5710846078181098,0.5773341339953534,0.5865975299282056,0.5919171860433629,0.5986107143388664,0.5852100133779093,0.5992539734370802,0.6263754277350888,0.6393078462442257,0.648118102848348,0.6540114257962687,0.6571542568291482,0.6633455427680406,0.6735658673796563,0.6779630728654477,0.6796297046137416,0.6477193421955801,0.3708782059728945,-0.617145177948982,0.5536452371746314,-0.40351705120609155,-0.45023905608463455,-0.35129343906286914,-0.2748979419448574,-0.2816598000619507,-0.2822157474231225,-0.29231969395961727,-0.3073662732539523,-0.26219092076929557,-0.19725410975669844,-0.10604560035650133,-0.045380954666510376,0.12645151039766095,0.2348923634723243,0.27461216653375264,0.40129179669707815,0.5042317034607909,0.5159558358443358,0.5476467914236189,0.3822549353865672,-0.06962823649596353,-0.6754529456189441
0.6245299950511544,0.6277673584286478,0.6401899007908589,0.6398157379971019,0.6376818544848276,0.6271985935604906,0.6068612505621037,0.5776893943708473,0.5456666606268769,0.5445081266231296,0.5530803175300494,0.5445062394349227,0.5333296545071325,0.5232624889038427,0.5544243391724017,0.5830797715380315,0.5986001875359295,0.6103997456401704,0.6203761167581929,0.627557044406417,0.6323731636186982,0.6467711721445489,0.6489765083012907,0.6540075647435326,0.6400848088155467,0.6249107394591337,0.5872317455004014,0.5562168493829134,0.4094148228981247,0.311914603323892,0.2201725784931953,0.14958506377346711,0.14036923454293757,0.13716485170477444,0.1113522561860116,0.11412496936753289,0.09656526152360248,0.1286385837116003,0.1392021848096447,0.16205720777681068,0.1775280110368404,0.21726666786593238,0.25000083661413763,0.3938539315460314,0.3915642286620601,0.42160156023952383,0.5186841229396567,0.5476024041393559,0.5873662551483079,0.5811771777535943
0.6410712719623068,0.6548661642889279,0.6595837949694996,0.6419613672590264,0.6195157463587074,0.5479307847940759,0.5617805199556417,0.5910863028891213,0.5514416687819836,0.5529571941552841,0.5514416683263802,0.5487432002505708,0.5216300839668264,0.5472898469087122,0.565634796442559,0.6036860565289173,0.596763546271514,0.5893505025790087,0.6143559786763092,0.6276998025332721,0.6421685076724795,0.629327239536498,0.6313964098910758,0.6363252235920304,0.6253267267104587,0.6176680510742831,0.6201463387527532,0.615643089785271,0.6100336690806795,0.5945969349997716,0.5837252303746062,0.5591668712939863,0.5361308877877208,0.5092157968192852,0.495076218040951,0.4725619192734805,0.4755494112383189,0.46083433970340715,0.45446492151466794,0.4615493627398943,0.46487343312112367,0.4796293598424295,0.483762152667443,0.48770112599673104,0.5049637047877338,0.4975167902446025,0.5101175685517092,0.5708670359236041,0.576713712151391,0.5854218793782759
0.6071531122298243,0.5496548910300806,0.3282283910112893,-0.053228466601464984,-0.2412484327361978,-0.09779033464957415,0.317491385814133,0.43464573747064905,0.4929588250364575,0.5074503630190645,0.5199924088227469,0.5258191997194421,0.5746040082672672,0.5606168888443502,0.5609286590416184,0.559366134338016,0.5774018433846452,0.585253511349134,0.6085854866469873,0.6295239171188483,0.6382666254630093,0.6533650995772339,0.6497824417209084,0.6416986226067715,0.6375809032597716,0.6420538239900898,0.6556335348178353,0.6593335960535158,0.6673336828996865,0.6691189875496706,0.6588075951660589,0.6537937674376538,0.6440584862385925,0.6422605605119066,0.6293374901473368,0.6229146029686466,0.6135777213709319,0.6230780775315523,0.6127831956757702,0.5983356360361483,0.5965223212918055,0.5919440117824573,0.5889834149066459,0.5911356682063155,0.5956130583278304,0.5996125175507965,0.6044451572825046,0.6120232289769177,0.6165647748159707,0.6200578895171478
0.558490130940613,0.5676895645019767,0.5523494451592904,0.5098119659422782,0.4740442496926253,0.46538157246550177,0.4829180458862607,0.4990133252198554,0.5138248229270639,0.5124963464282568,0.5241198499040437,0.5339801576913557,0.5623581112663305,0.5701262820581141,0.5712957452144786,0.5627368929629027,0.566116365202633,0.5773738870504209,0.6084765960203562,0.6352491278568384,0.6413294048197333,0.6368116472230483,0.6412301368680826,0.6486840110082424,0.6492236773585348,0.6528422658277837,0.6747163977241432,0.6960180070701425,0.6791647359969675,0.675624084865772,0.6781265056376642,0.6861971434742563,0.6831441442368281,0.6814403824125874,0.6826727840827438,0.6860722579163951,0.6927801690017685,0.7031316042024435,0.6856267069521013,0.6645675130362426,0.6577385361867552,0.6519928977333204,0.6510531498763112,0.6512173731531312,0.6428589866715637,0.6447936424840198,0.6477113435740081,0.6273791600545112,0.6225384347473325,0.6218259507042451
0.5892968574034875,0.59627511623019,0.5882376075078191,0.5705772664336344,0.5595765518616029,0.5477596904376828,0.554925172359886,0.567541674415088,0.5914049796224943,0.6011816834236501,0.6033813516814427,0.6148764316381177,0.6047806680784228,0.5997898293500159,0.5894951020549248,0.590165174675182,0.5954703253938605,0.6154877275885982,0.6241286730029622,0.6226037318745653,0.6284514594404559,0.6541674239228111,0.6618054687743334,0.6608604254528481,0.6631405638218736,0.6716978799114109,0.672287307887305,0.6750075208605397,0.6845157095943686,0.6896670921794437,0.6881473801255166,0.6868386773099054,0.6841034569571294,0.6938600948016727,0.7098200635086487,0.7109018658856052,0.7128398105452775,0.7178297934805941,0.7200986633730445,0.7197461099328896,0.7155790894826157,0.7117753355714068,0.7095406803889954,0.694835853877786,0.6819056381256624,0.6828361677236999,0.6884677421942957,0.7027930622139116,0.7042906152779737,0.7007054443372879
0.6773658257023102,0.6810286399170216,0.6672370346437744,0.6555541454057182,0.622539593956678,0.6195298911120436,0.6134920744902478,0.6084068747075387,0.6135905733185915,0.6198813596859382,0.638918595783938,0.651046844537296,0.6395674058539403,0.6512531284695076,0.6527499050660585,0.6484659036689928,0.6483978695141742,0.6498536954779515,0.6517711305426086,0.6559988525025398,0.6595685714039125,0.6666897466444835,0.6714013115553591,0.6736173719771252,0.6729772602359071,0.6805128410861365,0.690602845561199,0.699126115668531,0.7036380050481016,0.70360838731284,0.7048419921048357,0.7080072491170193,0.7072345248252079,0.7063208625082834,0.7075023751080224,0.7204608344554574,0.7271588069454707,0.733658980018794,0.7359969748196578,0.7381170785316719,0.7336379623772343,0.7383646770857042,0.7169332445640849,0.6853411611225005,0.6398087841983996,0.5251834804223205,0.44865793873620075,0.3628417748055745,0.7191756568418969,0.7529766471944546
0.7383704003831151,0.7086146025365113,0.718034683092173,0.7128443322201045,0.7222410073984129,0.7082195920755376,0.704192036720604,0.6932065973252501,0.6937908127956701,0.6849940984348193,0.6754625309473772,0.6744828823747385,0.6854316152134019,0.6891003468274642,0.6806550914223354,0.6717550421522719,0.6753594205272108,0.6767062100049692,0.6749573883916602,0.6709213241465821,0.6776429517715389,0.6923651897357957,0.6925555474598243,0.702617404714463,0.6983177415250338,0.698143997298072,0.7037925643958847,0.7032370421433204,0.7011385382475644,0.7027653558695971,0.7089557316567137,0.7208281915044451,0.7195874065939097,0.7208573996233212,0.6816314057045566,0.6732007098626642,0.6766857617702091,0.6998895093989168,0.6232505733411559,0.6511697845471296,0.5355783098786595,0.19302011608319,0.023151423807032417,0.4114403428388753,0.7346955084464502,-0.008485870018872589,-0.622636524895295,0.5376826209805363,0.4822424197222089,0.4694736549675141
-0.09237390229074405,0.441567504687676,0.5864960083926988,0.6745974573405275,0.7064081013335406,0.7725562977422901,0.7572462554625765,0.7601044664714847,0.7601938324959753,0.7484070310241792,0.7302134874139827,0.7279571191367538,0.7282144568454739,0.7253563932140908,0.7203132721170696,0.7144435843315289,0.7234596403814709,0.7260341881184089,0.7269534520135242,0.728187662813162,0.7367990564222286,0.7409980048658776,0.7428545192075228,0.7465952820788962,0.7536349374207353,0.7467014858893485,0.7431768110947071,0.7384012278145076,0.6781102753397232,0.6836411051694323,0.7202951941532776,0.7393772353386037,0.7142840689251649,0.7224322632612443,0.6352809642907297,0.5344929977994142,0.1323277627605809,-0.7535961181583151,-0.5239156844663371,0.3237961378610726,0.6233359243846549,-0.28168863793957344,-0.6838363949723621,-0.5722467105692486,0.02702248450028779,0.49069728416484365,0.5694021475390197,0.6428647436278967,0.6663080402841872,0.699311716646583
0.7773720865444008,0.7716168035997844,0.7955307436513045,0.7446022950366123,0.692550285894725,0.6078595199094482,0.42419608563759653,-0.008648449367558117,0.4636267170898324,0.7228021235565699,0.484574557768965,0.614092176284714,0.7014407305685261,0.3938456454284643,0.1803213199535827,-0.29808852506774747,0.6792629447109513,0.05160117117901214,-0.3912920443631151,-0.7700881666396553,-0.31057116542059593,0.16535270585704884,0.6459723853866953,0.7701091168396763,0.7409501588202573,0.7569974588035407,0.7756923916435431,0.7830594065689932,0.7090716307906613,0.6939443583527473,0.717932399548803,0.46190481350230617,-0.07139317494114246,-0.33630468064901153,-0.18389497805619676,0.5448007726975993,0.7214666303756269,-0.6453946835235956,-0.7622331768701224,-0.12441412793329815,0.6852276524617824,-0.13823300672389063,-0.6536984823904628,-0.16492648395325862,0.5350401369771548,0.7178065421551931,0.6495536336850015,0.5845135369792809,0.6152027542607377,0.6553993306276841
0.8286758612131869,0.8230033257352888,0.8372155903144741,0.841356257938985,0.8326682306280289,0.8063788093137396,0.7979959602773747,0.7716854856010178,0.7526321271222137,0.782351381908547,0.8010203564191107,0.6890927004285958,0.7091520283604476,0.6874895814455521,0.7826163055419144,0.7649796307373664,0.7700898070722306,0.769601682207587,0.7898489946868711,0.773144593773106,0.7363996480485467,0.7251626057590191,0.7407908760859617,0.1980980644306194,-0.7067419379200395,0.3384506283616386,0.7937714353630003,0.5090434409297614,-0.5304089068965664,-0.798845435052157,0.0826613586548636,0.4506106254514865,0.3734971915422288,0.4577020811017878,0.7672710084684331,0.7720486167629742,0.7599677286663115,0.6764088066453747,0.6999580811610217,0.7640974399606636,0.6999005908601468,0.5142716520610771,0.35180761717687686,0.6604766214297659,0.773623861170725,0.7543176583048481,0.6902417016319908,0.6799184587384552,0.7091687679589039,0.726383665495783
0.8009119286363751,0.8233436540952614,0.8331346890983798,0.8349433457495079,0.8349431187751329,0.8320562385805391,0.8404628727002063,0.8446187958986203,0.8507894979976363,0.854044326125335,0.8417579968244664,0.8416721928211374,0.8434594218621473,0.834527627095514,0.8317254223968051,0.8293788535569045,0.8234064719046195,0.8185285281655632,0.81950165685338,0.8211664870558892,0.8164507875355816,0.8065649801374821,0.7901299743543744,0.7878594060115435,0.7783563242585197,0.8308630200925742,0.7552400484806641,0.3996744476000348,0.366000197088628,0.7290513552260515,0.777151565723604,0.6674215583831316,0.7642908104075462,0.8041526302672625,0.8300804396282185,0.8167150876613186,0.8260038568745705,0.8213470295665137,0.8182046470693389,0.8137744342122855,0.7847526751180691,0.7828705440421037,0.7735132689283011,0.741372939514225,0.7386086079924526,0.7455177642122582,0.7541523264474892,0.7281151114226275,0.7114419577285899,0.700348571708643
0.8219829854484093,0.8357067126782483,0.8247105397319072,0.829804507466455,0.8407404860599613,0.8629257815573809,0.8786851340379531,0.8863777184788034,0.8894770649465021,0.8887038595356443,0.8875039540955545,0.882984930921289,0.8835142284433408,0.8765127787892856,0.876231080576856,0.8693510314859674,0.857119389980699,0.8538203796232334,0.8520308111268192,0.8473774847188531,0.841969885686047,0.8413065588585045,0.8441909823708219,0.8424890921395602,0.8448972464439306,0.8417985020127666,0.8342434543761004,0.831069978211775,0.8311839016648309,0.8357076215488265,0.8357542114917103,0.8333523725906407,0.8278906480434134,0.8211955782231686,0.8038275373924488,0.7933984586964504,0.7952751652207032,0.801487788487704,0.8008636688178853,0.7935998469196739,0.7944991126055023,0.7952046396568802,0.7888418922848572,0.7787318827908771,0.7607705687884954,0.7268324201427185,0.7005130305130381,0.7045229659877265,0,0
0.8000361670936567,0.8287587231731284,0.8522586401418724,0.8660410875731815,0.878119981410123,0.8885365614217637,0.8998998862936127,0.9099890873393169,0.9279088139492454,0.9294827513401303,0.9172836664604438,0.9136660257739587,0.9095982499619321,0.9057035451836359,0.905742260123385,0.9052157612741327,0.8935543404101608,0.88340788743801,0.8756921390436481,0.8807108887571425,0.8685064891311035,0.8636200890227412,0.861025244250839,0.8596000083734954,0.8706026012154058,0.8705549109284332,0.8640756023896953,0.8530677578049307,0.8395045066692537,0.8364872790994698,0.8334494336012853,0.8174891932792129,0.8109342029900495,0.8061202755121148,0.799670302268182,0.8027074508298357,0.8047548945844348,0.7977403249266709,0.7841073480722396,0.7686640145512964,0.7595203514022019,0.7455693904342595,-2.949034474820499e+38,0,0,0,0,0,0,0
0.884208818473491,0.9041548794773127,0.9544510989035844,0.9753354200448294,0.9581868329294667,0.9109204150514293,0.8955027701630917,0.8988632931652927,0.915080315181468,0.9150525532024063,0.9150269021254763,0.9191783718226826,0.9424318180409539,0.9369238833032695,0.9203782653664784,0.9102552455381628,0.896597786357602,0.8930223542229059,0.8899637067573573,0.8851157352833429,0.8752910700035197,0.8460955575440129,0.830896025909667,0.8242426255927848,0.8402598776306182,0.8346189496691464,0.8294185065478739,0.823970939234309,0.8038315683117895,0.7877736394764056,0.7823533716071847,0.7814204815787796,0.772847246785987,0.7652056469653491,0.7387747085870668,0.7208158666648211,0.719483156741973,0.20949328773968395,0,0,0,0,0,0,0,0,0,0,0,0
