jsons/1312549200.json
{"header": {"parameterUnit": "m", "parameterNumber": 2, "dx": 0.1, "dy": 0.5, "parameterNumberName": "Eastward wave", "la1": 40.97354507446295, "la2": 16.46031188964855, "parameterCategory": 2, "lo2": 133.9931640625001, "nx": 191, "ny": 50, "refTime": "2011-08-05 8:00:00", "lo1": 114.97908020019554}, "data":
[rows 22 to 43 of 50, columns 50 to 99 of 191]
0,0,0,0,0,0,0,0,0,0,0,0,0,0,0,0,0,0,-0.4649249946366206,-0.2769981625907731,-0.3625381584012542,-0.16070392998154787,-0.1254808122170087,-0.4122543921544213,-0.36236138417981467,-0.486434743963769,-0.4828626280787124,-0.4237032071520289,-0.47713606035770084,-0.488616103204878,-0.4677228209497715,-0.463125217621471,-0.45472166819911797,-0.45153352769826216,-0.4538261587292747,-0.4639753572294884,-0.47911235231689425,-0.45896597278669776,-0.4538344075103142,-0.36972081797818024,-0.35455466069950914,-0.3368885516823962,-0.3235687857235731,-0.25898410219391976,-0.23823197142886585,-0.21819897863178828,-0.16659794676501902,-0.14317019706531775,-0.12767519150082846,-0.07489503853257262
0,0,0,0,0,0,0,0,0,0,0,0,0,0,0,-0.27779933308593235,0,0,0,0,-0.3510302628809161,-0.4832472536938105,-0.5721700153855723,-0.5674382321870647,-0.6010826795698331,-0.6372232875812042,-0.6535307764490628,-0.6654147794233857,-0.6876890859512274,-0.6908629809535065,-0.7118901569247423,-0.7290296229987837,-0.7303072940010575,-0.7103803776047004,-0.6824002221863005,-0.6542512824688186,-0.6131960950057485,-0.6222878014871197,-0.6219681312829647,-0.606776409148193,-0.6081066691747126,-0.596134933625446,-0.5936089756644448,-0.5115710328149109,-0.5043149483713101,-0.48654991372639406,-0.4312094716313247,-0.4088970677801919,-0.3928277326205048,-0.3253388247395592
0,0,0,0,0,0,0,0,0,0,0,0,0,0,0,0,0,0,-0.47834043724010494,-0.5801740458188024,-0.5549509621954011,-0.5986532426928689,-0.6724511011389451,-0.6925216969641342,-0.7536665949275104,-0.8117745579623863,-0.8335436271614901,-0.8664203790787257,-0.9129334288843608,-0.925967080083614,-0.9075641252844151,-0.9148828296854966,-0.9305830786826612,-0.9329787348539279,-0.947010054003424,-0.9359388336116959,-0.956730876819148,-0.9556345758528584,-1.0142995832076014,-1.0447813824625976,-1.0499442767319704,-1.0960237489575415,-1.023526095615163,-0.914188704281069,-0.9180997931456885,-0.8655828615723437,-0.8079402663926336,-0.7698200881029795,-0.7537331474668383,-0.6801787685905931
0,0,0,0,0,0,0,0,0,0,0,0,0,0,0,3.3038944722661223e+38,-0.5424783904113474,-0.4756872515680815,-0.6113930265334775,-0.77392826336132,-0.8187631193268805,-0.8620188321630319,-0.9400699286574846,-0.9940428276223707,-1.0507132462803759,-1.0849323420505006,-1.1246447284436885,-1.1046217145645865,-1.1541474235002054,-1.1795308216964864,-1.220416332121466,-1.268532411626761,-1.310628439957582,-1.2865055572303146,-1.3244938512662858,-1.3555485885012266,-1.3467222992346752,-1.3430108348125263,-1.3755322729054735,-1.3662381932849128,-1.35845101763448,-1.3921497375648044,-1.3640046950575135,-1.3590986231088338,-1.3984375067630062,-1.3920043546431036,-1.4104607879613447,-1.4237413595446362,-1.3786498536278,-1.2816053831547534
0,0,0,0,0,0,0,0,-0.2532462953215543,-0.2995322654311477,-0.4093735288568422,-0.6023992090324619,-0.7452526622258533,-0.7471111245682778,-0.7018636061989989,-0.7387716427849823,-0.8221043856603047,-0.8801132089994133,-0.9221196828545204,-1.0217660886142268,-1.0788149294918683,-1.1053836544789712,-1.1691859396382154,-1.1983385938028686,-1.236009183364059,-1.3098623027006966,-1.3408631042953174,-1.412184723337259,-1.4756521795146391,-1.5169259769764503,-1.5782297657679167,-1.6824476349093025,-1.7074681631068636,-1.7321301057293994,-1.7569249133056697,-1.8514984717479899,-1.8686970757125057,-1.8908440589774271,-1.9989219722797666,-1.9424248393756711,-1.9518263704340761,-2.0391787654084736,-2.032714054452553,-1.9958908534138615,-2.109209034127629,-2.0866886986960695,-2.058702023871254,-2.104533928462064,-2.101065604014624,-2.0900857126153976
0,0,0,0,0,0,0,-0.4161680625123098,-0.6040845915151319,-0.7620523560888739,-0.8066664627364784,-0.8530507295282522,-0.9292414253434546,-0.9781383250803343,-1.0590310890334471,-1.102576080791515,-1.193674304917787,-1.2183028854345266,-1.260723035264874,-1.3248457307131576,-1.3612250423782193,-1.402841895376226,-1.5018672281664351,-1.5538225841569362,-1.6294832881047618,-1.7425588200514217,-1.8023946592762292,-1.8398290162163233,-1.9536057578553987,-2.0066569207369094,-2.065382649652385,-2.1670274550413744,-2.235889862016953,-2.2819238588570636,-2.3554976676502895,-2.4588337551504673,-2.5049217333864475,-2.550077177515278,-2.645826887875365,-2.6871619124124395,-2.7206483329491724,-2.8583561122367245,-2.926363140724737,-2.979573934390812,-3.1439168032090854,-3.164139122982418,-3.1866636727646434,-3.316399162234387,-3.325395094364167,-3.3119151198542935
0,0,-0.5447047757204307,-0.5358630262114654,-0.6215597494509785,-0.6582055854396449,-0.7954113219584478,-0.8478381328190656,-0.9097375102391942,-0.973128335350149,-1.0288629979547002,-1.0977766291338826,-1.1823968208943962,-1.2333068432777752,-1.3012449916578541,-1.3517122263341301,-1.436018552358546,-1.4580058839914853,-1.517216950353785,-1.6285526242393502,-1.7176993957850895,-1.7438857100251786,-1.839774086930863,-1.9022641210866622,-1.9784937450001865,-2.1105050197178206,-2.14442755053881,-2.2814821922164694,-2.4174983756866797,-2.491845374149258,-2.57989429824238,-2.725257694482471,-2.7830630548312865,-2.8785777469875145,-2.953209975960747,-3.1289785367220406,-3.1647408696522863,-3.229466178376055,-3.4116661740558536,-3.5329032738474675,-3.570533067335846,-3.849258337183898,-3.914877119455349,-4.01359064630818,-4.196427892573937,-4.280461779766656,-4.404096894174814,-4.651438972559587,-4.766501275700367,-4.672420264318371
-0.5580797760041466,-0.6122213327890448,-0.6954930341561695,-0.7948293184459613,-0.8653766766593592,-0.9319211634020996,-1.0197916234852344,-1.1508216598338206,-1.195191831649886,-1.2173725791158865,-1.2361425859669313,-1.302883754363436,-1.3628109502770926,-1.4119571577519656,-1.4429158468319683,-1.5147163747982484,-1.6076449948413212,-1.6900331942041136,-1.743812525675454,-1.8520457282308718,-1.9301818728220166,-2.0138014235292765,-2.15659631390944,-2.212186932277386,-2.3093330359249,-2.447231346198835,-2.5186238050723277,-2.6171776344383995,-2.786707139793852,-2.880679305921322,-2.991908508948971,-3.1685438996958197,-3.255589932005506,-3.401837782407276,-3.527323368475301,-3.724620740164523,-3.86807039734481,-3.9340320082762346,-4.129649787791624,-4.279513440165607,-4.380238838393989,-4.662621688949515,-4.8021372027086615,-4.9978901656128745,-5.281059199454942,-5.456968447209496,-5.637538828521515,-5.913461360777093,-6.040666085562899,-6.144848388663767
-0.8380592116612026,-0.8737028332526268,-0.918118266779493,-0.9991286876344089,-1.050821369948714,-1.0932367229780982,-1.1576059543870856,-1.1992213210082492,-1.2709527919271562,-1.336429047285589,-1.3943896923690888,-1.465701798873852,-1.5612123729487273,-1.6153883401271198,-1.6818407245156388,-1.7337566177192705,-1.8321813862280536,-1.9011839610578263,-1.9689897001457592,-2.0876803011447516,-2.1900237317419546,-2.2649267713916355,-2.401833925385869,-2.478735669029148,-2.572252681506202,-2.7446703946833493,-2.8309597937290083,-2.965206712435786,-3.165748488190567,-3.2500435617267627,-3.391532115484423,-3.5917219689042135,-3.6689558122650996,-3.836878968709196,-3.947894821932581,-4.185121993987258,-4.394754563105977,-4.470150448936829,-4.747308658989025,-4.937595759585254,-5.027233394646449,-5.3186555975735805,-5.513100319294983,-5.7283623528664664,-6.051570290350723,-6.252040379962743,-6.491026432844033,-6.89159615681334,-7.030556228187893,-7.299059826875151
-0.9630547892815969,-1.0178995355111449,-1.0622718932907218,-1.1273937048905975,-1.1912336117440219,-1.224555552635404,-1.2862936549636403,-1.3455874796950709,-1.3973149387778365,-1.4882328326622134,-1.5495126023676151,-1.6213675203597424,-1.7311183202195939,-1.798908443779497,-1.8295424517685035,-1.9166648685514942,-2.0105732321836047,-2.0906560858007937,-2.1463289754668726,-2.297161549309566,-2.3605133603500694,-2.460884307091702,-2.6120862113382954,-2.7268905103873156,-2.8402483484271315,-3.009282714134882,-3.108662996713592,-3.2039156673845914,-3.3630861014171587,-3.44992286008711,-3.6033517937630024,-3.7711944354770655,-3.9153856252539536,-4.059702245902398,-4.192325490544522,-4.435583797915909,-4.638507582396789,-4.7539719479193145,-5.0713176485159055,-5.163856272258779,-5.365124849977189,-5.695872928468086,-5.880185633941507,-6.026796259550929,-6.349485710529755,-6.567610173100342,-6.781274075525723,-7.168091976831481,-7.38823819211696,-7.582347849269733
-1.1381758569002174,-1.182883248904095,-1.2054990232795981,-1.254056650461969,-1.2996495813514328,-1.3419716759166758,-1.3803471998550032,-1.4246853040939333,-1.4179915677468746,-1.3454101408146324,-1.2670402400175187,0,0,0,0,0,0,0,0,0,-1.9841024204403093,-2.265951613949829,-2.518052941289714,-2.63194719102027,-2.7403032231375963,-2.9118345762008637,-3.0272267069674137,-3.10027902439077,-3.2866661077721266,-3.3434158256634174,-3.419106199159828,-3.656156394693923,-3.7745339803769675,-3.8593934385498714,-4.029290805526251,-4.333301047449612,-4.490503798597657,-4.612443901511528,-4.885194718215137,-5.095145320320587,-5.242973235803983,-5.577279164923889,-5.736905043626019,-5.857290535408922,-6.219858244458098,-6.350460893182219,-6.515904843523515,-6.848403452597962,-6.951838603423044,-7.058793364998902
-0.9770842554718723,-0.9840494332186849,-0.976501635185939,-0.9540904356445814,-0.931560178957601,-0.8979107350512131,-0.7978486136993311,0,0,0,0,0,0,0,0,0,0,0,0,-1.6175716336740604,-1.8760346924654716,-2.068775732671562,-2.2918578908427136,-2.356830814004706,-2.4640555714629824,-2.6076621909754563,-2.6874194454555487,-2.7684278402739997,-2.9116976702565815,-2.9874648745300276,-3.079328272770592,-3.2679731108209475,-3.359393838884938,-3.4151818467547734,-3.555778453445347,-3.7901599444375447,-3.9414533978942834,-4.1094993144480805,-4.230269561678008,-4.416291789256459,-4.50605647847168,-4.190651530864428,-3.8480769401636206,-2.714542875547945,-4.92390555894236,-5.314571561265201,-5.416615757689344,-5.678320201334477,-5.76317698768247,-5.821549452526661
-0.6971564594823397,-0.6617112537629387,-0.6515484391605652,-0.6266125940599571,0,0,0,0,0,0,0,0,0,0,0,0,0,-1.3035183189827788,-1.5660644814130535,-1.8403305359078221,-1.9114355330936164,-1.9839653949458853,-2.1292447132063055,-2.1774542418406364,-2.223852367588444,-2.3336682069542687,-2.3581875618882187,-2.4317710610820495,-2.518392886594419,-2.5683039020665794,-2.5741890638277423,-2.718816012552942,-2.815731161524256,-2.845440700553196,-2.8385034094243986,-2.9230045858819342,-2.936857880719794,-3.030196819308692,-3.2289755876516124,-3.529882991212152,-3.6952450836633277,-4.165953490824207,-4.32896844817393,-4.495981690822114,-4.796174315099096,-4.974997117584524,-5.096020463391389,-5.468909145161601,-5.64896967765706,-5.759568302621252
-0.497528182940461,-0.41897202568506564,0,0,0,0,0,0,0,0,0,0,0,0,0,0,-1.3381557469890593,-1.4259399602157512,-1.5563225388821424,-1.670127882725548,-1.7150017180068806,-1.7690056006215236,-1.8501002868038494,-1.9007691954420987,-1.9398349063740246,-2.047145572706844,-2.081649839983986,-2.1345177596504192,-2.2431346388776894,-2.2981148238264044,-2.3582958461063557,-2.5607569049217664,-2.6823880368475383,-2.8881973335046216,-2.9858507981734723,-3.251971544322134,-3.349014056758593,-3.5358529503781138,-3.822829622121581,-3.9214168981253685,-4.091049298543791,-4.357681963366176,-4.449732537736101,-4.574443622164927,-4.813113420418649,-4.9290329536753745,-4.965445569388282,-5.184656740925508,-5.230308779917451,-5.295011346117448
-0.41188598211786104,-0.2121333119450931,0,0,0,0,0,0,0,0,0,0,0,0,-1.012822054377701,-1.18347788962961,-1.3939413968381298,-1.4718903427084569,-1.5411648214033928,-1.6433715009131964,-1.6961757606106633,-1.7475376710570503,-1.8619703925279456,-1.9268685926860587,-1.9701123825967848,-2.1072276664347402,-2.1829662727204946,-2.266737509664428,-2.430745067515208,-2.515546026387792,-2.6237783490004962,-2.849676956248905,-2.9409064109028447,-3.098166156865856,-3.1901797155084597,-3.4426141351356434,-3.5388888346781924,-3.6604547374269263,-3.8906193832448492,-3.9626434657080205,-4.076885047176222,-4.267711440683544,-4.340478349255711,-4.4266970623380235,-4.590183825068899,-4.653433561716712,-4.686767232230019,-4.834092921920381,-4.8750290835419765,-4.896859278825804
-0.3828483779425155,-0.366030475553358,-0.3460729987495132,-0.2997855999534779,-0.43069154989792097,0,0,0,0,0,-0.7755609838692649,-1.0488426101761639,-1.2522778247776165,-1.3441563889304038,-1.4128053167016794,-1.4752865209314876,-1.5871302053762821,-1.6343096765879896,-1.6873433723757465,-1.7825788029813603,-1.8352391345798247,-1.8929137909274343,-2.032611873136923,-2.0778294352773155,-2.1576417804687025,-2.293719647690817,-2.3576443735804826,-2.447059632774824,-2.619413630620367,-2.6893677479089804,-2.78343287072747,-2.953499339593023,-3.052478270408433,-3.1417837586469295,-3.2547955665687516,-3.4141611469628614,-3.490005986978262,-3.554635557171734,-3.6783157018313855,-3.7879200940116404,-3.8476509339003533,-3.98466144823875,-4.03153046832573,-4.11731304131153,-4.2438464478502915,-4.302711700640519,-4.307564301147598,-4.391643741579764,-4.449355974950003,-4.476020984531973
-0.3631194857221391,-0.36429269447754004,-0.3717947170163159,-0.3991467670946293,-0.3786909830429512,-0.40226092439641836,-0.37470474993455394,-0.43928585631231853,0,-0.9521639829038147,-1.072777164872304,-1.2323167258336005,-1.3734616562846385,-1.427327382880873,-1.4903361410262543,-1.5418297210787557,-1.6475846441882984,-1.698275104021374,-1.7303518717604773,-1.8331524959342382,-1.9051800589399943,-1.9545955274971338,-2.082773869090783,-2.14197347205151,-2.1795519185571237,-2.311090188660171,-2.3831201008289438,-2.4404248902413537,-2.5819806057910357,-2.639182241112599,-2.7422931150076795,-2.8931881634851786,-2.943453462611343,-3.0184097489257007,-3.1202548366622964,-3.223807104394865,-3.285642929258452,-3.323326907609321,-3.431497855532893,-3.4991253176109587,-3.5631484376393354,-3.659649337164194,-3.729572452233517,-3.7330788423876613,-3.8597875313815635,-3.8937590449585446,-3.9369693094058142,-4.0190928146681495,-4.06434194006971,-4.047505905259577
-0.834605277890998,-0.8626977892655628,-0.8792075880329027,-0.9870705709459094,-1.0138455919463847,-1.1002072282837498,-1.148552957256315,-1.178569065637109,-1.2098623036230238,-1.2808663463273398,-1.3044581198426508,-1.355417909583786,-1.4453791719811957,-1.4829184864219827,-1.528685426156948,-1.5750878371152237,-1.6736983291611653,-1.7298322358124978,-1.7816877076792146,-1.875199385144043,-1.9494042777153258,-1.9750681423622218,-2.0657989243905845,-2.1315323560653976,-2.188975639129929,-2.292442985231912,-2.3296665556541223,-2.3922747441970205,-2.530287026056065,-2.569506445124918,-2.6685642723175578,-2.7665492385536794,-2.8330979698441383,-2.873679229632145,-2.9246497761892964,-3.023932717087545,-3.078540830442519,-3.129961469795004,-3.222770479774414,-3.265223016974157,-3.295353324027699,-3.400065472353969,-3.4375564164721015,-3.49113597679297,-3.555724933477029,-3.591381711608673,-3.6122638292671385,-3.724703513108185,-3.7449460024006114,-3.7461040983450893
-0.969946573195591,-0.9888346253935852,-1.0065124432083852,-1.0788192832517123,-1.1129559077872855,-1.1350722273891813,-1.225124625140336,-1.2314213267699237,-1.2622934175433937,-1.346837407552024,-1.3942258962119456,-1.433937999667569,-1.5187473138164973,-1.5555503933424057,-1.6000752780344432,-1.643140932701778,-1.6980749680948828,-1.7536158276167213,-1.7787429589696397,-1.883793444843851,-1.9121072853803889,-1.9553753396179279,-2.0320546519386333,-2.0797002065113497,-2.139930906399815,-2.2312304573123396,-2.2798175460061967,-2.332659749451855,-2.4098921120019865,-2.4672108572311573,-2.530268832548858,-2.599403098925862,-2.6431143290763766,-2.702178436568886,-2.742523046442373,-2.824640692135971,-2.84374967829288,-2.8964310779050475,-2.9685790306231112,-3.018931206346233,-3.063425881980582,-3.1162282050650645,-3.179409577914643,-3.21778653268319,-3.2749617952365333,-3.2839490879088635,-3.319260562765062,-3.389432041103629,-3.4092041327132545,-3.4316745259565615
-1.025080395539582,-1.0632597710109428,-1.0609613453502613,-1.1385442571961446,-1.1545717043558337,-1.1940542334611497,-1.254855628515246,-1.3016671017304338,-1.338617303168857,-1.4099638429549102,-1.4258935216952893,-1.4632382247132463,-1.5119161646932897,-1.5544869210555934,-1.5965299865541984,-1.6242108635593966,-1.6982083545003166,-1.74898068264689,-1.7845230082008667,-1.8611055655115045,-1.9096085022857663,-1.939862461610307,-2.029552701440111,-2.047010323882083,-2.115008564575224,-2.1900043627717394,-2.2317820789362943,-2.2939389585268843,-2.3456658866145457,-2.388696045720302,-2.4107921915626256,-2.4791119078127233,-2.5179577898867294,-2.564938460632642,-2.6026179411985124,-2.6565906023393966,-2.676600057880166,-2.719503227487416,-2.7840275385042474,-2.8335849716608035,-2.8727895035519255,-2.903664497357083,-2.9439645356002537,-2.976941601682134,-3.0206205683694822,-3.060327090555785,-3.068176642160349,-3.1165866153948425,-3.1357984312319775,-3.187141465535264
-1.0679852848281721,-1.107629391154562,-1.135069419702823,-1.1944956177323078,-1.2140461003393197,-1.2434245108123132,-1.2856859622034382,-1.3137217990223058,-1.358109643809142,-1.3899394163417391,-1.431938989420797,-1.486032077464198,-1.516604727974098,-1.5608210465847658,-1.6125424200261103,-1.6196811909334636,-1.6943658103166217,-1.7417326961153736,-1.7660181286840722,-1.8411391499227698,-1.8918865565400969,-1.9238028989169598,-2.010361601737321,-2.027998136918706,-2.060752752206764,-2.110247507501185,-2.133341859958689,-2.1723955647031428,-2.2135541822755305,-2.2360644517485833,-2.2687276230612357,-2.3174731606380257,-2.352124338849536,-2.379017745484253,-2.417199057387199,-2.4536616444872523,-2.4965373412580507,-2.533771050345582,-2.607162487439983,-2.621391642141362,-2.6482464638580296,-2.7145581454390038,-2.7500691096352203,-2.7703128779365316,-2.7987601816622436,-2.82978437043848,-2.8654121463759883,-2.8861251964270562,-2.9117032778328507,-2.942301866966632
-1.0997203334124557,-1.1172472104410929,-1.1379344552000263,-1.1957136036486589,-1.2272795957371254,-1.2505302549915778,-1.302321397674968,-1.3167480029281624,-1.3579894679900895,-1.411567983744834,-1.4243337067529278,-1.4677929695903509,-1.5501110748671636,-1.559564830704823,-1.5914574834954605,-1.6442815934960562,-1.7040190263081252,-1.732842576823712,-1.76816664687643,-1.8129318221825161,-1.8487831559372634,-1.8672163271439675,-1.902212877922135,-1.9417890755652643,-1.9776085229430267,-2.008644780193358,-2.0366120092913422,-2.078341941716715,-2.0873916276950033,-2.115214419672609,-2.162437146385704,-2.20375037654422,-2.236125754938449,-2.267085432872147,-2.2800144676701217,-2.326382712401686,-2.355741755526062,-2.363264698367704,-2.431326494710189,-2.4714007761906425,-2.4900593909912176,-2.5371977155793073,-2.5432449086238513,-2.5759014961011304,-2.6435623159094312,-2.649345402885289,-2.6605693860707698,-2.687779726984133,-2.70426573168015,-2.737962975375175
