jsons/1312664400.json
{"header": {"parameterUnit": "m", "parameterNumber": 3, "dx": 0.1, "dy": 0.5, "parameterNumberName": "Northward wave", "la1": 40.97354507446295, "la2": 16.46031188964855, "parameterCategory": 2, "lo2": 133.9931640625001, "nx": 191, "ny": 50, "refTime": "2011-08-05 8:00:00", "lo1": 114.97908020019554}, "data":
[rows 22 to 43 of 50, columns 50 to 99 of 191]
0,0,0,0,0,0,0,0,0,0,0,0,0,0,0,0,0,0,0.3973563094756749,0.17469849817089625,0.8909896270173229,0.2213072338551085,0.3910819581468241,0.4488850812111979,-2.6994379629860163,-2.2135230349022605,-2.1848789913779725,-2.001181819861302,-2.1245040224055245,-2.1152598901147326,-2.074713827673702,-2.1159096366908248,-2.1746311739873305,-2.3211773367851194,-2.50804914947599,-3.0058716130747194,-3.4986806500017185,-3.88728182341217,-4.170284648635388,-4.269347954695274,-4.520453784944085,-4.846655697148555,-5.113163631482234,-5.865385059383047,-5.932989130193108,-6.046037568891548,-5.787210684526526,-5.6072258468998415,-5.565780758328347,-4.9726045211744845
0,0,0,0,0,0,0,0,0,0,0,0,0,0,0,0.08606395390290535,0,0,0,0,-0.359273197884279,-0.5297771151474546,-1.108346122106368,-1.2315507648455102,-1.4901428133780807,-1.604582108865538,-1.4856027020156812,-1.2372903133486635,-1.158666299927558,-1.0846414326937888,-1.0560316180123026,-1.1026342752129858,-1.0857025795365396,-0.9026477676192635,-0.749014363875922,-0.41820036562775426,-0.1971472315090227,-0.25083056798324843,-0.29511879025475396,-0.41382621507472195,-0.4366262140786782,-0.7362030748893182,-0.6579804697933367,-1.6842504471100892,-2.13707617814619,-3.5008714924688284,-5.382934790091701,-4.576403750922209,-3.564107273380792,-2.431828739196637
0,0,0,0,0,0,0,0,0,0,0,0,0,0,0,0,0,0,0.02727337091462605,0.08674336078768304,-0.40535359929667825,-0.5532141734766314,-0.6383322506195388,-0.4858418427399108,-0.24350425084681818,-0.13603276538147158,-0.00647189429539361,0.2856748810206151,0.4179012848951109,0.49708258964431645,0.8316471912037261,1.0176762966553947,1.0944428727742346,1.2043548772837378,1.220080790441399,1.294895721481096,1.5022226928313185,1.718700774299019,1.8655502399729447,2.722347353645251,2.9928794714982256,3.34030330015523,3.732535758829661,4.553962815534338,4.543842042231596,4.827661790135142,3.5861983968587703,5.205069665400073,-4.942701273499691,4.1163805620320835
0,0,0,0,0,0,0,0,0,0,0,0,0,0,0,-8.1454825486999445e+37,0.1938017861636212,-0.697585566981246,-0.6087064647670553,-0.5231843237752906,-0.18514945263345475,-0.05780725948167456,0.03523917578393588,0.1788174893699846,0.45008480337039974,0.7015522537820315,0.9313430138108914,1.3283123587954504,1.4783348230466447,1.6388743925969094,1.964760486624824,2.1425909632417923,2.2750506617146384,2.440890850811313,2.6605465428136954,2.8713927539517363,3.316056720575066,3.5140685382217605,3.8022188976218922,4.152142864320993,4.290716886932501,4.445136173682102,4.648425453176074,4.961380548190483,5.0533042677554425,5.169708404201495,5.326817256313631,4.724090635383712,4.963607407540145,-3.112298907746832
0,0,0,0,0,0,0,0,-0.1807909330993629,-0.5316479856093906,-0.37878541966645984,0.6543210482537466,0.8781815533240442,0.8966197275714989,0.5943202170525926,0.46482182433917324,0.40345615795842826,0.25899342893142274,0.22658253188967195,0.2478050041527331,0.30830252028053334,0.5034740974005442,0.7527889896564092,0.9593357336513514,1.171059502226848,1.3224130599454698,1.4778897267640363,1.617605195973308,1.7923667063155522,1.9123569564298144,2.1199435745354904,2.336479345831142,2.457579949109086,2.712598260995282,2.891614571290863,3.124725801526666,3.5272862786529053,3.6860027969605773,3.941162721038937,4.1264474189135925,4.254863518581649,4.332186307291092,4.44149953592771,4.67334204368652,4.680809648920861,4.7767596529719984,4.695477495485207,4.5939194549545075,3.7450106446275697,1.4526000441552198
0,0,0,0,0,0,0,-0.894371043356608,-0.6923578742868534,-0.7373806417706474,-0.6686576550460419,-0.545201280685662,-0.5639053266842602,-0.5315592176433233,-0.5002236042153931,-0.47388324698609763,-0.5048779043557726,-0.29425565029615613,-0.1382156887414338,0.17133943716192568,0.49068304013030134,0.5548175036944113,0.7178808401026363,0.8005047523643055,1.0170533435426554,1.18251416251214,1.2986508750875159,1.5820502728950316,1.7503182169686213,1.9194779511515874,2.197567799076708,2.343869675674776,2.46582588394713,2.7355563138281602,2.8942381227574763,3.0409822439615932,3.2284718555884644,3.3744747471894896,3.5067973694819634,3.7274987919318483,3.8372461346269766,3.9353520380945577,4.014606720464495,4.19585948029516,4.2524201080228305,4.310583885976588,4.444677723575246,4.463631153468812,4.502540157201341,4.529659611681073
0,0,0.1938356294233719,-1.2461370221727155,-1.3940759021836446,-1.3232388884855377,-1.4078228948482718,-1.3222040090792788,-1.1127138696176941,-1.1170707283799088,-1.062159101633797,-0.8971430066737541,-0.8820111232306267,-0.8213299373250846,-0.6970473092642847,-0.6025204264466655,-0.4647126660601382,-0.14487416880065954,-0.06937936388474875,0.05299189201371037,0.25775213463044855,0.38410366116616756,0.4733611713237615,0.5691240585426763,0.76727839625164,0.8885395510946492,0.910294903008794,1.1292630315653038,1.3814360023103327,1.5221147676607907,1.7607530936400706,1.901512561968759,1.9860531597160747,2.218840875958907,2.360574597687171,2.4537945029473516,2.774647146518993,2.971888088452642,3.038293466915176,3.1922310789543293,3.3383659582043825,3.4055822565490663,3.5351517178926457,3.6937978525908326,3.7465264304651367,3.82722334140241,3.9083601025412116,3.9256022959892793,3.927687230383074,4.02597336916658
-1.3167855685968062,-1.391768378288556,-1.4857229185723433,-1.5795204064393142,-1.3796806298197388,-1.3906003434810712,-1.4494247811031649,-1.4167524324670093,-1.2881412113890098,-1.3182247230107524,-1.291216430828775,-1.1669775286026955,-1.1082399606986295,-0.9614327957022376,-0.5960351789609734,-0.4662891488408627,-0.38686642616877825,-0.22846181432052048,-0.13583619329439806,-0.0486115938323161,0.11157033524202414,0.19874604669917853,0.2952495591919553,0.37572880441909623,0.5668968147832598,0.7006644000225217,0.7996189005861375,1.0069598771036776,1.1231722500388155,1.2417840910816471,1.4691706048637678,1.6022522776589374,1.6914657914823947,1.9533732756770124,2.09289970283706,2.1746103373170356,2.383608987482188,2.5199937916788957,2.6372088888973866,2.8154980218724717,2.878827935035123,3.0058252773387206,3.090176319096951,3.2774950989597698,3.3659773430009388,3.384279607715741,3.523951214552168,3.5476621223122233,3.553235451866747,3.6460721287483024
-1.660873275881998,-1.5811910010199859,-1.5881592956803443,-1.5932243137767925,-1.5274692415573259,-1.5011597702086434,-1.520090095955931,-1.4867325133773601,-1.345305462099627,-1.3345585785496448,-1.2641208395262369,-1.065884827972025,-0.9219446215469602,-0.785952940601332,-0.568469935706926,-0.5428093806403526,-0.4786785405492987,-0.3934930638227512,-0.29161957784750064,-0.2246449446284382,-0.05196707442382172,-0.013388432140154255,0.025177635564971833,0.04558791881405539,0.22617786065416587,0.3482648788358312,0.46468297206064,0.7054036672567248,0.7695846809521149,0.8651838101068977,1.0120450327705244,1.1043818697947092,1.1772784921612762,1.3417672929201316,1.4206257052302058,1.52345280545505,1.7203881389865467,1.9858605083556904,2.0781543807616054,2.306174294506476,2.518951262082732,2.560235282668493,2.702512689396625,2.8819458468304235,2.9569677626884716,3.031891335127186,3.1444359408913014,3.1751002377180475,3.18556018968825,3.264746451445608
-1.7183311739996465,-1.570197513937912,-1.5530378754816714,-1.578454656581372,-1.489132407955454,-1.4579909443081156,-1.4673336605851146,-1.4093038066460042,-1.2659717011514555,-1.1828237350096102,-1.1285345505220783,-0.9948695280475969,-0.9327771873609857,-0.8959588318382524,-0.8688065876450158,-0.8451191814333525,-0.8511620101337416,-0.7210621247987629,-0.6553464232630659,-0.5540025389914476,-0.4215355921581811,-0.37770056942006147,-0.33025563430748217,-0.26609563755971777,-0.12251022503888959,-0.04782528894544683,0.018942400774933803,0.16496616499472713,0.24674143962359904,0.30802442702033744,0.34375194074772203,0.3852045389313773,0.41961669701089266,0.5544227596144689,0.6939443921590429,0.9474707876145427,1.323441019567131,1.5302290857036358,1.6592602731429524,2.0148276660899724,2.150201479856836,2.257008718468145,2.396936313329803,2.5938811157046158,2.643663531367989,2.775645124261253,2.9102755568504453,2.9215697830613188,2.9229028753306685,2.9752251263638834
-1.2243625110184644,-1.082395563923014,-1.0268713131246903,-0.9840318679313889,-0.804868443823682,-0.7049521616289723,-0.6313842452164697,-0.40554317762476333,-0.06188682568712994,0.46239276305134225,0.6460759856040458,0,0,0,0,0,0,0,0,0,-1.4622008441416046,-1.3363039813503934,-1.2818708991351897,-1.2088741412146458,-1.067588683669697,-0.9518302075093035,-0.865727028759772,-0.7372894656094541,-0.7191864475680232,-0.6703790243834992,-0.5902148164374107,-0.45609128470200255,-0.35240395164173893,0.06504092459650852,0.21005059075217816,0.5037994853396196,0.8525651958385012,1.0131767504585372,1.2250568626322313,1.590937233411798,1.801029274095756,1.9089922009596911,1.9663840365955436,2.075539454674397,2.1564419664706107,2.3616864109453672,2.5133085202998706,2.554709010148036,2.6097440962954304,2.7490087323890173
-0.5287561321709241,-0.33808493036305204,-0.17194281537430114,-0.05382507496567694,0.3336039409591051,0.4412902502709726,0.6317891114924099,0,0,0,0,0,0,0,0,0,0,0,0,-2.0021878247855533,-1.727960774421828,-1.6275250043413194,-1.5607694201750242,-1.4809003807538015,-1.2191042126798008,-1.1792953438339158,-1.098292793298923,-0.9260168743567938,-0.8802182950385222,-0.7787165493184736,-0.5903285406540958,-0.5270585983604252,-0.464671583155331,-0.2949867199651621,-0.14175670129277188,-0.01333323946751883,0.49488629933107675,0.7968929078523218,1.026117392888514,0.7070706862112943,0.8383876690149112,-0.2243797693648474,-1.2521877671513624,-0.21283765351674028,0.735891271355345,1.3442308878488995,1.9518254806874458,2.1405883342956726,2.2325373368674244,2.4404615101566507
0.3074802296864772,0.5836733183373685,0.6495111722796661,0.6558172832320779,0,0,0,0,0,0,0,0,0,0,0,0,0,-1.7105895487424372,-1.705775388521539,-1.751181288425705,-1.503639515895236,-1.4701753029742408,-1.4267660749270348,-1.3334560740635044,-1.1843412233327708,-1.102705432094845,-1.012727779669407,-0.8428157742426705,-0.7286020776115087,-0.6420255430411682,-0.399142559691947,-0.18125983335824425,-0.043228579269260985,0.4427373661120646,0.7413918167527235,0.980268278137312,1.5066032606273438,1.5688950538519946,1.5304791841255603,1.3486271300799406,1.3577908188989145,1.4121465760827494,1.433493086459891,1.4451108526339653,1.4907690637568576,1.4989095796271033,1.6491277634841612,1.741879048155841,1.8994401503325085,2.1071873263333627
0.5525443798592691,0.6829919835020389,0,0,0,0,0,0,0,0,0,0,0,0,0,0,-1.7611525483503292,-1.592285889413125,-1.5602202948961337,-1.5204863499009396,-1.3550959553515678,-1.276436258700887,-1.2193157555244631,-1.1043466434947062,-0.9111711038295818,-0.8006994094154516,-0.7155911555068059,-0.4836578893260345,-0.3681155855412839,-0.2308135030587829,0.09889079534615396,0.21794005154648344,0.3635902926663041,0.65951122704166,0.7975945371794195,0.8935465359404325,1.0167683947605437,1.046312855367985,1.089808137905082,1.160865424725861,1.1760150250477164,1.2182245536465584,1.2357663925848688,1.3038969385541603,1.3467084842563743,1.4031212583020514,1.5596797332172518,1.6223215273062757,1.6842309846272723,1.8543735864749993
0.5300128920129351,0.5930095973896492,0,0,0,0,0,0,0,0,0,0,0,0,-1.5243951052936717,-1.4825451625970187,-1.4841171159937738,-1.3371417093711249,-1.2671879422165742,-1.203214127473745,-1.0309316822329038,-0.9085660430597229,-0.8363054705161296,-0.7356646690533714,-0.5289322936035399,-0.42919584940499633,-0.3124466290546713,-0.12275533648416584,0.00040222905925924404,0.06503660896285215,0.24564507628162258,0.29248372886571933,0.34071255256021593,0.4860902786116768,0.5716916523277872,0.628404911462543,0.6902522313990457,0.7626521260224015,0.8174762866138761,0.9362261907586985,0.9582130754548606,1.018972511291478,1.0467055066166695,1.169851641283795,1.2285591998934797,1.3013203444696686,1.4425160547089122,1.5433981690151963,1.6006582130447138,1.7029683546382353
0.44702802611855114,0.48527473314404684,0.422448618760057,0.045800465063085036,0.10754225121766475,0,0,0,0,0,0.3987570095162513,-1.404005038625804,-1.4352217510112615,-1.3749470703737392,-1.2718999474836528,-1.2085097969164822,-1.1456452500740038,-1.0135007994481042,-0.9588373658425797,-0.897749782263203,-0.756967676618285,-0.6849172663443226,-0.5985643978679607,-0.5344675870355028,-0.3830499264713087,-0.27441927449613124,-0.20823915633368728,-0.04475838055795728,0.052871582300276346,0.11086109932653218,0.20807107377529793,0.2762923832835405,0.3513074605083545,0.5188767493302036,0.5357820649631355,0.544254433817505,0.5984218236133294,0.6608352741210205,0.6874115650855066,0.7530232963856812,0.7941554437011953,0.844705728048183,0.8813796089749368,0.9889331520209317,1.0822526076312766,1.132658155624723,1.2546860946548486,1.2789174810002717,1.3697750125079917,1.5038133968379488
0.40763422628907264,-0.4597189639235949,0.10034226635313226,0.23050874839757038,0.4035304659302555,0.4536044473701461,0.4199723536789663,0.1749472598565001,0,-1.3724155201632589,-1.256561148855007,-1.1368582340350906,-1.1078094884152732,-1.0583825902185537,-0.9455968401914222,-0.8950451797359238,-0.8624366137768282,-0.7505440765954476,-0.6763195327360477,-0.6241976709549473,-0.4881142931721198,-0.42192060393230135,-0.36826959920625507,-0.31212087569832025,-0.17455099254387083,-0.13759005939913793,-0.07528547907601119,0.014711792416222173,0.07906988382370699,0.1000220168763054,0.17740451766808674,0.21386563727899194,0.22811995573006627,0.3611512652250446,0.3993637630633192,0.41781906396247953,0.45716060926529195,0.49949037035577254,0.5240591801935566,0.6357297743660639,0.6790873161697604,0.7543414683445331,0.8164138326132916,0.913817573544897,0.9796974489594593,1.017354490166205,1.1357667375174745,1.1807982957651375,1.2557963812101023,1.33349315358363
-0.34314482213449043,-0.5162108786190654,-0.6110977192241874,-0.7813094110479191,-0.8140863137775002,-0.9376822189998958,-0.9899922859229155,-1.0110660949035735,-0.9423882785274958,-0.9536830100009953,-0.9219054329550309,-0.8560396168407814,-0.8396969539002044,-0.8122934194756903,-0.7171594602685473,-0.6700289893604396,-0.6417164379712464,-0.5497936312783506,-0.5128427428214258,-0.47571320926708704,-0.3802993228511245,-0.31327860652669215,-0.29842940370303445,-0.2443145921941604,-0.13168427656634749,-0.059007184233164846,-0.05056762625670093,0.028358244998678353,0.03495195366842677,0.05389248883234773,0.10811364965283557,0.14299140563576976,0.19198911052418272,0.25584252780046196,0.2924017550178065,0.3086783220231762,0.43420907426406163,0.48426511609697087,0.5335364521228231,0.6232904054689028,0.682212031457512,0.7177450782765296,0.7584177515275149,0.8708553360562726,0.926168171926411,1.0091114594583157,1.0488225007901604,1.0894871901569032,1.1380919173711295,1.2025247262477472
-0.8449932379965371,-0.8619894586549969,-0.8644475056297205,-0.9211244453449438,-0.8980332168279846,-0.8859553867043268,-0.8634244180571922,-0.8571078654292258,-0.796381751693608,-0.7890522160548948,-0.7592007307518654,-0.696263300503311,-0.667382246458255,-0.6414118423628323,-0.5745323079058111,-0.5615921979965147,-0.5402468817739016,-0.4857725781939814,-0.4455702759916458,-0.41251971154675876,-0.351371775888528,-0.2929870718664036,-0.2663361869259768,-0.23464236218628945,-0.15981290429149414,-0.12827018627917317,-0.09766235375503311,-0.05550716986295263,-0.04962706030092408,-0.016043744273718293,0.028733171659412853,0.06692954052386789,0.10728143148390863,0.1753236129472742,0.22134085257074587,0.26661915624168775,0.3672714430751727,0.44967545382824514,0.48621569969183104,0.6175859024168108,0.6893792871263923,0.6852117693876626,0.708380728663383,0.7654818243273814,0.8230530515279127,0.8470028040523466,0.9344429834354144,0.9745719549526316,1.001634160905146,1.0503211061809397
-0.8439215440699173,-0.833947130301424,-0.8092938669944678,-0.8198390086466745,-0.771129625896017,-0.7675548655034192,-0.7600378115822741,-0.7264455074226754,-0.6980034921501334,-0.6728041816536857,-0.6573482052582066,-0.6044582321728394,-0.6083565574629737,-0.5907487471102877,-0.5528059891427357,-0.5343370584294059,-0.5057035284029691,-0.46563839423794456,-0.4327843961263786,-0.39385921854063055,-0.343755958072058,-0.3171539423276757,-0.28529282161541125,-0.27590245367326716,-0.2299069330710102,-0.22709205723569897,-0.1972079616323293,-0.14785867250213933,-0.12192066244347768,-0.07543613565495821,-0.017959485722269075,0.040119551234585916,0.06583547656176375,0.15306041458851619,0.2020614844673438,0.23787953848639615,0.28939172007119046,0.3544181910912106,0.3976808679757282,0.5071129972145753,0.5416584886673838,0.5740907026254275,0.6158311440482495,0.683776632077518,0.7606358026215476,0.8189243824040902,0.8848097395220045,0.901491115676628,0.9179462201856845,1.0434590989238088
-0.8028047639043085,-0.7701200832472904,-0.7584470251372432,-0.7463357048267019,-0.7189496729183943,-0.7027017025106599,-0.7008449119115547,-0.6925010545078527,-0.6485794817526385,-0.6549737280569682,-0.6404841899635159,-0.6101802750431842,-0.6023552120528675,-0.5767761045954108,-0.543445883188119,-0.5232857644452313,-0.495959624436511,-0.45123535701355744,-0.4301657128621421,-0.41328942165539184,-0.3695007844911977,-0.35070180955497904,-0.3264538052194469,-0.31910805274359344,-0.271588542824256,-0.25295812001770196,-0.23350076568640507,-0.17390607796949656,-0.1489325149315706,-0.11475197913626893,-0.05855269156940991,-0.016537018021564764,0.02721807866593642,0.10757616761283816,0.16469720970446708,0.1765915974536851,0.25669650994658955,0.2985451723092073,0.3515648030847572,0.39900999291617917,0.46066590720648987,0.5015321414390816,0.5509319982451,0.6139633963631157,0.6483408439223635,0.7033349494958318,0.7913520374514995,0.8273935930661636,0.8926019007432697,0.9868985044032054
-0.7590175064527893,-0.743768389308595,-0.733484206750056,-0.7392915613903881,-0.714327637614749,-0.6950149311033325,-0.6977900588230758,-0.6987623137614144,-0.6604612528720536,-0.6578295295849798,-0.6523050750189873,-0.6002698315169408,-0.5786073336604387,-0.571333859891998,-0.529493287433748,-0.5045045154373002,-0.495741392594989,-0.46397674378578047,-0.44763054442731565,-0.43757799596655955,-0.4065868917668072,-0.40434040897181506,-0.39345215583250487,-0.36490149056304855,-0.33490275597453856,-0.3198960241564271,-0.29120146612943215,-0.21832118416365154,-0.206543882809789,-0.17746954380762192,-0.0998640903379203,-0.07374114369601707,-0.0347992547013682,0.031466562263855274,0.053545915593356995,0.09232101014408152,0.15486680859493002,0.17646147175505045,0.22380656977419525,0.30808232687021186,0.3457086893990903,0.40646287813816334,0.42856121109863576,0.49716344467146245,0.534534318268154,0.5801942415944534,0.6768976971702625,0.7236065879343604,0.728399982570369,0.7963473384311157
