jsons/1312545600.json
{"header": {"parameterUnit": "m", "parameterNumber": 2, "dx": 0.1, "dy": 0.5, "parameterNumberName": "Eastward wave", "la1": 40.97354507446295, "la2": 16.46031188964855, "parameterCategory": 2, "lo2": 133.9931640625001, "nx": 191, "ny": 50, "refTime": "2011-08-05 8:00:00", "lo1": 114.97908020019554}, "data":
[rows 22 to 43 of 50, columns 50 to 99 of 191]
0,0,0,0,0,0,0,0,0,0,0,0,0,0,0,0,0,0,-0.44220794762425053,-0.2667249247086679,-0.35137925542615983,-0.1547132192781797,-0.12077147537623482,-0.3960847276613144,-0.3455297492615012,-0.4579117737786786,-0.4499680416321117,-0.3995165944159843,-0.44828815114980286,-0.45811371286529323,-0.4349112612845393,-0.4316894121430279,-0.42767344536903823,-0.4250404584746594,-0.4283491486782374,-0.4395903537754713,-0.45554105548033375,-0.44773951310807913,-0.4350321180342234,-0.37711240864231127,-0.3650914136984425,-0.3547185855253257,-0.34244849106845127,-0.2833720956667815,-0.2727206847085494,-0.2619132181857712,-0.21018581455771385,-0.20673088966942024,-0.1955596682365505,-0.1473679493460378
0,0,0,0,0,0,0,0,0,0,0,0,0,0,0,-0.26559678661526,0,0,0,0,-0.3324021047628639,-0.457946445791104,-0.5406472837015018,-0.5303835308517463,-0.5642758547852701,-0.5997702890561262,-0.6171719081262791,-0.6267773736695156,-0.6488093444026509,-0.6571642718456325,-0.6678365246822839,-0.684537308106877,-0.6958560187836971,-0.6750228096664727,-0.6510536030708004,-0.6340160966774381,-0.6013833043991599,-0.6154843331262319,-0.6176717576185687,-0.609918874568242,-0.6176752404502828,-0.6067031779699003,-0.6073016724251095,-0.5404906772516543,-0.5379621648089267,-0.5289138677585193,-0.48177646593635476,-0.46644827944247425,-0.4512210915007729,-0.39587800185831507
0,0,0,0,0,0,0,0,0,0,0,0,0,0,0,0,0,0,-0.4550841332786294,-0.5460866173712243,-0.5213231427588872,-0.5597964177332124,-0.625475914110573,-0.6470629847907161,-0.6976369387382444,-0.7570826540851646,-0.7768288535647376,-0.8127372213306978,-0.8540474634453343,-0.8711486506815174,-0.8689976486060179,-0.8843944733986191,-0.8969037858195257,-0.8995241024363175,-0.912696494180315,-0.919034887513852,-0.9330636807459892,-0.9437302478609635,-0.9884203727830839,-1.0104184734498667,-1.0164879518662664,-1.0691135096477389,-1.009079235777305,-0.9173426341531673,-0.9331689948972441,-0.8919700529140022,-0.8391525526113843,-0.8137147313158313,-0.7966492217187904,-0.7267632047588936
0,0,0,0,0,0,0,0,0,0,0,0,0,0,0,3.3038944722661223e+38,-0.523538055864751,-0.4462422233013557,-0.570765577221625,-0.7235430305406223,-0.7660994614077264,-0.8036612997192456,-0.8759107645941984,-0.9283762012382338,-0.9831781460387488,-1.0197930557636488,-1.0558714723381017,-1.0413256356284921,-1.0995336027360894,-1.1379945448477522,-1.158574284528396,-1.2179845772178748,-1.2526768645031041,-1.237253615243926,-1.2765878286179895,-1.305388539855766,-1.3008778857332592,-1.3011555352625297,-1.3358738859486372,-1.330974008226028,-1.3272053105644053,-1.3546273977582632,-1.3381694917546287,-1.3435008710018885,-1.387301460774338,-1.3988410924381494,-1.393177988691953,-1.4133149621155814,-1.3879957702817585,-1.2872584007676622
0,0,0,0,0,0,0,0,-0.241334444819953,-0.2854955992269967,-0.3868720149226716,-0.5631815925372947,-0.6970401394808865,-0.6988930693286657,-0.6499381074384893,-0.682492374640151,-0.7610916428506669,-0.822590823936894,-0.8603616203101719,-0.9494097754961397,-1.0214201919494938,-1.0469077376239948,-1.103672044276095,-1.1310541534795742,-1.1747079488829757,-1.2411078746845896,-1.2704571850589275,-1.3377923222358872,-1.410093436970509,-1.449805501222998,-1.5022556678593593,-1.595078319096459,-1.6240517240998769,-1.6508421266178985,-1.6730298407761788,-1.7664043143817736,-1.788137062679663,-1.820045380232852,-1.9091358952780788,-1.8578007114578863,-1.8655566202985678,-1.9529949039411694,-1.9568687394369988,-1.9296047627279507,-2.029611843721588,-2.01677211608283,-1.999054275476262,-2.0421906684290265,-2.042460849293087,-2.0362295516576476
0,0,0,0,0,0,0,-0.3945072882990583,-0.569428524888837,-0.7146587098376732,-0.7535470896736275,-0.7961982106704089,-0.8707378462429214,-0.9198635846995507,-0.9888118215997511,-1.0292111998960358,-1.1106535958714538,-1.1494371510666637,-1.1922176104577453,-1.2458856316260687,-1.2892410098339886,-1.33772024649704,-1.4181929468176022,-1.4639348402281367,-1.5489129502408308,-1.646874003794413,-1.7031213819178044,-1.7379110862629348,-1.8422816944523632,-1.8901488953158367,-1.9635907351819717,-2.0663709335728573,-2.119366909587035,-2.1623917452052486,-2.2265591062777594,-2.322396529449181,-2.373300200698774,-2.4175348167408846,-2.5213352913553293,-2.5535442644564386,-2.5806629771749803,-2.706563428142559,-2.773612884216708,-2.819541141131576,-2.966153885604061,-2.992660505398127,-3.0259411863885335,-3.156296010738495,-3.1720304874015874,-3.1602596059915036
0,0,-0.5321249550717165,-0.5059744671101863,-0.5921480371966091,-0.6256257475870602,-0.7541169777987634,-0.8042924016571171,-0.8627208269558833,-0.9203328371573198,-0.9676772149222677,-1.0311589570361166,-1.1153421295994246,-1.1694835508744756,-1.229843795149003,-1.2739901302636105,-1.352214597361978,-1.3836507412335541,-1.435747089809721,-1.5342691376284905,-1.6184006304789642,-1.649195459335631,-1.743472057351395,-1.8040816642417423,-1.8760730654146596,-2.0000280071156737,-2.0383226672064785,-2.144876084836825,-2.2836445061715804,-2.3567090243876234,-2.4398925981490627,-2.5717042147811733,-2.624041879019632,-2.7104921978861904,-2.780931722503276,-2.952109522972097,-2.9916189852212605,-3.053463193173669,-3.2226827907555844,-3.340413362415395,-3.374403551619132,-3.617967889231551,-3.6923822813181726,-3.7904994699397707,-3.972185119755523,-4.057490684039931,-4.17546078245859,-4.412939673030137,-4.5277504041074925,-4.440151775616268
-0.5247431069515123,-0.5805382098232673,-0.661163810535661,-0.7564086932209803,-0.8284947104110645,-0.887538677885622,-0.9721057193085417,-1.1166975855603738,-1.1620517363635812,-1.1686130253393683,-1.1789698496699286,-1.2421721990810768,-1.2976716575302947,-1.3483203455269717,-1.3752574283374526,-1.433764095193003,-1.521236800643071,-1.6060896482500184,-1.6573239590879578,-1.7568385116179568,-1.8255593056769777,-1.8969504240882913,-2.0260161794014366,-2.0802611364482306,-2.1736519630398576,-2.3113752588526086,-2.3792647235549316,-2.4777009737827296,-2.6421054317553816,-2.7243035509048306,-2.834335885659727,-3.000405723520394,-3.077095616020216,-3.220436146839636,-3.3306850992613164,-3.514345609686481,-3.6456037490601267,-3.7097584802858194,-3.9027056410462864,-4.036427206218285,-4.1359656468739985,-4.416003514553132,-4.5501259218517704,-4.729394431045207,-4.990692595897066,-5.158831230664797,-5.333538087033477,-5.607542193651925,-5.731866555388876,-5.824571962720932
-0.8009566259608539,-0.83247974764616,-0.8744045272922799,-0.953078256787009,-1.0016657576549044,-1.0421900397167223,-1.1023383940977867,-1.144213217962767,-1.2100728577003643,-1.2707586312878276,-1.3190171575022362,-1.390450192238663,-1.479238687922671,-1.5327944677542669,-1.5969702156798493,-1.6433919182629881,-1.75026046976168,-1.8075421833656706,-1.8697462152377695,-1.9815140124752504,-2.083714235796011,-2.1548777876124285,-2.28275640420392,-2.360517702977626,-2.451070574162708,-2.6142744797799877,-2.691836415714324,-2.8183333126923538,-3.008215953214439,-3.086691625492967,-3.225949562692474,-3.4181601625174505,-3.4945595168289856,-3.646803603199795,-3.755022742787774,-3.982775955899477,-4.182442499641163,-4.248522880171665,-4.513531601507332,-4.7008756789624195,-4.782462592226428,-5.0715238924607595,-5.259849886628782,-5.471126105219932,-5.776480293096679,-5.971693629237384,-6.204394758495148,-6.596327163148959,-6.730915493074147,-6.971643771722418
-0.9251804041785289,-0.9708760986301476,-1.0199769847334064,-1.0879192958993031,-1.1493679873410896,-1.1806501245909873,-1.2393771311426598,-1.2906563205785062,-1.3420998573192024,-1.4287957186243108,-1.4856043045486897,-1.5546638527863699,-1.6539209646712114,-1.715411045926295,-1.742221702059702,-1.8255293919560132,-1.9167231750481728,-1.9901719656456025,-2.0443614507899697,-2.1874748002411204,-2.2503577276344044,-2.3458722890564028,-2.483023641429126,-2.600482828842176,-2.7040326080878225,-2.8602869895714376,-2.9544455446874904,-3.0430156809660196,-3.1992209713606767,-3.2880319306556616,-3.444237771786119,-3.6112824461379893,-3.750604552069729,-3.889376943724962,-4.0107822481554045,-4.253352195620439,-4.449039194226154,-4.561927323597421,-4.872842624316129,-4.962891543935609,-5.153764620645019,-5.480658920173568,-5.652217611658456,-5.785702589548941,-6.116326556218885,-6.338677710888424,-6.542615988121368,-6.926514329450522,-7.150364619642565,-7.345263101796335
-1.1054234685494972,-1.1456919490554458,-1.16688755288141,-1.2183473536468767,-1.2631753879097107,-1.3042250619576978,-1.3325337125614851,-1.374693577186015,-1.3734334800735197,-1.3004721262756405,-1.222498712710704,0,0,0,0,0,0,0,0,0,-1.9000811679112461,-2.170934032253166,-2.4024369685319766,-2.505138530298925,-2.60669620215714,-2.763597013654889,-2.8795818882531017,-2.9487307438344152,-3.123056345990561,-3.179355237127831,-3.2550797084638448,-3.499094783050596,-3.6111279272209647,-3.695359066328605,-3.8581633325935027,-4.1515338973745495,-4.311715633036181,-4.433505000005659,-4.719028986024091,-4.925120137967805,-5.070897063507214,-5.40393406875357,-5.564612386100419,-5.693063359172361,-6.0793073652620455,-6.2023172958140185,-6.366435982600551,-6.708973662488546,-6.818657077410586,-6.928014114367141
-0.9451797407584044,-0.949356430553894,-0.9416975339429501,-0.9209819300534685,-0.8995362857463342,-0.86743543282404,-0.7717472238246089,0,0,0,0,0,0,0,0,0,0,0,0,-1.5494342999746156,-1.780024953718101,-1.9567684304680515,-2.166065566145247,-2.2277926839875417,-2.3276644119523935,-2.464017538167941,-2.5450377677680835,-2.622775494055583,-2.760053755654511,-2.836157461638092,-2.9236341753789,-3.1081431459619577,-3.2005568841940284,-3.2579288807132554,-3.392882743372845,-3.629924462146246,-3.7885368644768462,-3.958810760091887,-4.101668562695673,-4.290472159840073,-4.383072665714059,-4.100820323775742,-3.766642149927441,-2.6610524676046987,-4.83495463849259,-5.22875987160663,-5.349248379009543,-5.620482423543207,-5.705058413626657,-5.786259427877421
-0.672300557586713,-0.6392007966406881,-0.6290467067379655,-0.6052743525666702,0,0,0,0,0,0,0,0,0,0,0,0,0,-1.2265948448516668,-1.4773456153573314,-1.7367968079502514,-1.799512872262967,-1.8693542561144163,-1.998822079825486,-2.0508765152730555,-2.095785268257502,-2.2042546626359996,-2.2340671323017034,-2.299825386813224,-2.3849045400995834,-2.4340239318189636,-2.4397337537268484,-2.5916726788273357,-2.700684172847145,-2.738859433208458,-2.7426118717005608,-2.842586897659434,-2.8677528574109252,-2.967503858968128,-3.176523985918969,-3.4687843112865133,-3.6360868442923144,-4.1135693202197805,-4.286083173447836,-4.461078811142942,-4.765813641827622,-4.9544648443557975,-5.083255080563685,-5.460014479380361,-5.64783082954668,-5.767320783689038
-0.48491648154866496,-0.4078195492300976,0,0,0,0,0,0,0,0,0,0,0,0,0,0,-1.2694942080619833,-1.352236587049437,-1.4759980291740848,-1.5821521908264347,-1.6231026078102855,-1.6751132218980895,-1.7602365581290853,-1.8051016520629806,-1.844763920156111,-1.9515806835056886,-1.985158974618169,-2.040071135682801,-2.1526512078963354,-2.209328860782669,-2.2755099454609033,-2.478044251434329,-2.6033486620598425,-2.8175862400308014,-2.91876596880354,-3.1884681324418467,-3.287197854535045,-3.478929355795171,-3.779129288109837,-3.8836247185091275,-4.054875251237228,-4.332589623040363,-4.427621865150765,-4.557564317772864,-4.805717738169046,-4.92609796630233,-4.971050026238067,-5.207239700951519,-5.265655492342135,-5.343179401506873
-0.40090882569592845,-0.20496414997370735,0,0,0,0,0,0,0,0,0,0,0,0,-0.9681140223527761,-1.1333713101276668,-1.3418172963329789,-1.4150000750677432,-1.482682364049472,-1.5834131363626156,-1.6339535077460243,-1.6819711360827225,-1.793248988189923,-1.862265318591537,-1.905045880336532,-2.035615357190583,-2.111421464382657,-2.1939113628046245,-2.3567110171056616,-2.4402663397496216,-2.551154464994112,-2.7815883444326084,-2.8755594662249395,-3.033707989197702,-3.127186184331501,-3.385008534989004,-3.486437944287666,-3.617318215012261,-3.8468144556532025,-3.9210343313661102,-4.038401418026685,-4.2368476963657145,-4.313633128237591,-4.407883107691764,-4.5803623220077725,-4.6495460592556075,-4.689594807169689,-4.853387518404681,-4.900201169061778,-4.9337088176203725
-0.3749245951677996,-0.35832328569174354,-0.33846077397313634,-0.29282984987259353,-0.41857571625800755,0,0,0,0,0,-0.7545171836776566,-1.0253816122118278,-1.232606583675141,-1.31429901642934,-1.3780982193444054,-1.43535522194555,-1.5447935268290165,-1.5890706589362247,-1.6404644855474801,-1.7356508572981901,-1.7864487019865918,-1.8411668393579963,-1.9764249133543301,-2.022025373348818,-2.1019550461013408,-2.2352604236860296,-2.2981965208262642,-2.386766111245273,-2.561638700366038,-2.6338534985998185,-2.7302387534648167,-2.899564772441038,-2.9965514853249147,-3.087388422360239,-3.2026258643415417,-3.3639197766612994,-3.4418845926604793,-3.506722897703081,-3.6321715767244807,-3.7457138233467715,-3.8100070704305975,-3.9512819482171744,-4.000517914872292,-4.091971676933749,-4.226965092652678,-4.291241575965103,-4.29530479363529,-4.387624571360974,-4.447430369939879,-4.478513208100163
-0.3591578450603849,-0.3598475011339748,-0.36745564452323726,-0.3937775626306526,-0.3740294144645541,-0.3959343053470914,-0.3718167640685959,-0.43150015143049786,0,-0.9325196479180093,-1.0503485350406851,-1.2071193234898872,-1.3457620414092575,-1.398300635990917,-1.4603278676831697,-1.5104106061357485,-1.6134745052794408,-1.662431557242563,-1.6957519564015893,-1.7971530573773178,-1.8668249658022726,-1.9154204441229625,-2.039407643011008,-2.0955825154531587,-2.134861483521572,-2.2665008106829783,-2.336286300866608,-2.3927336494564155,-2.539206617942378,-2.5944909546132666,-2.6956264908265912,-2.846645857009496,-2.8972867578911887,-2.9721506267905107,-3.07675541078288,-3.1807457760142928,-3.243764147825843,-3.280639387226369,-3.3869666845586015,-3.454686520728799,-3.5190052037078194,-3.6197671355070673,-3.691608193005009,-3.6957126507493085,-3.823128351582277,-3.85770720553598,-3.9047966091719992,-3.9896362427985634,-4.038068951098828,-4.022752306542144
-0.8129393143825344,-0.8410319911751225,-0.8583359471072972,-0.9664339498806745,-0.9929313357033792,-1.0795395582621325,-1.1267790451613098,-1.1559886493466096,-1.1874228954102057,-1.2580668350825115,-1.2817173652251423,-1.3322457746359373,-1.4242427472078294,-1.463971664661914,-1.5062863958693204,-1.552986154909154,-1.6492885280938532,-1.7041882600011198,-1.754336278777753,-1.8452302477686973,-1.9160342032379587,-1.9386376015593851,-2.0258591621976483,-2.091944163637541,-2.1488479918195456,-2.252280798150699,-2.289012838610226,-2.3489701445656106,-2.4880557418178415,-2.527427992674591,-2.6255369372693163,-2.723286627960701,-2.7891123411455685,-2.8291368007914652,-2.8792681488841585,-2.978023560883966,-3.0310143870920383,-3.0810979516338173,-3.17529675577819,-3.216678477238205,-3.247825551829818,-3.3537557644826648,-3.392035748631009,-3.4458099220735225,-3.5123721169765485,-3.5484876171595565,-3.57117133896551,-3.6901858263060943,-3.7119558861465536,-3.7158433054443893
-0.9492411647561966,-0.9710841710389021,-0.9890076373570987,-1.063444217552745,-1.0967776887607308,-1.1187428499575347,-1.2109520525161008,-1.2175931496393504,-1.245917938049229,-1.3301813168440455,-1.376052682564335,-1.415172562890763,-1.499235690665093,-1.535513678121631,-1.5784702870508045,-1.6202822812432425,-1.6754127749152208,-1.7287028821962316,-1.7536516570237939,-1.8536112224728902,-1.880728707173201,-1.9265832928829794,-2.0039706793049765,-2.0498214829295227,-2.108447384264459,-2.198625869187679,-2.24664521269241,-2.2991687732745163,-2.376253028635337,-2.4327666450264163,-2.496811103995712,-2.5625780713528643,-2.604648530589506,-2.662789130408551,-2.7022887932317277,-2.783464312768517,-2.801572682744426,-2.852575007945456,-2.923471702401842,-2.9727631980109406,-3.0170693886224176,-3.0695811043191137,-3.132647462064313,-3.1712966500984625,-3.2276453140906933,-3.236169581227771,-3.2722657094687366,-3.3441507369305565,-3.36642756461182,-3.3923274508491437
-1.0070610801768247,-1.045414198188737,-1.0432506107403239,-1.1230086934197478,-1.1399590001671154,-1.1801262020575902,-1.2391838520801637,-1.284805478045829,-1.3217566173044546,-1.3932096142649597,-1.4090120065277951,-1.4478352971027708,-1.4973129723224088,-1.5376340832387396,-1.5780209328431036,-1.6053231117748075,-1.677509084843444,-1.7272224594080532,-1.762074584878844,-1.8382413159682292,-1.8863501594649907,-1.9156698116354276,-2.004828516473818,-2.0219290356511412,-2.0878792143823697,-2.161057202219523,-2.2018017063535034,-2.2626086161065566,-2.314074632795239,-2.3574068379997315,-2.3784684318905382,-2.4437836470790435,-2.4812510969045007,-2.527836127311916,-2.5650649945495396,-2.614409361228178,-2.6325450491930935,-2.675326685027089,-2.7397476679482984,-2.786604327042765,-2.8242537796159377,-2.855600116718192,-2.896081138048429,-2.928270897846737,-2.9734641861812015,-3.013857108928912,-3.021458661309306,-3.072252984371962,-3.0918559490040733,-3.144056337906724
-1.053981788909719,-1.0958852335463758,-1.1236717412548187,-1.182061911166837,-1.2018009903537576,-1.2314004594422445,-1.2745596296364445,-1.3018666545291702,-1.3457229241580075,-1.3774273068428655,-1.4186429670008007,-1.4720508968706052,-1.502150018676929,-1.5461232103866192,-1.5979032823975257,-1.605194194078978,-1.6784575228453356,-1.7258182007157914,-1.7495528281919108,-1.8218109363078316,-1.8709317819800586,-1.9020651200423804,-1.9866488204406332,-2.00402422127665,-2.035847085147359,-2.0842508192329903,-2.1067106898419006,-2.1447090016943138,-2.18408254566685,-2.204958563248008,-2.2358088557973916,-2.2823328160095873,-2.31520040068068,-2.340902604983327,-2.3779376450071537,-2.4134171258759674,-2.4542384572182803,-2.490151856871894,-2.5615845466685525,-2.5747947044705444,-2.6013414758972533,-2.667690025928151,-2.703527179550061,-2.7237775694133446,-2.75173917379617,-2.782950355018033,-2.818524974358484,-2.839178908029534,-2.8646479994974157,-2.8944476894431976
-1.0896330277900628,-1.1076896965661442,-1.1279664158492537,-1.185016550629202,-1.2159819520711974,-1.2385907418850741,-1.288960923414782,-1.3034424827450857,-1.3441112735399443,-1.3952370806446184,-1.4089548507009506,-1.4546629428035593,-1.5371088751161823,-1.5465615212084836,-1.5774995912510206,-1.628691532755254,-1.6864023955576708,-1.717134816606977,-1.753296100815681,-1.7973434664856816,-1.8321674518927484,-1.8509154112103539,-1.8843087394337168,-1.9217569041863936,-1.9558004681573495,-1.985307996161866,-2.0121248525406417,-2.05199614324725,-2.059821356628368,-2.087029706926957,-2.132640750190986,-2.172529373799474,-2.2028895346200943,-2.23142979144237,-2.243361255629013,-2.2883225537863856,-2.316794200281527,-2.3239273283906883,-2.391411712857616,-2.431191359674946,-2.449463178763694,-2.4958120898518095,-2.502053748955835,-2.5333925744524985,-2.6003496445104215,-2.605548704036179,-2.615585455674938,-2.641142981839182,-2.657855248326653,-2.69184794793632
