jsons/1312776000.json
{"header": {"parameterUnit": "m", "parameterNumber": 3, "dx": 0.1, "dy": 0.5, "parameterNumberName": "Northward wave", "la1": 40.97354507446295, "la2": 16.46031188964855, "parameterCategory": 2, "lo2": 133.9931640625001, "nx": 191, "ny": 50, "refTime": "2011-08-05 8:00:00", "lo1": 114.97908020019554}, "data":
[rows 22 to 43 of 50, columns 50 to 99 of 191]
0,0,0,0,0,0,0,0,0,0,0,0,0,0,0,0,0,0,0.07805668925698032,0.05812436893378598,0.19250810047198386,0.05445122700403495,0.23885954579806243,-0.6160110439782375,-1.1491118360602,-1.318796939635019,-1.1844532333305042,-0.7334294569998011,-0.4841183136955596,-0.2897407867576521,0.08501583576867698,0.3188223174328467,0.4944717280953024,0.6801238503492205,0.7673028807288238,0.8491453249695421,0.9944728599436525,1.0328252498878172,1.0306177507297776,1.0774427575379806,1.0907635530279565,1.113253017479792,1.1232011117042413,1.1992533430573906,1.2152277779346359,1.221698809016033,0.9521062678596522,-0.39843186177687623,0.8517278383910931,1.1144267845921771
0,0,0,0,0,0,0,0,0,0,0,0,0,0,0,0.0069464686220455036,0,0,0,0,-0.35112828648048294,-0.6963322310695619,-0.9946954983142742,-1.069770261605503,-1.1008821219245295,-1.0911023344763755,-0.9090034473145211,-0.4636359244035604,-0.22641760432618485,0.037736888619122506,0.46267841100582907,0.6734988671159101,0.8222900793151993,0.9954096550937827,1.0033637787864427,1.0258600718530302,1.029506785730766,1.0492417794290385,1.0480486502529798,1.092100264451301,1.1250047717834974,1.1446072077414018,1.1627983703343001,1.1978902148389463,1.2221473547847526,1.2472605183362575,1.2846462337924798,-1.2926869946415704,1.236983852826157,1.2386340968305356
0,0,0,0,0,0,0,0,0,0,0,0,0,0,0,0,0,0,-0.3925915612910705,-0.6674089574987085,-0.8105766462210425,-0.9404665163533921,-1.1360533523786607,-1.1302220918095174,-0.8307169130638893,-0.7084338282504272,-0.4836150989052606,-0.06056857595948402,0.14642602915583458,0.35581307163333087,0.7609191881807185,0.8394730242461561,0.8610748354438855,0.9345254513089939,0.9714638932231139,1.0006783575609481,1.0681754510940003,1.100288508071494,1.1119209824340697,1.1455545827248095,1.1480976637502822,1.176223955987076,1.1816622989793137,1.2104097351380763,1.2245469809778082,1.237156672060445,0.9521353734484223,1.2640676578617822,-1.2091009518576032,1.213321186752456
0,0,0,0,0,0,0,0,0,0,0,0,0,0,0,-8.1454825486999445e+37,0.0783211788976333,-0.5002078710213349,-0.740870845748445,-1.0519617241985246,-1.0710173073250966,-1.0437335039323539,-1.043460757099927,-0.8956059515498305,-0.5829582044370691,-0.40913950232443813,-0.22899598517471714,0.2835992982240169,0.462067964797907,0.6015344280181452,0.9166895280652994,0.9478366117564031,0.9761638800461222,1.0551660014249724,1.073712848404609,1.064561920489442,1.0817998799005273,1.0780836926835644,1.108384297472043,1.1311944840858081,1.1350464200841035,1.1528562805853386,1.1688657139881804,1.1892632877179243,1.2007098444040187,1.2120174148060099,1.2223007772116103,1.1272936939622278,1.1576591018887883,-0.6812451291936192
0,0,0,0,0,0,0,0,-0.08249557472368876,-0.19665654586099113,-0.26943105830972086,-0.32963974333250523,-0.4596090300203508,-0.5391852662751909,-0.6776986776162905,-0.8100730555136497,-1.0165678148264934,-1.1385480363298253,-1.1500348866721883,-1.2050808618623297,-1.0063522179322162,-0.9019172280148727,-0.7404779922500602,-0.5723317557005377,-0.26034164079332656,-0.07360681860190944,0.10855825624129237,0.4829744925341936,0.6498682883443753,0.7543721463525804,0.9713720773994043,1.0012654233399854,1.0141284433098048,1.0577763504914341,1.1128144826639965,1.120603958199651,1.1362997245672475,1.1225099257948687,1.1390698413483185,1.1519189855118657,1.1583937522242378,1.157363682073783,1.159665556473548,1.1645649026779528,1.1635336771961564,1.1722219801570275,1.0889325428401746,0.8390203410541068,-0.2622877183709735,1.0243359997051684
0,0,0,0,0,0,0,-0.3688016389997934,-0.48501612291036933,-0.6779545250153116,-0.7623715669044282,-0.8691523830255796,-1.0150250194070165,-1.077189425705252,-1.0921690531418033,-1.094164720744822,-1.1432191566074257,-0.9953311190884151,-0.9388145387434966,-0.873094178966747,-0.6577863986337968,-0.5324726949064323,-0.4283737387802074,-0.33097585115145006,-0.10824685099278823,0.0529351536159218,0.1853552208641625,0.4182599281277742,0.574977471759584,0.6900574522210735,0.8961966963407549,0.9371626643529787,0.9663578250811057,1.0840938528669273,1.1206362981630313,1.1361116000671303,1.1542893332272255,1.162947824894592,1.1696006094928728,1.180294925060653,1.1803649182205278,1.171161186571897,1.171487092320667,1.179959031225736,1.1735950896869047,1.17331388212582,1.1723184883491111,1.1271997546430748,0.9921352993004902,1.1759829722712842
0,0,0.09962680928197218,-0.4553158507027179,-0.5795735422295473,-0.6661856983216585,-0.8247866869770548,-0.8949697443179672,-0.973616531116797,-1.0595981798213585,-1.1087444139529463,-1.0976116533011488,-1.142872776908486,-1.1165616970238987,-1.0323983873145337,-0.9712984035600635,-0.9472552806781822,-0.7958192056127331,-0.7544194843655928,-0.6639545775269395,-0.5430278162861708,-0.4162418926430234,-0.3390698137366754,-0.24246208493846097,-0.05280433447504394,0.1001666806527686,0.14585226842840707,0.46422708175076527,0.567472951958773,0.6589334649854688,0.8462824250333554,0.91053494460363,0.9535794400557693,1.1022055031096558,1.110738532544539,1.1270720360664248,1.1569854412489005,1.1644834076462234,1.1643829120090066,1.1788569661416675,1.187651270825216,1.1844554468318762,1.1818245531379912,1.1856452749756452,1.1705950998914185,1.1679662520076008,1.1674548284904869,1.1607785060354212,1.1575346521278729,0.9820607917083094
-0.6050887989482453,-0.6777178448715442,-0.7594006783623355,-0.8650643143717136,-0.8902795909711807,-0.9361899083004257,-1.0189899712544261,-1.024831518930513,-0.9639504391463762,-1.0002022581971841,-0.9722746555771474,-0.9057636433761573,-0.9094397614288459,-0.8621857894398274,-0.7790371716518681,-0.7261570450410023,-0.6927001139044019,-0.5964026160345467,-0.5502510418757189,-0.4675195576231832,-0.3492619498398731,-0.28657278738602804,-0.21487293019351025,-0.15559827343653979,0.02409643155449959,0.14943554692503971,0.23763832958149833,0.4116361347601766,0.4618809473374231,0.5818608229187413,0.7790922517327363,0.8415525905620987,0.8802693165734523,1.0305335791712107,1.1019874896185933,1.110101020135847,1.153383046713004,1.159148835589115,1.1728971008539808,1.1646345155482933,1.1739347076256994,1.1735990333853885,1.179144030412874,1.1905440289550215,1.1814601733731187,1.1754625418542999,1.1564816815501497,1.1402880713827352,1.1384122228530564,-1.1265898974654396
-0.8510257285642246,-0.8492089772913324,-0.8847065992928395,-0.9149600757005736,-0.8809835119503315,-0.863559219429014,-0.8858124313186299,-0.866286567510817,-0.8137492874842939,-0.8259410502840012,-0.7992227858755406,-0.724938377548655,-0.6817264867415641,-0.649366236494361,-0.5838606980106996,-0.571353555885298,-0.53235240377981,-0.5069801864476768,-0.4255785868124538,-0.3866359925669556,-0.3114968254969895,-0.28964896883699975,-0.26359886942223065,-0.24531570214702125,-0.05958670250036096,0.028346091725637547,0.12587298614924086,0.3145019399072362,0.3594593180455205,0.4596125122223524,0.6024407515792145,0.6468250243660768,0.7263910746456116,0.874298935191395,0.957199927303314,0.9827495469784977,1.0652774601258859,1.108072310891094,1.1114850482019376,1.1407532195057122,1.1634565936416683,1.1522670756075477,1.1736636439733652,1.1900528021163057,1.1836216510978248,1.1807515654404728,1.1758535926735803,1.1338504347255671,1.0429446318337143,-1.1613324723680907
-0.8103827965549133,-0.7482215507965974,-0.7231824559597041,-0.7280291989118088,-0.6620136463589369,-0.6503308017166624,-0.6514884596426644,-0.6230678916692104,-0.5551241900046184,-0.527235459325511,-0.5024070246650989,-0.4306396446993264,-0.391474209293182,-0.3730297934456783,-0.3763199885895627,-0.3867338587817051,-0.4231379062036905,-0.4518737556005316,-0.4617725378002127,-0.5003572671709157,-0.4258301453713538,-0.3935934735965021,-0.3518231346481426,-0.28085945268378587,-0.13669426117926725,-0.03721565436681636,0.046974460746115713,0.18499064721337735,0.25236507185568274,0.3099146325918822,0.41345288335422536,0.45473684018092514,0.5184407363110528,0.6945555751775901,0.7770405030177583,0.8795318762043625,1.0232722886359542,1.0562647753015166,1.0640349899848387,1.1247312309926663,1.1463416814526013,1.1582905208258314,1.1621833853119927,1.176973871029784,1.168661409685041,1.1853893708048617,1.192808396073616,1.1714725396287764,1.1624716201200156,1.1589826293305598
-0.5801688490119982,-0.48445495239213915,-0.45784101666853455,-0.437337262151615,-0.358729705857273,-0.3229285529166083,-0.29943482902778074,-0.18051628851302084,0.013777816760246756,0.23002777492566046,0.29420308745461676,0,0,0,0,0,0,0,0,0,-0.7791348269558914,-0.6614091497762536,-0.5982295636235413,-0.5077877435086579,-0.37488736940183687,-0.22398340486781435,-0.13699874961111155,-0.035054584596950766,0.03894196932690412,0.10090633800959706,0.24849568142641676,0.3372570653985446,0.4300848599985951,0.6957865935591507,0.758536074323447,0.8466555339347238,0.9074999633034723,0.9214833350763844,0.9586673760884658,1.0079963716588176,1.0227760675407775,1.0094880151824062,0.9849302425363203,0.9965588127457109,1.0135203729326638,1.0858090482584004,1.1475743585232872,1.1499862384354738,1.1624994639102337,1.1951643981688735
-0.30443824733321095,-0.18223817403164744,-0.1333943492916805,-0.055302168679639004,0.19211437265710019,0.26400532357683204,0.4050860906831813,0,0,0,0,0,0,0,0,0,0,0,0,-1.081986042274138,-0.803621480111078,-0.6899562495165029,-0.6061048592490299,-0.5413315379763133,-0.3575277463142659,-0.2948705314405208,-0.21607598185223809,-0.07387647636251901,-0.02578594625975943,0.03732451374397401,0.19904056254206834,0.27653817561343563,0.36844385677395114,0.5404432862692545,0.6485119866072088,0.7052947411756033,0.8292100486732482,0.7051848551878976,0.6035927313141787,0.5266235347948627,0.6382281090088089,0.1612783052706706,-0.396036905652869,-0.7460813933850128,-0.08384266779233117,0.5057254775514766,1.0109711589047297,1.113410291618492,1.1714432968849593,1.2502652648522055
0.1620514109638911,0.4494259514518267,0.5210554629612829,0.5049822650822646,0,0,0,0,0,0,0,0,0,0,0,0,0,-0.8948717669302224,-0.8446676875404794,-0.8612904446199945,-0.6271148152752305,-0.5576751919934332,-0.4849322814367146,-0.3955677129244202,-0.2723456980649919,-0.19192190102799733,-0.1178736464705237,0.01231594209039372,0.10626821111569676,0.12812710585057405,0.21625192343992156,0.3035038170696317,0.3787286273228861,0.5585253401671583,0.6353848115273719,0.7310599801173759,1.0598919204712551,0.8310746879108936,0.5141740197485547,0.9332437697957364,0.8231862568411507,1.1458933405751308,1.127574795412444,1.0048239011610252,1.0857492218027438,1.0400873649729765,0.9659963093194724,1.0037551552736634,1.0627296849551093,1.1578254096492024
0.5488150549555564,0.6837978233398526,0,0,0,0,0,0,0,0,0,0,0,0,0,0,-0.9777053256948997,-0.7654046191405357,-0.6934009633557547,-0.6351243404856403,-0.4600270084717199,-0.40292408753989806,-0.34881683944713865,-0.2629721052930861,-0.11137162519870587,-0.04387900225119234,0.010531833525836304,0.10171195774095643,0.15103320350677069,0.18873369669042328,0.3021122443486207,0.35340518437891805,0.41442464925116446,0.5470260907261435,0.6289767172187183,0.6867310386403115,0.9107296352190184,0.9430305129382134,0.984243112641502,1.0130060775091085,1.0096225520193165,1.0390836394893643,1.042448033989837,1.0392246473293347,1.0154763521182608,0.9636551483477022,0.9246755567655894,0.9381790062783211,0.9317479028190192,1.0251919223003036
0.3870243210306591,0.07039930581437417,0,0,0,0,0,0,0,0,0,0,0,0,-0.809757732353377,-0.7658453544552373,-0.7520828039307077,-0.5831095678876816,-0.5166707294643373,-0.46721939819573555,-0.288522054623536,-0.20321836422419018,-0.15240332999202788,-0.10721629447778533,-0.014425010732987664,0.04799366336084908,0.11051600986923557,0.18332176818159426,0.22974397457537513,0.2564877845369049,0.33866506154182713,0.41876699750725405,0.4805582906837257,0.5830809757553078,0.6594391226083294,0.6821240568202963,0.7811084180196075,0.8102218971226514,0.8236906834750984,0.9295207622083423,0.921726039094542,0.9182665188045318,0.9222678271985126,0.9552421862625461,0.9448079808143557,0.9507077267528692,0.9420756801575753,0.9315641200358085,0.925928149653262,0.9532453645323462
0.5219304463658669,0.5808842091637989,0.5196104851623925,0.000941313762013794,0.11709761453230236,0,0,0,0,0,0.20594422556010916,-0.823313843720127,-0.8690244712762474,-0.8007334917987448,-0.6410988809628682,-0.5555089653614649,-0.47625534497981037,-0.3592054910762069,-0.3215630004978433,-0.2715769926389196,-0.15420662798451915,-0.09050273084758642,-0.028974873011754627,0.014502258485064678,0.15506984415767863,0.1753698005166011,0.19892512587905747,0.25921587997877815,0.3228142875256197,0.36302030152122705,0.4374818628457686,0.5094780801766495,0.5694530872233711,0.7659131869992061,0.7820282344730095,0.7753506765001424,0.8129166037928085,0.8298754725638874,0.8225464873937289,0.8592645680742419,0.8829052118161176,0.8875780997926557,0.8993203879608422,0.9302045572679919,0.9413012347869449,0.9462406785622903,0.9564579460791885,0.9637541870605656,0.97309537296539,0.9825932227960609
0.4263900598304894,-0.14411496440761296,-0.14805917055279938,0.1814196436466083,0.3483108377585135,0.26336313605277095,0.21338655555685607,0.003530432762916204,0,-0.8802451238183893,-0.8052163734852059,-0.6539150307924455,-0.6163293537929236,-0.5456520511333575,-0.3836333267969125,-0.28365882696359523,-0.24208011468042057,-0.12345901184499805,-0.04616741211585836,-0.024287833397412126,0.04883718019272686,0.10299050856617745,0.15789690003701154,0.2499253935485277,0.31824206326551713,0.35258036011323335,0.4030389285205568,0.4420319980362331,0.45233445252711274,0.48242993277930674,0.5833869791990112,0.5964855397571138,0.6061861463636474,0.6707303903661932,0.6926929262539732,0.7144194201605458,0.7548664811573942,0.7959589166207951,0.819649981871067,0.8520024161199329,0.864136909625849,0.8934043370128232,0.9169692595009729,0.9313654621376367,0.917850667921514,0.9251398780293553,0.9989905503764503,1.0050480892277336,1.0094431040892882,1.019806607372229
-0.3897749488780312,-0.44873245284861024,-0.46423796168072023,-0.49997319783744376,-0.4822070751189224,-0.5123437150834061,-0.5112612155134285,-0.48944956200199885,-0.4474497399217453,-0.428603153568707,-0.3780134345920405,-0.2860962594973373,-0.2736890118440998,-0.2500427735389778,-0.16178329896765084,-0.10279383482225554,-0.056001310796315075,0.051269129281226865,0.0909426117506066,0.14498218445763,0.23551557062518924,0.27882469175437424,0.3011527400628102,0.35237268422466356,0.4440163856034829,0.513111254355968,0.515581640836676,0.6058814517903315,0.5924799480597801,0.6055512812389977,0.6290586470342038,0.6384382036939211,0.6562047851497324,0.700203258737831,0.744397545200205,0.7658935568576886,0.8136860551241799,0.8329252843697038,0.8574310329071699,0.8926334489275602,0.8881935794283656,0.8775322771677877,0.8941768872739434,0.9245609889170302,0.9355414418031532,0.947931207481716,0.9950452056514822,1.0075761341296952,1.0265892425169871,1.0498827256135608
-0.4093439210902002,-0.4172278339070642,-0.41957143983726913,-0.4514256545799264,-0.4288376623646906,-0.42582393932054086,-0.4250443125332547,-0.4234236573559697,-0.3161987790883178,-0.30128812110566916,-0.2648752803673946,-0.18879671077361335,-0.144746247567557,-0.10896579624942222,-0.013218323386153797,0.0031472838908090162,0.031511442825226804,0.10806422470282764,0.14220559898456966,0.1796265480310258,0.2450806351201745,0.31375551689998515,0.350111697389805,0.37326667416109127,0.44640599911576645,0.45877130376386627,0.48212812646340836,0.5607366930395508,0.5594839527045965,0.6162594186608865,0.6664873342015456,0.6884243934155563,0.6964800353587737,0.7148803221893004,0.7317246296608463,0.740978917398369,0.7848478901906384,0.8159289249683449,0.8226292508545637,0.8669107809771849,0.8845642963858158,0.8823079040694931,0.8876664618254849,0.9019556806115856,0.9088360399781905,0.9104138448345113,0.9638247996880396,0.9774040921489479,1.0077132431005866,1.0783136637330886
-0.48210276619985254,-0.4605233278154908,-0.4421255415887975,-0.44901054234282894,-0.3936556193931592,-0.38733467390379744,-0.36188938410904536,-0.31537649515296146,-0.27252999394815763,-0.22687814305823856,-0.20539621534159322,-0.1258947519205208,-0.11702616485180561,-0.08437454245550734,-0.03042524802013944,-0.004392692586091556,0.04170805409531702,0.09106717271934028,0.12934119029953317,0.1753045840957535,0.22350929972043984,0.2643424633807291,0.3230122557662822,0.3387738690834259,0.42843300957930647,0.4469119845025665,0.49100611503444475,0.5726050385285385,0.6080464980537023,0.672912257733273,0.7124245134942154,0.7628444044260383,0.7861166544952546,0.7632713453179616,0.7841112163637145,0.818380020706218,0.8450030591799202,0.8587604011482523,0.8660506111453086,0.8792215607839975,0.8811354465439363,0.9148551727371004,0.9343453484403653,0.9409207029918373,0.9573140450092784,0.9679515092373607,0.9849125009045134,0.984405403399958,0.9917879088729156,1.0519039077708137
-0.5477869812499027,-0.4895410509711782,-0.46701682865161914,-0.4468126809149404,-0.4037002637236125,-0.3722860032796626,-0.3580119581828302,-0.3275128115238596,-0.25057589608168435,-0.24696374557842052,-0.21214635948335192,-0.1518151574541084,-0.13621329969652785,-0.09811559906346591,-0.0491506100093936,-0.02373485500933643,0.0156984125448193,0.0687089090695004,0.09832207475851859,0.13546319355975409,0.19812812097120572,0.22849311403381659,0.27987226318581887,0.29482880159986985,0.36062438877364766,0.3936945724660186,0.4277759004193881,0.5285573449480624,0.5560627410945492,0.5859573089024774,0.6384140826502878,0.6692198484128018,0.6954349593728608,0.7366962695343454,0.7675715727432763,0.7769695895898426,0.7969555615706517,0.821123276027152,0.8682091527646264,0.8938960159828578,0.903206174690502,0.9125292366822038,0.9328827429212265,0.9528195388416068,0.9651365873522301,0.9768040810311533,0.9943016020483462,1.0151580553050767,1.0415678990989712,1.0732337646156658
-0.5193699988659826,-0.496095135609986,-0.4739086988517654,-0.45402335430462953,-0.41075979137058866,-0.37851374694471845,-0.3609417950683055,-0.3549212701104747,-0.29164307936628103,-0.27664657930214753,-0.26372452725534834,-0.18398769646315283,-0.14586636528801897,-0.13586113243759484,-0.07811296765891523,-0.04314337293928221,-0.025816162585969558,0.03160995893211931,0.06313726000258822,0.08969142243815477,0.15439002465694707,0.16703474391597084,0.18761047417030177,0.23596901268684875,0.2932610751514983,0.3141018250220872,0.3474893902955858,0.4325641126393746,0.44524603157051357,0.4745168402927513,0.5502764249403678,0.5757900087406699,0.6069045825150987,0.6645974402778777,0.6766346079102455,0.7026903835670169,0.7590054740180291,0.7669523030205887,0.7864889196544392,0.8261851861981723,0.8356234123321314,0.8526925390930883,0.852354639289946,0.9157594876141648,0.9507052395690463,0.9740841056426576,1.0198717500481451,1.047002916215515,1.0474989686032992,1.073138942050725
