jsons/1312747200.json
{"header": {"parameterUnit": "m", "parameterNumber": 3, "dx": 0.1, "dy": 0.5, "parameterNumberName": "Northward wave", "la1": 40.97354507446295, "la2": 16.46031188964855, "parameterCategory": 2, "lo2": 133.9931640625001, "nx": 191, "ny": 50, "refTime": "2011-08-05 8:00:00", "lo1": 114.97908020019554}, "data":
[rows 22 to 43 of 50, columns 100 to 149 of 191]
1.452514681575197,1.3361721598238532,1.1122462849574914,1.0525118137379457,1.0032296141299775,0.9136408698273056,0.8947702538125519,0.8806062408516171,0.864589573096552,0.867596081300318,0.8693593731424875,0.8909389744649313,0.8444132311566357,0.843406704754168,0.830680042977164,0.8121619305259857,0.8267938454183363,0.8479953027105946,0.8414057279969918,0.8399036400872377,0.8258281775456923,0.7703059782933217,0.7557580560564366,0.7367547229050981,0.7547445240378022,0.7864740321518134,0.825411928250697,0.8853858760405725,0.9404815702409116,0.9731058083095784,1.0193992245473642,1.0692794428374872,1.094381717462643,1.119417766541354,1.1279242285920974,1.1298464085145767,1.1282022509914096,1.1547442884668202,1.1658857037135164,1.1754618302071331,1.16173140338088,1.1481152208192325,1.1235449371856097,1.0886904940782276,1.0604882522812695,1.030148294803425,0.9850972404483697,0.939997224478503,0.9073800624471049,0.8738175730838426
1.5924245963695143,1.539731175504292,1.362180789088039,1.3264804777114605,1.244583492607846,1.1468896765687167,1.0714166887266832,1.0361340836501678,0.9673430536593464,0.969300368414982,0.9581148378089411,0.9161612155926045,0.8897132211256462,0.8641192225505357,0.8597713406822368,0.8214425873533051,0.8330620914540102,0.8610101672364328,0.838791083510379,0.8282833154164015,0.821591431981299,0.7602339127770309,0.8403975623005031,0.9175068853625904,0.9674816923436135,1.0129269528163558,1.0427164872716188,1.0962714016247646,1.1477984397147778,1.183321907166644,1.2015843520464988,1.253503811266733,1.3034104861586029,1.3129268351525403,1.3549189498141525,1.3614076255799796,1.364413334959339,1.3758637198761772,1.3760418461159192,1.3704223069489159,1.3541556071351375,1.3461647085696922,1.3165348627448872,1.2556822434291688,1.2355845072848664,1.1812918835839503,1.1483353935759442,1.0730135804834704,1.022240233294384,0.9818717191142242
1.6366079969846052,1.6314855861922322,1.5691302458911167,1.5398922334998675,1.486422851861525,1.3853545016161868,1.3385544592843968,1.3030470998962593,1.2117091704073102,1.1688760938830598,1.133240929046827,1.113655339901215,1.0893439251038766,1.0663313769541969,1.020963895838705,1.0296259523560107,1.042853607630421,1.059180325553236,1.1066215950619611,1.1221473088835472,1.162174890155391,1.1949280638224788,1.2079916277164988,1.2463963986180773,1.308975181195358,1.3149115082797658,1.3346127479209884,1.3557963129211446,1.374873456026592,1.3998999159598398,1.4016872764368076,1.4504594760646032,1.4575123696556387,1.4695322855692294,1.5152935786672548,1.542305521836349,1.54724908503333,1.587567027231325,1.5853415992617093,1.5758296068643391,1.5978577333667958,1.5913888664866829,1.5571406161759644,1.5265106235606063,1.4803194592287854,1.4452201256437467,1.4025560844285465,1.3196111654547509,1.2438233105097465,1.17158818356101
0.969563309876615,1.4777703399251478,1.5788373900570516,1.5614663440597818,1.5477831601124152,1.504590317319085,1.4654475775750668,1.454270784443076,1.3488762111621722,1.301423273174054,1.33252871752934,1.2899065054779328,1.2475289988118285,1.193718315076401,1.2390078916517901,1.2672951922406455,1.3199621053450983,1.3375237104648094,1.3412371843923159,1.3465712829833296,1.3486228519472587,1.3644485719471557,1.3631358252660588,1.3611030186097421,1.4297083967215776,1.4620674752078244,1.524237280355976,1.5662457062798139,1.5910414183528128,1.6027983531656975,1.6110885076193953,1.6519299279625346,1.6371587353091637,1.6336532735633005,1.6139039692930266,1.6033301076531723,1.61575190761301,1.650549275400648,1.6690318569729676,1.6787505253331918,1.7560096357997896,1.593556839705879,0.5340886108592414,-1.7180642175682512,1.045016955894807,1.0493479363459968,-1.0313651018376362,-0.7303583849903351,-0.323506521022953,0.038809996098654445
-1.572109747396286,1.5708313600433448,0.8788032936591595,1.3997157051445812,1.5792224242463972,1.6210758298576158,1.6131830986036535,1.619038952808957,1.588007078565579,1.5837320630560054,1.590629547107453,1.5874282272286502,1.5235986994933226,1.515948694475551,1.4916064974435,1.4657691241818935,1.4676536272230825,1.4502656985192777,1.372730528315442,1.3892411304022731,1.383161505434759,1.3757084986836874,1.3780367578405581,1.3878126542134739,1.464491545294479,1.4852130076031214,1.5253133024006682,1.5333404538945745,1.5529938160994912,1.58355807724464,1.6040348100012922,1.6445984592994007,1.666467649831476,1.6855427644245853,1.7287357353393147,1.7584933677802497,1.7753790266829608,1.7875186209302245,1.6335318918141952,1.6496212977660218,1.2859863539332201,1.454303355942065,1.535434086300149,1.3768319942771838,1.314829316429724,1.2631126488949533,1.1704764781491062,1.129465344585133,1.0187620583696704,0.9953928691785278
1.5441295259034422,1.54967379839762,1.5062678124093718,1.1728907195173692,0.18749041661084512,-1.5736479500698513,0.35628973933135755,1.4523226199744448,1.5945762535832164,1.5912907782459065,1.589349626479887,1.5769964075814964,1.5490488366138633,1.552734217909379,1.5464752231717052,1.4914336863926347,1.501562752421589,1.4868460084477966,1.4743422320147754,1.4675058726639854,1.4733830059359256,1.4755664333865772,1.4735123047758263,1.484486465379384,1.4892796750097566,1.5143645035663666,1.553657432709988,1.585067413232029,1.5962655729796857,1.6090959618796241,1.5940435436023426,1.625832447473856,1.6544490606252271,1.6752208720977175,1.6929608088960368,1.6922430713837364,1.696748171694839,1.681463414254884,1.6933105951285476,1.6738215413072872,1.6575319717380181,1.6430731710890103,1.5887560331641646,1.5236915556291386,1.5065206460620089,1.4476803439103967,1.4152386997164375,1.381817115989062,1.361508268149033,1.3426211686068001
1.506457913564559,1.5115561169681735,1.5234841683006897,1.4119058408083187,1.3572818565351674,-1.1212637455672165,0.6436591334457595,1.15795693894045,1.5653137333211333,1.5685786360565406,1.5683982926624682,1.5619319411812376,1.546702831369567,1.5497538673702758,1.5348669391006207,1.517046214213462,1.521387625136811,1.519394576258477,1.5151355531265807,1.5237196981528995,1.528151589273627,1.5476000085240604,1.564835668189003,1.5760291879888542,1.5796332766417567,1.5881749236358107,1.6075869260907654,1.6434884040949604,1.666254194001451,1.5313185069678097,0.9792086116698062,-0.8330497193730275,-1.6552477773221965,-1.308137966845559,1.2289363359575511,1.6786066477058195,1.742458653792658,1.7187650634835534,1.709243178266651,1.6846838080396067,1.6737324064701633,1.6568800058070519,1.6390486016515462,1.614072013356156,1.6179963837814935,1.5819815701220559,1.576433847778561,1.525446403828434,1.505490790884554,1.4846408917183096
1.4843328627759864,1.5020281000538325,1.5072161749937245,1.513471481288522,1.5179571043515694,1.4841998420853026,1.3511717663992335,1.2045469908984232,1.5382558340794712,1.0506671825639353,1.2687245764270347,1.5061339422709892,1.5542996710809693,1.5546808147602316,1.556314698816475,1.5461031052339038,1.554933685562729,1.5625250682108263,1.576203447879012,1.5893495813262406,1.6079629599951626,1.6223933328521638,1.6394685879369602,1.6392448785577223,0.32287981037454355,-1.247173579486365,-1.3770896402911477,1.6075931792518132,-1.0633359856673161,-1.141092296704918,-0.6082771586218081,-0.29908891657719355,-0.24260770322105332,-0.19514228611762374,-0.10905873724247,-0.089740100102774,0.042895414298140595,0.22485306561064183,0.41133401621292603,0.5389853871635663,0.8920797579622021,1.0105554101597465,1.0587285446987416,1.175032412495541,1.2453657036810497,1.2705170363784648,1.2872216233428269,1.3034945392448474,1.2967786981700389,1.2844831737294575
1.4765511789913115,1.4785554091239907,1.4804845129739417,1.4930129596408603,1.499738273500573,1.518427246291798,1.4865101816008268,1.5009777903250938,0.9773465782887487,-0.6346630636115268,0.09424178294437986,0.761831751410228,1.510706169238299,1.560052448465898,1.5587082418394156,1.5569786986512577,1.5625766324868107,1.569726746184936,1.569968705545918,1.5815287102641458,1.599926576865324,1.6053881904954659,1.6160162691187208,1.6463629820214891,1.6765691210210552,1.6972301566672716,1.7015739305537494,1.7161849111751837,1.6307607704585638,1.5158866033941585,1.3081922022974826,0.9803986984903862,0.9096260048575275,0.888023343887095,0.8204391992186164,0.7825813156499514,0.6676965145245459,0.7166411702885385,0.6972519073725538,0.6908503352980814,0.6781566128225248,0.6979163029881298,0.7107518486108978,0.7420164735878321,0.730485316323862,0.7474893471785865,0.8221825284482291,0.8341854896797715,0.8911502291964003,0.9322358142487578
1.4477324571703316,1.4443055900654127,1.4603205304074998,1.4608118736922682,1.4592948929160185,1.479718842240081,1.4943666412541525,1.506225394674003,1.5183572371249423,1.528699813751651,1.5368982095162125,1.5277033676971439,1.4837489169930016,-0.16756739205215854,0.5087868351387577,1.0584058146835509,-0.8652891918854382,-1.441593761968776,1.2975731622963438,0.7479603057766283,1.4596275526406817,1.5915340286949138,1.5650957462756225,1.5987256465049946,1.6178613813536111,1.6400958073656797,1.6714295041455893,1.6797729325898203,1.696970451512056,1.728741682288867,1.743259454922402,1.7122113735896578,1.7000409026542074,1.6773139996886897,1.6275533001237965,1.6198816046436002,1.5861935673339642,1.614444077678378,1.5686778903948513,1.530234704736029,1.4464239570844364,1.4287848891967214,1.3720577001194827,1.314895802856171,1.3020236723469227,1.258458807368394,1.2505764875964276,1.2368412271270057,1.187651427704538,1.1377095678916584
1.4609561067520378,1.457141401858822,1.2812847101521987,1.0256100777093375,0.7407232769082773,1.2444077315684927,1.342951869782579,1.4281957512900931,1.4644318388367208,1.4794684266780551,1.495739897516571,1.5032435986979658,1.5164142552208981,1.519397805507392,1.5231033877347488,1.5297574603694877,1.5369876319812112,1.5415244324262307,1.4136952259104232,0.9000404507136027,-0.7805761951108934,1.4999701074237022,1.4830623197625663,1.1235050997667888,-1.4947998223944283,-1.4265092411549323,0.11147706330813428,1.517900321814769,1.6395795458576277,1.6556564224347081,1.6906779839917025,1.6953742858490983,1.7028959898490348,1.7050308626239166,1.6795860676960168,1.5297473221774422,1.7130478975558632,0.024499286238681035,-1.3906935008229921,-1.7011514449873169,-1.4165353936928442,0.8236294858314649,1.0754535267500969,1.408589201074919,1.4733872757141873,1.5681185976140144,1.5967332262746643,1.5609346466026235,1.5379536168409682,1.525243858202778
1.4493427400828949,1.4481861918299515,1.4551097268913282,1.2812105438595245,1.300309856015021,1.4279065540530707,1.4612670117928812,1.4631618053084552,1.4564224638531094,1.4627796733387695,1.4669016774914767,1.4742050273356753,1.487482138212489,1.4931084585556031,1.502246148703872,1.5232218532666528,1.5291947818734022,1.5333589768601168,1.5416971037416798,1.546282507827133,1.5490479405459616,1.553461284753461,1.554221888761153,1.5571136919439963,1.5705754700795886,1.5846473340240645,1.5996338828530396,1.6143590018907703,1.6106419000685632,1.623108598830002,1.6223701392689789,1.6209694255273899,1.6353493639456023,1.6404097726050955,1.6490799162248764,1.6532855912152855,1.6539724955137882,1.6525903680356548,1.6566178787571149,1.6513249879914538,1.4931637519671528,1.0498860836892878,1.26922631671164,-0.9983138990030768,-0.5731300599100246,1.2828497057134172,1.5827629111590664,1.5532633695525564,1.555515248992255,1.5713443982708541
1.3016166416024224,1.3308347108841765,1.4120830491139647,1.4470443704990987,1.4394089685203495,1.4645349161855836,1.4684558807995118,1.4596825817168937,1.4705826281249013,1.4786088003516868,1.4800391496766283,1.4738587676949881,1.4797330896277137,1.48007486780799,1.4825304271383475,1.4933518485538755,1.4986965981854936,1.5020002106603714,1.5137700422622873,1.5228091334543603,1.5290939610742689,1.5427213431199565,1.552978763324118,1.553923560121873,1.561973988120666,1.561387856433756,1.5630686296228324,1.5648494856069326,1.5707790017864816,1.5803446231657972,1.5816604131177499,1.5906674225967203,1.5980328398407788,1.59955141669763,1.6009587312614848,1.597978157248581,1.5995451971024655,1.600309829748628,1.6016814216888777,1.6041495479904,1.5581340279856797,1.550157675901937,1.5677920613167862,0.962700289008629,1.4325998237742656,1.5289033350095538,-1.0980856323755097,0.6144890279240492,1.163455936714555,1.177894330997606
1.1998428696979504,1.24220761287216,1.303809641304709,1.3313512326716053,1.3400787468428443,1.4103762540012372,1.4148925810083273,1.4205374978486587,1.4363489611223175,1.4472192504777686,1.4462941693034999,1.4469026428498235,1.4629765278104299,1.467654709918296,1.4699111963390337,1.4855947210232237,1.489498824621917,1.4905844862055306,1.5085074541855752,1.5212821947851172,1.5297641717518748,1.538459656881758,1.5441801618710365,1.5467141927164552,1.5674636753485747,1.5754015647411743,1.5715629893434644,1.5738183185604822,1.5773066452597466,1.5744176348226269,1.5739218802787949,1.5715364781117696,1.5715960395191133,1.5734282742175778,1.572994057642406,1.5738244756134943,1.5739210326098783,1.576095485856368,1.5788034087772833,1.5782555761684216,1.5757515135733016,1.570875712273261,1.5703461835189503,1.5697456029119887,1.5260867117527952,1.5078715124009876,1.4155710023861072,1.2823613917577679,1.5122010878374201,1.550146983986139
1.1835766150622322,1.2079873687304954,1.2387078041160509,1.271943535942914,1.2871381593267863,1.3374158432285632,1.3656615640149754,1.3719070154190431,1.4012959180440774,1.4118144123269551,1.4200264158091038,1.4229935395368671,1.4443411056381823,1.448724253371217,1.4525996919676083,1.4650000576701063,1.469647737390081,1.4776197479329631,1.4938484367066915,1.5102487514186962,1.5154262258147744,1.5344671417508258,1.5453404565817488,1.5631548951138137,1.569405038491597,1.5639126444250258,1.5569808713703148,1.5631740339582594,1.571806676880323,1.5673034565796349,1.570301995346985,1.5738711043819387,1.5650914733441024,1.5617267905784276,1.566153571167687,1.5629286432489136,1.5611683505412832,1.5577412205361667,1.5598527100451485,1.5632532061008824,1.5602875706052786,1.554375037072242,1.545576061558806,1.5437069489477189,1.5362590943348187,1.5349248846542771,1.5372451226761334,1.5365859028389146,1.5332579910015631,1.5303195692219842
1.1929758532922874,1.2200494863017604,1.2463529403206255,1.252405601457453,1.2777050692176113,1.3395369889712507,1.3581538442512566,1.3836707408962883,1.4205295549833348,1.4325465419419046,1.4261948173608825,1.4317024833654348,1.447016862574766,1.4452882033491983,1.4544376656903815,1.463512598427679,1.4716385003194992,1.4826292870770694,1.499202714870354,1.5073500121725496,1.5147536436412865,1.540560764401268,1.544646990175862,1.5451924502203225,1.5506829720575066,1.5558063726942444,1.5426823619042092,1.54252117870462,1.560751432484994,1.5551242445515838,1.5561779839819323,1.5588533160069062,1.5591452763078577,1.5595855253184256,1.5608588852348175,1.5589422751938677,1.557925799151832,1.5561482967893663,1.5550743235496243,1.5506967162740835,1.548365894147764,1.548098057123863,1.5438444847781705,1.5430632867708902,1.540186739205806,1.5327842121001802,1.5323675828859002,1.5318402729731255,1.5331213624259936,1.535753175399952
1.202346926288419,1.2169358405727995,1.2724494514057476,1.28267562276518,1.2831043201124375,1.3064809994151316,1.338411301250567,1.348494576620623,1.378170847384281,1.3739329934300246,1.3906652063491414,1.409738997601333,1.4273753059774625,1.4285730079560994,1.436715341762085,1.4532841587957246,1.4520883792743344,1.464769176404472,1.4950058600415776,1.50459355210829,1.5083380264547825,1.5258474640292217,1.5332889215419148,1.5234511605601984,1.5442963723479135,1.5500721537899202,1.5479505376295548,1.549095798128629,1.565124554272467,1.5688960938490504,1.5739538436749108,1.575171431973672,1.56452397841354,1.5610926616567096,1.560392861462481,1.5509742197174017,1.5495638497903417,1.5566889293401074,1.5588406275395452,1.561566034816823,1.5667907247084625,1.5645398329308136,1.553046738859043,1.5486819213322716,1.5435864079714305,1.5347664327724466,1.5347921201995458,1.533879783590627,1.5295126176637488,1.5266919522386218
1.2060543460203843,1.2234529617023933,1.2536772997936028,1.2703538382952564,1.2737031606766684,1.2699716497562883,1.286186900051363,1.3177317103774233,1.365353179876193,1.3882308163581512,1.3845701338770628,1.3979267934387314,1.422973146095422,1.4225828463628858,1.42024971789329,1.4467701136715587,1.4538813228231062,1.4612248215253496,1.4853527567237879,1.496030343533934,1.510445313710045,1.544757814453814,1.5467047566218681,1.540728666535204,1.5476484552453043,1.553251227671807,1.5510580767094146,1.5522459364820795,1.5612834116022227,1.5519422045393108,1.5469919203231066,1.5495311560321277,1.5539771974970717,1.555605436343064,1.5647941359669575,1.5604989948843297,1.5589213363001986,1.561008246688719,1.5587490012039706,1.556634553043226,1.5569348311577635,1.5572842148566146,1.5504480305811916,1.5483578467657897,1.5469873861323553,1.541882102340461,1.535021727498867,1.5187420045502904,1.5052580570056358,1.4932017028123274
1.1977822570814154,1.1984915261360876,1.2325828727397812,1.2507087797892382,1.254146056253252,1.291797044290917,1.3218729855407345,1.3498829261593754,1.3750473677943615,1.4074412335418223,1.4226722331180746,1.4404488957281223,1.4564372508076804,1.4649470862793894,1.4780343629934236,1.496465267922407,1.5015866372432993,1.5118631938644895,1.5302367779334782,1.5430550158480323,1.551336685288401,1.5522287283568186,1.5592789285876825,1.5783758480420387,1.5996637585192766,1.6057170575022968,1.6022581210920792,1.5954631285957626,1.5909292890829916,1.584739194310528,1.5841582479632552,1.5924313065421163,1.5844493051989554,1.5858584243579195,1.5889767553222518,1.5823107355428137,1.5812707376384416,1.5808323181059245,1.5778863151658093,1.5718987265081616,1.576417759988163,1.5705987620122703,1.5607239313064145,1.545912514252212,1.5421999585336337,1.54090627151728,1.5467016596894352,1.5243375381747695,1.4773148339425761,1.4448566878730569
1.158265595535272,1.1712699376264901,1.2011576879090724,1.217639854409928,1.2333173913725837,1.295516992843443,1.3436470913232184,1.3784861692123163,1.4221559438118045,1.4627431617121174,1.4885127805540066,1.4878530840458646,1.5380938035842167,1.5566845262934088,1.5671668889323342,1.5635588339830402,1.5536923336425132,1.5606636144176749,1.5874523903028916,1.595139528594508,1.6060544610835201,1.6230702107050876,1.6455028835841963,1.6674527184319659,1.6966025362405566,1.6777125498178191,1.6400712493061422,1.6296970358562102,1.628077158515095,1.6196474879736023,1.611529074997816,1.606261258689424,1.6026335224027335,1.5974877061308068,1.5935289840673288,1.5818527930514423,1.5818495246237885,1.588058973355029,1.5962235763208141,1.5995729568714685,1.5811636883477267,1.5607411220749332,1.5237459177187784,1.4970111457274509,1.4650150964069122,1.3965041813888854,1.3406299240341477,1.3493253866734507,0,0
1.1313960884724608,1.1643791605167055,1.2119442609694318,1.2263488414078705,1.2465263549821826,1.2726704716603074,1.2822161059223351,1.2923565197567013,1.2680910334013706,1.3159210891825524,1.393865314821452,1.4328272141236083,1.4805910281497585,1.513323585017841,1.5602099874388633,1.5861027439222866,1.5743481281528622,1.5775550436386578,1.5821340445557253,1.59744542946281,1.593760817352817,1.599589956871867,1.600756913265409,1.5915064868214863,1.5916791056635706,1.5789057695803284,1.5799180670513515,1.58905138451058,1.5746002376266885,1.5576073874788652,1.5678155265885465,1.5889879921108379,1.5856115773318096,1.5879561754900948,1.5860197061607388,1.5741448707637824,1.5736791636905585,1.5597132620308034,1.536806904110605,1.5031229214614024,1.475940471457087,1.443535443723402,-2.854051221364814e+38,0,0,0,0,0,0,0
1.0788632972257113,1.0994418083376611,1.1367794361385901,1.1422572215051,1.164002519071375,1.2201984828829777,1.2333843033997922,1.2560772962900748,1.3183887765303195,1.3436737601954012,1.3716062755321254,1.3883926220087575,1.446514705860475,1.4446504303801104,1.4529264758945593,1.4691438543025,1.4763489057011208,1.4896961070592245,1.5277756935582563,1.54491949192483,1.5357653105847324,1.5228836620049309,1.5144256373137397,1.5103360064163533,1.5415135434775415,1.5450135748333498,1.5537310118565424,1.542056261981534,1.5206499385028691,1.5047410700528345,1.5045913753356304,1.4975589568803898,1.480849329977943,1.4721069259675563,1.4305766165514016,1.3825112554312693,1.3747536480974327,0.4157128536145778,0,0,0,0,0,0,0,0,0,0,0,0
