jsons/1312704000.json
{"header": {"parameterUnit": "m", "parameterNumber": 2, "dx": 0.1, "dy": 0.5, "parameterNumberName": "Eastward wave", "la1": 40.97354507446295, "la2": 16.46031188964855, "parameterCategory": 2, "lo2": 133.9931640625001, "nx": 191, "ny": 50, "refTime": "2011-08-05 8:00:00", "lo1": 114.97908020019554}, "data":
[rows 22 to 43 of 50, columns 50 to 99 of 191]
0,0,0,0,0,0,0,0,0,0,0,0,0,0,0,0,0,0,-0.8682644597279252,-0.3990404356494123,-0.7901372762740959,-0.30618182476339073,-0.27402687449087304,-1.2763659601594328,-1.4076413487692019,-2.3015100303029907,-2.6818387378906796,-3.1370444902393713,-3.30576309496968,-3.3868707707521635,-3.515869827828122,-3.7153300739057187,-3.807938825680875,-3.8764191886162562,-3.8961460197694766,-3.7514865215805364,-3.5006702006997554,-3.3229049627232565,-3.0419204238910384,-2.5506638384607836,-2.214338966879979,-1.9025113020946884,-1.6620657558097085,-1.00701524391243,-1.284554108172801,-1.3981294150366461,1.7574089962147987,1.7645245872543731,1.1915442067647528,1.70233505463823
0,0,0,0,0,0,0,0,0,0,0,0,0,0,0,-0.1649871462970282,0,0,0,0,-0.5708589492300531,-1.2538767970814442,-1.6195206719889508,-1.901718933148553,-2.083127428387706,-2.5647017612904346,-2.914273401578686,-3.1947508968485256,-3.4204850154050717,-3.5280136716805837,-3.613295308916858,-3.6315710331927784,-3.590492621558245,-3.376058014782631,-3.2265721978296047,-3.012500261449672,-2.7625424197778123,-2.5808954429236985,-2.4275381333612556,-2.054837119891021,-1.8296452145148199,-1.6021931774997091,-1.424063765764378,-0.97214130663794,-0.7688189121094612,-1.7642211368130525,0.12567818870071612,1.8315084981411662,0.6573732845393069,1.0194105608806345
0,0,0,0,0,0,0,0,0,0,0,0,0,0,0,0,0,0,-0.7728622830084678,-1.1995475387736718,-1.0499322511377316,-1.2855986605949705,-1.81820416499049,-2.12396097068185,-2.5795896233606923,-2.9273851018840933,-3.098542950441128,-3.2521368836998428,-3.4338847206607865,-3.4987189797867564,-3.509888302900315,-3.4843066427452274,-3.4439002090692394,-3.267033621247959,-3.1223260658211345,-2.912159062725247,-2.6138394923898454,-2.3866918021211263,-2.1040023421449834,-1.6604615225074693,-1.524312469319307,-1.3073628362666359,-1.1592371309359952,-0.7584634815233977,-0.6327525537256039,-1.4029859649778287,-1.8620541323334447,0.32586309379787803,1.8953197993845472,0.5289395377816898
0,0,0,0,0,0,0,0,0,0,0,0,0,0,0,3.3038944722661223e+38,-0.5248573009976008,-0.3430841123893712,-0.7047777811190562,-1.221168258746635,-1.6677165144671964,-1.9614036811628128,-2.3720310141352448,-2.594954125667222,-2.8221616110503867,-3.0383973142079457,-3.119408552857565,-3.178757610072095,-3.2420457559007985,-3.2508062044486654,-3.180589681602032,-3.0767851070636554,-2.958531317380348,-2.800129902506138,-2.6438637332850328,-2.480972752211733,-2.172751350333089,-2.0577162311908226,-1.8281045503403168,-1.5847883321811107,-1.4858638832624114,-1.3582543285599398,-1.180125133600674,-0.9643304453432008,-0.8512599331515449,-0.7360542107947795,-0.4601313234587686,-1.2801231076362745,-1.0452338592356478,2.393822010135167
0,0,0,0,0,0,0,0,-0.18000846117048275,-0.18037022579216339,-0.5406427190557491,-0.33501714328054427,-0.6887649641365542,-1.0069017790665964,-0.895082605149289,-1.0446234292453764,-1.3065139881885321,-1.5855238877797335,-1.7484753805283697,-2.0794584990997333,-2.245310142039421,-2.4049494557529143,-2.5855081194430487,-2.6828895851272514,-2.7715348943105615,-2.8783702902601833,-2.9148430571533104,-2.93332875316024,-2.9462065515336544,-2.92505641588566,-2.835210855015748,-2.7176796946313577,-2.660961998086143,-2.5229082182667377,-2.39429291961748,-2.17441006862131,-1.878725034507164,-1.7859449014002364,-1.6846686955320518,-1.5510845920378078,-1.4580682985470907,-1.4062509574398034,-1.297552997829741,-1.0864051468763976,-1.0030496962245008,-0.8980561996608963,-0.7206433431821826,-0.5921374041972768,-0.5224981436255722,-1.143402344546011
0,0,0,0,0,0,0,0.04850705607975554,-0.28206493300671687,-0.7184333820752853,-0.993005275155502,-1.21411126925626,-1.4353198935050087,-1.543121560913693,-1.6590836190536613,-1.745227033724122,-1.9301138304962437,-2.0703347759969115,-2.197401795813013,-2.3379860322653743,-2.413720479806298,-2.4846898285368164,-2.6137587997628455,-2.6558580993555085,-2.7001681050181583,-2.7742888792927287,-2.805797313950629,-2.808861310280556,-2.819229203021976,-2.793488937790899,-2.6759453670777185,-2.613812144651653,-2.5551477096002033,-2.380103957538075,-2.2739124300883176,-2.1249012629057407,-1.9782307460731767,-1.9065749641479237,-1.849289225350864,-1.7437921989148994,-1.654174979802104,-1.5931693611340434,-1.485637288570586,-1.3109033383133617,-1.2239807777655392,-1.13065001556647,-0.8988405854342222,-0.8253284715282687,-0.7600150487598898,-0.6948614535010635
0,0,-0.5353900809883416,0.23021602988622222,-0.05355057576092592,-0.39360916269653656,-0.6983316492976767,-0.9479731918861074,-1.2301706073325172,-1.390549386882612,-1.5131877078325136,-1.639962383772162,-1.7886522579134994,-1.8782799050642516,-1.963036266254753,-2.0371276642118863,-2.1627792356319526,-2.2247800450929556,-2.3049691051975176,-2.388415267389272,-2.441316009913445,-2.479485697397969,-2.5900898204195872,-2.6289597153471878,-2.6684160377997883,-2.7117554537885202,-2.7186533453878092,-2.7146502599958127,-2.670084916848295,-2.6386915797138673,-2.554899854069605,-2.5409283897962642,-2.505306923636476,-2.3607830301443977,-2.3119098584965267,-2.2157514045718143,-2.124682987426315,-2.0538858880527995,-2.0289583471578907,-1.9376829761821581,-1.8342232348367749,-1.7524285793385743,-1.61451043293143,-1.4325370136271318,-1.3008182066976839,-1.191547119024658,-1.057663113216617,-0.9647818441444216,-0.9260251579944608,-0.7827593425030087
-0.22846811735382355,-0.42505822248546377,-0.6413941553164072,-0.8818713895385617,-1.1613933707509103,-1.2470388752795596,-1.3983975922437326,-1.5072264226855108,-1.6346768428182408,-1.7807204914571109,-1.8401377737872422,-1.9434721507135602,-2.037591545254972,-2.0905365241625926,-2.155804521064811,-2.1831757936883425,-2.2424710741633604,-2.2964136425629578,-2.3260884122789376,-2.4062709915366036,-2.453735084072002,-2.484138469352516,-2.546593415779282,-2.5682809237972966,-2.5879887005395332,-2.6244149992004835,-2.63960565277077,-2.6291457542199033,-2.627827353257855,-2.5991916976931138,-2.549077161332434,-2.5196378908208077,-2.4953146647063913,-2.3905785838501457,-2.3263900843829184,-2.2648921835984503,-2.1841628643862725,-2.145914745361196,-2.1274286610025275,-2.0219695975668603,-1.972397403738377,-1.8297434413357705,-1.7310728334581456,-1.5023200181264513,-1.338081680887018,-1.2891936719547668,-1.117036912526567,-1.0522304533062115,-1.032712153245024,-0.9061900005552543
-0.9609414664379241,-1.2075987732725777,-1.3176348500066075,-1.4418018087623978,-1.5452168894801703,-1.6167142990047774,-1.7342052618412453,-1.7880236627301145,-1.9117216012724696,-1.999788186262245,-2.059906493453584,-2.1242441010303423,-2.15724498228702,-2.1750072458653578,-2.1964670639643717,-2.233406659339841,-2.297174672899321,-2.329814449377672,-2.356625857868105,-2.413049707910548,-2.4413772286802047,-2.4747244871783516,-2.5346505563685255,-2.561342806541375,-2.5714265376538137,-2.597472470930765,-2.5940048351100224,-2.5693464371171273,-2.554283977082908,-2.5509564356340757,-2.52255809170957,-2.5156934071796493,-2.493349671589023,-2.428886144079069,-2.4075859650952034,-2.3988673131715874,-2.2929273861198083,-2.2150929413541287,-2.1682811358352665,-2.0613203572271015,-1.9671501044662587,-1.898417848333928,-1.7764791414750931,-1.62962646531086,-1.4953549616307793,-1.3843912597736163,-1.2320390207169811,-1.1257097282788777,-1.0913267388020422,-0.9878359268926675
-1.3179904269765472,-1.5324471514346532,-1.6083290863664503,-1.7140812726741284,-1.81248293021298,-1.8703063592649831,-1.9540426322365612,-2.0179875673099956,-2.0674204484673333,-2.124183512013079,-2.155070245963933,-2.1827654801534946,-2.201600211086748,-2.221943809189345,-2.253499916237313,-2.2737521562204717,-2.3374233388964827,-2.3793476062201107,-2.3929049319630296,-2.4392397448777134,-2.462039218718775,-2.4861498979129575,-2.52140830290278,-2.5359458682735267,-2.5312822618862016,-2.5407343308389416,-2.542469678831308,-2.5339509865693155,-2.560009756882139,-2.562016826623395,-2.558896237520895,-2.5767578706917904,-2.5818733054106024,-2.5525245950176814,-2.534681606023313,-2.427638245275818,-2.278566773118665,-2.1922348531284124,-2.103851883533801,-2.002345410022969,-1.9243060830491925,-1.8424343147584892,-1.7513658730113735,-1.6187153775313015,-1.544548436788896,-1.4193980001816866,-1.2836083723185878,-1.1968321774770683,-1.1568223651164178,-1.0968674127424007
-1.6321866561021605,-1.7251297895280802,-1.776302630479004,-1.8540075132809648,-1.9108190381213812,-1.974657984657886,-2.0186616323607285,-2.0593694461362633,-2.0851810022352493,-1.9781771177182903,-1.8924524883355152,0,0,0,0,0,0,0,0,0,-1.9402752837520516,-2.2645973041553593,-2.494604462357661,-2.54218045940074,-2.5904745831436133,-2.627963975681553,-2.64453835407723,-2.6553414837228155,-2.6979291476435625,-2.709910480741923,-2.745063863133506,-2.748975569586269,-2.718444554085847,-2.6163334199741684,-2.554306372068613,-2.423438489031821,-2.3027840526687715,-2.2324346332178098,-2.1618018828793475,-2.03020823509306,-1.9405196629654573,-1.8516941593190337,-1.8427905861541185,-1.800185208359199,-1.7018143661697536,-1.5926091239859517,-1.4518292739861327,-1.3727024113358588,-1.3355836257121392,-1.2119061828474402
-1.6258977158293964,-1.6855615969882598,-1.7072400198785156,-1.6841074586935418,-1.633521794120053,-1.5333520546009423,-1.333011446725634,0,0,0,0,0,0,0,0,0,0,0,0,-1.7732208026622986,-2.0983538230901657,-2.3053090665951697,-2.489393972666616,-2.550153266076486,-2.6641309160705595,-2.7334641377886273,-2.774091778791074,-2.8207944646511574,-2.8728644881690535,-2.881787647438831,-2.878464775853469,-2.859736781167494,-2.854740343530175,-2.812615357285573,-2.748400409763978,-2.642547846448108,-2.480581344413474,-2.4024005183479176,-2.247151672548787,-2.3030014628036137,-2.259847037922381,-2.1927807796527867,-1.722316213107264,-1.0599678998706428,-1.991034012690041,-1.9552859077156344,-1.7327583242067832,-1.642140743284828,-1.5645972475937742,-1.4155330142802311
-1.3531647116599945,-1.1918558319828785,-1.0864196720336898,-0.9578731836800339,0,0,0,0,0,0,0,0,0,0,0,0,0,-1.5459283432948623,-1.7995435486500229,-2.0898820010120653,-2.2966150094798823,-2.394789725570241,-2.505134832385283,-2.582688971556158,-2.656222166592555,-2.7328602714424526,-2.7673802227663082,-2.805497112127909,-2.8495729345073695,-2.890526140124922,-2.911688071095274,-2.899381626592532,-2.831663315906133,-2.7408335419967313,-2.644614499371983,-2.402671623193988,-2.0358559235402254,-1.7454481720892636,-1.4030318851051562,-1.4536439451657481,-1.4945556497316999,-1.5153821746217004,-1.402272530191414,-1.3648179479806528,-1.449053309760433,-1.5940989961465095,-1.6655092015882402,-1.7101411890181715,-1.665762837584766,-1.5827746525059014
-0.7573229695837449,-0.5007431257370453,0,0,0,0,0,0,0,0,0,0,0,0,0,0,-1.7294468658776039,-1.9414370609727085,-2.0992229232486714,-2.248598767241898,-2.384608156137881,-2.4577938724261497,-2.536646994404167,-2.585715367077049,-2.646189681241021,-2.7155613208242433,-2.7465596183040932,-2.777560887905692,-2.8265410960786013,-2.8417869616794182,-2.843405613935331,-2.7883354134240292,-2.7225759353831016,-2.5309796078144107,-2.435302077028364,-2.273829205354006,-2.147328858281073,-2.0523600761990464,-1.9235326993837194,-1.846141119150506,-1.8128136505619934,-1.7796707974538397,-1.7687214908673403,-1.7285162025907488,-1.7423122134024982,-1.7724507084276413,-1.7473361356231303,-1.7394243824151527,-1.7305224708325575,-1.661363796968613
-0.5041060381786827,-0.1133546082538484,0,0,0,0,0,0,0,0,0,0,0,0,-1.6710420289964505,-1.8119604947774692,-1.9842318165516548,-2.1376169064902983,-2.22579062394899,-2.3125997003111203,-2.398941233506847,-2.4553351159346337,-2.53757853005906,-2.5875472486440905,-2.637432593730677,-2.686299499602777,-2.7039069487962166,-2.7222504443682745,-2.717908466820509,-2.7218404649741594,-2.671404490144876,-2.5971172517058854,-2.5544634899907495,-2.42454544727994,-2.34663785855623,-2.247789214194144,-2.194119407337499,-2.1545439897937637,-2.1022013818919,-2.0458654215298733,-2.0355905366555636,-2.0095622984404256,-1.998612400955679,-1.9439336576731783,-1.940006619510563,-1.9285166773343136,-1.8556893447472032,-1.7943762992928263,-1.770720174524352,-1.7136924994087352
-0.4389868392126032,-0.31189611255147304,-0.356427624177271,-0.5186346660239747,-0.4597769813704678,0,0,0,0,0,-1.5001268584784062,-1.537736400994267,-1.747248721689006,-1.852395202948438,-1.9665364312350677,-2.036694198531869,-2.12385717881451,-2.2258592938189823,-2.2765414889202176,-2.3399037100144824,-2.3980451849204134,-2.427742328261088,-2.456357989313352,-2.480003313253929,-2.512570997393362,-2.5243634681384526,-2.5299922370164847,-2.532484583383955,-2.5118914257946288,-2.4933794350043645,-2.458800701534846,-2.4016740135601786,-2.366283193899506,-2.3005065787222656,-2.2681073015232682,-2.2263961565759636,-2.180014118221441,-2.188570215889963,-2.2092562060940253,-2.196635626140147,-2.190229246977019,-2.1774485399286743,-2.166511564017244,-2.141427670113347,-2.0968558801316584,-2.0717318537048386,-2.023134227086661,-2.0145124524527356,-1.9783354619547255,-1.9385894318841417
-0.507417535038508,-0.2327586888147963,0.583326081553787,0.5178055371697596,0.4907189582990177,0.5664640024807829,0.6085902108766807,0.8263186819746796,0,-1.5222755256685288,-1.7155192113923645,-1.8512525573911918,-1.9755509733357368,-2.0367322961132865,-2.1212812515702693,-2.164483354853301,-2.197914485021308,-2.239652861412825,-2.272421150279792,-2.3102170731827107,-2.3615869499130673,-2.3781186368810356,-2.394675795873117,-2.402565032461398,-2.4121950516352544,-2.402490468809907,-2.39036476358492,-2.374815409568367,-2.3411910494731143,-2.33461138038671,-2.3023901585654185,-2.2702855829222726,-2.2503734505417845,-2.2372341043478823,-2.2350294789824456,-2.2512086065230563,-2.2593887233450056,-2.2556394035589853,-2.277092759621128,-2.2629519651523182,-2.253685731234847,-2.2401354214570404,-2.2232386228200913,-2.191621760123879,-2.184084840082289,-2.174813524922633,-2.1328482024012376,-2.120304579911134,-2.088859276428672,-2.038352641430283
-0.8810503039338213,-0.8682855337978339,-0.9186595922517967,-1.1499231957596572,-1.232229001384991,-1.470341343687598,-1.662450353475689,-1.7643271336178024,-1.874235787075444,-1.9375530799872986,-1.9664199119206343,-2.0282656273646524,-2.0666107903041198,-2.0872641425292286,-2.1378536145522538,-2.166264088396642,-2.1822784657748104,-2.2039244846452966,-2.2298997670509673,-2.248413192509778,-2.2711415468646323,-2.2789386192175716,-2.27649836026964,-2.2770682520511283,-2.270343633380145,-2.269520067988919,-2.2737336395516974,-2.258193855650953,-2.246939579488074,-2.241842588929443,-2.2398863785608882,-2.2428132100191367,-2.2557997799901837,-2.255649858899707,-2.251565867248856,-2.2651931360391195,-2.252211654644211,-2.255244495419115,-2.265009677351535,-2.24595156339661,-2.221803198193241,-2.2246380206686434,-2.2236245362058984,-2.2032237037960147,-2.1926336296203375,-2.179156542657372,-2.1677759011992435,-2.1599433920560043,-2.1347180902955314,-2.1033112462578205
-1.3417286600901925,-1.4058347691783333,-1.461183970822922,-1.6376412950228938,-1.6815669608856656,-1.7389275424232902,-1.8328865277697555,-1.8413313616842681,-1.8967567862374681,-1.9195885755695694,-1.9522684667736694,-1.988666605538516,-2.0136234976447493,-2.0315274628778988,-2.068063101348413,-2.077793548923654,-2.093711153737105,-2.1237039455739497,-2.133311707490613,-2.153295624930586,-2.1628816713660117,-2.1683696121832163,-2.1556524329779454,-2.1688737745835587,-2.1743132852575817,-2.1832443913106583,-2.187158082216043,-2.1818407457951787,-2.190135798738466,-2.201125730355492,-2.205928396813824,-2.217223179987756,-2.2227890225373335,-2.2255668632641044,-2.2261485496817097,-2.2446017434403798,-2.224328641758414,-2.2272771579176696,-2.247384841469859,-2.2135874936831272,-2.2033643317802,-2.219624313687785,-2.2086762936451145,-2.1905842183481727,-2.1974359543484394,-2.200455647027849,-2.1777552777694145,-2.178436357821905,-2.1554651631397754,-2.1103878026085527
-1.5421043778485024,-1.6240945760394332,-1.6415860892698173,-1.7094974817637558,-1.7575354861305248,-1.7710359883298203,-1.80221484381051,-1.8265752455444808,-1.8485360165620737,-1.8739152206639957,-1.8810221157472202,-1.9283152654863014,-1.94703218854846,-1.966884879383218,-1.989746370069934,-1.9954944030806636,-2.021232467092172,-2.032679840673624,-2.049131038210392,-2.0574824887024894,-2.0638257296713802,-2.0722460450810973,-2.071997476509056,-2.0756284542443244,-2.093585101366699,-2.114616837307111,-2.126289142779928,-2.1392170065196554,-2.158451504892174,-2.1677329863353463,-2.1659988428949437,-2.1890490583424014,-2.2022600560615566,-2.2060875225446055,-2.2087546843781114,-2.228076748065613,-2.224620061883553,-2.222599774003042,-2.232321241814017,-2.222656310436599,-2.2222693411601595,-2.214000112469491,-2.2016850969782116,-2.174923453327704,-2.1928989375340344,-2.197438121162714,-2.1757583879107028,-2.1648146053278308,-2.157999325244119,-2.117078371317129
-1.5518500756734706,-1.606488972316104,-1.6389978789710289,-1.6658811642970899,-1.688282926509631,-1.7105345930376654,-1.717764076149954,-1.7435396975004378,-1.7841959769240445,-1.7925369280506873,-1.8169231877170442,-1.852521606935005,-1.864795652410239,-1.8807334932636508,-1.8980911390202788,-1.9060372897385183,-1.9156789580842648,-1.9239150217990713,-1.928106539610627,-1.9603056772352159,-1.9778916881519197,-1.9870412251518348,-2.023216732661741,-2.0291680740401166,-2.0416954803645777,-2.0689186400692314,-2.0788112311156848,-2.0917579753268805,-2.111373479695679,-2.1161263430423802,-2.1230778911687724,-2.141845804402796,-2.1527101153657586,-2.1542509672746486,-2.165277804114635,-2.1831033430434625,-2.1829100506645602,-2.188607443951692,-2.1948623912295413,-2.1867181551473993,-2.1796311871485776,-2.1853025905664283,-2.1777202593231766,-2.1640784358239635,-2.164987987895679,-2.163582358822022,-2.153042828825798,-2.1443844977551514,-2.127630806126872,-2.1140153582537415
-1.5424412303070807,-1.5610292000560877,-1.5760033932409607,-1.6086227775045976,-1.6337660410983574,-1.651671672306266,-1.6804703113885204,-1.6889690694967368,-1.7176855441173788,-1.7384976007148703,-1.746790873622302,-1.776334117231856,-1.792268452155538,-1.795411107923948,-1.8200001347786665,-1.836268745689054,-1.8506199049786753,-1.8648708105399339,-1.8781597530491725,-1.896762449547458,-1.9198365509067974,-1.9288669727803558,-1.949111514336178,-1.9722890343783983,-1.993690997041967,-2.0138152924068113,-2.0284962104945885,-2.045542741064998,-2.053004178675157,-2.065633927616592,-2.085109468736603,-2.1065910304052142,-2.1195663137419287,-2.1283387054493192,-2.133015619245758,-2.145709091028685,-2.1464202135700754,-2.1438673353006776,-2.1538412488822494,-2.14603597818865,-2.1432006502947467,-2.140151658209675,-2.136282916814845,-2.1302237930921035,-2.1450439194791713,-2.135072414528212,-2.1090006166063997,-2.1090824775850234,-2.111161578738555,-2.0928179008020544
