jsons/1312707600.json
{"header": {"parameterUnit": "m", "parameterNumber": 2, "dx": 0.1, "dy": 0.5, "parameterNumberName": "Eastward wave", "la1": 40.97354507446295, "la2": 16.46031188964855, "parameterCategory": 2, "lo2": 133.9931640625001, "nx": 191, "ny": 50, "refTime": "2011-08-05 8:00:00", "lo1": 114.97908020019554}, "data":
[rows 22 to 43 of 50, columns 50 to 99 of 191]
0,0,0,0,0,0,0,0,0,0,0,0,0,0,0,0,0,0,-0.8099771008865152,-0.374274053057386,-0.7102595070483559,-0.28210403433296694,-0.22404044144296228,-1.219051388229438,-1.366334873954323,-2.1696146711013435,-2.546427098944621,-2.998546777836235,-3.164617889162517,-3.2444821918110276,-3.3725841817980284,-3.5460718027744402,-3.624474629683162,-3.675826633671021,-3.679467625677176,-3.5207821396268595,-3.2434412081783583,-3.0604471398388347,-2.7771397130450772,-2.312370674618168,-2.0053670850068706,-1.716085604365392,-1.4969621757427805,-0.9186088030444526,-1.1725542941851474,-1.2753060399888858,1.8373505847970817,1.9051429791255103,1.0843358007120572,1.4906475709156741
0,0,0,0,0,0,0,0,0,0,0,0,0,0,0,-0.14575981156775575,0,0,0,0,-0.5390413507449656,-1.185391563246775,-1.5276896051047895,-1.7903996086554492,-1.9688061074715009,-2.423396061287731,-2.7746498212146964,-3.0669317334884565,-3.2734240767074025,-3.379774948491697,-3.4534286897362922,-3.4496088364305866,-3.3970811730617094,-3.1638653880041385,-3.019545483048433,-2.8099546163326754,-2.5746642051336104,-2.3861551671211276,-2.2401577995620543,-1.8890842024449697,-1.6818909335226615,-1.4693869081852364,-1.299683486912382,-0.8931801926978934,-0.7163003545397533,-1.6758071776005512,0.09094021149320496,1.9721582579578747,0.6253402757122243,0.9511937295517694
0,0,0,0,0,0,0,0,0,0,0,0,0,0,0,0,0,0,-0.6996663135455866,-1.0833875813103522,-0.9355571167699401,-1.162104256082953,-1.6713724730485773,-1.9995442670645427,-2.464148389299025,-2.8009903382234618,-2.977839479123581,-3.1230712685770525,-3.2883125594075433,-3.3472965799578196,-3.348444253995971,-3.3031401008277013,-3.2539480676914434,-3.0738279152519747,-2.929665099945635,-2.722672295725724,-2.428769930945103,-2.21234889155508,-1.9517218797968852,-1.5282441490816874,-1.4024439129698558,-1.2228475554753662,-1.091994627297759,-0.7074767087942802,-0.5965803003487877,-1.334158474394646,-1.751940339668401,0.27406805465112205,1.7801534688279543,0.4819635994418554
0,0,0,0,0,0,0,0,0,0,0,0,0,0,0,3.3038944722661223e+38,-0.513739090064418,-0.29419730503464286,-0.6216250132319262,-1.1080377246376376,-1.5675589746912726,-1.8610002461008814,-2.2697943686029958,-2.501314027473576,-2.726727936330704,-2.937436182831855,-3.01465911402833,-3.0773945405613854,-3.132009395459088,-3.1344986546540476,-3.0578481119166754,-2.929499513044905,-2.8091916913005575,-2.647072689824593,-2.4878586869464785,-2.3365258246392493,-2.041776544336518,-1.9326223448104418,-1.722362845064188,-1.4936573243664395,-1.3959280969199444,-1.2714902381597235,-1.111850335462969,-0.9151594595314334,-0.8083683211666192,-0.691328439437929,-0.4329859639898358,-1.2149322474826338,-0.9977581438145191,1.990992772649162
0,0,0,0,0,0,0,0,-0.16119149737282723,-0.17364886380287228,-0.5063338263836195,-0.43161439071393226,-0.878365339138473,-1.0174078666540727,-0.7015707454471082,-0.8280881763095538,-1.112937448308171,-1.4818023807001477,-1.6714727885412133,-1.994123233158079,-2.1654889332605483,-2.3263291568633457,-2.511705740883349,-2.609718226504412,-2.7044070017359028,-2.807026456082213,-2.841193468807151,-2.85357584434512,-2.855223360587627,-2.83037876599713,-2.730660448871802,-2.602508523919441,-2.548857972561547,-2.4091656451592867,-2.2812699518238837,-2.056198652079487,-1.7730651338689365,-1.6944906506879474,-1.5962508017110797,-1.4546394932963749,-1.3656388615785013,-1.3100645759554834,-1.2094108708669558,-1.022296766032688,-0.9552370545147203,-0.8591454013023491,-0.6933590314691735,-0.5687103709857323,-0.504891374416038,-0.7378553151704068
0,0,0,0,0,0,0,0.0830551309050719,-0.18290335147320716,-0.5870726465471318,-0.8734097985726523,-1.1251841778232072,-1.3426524331154275,-1.4566967312338264,-1.5804856762744748,-1.6673530047975855,-1.8591348910391294,-2.0026321046484985,-2.1335773638773636,-2.271413568175002,-2.3535722675012214,-2.4242188272522243,-2.5523061365940922,-2.591066453356667,-2.6367523987139774,-2.707912735011686,-2.737321889633395,-2.7413677564138346,-2.7421420665359664,-2.7115362592658157,-2.593758971899473,-2.5302116809118544,-2.4658322601157376,-2.28514915918882,-2.1757282998904937,-2.0188367035311328,-1.8707630188209887,-1.8052225806689355,-1.7470295064999959,-1.644315975873819,-1.5598415307060467,-1.5027433161080301,-1.404659030080101,-1.2362843111182766,-1.1493922683790603,-1.0668632578530923,-0.8593176080788809,-0.785938180824294,-0.7233514096931076,-0.6552222172889165
0,0,-0.5184643210302534,0.2553620372280243,0.00905047420541084,-0.306317570824448,-0.5989946822555265,-0.8470706739954385,-1.1408756759396839,-1.3177103710535756,-1.439678794095897,-1.5715902961628734,-1.714763891345301,-1.8044700575736157,-1.8915185920571282,-1.9689797950607537,-2.0986886253638852,-2.1642227300393677,-2.241067319592958,-2.3288678303131474,-2.3825580607660575,-2.4216310870361473,-2.529332980281895,-2.5681658224665767,-2.605208960512691,-2.645799750697549,-2.6511705918592106,-2.6444568080403643,-2.593547716567838,-2.560247514475043,-2.473517681503766,-2.457182047223044,-2.419912328804005,-2.274101505968074,-2.2187275892016816,-2.115525255375238,-2.028834472827493,-1.9632206362351268,-1.93759003524178,-1.843578947058077,-1.7415529237428653,-1.6610267684017155,-1.5257414624537444,-1.347723930567846,-1.2227711329670043,-1.12242586890299,-1.0002297513460003,-0.9226074316287102,-0.896180728178227,-0.753550952137872
-0.19485966077368894,-0.39389368780546785,-0.6064225720665007,-0.8405260852413885,-1.121786990102902,-1.1966594692296928,-1.33782162435839,-1.4435259001770235,-1.5714530657581889,-1.7124147278247726,-1.7692887558599948,-1.8732360584356276,-1.9727405321147102,-2.025208269140511,-2.0917002941600704,-2.1229374697662795,-2.1825292769195914,-2.2366610592825182,-2.2670902293448028,-2.345532482127614,-2.3941790925860316,-2.427953238739691,-2.48951810851755,-2.5099722512682305,-2.528209074409416,-2.562527640539186,-2.5788294056928134,-2.568390352015137,-2.563868787394624,-2.532909007720311,-2.4843109588589947,-2.449780777421901,-2.420753260737545,-2.3172751677757244,-2.2519659608747897,-2.1903297240267916,-2.1054378448488857,-2.0687342865347174,-2.047158581504525,-1.9433861502855914,-1.893379128996558,-1.7487910244118454,-1.651191592009272,-1.4303461327488816,-1.2718169667061936,-1.2245391533119316,-1.0591117289256522,-1.0017292797900472,-0.987539626149649,-0.8547357294563797
-0.9188980962897528,-1.1515060063910547,-1.2616069689669307,-1.389031218946003,-1.4975978830088508,-1.5681858529673633,-1.6822568642306315,-1.7379477968871562,-1.8508912537802176,-1.935736125143425,-1.9927054450241868,-2.0552792445450483,-2.0927912762429917,-2.1108208044728305,-2.1321120840623133,-2.174734241056767,-2.2412921397562853,-2.2704688880507873,-2.295104955583403,-2.352823223228231,-2.382563855997963,-2.4168107116247826,-2.4751436930984747,-2.5021628686695134,-2.51320158503074,-2.5393125841389357,-2.537006464575814,-2.514022557181938,-2.4919220712546326,-2.491016195053987,-2.4620013697555585,-2.452291387688999,-2.4285072644324117,-2.361694101131167,-2.3364293617679315,-2.319819185372437,-2.208402255703156,-2.1405125448117017,-2.093483171542951,-1.9893598477087098,-1.897692028087042,-1.8279899512796005,-1.7068336905919828,-1.5667483713983725,-1.4394574451884554,-1.3297182087410881,-1.1748367300363538,-1.068365798485293,-1.0364277168070284,-0.9497085931182586
-1.284287438946006,-1.4831342941514587,-1.557125187906829,-1.6590368157257829,-1.7503012735775458,-1.8099753993827838,-1.896161988482579,-1.9619715294452678,-2.011761717143098,-2.0669509036394054,-2.0957280685528787,-2.1247659091703843,-2.144771132361711,-2.1633369500363298,-2.1888275870404823,-2.2145284761615613,-2.2781424521765596,-2.317145452710996,-2.331977926746662,-2.380742315916338,-2.404179509627434,-2.42796105142123,-2.4615362279834696,-2.4728364457976904,-2.470832132441237,-2.480094851990026,-2.4824154413989645,-2.4726711241508506,-2.497426395672664,-2.4983064248931353,-2.4957146699719366,-2.506635759546396,-2.5071163711344306,-2.4753379941565443,-2.456533035433941,-2.3530483360932837,-2.203828295096131,-2.118758337799592,-2.036204919019763,-1.9280589489837971,-1.8623888278616862,-1.7857678727511375,-1.691641473124656,-1.5553742668185462,-1.4738433031837215,-1.3612779856926653,-1.2257678005495898,-1.150166686974539,-1.1110424022472276,-1.050849884139348
-1.5973259324906393,-1.6869729996810148,-1.7361576171193802,-1.8117950100489226,-1.8653891389440715,-1.92433766326255,-1.9735431928331708,-2.0148787621622293,-2.037902846560591,-1.9331824340932675,-1.8483924519766741,0,0,0,0,0,0,0,0,0,-1.8906705939746853,-2.20918825588243,-2.4259962916995406,-2.4718290873005926,-2.517184619331686,-2.548557567039891,-2.5627358328351404,-2.570499159005248,-2.6101092328038735,-2.621161886568378,-2.6520550128030473,-2.657524756581103,-2.6239309091701393,-2.5227771619764043,-2.4675447585552623,-2.343804180563662,-2.22699111031142,-2.16168465600358,-2.0925484329851822,-1.968214962049893,-1.8869027549949047,-1.8059121741480342,-1.800687893158662,-1.7605340440879442,-1.6629683072218122,-1.5536279573447076,-1.4110886668423455,-1.3272559097095578,-1.2924304452773239,-1.174474261730853
-1.6126230800538606,-1.6646008506732537,-1.6862624961776733,-1.6670740066820937,-1.6174096993023621,-1.5165668174980513,-1.3138201987943117,0,0,0,0,0,0,0,0,0,0,0,0,-1.7180857587897969,-2.0411037673217582,-2.2446185290550966,-2.4242553643657416,-2.4797173950898777,-2.5826085181080596,-2.647117406679437,-2.684524779965366,-2.728547867130264,-2.7786014783769053,-2.7867670197391763,-2.777921884630329,-2.757141764189436,-2.751907871269266,-2.7073241767954515,-2.6370336509433994,-2.533704853038955,-2.384833674415749,-2.317858254639782,-2.1751865499884886,-2.2240810071900152,-2.183324134178459,-2.12568397117585,-1.6720951009373728,-1.0320809171371959,-1.9518639188670095,-1.918648888841738,-1.6935308529713282,-1.6034731288277513,-1.5283179844803436,-1.3748138278492383
-1.3473279261377693,-1.1887595459627118,-1.0829181970856558,-0.956050365283881,0,0,0,0,0,0,0,0,0,0,0,0,0,-1.4866022940649102,-1.7382432325778367,-2.028382889999701,-2.2348118581432335,-2.3318725875260307,-2.4367572717905284,-2.5163370612623273,-2.5855619256089337,-2.654794012762698,-2.684216142983362,-2.718915512200647,-2.759752135101231,-2.798946604121776,-2.8152559411789837,-2.8019320865274544,-2.733759566952289,-2.640886344322136,-2.548524769106604,-2.321629282521987,-1.9608568349854099,-1.676586071802636,-1.3339302610072423,-1.3801499146319591,-1.4252156104901073,-1.448948404160742,-1.339206718891263,-1.2997138729909454,-1.3877461757175227,-1.5342446864125776,-1.6312946650938311,-1.6702117845307718,-1.6312459581462044,-1.5427832502708756
-0.7584880552361541,-0.4986772426837601,0,0,0,0,0,0,0,0,0,0,0,0,0,0,-1.6726591136044755,-1.8881448208813008,-2.0494914552065535,-2.1961977596152447,-2.326034054397571,-2.395039719668641,-2.4754303362055223,-2.52424346544474,-2.5810138684483594,-2.648476451065,-2.677576320701569,-2.7043669233227012,-2.755018070417282,-2.7703347103136604,-2.7709003679629496,-2.72048909812359,-2.6552761546860237,-2.4633423645565324,-2.3716250154782332,-2.2126715797315213,-2.085074745094025,-1.990485696938334,-1.858654254699763,-1.7802792432736085,-1.7427310136284253,-1.703390116937458,-1.6898123907203082,-1.6495126226011447,-1.6634825790423977,-1.6988034378085846,-1.679054566801469,-1.6762289053166681,-1.670138887482535,-1.607018958260576
-0.504854482635446,-0.11172490410493037,0,0,0,0,0,0,0,0,0,0,0,0,-1.6181492389494896,-1.7584157427773934,-1.9312404171878224,-2.0829732607957663,-2.1742669528110072,-2.263773220199826,-2.3499978566381934,-2.4046037917377587,-2.4843137439778946,-2.5356237833689383,-2.5819572048204287,-2.632519814120046,-2.6525248649034223,-2.66886561024864,-2.6673048414654397,-2.6711108837349253,-2.6225875023696834,-2.550174518397328,-2.507587713474342,-2.371925673903634,-2.291337790958591,-2.1893385169798756,-2.135770593542778,-2.0987096385392867,-2.0385091532983335,-1.9831382331332474,-1.9668947605511462,-1.9381528563767045,-1.9270877751855235,-1.870460953664168,-1.8658659252612917,-1.8522086661370372,-1.78344655930318,-1.728859085610306,-1.7080739467643813,-1.6503993643310193
-0.441546722749402,-0.3095142736006395,-0.3541595000842618,-0.5207557633269998,-0.46193134524737745,0,0,0,0,0,-1.46408466014238,-1.4947614907150009,-1.7092662147143516,-1.8120728640772497,-1.9246760860551553,-1.9955482325683855,-2.0810317854586953,-2.1832278569348165,-2.234580439150379,-2.299516298212166,-2.355646470315084,-2.3852549787796633,-2.4167752166451857,-2.4403470655885955,-2.473149087187724,-2.4885903981117026,-2.494162966962231,-2.496160856026503,-2.4766720148984747,-2.458000540803513,-2.4218452629664107,-2.36302455846043,-2.3260458185380912,-2.255678886909017,-2.2214831111794457,-2.1758973352824373,-2.1288117839599394,-2.1292266219570815,-2.14437435911158,-2.1298255393862005,-2.120487904183309,-2.1031815944004344,-2.0914200602765214,-2.0628734357611678,-2.021047776376774,-1.9972222719039538,-1.949666843974713,-1.9411812710030238,-1.9052857384728359,-1.8676730176676162
-0.5191693970054846,-0.2248088713254146,0.5844814399156497,0.5205525965090276,0.49555139304602364,0.569603691439033,0.6104127004943508,0.8224132622213902,0,-1.5005195618927403,-1.690531408651977,-1.8258027621690949,-1.9523371110630254,-2.0151910859342475,-2.1011684979311887,-2.1430170736966567,-2.17428539285925,-2.215177112392852,-2.245630812432323,-2.2832790842598114,-2.3349987733019333,-2.352728117526815,-2.3726133272718846,-2.3797254645772696,-2.388831878968678,-2.3795250666456345,-2.3647392566881047,-2.347495155065502,-2.31343051528698,-2.3053026796342375,-2.269684008119168,-2.233465652323158,-2.2116716345352336,-2.193882788989148,-2.1867826716796785,-2.1963861171844448,-2.198684546082454,-2.1949138424052475,-2.2159557071247575,-2.1997320407159457,-2.187404207777734,-2.171871584488374,-2.155305368850898,-2.1225260045051453,-2.1147858350229023,-2.1056028309565495,-2.0633605209608556,-2.0487129389807643,-2.0168877620700028,-1.966940146533533
-0.8750722048074909,-0.8637144444547422,-0.9139527059457724,-1.1436282618585334,-1.2235028107118002,-1.4599644917116505,-1.6493837557439777,-1.7509294765301213,-1.8583034879599911,-1.9250046489273265,-1.9552494966642873,-2.0169901017955536,-2.0551154836893146,-2.0750902981013337,-2.125247239961078,-2.153654176853476,-2.169144889160156,-2.1904940907538646,-2.215106682709193,-2.2333649218686595,-2.2566168666380264,-2.264166669442207,-2.2591428981288253,-2.2583651656659027,-2.2493377807953645,-2.248223110167056,-2.251728708037716,-2.2329745945285864,-2.217271356413012,-2.210426195609425,-2.2048130746044654,-2.20319929921082,-2.2137350420477833,-2.212293270403695,-2.2065425390512243,-2.2158755750811716,-2.1985252044329893,-2.2007154841935015,-2.2061857347594107,-2.1843252152091215,-2.1590633163539423,-2.1587190531286393,-2.158434826668309,-2.139307639600995,-2.1285205120556463,-2.1150499950778348,-2.1035671284205484,-2.092233378925388,-2.068627047462463,-2.0390550964091188
-1.339880762237634,-1.40281228060753,-1.4580617378979988,-1.6369415711638584,-1.6794936587991143,-1.736136442687779,-1.8312100796887179,-1.839798489068782,-1.8936230803740841,-1.9158247052988033,-1.949427703103629,-1.986320158907625,-2.010259660386166,-2.027657108158183,-2.0630422382243747,-2.0721636874617655,-2.0879772898717177,-2.1179423054679423,-2.1273613304780326,-2.1476201446543177,-2.157995808891321,-2.1597858752889563,-2.143633818944327,-2.1562470330394654,-2.1597496453385676,-2.166216856849554,-2.168308516268568,-2.1580942328198898,-2.160943895283439,-2.1691092553843627,-2.169719154823382,-2.178632032820322,-2.182883118836676,-2.18350994900563,-2.1825464141258957,-2.198475093945777,-2.177272499851938,-2.1775197041075613,-2.1947037776997886,-2.1615119047771674,-2.152036924646147,-2.1657935566845046,-2.153537637377826,-2.135562343551775,-2.143292132528276,-2.1472744857639006,-2.1217699172753255,-2.123340544439332,-2.100077337218689,-2.0515865587240647
-1.5455601284568483,-1.62828031851616,-1.6457797491819952,-1.7148507336830554,-1.7618123249597495,-1.7745102399770623,-1.805125083369905,-1.8285856143827262,-1.849786081100441,-1.8748243992962195,-1.8821318243830845,-1.9277949516538677,-1.9449998340613581,-1.9646773431649907,-1.9876135058442987,-1.9933540071624103,-2.01740727828903,-2.0281012822395614,-2.0440916391146065,-2.0496575187194477,-2.0539932453386474,-2.0615285737894116,-2.058788013102055,-2.0618834054041497,-2.07755460539271,-2.095714598001446,-2.105246724186198,-2.11513015679463,-2.1311533253860553,-2.138351779237518,-2.135278730176485,-2.154663951795844,-2.16598557394305,-2.1682757978605562,-2.1688028516563116,-2.1884432222332175,-2.1851638206370083,-2.181556082816813,-2.1888824638675297,-2.1786531748395084,-2.177554976019464,-2.168244787964555,-2.155379798981929,-2.1289884992807946,-2.1471671866145474,-2.1519510577862393,-2.1304197059090533,-2.119236541475231,-2.1124263001409447,-2.069917606663171
-1.562600292980411,-1.6159785932247097,-1.6478427861776275,-1.6743614189878981,-1.6971812593894926,-1.718932774826786,-1.7248462844517305,-1.7491798530592204,-1.7876773874820115,-1.7943472944069796,-1.8191398741768545,-1.8546628234448506,-1.8663128695488962,-1.8809650979558152,-1.8968921917596129,-1.9048161633616199,-1.9122213460000772,-1.9189445327127432,-1.9223212642178253,-1.9521662945493914,-1.968103070990778,-1.9759996114480227,-2.0089970247642843,-2.0146690596396466,-2.0247039059552283,-2.048458785115239,-2.0569662883809423,-2.067260987729273,-2.085018926862673,-2.090369153901004,-2.0975703504646113,-2.1140366319811705,-2.1235755959233966,-2.1242015184202963,-2.134012126753449,-2.149157279792614,-2.14760815476222,-2.15271665580009,-2.1593365293897557,-2.1523350669053647,-2.1439566512375516,-2.147580666755932,-2.1399902523050383,-2.1263354469042204,-2.127661450992034,-2.1259157012224343,-2.114761184997637,-2.106174006404392,-2.088725399477332,-2.0738249732824525
-1.5522944008479926,-1.5699199904548315,-1.5853291466818944,-1.617499583878974,-1.6427802912179297,-1.660783342875253,-1.6890073506186236,-1.6968581327805492,-1.7237551514642213,-1.742869793398953,-1.7507610683995576,-1.7793672336726873,-1.7935803327498496,-1.796545666363983,-1.8197688696493923,-1.8342737132668991,-1.8465424392872596,-1.8596938898800024,-1.871502764656251,-1.887690500296238,-1.9080146062415528,-1.9141613661474648,-1.932864013339243,-1.9548648785844294,-1.9747475212141274,-1.993579564526392,-2.0072540525220433,-2.023404407902396,-2.031449339946691,-2.0431686705929777,-2.060978935762951,-2.08127003348639,-2.0939296031186387,-2.1023492584134544,-2.106956699946571,-2.117846780454549,-2.1174030458532975,-2.115520790925024,-2.1239617120190983,-2.115514342452183,-2.1128147990064203,-2.110477689327503,-2.1073962927289647,-2.099813304137662,-2.113536450285804,-2.1034675274163446,-2.0764696116101886,-2.0766920289149127,-2.0785378011677476,-2.058652780930446
