jsons/1312542000.json
{"header": {"parameterUnit": "m", "parameterNumber": 3, "dx": 0.1, "dy": 0.5, "parameterNumberName": "Northward wave", "la1": 40.97354507446295, "la2": 16.46031188964855, "parameterCategory": 2, "lo2": 133.9931640625001, "nx": 191, "ny": 50, "refTime": "2011-08-05 8:00:00", "lo1": 114.97908020019554}, "data":
[rows 22 to 43 of 50, columns 100 to 149 of 191]
-1.882173530606901,-1.9249645500482504,-1.9402877786616066,-1.9858982663929745,-2.038295462946263,-2.079846553849232,-2.113923055499138,-2.194150803742077,-2.22776328063741,-2.2383516286993306,-2.273987950507437,-2.3509385889431136,-2.3634884555426154,-2.425418559002783,-2.4255713125326896,-2.420245283026352,-2.4767020676523908,-2.510768256653304,-2.47347408063485,-2.472679421830179,-2.5210468297897592,-2.501265444714635,-2.489032474147525,-2.5062578755942897,-2.456748444116704,-2.4321526314518196,-2.4747733646325423,-2.4343567946698808,-2.342916611635237,-2.3382021213096182,-2.2593511120455987,-2.1701081641247653,-2.120949126914885,-2.033248079959161,-1.9030439935333003,-1.8734628691313606,-1.7967903751331744,-1.7197250494323646,-1.6860547431857487,-1.6348588261215802,-1.6020895236410122,-1.6029773875573483,-1.542903979203182,-1.532661260086371,-1.4848145769812306,-1.4489711669938024,-1.385600996555304,-1.258891368778817,-1.1594038637336914,-1.043349505080848
-2.3648018242581648,-2.460890849978727,-2.496785394419858,-2.5442127129895784,-2.612158829541428,-2.6333780573813788,-2.711443627634858,-2.7928922891828436,-2.849536837580321,-2.881647817235954,-2.9923234007674697,-3.010747277996392,-3.0729022120707437,-3.1235173348140193,-3.1976216718881796,-3.1762076618075947,-3.233969427660447,-3.2201741060675486,-3.2054200921857983,-3.2625157618701452,-3.268349458439974,-3.272211644176012,-3.242279247611786,-3.3570556621153744,-3.276364559469433,-3.2071031428704235,-3.187861264268271,-3.1924310534910423,-3.10405346172538,-3.0462855848125185,-2.984907897195588,-2.835886712396595,-2.7625447784749024,-2.733780061326647,-2.5695237062654637,-2.421327214117309,-2.38341110636161,-2.252215102075646,-2.148255995087778,-2.1089151526058587,-2.0874719589836173,-2.0878943499504237,-2.0091137992198904,-2.0234344968175337,-1.9856943198269867,-1.9198751199701618,-1.873696956052428,-1.6129178356037057,-1.5664466846428806,-1.4036178033559668
-2.8358424313229147,-2.952117129803548,-3.0202500350129684,-3.094215563932413,-3.1727982018496768,-3.2600857718842073,-3.2832376096779643,-3.4181733037091586,-3.438439944486067,-3.539615114154276,-3.5850636180332325,-3.709893582458191,-3.794983172974852,-3.890446342002797,-3.9330895484276485,-3.9597396323480014,-3.98988849320318,-3.9929954682861073,-4.06036392694355,-4.064419741880443,-4.104953481236385,-4.041578203539893,-4.057516532104535,-4.1134908726358725,-4.105653276876592,-4.054034559262925,-4.080370492640247,-3.992564540726653,-3.896750651687238,-3.845522034079332,-3.8017301479332253,-3.6807485501303434,-3.537019762704897,-3.409534092492742,-3.2477094440880134,-3.0784580565240858,-3.0056978034303716,-2.7830605884077513,-2.721582035352305,-2.582565648054116,-2.5640721336502588,-2.6679423268934106,-2.551017770978922,-2.6362917422060943,-2.6142783239302805,-2.5341417657656544,-2.4236819436596813,-2.0404434475892965,-1.846227292955552,-1.582223582170202
-3.4672433930344027,-3.727691351523406,-3.796338681301321,-3.9275524683822574,-4.069880331343986,-4.195175485398878,-4.2010857590381265,-4.394959477309603,-4.469505925638877,-4.580668066537965,-4.692563461710661,-4.789179061915683,-4.8540611927903266,-4.976019527251875,-5.000372314139585,-5.04515439171856,-5.092936514855442,-5.157696718140332,-5.201986678468481,-5.192048338331315,-5.314075500634852,-5.265416558635383,-5.3094812083370915,-5.294876164875885,-5.214070878019943,-5.226896782627924,-5.194288538186346,-5.0997983224589785,-4.935491250965189,-4.906364008236621,-4.8194565977456785,-4.526003966680408,-4.398793406011523,-4.225773423108182,-3.809434778472322,-3.670145439821013,-3.46878009676723,-3.149913812398046,-2.9744535793036726,-2.7266099024395842,-2.3354570994568946,-2.99775974616868,-2.936939039215034,-2.3435875887194055,-1.7395067007089653,-0.5729501962364324,-1.937926828214632,-1.3647858220133617,-1.7734542389028416,-1.262476899145689
-4.130078134116574,-4.4936896286080685,-4.529099681325346,-4.6124823246162086,-4.842954980592777,-4.980904218580737,-5.127452526300308,-5.3339002620614195,-5.479424124719171,-5.59229848542525,-5.837034402286871,-5.925890160891557,-6.021226135996715,-6.187497000544797,-6.266292629224493,-6.35178650782926,-6.407776917890012,-6.505848966342264,-6.551708280711466,-6.50219307214123,-6.585281762654228,-6.545900997066561,-6.542494948483531,-6.569020556355215,-6.435217528631976,-6.392452455050724,-6.346031656952829,-6.257693635163013,-6.037121891086332,-6.026251219454041,-5.868038566459679,-5.582938513856821,-5.329942105866033,-5.089018289844182,-4.608975621851905,-4.229958928289588,-3.8521014713759567,-3.217916449473315,-3.4262606968215406,-3.6444505306364063,-3.509535996750362,-3.2912234748349825,-2.8865065775568706,-2.5365579368604085,-2.352913052245958,-2.0621463529813604,-1.9151107687770443,-1.6160778791580688,-1.4203544145406182,-1.2453191227293758
-4.363644226712597,-4.708737953114316,-4.910573400776173,-5.047132078777953,-5.356209780862313,-5.579182523645964,-5.693495196528138,-5.981887042806942,-6.267773588314677,-6.372406198636553,-6.705603091836433,-6.851496187840213,-7.102304678151332,-7.302819175514767,-7.38529569317475,-7.513562050771007,-7.6535617093874455,-7.723255475988907,-7.815982298843898,-7.813163322820174,-7.845318610429062,-7.822410009688611,-7.819596247161598,-7.780953774169817,-7.726881913801532,-7.720147131306489,-7.855302048271068,-7.95307912244147,-7.735696145425055,-7.514175891455607,-7.108634558717486,-6.5680399296701335,-6.483073162234145,-6.065148098714981,-5.427099683530594,-5.2200065362936545,-4.912151532668304,-4.41116295935351,-4.108970604248377,-3.8049022731814666,-3.3982229061061293,-3.230380862030726,-2.921105354553187,-2.5491490447303544,-2.354581738955248,-2.1117115087019593,-1.9153394172505969,-1.5773689646701283,-1.364759064534808,-1.1915870542883056
-4.591529133942396,-4.78879869309505,-5.1812867414791555,-5.315345343842672,-5.717144911464714,-5.9632511643972705,-6.302696974267176,-6.560257248178148,-6.899147717453477,-7.092519316990674,-7.447514557382496,-7.7081470700306935,-8.050035972904507,-8.321042112612341,-8.51795190779712,-8.743416680611515,-8.961137043365502,-9.05538690767796,-9.184340003330036,-9.201031421811129,-9.114591876087541,-9.126617470497377,-8.97137870730845,-8.662927362140966,-8.538396785428407,-8.275228444370056,-7.8618986649536895,-7.695814448906632,-7.431745052976852,-7.062483914549353,-7.021204181476517,-6.7619804008003195,-7.4475918965599455,-7.3550888362113085,-5.813261472549463,-5.465951164958522,-5.1176837482305775,-4.424610552121916,-4.053810802992507,-3.6459491030075464,-3.262344103621183,-3.00092991642951,-2.6872303541480234,-2.2873546037249044,-2.0482034654715204,-1.752541281975954,-1.6583009758012264,-1.150743436237439,-1.0567803033288712,-0.8400938643848828
-3.887105469781011,-4.254357849698346,-4.355060982128626,-4.56830114609882,-4.81137924172145,-5.13328265746893,-5.323983871720184,-5.808347988765924,-5.9823277253029845,-6.202316102835921,-6.567817416584471,-6.825045148518867,-7.3174430426702575,-7.869719975996235,-8.030412595554504,-8.6671562583968,-8.968830856017577,-9.314951319032978,-9.775748148678462,-9.98136031147455,-9.884860778634463,-9.73241151526135,-9.33584348023819,-8.26028606537209,-7.625251771627214,-6.764723467979076,-5.445798050072032,-4.756031557800078,-3.911863838631634,-4.328503157485685,-7.568573545241357,-6.089283411811236,-6.073990585716736,-5.572606815147245,-4.718089194802701,-4.307965989724577,-3.760962566038269,-3.206331170063115,-2.8347461688292572,-2.5531228029902646,-2.120045533772065,-1.7785989912136475,-1.5913893783644741,-1.2164784966639577,-0.8868530082426506,-0.8231824251255387,-0.645888369915978,-0.3689862793018278,-0.21309655585653706,0.03390070814758791
-2.7215214453032344,-2.919447183605749,-2.9869114455387873,-3.039178007034459,-3.144439893905523,-3.197743452812115,-3.3884486802673264,-3.5790531209311696,-3.548583431851862,-3.6724330110965786,-4.00948628836622,-4.032775131497139,-4.272485470539866,-4.447531156985093,-4.488796103917888,-5.139893413455045,-5.00582398750119,-5.342240554224051,-6.3387824710473355,-6.498262170258118,-6.370057058155699,-7.237966046370181,-7.315147452768703,-7.686307731756252,-7.1057546730710515,-7.066115508116757,-7.119018615698318,-6.843216748434669,-5.8656722910211165,-5.565925733543098,-4.8734342267976904,-3.7578252364748557,-3.1360179502008547,-2.73876575960888,-1.9669874974140034,-1.6237461161899134,-1.4791347990689012,-0.8696007829966784,-0.8044361857001288,-0.5822545070381696,-0.2986941407147205,-0.09836674927943936,0.005554766237554815,0.21231122498968755,0.3511867450295213,0.39949797445762447,0.5173458327761884,0.6343551527537501,0.7689928217931433,0.88284666975418
-0.9936137259044796,-0.9724424195681378,-0.884024027388916,-0.7959174099140113,-0.7804934059347942,-0.6321461681612727,-0.6271923193410377,-0.3952950881692974,-0.10673132958761632,-0.02149982803245203,0.3114163144585065,0.41775017472425025,0.9046609901200895,1.2936325155055632,1.4834327216849126,2.0179463522800813,2.2079049506467103,2.423951632569947,2.8088661990405606,2.6673028654396553,2.6677477238013667,-0.12493092274623833,-5.627356675572687,3.3727974285944358,1.9022185711092199,1.5431371294578655,1.264834603490254,1.1245952120113445,1.2718476850988991,1.5699541010848121,1.5518276531185005,1.7774452399511822,1.9425012246760285,1.8269308134878428,2.068613504921849,1.9182084371953017,2.0879130399604326,2.00324013377804,2.075344934119823,2.200673489339594,2.023794945456016,2.161526289020083,2.0770520247255204,2.0352086117582804,2.1701873933772795,2.0560224987388103,2.0594449270080473,2.18383286289539,2.0790824926468527,2.064490183549812
0.7397584318461315,1.1276466486895473,1.7174398578978625,1.557211325578575,0.3807008767709699,0.929862899445263,1.2625650258291254,1.6695359334013034,2.2808828718842498,2.8021573375647972,3.3505012382503647,3.643245692174804,4.629529861152447,5.2392370119739144,5.629285265763176,6.587715410453668,7.035025356874788,7.285017920929299,8.015282341383934,8.37612308427311,7.49840036330087,7.243833869764185,3.3121270459135013,-2.3066969975239067,7.4758034278847605,7.95008169455001,7.707867579950375,7.484104916590795,6.784960611136656,6.772133799952926,6.597651431814155,6.174325839180989,5.85681050825303,5.736313229926264,5.54794813854288,5.219077519808355,4.954008154008651,4.915682002301225,4.689196994083281,4.525382597642058,4.306484634095774,4.053547935785242,4.026364283973246,3.931928665760442,3.793068528146772,3.763730657688271,3.77037735912441,3.604293759308095,3.533281197472246,3.568384856575153
1.8685099861088796,2.1295426862352835,1.936566032120699,1.9314425690234536,2.0675875758672886,2.3802807912464314,2.5754933710774326,2.886351684636249,3.6065118960154394,3.90120924353308,4.4193162465548435,4.7241041280218035,5.560901095290567,6.020382209640586,6.464843718359532,7.179424076925435,7.632887335686099,7.88757324610472,8.402895521618321,8.646863041658804,8.158111358739282,3.3366071447942027,-8.851842904979677,2.217892015988682,8.406534014555694,8.862697619677045,8.83344616594643,8.755279699585502,8.418314666368786,8.244055939237198,8.090380308076465,7.523500138933207,7.3600257170995915,7.180434426682658,6.696631604648901,6.583641642543506,6.333788325982618,6.123490159396933,5.940545520552454,5.6833820968175015,5.547335217491169,5.3654907598847865,5.156324090508862,5.055226884605598,4.942143874459696,4.786251065908175,4.744163811891043,4.629452030533183,4.503830971651459,4.424390299446885
1.5761411677235688,1.8301599464127096,2.142709012101614,2.341106257952688,2.621262212700716,3.0532387623285797,3.359514458785126,3.6159359331334295,4.225609824004383,4.557589129975854,4.898841621923428,5.363052130060848,5.885184205631293,6.214090056840243,6.487887607415232,6.924238700623897,7.237054587303525,7.425735885443301,7.742355358396326,7.982906932578511,8.167268481915706,8.390674875754273,8.381836489162243,8.18224128073959,6.457420896154847,-0.39550134422859623,-8.422756424877994,1.9540093271560661,7.5111294628757355,7.7968357095260865,8.044070534784325,7.864559818962428,7.707806359618419,7.596710303664786,7.377867994098782,7.164945144588688,7.016456886222335,6.870921191560596,6.709369125467007,6.430837264541721,6.317864465214172,6.157575681627356,5.910755653239851,5.867558920190942,5.768448923828171,5.612418488563158,5.543839587031033,5.461153958577556,5.261185467983863,5.162844137010965
1.7290388705991797,1.9552379899629506,2.3154100301422083,2.520304709493873,2.815606112522692,3.097682252790036,3.2804953838769872,3.5494561269493885,3.990722460180347,4.194934766989931,4.522655013891455,4.6599043398033695,5.120033336244789,5.467571327367394,5.540754056133242,5.972248862900964,6.279989256013967,6.3694730496204714,6.591644404184637,6.7370740294522085,6.973284245400894,7.213784187634912,7.31512483908374,6.692909666500653,6.838162665223943,3.6114413010673174,-7.622638636272292,0.13848910921278262,6.819614747028669,7.301728607136845,7.32926581899823,7.459602255212885,7.366018437052047,7.2089662985345155,7.032956572827828,6.917606261112996,6.830520207110385,6.666666769517455,6.5827957588775075,6.459494635147366,6.331821470245748,6.219127727251229,6.109310604874173,6.0224951965608335,5.873922730337319,5.753122247992545,5.681217302673281,5.609868043443873,5.4114466844161475,5.395706788783716
1.7006224793335525,1.878011507206899,2.134458402435719,2.314939993773257,2.505733744411266,2.824231535304439,3.029781382307048,3.3076585327367765,3.5258713305709075,3.693811899398835,3.937871569414084,4.007590665990442,4.384907957878729,4.504927470982794,4.703356852573042,5.108678209431009,5.238559471222961,5.418180701899922,5.613920742561733,5.801645633817695,5.854954043684941,6.090794608394946,6.269235902390814,6.361440796467928,5.839329449063393,5.8809437952400705,6.287490702275956,1.8374080152767454,-0.9025387016022268,1.038886584206827,3.7006219272917407,2.3543329220357063,4.62436748008898,6.457778763607192,-5.379374567534361,-6.520719196283862,-3.323729877302352,4.468607838322055,3.3082895647438724,4.800823223085782,4.815545155450613,5.218347359404831,5.669964824706656,5.807898087177842,5.788556174224833,5.738577483769976,5.676840813586655,5.607294613377248,5.354904639202188,5.432323366647959
1.4393433356180403,1.6507453186524725,1.877517051543264,2.0255168264948082,2.1714776027539977,2.4965572652495456,2.5673158215907392,2.7511388396753524,2.9250549761725164,3.09079724101335,3.268378681074504,3.416238817919954,3.6799273623984297,3.815310338840642,4.001781562682487,4.146709450362849,4.371630536916718,4.472108201645162,4.614910686491419,4.766272750700099,4.8782719319263945,5.094563725914825,5.217963642584474,5.285993306258942,5.390631958585575,5.461063215129276,5.564345554948776,5.630961301765069,5.774771897311749,5.7399118011784145,5.743178067912552,5.730517751782739,5.780221000342559,5.80482855068492,5.783523251326767,5.529496099070086,5.15787950868665,4.626325124281786,4.1997435440644,4.628568863224558,4.583504232840476,-1.1139217320490937,-4.2439626007749975,-5.096924500223049,-2.3080040413858747,1.2683413113973447,-0.5628680874542346,-4.258749134147772,-2.1779169806292544,1.6140299669701792
1.2752685398628567,1.3928935536309726,1.6137214227931045,1.7048589107443846,1.8433817543466213,1.97556994962916,2.1061273722192735,2.2327536129156673,2.4801275228565856,2.5632852557032573,2.666184849595435,2.8191800218540766,2.929053297169549,3.0939478051399103,3.2342200136301074,3.398359145914845,3.525140017246281,3.5895396423209953,3.7350273789622856,3.830691428752422,3.9973109310392934,4.156606705742541,4.244671890145598,4.26812947233313,4.4629364268625515,4.572080120118319,4.5688055846723525,4.58357278904198,4.738970129009223,4.794943741503646,4.7774554712868795,4.856307341642397,4.885870455067812,4.931932354973001,4.987784754771226,4.9801407183422,4.98522639738526,4.979376001236977,4.965081632284507,4.9203315765251405,4.914954825886387,4.913388015491911,4.856179386530894,4.682079740780208,4.788513788189838,4.80620392113377,4.574036295456979,4.116012100628816,4.033554414658332,4.029269259792983
1.017659100544141,1.1132844384781355,1.2999114584306717,1.3912307154331716,1.4746172060965632,1.6290228646776415,1.671931058718309,1.816040125929042,2.0025380800760737,2.113114626315259,2.1732999019233916,2.2483199530601485,2.416507436952012,2.5402053931404036,2.6191270775810627,2.7230395614780307,2.8159673645773657,2.8991440862462032,3.0976673994088504,3.1632688286663395,3.2218168811593944,3.395902950390027,3.4161674543738973,3.483614336434936,3.654586132736313,3.7395182181304025,3.7352928745868885,3.7845553353860257,3.9363561589946214,4.034581184848709,4.097092078104692,4.127861918420594,4.127453337848587,4.192751052652437,4.2569196932305795,4.231353353752702,4.250464374874635,4.3044627627577015,4.338535813691951,4.271679768825291,4.2668816873039805,4.289307154608612,4.2859771766713,4.273283686433355,4.221410753130498,4.173383619101218,4.208641904473545,4.191336958457378,4.111745095085281,4.040034635145306
0.7243564315211255,0.8474794921562092,0.9867874994293594,1.039276533189732,1.0689455165430677,1.2439433931174246,1.3242215484793558,1.428044563922465,1.4988098362081406,1.5908252172474888,1.7314022592169362,1.7903904934077195,1.870640112306551,2.0023771057675512,2.092969257902406,2.18890803939444,2.2801264640548258,2.3566542648575948,2.4558016691276223,2.5127450271884504,2.637112140501382,2.7462413166815836,2.777469418256188,2.815189854656242,2.9994994237856982,3.023002222675984,3.0384985576159047,3.110071739400042,3.249094011238818,3.2356567909532514,3.244906352308827,3.3982470576576262,3.455061283316111,3.457828129496459,3.4820631785733696,3.548933172198906,3.579250253031125,3.634017136082971,3.6411896954653415,3.601307911083877,3.704236766336936,3.7284800665115805,3.7235981222027372,3.6737046671440936,3.6563291653283234,3.577333267307194,3.551767650473617,3.570677391513704,3.527641807636188,3.4525475377051875
0.6170337162581623,0.6333045963767673,0.7519552210872209,0.8216900199553046,0.8712784536082593,0.9619705247595483,1.028628439362503,1.0864186459884384,1.1952232475841278,1.269829177458877,1.2821656123511223,1.3372599893863333,1.4941318880105305,1.539218900444313,1.577192884033836,1.715982107458111,1.8000435942957382,1.833628568245868,1.9417246037596931,2.03454339981487,2.0782457691613727,2.14081172556453,2.2443019145259724,2.303361035474537,2.322976271532443,2.390376318824597,2.4813763872337193,2.5272172937754305,2.584781367568176,2.6226376406094833,2.7076697895323436,2.785278904392327,2.8179171191579124,2.8332873397395772,2.9522589371656314,2.956600122215409,2.9626944373373285,3.0047816659679847,2.9899927345171013,2.9721669038355127,3.0099948021593477,3.0442286737798336,3.075154493469103,3.0798125373775282,3.027805272509838,2.899239569356864,2.789577561054057,2.8057831566232387,0,0
0.49500007847320765,0.5555997110355659,0.6247870258590656,0.6638671819558144,0.7312359691827519,0.798464510633884,0.8452175387987769,0.926486654944323,0.9857937946155658,1.0213782755310723,1.0968776528096629,1.141205457825285,1.2094464712743171,1.2598697106116854,1.328976304372963,1.3819064381712984,1.434672240462958,1.5123268338496003,1.5628277816286869,1.5869088846205364,1.6635111868285422,1.7428510867550089,1.7992574127970373,1.8468454077707777,1.9775450609810303,2.020230867503153,2.0284802001143696,2.0891898275306766,2.136194910121996,2.1312117736300262,2.1767002008613905,2.276659866781836,2.2977701886797863,2.339185972596284,2.404138315463942,2.461179292178856,2.5026669162802326,2.4981271374058283,2.484593064686478,2.4516133095756683,2.47663706289986,2.4756724602086644,-2.335888523918494e+38,0,0,0,0,0,0,0
0.407312429335498,0.45144312402478776,0.5286276747933691,0.563360661714135,0.5903150226402286,0.6704835858604042,0.6910499790706545,0.7209589826441335,0.8232661634848372,0.858387174803596,0.9156099431401605,0.9618349986617404,1.0584662342778595,1.06363784362533,1.0971005688396498,1.1369890334057413,1.1910884149539602,1.2244045767400853,1.3098068701722714,1.3514851412491358,1.3723575791179958,1.4473774515616353,1.4657773907485347,1.4940569222725018,1.593536854430867,1.6325358862353418,1.6597401552507676,1.689006497653367,1.7598203669976926,1.770598286142413,1.774524346482968,1.810907366023658,1.8584192732731633,1.8799613051558646,1.8696783253970577,1.8239929258247716,1.8258891550360292,0.8001336471367481,0,0,0,0,0,0,0,0,0,0,0,0
