jsons/1312934400.json
{"header": {"parameterUnit": "m", "parameterNumber": 2, "dx": 0.1, "dy": 0.5, "parameterNumberName": "Eastward wave", "la1": 40.97354507446295, "la2": 16.46031188964855, "parameterCategory": 2, "lo2": 133.9931640625001, "nx": 191, "ny": 50, "refTime": "2011-08-05 8:00:00", "lo1": 114.97908020019554}, "data":
[rows 0 to 21 of 50, columns 49 to 97 of 191]
0,0,0,0,0,0,0,0,0,0,0,0,0,0,0,0,0,0,0,0,0,0,0,0,0,0,0,0,0,0,0,0,0,0,0,0,0,0,0,0,0,0,0,0,0,0,0,0,0
0,0,0,0,0,0,0,0,0.05738085738279586,0.059566833904706566,0.06056040402456446,0.05810372227109194,0.055260753973018745,0.05413306084164601,0.050223497835287734,0.04535277879691369,0.04353220489172536,0.039798313694017685,0.029539121849549235,0.04372511909157204,0.04893321716591236,0.03056361108652758,0.060964704029777946,0.014510504155111488,0,0,0,0,0,0,0,0,0,0,0,0,0,0,0,0,0,0,0,0,0,0,0,0,0
-0.12006133337548906,0.11726610085902477,0.1160453864179628,0.113950727491403,0.10910185203339982,0.10664805590472859,0.1053366153289442,0.10010903410696811,0.09804013549238233,0.08729752199643931,0.08114854034513672,0.07543512930392579,0.06504152487612329,0.05949895800766691,0.05542074674018051,0.05818729427253718,0.07065975755022953,0.05892509201484962,-0.08170698738480764,-0.04628855791135957,0,0,0,0,0,0,0,0,0,0,0,0,0,0,0,0,0,0,0,0,0,0,0,0,0,0,0,0,0
0.1592483492706665,0.16220981072519433,0.16468277198316467,0.16417840628119396,0.15831445077034909,0.14260727934575423,0.13461723062407657,0.11977195309242966,0.10890867136807568,0.08983045723777602,0.07838413881186587,0.06659290280234768,0.060218169459089116,0.05972374463006371,0.05299826626866295,0.1285954983753645,0.11929779510997693,0.11047658124017941,0,0,0,0,0,0,0,0,-2.5368112909402284e+38,0.15423333816047055,0.1580877780086468,0.15759964866958115,0.16410910136632736,0.16737965589792092,0.16729110691056817,0.1683204641407799,0.1752509097131565,0.17827076678591394,0.18517448940732684,0.19693782594799072,0.2100760563428279,0.21995571368658762,0.22497973493780793,0.22515827922579806,0.22047879614619237,0.2167736220237335,0.21705217445015182,0.21017086417787567,0.2083822384887552,0.20417368972618574,0.19311635714992148
0.16136665598136857,0.16258054016135529,0.18703245266187798,0.19071379727005772,0.19894003487045725,0.22120620936025523,0.22418868336148068,0.23314748448278225,0.23480652617025924,0.22239566554154927,0.17261579500853808,0.10395947385644562,0.07449723954155225,0.18192396881979697,-0.1638137535399294,-0.15382835220876812,-0.17308084551518466,-0.060592243960959295,0.08615176148554324,0.15010413106801818,-0.24471291178628313,0.10613657332563417,0.09524516011758329,0.08601176612719892,0.08342777745334705,0.06741079169298841,0.07095559458505818,0.10944792440907336,0.11680190124659268,0.13040187944014242,0.13583606954024838,0.10815522595951939,0.12234381396534535,0.18024270925322375,0.19357142989262405,0.20810159832936112,0.22349234134132237,0.25001687503611775,0.2527510804398159,0.26473720298714787,0.2757716474187538,0.2816179075128012,0.27748263451025573,0.27683140655207755,0.2757243567520783,0.26330352444352356,0.2588518136542824,0.24037049458181015,0.21075369691302528
-0.11339687789012835,-0.11428617222625458,-0.11029092822013492,-0.08873280893486053,-0.10926567937516894,-0.10196214226281416,-0.10366337278060585,-0.10671122083941091,-0.13262383683064904,-0.11728786831394379,-0.11112048228761677,-0.11846032897258314,-0.12754198382286447,-0.12906643561101905,-0.15463101632695864,-0.14996936700069202,-0.1672295764649222,-0.17992159698797025,-0.18541478464512334,-0.16226542610767372,-0.18060014239338953,-0.23525517042426658,-0.25307726667374414,-0.23286725896735327,-0.2140533809424951,-0.19333618572600372,-0.18067177121822486,-0.1714803767422768,-0.16610886466698652,-0.10359136899599321,-0.08693161268072347,-0.056053898348655526,-0.017286852537428447,0.08567898848972394,0.21321288725155665,0.2545136625413931,0.2863138520615457,0.31767283886818054,0.3202329409176048,0.3224977228693142,0.32402757572636604,0.32286981597302633,0.32196035272547446,0.3214012742482098,0.31643880852256695,0.3086126344029741,0.2994994010646425,0.2876897283266072,0.24581866306607172
-0.2833923140169169,-0.2865327302429316,-0.2929654928565724,-0.30053054660629236,-0.3106110793000148,-0.3192981048168054,-0.32916346486625675,-0.3202736462103741,-0.32194177682544783,-0.3075092910434404,-0.3033390828415121,-0.30194933939043894,-0.2990995004815834,-0.2969584500121043,-0.30089551414545657,-0.3055604776087305,-0.3050099032209664,-0.3058602486613687,-0.3126073449983356,-0.313147584638408,-0.3130906319308944,-0.31246965883541306,-0.3152946640206098,-0.3176004930995708,-0.31810770585994785,-0.3163295812008638,-0.3240708704513254,-0.32201440505354756,-0.31993576605072815,-0.3172327159620056,-0.32207969355540766,-0.30961655444230585,-0.28106430819582784,-0.001391513175751358,0.3563474790426595,0.3517058287919432,0.34669689872374027,0.34761296550058296,0.34791651477570007,0.350382382171686,0.34720922571633134,0.34644843450544954,0.34423874606636,0.34281994600647153,0.34039773067968737,0.34149425264500377,0.33669418664231754,0.33210198551967,0.3192656384745208
-0.2885250783180975,-0.250973741195342,3.3051590646831515e+38,0,0,0,0,0,0,0,0,0,0,0,0,0,0,-0.28783973477122515,-0.2887202094333825,-0.28623959582466046,3.3677173302743234e+38,0,0,0,-0.28246714555556074,-0.29882343149341206,-0.28209692216338916,-0.26105810273738084,-0.26551697064440943,-0.28482269893473466,-0.31172231888471835,-0.2411822367928314,-0.0976314773388387,0.06536577794935174,0.3775323827141959,0.371656136838224,0.3673385030233774,0.3656736209781085,0.3648653781386354,0.3672365763664594,0.3661685601012943,0.3693310528857967,0.3689772276280349,0.36843315538133004,0.36852445347540935,0.3723297313187458,0.37326227525346806,0.3630391297165649,0.3617590766216362
0,0,0,0,0,0,0,0,0,0,0,0,0,0,0,0,0,0,0,0,0,0,-3.3514284768842998e+38,-3.3500220219954055e+38,0,0,0,0.09778010732431544,0.07149143811010605,0.05408586901860939,0.04513802531492647,0.14853914191807827,0.28366261535464293,0.3877125704733986,0.392855201631388,0.39138468924122516,0.3914540138694391,0.38599242005367757,0.3892841198316546,0.38982904316558353,0.3854589485435679,0.386498098741463,0.3847380890071148,0.38496074054998203,0.38299317066012684,0.3810103180609229,0.37723809518635126,0.3758678909780023,0.373904857442697
0,0,0,0,0,0,0,0,0,-0.17156991001766264,0.15360270884345975,0.1619171761905564,0.17361721914496742,0.19366337333259703,0.20890655954763146,0.22730697286022072,0.22196676035850446,0.22214565176536852,0.23111179389951664,0.24065834279156145,0.2399835030900816,0.24473070397927102,0.22494251126616727,0.20533645513553125,0.1910092976550793,0.15770592888373697,0.15441733262783452,0.14941352046814585,0.21751110676666183,0.2797747285259132,0.3284792148127646,0.38209722024652565,0.409341927622745,0.4148534471466859,0.4154860668424986,0.41579351406269616,0.4201573160945122,0.4227554372791965,0.42153516642349054,0.4255859690318728,0.41969526700678444,0.4187780458386996,0.4197308526043067,0.41505282960867823,0.41057476698759054,0.40967607962108576,0.40481782342091416,0.3974135199356811,0.39237906988416776
0,0,0,0.11754469704723594,0.1291450608761479,0.1293124481914945,0.12370282482115541,0.1310007133041088,0.1267393745783016,0.12655062330620573,0.11950944180103705,0.11861205576781272,0.10749356019486139,0.10195098673431087,0.07857554878469035,0.07385359554370305,0.09082204785349031,0.09285198963664414,0.07798722956817934,0.07729623204849953,0.08053853907722007,0.07546988406458725,0.08276267355087673,0.08785221996623896,0.10333570970615183,0.193440705128351,0.21587225898659917,0.25528706560729947,0.3572815578066909,0.3896356564593063,0.40811924751078577,0.42567552419620225,0.4306189060433855,0.43078182882077143,0.4300245586995279,0.433256842176857,0.43675120722369776,0.43643798885275503,0.43469967422898187,0.4380163094787368,0.43630658231114455,0.43399275783247393,0.4367034925249206,0.43353750980317696,0.43070641769719914,0.4290499904935044,0.42754885373233964,0.41974309724172987,0.41058844477636725
0.034415974512261145,0.03462712614540969,0.007076282398450984,-0.007888294611164597,-0.011524815222458974,-0.016992332743840228,-0.0185830170126761,-0.019791567425185144,-0.02827271138312287,-0.047151949019336656,-0.05810991319370392,-0.0730807287822467,-0.0790221797365101,-0.06169848997597226,-0.05529677045067241,-0.061931490674390424,-0.07251821131462263,-0.09128726702792894,-0.10732504730781545,-0.11801483563150027,-0.1095482157269112,-0.10122501649423021,-0.10392896582016319,-0.09399583537563591,-0.08968378420716443,-0.055098186680794095,0.03141335791820978,0.17254556617798997,0.3680837907632254,0.4014085649745551,0.4260764651729065,0.45401358006794135,0.4562303032787305,0.45709842275919227,0.4597024471617256,0.46080883186270427,0.4646393399045495,0.4668579280781503,0.46857728783885916,0.4718539276773376,0.47126420662242896,0.4746926297150404,0.4774673271015665,0.47657906528344296,0.47475044005147105,0.47283534091431506,0.4686465050348064,0.45844656727781247,0.4518755321542259
-0.1273624069697299,-0.12738380494920692,-0.14931373674236623,-0.153720959613298,-0.1511678821365832,-0.16609135471348807,-0.1715644159588278,-0.1881746983622082,-0.19461671859950408,-0.19250577480890116,-0.19169254979586622,-0.1949260775177244,-0.2010553037044127,-0.20692716077899925,-0.2084326419350478,-0.20867952541648954,-0.21135378302072944,-0.21155245945450626,-0.20804618475396108,-0.20770138346643485,-0.22684441038939177,-0.23279027948756087,-0.22540459820627887,-0.21786452208715945,-0.239180744057327,-0.1158327365335598,0.0028122604781862398,0.06216083078089948,0.2752966796925694,0.3620408209551972,0.3921864087551657,0.4364635426381796,0.44777135469744295,0.4594925022034467,0.46737992826332936,0.4729429231477227,0.47986097380434867,0.4913085995240458,0.49393963494258164,0.4985558802166042,0.5034204153062094,0.5017326708604953,0.5024002477777634,0.5024275869429946,0.5002619973010473,0.49905023628726936,0.4995263112374083,0.49545323464535246,0.4949405673297739
-0.23029363656011537,-0.21563965990283865,-0.20733319616551388,-0.20160318475132114,-0.21197201015464326,-0.21984751528700575,-0.22395802731654982,-0.22304664540476615,-0.22331223189155508,-0.22811120282244912,-0.23392721779019135,-0.2340187727447982,-0.23534137147473042,-0.24288999735788325,-0.2451059218017701,-0.2417842164203289,-0.23842320335097267,-0.2548458092015841,-0.267938678327081,-0.26026822223467877,-0.2675105934235774,-0.28513314589680194,-0.2945048979313562,-0.29637104451253643,-0.2747547033025727,-0.19572546357411427,-0.15057682610547166,-0.0785737686456094,0.03736277151323549,0.1313287971638833,0.2015408836113973,0.29347533994206254,0.3654320824569475,0.3929690500019179,0.44085967617106125,0.4538252971777307,0.4727354257388335,0.48792749169494665,0.49241223941575113,0.5021120560457683,0.5087077054506633,0.5104986269399064,0.516549085050788,0.5235739814040054,0.5216674720733566,0.5268777143532408,0.5280725157686779,0.5248174648548,0.5276306667592345
0,0,0,0,0,0,-0.19099987096701052,-0.21647895396441222,-0.22485573051440083,-0.23281407497031473,-0.24066006562124806,-0.24280940380091476,-0.24801480735573983,-0.2563433535116882,-0.24834204249600475,-0.24771038235873233,-0.23976795751680222,-0.24437220331914292,-0.23933957287912325,-0.23891483627659899,-0.2476968326642819,-0.25664161568302724,-0.26086118341928205,-0.2653746237101681,-0.2576965108948875,-0.19943467791478042,-0.18012578670368423,-0.12493219569363027,-0.0548160307304537,-0.026305304644378504,0.029194026170308134,0.15630630419246583,0.20343911177756616,0.23972802130699047,0.31807676550110986,0.36016816219190295,0.4031696715578054,0.45028622340389923,0.45553454353670025,0.4646494518994049,0.48794216433925536,0.5033001098328965,0.51569319735047,0.5280838826991641,0.5333292639104273,0.5409215756959055,0.5446243188099092,0.5493651565200467,0.5509427673395247
0,0,0,0,0,0,0,0,-0.20099534280805795,-0.2397774443271373,-0.2605753532560127,-0.26125392807260184,-0.2371421421211011,-0.24587636050433917,-0.2387445626731314,-0.2287297551120986,-0.23056063630422197,-0.24351020066995732,-0.2492911795677214,-0.26785372759668463,-0.26862136899758693,-0.27175238067373625,-0.26372540128282707,-0.24481507794899707,-0.22411750494962393,-0.21419071985683114,-0.1977981039370494,-0.18134722525340807,-0.1456630927317329,-0.12264692264851791,-0.1137001038822718,-0.03669292090172502,0.04412213178437212,0.07756109963667815,0.19752354473847725,0.23291404899847723,0.2571459931682382,0.37824794544012325,0.4017949909719312,0.42813222855438726,0.472440883064596,0.4937013308284027,0.5167349235081337,0.5253620427023694,0.5398038532161287,0.5514915108039089,0.5673508087070328,0.5711662346105222,0.5724226692764927
0,0,0,0,0,0,0,0,0,0,0,0,-0.1289996822051506,-0.08789249711026717,-0.10723276495579143,-0.13922087077471182,-0.16766644869739966,-0.20738519920620915,-0.22694210974383983,-0.2348015664891024,-0.23961150091990707,-0.2222089883904613,-0.2183718064427476,-0.21495657727528236,-0.20080740459252158,-0.1634048504492701,-0.15150434142329236,-0.12753517171979403,-0.11635244720111955,-0.08243596499830173,-0.08098963456917706,-0.032307549718832325,0.013417097073467443,0.04602315900705651,0.1408785425899032,0.17606081915932353,0.23577640264214034,0.30731955033712927,0.30672546104481385,0.34046746433634795,0.3999917081292693,0.438598557963757,0.4627083844029968,0.4753373793572972,0.5359297544591457,0.5571087327970489,0.5629531323478227,0.577179104257988,0.5840658821233784
0,0,0,0,0,0,0,0,0,0,0,0,0,0,-0.14746345834298272,0.029262882557200637,-0.1567540380013481,-0.18755128806139695,-0.188568283970114,-0.18786030108883306,-0.18668678672610578,-0.1684337955145212,-0.1573393725269825,-0.14915967676238634,-0.14088349557057406,-0.11489793939449834,-0.09699796612105199,-0.07577305454295077,-0.0489277175844792,-0.04382556572245139,-0.03126884677960201,0.019783046226530317,0.010283761052894311,0.002480147188834637,0.09772096057453994,0.1288362844722097,0.16275328607337855,0.2282221537655979,0.26123153293238355,0.2534052727626854,0.31278957882732894,0.3393974094442397,0.34892086968909825,0.40591422562909135,0.4893638859822648,0.5111129104514999,0.5334524641573527,0.5494766544978701,0.5613848225953829
0,0,0,0,0,-5.4258889064415216e-05,0,0,0,0.006870583604455301,0,0,0,0,0,0,0,0,0,0,-0.1197617124261247,-0.14833708149536184,-0.12534373537341184,-0.11286307091883536,-0.09180733719445092,-0.06144192396667603,-0.04203086849993982,-0.02101422568991758,0.004841665464272152,0.011682769109752966,0.023623841381775743,0.05076795616004588,0.058695700784081095,0.08219939907132731,0.14101129493114659,0.1601309830605651,0.181455691037578,0.23552254698668462,0.24895864654158598,0.2846366565739739,0.3374774104223151,0.3728204968912387,0.39411512020979206,0.4045279011062432,0.47510187713185514,0.4989594876320233,0.5238941621411117,0.5424895223172758,0.545487164362719
0,0,0,0,0,0,0,0,0,0,0,0,0,0,0,0,-1.795537011976199e+38,0.003185570113143971,0.023747224686837026,0.03545638115508143,0.04223304389169142,-0.013489361747389112,-0.053992789355905874,-0.09639251619254191,-0.10213729459661745,-0.0757403945164344,-0.052604282439730324,-0.029422208068382544,0.006273004935004909,0.03259199127892424,0.024366754516026396,0.06370256105946775,0.07731750844083661,0.09724613593238711,0.16285722365256763,0.1987377116394156,0.2133387428672,0.2688585832905857,0.2948938540275353,0.3177060847579253,0.34449967190673086,0.351461642414229,0.38721041793693617,0.42050625297319943,0.4869187498477621,0.5058936409499988,0.519270457488093,0.5501039911037982,0.5542793073132063
0,0,0,0,0,0,0,0,0,0,0,0,0,0,0,0,0,0,0,0,0,0.02928152731618547,0.015106906365731568,-0.007292226231084525,-0.04091574127116082,-0.07790430581007476,-0.080841530867203,-0.02852086515028079,0.020220776888056295,0.019887199920527013,0.030585228765852127,0.10619062983665108,0.12200217958051,0.14579105274048043,0.18407431745135996,0.22784928319841286,0.24416147147805617,0.2902441197204765,0.2952550822063558,0.3078814376994925,0.3080480640416836,0.3384591961359876,0.34828716585234804,0.37796078027887076,0.42543320158525283,0.44436551540303343,0.45082308000220767,0.5352972510306403,0.5276476616427457
0,0,0,0,0,0,0,0,0,0,0,-0.020308941585350085,-0.022970261229978396,-0.02429246685169177,-0.022170201375898327,-0.01770775493467336,-0.017009207058721786,-0.02249387795643574,-0.031499328747860524,-0.0388495189384963,-0.03489422761933258,-0.06652899547483217,-0.08912022265394955,-0.10924506819807062,-0.11473334136717266,-0.0049223651013863366,0.07784593710751132,0.09791448179662045,0.14019387056717836,0.14991758205590752,0.1324157277066986,0.1627781218559598,0.16480950462222949,0.16510099486529686,0.21298213731384383,0.26000510669218396,0.28014911619337024,0.307729787142909,0.34130633532284316,0.3619493353723616,0.3621197018357918,0.3716425508124875,0.3750036407128947,0.4071987652027843,0.4376518395914895,0.4565971749416942,0.4697463164876564,0.48603029575416185,0.5145618288283146
