jsons/1312646400.json
{"header": {"parameterUnit": "m", "parameterNumber": 3, "dx": 0.1, "dy": 0.5, "parameterNumberName": "Northward wave", "la1": 40.97354507446295, "la2": 16.46031188964855, "parameterCategory": 2, "lo2": 133.9931640625001, "nx": 191, "ny": 50, "refTime": "2011-08-05 8:00:00", "lo1": 114.97908020019554}, "data":
[rows 22 to 43 of 50, columns 100 to 149 of 191]
-8.205074343897035,-8.185333608033357,-7.611625896953277,-7.485147141805473,-7.190147747072495,-6.747562978560025,-6.466124997310258,-6.065177499225322,-5.59779859426187,-5.226078713307345,-4.947458747125129,-4.573428494654292,-4.258307571729364,-3.905288418436749,-3.742488009652467,-3.379588340433088,-3.1785265124753423,-2.9685941307149677,-2.7675461964140804,-2.6406427704154596,-2.4725441487268696,-2.2333554861423157,-2.0886232922301566,-1.9044333652805463,-1.7497797136028201,-1.6408583704630983,-1.548268129766127,-1.4486719217846515,-1.3493301977650847,-1.2653315048950335,-1.1639238623987875,-1.0587301884818032,-0.9886628648270078,-0.9084751490710229,-0.8178558715685106,-0.7642226070503402,-0.6731148592807112,-0.5895609952723836,-0.5212908254686425,-0.4692823470551419,-0.3327086416267841,-0.28927641432276086,-0.23366997623004554,-0.18686486012253592,-0.19978238798641162,-0.18574173054096593,-0.16960013112979347,-0.14380569487753825,-0.12915307352019406,-0.10695537303579444
-6.248386746112123,-6.466088670868786,-5.881216611874945,-5.98811433543422,-5.880530274579377,-5.517151327883401,-5.24636535067426,-5.097399389844264,-4.615085164071506,-4.40318516783808,-4.093340774928017,-3.8527152701173293,-3.459006070406619,-3.1810679796912815,-2.916467909833946,-2.6505494130011256,-2.4845573191018855,-2.351241987823731,-2.101777283445391,-1.9932399295167944,-1.8891884918512114,-1.7690587273816194,-1.608310920685452,-1.4206118341180445,-1.3500527434546419,-1.2953048311588378,-1.2456775277423413,-1.1554195604055852,-1.1076797365799114,-1.0476096222832374,-1.0163895455094853,-0.9494798053260448,-0.9032881082214727,-0.8706119218858425,-0.6679033719375671,-0.5994367467963753,-0.5536763921208147,-0.39954387536250213,-0.3234213716245669,-0.2899109036167352,-0.18820561462536115,-0.11048049410040313,-0.08353950046504192,-0.06508168919124008,-0.08688780458942318,-0.0966456072559932,-0.09379918883822982,-0.12767827841351653,-0.13708817145211302,-0.1487690394696572
-5.3769220150743955,-5.24260764096774,-4.320476887332679,-4.238497779882989,-4.119881343492993,-3.7853552972638385,-3.626696122483655,-3.5706010521351907,-3.225327426508324,-3.0190885717014604,-2.8828294562376415,-2.6186444743729393,-2.2610728629775347,-2.1595885670512813,-1.9131807388678843,-1.7102868143967451,-1.572578614324289,-1.4691413920558887,-1.239818359508839,-1.18247730121818,-1.0943657949841548,-1.0542991207477859,-1.0283368662389087,-0.9395392115343255,-0.7862259401179943,-0.6527327786547644,-0.5635493714028961,-0.604456679705007,-0.6012953661226641,-0.5612791149491939,-0.5425193850302394,-0.4720685693189827,-0.4471816530501367,-0.4095229019499375,-0.32219323415674106,-0.2678222979267082,-0.2121073012494634,-0.054594979047624545,-0.01622273409208545,0.13731102939045997,0.33860472570944644,0.39063318419208287,0.3784807892875971,0.30540955279504245,0.19332676018794123,0.037125891189206776,-0.15258061159329428,-0.46863749958623285,-0.5575764701687125,-0.4694123772546476
-3.8711124647973274,-3.688711865578344,0.4931567711436548,1.4183190851373821,1.4702774159164742,0.7731383858706091,0.40540311344968727,0.30321523724221516,-0.5222922330503349,-0.55712013675277,-0.5510664852148385,-0.7402218933493547,-0.7726034734901553,-0.7906376238733488,-0.7626140725245178,-0.7687259891561257,-0.5590345163341943,-0.42217894843404774,-0.39820865585030996,-0.3248048967699643,-0.33313850702666165,-0.26704175268119495,-0.23979405100525306,-0.223611928845344,-0.1872860129400265,-0.17384715061750913,-0.1610438300476545,-0.15004843010592234,-0.16015259719507244,-0.09159232273481062,-0.027679631997932892,-0.05870572068232462,-0.06775813752243678,-0.13858028699036595,-0.08219217100751265,-0.052425669492464515,0.03266285624634355,0.2841715649040084,0.38369099911196297,0.5045415731707812,0.9730269987177168,1.1940110906267607,0.6170551700270467,-2.7617201203157733,-0.28565362468550765,0.43820466721122237,-1.4550402760270549,-0.8439101101781714,-0.6191754109722215,-0.18346557139200478
4.781517397825777,5.467391362907372,-4.57761247084611,0.6984547060104948,3.4348555610296088,4.489772341755293,3.948552411852638,3.6665851709056994,2.7756653753771414,2.413369200550911,2.0776246436127646,1.8674754279230876,1.2670795914530386,1.1266112855861294,0.9544431495929041,0.7682076795042286,0.6215288800329188,0.6686811440933811,0.6267865312957788,0.6210352766048072,0.5420411237380611,0.4733291204281283,0.3905673717972996,0.3726839161526608,0.30610407082423335,0.2794999288020258,0.254739286425933,0.23341582164071947,0.27395107492235166,0.22229763335822889,0.21152418144535717,0.16858013324373977,0.19757518185723316,0.2593768390805218,0.47080865628739516,0.5908277512029181,0.7119653520192329,0.9411979394422072,0.6051907761000618,0.5094173554744603,-1.0600755861775752,-0.8359460749727918,-0.3506966723754455,-0.0231990243838772,0.07321188186175377,0.23216452949876132,0.228616412347097,0.3494991713325029,0.3190549972112597,0.33271193250199105
5.390050263584451,5.20039551848449,2.43119411962489,-2.0080136504294965,-3.92145732291208,4.246328213929044,4.5928154761603155,4.669880905199826,4.317680079136947,4.145310999131558,3.8454673068016723,3.627932809254221,3.1624635669380288,2.9499500330236077,2.8312105546704402,2.298990796129343,2.237509921172046,2.028047136981233,1.8798394309586877,1.739452447115496,1.7301420415297846,1.6905438301140063,1.528363568197351,1.5114810386012598,1.237978551951027,1.057291735864093,0.8859027352557187,0.8605775127762008,0.7714181986410507,0.805633848109818,0.8555037023339153,0.8996094026550636,0.8770308409477414,0.7931960453418551,0.8463624600016776,0.8385415719558178,0.8446123849977307,0.8103799363001686,0.73501535474493,0.663079195708862,0.6012886081876386,0.5739359441321986,0.5399854772998112,0.5457981741264671,0.5398338306941433,0.5371735341490715,0.548848335228562,0.5984194615994864,0.6219433093449402,0.6526133796045261
4.917399453523574,4.896074413421032,4.456703871149972,0.620299817811517,-4.682917014699402,2.350645985973083,4.310849167171873,4.438098305866687,4.448332283356382,4.313534407109495,4.173307874421319,4.0062804521795785,3.6728478694798654,3.553904094178338,3.361206126552145,3.0811446003049623,2.879813789752735,2.7803032561278918,2.5877224598160673,2.524363877535614,2.425050394561256,2.357383420759375,2.3644503033583697,2.2356623681277097,2.1933512252822855,2.206822126014837,2.224609895228081,2.2629939594423796,2.4136637300163017,2.548058234096857,2.5859936560374615,2.509034761637263,1.9779192232720655,1.5291329115224983,0.7948581988335963,0.5406601631196887,0.5549171964834737,0.5710291862047948,0.5655043335322718,0.5378385188348397,0.5931752526325001,0.6370715882828308,0.7009217878520483,0.7647892224941084,0.8183622422924097,0.8563946501654548,0.8830993032185291,1.0165910267094498,1.0263951278429064,1.0599512262997461
4.448778042786494,4.448127895650395,4.513979338374095,4.489035478048455,4.329022808923293,1.0379659604867757,-3.586395541883756,3.3684001321906365,4.2496864873754445,4.211014184177817,4.145386358723686,4.064721125345776,3.91024038909066,3.76516102394804,3.7093147814567633,3.5229202421386425,3.4283087000782704,3.3552594755046887,3.248245109788337,3.203178158165145,3.1888544849392035,3.11362699890148,3.1551002792440492,3.2215148017203816,3.3156991716682764,3.4033435652180057,3.5006674399232165,3.200341547792866,-3.6307468695515013,-2.288320027315274,-0.9006059259463446,-0.20939819101194265,0.057733908955461335,0.2724491934065437,0.6379898239055741,0.7802822050152994,1.0753194354147386,1.2041204629383366,1.2937785770371146,1.352494161153472,1.4647439660962347,1.562908980360661,1.585477761285555,1.657388468330056,1.6995613962320772,1.6851649129872703,1.7062308770378403,1.7216261104192712,1.7367991963364577,1.7813256037806102
4.01412316352956,3.9991440663459787,4.041195927385499,4.071990203671118,4.049723121312079,4.009838810400583,3.207718735428346,3.103686549562044,2.0539988771200997,3.473940392332785,3.766711282172877,3.9023729682270254,3.825157853644891,3.7816924175011595,3.7312574517616803,3.634804022653748,3.585253967159863,3.551752901614913,3.46407010805565,3.4875477991813852,3.5338575045702867,3.4818480050223792,3.4796186803188394,3.5661162039497216,3.662496471700059,3.7427421747368883,3.789603815865933,3.7536798905771147,3.4677511526564606,3.335919677447595,3.186438550569098,2.9750123666659842,2.9173659608883304,2.904866893120451,2.835757456862228,2.768648471505046,2.659567997989113,2.710500140414174,2.6325404318712056,2.5827711835732967,2.585584712005739,2.592565187608481,2.5658008945051263,2.521477957906564,2.5070716535347457,2.4882824895121,2.4712353531034754,2.425896889342077,2.431374036661415,2.4163682815022116
3.6110029909834123,3.5910885035233777,3.6980080604066172,3.746079650606605,3.7189018768899604,3.772663763091564,3.765913589971507,3.760851779106701,3.7549126733003138,1.8764489070634924,-1.5023626969721833,2.7186359240509517,3.6547183935040564,3.6864013801865734,3.657980522020573,3.6469954713081942,3.6299902311285797,3.6155885121781997,3.5635840533993806,3.5317132256246238,3.5100698341283874,3.482950003042179,3.4717379276423133,3.5124324275293954,3.527718025085772,3.5730553201486868,3.6386939385826826,3.613717372869191,3.62440851731649,3.665476796891224,3.6647628693733685,3.6722584469634474,3.6704301663386203,3.6075121050415375,3.5989862653678197,3.5376828568665566,3.524977346330478,3.46962540797684,3.426194743574161,3.377369902838861,3.2868668677955144,3.27346412254278,3.185938492748215,3.145815348320249,3.1344843689592037,3.062814596245445,3.0406502717488086,2.9797180145378714,2.9232105721749315,2.888629232873561
3.2521663057765564,3.2655162086320595,3.3486264695863714,3.0840884545853156,2.424154644267031,3.086201555954996,3.223195064158777,3.3447967858111,3.4530649693118978,3.464065384142397,3.490144419046047,3.4769656680573817,2.7518880722552628,0.8112189301765461,-2.363615513661053,2.575761377811951,3.201909608462355,3.39471662287724,3.444612968028549,3.4407462945270635,3.4263346260805245,3.4189239032486416,3.4221365568867608,3.453185379754293,3.446203923180298,3.4461951289830166,3.5500952846780773,3.5706059356855127,3.5915473648260603,3.609999649727576,3.633267043562012,3.6217808758171257,3.602615460654762,3.590750465765064,3.591859516574707,3.555779865108485,3.5130480443473844,3.501120340222271,3.475640452630467,3.446236306448232,3.4010281165803953,3.345179769674676,3.3176168976057907,3.2859963232172,3.2497533903433755,3.2131690583692825,3.18571955198385,3.129573008646344,3.0911060687979894,3.063970719579258
2.8445936685676245,2.933692026120494,3.248885225327956,3.04343927741133,3.083402706207614,3.202537006577148,3.224783219352916,3.235919296934312,3.291932844089685,3.298157119756175,3.319337187255702,3.3361419609416534,3.3726266611546136,3.388947188350568,3.4016094856557784,3.2208517735039397,2.9432970079683036,1.2776952740195517,-3.284985616764697,2.4083900352658567,2.311441161387086,2.737339101236258,2.458907478074661,2.7872867432522948,3.275419298044223,3.385712221371947,3.4579728330902513,3.485045369646341,3.461944098661239,3.454821388415575,3.4530179935687286,3.434105866333727,3.442525572440722,3.4404971433970437,3.4345920631590645,3.4348194306955264,3.4185420835607117,3.3913872168293477,3.3885186517685617,3.380251996351299,3.3584888686036245,3.340469710391158,3.306994893801875,3.2883018914950513,3.265868857914975,3.2215853325145933,3.209213932200263,3.1881909664440853,3.1487353641291462,3.129531397615135
2.315242025664357,2.4482127260855933,2.672624752891402,2.772997943947043,2.7986848388558063,2.932646856036864,3.0285837989079822,3.0215855189340157,3.128285128596598,3.1730507674899124,3.1682778389856225,3.178082824647889,3.240129619017148,3.2434691172476393,3.2774730026071732,3.2952519597470773,3.2837025458384606,3.3001488156754557,3.3364210213973458,3.3595017642774923,3.3803168232118983,3.4069834458984047,3.4020849292586854,3.331638919008983,3.0139880772686167,1.0600271871315567,-2.761900475750774,-0.9802164931982491,-1.4997940417845874,1.8090149047117303,3.2710525654913227,3.2823819226945794,3.362159962716765,3.3650681969324543,3.355308236225408,3.339470819319512,3.334775055616899,3.325307717983615,3.312162998857513,3.292081863677852,3.281705775015663,3.2671910392453443,3.234163957211768,3.2317294110658255,3.226389876018583,3.2064291329995824,3.195279593307037,3.171323131963727,3.1409071514507554,3.12649546242361
2.026624777783262,2.1200691589275102,2.2939816812219047,2.3798873409523456,2.4457349372139032,2.6125147256328227,2.6530909672204546,2.705785466817058,2.820741925651582,2.865249132349635,2.9178460171195355,2.945507219045526,3.0328245206401645,3.0536501347926244,3.065121492764412,3.1455188074325156,3.187721078340187,3.202163429445718,3.22264357334808,3.2480752682630394,3.250355371914374,3.291191231199183,3.3123472978161113,3.312607807148498,3.343925499385669,3.349784563551026,3.356145544025269,3.2523596924024654,3.2322323378508395,3.0277622494567433,2.468738233631315,3.323276984133139,1.1992724925168454,-0.27099476189527993,1.5379694754467668,-1.9771478212267115,-2.823722171616123,-2.8661414747899006,-0.49893711364511695,0.33465086553395074,2.973264253331913,3.172999142659513,2.5430351499901467,2.5602923117861867,2.8268185300429662,2.8759768525943366,2.921689202778031,2.949339313855897,3.076613411142661,3.089627737484589
1.7846446634101443,1.852711463887125,1.9682232766238044,2.045801007211325,2.1006215155564147,2.2495751662116974,2.319416653308492,2.360477906540527,2.4360986714831894,2.505311747417922,2.563127392532019,2.5755261252933894,2.687521878622956,2.6924291728213103,2.755117874480671,2.8750129081582774,2.899837957463439,2.9426203921549496,2.992253781002378,3.0346538349612877,3.0390530610591333,3.088746745855627,3.131361022439793,3.1735303002027666,3.2048987757689145,3.216946335719796,3.193558348328124,3.218917527727559,3.250584230731849,3.215672140820977,3.202230837460756,3.2137277533419732,3.2023010375855896,3.189735384863817,3.2109998125539847,3.202558108843619,3.1898004951824803,3.175623875701402,3.1226038811739394,3.105879253037669,2.912740847500461,2.815860999289457,2.4336270340122295,2.72436966259639,3.074342809752086,2.280627631502,0.8688279632754778,1.0197685715623894,-2.407217974344704,-2.159177565208158
1.5721629609152232,1.6715183350077176,1.780024582769316,1.8342513747060618,1.879941958243835,2.0135421627423757,2.0487265261708547,2.114774273912578,2.1876437195636957,2.2678927414705967,2.3199548891935127,2.3752342403214484,2.4861248795648576,2.5082273116060003,2.559020993252841,2.6065852823914653,2.6725400471847505,2.7021815909869975,2.76844873020363,2.822445808428875,2.8531875999263763,2.928473373429057,2.9494822508208456,2.9530858549468095,2.972236702471696,2.9934160546876165,2.9982767526940517,3.0140769110417285,3.0802868265024133,3.080745127959852,3.0629112962721554,3.056809776578875,3.064796091326301,3.0735615299572285,3.0667764889681455,3.0384700058406953,3.038807214455631,3.047718960867764,3.0373211234553117,3.0192280473560715,3.01607415000563,3.023308868692663,3.006656144377252,3.00551820761549,2.9997524802716216,2.9929988524188227,2.9448768194643384,2.7200060951066414,2.671751141299608,2.7426576710412682
1.4224866323177503,1.4827156921331504,1.6057695355634072,1.6508796382624376,1.71908438343742,1.798818269654396,1.867441888462398,1.9124969015775533,2.0571005764508365,2.0831004414599685,2.1043521245659464,2.1589530231561573,2.2045835445112325,2.2557348668521593,2.307796995827633,2.3898262768543836,2.439839059291146,2.458849606381001,2.520647164846289,2.559480696360756,2.615469341728637,2.6779602940629634,2.7070767904514064,2.6975674392482327,2.7582339871933947,2.780410522498341,2.7567032155380886,2.7574338929362097,2.819350857924739,2.8354793291089546,2.8342638051123292,2.856689388502894,2.8513702088378694,2.861622322786661,2.879295534289772,2.8684321778345145,2.868406737936409,2.8779895016470776,2.8768157669193886,2.8722709465256986,2.881636849150799,2.879833717468863,2.8548966158297078,2.8656879077266266,2.8703868790851326,2.8654675638178597,2.8566001295968513,2.848051122017426,2.824516931124687,2.8166597174299572
1.2590533033985725,1.293538083949524,1.4062908068177826,1.4521257521746318,1.4969929590979236,1.588515575592917,1.6080834458914015,1.6864039870489287,1.7974775981545157,1.856319142035248,1.8735227507159473,1.9162803026525017,2.0069749817708677,2.058734041553922,2.0918815540045417,2.1591381814992445,2.1965739075066137,2.230414873955684,2.313029717240705,2.3434411368391466,2.37845684404344,2.4674175649573646,2.4758110004226204,2.493390284234904,2.5556982834150714,2.5891133849674786,2.5905029891891775,2.5959775222011396,2.6333373083928313,2.647943583042761,2.664805291117537,2.67843398119999,2.6730999294012117,2.685992972761502,2.7043042357560374,2.6886593399154726,2.696696551306026,2.714528606761257,2.715968610235801,2.6804812077418805,2.6799012526516806,2.6969504000818514,2.70115263746384,2.7091054889202093,2.7000106913769706,2.685893828737338,2.6930126446759575,2.688715317391535,2.6656533503856927,2.641733865118141
1.1285965851692845,1.203084056756816,1.3046800361750588,1.3511916534237531,1.3592501133103394,1.4477730328625453,1.4970853526106251,1.558727063689443,1.6076238943941725,1.6674465907669944,1.735762940565787,1.7821693459194905,1.8291578822079388,1.8887737396859676,1.9381257793238607,1.995671698935945,2.0347056103934738,2.0778413157616313,2.1188626569329436,2.140192514268368,2.1969233206703858,2.24189682429437,2.275797171758525,2.307636878055662,2.4141173524623434,2.435222538722576,2.4290669039523323,2.4370624178964184,2.481418839862517,2.480089559308939,2.4835477716031615,2.5244308416288357,2.5325631730438007,2.547104260966363,2.56981268573652,2.562452707856056,2.549440204155991,2.554354680992188,2.549392827281253,2.5281752264236323,2.5592613760810203,2.5629096578863995,2.5549819717931346,2.524507463836405,2.5141841067654305,2.470584481338738,2.4579329922238706,2.4578922875223768,2.4506874527054547,2.4208845993563832
1.07766935027038,1.1048176305696222,1.1735373094720156,1.223090234363159,1.2491069939905433,1.3386688380778036,1.3991475212027837,1.4398621990742875,1.5154199223094447,1.5657536750404977,1.5748872298719638,1.594912634719497,1.683789673962428,1.7085976568553252,1.7328903256599544,1.8025173732776067,1.8430867189462943,1.8712797487152917,1.9512572446455498,2.0027784272094955,2.025454806639101,2.071948994319476,2.1374375264698,2.169176884755065,2.1817679828000127,2.2085334368094096,2.2388913850481744,2.2550592572858195,2.277059241293882,2.2789200615350524,2.299641314947386,2.318814065690569,2.3252296201416396,2.3224355795397105,2.340051074849702,2.3131811403000757,2.3164877956473893,2.3291472565401006,2.3158036669569624,2.29505257977786,2.292403314682266,2.2954687176313566,2.288512160350261,2.2763954451563246,2.2444288360439533,2.1868526599287774,2.130387423034219,2.1473372382131464,0,0
0.9389195730835551,0.9984318239061494,1.07663344111591,1.1140153908559305,1.1722731142717973,1.237104115595941,1.2586085915351672,1.303254452332474,1.334546528676308,1.360797674588417,1.4070277218133524,1.4319747953139086,1.4809336356071559,1.5229661152323042,1.5803449957688773,1.6285962561604022,1.6637596059363158,1.7180747019387193,1.7498874713370487,1.778351380346422,1.8409188554950868,1.9031929072892346,1.9321482956315625,1.9508949688232735,2.0373098304310147,2.068615746113914,2.062874660289406,2.0760647758207416,2.0900117395279643,2.0803522442277296,2.09680016266364,2.1292955290493247,2.1193257901134737,2.125282805207541,2.1334168505498314,2.1393789388673956,2.1543814488633473,2.1328125151709036,2.1010181125800056,2.051356235933635,2.034754976574987,2.0081336903643847,-2.621611820622783e+38,0,0,0,0,0,0,0
0.7544176053678703,0.8011353769649515,0.8788430586341983,0.9082831128018645,0.9418432076062436,1.045747845312628,1.0707857936464495,1.0911540794537227,1.1620170017747227,1.187431580293056,1.238611598086883,1.2743329060569324,1.3488250542464417,1.3561845658830156,1.402057762516063,1.4686324488160851,1.508195527779765,1.5277081426707557,1.5820749299377028,1.607230157664868,1.6201797418486579,1.660910446436742,1.6653025400934849,1.6787986067129006,1.7525494928234127,1.7701744963490433,1.7875318823023854,1.8009066226833803,1.840666904428839,1.8335177044314115,1.8353288361714692,1.8384078292609236,1.8418631568893897,1.8386172380853487,1.7968036796355475,1.741094955482413,1.7359819817236726,0.6094997013747593,0,0,0,0,0,0,0,0,0,0,0,0
