jsons/1312628400.json
{"header": {"parameterUnit": "m", "parameterNumber": 3, "dx": 0.1, "dy": 0.5, "parameterNumberName": "Northward wave", "la1": 40.97354507446295, "la2": 16.46031188964855, "parameterCategory": 2, "lo2": 133.9931640625001, "nx": 191, "ny": 50, "refTime": "2011-08-05 8:00:00", "lo1": 114.97908020019554}, "data":
[rows 22 to 43 of 50, columns 100 to 149 of 191]
-8.770640588927778,-8.771109982819825,-8.405142388645087,-8.39778912668698,-8.261255228162346,-7.988007539740354,-7.783771497048576,-7.536848100281077,-7.180402851636673,-6.838280204718871,-6.56999212523423,-6.2480254568296845,-5.889072285983494,-5.52553412223928,-5.340916711219306,-4.88628858809096,-4.684218970579481,-4.415111791138101,-4.1093616628843295,-3.9070873801104864,-3.7114341609540182,-3.4156313357995147,-3.16973641302603,-2.897448544107501,-2.62687969409092,-2.427107152004306,-2.2892633643734728,-2.1150514450515154,-1.965752358767396,-1.838563145062804,-1.6795559430671467,-1.528442346391091,-1.405853292699308,-1.2926690493901454,-1.1489707563609735,-1.0709930391666123,-0.9742085389421634,-0.8749650624047455,-0.776465384548707,-0.6992293931360527,-0.5640991041832104,-0.52144339428547,-0.4607570206520444,-0.4303286836202891,-0.4376699082269465,-0.4201063946489516,-0.4437631584828996,-0.4539935521436037,-0.4441693494157307,-0.4220777557076624
-9.239650283818252,-9.528864196726444,-9.100104680640843,-9.209855427885609,-9.021898708600295,-8.63962066931279,-8.302426846965352,-8.05760002691057,-7.512430270905464,-7.24170342720838,-6.893771734693021,-6.5599620219561245,-6.106791988328078,-5.701656854684028,-5.39324017287894,-4.995069819224449,-4.717503558534993,-4.455314796521962,-4.0767393568335635,-3.9228685144215323,-3.6539066893280086,-3.3852988718371773,-3.101103908481662,-2.7574639087150437,-2.5356826708310494,-2.3746108780814157,-2.2341389358602117,-2.094938988666596,-1.98425325431724,-1.8483945846100602,-1.7750994066809074,-1.6186907119478913,-1.4599778888118837,-1.4189275432414425,-1.2144003434985113,-1.0910037043881882,-1.036751609122312,-0.8458932826864288,-0.742905527008577,-0.6745210908461998,-0.5243758415059327,-0.44760214836747764,-0.41123586764317893,-0.430010403365373,-0.487320845146518,-0.5089407146971954,-0.5487344985278713,-0.622210975329242,-0.6219288876467128,-0.5978270617328504
-8.29070161840085,-8.60279697238161,-8.311591132677068,-8.323930416800785,-8.360077938735762,-7.980255360619121,-7.906474095062196,-7.794727905213902,-7.346319547003673,-7.014296949918221,-6.772852043071738,-6.397624767258985,-5.795172542953699,-5.537754953311663,-5.182690961731483,-4.787653252200127,-4.38372471354417,-4.193654813701968,-3.7665585194378517,-3.439751515040647,-3.187457083176285,-2.873804708454817,-2.7074307012591037,-2.518791685437897,-2.263702059099684,-2.092072336852642,-1.9339813461645485,-1.830959920995017,-1.6915256817490005,-1.5441849691444656,-1.4691416398391475,-1.3273473972948684,-1.2398009665210215,-1.1800682449387248,-1.0404198175128623,-0.9269366063340831,-0.8255901463199998,-0.5296839330439842,-0.43954285107738855,-0.23093659412850795,-0.030253286784879287,-0.0037402232310265863,-0.04284795573454588,-0.2958649624210406,-0.5924786745587994,-0.7547809373949391,-0.9695852441347308,-1.161698460362835,-1.1358857339653434,-0.9331018703486191
-7.581616316835295,-7.498841507155271,-7.379889089608853,-7.264225744885602,-7.166178211945994,-6.737239683231215,-6.63059059686858,-6.648341808008505,-6.122798050638107,-5.930764614193092,-5.963781063558581,-5.748346495866465,-5.381540531349316,-5.070804032067089,-4.868390540293321,-4.427834685371527,-3.9688755127880615,-3.6222676613272746,-3.187955152927809,-2.950038137475647,-2.6676792595006282,-2.312777929226053,-2.1798958377021056,-1.934437776162518,-1.6790065776247216,-1.5724942711520162,-1.3896913345105373,-1.2912422400300303,-1.182551597829749,-1.0452051251507886,-0.938840682343325,-0.8692085298325142,-0.7974234129564675,-0.7839948251078029,-0.6351400021233317,-0.566239990547449,-0.42878344016297737,-0.15257214856816398,-0.061357202616435826,0.06972419313456737,0.4810196990160208,0.7272823909020277,0.23978071807435042,-2.8817614760889256,-0.9957966203278489,0.05219374008829127,-1.5406394324259791,-0.9145392608977099,-0.7578749877766395,-0.2802696516746143
-5.188133219143956,-5.175488171321252,-6.256441325594424,-6.592239949998559,-6.556809507508308,-6.152615382724327,-5.781710812498962,-5.42625121653855,-4.919730500048902,-4.8332889454846315,-4.636241059599014,-4.499528046026956,-4.120704238971287,-3.975053643111894,-3.697357626670511,-3.2102054660174404,-3.0127312590529596,-2.7589307951015725,-2.3041582840673698,-2.1161159257842437,-1.8002385170220268,-1.5743436499762278,-1.4094009300473362,-1.2764280942437367,-0.9858528212691524,-0.8610989951294259,-0.7698899305337243,-0.6577475836365979,-0.4825442354593797,-0.47739102071264644,-0.4465980147277679,-0.45394733575172236,-0.3926700254688186,-0.30337155152741413,-0.024839721890787737,0.12409336123484384,0.264144676494176,0.5360860793299693,0.13639437105131222,-0.053423826703549636,-1.5807028561966698,-1.2933898143220623,-0.6079180904921181,-0.3130939999373115,-0.21509034005678526,-0.08383191829297118,-0.04231685811883249,0.11510930516890042,0.08605244913550025,0.14647078617522136
1.9459177667984051,2.513006805043102,2.71064880153948,2.4557957671756507,1.3387133753060718,-2.332284513610963,-5.492370176782898,-0.6921233973908358,0.10616635125462988,1.3046816965653747,0.7071000030850678,0.15990124730781818,-0.5463843146569061,-0.7853217278259466,-0.8069482818817313,-1.2929496209729145,-1.0673391096471483,-1.0026603280009687,-0.7694375247412472,-0.717709249947119,-0.5554729125830297,-0.3066068684874321,-0.14448711680524548,-0.030941744210256743,-0.018746271797942894,-0.045699153639780235,-0.1110550780908657,0.08111218992214256,0.23067316336865004,0.3376023827735383,0.4239578865224194,0.4360176105901026,0.39920032490698254,0.2648985469280166,0.31619417935229666,0.30794419202319956,0.2996959038593661,0.22859294305507408,0.09507718260611946,0.03639082385813015,0.05301866677698314,0.06762031253882635,0.11344477191711264,0.20777435547748915,0.2475599717940521,0.2824971402624707,0.3125210785756918,0.4130355832386383,0.4694385990444609,0.5301082389607246
4.675929940128773,4.787473400546284,5.095668372733703,5.3112976332720185,5.289875101210458,3.736698263386833,4.107648089662116,0.45454700556988265,4.803370504117516,4.326256573928777,4.257666982795064,4.185981819482365,3.4665370020387263,3.329855847326449,2.864899888091875,2.303547243333337,1.9521660813548989,1.8250003633209122,1.4973754847142295,1.467564162217395,1.3848332162629817,1.4460585156113244,1.5702278948741328,1.5443515407868127,1.7466513804392747,1.8610022876540886,1.9356395015065,1.994652567708287,2.2638823205251706,2.449765948367007,2.4594973612580646,2.1576182091218805,1.123277831249038,0.36522262784700843,-0.2669055761646979,-0.2537252901681908,-0.1105623284289282,0.1515853467398122,0.24548120188801284,0.29546509046525066,0.453966864253741,0.5270295099027482,0.6149820301162309,0.7075968041334766,0.7853640343253967,0.8402162442589554,0.8774005471094131,1.0247289404559308,1.023098787934958,1.0493213198018982
5.171468699699825,5.220000888575939,5.412703211869594,5.438320739346961,5.38632446806553,5.278832291432103,4.352454626916844,3.6576940205297004,5.1755805471865,4.374722916055819,4.5298887124077,4.916169654746519,4.665663650924902,4.449309131742723,4.342751784234958,4.049958913046504,3.9475080788355648,3.8684785565880406,3.7437102529749757,3.696790255181811,3.705870566967238,3.532689882858112,3.5331199976585537,3.521071099999487,3.440495809624056,3.486443696196203,3.5762745564467675,3.172732187831921,-4.156386344456768,-2.6168970193925123,-1.2057420962722272,-0.13822505314874983,0.19393563888374782,0.45056885394873264,0.8496874900162733,0.9767781516100829,1.2664064393451802,1.378323300798207,1.4312126853468397,1.467412483924573,1.611887070766106,1.6570750636539104,1.6618552476597026,1.7431229357172033,1.7760469649957387,1.7484263706968617,1.7584268864378643,1.7727385908091418,1.7869323973864621,1.8438511896694794
4.84425622493449,4.874124785007974,5.001569552789614,5.103684358791812,5.116986429518689,5.227779132393874,4.7420130751046035,4.7485129500198635,0.867769096803063,3.229040691211832,4.542243977083279,5.00649359992557,4.894293327219572,4.817225846215077,4.7399188313551734,4.574624101389349,4.518459330728493,4.496862909108055,4.402880193843313,4.457269885831874,4.550099304693448,4.487551643247517,4.519036624314846,4.564595515760326,4.567968127110879,4.545473569822238,4.414084058042637,4.247316206134369,3.8227051823894347,3.611915357960744,3.463263767001492,3.2522654724729705,3.172288019281044,3.1571395470393306,3.064993044408213,2.995280979099924,2.876784224490173,2.9367913234646723,2.8214707737700486,2.745755898860359,2.7003716843446677,2.71994983519246,2.6663281832185306,2.5924099939373266,2.559495124847009,2.5287466278904316,2.509161258106641,2.4537467495884635,2.4447609939265056,2.4181557776235256
4.3660443554986434,4.384184155196763,4.584732160322819,4.696769251673951,4.680507685951608,4.807618054139125,4.818276066657845,4.808903189843699,4.810158792753895,2.318126617280727,-1.8962390303309624,3.560168169363982,4.754062316175657,4.811293673820143,4.774803684106966,4.776404459409838,4.759201423119693,4.732581757983832,4.6601296919833795,4.60066377620606,4.566809967790755,4.549308690027525,4.551929268459558,4.608749255565095,4.619390022724955,4.656172984385908,4.695614877252199,4.634813051309467,4.568592230214746,4.496090303944327,4.429060895377805,4.330976420712416,4.238018124546538,4.109505704167864,4.06662673066387,3.9400987113315153,3.8686489113018556,3.7519760293862707,3.668876748263014,3.5797690605818744,3.45314645563697,3.428953767646938,3.3039846549319516,3.2346913836078355,3.2269117678276857,3.1232794421061576,3.0959610589227538,3.021685704025391,2.947063942408203,2.901872537068518
3.6995852782390153,3.779134930115239,4.086021788740852,3.7489362741877708,2.857477078478475,3.787100106981096,3.996672798120843,4.180561445775724,4.3618337411949195,4.400515137522376,4.46268563097793,4.489341283025591,4.344820028672852,3.874803385617329,1.8902794705681991,-4.511269189213177,1.3537494849548533,3.1251697954539757,4.330917680191176,4.439457813602497,4.4183902769335015,4.406732982308448,4.416659595021945,4.461992797311681,4.446693617980437,4.425583157771293,4.534695015210269,4.533765864874755,4.507361254967731,4.4788991581747135,4.448247755883445,4.391953730693286,4.307412091595761,4.270559043862053,4.206565897747043,4.107036260214666,4.026826375406967,3.9753089626101463,3.899526646073841,3.817987841800133,3.726772326119149,3.6322780222462208,3.5873607067121136,3.5184088434880154,3.4575752383595657,3.4116135069654856,3.382787947618662,3.287971082980433,3.2346706214223215,3.2196473865214164
3.1468133835044623,3.2798684740991373,3.794655978850444,3.9062301545432305,3.8586966335875794,3.8203414760370515,3.8640159641122462,3.9117297281353007,4.045040095943508,4.068482081331608,4.114934682200469,4.140692094813682,4.206078725718138,4.24506298649573,4.263077271592286,4.2971588202610596,4.246100866015717,3.953726664643366,-2.612739253966019,2.0556381767062404,2.274646917836626,3.470998953738919,3.546909045997259,3.845385269171829,4.190305037725286,4.282106505623968,4.274991586561672,4.2711109596307715,4.232598014111314,4.1793472009055295,4.169676038314372,4.128703306479664,4.103517735120347,4.068919156477317,4.017838114519841,3.985321469489735,3.9357063842206816,3.8852588495679736,3.8623922047697867,3.794042804493954,3.746887274622561,3.7061378118290573,3.627049900611195,3.59564826783108,3.561570628326871,3.478286060008052,3.4558578339964656,3.422623476888952,3.3707476883769614,3.3411562233560868
2.5999113001538783,2.7808322606617204,3.048888182661504,3.1761303944083603,3.236913972918884,3.4072007837176717,3.5309654761978453,3.5442747744456424,3.7000975097238427,3.764743587636098,3.77950779232613,3.821958095330081,3.9119237696225175,3.927208941754732,3.9686937990325393,3.995265886853827,4.006177226415258,4.029985412969776,4.070844668837651,4.1034821637669365,4.112375066252787,4.007926957045245,3.8979386788177695,3.448177762485309,2.9988519498567694,0.1777570858685727,-3.7617424864386,-0.7433073438054703,-1.8199454740882668,2.132685019048502,3.886391256555054,3.887611259734818,3.9603531904939646,3.9547607498057804,3.9262539884705765,3.878741731020869,3.8560865619469276,3.83225807281623,3.798435095540943,3.7351827927586694,3.710271339137276,3.675621466757022,3.6084123750455874,3.5935645252571042,3.5678362527774086,3.5237896011591676,3.5069267000079254,3.4758420633406746,3.422796552340891,3.3970706185852944
2.2796636168163684,2.3917384403655126,2.5963312901277287,2.6857423293316156,2.770697601106213,2.9543533513243787,3.0100714933026764,3.098898297064634,3.252548233605321,3.310929968280828,3.3758690864316083,3.4013529325080594,3.524954981687396,3.5734334098566403,3.589563402022127,3.693957726082201,3.743132593451622,3.758162844330983,3.772667610787434,3.796157684165832,3.8214108529566517,3.8668506531126923,3.8861358430984585,3.888193372210685,3.9232811601636985,3.911870843397902,3.916758320634966,3.80785466492913,3.778960395720373,3.548693114123298,2.442755003284508,3.8458003459551384,-1.4296998026555225,-2.4358830272246657,3.3584493244134555,2.3883800653886365,2.605394629639472,3.4092585277576775,3.5035851579681356,3.5872192729780235,3.6260826058872615,3.6025130585259637,3.5737272451764523,3.545884958277031,3.51036889279569,3.480462331759365,3.4635822577866975,3.4360942265702925,3.3829260745802907,3.3790990625590456
1.9620021394165743,2.0511436767043514,2.1930758121627254,2.288614190036681,2.359020161379577,2.533585033460813,2.625224884122996,2.701736892408207,2.802493707860088,2.888402919210131,2.977337218090798,2.9980927780591196,3.124150983116877,3.1419086321393346,3.1946084677288495,3.3085153331201314,3.3315054652456433,3.379395168369808,3.4384530035321847,3.479661520958509,3.472429623721126,3.5364332207197977,3.5840086730612635,3.627546363280214,3.662587357477213,3.681286095225161,3.65819325442422,3.683812677651587,3.7123525750093833,3.6691298390180305,3.6554317615798726,3.6633141797162154,3.5822223786701253,3.6009734365921653,3.234575405392937,3.1408814507559413,2.807199286900908,3.1059110947168787,1.6794166248784186,1.2832962637317447,-2.6131790560000447,-3.3802515686782364,-2.131933387806676,2.52924109675881,3.4065738995894566,2.779349466441674,2.1577219902045095,3.000677350808125,2.2789345588754757,2.3119735796959966
1.6989018269237548,1.813889875833903,1.939742061245104,2.0112088861861284,2.0694206795187617,2.2176217444017317,2.2656183096744598,2.3549691468509626,2.4479638569008877,2.5324820601479674,2.590846256895363,2.6525688286662295,2.769100046400299,2.809939720258768,2.877215946206762,2.931121825672874,3.0026425812900075,3.0309001262088877,3.0957658531842345,3.1579807281535794,3.1842915022718428,3.266507279754184,3.2937402097278463,3.2973314330447554,3.3144019741133612,3.3359245789286724,3.3572889482071653,3.3730168731665815,3.4199944585543354,3.4087503950638807,3.4011118335414423,3.3959235056769086,3.4007924960542892,3.4075933184283373,3.395956120418042,3.3570154348318706,3.3588859354605196,3.3698603839233217,3.356157680577342,3.3276328526060244,3.2927375001482955,3.081383326767763,2.9449077670785258,2.7274632088444846,2.8087644829552536,2.8833733340230596,2.7305676719988994,1.6539074425726537,1.7374835752879394,2.3462073100594734
1.515237294859961,1.5800339355666564,1.7304515796145306,1.780723946002757,1.847863849715182,1.9310745080932414,2.0122054876943696,2.0702757805544394,2.2318199253151523,2.2644797748650425,2.3017618936885715,2.3811778936509205,2.442078548802538,2.495160873894985,2.550949272798299,2.6300003696299536,2.673908192871748,2.7111563299085493,2.7984276815985725,2.8405406523752834,2.8936133531435657,2.9622469735526105,2.9976230983176757,2.9890587487803377,3.048765069405564,3.0751320216524505,3.052854686896013,3.0546038701285156,3.110070476010973,3.1229907580817513,3.1216546680427326,3.141767507357655,3.12529733290688,3.13223438119527,3.1467510157886616,3.136758005133397,3.137442905381701,3.138075401020447,3.131140970364514,3.1194773756092236,3.1263242119199512,3.123804794334729,3.0922690114149893,3.098972009478865,3.0986514190891925,3.0851177084008734,3.078107585308186,3.071744868809744,3.048857737282786,3.040553996481131
1.3126969213433977,1.3632494168123988,1.491615795213124,1.5461996453946658,1.5968511827066603,1.6808275467540632,1.7088296971214432,1.7992340780897829,1.9237209540036981,1.9931281287989342,2.015043959518657,2.0690483979376117,2.1852011851883324,2.26086289024117,2.312909554372048,2.383209214944382,2.428347213395847,2.4642587187565765,2.5459709725062933,2.5763274543670183,2.6102587021486774,2.6892177432207927,2.6898638942010735,2.7177375462966658,2.797309584331275,2.8353076112044118,2.8311435044596194,2.836441998162118,2.871787836935308,2.878553489524631,2.884546941728124,2.894308332556968,2.896788481116143,2.9144840324380077,2.941161667959847,2.929647557966633,2.9295736650846638,2.9396502032362193,2.9411359393825807,2.9055040236564555,2.9029544343099656,2.9156735549796697,2.915341854461986,2.919080585522468,2.90712313542475,2.8915022035014046,2.901445621707752,2.8986946163712846,2.875001317567299,2.8496066321905604
1.156876781256998,1.2337521070250708,1.3395410485156163,1.379912373911241,1.3910185452593604,1.5099918681965274,1.5690610780747998,1.644979711577072,1.7050773576770843,1.7648315630000224,1.8453127864812158,1.8985579589174453,1.9594318038671976,2.034677440313396,2.0964133558874956,2.1705254595560737,2.2309317798856925,2.296936575650717,2.3390933330613097,2.3546746854660645,2.4062328307565943,2.4519094610850014,2.4803211824463856,2.5008686681985832,2.600394131472374,2.6189924201512493,2.614321023013165,2.6231751885994123,2.6664169064624335,2.6506554886158167,2.653141076324421,2.707921430751311,2.71784502073194,2.72726772829432,2.745664415518098,2.7449601613808983,2.7340644921009356,2.7411203049122754,2.7347326946701513,2.7100677609991686,2.7431828153353144,2.745812036794196,2.7364412655331445,2.707478647303548,2.7007837202937846,2.661483218356048,2.6504966957563463,2.6476701416646544,2.634061424124841,2.598478363973688
1.0141447701508872,1.0357413338715211,1.14576412313993,1.2098300290429216,1.2423046728350953,1.3448892315288283,1.4160846557592626,1.4654485847628624,1.5436470477740465,1.6050250966618513,1.618741373253173,1.6434468914714584,1.754227199425155,1.7876664780941804,1.8192318355255472,1.9138823470952588,1.965894724054096,2.0059935071194666,2.110857714429528,2.18662246405053,2.2421443360518047,2.258565636084019,2.3058255935869822,2.3236150217023486,2.3372136020638394,2.36320530120906,2.3921817573316653,2.4123348435494396,2.443234557355271,2.4495252687228306,2.47666496858582,2.5023389744342324,2.5038699469195693,2.495048146877899,2.5161676814709972,2.4927535965807874,2.492203851602626,2.4866808756372265,2.4616013373904395,2.430196691591875,2.43140412844973,2.440198996975083,2.438290416067193,2.4279795117565075,2.3933003423856762,2.327550228832221,2.2630911078721563,2.281436591836011,0,0
0.8353713883847049,0.9080260842009624,0.9958097066890467,1.0400363180456047,1.1078297882554449,1.1786904627239163,1.2157899039787663,1.2852358363089837,1.33995040657678,1.3643588477025876,1.4102015933042111,1.4378560893024068,1.4984945971845673,1.5442971984547618,1.6010225495577841,1.653868808343708,1.7141592148338938,1.7919897713482789,1.8361208493502241,1.8672572914706567,1.9285991993542442,1.9905909594616786,2.023645036851521,2.042114706930718,2.1172824898654903,2.1408643791250923,2.1456276583545213,2.1805134962422468,2.2129794011946884,2.207402968549711,2.2265317569385115,2.261071698763322,2.2468930582315565,2.2477827138401127,2.250547578149036,2.252025894045515,2.266091010327952,2.2449323581177048,2.2117260558218703,2.1598385493963583,2.1468469177979834,2.122981906853322,-2.61171327776436e+38,0,0,0,0,0,0,0
0.6593236707070933,0.7148861682263381,0.8193927882929755,0.8592245181562278,0.8884004588606126,0.9868501781103995,1.0112994196522969,1.0352392995781878,1.1104818978298412,1.137980980127329,1.1979576173222142,1.2466112554272655,1.3516792089827327,1.3577170924026296,1.398373931165929,1.4591841797119462,1.505143185623115,1.5297578293706295,1.5959905376878134,1.6256121648411168,1.6417582058691855,1.6955113208569914,1.7028826539530533,1.7212869340513157,1.8129159452979464,1.838694406137006,1.8653668010445885,1.878856160377188,1.9285233527218666,1.9303332315321753,1.938350293718776,1.9297549827592786,1.91980815953271,1.9096867324166669,1.8596816844514,1.7999248674614263,1.7951437699355268,0.6471492149577754,0,0,0,0,0,0,0,0,0,0,0,0
