jsons/1312768800.json
{"header": {"parameterUnit": "m", "parameterNumber": 2, "dx": 0.1, "dy": 0.5, "parameterNumberName": "Eastward wave", "la1": 40.97354507446295, "la2": 16.46031188964855, "parameterCategory": 2, "lo2": 133.9931640625001, "nx": 191, "ny": 50, "refTime": "2011-08-05 8:00:00", "lo1": 114.97908020019554}, "data":
[rows 0 to 21 of 50, columns 98 to 146 of 191]
0,0,0,0,0,0,0,0,0,0,0,0,0,0,0,0,0,0,0,0,0,0,0,0,0,0,0,0,0,0,0,0,0,0,0,0,0,0,0,0,0,0,0,0,0,0,0,0,0
0,0,0,0,0,0,0,0,0,0,0,0,0,0,0,0,0,0,0,0,0,0,0,0,0,0,0,0,0,0,0,0,0,0,0,0,0,0,0,0,0,0,0,0,0,0,0,0,0
0,0,0,0,0,0,0,0,0,0,0,0,0,0,0,0,0,0,0,0,0,0,0,0,0,0,0,0,0,0,0,0,0,0,0,0,0,0,0,0,0,0,0,0,0,0,0,0,0
1.0708007819770369,0.9158343501499724,0.8507185059581507,0.587390413200543,0.8306444330729481,0.8572744440474428,0.2205391871712442,0,0,0,0,0,0,0,0,0,0,0,0,0,0,0,0,0,0,0,0,0,0,0,0,0,0,0,0,0,0,0,0,0,0,0,0,0,0,0,0,0,0
1.7932231715550142,1.4822301764466281,1.1079390214188458,1.085267734738558,0.8428929459050707,0,0,0,0,0,0,0,0,0,0,0,0,0,0,0,0,0,0,0,0,0,0,0,0,0,0,0,0,0,0,0,0,0,0,0,0,0,0,0,0,0,0,0,0
2.7860210503727236,1.929160621570497,0,0,0,0,0,0,0,0,0,0,0,0,0,0,0,0,0,0,0,0,0,0,0,0,0,0,0,0,0,0,0,0,0,0,0,0,0,0,0,0,0,0,0,0,0,0,0
4.715856486222357,4.314068559154783,3.9338238700711203,2.6855204809346938,2.4681080463267753,0,0,0,0,0,1.6480459141141974,0,0,0,0,0,0,0,0,0,0,0,0,0,0,0,0,0,0,0,0,0,0,0,0,0,0,0,0,0,0,0,0,0,0,0,0,0,0
6.6664029668790965,6.52705261331831,6.348804762771057,5.873976296621803,5.67487258022829,5.261076701592879,4.724461612607696,4.453024418786893,4.306530388072963,3.863126231871246,3.685075649919666,3.594699710953262,3.329817082567393,3.239252769497818,3.054913266503367,2.941813911312574,2.8174218732685943,2.5662576783146696,2.014518734076425,0,0,0,0,0,0,0,0,0,0,0,0,0,0,0,0,0,0,0,0,0,0,0,0,0,0,0,0,0,0
6.600415717337595,6.542924748041242,6.445381701800678,6.166544130190523,6.03803700450902,5.867819348406648,5.451408118261551,5.328663918412492,5.004111243135394,4.648109716492613,4.375640173580917,4.260242714952392,3.935263281396668,3.6751228432640537,3.334090530062861,2.534166830755227,2.0778979453227824,-1.529503449808853,-0.10227202562516337,-0.7272267612543114,0.5145806416817165,0,0,0,0,0,0,0,0,0,0,0,0,0,0,0,0,0,0,0,0,0,0,0,0,0,0,0,0
5.866304487636239,5.807785045928493,5.771736814776233,5.60348726084092,5.518971263708634,5.352997918848651,5.006061274022867,4.862290516769754,4.706667921936229,4.421470452706902,4.174526378383212,4.045240623706414,3.5219489125566903,3.2208583295612496,3.053163355027027,2.8061472310998083,2.642546550937416,2.454082813202773,0,0,0,0,0,0,0,0,0,0,0,0,0,0,0,0,0,0,0,0,0,0,0,0,0,0,0,0,0,0,0
5.216461082041677,5.189659128883035,5.114060742669262,4.94792063683954,4.849905569583338,4.711664532498652,4.4985636815931525,4.293357608457399,4.173303113373784,3.856517502692668,3.719359121861454,3.494108072851966,3.1746268382702074,3.028546987129208,2.767599528439993,2.4492757221998334,2.300059607964804,2.15564704213524,1.625368931905166,0.5103962443138477,0,0,0,0,0,0,0,0,0,0,0,0,0,0,0,0,0,0,0,0,0,0,0,0,0,0,0,0,0
4.418685444821461,4.370416948148425,4.325518431721747,4.197738684157199,4.132340400595427,4.072008829950331,3.8373059737664033,3.6933992352792115,3.5370010822375253,3.193978897782623,3.0225655229060586,2.8438196420282327,2.5976107510110507,2.491944151971241,2.3164889510757267,2.114058843321342,1.7976787299009223,-2.0849726014651178,0,0,0,0,0,0,0,0,0,0,0,0,0,0,0,0,0,0,0,0,0,0,0,0,0,0,0,0,0,0,0
3.3721448946938373,3.323326495081692,3.303329638707216,3.2323534598050507,3.1664700804712793,3.1015284072589333,2.992148745678021,2.8754697403312686,2.784596067130681,2.5337911126919055,2.3954019003107745,2.366336170440945,2.325897765484733,2.316885493822723,2.1229034438819783,1.6208271880343943,1.4390983626544394,1.2744230738869433,0,0,0,0,0,0,0,0,0,0,0,0,0,0,0,0,0,0,0,0,0,0,0,0,0,0,0,0,0,0,0
2.9379382972123205,2.938945085475244,2.934875749722249,2.92170646037261,2.9156202795190316,2.877273517610439,2.7965096346331015,2.7364519871554918,2.6833470097092804,2.5829217891849807,2.4951736462579803,2.4487087866655597,2.354486387545227,2.325874190334671,2.2443157350481266,2.027977887840859,1.792727181867872,1.763238159700921,1.8646336910997214,2.026801814382712,1.942171616756251,1.9674286643439045,1.9721382931140652,1.9742392972021792,1.9348071918540322,1.954754178842932,1.973790513797298,1.8818242380375119,1.9240323948640512,1.9626767801479674,1.9604092344621107,1.9963337334838431,2.0136008650204857,2.0657925469115983,2.081717366645611,2.0966846151810565,2.049314353345353,2.014885629074594,2.0024290885249654,1.949684297152899,0,0,0,0,0,0,0,0,0
2.5893452837121416,2.6294094860697683,2.631480626697842,2.639183795610045,2.634134302512882,2.6228490932529573,2.597695172189101,2.5816605543394706,2.5587565455205303,2.494542883965733,2.4702289457714968,2.418871141602081,2.314569070453372,2.2686939583842256,2.1833893523097205,2.1003601823284352,2.0737281797519467,2.013246110810447,1.9677550867047002,1.9760553571955835,2.071423101333114,2.077310366770624,2.0710284410363116,2.1267895787590487,2.1271933305817115,2.136805368938062,2.1427339250690536,2.1449934554078505,2.170575590476155,2.170220075868687,2.1581893648511166,2.153932285405486,2.1437964574820807,2.13616451951069,2.112544869807997,2.098601434139353,2.058081823480947,2.0421183660610205,2.0094025686263417,1.9785554724361107,1.9618808836840858,1.9228675117170504,1.8683647175719171,1.8402502601892847,1.772688827498282,1.62625104185405,1.5531937178564101,1.5245094935937933,0
2.3180314423620785,2.401301647760779,2.386535198255359,2.3883087131064977,2.430867110918906,2.411929663468248,2.3708742017077937,2.3489565490746562,2.30672014619837,2.2542234214670103,2.222407006778406,2.1858645934484153,2.0800086985527,1.9570451168437992,1.4404053767147642,1.6957825888822606,-0.5489232186452234,-0.6437586781177531,-0.24444213911983262,0.19047563447661198,1.0547207097449074,1.1665228675272816,1.81102572299377,1.9999797309283736,2.048677292398319,2.087956678799101,2.073014760033354,2.061557447511115,2.0428116026330962,2.029261724844198,2.0282377381357697,1.9926667443181714,1.9530019328002746,1.9571133241160938,1.9713921836262562,1.9378901579546135,1.8918313251669525,1.9006559754384864,1.9093252981605027,1.884649095585414,1.845395163241233,1.8205526238788727,1.7788798058601183,1.7565769413883343,1.6685071182473006,1.5745907792492226,1.5134038680320192,1.322144229848524,1.1141364285236683
1.4010951728256045,1.601276405897193,1.679735903210177,1.7247719726443806,1.831114719011605,1.8439228578516331,1.8944333367061053,1.9396461126957594,1.9454818287688402,1.9587039252336123,2.0283635069643644,2.0338241962943298,2.0420270849490043,2.0521490471103867,2.0608332081485194,2.051882951877268,2.0765477746152365,2.0904683014896914,2.1054713143724273,2.0958043134144324,2.07122884881882,2.0403823227986546,2.008551609556395,1.9772002347907638,1.9661335095145285,1.9030342728491885,1.898831377823697,1.8736101409700656,1.86405633859077,1.855632638210103,1.8424324744852634,1.8363159333219627,1.8290098129972676,1.8217257134793219,1.7958546467321623,1.7896507201509866,1.7747451129741634,1.7700730734077106,1.756657598253294,1.7381634734409819,1.734032650105474,1.729918165528736,1.6991109326556535,1.6784480744134465,1.645227494110772,1.5889380126626476,1.5435264428079398,1.5431001593729505,1.4467239004359946
0.9526289395160703,1.1523387284957525,1.2298684272164213,1.309372150464594,1.4153138648448333,1.433500848361652,1.48134942453239,1.5506505245877193,1.582768704464667,1.6153877975270747,1.6659522124933965,1.6835263843782469,1.6971863578950448,1.7143302525271051,1.7266139215509746,1.7391884662983046,1.7561134175531716,1.7588008318829749,1.7769920590275057,1.782929475161326,1.7910770397899216,1.791363592747039,1.767275673174792,1.752531944154885,1.7316766152880088,1.7116942638374169,1.7030283981909446,1.6990872351724668,1.6932331745347586,1.6884597955078735,1.6727265145209504,1.669852322557336,1.6638852818557621,1.6471673918265524,1.6562021990509597,1.6549458074640735,1.6546864946187412,1.64812707854151,1.6413149438192807,1.6156420299118788,1.6101782656343673,1.5992983283924451,1.601714586774521,1.6007399342700563,1.5789999668685715,1.5422219724500306,1.5313284193278613,1.519076284334808,1.49476314490335
0.6722231581196951,0.9235651322332975,0.9855562220217455,1.089504504447309,1.2009686117261014,1.2315745418974566,1.2646458658535051,1.3329545960677018,1.361473749468579,1.3686410471566177,1.4282160093685654,1.4405055391928827,1.4609334487500696,1.469178739487168,1.4990109739720339,1.5186807286185036,1.5386085534681955,1.5516021307992818,1.5789013936819414,1.5943518196574056,1.605465613474305,1.6251210621343826,1.6261172759324518,1.6311029212135222,1.6236036999134378,1.6076703273356414,1.5975579694457793,1.5944851196061651,1.5975160232328618,1.59744035840441,1.5891148036082887,1.593648165406621,1.5931698633495728,1.6036663961128539,1.6043938078481201,1.5939739793661751,1.5778006916229284,1.5946678937403442,1.5816589378404995,1.552311215059348,1.5444140743038437,1.540967352784747,1.522268715173932,1.508921809126341,1.4935322116768848,1.465906537511013,1.4554667364170402,1.4461822623029965,1.4230225820490934
0.5284061543573036,0.8122614799880967,0.9414765684794772,1.0277120383211433,1.1218477697250413,1.1259020330920613,1.170038721003284,1.2453448238092295,1.2729654678400113,1.315417715921759,1.3573446951757537,1.3707447405694275,1.3568388458854184,1.3757047485954592,1.4044423259971481,1.4228095399743117,1.4370040010378056,1.4516999903366603,1.4911916891341161,1.508203464956325,1.5244387615621016,1.535703591695846,1.5372969744566012,1.5532532669385497,1.5378239409362955,1.5635261008569838,1.5624920569000769,1.5674442911780522,1.5730506260292516,1.571972614992241,1.564643518955698,1.5528514563130082,1.540585981402393,1.5435755779034153,1.556875705740566,1.5450067862452896,1.5357019039350408,1.5482317245281272,1.5450814102727644,1.5408821493312763,1.5429111984663026,1.5420832686544272,1.5320536078073907,1.5270401433615168,1.505384009008559,1.4746020005748606,1.4594555126151676,1.4418802333958456,1.4309258448628626
0.6264966623691699,0.8734986928531472,0.9877716557514549,1.0866720466318265,1.2219402519246971,1.2770579548893792,1.3038669694041023,1.3588312721904232,1.3716902046804804,1.3740035946138995,1.3882166525042374,1.3887769231657245,1.3985064452731537,1.4023685449392214,1.4052331727841851,1.4175982527369024,1.4263153768888492,1.4280466404693675,1.4544776904858931,1.4674752727797722,1.4801382274670514,1.4811420248815412,1.493089731552032,1.5015387947625076,1.5025983120479982,1.517236343959285,1.5296679822775003,1.5391935853499579,1.5517854956417179,1.5557046669488461,1.5516558324311893,1.5464766041984694,1.5439957976551397,1.5274210773552146,1.524381146160687,1.5167535352038262,1.5248113370193923,1.5273922163291151,1.5250265922820825,1.5141316005217769,1.5114472714992393,1.5106173163854641,1.4926517450318229,1.4887496666573676,1.4789173637721684,1.4719366574893642,1.4726342475320922,1.4643428123331483,1.452644545867713
0.6478596011693962,0.9307765202700219,1.0456513924234256,1.171955628105983,1.2261037187078614,1.2679423356017343,1.290200721170053,1.3632470197726585,1.351116420835529,1.3626928689305184,1.3626843955372843,1.3715865822283373,1.387992552542441,1.398395915288363,1.4115995620780921,1.417370202499047,1.415859598225484,1.4208909039145894,1.451598181221766,1.4613611666523734,1.4604909288675174,1.4707069184073196,1.4817423736672468,1.49673131884916,1.4871751731694673,1.4976262100001767,1.4989797201045858,1.504210767428361,1.5173669904729168,1.519990169985531,1.517705889617025,1.5184945134258836,1.515154193144458,1.5114130790387226,1.518600130155966,1.5116560960861434,1.50453022784067,1.5131028927638142,1.5059908074020665,1.504014321361373,1.4869087760381612,1.4716026561224949,1.456541374180639,1.454201264982458,1.4623220999158688,1.4627007247703605,1.4648723757626758,1.4482260982695836,1.440936395130336
