jsons/1312884000.json
{"header": {"parameterUnit": "m", "parameterNumber": 2, "dx": 0.1, "dy": 0.5, "parameterNumberName": "Eastward wave", "la1": 40.97354507446295, "la2": 16.46031188964855, "parameterCategory": 2, "lo2": 133.9931640625001, "nx": 191, "ny": 50, "refTime": "2011-08-05 8:00:00", "lo1": 114.97908020019554}, "data":
[rows 0 to 21 of 50, columns 49 to 97 of 191]
0,0,0,0,0,0,0,0,0,0,0,0,0,0,0,0,0,0,0,0,0,0,0,0,0,0,0,0,0,0,0,0,0,0,0,0,0,0,0,0,0,0,0,0,0,0,0,0,0
0,0,0,0,0,0,0,0,-0.047646185831444664,-0.07332972021430839,-0.06385662323520838,-0.059909900526251066,-0.0474703146415446,-0.048945065705813744,-0.04899580763214068,-0.04889243304420167,-0.047736192726982096,-0.04877073747460815,-0.05337824514282845,-0.05487096828686217,-0.05603087274908468,-0.06019250758984142,-0.07546243908455401,-0.03757267533317025,0,0,0,0,0,0,0,0,0,0,0,0,0,0,0,0,0,0,0,0,0,0,0,0,0
-0.15580712691421855,0.056601187618255736,-0.019165423225818226,-0.0467917336340507,-0.08076406671551321,-0.15204326938619814,-0.16578215737204005,-0.15618953309668313,-0.15485528423275832,-0.131950913583741,-0.11648238722731395,-0.11659243123606021,-0.11047319643954356,-0.10729321739814864,-0.10025430743251597,-0.09724372099518845,-0.09848882787926648,-0.0968125570035032,-0.1058040066602905,-0.1259060905248821,0,0,0,0,0,0,0,0,0,0,0,0,0,0,0,0,0,0,0,0,0,0,0,0,0,0,0,0,0
-0.045948458656155315,-0.08308411702634542,-0.21322013733267253,-0.25740133306610885,-0.2645307618356212,-0.1799956742161118,-0.14208537910430008,-0.12892187572027633,-0.12957173263972277,-0.11950061048286464,-0.11470139035551447,-0.10540453124677691,-0.1187718271086057,-0.12018725618826762,-0.1107219001799081,0.15119297152505076,-0.01659969544504664,0.1377872536722286,0,0,0,0,0,0,0,0,-1.4913599649255331e+38,0.08899953916324665,0.053806189461576205,0.013502561775238073,0.034332351514070665,0.024057589073750673,0.012335540290488865,-0.005875623410705499,-0.018219329911290563,-0.02291899644619501,-0.013430631127487208,0.024828467678503673,0.0783334570085759,0.16094110174368587,0.30786859662896654,0.3513519834029755,0.34412376912663706,0.3516507738992526,0.3674554650531223,0.36132240319357045,0.357330331846093,0.3563966144330813,0.33859783459867204
-0.12517574911322382,-0.13183321065515927,-0.12344065804465572,-0.12072579204555485,-0.11347655910401451,-0.19000859844139667,-0.26204383586956875,-0.262151685140253,-0.09955308735689512,0.275620934780974,0.3440544293059299,0.07938717065476994,-0.25911027884581156,-0.29646199781395494,-0.23775308666972905,-0.2853006254485895,-0.3121173121882431,-0.21669785417454018,0.07764254283099398,0.21095483791844336,-0.46487719254503723,-0.03928594982761137,-0.08445941274736089,-0.1448844867322658,-0.237310692180069,-0.28664166773131117,-0.31840384924015336,-0.3511466616915498,-0.35620179648450495,-0.36048496980933536,-0.37695163673669574,-0.3997072451992767,-0.3986989782074017,-0.4017227355268761,-0.39075428647710636,-0.3650225104398983,-0.32448783975261664,-0.18884742225301795,-0.12878707483023671,0.02327245998880883,0.2786364220319388,0.416017557640905,0.44123942832704643,0.4532275600439304,0.4675384553854783,0.4610846151610712,0.4594432968702382,0.4412255389952383,0.39834491425503427
-0.32404063837267927,-0.3428212388132749,-0.3459882514238883,-0.33708223371902235,-0.35973750276083766,-0.36280741240144626,-0.371802965553376,-0.38101411294652143,-0.4011849768311017,-0.40189868888808855,-0.40833376677694516,-0.40802309173772483,-0.41704977880668487,-0.4165533849692441,-0.4321837932411677,-0.4384633906527697,-0.4584140359981955,-0.4806596191238786,-0.5234638983321231,-0.5134997835104675,-0.5173411411191957,-0.5750544260519953,-0.5800373088695306,-0.590885963203928,-0.5899613514775303,-0.5960048974572724,-0.5792520768481974,-0.5783656183368886,-0.5821779850266736,-0.5750768500902754,-0.5787218801526441,-0.5752058764751995,-0.5674223545061707,-0.5521815198529637,-0.5346772600718176,-0.5097335209049157,-0.4888456662855448,-0.3003712705442549,-0.13078538085975974,0.14489230830427824,0.4786658129543231,0.532340788408083,0.5405734564615637,0.5483866861243163,0.5485679690639934,0.5352559026520903,0.524385603697886,0.5074183214790876,0.443764414910767
-0.47177229841624474,-0.49281529477564806,-0.5153060697320361,-0.5277600257142575,-0.5536504667873222,-0.5541257623785448,-0.5551913059817223,-0.5712089146767124,-0.572265703997077,-0.5750686044537409,-0.5836487554737395,-0.585802749221098,-0.588699443639917,-0.6001866161826256,-0.6115934531941737,-0.6294713604850249,-0.6362084526870954,-0.650383170680142,-0.6641454420508074,-0.6635214767498934,-0.664763346131468,-0.6718062348180766,-0.668047889180755,-0.6624000716577358,-0.664326614125925,-0.66151779143623,-0.6502317298388675,-0.6546779331509275,-0.6600614907033507,-0.6502520286155606,-0.6471468907378961,-0.6429139518810819,-0.6339933695578218,-0.6301663524514337,-0.6162333604826834,-0.6086499015767011,-0.5930007255124554,-0.2892888104688541,0.49416980076086164,0.5804824810312886,0.5388293680753554,0.545610602394026,0.5557420805715756,0.5596994089994872,0.5609373039500174,0.5653552157576597,0.5584007007855248,0.5566414002010323,0.5242342274644184
-0.4074633313115263,-0.37727428149408826,3.3412425464369928e+38,0,0,0,0,0,0,0,0,0,0,0,0,0,0,-0.5658534963537726,-0.5761079922506162,-0.5714109008559819,3.3955395381317738e+38,0,0,0,-0.5748776307676545,-0.6021858413769698,-0.596409220427701,-0.6125231865809382,-0.6445703003227071,-0.6656222604096067,-0.6737740989296719,-0.6638810132034249,-0.6413544578097119,-0.6250709847580321,-0.5759642242975266,-0.5304618414943495,-0.5456274268598454,-0.5417704320605179,0.5914830341366786,0.5189344924474931,0.4554785840555271,0.5074988102187201,0.5407973062253618,0.5664812275610387,0.5820210100303322,0.583170247635089,0.5871589260617595,0.5962260077151247,0.5993516090131941
0,0,0,0,0,0,0,0,0,0,0,0,0,0,0,0,0,0,0,0,0,0,-3.3988729467732633e+38,-3.4014591230915585e+38,0,0,0,-0.3396033569093183,-0.5223438979761421,-0.6033109492712059,-0.6388094717656949,-0.6345993683665213,-0.6233101831929836,-0.5956566258528871,-0.4893204533210819,-0.42901273224197506,-0.39691719228812067,-0.3818986589525904,-0.10862969172112477,0.6036394141506621,0.36293998206122463,0.42295643294271873,0.48322396243532423,0.49597106697069715,0.5334171049256293,0.5487809468960715,0.5572803241772849,0.5755324096711089,0.5636874691272614
0,0,0,0,0,0,0,0,0,-0.1818992706961571,0.1800741500618822,0.20271303111078576,0.19923895941081038,0.21188263077338437,0.1993120937985396,0.08840198548672427,-0.038478099821803634,-0.31008637907297176,-0.33569178752460194,-0.3507093669321823,-0.4413186160603109,-0.450836991135935,-0.45847955215234953,-0.4947699911783679,-0.5164735724826642,-0.548553584042179,-0.5909970331444012,-0.6056953913961554,-0.6177188439614717,-0.6296368898308359,-0.6341312161104865,-0.6080401746619818,-0.578436569420994,-0.5484727795249319,-0.42575012005506596,-0.3137351032894256,-0.46463917957265366,-0.5215326584681244,0.5965033742173194,0.4753970686178352,0.45748040152663294,0.5057227226805201,0.5360709215264986,0.5898721805187989,0.5700248846238617,0.566351420425586,0.5609302534366934,0.5706086479345214,0.5613973951213799
0,0,0,0.13612707080524236,0.14247069772987744,0.12801123933922415,0.0931798205882461,0.08207335632173852,0.022082574594376927,-0.04444598776609801,-0.14626634389449567,-0.2757304714700438,-0.31315080646821636,-0.366065653578941,-0.42962540346437356,-0.4604868742614518,-0.4885771378744657,-0.5141692292176864,-0.5301552494117295,-0.5391394111472722,-0.5593465485290015,-0.5747206489009935,-0.5844970572574132,-0.6019681216819056,-0.6094041593919631,-0.6074927419977733,-0.6144214969364072,-0.6136675135562654,-0.5841911124970075,-0.5767684618422336,-0.5618920672484534,-0.5041196312600894,-0.43808309869646317,-0.4097170881427562,-0.3247391488980609,-0.5408318118185899,-0.36699724533291667,0.6385740305337757,0.4620757592374621,0.31434215013178374,0.41072131348810254,0.44208300381637944,0.4699249921691247,0.5083795201250421,0.5299855382307193,0.5385502951958627,0.5400430439034853,0.5366574463443002,0.5412318600771431
-0.061797166878542496,-0.08666822028583468,-0.1546136194121922,-0.19814474783431074,-0.22079929687551758,-0.26862209426887496,-0.2972742749050675,-0.3281122785901373,-0.362673331803761,-0.41678905734346494,-0.4496582722490478,-0.48114417624778244,-0.5130868197756708,-0.5252485073375049,-0.5404480655289104,-0.553089946785446,-0.5629236843978909,-0.5739681255956599,-0.5845923910135625,-0.5931624124934273,-0.6123708020818954,-0.6132771580985334,-0.6214625765832968,-0.6189513466167224,-0.6177363061539431,-0.6014429611482558,-0.5867380037114118,-0.5634922814353557,-0.48176736164166295,-0.46742542094590966,-0.43832380795864573,-0.3966639738811799,-0.3726325519259784,-0.33433318484934255,-0.3140955763083604,-0.4341579877533626,-0.646666356112153,0.47453332134009196,0.18292269931759075,0.2534452245521513,0.44226693425863667,0.4823166588536088,0.48782845490212395,0.5107652490382901,0.54596126711121,0.5449454515807256,0.5445825699252961,0.5383570444978284,0.5428009564130615
-0.30593993560610433,-0.32237505895001156,-0.3621812393532838,-0.3847923387455214,-0.40349111810239463,-0.4326334383090348,-0.45400037016546574,-0.47186497809647937,-0.48687803586854755,-0.5056662273674998,-0.5236994164643265,-0.5344314436549497,-0.5500825948373596,-0.5626369828969426,-0.5690419150254886,-0.5720566686866465,-0.5847863962917025,-0.5966518989929658,-0.6075897905574291,-0.6122844317379457,-0.6213423122509715,-0.6110761515403865,-0.6067968941648321,-0.6024789883930899,-0.5889454056247508,-0.554650269317983,-0.5493093255198197,-0.5411436132411982,-0.48476490359184793,-0.45844771750471314,-0.4408840497050486,-0.35787997208059263,-0.3375059322682591,-0.3028395092251718,-0.15057331944820124,-0.3397198271461573,-0.365892258249916,0.577255815457844,0.22702949184806784,0.22354189403947797,0.34600361777601063,0.40307157606987604,0.42903432542992237,0.44422110164591344,0.49726314235002755,0.5269491086689061,0.5328831308624972,0.5365997664386211,0.5417425090834707
-0.3064837757121024,-0.31839212264062844,-0.3251704981880938,-0.35227571228140975,-0.39011207571663725,-0.4115466319934195,-0.4239531538010497,-0.43734618006106807,-0.4461360981093992,-0.4617776718893083,-0.4801613851771312,-0.4897032923110549,-0.5033246547251248,-0.517558276453895,-0.5240284590685103,-0.5349425738834277,-0.5491615150907989,-0.5791768784486797,-0.5959904572612728,-0.6114929968500422,-0.6275992346714386,-0.6333867748426635,-0.6288089788378945,-0.62603210141104,-0.6162416593164025,-0.5825370780355388,-0.5671652640349024,-0.5321493610782291,-0.502558452379655,-0.4765332297239373,-0.45865572330123827,-0.41968929964941637,-0.39790039455591475,-0.3689803674327539,-0.2558536022684778,-0.20995572992825887,-0.1050517336586991,-0.5789539582226411,-0.6528025851381085,0.6839215122371478,0.2550861036970563,0.3145497009926023,0.36465865932577995,0.4072881084785409,0.47432325589958385,0.5041054075759988,0.5214735088297745,0.5307334502364592,0.5418212175787614
0,0,0,0,0,0,-0.30039106664141885,-0.36317142055609825,-0.3921361463058126,-0.42191238312853657,-0.4380867485485941,-0.44843105691998664,-0.4622078857988514,-0.4805595488310645,-0.495359747270041,-0.5231082394018097,-0.5345089502803334,-0.5488865383286181,-0.5658232729580365,-0.5784197888625745,-0.598423851642544,-0.6001754821018459,-0.5994285050948777,-0.5990257353829072,-0.5936324773315934,-0.5813374589733948,-0.5847981014003664,-0.5731912120722069,-0.5579576078550648,-0.5426514529258832,-0.5308767799999852,-0.4948262267342275,-0.4739138156000258,-0.43955832893750146,-0.3732971888405267,-0.35092301559798766,-0.3080655021329138,-0.3146288824870427,-0.5388979055718748,-0.07206364048487544,0.5149283581978761,0.41433990189445286,0.31682748410279366,0.4323433451055181,0.5338241882422547,0.5213907900399251,0.5334295076490279,0.579901957127881,0.5877518220190201
0,0,0,0,0,0,0,0,-0.27833984932536854,-0.34786927181537897,-0.3929226776417332,-0.39860084686135694,-0.39358755457070344,-0.403322983280078,-0.4124862827581177,-0.4368397622777997,-0.46470127573775816,-0.49929256428174246,-0.5247964010420845,-0.5402653712852346,-0.5606124061922246,-0.5768577297242783,-0.5884448085805286,-0.6032465562449232,-0.6067390199217552,-0.6091517149577086,-0.6086988127195404,-0.6092400569242791,-0.5994527738427641,-0.6067938940056633,-0.5996024269742151,-0.5784897806581962,-0.5612576209386458,-0.5433266762652585,-0.4647977294869042,-0.42388005994531835,-0.39577006108277457,-0.26806687353908876,-0.22239421686234273,-0.2388720972049739,-0.7135532668510143,0.5604350888650644,0.3919500055098088,0.44387119414329607,0.33731903345250375,0.374908597284211,0.4063198243227051,0.4727087282944378,0.4839731283280306
0,0,0,0,0,0,0,0,0,0,0,0,-0.15532583262872812,-0.1125033702603041,-0.14734976443552236,-0.22427052851521836,-0.2759095362248707,-0.352016075175811,-0.4067583549332376,-0.4372040160481521,-0.47034559977410306,-0.4960040953045164,-0.5034492611095945,-0.5157902849172374,-0.5278687587390923,-0.548941271622497,-0.5719148258367504,-0.5873154649270247,-0.6018091657528749,-0.6155691016372392,-0.622065054598482,-0.6205428399188869,-0.6204072451961102,-0.6180922342188516,-0.5769354769208749,-0.5728272336565368,-0.5164725123595386,-0.39403604939410625,-0.3567909854364393,-0.3068317650715759,-0.19177452639612466,-0.2513386107915251,-0.6345761063401149,-0.7035039390528597,0.3735752794659286,0.14641300945598384,0.20674585978596743,0.3229776041006514,0.3707721917638623
0,0,0,0,0,0,0,0,0,0,0,0,0,0,-0.17223279218757975,-0.0685535941372335,-0.23878753913126227,-0.28421277249518184,-0.3260405051391095,-0.349669824958842,-0.37081538258353564,-0.39179058626051605,-0.39793629625657967,-0.4198523244504932,-0.43668529763627023,-0.4505617755794125,-0.464868785734977,-0.4653896436736817,-0.4881271170834395,-0.5186661658703482,-0.5346911278567382,-0.5603330297447923,-0.5791580008835452,-0.586538323670754,-0.6077110480017439,-0.627053913624978,-0.6465947660088657,-0.6561443762097167,-0.6561174198250728,-0.6195171540482481,-0.316697325656722,-0.4287001742552464,-0.5000352364588521,0.1386854149159135,0.44945719838582215,0.401735639144211,0.4492461985090019,0.5267790068404355,0.530159767412756
0,0,0,0,0,-0.0011250051668021497,0,0,0,0.005055968371171915,0,0,0,0,0,0,0,0,0,0,-0.1712611903426221,-0.2616131059390083,-0.27177665971486786,-0.28498848614351174,-0.27918551182201334,-0.2705062519964034,-0.2730570287514322,-0.28635673349368346,-0.3056265938396015,-0.3339949821768807,-0.36307531705669827,-0.4100545295575427,-0.43409406406828804,-0.4546101583371481,-0.42945930986455766,-0.4317913545942504,-0.42513079891951344,-0.4753300951701147,-0.5167716717523986,-0.5393230860115694,-0.4098226807268384,0.020226701293230127,0.5715865501767553,0.6666554572551657,0.6615922848208494,0.6782188533232375,0.6935029518726704,0.6887395828168513,0.6834960432774729
0,0,0,0,0,0,0,0,0,0,0,0,0,0,0,0,-1.8011370008511917e+38,0.0007452165540084618,0.025140825479678178,0.038123366437865305,0.044608945234545484,-0.017762994922938896,-0.06774442426494233,-0.13649333629243343,-0.1695894195946899,-0.19750809375306072,-0.2184752488939041,-0.23392494505035202,-0.2312930134634849,-0.24144568756587287,-0.2512936683920163,-0.28948220794746743,-0.31476974559528037,-0.3155725767073983,-0.22972496555987196,-0.19782893716661112,-0.21482347289619982,-0.20746124514896946,-0.13445746825666713,-0.0561859476981114,0.13558408753916776,0.17349013062518445,0.3875366042773377,0.5630941079758185,0.6966539309574449,0.7111434772684586,0.7154446383490047,0.7040935897019768,0.7201371036087971
0,0,0,0,0,0,0,0,0,0,0,0,0,0,0,0,0,0,0,0,0,0.03763919390937585,0.020062380266176866,-0.021699808415795788,-0.08301856362339077,-0.16113281921173464,-0.20058426104560034,-0.1948470068750813,-0.18725516841750914,-0.18898524902162253,-0.18123792606971503,-0.13588088914166152,-0.1253014637523299,-0.12507622580505867,-0.042410601284955544,0.008859624229741687,0.056559809757975615,0.10593778587159142,0.1470026872926828,0.18824375176108987,0.31476173082692643,0.38094399315700456,0.4360300852532952,0.5071444974900653,0.5917476175889327,0.6095420409736991,0.6165947752605161,0.6684125010078853,0.6756726187282404
0,0,0,0,0,0,0,0,0,0,0,-0.02103670907769015,-0.024808099868154927,-0.026602409398511714,-0.02470250476323769,-0.022884244560312652,-0.023779703628025055,-0.030881337813173926,-0.035875225130131,-0.04222497959286189,-0.039133761884755675,-0.11383189826320918,-0.15201081777973569,-0.19483022306295922,-0.11674805186706178,-0.08610828219063066,-0.05357070645215386,-0.05313200288315478,0.019281370357214438,0.011943830089358731,-0.02786309935745209,0.0029889827210379683,-0.010143315079060685,0.020638716342369856,0.018128773280400162,0.06506430150294185,0.14022017573160306,0.254458972956699,0.347921725538602,0.393651823723334,0.37190672596045304,0.3329783316713752,0.42358360700062603,0.44599813113996994,0.49387551668545265,0.5304595282041658,0.5602873727189269,0.6256471512588734,0.6599396646659593
