jsons/1312887600.json
{"header": {"parameterUnit": "m", "parameterNumber": 2, "dx": 0.1, "dy": 0.5, "parameterNumberName": "Eastward wave", "la1": 40.97354507446295, "la2": 16.46031188964855, "parameterCategory": 2, "lo2": 133.9931640625001, "nx": 191, "ny": 50, "refTime": "2011-08-05 8:00:00", "lo1": 114.97908020019554}, "data":
[rows 0 to 21 of 50, columns 49 to 97 of 191]
0,0,0,0,0,0,0,0,0,0,0,0,0,0,0,0,0,0,0,0,0,0,0,0,0,0,0,0,0,0,0,0,0,0,0,0,0,0,0,0,0,0,0,0,0,0,0,0,0
0,0,0,0,0,0,0,0,-0.04499115843073538,-0.06587113457855673,-0.053559569876926276,-0.04982059865193475,-0.037570534925168805,-0.039883429034909,-0.04219390466304163,-0.04137557753944283,-0.03998780887459567,-0.04009469091676871,-0.04437263970764394,-0.046360162873957736,-0.047760057547291256,-0.053160713447187584,-0.06845949536601362,-0.03297067778583216,0,0,0,0,0,0,0,0,0,0,0,0,0,0,0,0,0,0,0,0,0,0,0,0,0
-0.15241015461121363,0.0803314152609922,0.06219880149487952,0.008071392241163112,-0.036380940366243696,-0.1428342848943996,-0.157530047985373,-0.1382388921109411,-0.13918876905334174,-0.11366547971494884,-0.09807673255680874,-0.09873781599909169,-0.09320558168854086,-0.09118635159533899,-0.08599887740091887,-0.08495900409312507,-0.08642693973603542,-0.08638677671609614,-0.09723369651694236,-0.1186555753979649,0,0,0,0,0,0,0,0,0,0,0,0,0,0,0,0,0,0,0,0,0,0,0,0,0,0,0,0,0
-0.005963862949457132,-0.034644703912419965,-0.13227459701473307,-0.21923150470812613,-0.17813565227678332,-0.2281436821227718,-0.12305843375990158,-0.14280630786597842,-0.11648536212844078,-0.09037320689668718,-0.08792474653826651,-0.08146582712099001,-0.09874274743442416,-0.10178088009135206,-0.09577235769131195,0.15169109210087406,0.03862896282557391,0.15657034153331503,0,0,0,0,0,0,0,0,-1.5226721995966604e+38,0.08704222434910437,0.05632146632277864,0.019583617254775663,0.03840867427922037,0.02956461579735137,0.020289555129256634,0.0035862267570774277,-0.004138955464531212,0.00027983013208050426,0.007748658670974908,0.024684613277534163,0.08244485539454731,0.16606940450597837,0.3007024316113473,0.3390086954358442,0.3304665872053432,0.33367711395398253,0.34672128971849286,0.34124877111472585,0.33782657338033784,0.33684054742729835,0.3190168019363681
-0.0916252722859364,-0.09871983883899842,-0.08478251552288965,-0.08279783163138753,-0.06717033356906517,0.005482284698826687,0.13811937010369413,0.19790129053633118,0.2387785007535739,0.4266571671102878,0.3620150387498314,0.090193585286282,-0.240219653356152,-0.28056254636987354,-0.223715317189053,-0.27272567970458533,-0.2987918419026718,-0.16725131816396818,0.1123367637866371,0.2081964443112429,-0.43863702721376785,-0.03126746192306323,-0.07509102154826977,-0.13377581558010088,-0.22308543258603777,-0.2681215893203278,-0.2946928724025296,-0.32220729962982014,-0.33232279543899423,-0.33888812425406534,-0.3543567939502449,-0.383344687683814,-0.3825516590195215,-0.3794627329767727,-0.3637053294213202,-0.3347295106482313,-0.2920590198619401,-0.14903217732011934,-0.08238022003040414,0.05692201710381006,0.284772130622657,0.39541843344688177,0.41516774893256386,0.42669032073449475,0.44122252752097757,0.4351430594729758,0.43360279566854476,0.41512801367704455,0.3736031231700034
-0.3073788397325714,-0.32328039236270967,-0.32774281451472387,-0.3209549562774956,-0.34294514671583765,-0.3454304399293491,-0.3516228186819486,-0.3587987997736765,-0.3787846740322168,-0.37598074062104914,-0.37981056596631346,-0.3801522532978564,-0.39083548874369534,-0.39127122099962885,-0.40709118340116596,-0.4140253198455995,-0.4325987448969176,-0.4552864548880617,-0.5058588167161353,-0.49356568416187974,-0.4960481029353834,-0.5490508644938922,-0.5553328430817704,-0.5597061871112127,-0.5579194289416577,-0.564016016535509,-0.5465063307806851,-0.5454993614202708,-0.5491408972149538,-0.5420301352871426,-0.5449282742765649,-0.5419343639453111,-0.5335658100580616,-0.516205195309298,-0.4989607890328063,-0.47630819165429045,-0.45648749569301805,-0.2499011098235566,-0.08136948874017585,0.1854717012331106,0.459510707537228,0.5023005246900829,0.5116936839040962,0.518478113794934,0.5195539740959979,0.5075392197581654,0.4962236429157008,0.4807787789775045,0.4192551827617428
-0.4527020854226525,-0.47291631636962655,-0.4957964263211946,-0.5068538308904357,-0.5305611231392716,-0.5315259646884553,-0.5328818059385207,-0.5470144617577214,-0.5480535223896013,-0.551232942001688,-0.5582648570221649,-0.560687554592994,-0.5615217129575679,-0.5707923826819787,-0.5819445381367552,-0.5966482458380149,-0.6028240564994305,-0.6148393504277418,-0.63138290269291,-0.6316596550176147,-0.6296736364110642,-0.6345806432304486,-0.6287886620157717,-0.6231551888824082,-0.6241930062004207,-0.6213500498972775,-0.6120018824881667,-0.6167232169346865,-0.6214492928691725,-0.6133056975196768,-0.6101719981307242,-0.606270014169045,-0.5979511873381017,-0.5939671741340944,-0.5777262682886706,-0.5686387895100441,-0.5485221598275999,-0.3230267319867544,0.4385169772367832,0.5573444491808315,0.5194651478850683,0.5248454513416284,0.532770293859999,0.5358676583837458,0.5342471195569097,0.5359894072065443,0.5316179331896856,0.5329207967346982,0.5026610579212362
-0.3971400794107358,-0.3664339968793845,3.343798663300457e+38,0,0,0,0,0,0,0,0,0,0,0,0,0,0,-0.5382098084679304,-0.5455141612888343,-0.5405589619649728,3.3935316305060985e+38,0,0,0,-0.5440172046093624,-0.5686654754619104,-0.5637804238888028,-0.5805871744113258,-0.6105564643969345,-0.6302524649996664,-0.6392809470785521,-0.6274032912063862,-0.6047885952157248,-0.5875545657090729,-0.5374778421434101,-0.48524126304359055,-0.5009942780600003,-0.5363137507529996,0.5465783346645635,0.5145587636528964,0.4510679881127117,0.49905453933189975,0.5251412671821164,0.5450185442937595,0.5590527559521596,0.5587614336648246,0.5619280420736298,0.5698868029294354,0.5720835768790198
0,0,0,0,0,0,0,0,0,0,0,0,0,0,0,0,0,0,0,0,0,0,-3.4027639466433566e+38,-3.397757392044364e+38,0,0,0,-0.3071588315039437,-0.4921758411425404,-0.5721939282067019,-0.6069750942089785,-0.6019350287289352,-0.590234078565935,-0.5610800485674898,-0.4487281152693968,-0.3806591106382074,-0.3376764206083154,-0.31701120081380524,-0.1507822462735663,0.5880396295279636,0.38254564895139503,0.4273693155848204,0.47570230017538456,0.48678943263408486,0.517531092727231,0.5304906660340438,0.5377827126870729,0.5549829581289312,0.540561496167837
0,0,0,0,0,0,0,0,0,-0.17966683778589887,0.17723353908105863,0.1977005722244697,0.19731947562452565,0.2128364669136006,0.22716154956597037,0.17925819303343504,0.07339857594931785,-0.16445151434973346,-0.23503906058350288,-0.2606228921853499,-0.38826243485201883,-0.4070762196119529,-0.4215331169543955,-0.4647465222498296,-0.48830206247727126,-0.5220864291769418,-0.5641846856276174,-0.5785469330356343,-0.5913886127883294,-0.6030328513238286,-0.6073273919775674,-0.5782491644294022,-0.5483850662478529,-0.5166704583578354,-0.46021651895425264,-0.3827728164481338,-0.6248736752696723,0.5430598358365412,0.46742645111485126,0.4114655191303492,0.47708932822518735,0.505589065096176,0.5272626307812314,0.5664917748577242,0.5446182257254796,0.5452552714423476,0.5441041959661578,0.5538527039953938,0.5449996670147409
0,0,0,0.1345754187907308,0.141159994353224,0.13202909974564192,0.10391121406647111,0.09807267502568605,0.04048702172880883,-0.010355075634673328,-0.09994183649048327,-0.21618057598840745,-0.26133316568582177,-0.3110199408312026,-0.38133478400190685,-0.41570769238844096,-0.45758686847497965,-0.4866059983351356,-0.5078540571639678,-0.5182689880026788,-0.5364829004653797,-0.5523403225026967,-0.5625956198486536,-0.5806384548467698,-0.5888016345727853,-0.588609963117585,-0.5964665363282781,-0.596404788350566,-0.5593201660798186,-0.5549851494345756,-0.5425506258018022,-0.47725218577665196,-0.40241549228619244,-0.37159086806844566,-0.295461260497123,-0.5015606749704941,-0.3539122480660043,0.5891394365614507,0.39903307377669367,0.34040133958762886,0.4176019739327818,0.44728183007437505,0.4718099071043864,0.5033341273985706,0.523297043864358,0.5323634332141822,0.5333363713579766,0.5316663424629297,0.5287412355899415
-0.05609199958410762,-0.07166980815577749,-0.13221921726618296,-0.1734853950461091,-0.19476444842310592,-0.23568242610053977,-0.2677241701055491,-0.2966127906283864,-0.33110153404890336,-0.3906783027452211,-0.4200125241345169,-0.4529591439650434,-0.4809958387056566,-0.49804790922544667,-0.5135835374731667,-0.5317079154037382,-0.5413768746384238,-0.5533308165928823,-0.5660660743276879,-0.575177317736114,-0.5948959693962329,-0.5967163632819404,-0.604246951182587,-0.6025615485949699,-0.6017287834443419,-0.5888961629806486,-0.5785148743628057,-0.5584774459070084,-0.470446405035422,-0.4522458020955895,-0.4232672310003595,-0.3776566913188858,-0.35146500028821454,-0.3047171367066903,-0.2625286562760119,-0.38791216093457814,-0.6353075530681324,0.4974346347230711,0.24065594816694572,0.29976996362411823,0.45872819321849684,0.492365183767143,0.5044083782447848,0.5222795471261834,0.5463055529854316,0.5469093850130289,0.5441725855765664,0.5362462254101678,0.5401573756408791
-0.2840604623337251,-0.3000588191590099,-0.34091623010608124,-0.363158492499921,-0.38120529514478424,-0.4108067666819957,-0.42973433467077055,-0.4485683964190307,-0.46093422915516424,-0.4775837027936155,-0.49406502655836554,-0.5070219839261935,-0.5227692229057322,-0.5354256976282716,-0.5414605178097878,-0.5473370890124553,-0.5609439034112335,-0.5737831758179996,-0.585660996894797,-0.5926236235262295,-0.6039192292109415,-0.5974913076387691,-0.5948418930110508,-0.5918372263028526,-0.5798328050000497,-0.547899396433857,-0.5400491469405991,-0.5321058996265874,-0.4751401975247854,-0.44980985733698603,-0.43432585905379306,-0.33432031059533474,-0.3115847864232712,-0.27494413593591505,-0.25502486787713563,-0.5680492842864385,-0.4580022232194031,0.4329816819179512,0.2799724343882703,0.2747451897412507,0.38597554087405617,0.434934935460189,0.45672760534062984,0.46900752604603085,0.5160827492078505,0.5382721500900652,0.5389379177610341,0.5374228913213696,0.5451056678376159
-0.29915309926784833,-0.3088355741060811,-0.31300307539018635,-0.3377838765391506,-0.37186257891691954,-0.3920765390562311,-0.40506009611928256,-0.41710677998497636,-0.4257431687737329,-0.4412853286272548,-0.4573471186719984,-0.4660347840977342,-0.4799548611427809,-0.4925372381159059,-0.49931488171785454,-0.5107916103579363,-0.5249293588262625,-0.5564535708120065,-0.57318658341758,-0.5892868930358415,-0.6066344891182064,-0.6138411874630325,-0.6100102668126665,-0.6094247196970121,-0.6019708168499794,-0.5736373038897759,-0.5603690591086141,-0.5268946222143535,-0.5032609020174451,-0.47584393616608517,-0.45887735964354864,-0.41153987742893694,-0.38160063521645404,-0.34983749135417946,-0.23503044290865646,-0.23552335686442608,-0.3444208972258181,-0.1521028605693143,-0.053810014137773095,0.5610096983314866,0.2983969091994596,0.3601983229685877,0.40839067528867645,0.4342967339769348,0.49022692206953405,0.5189905971130799,0.535076725338312,0.5417400658573165,0.5485935236734596
0,0,0,0,0,0,-0.29037921981475334,-0.34876789307216205,-0.37558436688063146,-0.40329310116634526,-0.41890314447938826,-0.42991050559085053,-0.44322257014033123,-0.46028746240306667,-0.4734415206585176,-0.49957986425584633,-0.5107360187072811,-0.524696085663403,-0.5422471901630598,-0.5561165755758611,-0.5780649154191804,-0.5840972103619941,-0.5845538348534471,-0.5871814097840364,-0.5845829416646099,-0.5746353777373248,-0.5794504857909777,-0.5692011535198672,-0.5514625858901122,-0.543810303248681,-0.5343151958027955,-0.4907053109306723,-0.4699089832727923,-0.43992573144700087,-0.3684333665790526,-0.3384244270311671,-0.2946846632814897,-0.5990372401346131,-0.41553103730939855,0.05375049022399749,0.20592175152648212,0.30457274019108405,0.3631872859679237,0.4634001174359923,0.5500491345907282,0.5420557414283764,0.552358306976153,0.5877713160392734,0.5995300200660332
0,0,0,0,0,0,0,0,-0.27173149553611203,-0.33760850031420064,-0.3800778825448236,-0.38564739154043526,-0.3794355421602648,-0.38784933808473315,-0.39503764377043826,-0.418030057368248,-0.4448551967021563,-0.47790182188969593,-0.5021120793940829,-0.5178024349926973,-0.5372704404543281,-0.5536268376081638,-0.5657014841839442,-0.5827677629170447,-0.5824323872238666,-0.5939098080563936,-0.5979153579703934,-0.6007283660408689,-0.5949464090032917,-0.6030376585907451,-0.5997770785523814,-0.5828317529866773,-0.5702613779015389,-0.5519528290438543,-0.473100121855335,-0.4197638198696367,-0.38652782077303127,-0.25421249253184286,-0.3320553013643548,-0.5752310178092683,0.6963111450242877,0.533618581687058,0.3016207339551456,0.3699943524945203,0.37866867028467704,0.40906687145094583,0.4369526210252402,0.49973200618589764,0.5105925880640458
0,0,0,0,0,0,0,0,0,0,0,0,-0.1531772804768606,-0.11018414788961338,-0.14362285338586478,-0.21676065636410602,-0.2662625260344276,-0.3392952119429274,-0.39113372963864046,-0.4190899224533799,-0.4518746533491423,-0.4753512960047238,-0.4809671840127806,-0.49246144441052975,-0.5040051275980112,-0.5232905004753855,-0.5471290324271189,-0.5640276987785697,-0.5828802166844895,-0.5986344325979851,-0.6086572406659149,-0.6137264623319932,-0.6196735689015925,-0.6197684474375473,-0.5826833366720628,-0.5828538603504936,-0.530067818296199,-0.3891736330453674,-0.3500430415285866,-0.29777379585835784,-0.16558934771682884,-0.22337527645648597,-0.6060172311137618,-0.694977348003374,0.41269981911601167,0.19773701468745908,0.25532447321777674,0.3576163998487509,0.395949379840642
0,0,0,0,0,0,0,0,0,0,0,0,0,0,-0.1725952428364207,-0.050002060655818525,-0.23109529809230225,-0.274960655201029,-0.3129374311701085,-0.33364826270048714,-0.35237416076340466,-0.37069035520976584,-0.3741857285194374,-0.39448192088619405,-0.4100941291479567,-0.42001880139310765,-0.4303825723384691,-0.42959638409702,-0.44962086612400587,-0.4791910123584362,-0.4931798117283625,-0.5082814374285738,-0.5289283363440502,-0.5372710933160085,-0.5527955517047876,-0.5747954999455867,-0.5945129037921346,-0.6179487521174343,-0.6271811768303688,-0.6614907414414123,-0.4050832864013483,-0.6761970790815098,-0.6203169070009108,0.6226365557722778,0.5074643538553986,0.5139088651598066,0.5418419609753103,0.5779892089914741,0.5708323143472512
0,0,0,0,0,-0.0009701943080332743,0,0,0,0.004704909882562043,0,0,0,0,0,0,0,0,0,0,-0.16692411211758298,-0.2491154416106537,-0.25739212754343044,-0.26745540050421884,-0.25869438407039813,-0.24463867204754408,-0.2492095318478819,-0.25308260156837137,-0.2669618088383329,-0.2920497142766164,-0.317660588149309,-0.3545723250312864,-0.3695940255083363,-0.38119420167304047,-0.3478687960039407,-0.3425474068070073,-0.32235251131031933,-0.3134597721973882,-0.3303489701328903,-0.29633970535738213,-0.10807183034379823,0.18403647666972836,0.4731989675654136,0.6569185457272313,0.6927666809556741,0.6997170622057958,0.7019249674770606,0.6965453808092633,0.6932372588313176
0,0,0,0,0,0,0,0,0,0,0,0,0,0,0,0,-1.8022286681080674e+38,0.0013595638520125177,0.024986069319811472,0.03774564159111864,0.04412159449302641,-0.01759817797245447,-0.06747097777695356,-0.13358635903047936,-0.1644685291886237,-0.18619219681105104,-0.2020078802896245,-0.21577462617925044,-0.20263493449892522,-0.20965880502499362,-0.21933889787685037,-0.2383197507293425,-0.2563850530725107,-0.24940091398502487,-0.154917053021872,-0.11589147034710229,-0.11684458436642968,-0.0421596838750591,0.02037959009057319,0.07640118862134114,0.27421116288619646,0.27276637925160563,0.41217434686861876,0.533835682774058,0.6672347602175794,0.6948674797798171,0.7046744540565425,0.7037717226812976,0.7135077710479589
0,0,0,0,0,0,0,0,0,0,0,0,0,0,0,0,0,0,0,0,0,0.036891798477756775,0.01817041993114754,-0.022622651506784622,-0.08181453746797343,-0.15398489256751013,-0.18941799881103064,-0.1775838881246994,-0.16330192022983087,-0.16320394581560876,-0.1546932469474321,-0.09397398002289796,-0.08326115223027539,-0.07179578660298148,0.001064836740484584,0.057347686360621666,0.10184486052350253,0.15730609326119066,0.18709332978059962,0.22700942312880557,0.31188609356440405,0.38735812078575943,0.445443234460343,0.4960163078912247,0.5637747700598807,0.582247400786725,0.5906850340570501,0.6512531157423967,0.6555621873048413
0,0,0,0,0,0,0,0,0,0,0,-0.021095772678408075,-0.024749517230509773,-0.026437737425007986,-0.024029126146742602,-0.02185090465062726,-0.02417293734690511,-0.03090459625834996,-0.0370748900281254,-0.04227797987309928,-0.0375340626333838,-0.10894329626652709,-0.14593578895902537,-0.18619889219687835,-0.11250531488108319,-0.07582712724261087,-0.03962178556934501,-0.031486326357994,0.03801715042912161,0.031320653388497155,0.001912098272474814,0.03761336394362568,0.03006409715104615,0.061628934535764124,0.06708829341302672,0.12468799025915937,0.17762678717311714,0.2681166055927911,0.3458328421614332,0.3962975661825337,0.3793791908936107,0.34401270013109764,0.42073218744945773,0.4421447289107513,0.49047678143793505,0.5222689923303547,0.5550905542128873,0.6127439511891094,0.6456940982636094
