jsons/1312743600.json
{"header": {"parameterUnit": "m", "parameterNumber": 3, "dx": 0.1, "dy": 0.5, "parameterNumberName": "Northward wave", "la1": 40.97354507446295, "la2": 16.46031188964855, "parameterCategory": 2, "lo2": 133.9931640625001, "nx": 191, "ny": 50, "refTime": "2011-08-05 8:00:00", "lo1": 114.97908020019554}, "data":
[rows 22 to 43 of 50, columns 100 to 149 of 191]
1.4950401266129298,1.3657661591845676,1.127109040969832,1.0647361582554227,1.0231188298988976,0.9392842285452742,0.9244696623197248,0.9050254140324802,0.889491865257457,0.8979223071554713,0.9007572328445451,0.9203682602206317,0.8823912980131018,0.8824373205084906,0.8729536906217209,0.856178514712819,0.87099846155423,0.8932208112660115,0.8781939881060488,0.868693039951643,0.8531770862356609,0.7978823238215798,0.7820271512422284,0.7597037419331685,0.7802057721594805,0.8172017182312886,0.856302801467671,0.9159859415293327,0.9694357373401141,0.9995791879987656,1.0423965413107092,1.0880430604445062,1.107604328995465,1.132874163317995,1.1367330644236113,1.1375837855639945,1.130514801500788,1.1490555068680035,1.1541686909548667,1.1565535963948268,1.126286741526042,1.113270999670454,1.08926427250395,1.0468845219309542,1.0116145022055618,0.9786644368405604,0.9285961507797328,0.8766299788031615,0.8432117545693326,0.8079217621061153
1.6421320947368643,1.5888854307012306,1.4101590876889467,1.373600480698006,1.286742745803565,1.1817056900114191,1.1016460554220366,1.0702886723903402,1.0018786180543788,1.0116509077309803,1.0034395575771833,0.957358657100691,0.9307529314626672,0.9017226682671227,0.8893229425942974,0.8608242463720159,0.8740133849617523,0.9025109706025678,0.8946185260357633,0.889276770263216,0.8719544864708215,0.8170741038669828,0.8882167253093557,0.9658517496026331,1.0167594933996238,1.0606386309772673,1.0884352721144845,1.1375813467167992,1.1890686156747008,1.2235793452696448,1.2398234255594502,1.2875233126874521,1.3311394048412388,1.3393336969937735,1.3731699902305683,1.3660131190683233,1.3674961621192294,1.3712872682690784,1.3692084372336562,1.3537126174909782,1.3165401613033307,1.3010584390479139,1.2675080791396134,1.2071789326376594,1.180103653309649,1.1237232374551018,1.0897780570361448,1.007083839881069,0.9535556190998451,0.9181506284942754
1.704525694385985,1.6985886161403492,1.630072458763458,1.6016354300907263,1.5459464511997616,1.4408089065702445,1.3882713081019258,1.3539194642409922,1.2760420933608838,1.2315367027815782,1.1927148601878854,1.173607945431546,1.1527325934096264,1.1250992457280005,1.0690312657050778,1.0823330818012589,1.100467368787439,1.116412798191694,1.1636605311239592,1.181475876132176,1.2231042188934467,1.2596383263685487,1.274081097390992,1.3127315399406094,1.3705655776905532,1.3666882734021062,1.3779839028439607,1.40804653661646,1.4281397788703925,1.4504098846776996,1.4530994566390887,1.499002099345359,1.495715449297979,1.5011697797420678,1.5403385323825936,1.567494504803809,1.5669421669293657,1.5950422064531695,1.5895128916402785,1.5718382017711114,1.5894358546264913,1.5768315708734644,1.5369556596304603,1.4983900889125177,1.4499080837768712,1.4112466704204831,1.3626126868324375,1.265726479134192,1.1856906803144016,1.1070910839191872
-1.3762103492396458,0.8171646020844441,1.5512711754548398,1.5855866989243066,1.6167118643597411,1.5728960530080862,1.534080708702043,1.5235077944440774,1.414549868403904,1.3685125590272242,1.399733889391745,1.3501882462135284,1.3008148819152316,1.2445750874142625,1.2953091012422973,1.331746414817871,1.3863011512750587,1.404175480171668,1.4151264417072338,1.4215732940292918,1.4262314769958802,1.4278170831936354,1.4282623192835635,1.4211448329598768,1.495934779042633,1.5327062375607503,1.5835412803473266,1.6220734766718874,1.647645287886378,1.6569030986915307,1.6632634036773066,1.698072774132835,1.674861223172973,1.663230421311965,1.6323009984598364,1.6240563685629557,1.6378358613359811,1.6665375603107466,1.681464666809943,1.687999701986053,1.766796413261884,1.5953926471772408,0.5036009427497322,-1.7320709440483772,1.0513663993775209,1.0352414128170337,-1.0284290091464625,-0.7315243429190788,-0.340666242405634,0.0056323062257193435
-1.6042051092639364,1.643873239598211,0.9377854684366338,1.4702770520276836,1.6494181699985067,1.6913701752157917,1.6830190520593342,1.6880058381530094,1.65686131488716,1.650699239813296,1.6509116562003965,1.644789834256695,1.5903205845596042,1.5838008074209002,1.5606647073258044,1.5341507907029042,1.537201411957714,1.5205270826910067,1.4614248080230994,1.4679298954133482,1.457081393395623,1.4486219638504831,1.4420519840632884,1.4468144857994805,1.5235271677160047,1.548535049695641,1.5905248718241105,1.5949715597753438,1.6190723029247742,1.6463101972795773,1.6694957614546608,1.6915998067013762,1.7138723009653816,1.7303572151215068,1.7692358707599691,1.7969869522996447,1.8109043509279417,1.8218923025028224,1.6607308767555111,1.6658360224458335,1.2615152548168493,1.4325946486023189,1.5073002241658662,1.3382877849635029,1.2716257086993066,1.2146601730618742,1.1171113481115915,1.073757805493824,0.9727603574818883,0.9489299724090007
1.6041897988531444,1.612288505927388,1.5639700801223342,1.2104910617764466,0.1826460223525597,-1.6395460664990342,0.38676226676221165,1.5176885514935126,1.6614230551358726,1.6579358221986804,1.662141175981902,1.6495471486200695,1.6191227876840117,1.6208680521185337,1.6163133866312431,1.5583525377194063,1.5700612037037602,1.5552291595445031,1.5415097135860625,1.5326588977807534,1.5410614298192185,1.5484610377591181,1.5393396853353603,1.5470154353314296,1.5503674711076971,1.5734696303764235,1.6134951484082607,1.6440964679206493,1.6590281295329976,1.6730747942525017,1.6583632609591774,1.679457069301046,1.7055414260194666,1.7311871009225022,1.7449278302554547,1.7415438757254202,1.7434589978514383,1.7214857253263078,1.728769592768788,1.700179860676555,1.675644157557999,1.6574528911815796,1.5988148000980522,1.534112873879942,1.5170441186094792,1.4576124654712472,1.41593315972916,1.378869593896534,1.355293582929558,1.3338218887222648
1.565524268348738,1.5704298737001452,1.5838743880065964,1.463848943042955,1.4030967640939747,-1.1791070277869362,0.6812661624001464,1.2144572885855676,1.6266754759327735,1.6305047311860166,1.6338809805811274,1.630071280662629,1.6152329919914368,1.61832205073121,1.6027636344838079,1.5851081905963924,1.5873995687201843,1.5859241364417054,1.5853735982409343,1.591363631114474,1.5904982902851268,1.6094646551216705,1.6284854640971536,1.638048477194451,1.64098504104533,1.6446930306808458,1.6634376941589044,1.701317356290097,1.7303329918860162,1.5808271447985374,1.0022911968775552,-0.8458298911974379,-1.7127140683429187,-1.3608761880539257,1.2558809674580829,1.7223052320274808,1.7883626984912013,1.760172531427541,1.7462498030863414,1.7191253264885038,1.7079409465186588,1.6853381004147636,1.6625206422650025,1.6320127408063492,1.6311390398976746,1.592213084218114,1.58565968382856,1.518425066341,1.4977223374828281,1.4748312562188741
1.5365476116321033,1.5519518753291597,1.5566655959587739,1.5673723844642091,1.5728395554612233,1.5762207507799983,1.5415701962192,1.4988640030453104,1.5989199477888514,-1.3840131930083934,0.4804129530876068,1.3968425314644057,1.618512077999749,1.6167454517957225,1.619718750821201,1.6099920379527277,1.6202962784551171,1.6271229714052902,1.6403628416961078,1.6530333579861756,1.6739642782200257,1.6863405985455926,1.7016646675782616,1.7296764778703824,1.6625594837171094,0.8744178560813984,-1.6356919050695682,1.666025057302605,-1.0951627799051766,-1.1762176118268783,-0.6185353132599937,-0.29540206682670705,-0.23333284848745675,-0.18244817387362397,-0.0905427315013724,-0.06838702207743894,0.057709324107390256,0.23305547449735078,0.40645251478358696,0.5310982430184257,0.8785931102026631,0.9981849217244373,1.0413138033538494,1.1430785943059107,1.2110117941800564,1.2359387968747548,1.2551483574083055,1.2733605213133103,1.2623289347785098,1.2423609222957965
1.5285100521080788,1.5308519951436712,1.532018103915993,1.5458824637689326,1.549362770271989,1.570302317322971,1.578119279641303,1.5886511275450599,1.5790106505356556,1.3686831192513493,1.2164167228391654,-1.302789641361723,1.2563431758936718,1.6148586264640048,1.5919111943925406,1.6177752154860041,1.6213130478244424,1.6280808726101754,1.6271796306769106,1.6395417869497002,1.6611601691532398,1.6661339767669117,1.6735795452223545,1.7027543463284474,1.7318858561146735,1.7530530519472276,1.758114921523393,1.7738512266279118,1.6857346179687518,1.565765257753056,1.3530498084085725,1.0276896324801386,0.9457480067476186,0.922912896600263,0.8507648900030371,0.8123893741914838,0.6942055386165927,0.7334024276105326,0.7165858906400765,0.7099132332768613,0.6973949633690474,0.7128903403758665,0.7249724142603199,0.7469929008682126,0.7308108562485669,0.7456574732153551,0.8133804681186962,0.812977538334514,0.8748075876920908,0.9121850439077797
1.4911915350208595,1.489530137590034,1.5093615392303685,1.5125651668237214,1.510530760963191,1.5310928237049484,1.5451331480476478,1.554240359444681,1.5661459011005516,1.577392577265993,1.5863920410146797,1.5908245378092511,1.5888693911482445,1.5367023588481041,1.4700366402095848,1.4292799376235943,1.234902876263259,1.1358465859775082,0.9335403343155984,-1.20358210966097,1.3058251359493607,1.6438780397884545,1.6179990756759626,1.6522457828372112,1.6692294875818554,1.691515083183898,1.7219074859752304,1.7304157787980408,1.746676085864941,1.779448084580584,1.7945449345968467,1.7592846908403055,1.7476630121340986,1.7723904957563343,1.7591275520559877,1.7260482035449098,1.6939329926474265,1.6501494898035862,1.604766692713527,1.5641436633679056,1.4797143339440217,1.460838772937513,1.402315793338134,1.3444643310079847,1.3296948138094948,1.2832515362057033,1.2751780509744235,1.263320283582622,1.2128788775165058,1.1607567953094862
1.4960405263710428,1.4919590396962485,1.3196424987511663,1.0577726981163036,0.7794535472404319,1.2823805325473352,1.3816832872879632,1.468533271370724,1.5042745619058264,1.5228146746471163,1.541289778629137,1.5490535163677768,1.5599794540720313,1.5658916194491352,1.5699144820023074,1.5763569296166995,1.5847983581214158,1.5895313967617308,1.4516402397080037,0.9130999849507513,-0.8236239547059184,1.545528963090897,1.5263201100112054,1.1482574218633923,-1.5285627056066309,-1.453165909099618,0.10950928332589285,1.5630007136962627,1.6835818718584297,1.6989602827709354,1.7338758800547902,1.7396955269589125,1.7436638411733825,1.7341010444269673,1.654484071634525,1.3904224401957452,1.744525072899885,0.04165626655870318,-1.4086332006164297,-1.733790997628752,-1.4553047136416697,0.8188728358479433,1.0789226971393093,1.4239311427870802,1.4916034243771605,1.5915898099342038,1.6219683679199153,1.5858380810031927,1.563064091498629,1.5513078034608572
1.4728968414622514,1.4774659672558341,1.4865462609214508,1.3013651273630147,1.3244522396363057,1.4588039520838803,1.496913914903121,1.4989516151885576,1.4927046054863529,1.4980684555197843,1.5059162761333524,1.5118522820969444,1.5264546462344768,1.5329435714663757,1.5427679044286853,1.5617151352579095,1.5682114910998064,1.5724056042928924,1.5815883303102818,1.5881492988130985,1.5911315850734964,1.5937055756128085,1.5947014757874804,1.5993388080429427,1.6117616729550328,1.6244031272026873,1.6375323559178703,1.6495524308947944,1.6503416348764712,1.6658857885714566,1.662793309710725,1.659726293447558,1.6724256273576443,1.6766366641467643,1.6844474686227535,1.6865604924188757,1.6862180386135435,1.6831207195275835,1.686290543225059,1.6495147979418219,1.017835167288528,-1.252135580767406,-0.05086657334213921,1.0891031345499402,1.2661959567930166,1.5484764746041344,1.6259164545673388,1.6232759557302054,1.6035872068120944,1.5956374687268706
1.3230566397271393,1.357164004704107,1.4398533561534983,1.4787256057088582,1.4665666109267195,1.491326525633112,1.4988711742108034,1.4894388882434708,1.497431583606071,1.506224150296305,1.509979997902406,1.5059864612375253,1.5103663335280355,1.509799909883585,1.5128108871921193,1.5289436309860147,1.5338735780617467,1.5387472063521785,1.5510797670168912,1.5587345774663786,1.5634742750361668,1.5781621786584106,1.5905039028734846,1.5923283339981376,1.6008312758238674,1.5998719908504704,1.6006720753708086,1.6009331171393029,1.6074415315189658,1.6180456905666325,1.6201670924582403,1.626574460400769,1.6316070767542967,1.6334714323364043,1.6348854473686434,1.6292317415173676,1.6295873552121551,1.6300110051762393,1.6313889329830393,1.6330065203902957,1.487952520857587,1.433695974916072,1.4699283647841055,-1.6107341377110103,1.268098199398876,1.5900009143141747,1.0092341625149963,1.2541959348640885,1.4558315737649594,1.4217047955339321
1.2266545820833858,1.2675290077149064,1.3296761884982469,1.3549852496838657,1.3653016945307166,1.4361780040078589,1.440317030883848,1.4463092431862532,1.467414320214716,1.4801018246055,1.4774577345836983,1.4772550080300202,1.496711534520065,1.504871793429307,1.5076779927111597,1.5223578962368882,1.5285890113088973,1.530692832201469,1.5419409527217727,1.5535035026945314,1.561629615464149,1.5723986030796047,1.5788445199486156,1.5797690429186113,1.597736406754322,1.6053449349940887,1.6020234607802493,1.6038893350580845,1.607222689396554,1.6028686137681267,1.6040933374698372,1.6038732333046584,1.6034792956895645,1.6052987812569652,1.605607281251315,1.6054729876300586,1.6050147084569362,1.6064979803839854,1.6087533309783992,1.607416911968214,1.6042735941989181,1.5975814622407434,1.5755063907204314,1.553955126855272,1.44357929524516,1.420076855819647,1.2965356375406925,1.1603954125633007,1.5246170511847221,1.5736921856432393
1.2157680548168945,1.238623957209352,1.2664867785655243,1.2987556151039614,1.312572391598996,1.367285752011136,1.3966038921612844,1.4050425329244924,1.4361223752562762,1.4457818671941371,1.4517025687273097,1.4536819484408736,1.4800287588593446,1.4845547059200843,1.4869931115605965,1.4987350265349515,1.5038401509040056,1.5144511954919713,1.5297736061432756,1.5449001446164123,1.549069181076998,1.5657619630648032,1.5761841307601367,1.5920889820666397,1.5986743458187342,1.5949651046922613,1.5885874972547274,1.5936816575367418,1.6015768155555756,1.5980112278783745,1.6022120336794867,1.6067250525604373,1.5967854215446171,1.5933410580503993,1.597937129565398,1.5947647089496042,1.592147122758188,1.5879056785709538,1.5892457385194474,1.5902078794561565,1.5870132905609067,1.5814295100391766,1.5731816808253973,1.5732306402144396,1.5676636223951332,1.5656684457682915,1.5657968501403603,1.564089302159517,1.5594650424395187,1.5557251980136162
1.2178038013542474,1.2544088445118997,1.2787424562838576,1.282347027084397,1.3044708418033608,1.366648509499961,1.383803024026714,1.4086055334693814,1.4467756101144438,1.4620076177799328,1.455805543728403,1.4606225516147877,1.4755786822233756,1.4742619520414844,1.4827924418369725,1.4923251961058768,1.5007974123912002,1.5109823096784005,1.5293903281834915,1.5407549664789943,1.5492414051606014,1.5692832773561325,1.5713548932549422,1.5732196380665329,1.5795928982152054,1.5845179535463243,1.5733445195145823,1.5740514716551328,1.5931748546552904,1.5882580167386866,1.5901086564228308,1.5938457344855836,1.5940072941677825,1.594936070010708,1.5940763443075565,1.587950664926766,1.585909467227289,1.5829263980171018,1.581059078912555,1.5755306409473395,1.5722887564235042,1.5732902492337815,1.570269228380211,1.570380442913264,1.5679369595902484,1.5610474362252853,1.560656898785651,1.560442606992066,1.561124120029076,1.5632348486155518
1.2143561176382842,1.2311805999840861,1.2886280539613788,1.300648681536864,1.303743385142285,1.33000593794445,1.3642687364677788,1.373947752609119,1.4037370556146294,1.3990012201173216,1.4166859346783645,1.4364270614758081,1.454327516675373,1.4559892889401653,1.463915915593551,1.478035193138726,1.4744153824776665,1.4894556458407038,1.5225721018642504,1.5329251295540836,1.5368067598128399,1.5546844771825674,1.5631417083492765,1.5533618899716384,1.5742958162395106,1.5808198196079368,1.5814380828858332,1.5831564621395111,1.600155479415084,1.6025779314220285,1.6076519305141002,1.608335499343123,1.5967844545485625,1.5930363031983608,1.5913627564231176,1.5798393905110455,1.5778948565705024,1.5860334726311804,1.5885153987717557,1.590872443923081,1.5955601317725734,1.5937622726950054,1.5830407018771309,1.578799561654456,1.5736226981112007,1.5649455783415407,1.5650480635716884,1.5646921190509733,1.5604675039765714,1.558062152500601
1.2139302988823704,1.234781347548033,1.2678336473265455,1.2859510841649389,1.2901449926082273,1.28900456916438,1.3055677582397052,1.3386408489628696,1.3869218842316096,1.4078864201479633,1.4037450955408928,1.4187230832549826,1.4459295213040613,1.4459844267616204,1.4442506773887074,1.4708601008793616,1.4773541528070349,1.4844877176136637,1.5086043782673177,1.5190171925639784,1.5339558663321373,1.5689024496124062,1.5700268629863292,1.5653731383716298,1.5748354382258871,1.5820515237585484,1.5794504710002044,1.5811255221757456,1.5916603162171057,1.58283159775248,1.577800441892716,1.5807901765199213,1.5847187527051754,1.5868818592277425,1.5977957562765772,1.5940450197538678,1.5915071432839718,1.593856700705935,1.592199698233211,1.591014886504801,1.5909704685963815,1.5905333024518857,1.5826708581364368,1.5787060388142464,1.5758915895016938,1.5702324908264802,1.5643716908975673,1.5488015108188211,1.5350738404341298,1.5224490513887714
1.207852183918578,1.2093305389504354,1.2438453077389457,1.2616555922351176,1.2648542088933195,1.3045040998079214,1.335807605085908,1.3662844713661457,1.3940104418772514,1.424205766986334,1.4376444396789108,1.4554669986819722,1.4728094569693446,1.4828556203646102,1.4969470200693662,1.5161597210796425,1.5234617845245373,1.5360575479208949,1.5538461341126977,1.5654348445411197,1.574008844438982,1.575909096594692,1.5851084321639066,1.6022017495968834,1.62476819668695,1.6296058363312513,1.6258735626610534,1.6201182870043598,1.617703468282731,1.611647539556946,1.6112022263267989,1.6191012170570103,1.6116286337112917,1.6138230889367886,1.6182743857906774,1.6115584000433287,1.6104264597120523,1.6108498782255836,1.6085578143942734,1.603369872881104,1.6100756600550692,1.6054497752165242,1.5959630452057514,1.579233583503759,1.5746112685970184,1.5731195182448803,1.5790968094834188,1.5566384338832304,1.5074148205635167,1.4738962173419063
1.1647315799421396,1.1766930740046362,1.2101980212191483,1.2266876343407596,1.2409652232305333,1.3021357325796634,1.349101022418512,1.383706461146548,1.4297378364693587,1.4725649791630762,1.4999866168257814,1.4979125306360337,1.547244334519044,1.5658228409780959,1.5774237794601425,1.5759142317737793,1.5692987101642406,1.5759286526905292,1.6020770998679827,1.6087548838298282,1.6147883698889907,1.6345871028575203,1.6625806985488811,1.6904199274898248,1.7222867155418664,1.7033706468273888,1.6652035984535993,1.6563959345538588,1.6579858675317847,1.6473182630225292,1.6351908576868426,1.626208540904212,1.6238548614786918,1.6207925452012166,1.6209410874497456,1.6135546120100583,1.6126327410736285,1.6162425881295577,1.6222521994928092,1.6235902779547806,1.6066753065912986,1.5875701794192991,1.551214582410415,1.524626940528272,1.4918711151831356,1.423271490127787,1.3663094893010364,1.3760068360626612,0,0
1.1348611855280295,1.1680503277134733,1.2155310708783065,1.2301811503270197,1.2502105851966439,1.2763903991681702,1.2861744160067148,1.2989235973033122,1.2784196816041433,1.324843337171279,1.4002120167793444,1.438560343763762,1.4856257131466934,1.5177030975787997,1.5636462275154246,1.5900108702233768,1.5807468136567109,1.587074896624498,1.5949339956351265,1.6108022633375354,1.6045731134390262,1.609495737312759,1.6115358268471696,1.6038807665907073,1.6067017609796157,1.5945999633575207,1.5964111408323596,1.6065592129069748,1.58991134894588,1.5698804127822112,1.5820342063389663,1.6068963445989075,1.6046309980606104,1.607809390161564,1.6077908931674743,1.5970525773969226,1.5971568522133825,1.582590056835292,1.558867440413098,1.524157795590828,1.4971876756912332,1.4647464375519328,-2.844071467555891e+38,0,0,0,0,0,0,0
1.0731039006503444,1.0946179052835079,1.1315008821982238,1.1371986804426883,1.1594061350793479,1.2156100340162195,1.2278811088602097,1.2508146029644738,1.313921767230777,1.3387270704031922,1.36701308319303,1.3832980634637673,1.4366013626717589,1.4363480940307747,1.4492862220328206,1.4703558789246276,1.4789478638194344,1.4930783528301108,1.533442506577715,1.5509501174356408,1.542062110549215,1.5297673998984278,1.5214527952629247,1.5183120434526722,1.552333788679311,1.5582176788840336,1.5694370771086357,1.5579372557731916,1.537665250427152,1.5227325265737197,1.5235168297814379,1.5156859614452256,1.4982320142838566,1.48919070062938,1.4466069584429206,1.3966366942187436,1.3887459471690218,0.4232266565275121,0,0,0,0,0,0,0,0,0,0,0,0
