jsons/1312689600.json
{"header": {"parameterUnit": "m", "parameterNumber": 2, "dx": 0.1, "dy": 0.5, "parameterNumberName": "Eastward wave", "la1": 40.97354507446295, "la2": 16.46031188964855, "parameterCategory": 2, "lo2": 133.9931640625001, "nx": 191, "ny": 50, "refTime": "2011-08-05 8:00:00", "lo1": 114.97908020019554}, "data":
[rows 22 to 43 of 50, columns 100 to 149 of 191]
4.013857585326971,4.443126850976672,4.671190457303903,4.735114099482665,4.804274922343871,4.763400314067764,4.765703639992301,4.695512900097542,4.613109101732445,4.565345527355011,4.481548344270678,4.351798278505044,4.316381182252273,4.190970468877694,4.1902532565503465,4.180119402629513,4.112975709744976,4.039252134812514,4.048877572341109,3.9946800310093282,3.875869148626327,3.8290302298766656,3.767230022802252,3.694289123562519,3.654152920843486,3.6188955947230994,3.526513724116873,3.468782976009646,3.416122346383189,3.316094387827,3.2525615104519194,3.2188331542332502,3.13097333377966,3.0845324322006897,3.0483456152886044,2.960868955967658,2.91173800998912,2.9050270744457727,2.8550377142774352,2.7912653435152324,2.7568900925476423,2.721365564871505,2.676682105621949,2.657236913356023,2.631420671285409,2.5801767937040236,2.559843551379654,2.5363837455202125,2.507904502985453,2.4812010570102294
1.9202943652266877,2.2088592393919972,2.8003600812666463,2.9221765101647073,3.137896520216915,3.2523255965964117,3.38259951644192,3.452386002303426,3.504867279951806,3.5296615077612996,3.5261198205532653,3.5597083389262463,3.549494146276872,3.535555099349328,3.4877213314284266,3.4971794375173926,3.4337668996920208,3.438246224025844,3.4254125223454355,3.3614919061303006,3.3478502933009415,3.342276306689355,3.311863765920774,3.266240689524682,3.265989253451234,3.2546430736076126,3.210704129730911,3.176001006688988,3.163330316969369,3.0965241972393107,3.0690397622737104,3.033914031850536,2.925874655394271,2.9111385009604147,2.875132490033325,2.790591161458128,2.7759720424499577,2.7424178247812767,2.7106833891808852,2.654321134834512,2.6261295894277663,2.6015725408679886,2.5509466148802584,2.51234000453963,2.4950930005654537,2.447971950655167,2.4355955948307515,2.42404696491835,2.402269494856387,2.397884936413283
1.0576702953645862,1.187207787681257,1.6410966171974688,1.761795139552992,1.974608408143049,2.24854441467731,2.3493142828589075,2.4283321161497833,2.6275391923618105,2.6823619000060615,2.7427327660074736,2.7465003337265332,2.803866594135007,2.8295921539087527,2.851206989276099,2.8747387403696325,2.8907480669800485,2.908503319528532,2.8954346467916623,2.899006344444169,2.853065583414701,2.9188230681898637,2.9442830801260302,2.928879055075646,2.9552253019220354,2.961446253309709,2.916272023567035,2.919756519248882,2.909051941370375,2.8626057834932293,2.8260658947821073,2.8304135126184287,2.795626279541835,2.7888048272138466,2.7542071804417887,2.7112788117461073,2.660935916778428,2.6070867679752983,2.564827590634989,2.469627095519568,2.439822516943498,2.407223538956331,2.3537976870661006,2.336733421802217,2.3466483416489474,2.304373624788623,2.3135779789693887,2.3147199072975932,2.306021639288073,2.2945595715431275
2.8480756105435514,1.507082146017969,0.8536130343529379,0.9601886908678774,1.1465926794030101,1.3590860457168177,1.497371526211918,1.5664590402358296,1.8570295943337845,1.9008484330257918,1.9029383018281145,2.024581381547983,2.1051833965036093,2.2198055245034634,2.247434592554169,2.3239484172439937,2.361357657542127,2.3888524262150557,2.474093274736738,2.5011035843304663,2.507054086578813,2.5528885815262514,2.552320837213035,2.579009251522292,2.632162804443658,2.6303073511516493,2.6104619904747066,2.6121422024656655,2.669924126917383,2.6289586639182327,2.627428999028177,2.6513387127331307,2.6073321848267432,2.61089570178676,2.6124419164893102,2.5581202099563844,2.5433370287043573,2.506267318010639,2.4628842220522653,2.3857978399468025,2.2094230932141237,2.0962574916135135,1.9996951918899326,0.22479223456618266,-1.774399509359375,-1.2144599734284265,-0.3161807351164337,0.8160017766213896,2.0301138095593863,2.1642771034121657
-0.39717521960018465,0.5246898658288722,2.794170070588932,1.670566340670741,0.874917754678411,0.5784888035278809,0.73257471689553,0.8221506046318559,1.0875150277715722,1.1920347658303205,1.3170718456815493,1.3903070196023284,1.6233887989323104,1.6981475211812023,1.7957299633869448,1.9305044304513943,1.9866919812385493,2.0170181368985474,2.1268276651609295,2.1555733230103584,2.18356528192859,2.235744426374023,2.279613699407268,2.2640095543539567,2.3538794046918863,2.3800493090136103,2.3936436118303295,2.4052768352344884,2.408112045408064,2.398179968168928,2.408939898195387,2.430024078355452,2.3982028417873495,2.379361051230382,2.3783453916010613,2.3055027851269765,2.2657219544174487,2.1910175938852827,2.278920019274849,2.307686837236226,2.259320469104351,2.20983626036713,2.265416402098562,2.2632089963730118,2.268124368386429,2.2464098400154557,2.2613865547263736,2.237617618049074,2.2634181293187186,2.260384338983202
-0.6417419702090219,-0.5063287381415572,-0.9387099413792441,-1.8509536282671943,-3.020738024379126,-1.1888516502762236,3.14080752807131,2.02131779210527,1.0066201319411359,0.6492053507843815,0.7924449189505621,0.9163109815826329,1.1493387916652638,1.2478303192182136,1.3044347168689685,1.5409469905656346,1.5649814512460807,1.6835276121010987,1.7618175983392952,1.834366537639677,1.82688229973362,1.863325451034378,1.9062992680576982,1.9103908366504978,1.9357486055797342,1.9641946239993575,1.9916244573890651,2.0817063941849905,2.1498726667157557,2.096967833440987,2.1199677719252503,2.1736312680011984,2.152456283840143,2.2121240750024733,2.2512185065693537,2.2161314740965636,2.2129918147417103,2.2260315184004074,2.232556209429551,2.2210238952736323,2.242424275632666,2.238987721600768,2.2257310609700833,2.2244561272531294,2.2139396713090407,2.2002561972740002,2.1978111360259796,2.191930428904819,2.1604943628149176,2.158381408871854
-0.8418115718220844,-0.7921829628715045,-0.607491088699268,-0.5302201299640037,-0.4389374480427407,-1.384031446683305,-1.4244343137112,-2.7372889875126876,0.9808690176952325,1.7075465051718113,0.956112671145653,0.44137370190391556,0.6529409648245555,0.6974801174948422,0.8544902637371565,1.0415026511911578,1.1492385411646213,1.1976387659684447,1.2990991595329413,1.3116022701428285,1.3103819983945244,1.3033866059223385,1.2801953850397043,1.2770360554674918,1.2964118155542586,1.317030885150432,1.3197764677734254,1.3271380281805736,1.2582598597041743,1.2152699148210984,1.1650570588311988,1.3579794120077202,1.6315973846177239,1.7021316775404,1.788576627673237,1.827893313209121,1.8743414774701168,1.9559475000752486,1.9666521087465554,1.960248832631497,2.0267588759018222,2.0213855053061676,2.013690507088883,2.0502092248970083,2.059263815650924,2.058568156217829,2.058775421860757,2.0708013453677383,2.0585617455091048,2.0632490155074223
-0.9834884639861926,-0.9029959881869917,-0.8179524931136578,-0.7649358162465083,-0.7297932442138927,-0.583289290095461,-0.4712012287064053,-0.38334424359625036,-0.25753164152773184,-1.424171853063085,-2.204366536852611,-1.3914148661037231,1.9904877352739392,1.113094461424831,0.7846513144904388,0.5026389796972728,0.5589878814003209,0.6224546359688594,0.7098186871350535,0.7539707407448438,0.7944297601664355,0.882166055838753,0.8890291692840007,0.8880265609747171,0.839317575980881,0.8299370261994317,0.7363316695964085,1.2874922777210769,-0.8594928253353301,0.5496924029954086,1.3497234526101451,1.681093161529675,1.7978507441268052,1.8545058174136761,1.8996175000433968,1.9757160192520888,1.9770822789858298,1.9967697417757317,2.0131944252285665,2.040199554966519,2.00638046522718,1.9917398581797217,1.9957132331400154,1.9735756478343223,1.966193723872253,1.9746532660586014,1.9640600088632068,1.9633099664073608,1.964783167605795,1.9632567814842903
-1.0736824040649051,-1.0078660941881499,-0.9024336386770306,-0.8119163942918255,-0.7641091571053116,-0.6442386901800105,-0.5879149076469204,-0.5315892439276285,-0.4076306320531092,-0.3582212267339686,-0.27525067718026525,-0.5964932208119614,-1.5011658857478456,-0.17513061742433736,-0.8092271023612486,2.021630899094006,0.9553577963233384,0.5566115544312282,0.4183179755474911,0.4701572025498477,0.5246240898176695,0.6559478839833285,0.721934079660949,0.7715385064081274,0.8339017808174438,0.8467676367695011,0.9466338834688418,1.0279517915646135,1.3783900428697995,1.5131531322191822,1.6548651091610664,1.8467223187724129,1.8042517125613002,1.8034334062022943,1.8559336325793738,1.8214325993860863,1.8666184298928463,1.8234237703332004,1.8635787299336657,1.848984820671341,1.8373629519719097,1.8238571410419602,1.8158797006054381,1.8365689028057073,1.8470956674755865,1.8452536198332934,1.8295268683958628,1.8214134004681193,1.8018186199691686,1.7971279308735804
-1.21126594475909,-1.1845955027107091,-1.0368992280446134,-0.9912753576226323,-0.9523436292905205,-0.7811050857783726,-0.7227187696354165,-0.6459899392599624,-0.533132979046442,-0.50598318148457,-0.4289578380619657,-0.394450544367848,-0.2651894334681319,-0.21979663799092553,-0.4444792398690642,-1.030880760844054,-2.266764936193749,-1.7767184476160938,0.8638877423651443,0.6221457247028072,0.21703425891563963,0.28368181699354283,0.33350752148142265,0.3911029577691462,0.5005515163599213,0.5712416611466552,0.6272164719672265,0.6762463022922273,0.7851670465685756,0.8669026437341653,0.9003499160506113,0.9404350371191953,0.9430826170196508,0.9833465542455093,1.0356638248198737,1.1060982501486083,1.1148116492905344,1.1799453311908954,1.1972294761550089,1.1744915349939369,1.2767754172341053,1.2747972195431303,1.2815213884338428,1.3314732446600854,1.3044060837541696,1.293053469566407,1.296159336562741,1.3092105040516857,1.3349336218257764,1.363112356108465
-1.2928874934798342,-1.2174905107617477,-1.3290800460040497,-1.5601185760284297,-1.8160424613107953,-1.2401956018059446,-1.0845993529745679,-0.9387147422878832,-0.7821085999014242,-0.6839086687211826,-0.6057175401840017,-0.5701284126074647,-0.45120206698667775,-0.38393586117654793,-0.34870053890841846,-0.2722034188057536,-0.2277988726859078,-0.6375637498618274,-1.9247444294866825,-2.141951506407963,1.7071760397754596,0.5821327804606116,0.3257762557816097,0.18311711587778412,0.30725762268399415,0.34424989292788016,0.37783416796048436,0.41881851830314293,0.49590228291811417,0.5146722979158227,0.5363435842638664,0.5823052616479802,0.6100627754840252,0.6212577515202425,0.6869409554662936,0.7562116767709106,0.8649106565794977,0.7974832173711034,0.8166268492674658,0.8372814389084656,0.8752746036780354,0.9133031653388979,0.9123841269047601,0.924184066056665,0.9379996602130494,0.9342961697436708,0.923310058922627,0.92886261884697,0.9425446259332853,0.9406319217175385
-1.4298794064737639,-1.2953747431110876,-0.9443247196543025,-1.0623312496621593,-0.81703512106884,-0.5629876881031376,-0.604173410306693,-0.6413067805084541,-0.6398200730337743,-0.6277327452727749,-0.6060347239720503,-0.5965626484454517,-0.52538636748527,-0.48121512050132387,-0.4387677642678297,-0.36341287782900056,-0.31087942661381807,-0.2631179416102121,-0.9649066766378028,-0.7038520304186893,-2.1070672923095257,1.9904948588310456,1.9908907041498858,1.368410368835934,0.5529603874355604,0.351303058217832,0.25658118335421665,0.33072049666282743,0.357560106617397,0.37620201614657384,0.40042869953353216,0.4419197272020427,0.47366949330859554,0.5005800212610027,0.5464192938449516,0.5520713613773051,0.5750321344226672,0.5886409168217166,0.6018015717480013,0.6301222401342911,0.652825632027747,0.6762499039203934,0.6898866087586631,0.7005979057202028,0.7095156434921225,0.7034751011704573,0.7002108357187456,0.7077795077487162,0.6996417955832376,0.7017621555490534
-1.7281328981333104,-1.6117109092691995,-1.4076727240843123,-1.2811901756548625,-1.1842776373404562,-1.0330130843319483,-0.9276712179223592,-0.8911246413437774,-0.7983703099075833,-0.7398985144958267,-0.7123372208230752,-0.6513795130543685,-0.5879511584092967,-0.5517940511113097,-0.524762829590549,-0.44131917000946125,-0.3868718572064896,-0.3533211524909499,-0.2955660846991517,-0.24333867366611023,-0.2167380525407504,-0.1427402179014871,-0.12846168613651437,-0.4207233681402852,-1.184440014857418,-2.225283323454877,-0.6796964026057589,2.208749817132762,1.205216648425377,0.527636136945877,0.22791572953056227,0.3320873757082097,0.35994269840516446,0.37611237579950685,0.39283586106117147,0.41273314660825183,0.4494253631238516,0.4679847081963796,0.4725680059328411,0.4814453735543148,0.4754530818136259,0.48518760114098763,0.49366919966596445,0.49284741802914855,0.4845743079759937,0.4802587633977733,0.5053731423709249,0.5190516960882943,0.5252951970130846,0.5235719155222418
-1.8923460532676937,-1.8156655252713327,-1.6861150304001413,-1.611084168778151,-1.501834897411841,-1.359975995082077,-1.2969704718556263,-1.2029727744390255,-1.0856155592581858,-1.0437559294627392,-0.9761496379018707,-0.9438458360846215,-0.8635001863697753,-0.8150739466697218,-0.7994857616473253,-0.6776240697039216,-0.6040248488200329,-0.5807799597553911,-0.49183525377594306,-0.44559449034339577,-0.4113039923133858,-0.3261417137299663,-0.26872905200193875,-0.26785464731063013,-0.28122801855450175,-0.567727622237374,-1.2747174633073413,-1.9788285111547248,1.9159324043404469,2.2495201538118006,2.2166013494806704,0.20463167226618745,0.6840966250811592,0.6391392149054296,0.20182583269699444,0.22122611975252224,0.2344881977665857,0.2727459918268636,0.2996149423332219,0.2993718948382435,0.2522134801831675,0.24431793543947478,0.2706822612871488,0.28408020067354794,0.30599424719350865,0.3165007751777642,0.32432865498844643,0.3069746469959473,0.30993890770167715,0.31021073848156244
-1.9969670536686424,-1.9617689641843437,-1.9161540661376277,-1.8550747854323462,-1.8188389912655505,-1.6977594032512036,-1.6501733938084169,-1.566066026396992,-1.5092156694102004,-1.4317925925011126,-1.3718384919665512,-1.360434963775215,-1.2473092417074545,-1.252952348504411,-1.1606589343164706,-1.0252794991503675,-0.9884788641767056,-0.9409897448765099,-0.8639386828312876,-0.7937683721155667,-0.7781000643868217,-0.7199522792518238,-0.6520842229191908,-0.5896128696629676,-0.5360553819509369,-0.47895420795233995,-0.4678820553326456,-0.41079628111597766,-0.642272200510889,-0.7194496247067014,-0.7102008683424318,-1.687230653790377,-1.379293246467562,-0.4345896097839259,-1.2147126076894383,0.08844563784331246,2.003094452171631,1.5982322462796192,2.0110505909696426,1.6195172061784873,1.9534469668163983,2.1673413060165347,2.1536230868353097,1.2453921188284036,0.17922642931925176,1.1021527187595328,1.6939058868849077,1.2131869402592321,1.952241451917174,2.100950342876692
-2.21608953423839,-2.1463558202921633,-2.070910158078747,-2.0283039954157323,-1.99445916432965,-1.9061627044205325,-1.8730591823650338,-1.7899973758072545,-1.7127569367452369,-1.6528184563164605,-1.5989688721644313,-1.5526091062936034,-1.4641441271078637,-1.4343331002492166,-1.3825743674090247,-1.3424324787899589,-1.2976710622246708,-1.2871650854252814,-1.2261471361942817,-1.1622572268360762,-1.108153517684673,-0.9354271194204931,-0.8857710761377571,-0.8466915890713809,-0.7426651742156788,-0.7359843301517486,-0.7073512991865618,-0.6785576900687137,-0.5883041592201305,-0.5765491322286749,-0.5306784043216364,-0.46902448145031495,-0.4039017738501094,-0.357008954664631,-0.3620233101782616,-0.6515432085552829,-1.0487362649089713,-1.1278298922956842,-1.2246398935838836,-0.9743614013261993,-0.7439061461975434,-1.3902932391067233,-1.5266474193598383,-1.610184722172842,-1.4240114020466121,-1.2297667550670834,-1.3780172455006539,-1.730594322747368,-1.6424439696751065,-1.2453521223463064
-2.273705431791231,-2.2301123287287403,-2.155761109929144,-2.131268729481369,-2.0998567894534004,-2.0536583645820787,-2.010738248420165,-1.9771540992533236,-1.8890546021920798,-1.8642412620993278,-1.8296411107771504,-1.777373762796183,-1.7420407211345836,-1.7039031244815916,-1.669634839509153,-1.6272087784334812,-1.6060438803674062,-1.5728227021171441,-1.5003419572847412,-1.4280754995786646,-1.3450747112498544,-1.2647994127785747,-1.2052012694486538,-1.182438805695729,-1.087944470857336,-1.0367065857769986,-1.00580795349868,-0.9928825909836688,-0.9249281569407296,-0.8738309144492246,-0.8510755015790005,-0.7895497186220803,-0.7468945705528935,-0.7061703551656269,-0.6468472654140847,-0.6031250084849196,-0.5931513843676377,-0.5614048475107722,-0.5380909617884752,-0.5042138001645144,-0.47950830882517514,-0.47713271994180695,-0.4690559543137684,-0.42605916487017864,-0.40382015103386254,-0.3991494750573373,-0.3987213518492595,-0.3952778825617995,-0.3847470566453925,-0.36877213614451143
-2.3219491784374773,-2.303239297017615,-2.235679293553881,-2.2014002622119033,-2.179054843610982,-2.1055683525208044,-2.1064207162533557,-2.090744008649877,-2.042577642432243,-1.9922632028859628,-1.9505653396021017,-1.9302196820776696,-1.874563684403421,-1.8224510867173844,-1.7857770711255236,-1.7560744095781449,-1.7295069100573197,-1.705290260056244,-1.6373141207516966,-1.611746647959109,-1.5656217749335861,-1.4462362080128401,-1.4248652253364882,-1.406953348178886,-1.328435874640444,-1.2742501522482084,-1.2558161380953987,-1.2366429679609592,-1.1563548554361374,-1.098174904672378,-1.0538162831447428,-1.035675573414172,-1.0144845943216378,-0.9680025148762085,-0.896268508915709,-0.8902048071973103,-0.8728255292836147,-0.812255882145906,-0.775874167624028,-0.7630713243103537,-0.7486662115294999,-0.7194813132357235,-0.6762165446839382,-0.6116052754201029,-0.5819656919944612,-0.5900353632730774,-0.6076331585516334,-0.6557504193798668,-0.6662192163490185,-0.6800034956499552
-2.294361957009898,-2.2723654889955505,-2.225093001145779,-2.1948225259081164,-2.183278625487401,-2.1533355622617276,-2.135590909480942,-2.1008016356047685,-2.073603214402283,-2.0420385407543287,-1.9904440563354968,-1.9576426123632114,-1.920891983119284,-1.875037562947574,-1.8351962021468482,-1.7920908826345754,-1.7657992915887812,-1.7381607266224175,-1.7022982900343415,-1.6838340533838008,-1.6470716516345778,-1.6226847003106937,-1.590842441326259,-1.5419794837247576,-1.4059828817609694,-1.3673135588130245,-1.3739160241328763,-1.358401299414851,-1.3148931778035002,-1.305180665713413,-1.3011910393658501,-1.2192169898299658,-1.1815745264426991,-1.1664926576744301,-1.137244750501362,-1.0968626109186128,-1.0543731550171462,-1.0059376454280078,-0.9881865626242241,-0.9768214538912401,-0.9058401307837756,-0.8898089299000098,-0.8779505044575712,-0.90355903258206,-0.8925177975825159,-0.8875052536595424,-0.8879753546364171,-0.9031456153060579,-0.9283594400188063,-0.9664366739092242
-2.2620905793879276,-2.250376014981954,-2.201545144098057,-2.175098187191961,-2.1551507923573774,-2.133648592591109,-2.122200679381729,-2.1122761230137006,-2.058009416003717,-2.0207944726846745,-2.0036499365535088,-1.991182205946949,-1.9127800532089205,-1.8704293188230676,-1.8510102067804317,-1.8237252661044698,-1.8004441897587042,-1.7854802439512656,-1.7451499905721415,-1.7276391893430698,-1.7119430286152015,-1.6757891672794634,-1.6258867149770846,-1.596116500421429,-1.566964675000758,-1.5479023697101537,-1.5120871382175662,-1.4893751947879592,-1.4538187583935176,-1.4274024192677508,-1.3943058685792795,-1.3646069608488507,-1.3433971991576428,-1.3334579303188494,-1.2853260781605393,-1.2612731498713696,-1.2611273785769879,-1.2313138990879537,-1.2122693634842938,-1.2010793140665905,-1.1796941359596367,-1.168827394101083,-1.154193415301166,-1.1744487353632254,-1.2123237623050018,-1.2465224971504887,-1.3005986371222424,-1.2710292404141312,0,0
-2.235386863717387,-2.207650167282281,-2.170196160676512,-2.158908940648708,-2.1367612457022136,-2.112144291298198,-2.1010440238686736,-2.0825661518322858,-2.0667648945176382,-2.0434451879265705,-2.0185869064316595,-1.9993676297813254,-1.9604720227574344,-1.9314308512580751,-1.888902315318316,-1.8600599811571603,-1.845098821410996,-1.8234001926580907,-1.806234139312491,-1.7962994791380955,-1.7701761427020648,-1.7463369929044525,-1.7238695485041702,-1.7082233476939652,-1.6454602209158151,-1.6361942793195186,-1.630419372568185,-1.596371312953672,-1.5650585815062865,-1.5530548374713824,-1.5362185474852592,-1.5060625395739824,-1.4818591539271888,-1.462594908845036,-1.4489611115530865,-1.427655404861142,-1.418268484524611,-1.4084399452966179,-1.4023755019506272,-1.3802883229450125,-1.3770070124976297,-1.3823186107109768,2.1304667796264972e+38,0,0,0,0,0,0,0
-2.2029530850682786,-2.1906801057564635,-2.1563979858164424,-2.1435101852637968,-2.1344995212034816,-2.104957391795581,-2.0985681995090766,-2.0930993768517214,-2.063269414664671,-2.0621853356578046,-2.0409426256535066,-2.023084566714715,-1.9808973697012773,-1.978712494409381,-1.952015541032354,-1.9169361056581895,-1.8921906656190657,-1.8779479009798374,-1.838049145473102,-1.8297530209670474,-1.8204802020877016,-1.7968592301795676,-1.7899738095188191,-1.7788907316376728,-1.728717726430463,-1.721653517100117,-1.714719654161013,-1.694764727613099,-1.6623133287958924,-1.6315633466054102,-1.6207340974156839,-1.616915498939164,-1.6100688885626313,-1.6063056437275873,-1.6231669460046751,-1.6089556575594364,-1.600755988402629,-2.1893420446695955,0,0,0,0,0,0,0,0,0,0,0,0
