jsons/1312848000.json
{"header": {"parameterUnit": "m", "parameterNumber": 3, "dx": 0.1, "dy": 0.5, "parameterNumberName": "Northward wave", "la1": 40.97354507446295, "la2": 16.46031188964855, "parameterCategory": 2, "lo2": 133.9931640625001, "nx": 191, "ny": 50, "refTime": "2011-08-05 8:00:00", "lo1": 114.97908020019554}, "data":
[rows 22 to 43 of 50, columns 100 to 149 of 191]
0.6099238398287636,0.5898892107655055,0.6187527711457816,0.6199149061330713,0.5448107433221325,0.5178818364840078,0.5147578776842365,0.4936757511117129,0.5039789331816461,0.5270911769167493,0.5339325105477812,0.5461826752455962,0.5152056942565313,0.4942925057707197,0.4825299808343055,0.46708106658285226,0.47113816548976606,0.47072955950357165,0.4840502107526302,0.4887876604051454,0.48035476270350125,0.4615229504997088,0.4675906079655095,0.46492637271104115,0.4722807184957142,0.48819420012524267,0.48385306391097377,0.47901881126905105,0.47686818947225484,0.48136962083685986,0.4911266563466516,0.5072310374738256,0.5149318781248847,0.5189266440560378,0.5375522838204615,0.5462031705363126,0.5952663522722338,0.582791958863569,0.5909683538605506,0.6095870274691493,0.641610765497245,0.6472187108593361,0.6561390073445205,0.6838757918113106,0.6974624284506521,0.700555915564731,0.6977908538972073,0.7018752822462498,0.7128365827850814,0.6972631779666454
0.6492620583193803,0.6319842034657897,0.5890652107524054,0.5813947460623787,0.5707100550415988,0.5567901673018285,0.5433913774141461,0.5437305436087029,0.5195859897247253,0.5046049575163837,0.4939945781782114,0.4885139595635915,0.4687156584271909,0.46632798376595275,0.4677358686245977,0.46263920880905857,0.47045687705519784,0.4826524033996314,0.4833108979663392,0.4829510514797372,0.4699986005361225,0.4526756041067509,0.4814405228161338,0.5164619948982455,0.47834417345568364,0.4724379943090282,0.4697574899005699,0.45878243470156854,0.4699305562047757,0.4870140651221326,0.49457180112667415,0.5094880898398216,0.5098148828954499,0.5159827470355778,0.5655763146533137,0.5992883512675834,0.6014860488353817,0.6136120630520131,0.6229958582551943,0.6384898964928365,0.6684680307070964,0.6850200023956695,0.702220485896532,0.7100866044520324,0.7731429318078434,0.8025646680712429,0.822904461149964,0.8265871335950419,0.8118369131716904,0.823996180885283
0.7012573720071067,0.6971164430508123,0.6899459502942049,0.6641801900676793,0.6149613364605699,0.6044724342661691,0.6055169303477222,0.600437005356781,0.5879447940340083,0.5797559285357972,0.5670716502170697,0.5460518374864003,0.5137885765390648,0.5071598878139774,0.5108927958191657,0.5074340222730412,0.5041661474996029,0.5010348517810848,0.5066865124255601,0.5357422402053935,0.5532247725550271,0.5466327630018607,0.5350530785787017,0.5378100632072277,0.55050471610988,0.5459952147975377,0.5453574420248595,0.5570882170887403,0.5650302430320095,0.572284246885062,0.5689627444899007,0.5676784708109568,0.5763619494156539,0.5923208007959556,0.6334273498565642,0.6739341181680639,0.6956756347768441,0.7764265928787447,0.7959158373414305,0.8222692626257966,0.8561066595900517,0.8139923882610645,0.7385394082473907,0.5059031381889596,0.729044459418177,0.683840936111626,0.7612025695208966,0.9011128895979308,0.9035150519087217,0.8960015867573418
0.7120881576791093,0.7116565600852525,0.6811878142246208,0.6737402966917613,0.6822876445858179,0.6844759943653299,0.6965223780095313,0.7046122984947074,0.7005273012950446,0.7159736029105678,0.6903787614381514,0.6390172955551237,0.60705894826814,0.5828551704195671,0.5919477164947643,0.611775925649877,0.6100117421932678,0.6112972467709744,0.5914723037995886,0.579904998135492,0.5580369907917667,0.567056322964425,0.5673439121860059,0.5727739861913623,0.60197601664257,0.6148984843290265,0.6394398059863778,0.6419774137704711,0.6443469843638845,0.6505243571164597,0.6589333736073946,0.6719971059809394,0.6670768880519732,0.6630576590168888,0.6407160805469205,0.6568635579008262,0.6849667779149503,0.7464168395008854,0.7774163586460497,0.8112157911912445,0.6978345533455509,-0.1739768407802512,0.6065886084027026,0.5959957525155638,0.5052020636652033,0.4985827591225597,-0.5988550798582258,-0.6571615751036832,-0.5705558465128109,-0.03968939480668074
0.727877080848397,0.7144029077468628,0.719065251436612,0.715129607005549,0.7090098899145229,0.7157647073263409,0.7241436465383647,0.7342254761577063,0.7412479715643551,0.7466442989071411,0.752039375269179,0.7495999636025371,0.7064632073100889,0.697000773884676,0.6819530148615569,0.6716425188932498,0.677123081143602,0.665849739854881,0.6344580967792627,0.6232238065848729,0.6036617949513242,0.5982909545727105,0.5851364477895534,0.5814481424328354,0.5997764871313103,0.6135104432441907,0.6322106465906565,0.6513955202257519,0.6442424041756071,0.688967873430267,0.7211435776868682,0.7253380474393354,0.7126436515327271,0.7237631312705374,0.7557909558798087,0.7870229928618291,0.8041863873624029,0.7610153651367948,0.5693256653199815,0.6210310554444737,-0.09260141451990829,0.5485165560282489,0.607581538659724,0.5754528565833591,0.5249587687684738,0.5439750622435661,0.4517951620872849,0.4783248069725884,0.3540396649147892,0.3474352276235889
0.7518802657307347,0.7550918058767881,0.7455350974834792,0.740793829457072,0.7398964138028759,0.7377266260903517,0.7288451483867211,0.7278665731323726,0.7246765842889868,0.7282974418460456,0.7311062441941211,0.7315526244399412,0.730742175189211,0.7308425531931155,0.7239071535999118,0.6947222335097669,0.686262450608092,0.6663804719631877,0.678446224333558,0.6897789886309549,0.6881172288371546,0.6878956791963197,0.6799183139184558,0.6706936066415669,0.6952623303360149,0.7152699673307821,0.7327747204778159,0.725793021665152,0.7151659398274212,0.7144716266912374,0.7144570853750568,0.7169409168253046,0.7160811345900212,0.7030613084776739,0.6284453279141036,0.6292793375676567,0.6235620327895003,0.6195293611447323,0.6098317153628346,0.5937871686508033,0.5874963611230993,0.5840038438132868,0.5900765502342042,0.5145919091388718,0.5128163455554283,0.5068637737082313,0.5307618904369377,0.5943945640371445,0.6290042812303468,0.6589967342702507
0.7098947243427794,0.708431111469597,0.7107713874914938,0.7001368005971916,0.6975720320844924,0.6836748273351232,0.6575316293015735,0.6622460010759811,0.698313475744343,0.6846201898301727,0.6823309620727598,0.6974260856942432,0.6922456587056864,0.6926672781241123,0.6888285539005424,0.6903040724595756,0.6872807384593184,0.6921142021746507,0.7036387115628315,0.7168723556661081,0.722205792768742,0.7419114167412805,0.7523306984087135,0.7566044561370145,0.7693276156881242,0.6152342832148153,0.10280992713002783,0.30674158650660016,0.7576852761641141,0.7151314107502652,0.6837115500152566,0.6908117217115892,0.5360574862145718,-0.3909796352675072,0.41816915937602084,0.5421944777074703,0.6045935022995309,0.6418816425330987,0.673087691022996,0.6722435217826537,0.669352071629034,0.6652471302698473,0.6589772501160954,0.6785036714448712,0.6687705689825266,0.6638867092422734,0.6649596557292003,0.7039160852737556,0.7102534734308841,0.7317624934442145
0.7145661219285162,0.7130266161883195,0.7088480483468722,0.7076859491064811,0.7035123116417128,0.6849197854253508,0.6712905044021354,0.6620665469824976,0.6810539477272838,0.6758322459232075,0.675115133008331,0.6755459968225036,0.6747173351113833,0.6728036498609512,0.6684109176751312,0.6741168506527329,0.682513195034479,0.6983769164049738,0.7001877104203609,0.7033855572896518,0.7091102557163949,0.7261019166420692,0.7386182784170918,0.7438080685036191,0.7389196144908555,0.4875068474767135,-0.7320473853903546,0.6435798678678782,-0.45475652914406556,-0.5230753496451435,-0.39799220168077226,-0.3096959205591875,-0.3143875488299202,-0.31220959712471114,-0.30882442975867475,-0.3133559039745127,-0.26798752285276217,-0.18670050450520395,-0.1062234959965187,-0.05010532330624565,0.17434991879740866,0.365025065479848,0.40821346202669057,0.48034801791560233,0.6067019016008601,0.622551994748788,0.6627573498101336,0.735177745406153,0.7804734787812958,0.8421163572733291
0.7166732081851821,0.713234165119072,0.7232678752158028,0.7189143281681546,0.7157076055444744,0.7110399158958006,0.6953644322535245,0.674995202709632,0.67355803506175,0.6703568472996353,0.6515700034362057,0.6491935028115672,0.6461484058588117,0.6573232295129665,0.65448013148298,0.6594183062176472,0.6651649745229621,0.6710399412835231,0.6779041351371721,0.6808320059033878,0.677396116467203,0.7000364099814984,0.6941269923317414,0.7009102260561906,0.6943948380320507,0.6842676055776138,0.6549430945611656,0.6417864414088985,0.5127428215621708,0.40474687566688117,0.2933889517078318,0.18443059571281095,0.17937132195241665,0.17790234731606877,0.15384056712165184,0.1573673252020658,0.12912782562224878,0.16555245635379548,0.16601858040140183,0.18362259165149175,0.206458469168073,0.24018136764645626,0.2688940720290223,0.3883338953427412,0.41253598196593616,0.44622423833282265,0.5487268995711397,0.6140113704589412,0.6630833871530731,0.7136468958431937
0.7363865983799965,0.7408837767411858,0.7444526584243806,0.7391557031009203,0.7391094521642748,0.7141000599811724,0.7060398470351177,0.69171984749008,0.663956229655608,0.6627502568863812,0.6686617956330343,0.6709787860143424,0.6486496294309296,0.6650635373727938,0.6738332568423365,0.6828266771790948,0.6750446754112279,0.6679844841156994,0.666804882463835,0.6726405237160595,0.6787745264456384,0.6747192853163041,0.6786063735872754,0.6744588877215855,0.6576613248763421,0.6574335724765414,0.6578693402358538,0.6523249062435623,0.6684945186811674,0.6711195388202202,0.6653916081508094,0.6563960467857759,0.639493651885176,0.6130008076138647,0.612094702277615,0.5905111859419714,0.6118095025514166,0.6060684273017953,0.604456885955551,0.6269049197917792,0.5801802260634304,0.5823526946550962,0.5765841613767007,0.5688455790249947,0.5866934200759829,0.5826804539984861,0.5923793959272472,0.633386382158392,0.6448056378027539,0.6584487663811291
0.7260871231131614,0.663648816723167,0.3987991732486034,0.005575386505341425,-0.22225571263548952,-0.010342488635242843,0.47811494680347055,0.6277357163240834,0.6191285389908735,0.6420516000695272,0.6551293223339361,0.6631862989821111,0.6736043924069479,0.6718262376307182,0.6724912443418535,0.6724332228157123,0.686817123373999,0.6920272365785731,0.701635609848841,0.708389507622171,0.7193765399821671,0.724525861855121,0.7207611932164754,0.7105652561937481,0.7132483854763265,0.7161042542049937,0.7216545717339243,0.7178222531688637,0.7473596290041031,0.7532642179881777,0.7587337126514729,0.7691747055982233,0.7681086495712819,0.7705583930379366,0.777231892897793,0.7811146753168251,0.7862630588329618,0.7846107266404226,0.7746769342399374,0.7628551869831302,0.7643278163099297,0.7646231013910255,0.7643598708738748,0.7601208377577766,0.7599284824641609,0.7665441955735249,0.7740190641139508,0.7680901945304978,0.766805789861847,0.7712647025890185
0.713663426381513,0.7007970665603959,0.670825303004665,0.6255864988143633,0.5890527694006897,0.5795257527097886,0.5944960955856239,0.6055888265446886,0.6209991362864875,0.6200518889389354,0.6226919385364194,0.630969616464195,0.6619269018321685,0.668747407691503,0.6677868283676628,0.6601865747291145,0.6701155215326029,0.683081505173335,0.7102572332842946,0.7267742204260514,0.7295440010787252,0.7238012876901556,0.7307214659832505,0.7431211858085057,0.7249811451995756,0.7263867689663215,0.7568570194151818,0.7809632068596085,0.7806396241001003,0.7903493575698508,0.7914515552156324,0.7934736570285486,0.8084559273720067,0.8193475400308083,0.8286522255185311,0.8329707469002906,0.8109474296756406,0.8262899281037763,0.8389735617803523,0.8374819115910275,0.8365755939679589,0.8321026339700301,0.8297171225983372,0.8296474625309397,0.8304205829044267,0.8397749215001976,0.8431779812701886,0.8334673772469721,0.8371172678952045,0.8356683957977474
0.784933315642134,0.7781252557138707,0.7511334514834626,0.7175167779033252,0.703467781916921,0.6854057669971797,0.6820862604834251,0.6954893841680352,0.7183151809060249,0.7227878330076152,0.728690332118994,0.7346718873341188,0.7318868039943257,0.7285351695276485,0.727858976341478,0.7342981047900947,0.7355596507593499,0.737349573156932,0.7405226915927247,0.7407983128844627,0.7432437774890716,0.7550866338104362,0.7615801831911807,0.7667564298723397,0.7678804782668267,0.7729767519158685,0.7756773068593077,0.7758664878865981,0.7864545642826867,0.7920463910751826,0.7929535117059664,0.8025914927232007,0.8086816619523096,0.7827187717101309,0.7560045918583279,0.6078693446661629,-0.2246741782103739,0.2788164159037813,0.38627811819108293,0.3330987398631548,-0.15801792225541175,0.3635304563373649,0.7625487254372576,0.7047260937940518,0.8236575813997468,0.8635219134923113,0.7951004407091813,0.8332064448751306,0.8388887471680687,0.8339521400757548
-0.6563717954876511,-0.6434084623874338,0.4760490376231825,0.6660309105691046,0.773351659566839,0.777649587850445,0.7643283675895484,0.7571472559753376,0.7585808163330892,0.7642430265268201,0.7757496282539191,0.7836156267247231,0.7806233110323891,0.7876672113521832,0.7886516243195726,0.7866834132570695,0.7898969047281118,0.7918064735499047,0.7963321920800266,0.7970284161878545,0.7981049280925976,0.7972260467984466,0.7942939687516211,0.799399958567,0.8050667282051115,0.8094970676462765,0.812952992631648,0.816398955453487,0.8149226587002829,0.8146363940812883,0.8189851911038687,0.8202985628220617,0.827139032976332,0.8351487908901033,0.8428900663827406,0.8538076673935645,0.8599654118075882,0.8403851645748104,0.8481280993556869,0.7933170988438188,0.8423003784531878,0.8784561383608837,0.009267225428612464,-0.6778934703512945,-0.4474358697824976,-0.11146580008018292,-0.1934158439707181,-0.6618804177296741,0.7968375299500599,0.9088140767181401
0.8523923437697111,0.8048858653728854,0.07482194434853366,-0.6562848365547632,-0.4076746961800164,-0.8273831309352422,-0.8545272948522048,-0.21242653802388917,0.7555157180153589,0.7322556605169982,0.785946177976173,0.8089360268003158,-0.7451563064081579,0.8497642969106138,-0.8251242749748168,0.7054640920086912,0.7749080382232423,0.8145802949881047,0.7960510875360982,0.8198559032351677,0.8306557366807414,-0.36788550010546983,-0.08489000715271784,0.6526105578592014,0.7738402178111151,0.8134194775034391,0.832456856132803,0.8453125654412371,0.8482164480468689,0.8498977316441899,0.852536048840682,0.8597948883179729,0.8583206959378316,0.8601511004360735,0.8603668019272617,0.8696338747677652,0.879799219265513,0.8765055142222241,0.824351178151337,0.7657462272206299,0.3039698193589419,-0.430752377038196,-0.8936083363896693,0.6577463042049314,0.9084434185200955,0.8474017780022653,0.8063072922017299,0.876260157254952,0.8487236062791934,0.8028484114594954
0.9211203634487144,0.935577509814205,0.9003088582108396,0.8861893891895498,0.7766469029900157,0.9150842333451159,0.7176299861345984,0.6338376248687813,0.30712316550023844,-0.8421412137159332,-0.8897562341687638,-0.6754157924042582,0.8048292232612052,0.6617939549834073,0.7975530477752061,0.7408680948633265,0.4655769532539535,0.638268030857402,0.21615086948996867,-0.6267473652120774,-0.9003910439978435,0.0015672516553595255,0.30950213402062093,-0.8845701040384177,0.5767041690294212,-0.40498927532571405,-0.89906348784749,-0.8583398967343131,0.6743002167184323,0.7913647863245816,0.6936503405647779,0.8111484402264207,0.8418918080699958,0.8720623575455935,0.7538902386901097,0.7026963999872194,0.5248507527870683,-0.28817476116280644,-0.8770283793479894,-0.1575594861563996,0.6502073852432697,-0.07806337798431867,-0.5163866030061361,0.027481954478568892,0.5199375733244395,0.7472436498469313,0.814234756205679,0.8470190865342084,0.8602909367273215,0.8729388879114236
0.9036473527436608,0.9090128182723003,0.9295457349832522,0.9413921630483181,0.9502336966288153,0.9672597211303586,0.955647114599276,0.9396306505155121,0.9654157273641685,0.9476192552853256,0.9146930452691541,0.836608042428314,0.7163304356064477,-0.1949625769329327,-0.4534259816052243,0.6980156753678742,0.9071161492182447,0.8491041205935623,0.9244741622860481,0.9017183294419889,0.9309549115725262,0.932709809834346,0.9356083524248346,0.9368658504412254,0.9374369834059261,0.9379905710103745,0.9439859818000038,0.9413556479365217,0.8217430270198958,0.6899651606308701,0.7211337266133421,-0.15675096997301272,-0.6119773217313538,-0.7653707162667287,0.25797541724414524,0.7988038622317671,0.9107080029779978,0.6936012110234431,0.7009165115417747,0.8471943587628663,0.9161235293743272,0.816931281347782,0.6744546805798143,0.694237783732624,0.8199840658007698,0.8687901486850894,0.833603324871039,0.8211210081514156,0.844115430863739,0.8701596803696843
0.9281783616910979,0.9204623407945134,0.9280685026169827,0.9311683409004791,0.9374885930207777,0.9715158110606897,0.9794002718834983,0.9709337350026368,0.9808671108814239,0.9788187505502068,0.9591094860612533,0.9688182155970089,0.9740441979144924,0.9713202870723913,0.972182827262465,0.9674762147622217,0.9520771194832076,0.947264312677286,0.941663272087144,0.9372427232311148,0.9451294939239182,0.9541049039561739,0.9558498013363371,0.9605314482670306,0.9663907393244684,0.9696283000602605,0.9742364304953625,0.9739888854195086,0.9766299731766048,0.9829588943375929,0.993239386712266,0.9962718548033658,0.9715179650811648,0.9593437166612993,0.9419582626129802,0.9393611128089203,0.94268670862913,0.9450311867210531,0.9392996894780423,0.9336677517761953,0.9305862085361029,0.9277944488121149,0.925139307919092,0.9118403252248711,0.9066390975099078,0.9077127260479623,0.9083671306051903,0.9016411498543486,0.9015290346757471,0.8987331631499129
0.9108239204684446,0.9202282929017142,0.9253427026978251,0.9236780388506469,0.934989419238162,0.9573865505621892,0.9713566681701163,0.9769795913336733,0.9857908467430287,1.0070583591339373,0.9956895268723017,1.0043028016502853,1.0037986896196556,0.9871903530968691,0.981755458079149,0.9781585637698768,0.9669932377984055,0.9574155007607725,0.9636706867092314,0.9708846836535859,0.9761687070316811,0.9777959975012408,0.979162486534014,0.9923102675185406,1.003231915756574,1.0099869183718484,1.009884963416226,1.0059896122658376,0.9980572839330186,0.9991604964379317,0.9981128769599936,1.0005627861900912,0.9918979449131495,0.9949913637484763,0.9979787089598832,0.9864628401016973,0.9749307329606914,0.9673989188744458,0.9606023811492195,0.9524091157593987,0.9429278538582838,0.9350710602214323,0.9276010573698962,0.9140639816982954,0.9054457677464405,0.8917488637216445,0.8874115785091046,0.8839399253473713,0.8742023373368224,0.8606129866792108
0.9341274963946659,0.957321022927041,0.9526235852138645,0.9701664002551011,0.9902419932483765,1.0132187962943608,1.0354559105442178,1.0497146070950834,1.0336962837521553,1.0263306978943993,1.0273376750781402,1.0215199778689712,1.0264387500467396,1.0154840536920915,1.015330635651568,1.011780157121824,0.9995365449282865,1.0022843286511818,1.012138846561298,1.0102217865312058,1.0022271416039275,1.0015799149346873,1.007128268526649,1.0072403421078324,1.0096064696222395,1.0088547263044945,1.0020487852452655,0.9993211018221512,0.9991219043338792,0.997778814328868,0.9919290273161633,0.9830754756818533,0.9787254205113991,0.9742360580409473,0.9609757749569366,0.9527063321677856,0.9519353316170651,0.9438112840247551,0.9350688374216092,0.9209356028140617,0.9205642467322841,0.9203564743128066,0.9070412755311706,0.8956201566806328,0.878786746247063,0.8438741732332269,0.8173451803110504,0.8198940572543221,0,0
0.8691149226677962,0.9180577373204643,0.9497620108845172,0.9667591173199679,1.0026925970065832,1.0324275102135374,1.0306772077684152,1.0188913637372488,1.0092565413864396,1.029786453086583,1.023808851812742,1.0251452714543785,1.0317200897238128,1.0332595089169603,1.038703203832881,1.044156720030861,1.0406238479333936,1.0429319314590713,1.050232194114875,1.0590236596071068,1.0385930491554518,1.031665249050947,1.0283894376317746,1.0289688044131124,1.0427043739127497,1.0492735429527686,1.0408957005113963,1.021961654225668,1.0007699868832698,0.991537681285213,0.9893537377130044,0.9781221925638001,0.9685580657533872,0.9610261541521775,0.9491928809899766,0.9427765641879936,0.9416040854813469,0.9344850039832377,0.9208065126356175,0.9032918612356151,0.8927967283239251,0.8779754757358875,-2.928869944843556e+38,0,0,0,0,0,0,0
0.9648080828449682,0.9797745857815575,1.0215049135323921,1.0411506432576108,1.0281698453221755,0.9986519269839734,0.9948386654944287,1.0002214361259663,1.0145270324766005,1.0144223434423734,1.0163587601043826,1.0200143852141035,1.0428509888251538,1.0359962160920788,1.0323900806101864,1.0371030013252471,1.0298816605207841,1.0257989284853828,1.0194438401160475,1.0159097776567292,1.009900994829966,0.9945987820210702,0.9850097948381112,0.9786824263553937,0.9896512395417135,0.9826106229915191,0.9786821458080381,0.9704022680387703,0.9454285738879203,0.9234527789893713,0.9159749653206964,0.9167691686238886,0.909531240360673,0.9025928465347519,0.8738919258287555,0.8522871991787224,0.8501488932083596,0.2501545660841921,0,0,0,0,0,0,0,0,0,0,0,0
