jsons/1312923600.json
{"header": {"parameterUnit": "m", "parameterNumber": 2, "dx": 0.1, "dy": 0.5, "parameterNumberName": "Eastward wave", "la1": 40.97354507446295, "la2": 16.46031188964855, "parameterCategory": 2, "lo2": 133.9931640625001, "nx": 191, "ny": 50, "refTime": "2011-08-05 8:00:00", "lo1": 114.97908020019554}, "data":
[rows 22 to 43 of 50, columns 98 to 146 of 191]
0.5783985855828173,0.5706677980929098,0.5734066815752533,0.6013760802118958,0.6200965941219418,0.6279291269356899,0.6372174188597572,0.6404163659775638,0.6444245808761504,0.644147006645497,0.6313196618038608,0.6155518590654353,0.6181503798034104,0.6358010560942955,0.6237212996129037,0.6510467632224008,0.639774730807605,0.6351946379945511,0.6343403823798236,0.6344591019026875,0.6221862384170478,0.5909009136051082,0.5994701432264292,0.6173468656932486,0.6100547306398819,0.5801130717769207,0.5559708091586099,0.5426356286392598,0.5382695775581032,0.5229831455634036,0.5522644870292818,0.5454137192996484,0.533342889586178,0.5070649617792836,0.4906912241261189,0.4715913122382435,0.4031293257657284,0.3938994695339824,0.3829207882433507,0.38294016264774755,0.37537064776919504,0.38347361418345294,0.28440087095301975,0.28391219234689047,0.27817003353878994,0.2379245798573536,0.18680794168038337,0.2030369862276246,0.2532889660068481
0.5983313151931837,0.6158160014221286,0.6226293630663505,0.6289614464570095,0.6338852308254443,0.63505721108568,0.6394676818442817,0.6400534103222111,0.640568925406662,0.64372262547452,0.6412412942392852,0.6422367411646868,0.6425930054288362,0.6359728902632441,0.6242490141626535,0.6072176090970448,0.5937750015885738,0.5918741778713917,0.5931683582243366,0.6016609635843004,0.6079190090588913,0.6070899285310412,0.6140339762830689,0.6197309487342382,0.5775436309161194,0.49359244987170176,0.5234272271180002,0.5318731791978151,0.5403432399770421,0.5486726503664662,0.5225603004797181,0.4860127545795741,0.47141087450407315,0.43443434282443427,0.40537655629977914,0.40099524921674096,0.38544926057955003,0.38248164729146594,0.3785006208754978,0.3286836411132763,0.24595761398970395,0.23866587968228564,0.19189877206609127,0.12176395617809112,0.16639493894428764,0.2812203254188994,0.40595220100188867,0.4279450438226692,0.42945289030332706
0.6189061354423494,0.6253443370059923,0.627391728102945,0.630688345526088,0.6323335768363906,0.6351681964101483,0.6398652569846713,0.6403775612065908,0.6441976359971344,0.6449279150855001,0.6453719026548524,0.6476090568086385,0.6536401830817745,0.6431955459393924,0.6292645420872093,0.6191515213020016,0.5807472765391427,0.5590131502192751,0.5572619402520913,0.5474100229736629,0.5266835396021886,0.5369990931530433,0.5441136878314838,0.5114305023610294,0.4872265407096264,0.48887134220477246,0.4936414791843493,0.454049782099401,0.45215371631702045,0.4054321984397401,0.37552681616445416,0.3605556297657751,0.35228276015895,0.39471364642518303,0.38140524802763737,0.36651988476535163,0.3140892483700005,0.3097722507102848,0.38981267949095594,0.6256339841781374,0.6369197344008094,-0.46545962573562083,-0.505691671443564,-0.5825867067580021,-0.4534619954060772,-0.3651276912313434,-0.4106552238846932,-0.4041225342601457,-0.46917834719887097
0.6084990878246397,0.6118546820126538,0.6057029328380454,0.6089158407526966,0.5998377901733897,0.5986898309221753,0.5957919390467672,0.5841993475796755,0.5555693456558607,0.5279872351521574,0.6149298694452502,0.6327069237530408,0.6032819869019339,0.5844729888019058,0.549827187706451,0.5360517905142835,0.5104169292376555,0.35597043146009943,0.4150694624429939,0.425914675681152,0.3909947919454376,0.37568975975011937,0.3551645565312003,0.385862832980026,0.3812677716546039,0.38391819794610527,0.293784185010351,0.2467437531625846,0.26553583686791865,0.26104348450187254,0.21602410986701623,0.20715405678275836,0.2040080142512268,0.12246346852004587,0.2785618559063167,0.20160493295599846,0.2629787918274892,0.2514851447417538,0.11689364371133353,0.409821164912379,0.2891524511734657,-0.524975379938742,-0.28412428739190004,-0.3505426871282152,-0.3676768095215323,-0.48879758716521843,-0.5159947630766167,-0.46881254356291924,-0.32116570951095924
0.5762513473324948,0.5220425084486462,0.5317020030117188,0.5264467928340382,0.5308791619124174,0.5320711569925135,0.5327082357797276,0.49868602835433645,0.43592121946522916,0.39892310909258366,0.3191489071773707,0.3217776901287908,0.3511020061178255,0.36217519512159996,0.2888401599392444,0.2987669080944375,0.36015995477253737,0.32435578722560926,0.2949661378650979,0.2985274867716056,0.3502267604083338,0.352694757087731,0.3550987293998074,0.3346598119687922,0.28262215384537825,0.24003969951915613,0.18248462238132565,0.22464503672421807,0.23620444344450883,0.2920473395509574,0.22603187081931514,0.5331724329379972,0.3493221965972914,0.48651464825721263,0.3715190949919094,0.4200855004606488,-0.2423114111345711,-0.6525514574727203,-0.5735069929206453,-0.643845779151152,-0.4355802785256983,-0.31892371592053637,-0.6243655146066937,-0.19921699367680357,0.3151244993388876,0.4232228221401805,0.5002526023552929,0.5281602479447642,0.5610768501911733
0.5501394470711612,0.48203818179760977,0.47400472388045395,0.3457690086802897,0.3273488417418745,0.30908548532208735,0.2821992946652709,0.2663813450008359,0.3484895393594175,0.3412812889981019,0.301576206916446,0.27716411786959616,0.2922386709190712,0.30580083571753675,0.25619815782157296,0.17622975570089391,0.21123053290258714,0.3526789805014076,0.2929313810909174,0.2588028355454212,0.20714105625234994,0.16722956882219348,0.18221906241271038,0.2448869626450256,0.2708833190019559,0.3275529184632356,0.40958090982695183,0.42969089262753896,0.5022458720524672,0.6288405519098689,-0.5887003860105728,-0.41537453797404617,-0.18493539528232217,-0.20476378193968434,-0.5853020217607108,0.6378002896335646,-0.23027738373727719,0.5953660299118475,0.40402776959611986,0.13220692857237762,0.2306557812084843,0.25067536952226754,0.266968303654934,0.2821183062112,0.33005820310406747,0.4206972116220328,0.40587945197792136,0.3925652225712675,0.3609503594704849
0.509007809376296,0.4770117083627955,0.46711005954005996,0.450793373528892,0.3807783708976651,0.392248791424098,0.4061151969390127,0.40535778149642304,0.4151241467154735,0.41625814665368355,0.4367557625085644,0.31539235784338127,0.27959957187234286,0.28344808066112354,0.3323573168426211,0.3887764611885287,0.33617111224853585,0.31455399530767997,0.28243148611951546,0.24434484074823737,0.25399746228372194,0.2670407081002409,0.2530050880621046,0.3558128964235429,0.35695593210358023,0.6194489285647476,-0.5339587626624064,-0.24051752452047281,-0.13595184654795192,-0.1261965302053049,-0.22352972052602157,-0.2548844260620584,-0.32203495689221795,-0.4087305748981919,-0.45463539413511717,-0.47885264506584807,-0.34654053214891356,-0.46862550333950637,-0.5704072353900298,0.31717865618965635,-0.018687200372469088,-0.5750631021221759,-0.34380498005115173,0.3287846049216807,0.4901273880811488,0.2606978819839705,0.23501875778587022,0.274749665723308,0.28663747238742415
0.4480207196948735,0.43039136066504585,0.41483879038454563,0.38358694653165715,0.34386068277305776,0.30601476730771277,0.30242107337427127,0.34209784287595274,0.37059559709085876,0.39625201828166895,0.4081730662234176,0.3821777797152159,0.3497476677507423,0.3328136923722101,0.3159285177993803,0.3576929416554465,0.3254846741078176,0.2542437766260212,0.22646350718741065,0.20246449846926573,0.17379925805254778,0.14773222540992714,0.17889881608350783,0.26382525372687843,0.37830355465698695,0.3888674337057282,-0.5287109924169633,-0.22400041781047694,-0.0527741208919592,-0.10451111947398302,-0.4108927267912429,0.0836009282492986,0.26191966752594537,0.3649322248209216,0.40372259128306176,0.41984417319047257,0.42652320156359647,0.44872041951522446,0.49913325187604624,0.5328195089793956,0.5891958600480304,0.6024596258989647,0.5483540419922963,0.5095297345024077,0.5190273337257947,0.4634749440112138,0.29583648027569537,0.4481279066196346,0.5371071955394408
0.43012102194949614,0.3369672637320771,0.28271508524332645,0.26205880286086736,0.19298179682614663,0.1811801159086488,0.16011998092827173,0.1943479480846492,0.26093727314028015,0.3304508891319959,0.37265100362802384,0.3760521595309917,0.37652155229228235,0.39056025070461636,0.38633496606894346,0.3608151038573186,0.35595122723922057,0.3266214041044984,0.31866029910454435,0.2842575761803521,0.24479142588374223,0.2278354470444575,0.21027011771985127,0.16094033878187747,0.1386923312249328,0.13221704352013183,0.17481905980842252,0.22675577757064128,0.29234789074919404,0.33973691887670043,0.4870684949981338,0.5109893154115781,0.5240222493171489,0.5348037088802658,0.5300265088308812,0.531282507246977,0.537235722913675,0.5415852751486093,0.5448494309833701,0.543785690729125,0.5383184601079305,0.5415412804828957,0.5331838820280865,0.5135236188403617,0.5057454763916798,0.4088731263016591,0.3436832967950801,0.36593975273819535,0.4891587948299767
0.49481863358839673,0.5549645300650544,-0.25074158279784275,-0.5784305352450841,-0.3956886917575955,-0.5343443124980422,-0.5804086790538863,0.38465491157153,0.3350932711659887,0.2793371623779442,0.375042427863823,0.3673961989184651,0.3718832255762622,0.37745334274721687,0.41975158442768695,0.39017461263960623,0.3809810189395064,0.301889681158262,0.3250915543570386,0.3535022808731291,0.27436292109611476,0.2306599853207084,0.18714871961888133,0.2029167837036103,0.18735502351440664,0.16809087279108392,0.1584248413540233,0.18408236340286255,0.17771679883942026,0.18272803765631496,0.22308640582687342,0.258675738850169,0.2853075141047503,0.340536090351013,0.3480507072120623,0.3702178527860616,0.3959976977237296,0.40577045093921044,0.4106921601888825,0.42113391604948014,0.4188954738832551,0.42346350636480934,0.3812085674339802,0.3530983378790891,0.35249267227168707,0.3347631227129084,0.32257872337235616,0.3546340732423204,0.3395435427213635
0.38374738758833776,0.2865518046145048,0.2957226345934485,0.35183484629923234,-0.558944596282683,-0.5522796789091523,-0.4880757469841938,0.03651414427518001,0.34609983279497825,0.5203872340713926,0.43826717894304773,0.4243952558938681,0.3942618244887519,0.3818922206316445,0.3222228124550694,0.35127208266463905,0.3635380149315182,0.37560035851596824,0.36145396652277606,0.349699042870377,0.3103724455549444,0.2494183364261532,0.25093090018594216,0.17764670025196624,0.17384813996455123,0.18272574701680722,0.17744836689526497,0.1659182641507046,0.12734561662445582,0.10351683065365246,0.12883857578029634,0.14112724119139458,0.16332928559849347,0.20404098458066036,0.23093739998843338,0.2435877884072926,0.3174927240964926,0.29328074069001014,0.2535306528910153,0.28479102986772714,0.29243438001612865,0.29402989380596684,0.29760649625425495,0.30489706098007635,0.31072827346994675,0.31694882415909803,0.31788650147894354,0.3228320400663704,0.3306189045794442
0.49143926233380253,0.4372821634684472,0.3882528703954221,0.3896800043878241,0.36287378462013853,0.40476835437552705,0.4221623261168849,0.4255436306538964,0.411064368203533,0.3907214144893079,0.3762073154905375,0.37678403533211524,0.35460725420939754,0.344843388888443,0.33977215512631775,0.3403966228037794,0.3343687116425611,0.33712949680665916,0.3407386445749901,0.34185846530005076,0.30220191011720016,0.22647506890931754,0.22509480836141738,0.2301994285861795,0.20925336063801275,0.19417774705846624,0.16794220262138956,0.16015564460681556,0.10595837341364493,0.025031690251284336,0.08664800791477846,0.08725878651920416,0.08895618482487631,0.10176856432972173,0.12456479789859165,0.14495992221508305,0.16109429802778008,0.1596663312280048,0.16386800819187924,0.16127715602764242,0.1857194402106639,0.20116529189716986,0.2291261309112306,0.2658471078542714,0.2933464295143618,0.30393909489731497,0.3118633688480709,0.3114958969338052,0.31052177268704606
0.43706160967326024,0.39856429049014397,0.3896600008500588,0.3604478352791333,0.3393768841215261,0.35007047918700696,0.3494529436770823,0.3513650751927922,0.3269277943430858,0.3204324006869161,0.2967481274443172,0.3035013397564872,0.28625981938389955,0.24311069830477075,0.2808944643929238,0.29613149232812935,0.32082204775599504,0.34149397975758533,0.32406528968552445,0.2878517990162535,0.28663027314804745,0.30431862645927077,0.29170305714447475,0.20797075494515282,0.20692038295297496,0.21840906676596303,0.21939700057308759,0.20141653453581895,0.17259711230419428,0.1364773316630464,0.09165200974718937,0.09592134625947514,0.10514231259249655,0.10143386810401517,0.11589588431890992,0.09802075870632901,0.18067756850221575,0.26796347457730685,0.5107766791598889,0.06953834883363777,0.41454486346711805,0.5758496586071944,0.346035666420819,0.26403645507015194,0.19333476181597123,0.20291709041966108,0.22176595943562347,0.22290688196699276,0.230078233352404
0.3785507594832628,0.33172521064147703,0.30204043151846105,0.27829697067442594,0.25126254912895724,0.25208949620880555,0.26864509716157753,0.2653559267027317,0.26415472065914086,0.2665597766927663,0.2600177388832967,0.26128594981516834,0.25406871553276217,0.24168769929096404,0.27628310993726046,0.2832659774529331,0.28413772888174305,0.26087613384774117,0.23947260186312327,0.2320678112551255,0.27758403212132193,0.2643947298225872,0.25168988524829156,0.2247669873407382,0.2180900327857681,0.21583375557145298,0.22767725832620475,0.21867264057186547,0.17529648056303104,0.1412448160752931,0.10989165700775098,0.103393787649141,0.09839153626402367,0.06533089954582083,0.08729878320027008,0.11422817646823645,0.18688175089032286,0.20812443846568326,0.21085675450631222,0.2181027259416376,0.1811131394319999,0.19274989825557443,0.1981532888359017,0.18670755203196318,0.15685331317498946,0.14944621448389925,0.1599671243533654,0.23866581048860633,0.2560344660887397
0.2926354290857351,0.27030122652679195,0.23692050258030495,0.2144282947653921,0.18350444414684144,0.1615207134882076,0.1450000663001454,0.1753805056360567,0.1839951187648714,0.19486044634840027,0.16535014769065062,0.18501044308400358,0.21767692396625726,0.22986923505313123,0.19426936438744097,0.1670551053867204,0.19912297401028836,0.22438808976427518,0.21821695216114004,0.20272958388001086,0.22369104103938067,0.26179605219172986,0.2740183801643759,0.23162533625982004,0.22497398874550442,0.22128859617497634,0.21948968623815718,0.20477919779619078,0.19842810578326014,0.2166817132377012,0.23419491881264604,0.21717168202929832,0.18559464185827323,0.16111792783463877,0.1419230143700124,0.13717700196142438,0.18486214432706605,0.20300777619259,0.22312401410682847,0.3701590930537724,0.5723105847776176,-0.34453971184631177,-0.06689667550162559,0.31109903813064066,0.4690430645983048,0.5520543369516686,0.1637649728606111,0.6038705131332642,-0.16719007615514014
0.1792768241608581,0.1956616128666205,0.1983177680164595,0.20675233365570841,0.18215980366268547,0.16449616345917553,0.1381429864974685,0.10357289905749659,0.09635487330194664,0.07538081868910011,0.06309336108327487,0.11355901214849566,0.13514912772556878,0.1492349747317993,0.1789249648689622,0.16153534511857334,0.13136314853733438,0.12063390959957628,0.13587427209993233,0.13852412202519,0.14205125549971315,0.1389393865635089,0.139266959801232,0.14693530622749085,0.1464269989329536,0.13649154171503933,0.08774695549729611,0.1408401848553153,0.18682167558998322,0.2172031097542598,0.3610405100050339,0.38087161641998596,0.28442846072953637,0.2045461642961481,0.17595014869170958,0.15439368655753255,0.20582321150946517,0.2092724591650525,0.3487520117460425,0.6139789530985451,0.46600437253067195,-0.5836777644175,-0.40610569543642144,-0.6156704593215713,-0.6230947419613276,-0.5196627857808205,-0.44312040382167367,-0.286439060487804,-0.2566692594435583
-0.6331893553666849,-0.6341514943444636,-0.5748841533071102,-0.6304080516800711,-0.5604354261862784,-0.5123066552894128,0.645638608047316,0.37879124843565126,0.3174991160516354,0.17887553787890584,0.07301061562301586,0.06969414170374201,0.08832244003973144,0.09116873583305331,0.0865277234344389,0.10193831392216912,0.1076196860551306,0.07702856713543704,0.08333591716120001,0.14324647466966464,0.16157528123955742,0.18014843006789275,0.22509959964131154,0.23929065110672287,0.1102422032829659,0.05360024547258108,0.07941477632217,0.0912055089600068,0.09825373740877405,0.10258850969361102,0.22972636650981484,0.23975320268492378,0.20463591969671638,0.27606238635451785,0.3840854797781912,0.39779899982388695,0.36881294639119483,0.22616023172660543,0.13800528110727495,0.630980041376895,0.6373174328060056,0.5101575668503544,0.1771823745745414,0.5931596753691225,0.636419191793813,0.6323242208882416,0.5302182006555997,0.32532386336962604,0.6246608488297256
-0.13683907933205383,-0.1122799262928575,-0.12258929317278183,-0.13263052860673216,-0.23535943866300524,-0.30665450710002523,-0.4314537078965097,-0.11708678760471876,-0.46000207176867297,-0.6501967366280609,-0.6204344337415325,-0.5663950978889601,-0.2182164380629783,-0.6456626387125416,-0.2506197408698874,0.49538645939705134,0.5265485433902375,-0.18533464629494192,-0.6412358714153944,-0.6373240366394406,-0.5197795870066826,-0.5564051888760341,-0.5999157274871312,-0.44564225810055813,-0.37491294193275454,-0.6513703714362669,0.2459110426274758,0.6378565039420685,0.23010083157763586,0.6592439386192257,-0.22098600214267936,-0.5151218249995433,-0.6246673933745618,-0.6490912579878629,-0.46310412312900356,0.09460001112296303,0.24477636071007233,0.1622352083260433,0.6005350442799325,0.6404582950574469,0.6455872097676613,0.31316736739946877,0.52313465757433,0.5565364111585385,0.07849777723994204,-0.5619638708964557,-0.0933450220475934,-0.2123895240950053,-0.4798650296534358
-0.20213600234848747,-0.20337397562778417,-0.18497143717112394,-0.14180621548530425,-0.07927953313356795,-0.022869146024967882,-0.029299397117021217,-0.08506376849395851,-0.08740490700368359,-0.08972280286621047,-0.0882209874409891,-0.07066184935019007,-0.050560422885582046,-0.02777161884388055,-0.10223825774725386,-0.14671607786970595,-0.1421201087290847,-0.12609750160806343,-0.12014806496193695,-0.08662190713681855,-0.035300836432604496,-0.04522919151588885,-0.058305239685474984,-0.0690195789265813,-0.13669186090591123,-0.0669202504300884,-0.14792406429580693,-0.08689267415922308,-0.14500937609051434,-0.21501680834787523,-0.17734713264969615,-0.1041814207925585,-0.10854312808626088,-0.39392461073790125,-0.38545147168745614,-0.399644688387351,-0.5320876060578152,-0.6689142132284059,-0.4218752854127226,-0.3785088728537233,-0.6139707539172724,-0.6715034330394883,-0.5811332479125959,-0.4010539037555954,-0.3849169476632808,-0.456765732906064,-0.4002299395551569,-0.278118805652951,-0.19468739227729015
-0.26764237127174,-0.22874613987252623,-0.19105843682947307,-0.17748488274825658,-0.2040213171798257,-0.20285636826269987,-0.19456435501106803,-0.15435286016457536,-0.12879742703695454,-0.11818416334980511,-0.10918540876528886,-0.11382802717945481,-0.12491850029948579,-0.10394553347620031,-0.05449891478633184,-0.035555304042745824,-0.03170246953476546,-0.07762447548894176,-0.0952458576860263,-0.10920773637754266,-0.13371535833817985,-0.1481500947693212,-0.16311558985499922,-0.145226269791231,-0.13124393664873205,-0.12850532256515268,-0.12904860410548796,-0.12341346441719118,-0.1252530576622768,-0.12908841354849931,-0.139699788531731,-0.13933780104674887,-0.1441053218963032,-0.15532138935108836,-0.1661289430376566,-0.17517527979592631,-0.2378861748478715,-0.20960117685309482,-0.2288740641952961,-0.2866547004734572,-0.2757231478055911,-0.2602730015522255,-0.27461068634307634,-0.2825557485965015,-0.28455084660220065,-0.2346963571637977,-0.26358668501661114,-0.30156973126681913,-0.3403056106382771
-0.33308477957895427,-0.32602241121405123,-0.366540636312821,-0.3831594623782033,-0.348132728972375,-0.34741138312034303,-0.31409759910210444,-0.22874273337097045,-0.25336604530530576,-0.13250901339849586,-0.10041339450742343,-0.1088320854320849,-0.11110361652625927,-0.11233830789526605,-0.12246376154160551,-0.12013756046834576,-0.11642833640250841,-0.123487875531551,-0.13611497905753375,-0.15630668632115294,-0.18916164991375908,-0.1812905043295183,-0.18075656286263367,-0.17872098334203831,-0.1786298664940947,-0.16914667989521043,-0.12916439131785215,-0.12002814979299048,-0.13506201845254076,-0.156279474120116,-0.1812771404771404,-0.1874667452626419,-0.1937467486748144,-0.23690624549892922,-0.2514660598558997,-0.26159209203380845,-0.28807163181645085,-0.29999244522432505,-0.30686401836756955,-0.2982442233477459,-0.30233015046435713,-0.304971463795689,-0.31215022735215864,-0.3242404034836049,1.6724366548435867e+38,0,0,0,0
-0.3765382748296064,-0.5354544528786775,-0.6000611278926655,-0.7356861106518999,0.431364969720419,0.7780045981796676,0.11803446555083598,-0.599526169068191,-0.3200494530628984,-0.3450070890589038,-0.34796011055955,-0.3144820452962127,-0.20171876404282932,-0.19395405904242474,-0.16404774372812186,-0.16996146114592495,-0.1899379987303132,-0.22251188302661343,-0.22636485633372327,-0.21970356489242324,-0.2069069064237754,-0.2036567155891383,-0.21341042988244646,-0.23931918310027317,-0.25006257142761923,-0.2509375060511486,-0.2302727379070569,-0.23531201228070942,-0.2333232950781299,-0.23935774658397393,-0.26282176194191115,-0.2702891960500136,-0.27144651167438666,-0.291078325224198,-0.3066103440170032,-0.3227491780091345,-0.3635891427526797,-0.3765605405469959,-0.3780984071203771,-0.6804722646610899,0,0,0,0,0,0,0,0,0
