jsons/1312509600.json
{"header": {"parameterUnit": "m", "parameterNumber": 2, "dx": 0.1, "dy": 0.5, "parameterNumberName": "Eastward wave", "la1": 40.97354507446295, "la2": 16.46031188964855, "parameterCategory": 2, "lo2": 133.9931640625001, "nx": 191, "ny": 50, "refTime": "2011-08-05 8:00:00", "lo1": 114.97908020019554}, "data":
[rows 0 to 21 of 50, columns 50 to 99 of 191]
0,0,0,0,0,0,0,0,0,0,0,0,0,0,0,0,0,0,0,0,0,0,0,0,0,0,0,0,0,0,0,0,0,0,0,0,0,0,0,0,0,0,0,0,0,0,0,0,0,0
0,0,0,0,0,0,0,0.009095817689056887,0.008162138496739947,0.00581008867256446,0.005248590253338174,0.004192502273797895,0.003497872638129174,0.003192309621328876,0.0029645914181092798,0.0027863796999156613,0.0021732125989160703,0.0020123790937505597,0.001632156625394434,0.0011163284955673335,0.0008102021543635982,0.0005467805047327351,0.0002633890110721464,0,0,0,0,0,0,0,0,0,0,0,0,0,0,0,0,0,0,0,0,0,0,0,0,0,0,0
0.030787301737618733,0.02874786759184529,0.02616189885539467,0.020705102517987743,0.020145091559503607,0.01852888146476552,0.014173096472123344,0.013506069408652021,0.012159894865857336,0.00825989995116742,0.006688872315236804,0.004766572368244843,0.0036384582498098497,0.003168070431130943,0.002722838003461598,0.0022535725355356554,0.0010870274055002405,0.0005121057544136781,0.00015282690929678381,0,0,0,0,0,0,0,0,0,0,0,0,0,0,0,0,0,0,0,0,0,0,0,0,0,0,0,0,0,0,0
0.0366360944676101,0.0384690696086983,0.03812867491816581,0.034703820553573635,0.034112388641989524,0.03224268114582853,0.02456489059564417,0.021635284126532973,0.02084301861174811,0.013972165820715369,0.01097969384230404,0.0073197073600200285,0.003278117286965325,0.002839116694729028,0.0009528615380114172,0.0006116405275921701,0.00041129259544795,0,0,0,0,0,0,0,0,-3.1438407408761666e+38,0.12825268892126246,0.1297407544911442,0.12889514894041382,0.12781336030149218,0.1274881402884132,0.12545378097757895,0.1254165522159485,0.12462906562800287,0.12304322395105395,0.12206006905622971,0.12112695019117038,0.12188845330139712,0.11727273504536045,0.11458497656442926,0.10828270590888106,0.09876150230058726,0.09028871709637186,0.08650574019804398,0.07554535930452194,0.06738591124038008,0.06243073028092544,0.04823208881284843,0.04573374475598764,0.03780059673475292
0.026219684276773122,0.029375627801320366,0.030964636119977355,0.03390655970432124,0.0378836348536343,0.039838862180590004,0.04250009100928723,0.04591969741785773,0.050897304387688386,0.040250520332894786,0.033980343591375195,0.03241317920057889,0.017655635915618258,0.0055100152324190875,0.008838934286804061,0.023215102866093955,0.07145325687493817,0.09890549830243632,0.09799926065568171,-0.1387004163630817,0.1293729124512574,0.13325135728220674,0.13651883458835243,0.13897168089794643,0.14042665129926887,0.14066657399916005,0.14132470872264136,0.14326104603507528,0.14273351930726216,0.14313412194634734,0.14293761362199725,0.14136035469690342,0.13910003033381801,0.13816157687882458,0.138143088913514,0.13493578524031444,0.13469531055652567,0.13191946691524936,0.12862336379666064,0.1260361714475898,0.12479732829535153,0.11875951436351986,0.11046618349536719,0.10526703895047779,0.08840729774905388,0.08282905909737157,0.07241436466468837,0.0505775028722648,0.042391860074850005,0.033863908917552595
0.009656152214897653,0.010715031225027987,0.012205955514922808,0.012684098933949586,0.01562794023438789,0.016762155547994238,0.020372484160695526,0.02349853533667442,0.026559536341103616,0.029734370335887158,0.03287975619418728,0.037914050002982716,0.04306099347510068,0.047952735075813824,0.0551425093340107,0.061409364637226696,0.06712457112255461,0.07857980151225351,0.08481658972871887,0.10057022386551892,0.11102939077526465,0.11898500881181724,0.1277613527057519,0.13241176001311372,0.13903280917759764,0.14369857156218777,0.14580298587093077,0.14796835439949585,0.1493212027096126,0.14997373881314838,0.15137413566189767,0.14978141526512503,0.14906510605180892,0.14921663632322513,0.14920307945169178,0.1459202422695709,0.14490493431438048,0.14285743575849827,0.13956923314387515,0.13790161628271333,0.134709641561459,0.12799294538282383,0.12351743382700717,0.12117221884439816,0.10984143191129017,0.10178749121924274,0.09144504480168618,0.059381401821381005,0.0470194752602038,0.029749270054720337
-0.001216945785082751,-0.0013067956521964272,-0.0012782431151294785,-0.0011675415849263797,-0.0008123248960303667,0.0004370842690763749,-0.000836026012243988,0.0003965249649594416,0.0019329210505045962,0.002900365345923931,0.0035384495573498598,0.0048075807488882835,0.007258139441035497,0.009775454633839964,0.013911386045998321,0.01791185886061453,0.02390139789601884,0.03378053356628279,0.038946048605858874,0.05292961187495274,0.06602967472055676,0.07880747973165099,0.09444897900026572,0.11136401109179318,0.12204341614187895,0.13725944463440767,0.14209644878930347,0.14791839211063643,0.15087356530152413,0.15144734416359423,0.1531393752965291,0.15512320546295447,0.15543653502840954,0.15683085303823927,0.1554193265823414,0.15349917551541187,0.15391310808079448,0.15430562227696792,0.14920592666985763,0.14801051156540987,0.14475300051762208,0.13827144381304915,0.13399734436926447,0.1305365837941434,0.12196048392541359,0.11805842335912199,0.11208462502101489,0.09670960053114008,0.08978060719311892,0.08149914002062544
-0.0007362181524418773,2.87389757659492e+38,0,0,0,0,0,0,0,0,0,0,0,0,0,0,-0.004032842610805927,-0.005562035721749338,-0.0038316070210986366,2.3984339002799718e+38,0,0,0,-0.0028439439022247713,0.002887588347627569,0.05087309408478026,0.12327888381375735,0.1429158234468686,0.15203980772940412,0.1537151425978312,0.15576806588998415,0.15740442881330932,0.15789410220752853,0.1592171854925587,0.1602346525103437,0.1596613680842714,0.16029415110173245,0.1603281413597469,0.15888217483198122,0.1577738414555479,0.1571431197824085,0.15360504312387646,0.15245658027337017,0.1479185296647545,0.14105831236384495,0.13707038849265613,0.13274713058472506,0.12241606738321872,0.11644463219591603,0.11192770350553721
0,0,0,0,0,0,0,0,0,0,0,0,0,0,0,0,0,0,0,0,0,-2.879590197917904e+38,-2.875904260211585e+38,0,0,0,0.15052635652325413,0.15186221392564409,0.1526006355048845,0.15282007895310953,0.1549659341040448,0.1576383597196989,0.16141928416690077,0.16209157309974478,0.16197517750921472,0.15986412300373204,0.16112486504418863,0.16171111204008817,0.16140965985369365,0.1620549246188241,0.1623507118265925,0.1589817743396766,0.15779037653438788,0.15677703589541922,0.14970639183850043,0.14543109396417003,0.14222966247471058,0.13238136201303932,0.12675641368197618,0.12212116629816233
0,0,0,0,0,0,0,0,-0.202871353282445,0.16824077154661246,0.16938600172973767,0.17601770160035793,0.1872741426178962,0.18610296777835483,0.18946325541011064,0.18591021622379844,0.18305582844586832,0.18038663700285018,0.17874066581134815,0.17194837157011716,0.1705138029021723,0.16621537519061938,0.16222581179676057,0.1613118593513945,0.16025652918994204,0.15943701120140485,0.15884580650030744,0.15735079076251796,0.1584064105527216,0.1595228894577116,0.15913005962456775,0.16137327078179986,0.16231017622119703,0.16503324521758203,0.16601248726899176,0.16627533883337292,0.16641097431579488,0.16567909520080507,0.16505877706299366,0.16573469551254638,0.16524298288511968,0.16526004178715797,0.16528345340209047,0.16345723075770316,0.16224895756984462,0.15853077363377607,0.1520000175560344,0.1429050255490254,0.1340366963808504,0.12326688326747509
0,0,0.15662585198405965,0.17024281203102176,0.17650103735445868,0.1832507046317615,0.19373100218061726,0.19826919861226888,0.2011532247345905,0.20318539086914064,0.20512442381425744,0.20615743899894956,0.20560974902493992,0.2050827958208119,0.2046047626184424,0.20365253421902457,0.20171115583020002,0.19883971218997915,0.19749504528531367,0.1882937834317675,0.18297305258718216,0.17957375162783884,0.17349333990047983,0.17115145024206208,0.16496025228024486,0.16017537911326035,0.15681522820512178,0.14981833844047862,0.14858063324592502,0.1468848854291655,0.1449175069329281,0.14713362781101738,0.14715341394597165,0.14884824260044233,0.14918626644845356,0.15073097847587402,0.15337563605882326,0.15553071883351538,0.15466775482506845,0.15053493990841488,0.1497088946413691,0.1484686658142837,0.14881669672095432,0.14962322052285307,0.14935782108303258,0.15036926716937957,0.15530994434304674,0.14979039511381403,0.14336674830313118,0.12891332606559106
0.12342232888805219,0.13060173806585862,0.13678302972738762,0.14722969431548025,0.15533931151402022,0.16155371508269653,0.1708180641205974,0.17573705331230716,0.18164776756543724,0.1889276049192928,0.19154574965362606,0.194817485203997,0.2014921066161135,0.20470491550300088,0.20726302297327281,0.20912619455808204,0.2124887677486668,0.21289717905649436,0.21110320176758265,0.20568441851656047,0.20439838026321244,0.20010504673740404,0.19540297882091953,0.1934187504887269,0.18626959120372966,0.17403590298384003,0.16925822279874267,0.15987567335650393,0.15219751777098137,0.14471132068433662,0.1419725725030594,0.13869543621697253,0.13883711879988941,0.14077834417845903,0.14400209646761356,0.14925244697838308,0.16050167511680696,0.16543833309678466,0.16438337569688338,0.16013594042521478,0.15798286668974204,0.15760217703269916,0.15980026247117726,0.16383669719296265,0.16094657638127385,0.1602385576001835,0.16494893730331045,0.176865718807229,0.17436671521083547,0.17547690882771136
0.0582398312422098,0.07114965153033269,0.07773797759820399,0.0880488889223873,0.10238026531269806,0.10680700912435462,0.11530545979258366,0.12396748570648926,0.13898277584771274,0.1508041557799757,0.15982330624139168,0.16817188804267671,0.1764353739963229,0.18297330491319747,0.19884047337945385,0.206533321770662,0.21598682192389296,0.22662830274659174,0.22758624949624465,0.22641399618555053,0.2255792913740857,0.2279698049505825,0.22506121823792896,0.22057965882682135,0.21637070653417,0.2167959999995628,0.21716382394527922,0.20847159582870375,0.19759612097590845,0.19027146445804538,0.17978764880012407,0.1765997831106147,0.17251540383803735,0.17670999376472238,0.17612100359139357,0.17537332648316503,0.19604269840882751,0.20845919929921547,0.21776274700098378,0.2098795186473563,0.20520510816890417,0.20867470338668426,0.21171831366122618,0.21745809981371764,0.22128740342418676,0.21732459394914894,0.2144703762957792,0.21121178894374396,0.2115655298069437,0.21298850923884954
-0.05672450030821363,-0.01946615307218002,0.016666944495013998,0.02686412887237838,0.04546472657713371,0.05294227172765242,0.061141872124180194,0.07068014848541498,0.08526736081503009,0.09744861832495233,0.10616331907897308,0.1225076361936253,0.13932032205502368,0.1480176896026042,0.15909719212601162,0.16672201267907483,0.18449245216285626,0.19944415997644202,0.21483444050367143,0.2289604932202305,0.24279294123513265,0.24950350212215772,0.25023135679752057,0.24923250446975373,0.25206735333117913,0.25788396765317806,0.2638191185503866,0.2617366431755926,0.26641718197951963,0.2712047252847989,0.27697189048668797,0.27711190255295437,0.27430653785214915,0.27113383567827987,0.2657583652397042,0.2575684209520643,0.24757616478457237,0.2434408013989688,0.23782505664361628,0.22754576418663314,0.2183873075642823,0.21310905551481046,0.2081961579905757,0.20299479336670584,0.19884308521156527,0.1959975777849628,0.19051054036115483,0.1855755756603747,0.18071642940879384,0.17172773720816967
0,0,0,0,0,-0.018591318596203745,-0.004314188368814992,0.014550932407509662,0.04256114775109369,0.05673549807594489,0.06637585183876311,0.0870680026774763,0.10240547648530887,0.11871312181130574,0.14863899189259708,0.16306104842870367,0.1887902335757397,0.20903477500846812,0.22129858086744977,0.24087001217463583,0.2474262848524701,0.2529639333484803,0.25712489243301745,0.2618173572704615,0.2718894953611751,0.27507977909896514,0.27878516521667096,0.28191617855598583,0.2855508090364671,0.2869274047166623,0.2886511554362784,0.28728128158412,0.28538425137929224,0.27623883320770043,0.2715278256886573,0.26489895174994926,0.2569636158424844,0.24901330454573378,0.24121390109040058,0.22869095856824567,0.2217802819699832,0.21297631952999393,0.20556187460829334,0.19757453410895745,0.189164203833819,0.18368266089844223,0.17410701941868748,0.1680402321635653,0.16243658598631835,0.14847724497176715
0,0,0,0,0,0,0,-0.07077353037104905,-0.05703233040984915,-0.04591422878072484,-0.02335620142116956,0.03179681844503024,0.07095731123805037,0.09605632919105138,0.13364077635555688,0.1464183027684953,0.16410561143596436,0.17902683972411074,0.19106451558676507,0.20350081979939905,0.21017992231219315,0.21906771384575557,0.2295514330289087,0.23934622939112168,0.25195122585683644,0.2534200154487338,0.2543722436118283,0.25392485168344037,0.25461715205732205,0.25632959663017213,0.2529066593573042,0.25668174362337,0.25726998169042764,0.2589877483707845,0.2574960073689223,0.2537212890202921,0.24105993873002232,0.23419070328631267,0.2234569477716565,0.21354289299872942,0.20365859053707544,0.1883969232730514,0.18315267117734776,0.16380718110916545,0.15378306995040247,0.1461389656929743,0.13567160989070276,0.13051388272813153,0.13366353188397864,0.15066548594021226
0,0,0,0,0,0,0,0,0,0,0,-0.09760301808306626,-0.09086584950032267,-0.0449487273320099,0.04493610759507331,0.06969381507551066,0.09561793093365252,0.12738434072313096,0.13659452939906527,0.14522923541182145,0.15988032233347968,0.1712994231653028,0.18443598949645665,0.19103512377245144,0.2005836755113139,0.21062291447948486,0.21531098913632885,0.2273186424999265,0.2310267113486136,0.22604849987869305,0.21000281245082855,0.2021884326280474,0.20415308931574383,0.20729663175087387,0.20638149094981084,0.20509691869776525,0.20328792110529334,0.19346033030367424,0.18642661387308762,0.16738973806406038,0.15664902656596472,0.14642527644465597,0.12258295203749747,0.1124414676000959,0.09696955143228649,0.1006038971536503,0.10972787381991003,0.1161675174245848,0.12060317090760304,0.13106606000527934
0,0,0,0,0,0,0,0,0,0,0,0,0,-0.12706577578473235,-0.09415297922169218,-0.10338401728007465,-0.04301846429082696,0.035808981481791104,0.060905799200246566,0.0956944130850619,0.1302596591970005,0.13253148674873266,0.141615235678131,0.14550999330891273,0.15445606886900254,0.16686386068957415,0.16229879307248032,0.16638331631045397,0.13796284676397763,0.11696369378403393,0.08964668470156707,0.08868788628376584,0.07795727324636034,0.06972750311193307,0.06969644719421388,0.07060999854075348,0.04528346614997428,0.04281830115203421,0.055178562210737005,0.0808484430090703,0.0994061712972354,0.09980169412365379,0.10483890320956883,0.11405621212295505,0.1160332891518222,0.12491214592936319,0.10164420393373112,0.09045206603387591,0.09288588924113036,0.11130712620695181
0,0,0,0,-0.10166649824204595,0,0,0,-0.09645050490131042,0,0,0,0,0,0,0,0,0,0,-0.12099760305600725,-0.05066274434317059,-0.016988360308344514,0.0032517467490099034,0.03030047354087415,0.04818746746779494,0.06584552159254119,0.07967931463763976,0.07599671763418894,0.07683226511130571,0.07665933412892305,0.059373352147998194,0.03578024023793188,0.004390961182821684,-0.02086460545319269,-0.025489548831139942,-0.029681141985748543,-0.04330503856742509,-0.0352409460976116,-0.024536349060437508,0.0022772458877887403,0.007265227887701273,0.013525714249791817,0.021739902823323064,0.07102392337188472,0.10128865479182947,0.12643442661707877,0.17781150164845094,0.20406402321554556,0.2466170981283506,0.28477961552192593
0,0,0,0,0,0,0,0,0,0,0,0,0,0,0,2.8610995798261823e+38,-0.08917449395381312,-0.07496734163517524,0.03419289232283885,-0.035195213364751524,-0.10842277360790228,-0.12881663431523133,-0.13844709419746862,-0.09039745307280588,-0.010903684702845985,0.013014191265534214,0.03237305346207758,0.024184457804462874,0.02231345721011782,0.01516870128651845,-0.0045275618329648736,-0.015923568379749863,-0.024543882021444755,-0.03716133012299009,-0.04203955222807361,-0.0398426574386136,-0.025284747809637784,-0.020504513168307797,-0.011973915121063092,0.028851683632741744,0.04481557252564577,0.05881669242860517,0.0788275902946126,0.0954362304816024,0.10065557075333849,0.1077104727478401,0.1077793840356083,0.1423321642156828,0.1633784442316792,0.1942518739789716
0,0,0,0,0,0,0,0,0,0,0,0,0,0,0,0,0,0,0,0,-0.11651949745908652,-0.13112758067854025,-0.15923300672067664,-0.10579790169115993,-0.08988234456625703,-0.08492709759431172,-0.042422317462184625,-0.07980700716493656,-0.12754396835891754,-0.10641644850808861,-0.0569066981711805,-0.04836500147091784,-0.035674048665170835,0.00787179683622988,0.03406339627653451,0.032223989327041354,0.0008901555260791364,-0.016346267178080486,-0.0325720962939213,-0.07175504250647433,-0.08072178436191388,-0.08652408183083103,-0.08752032049290893,-0.08857929560661544,-0.09801632720409068,-0.09794938669534124,-0.06343287978778113,-0.05338416103989498,-0.000776852810198577,0.010864825643027582
0,0,0,0,0,0,0,0,0,0,-0.174656300835051,-0.19090301894468756,-0.2044241921723172,-0.2145034328274315,-0.22691738289575505,-0.23398318234105797,-0.247277913625776,-0.24617150463472554,-0.2528712380571582,-0.2549872859304165,-0.2151874288515069,-0.22674349631431343,-0.2897049955555933,-0.2746227548619963,-0.06090903373862413,-0.06134280589159756,-0.09511167698068021,-0.1415391829637923,-0.11877936771547525,-0.08091420724787576,-0.1192355057246343,-0.09993503608449388,-0.0709082955368388,-0.0651406005786142,-0.04444923053088884,-0.030903183165022094,0.004705882856011422,-0.001479892960874816,-0.015805392777096822,-0.024755852481243852,-0.03408865531431028,-0.04011475111936335,-0.0660055048718949,-0.11642360567478134,-0.13277597037955213,-0.15223025669988458,-0.14081406017734294,-0.15190622631165324,-0.15759358620618502,-0.1697556049417827
