jsons/1312876800.json
{"header": {"parameterUnit": "m", "parameterNumber": 3, "dx": 0.1, "dy": 0.5, "parameterNumberName": "Northward wave", "la1": 40.97354507446295, "la2": 16.46031188964855, "parameterCategory": 2, "lo2": 133.9931640625001, "nx": 191, "ny": 50, "refTime": "2011-08-05 8:00:00", "lo1": 114.97908020019554}, "data":
[rows 0 to 21 of 50, columns 50 to 99 of 191]
0,0,0,0,0,0,0,0,0,0,0,0,0,0,0,0,0,0,0,0,0,0,0,0,0,0,0,0,0,0,0,0,0,0,0,0,0,0,0,0,0,0,0,0,0,0,0,0,0,0
0,0,0,0,0,0,0,-0.05527658921756912,0.02196598561015379,0.0468914101294009,0.06175388109679244,0.09018489939209007,0.09747010286750143,0.09991815464581127,0.10369025433499927,0.10530482650491191,0.10939354101602557,0.10801030867275874,0.11183596196188747,0.11797364756756099,0.11706551842227139,0.11022551020579667,0.14874562126906568,0,0,0,0,0,0,0,0,0,0,0,0,0,0,0,0,0,0,0,0,0,0,0,0,0,0,0
-0.17843404643157257,-0.13178336813093733,-0.1384014969969773,-0.11898996935162624,-0.05269657008326246,-0.02171210578702883,0.039371888840405406,0.04593761238955391,0.09109072371779456,0.10494820673741334,0.11273941374618145,0.12562079065268406,0.1277782618486989,0.13190298130299957,0.13513514325742798,0.13508280319497132,0.14379963209766444,0.1452084276058996,0.13941024376796624,0,0,0,0,0,0,0,0,0,0,0,0,0,0,0,0,0,0,0,0,0,0,0,0,0,0,0,0,0,0,0
-0.27643680423173084,-0.1705141808807164,-0.09864710342600294,-0.04968095657473645,0.10205686616020916,0.14726197699946106,0.15988811838749914,0.1671903350764015,0.18871322644903976,0.18650078334861092,0.19021860282862263,0.18321637695936144,0.17912153441676573,0.1897406817624974,-0.15065317706923056,-0.2169814651067162,-0.08959709496637108,0,0,0,0,0,0,0,0,3.0989471672952517e+38,-0.4192479920209073,-0.4532946819332041,-0.46785397019860453,-0.4750478990490696,-0.4813085718959926,-0.4791842391428133,-0.4801338873811502,-0.4857721917283642,-0.4860514578910167,-0.5014473146437443,-0.49926502781095805,-0.5049230526637807,-0.48495488261511355,-0.3554057804207466,-0.2549463119673876,-0.22822335436923882,-0.1730648067072819,-0.11149657037184471,-0.07037419210908125,-0.041450281259154786,0.010452433414484937,0.03752180403307606,0.06069267470790418,0.11717661440371932
-0.4678472407736507,-0.47223306257656533,-0.4730886335377922,-0.48974984110896963,-0.45309124502184,-0.425097530696638,-0.3985769574614451,-0.4573444893590333,-0.05286748665062472,0.20162377795066896,0.36511161695193367,0.33206876879155767,0.2197003543530507,0.19162108925372556,0.04528239452161976,0.016691983500633296,-0.29212111704116595,-0.3447322752744945,-0.37650668088617284,0.12900370042145454,-0.5642533367446713,-0.5782988320904706,-0.5695890363116758,-0.5465162679881259,-0.507122731623878,-0.48610357118689274,-0.45937068096350114,-0.4644918317616808,-0.4649169236466341,-0.45536306106829644,-0.42730623603815726,-0.42978573321275165,-0.4185051415074494,-0.41725137802500006,-0.4419217986135509,-0.4719746648662186,-0.5613528956578444,-0.5756396050327206,-0.5959021210424577,-0.5190818876937384,-0.36387555064011323,-0.28342859781002494,-0.21781530869864793,-0.129503103508409,-0.06987036430532122,-0.0320427322319614,0.07431947720753097,0.1355452250277579,0.1754908056468103,0.23032931415469554
-0.4937887506403556,-0.5050737717322142,-0.523704218284095,-0.5376280078098148,-0.5550299843591305,-0.5655767769810336,-0.5852118873895733,-0.5985555783024461,-0.5974861627090234,-0.6105112656781579,-0.6079233296260255,-0.6135461198665912,-0.6137571878969892,-0.6023964426172999,-0.608395069652955,-0.5958237598385269,-0.5842455903207526,-0.5416519362403368,-0.5378227810252266,-0.49300053287765844,-0.3962393712516492,-0.3614661652583679,-0.3047442686501641,-0.28951275959604234,-0.2519405303880716,-0.26716094892098613,-0.2576233483114764,-0.22927651076261668,-0.23230000933709774,-0.2207125731958116,-0.23857303233304852,-0.24334729473899672,-0.25982558920636767,-0.2753594338211844,-0.31627176325187056,-0.32952858050206246,-0.5186839704229445,-0.6081236828741964,-0.6369492820106053,-0.37682795905780464,-0.21813720442847145,-0.1496228536414113,-0.05965249225363113,0.006301759089513269,0.05359107390658253,0.12042231065065259,0.1454913943049221,0.20858745101135298,0.25174778707327744,0.24618134856900314
-0.3183468607169703,-0.30336757353074767,-0.29883070241146314,-0.2847279508118108,-0.3171133224033132,-0.32356081125684244,-0.3445802470269461,-0.37004711210910435,-0.3906984422747071,-0.40732457984533915,-0.40104710764082635,-0.40197666057308945,-0.39632396901325656,-0.3896357266648885,-0.35187118328013883,-0.3428248802184884,-0.3364703309723129,-0.291570038400503,-0.2800119296530209,-0.2598611955107423,-0.2381003847006616,-0.22372402295428398,-0.2086366713417503,-0.18769158946530667,-0.18870231081316932,-0.19744421712377105,-0.14800505367721273,-0.10456639528194134,-0.07408049252642075,-0.06049130244019451,-0.021135473604373782,-0.012804863703950625,0.02332920270485882,0.10153681998133282,0.17573621654399113,0.19713382867810125,-0.12977216839194863,-0.6070509517214718,-0.27247138389022896,0.25454638533750223,0.2870739754135233,0.23854869935285616,0.21685731039937314,0.20987745728908844,0.2147575416508816,0.22708944878603388,0.23467003494094632,0.2521038212769281,0.2926305915614882,0.28091662010887536
0.0726410736834153,-6.72866289707511e+37,0,0,0,0,0,0,0,0,0,0,0,0,0,0,-0.22950691087458785,-0.12352601560102568,-0.09170446454628428,-1.721313297097869e+37,0,0,0,-0.23340810041083412,-0.17717732715360232,-0.22852779126570874,-0.2620786666466302,-0.18045956511808664,-0.11407436850285506,-0.08318660472782109,0.05496102143822972,0.1249772359369703,0.17626140171425675,0.2908662048458813,0.3760323445455607,0.3120532333306239,-0.4351659565015456,-0.1402067790000728,0.43932636166571387,0.5055261029664725,0.42646649457415253,0.3816833718727627,0.33186048875112145,0.2793714229611396,0.28665596404491195,0.2731360116687044,0.2498890599026231,0.2560854120663434,0.27751137934174486,0.2893057484509293
0,0,0,0,0,0,0,0,0,0,0,0,0,0,0,0,0,0,0,0,0,-4.823183958920328e+37,-5.393318337173619e+36,0,0,0,-0.4659394404408991,-0.2803860558941807,-0.17545834810124636,-0.07288582547620162,0.13202475324410703,0.17993530031633623,0.2617481415002224,0.4141441675482763,0.47731525770165895,0.504586753649716,0.5232103209416461,-0.701571574116038,0.34783418348794737,0.6182705640115853,0.5714692464118784,0.504557922365554,0.49082249056054944,0.44183943964435735,0.43798404054497025,0.42764907920131306,0.415128718894453,0.4455205919846451,0.46933263961256716,0.4575305274120271
0,0,0,0,0,0,0,0,0.046432756195510155,-0.18041170866043382,-0.17487679477477477,-0.2280096925378753,-0.31840139227585607,-0.3756931632833948,-0.1899929352945695,-0.015836177603581175,0.051290506643085626,-0.01708853610224138,-0.07836918024869809,-0.023127567443046327,-0.07589085197155726,-0.09397532399717533,-0.13643471035709004,-0.1347039174019372,-0.12180354426896198,-0.07984296448697088,-0.055812813141443915,0.008400007591370634,0.03858367191391178,0.0601412851778139,0.20217018547311152,0.28293630521191493,0.34002203639754724,0.48353469056974124,0.5718047265497078,0.5139348826950056,-0.18355403161454756,0.1420954336684997,0.42124859199052456,0.575804596441107,0.5211658608214945,0.4999949426043164,0.446143363764112,0.4684460506222591,0.4784463014470556,0.48315176819111255,0.4706185738898531,0.5013061597267489,0.5244025389018607,0.5474014367165458
0,0,-0.22970349683205074,-0.28267930439680444,-0.31110864706668645,-0.3445217023998426,-0.4001856672659994,-0.42384914160886117,-0.39883196224298034,-0.36744696401179094,-0.2771167841215076,-0.2733885825612898,-0.22081805765452148,-0.11371504054733628,-0.08193525640306805,-0.00897850896315504,0.018168197052084438,0.03147135154321887,0.046298141356300566,0.023539871089008166,0.019911710563593914,0.03980406383061938,0.052423407389557426,0.06673519155002353,0.14251394432221126,0.15687827036701077,0.18186886256853851,0.25817795469545185,0.2972258893822708,0.33726094530447964,0.41769974539849763,0.4983306410924467,0.5275774210908518,0.6066203888534957,0.5962152195734649,0.6587392258599721,-0.6842226349093863,-0.011715934959045327,0.5987053234338766,0.6286954487516259,0.6080403243158126,0.5890882938023663,0.5537719349720424,0.528664805386758,0.5286595389572507,0.5334154157230064,0.5315097605912155,0.5449607314139745,0.5476025974420256,0.5726913669716854
-0.42392021764819093,-0.41497455819555507,-0.40959598039148515,-0.4129609322249302,-0.37255772310510216,-0.36619784038956066,-0.3610642520079183,-0.34099266501614645,-0.28877985342323004,-0.2697060543073822,-0.23702347484655056,-0.13280476076563275,-0.11329991883002948,-0.06937060989565631,0.017303009996389052,0.029289052560845106,0.03978529066643005,0.06869882797338521,0.09194648321522324,0.1168747707721623,0.14654442731679204,0.14324070294862065,0.18964130544841942,0.20827911318553835,0.2762667028181759,0.3220318521314333,0.3638220679537889,0.46247305352579987,0.47756835592411706,0.4918585533027207,0.5466032895584857,0.5713173359238692,0.5947415796849462,0.6515665834578255,0.6855776849396965,0.6430608951512996,-0.5095798702251105,0.6762415254193894,0.5851897011351935,0.6443683076855247,0.6173293405054838,0.6339056690207677,0.613835930269279,0.5722533089502843,0.5811343661260808,0.5879302464241972,0.6011353945460933,0.6059309967847881,0.6087796529005086,0.6202257722394096
-0.3439753709209164,-0.307281541542422,-0.2860604126255922,-0.296180944660003,-0.2793081939673619,-0.2501213804632183,-0.23801727129162079,-0.21072204588338717,-0.17672581440317198,-0.16333448724586253,-0.13899642009109736,-0.09468467745479497,-0.07412642593283113,-0.050120868571243225,-0.025112638106872934,-0.019499250714985237,-0.026968827376735578,0.02050567161361887,0.08532731401420354,0.13199716081367277,0.20342273685476298,0.22273224692900706,0.2558327990666029,0.28258266190554043,0.3643356549593541,0.3816077115722612,0.3961308665518484,0.45874717729929665,0.49987760526824354,0.5209400130281658,0.5874466449720769,0.6047050513708943,0.630890998751813,0.6811237480387586,0.6592655911967262,0.6623979748578818,-0.5364750977255858,0.638662556988484,0.6958743195851408,0.7060672933144431,0.6794081994152406,0.6738287696267727,0.6668250128532399,0.6172212859021426,0.6017903479761872,0.5979630340954606,0.5899818352952264,0.6039306432674758,0.5859018694901169,0.6267473321292802
-0.21093282026513827,-0.22635191278525219,-0.24079745836962496,-0.25140746614893295,-0.22576586484320132,-0.21597539230525492,-0.21346675333849544,-0.19990365584001854,-0.17694447671780003,-0.1632765986880005,-0.15150051342852033,-0.13297041527705197,-0.12899064786124184,-0.12449409914595624,-0.10185271861154317,-0.09574883815850448,-0.08432953488696988,-0.037850427494577496,0.013815143384177133,0.04457970469929286,0.1061973834227321,0.15823391986933233,0.20129626584621613,0.2535248775490349,0.34082914304627415,0.3779273076590271,0.4236400589054267,0.4585265155914722,0.48929439500882044,0.5098401236158915,0.5442372884401656,0.5655665477035934,0.5872750150684681,0.6428795395278106,0.6653716297003317,0.6959886801971187,0.6703782900233141,0.5074414916808314,0.16717535021141552,0.694171567702712,0.6246204723581481,0.6905202751567658,0.6842060643106206,0.6596248352121364,0.6486017659349071,0.6317362525021806,0.620176794244509,0.6099298389210961,0.6170632860693638,0.6229586422354095
0,0,0,0,0,-0.261948147048127,-0.2780746863422095,-0.2615772649985469,-0.21961594732465428,-0.20730358299839396,-0.19662056676624287,-0.178965200556866,-0.17260030875549456,-0.1610524025157729,-0.12778406557211328,-0.10832823308122537,-0.1220391748108936,-0.07982490281398542,-0.03744665189026422,0.006983331188334881,0.09194661965925648,0.13583211872129425,0.18539522361403596,0.2278916090531128,0.27625649861681084,0.29187060891738936,0.3208610971281081,0.3702712047897062,0.4032516643158565,0.42981056189825345,0.4864870588570844,0.5127506864344713,0.5418770041803169,0.5917746967761787,0.6136769101848312,0.6380803949306653,0.6901299276279792,0.6782545209269317,0.7275174333837942,-0.32327913543753833,0.41971107103450195,0.5905673417871979,0.6852049673967594,0.5901501773769583,0.6197796690390329,0.6157447843487232,0.5722532859711159,0.5735667993952156,0.5719708010371791,0.5548744959038363
0,0,0,0,0,0,0,-0.26699694435731186,-0.22651854698242194,-0.21274195115574063,-0.19825559728995232,-0.21350430884808885,-0.23335445387647022,-0.24328048120153764,-0.22895564478895886,-0.2063406786230717,-0.18454630939031277,-0.136450116960007,-0.12101425962728818,-0.10531615989763049,-0.07292605573256643,-0.04961082489807217,0.0013050689082633414,0.010805731906345529,0.11506053480036303,0.1752397793103528,0.1987556569813175,0.26174576739084504,0.2961923455192042,0.31877926519963085,0.3902905615756107,0.43046296510014326,0.4601340082284882,0.5399401945409066,0.5792074119710857,0.6026005132488197,0.6651292166231313,0.6863394500596965,0.7108010796763985,0.6316541281585529,0.020914244046276224,0.6257150225860811,0.49547223613946634,0.7386513820932806,0.7243738124806294,0.7130280591012077,0.675218996792962,0.6745235706721576,0.6523653323127999,0.6383757601705232
0,0,0,0,0,0,0,0,0,0,0,-0.06358790926730287,-0.13240245053923366,-0.2251146704839228,-0.24886711089508232,-0.26039060827009536,-0.2761231396418512,-0.23513462440821345,-0.2261279137995247,-0.21782806820570594,-0.16576038172929103,-0.1536161533835902,-0.14574574594902448,-0.12647656181214784,-0.07233461921741281,-0.04836102293127589,-0.0025190035959435594,0.06361715716436825,0.08611471194143976,0.13023029686857518,0.2074876274401377,0.27189167435276557,0.30020852185783836,0.39747319850200713,0.4224673414632918,0.48938907263353776,0.582073432948315,0.6225092778252482,0.6606083536810382,0.7078357913503626,0.7343008294897941,0.724262025297754,0.47086799597257795,0.5231119741729551,0.782591927296681,0.7805956983299382,0.7594757964499612,0.7523865118828328,0.745688242742455,0.7176076904366473
0,0,0,0,0,0,0,0,0,0,0,0,0,-0.04729884364660392,-0.2447912733308764,-0.2574491985192072,-0.3156136768089073,-0.29453472936270075,-0.29280319525692966,-0.29705873245907655,-0.27637766221460736,-0.2774600870159269,-0.28595979655145004,-0.2769542464179996,-0.25686551539662134,-0.26671997224751937,-0.278243731379753,-0.2507858637203905,-0.22619456002419105,-0.19081994259740395,-0.11047552640764483,-0.0627716152966029,-0.030501910110077204,0.02749496573364317,0.09817600895536936,0.16680613715063666,0.27950840514410324,0.35378894015950824,0.44949711096481865,0.6133917714531089,0.6280768615282978,0.6444395864303706,0.3433227777164603,0.44293418864139955,0.6349750600766663,0.7135938454470204,0.6528366283549993,0.6475628143808788,0.6363441551191096,0.5838699766134844
0,0,0,0,0.0003623697850046559,0,0,0,-0.008280664891004116,0,0,0,0,0,0,0,0,0,0,-0.34490936699572244,-0.33912066955890263,-0.3562840285266785,-0.3864587914237463,-0.39835734634860476,-0.4095285903199793,-0.43986766361180285,-0.442415770025232,-0.44098747828375884,-0.43451196638324574,-0.4050828111457262,-0.34235428569509785,-0.3204169204453754,-0.28487565841288154,-0.3126862885174973,-0.3118700555031148,-0.29209712994437276,-0.10255568098554993,0.034697404654225716,0.07477021804866789,0.18841637003930398,0.3798137634709773,0.2431042004507316,0.5458353882858509,0.527343582039803,0.575430141972392,0.4660044705053758,0.4166339354959882,0.41899216881961165,0.3957998128328391,0.33601243742291403
0,0,0,0,0,0,0,0,0,0,0,0,0,0,0,2.890633671041792e+38,-0.019931402781713927,-0.05089870674786594,-0.05544690899395749,-0.07614903487539319,-0.11639871269701331,-0.17720851485312142,-0.3333452310955916,-0.40155009877672326,-0.4412585328419551,-0.4973356925206552,-0.5079167126498187,-0.5139537957555572,-0.5274640204808239,-0.5319050505507581,-0.480076243917515,-0.46010773899598706,-0.44891855448548096,-0.49664290431940616,-0.47670710639068686,-0.44321882996410394,-0.31999905259674555,-0.23263339821599677,-0.1607453961047356,0.21417458028772704,0.07974189754647279,-0.602977989615133,-0.3259871742718366,0.4092365252464293,0.3752458288348411,0.3297831861238654,0.34219174618695747,0.2607124506738385,0.235665819736181,0.2739646644439355
0,0,0,0,0,0,0,0,0,0,0,0,0,0,0,0,0,0,0,0,-0.15295612657173205,-0.25254448300365356,-0.38539018912916795,-0.4180389642575795,-0.4340908856510337,-0.49036893154762445,-0.5248843840178307,-0.5426737545089155,-0.547685198342379,-0.5507714196002911,-0.5711414850307913,-0.5914881388642649,-0.5866948975395659,-0.6251390001406426,-0.637459077346488,-0.6516854766956067,-0.6621936989917935,-0.6689962916552123,-0.6838568724541725,-0.6181312701580747,-0.6213239976372842,-0.5454699808536123,-0.44012626704016317,-0.26722327804085894,-0.25588154495908444,-0.26138622051576127,-0.19933940039581333,-0.17162770123759555,-0.16548183697472862,-0.10542244424636336
0,0,0,0,0,0,0,0,0,0,-0.11995481945380604,-0.14037640866171566,-0.16308721229328882,-0.1822298986319071,-0.20392026285697956,-0.22204024158368157,-0.2575372748257957,-0.27752416074237074,-0.2965758589223662,-0.3290994523822557,-0.34451404724647666,-0.3510601315545741,-0.3454644190816596,0.19748851591414143,-0.30495391395378707,-0.551647683231575,-0.567880190835851,-0.5861644730299137,-0.6020415127146796,-0.6158657572716738,-0.6317986493249832,-0.6359549620426834,-0.6392555196726473,-0.6384380692785488,-0.6539112800955467,-0.6724051776918379,-0.6596120609334263,-0.6091668779464562,-0.5842913898520758,-0.6140872123303639,-0.6343818762788508,-0.5283250764519172,-0.5466809934221094,-0.5085353274475591,-0.45876147348196317,-0.41111784363556364,-0.2931023417631242,-0.2193090862093649,-0.1824390269039211,-0.06542296548000354
