jsons/1312862400.json
{"header": {"parameterUnit": "m", "parameterNumber": 2, "dx": 0.1, "dy": 0.5, "parameterNumberName": "Eastward wave", "la1": 40.97354507446295, "la2": 16.46031188964855, "parameterCategory": 2, "lo2": 133.9931640625001, "nx": 191, "ny": 50, "refTime": "2011-08-05 8:00:00", "lo1": 114.97908020019554}, "data":
[rows 0 to 21 of 50, columns 49 to 97 of 191]
0,0,0,0,0,0,0,0,0,0,0,0,0,0,0,0,0,0,0,0,0,0,0,0,0,0,0,0,0,0,0,0,0,0,0,0,0,0,0,0,0,0,0,0,0,0,0,0,0
0,0,0,0,0,0,0,0,-0.08356934795887774,-0.1319523211782624,-0.13552746358260007,-0.13005916355239824,-0.11605681418272777,-0.12004611676306515,-0.11633072134302193,-0.11777304599628166,-0.11510344552629369,-0.11343768843475376,-0.11381652136139472,-0.11591708120148334,-0.11888822668075491,-0.12328481112095489,-0.1343035774523802,-0.07380406540999876,0,0,0,0,0,0,0,0,0,0,0,0,0,0,0,0,0,0,0,0,0,0,0,0,0
-0.18849498998231723,-0.07060438783901032,-0.18981776148411797,-0.18113911501464516,-0.18882109794955285,-0.22020876142075252,-0.2362859520422283,-0.25140381985609084,-0.2501823953636058,-0.24328669885205692,-0.23458550931117697,-0.22915860069724928,-0.22092640405711728,-0.21852854557991452,-0.20359403632603085,-0.19393255572871695,-0.19102873761113437,-0.18436325354598668,-0.1806308452509717,-0.18860118283857782,0,0,0,0,0,0,0,0,0,0,0,0,0,0,0,0,0,0,0,0,0,0,0,0,0,0,0,0,0
-0.26974510943976204,-0.29483035436343286,-0.34017371172803057,-0.3578629359673171,-0.3491544935723651,-0.33791063185863335,-0.3345149183633047,-0.3100256270262978,-0.2974826117386014,-0.28418450454896316,-0.2702284075565856,-0.258102493533164,-0.25273842198777813,-0.2440928104934341,-0.22331479404088306,0.21949020363001945,0.014621872560956492,0.1833536809161827,0,0,0,0,0,0,0,0,-1.3187483830235377e+38,0.11260462832682584,0.07746505708053225,0.02336225539680164,0.0535210367252471,0.037619847661755156,0.022102470986814247,0.0021988232857229574,-0.012144182460992137,-0.011352805829484176,0.0036766125296900107,0.046870959625725656,0.1489323149960457,0.2526853950348526,0.4562320956133422,0.5281702226254787,0.5190771725971473,0.5357468272000868,0.5552264435343305,0.5423909108819098,0.5343538036352495,0.5316821320517179,0.4992487295517263
-0.3271052279401169,-0.3329999218255385,-0.34704249164403345,-0.33755492052781905,-0.3238300121035096,-0.39807548366625223,-0.42286414167525144,-0.46696741925410185,-0.4285079721200095,-0.6435602458032964,-0.5083948462471412,-0.23757176474547956,-0.28940591585239156,-0.36058585305190066,-0.31395357735939955,-0.37835642988993434,-0.41236865029527087,-0.29785463780392735,0.07294053714605711,0.213483491833538,-0.6658387480995208,-0.0882100866209342,-0.16029292812602478,-0.23372414275037073,-0.35579588257756334,-0.40375167777489634,-0.44004123297779557,-0.4593544299841885,-0.4709537473321659,-0.4721444274262568,-0.5140045147171327,-0.5584716186108877,-0.5629445751301219,-0.5765102539154009,-0.5653150865989576,-0.5275241092646801,-0.4884299785400469,-0.27308551864017216,-0.16201989420699134,-0.0028182417290545515,0.3439905173733688,0.5954452753662719,0.6437402845403265,0.6817042490234031,0.71377921348953,0.6996249386871833,0.697282662849472,0.6722488012128912,0.6026886629773153
-0.46326163581526636,-0.48985504190257706,-0.49257312885918003,-0.48853822642666866,-0.5161244931224958,-0.51772648731746,-0.527095136652461,-0.5415007633821848,-0.5586365265853193,-0.5591227589178448,-0.5740361984497364,-0.5776964671790396,-0.5769256483326702,-0.5788023629865378,-0.5872853776274763,-0.5852695127093486,-0.6037393830912992,-0.6325504677699478,-0.6666424937997162,-0.6733951204750431,-0.6952921132174417,-0.7728488044786831,-0.7769422444590098,-0.8144398284427009,-0.8180528586052249,-0.8376257336903858,-0.8268463724481617,-0.8318863585889101,-0.8481946557000227,-0.8395535527140211,-0.8461259736450403,-0.8444029124555446,-0.8345017792566594,-0.8123243495529224,-0.802754136503418,-0.7795636132738955,-0.7548543595141322,-0.5855485570171527,-0.3900276435900293,-0.17698780594068508,0.5796458850835919,0.7550589612810464,0.7732011503977353,0.8015818038825688,0.8068131499515566,0.7874660840650989,0.76917302799663,0.7436800070384832,0.6519883035725257
-0.5850265464132642,-0.615597175261721,-0.6424110467650269,-0.6578545987113721,-0.6930523555243665,-0.7032264217621472,-0.7113173450722529,-0.7301543954001336,-0.731010866659228,-0.7341270098601742,-0.7563985940550998,-0.7748530019338503,-0.7790139132532486,-0.804812882677477,-0.816439041800016,-0.8507210017317415,-0.8627950381856558,-0.8840518331849999,-0.8992788020289106,-0.911148877222013,-0.9268733285324341,-0.9411126587421323,-0.9475525892541125,-0.9467500438350114,-0.9517092607920892,-0.9542973295709695,-0.9437989493704331,-0.9561309360306511,-0.9704711273166077,-0.9490550086537975,-0.9464343529145623,-0.9468873685510143,-0.9267949913708725,-0.9233682891254176,-0.9155249204132891,-0.8980687391168006,-0.877143875464315,-0.8670427507834693,-0.8081363420708001,-0.5308444193382235,0.8337277378522311,0.7980062798991387,0.795457904891946,0.7867632711424147,0.7844684381823083,0.789704611334031,0.7816008469201052,0.7687216970394191,0.7246209541517605
-0.4725240889059708,-0.43875912270656836,3.313959422713712e+38,0,0,0,0,0,0,0,0,0,0,0,0,0,0,-0.7351628156507095,-0.7644117038830572,-0.7599059469452161,3.4012126360801565e+38,0,0,0,-0.7807946442020745,-0.8315197573005174,-0.8293668179201449,-0.8647813721450699,-0.9063958405901915,-0.9429876133684386,-0.9523098738062227,-0.9512302645995975,-0.9246779352167203,-0.9079296793686074,-0.8622764117630136,-0.8214962622025396,-0.7736991196404636,-0.8550673047434842,-0.868288216449006,-0.7353515524521672,0.7375968630595824,0.6964273986148619,0.6804776341329901,0.7282277489712203,0.7856544515163605,0.790599737445072,0.8001108018763934,0.8139752588039401,0.8162022015046103
0,0,0,0,0,0,0,0,0,0,0,0,0,0,0,0,0,0,0,0,0,0,-3.3022354586495576e+38,-3.3973422019348234e+38,0,0,0,-0.5469033149841322,-0.7491409097359393,-0.8434111661335304,-0.8842001213176395,-0.8866719574931723,-0.8692583945213916,-0.8320992030920813,-0.7547171119800306,-0.7057332192386723,-0.6203640416792153,-0.5400598534419114,-0.8640657289302375,-0.6369381950752292,0.44287488779818257,0.5617260247323526,0.5650219166563655,0.5884508178864136,0.6762107326312662,0.6938060410165355,0.7122153120200165,0.7347944513596354,0.7245533624798163
0,0,0,0,0,0,0,0,0,-0.20795411611486872,0.2060282896604073,0.2547477644943283,0.1354153565547494,-0.427099915422463,-0.43885393705515324,-0.4174355470887425,-0.4239255436595152,-0.44172667983972286,-0.4871615623454013,-0.5384971750633502,-0.5853905009397824,-0.611744993933867,-0.6261011696377506,-0.676701245169278,-0.6992376208839043,-0.7355465985164772,-0.7774135596320634,-0.7905909390855363,-0.8015731385251013,-0.8213416331711092,-0.8308960055541842,-0.8074272467377113,-0.7904825578017175,-0.7639663768446914,-0.6544543798329897,-0.5603871590401656,-0.5770924978670126,-0.8714988929205572,0.8739039944033937,0.7913766960707299,0.3970593498816544,0.4952823372302322,0.5566814698743933,0.652086002729326,0.648616915636569,0.6624515005675314,0.6756684806627352,0.6988723706965296,0.6762742806656507
0,0,0,0.14287659221631158,0.13704055379064894,0.06603726537262529,-0.009667246868807529,-0.053480694688423376,-0.16730406745647636,-0.37138590529045273,-0.45603628682057645,-0.5370780621061978,-0.562498440816721,-0.5932765743966698,-0.6101032049075265,-0.6263604639219505,-0.6283909929850476,-0.6491299493179771,-0.668255599452488,-0.6764217793698876,-0.704961637060343,-0.725254886876382,-0.7366705247538176,-0.7569099893970693,-0.7662369802840805,-0.7536111982699749,-0.765174729818344,-0.7638416394129994,-0.74314220571572,-0.7384117817294629,-0.7274073811052886,-0.6852281629431939,-0.6275327296481181,-0.599248822739725,-0.5027069271943457,-0.40839519170451377,-0.3276513373862748,-0.8152003145590799,-0.00789889655039446,0.7254433143444463,0.4033039627766801,0.36788811130204097,0.4256999593723248,0.5002359304427373,0.5665660893504916,0.5950968569957915,0.6035032644609457,0.6124741385534006,0.6174494418606793
-0.20382027494721972,-0.22815157867537839,-0.3242261115615768,-0.39660720585520715,-0.4146709580882502,-0.47094199351856564,-0.4929279300823385,-0.5306526484354743,-0.5647711481468042,-0.6135683166108417,-0.6432149275617319,-0.6776175412711369,-0.706012757036062,-0.7049465156827832,-0.7151583981560717,-0.717311616462823,-0.7234102403827304,-0.7270775420193291,-0.7327413663995394,-0.745002184596567,-0.7566533433063393,-0.7521140450303037,-0.7571734817111889,-0.7565332658274452,-0.755276091037018,-0.7319611269682116,-0.7160238993457476,-0.689120981444422,-0.6018169253387938,-0.5964542376205949,-0.5946495444645619,-0.5374313001628827,-0.5013492652835432,-0.47130316170542275,-0.39444747933043,-0.3359003161508166,-0.290303803265416,-0.6320666492716293,-0.22789643148943156,-0.3552200367362245,0.4575974499809633,0.39297454506091056,0.37772746020427633,0.4260850318537299,0.5076735423290832,0.5255293439325709,0.527775706388554,0.5273014483652868,0.5333835782319587
-0.44448455578476675,-0.478993096220905,-0.5202685217866017,-0.5398207837628191,-0.562985975393656,-0.590708490838938,-0.619703941731001,-0.639726433091171,-0.6591619921297521,-0.6826830688063006,-0.6996223143027085,-0.7148724170903685,-0.7274687041110866,-0.7393004520627596,-0.7468934260888318,-0.74778634787789,-0.7599788020342353,-0.775116959704801,-0.7829095142078641,-0.7755141261947001,-0.7785383438564853,-0.7598519577228507,-0.7537884051008142,-0.7407886904273063,-0.7162301011007339,-0.685421196508783,-0.6678211068968756,-0.6578058951604046,-0.597655581282561,-0.5629086350046949,-0.5468667092207178,-0.4693347647066431,-0.453139815707634,-0.4334637824288864,-0.33377945544593784,-0.26616234915293485,-0.23825081927584157,-0.5507607444223788,-0.7360627156498416,5.59237342662825e-05,0.34945874281084627,0.2501104368281292,0.2900449933174623,0.31772071159451376,0.3976599694816815,0.45912500013748286,0.47998189663462704,0.5046394758375089,0.5155211248147393
-0.3545879579952837,-0.3883535629244802,-0.41443908326517714,-0.4587402699036129,-0.5102434327017323,-0.5396852654330444,-0.5639100648919803,-0.5839186676130996,-0.5967644359209644,-0.612794443439171,-0.6376250557527459,-0.6501044899129519,-0.6654167062703932,-0.683489300712178,-0.6903365145678203,-0.7027090317260845,-0.7196642081471862,-0.7577679433912471,-0.7725409719426335,-0.7845383112750881,-0.7982038934124941,-0.7862084832099783,-0.7741345255121188,-0.7620753185161717,-0.7467693469394667,-0.682837203806744,-0.6509550284648458,-0.6182803524250732,-0.5974618025209726,-0.5613312989889524,-0.5411341579077795,-0.49377598220820496,-0.47246053310933034,-0.4535345419487271,-0.3749219148408979,-0.34687529178009485,-0.26983412759522296,-0.2069630992401734,-0.41946057228609573,-0.6306229145540814,0.25656836318454995,0.5042306748384067,0.18774222698394352,0.2343924379815106,0.31457857416561347,0.36827146326270344,0.41587444346757374,0.4769480383556379,0.5261034549194014
0,0,0,0,0,0,-0.37000998245719624,-0.46415141201849963,-0.507403658750656,-0.5484665646322624,-0.5698953580961578,-0.5817202531121132,-0.5948361372116442,-0.6272717804294781,-0.6432764178171442,-0.6757581231737809,-0.6839158691446039,-0.709299888190443,-0.7309280730166394,-0.7399455288111668,-0.7534689011041383,-0.7391500315312836,-0.7241980088060965,-0.7148964976324246,-0.697944265582415,-0.6617704685144578,-0.6574996827329032,-0.6514830801434723,-0.6301939093464753,-0.6037628385833063,-0.5834597952492221,-0.5440728880548371,-0.5300969428695409,-0.5024088553626951,-0.4420347426229846,-0.4065490451568129,-0.3833936079340425,-0.287261831965294,-0.24288883469574837,-0.18286270803615065,-0.8058981444461336,0.8341257783471374,0.7277337286791941,0.21474301682148422,0.33379396503216036,0.36919720487095375,0.40634292822807183,0.49971756041025095,0.5273244539090033
0,0,0,0,0,0,0,0,-0.32740136386308183,-0.4242456283017935,-0.4910234666106723,-0.5021912992470732,-0.4964155231688501,-0.5203636704529693,-0.5280950179474905,-0.5664887690368863,-0.6004675106170788,-0.6467763699361518,-0.6722697012134102,-0.6887065296560648,-0.715205680268978,-0.7276258205894787,-0.7382103042211956,-0.7484779289875129,-0.7454794233904042,-0.7234038795853944,-0.7037847307387232,-0.6947246999164641,-0.6614203982178988,-0.6554778544190625,-0.6456132506728114,-0.5890659142320586,-0.5751192070393992,-0.5525603027819787,-0.4886274396414747,-0.44531324004588924,-0.4219901283593283,-0.3528824294869404,-0.3237078647236689,-0.29115624556370645,-0.39286063886847494,-0.7682769812596849,0.5966443224914642,0.8704722352102775,0.31344176714782196,0.22737408216161994,0.27970979721662803,0.39458510047739176,0.4379676162098456
0,0,0,0,0,0,0,0,0,0,0,0,-0.17420971110898167,-0.13292141647092065,-0.17770948023531463,-0.2783634347028972,-0.3483044619035219,-0.45140818440412395,-0.5227162200325193,-0.5625238182154553,-0.6065077718455516,-0.6347140671554858,-0.6423724837465976,-0.6621677635636896,-0.6750057131079272,-0.6844698625090759,-0.69968111316772,-0.6975230493456891,-0.6892125790830101,-0.6928190478284147,-0.6823804461767354,-0.6517748920063812,-0.6313833494256863,-0.6247452839965489,-0.5849198163223481,-0.558927669509767,-0.5044075362032732,-0.42432066554348163,-0.38010059054903583,-0.35444628112294757,-0.26954202401512745,-0.1894865270380386,-0.16139396648315937,-0.2660580757463186,-0.7144993533039287,-0.09201884581140259,0.3462102635497209,0.43616346824237967,0.21164783536057985
0,0,0,0,0,0,0,0,0,0,0,0,0,0,-0.18182151253762713,-0.11565845261008424,-0.2795235903867671,-0.34960871359475115,-0.4128609374093691,-0.447487574651592,-0.4799881070642956,-0.5175496720570806,-0.5324621460248605,-0.5615220424363466,-0.5802581238413382,-0.6127360702963224,-0.647669791299171,-0.6588372051101181,-0.6782004656431548,-0.7008551377821649,-0.706713430988901,-0.7026315873038516,-0.6929286732337094,-0.6856699252976652,-0.6717053505960573,-0.6513457078553551,-0.6248584375638156,-0.5856525728136165,-0.5600518289986646,-0.5184973870290909,-0.41081766920468826,-0.3709659265103784,-0.2967523692162577,-0.2381247244195075,-0.5408110418545556,-0.16931420204542125,0.3483900758183195,0.2536530266713065,0.2924874138877491
0,0,0,0,0,-0.0023119159592074954,0,0,0,-0.008942220627820033,0,0,0,0,0,0,0,0,0,0,-0.2016714672344372,-0.33800349543173763,-0.36691639375566415,-0.3998275594461107,-0.4175216400015647,-0.4328028759035057,-0.4694634867768219,-0.4873706740832325,-0.5510350114294637,-0.6048141496442178,-0.6374558833561736,-0.6811781075487433,-0.7042237580037922,-0.7114662422593625,-0.7180689797654287,-0.7249510780812926,-0.7348056521926224,-0.6748953570046664,-0.6548323034390734,-0.6382453802175209,-0.5700572339787352,-0.5154777423431185,-0.4473847722085765,-0.41220995218300654,-0.6576234901712923,-0.2286371731551003,0.6771333264844296,0.3669907787948381,0.4488093264538353
0,0,0,0,0,0,0,0,0,0,0,0,0,0,0,0,-1.7463000372735037e+38,-0.011072245196174892,0.026677737648712993,0.04151472710035723,0.045941182095916015,-0.02042124554636921,-0.07703791707002082,-0.16338368985345356,-0.21185500053534848,-0.2782571259228102,-0.34480438093119564,-0.3836200253710327,-0.448340237749573,-0.49472252099620984,-0.5116035358726554,-0.6140495411549433,-0.6507283709200027,-0.6780523403897679,-0.6928182956090205,-0.7023527705311361,-0.7074435314540202,-0.66704060270682,-0.6301238088816938,-0.5983241685689027,-0.5236163387414907,-0.505340017110411,-0.46772121633145886,-0.4182037425226062,-0.602434207053707,0.7661764642883405,0.38307302464864895,0.4746543443265682,0.539893523423978
0,0,0,0,0,0,0,0,0,0,0,0,0,0,0,0,0,0,0,0,0,0.049189291090386986,0.030158863563009033,-0.023253819994946735,-0.10356223065510438,-0.21936952073666652,-0.2906551483309199,-0.3202525361894119,-0.3669203936993344,-0.3924587730655799,-0.42713127985425847,-0.48694471163281783,-0.5088797295223357,-0.5614655400932675,-0.6194715135552143,-0.6577052099187921,-0.6820717641288517,-0.6956231953801448,-0.7209355364957708,-0.734230569952945,-0.5116759020629826,-0.5171950908215027,-0.6194022425887781,-0.08491654882636117,0.516566239603623,0.5254953092019082,0.6726012759392119,0.7300981057304669,0.7487626583599545
0,0,0,0,0,0,0,0,0,0,0,-0.020064225988812894,-0.024428292964738023,-0.027011444134080763,-0.025512296032384158,-0.025358886880429962,-0.026413088230670623,-0.03054590909386574,-0.03262572518742699,-0.037883103365675554,-0.04086802777881861,-0.1446327477058767,-0.19986206362358797,-0.26874566909914094,-0.13359566585552418,-0.15827688213096708,-0.1831459805001347,-0.22129407943095586,-0.19095526144053226,-0.23613912816600308,-0.3439184179442892,-0.45941490980573635,-0.527783760995592,-0.611760442227984,-0.6688714940479291,-0.6858440426095155,-0.7149173825324524,-0.7091664958814554,-0.6322897907372592,-0.6772866881980842,-0.7305505114836129,-0.658680452532104,-0.6715230775099499,-0.7188503835766131,0.1402667989237774,0.6642056846267199,0.7503478222152374,0.76649178831923,0.7794983997850318
