jsons/1312506000.json
{"header": {"parameterUnit": "m", "parameterNumber": 2, "dx": 0.1, "dy": 0.5, "parameterNumberName": "Eastward wave", "la1": 40.97354507446295, "la2": 16.46031188964855, "parameterCategory": 2, "lo2": 133.9931640625001, "nx": 191, "ny": 50, "refTime": "2011-08-05 8:00:00", "lo1": 114.97908020019554}, "data":
[rows 22 to 43 of 50, columns 100 to 149 of 191]
-0.1107680448463379,-0.12419654612486668,-0.1403087454649176,-0.1465628890279011,-0.15396070480907476,-0.1489406089476376,-0.14842734443218053,-0.1271264214013594,-0.10876894684374519,-0.1003592782375581,-0.08423726056964027,-0.04722749319140009,-0.021298585956867788,0.0008844389945697888,-0.0004295123497550013,0.0464506243691243,0.05748906422679362,0.07503670013985302,0.12990614353550245,0.16950011962899206,0.19304986759458537,0.27436691986539824,0.3258269805102559,0.3665949815891974,0.49266712633299287,0.6180851568492491,0.6954010269694301,0.7875018683822089,0.9761448251636381,1.052463333102035,1.1572634663766372,1.3017495798914889,1.4016751377522838,1.491112387855945,1.6066918017058498,1.6629891864307942,1.7301845967312997,1.7572834206294627,1.7570512738319162,1.7208809113652963,1.6848042448506406,1.6317352047802887,1.5398026737058863,1.511932840617203,1.50302102723832,1.5051780050837587,1.5673043072015573,1.7124196130859388,1.8632638385079434,2.0466612492506546
-0.37569731742143736,-0.37923365486559957,-0.3641412554665466,-0.3618744558745607,-0.36069270031418177,-0.3624409739459416,-0.3533864989241091,-0.35794720374917327,-0.340419643784174,-0.34076835178199955,-0.34404668212206396,-0.33016722310520147,-0.3276350195696109,-0.2975890396617561,-0.2906769218990561,-0.23439691559610937,-0.21642603202853314,-0.16630864691068462,-0.12077435258232419,-0.1198562832071454,-0.08422869120675282,-0.0653399847226015,0.003038791387461173,0.04423556188340365,0.18283172364585112,0.2734803459229328,0.33410465149243257,0.42970741052412287,0.6002717477426119,0.6963208682972916,0.7857670331874993,1.0067318112463903,1.2466357311567569,1.2939702623604827,1.503493560520448,1.602660940803568,1.625171343686188,1.7156825236681181,1.7362894923205907,1.6973792632553615,1.607246280123948,1.4936826593867767,1.386688390978957,1.2473281538991554,1.2040814060557095,1.2604992915047546,1.4006106789085675,1.7486693812607779,2.01075444652254,2.2739824505275035
-0.6748928945168791,-0.6922977010028525,-0.6902835534756542,-0.6926502711764185,-0.6986541312657264,-0.6974211985524639,-0.7040733717665364,-0.7143565950062024,-0.6728917132140557,-0.6684339156253886,-0.6471498516328555,-0.6422056062853085,-0.615723199895369,-0.6132789645150541,-0.6124616444622987,-0.5899949421340888,-0.5530342770214982,-0.5413830902046289,-0.5335274708448399,-0.49256077725832814,-0.49142662122095343,-0.4043222419672241,-0.363135836846525,-0.3357086146359942,-0.25946770604259106,-0.19594237269936932,-0.18759112125084035,-0.04611757056380201,0.16358068327774666,0.3143409373324054,0.4923963721062906,0.6054143191239936,0.8224451910228329,1.0066244898567966,1.275934740806104,1.3299265732970447,1.3734497216079842,1.5800795505567706,1.6707122806049846,1.7146389696131918,1.7151672713170742,1.3697593096854483,1.0667404681282393,0.5752077424777391,0.5822215751925256,0.7059746983283081,0.9789790844636469,1.7494376630217032,2.429517792132218,2.8689996981670007
-1.071900807245432,-1.1052444320781023,-1.0612353139984698,-1.0628763842784916,-1.072940147354643,-1.0702228099331386,-1.06386672870518,-1.0924471031052703,-1.0611754996458407,-1.0846624559684348,-1.1080513603262343,-1.0978725064991812,-1.09773939495409,-1.0885922632037555,-1.0965344847738667,-1.107534249609327,-1.0945122657095638,-1.106436150850091,-1.0370757760574343,-1.021078828547016,-1.0087345237592789,-0.920332991627436,-0.8945990083087839,-0.8138208945575872,-0.6705023093099964,-0.6242409076206008,-0.5463324360171614,-0.44593585118243034,-0.17586103088715666,0.006369871511287487,0.18523868548879194,0.6141818243908992,0.8036949685084006,0.9124368129312405,1.486282155878692,1.5955494268249442,1.7843614580118283,2.0246770814587194,2.1137078598495225,2.140998183686889,2.3688296461422618,1.5164752256882856,-0.10158700674730854,-1.110470609914766,-1.199249839812144,-1.5928863253165368,0.1246870243801184,1.1966281882224212,3.5209399129426706,3.8924507086950744
-1.5657988188493077,-1.6221140770595426,-1.5920191285505,-1.5786836483417626,-1.5873923603919178,-1.6066357359168082,-1.588618690606774,-1.6207525576585486,-1.5656528839766075,-1.5563422334112873,-1.5948182676301808,-1.6028648256772322,-1.6194379044939085,-1.661263053105229,-1.6580546941953545,-1.631162903386156,-1.5938565104381353,-1.5853195021811843,-1.5050676162760928,-1.4167965551887916,-1.336689269756755,-1.2318728875150005,-1.2206462712947188,-1.2218171202863362,-1.0155165162579287,-0.9249504103157314,-0.8852629424911039,-0.78520948028242,-0.39328938145343895,-0.20586229575006354,0.04165148853477659,0.5877073116157725,1.1187390760363842,1.5744482582618287,2.3599211610813926,2.7393886918883443,2.9913197863676926,3.343339700450214,3.07929207199476,2.250956095832062,2.1351984201752745,2.900641817442421,3.8766508466166885,4.108510030498131,4.1832067260205905,4.454121360337534,4.444275847853374,4.5207370500829995,4.482965637675231,4.46813615191059
-2.202079578152024,-2.25495223159242,-2.2593382732836074,-2.2523003096758227,-2.2774269561654243,-2.233402443454417,-2.1978672559101398,-2.2731935814215602,-2.3229486028664224,-2.349391385835386,-2.4356128641948485,-2.4533591301150337,-2.415409244223911,-2.4484785343471747,-2.4206784353529702,-2.21318916323877,-2.2069636018292154,-2.1057977865375457,-1.9852768085075212,-1.8576800297385083,-1.8368482039053995,-1.705995771653101,-1.7142344358008634,-1.7387801343585483,-1.7861594263592975,-1.8085667358823145,-1.8697140806801575,-1.703549278947409,-1.2254994646517121,-0.889219524001099,-0.4627939409453763,0.4627387629431279,0.8823897517923509,1.6727585343205604,2.867311631027343,3.3354183727227866,3.5783043958624434,3.971154876462976,4.212734420188833,4.278605831019236,4.36500167873221,4.420463064654984,4.415219181844094,4.608698743332378,4.773244994215138,4.866771759107297,4.887667513476148,4.974315183157603,4.934766014771614,4.915665386941518
-2.940877800084934,-3.0478544216763206,-3.072209756454445,-3.0942304200713995,-3.2535695637676945,-3.2596349972587495,-3.3468492705407953,-3.462366327696391,-3.564352219035206,-3.529002208826814,-3.6190273677325706,-3.685811170557445,-3.6154079448266065,-3.693068096564908,-3.612740388221748,-3.432741054941427,-3.357891030349309,-3.317532086268473,-3.152657263673576,-3.076358808284027,-2.979233671997278,-2.793075331345789,-2.6888175966043875,-2.5834871698258675,-2.496053177180701,-2.3967175633682634,-2.2623240478305138,-2.091318528705683,-1.7731579133455158,-1.466585977219046,-1.1968831969608418,-0.5025593494787753,0.061527210856033916,0.7306298608874536,2.6355248585114475,3.375794412637343,3.7693908507372442,4.426968600968783,4.720134729326749,4.968393635756695,5.39687918875851,5.571794066289339,5.656280631960971,5.838400352599105,5.829228935540585,5.747979243039518,5.760432012104195,5.857424593339643,5.723273127152928,5.723441299951836
-3.7738887691403944,-4.028386759046387,-4.0308432099044165,-4.207438748088809,-4.405687621232712,-4.566563374109002,-4.580500990388321,-4.853285687866126,-5.034761795646626,-5.119999018915946,-5.309782222999611,-5.353059641959414,-5.343374400225011,-5.472938489820555,-5.420487554423627,-5.23056492916669,-5.255495593829182,-5.134350820714348,-4.967249457617915,-4.866488251119611,-4.72562395159073,-4.50733637620916,-4.483053967425346,-4.337821249779824,-4.470654967120681,-4.509387794114887,-4.328828382408227,-4.237350574518448,-1.5826013165306405,0.22296704044306742,1.420783226614822,2.865207942363094,3.4703116682440536,3.7143592888777275,4.010170194832498,4.2674616242501555,4.717868355353741,5.509905455936006,5.7756171366154305,5.903967574355498,6.459281183300268,6.797966616639308,6.8098671179339405,7.10361785918405,7.195144081220036,6.976625677845209,6.985174607658256,7.006228121806923,6.906612137246462,6.866840662080711
-4.7053090118132435,-5.005362237498194,-5.18530917912543,-5.265742330260392,-5.591346876190514,-5.768410413159892,-5.9220436737477025,-6.188410722456608,-6.371848331223959,-6.608631811794458,-6.920895172633925,-7.092093173679431,-7.197856061351165,-7.452227586102122,-7.520093788117882,-7.356329236207581,-7.5817039390474985,-7.485301335915044,-7.211857357794242,-7.077609714195658,-6.94081071788475,-6.216472123250894,-5.85645088232698,-5.188794064321526,-3.508381690134499,-2.377761157155141,-1.0440328803565364,-0.23681194610602704,0.5205459204021543,1.0169212039382125,1.9117972318791914,3.3981437971578385,4.346565910677317,4.9730500367511326,6.444614133945055,6.970158699872091,7.275266138931586,8.023641237284888,8.124327005975307,8.096424959189,8.308638990040716,8.50728149279973,8.47963288753956,8.540080734718126,8.548353952864634,8.389897084903941,8.293809069840755,8.172044558448471,8.003992979966695,7.835344250639488
-5.305978277716505,-5.628788133073793,-5.782130025628076,-5.997012251610626,-6.400095081461775,-6.545931978377273,-6.825817271594371,-7.336289461930555,-7.453572519506248,-7.799249650908314,-8.235232044398805,-8.47251407265161,-8.643563128825118,-9.123712674641407,-9.381250991171274,-9.520847578896277,-9.724447733008908,-9.748078445398946,-9.674839324367,-9.618986617983463,-9.521976015515312,-9.406114768669504,-9.765955574828306,-8.682074664347303,-7.648010510364527,-6.448231990200605,-4.925893083987363,-3.380138994167135,0.48355522633252307,2.8802088958306156,3.9304309983852757,6.022983647361935,7.271982399094161,7.848204842647158,8.640180576636768,9.271346216232443,9.537268647876044,9.69620268267053,9.804643048435935,9.806450794198579,9.737567431756679,9.716050093113065,9.458478152457877,9.436992177002917,9.305236509403516,8.93907312313596,8.826421358761417,8.592441643588407,8.262329241842666,8.12242817684957
-5.394912987979962,-5.625809396731134,-5.6809629205834025,-5.896415388287357,-6.569853303704251,-6.9542062106732025,-7.254505930760181,-7.831457967623236,-8.05958034760688,-8.457424931033891,-8.939945782370069,-9.16933793763663,-9.39411760295265,-9.802015913046752,-9.997171123348505,-10.116242932257473,-10.294354330724115,-10.243942436578328,-10.138842303440876,-9.925821601050865,-9.705160885111944,-8.989454089514263,-8.636087174973747,-7.5307842104225236,-6.123988990640495,-5.9958002345944275,-5.526296530154983,-4.6090154999422985,6.599421861341838,5.820848660822705,6.428705088084624,5.9764458635903,7.408205618267393,7.820229100538033,8.225624105236953,8.70775123014921,8.926786798112925,8.878857318810036,8.966330486403455,9.009961584358273,8.9346224184222,8.906621552310972,8.76317105878366,8.632909252932768,8.540084775752156,8.335202200647306,8.102925251395465,7.924752411042143,7.7167446746015855,7.479563647835328
-4.720927115866042,-5.004932467376068,-5.5628012189473175,-5.813358628227718,-6.422828319788221,-6.632696989578812,-6.837033793942961,-7.271293928946395,-7.554725301304717,-7.765073159897153,-8.20091319709535,-8.314726533527683,-8.370212056058795,-8.767863296651282,-8.82241728954273,-8.829865119183518,-9.01560458151409,-8.956727068408991,-8.61665199289736,-8.38308838623357,-8.27267107595108,-7.27818472189858,-6.7503485307888855,-6.1900086677681685,-4.256531442364432,-4.469911319850767,-5.92365844147321,-1.4380668708969435,6.10220448776834,2.7567530238234887,7.13680260227361,4.606546445368967,4.55057007228785,4.935073531143802,5.975498035656314,6.05272197277966,6.30739622560097,6.529436260886332,6.852017733884641,6.838568865548947,6.955728397400541,7.1222587509311905,6.946264375936018,6.993316709181467,7.026014455035161,6.7443932031208815,6.67922266770064,6.675422749964745,6.338412530540448,6.266257610332512
-4.97210428351367,-5.351033560125436,-5.536480955320567,-5.660380448513842,-5.947949009548406,-6.013627954144656,-6.125584661097373,-6.4632126537120405,-6.453834588745045,-6.471111138611571,-6.8565891145256375,-7.220249027212143,-6.864712761626673,-7.0169430908966515,-6.913326805450804,-6.780317453521578,-6.939074520546259,-6.69448789811334,-6.390458437477043,-6.258678948003641,-6.0801050766369675,-5.437423335636602,-5.290545813030492,-4.9021882607524505,-4.213420758108444,-3.755811316749487,-3.1549452360194086,-2.580959849219973,-4.8422764310229685,-5.341120196486731,-3.746609481435086,9.650390872618726,2.8138191726163226,5.710370290081569,4.363621314275507,3.05447198348426,3.5063512123894087,4.0221101841867455,4.182675142639504,4.453610987015951,4.718662955315253,4.841375914909527,4.894081991717482,5.004089282762785,5.014679331315402,4.865993314964279,4.924283046658709,4.845103403755029,4.755275233856216,4.732634064814638
-4.7173398855271165,-4.92564431175963,-4.969722825669226,-5.069536422019675,-5.2895003305022605,-5.331714934653354,-5.475919060201575,-5.607754453142879,-5.542833158344854,-5.5805670092453346,-5.751819230716581,-5.759316497236601,-5.627663654117552,-5.741815589012817,-5.732717222058525,-5.572073868347177,-5.588142560086591,-5.550424790312265,-5.157562899674254,-5.0093741995071595,-4.946650464094237,-4.357006254463212,-4.152823712524077,-4.102447489943528,-3.6572104984902456,-3.9606984826164116,-4.125484254126424,-3.8245680813582115,-2.7527978810455256,-3.202440371008658,-5.079810180431518,-0.3156898995737916,-8.242894940039768,5.843825940378184,3.7871016180347112,4.466154595431619,3.9946695033684554,2.0566782979842526,2.4267154653827947,2.551416211861111,2.9058430011287064,2.8879639716757337,2.98180561918141,3.0769537267056712,3.22652518996378,3.2900484795787794,3.3445112115284394,3.2906937064181583,3.246690236992696,3.2586225278458163
-4.3034322032051815,-4.4258725580858975,-4.334557639731546,-4.373794228943367,-4.43104680801426,-4.521775374307717,-4.488917079601771,-4.7146094628140185,-4.601847119609545,-4.665262773447494,-4.695513587491453,-4.69189436485684,-4.544773282994092,-4.522879200980185,-4.638688220834065,-4.532357589886801,-4.566705922166967,-4.536723007076919,-4.277986249376992,-4.1244833988363805,-4.148440175051037,-3.976625660946688,-3.847404551747497,-3.6995765563331817,-4.84813839459754,-4.569148113644844,-4.176961930193989,-7.40761289864646,-7.915587595232294,-6.472764972887076,-4.310018134931184,-4.317041953318185,-4.015712698944243,-1.7798663976154718,-5.531214427034744,-1.5352874757907273,5.618314087985065,4.896392905381123,5.973540430422005,4.428346350694061,4.423750630801299,3.8622725562435636,2.774221728730239,2.135300808245729,1.7222312425735988,1.6389894701130556,1.5714253081455825,1.5073759754899667,1.5857354992210424,1.7219893933234982
-3.5384001442294943,-3.6336568612444893,-3.593593437096108,-3.6734677316301183,-3.777454752896536,-3.8059802640745586,-3.843949956535394,-3.9346364389739126,-3.897805857285161,-3.8955947942295825,-3.9956461289462997,-3.993355953280463,-3.9499228567011464,-3.945951198768781,-3.891202299751225,-3.7930512319739886,-3.790291228000188,-3.683743861876316,-3.579604898216504,-3.604765831213696,-3.6211516110909585,-3.5042299601431908,-3.5175081536313346,-3.464120025047093,-3.3274281421455845,-3.209188284886817,-3.119232332320137,-2.9923923897555715,-2.617093499301459,-2.5737584114564163,-2.3513522492551475,-2.033766705408971,-1.7577707423377842,-1.5793185129096812,-1.3306771804250739,-1.9647471497871118,-2.929278430058415,-3.782287646045269,-4.231213704267636,-3.434411899429448,-3.3969721614288555,-5.771424531141792,-2.885177257465274,4.105668102290931,5.819378372622674,4.259483234881101,4.071048108364233,4.2090332775628925,4.055581353660724,3.430740616787352
-3.1888246097744255,-3.2816654386565722,-3.278923193602752,-3.3395664545661927,-3.4148307783975653,-3.385735152155796,-3.3952907308834597,-3.4838054415199613,-3.4475974387976183,-3.5117971523054514,-3.5240755812316786,-3.5259454749189367,-3.4706395315043816,-3.49098909729404,-3.474609274461457,-3.3825878778949576,-3.4015520277074573,-3.4018196741717706,-3.3527224481593705,-3.3205118146090515,-3.393165874563349,-3.364423442125261,-3.3244225583021723,-3.3502085615446457,-3.2047440151221234,-3.1479060034228548,-3.0927732909252517,-3.065130121961047,-2.8219270004369226,-2.7312335961254206,-2.6360350017036156,-2.4299933772938527,-2.285726690821271,-2.1564940162009667,-1.8689041528383905,-1.6808116215811661,-1.6286193620442624,-1.4782266041829322,-1.3626722814413463,-1.1965647084544757,-1.2232850384074527,-1.659934019149732,-2.008691750009611,-2.8230457501962958,-1.8872791707542715,-1.2978276226833274,-3.0233757795166456,-4.692259293019563,-4.502919006772934,-4.092364169930532
-2.9554186195720216,-3.0752702592258196,-3.0710369559041735,-3.1074485127698956,-3.164927846367164,-3.1235659925017543,-3.14974044301692,-3.2460232986465067,-3.2531987721456312,-3.240527123594229,-3.2546598249567107,-3.30159527590798,-3.3239974450694767,-3.3368345506820125,-3.3007275914383274,-3.331245702038319,-3.392397050797603,-3.401679022021567,-3.32287292881386,-3.3183088581790923,-3.320342851027831,-3.2646253671627736,-3.249859334934123,-3.250023291822596,-3.160346473941042,-3.0927668079203334,-3.0703238142058726,-3.0653006941444483,-2.925304605307276,-2.833340631581241,-2.741969941717924,-2.658641697858852,-2.61652180467338,-2.506674890410366,-2.271776381421954,-2.245266727820248,-2.2202949319782688,-2.044180349402521,-1.9353741128283952,-1.8378488941069644,-1.7939930487315014,-1.7331156844010653,-1.6314857192317587,-1.5623935430296148,-1.5338651730889732,-1.501673576061476,-1.4423368926627305,-1.3964593949301696,-1.3834480573045678,-1.3802384181718708
-2.749844596615065,-2.820724759917464,-2.8271239674242366,-2.8475229372031827,-2.8508336752114274,-2.8769934256168352,-2.9093857048253047,-2.9958928141882732,-3.00612877559044,-2.9875350219730747,-3.1068525186955047,-3.1264913491920767,-3.0950899337986693,-3.1588628740162807,-3.1615410146769705,-3.1390599187398007,-3.170606864725937,-3.1797046530888324,-3.1383179391498306,-3.1158887482721727,-3.1044012963434198,-3.059407182307902,-3.0580038486775782,-3.0464391974182274,-2.983772235735338,-2.979789405467907,-2.9694287204692493,-2.9360335962549167,-2.8420787672240224,-2.8060910331678204,-2.795569428585821,-2.695151824723007,-2.665202683152576,-2.633567668842897,-2.5657884753389557,-2.514356203731893,-2.427087245610708,-2.3413880163601197,-2.3120517227241777,-2.2667514143642022,-2.108048624106369,-2.072246806390931,-2.03034621665247,-2.005173153476574,-1.9266591093039938,-1.8872079392427004,-1.878351837306717,-1.8554928246350426,-1.8270521177718044,-1.8214426865135431
-2.62358291262213,-2.6564960515121516,-2.670301139003157,-2.7012456538350005,-2.745548156001739,-2.754268952655339,-2.779228354101043,-2.8103067669102786,-2.8290165110707886,-2.8660070122734775,-2.8927280360314462,-2.9261797090511386,-2.9423999077445333,-3.0001883668388585,-3.013179934820418,-2.9805457799070667,-3.047859464398388,-3.037880609167647,-2.9951964678234964,-3.0103114639989763,-3.0200718928149386,-2.9851556031959605,-2.9467366034745908,-2.9447034192468786,-2.919054902676833,-2.8941868962641992,-2.8999004539612874,-2.889924015095795,-2.859065371425392,-2.8398287287378436,-2.8245678027445833,-2.7966265203824836,-2.747938013583369,-2.719249840825047,-2.654564430667979,-2.638537818124922,-2.633451468578729,-2.5542459386009653,-2.503218511609739,-2.4672256788351588,-2.3938678160413462,-2.3580861733905563,-2.3425950153084885,-2.3356218545755105,-2.3398172393757672,-2.2653104136961733,-2.266731818918145,-2.2070813644643033,0,0
-2.4661550055678783,-2.5163610867356696,-2.5271106533277785,-2.5370609172474192,-2.5969757363499455,-2.6059671272984524,-2.608272856204753,-2.648001419714151,-2.6532624121399846,-2.643887589779547,-2.653139804384906,-2.643897693755373,-2.613086363593703,-2.6275474755166157,-2.640836257916755,-2.6378585099342082,-2.6597037147722853,-2.677680731014471,-2.6442423734660854,-2.6210677861310296,-2.6925781049082373,-2.701352097970118,-2.6836829916654916,-2.678551581454422,-2.614902089167937,-2.616553260332789,-2.6172682938205942,-2.606824878100314,-2.585976595445122,-2.552915743512124,-2.553774283299515,-2.5179825173585515,-2.480755368701085,-2.4573976785263585,-2.401850976405645,-2.3942725615408644,-2.384301515676126,-2.3892197869797105,-2.3818310799990297,-2.35088631396367,-2.3286957220449684,-2.31011544075859,2.3596099439603132e+38,0,0,0,0,0,0,0
-2.3719449413819005,-2.409213004997271,-2.420064050864536,-2.4581057463031044,-2.468461966100022,-2.4587415850123584,-2.458775526565555,-2.458840655398383,-2.420609354211495,-2.409544558210712,-2.4092111308955118,-2.416254610990084,-2.3682453734290942,-2.383387341779537,-2.418077779569291,-2.438777138626066,-2.4694192261686476,-2.473804720875343,-2.470511027206772,-2.4846082386426107,-2.4908098074314835,-2.48339208144526,-2.4895896908779322,-2.4929216375522434,-2.412873483975399,-2.37435313820265,-2.333677008660091,-2.3475908273324175,-2.3771548673872087,-2.4087184608142387,-2.411183946682828,-2.393701236416435,-2.382889786113127,-2.360345083085,-2.3456079937800487,-2.3120733691217787,-2.3097060004448084,-2.874338377983756,0,0,0,0,0,0,0,0,0,0,0,0
