jsons/1312700400.json
{"header": {"parameterUnit": "m", "parameterNumber": 2, "dx": 0.1, "dy": 0.5, "parameterNumberName": "Eastward wave", "la1": 40.97354507446295, "la2": 16.46031188964855, "parameterCategory": 2, "lo2": 133.9931640625001, "nx": 191, "ny": 50, "refTime": "2011-08-05 8:00:00", "lo1": 114.97908020019554}, "data":
[rows 22 to 43 of 50, columns 100 to 149 of 191]
2.3843465508721464,2.7700179103981006,3.130432821172998,3.183695462184975,3.2308602729093403,3.1915390470604343,3.2653056363728084,3.3060154290498875,3.2965590382092826,3.2916903938250517,3.2796901925288893,3.23011560451585,3.237792668862537,3.2014831341586545,3.206392482650054,3.2217385753925183,3.2025552407694033,3.1796823167336474,3.20507796679662,3.180903222994325,3.1203997313311773,3.120074289923697,3.086192048887568,3.0539483066480337,3.0298322442922156,3.0164967778462373,2.9665934384389994,2.935735647051444,2.913720064997517,2.8677027442083194,2.824977557633532,2.8091631751394304,2.752682728817052,2.7209237263255495,2.698071756953923,2.6374301912494067,2.607277752150462,2.606382597793109,2.563158794302125,2.5106771319851533,2.4899081667407454,2.46079749185771,2.413833863011264,2.3990562932852937,2.3734425347058865,2.3305757832666663,2.3146871513383775,2.2977983014547543,2.2771978497285374,2.256059179216834
1.3987493538974995,1.5973540440849296,2.075855082658703,2.182802619532807,2.3740682900359165,2.516928996737151,2.621762352691239,2.677389971801572,2.7619606957662843,2.7804510901465216,2.806083533210722,2.828998731174659,2.826958031447128,2.8286424875067144,2.803669618271511,2.8261435033445603,2.8005259044915976,2.8045640620949963,2.8025038930876995,2.77163978862,2.7769579866731418,2.7935552351696655,2.761507031437998,2.75733337323666,2.768109413111795,2.7666385918498912,2.755195269618261,2.738195508340918,2.74212744299721,2.699575570529262,2.6863877667013027,2.6720372076068006,2.589010096095662,2.5784398313372816,2.557714565078253,2.492802752527199,2.480001352166687,2.4566127965553277,2.4347461017084666,2.3844474604274373,2.3636671465168004,2.342623551227244,2.2994373458626867,2.2745384321240536,2.263833630806169,2.225942448731408,2.2147893538867547,2.205322353369018,2.18338209523784,2.1897563749352664
0.8075341955148468,0.9092666290493487,1.2948447285962492,1.398573021072975,1.58565294071566,1.8167018630488325,1.9095473477023928,1.9792018558020537,2.14152290756239,2.1910528961280225,2.2517039892693984,2.2616378323190225,2.2992156903670047,2.329247229425161,2.3468776365244732,2.364283852540928,2.3976721205753067,2.4068698521028655,2.3914170161335155,2.398060432215563,2.371817825924385,2.4399674613950726,2.4756470359904927,2.4789852807718593,2.5067246032890322,2.5305038983525003,2.513207097243769,2.5247167225398415,2.5357627124378483,2.5083332770103532,2.4915090508030358,2.498066954871249,2.4664894792192893,2.4657448171217533,2.4518582861838145,2.4094616841624608,2.365845514958677,2.3189995673687265,2.284224678216768,2.2019808685363755,2.172498290104888,2.146893129750876,2.099116361993969,2.0927232551408137,2.1088673793751456,2.0811118649238405,2.0987204281425482,2.1185176830998986,2.118916362293343,2.107348722559996
2.383264218440652,1.2192270249170047,0.6458070541858287,0.7393747343301106,0.9142470563117875,1.1105960599166689,1.236023770897616,1.2997771738355826,1.5277303324168858,1.5662311199968262,1.579427785608023,1.7030631515057262,1.7776344278031346,1.912715973041898,1.9102082562525764,1.9298845670231737,1.971812834610956,2.0011387517763097,2.0688876527182107,2.097844807314071,2.1159451172060373,2.1433507055758847,2.153667528456462,2.191010315491741,2.243873281728851,2.252838059658821,2.2440412857436107,2.254784677378588,2.3234939827675634,2.2917955177503533,2.296202827730418,2.3261846260372527,2.2934705841400644,2.3029189152095673,2.3119821822874274,2.2641927114739326,2.2525461603883485,2.225715736851763,2.18051605159218,2.1030888807303305,1.9325574008025188,2.0276514116909103,2.0624737101208166,-0.19525691963518,-1.6686822750659358,-1.1552049951943568,-0.31093802090229633,0.763193402255375,1.8308292529714139,1.9573736950391045
-2.4302261158029737,-0.3577836067385065,2.511739006106886,2.385173061500021,1.1871633703978983,0.36117189830724744,0.5043398038510607,0.5840852363859714,0.8203370182369023,0.915278948396922,1.0197234359851068,1.0830783927759609,1.294021360896769,1.3667282144959936,1.470196712538317,1.594139730751088,1.6480535204324234,1.6747419823242111,1.7704564627436974,1.8032711919474804,1.83554065361861,1.8779661673002392,1.9021450105700666,1.887903705833488,1.9477763533243044,1.9708576792281594,1.9946474088224802,2.013932194534184,1.9988295076109508,2.006148444571449,2.0262947057752485,2.05537778967132,2.045007181307441,2.034063193815178,2.0433218096923906,1.9756841053093936,1.9365612678256403,1.8645479900265747,1.9576045312384898,1.9766835019112243,2.107873055871147,2.0568111419447828,2.0957866423396236,2.0667659514946357,2.067841371000842,2.0411559946867714,2.0553375048236995,2.035511474709536,2.056398405010838,2.0513303889548187
-0.6379740962307953,-0.5501847628581088,-0.4257155236127233,-1.014650304567813,-1.7479263573054566,-2.7029480870140365,1.8963632762248999,2.3502836786778314,1.1668545149536802,0.44289524861934365,0.573221392317916,0.6907337331992179,0.8911415839593688,0.9740646532984736,1.026486386283871,1.249291907493266,1.2588288043962943,1.346333108301696,1.4165611695632108,1.4754506757006183,1.4812830062750384,1.5226549228385744,1.5437330844157957,1.530565928754911,1.5600464641609875,1.5640999742694837,1.5811324100240276,1.622765322824887,1.660008808957736,1.6450316271767595,1.7118451949463829,1.7776648219474456,1.7638897112285148,1.8119181571221155,1.8635432096070859,1.8402028229102014,1.8485587061928528,1.892912851834117,1.9133265723310033,1.9070352978833793,1.9407404486063102,1.9405657093336377,1.9440091353148623,1.9484865103181055,1.9447485029715446,1.9483649738364892,1.9572436320624207,1.959066588305336,1.9373664188839035,1.9269702605997348
-0.7814035285947052,-0.7465663959493897,-0.5927064463181084,-0.5302783890531393,-0.4518344782094742,-0.7269268432993997,-0.5703652764847954,-1.0306088768586121,-1.3470077705163324,1.5146698617128427,2.34299864583978,1.6463598949034262,0.46618583199317515,0.4962450456374485,0.6417123880968355,0.7984098553508525,0.8788087093801772,0.9240040421009021,1.0073078554375636,1.024666520152162,1.0340780032264512,1.0153165943273617,0.9724726558785731,0.9711434939698871,0.9833351775571947,0.9976960114051148,0.9970127706630032,0.9815440902500787,0.9230159064027327,0.8691369811596672,0.8238822768436841,1.0075800782782125,1.690643839115961,1.939725625028845,1.5694921112197027,1.3996041026937114,1.4568942504370894,1.5547533439428391,1.5842042628736415,1.6039681081542552,1.6775365819213968,1.6891704769039284,1.697367591550542,1.7721724193359711,1.7959922455496573,1.7985906196675692,1.8022459651086975,1.8303023170515615,1.8193272489023884,1.8289194081768503
-0.9078956702871342,-0.8404148626378947,-0.7629081141770914,-0.7257688120900193,-0.6993637606809484,-0.5941052883059185,-0.4889533178595014,-0.40675181589827675,-0.28759775048262337,-1.3383790602802879,-2.035925268504892,-1.193771600266234,1.9588203493212135,1.2109219606032695,0.6082192994002513,0.33792320205753323,0.38800949938289714,0.4361752122657413,0.5030142166551297,0.532946612309268,0.5544815579312087,0.6158548632609218,0.6178708304135121,0.6085722298846348,0.526240149510447,0.5027702280648587,1.1582976360358552,2.0166955485265983,-1.1200131573514023,0.5108841207409175,1.2052049726538014,1.4944975123104962,1.5888239091008578,1.6396287782545318,1.6817190767337309,1.7505077918821061,1.7612621195957474,1.771012206489376,1.796417718682697,1.8302517394667146,1.797134809615093,1.775920587031486,1.7817893127591216,1.7752737331694843,1.765844578967553,1.7739514551373536,1.7655205787975765,1.7580782553286385,1.7587631702605986,1.760253394691114
-0.9784912303539018,-0.929484058232052,-0.8497832798792142,-0.7707173335850783,-0.7352191163934835,-0.6268378072130016,-0.5777755982670872,-0.5282804633182394,-0.4226052200153036,-0.3814107475458243,-0.3136128791890311,-0.2686459500112348,-0.1936099376997717,-0.22393928010420727,-1.5929082129175964,1.030542029561514,2.192870274202728,0.907850457132022,0.2605502757240886,0.2953468959555725,0.3271979867525256,0.42317681908578736,0.45828028520056924,0.5185302839785154,0.5592222149768402,0.5762568966086159,0.6562437068974195,0.7324825143452699,1.1230591422992955,1.2821349361576293,1.4382115899044048,1.669063077555537,1.625113470539649,1.6283000154635914,1.689353405559405,1.6543220277426878,1.6963109667080953,1.6522357197690876,1.6867405655449808,1.681977289071308,1.6873456199763066,1.6711870746122157,1.6662161948561744,1.6829482995798097,1.6948214848512646,1.6942226125487658,1.6814779443782792,1.6849588210716064,1.6617451301939585,1.6526403728183579
-1.1117689560295314,-1.0886289246767131,-0.9686162793046911,-0.9439028971579042,-0.912660035131109,-0.7524625206503959,-0.7030779655884081,-0.6265488207877672,-0.5629813155596237,-0.5305285251936736,-0.4535406645886164,-0.42387028338593397,-0.3354157852332225,-0.2886830504395206,-0.22330572236117244,-0.1434821211147923,-0.1297769401149565,-0.82687132878458,-1.9336135448679337,1.5876186195629158,1.3980277472754967,0.1277698437371716,0.17602199818326922,0.2420395537148839,0.2878496548285697,0.34080728242532216,0.3822404001689039,0.4221406217659032,0.5184799555377017,0.5857538450505754,0.6206493812264736,0.6748831265091225,0.6855045984533017,0.7597827930187782,0.8389032199809557,0.9129178953437046,0.9326614833545387,1.0117032170723983,1.0407730565953275,1.018738729433801,1.130736447974048,1.1362356645239633,1.1545879943226647,1.2264429957473437,1.200265949399983,1.1993701342125127,1.201070307428459,1.2059457755587155,1.2341628402463454,1.2653620575137399
-1.1891863542442929,-1.1355529633681751,-1.2597898404359418,-1.4741022130576729,-1.730115411554672,-1.2163343565168274,-1.078219035821765,-0.960415283971507,-0.8021133388551925,-0.7149609112800833,-0.6380360445309659,-0.5978220941854473,-0.507066068031378,-0.45075027658720646,-0.41963969897946496,-0.34673478257450685,-0.30270523431577606,-0.2649128631600257,-0.16542547163166432,-0.12386051968950344,-0.35457814576571595,-0.819153895622752,-1.8308042524059696,1.8942361324657893,0.7942427820626669,0.15891172944957777,0.18821567689604055,0.21818731513094733,0.29764294465358704,0.3108168275763488,0.3332049085472364,0.38012186588098945,0.39640803845876,0.407584386495544,0.49549597702206016,0.5620867114197846,0.6539856144757118,0.6420844450126706,0.670350536672496,0.6894110443023672,0.7281017784793206,0.7702311090302739,0.7707444328314713,0.7819866355414005,0.7945718535308389,0.7982926052295095,0.7985235203165042,0.8170013037893731,0.8233228453790398,0.8005050743534909
-1.3177605249592055,-1.2012731837941122,-1.1188406087277971,-1.480820941479608,-1.2951338743560652,-0.8024761326976233,-0.6039185930410662,-0.6452934305805411,-0.6663216443886737,-0.655923439262366,-0.6348254670127972,-0.6289526294980048,-0.5726960628365351,-0.5370323190949499,-0.49777763892881316,-0.4350442206249797,-0.3894806389529954,-0.35312016750249037,-0.25672629174395856,-0.20729216250043297,-0.18561996318446677,-0.36347839992177194,-1.044414732778461,-1.6071049404676374,1.876286160777539,0.9814802559652466,1.1818157296017326,0.17366099624900644,0.17611774844353256,0.2014145066611785,0.22163978499929737,0.25986652105643393,0.3025584919817008,0.34218908058357855,0.39844668765447566,0.4041879060584514,0.42724808796639163,0.439303735836188,0.46097537941723726,0.47767720760396826,0.5036153669118403,0.5409491258913866,0.5698702933809764,0.5896443475309784,0.6062165343244523,0.6061068432774155,0.6057892986604066,0.6353824668186409,0.6407942230840793,0.648411117218598
-1.57408372291084,-1.4685107836426594,-1.2807903677804344,-1.17162001134018,-1.077672891159551,-0.9397222575299448,-0.8586042528069108,-0.825608139043235,-0.7499222944779915,-0.7179307334245696,-0.6910708321337066,-0.646806503730656,-0.6059530170600873,-0.5927703863061852,-0.6025533249155317,-0.5297197775892312,-0.47450874187607583,-0.42111436255606793,-0.3622419927461723,-0.3228985060292538,-0.2966858695555697,-0.2136537801269646,-0.20006632261064258,-0.18449156274730028,-0.7870261657295796,-1.8415830425214783,-1.3869539890366838,2.0518997090635436,1.470406367106657,0.6732532242819793,0.19605861453903106,0.2272867658011637,0.262507106584129,0.26753543964119236,0.2727734041297374,0.293651963379677,0.33882239752758564,0.38191269066245004,0.3890958189407619,0.40050241366824046,0.4009928162258448,0.40795125110035596,0.414690873924184,0.4223486300515489,0.41830288398380816,0.4157544479017602,0.4383068029259068,0.4525054246648908,0.46073932464135575,0.46273707697467104
-1.6788027118103352,-1.612921966451023,-1.5003179333173016,-1.4343119975729601,-1.3446450958112872,-1.206676200507519,-1.1458925312663302,-1.0562572059044315,-0.9421494933379531,-0.9104075946453627,-0.8690698124932023,-0.8500968487199776,-0.7850033446114789,-0.7418169995460513,-0.7288109944614529,-0.6387970983477264,-0.5853879620094755,-0.5685435913676135,-0.47851355628351694,-0.4411943869108348,-0.41066383900955844,-0.3391763639963721,-0.30107233467975864,-0.2891504479377521,-0.3087994416777876,-0.568324526383144,-1.206279127508068,-1.8400424606768502,1.782473912224117,2.0669176310572066,2.0448562196959292,0.1396494611118263,0.5881582712720766,0.5506918780204126,0.1493217997763205,0.17496737924634698,0.19199265970925164,0.23086332416497776,0.25435691441332775,0.2581232069907302,0.2531743520654482,0.25118228693058964,0.26148675762935886,0.2650011293390504,0.28311905593791975,0.2941601600768324,0.3000746335329264,0.27394273861552704,0.2734403249762726,0.2732485072641954
-1.762691312729066,-1.7321051038735182,-1.6939292511920214,-1.6378437863621562,-1.6039000827260206,-1.4833271904414413,-1.428760877886716,-1.347153075713178,-1.294563717948077,-1.2323762313208175,-1.1897873912805796,-1.1835476164904581,-1.0614519507768316,-1.0555906287554295,-0.9926923600226956,-0.8919217365576467,-0.8563540742128569,-0.8086645612252841,-0.7347006006465034,-0.6594275378255708,-0.6430347920688249,-0.5952100668654112,-0.5327838841052721,-0.4698697119696889,-0.4308393732942378,-0.38886478740481795,-0.379063411919084,-0.341385578577844,-0.5736877511749353,-0.6422649659579394,-0.630341171163059,-1.525719357469264,-1.243176170527347,-0.37409276809136727,-1.1393339336059578,0.04755374008105272,1.8238897709894668,1.4766901250782147,1.8546111834473624,1.5103532279273602,1.804645902564054,1.9906477320503628,1.9759024196691397,1.1463177849557462,0.16768188219325192,0.8549449960356663,1.133681479540005,0.5761228008414271,0.939055903353847,0.7300489394372789
-1.9743628390683168,-1.9109841671876455,-1.8413940259642008,-1.7949940252223708,-1.7638261968959505,-1.6711832885812483,-1.6471968267929886,-1.569372113432618,-1.49789613570053,-1.4328325138964357,-1.3779793003921983,-1.3324964020874968,-1.2465917552099766,-1.2287946352033152,-1.19226059755475,-1.1577067239028807,-1.1101328947378828,-1.0966856613661915,-1.038703186954448,-0.9783787701548927,-0.9278692339317822,-0.7796373854005842,-0.7376449942059683,-0.7089301334229011,-0.6367759596982117,-0.6132214074052753,-0.5755049465406242,-0.5418857213718531,-0.41301413909535706,-0.39978177643094187,-0.3940756966115127,-0.36309869047100424,-0.31445966922380064,-0.2776494400781659,-0.29430342727197517,-0.5682115397259189,-0.9338867181983729,-1.0073617269309183,-1.0962180986851016,-0.8674227629320845,-0.6563404674927136,-1.2535064198454815,-1.3789234877824559,-1.684781817275117,-1.5581760835836616,-1.3884048832180325,-1.6538535421158294,-1.6580384434028024,0.17910000698357625,1.9574347137064532
-2.067092831874246,-2.025794403504938,-1.9624251200359955,-1.9295416441145956,-1.8861334754188483,-1.8368031836563763,-1.7937041470289081,-1.7609369033892674,-1.6745765787074924,-1.6503359421539918,-1.6199032913442177,-1.5675895906219481,-1.5363382869502389,-1.5059533038665387,-1.4752977380881642,-1.431164576991212,-1.4063988118867998,-1.3769685600636103,-1.3117519132537538,-1.245833958023885,-1.170019641203581,-1.0858714427860363,-1.0247819741853434,-1.003479684175663,-0.9128275733108624,-0.859107015586552,-0.8237072690670378,-0.8091837645912824,-0.7646025161587616,-0.7168274911043158,-0.6943847168103771,-0.6457385777622616,-0.6135338595966953,-0.5805217812124095,-0.5324847219896737,-0.4941896339009381,-0.485032849141979,-0.46830958753819624,-0.449840397227784,-0.42065205192000105,-0.39852870981208816,-0.39436169885722344,-0.3857694257633545,-0.34994169145226495,-0.33368762718241063,-0.3315553216766078,-0.49371823901674644,-0.7058068380480331,-0.7341796237978078,-0.7003353754715049
-2.1374569137698107,-2.118123768830606,-2.0433308054377077,-2.0069989088004734,-1.9896759806606215,-1.9359276280070257,-1.934046046930819,-1.9134338127617982,-1.867008043813674,-1.8174068170874182,-1.7734754485450317,-1.7570271527796772,-1.7102384056978832,-1.6559620293681663,-1.6227172312924918,-1.5824134877124176,-1.5502704142227963,-1.5265955965806868,-1.4682567665211579,-1.4407460574456108,-1.392138813439138,-1.276513779230138,-1.2548119978529009,-1.237472766008877,-1.1568532317220876,-1.1032891878466895,-1.0868620293841624,-1.069435817233098,-0.994631200967338,-0.9394709627409795,-0.8979416269165702,-0.8826682025892333,-0.8648787113688349,-0.8227769217371248,-0.7556161834229858,-0.7502199827523156,-0.7402812810186504,-0.6933940907505646,-0.6585719444022934,-0.6465945295285247,-0.6355764873405964,-0.610348957864007,-0.568744875157897,-0.5021644698120512,-0.4706446772766743,-0.48113149872239935,-0.503766873573919,-0.5575191223350843,-0.5691980779595345,-0.583972926411463
-2.146763756018468,-2.1214706855886885,-2.0772689870906804,-2.0517524676651067,-2.038507330576892,-2.00988649899394,-1.9940021167357667,-1.9590623268945921,-1.9325282431174502,-1.895603931242593,-1.840329053734313,-1.8061926802663215,-1.7715586091725772,-1.7198549178247309,-1.6783140450495295,-1.636560260719268,-1.6098238071966011,-1.5830260823454303,-1.5468984868137758,-1.528783047442253,-1.491214474094249,-1.4645527578732898,-1.43700391539148,-1.3928798427699236,-1.2611670457881743,-1.223276352145643,-1.2302693405403118,-1.2156721703501918,-1.1769331325807493,-1.1729619768206152,-1.1698070901406454,-1.0792636405688445,-1.042280411820207,-1.02765061860684,-1.0012526182075203,-0.9653383437372608,-0.930166851176109,-0.8891542767394818,-0.8729712937667513,-0.8627232094992006,-0.7966967298659121,-0.7832605837176732,-0.7718565084406884,-0.7971129595100958,-0.7887157473523488,-0.7867298100423302,-0.7881119282208207,-0.8058086550981737,-0.8335919699094448,-0.8755219222033643
-2.1434030905390458,-2.1321277745559986,-2.077557710255876,-2.0488103876172037,-2.0281971995579307,-2.0064125304312883,-1.9949444882797993,-1.9872806487953867,-1.9309988269764173,-1.8909811581915081,-1.8744407386977704,-1.8597905159025612,-1.777007571308391,-1.731511361079663,-1.711131293742029,-1.6896876969495251,-1.6637980136878745,-1.650844785944583,-1.612869597040159,-1.5950755206875051,-1.5798361294437844,-1.543619450577298,-1.4927734703440896,-1.4613270341770317,-1.430788602326762,-1.4162381426734276,-1.3795039333165913,-1.3559216915895462,-1.317283878047548,-1.2936811196841378,-1.2607593561035546,-1.230859845173625,-1.213454852825281,-1.2063243778189843,-1.1574738644895772,-1.1342580401084876,-1.1350257689923775,-1.1125190776736371,-1.0961704474541254,-1.0876254414608153,-1.0697372793760533,-1.0604023145640444,-1.0478253778394353,-1.072084854850346,-1.1141600844989665,-1.1533195008990653,-1.2116099477144417,-1.1818644364618285,0,0
-2.133810012364987,-2.1029676257977665,-2.0596509348360508,-2.048531798056393,-2.024170416569238,-1.9985449219898352,-1.9890242037246264,-1.9750360615024967,-1.966314812881071,-1.9384559534475576,-1.9108388495729962,-1.8900823417253148,-1.8509472394332827,-1.8201193195040173,-1.7747970148955228,-1.7450796561427604,-1.7311110280542492,-1.7095334428629514,-1.6946860677910245,-1.6856053521653924,-1.6573605370413937,-1.6338494369604812,-1.6128580106002448,-1.5962124738070764,-1.5364038918937224,-1.5250688866176902,-1.518990086137199,-1.4866563884129114,-1.4674079712352792,-1.458929658235223,-1.4389599320400888,-1.400533847877745,-1.3771891422654003,-1.3580301462999296,-1.3453203257250232,-1.3251764659336145,-1.3159997452796424,-1.3076879071864635,-1.3041884468620677,-1.2849086035105186,-1.28497188885535,-1.2943288880435466,2.0963195980304092e+38,0,0,0,0,0,0,0
-2.1166789484248665,-2.101012739931353,-2.064597459421787,-2.04722811703691,-2.038224336042152,-2.010535213894318,-2.0067190326922772,-2.0028889066124345,-1.9745701805149085,-1.974270658447825,-1.952742127960622,-1.9339828869380562,-1.8932683279619598,-1.8896381331289112,-1.860221582020477,-1.823031449778708,-1.796544222037606,-1.781301657399998,-1.7377337160201873,-1.7282246476727123,-1.7204640170564163,-1.701783128481913,-1.696707447676597,-1.68536963830391,-1.6319478447647116,-1.6246253962311819,-1.618441346290523,-1.5985297678166923,-1.5680911571114984,-1.538313205032419,-1.5275567365944163,-1.5263944648776304,-1.5186685879037438,-1.5162278439344414,-1.5376539050929918,-1.526127220919822,-1.5181222451890535,-2.1056103732371754,0,0,0,0,0,0,0,0,0,0,0,0
