jsons/1312578000.json
{"header": {"parameterUnit": "m", "parameterNumber": 3, "dx": 0.1, "dy": 0.5, "parameterNumberName": "Northward wave", "la1": 40.97354507446295, "la2": 16.46031188964855, "parameterCategory": 2, "lo2": 133.9931640625001, "nx": 191, "ny": 50, "refTime": "2011-08-05 8:00:00", "lo1": 114.97908020019554}, "data":
[rows 22 to 43 of 50, columns 50 to 99 of 191]
0,0,0,0,0,0,0,0,0,0,0,0,0,0,0,0,0,0,0.15502881047435246,-0.1391373516972737,-0.30731557544360794,-0.1836954031065509,-0.12502299987249102,-0.5723720255824084,-1.2393007736944992,-1.4706895857312237,-1.596780260980086,-1.768285515739777,-2.051717736633062,-2.1750414196474583,-2.281992974633556,-2.4527634602612873,-2.5054943725875707,-2.54879531416206,-2.585816877158001,-2.6974317124918548,-2.7760152141093646,-2.836612093647283,-2.985745561338493,-3.145154533898634,-3.219278662161843,-3.3810671668554675,-3.4445932957754994,-3.4928834581708017,-3.5867949121452116,-3.65068783380503,-3.6734481969704094,-3.767459559754352,-3.7962218231806397,-3.8146880678494868
0,0,0,0,0,0,0,0,0,0,0,0,0,0,0,-0.16753780009059602,0,0,0,0,-0.4801232615590677,-0.8875056154381753,-1.3947850390632872,-1.5979600574805863,-1.744215565888289,-1.985018868708487,-2.1001020455299204,-2.1889118826753085,-2.3178830501720435,-2.4049545976873277,-2.4959406813078573,-2.651070704638657,-2.7361179211614877,-2.8717246810855688,-3.0139506748629503,-3.3701527913247316,-3.494275059541468,-3.597055435758701,-3.7690147329836106,-3.8349361978123073,-3.906620504583448,-4.03506054943312,-4.133714367637248,-4.208007442255565,-4.372571939973843,-4.459838866373021,-4.543595294723953,-4.708219299846845,-4.790228255315456,-4.8654265385074495
0,0,0,0,0,0,0,0,0,0,0,0,0,0,0,0,0,0,-0.754556652453736,-1.162011474256856,-1.4496066397208287,-1.6750919113608602,-2.0652640414701167,-2.2099736136125214,-2.3265278306710973,-2.5055506142875923,-2.5712300744412726,-2.674003646154534,-2.8557758315935766,-2.9532068920472767,-3.068775187630976,-3.2355841456626093,-3.3334906051805944,-3.5039771830668363,-3.619988420752504,-3.809747037579529,-3.8778861803806186,-3.9652725615398103,-4.137277986272548,-4.222788800470036,-4.295461566402398,-4.62814555165801,-4.759916872319303,-4.9115785468859094,-5.205266514185002,-5.274689754681797,-5.421681036035324,-5.571938626533533,-5.678419541848842,-5.82501666363732
0,0,0,0,0,0,0,0,0,0,0,0,0,0,0,-8.1454825486999445e+37,0.17767956775562144,-1.0999761493531002,-1.5136497413464545,-2.0002182064241194,-2.1322282156725425,-2.271305767394697,-2.4890526879112116,-2.579362700351618,-2.663056895740921,-2.9074502686512558,-3.0396225485279964,-3.324025900998149,-3.536158172553063,-3.630191739081085,-3.716487809428878,-3.895916497297484,-4.065750981866375,-4.157428152308227,-4.247650003612311,-4.462397258071613,-4.572357025095595,-4.670147053975255,-4.914628526117188,-5.0675569481240155,-5.159987902762793,-5.392245942578158,-5.494894734403723,-5.620872543393293,-5.842169884134517,-5.988862774101682,-6.192392394035141,-6.487356801330911,-6.68261025854231,-6.882805732808862
0,0,0,0,0,0,0,0,-0.25535120575521547,-0.5015989681796132,-0.7138379021504276,-0.8284970398863165,-1.1572974590732816,-1.3789282889328787,-1.6172872585516742,-1.799698502946824,-2.1006562760897807,-2.237755727087583,-2.332178441357864,-2.5595041382569717,-2.645357904512949,-2.7791991883674556,-3.094486453352676,-3.2401641883116294,-3.325990766721429,-3.4881328087333348,-3.560892213216274,-3.617265024105742,-3.7943501844462104,-3.8697392061654674,-3.925773558676846,-4.118174023870827,-4.218655873540839,-4.349107456381434,-4.4230987350310516,-4.676609429404599,-4.815434988857046,-4.96518556541778,-5.268988638344467,-5.457856572835236,-5.617967693373767,-5.909104476167039,-6.074580953868537,-6.260591144677861,-6.558682482517545,-6.733902644077011,-6.928580037844184,-7.255905430953322,-7.39253948509353,-7.698542510614067
0,0,0,0,0,0,0,-0.8646700493950856,-1.030675069648351,-1.3847077493131958,-1.5007344198478676,-1.610027337099917,-1.8048971995162388,-1.8777773984742983,-1.952529677873708,-2.029984154753606,-2.1771439497781864,-2.305819862929568,-2.424971569340049,-2.66863873047869,-2.8337705925126873,-2.8888859150521027,-3.034801613510936,-3.0825413182358643,-3.0987540359518153,-3.2167659770608634,-3.2754006087848557,-3.3320099914467542,-3.4972653121408634,-3.601325337838398,-3.6652547498205386,-3.8515427993228655,-3.934516643319612,-3.967006592713066,-4.020048581304258,-4.2348590533899815,-4.3565700616525165,-4.498681921708898,-4.794045936070512,-4.883358109749221,-4.999510820053432,-5.199293217693857,-5.427927169114933,-5.547705183158614,-5.797042974874621,-5.987948641829013,-6.289273653733871,-6.589808875609008,-6.794958524423657,-7.138766498513522
0,0,0.16616429875072797,-0.8669318879696694,-1.0879568835635292,-1.2646335072566142,-1.5898117663243523,-1.684206272907366,-1.7481867470428445,-1.861127600081727,-1.9269131645100308,-1.9490387460608063,-2.0588999795280483,-2.1078464622704374,-2.1291469702618424,-2.1493911629298137,-2.3213200103128053,-2.4380829982101617,-2.4946459066115434,-2.5942617733260196,-2.5833703115856,-2.6132351310786976,-2.711145761488989,-2.7382253471046005,-2.756363546695696,-2.845170292263914,-2.8637437157727934,-2.8457315622142385,-2.937906206277601,-2.9830381856012695,-3.025130317088106,-3.175031479471683,-3.2156334285378754,-3.245317888827411,-3.3270332258258986,-3.46819709701431,-3.620523978230584,-3.6996638272490254,-3.864011909395173,-3.9262333425937728,-4.024840153260582,-4.1469134793684885,-4.304944044485727,-4.3769836759470735,-4.6263599036672565,-4.81333927102426,-5.013931788765733,-5.2784523233981,-5.366960305693585,-5.819947340328714
-0.9793115871422062,-1.0723794335992223,-1.2177585759603402,-1.434793883318911,-1.5318907198640621,-1.6108530946923119,-1.729878955228771,-1.803391508899415,-1.8437875479511168,-1.9720649385320566,-2.016379812217187,-2.05133506681161,-2.1393241413603,-2.1207135830666948,-2.166841411774127,-2.254113445386907,-2.3310991609654783,-2.3136468443190514,-2.3318706884390186,-2.411127384611776,-2.375546727504669,-2.384191907579926,-2.4506678812322584,-2.4409042423770066,-2.382032234117382,-2.463981285422072,-2.450826552848074,-2.39185297399543,-2.4401452020741665,-2.4431565939617257,-2.4023709292508673,-2.4732527657438403,-2.499496946545927,-2.4690636836262625,-2.3925548233833283,-2.492837317904575,-2.372957300496794,-2.407151046478736,-2.5593765998338442,-2.3782925039330896,-2.3861576933259743,-2.3945680456514493,-2.418480793085543,-2.431620050442121,-2.483510627453741,-2.504605230060439,-2.593395596727748,-2.762622108008774,-2.839465407839943,-2.8585626898063325
-1.3693089726580743,-1.4364162860052656,-1.5406808294785794,-1.6925663532515283,-1.7229064364094429,-1.7537400102554164,-1.8373652623517396,-1.8661707016330322,-1.8394255820401342,-1.907355429165159,-1.932088149320583,-1.9495332018530056,-2.0648802004803324,-2.1182907114693466,-2.1362543573350763,-2.170436723689229,-2.1925505613480576,-2.1573463616349016,-2.118614686221657,-2.15985642069257,-2.036917365208325,-2.0513504750738694,-2.038645138604886,-1.990680785138216,-1.9092796383153225,-1.9180402003028079,-1.8979167785864741,-1.8103536876958368,-1.8145791573782855,-1.7773238147392416,-1.6410757827858358,-1.5768308734460892,-1.556004211925984,-1.4536503062306045,-1.3348590918078935,-1.330489646447211,-1.1710767743599844,-1.1510384153567745,-1.1243023465401798,-0.9600946299267029,-0.9651626814426724,-1.0022462850973166,-0.9263385686671833,-0.7474035213045167,-0.7592493510579346,-0.6897965614166693,-0.5245269878833059,-0.38500993099436,-0.2540265158673549,0.019024396163473543
-1.2944198900438468,-1.3452675654246964,-1.3934833748202131,-1.4849993545173854,-1.4956785111373725,-1.5070450275867628,-1.5503107464667192,-1.5687051442863602,-1.5515343361053024,-1.5909928337754824,-1.5962956019443753,-1.5629837095636065,-1.6231910545261037,-1.6410938896779819,-1.6780327416783,-1.696598747267491,-1.7423392748152806,-1.6979245664263787,-1.6748448725319094,-1.7077788213270992,-1.6226540298451393,-1.59228315441728,-1.609099369466472,-1.5514704342610288,-1.4394904568465277,-1.4216932129844437,-1.3740980814875268,-1.2611632656001062,-1.216059628774101,-1.128935818494886,-0.9262599808300849,-0.8805894217062049,-0.791045165178213,-0.5710601484127188,-0.510709478587786,-0.4553745553519496,-0.2611606914968124,-0.1855925630083952,-0.0959012656766097,0.0797051646613719,0.20743759333258938,0.3414004990138624,0.5146351376897011,0.7787943360478455,0.9343292645401414,1.0817682153047852,1.3641190122845916,1.5817858734188024,1.7819592580118422,2.2939543771733693
-0.8175532149595452,-0.7256807680351577,-0.7042306560255502,-0.670679384630894,-0.5233903960078059,-0.4335488393762451,-0.3686453110038793,-0.136959000207637,0.15052898198178308,0.4649438510014936,0.5853327526054241,0,0,0,0,0,0,0,0,0,-1.5949902671233538,-1.4224987367851203,-1.3166091945124032,-1.1390363738675486,-0.9341114080732512,-0.8409186534463369,-0.7553278063303752,-0.5978653991063523,-0.4807853929173456,-0.38697135148095685,-0.12636040031604384,-0.11516843926266591,-0.0600892450977651,0.01268008536115804,0.06370324858727942,0.1351741887195221,0.29958901195008203,0.3470716476069962,0.48242817451497805,0.702066480455099,0.824626614657043,0.9422462065320009,1.1753811546538784,1.4619144793832337,1.651545392826727,1.850866018832151,2.1791282674261727,2.466910431859386,2.688516242002953,2.9992537948521174
-0.04664596435162457,0.03267111671504154,0.12902793854164776,0.17530861523248967,0.3449039235448752,0.38899276101725616,0.5047561886616977,0,0,0,0,0,0,0,0,0,0,0,0,-1.6350395259965622,-1.2248186965525767,-1.043205242448656,-0.9724191471702901,-0.9025578477388735,-0.6949331591036303,-0.639985956046238,-0.5403785123393433,-0.35811927011052763,-0.2935963322462638,-0.181353070010827,0.005728851103007661,0.06803232163478506,0.19698344820939817,0.39752227852177097,0.4938516289739609,0.5657795863536985,0.7183245012308681,1.1113162405219004,1.377702073824175,1.1435941861636703,1.5051446567049942,2.2282319566073974,1.5804808610572092,-0.40002978397917,0.2999113808579771,1.2448115061643752,2.3358147057435272,2.72263316120872,2.9955114720206275,3.3576704803879385
0.3304513712593244,0.4027121670881658,0.43100430732755945,0.47103114698860415,0,0,0,0,0,0,0,0,0,0,0,0,0,-1.1547846012583005,-1.0233084608169896,-1.0137051091271865,-0.7452977081315649,-0.631654018699035,-0.5526404924241449,-0.4426761228126649,-0.2763164671106577,-0.15919374855382035,-0.06108370842980487,0.18258104460768818,0.3317652605349961,0.4684044426158518,0.7587873281477417,0.9437104424160129,1.0427090303200086,1.4064768708492223,1.5976341933634568,1.756010932286734,1.9104532455952512,1.9065076811898602,1.9321654514600795,1.718110032074607,1.7301082892294533,1.8597972590640655,1.9104254724010972,2.0256412484632325,2.1557782541631463,2.2706289282409293,2.4089369561432217,2.6138632015848446,2.833875642557226,3.25111857392114
0.3887998982518166,0.4831841647578836,0,0,0,0,0,0,0,0,0,0,0,0,0,0,-1.0196278145328799,-0.6979929442920921,-0.5796019003152565,-0.46788546001231135,-0.27646486262728937,-0.19606764249440797,-0.11526984893481339,0.0017788269733588736,0.20846975622770617,0.302723176421738,0.3762375880664685,0.5475489690887003,0.661834317104083,0.7439056760398359,0.9161880114066238,0.9848552021983469,1.0498154180585626,1.118190044612493,1.1864556122397423,1.2065247761978892,1.2108190690732479,1.2522005407953665,1.3253579231755785,1.3720143620636975,1.428376894944764,1.5546723573870032,1.5970342015605132,1.715737093479988,1.8466198336161197,1.9820809469862506,2.2093087052278015,2.395142217639884,2.543996810052112,2.8479426003140125
0.3912649373124984,0.48409165380778063,0,0,0,0,0,0,0,0,0,0,0,0,-0.649502386263932,-0.4982075210973653,-0.4859328430066233,-0.3325997554315696,-0.2740868160528744,-0.21979178865668614,-0.1321341879086315,-0.06887005911676379,-0.024941292572052805,0.03239098529894837,0.09672039698461761,0.16289147199528806,0.20235793873218436,0.2815425722655355,0.32695576626062745,0.34989345595956295,0.4133260528313645,0.4395338636700599,0.4430454421465013,0.5233917993786201,0.5656654744942422,0.6272771137663338,0.6467871207189699,0.7151364072489319,0.7350897317329376,0.7835126738952751,0.8925070346534292,1.0265615789891667,1.081845822703831,1.3100264852942436,1.4435598557702152,1.5886856785873946,1.7970870166994473,1.9783200638554412,2.0549534339775715,2.3182958642538236
0.3467327870884635,0.3822937579969124,0.4070370104378295,0.42906113504642,0.11598798507374301,0,0,0,0,0,0.25196914693372663,-0.652275503705656,-0.6178078914446016,-0.5796671946813987,-0.4860714593836542,-0.44953844766988027,-0.4458632504454975,-0.3609910773731468,-0.3431271995407548,-0.33126337638265263,-0.28008225413335375,-0.25480526960071426,-0.25796264776034,-0.23614890310421527,-0.2131692630088779,-0.19821691963416063,-0.19079847447203893,-0.16707866060370732,-0.1562055476850249,-0.1466418685707405,-0.11058128215922158,-0.07170562154325431,-0.029092658345876606,0.029718633489737828,0.047762611045648155,0.1361884634020669,0.23488810561235765,0.30196181291132534,0.33243418579482165,0.5493858901681231,0.6215910961531482,0.7618766608397631,0.8223292223995132,0.9729040535218009,1.1477503767634074,1.2596998957776886,1.4185734658240337,1.472281617522187,1.6179350799869436,1.7795008851064207
0.3724088033110509,0.3804118940107294,0.4144163062251868,0.436152243600707,0.4473240580897394,0.49561688511571106,0.541528397368171,0.5969508847218316,0,-0.7723365578562797,-0.7887839494688004,-0.6174650364681404,-0.6062904954902731,-0.5748036012059854,-0.5388181744266266,-0.5335730702295144,-0.5663912310890924,-0.5816502874854117,-0.5943131344548033,-0.60635701917779,-0.5875371112648862,-0.5931446306069493,-0.6058933307896455,-0.6152217404067137,-0.6090186219723134,-0.6115384372863928,-0.5999556570918784,-0.5476304846494738,-0.5517163395931309,-0.5181146145549784,-0.42491144359069943,-0.4104932023212496,-0.3987451687741165,-0.2871746288354357,-0.2701544852889275,-0.2021727524122291,-0.10591729231702111,0.0066483959239147065,0.06581200131321746,0.2691012096458226,0.3150310718270319,0.4197041502340303,0.5214448888585559,0.6714885189905407,0.7714431024331219,0.8381238717520657,1.045730234499689,1.135230450915267,1.293400255431754,1.4235396561846623
-0.17869408750248714,-0.29806591951729683,-0.36674545650794854,-0.45897981878009825,-0.4878624597802226,-0.5360929639313986,-0.5617388249001705,-0.5665563629223795,-0.5901817335441415,-0.6415804012879561,-0.6634780899704897,-0.6741123809507359,-0.7080171861388572,-0.7187285560962955,-0.7289092195363936,-0.7506900850159149,-0.7880279576019232,-0.7879191226356935,-0.7914567669263005,-0.818576415084293,-0.7942993891214203,-0.7801613948593455,-0.8021132696971559,-0.7878312654886167,-0.7416472544385557,-0.7380010023550694,-0.7370905955661736,-0.7168070331037443,-0.7109347293569466,-0.67175988121495,-0.597093981935287,-0.5746940182202644,-0.5243794981161165,-0.437173919822385,-0.3666986932157433,-0.33722230708209344,-0.1929240686397934,-0.12690053394158435,-0.0663323502193802,0.055522738921831814,0.15164022348945505,0.21727426438856745,0.2539020709791776,0.38475285171581597,0.4614036340875136,0.5605609532746274,0.6834756255027342,0.7780430620595944,0.8960976916374869,1.0459376602307204
-0.5538117621621006,-0.572844567694645,-0.5901830445973107,-0.6499335052117805,-0.6342180532952716,-0.6635387534696199,-0.7310358615727797,-0.7384113472490886,-0.765956124439461,-0.8099539822529885,-0.8246876502239041,-0.8361917056793611,-0.8713828449522176,-0.8793825181479339,-0.872039961803287,-0.8825695103881567,-0.892422790958159,-0.887251867911311,-0.8626835800920908,-0.8745765758312243,-0.8499076417584723,-0.8363241548762386,-0.8503828846193222,-0.8378578846499937,-0.8031415144504086,-0.8062698168971899,-0.7943795080056748,-0.7418218325137427,-0.7544372869405054,-0.7147261482575725,-0.6504376187607445,-0.6121258217546575,-0.5595466966176652,-0.45651376384871484,-0.4088776400401539,-0.3500185389995348,-0.2632840295537099,-0.19828904691008611,-0.17456355791050582,-0.05290949953467993,-0.018992013748053347,0.02233212348588273,0.11014245016714208,0.2206741434264761,0.31129858665362153,0.36152467424553636,0.5070244049703658,0.5781885058985841,0.6351003460678453,0.735926979048706
-0.6820625488607353,-0.7085256565777208,-0.7159645710220786,-0.7651726366744668,-0.7867540295283025,-0.8125871045354499,-0.8379689329141762,-0.8551881351184887,-0.8656762994972194,-0.8979815990965222,-0.9000548704961916,-0.8709130564375411,-0.8975412407136599,-0.8985333010360498,-0.887704393095689,-0.8827001161158885,-0.8875550440346196,-0.8775896363798161,-0.8710030491121994,-0.8766762858712533,-0.8610117925286698,-0.852206378362156,-0.8609780699230103,-0.8568681016642472,-0.8098840266760702,-0.8210812378773606,-0.7918445023410512,-0.73472417142693,-0.712692093092221,-0.6633942305206162,-0.6020002514313251,-0.5554362888798691,-0.5364376950361932,-0.45396733681777945,-0.40848437543457317,-0.37115969829648526,-0.31733214496208245,-0.25806554272732707,-0.22583771076284173,-0.11629655324454463,-0.0839409719899944,-0.04395476065989604,0.008200463557480536,0.08839506473087286,0.15402516381472514,0.2145086747917253,0.34252811294337393,0.4035887606339838,0.4175073116727103,0.5618521703947348
-0.765171259577214,-0.789763906857005,-0.7999564423216703,-0.8283457541544172,-0.823845059951192,-0.8311014523671605,-0.8523449057454522,-0.8575865850785763,-0.8517234141791741,-0.8683368815929408,-0.8638902625620275,-0.8498145281882139,-0.8591027194705435,-0.8593392938087794,-0.8441258054085784,-0.8447626634079622,-0.860847279141692,-0.8527892672645648,-0.8475982762334073,-0.8607217378131897,-0.840262779651013,-0.8253128259230782,-0.8209111044097759,-0.8179386896448061,-0.761616004240342,-0.7443394184413851,-0.7267315920381778,-0.6710677024064539,-0.6482924524189231,-0.6124309025241987,-0.5608862642797372,-0.53406255023619,-0.4994910949827699,-0.43423396755208926,-0.3914102761301133,-0.38824287193641394,-0.3218389331823396,-0.28192808864212154,-0.22747606262783143,-0.17938586784923852,-0.12685782732058942,-0.0863752368233937,-0.026300863261979748,0.05513475567797654,0.09914430221731903,0.15349058136586397,0.24205135341949863,0.27438583523857657,0.3347536327164773,0.41737304252947927
-0.789273768600071,-0.7829396993215757,-0.7763939438420874,-0.7954890687535627,-0.7839271729796837,-0.7742180142270556,-0.7950048278541502,-0.8002015850283619,-0.7761695294804677,-0.7858584167189452,-0.7936470393651214,-0.7935683828488782,-0.8271384135933506,-0.827306026678403,-0.812728036543517,-0.8201795406359682,-0.8375945401807785,-0.8222853575015987,-0.8211463694577147,-0.8215835735651764,-0.7969723680743759,-0.8008829757415546,-0.7876654071043295,-0.751013971375778,-0.7099022190516623,-0.6984166681158038,-0.6736251096095709,-0.6044399565517111,-0.595609079517813,-0.5757381820198915,-0.5199897387152598,-0.5078400635495885,-0.48298189601010877,-0.43694455218657896,-0.4221042099754648,-0.3986282242550916,-0.3551963312939539,-0.33242216585961465,-0.29269344077253406,-0.21423302997563737,-0.17692891179855041,-0.1215159584797126,-0.10284597812365842,-0.02203565485915542,0.01597574625039237,0.06493549663456209,0.15293596150923733,0.18911966539194158,0.19662672851519208,0.2915843122242658
