jsons/1312646400.json
{"header": {"parameterUnit": "m", "parameterNumber": 2, "dx": 0.1, "dy": 0.5, "parameterNumberName": "Eastward wave", "la1": 40.97354507446295, "la2": 16.46031188964855, "parameterCategory": 2, "lo2": 133.9931640625001, "nx": 191, "ny": 50, "refTime": "2011-08-05 8:00:00", "lo1": 114.97908020019554}, "data":
[rows 22 to 43 of 50, columns 50 to 99 of 191]
0,0,0,0,0,0,0,0,0,0,0,0,0,0,0,0,0,0,-1.536939330227234,-0.776762069957616,-1.7577085549834015,-0.5310151815039932,-0.6330626919035731,-1.8720021638850886,-1.2440084857171727,-2.446280007828358,-2.8238173088632763,-3.1008446994557413,-3.575995821364025,-3.8234682640602773,-3.8132504035196972,-3.9172536118878893,-3.926264808128627,-3.9211411325874312,-3.975214806508464,-4.000713799576099,-3.8199103052880714,-3.5841373837523403,-3.466780651055541,-3.2761997862692045,-3.0548107815914003,-2.656800693946556,-2.2381744538024457,-0.8422418815723235,-0.30573167835919746,0.311110186661321,1.772953110848048,2.8850021900486365,3.5219291410040268,4.9690125805886725
0,0,0,0,0,0,0,0,0,0,0,0,0,0,0,-0.5613812966327022,0,0,0,0,-0.7395192511707207,-1.577407257761354,-2.1186675893518703,-2.4969791466469853,-2.8269558197364706,-3.545555206148115,-3.9336210407897463,-4.288757223612815,-4.699379922510451,-4.905891299043395,-5.093709335911827,-5.385574458297171,-5.490761151442373,-5.585625322447039,-5.6652719492877415,-5.821357506635724,-5.75902112267338,-5.749421320116094,-5.775431067307611,-5.421098153882998,-5.162603248557733,-4.503812493861915,-4.151058991362354,-2.6114193263573684,-1.9185325250960352,-1.1339645040368285,0.26350375475585797,1.0400823895442681,1.5508114679973954,3.1074410710011855
0,0,0,0,0,0,0,0,0,0,0,0,0,0,0,0,0,0,-1.3323006390703607,-1.9429344378153528,-2.0246322627023408,-2.413785919429954,-3.2179441232209283,-3.640794856749068,-4.1239351806458435,-4.6419974292378665,-4.835484370576898,-5.126878424456212,-5.456774163064858,-5.624135139726822,-5.957879539361657,-6.318455875424092,-6.452516818262423,-6.523982304908411,-6.620835809960446,-6.878042948224471,-6.914120225148986,-7.004452254208567,-7.127080344334296,-7.066632485797472,-7.032526524793737,-6.77377626433479,-6.556248657600543,-6.143161880756928,-5.411511125263247,-4.758885324470504,-2.868707459730083,-1.316738914006162,-0.5829951016933252,1.9448601601166695
0,0,0,0,0,0,0,0,0,0,0,0,0,0,0,3.3038944722661223e+38,-0.9001442880457424,-0.9441903738100327,-1.6935704828069107,-2.7298084097581707,-3.288022790558447,-3.6310640345940697,-4.193163767825343,-4.459028376436515,-4.700534352757226,-5.079165134159869,-5.232824342300787,-5.355635878950892,-5.635044877875229,-5.767294406740676,-5.8747452187724845,-6.1778992696472255,-6.344362583461241,-6.454655023072752,-6.561647719689795,-6.786598803374555,-6.8411018767904155,-6.918335151219882,-6.9745063405042185,-6.886789363500011,-6.867360998063572,-6.789069456871321,-6.753751461244523,-6.666623915303129,-6.514581001833234,-6.355826757945903,-5.89159718587625,-5.1738963804989675,-4.157994759611245,-5.7338127051664785
0,0,0,0,0,0,0,0,-0.466492044814588,-0.5181730624519176,-0.8652899832358796,-1.4564287808810452,-1.9914168897888431,-2.193532175039932,-2.2307232808663158,-2.4363334741891096,-2.9051765505133904,-3.2106043643518234,-3.428711525045936,-3.880794438685583,-4.077183115398566,-4.288490107843829,-4.50421864846593,-4.600920200207659,-4.692699483032038,-4.896773432004881,-4.966696061288726,-5.071973731472943,-5.291151166446493,-5.369570300134438,-5.429930220759514,-5.628334739659484,-5.681186525158819,-5.725000558120457,-5.756334293292311,-5.879349245584892,-5.839064368489026,-5.784055099181293,-5.562341813560626,-5.512305709530396,-5.441942521214422,-5.259129906657189,-5.126349245800015,-4.797686586349196,-4.537011117230728,-4.299825708556806,-3.7681050210861304,-3.2423498792676924,-2.9174062156264986,-2.3657275871863064
0,0,0,0,0,0,0,-0.3807741111220841,-1.144909645543779,-1.7189190865683268,-1.970512252591419,-2.269970400721132,-2.6524418395814,-2.8295457543856823,-3.021857990834776,-3.188573545232112,-3.4640525645024134,-3.704268744429247,-3.911598254638937,-4.111942221365676,-4.198446466076114,-4.298703396139949,-4.494405109204276,-4.575445907809985,-4.644687883200081,-4.7957664321801206,-4.874681372025949,-4.897952349142998,-5.032032991134163,-5.0703823385559215,-5.036402041686379,-5.113927032211185,-5.1136846984251205,-5.0084810578060805,-4.96352826229646,-5.009908425819079,-4.930658873522565,-4.901010628995729,-4.806549417439823,-4.667001461105009,-4.590189995106772,-4.49506825088695,-4.311441443919427,-4.052270173931795,-3.959842744938612,-3.7696759446306887,-3.339979685793632,-2.798585657927804,-2.453994059109448,-1.8197978074370804
0,0,-0.8631616732590754,-0.3344997307594441,-0.7896852069983651,-1.1014589822752558,-1.510123708053148,-1.7564454240563425,-2.0827938133596113,-2.329503267425439,-2.5304730712858707,-2.7156720166082065,-2.942132776391404,-3.099970262467638,-3.263205012665174,-3.3903619355175687,-3.6021185744713247,-3.742233938244478,-3.86695030442993,-4.035050363348672,-4.1450811074751135,-4.236426578161127,-4.371436684520793,-4.428441390545,-4.507003973257111,-4.642031158562126,-4.678051738036796,-4.742051740031809,-4.784938605428359,-4.804433991893751,-4.776482814708433,-4.893264926358854,-4.9017436700957315,-4.842710849846373,-4.856625173323262,-4.807605404498512,-4.634641448643465,-4.487085208442681,-4.449510800847936,-4.33307118204098,-4.193002814516857,-4.09452678321888,-3.930781970043103,-3.6245010111385736,-3.3308895875353772,-3.082987292235351,-2.6635384935503805,-2.2323085288984164,-2.0194172884146835,-1.4818665144825782
-0.6067182659221285,-0.7717000599482537,-1.0240385365433562,-1.3167071713784035,-1.6773730892085168,-1.8386001006304793,-2.062836129326464,-2.2232482361205155,-2.399711634410523,-2.6048458244923087,-2.7029636188626305,-2.887178521505744,-3.0260402354289275,-3.1552673627164083,-3.3172392094284056,-3.3815600372024717,-3.4912539249184795,-3.6288152360619135,-3.7030438617883243,-3.8506176163175736,-3.954780646328922,-4.022520692577344,-4.142281601895152,-4.2019742060969945,-4.258521344327809,-4.353480949402533,-4.416423470535066,-4.431929128609436,-4.532083528572887,-4.543863614988326,-4.530886980173069,-4.579803313787724,-4.592192751238748,-4.501177832703908,-4.455372514000788,-4.447339143920649,-4.401643143550223,-4.336650356683139,-4.303420538284377,-4.170293760876351,-4.125333840656123,-3.943747632898492,-3.7849457008539242,-3.3995010035942057,-3.1461459204864606,-3.014577508140529,-2.5203745389487415,-2.192208512434138,-2.0519318828159103,-1.5578942148076556
-1.2997771151017552,-1.5385123802144938,-1.664171535188545,-1.8449501816292186,-1.997080500042099,-2.106856082755084,-2.274965051727648,-2.3710176865435773,-2.5447973030289854,-2.6653837185193323,-2.769815465176365,-2.926052125370916,-3.06885561608935,-3.1477156349102717,-3.264066311432546,-3.3310820217932773,-3.432897580835917,-3.5176510427871226,-3.5814700702271955,-3.6931638178964863,-3.7680751892084885,-3.8271177456582963,-3.9577904465980684,-4.0128234526072815,-4.088538646031318,-4.189819800220003,-4.222831129169837,-4.253165279361953,-4.338470733144084,-4.390846111419419,-4.454243313314339,-4.536573438486803,-4.561785160212403,-4.582690839848485,-4.619851291664198,-4.722056059907891,-4.703018261488495,-4.596145108326033,-4.5248667039548,-4.351714133405992,-4.148110905467773,-3.990798542292847,-3.752371646761173,-3.41088316975814,-3.1339491843206555,-2.8830499567362127,-2.493516902580695,-2.1430252579953954,-2.015355025323604,-1.6068597251372752
-1.5504449152702369,-1.770865053046602,-1.8661433009983033,-2.0107451319156215,-2.1545938775062616,-2.2349024340232524,-2.341783325561758,-2.4570016443836775,-2.5684750847689917,-2.700671875551364,-2.779323816092662,-2.889040946989607,-3.0091852291168215,-3.0810648213574074,-3.154826372747025,-3.222147139614991,-3.328611784926578,-3.4193183594132406,-3.464168525233142,-3.5840134756610853,-3.665389971535906,-3.729479016958315,-3.8371970614851105,-3.874469698066956,-3.9419715844179133,-4.033123505687054,-4.087929710245991,-4.17375636992848,-4.302854113002205,-4.355967380855116,-4.426192729452116,-4.5447181257428335,-4.61294084707196,-4.66591274916944,-4.727909353011691,-4.719447183560547,-4.660066672507283,-4.612405007381111,-4.5021946564250745,-4.303702349836739,-4.154038972893931,-3.9425468288240113,-3.7616069483814307,-3.4719058838921937,-3.306333800364923,-2.9671898326881525,-2.5819377970283037,-2.3369572856732757,-2.2095952165399186,-1.932309063964549
-1.8453517487590838,-1.9612430497361137,-2.022779799437359,-2.1212902570415557,-2.2220330901586625,-2.305132166922825,-2.3660827250481566,-2.460765050697486,-2.499835703916104,-2.382597826312273,-2.2566838158469578,0,0,0,0,0,0,0,0,0,-2.7697480956031884,-3.1764778686475963,-3.5071283871364205,-3.6279870393580116,-3.7493404304610984,-3.8955527111967996,-3.971841188014869,-4.038537850203585,-4.1851278212787735,-4.238535725928801,-4.3410702675205535,-4.455612064830853,-4.508387354472728,-4.566101362375985,-4.599480260938316,-4.607679958105927,-4.585291227152551,-4.5644232457447025,-4.4903932219338065,-4.332236794298738,-4.187324740994273,-4.014573935414122,-3.916344725615328,-3.8230537135313654,-3.5838616737910405,-3.345433489337946,-3.076229465047295,-2.912953722193981,-2.7555063307746805,-2.456475039038512
-1.706089514406657,-1.7510144984274043,-1.7607343478445054,-1.7091947435709864,-1.6380578837453283,-1.5305290098795077,-1.2967914385272823,0,0,0,0,0,0,0,0,0,0,0,0,-2.311677538573759,-2.700687380837778,-2.95979866059689,-3.2296214973195685,-3.337833216655613,-3.544417624830717,-3.6806906787056346,-3.7705136278505007,-3.85830703550835,-3.9531697186054373,-4.016499402535528,-4.094873260292253,-4.206637933479047,-4.269302913437885,-4.318237899450431,-4.392291277177756,-4.425076772207047,-4.450519147086607,-4.352653356830595,-4.1276187085214735,-4.3128555838413725,-4.279153587106498,-3.8086596137142243,-2.962663331450385,-1.845738628804821,-3.6144617789497584,-3.71954192053943,-3.5202513555237487,-3.3975498517533866,-3.2968747056978387,-3.0352281117792215
-1.243022089706954,-1.0870412201367112,-1.0015244768770613,-0.8763928965208321,0,0,0,0,0,0,0,0,0,0,0,0,0,-2.0026007554861582,-2.282703054767711,-2.5925494008052077,-2.8174361977099402,-2.951051744794479,-3.1374985343532766,-3.2419905074897333,-3.3693757644174047,-3.513926673114919,-3.5788664637844247,-3.676196374468795,-3.7877210222100124,-3.8344113181481014,-3.883892934990261,-3.880032165618161,-3.8251361090347205,-3.771636683887933,-3.639427043929926,-3.348684003176782,-3.023994834941645,-2.8117916864013144,-2.6803596474361786,-2.9190548449745233,-3.055696565392106,-3.28022144772065,-3.3188502150162114,-3.3674884643163674,-3.451186870273258,-3.5281842197548796,-3.489756976610335,-3.520678115504711,-3.4330079658171178,-3.2647660955980986
-0.678224842681797,-0.48824686587607163,0,0,0,0,0,0,0,0,0,0,0,0,0,0,-2.0564418084038083,-2.283731592159677,-2.4477817642332473,-2.6291137073471815,-2.795401452726872,-2.889444420367846,-2.991065172239015,-3.068929811680797,-3.1615272114948523,-3.2340473696337533,-3.27373643861695,-3.2891848553670644,-3.300344782429398,-3.2730653987040297,-3.233359490832739,-3.174377786594349,-3.163975078810933,-3.1027769632920883,-3.0773025353598795,-3.0808383489829727,-3.0702256900455045,-3.1066545094891236,-3.1966962827333836,-3.2313216076267515,-3.2886948526023687,-3.394560149713463,-3.418481143031675,-3.432021444697256,-3.4793542275085128,-3.480104563029981,-3.4001578597888122,-3.3593498913270414,-3.302495582855705,-3.202468145604913
-0.45815114233310117,-0.13136049080872791,0,0,0,0,0,0,0,0,0,0,0,0,-1.8589819042079343,-2.0236416232388312,-2.219261935622524,-2.3775841834586853,-2.4790320834476915,-2.569643630672845,-2.668667029044419,-2.7345938770530602,-2.8080014632154167,-2.8471728749249716,-2.8911841546572363,-2.9229431288425163,-2.9321850470087845,-2.9464106528102088,-2.940226540711315,-2.951201534101793,-2.9428011206768367,-2.9760711174303727,-2.988752040398233,-3.0156097944703157,-3.034071492219041,-3.08771672281994,-3.1230802462965435,-3.1671652028675177,-3.245545615314678,-3.254442182328643,-3.2908164904845703,-3.3561878603296544,-3.377401191454749,-3.361333072259363,-3.3695492385456642,-3.344921050787783,-3.274160743522459,-3.218892434337442,-3.1827938479918645,-3.114932517051139
-0.35469267567376367,-0.2893590998628597,-0.34912170389720143,-0.47685922207336234,-0.42254016478321993,0,0,0,0,0,-1.5407435896610389,-1.558861125607009,-1.755767211975549,-1.888383261867557,-2.0280641128542443,-2.09238487085884,-2.19051415440882,-2.2942053738037855,-2.339406882382703,-2.405780859998597,-2.4736276446686105,-2.502893251446407,-2.5339354326297543,-2.561553838393186,-2.598475811585088,-2.629927604752923,-2.6510134773825897,-2.6798610381256323,-2.740779066162241,-2.759499877804353,-2.7877031349449037,-2.8509764583251007,-2.8924663512997357,-2.9184122103090138,-2.9669414276301156,-3.0371145651373115,-3.0588193016588043,-3.091504445761931,-3.159276653504361,-3.1950886646092944,-3.2137886299844256,-3.244037573222439,-3.2467040949652852,-3.229402786999087,-3.211443609334548,-3.196679808008524,-3.141850179957814,-3.128737977632191,-3.1083349776530644,-3.0617575481000414
-0.19468923901000737,-0.34543115835768556,-0.4523318617856131,-0.22649192494502762,0.43064791181684514,0.39441297165381745,0.529987284094836,0.7916101170515426,0,-1.3761767924891457,-1.5911672271936481,-1.7458809318128221,-1.8565858684997596,-1.9124230762945906,-1.9967528705681035,-2.0479114321604883,-2.116867001846806,-2.1812141170260486,-2.2120539908403507,-2.2589866021962264,-2.3155726022568155,-2.343831899546821,-2.400217227864644,-2.4358781671296548,-2.458369435913289,-2.509038510965891,-2.54467057577756,-2.564730620176265,-2.6211150506337284,-2.64580596536322,-2.6846200380465386,-2.756901381258173,-2.77582275280065,-2.8262614104740824,-2.902898167388002,-2.9596839750539528,-2.9881118671433975,-2.994188788068606,-3.022849762543601,-3.0275565043778605,-3.0417162943379665,-3.0430544262866213,-3.0393910721749005,-3.0130345079677014,-3.0213534320195228,-3.017336603908787,-2.9785805946806145,-2.9777499444553817,-2.954033747981905,-2.9140430628639593
-0.9764523434143854,-0.955063161129874,-0.9716372676340446,-1.148226698976804,-1.2037013574486652,-1.3803894740152591,-1.5277712597135134,-1.601900983818808,-1.7001858502452956,-1.7446589344403947,-1.7774706113570287,-1.8296234550225008,-1.8753683057662869,-1.90054027467435,-1.9641981563407271,-2.000632995718758,-2.058388554689884,-2.1015029239319407,-2.1432962574324765,-2.193307877598691,-2.2389129961438408,-2.25706406419617,-2.312421577746831,-2.3492816777828662,-2.380093147128049,-2.4399031498085324,-2.4569073818766562,-2.4868904377834906,-2.5601460621107677,-2.5808788099210545,-2.639583289074792,-2.7002264772569684,-2.7535088809846,-2.775385065590255,-2.7979195414788234,-2.8528272603520137,-2.8651638991375514,-2.894056929776746,-2.8984331374446124,-2.8916053516819256,-2.886159556540951,-2.900285823331812,-2.9051610767708858,-2.8939275733447998,-2.8919449626981995,-2.8751961331327442,-2.8642985404034578,-2.878547708779586,-2.859458815085295,-2.8284696509493785
-1.2463312483215774,-1.2916163944625867,-1.3336106171898825,-1.4484219739782171,-1.4904090376773929,-1.5347302410685861,-1.6049050090883057,-1.610797316598508,-1.671055300173951,-1.709210597185523,-1.7506176067256303,-1.7886113036457578,-1.845234635566495,-1.8743904475483806,-1.921313395396212,-1.9463971414557424,-1.9917634629152652,-2.0399686654675895,-2.0578201118782786,-2.1286190439386248,-2.1509914875778984,-2.1776122902734523,-2.2082863615411457,-2.246009642446214,-2.286432546891836,-2.3438265953327755,-2.37550327200444,-2.4166016273915765,-2.485642997694296,-2.52196869239179,-2.564689056147579,-2.6061834578326413,-2.6257876449119926,-2.650466488159595,-2.6659868182714868,-2.7000134423179762,-2.695551541112925,-2.7125118949479106,-2.7442914196635,-2.739859880050944,-2.7464063087202852,-2.7641127255030673,-2.7714983648570075,-2.7604895892750556,-2.7557358672529366,-2.7431387101055433,-2.72588469729104,-2.7297215226046347,-2.7222142498808126,-2.701145826678334
-1.3548615326967461,-1.4121833341018102,-1.428694025210762,-1.4867716367880124,-1.5282928239613263,-1.5521981806255847,-1.5934337796519036,-1.6337238417958395,-1.6645934232260438,-1.7120446133681335,-1.7219368421246584,-1.7798852139064092,-1.834408140099061,-1.8591648353138297,-1.88898415766001,-1.9125508760052985,-1.9652425871648505,-2.00157970463594,-2.032167051685426,-2.078115643771148,-2.1095026599832876,-2.1307585765507064,-2.1714717611427896,-2.1835764642995668,-2.235760460845035,-2.296143069373917,-2.331043760087074,-2.379791467956852,-2.426580313321099,-2.461208590030028,-2.473320095196091,-2.5145509239991584,-2.5375767815996255,-2.562715973065673,-2.583909400766527,-2.586285554161974,-2.582886314469673,-2.5979150623980183,-2.6256901116357443,-2.633476292223776,-2.6532537840663513,-2.653625808210274,-2.6516280200934883,-2.640733940312323,-2.6487875491713746,-2.6516994516197396,-2.6293964241010985,-2.619302463010467,-2.6221220226445077,-2.5992643458870175
-1.3562785488944438,-1.4129736177231889,-1.4417838090279997,-1.487907413552728,-1.512699545463505,-1.5452049997287625,-1.5802072721695406,-1.6114617109024496,-1.6615236417663644,-1.6894119472950886,-1.7286887926893353,-1.7792596685304396,-1.805844745807068,-1.8351906460042664,-1.870163418022499,-1.8831249332578563,-1.9197122552642374,-1.9468827026431081,-1.9625734525321912,-2.0179596992077315,-2.055027413405734,-2.078989219813861,-2.1546873298413898,-2.1685340090418497,-2.1977761747397206,-2.2528148763609956,-2.2738944043306284,-2.3060912211057722,-2.342912272447339,-2.3573959690255535,-2.3802178009093335,-2.4027627199537362,-2.41793339991602,-2.427828319398073,-2.44482058733313,-2.4633474599044605,-2.479116603947462,-2.493876557414725,-2.5227816865015713,-2.5235258934581744,-2.529210691157168,-2.552572492429591,-2.55614272467833,-2.550090209207569,-2.547313561806301,-2.548006591601874,-2.542847173771201,-2.5408394685903364,-2.535263128933522,-2.5242026142236305
-1.3895987775432037,-1.41921319641469,-1.435891894418646,-1.4885748419716884,-1.5197598159091805,-1.5443837203191342,-1.601710670972795,-1.6138236863233821,-1.6483556883274197,-1.6985537797674415,-1.7072922528764531,-1.7442088655255754,-1.7854019118795963,-1.7911924964491144,-1.8253140469841012,-1.85942004764606,-1.8927825034540509,-1.917756867289757,-1.9426320261123806,-1.9782756551973892,-2.018510691100436,-2.041987863756536,-2.0747389538188945,-2.111985938192793,-2.1493320352146865,-2.1830064737037107,-2.207244787636495,-2.239378944769706,-2.2510118815800877,-2.26790814882393,-2.2975129364524824,-2.322715458642295,-2.339813251711561,-2.3538019108603248,-2.3601671687805497,-2.3834395381316082,-2.393552601062995,-2.392605222713118,-2.426805172583821,-2.4380922413545405,-2.4432703559714377,-2.4620195528237385,-2.462389615686371,-2.4647419280826632,-2.4822246935303434,-2.475190136065578,-2.4599774088551114,-2.46002914410507,-2.465622378546667,-2.4593723854116485
