jsons/1312527600.json
{"header": {"parameterUnit": "m", "parameterNumber": 2, "dx": 0.1, "dy": 0.5, "parameterNumberName": "Eastward wave", "la1": 40.97354507446295, "la2": 16.46031188964855, "parameterCategory": 2, "lo2": 133.9931640625001, "nx": 191, "ny": 50, "refTime": "2011-08-05 8:00:00", "lo1": 114.97908020019554}, "data":
[rows 22 to 43 of 50, columns 100 to 149 of 191]
-0.27961867487864767,-0.27541174111205186,-0.24031997789887144,-0.23431097642347956,-0.24185147813867724,-0.21674975810607433,-0.20686600257338597,-0.17130067546403274,-0.13767607258805734,-0.12332690642537744,-0.10432454861454583,-0.06901413009559486,-0.027779693424712457,-0.0024638203541932292,0.011413433280330868,0.10351940714043974,0.12841965805526817,0.16550617416308377,0.2570959434610772,0.32048018914368237,0.35954859244419424,0.4741547441562469,0.537281864539813,0.5968365856555498,0.7313655062620811,0.859332936412144,0.9483530730103205,1.043470573066315,1.2570926974246361,1.3457316003046644,1.4628897602868849,1.6245497895340806,1.7230341630005943,1.8257834239863182,1.96046522407254,2.0325952636874454,2.108090137074851,2.159730110861186,2.1695440320373613,2.130473860134244,2.110573993668895,2.0443800765682516,1.9316948323229508,1.9209626503208783,1.9141442998801066,1.9323672417811575,2.0061628147591204,2.149664497794453,2.292960022487713,2.456743977748204
-0.5244830721773661,-0.5232140706642635,-0.4813656027929017,-0.47664900169140584,-0.4620923913426567,-0.43558640629625117,-0.41286243377984616,-0.40444327641005096,-0.3517375751813436,-0.3435191678181451,-0.33585790212484246,-0.3031114982794511,-0.26999453257517025,-0.22526520823603377,-0.19684393220333882,-0.09055575632968348,-0.056295902629865655,0.014269463693553431,0.11194886096343949,0.13073210888515716,0.20248917009121337,0.26866345871514463,0.3684970489990274,0.45420380569519997,0.6386112382100226,0.7617446398309828,0.8371038959284208,0.979851810947843,1.2011768166214396,1.324800142992707,1.4232409237797865,1.6343438318681482,1.8239089199452028,1.8690385213015366,2.0993325955703335,2.1920426290993387,2.227435688796398,2.3665162114939218,2.410094676039117,2.3503588218581553,2.2411999713790944,2.1296989343764783,2.0012921348480974,1.8474996819634122,1.803091115711242,1.8477925212499455,1.9794050486092876,2.281296251940509,2.5196523486765927,2.763475302982299
-0.8478546771104066,-0.8588625004019735,-0.8303520938490105,-0.8211062069988296,-0.804962059064249,-0.7710695654797662,-0.7540604367901697,-0.7606469390852025,-0.7094683823126847,-0.6862962628719042,-0.6366155922519,-0.6073213043311715,-0.5197226170096905,-0.49580691797876975,-0.44714657128766916,-0.36277114082537393,-0.2710875887601934,-0.22438466491857423,-0.14788359344857493,-0.06393305868024352,-0.03273580693237153,0.13071078645792905,0.2148792366071597,0.2918295451529803,0.4502637770298732,0.6075292025758988,0.667803377821156,0.822508512819991,1.0678030389409978,1.2420387942156124,1.4535928497606259,1.631133517890353,1.7815241514295677,1.9223750499040246,2.1707300086604637,2.2424401478908877,2.285346854295901,2.4513918269894877,2.5277832566711513,2.5181351633313733,2.4504661985699916,2.1435271878799917,1.8202327754607004,1.344379837074553,1.3473905767288623,1.4573106245629295,1.7089343716514747,2.3644518024857075,2.9472848057867345,3.341162505534464
-1.3083712122513818,-1.3381885275143777,-1.2924858424275627,-1.307067940024281,-1.2721037223444176,-1.2258904893694578,-1.186508632413355,-1.2061506632297558,-1.1079717838618108,-1.1172394728964639,-1.115816080774727,-1.0552400542392764,-0.9681442436536725,-0.890303659510593,-0.8654258826687485,-0.8117021827270815,-0.6965008578666912,-0.6375298960838105,-0.4631901859463659,-0.3884435405706445,-0.3110255004339039,-0.10401521975889998,-0.052848224026840175,0.11623777190983327,0.3525156102916554,0.45631447366026706,0.6147663300632872,0.7744505926959412,1.1428926684555594,1.3644082943011298,1.5723747205970224,2.042063790917935,2.215438657004941,2.354823581039633,2.813268033437892,2.8505908269841735,2.9926498022660946,3.2373688553918827,3.3287254888269024,3.3320208405187426,3.4659475767987704,2.679981910903958,0.4244164747072625,-1.1196230122286266,-1.3362761585804819,-1.8237576037415426,0.15882285162262172,1.3906292336088368,3.9898078664228587,4.382508615621838
-1.898112618209793,-1.9381530061496095,-1.8989673372823035,-1.8622467467183363,-1.86778822437377,-1.8720679094238515,-1.8373794808217312,-1.8686652039645162,-1.7780141410912769,-1.745343924596515,-1.7345204763945197,-1.7066684126023852,-1.5472546006559575,-1.5141269422848618,-1.416716025268181,-1.240759287389472,-1.1312020979048671,-1.0881046251551405,-0.8716204476869237,-0.7610165159201014,-0.6047605885584906,-0.41577384199408995,-0.2296773307803693,-0.15405837087524754,0.20884640342101826,0.42128386334613177,0.5706001449211899,0.8857442200108162,1.4816350124530084,1.7716652436590647,2.0358783694313214,2.6798121341597434,3.1426542707294756,3.490472650408336,4.064212386767474,4.344590285367661,4.509538797788852,4.704609447605557,4.2786460185566915,3.463300922758298,3.404703920127133,4.120614169377489,4.912770745102801,5.103434872884598,5.160459100204825,5.301498095810373,5.247846878918471,5.3193254759606,5.2256928365786885,5.189455973853794
-2.770270324787315,-2.7996688105015886,-2.8100956835135245,-2.8017318873857033,-2.8222261432144498,-2.7484792777867892,-2.675009110886744,-2.7169587801129484,-2.6606987358707803,-2.6203786498448802,-2.628985861497633,-2.575432360068915,-2.388976275277561,-2.338444695499609,-2.2851550753173147,-1.9391991756971925,-1.9265947847176774,-1.7567191915660525,-1.5387329345946616,-1.3402782482462157,-1.274218426498857,-0.9813462818857838,-0.7672721932742379,-0.7078157560258798,-0.4411255515658937,-0.2768604000545442,-0.17252751435058444,0.2186784088583533,1.0633225841776413,1.4750614753992575,2.069225562241772,3.080512907644809,3.516341466732561,4.185747089484014,4.96988187098291,5.415702679994035,5.6016555783701385,5.853853422428767,6.022209361507905,5.963095459261829,6.097867468818456,6.154536864355406,6.082702092874332,6.158857745479727,6.22572121389413,6.1669967756150665,6.101459225656822,6.141592472312915,5.9782583589157445,5.873242031824629
-3.731773113661536,-3.853566586726659,-3.853973282920573,-3.8623257390331105,-4.013453616692022,-3.933180300815052,-3.9789637544078658,-4.102422064855421,-4.059089989122677,-3.930871646802518,-3.965037999219901,-3.972627392044425,-3.7350947095578406,-3.754723676411433,-3.5852588351986547,-3.2826723755769955,-3.075973381134424,-2.986972497229753,-2.7093143340738783,-2.5825181006877256,-2.4107807206331024,-1.9967643446007588,-1.817807244382978,-1.5547138088266514,-1.2213470456906779,-1.0078979390803233,-0.8410950534592843,-0.6464920210242948,-0.30436746997109126,-0.05391532038977295,0.2765777238403243,1.2944945996891852,2.4490443118759027,3.5528773367571964,5.9678713760960385,6.754445447288987,6.964864554132704,7.430325247152578,7.579432569868805,7.498927662522984,7.686181020913908,7.700753264381113,7.585037131601117,7.586655176880434,7.486165489669716,7.277936935741911,7.261355175541035,7.187804717728025,6.95867283211099,6.79627688239495
-4.800279339200699,-5.067570761999313,-5.050745478994748,-5.236555292522396,-5.460927746925908,-5.595168544084392,-5.558262575375551,-5.833889780250928,-5.8734115280372485,-5.941432074093481,-6.049939230555187,-6.0283056573560385,-5.916936660312052,-5.9736688569439265,-5.872977623210815,-5.530397884865146,-5.433012929271948,-5.072573157871889,-4.494600055637731,-4.105757596415464,-3.634286496601115,-2.6487258010389776,-2.3504017730794415,-2.0620451457989697,-2.3175643758164672,-2.2630883263298114,-2.3745417301682483,-3.172432274597617,-1.3921912906852323,0.765937943732205,3.455424734038338,6.291587166067359,7.429728951859918,7.903591890460762,8.517486058278656,8.66183832139169,8.87036268281573,9.229949777451974,9.21849803652853,9.060269170130736,9.16186590972561,9.146010445032747,8.864871614100595,8.822420429054272,8.687794504468311,8.304039929969795,8.194611217653698,8.028664026128842,7.7988767815376905,7.630761179872044
-5.78068947613584,-6.129572208447786,-6.338177983991172,-6.410396023929572,-6.8140902539776915,-6.943634005258458,-7.101511933056175,-7.425305702449024,-7.598573697266669,-7.828630673792441,-8.038624858138846,-8.181177284420404,-8.24056765592742,-8.379409501820783,-8.350342607980261,-8.085605205893936,-7.810751427152181,-7.368017803412052,-6.502050458861472,-5.973832276218566,-5.2572419019057985,-3.488538505205337,-2.617080835302498,-1.3618411966971486,1.1242125224188997,2.208299198871668,3.3038773352647857,4.163055794530731,5.62303578706989,6.33820487160799,7.181022698032167,8.366294125457037,9.035359772003186,9.435830391713608,10.139666020566612,10.357612176170154,10.438275959086296,10.5807098520168,10.527128579582493,10.270092630537034,10.163852982431425,10.117460746291009,9.791266111718771,9.57731803725902,9.425233214933534,9.137449939860794,8.898743646176532,8.645877211923185,8.333918769118549,8.055127543380713
-6.385537390663815,-6.763216458564811,-6.937539854766358,-7.171374344586305,-7.608771375012762,-7.805810591649702,-8.044193217139064,-8.562465693065539,-8.703619609179551,-8.984161388417295,-9.357808391152787,-9.536628479840079,-9.66096589028122,-9.860367797900766,-9.914771386824016,-9.873576202948644,-9.677219836402964,-9.458309046224823,-9.241142180499454,-8.812929692538784,-8.242243920806038,-7.805812175137508,-8.186724527585316,-6.879312304501731,-4.366662016056965,-0.4105263093498334,4.547627880238139,5.650610188643575,7.273965035335982,8.373922076979547,8.766526849125226,9.244801903857912,9.997290250041543,10.322763390544194,10.44544660280802,10.709733950175787,10.651967452099646,10.621081062248916,10.569072685391651,10.283995213672897,10.160123679012141,10.061582062884128,9.544575075974423,9.386510294985186,9.257451644459545,8.81563578391712,8.682512841606773,8.437136467713717,8.091034575184217,7.9403794784120265
-6.306941555732878,-6.643452903864269,-6.728387287501274,-6.924310198701452,-7.4174981741278305,-7.766091001785888,-8.047595425184992,-8.567327399677177,-8.745960254229841,-8.981705317670125,-9.297610627609915,-9.401045074667067,-9.373106761237999,-9.39254439623989,-9.317566948723949,-9.00521175333556,-8.679223405461737,-8.36421725948138,-7.558598745103817,-6.723793061062456,-6.010572518976725,-4.266277090545662,-4.528572920889343,-6.358698789211661,7.329085059793576,6.886330759535646,6.519286570837873,3.6232303005808677,5.20100115614151,5.810082926005979,6.482933272770605,7.3296118670807475,8.008479598303511,8.202624460735873,8.404513085931924,8.639923447019257,8.743070652810294,8.727469671218499,8.760530447445136,8.719726304342629,8.64843774957656,8.568361245109747,8.400110924833886,8.246532735260338,8.11938621790775,7.888408393834563,7.657799636308124,7.494166815250708,7.314774027029369,7.104919898788595
-5.5587416551429785,-5.854309317168993,-6.399124587931226,-6.619410890341691,-7.153774926719795,-7.356778451812311,-7.574502276743236,-7.907641659304113,-8.056286729368727,-8.139341803313927,-8.318383284554011,-8.338392021432336,-8.15183544487164,-8.234139485530653,-8.051342565874782,-7.614996165114792,-7.035597125297165,-6.65653766366753,-5.592575548879567,-4.923676630576907,-4.581536544961966,-3.2856564110990534,-2.585766850026944,-2.0067198088047116,-3.4868809223429413,-6.9066561774068616,3.8370042766273986,2.113937963461592,5.367506596224792,3.1367898350649646,3.447585633079599,4.762049357214505,5.040669293163057,5.270458321633037,6.092060258113348,6.106363239166084,6.238577859882551,6.372561739328693,6.59482428597973,6.512134199757657,6.557179669421376,6.675101402732079,6.444384342984153,6.446377510078619,6.494152862068472,6.2491357963768985,6.187251675440755,6.205445402843221,5.926730225742212,5.867662489408642
-5.787221334627948,-6.130564467504747,-6.278886886707015,-6.39806283469308,-6.680570657708151,-6.707271822631466,-6.774199238803086,-6.990338596531074,-6.951093283887964,-6.901154203589139,-7.119839540970261,-7.217171054105494,-6.799065583413616,-6.734083142465669,-6.498930395096862,-6.106694824349304,-6.017622681805316,-5.664093269885748,-5.121993295661514,-4.792325386164796,-4.503735797380489,-3.5394299048092823,-3.2605616155116564,-2.845652388041631,-1.8816168851412545,-2.609806626744441,-4.124582087580573,-4.635870145587863,-5.505450578156421,9.110463869830893,4.103300006625476,4.3741166817866075,2.388545985858039,2.5461583054760037,3.067180077598844,3.246363786869359,3.5689426470176544,3.8799610385265866,3.9948496281977124,4.1664571354846505,4.341288786022192,4.457270634747661,4.496523138947626,4.535625140458421,4.5143990796515725,4.373112343272295,4.448484849320758,4.381869293125376,4.31849974737898,4.315696684667248
-5.338188669374946,-5.548848002419151,-5.5892481911908805,-5.67320030263713,-5.847553506881636,-5.819736522457417,-5.91282130950976,-6.001056527117619,-5.912315481252576,-5.9075642817572875,-6.004292648317925,-5.979290966020033,-5.739484651936321,-5.739990354914112,-5.708985980190118,-5.397922027927551,-5.233434545592257,-5.147600414403148,-4.722203402067561,-4.481050552130826,-4.2968811724042615,-3.647921513165085,-3.3900967252687684,-3.233528298400295,-2.5494403686069065,-2.8118149802211656,-4.202666348013568,-5.419617742925869,-7.492909012295123,-8.430922733886018,1.0169941097646864,1.0431209286308776,5.288015338589779,5.5532026967216055,2.2592533152866054,3.016940563216142,2.8359771404755207,1.9673272189228,2.228439066905485,2.30488328416897,2.508045566830909,2.4747762348089,2.5813404159759843,2.658506931020523,2.8106785448214513,2.8597941798394593,2.9106642486105887,2.8798952755361698,2.856126332571884,2.8672781172371877
-4.833133107839077,-4.99262768432025,-4.961870803815272,-5.008918179246731,-5.0826526437563455,-5.1116794273437085,-5.067883897697293,-5.248564810562325,-5.139288096104918,-5.1556736459949395,-5.18391286684355,-5.1876549082427035,-5.049038553673051,-5.072826300072912,-5.074289381424158,-4.83894044854287,-4.798768258714044,-4.690707493250155,-4.432262788816238,-4.252305538054023,-4.245368856448181,-3.988157536592748,-3.7584676991203927,-3.5185200789310294,-4.499285829810131,-4.096691907560906,-3.912098108974029,-7.636217242892698,-8.370919945727548,-7.102805875771355,-5.067387277671635,-5.710884368622881,-4.2569184810343295,-1.5433958647511805,-5.525610193505747,-1.6130694067672475,5.444371560112821,4.743377897836458,5.773513787300478,4.181790585093338,4.124048819641066,3.5124193539129305,2.4044499940115753,1.7334504869773057,1.3156858895387185,1.2558375662228574,1.2246643603160061,1.2052409706670268,1.927685273388015,1.456926907640017
-4.19209862524767,-4.325484844737342,-4.293233795237043,-4.372403779854196,-4.456840817019413,-4.429429614965687,-4.483082028092663,-4.5449751059340295,-4.491622167746023,-4.474340207577018,-4.557060276087216,-4.5453303847205,-4.49287261346004,-4.474844553583986,-4.417025811591817,-4.3147357364569014,-4.28990157533384,-4.198648467854776,-4.053617100002097,-4.0047021472518,-3.953392594406669,-3.7230412055542326,-3.6973302481431447,-3.5632052209877223,-3.316971454374086,-3.1449926648667903,-2.963567046233699,-2.787676654661028,-2.2922155149193224,-2.2312727343518057,-2.059911784550947,-1.806052729699671,-1.5568811800523041,-1.3951217281240176,-1.251844724452594,-1.9246831476854431,-2.8992846611551144,-3.78662775845985,-4.241118376202736,-3.4919983097045373,-3.4793205787349706,-5.838924655461839,-3.7146389356790634,2.0739044158967097,5.146872424987266,5.524057224736415,5.5812465350924025,3.182452612705174,4.88159736959872,5.146945833960982
-3.7604089516988513,-3.842850884992417,-3.844868298214184,-3.90513198705121,-3.9620028732322115,-3.9219046765813417,-3.9411565712377477,-4.02988119242225,-3.971976422772583,-4.034481734490563,-4.044349660911205,-4.039520943848004,-3.9734678330277404,-3.993523100979418,-3.978198174036033,-3.8758562465076873,-3.905301160370272,-3.881323347954515,-3.7756127347013932,-3.711262099121757,-3.7283186240899333,-3.6233620377484654,-3.5227736892994344,-3.5114702382809404,-3.3233677674348447,-3.229009722962064,-3.1399765301096467,-3.104698866808226,-2.839242348981812,-2.7146222716878516,-2.622280295186922,-2.41769073099308,-2.2757753378181675,-2.148440385050213,-1.9071622351993467,-1.7393543635692958,-1.6967127066077754,-1.560306137856692,-1.459286385709432,-1.316713558415182,-1.2281583765009265,-1.2018873981930718,-1.1371054505165075,-1.6724791822055751,-1.2072386169425922,-0.9719300513576298,-1.6981455319233247,-2.5669762376405423,-2.515749051725219,-2.439048033389307
-3.4095153866574233,-3.522591495298777,-3.5265798930190377,-3.5588225929058406,-3.615875144646924,-3.614849123702014,-3.623293464712531,-3.7017895887758754,-3.6861719897923018,-3.6640175046994967,-3.678350496225953,-3.7099842241700087,-3.7066238251322146,-3.718442364443678,-3.6839228238636608,-3.6637890975575393,-3.699415642557323,-3.701995229877613,-3.6152291099616134,-3.6093323329365,-3.5793255665834853,-3.4813361626510106,-3.457686374936636,-3.4489507009682794,-3.341607920039477,-3.2509111403565174,-3.202175517331531,-3.192588354313077,-3.038798013943146,-2.915461433734617,-2.803112804194935,-2.727587258778584,-2.6845551230334417,-2.5733485565360232,-2.3414525433213482,-2.3112396649106883,-2.2934677882562013,-2.13740247007605,-2.037512777669609,-1.9435467774971829,-1.9022954030759893,-1.8487927300185678,-1.7546358672280136,-1.708244785703898,-1.6883437720873522,-1.6510803144011572,-1.5867804784892152,-1.5317330725123217,-1.5143400399198734,-1.5075200993245694
-3.078941782486706,-3.179122426926609,-3.1924258303353814,-3.212113614974,-3.2358948657949433,-3.2555180243974324,-3.2789395154991237,-3.3420761765352154,-3.338481550484833,-3.320106327923274,-3.4114014951556344,-3.405491854901437,-3.3710226370461367,-3.433974970396447,-3.430901416261302,-3.3977589572944207,-3.4210099657200344,-3.4183416022034505,-3.3733806655712724,-3.3453657484508748,-3.3249428822526683,-3.283549917901241,-3.2736666405486763,-3.2407622085114323,-3.150555593345679,-3.134285373918024,-3.124636510000389,-3.0826687606160705,-2.974928840988162,-2.917356074250636,-2.904333220465047,-2.804380926930502,-2.759319685543105,-2.721503119580043,-2.6499745154200065,-2.599620916929461,-2.51754288531084,-2.4337909597625016,-2.399958806477228,-2.350258361882572,-2.192952356953277,-2.156009146257951,-2.114818930643791,-2.0868018924814944,-2.0063073305451,-1.9544357410720818,-1.93821539517795,-1.9307348859532556,-1.9213494690548316,-1.9247703384542092
-2.879898107500955,-2.916912369166644,-2.9369080476915643,-2.974441986764683,-3.020010750276306,-3.0247138888184613,-3.050816732275397,-3.0875951795890852,-3.095052756053927,-3.1249181083640614,-3.1383190290902294,-3.1695760280676635,-3.1761930676435126,-3.2199083852311854,-3.2310070220547167,-3.1982911488354375,-3.25825043305643,-3.245680108978941,-3.1961898877158377,-3.200776609693895,-3.1850554491936354,-3.1577901298827853,-3.1245301671050925,-3.1175135149839375,-3.0863800887063793,-3.0564282832218215,-3.0623864946419506,-3.04983864890563,-3.0156979213549207,-2.9853690369826973,-2.959613034086912,-2.9241313806939924,-2.877307358622383,-2.847617429373341,-2.7568519610994473,-2.70239605368584,-2.7071167728643952,-2.6587327681255033,-2.625074957932778,-2.6000036204908406,-2.5233564419208427,-2.4788262785686084,-2.4423467297202506,-2.429728877456564,-2.439495718965135,-2.3872388775609155,-2.3974471490848783,-2.344423437853368,0,0
-2.640947359770766,-2.7002237517134025,-2.712859194213823,-2.724997000206904,-2.7915252598380222,-2.8051590001127975,-2.809543180165093,-2.8573746503670625,-2.8528444807990296,-2.846085772069686,-2.8965157663765777,-2.905876573201578,-2.897996110707059,-2.9325571306595024,-2.957692197838026,-2.9603282488102303,-2.9729246931081947,-2.9852081772915406,-2.968157699822693,-2.9510520226203543,-2.9769850406613063,-2.9646231081990986,-2.942262052593284,-2.946673383384157,-2.889370259731421,-2.8979504523219557,-2.9013704755101064,-2.886871200854806,-2.858787002974115,-2.8304726535247062,-2.8276553030225857,-2.795464830498298,-2.7725498691639974,-2.7495111260242218,-2.6919968639278213,-2.672698149247451,-2.655186196298719,-2.6589520699181395,-2.644718217132438,-2.605724724445291,-2.5809020380339693,-2.5680815712669385,2.46036697261933e+38,0,0,0,0,0,0,0
-2.5020688814915717,-2.544309346481638,-2.5567724411638264,-2.5923100565454926,-2.6134736619233854,-2.6234200783515713,-2.6355098409393727,-2.6674017515131716,-2.6720708659163472,-2.6934734499752584,-2.717809165722128,-2.7406969452464525,-2.7249995974254695,-2.748649407357193,-2.775092425103734,-2.7867047580314863,-2.8184244284149016,-2.8217320472025618,-2.816750514867563,-2.8374620238264834,-2.8376257233230144,-2.8186173997499773,-2.81819510227526,-2.827792468481857,-2.7898656264267605,-2.7896613657553004,-2.7906540861544866,-2.7813182124373252,-2.7623303525443172,-2.742746088420479,-2.7333720760994598,-2.7260104028537495,-2.7471930854215483,-2.7408581275330652,-2.738617058350052,-2.7037654501079094,-2.696083149763538,-3.173619287081219,0,0,0,0,0,0,0,0,0,0,0,0
