jsons/1312624800.json
{"header": {"parameterUnit": "m", "parameterNumber": 3, "dx": 0.1, "dy": 0.5, "parameterNumberName": "Northward wave", "la1": 40.97354507446295, "la2": 16.46031188964855, "parameterCategory": 2, "lo2": 133.9931640625001, "nx": 191, "ny": 50, "refTime": "2011-08-05 8:00:00", "lo1": 114.97908020019554}, "data":
[rows 22 to 43 of 50, columns 100 to 149 of 191]
-8.528009784598872,-8.526038914721672,-8.223222077607799,-8.242236489706444,-8.162911339497711,-7.9522297111679725,-7.782062657309395,-7.59480929964964,-7.28793505478601,-6.977898386291461,-6.733249889339361,-6.448961003548889,-6.095618894719104,-5.751993315472952,-5.563319108153721,-5.095547334698202,-4.905076923331476,-4.6454063568805575,-4.320966718162857,-4.110991097416756,-3.918155073019302,-3.612194586285431,-3.360629378845805,-3.0886099250653856,-2.815656151189008,-2.6112797227436966,-2.473503918326085,-2.300233037517783,-2.1238448009591875,-1.9860254313332022,-1.8096554250729062,-1.649392953637763,-1.5200585529786086,-1.400715136886266,-1.2495160438583648,-1.1667153439331772,-1.067045364798984,-0.9605034852775405,-0.8613803027395324,-0.779916424579961,-0.6577081116062246,-0.6061112730887822,-0.5365551740560202,-0.5105121874962578,-0.5171732682746276,-0.4968703598468356,-0.527830315797801,-0.5425329957885672,-0.5310208217063564,-0.5065259739086585
-9.677367952439969,-9.944684362761095,-9.566324776271648,-9.651987927861597,-9.454055961785915,-9.097160542970187,-8.782813212026024,-8.519525301905276,-7.991831168560108,-7.709656725659677,-7.373191656413384,-7.035507885532805,-6.593188556364875,-6.170881409923005,-5.863927615878904,-5.454418158441705,-5.1636334057408835,-4.875066778793781,-4.477137443827382,-4.32016679705874,-4.020952403320358,-3.731149071766803,-3.4387812649283753,-3.078106717907232,-2.8306739244760433,-2.644819001502577,-2.4781115577760984,-2.3278342627433815,-2.2015722541395997,-2.051016692573077,-1.9633915849000299,-1.7764762034485435,-1.594037791306974,-1.550200070197379,-1.3492213975787182,-1.2323213425346775,-1.1721347552563213,-0.971254575824049,-0.8727212313343667,-0.7974464979974564,-0.6406953257368132,-0.5576017601620594,-0.5173303154048957,-0.5457259965412188,-0.6219804668129045,-0.6448496631578101,-0.6897119867900376,-0.7567988990913572,-0.7496384191134674,-0.7091579205706717
-8.84664030171189,-9.235948051513365,-9.01497088308298,-9.040261712639735,-9.08741493711057,-8.726520049451299,-8.654238367662808,-8.525181171021883,-8.068627764586441,-7.7334416740214245,-7.461117239811143,-7.080104401505981,-6.466823214298631,-6.196745953376625,-5.835637250904893,-5.418948691273915,-4.979149801583125,-4.78247424918774,-4.3298740750022615,-3.9537593143360463,-3.667805920398244,-3.2974578629922675,-3.113922162218294,-2.9014248197237165,-2.60026248032371,-2.465727529643715,-2.292773001443948,-2.132113807296451,-1.9560069989026445,-1.7873825170970747,-1.6929444688599367,-1.5524805636739778,-1.4418131883506347,-1.3777348713858015,-1.2297663709168847,-1.1127286075439795,-0.9977710270494727,-0.6777736324058687,-0.5861609345309219,-0.377735365292385,-0.18639233075808131,-0.1765682785566011,-0.21596580045359795,-0.49885909674280043,-0.8301833722935924,-0.9713692417425374,-1.1682416323981824,-1.3011005713146997,-1.2369105159587857,-1.0183633785558448
-7.989411206290472,-7.972359584433971,-7.938967586912965,-7.8799570574616356,-7.887642807697551,-7.537685954018049,-7.488724519703867,-7.565691748122869,-7.020492934949975,-6.808178161650761,-6.834533493939415,-6.595808177604731,-6.204186859641675,-5.852704437192488,-5.6370475149144355,-5.145728349002761,-4.6724979667222115,-4.311395483361817,-3.8136269870451533,-3.551635090631506,-3.214320401660283,-2.8024735831954977,-2.6552164343112885,-2.3744815154103796,-2.0792878304526714,-1.9547089495777545,-1.7445695333120046,-1.6262260393472001,-1.4950186052618872,-1.3508135351184338,-1.2603500865642752,-1.125724133415867,-1.0343151692221841,-0.9973907337051894,-0.8247092046849812,-0.7431312643373913,-0.5923882057902978,-0.31293974562058535,-0.21722382148078692,-0.07996368602303963,0.33120455371726537,0.5758811832007267,0.11716809197586266,-2.8868572176629,-1.1179229423790187,-0.04428958061672629,-1.5632200886963297,-0.9363412440360533,-0.8012192898158942,-0.3234496147778891
-6.206290658669559,-6.094967251204934,-6.724766729105493,-6.97687529076275,-7.01228778214999,-6.8299276840284975,-6.581809084364155,-6.4120431133722455,-5.942697371845333,-5.87309113562096,-5.683832167592764,-5.5182219978961395,-5.049482557316477,-4.896336617166734,-4.567405854239328,-4.007955879760123,-3.776087475399619,-3.497024203058945,-2.9675221220015517,-2.7637370574795543,-2.3835443693642784,-2.102182699795095,-1.8803337972085392,-1.7094137504882234,-1.331440589988693,-1.1613118279819263,-1.0418378031715587,-0.9281345286837978,-0.7411223569105251,-0.7303620815247175,-0.717987979218917,-0.6676249104763807,-0.5965111512760048,-0.5060754049357944,-0.2143393688933005,-0.05793888349857313,0.08671932378680156,0.3730534035427893,-0.02805356735013716,-0.2183497281539207,-1.6945881777343428,-1.390346710938695,-0.6624898388303545,-0.3945755809392931,-0.294108988348774,-0.11180090958313664,-0.1049798853622754,0.04761223440033514,0.02644381096418793,0.0859411723862052
-0.2262675632255508,0.04924500014776934,-0.17663954999378964,-0.4460171646063981,-1.6307087335083779,-4.219033605796388,-5.898382019664623,-1.6393014249012154,-2.209155971022732,-1.4067609326567083,-1.542618819755348,-1.8657493811497865,-2.1436887727937193,-2.2471741363991984,-2.1913732652462747,-2.2750308708168308,-2.0411750801076476,-1.8586834713267566,-1.4950372593635177,-1.3533950511852852,-1.1542320424710526,-0.7855837167948565,-0.5596600657356082,-0.4183257090178511,-0.28384292610229045,-0.2600735657802519,-0.2886237259762467,-0.06976149370143131,0.09102693898552539,0.1991484229205618,0.2848482070177028,0.28008177919236865,0.2356830536064204,0.06941217545836705,0.07823164450040086,0.10934888199439162,0.10873623723162257,0.03463799350747583,-0.08031225484035606,-0.11143409709617089,-0.07866188979033038,-0.039309944320762666,0.030490736026149063,0.1321551052638626,0.1812758691587846,0.22821287780196253,0.262491596356768,0.3798717878977959,0.4397026447029923,0.5016027072097727
3.965496919112089,4.15621834063205,4.548593387040703,4.899027518798791,4.962835949668982,4.216645555852317,4.441557360555859,1.546082108651612,4.855008044157617,3.6554917190752705,3.8820763471678026,4.1105212121994485,3.146721157003538,3.0032976795886297,2.420035614903701,1.7922601734468888,1.3629171624856107,1.2655497533907163,0.9753568123300743,0.9978278974744142,0.9480088858447322,1.1160704102612,1.297267021080737,1.2995551629023987,1.583580239656229,1.7328390598612915,1.8250086565594923,1.902512478397681,2.235916712786434,2.4124081273213074,2.4054552729065897,2.0125315328657027,0.8719716208303901,0.07696619652368045,-0.4544612654499762,-0.3938016119984432,-0.23544527594603587,0.08357235458545234,0.20793856675019698,0.27953898039894165,0.4436465163234659,0.516672584761609,0.6040924002977027,0.6933300593901586,0.771756702635044,0.8213004456119779,0.8566242189351169,0.9942531673732631,0.9925901664722702,1.0179593298454441
5.172041134650068,5.268019339353232,5.528069131386136,5.581171924242974,5.536856120207276,5.4349236205425,4.364173051504319,3.609847798375855,5.432853259450828,4.650317902264881,4.767837987900781,5.130286399618287,4.859877054357461,4.635290952118479,4.5127392393818715,4.199402368215838,4.0958335428258374,4.004438088964247,3.8565119456660817,3.789839551935695,3.787503620190569,3.52388036583779,3.4873934835653952,3.4552449440387947,3.331811538664488,3.385090658101159,3.489731666726806,3.095703490967131,-4.311566726116868,-2.6956615108343005,-1.2624788149668567,-0.10760290215007647,0.22243205914238212,0.4810039836608426,0.8843403593973297,1.0026316501741233,1.2933581149370768,1.3869473947786268,1.4386339166984774,1.4699130234222404,1.6025776615836922,1.6689601373470848,1.6687468442061464,1.7326741517015132,1.7712648618295932,1.7360174549202987,1.7362406979455267,1.755983986845652,1.764752392045725,1.8191848068362844
4.994301969918216,5.044616545434252,5.208170095469539,5.339875627767294,5.37352781948899,5.5045637344849006,4.9385729908877725,4.940373885929109,1.0355736771377324,3.4999612643125033,4.842176284544388,5.29532641115423,5.173360687833781,5.086486933045115,5.008171321451561,4.824731560050171,4.77342566551496,4.7572126052379895,4.665622021935297,4.726246409037378,4.816046600936312,4.734173532869362,4.754648903396553,4.7568454844624775,4.683633341414534,4.6137874811653194,4.422841411520671,4.229276988882531,3.792279879015182,3.5856679371384876,3.4444779801287475,3.2264301893107326,3.1557132807959603,3.1443715742554414,3.055352832235496,2.9873773202179583,2.862982968985734,2.9300653634823997,2.8055045548045214,2.728529497130139,2.678413581320727,2.6849985853530884,2.6309506480045664,2.566220245553484,2.532081787760299,2.4992162428370137,2.479433231268342,2.422962764752541,2.41102296172739,2.3797874995360053
4.519941987058692,4.549461493611205,4.781332738858417,4.919482969440414,4.912638094280479,5.065541487305147,5.085646906825261,5.084471325708691,5.146471609903157,4.534615154450189,3.596509195689402,2.2383500224752417,4.9043521703105375,4.915565194597598,5.083683425046469,5.083879640957979,5.0639830115272,5.027604658520007,4.948553982641489,4.889656687435292,4.847816036063713,4.823628772837416,4.824614153237942,4.868683973365862,4.872681214876901,4.897317061040907,4.9167184091267755,4.840910352281668,4.743454236859401,4.63747023119306,4.550441957410188,4.421086012975849,4.3114164029888995,4.166008790428767,4.121320815416562,3.9823008255853374,3.8956324694963502,3.7617883731603787,3.677627614511245,3.589748193956406,3.4439387344716015,3.4207507766457677,3.2907762283891335,3.2177928534418965,3.209113457836871,3.094628345329711,3.067512560270902,3.0077806271773775,2.923634285409844,2.870887548300738
3.7889898509292386,3.891040903272435,4.253356452626978,3.9088055057558644,2.9710821533094833,3.9517459205398784,4.176028256318984,4.385193157444672,4.590166951067741,4.634240370479474,4.712357251273896,4.743397296407198,4.584206478259389,4.076027522969351,1.970867194109746,-4.7684614535509615,1.422485029530469,3.299317577758587,4.572319813444362,4.687201861960206,4.662859401121318,4.654738648824124,4.668469372689794,4.707684908135267,4.686310137204078,4.656931976180256,4.754540499754111,4.7422987313023075,4.696880619636142,4.649755400995224,4.601860235248092,4.530140344104967,4.4250297128923455,4.381505668225761,4.307319499274144,4.190182915166844,4.093840988015659,4.036897787876058,3.951354120323134,3.8614684346990535,3.761489058639967,3.6564252739410135,3.6079232460454116,3.5328982051933773,3.4661227602604625,3.4157582385982668,3.38682610668967,3.2901708598360355,3.2371711689739104,3.2240156754593468
3.234803265892788,3.3903674199368847,3.918892575158864,4.044004816550448,4.009762825602916,3.9762942710123634,4.031616989984193,4.093249711368832,4.235562036663236,4.257832607047365,4.305142965917314,4.330771127672342,4.402657247441211,4.448581331095422,4.468060525549716,4.503567896182297,4.446052755315351,4.145141806943743,-2.7152483457243806,2.1401040431963714,2.3662447130209268,3.614991609738507,3.6947795410290443,4.009069208541427,4.364985906706425,4.463255483209066,4.452558294856767,4.445935806826599,4.3990676139640055,4.329870370159967,4.315071818266548,4.256783399349028,4.224212103678914,4.185067630240343,4.1229164402490674,4.0802984739808394,4.024158586219828,3.9680919454517807,3.9366783937466123,3.859285121808685,3.8094676246570858,3.760417795198556,3.6686819314542483,3.6332533723608464,3.5995995003201116,3.5156888317206,3.4928129390063614,3.4591340682375393,3.4044360553667916,3.3731620154491617
2.6936801710416307,2.8805912540655405,3.15151927637454,3.2784560736556365,3.3501734529723195,3.529762191218791,3.6607592211987825,3.681722502802049,3.851656957369118,3.922958383177243,3.942923918141684,3.9955311107086615,4.085602602705817,4.101119671977121,4.1395714516871465,4.168299245566393,4.178622713028585,4.199906713859233,4.240182982503692,4.275534316438182,4.273099228912868,4.17768429476952,4.073545122396203,3.6112511244890957,2.8181425892727026,-0.6617562321815302,-4.250958380559462,1.044930611695201,3.1873015357959606,3.940926656960737,4.129639354833699,4.1342781641310555,4.089101392001608,4.072347535096635,4.0405651873235575,3.9809269968489143,3.9484956614946825,3.9205953457003,3.885749267365695,3.811182250346742,3.7839078956995924,3.745488743835223,3.667884891064597,3.651917696960366,3.6252429962562185,3.5794220547099123,3.560010851682702,3.5256110142529042,3.467450091433625,3.4374898009013095
2.35510122161214,2.472000426543578,2.6837590332575356,2.7765755355828885,2.8577395899394906,3.0601609787507216,3.1187546970927555,3.2108488881628183,3.3719969863236208,3.4312621506140792,3.5057200425525457,3.535168784018323,3.6586601481996994,3.716482579640202,3.7334365023196416,3.8297354008153857,3.879396500530688,3.894650142449255,3.9104242441702164,3.9302856096585748,3.9505806301268307,3.994395518743405,4.009410598852694,4.011932190616396,4.050310268983791,3.980722215710065,3.8699815799278836,3.601002496925693,3.5994914533639126,3.3153484438338237,1.8006972517219009,3.9532814983972155,-1.4177117983871643,-2.5387884243482994,3.420303744450529,2.40374791641416,2.6245231887058007,3.4662148336669762,3.5659497573734753,3.654010498682129,3.6961408929925206,3.6660448698422643,3.6366247019036555,3.608770111829822,3.57154190591026,3.5371387087842403,3.5178499092835214,3.488180655519568,3.4279587361656927,3.4232932981775765
2.023313249661676,2.1180584731838783,2.2550563098376415,2.35634558008769,2.4302009022127735,2.603727705563585,2.69797613684912,2.7908297993977147,2.898362359384835,2.98228906137282,3.073638173007084,3.0950528576785694,3.2229724756431226,3.244908081807591,3.2999075048950046,3.4186576368681743,3.43844741879761,3.4856339367606255,3.5457299599339733,3.5922562622755474,3.585663560370317,3.646317505535596,3.694022791337824,3.7400645417533975,3.7705721950342155,3.783169553236024,3.7547986706229004,3.7839603644936455,3.8131714539873056,3.766226861918472,3.7495053281763013,3.7554380569057004,3.675602549709034,3.6899836076677124,3.3317236921904545,3.23527559191532,2.8980737785335533,3.1929207500875028,1.759285137851789,1.3551551502178314,-2.62339709026795,-3.4598235276567464,-2.2216609838642483,2.5302787648623606,3.461627878874613,2.792709308636303,2.1508023444099056,3.027946909289514,2.2776680506103193,2.3110950799412553
1.7360357298975295,1.8599882952521596,1.991935837830937,2.066856082026869,2.127651650045508,2.280287702349765,2.326617003055652,2.420180779548195,2.5152947572124504,2.6015028887526563,2.6608820371547113,2.7216380108586025,2.8343958458866347,2.8819518566713556,2.9553026792559995,3.0138676555237396,3.080021284939594,3.1049665687151156,3.171213744193369,3.2382742439155536,3.2668254992396513,3.3505479092737716,3.379707474468037,3.3822592321384337,3.399592502728997,3.4193461325731325,3.4391843257867807,3.453692069826105,3.494973957250268,3.480994239989676,3.4769571999053634,3.472456090129978,3.475978213267823,3.4816657876990074,3.46977961023353,3.4290132056766836,3.4305531554839916,3.441478216968841,3.4269226876714782,3.3948327577602337,3.3614198508649196,3.1560729223062647,3.01624050992724,2.7961623658909924,2.8740851953251663,2.9453016485507035,2.7935017236020063,1.7165728034895735,1.800693178934167,2.4117171531830937
1.543078817991796,1.609502764019823,1.7640792667531455,1.8152756349134738,1.8825505146865937,1.964813732853409,2.044942053021499,2.1040947990205336,2.265391878115105,2.297144924151304,2.343908150638666,2.4284931137368035,2.4903065264390727,2.5498134061562254,2.6093611323512453,2.695579245877281,2.7469750844882457,2.7782295648724626,2.8581885871373887,2.900961571540497,2.9573832914152596,3.025608068537815,3.0579498456600906,3.0445087305968377,3.109605934443261,3.137557191144919,3.1124227606120467,3.1136464296348714,3.1735667279694035,3.186601077978777,3.183514089511991,3.203370003931058,3.185762053407185,3.1921944713396195,3.2049279738268597,3.1937773219956616,3.1941713405221837,3.1951332694742574,3.188158221948735,3.1746969849991546,3.1804767814661434,3.177251927245153,3.145012543705739,3.149965950082623,3.148052893862576,3.132319149502531,3.1253560714393944,3.118876276578757,3.095501936001531,3.086823927962745
1.322326197108273,1.3685234412309524,1.5071799273796065,1.565294698258534,1.6174380103197132,1.706139006920221,1.735492744408293,1.8278980554751827,1.9571423810361506,2.03206150517578,2.0598647285208473,2.1135640763772585,2.232582550422116,2.3132139728503924,2.371390805863583,2.436298974163663,2.4769962425064085,2.5117476150309215,2.5908009547521513,2.620471448466561,2.655372092282683,2.7369138302061153,2.737239343539118,2.7671172256448235,2.849783350172947,2.8883158090949173,2.8840197674615835,2.8893121440976763,2.9244076146311,2.928412425433558,2.9324569453918117,2.9412813529575956,2.943362088579938,2.9602011608584173,2.984194577615128,2.971050759289156,2.973487500034979,2.9865647796083366,2.989814903881675,2.9557542951600806,2.9532591571044504,2.9650598250970983,2.962873103836565,2.9653362492963136,2.951606427075304,2.934470822368051,2.9449410597390995,2.9413626509003015,2.9171550933931463,2.8910550208270926
1.150907008199318,1.2387192983976048,1.3475240533116826,1.3836443118074497,1.3954777039627788,1.5291673661201004,1.592629540025018,1.6763142852259119,1.743876782431985,1.7986792050688036,1.8780363530817281,1.929485688608729,1.9920187348963967,2.0722706796714796,2.136233013187159,2.2133755423322437,2.272707863845069,2.3379266773192726,2.3789835551924914,2.3938777159637152,2.4447432422628577,2.4892448751037883,2.5182265778911566,2.5406864842559425,2.6442404354067803,2.6661198509447943,2.6606936623219557,2.665290405287907,2.706691362010305,2.6873741249235326,2.689570482345264,2.7470973608455385,2.758191178477164,2.7676568108954545,2.7859718773076243,2.7856193140920036,2.774411094723434,2.7820440426490793,2.7765413565366024,2.751783628845527,2.785000340500519,2.786936123280829,2.7771571481065975,2.7489112484804314,2.7436078599082627,2.707716627286723,2.6982606681388672,2.6930244009850646,2.6744966178688148,2.6362508476704045
1.0063864656447394,1.0272001140926394,1.1372329964339603,1.200289571628171,1.2326344785004943,1.3348984389967922,1.403914555918325,1.4539764216167874,1.5440544622414796,1.6136403352828184,1.6309180197385307,1.6573402655426095,1.7778041570650935,1.8170104537925982,1.8497583017190333,1.939962318029226,1.988927144607859,2.0285634638674295,2.1359994754705247,2.2145062504774597,2.2719852897779993,2.2855588437699397,2.3343136301138934,2.355273320360626,2.37190450032356,2.3964630772882205,2.425104433212617,2.448079753429612,2.486426475505166,2.4924111563033158,2.5173736900545736,2.5413840579270386,2.5412444953358806,2.5313184914889497,2.5559590154198775,2.5351375831778697,2.5334962011697826,2.523800914599156,2.4967892587384424,2.463685495486212,2.4654993768614837,2.474760299046645,2.472847171990468,2.4624243045394376,2.4267945731344804,2.358926954813154,2.2921615272826714,2.3108818223319263,0,0
0.8182933133686923,0.8889763564263454,0.9750298756283052,1.0193102905773126,1.0869869817516435,1.1569718284146868,1.1968981694572178,1.268818868739371,1.3230414167348001,1.3507794479123367,1.4034638258424375,1.4348161563563513,1.4999162219361573,1.548517689083281,1.6081544311920617,1.662760761368692,1.7253282797597551,1.8085178225536038,1.862648648497635,1.8916977707729001,1.9451535057719553,2.0033941301618268,2.0378327386448043,2.0570296883143393,2.129543636461278,2.1515508322716723,2.158613245306258,2.19759486579076,2.2313745293096425,2.225250655917278,2.2456400802441427,2.2821534151924916,2.266858571170171,2.2682028393581,2.2725692466051557,2.274223569468219,2.2883860934030174,2.2678610445935727,2.234940578945082,2.183341667917292,2.1720514480307176,2.148955675289886,-2.6086818391921664e+38,0,0,0,0,0,0,0
0.6399142413991529,0.6966304922369895,0.8056915379574526,0.847082664586303,0.8751487904065337,0.9722262701493866,0.9968153144995785,1.0209133990606627,1.0959270785149982,1.1236470601448696,1.1850209919380157,1.2366322803005085,1.3490753655056515,1.354551429929491,1.3927978688202103,1.4502875944288074,1.4978433578005317,1.5245881253031772,1.5955982055247784,1.626364061285044,1.6434181645193262,1.702545509764556,1.712269772948066,1.731245855716479,1.819799557534328,1.8439473078305912,1.8700669293179277,1.8840913346260246,1.933383708713971,1.9329701282894254,1.9393811082117307,1.9349291401156625,1.9277954835137283,1.9193113643501623,1.8714239013494194,1.8119732760007894,1.8073578627743268,0.6559871568101806,0,0,0,0,0,0,0,0,0,0,0,0
