jsons/1312884000.json
{"header": {"parameterUnit": "m", "parameterNumber": 3, "dx": 0.1, "dy": 0.5, "parameterNumberName": "Northward wave", "la1": 40.97354507446295, "la2": 16.46031188964855, "parameterCategory": 2, "lo2": 133.9931640625001, "nx": 191, "ny": 50, "refTime": "2011-08-05 8:00:00", "lo1": 114.97908020019554}, "data":
[rows 0 to 21 of 50, columns 98 to 146 of 191]
0,0,0,0,0,0,0,0,0,0,0,0,0,0,0,0,0,0,0,0,0,0,0,0,0,0,0,0,0,0,0,0,0,0,0,0,0,0,0,0,0,0,0,0,0,0,0,0,0
0,0,0,0,0,0,0,0,0,0,0,0,0,0,0,0,0,0,0,0,0,0,0,0,0,0,0,0,0,0,0,0,0,0,0,0,0,0,0,0,0,0,0,0,0,0,0,0,0
0,0,0,0,0,0,0,0,0,0,0,0,0,0,0,0,0,0,0,0,0,0,0,0,0,0,0,0,0,0,0,0,0,0,0,0,0,0,0,0,0,0,0,0,0,0,0,0,0
0.0547425098936251,0.10941944651808673,0.15270787559505244,0.16600796127479292,0.22361959366690792,0.27912065591138885,0.2662171830832882,0,0,0,0,0,0,0,0,0,0,0,0,0,0,0,0,0,0,0,0,0,0,0,0,0,0,0,0,0,0,0,0,0,0,0,0,0,0,0,0,0,0
0.15885358563172167,0.2131191241141549,0.18595990551501415,0.1883417767428267,0.25050297976351477,0,0,0,0,0,0,0,0,0,0,0,0,0,0,0,0,0,0,0,0,0,0,0,0,0,0,0,0,0,0,0,0,0,0,0,0,0,0,0,0,0,0,0,0
0.23065243782266934,0.22302348748706824,0,0,0,0,0,0,0,0,0,0,0,0,0,0,0,0,0,0,0,0,0,0,0,0,0,0,0,0,0,0,0,0,0,0,0,0,0,0,0,0,0,0,0,0,0,0,0
0.2633457006297526,0.25754143373413174,0.2809739434671135,0.27177733453392966,0.21542276482120407,0,0,0,0,0,0.09667812373701977,0,0,0,0,0,0,0,0,0,0,0,0,0,0,0,0,0,0,0,0,0,0,0,0,0,0,0,0,0,0,0,0,0,0,0,0,0,0
0.2422908954097851,0.2483938142266912,0.2714444758909395,0.3062133566854602,0.32693949265203276,0.33207268273677004,0.32848601314591097,0.33088591752244334,0.33263392324054614,0.30981806069801654,0.3080849548734499,0.3088033681742717,0.30584692832637944,0.32668638194733324,0.33408249582400434,0.36331548249801543,0.39036839917556687,0.4346157911197094,0.39280063035080043,0,0,0,0,0,0,0,0,0,0,0,0,0,0,0,0,0,0,0,0,0,0,0,0,0,0,0,0,0,0
0.4213893821188316,0.4053925801033446,0.41522099831096304,0.4428249709857281,0.4830713351655834,0.49573146744207003,0.5046993959466585,0.5189887124402326,0.5134565525412417,0.5243896010937134,0.547854640246297,0.5714749480003012,0.5802522298532565,0.5625154092308291,0.6382182456587148,0.25408661822216544,-0.04004724060211806,0.1790893562882125,-0.07133260935839932,0.09212126030064234,0.13533803386466206,0,0,0,0,0,0,0,0,0,0,0,0,0,0,0,0,0,0,0,0,0,0,0,0,0,0,0,0
0.4591087468648481,0.4792786534925269,0.4877961713876812,0.505908919037222,0.5374088568471689,0.5646756598023711,0.5927611941383895,0.6186845540132538,0.639492319373861,0.6508958948080313,0.6749508152145054,0.6770822083957859,0.6828559208962084,0.6869472925910558,0.6815947625681432,0.6841194158994237,0.6792833079483951,0.6402951916854818,0,0,0,0,0,0,0,0,0,0,0,0,0,0,0,0,0,0,0,0,0,0,0,0,0,0,0,0,0,0,0
0.47605047231545317,0.5133178549818727,0.5207056614124815,0.5306203309215003,0.5427636653250255,0.55252133401868,0.5611178695474174,0.6032407725000946,0.616905803039828,0.635761921606545,0.6584233465828485,0.6644621534996632,0.6713043214771782,0.6864275986814343,0.6891828262646891,0.6730731514822382,0.6381681328486457,0.5159984938928063,0.5712083456691621,-0.54211819846586,0,0,0,0,0,0,0,0,0,0,0,0,0,0,0,0,0,0,0,0,0,0,0,0,0,0,0,0,0
0.5356557442110084,0.54906744856557,0.5500882291756807,0.5667796030233879,0.5864481128373602,0.6005466436614617,0.6225910163910999,0.6280971259805505,0.649879704494409,0.6875340137330589,0.6996087436501804,0.7020641425057597,0.6949981751794905,0.6910293351566226,0.6217022794453373,0.6455529225404207,-0.5745260054819092,0.16002748276803883,0,0,0,0,0,0,0,0,0,0,0,0,0,0,0,0,0,0,0,0,0,0,0,0,0,0,0,0,0,0,0
0.5072185572992766,0.5487524652502717,0.5745855250000543,0.6069357730197334,0.6714735642234076,0.6772159528562371,0.6968351747417769,0.7274874406786606,0.7305519745102323,0.7233780410389198,0.7109482517979915,0.715434883608155,0.7134765529800595,0.7226886203173769,0.7108623997872084,0.6521367120216289,0.40264161255085146,0.2512772096965462,0,0,0,0,0,0,0,0,0,0,0,0,0,0,0,0,0,0,0,0,0,0,0,0,0,0,0,0,0,0,0
0.5364125541195557,0.5478614206297309,0.537685190683463,0.5552960849908927,0.5988299206183253,0.6210524327574528,0.6317060130470181,0.6610789910867266,0.6935411278182991,0.7349165230793355,0.7444637757074994,0.7484765372894856,0.751935658665869,0.7517720799105796,0.691379287811947,0.6954691547954458,0.4848719327665562,0.3368446949668705,0.18742188091916834,-0.056678542784491984,0.09018010428249801,0.12910218416063948,0.14268525901856793,0.1772824443076697,0.18575274124283053,0.18517439524145157,0.1876049910549039,0.1487572061814016,0.1567142380524545,0.17679227219465654,0.23210464470050918,0.24519707516542613,0.27230011383518915,0.31758989363397866,0.35121392818312525,0.36695430476672913,0.3881171034614385,0.39056312973156676,0.4125028474866583,0.44530299879080837,0,0,0,0,0,0,0,0,0
0.48741100038941365,0.4817418981645886,0.4862581663681362,0.5229702001790124,0.557068075378673,0.5785736814995913,0.6019044982651853,0.6218438962467847,0.6343021510154967,0.6639203503821896,0.7106110896384131,0.7248908817407722,0.7419135343691841,0.7491140919000565,0.7845948036239636,0.7961538173958268,0.8001145942223681,0.7371765203966041,0.7741142067991057,0.6764975931515969,0.6716800816828534,0.6861203833080115,0.723073672553244,0.6739338868926317,0.6593603872172379,0.6502391834430015,0.6492342319766061,0.6301838422963922,0.6353828907116673,0.627737524302111,0.5710704420055952,0.5711967116510833,0.5914809380972652,0.579430787386252,0.5689401205654778,0.5593675888859404,0.5369421422907034,0.5467461197680993,0.5565535604528881,0.5598589449173541,0.557443826117326,0.5566569093637613,0.5617185990354667,0.5615729865824739,0.5652097799057743,0.5868844033382343,0.5819129642921154,0.569857188409094,0
0.5790406695261597,0.5595213966424694,0.5477777392251199,0.5183887314844093,0.5113572753000672,0.5054154578531401,0.5245527390539418,0.5716939188007251,0.5851792430980325,0.6316596254147169,0.6588179115528908,0.6895588411540997,0.6236065776852961,0.19591690975920495,0.3127776957727943,0.4295788267274761,0.38520552285710424,0.0064940161908596,-0.27695158443304224,-0.6016587041532115,-0.5923357776403081,-0.4732437589179287,-0.3388290236848905,0.014321656618601701,0.2103708100590791,0.28536829784869544,0.44873320091943414,0.48073936005136003,0.5445002349284361,0.5741784990925269,0.5873365254796622,0.609423293969653,0.6243612518343057,0.6225018375870938,0.6222439101490632,0.6247768151811405,0.6220338051913884,0.6180217812389093,0.6152100789533493,0.6176841865073922,0.6197927932539099,0.6152526652929884,0.6257039953430015,0.6319128076846555,0.6396704632245162,0.5931608793579106,0.5935997573227099,0.6135194722001435,0.2930663426277154
0.6667082841076553,0.640674393778728,0.6375472989983958,0.6105156725852456,0.5773497391098333,0.573494875921014,0.5986048238799978,0.5844754944979774,0.6032472057771617,0.6070069108402572,0.587358251988103,0.6032734175070793,0.6032534041020934,0.6338412068450558,0.6497181262766775,0.6358857050078197,0.5937085220736192,0.5603020016470156,0.5136359272341054,0.5018137993366453,0.4860459670356389,0.5256301343425122,0.4888521934927957,0.49853072051332803,0.49032412851097373,0.5234307239987394,0.5413699461536772,0.550638160987104,0.553010011034356,0.5578667239935905,0.5684302087374965,0.5881327386882609,0.6074680263796289,0.6139866190857138,0.6236413568428322,0.6285358351214996,0.6255836461858936,0.6263067505273027,0.627009834490586,0.6241226076334065,0.6242468747397742,0.6221502722046341,0.6050543448968592,0.6136313896032737,0.6378310747309891,0.6639683359910411,0.6724547567256193,0.5774523453472669,0.5375514887011611
0.524189322850364,0.47827321451196453,0.45449488439306895,0.4967637453083809,0.5178888874922382,0.5237335161118517,0.5287745929235699,0.5244277094768147,0.5206525536704921,0.5209453622863469,0.5296361159517895,0.5318067635888424,0.5688178862896744,0.5928571475516153,0.6260077470431148,0.6623736165752802,0.6893522451390849,0.6834559153572627,0.6737411411042933,0.6612950236375829,0.6734587458547558,0.6769836226683165,0.6793915144728613,0.707173986181984,0.7175955538079214,0.7146314476912943,0.7020748211202124,0.6918501114483763,0.6940561934884245,0.7114260028295202,0.6897790582608315,0.691287362220401,0.6959148016403973,0.6996028462841797,0.6891091338090365,0.6895972256673926,0.6768053234015284,0.6745244434007264,0.6734483668771356,0.6731240670769142,0.6753241499870914,0.6748510251510321,0.6734001268350642,0.6668237981850466,0.6642170720737829,0.670078890023403,0.667193385561121,0.663757980678907,0.663941423019224
0.2398601538238072,0.2119360216403954,0.21476620975683597,0.24090677589390613,0.3106071998857866,0.3264450428770792,0.3447412090096275,0.3737289013686714,0.3850155442512673,0.4129561137040138,0.4702163727636347,0.4688385104227791,0.45860596557246047,0.4659158190163671,0.5192745647031488,0.5556744142595476,0.5692918055815738,0.5932115539732399,0.6071784728251601,0.6170809849394827,0.6367271539043962,0.6438473716821504,0.6628322931278027,0.6633534957867065,0.6634978746255272,0.658213645690294,0.69708334881387,0.7126283382141615,0.7170619129515291,0.7278015647925523,0.7424389851778812,0.7488862729145704,0.7545186122584377,0.7363215880075981,0.7390379391282638,0.7326031477735925,0.7321854123245553,0.7356778431652735,0.7323826166544851,0.7149051084862557,0.7149839957126476,0.7060238267430019,0.6966955528180546,0.7023523654534669,0.6993420169514665,0.7058264958727433,0.7027458706024831,0.7119819470241401,0.7376015660749241
0.08843061436706375,0.171020532324242,0.1871365356716033,0.19059985829617132,0.19658188395728962,0.21463348408566257,0.25000143883227244,0.2932347519925794,0.31148447990295675,0.3255425485679101,0.39020614981309154,0.36422969145537637,0.34563451337923556,0.37669028929482623,0.4156343205455388,0.4454318143914593,0.4443814912638525,0.43813906575278455,0.5106671526143921,0.5661202169517782,0.5353283395556503,0.5176991126630981,0.5413764976050702,0.543456158790939,0.5804572564260467,0.6184868980921783,0.6433696076044731,0.6515188501602062,0.6638553388923537,0.6722891941133421,0.6864681330326349,0.7035938286318749,0.7115908205580675,0.7336674679213095,0.7365150230100745,0.7381197458257457,0.740607942657436,0.7433985936899962,0.7326822290181282,0.705899073290329,0.6975633324901035,0.6894567501276119,0.6943782851777595,0.6971362449371854,0.7016425611346306,0.7179156215301967,0.7243994805062559,0.724164912843942,0.7059279197477546
-0.24355719387190775,-0.19315645282779365,-0.13442847061131788,-0.10585074932731704,-0.02688616611141676,-0.02699776325918932,-0.011225558370086118,0.04745794249966555,0.08905712195481429,0.11330517397419734,0.15735245200569686,0.18244905879986395,0.2044291918635019,0.21931545833577007,0.34093577434121997,0.3678698970187494,0.39302163847195176,0.408233817408156,0.4121695311638863,0.41287532438173197,0.43057345026553207,0.4447775423080099,0.44534885222148635,0.47465372031139574,0.49289675365487196,0.5081772360814586,0.5289762164067228,0.5506100222069819,0.5667591055240264,0.5830735622934752,0.6010561819508591,0.6079869672025956,0.6149073050144239,0.6736227239162469,0.6698519991422367,0.6663689981768204,0.6624116751783308,0.6626449111676287,0.665789606388634,0.685352005425293,0.6687703733207468,0.6671779364717082,0.7045946062420277,0.6958912547527039,0.6902650322211785,0.6885057440844994,0.6737896477243819,0.6689971161869315,0.6753155542532283
-0.2429311972024791,-0.13869970005404483,-0.09603040612975629,-0.09026122271444395,-0.05976474377779764,-0.053208537443590574,-0.046587592393914745,0.014121956480681095,0.07577102801104073,0.12223805039222331,0.1510395873626956,0.15262576201375586,0.1651480844732837,0.17904947455035342,0.17801363780604654,0.20201100287856444,0.28820286078088236,0.35342605526675036,0.3951137733294701,0.4144017619806146,0.41055635191045947,0.42393467051713063,0.43873641320752804,0.46121420957370907,0.46692490342174325,0.4777023972278253,0.5052656411408751,0.5328343273766323,0.5268508495387351,0.5304334848898119,0.5614812289427862,0.5722372108456885,0.5862871095026481,0.6144888239920024,0.6401947452316586,0.6623658168321885,0.6688972771000342,0.6722418701422265,0.6673578685872791,0.6464987663785962,0.6517573579245456,0.6531304884591966,0.6205029280597015,0.6166988952986006,0.6185099512827809,0.6300158939980472,0.6369018814627001,0.6576937264456457,0.6741204894513783
