jsons/1312776000.json
{"header": {"parameterUnit": "m", "parameterNumber": 3, "dx": 0.1, "dy": 0.5, "parameterNumberName": "Northward wave", "la1": 40.97354507446295, "la2": 16.46031188964855, "parameterCategory": 2, "lo2": 133.9931640625001, "nx": 191, "ny": 50, "refTime": "2011-08-05 8:00:00", "lo1": 114.97908020019554}, "data":
[rows 0 to 21 of 50, columns 50 to 99 of 191]
0,0,0,0,0,0,0,0,0,0,0,0,0,0,0,0,0,0,0,0,0,0,0,0,0,0,0,0,0,0,0,0,0,0,0,0,0,0,0,0,0,0,0,0,0,0,0,0,0,0
0,0,0,0,0,0,0,-0.3429615218848894,-0.33906033329739005,-0.37469640980235475,-0.3610211222987059,-0.3704472613300656,-0.38952859042442234,-0.39681664381280574,-0.40724413440756085,-0.411087853619594,-0.4205970472632353,-0.4236347247260227,-0.4148661742962805,-0.3961569458924662,-0.360962804042109,-0.21553490132367148,0.08145984594910088,0,0,0,0,0,0,0,0,0,0,0,0,0,0,0,0,0,0,0,0,0,0,0,0,0,0,0
-0.4216245058835635,-0.33441956583696547,-0.3990504946039296,-0.3763398045623816,-0.36086404233838976,-0.3708636688070772,-0.36748382406323277,-0.3769273432772597,-0.3908107369586487,-0.4015829653416686,-0.4168467321199573,-0.4326877180740836,-0.44037835693296373,-0.4346411074424868,-0.4325503981733872,-0.4384051427170327,-0.32873902286669515,-0.18237482124822246,0.015608496975801977,0,0,0,0,0,0,0,0,0,0,0,0,0,0,0,0,0,0,0,0,0,0,0,0,0,0,0,0,0,0,0
-0.5910068648207253,-0.57778751592708,-0.5894727658175625,-0.5578167322731895,-0.48786297287254515,-0.4697361899383319,-0.45364767032228975,-0.4327626104999297,-0.42478291462547807,-0.414564041001078,-0.395014900540668,-0.3714375716626394,-0.32991059065051515,-0.20869716312704256,-0.6280201644992062,-0.5043413126705593,-0.3422835794926974,0,0,0,0,0,0,0,0,2.7075628802780578e+38,-1.6723827568246905,-1.8243402885245468,-1.933707721075166,-1.98948637276233,-2.005591959582472,-2.0316479770701332,-2.017052811532522,-1.9917578295117675,-1.9542270994742597,-2.024288161976868,-1.9354468634861801,-1.9577638873985705,-1.8321891473963046,-1.7463708577467625,-1.6712204701035007,-1.5656298546327014,-1.4554577183116202,-1.472486549805742,-1.367446777867384,-1.3638981415221596,-1.4044593606842422,-1.3350758668948897,-1.2845818699106408,-1.2838673237086249
-0.7496639344269548,-0.8030192520696019,-0.8422506269838635,-0.9443784105529254,-1.0028216567649597,-1.0474007945025767,-1.1242388768406322,-1.1877228223618208,-1.0749477817184574,-0.8494523259242664,-0.623355973737901,-0.444287272909312,-0.5600226919945364,-0.42422517825750444,-0.6820602150379387,-0.740205061024531,-1.3287220993730973,-1.417947625443722,-1.525871985472104,0.5266979145854415,-2.3640423965771302,-2.528128271255628,-2.698852005539038,-2.8690339436425263,-2.8524658316622857,-2.985378704473585,-3.035082912808403,-3.0380400694570984,-3.1013504457772405,-3.1706707988201916,-3.0810843116985667,-3.1445114784500814,-3.121311040400863,-2.9994686598632785,-2.976541805165715,-2.9851285429281487,-2.8721137979471236,-2.799837946055515,-2.7491113328477836,-2.55112601286299,-2.4382293493391827,-2.2967928912144924,-2.1373237385380355,-1.9757266036279009,-1.7591006000214617,-1.6786919089605916,-1.623028377338726,-1.3843873581883348,-1.3307572024643146,-1.313357929851042
-0.6760907050329121,-0.7221178949883988,-0.782194247773621,-0.8390585964025052,-0.9259863775473972,-0.9758269861216877,-1.10116567037601,-1.202384126847396,-1.2884889445157808,-1.4083471966793624,-1.5127396610826045,-1.665202666033618,-1.8124777750087464,-1.9346216802750968,-2.036771215870733,-2.130921724497279,-2.256815254510667,-2.414650861121764,-2.5244138971658536,-2.7170926254935868,-2.8945091278644832,-3.0035245143477343,-3.192025595629253,-3.291525430047998,-3.426170518813192,-3.6079821516924837,-3.6943069686387973,-3.76369548178452,-3.878041345003838,-3.9193892186168906,-3.8355416038727697,-3.940592284650411,-3.9580445575888805,-3.862882000214456,-3.828053290075544,-3.81077186301845,-3.5568355010310966,-3.455531234427593,-3.4451710923870693,-3.159220873234986,-3.0857507238788835,-2.857681363300958,-2.6288493354304174,-2.1165841573627553,-1.8094593603211353,-1.451272802685973,-0.5910887504019499,0.03937945888802367,0.28343161995629035,0.8321032580731756
-0.27609754775946277,-0.29144034971713606,-0.3045987697049332,-0.3069184084360439,-0.35784818320957407,-0.372573743532427,-0.4320189840843874,-0.48368385323916036,-0.5524633705801767,-0.6327148300316708,-0.6758685222956072,-0.7855617561590553,-0.9160663866533434,-1.0058922116918703,-1.0899803974903086,-1.2260985362145913,-1.45183669584824,-1.6433499776869362,-1.756882599129682,-1.954455216145391,-2.1719089267152905,-2.3389185394892342,-2.521878311287301,-2.797224205396701,-3.0484770914867365,-3.2852471952696254,-3.531054033781453,-3.7758879445844964,-4.034198845020511,-4.114374526121323,-4.149494428772433,-4.225499984550162,-4.180058601325075,-3.967279031575935,-3.827726679920743,-3.7385192861587764,-3.4830830366717875,-3.29787655654941,-3.21928359278861,-2.8065783268187032,-2.710455764120618,-2.51384135976473,-2.4647622035427275,-1.7805437397610386,-1.623699470665881,-1.1471207904067635,-0.49031138522121653,-0.18990428742890567,0.11938894012009817,0.46529859362359677
0.16858741695234236,-7.039424590348752e+37,0,0,0,0,0,0,0,0,0,0,0,0,0,0,-0.5158973068220983,-0.27686449088281756,-0.3784768303735495,9.424277501846465e+36,0,0,0,-1.029928023998542,-1.3194657683134505,-2.1425195489738313,-2.8520284632547486,-3.214319902484375,-3.5908741160861295,-3.770302010425548,-3.956546377742476,-4.048952923508951,-4.000077370809321,-3.72527262275573,-3.4929761400366472,-3.4690799439495703,-3.1287595197247513,-2.8822630017166575,-2.837531161810675,-2.4245454455019884,-2.2294473674969257,-2.113310281089011,-1.909275719064223,-1.4644984130992582,-1.1917788893587138,-1.0178697437294426,-0.4561635715555713,-0.29269933023102035,-0.02926380301479355,0.37147628224677626
0,0,0,0,0,0,0,0,0,0,0,0,0,0,0,0,0,0,0,0,0,2.9831196891918857e+38,2.676850424085454e+38,0,0,0,-2.807762815500832,-2.9003423285384864,-3.114710244797563,-3.3133092312016053,-3.589292051085848,-3.847123202806638,-3.797325483420366,-3.4970371859065903,-3.3791029884479866,-3.2112470747976687,-2.6300946213618492,-2.4269553896817544,-2.249342701073628,-1.8338674159711408,-1.7312206731772877,-1.4778295486603032,-1.4547733512051517,-1.0643143413933542,-0.8778304646169304,-0.6530402047432531,-0.31621474528299104,-0.0824621951551338,0.07643142660667661,0.32393135659928984
0,0,0,0,0,0,0,0,0.1673519802971736,-1.0963208158160929,-0.6911368413312652,-0.5025774474179799,-0.4003063821994658,-0.3667507438946388,-0.21713137797357307,-0.1431954228056971,-0.10150936058149827,-0.09221957176201083,-0.09186829604576521,-0.05560745580489799,-0.2622983139754637,-0.4437848015019878,-0.7554327030297842,-0.9807604729434583,-1.5683781026665493,-1.9644195020006923,-2.191810317503706,-2.6720748191687824,-2.951386262485277,-3.218682921110838,-3.569982426831061,-3.7358488447752833,-3.725948815662119,-3.425961344203854,-3.138676756198137,-2.9746776120017495,-2.319718607445265,-1.975749556886787,-1.8888433896421957,-1.4624838254887385,-1.313844837387238,-1.2331911936953155,-1.0041373599353614,-0.6363840132619579,-0.5595921876994238,-0.4007093435436708,-0.14308161176094625,0.03127954399240811,0.21322606029574942,0.432680235393855
0,0,-0.9104373307660314,-0.8221096836896739,-0.6331468289675524,-0.7782116770835933,-0.9300878486204518,-0.933705600253755,-0.7465289769899489,-0.7586761126433018,-0.7036107407433251,-0.6923511783208185,-0.6733438776900261,-0.6108561038568096,-0.5117103083165564,-0.44373095114614447,-0.43167124023807746,-0.4050178666071585,-0.42331740432087683,-0.43457507099628523,-0.45977006197290105,-0.47663305593765143,-0.5410223051178954,-0.6231179762353172,-0.6899020823203477,-0.7390581474852289,-0.773245940726753,-0.7309260569772003,-0.9249980625420559,-0.9965725560141991,-1.149654628459767,-1.5893351672294642,-2.009270572079044,-2.8580117485177015,-2.6046073242859924,-1.2638762485551238,-0.8419217337220597,-0.7252213945604705,-0.6500723632437272,-0.500738891124503,-0.4780980575410705,-0.4352494943197668,-0.37369935228501194,-0.2116129201171996,-0.09449239658817879,-0.009147394238767375,0.19280053974156489,0.3025258500168663,0.39744409634351474,0.5781983101773932
-0.6118680943504511,-0.5900781463107845,-0.5934831868324308,-0.6347832503151957,-0.6112502655081947,-0.6162564318800784,-0.6454504605433996,-0.6510797912523302,-0.6330691449296638,-0.6689716908287633,-0.6401110846208389,-0.5659245952755352,-0.5217429854888209,-0.46539731822704344,-0.36751830457639667,-0.3516269307370519,-0.3231913729453208,-0.29679020624574,-0.2967972096810016,-0.295914891838382,-0.26019005725470395,-0.2647214055232173,-0.16949876747437378,-0.1065328740170574,0.04365278818540764,0.16327586641136588,0.3040878589733,0.644162653902638,0.7773672882435176,1.015295731605852,1.4177602624469023,1.9740443661006195,1.6696899177945628,-1.3798370638957704,0.6293690316459014,1.7471812957465036,1.6856354527455895,0.9833212225438905,0.8490599058703322,0.40561388186080716,0.30025142077898626,0.21778808557286372,0.16341141966791084,0.12042027791624227,0.12998815948948447,0.17283514633142183,0.29465203086343883,0.38730653548297306,0.4882422045624922,0.6603018724135662
-0.25036398529448833,-0.21270278020913752,-0.21717382251644696,-0.26453173223273363,-0.2940639664847775,-0.32127828930272767,-0.34717655041076945,-0.35206702014530183,-0.3446896178614739,-0.3551758813651775,-0.3390636878557704,-0.31523351972209424,-0.3011359895119625,-0.30330983615527046,-0.29299557585935104,-0.2980372115466178,-0.32435889998666695,-0.2689239056600193,-0.17588610915637584,-0.12717782941957081,-0.05732472532444007,-0.03176876533574137,0.004912165857742955,0.056204096170150736,0.2591272344302937,0.40806670764069947,0.4883422285324056,0.7913658141082351,0.9845963052553435,1.262241270785111,1.8769944043944244,2.042330249963929,2.3712614874105613,1.3827445254500568,-1.7368913741124632,2.7402523441451763,2.593890365226436,2.259534285522378,2.079597054196342,1.4473314800267456,1.2185267436233862,1.0947291563831334,1.0130409789804489,0.8314541947190977,0.6831568505071959,0.6447381131047013,0.5873420917427467,0.601038487115013,0.6233489052308931,0.6824433326905814
-0.11412149229399786,-0.06753680005408509,0.03206773116529264,0.017863845326503616,0.10044309141402863,0.1323350910310347,0.1576989498164477,0.14892226109435858,0.13491513253591833,0.13586161395126692,0.13596387935704882,0.12477266522164639,0.1024019571805722,0.07915240329622523,-0.01019130491424305,-0.060010679157336426,-0.08477962309454258,-0.08935898608330846,-0.05273474299639859,-0.03069943999866635,0.08866054351573648,0.13581898871559334,0.1791019663022536,0.22700212264114406,0.3721794427762078,0.48256352784646855,0.6482080810846331,0.9784584332477915,1.285860636071534,1.4430417527144308,1.8291680196014963,1.9802283200134556,2.089655322330865,2.3677947587912103,2.455918571669703,2.2311110442126836,-1.196044806535439,1.8832120832288746,2.2910501709236484,2.329088787734484,2.1506970246025463,2.0207821253683376,1.7814296271161807,1.454790030040167,1.350816333743278,1.222801969052786,1.0475465863518656,0.966755962587132,0.9452906985390751,0.8807658795117844
0,0,0,0,0,-0.04965095024305049,0.07099902824421464,0.14597888681987867,0.2364971392625493,0.2739902923169222,0.25707178360496974,0.16033792063441463,0.10567287950266491,0.05148417030168423,0.03274855715675703,0.016090001252530926,-0.0062955726220391755,0.004623117947870045,0.06270664766556296,0.13167238047548896,0.32710523576265016,0.3738156381508432,0.41728757851183435,0.44303427384081845,0.5058201347132495,0.5628955861614667,0.7011239497774738,0.8979685512858617,1.0610770984521116,1.158530315994333,1.3918977097894403,1.529102587183055,1.6639077199949075,1.966407195559982,2.1260123681843326,2.208151679707621,1.7460215492420101,-1.1759302707346053,2.438138780445455,2.1704177996678187,2.1687829871215545,2.2258566914883353,2.0989384172750256,1.9086809218954697,1.781391171197394,1.6794359331232405,1.4363887516848983,1.3172275042574726,1.2186904808864478,1.0430449829563202
0,0,0,0,0,0,0,-0.06473340250139933,0.17879481799128866,0.3010970298197901,0.35132930752363734,0.2394727673239675,0.1709955625384765,0.10557515833513545,0.04278311884189908,0.05769723313412884,0.06496657892280705,0.08440955208143466,0.10734930347046888,0.04415968317115597,-0.009882758043781246,0.020641832186882477,0.042083721060038125,0.06087060506366078,0.23998554514253545,0.3612676717665182,0.4423162554964434,0.6142755869997231,0.7078092055892421,0.8211507633110248,1.0535110884311096,1.197644720298975,1.3175368145135866,1.5961624295626695,1.7675911143896403,1.8366771717457775,2.0784219194251086,2.152875190486206,2.1257328751546156,0.46568743966313203,-1.928360175232341,2.099025159698374,1.7748240855044668,2.16162762600597,2.068812598952864,1.9587566272192376,1.7089335524577627,1.5296282438222035,1.4430378791978955,1.1801940086885325
0,0,0,0,0,0,0,0,0,0,0,0.33564755440668836,0.29509455472068086,0.21039633899072807,0.0857807677549501,0.07224895053450457,0.036592217612290874,-0.02341649166843646,-0.02614944792837291,0.0024356746878126173,0.028168725539638558,0.03163510361598638,0.05236634419025118,0.0959974080950374,0.18892404026729148,0.25957801083286197,0.352706166932617,0.45641841731953636,0.5573311716487586,0.6708715961040748,0.8553116294135529,1.00467186270621,1.0762935583391262,1.2730981473679448,1.4174295143964737,1.5659134659839902,1.7331946003702998,1.804762050295398,1.8636747886501481,1.973946948454896,2.0143258149178482,1.943249916380628,1.5962738903162625,-1.252778401032663,2.031238788819479,1.759090447668467,1.9222797295693859,1.8583322592057516,1.793675762207884,1.6419743570662482
0,0,0,0,0,0,0,0,0,0,0,0,0,0.044434137855895714,-0.2245211193444501,-0.07575182837788436,-0.06848857032445707,0.05300412835153497,0.05911455362336282,0.048003570631215804,0.03233019421790123,0.00180852713412389,-0.006745301690704019,-0.011742914146653304,0.03016679216900799,0.079986855036986,0.1432856509453024,0.2628347031667686,0.4128256231398455,0.5583211082993451,0.8437402916824963,0.9258831421548844,0.9687446246045147,1.092868669811098,1.172679023428079,1.261321936025196,1.4040122235443608,1.4668451802896147,1.5271170420179268,1.6140584440338583,1.679755479519489,1.741145011804924,1.788554770768608,1.6454784262539837,-1.420197436364378,1.4786966263276098,1.8040323045742024,1.752732280861176,1.7327383891485653,1.6464549268783117
0,0,0,0,0.03448346022534826,0,0,0,0.1256259602265627,0,0,0,0,0,0,0,0,0,0,-0.6518250581704743,-0.36824865574026233,-0.3060860286694237,-0.2696962462069151,-0.17916251997763666,-0.06341151532557932,-0.04469360447709119,0.048701650548134294,0.20548540950487124,0.36177123004619444,0.48549307655231816,0.6551984009734824,0.6971800779423003,0.7559423399364618,0.7941779128813181,0.8348230898138257,0.9273955547973433,1.145643094835946,1.2243781939607588,1.2675064735899995,1.3742418973218387,1.4164448748864977,1.452008478485481,1.499515087192687,1.5852802315964096,1.317765409564384,-0.35874725815427405,1.2779944309850466,1.5374010425513627,1.526982251552368,1.438545496137101
0,0,0,0,0,0,0,0,0,0,0,0,0,0,0,-3.366297977670468e+38,-0.02655206375555464,0.11259108903946588,0.11633209310368588,0.12378453867605393,-0.0005996350626918699,-0.21780590132021113,-0.5792976973358612,-0.6981478275113576,-0.6192962210526667,-0.6609879401411851,-0.5864186213078,-0.340902892023065,-0.222989836803749,-0.0751502850724744,0.2818423715964897,0.43430736276299337,0.5673912353501661,0.759568621544114,0.8233963335991763,0.920919436283998,1.057438316723229,1.115307771906312,1.155788768753253,1.2255170518531353,1.2568538778609277,1.2958053778153877,1.3423763466373995,1.4240679277078054,1.4508769214860895,1.3688071917476934,1.4492936406004469,0.9607025542106075,1.3937361835686182,1.2950940608896637
0,0,0,0,0,0,0,0,0,0,0,0,0,0,0,0,0,0,0,0,-0.27091632591609166,-0.5169966139492747,-0.8244551669895996,-0.883619571016516,-0.9083746590816065,-0.9883882151102551,-0.933050984502957,-0.6018240603018011,-0.38174121858968385,-0.13714827521961723,0.16185183698194028,0.27875446434750234,0.41481729196213835,0.6005898520923283,0.7079889503077159,0.7837324866070664,0.8436482367752006,0.9309814690801145,0.96498032256538,1.0707982834365304,1.1405175356292239,1.2036914831825003,1.242560429460008,1.3325383455588122,1.369962824990434,1.183737339482537,1.3071106196769295,1.0867890300051177,1.2992028409154177,1.1529033647404237
0,0,0,0,0,0,0,0,0,0,0.08318960091833215,0.1664191298141723,0.21408114241709292,0.22839546826278848,0.265351783414662,0.28470685625176567,0.333063982562782,-0.22930644957722263,-0.4428362385768027,-0.5901264411809414,-0.5706009513499939,-0.6002542789929173,-0.5577474145194262,0.6304305197621559,-0.6958080642484606,-1.010569731490802,-0.857350845715303,-0.5712891794518061,-0.417639175566644,-0.21612039994617488,0.15244115847536385,0.31211896919917,0.43814436790813344,0.665740380865101,0.7110096423075348,0.7685839521891271,0.9286995954038476,0.9969765177762753,0.9989387175336234,1.0049882573308828,1.0137272867917013,1.0407316322099462,1.0664371738881888,1.1739914624592054,1.222579391922996,1.2495508508155515,-0.8908197061973713,0.7953493098916129,1.183820547343961,1.001057158344328
