jsons/1312736400.json
{"header": {"parameterUnit": "m", "parameterNumber": 2, "dx": 0.1, "dy": 0.5, "parameterNumberName": "Eastward wave", "la1": 40.97354507446295, "la2": 16.46031188964855, "parameterCategory": 2, "lo2": 133.9931640625001, "nx": 191, "ny": 50, "refTime": "2011-08-05 8:00:00", "lo1": 114.97908020019554}, "data":
[rows 22 to 43 of 50, columns 49 to 97 of 191]
0,0,0,0,0,0,0,0,0,0,0,0,0,0,0,0,0,0,0,-0.47603238354664834,-0.21359905264503432,-0.2909518082958609,-0.1494016992428372,0.419067036102178,-1.2918990951729452,-1.0913907325591217,-1.5270013520282932,-1.8230681299766995,-2.2380746293374525,-2.276411949373294,-2.326636065523934,-2.4211142378347112,-2.429678754650669,-2.4144273999029515,-2.354038074777091,-2.289594632098665,-2.0941872318908668,-1.8148396912327536,-1.6604263686729406,-1.5036262002239744,-1.2781746093657276,-1.1494327570647045,-0.9957197958126349,-0.8926299197008288,-0.5781650554780431,-0.7822590711057201,-0.9000954348794832,1.3908940837983412,1.297394568870831
0,0,0,0,0,0,0,0,0,0,0,0,0,0,0,0,-0.056537978117587255,0,0,0,0,-0.3251149610243957,-0.7026910895353117,-0.9151808886035674,-1.1267151548979981,-1.3162268565164057,-1.7001043706882228,-1.9905368376753065,-2.249009171565676,-2.3600332464872995,-2.412223751351381,-2.4083773697001707,-2.288926710210896,-2.1678980200232596,-1.8835973138360034,-1.778725904032033,-1.6467602119103995,-1.493623479817485,-1.3665904980863026,-1.282176384181514,-1.088481416134123,-0.9723077172000892,-0.8490573261717845,-0.7690570406805918,-0.5671473554693511,-0.47734889021879295,-0.6093964251621344,-0.04672465588215099,1.6321586628047862
0,0,0,0,0,0,0,0,0,0,0,0,0,0,0,0,0,0,0,-0.18022326131441097,-0.24118409601088084,-0.3902099435811944,-0.6065424358347665,-0.9918168126156283,-1.3037534147038805,-1.786213431319155,-2.0604292551276457,-2.1977857275374633,-2.3195744269453646,-2.3653681375263376,-2.3589571836924548,-2.2568126364354373,-2.1249591985701763,-2.0603838654477493,-1.8967752433349652,-1.787995058938777,-1.6544866177510527,-1.432602705900903,-1.2745846900234767,-1.127341159699411,-0.9143363664726346,-0.8495671305338535,-0.7393171013647477,-0.6776053302821935,-0.47663015881837434,-0.40869235415380223,-0.6128521796209867,-1.718364693766119,0.2444632027404993
0,0,0,0,0,0,0,0,0,0,0,0,0,0,0,0,3.3038944722661223e+38,-0.42345971845660196,-0.03701090824330664,-0.21035955815858773,-0.5267717360376806,-1.023929578740849,-1.3091617962865725,-1.680363695147732,-1.8891881971883546,-2.1118468578471683,-2.2546223167795936,-2.309578734148743,-2.3380298673760427,-2.3005247430193934,-2.2588118807583584,-2.0802332155657832,-1.9136313737581825,-1.7850064872579814,-1.6235141643146134,-1.4929396961599546,-1.3884421261422044,-1.2267087374585135,-1.1690990954238327,-1.0525480905934252,-0.9296938040318833,-0.8853691443991619,-0.7922883748401244,-0.6894423526695231,-0.5816552798328267,-0.5166758948822101,-0.4505220146316948,-0.248393557825311,-0.5461641745488526
0,0,0,0,0,0,0,0,0,0.02924572508596789,0.18531308826849832,0.36902258387246734,0.41140669791537104,0.5771631092821067,0.5418005810435133,0.19970627847028802,-0.018598813838797357,-0.2953580825616025,-0.823733617377293,-1.098642884814598,-1.430435462925917,-1.7070292753733178,-1.888321488373974,-2.0306680555506635,-2.1082007149849784,-2.200064493142225,-2.24683505076145,-2.2619336605746354,-2.2394760350830203,-2.1472268894368005,-2.0728297017598822,-1.9080823832560536,-1.7363257166842683,-1.70481828526795,-1.5808357495472054,-1.4566790073019893,-1.2533428411150178,-1.0304044916052995,-0.9896452168116923,-0.9192770592982776,-0.8453767312295383,-0.788464845933177,-0.7487493627090672,-0.6923253238480044,-0.5811758010722725,-0.5293831117763765,-0.49272169231425905,-0.400606213355885,-0.3162601254049589
0,0,0,0,0,0,0,0,0.19233180679979364,0.20146413666263496,0.15551140765819077,0.015877769638189283,-0.372405836973599,-0.5731523513015051,-0.7462375077376491,-1.0034683357983847,-1.143579664576419,-1.3585153731850717,-1.563205472558383,-1.710174323368067,-1.8511203018705604,-1.965097368386741,-2.025575292749828,-2.116353674078341,-2.1473850441729554,-2.1882979524107182,-2.2142085317466966,-2.2080030763409337,-2.1783663217289053,-2.1272989553600437,-2.0579900639934148,-1.9061472081425026,-1.8157876769835943,-1.7509574864504005,-1.5678078070933006,-1.448557851014413,-1.2825075710794396,-1.1328807688516622,-1.062218621357786,-1.0190569095194313,-0.9107553278190219,-0.8441308877875354,-0.8062829841937393,-0.7225403883061762,-0.6147874444645949,-0.5561371612942675,-0.5214488231228444,-0.4157399877145962,-0.39508277045987505
0,0,0,-0.42803653723858087,0.3104743217412407,0.2519466349432747,0.12105994138186729,-0.006145293625582158,-0.18622143851884584,-0.5114454773098626,-0.6612409119797714,-0.8429244866852542,-1.0390555967666595,-1.191901694066966,-1.3075926585928006,-1.4395128738682268,-1.5325574099225225,-1.6757094329399398,-1.7818226219755111,-1.8589279051331395,-1.9443921860062778,-1.996024138771276,-2.0386076819422216,-2.096758981330267,-2.1226807592143864,-2.148324225050576,-2.1582792615579267,-2.1553300790209424,-2.106928901690182,-2.0279376094016786,-1.9776313732207391,-1.854364139227805,-1.7957745769243578,-1.7435629333962004,-1.5363985110051464,-1.4587162911032205,-1.3418018805075085,-1.268793653422229,-1.2104281049461867,-1.1865934645831224,-1.1136110921314109,-1.01223460579577,-0.9387091426926395,-0.8415063754225799,-0.7192181172531716,-0.6473301289692822,-0.592972993192854,-0.5307374623098793,-0.5106995379877025
0.03894502748046008,0.02226299305499084,-0.10251474124409686,-0.24541197855085123,-0.3995882684725887,-0.6582605481840894,-0.7492826248501301,-0.8820895883934106,-0.9984703292690437,-1.1410702133077437,-1.2816731216653456,-1.3489437725544173,-1.4563791129964145,-1.5516942163878271,-1.6208926683422584,-1.6950745002253322,-1.738858181223685,-1.7999289021522822,-1.8648818271719094,-1.8940698319470362,-1.9570278140797421,-2.0118921973800457,-2.0402601867870467,-2.0766529104764406,-2.091666574215624,-2.107524500552242,-2.1172244273087366,-2.116382302810302,-2.0883889993587967,-2.0406836028137896,-2.017298581026034,-1.9560333862764026,-1.8911993221320325,-1.8452330268473087,-1.6838537658240085,-1.5904086003466575,-1.4914648751742279,-1.4417922053659564,-1.4033782846472298,-1.3845762588601302,-1.2860954601951966,-1.2399660459193205,-1.1101692087821768,-1.0329290772771391,-0.8522310232724521,-0.7097355981535104,-0.6758902027655744,-0.560717294034758,-0.5408933304154722
-0.4205340810041485,-0.5912885909345315,-0.781019207186509,-0.8655010561800889,-0.9812255308536711,-1.0941566265026517,-1.1673190525369994,-1.273347295185762,-1.3308444130062598,-1.4454163937746054,-1.5251479594540072,-1.5774735371073023,-1.6508595084844084,-1.7036125443684669,-1.732617540908897,-1.7617067755890878,-1.8073701744013912,-1.87005360962259,-1.893474671527727,-1.915456151185898,-1.955662020495971,-1.986700730873852,-2.0216728754594087,-2.072675055704875,-2.096867826317987,-2.1174602631966315,-2.133063582207187,-2.12296664668945,-2.095548447153383,-2.059839845334824,-2.0467594963619353,-2.013465049676228,-1.956852654869337,-1.9172459720680566,-1.8289043557394966,-1.7785309115980243,-1.733973320897424,-1.6153737783822808,-1.5493374139223288,-1.507165692251005,-1.434496145848756,-1.342220624793536,-1.2666448291097054,-1.141798986498315,-1.0052668627680692,-0.9020801750801123,-0.8200498447163774,-0.6870577556439103,-0.6061918575213718
-0.7896106447571998,-0.9939390655290861,-1.1423621846907916,-1.200560317860864,-1.2794980333017367,-1.3622559496724473,-1.4152850723286865,-1.4901116438984716,-1.5532689949426033,-1.6109404240062615,-1.6817708372014128,-1.7085032216565152,-1.735904640575485,-1.7555664774627915,-1.7754830159424277,-1.7991884072885875,-1.8228303176291436,-1.877251006502712,-1.915440670593603,-1.9316893751433224,-1.9888555789271616,-2.0183425022308956,-2.0481670567235346,-2.082800925724703,-2.0891383190830344,-2.0896679242214717,-2.083126036673611,-2.0788720766051716,-2.065177577750083,-2.0633066209660695,-2.054609278870964,-2.035851155325413,-2.0250015067780964,-2.011582994250267,-1.971732568979254,-1.9358400581521167,-1.8181950408041752,-1.680194006150087,-1.6289045773432345,-1.5202499409012313,-1.4137909754398954,-1.3509091473393118,-1.2713998388000802,-1.1868512879518398,-1.0699903635389132,-1.0047439898833175,-0.901413498988886,-0.7624750902620816,-0.7200625441057286
-1.2387164529610752,-1.3117048918754084,-1.3926309267336956,-1.432318988104056,-1.4991252375447983,-1.53654808964674,-1.5885060206937838,-1.6345893911155467,-1.6699824846828513,-1.6928364600686145,-1.6132516286291776,-1.5387022865782811,0,0,0,0,0,0,0,0,0,-1.5781105797277797,-1.8525068750847866,-2.0056104957411245,-2.0350668672971053,-2.0621554983475106,-2.0748685055957,-2.0850559254416656,-2.0900981005465296,-2.117866541052036,-2.122843189599598,-2.1286106692864544,-2.1500688934473837,-2.097425177778922,-2.003518020606361,-1.9549594789255955,-1.8371031114124183,-1.747946305167683,-1.7073505349705287,-1.628708770459044,-1.5232046572674152,-1.4676783960856479,-1.4045287120863266,-1.409304308887336,-1.3793966497139323,-1.2771583802449789,-1.1620799345936357,-1.0147921111604556,-0.9422010455700972
-1.4096756707353297,-1.4206032746529438,-1.4701710802100076,-1.4927767225021566,-1.4710380396440117,-1.4287692627394804,-1.3426089377417625,-1.152941277774836,0,0,0,0,0,0,0,0,0,0,0,0,-1.3266565885306352,-1.6571920150267883,-1.8389863516060394,-1.9721522055489895,-2.006117464142694,-2.0624787121558303,-2.0962917448438785,-2.1183727241897987,-2.146795939387615,-2.1735167818418044,-2.182005468188141,-2.17134616703718,-2.160672417737198,-2.1368838006173267,-2.084509735484079,-2.030261486597398,-1.9530992818474109,-1.843344017076684,-1.8261024310815044,-1.7337873667819679,-1.7751050203795646,-1.7402715338099393,-1.6863445060280478,-1.3366405392437002,-0.7207919002828714,-1.6584009622074545,-1.6305455306586125,-1.4001335101919996,-1.3086023205118433
-1.300946081562936,-1.2656632457716905,-1.1319598251193486,-1.0278795343438099,-0.8994291429502317,0,0,0,0,0,0,0,0,0,0,0,0,0,-1.0753288355517654,-1.333493345072831,-1.6208763371751709,-1.8194103278935057,-1.8873686581443838,-1.9628782805849125,-2.013643415742357,-2.0609442703193976,-2.1119982526000176,-2.1356571654949894,-2.147268733034599,-2.1728358896051985,-2.1861681460530282,-2.182003339466911,-2.168495891035203,-2.120738054229479,-2.0454419787920943,-1.9911688324642791,-1.8443175720421976,-1.570976679613906,-1.283888832402416,-0.9174513859380744,-1.001827673564473,-1.0880408006852595,-1.1157743039730221,-0.9659656324088635,-0.9196953241226292,-1.0743300916651737,-1.2499229418224849,-1.3756814836279827,-1.4227923596356995
-0.9823426713169781,-0.7435602016180692,-0.46711629538230565,0,0,0,0,0,0,0,0,0,0,0,0,0,0,-1.2478093234919714,-1.4817261131020107,-1.6391071133537158,-1.7854538231909947,-1.904517617208876,-1.9594991492102622,-2.001743736124696,-2.0387910992962017,-2.0712854710027098,-2.1214518732678296,-2.1418496798052415,-2.1504972000521865,-2.179537294123188,-2.198102668689615,-2.196304820638641,-2.1697198885139732,-2.12241489513753,-1.991746675978547,-1.9368203643132083,-1.821660330834271,-1.6960067185816843,-1.6036654575858282,-1.4718456442659038,-1.394025821884538,-1.3597450547555743,-1.3077875491718125,-1.2893505519635124,-1.258358245450505,-1.2737781656788034,-1.3043423512462393,-1.3498654190546047,-1.36745787207368
-0.6268055488306118,-0.4891037279537319,-0.08396411753459819,0,0,0,0,0,0,0,0,0,0,0,0,-1.1975589299762075,-1.3534112991189529,-1.5359219237893669,-1.6937830868316899,-1.7826808140198924,-1.8742041818078472,-1.9499756190469928,-1.984177161184284,-2.03693654266095,-2.0740384486187007,-2.0937280974649424,-2.132953342882458,-2.1642798865888144,-2.174320202242136,-2.191899898347831,-2.196046154146133,-2.16809438421132,-2.1275737522921454,-2.0952150742782356,-1.9646108851203623,-1.9123826308703242,-1.8224801075638313,-1.7584710401053105,-1.715173531799993,-1.6428649687713068,-1.5804746926344326,-1.5385213856752147,-1.4712276587554693,-1.4550632199800047,-1.4299010067844427,-1.4195793918626447,-1.4044407432295052,-1.3708535528870671,-1.3516270348788684
-0.5186435556746893,-0.4408264705744492,-0.2853971909471705,-0.33694884619920695,-0.5405267815613569,-0.47404723675907245,0,0,0,0,0,-1.1348647107940961,-1.0791701861359617,-1.3024934556202667,-1.4240052903794338,-1.5578133552452293,-1.64169004788064,-1.7361464966741262,-1.8252576531833824,-1.8720838336045742,-1.9364630549889035,-1.9876997082554904,-2.021009946029038,-2.0661676030043337,-2.083884899611676,-2.113010074747208,-2.12785902487778,-2.1313395181645425,-2.131640919835888,-2.1223463071276565,-2.1097152448706162,-2.0759731129309644,-2.025565384463469,-1.9874247080291934,-1.8994009071100961,-1.865550592898113,-1.8145179537933025,-1.7681905698699365,-1.7479825015921246,-1.7398050055526646,-1.692863748921527,-1.6612993632407111,-1.612710908035983,-1.597191255350268,-1.5633379543575727,-1.5254699328205659,-1.5066839579067508,-1.468937024762771,-1.4607165210923874
-0.5316331017142779,-0.5738049002548541,-0.18290773318298892,0.59286406081527,0.5251567176301408,0.518287663819062,0.5827509146100037,0.611394500602745,0.7638947458034592,0,-1.2042569006521398,-1.3698513823211511,-1.510802027464649,-1.6473301983743684,-1.7200959599168548,-1.8206628342924913,-1.8661737976872734,-1.893731445071595,-1.9189585063133259,-1.9476253902778926,-1.9939712370365021,-2.036862077633321,-2.0566126669442197,-2.0911847217255897,-2.104760103788247,-2.100297829610692,-2.0969987370937124,-2.0818271464989677,-2.060341722511665,-2.03439279504377,-2.0204966472726515,-1.9726154494445194,-1.9258584691940772,-1.9012672958574348,-1.8632002356930024,-1.8412392025483137,-1.8187219675937212,-1.7857672540390346,-1.7730193275880555,-1.7689163541983868,-1.734307694963372,-1.7131420364815857,-1.6817313576253528,-1.6485173433032954,-1.6389356676205158,-1.6245525135083263,-1.6146498757636794,-1.5766762121630566,-1.5470422261997139
-0.688199167991832,-0.847518056936635,-0.8213258373361443,-0.8509547408536556,-1.0376870240271847,-1.0913241351816676,-1.288036411453511,-1.439143267559114,-1.5298138482049057,-1.6181481682166823,-1.6990639090186566,-1.733500483152663,-1.7991949245384664,-1.8488120010909037,-1.8734524215708883,-1.9153003333512089,-1.9454963435964747,-1.9573462250584273,-1.9698015223846608,-1.993316398293323,-2.018327962299468,-2.0379413955750767,-2.0424334321703577,-2.0405602859355527,-2.036599441061025,-2.0197441647464376,-2.0137433325025307,-2.0083967807029297,-1.9705538374951375,-1.9485105436451131,-1.934880082245524,-1.9092914873323434,-1.885988831628851,-1.880518945994883,-1.8616416686974007,-1.84427444907817,-1.8337467158980034,-1.8013980220821377,-1.790556236244085,-1.777780124346008,-1.7551072879051932,-1.7323438093144747,-1.7183146556597733,-1.7033374600673254,-1.6627910751423187,-1.6514423791169979,-1.6317615089169597,-1.623744734813055,-1.5922748885359321
-1.11818630432902,-1.2436652691589085,-1.2951348952638344,-1.341662092882849,-1.5113700023927163,-1.5475115574104275,-1.5941406744608588,-1.6943247811334574,-1.7036691294589779,-1.7485241390602235,-1.7742617709817934,-1.8059167944589711,-1.8425532112052398,-1.8747643453232965,-1.8918205850109087,-1.9203406742778675,-1.927579549797007,-1.943833741971855,-1.9668379352207535,-1.973615602646059,-1.9874741541298326,-1.9930220706256088,-1.9941289794805233,-1.9898145948329273,-1.9924148640586559,-1.9832775611262992,-1.9771167170625796,-1.968472566224317,-1.93893745138156,-1.909858528293195,-1.9037064400174144,-1.881022143096017,-1.8722385438430686,-1.8621731619883586,-1.843184744053349,-1.8312799926848935,-1.823227118996855,-1.7959721156120012,-1.7796034831664085,-1.7749820876595652,-1.7431446397504187,-1.7310489603352823,-1.7323459711592193,-1.7199029837517519,-1.7038194877295936,-1.7172506313355955,-1.7283570499161165,-1.689576219317921,-1.6730851253195849
-1.3738680804955523,-1.4619818955758557,-1.5366529128247761,-1.5523682940446404,-1.626722783129691,-1.6714811253222326,-1.68749081071196,-1.7150628572608724,-1.7387043403181603,-1.7591446338776673,-1.7859400355825494,-1.7941600962859714,-1.8307045536123874,-1.8491421488028779,-1.8651380832787126,-1.884064656962074,-1.890713689334428,-1.9076460494926097,-1.9154714437244567,-1.9266850514347438,-1.9260286835768392,-1.9240776376731352,-1.926259024496055,-1.9180333829624963,-1.9178343678401353,-1.9149683347770066,-1.9162583535376154,-1.9120190365538088,-1.90020887408248,-1.893483974073739,-1.879057499606584,-1.8651691640885022,-1.857848947022873,-1.8534409788547095,-1.846072101433395,-1.8330446523987027,-1.838714654873719,-1.8301447898585677,-1.817208459880542,-1.8118094226081083,-1.7906177575500668,-1.7833496279342853,-1.772112158249146,-1.7608890485644515,-1.7416372085667953,-1.7527802341661927,-1.7512806294201866,-1.7211634539681888,-1.7150244579768765
-1.517576444609667,-1.5570319247347704,-1.6012802170705545,-1.624931949747211,-1.6526345914820506,-1.6743544775560606,-1.6912130996662438,-1.6939930605696136,-1.7096236717229853,-1.7371086110812493,-1.7377129933195632,-1.762697235585764,-1.7947989280165253,-1.8040148903612319,-1.814196677124056,-1.8277210666321142,-1.8355467863632406,-1.8299357764085686,-1.830082946329666,-1.8302960160423765,-1.8475954839978248,-1.853563541988486,-1.8545740868443379,-1.8683675578630459,-1.8714820187531591,-1.8649848320774303,-1.8644542764436591,-1.8640958958801,-1.8577125685108977,-1.858495747837297,-1.8530175130177875,-1.8447974862352063,-1.8482023826065381,-1.8468048358678801,-1.8380329544630312,-1.8388681975370194,-1.8474535190551133,-1.8346064006137335,-1.8287281453504687,-1.8267552587916747,-1.8167616918380882,-1.8034945145227301,-1.8029864155985738,-1.7935998516099574,-1.7807334935598174,-1.7823677926941561,-1.7744401077683458,-1.7546797826571214,-1.7463411835792442
-1.544013112566352,-1.5721488149979013,-1.5913472830996163,-1.6054691403380843,-1.626392963134439,-1.6481877663293867,-1.6624710675392222,-1.6767777086793867,-1.6824734285485887,-1.7067803552652265,-1.7248019983761853,-1.7280210025343876,-1.7464138287693631,-1.7470215372134832,-1.7484673441043446,-1.765592850184291,-1.7692991829598,-1.7693317650407938,-1.7766039288908893,-1.7805309880381228,-1.7847249530459453,-1.7926963711458126,-1.7886993351534992,-1.7980415305352502,-1.8088608759845795,-1.8148087278442833,-1.8227023399466544,-1.8270087710631968,-1.8275403271871171,-1.8268429839864488,-1.8321468524921853,-1.8341231810320293,-1.8433812035299844,-1.84767298055716,-1.8441757654281643,-1.8448498123373749,-1.8458348674871925,-1.8348255259138377,-1.8327998235554417,-1.832867977785967,-1.8170669083197415,-1.8135973025441632,-1.8131600885325216,-1.8126924716487283,-1.7996696046303213,-1.8098760945923906,-1.7980161212759418,-1.7609713834992824,-1.7550491089192215
