jsons/1312696800.json
{"header": {"parameterUnit": "m", "parameterNumber": 3, "dx": 0.1, "dy": 0.5, "parameterNumberName": "Northward wave", "la1": 40.97354507446295, "la2": 16.46031188964855, "parameterCategory": 2, "lo2": 133.9931640625001, "nx": 191, "ny": 50, "refTime": "2011-08-05 8:00:00", "lo1": 114.97908020019554}, "data":
[rows 22 to 43 of 50, columns 100 to 149 of 191]
1.9477338649443547,1.595987375780644,1.082295601276056,0.9691572817798992,1.057177285998956,1.044516836919468,1.1362814624552755,1.1202899550784045,1.151972930260606,1.1931636987959944,1.1960531979636984,1.2417516039810477,1.2147612514387696,1.1857598058313523,1.2257050097618747,1.243014811828339,1.256675556681114,1.2941715731319419,1.226727791945308,1.1584294601121103,1.0969363926531266,0.9616150664127954,0.9093618961536799,0.8661445050052101,0.8542324415836731,0.8528811457012448,0.8586272473377515,0.8791226359001539,0.8415707628076612,0.8096217135889466,0.767757909548077,0.7074195642617087,0.6455751270770623,0.597909223425639,0.5319982679119067,0.5038747915535708,0.44828621813430064,0.3812860398128427,0.34718292568251297,0.32369754586414606,0.271963601547327,0.262898146336699,0.24246691964909922,0.2035338989660338,0.18575065096776372,0.1705938154994667,0.13622945590847776,0.11574749247072952,0.10400663321045839,0.09493001895682344
2.8079277696594285,2.6977126606046604,2.323421983411279,2.2535313545207423,2.0875635402184525,1.9279364411018403,1.7858537188721926,1.7480191505320464,1.630992995610036,1.6258455177265447,1.620795557863209,1.577822562504251,1.5800446149670817,1.5738609151769674,1.595874510218281,1.5582614774952055,1.5363786383214773,1.5076913785646466,1.4474987117975582,1.419527792240202,1.310367632361416,1.1781112503104838,1.2047721020593307,1.2266469006735552,1.1673053832132936,1.1468730190292369,1.1229375752416833,1.0670206068580352,1.0046144425797108,0.9588255543126558,0.9239567994595739,0.8596125517578524,0.7994983328583674,0.7817159891879,0.6927951303453493,0.6321700961767628,0.61888836580996,0.5675609685824137,0.5439549987173773,0.5246741195510127,0.46539892763282725,0.43402401264108,0.4071763534921191,0.3408549770941373,0.31680176630906876,0.2885000967198861,0.272598138805294,0.2614205391815162,0.2671421658036194,0.2513668085238505
3.081308026441392,3.0566053958635475,2.9143351283385397,2.867729860385037,2.7856300093726016,2.638763620289578,2.5946814310782864,2.5429265256776032,2.4234295859327006,2.354944031842804,2.2975913513594164,2.275516444871489,2.212086957453785,2.1647423047631715,2.1267650034272774,2.0747611923382996,1.9886370490575067,1.9655269240361835,1.9237505935180923,1.8601087012597786,1.845004464207898,1.7177377633773143,1.6318763453043716,1.5772417741185278,1.490315344083907,1.4232241393374214,1.3892871836123344,1.3138559593226629,1.2194690918212305,1.156072638037374,1.0848970190983653,1.0246472056182558,0.9749358683616973,0.9366430346462215,0.8743141728170458,0.8390327269178608,0.8369858311837282,0.8519713360517358,0.8447063795092721,0.8251475538641714,0.8355206238505527,0.8125640870797737,0.7744023963085493,0.7321829914352693,0.657538708693883,0.6077036487910661,0.5285828426644099,0.35910847329261436,0.2754808914050135,0.2500128468284192
1.854396115235969,2.814017188985615,3.0332435221581906,2.999543443270474,2.955690356344702,2.8861102564630983,2.8469586312303665,2.8265745680522185,2.7066224181634846,2.660776025033057,2.6518825398177572,2.5606954704298337,2.4765666085066265,2.395214314191123,2.4298138508176628,2.4444646141246418,2.4016115882168494,2.36373739631942,2.2836516012808885,2.25547834753962,2.1736530082839765,2.100663203055124,2.0601489234934176,1.952530614002307,1.8472437956196273,1.8005690144043098,1.7342612293973494,1.660414993111951,1.5184736682090008,1.4685713710061792,1.4189215933934307,1.2889476461484575,1.2468410448530018,1.1785283763703263,1.1132222093746855,1.0833328883095297,1.0654850668891902,1.074657461922671,1.0753647515583762,1.0916163653661728,1.3059546481918705,1.407223950481072,0.9733586687786691,-1.9375448963869017,0.4872015215817192,0.7260928112537746,-1.1396212160859347,-0.7771650030436189,-0.49959462372008484,-0.18254051313774372
-3.012733159899839,3.0066543444740312,1.736022863247952,2.6724628548099436,2.954838323903436,3.006415181179779,2.983664539407055,2.974851887368952,2.912016193655565,2.891326397374529,2.8471506883733158,2.8211507925083694,2.7325041037496756,2.697697333894123,2.6446768525544613,2.565824355946296,2.5251947102172934,2.4884546613587033,2.3933216656724405,2.3726535331150007,2.3110360172075572,2.265746396230523,2.21922585352347,2.190879155226043,2.1219618844962698,2.080738786207154,2.0484412051480305,2.0095241275665363,1.985648118040476,1.8943610285083625,1.8446233997363426,1.7397071668063973,1.6383858543975254,1.5950337906545284,1.542064151035186,1.5053495348959,1.5040083883467363,1.5310582747603423,1.3516719377831672,1.268768403628019,0.2629011470748111,0.24574263732486037,0.25198723673495327,0.3483220500861579,0.3560793844651631,0.40004811775957977,0.39305651868128333,0.5036016137875644,0.46890872425292424,0.5325501141745723
2.8326368685378767,2.8415004742531127,2.7295417235167014,2.2885357531764607,0.781000657639795,-2.7063218970580585,-0.21746248855835557,2.2802039807127628,2.776141796435719,2.859175079575448,2.8334482680424413,2.799786254047015,2.7331002031135845,2.7039662828881714,2.690085514600948,2.591946144586352,2.561776929407559,2.502935399370618,2.4451883531199696,2.399189224624228,2.386204107090543,2.3512927865504887,2.320792996916295,2.309175203994563,2.290908705229452,2.2682438878842683,2.2561432515311655,2.243157018528061,2.202373161982471,2.1453850945848596,2.0413658436270987,1.9477482621645343,1.9002322242849423,1.809101161546125,1.7228443516592526,1.6577143023456073,1.628145178196715,1.5555508935231426,1.5008755557904003,1.4425459650440557,1.3634503925636507,1.3365919037268512,1.2535529537655143,1.2039100102851144,1.1779706734153923,1.12119788704409,1.0776034921400728,1.0555758686172485,1.0264866945461897,1.010878016157733
2.6522731223485767,2.65733034455869,2.6938556950084216,2.710340833814355,2.7141740024165917,2.6538628895733947,2.632227778771672,2.3698397227064607,2.1175994015761677,-0.8108082132959977,2.14940785319981,2.568234705710243,2.6821385482518734,2.662846271682363,2.6312266276227514,2.5846045081852274,2.542365499182521,2.5185422973147964,2.4746534413840706,2.4575503033236017,2.419880770221352,2.4039366548519214,2.4146444709916266,2.3910286489768997,2.375690311646563,2.355910479195328,2.337175955272513,2.341311785780901,2.366269160085598,2.3817156777294737,2.393135535432624,2.2951770188612306,1.7819512571721952,1.4691596267260514,1.905583254423847,1.9201590772027606,1.8500052957867712,1.7153900833329438,1.628154728760476,1.5189612460600983,1.4011872641486347,1.3303824981270471,1.2759390251160307,1.1666548870764706,1.128651136499858,1.0583100639781928,1.0332497557818854,0.9986622384751429,0.9838619613010996,0.9547809532553089
2.5001900058244666,2.519146558007014,2.5485876349036154,2.5515037333536887,2.5544242035682143,2.5730666089308882,2.59334925663099,2.5870098263825434,2.6040447104058666,2.2274125084900116,1.5612140208653782,-2.2835875816048072,1.609096745002445,2.260310460012426,2.5088289947511027,2.5583494784885064,2.5475898522552907,2.538867236831712,2.5245323595199434,2.5243895300507777,2.5296869316103825,2.515368210530602,2.5161725967051587,2.521430809602516,2.536997901689991,2.542656449691499,2.4646952924436,1.9748606132258868,-2.1768322937268896,-1.6633977748299245,-0.8720622123502798,-0.2893839435472151,-0.17051755525615023,-0.07792103658172056,0.1002408763199116,0.17428866207722912,0.29682822958131977,0.3913175273100946,0.4593341353846568,0.5129555542186165,0.6554420135565983,0.726293157685146,0.7476816922608132,0.7845665664542195,0.8238626213015614,0.837755274265874,0.8675282700543425,0.8962310492715722,0.9126903068801535,0.9337032554252267
2.3529970863016554,2.357669401831184,2.39134222547324,2.4177694544338335,2.424484652819332,2.456693767376995,2.457009741536826,2.459982932761419,2.479482075074254,2.478889747300981,2.486118870614343,2.4840270446693817,2.3762925655277294,2.4765112421983475,-1.8418080145026492,1.2319933477239737,2.146156863141784,2.4351609059155686,2.4581622920081534,2.465554577340457,2.472849831839419,2.460054429327945,2.457604322034054,2.46824720822426,2.4776458951495743,2.496416229542956,2.4742570469247918,2.4515324825453932,2.217415296004724,2.0415410197260027,1.8476349490249988,1.5451005700045009,1.467711637610248,1.4435841076373004,1.362855460837551,1.312338168420557,1.1822363265155182,1.2471229822521963,1.2077752352108602,1.196783656488632,1.191270012060147,1.203692029461838,1.2042362813914296,1.1671553251662252,1.1498358376960458,1.16173455935882,1.1977141830337796,1.1954064101644544,1.2407439081015073,1.256749404245468
2.200723714214356,2.197351912950729,2.2531432117942938,2.267545161146727,2.2640802245135565,2.314108880682478,2.3304516421178536,2.3465228929928688,2.3654782146904636,2.35964267612871,2.3674010156706915,2.369425877679945,2.3846517043097317,2.3847263546260833,2.389428304210981,2.4001130574008434,2.3671215208546017,2.2376458232056318,1.343596985295757,-1.471090536001041,2.0355871370388505,2.3616824459120833,2.3526023015039543,2.3498983493645405,2.350426914782594,2.3527078726419073,2.3548462484980175,2.336806450648221,2.3200125283163175,2.309879069051938,2.300628944208693,2.2884346273857137,2.2847718532994157,2.242355755568118,2.2071287682404575,2.159353449632336,2.1446092454942054,2.103423020903622,2.084141216890193,2.076893789175867,2.0027511452520317,1.9965896800941771,1.9585686992967615,1.936275387581282,1.9322763847932798,1.9166931170072925,1.91209233105408,1.898566555860868,1.8606977029966345,1.8205642561863773
2.134685647266861,2.139282007490928,2.0594473372915627,1.8691644844999222,1.421413125167885,1.920508102802313,2.0289365396223094,2.106213070574717,2.1765041755846544,2.1985552178354375,2.2193123611427623,2.2255118140699626,2.2440663989610554,2.25174995854375,2.2506002884043337,2.261816348767705,2.2492839573878354,2.253052219212487,2.2220850602647766,2.099287998046842,1.7107911108101415,0.8086781229087218,1.601039454622313,1.1540550302003125,2.2003226373971874,2.2470362876978878,2.260991933306794,2.258500338364131,2.2543138537734984,2.247522177912445,2.2434321201390524,2.228023140331457,2.212166570288774,2.205186173173497,2.186660148959395,2.1724898986823407,2.146677162357102,2.1581290891002207,2.152650915661804,2.151320474951423,2.133952385529022,2.115062572626881,2.117870216067331,2.134182495085366,2.1471302159790375,2.1522950638282077,2.1450286477522376,2.1449760977823034,2.148380669189763,2.1387923998533007
2.026836093521582,2.0518938106418503,2.0390101322925602,1.7149899308205614,1.7358875854134306,2.016587035548481,2.085243276735195,2.089281091802778,2.092653524602494,2.093574969418211,2.111680615857112,2.1162245322649285,2.131591565652949,2.147182642249368,2.1542931041809896,2.1593799889293948,2.164949686057135,2.1672507879150915,2.174074105585644,2.1725800282864363,2.1632967188951,2.1409661358726066,1.9053692637396034,1.4500729098654264,1.0962938644133182,1.9696607597832303,1.9610257780803961,2.163513798174889,2.1556626234180802,2.143698922156323,2.1404556688763523,2.1336047349350884,2.130207944160436,2.1237320257716514,2.118878802374704,2.119889300365046,2.1078468874663847,2.092043311585203,2.094492660654052,2.1092622196194273,2.102890923196193,2.0975588470306774,2.096490579974639,2.089962385638047,2.087400648307979,2.083478484222928,2.0798385725226423,2.090637309627181,2.1025114619595646,2.105549423350678
1.8133997589786939,1.8702218709879046,1.9777484017536606,2.0240903781687614,2.0215063625291454,2.062131341056897,2.0776005321263926,2.0584113532175223,2.0866052142211475,2.0948478575661458,2.0916536880303873,2.09510165202336,2.097771724557662,2.092247894608513,2.0967882701792555,2.11022453917577,2.105736495703974,2.1135436385400554,2.118577104757771,2.1211322809759263,2.1159206455311925,2.128555113251903,2.1364979060602693,2.090824984182214,1.7727235280607314,0.2593131569449376,-2.0442821202501866,0.3049838271604427,1.8144439464181537,2.0699829136270647,2.106402548873049,2.0961328297431305,2.0882042786544424,2.0850901599563243,2.0801698507570276,2.0740986462974713,2.068766828875377,2.0610535661535407,2.0601456629183885,2.0591500572188792,2.0600442893876334,2.0620508394555865,2.0550837248368685,2.0603365100083106,2.070150778952146,2.0758703217583303,2.07778746101678,2.078831831365467,2.090733837490422,2.0999859316623875
1.6900448832654213,1.7371444122794217,1.8305328483976024,1.8662863333028703,1.8841940435293945,1.961252860603903,1.971615202656094,1.989947905172846,2.0364021040141242,2.0461093234614602,2.0406943342011026,2.043135256301279,2.061422789082487,2.0651979587162326,2.0693742822959216,2.094840839417373,2.0987875319438625,2.101321187566893,2.115136579564821,2.1176278981075787,2.1131119905308027,2.1261168426493824,2.1282409395022546,2.1273050918887506,2.1266067260199706,2.0680262009575108,1.7553550499047716,1.013766047955422,-1.1102717852998358,0.05706588169077531,-0.33209450783967814,2.1135665019684455,2.020245145359225,2.0262687055533006,2.0967997842252357,2.0930880233828666,2.091467568419085,2.0855571776760486,2.078675822533925,2.07268956691339,2.0765849804644847,2.076510509214639,2.0742870843582626,2.0727749198583316,2.0689171241573683,2.066917054103455,2.066213924108132,2.0722144160509353,2.0742003863519196,2.073874511328862
1.6058569535508929,1.62707644187677,1.6669685275257482,1.7177698454642796,1.7287606729965055,1.8069318297154677,1.838203519589295,1.8399549621457714,1.8775630462945074,1.9088705024069788,1.918556258971502,1.9200594919060878,1.9809610090731253,1.9792907987222363,1.995500127782201,2.025669495288409,2.0360133888108174,2.048667650009427,2.074990787668209,2.097530532254657,2.1024716376239123,2.1181976020755395,2.134365495774256,2.1639488096113726,2.1760949179262203,2.1723306095007606,2.1605720231723353,2.1611695331360368,2.1022247631698447,2.0608288466725906,2.051345831909415,1.4690273052600402,1.7241692092982572,2.107261603841153,-1.78357664303199,-2.1202258570150168,-0.9799770039128057,1.465256548837017,0.9067412370282043,1.4344076248565496,0.9999810843570285,0.47011099568482706,0.5046768466327981,1.729498766340613,2.089843404403625,1.8156243076769698,1.3523450462962157,1.7555342523607254,1.0040850741133862,0.695123670654715
1.4809385604980285,1.5316019382995574,1.6120862037893438,1.64332760016782,1.6695572377813794,1.7597211159126387,1.7744640067796713,1.7883725121588094,1.8243936547149708,1.8687797763117473,1.8851590020548015,1.9065463741415747,1.947978158652058,1.9521735081659948,1.970046386959898,1.9909383629700104,2.0179014379944373,2.035045603644078,2.0756739457597537,2.0930586157680295,2.10705630382348,2.1717060407934237,2.1812271005547146,2.1801457432085902,2.2039146760960917,2.208160587673326,2.171063724964116,2.165078616105702,2.181100504006827,2.1701748999364314,2.1660434025763737,2.1694818761752437,2.1688356910216093,2.173110702044808,2.164754896381745,2.083150963221529,1.9281824033992927,1.8763472101264802,1.815485771525576,1.9349317962816377,2.018021164184174,1.6889213642188827,1.5686049650275473,1.4923144570371205,1.649706699378327,1.7720984249888423,1.6744739773790174,1.3574257469007145,1.4672923681262107,1.7929070121994646
1.4108555234424824,1.4512503580915668,1.525660796284855,1.5430948929039605,1.5656640422295023,1.6101814697091146,1.6611129974013954,1.6847002614044653,1.760690884493484,1.7614855050619886,1.7786194191419866,1.816730673470928,1.8529636775777896,1.8452626309663946,1.8609130664107159,1.888901130805683,1.8953170154679133,1.9184270345260357,1.967766219898129,2.0116760698914353,2.0502385030591936,2.08873592364087,2.1043481242675726,2.087423218942416,2.1294684411654137,2.143434559100636,2.1532485414029274,2.1583642481965444,2.1581702087575194,2.1381783262222895,2.136811184527103,2.151373874210511,2.143632386576024,2.144828212546875,2.1489072696298184,2.133583287136754,2.1306850802189934,2.1401137604187666,2.141542816955175,2.1330690622581185,2.1301239638985345,2.130078334561325,2.1291208544190985,2.1315658368695,2.1331325939978045,2.1331436699531046,2.1287494437383234,2.1241644131109396,2.1170416688455327,2.1169569511184436
1.2883982492546706,1.3035109443527009,1.4063082869867232,1.4446818462018758,1.468565595511668,1.5637609163429966,1.56548824590021,1.5636147398381988,1.6091656462869346,1.6434701101513343,1.6432248041822106,1.656101945610982,1.6959454711006547,1.7249291976014045,1.7449195754715061,1.77997592175119,1.7934600331691388,1.8117705710622538,1.861768917453837,1.8862465276083142,1.9117830797540518,1.9892072853750769,1.9963433991369743,1.998840054103394,2.040747348063706,2.0678863427670144,2.0740680465078998,2.0732162651797705,2.0966946677937695,2.10674634350384,2.1272633600631177,2.1384545026721433,2.1129083135177327,2.1128487910603475,2.136091878537502,2.1357709748993425,2.127880032710823,2.133375402587049,2.135940182903184,2.1347938808023557,2.137212485610719,2.135629056285664,2.1226321695260166,2.1326359838558475,2.1422312751689585,2.1377212227194744,2.118646469573199,2.090889476896245,2.0690326974595763,2.054106955877299
1.1558689935656714,1.197128218084442,1.2736546113555856,1.3085994851287508,1.3138541237611783,1.3808364597703997,1.417362863491938,1.4564770256979307,1.4885448052438837,1.5273115883028685,1.557380244156553,1.5847010146064706,1.6211263834775627,1.6526045351437153,1.6845089686538168,1.7194515673113338,1.730257891263573,1.7447085559627373,1.7761706032762603,1.7970881163258716,1.8379904110618142,1.866096866656522,1.89177993815266,1.9149212935192073,2.0034400042654505,2.026829917255344,2.017862218701176,2.011908579401708,2.0172577017860744,1.9872031141659385,1.9853808035471354,2.0362430644080165,2.0379872134082997,2.0339321586596126,2.0366768154711257,2.0458296681754047,2.0510012277260667,2.064285657753431,2.0636274253730136,2.055136904087451,2.0790687481393944,2.081508684754881,2.075190445772735,2.04937329641195,2.0366302505763314,2.0007835609147255,1.9924956624022483,1.9882229731936574,1.9683934791719113,1.9388989982968619
1.1094309709901047,1.1033093214363359,1.2037637887908745,1.2489520526489941,1.2774287957288455,1.32155858736036,1.3515406520973572,1.3776044228009228,1.4471824122197292,1.4956199275768154,1.513479542274993,1.5214868909700616,1.5997198783840432,1.6319435823630297,1.6520943261518108,1.666407417756531,1.6713325902656426,1.6849813486690661,1.722486912705563,1.7367599771421292,1.7366348115946495,1.7735536814370376,1.8278776669001042,1.8675897615683232,1.8949303181068835,1.904551335328979,1.9070757204904385,1.91735693384281,1.9408179873536497,1.9407318979944108,1.9508153484843307,1.9621440251242896,1.9594086115580513,1.9512402176624362,1.9643304973711684,1.9587284768972821,1.9570876172026,1.961312457377514,1.9560517076585715,1.945349693756895,1.9380225553829786,1.9313315951550298,1.911070993754001,1.8919685846492824,1.8577136653431272,1.7904445221951852,1.7293025311866217,1.7444759364854192,0,0
1.0531872849806865,1.1203452401158163,1.2028711146088729,1.2234058197002162,1.2410025400867084,1.271918959839098,1.2840030160777536,1.3089758419389956,1.312811128696394,1.3464873522676932,1.3975304592771003,1.4257230239150456,1.4742084740867867,1.5127205321186203,1.5685988354804647,1.604458211428716,1.606281744904966,1.6284742689000362,1.6508260057778466,1.663994839574113,1.6725171130700882,1.6893009503604879,1.7075669859351998,1.7246554180138536,1.7849732541436023,1.8017813817430877,1.8015182885981598,1.8160943824313127,1.8245531735934397,1.816892665226596,1.828556436595454,1.8507198093423936,1.840958337361813,1.84433792528343,1.8431877657381508,1.8307465932615363,1.8324555160762743,1.8299542631980426,1.8130372887292174,1.7798179957992222,1.76344884964834,1.736251354818055,-2.6709781608787406e+38,0,0,0,0,0,0,0
0.914224661315823,0.9498799764956448,1.0188005351714466,1.0395994914647186,1.0651328862005742,1.1334817729514668,1.143445859875133,1.1656376376740107,1.2434773897595115,1.2718991068765604,1.3086076998389862,1.3311104370857463,1.3902313672519824,1.3920538476616444,1.4124407318507246,1.4410378518728626,1.4598441827734354,1.4796914971142408,1.5356447366547332,1.5570419401157203,1.5588496193962293,1.571857798792602,1.5707903104367196,1.5788903452692737,1.6407764472036577,1.6595702937103127,1.6766930120723957,1.6806069050697547,1.68852196739809,1.6718540971626017,1.6696416027862935,1.670966073935017,1.66755805472203,1.6622695532663085,1.6245210460344428,1.5749383500347747,1.5691081718516806,0.5264268260798497,0,0,0,0,0,0,0,0,0,0,0,0
