jsons/1312520400.json
{"header": {"parameterUnit": "m", "parameterNumber": 2, "dx": 0.1, "dy": 0.5, "parameterNumberName": "Eastward wave", "la1": 40.97354507446295, "la2": 16.46031188964855, "parameterCategory": 2, "lo2": 133.9931640625001, "nx": 191, "ny": 50, "refTime": "2011-08-05 8:00:00", "lo1": 114.97908020019554}, "data":
[rows 22 to 43 of 50, columns 100 to 149 of 191]
-0.22859125914823267,-0.2334294658893731,-0.20893267339375116,-0.20532027260013389,-0.21064062456753943,-0.18873639478683377,-0.18116089625339404,-0.15549360114865,-0.1325245086167577,-0.12286948428099241,-0.10830020451059898,-0.08164708354457677,-0.04140127119925978,-0.014848239134150724,-0.010666559715309491,0.049294176207882026,0.06380370850931391,0.0854886547835022,0.159690392207888,0.20971524609583914,0.24127819525506702,0.3461220872396187,0.40384451398144533,0.4564416433683944,0.5874084989409927,0.7141249577742534,0.7968531243997146,0.8881620196743226,1.091387904294231,1.1764206327181939,1.295600723258924,1.4559711694682247,1.5568632195685845,1.658346895905878,1.7886542479773204,1.8582204986504167,1.9314822414042838,1.9808400548228082,1.9896027953035649,1.9577591991027696,1.9455297528485584,1.8751310671699222,1.770617165651174,1.757083256724849,1.7554594227929439,1.7767287150819895,1.857413592387454,2.006728659240254,2.1560971872884505,2.330072303870104
-0.47636544666422515,-0.47533934529878136,-0.4432609985518759,-0.4410630038277314,-0.4385755168140742,-0.42091716890143094,-0.4010989181416954,-0.40156495242110296,-0.37459456587540624,-0.37304361073331416,-0.370741571621346,-0.3382704956951025,-0.31353416194316786,-0.27414851652198774,-0.2526482043106411,-0.18593120523908233,-0.16355971097843594,-0.10619038171481358,-0.035695511758191675,-0.026776364985844944,0.033027546890629686,0.08447095931060092,0.16749893787320455,0.2293795717778659,0.39956215607463486,0.509847030930641,0.5793669238331601,0.7084558348412662,0.9152981322394436,1.0300213331908523,1.1331635416195722,1.362954427338364,1.5690751469098634,1.6169033219327311,1.850878795767495,1.9508190715084084,1.9845677028413877,2.115460767313211,2.15263664586292,2.1061816832649267,2.00982993872598,1.89895930248163,1.7801952642948131,1.6409413491743603,1.6012170287436245,1.6609239612155993,1.804085551060621,2.125836314093235,2.3802833197140485,2.632443522569356
-0.7743519542238311,-0.7887083829343098,-0.7712565717364056,-0.7707502948707904,-0.7674277208673079,-0.7477634633072672,-0.7444208870194453,-0.7548832463740908,-0.7167069305118627,-0.7050617327954064,-0.6729085708733297,-0.6566204645548708,-0.5953557793880099,-0.5841445974940181,-0.561877380066328,-0.5071478946106787,-0.44042102821842366,-0.40926919888423324,-0.36401912836341593,-0.2963066037081804,-0.27910719176197296,-0.14032196726097673,-0.07118588047754455,-0.007201158200151208,0.13235228332311036,0.24220785458170296,0.2809945569727792,0.43941308022541975,0.674419738669222,0.8440675277796332,1.0491061080421715,1.2415256247069872,1.4175694660860212,1.576727048672709,1.8396276791722008,1.9319950949087932,1.9780394990448558,2.1606667593767948,2.2414963563100763,2.234425796621451,2.1666543686657813,1.865370401364993,1.5602033463660046,1.0938215399739362,1.1081122107683758,1.2374583061709579,1.5134506821709812,2.2070397221660953,2.8108506150005543,3.2078595731327217
-1.2123715613563608,-1.2525125869245017,-1.2167577482902632,-1.2258807405961099,-1.2105237543724046,-1.1852431950790732,-1.158992307229327,-1.1825724485320497,-1.1191030932700854,-1.1355658774247506,-1.1526927048034121,-1.126573592929973,-1.0844704465197115,-1.0416773722363366,-1.0278306648293514,-1.0135116237730166,-0.9180391995160847,-0.8773499472980559,-0.7515252388308087,-0.6994338294084779,-0.6501133212191221,-0.49520204108197,-0.46025239895644177,-0.333902102457528,-0.12879259871361676,-0.04466654719405073,0.08080498326926748,0.22243259870616644,0.561872999692991,0.77370717705649,0.9787124043997626,1.4644686238360185,1.652349643616671,1.8038090070557637,2.2963025136565425,2.3555036566517065,2.512349813381668,2.779285013240033,2.8774727769434367,2.8997044741153255,3.083968221793962,2.305821169685106,0.23631534135008372,-1.1169349062892053,-1.2959043686309388,-1.7670915735073982,0.1370497386255126,1.3266241949158726,3.8040253756113565,4.166466084906138
-1.7833636756072517,-1.8441797577280818,-1.80281134671158,-1.7771009091269332,-1.7830950734891602,-1.789567418460312,-1.769821110539118,-1.8102376033062624,-1.752439033928369,-1.734065684273042,-1.740527224172635,-1.7280984835204019,-1.6431630033690157,-1.6370389570430004,-1.5745689361668884,-1.4553848514595848,-1.3794370822671536,-1.3483399132514866,-1.1764116182685658,-1.0823767935020199,-0.9746081929590262,-0.8287374493656522,-0.7180569005596295,-0.6813781982008905,-0.37007162583804604,-0.2132502953031364,-0.10630844985826375,0.13652864702208134,0.6899642424915028,0.9413235999042028,1.194090448663791,1.8524358058246029,2.3381176882362946,2.714603486882706,3.3444487371429226,3.6434988446191916,3.813722655997397,4.03915783741561,3.6801348452765024,2.9150278765754636,2.929216562966677,3.648293719640923,4.467144156660621,4.6747292024369544,4.737540971733116,4.883967788389487,4.855975502194058,4.936204474067824,4.871350713822893,4.860733349606782
-2.553649689830443,-2.599830620626844,-2.608766713422954,-2.600590101140526,-2.6310070231238547,-2.5776289225807387,-2.5233567235420176,-2.5752558087952524,-2.5292903932556094,-2.502554548195899,-2.5370973515577155,-2.5116087081472416,-2.3966627650409706,-2.3787311398851245,-2.336479265348273,-2.0544699460507863,-2.048231448916218,-1.898243462275588,-1.7298205854529904,-1.5833288933407097,-1.539055912501285,-1.3368970411725536,-1.2100668963944672,-1.1976189608939578,-1.0269383791036986,-0.9507265101261924,-0.9349410676835453,-0.6123552529670769,0.16750284701746,0.5673716788684287,1.1336721887634351,2.124550221060497,2.5502987015658314,3.2356087635029014,4.11666076433817,4.541019499022831,4.723682542709648,4.996522737835031,5.195048834782004,5.190816055369793,5.331941206221936,5.403411465886824,5.381131721550356,5.515949819751497,5.627101363622181,5.611698862963423,5.588933014739563,5.66234439256561,5.541599274735197,5.4741862712343154
-3.394782464039828,-3.510476150951949,-3.5202828530362575,-3.537571416674535,-3.686922970697006,-3.6286309883501513,-3.676056525652177,-3.7848382478303653,-3.7933161261679147,-3.6990080603280355,-3.7551794756705257,-3.7758195647413015,-3.607681951114362,-3.6603314584802895,-3.513979141197852,-3.272315375273679,-3.1484347784165245,-3.0871329729333246,-2.8839352347652003,-2.7868551215428643,-2.6477665839519777,-2.3486930711817533,-2.2086474710217034,-1.9915360831832114,-1.7186183243784479,-1.5281096375583494,-1.359349844614811,-1.1604492279195116,-0.8282205745277786,-0.56059418529797,-0.2423744416178886,0.6668075910342686,1.5843646969466145,2.5033585927720092,4.660391449087268,5.400035898524935,5.662554408340848,6.251593125748763,6.46843339445795,6.50432621950337,6.790773836561631,6.883993540023579,6.84762930756586,6.918957133824997,6.86484952436576,6.715475277646101,6.713863584486068,6.703488325660863,6.512728806510349,6.409965601036579
-4.363156283767562,-4.598166875668073,-4.582343920512991,-4.757479314978211,-4.967948926048551,-5.1112398146437865,-5.088185620291094,-5.365123090680429,-5.432687806796638,-5.506956074391382,-5.6373540396125,-5.644681418002193,-5.580617138110594,-5.645953668338886,-5.57665848445953,-5.344005809235554,-5.326104934582573,-5.088532890063821,-4.730000536807197,-4.495166286060466,-4.2013100733633815,-3.637510612327431,-3.532440297354749,-3.3873083433586753,-3.6021119770113166,-3.574175969166202,-3.439206014795262,-3.711198913438285,-1.4540960028816952,0.5479322286172724,2.5741250426027777,4.865214993408308,5.834677209788684,6.28750915102934,6.939187848609777,7.161657955256862,7.493554827828634,8.02489921997097,8.134127285255538,8.079412640357814,8.315259011781803,8.408880938226416,8.231621452229001,8.291839782476508,8.205499596975855,7.858160271213866,7.7875701054335815,7.681802991788084,7.500592921207192,7.384859909819235
-5.327242787736896,-5.647001519871383,-5.8391045878441705,-5.904252334633114,-6.281863051610586,-6.425440807625527,-6.592521108200803,-6.898513623379749,-7.0718700963630035,-7.307056377397051,-7.5493801683896296,-7.708243230884292,-7.790311605352752,-7.975330436963574,-8.022802731349708,-7.829254533097493,-7.800496889139719,-7.556974605096813,-6.947526943791031,-6.604720659255902,-6.170853333495401,-4.65047739621252,-3.8441682823705916,-2.805000280834242,-0.4961948253581115,0.629367015668268,1.6194364917114734,2.4188384631963045,3.741883803792962,4.413334378919311,5.330241030911057,6.742047939097126,7.536553056621279,8.064297451173886,9.087871057223845,9.439758754738609,9.57493567520879,9.954772888863845,9.96485400773038,9.768527848402924,9.753917297798084,9.778980024379587,9.555978901267336,9.409228263640143,9.299450168290225,9.040201137038236,8.831702118826637,8.602773760571159,8.325471011523296,8.072167250721268
-5.952202791222502,-6.311002871726268,-6.476643383724981,-6.707377019135634,-7.147190767602463,-7.338167000834427,-7.594170226359954,-8.11732452390589,-8.249045725375963,-8.564652921743384,-8.987679841794279,-9.20943440568973,-9.37137269197079,-9.733920056219334,-9.894680159907194,-9.935586541368599,-9.932876800086271,-9.836347725989963,-9.652887042649823,-9.30386643807757,-8.801508479146534,-8.375065980287538,-8.695967359053393,-7.312635027029223,-6.020495476394087,-4.051166484947688,-0.808628176966711,1.439182333482074,5.620782551362109,7.197379143824283,7.762871984841507,8.584991945511657,9.51199587680505,9.911581305708063,10.189684834834205,10.60653037124105,10.652019332436502,10.681057909009652,10.649620662476185,10.440235882664355,10.313291883407885,10.226346805117762,9.763332302198915,9.636389661197773,9.496916029820458,9.051557159498417,8.913605122723686,8.646549484512777,8.285177666460124,8.130986478172554
-6.007026768589059,-6.345631691557927,-6.447460073557041,-6.661050828127767,-7.164225336456097,-7.519871254308111,-7.80625395231526,-8.364887175999735,-8.5737981016396,-8.903685926901979,-9.319771722367221,-9.493047241800141,-9.607632834522612,-9.802402907254153,-9.856772689496614,-9.776424659571227,-9.614464406228581,-9.428265868302823,-8.932353562794717,-8.343656066260754,-7.7136430209418885,-6.3567686079088705,-5.909471602766886,-4.668046917711292,-6.592999394770434,-7.805544811113889,4.916474626324971,4.2871791180360885,5.241238905346747,5.363150845221363,6.207568549069724,7.246737255722205,8.153932999918215,8.419266818784873,8.675972864255217,8.984746808656945,9.128968590251372,9.091332082627838,9.126167077442611,9.10096451848019,9.02589812827977,8.948914435886104,8.777417901369871,8.608687756698206,8.473406622923937,8.23500866137546,7.997572099855188,7.815670209950565,7.620720658642582,7.395545265484191
-5.377997912272796,-5.699695379173413,-6.2440715710864545,-6.472103072619309,-7.03115245573159,-7.253825180824929,-7.486396656938597,-7.877969558703935,-8.10307077077941,-8.233151684949485,-8.521837650124608,-8.583160872809087,-8.514113906319949,-8.745073496417042,-8.672669490727474,-8.422303969997545,-8.089560298472215,-7.81033964916483,-6.948491838723424,-6.3426869286548735,-6.040618238529459,-4.744172093153935,-4.066855159352544,-3.4625115807919813,-4.721670231720415,-7.452158192673169,3.6253055487382353,1.3060717023982895,5.003066989502406,2.8010016363845596,3.1641573395579092,4.722174415913869,5.057035427846787,5.343760629844144,6.290185290534685,6.325958208053308,6.494589530397115,6.665823512794024,6.919814439498104,6.851069972545638,6.911700642066235,7.035932089276548,6.79566173389801,6.804004488338939,6.8460561600392404,6.570578211021482,6.500272950906787,6.511732091245964,6.199365720725915,6.133385314515019
-5.602919992667756,-5.97087920871143,-6.13544514901439,-6.268365738845202,-6.56682747763798,-6.616237096569838,-6.709582286225198,-6.97986674972104,-6.987027549628731,-6.97606013191209,-7.288479648672536,-7.516617128618298,-7.105222754287374,-7.114743489926699,-6.923885122612124,-6.614185804923206,-6.639873343762694,-6.322950808391067,-5.858254531864588,-5.593724087878521,-5.3477628952464,-4.440258062567292,-4.174433474131585,-3.730076899812916,-2.7721609064303765,-3.479205572203447,-4.958056255360451,-5.437989581557283,-5.291552774955225,9.519619937500693,3.89947709745651,4.272725414578963,2.2174434336966544,2.409376016580912,3.0323148577171777,3.243475595454066,3.617548285138324,3.99837954215683,4.134082870190286,4.340036470775744,4.555661493217041,4.683810213394955,4.728651470449776,4.799568772442686,4.793253987396255,4.648098898085892,4.7192637198058325,4.64893603061166,4.574284370156939,4.562561591144394
-5.164826680089979,-5.384420121723192,-5.432598415957987,-5.526302041491307,-5.722108308992987,-5.714983016446169,-5.829115219678879,-5.9454564309676154,-5.882129751878821,-5.90410352565637,-6.060311907556359,-6.056559056424383,-5.8709569613680115,-5.924794269013113,-5.904844012526041,-5.662466048226479,-5.568041647849906,-5.498743827286791,-5.092054741795798,-4.889469373300991,-4.751756195972322,-4.108418795093623,-3.8729902769160462,-3.730308468641546,-3.0409263756040747,-3.324854260799051,-4.7781906415688296,-6.00270371515333,-7.941770212690003,-8.733029774625626,1.4161318556670315,0.7736593536614704,5.242349429725557,5.565133029421151,2.1753891857047676,3.0050241683598284,2.850031198480623,2.0079933451171406,2.3058005112320794,2.402170869729324,2.6854678634931566,2.6590464993309757,2.7648361880637884,2.8555437115402804,3.019103714670887,3.0844776184560523,3.143138041674184,3.09923092995539,3.0582396040404065,3.068622558469643
-4.661099224881423,-4.823050611387892,-4.7939208847259325,-4.84815770809708,-4.93456915071811,-4.9788800921325,-4.940903874628143,-5.140825871949823,-5.038724128518985,-5.068601793819718,-5.108553080723353,-5.114562309130866,-4.996688391988382,-5.027161527690029,-5.062702676605431,-4.86861002985557,-4.860553489706197,-4.788010989790227,-4.529819335423642,-4.362303255038749,-4.367827113972716,-4.134262342279192,-3.9306254120325814,-3.721542404898163,-4.744023156840159,-4.365486864445784,-4.170834205959345,-7.83647586660072,-8.46093973854931,-7.329336440357354,-5.335002602611321,-5.938577261066256,-4.451263912754371,-1.6803911780087841,-5.607267615588067,-1.5994337397741254,5.587256158926428,4.8397943820822205,5.904877434237038,4.301166181893469,4.2648665147288,3.6674302814787323,2.55548336475704,1.8906741855654927,1.4679224195666387,1.4045413271135183,1.3683798502870075,1.3415360969947172,1.43182972004204,1.5922849723666745
-4.027899332890641,-4.155241217651566,-4.125120171434628,-4.203141038763847,-4.292092420099147,-4.280971627703287,-4.331368047425368,-4.408090419266397,-4.361268756365676,-4.348129294209118,-4.437392977255195,-4.428292783450008,-4.379513481514987,-4.367566106975828,-4.314748599322069,-4.2170767082370215,-4.213942418448182,-4.126461117889252,-3.9946235100455065,-3.963189360517145,-3.9297061718904067,-3.7284207839438137,-3.714871038792704,-3.5975191534813997,-3.3645298023138914,-3.213144042929408,-3.0568677549130543,-2.8944900676979355,-2.441003414894257,-2.3829795454898424,-2.1814015728496297,-1.895761239208727,-1.6400776167363094,-1.4754445537355574,-1.2993540612033416,-1.9670037210227367,-2.9459535981912333,-3.827298579654578,-4.283059871398459,-3.5089589690581615,-3.4873485538300764,-5.714302897909561,-2.728558643924493,4.21561937712093,5.77824476678723,4.10235956088313,3.914169685137279,4.0667787549182295,3.9078737516316124,3.2641690820413447
-3.579833444137054,-3.6627920782394554,-3.664702349094209,-3.7237341241085056,-3.7844466648378567,-3.744405511388697,-3.766153488073635,-3.8616062739599406,-3.8081635233501085,-3.874471405681263,-3.886114689822678,-3.883832331989294,-3.8190761034523146,-3.8438255437013282,-3.8321990083092365,-3.73420260980593,-3.7674041158845455,-3.7498037428457707,-3.6548870014176127,-3.600600801342786,-3.631006157599711,-3.5405430735851877,-3.4512949195806977,-3.444503692774053,-3.2767694794950546,-3.1989246099821074,-3.1202244201322538,-3.0879703028527294,-2.835841576454457,-2.7256513897110706,-2.633056922524612,-2.427262977859048,-2.2824557713816316,-2.154789527257172,-1.8990932423201659,-1.7244337553283506,-1.6791447225557123,-1.5348484488944487,-1.4281941144160537,-1.2772147814241317,-1.3138450561572597,-1.754561227036266,-2.1066453616761858,-2.926265714206928,-2.012242807234511,-1.4313353930192905,-3.1293525807601283,-4.727628643595278,-4.540700278931825,-4.147923174749028
-3.2399852931667588,-3.3555190518481357,-3.3587791657953514,-3.390661785042197,-3.4479944772701074,-3.439594455553448,-3.452623478952566,-3.5350129407115656,-3.522998018214245,-3.504524246995109,-3.5191961868738044,-3.5534408969457565,-3.55192771905162,-3.566340694728403,-3.529969237784111,-3.526195231378322,-3.5669087164817332,-3.571958209577873,-3.4855612430531835,-3.4832069921158975,-3.4606790927656212,-3.377426230680895,-3.35452521058503,-3.351212254934267,-3.253748040124145,-3.169555686238286,-3.1252568837042545,-3.122793859714147,-2.9855578075037252,-2.875533207937325,-2.7706987384928765,-2.695093521095913,-2.6545601122158335,-2.545903536288484,-2.309908884994671,-2.280349148133518,-2.262772935445167,-2.103936155360826,-2.002944510549223,-1.9078763659043771,-1.865362022472137,-1.809361827495199,-1.7135189189454472,-1.6637330390133453,-1.6421163866466009,-1.6051438619006506,-1.5413358299342566,-1.4900451675391868,-1.4752227800034081,-1.4707710929452202
-2.941046637359496,-3.0365246946350357,-3.0470263579338503,-3.0656737385935613,-3.0883235714182478,-3.1105340428886947,-3.1343930002661478,-3.202789611843986,-3.202110049399807,-3.1843235388614337,-3.2791278048841117,-3.279150552919831,-3.245559362638944,-3.3097432412300596,-3.308829152908928,-3.2784074250218813,-3.302833173998335,-3.302110600881044,-3.2559485096326815,-3.2292524223936883,-3.2111807187033046,-3.1661240245099798,-3.1615937764562116,-3.1384340432282305,-3.0600267574934343,-3.0472373573647067,-3.0394111911161663,-3.0049202036881075,-2.908980853845115,-2.8588140390791033,-2.846918935403613,-2.7524970371998543,-2.7159267097212476,-2.681529869463478,-2.6125723592844885,-2.5628787316305135,-2.4813138994786845,-2.398252421983892,-2.3669026189839206,-2.3187670700094984,-2.1616469911438028,-2.125144386922098,-2.0842468303531145,-2.058828378765386,-1.977828833011483,-1.9272684208571758,-1.9115612368062287,-1.904103792924571,-1.8947961952653,-1.899060323849945
-2.767921583865585,-2.8047348495015334,-2.8220642703269183,-2.8567512592120656,-2.9017998035301553,-2.9079728076067406,-2.934843919321508,-2.971281628629918,-2.982110131862914,-3.0143877491731006,-3.0329832373157695,-3.064994890341827,-3.076939281967327,-3.1264217318527945,-3.1387555580070567,-3.1075819206376813,-3.168780868770994,-3.158544115325877,-3.110449876264235,-3.1148696943953356,-3.1020032636391948,-3.0750343013416317,-3.0404657285645396,-3.0361646782539133,-3.005975871663614,-2.9795743944111197,-2.9906138797757413,-2.980256221852155,-2.94928962018644,-2.92529635021226,-2.906138765738176,-2.8771606303569444,-2.8348402206768273,-2.808675389484746,-2.724829317069109,-2.675661506405307,-2.6801382688399418,-2.632729416853132,-2.6005210746377414,-2.578044887791464,-2.5008441805234805,-2.456129401234558,-2.4209947163355845,-2.408943217942658,-2.419195304402156,-2.3672546618181145,-2.3787322548437673,-2.3241600625569503,0,0
-2.561273381856192,-2.618224367829796,-2.6300229986263974,-2.6415976173091704,-2.704617322288294,-2.716487389347229,-2.7211909483350625,-2.769929561124012,-2.7674836168972443,-2.761744461121122,-2.8138002774180797,-2.8248670437193177,-2.8200948056961903,-2.857146590602186,-2.8858183284402164,-2.8915356808159167,-2.9015621866385732,-2.9141397192803713,-2.9007760106813607,-2.880910418984711,-2.90926483052427,-2.8974507087634964,-2.876535712463993,-2.88221428939063,-2.8264723442621933,-2.8369690710944733,-2.84062410407245,-2.826790364295927,-2.8045874301325755,-2.779237942631107,-2.776206927121295,-2.743345296846369,-2.7201648356372856,-2.69837096934089,-2.6432827951869595,-2.631470769135553,-2.617546848313902,-2.619702648758376,-2.6046626886670556,-2.565623318932848,-2.5404167294660422,-2.527284077330257,2.4415531994239326e+38,0,0,0,0,0,0,0
-2.4431094563433366,-2.484223913979558,-2.4961523948299855,-2.5315595960193797,-2.551481735338935,-2.5590851070755365,-2.570299987091207,-2.6000640127029686,-2.602292821588986,-2.6221806177040703,-2.644149463874325,-2.6648846078467274,-2.6455791302155807,-2.668601458476805,-2.6964492177269554,-2.7094745546781485,-2.7406985108327744,-2.7441512486146817,-2.7412612372443608,-2.7617139781151163,-2.7625175896383927,-2.745664193711806,-2.746692127905618,-2.7562720801407794,-2.7147197848938034,-2.71184723160443,-2.7097249591941504,-2.7022969495736615,-2.6871143563238338,-2.672711344353519,-2.664249040669211,-2.6575388727129514,-2.677398147980453,-2.6697077543695635,-2.6650545930372314,-2.627321704606056,-2.620389130933069,-3.1126770602599234,0,0,0,0,0,0,0,0,0,0,0,0
