jsons/1312761600.json
{"header": {"parameterUnit": "m", "parameterNumber": 3, "dx": 0.1, "dy": 0.5, "parameterNumberName": "Northward wave", "la1": 40.97354507446295, "la2": 16.46031188964855, "parameterCategory": 2, "lo2": 133.9931640625001, "nx": 191, "ny": 50, "refTime": "2011-08-05 8:00:00", "lo1": 114.97908020019554}, "data":
[rows 22 to 43 of 50, columns 50 to 99 of 191]
0,0,0,0,0,0,0,0,0,0,0,0,0,0,0,0,0,0,0.08891287789960789,0.10027420665015042,0.28641104419614066,-0.22831823443563026,0.3091616657942695,-0.5724165349548578,-1.340652083891496,-1.5098711703886831,-1.3641051662704147,-0.9178106509248233,-0.6770013150237275,-0.4644024111831567,-0.07138003026471385,0.18798459564451842,0.40225762072245114,0.6547418349019982,0.7606538004382531,0.8837671637157278,1.0882814306780952,1.1466740873172516,1.166094016880293,1.2364311746204144,1.2571788811340354,1.2750028276617271,1.292388529113303,1.3730798061782927,1.3848630089232081,1.3863211567358482,1.1169458063797024,-0.4783782944844651,0.9536869586106274,1.257491918743163
0,0,0,0,0,0,0,0,0,0,0,0,0,0,0,0.0009603561858838467,0,0,0,0,-0.37765146324313953,-0.7636049934147814,-1.095441185925994,-1.1956335638853517,-1.2236490761760923,-1.2408628108650857,-1.03424606303574,-0.5943312938842035,-0.3729171160658231,-0.11019452035838315,0.38440846579836857,0.646390005775632,0.8326195286531796,1.0748922598463202,1.1032021691991567,1.1408794251333143,1.1753398367808057,1.1940726191228659,1.1907000328190014,1.254643439773623,1.2883154842231967,1.330960407319605,1.3418090311231194,1.3835445670101376,1.4054861232833233,1.4374402252694614,1.4766707526361387,-1.4857622257208474,1.4018175906153514,1.3929444112630975
0,0,0,0,0,0,0,0,0,0,0,0,0,0,0,0,0,0,-0.44568198648735874,-0.7609746686287278,-0.9076412135317726,-1.0487708405396925,-1.26281104581479,-1.2269802663569636,-0.9189184860577935,-0.7924179151784682,-0.594825254919799,-0.18899161989033644,0.043901848399393886,0.229990959824701,0.6994080266094842,0.8280820422919067,0.8687790370924109,0.9758622328989,1.037998748567666,1.093037345010883,1.2068758315517163,1.2609069783111952,1.2790786629621353,1.3231758857913198,1.3280678171824618,1.3496245273564784,1.34960936548754,1.3841258327554913,1.4018233292049822,1.3527726098314594,-0.6551268985437335,1.442367564984137,0.8244512593897314,1.4391865367860064
0,0,0,0,0,0,0,0,0,0,0,0,0,0,0,-8.1454825486999445e+37,0.08734274754303666,-0.5713295901709142,-0.8407795192966854,-1.178709753472569,-1.1491766362326303,-1.0980321395655743,-1.09674634364863,-0.9526691221632767,-0.6637133129572022,-0.5215437103752981,-0.29998345432596757,0.15423088212739403,0.33563359061984405,0.49532454938769954,0.8848050857450193,0.956395748143538,1.0052248762668343,1.1107656042652563,1.1550057950584287,1.1565056683860822,1.2130526332862577,1.2247215678330938,1.2386098554498552,1.2730773743305686,1.2778301660447946,1.3025387021032016,1.3280453995867567,1.3534613666202473,1.363884804617453,1.3764345997735568,1.39029077613275,1.2697208988261302,1.3065594964135387,-0.7677077396450914
0,0,0,0,0,0,0,0,-0.08750874588640513,-0.20123130208708037,-0.2756238198383252,-0.34715387103274525,-0.49709925410125605,-0.6033698513292265,-0.7792078817768211,-0.9311269124601284,-1.1608013604348657,-1.2262026588359047,-1.1898593859372786,-1.2496707307758566,-1.0376858061408591,-0.9307641781920215,-0.7953092020673965,-0.6425936746741728,-0.35013548097130875,-0.15743674242080008,0.035025891657158144,0.4209942235469741,0.5781959661780304,0.7122190282323566,0.9656049788100557,1.0178695309788635,1.0430411801215003,1.1278109214827463,1.2004756367057767,1.2265997757334148,1.2678433171162609,1.2452204696353903,1.2553264273412437,1.2882313615559366,1.2986390396875538,1.2956915004970113,1.3004636452582026,1.3119041319641402,1.3147892372614889,1.3265962148581083,1.3378991929859023,1.3544796793817477,1.3213051423438193,1.0687112901771065
0,0,0,0,0,0,0,-0.3846530948862504,-0.5213926668848488,-0.7457181844319525,-0.8449265081614065,-0.9513882503464904,-1.0990417627625517,-1.1466137687880138,-1.115480574480263,-1.1120607002151162,-1.1451825252979961,-1.0022533651419716,-0.9522029343107143,-0.8825447366822707,-0.6629462755730886,-0.5440804910733024,-0.47988189013373794,-0.4027354513067237,-0.20302473403609786,-0.04997739391214525,0.09169238336057746,0.37214034578061594,0.5377532801611289,0.6714707756727823,0.9011773146106323,0.9481481450415334,1.011185498424888,1.1661032495335433,1.2296369746980684,1.2346141470373893,1.269328760765025,1.281593828506426,1.287499321494301,1.3119459147606447,1.315091770638494,1.3064655498771875,1.3127218443012012,1.3262635876991513,1.3196512327466667,1.3208940605295165,1.324831485693085,1.3289152874939492,1.3348960201238662,1.3360697474204115
0,0,0.1003090605775581,-0.4687529990414009,-0.6050643915280601,-0.7023179411651554,-0.8846232959158856,-0.9613125520957686,-1.0271349324138124,-1.1116912815228899,-1.14440479229168,-1.0953694160265077,-1.1360791865654853,-1.101276274185534,-1.0049913428932404,-0.946310089115694,-0.9318792042349706,-0.7733701945800435,-0.7358284009065457,-0.6570334753265474,-0.5319001919939194,-0.42942149305170874,-0.3629891926438763,-0.2760163464235216,-0.08854392370703547,0.08181400223060542,0.13732068507958045,0.45358324566413183,0.5588409756755114,0.6495283904991962,0.854528955936265,0.9284736281250604,0.9791171234883296,1.1711244419394284,1.1836485884434718,1.1999913193179532,1.2549961644165215,1.2620485293957122,1.2647178917106978,1.2928544051974946,1.3224950971491594,1.3232186191672888,1.3202987063219334,1.330379317443088,1.3116457769286942,1.3107254910821993,1.3092279404869382,1.3074645440093864,1.3053916874485183,1.3117355028979463
-0.6390134716919478,-0.7128170873085092,-0.7963433525006931,-0.9035747382294799,-0.910714492988881,-0.9486065221658626,-1.0224390891443502,-1.0223284084951731,-0.9505142360740214,-0.9892171635184303,-0.9566770784464403,-0.8720115335767653,-0.868550174107599,-0.8275581087037281,-0.7401347074746139,-0.6943517910299261,-0.6657142027652989,-0.5769821152929057,-0.5365341929610805,-0.4558958259875269,-0.3134844363879439,-0.26359790449144577,-0.2014810871316543,-0.14354624054387313,0.012456094606985104,0.11388887390220082,0.18928307334978808,0.3577413180159417,0.4251081841214261,0.5516291826327215,0.7412231003574987,0.8274931223622675,0.8837731547064498,1.0519432981418744,1.1463577525809343,1.1827154691720767,1.2091673509296996,1.237277945803286,1.2667925441493633,1.2619204436555644,1.283099302198422,1.300493348920885,1.3099693353801891,1.3270151634481175,1.3197480559416783,1.3138248931899201,1.318304637789683,1.3130171096173902,1.3103201594866567,1.3079593749483358
-0.8802941982659857,-0.859815558080887,-0.892942330181445,-0.9168328570144468,-0.8725819635791765,-0.8549048323243726,-0.8739223760825736,-0.8498795527608617,-0.7862073860588823,-0.795273182851963,-0.7681863358239471,-0.6980963779922608,-0.6553568579546495,-0.6096974244533123,-0.5434258402387232,-0.5317673406247784,-0.5013319946454254,-0.45311675278113134,-0.3949030783979109,-0.3644691674425783,-0.3063120845263407,-0.28386093897647213,-0.25663060870849663,-0.2468105324905666,-0.08020805862896273,0.009844076473357492,0.09591141257022208,0.2608677794181901,0.3160960645441744,0.4070968962327378,0.5737731793895389,0.6423959176297044,0.7225723143793962,0.8974031871290972,0.9732720368850964,1.002090286320988,1.11971457637003,1.1658209451659516,1.1664355893708696,1.1946110879649592,1.238530280247444,1.2311050049002406,1.275449236267861,1.311371678496241,1.305161972453113,1.3079988955397315,1.311670298093904,1.3154532850475635,1.31429998046584,1.3088733081522925
-0.8229285856223777,-0.7384331003825304,-0.7216175116509771,-0.727789622367609,-0.6576149522460957,-0.6379630969890435,-0.6410449184304047,-0.607820713805892,-0.5333213899593354,-0.5028247709489901,-0.4803883401900412,-0.40996884775289094,-0.3852114992704277,-0.36834458051108815,-0.3676677255455162,-0.36863752566655533,-0.3997962002219828,-0.429115609407873,-0.4338795401768939,-0.4481711391703206,-0.3642705913388594,-0.3312497899789075,-0.29288213462547175,-0.23730165561378147,-0.11517218477297532,-0.021000921843480954,0.06014076766260656,0.19683581793623808,0.26772807376942503,0.32750748009176756,0.434376463687315,0.476290373421136,0.5403245448532792,0.6966763529422723,0.7838076497253138,0.9146425487936333,1.0510039559585076,1.0956704956083347,1.1056443657982444,1.1794856261692392,1.2074376137922358,1.22337499693129,1.249362779063416,1.2808101560156497,1.2760280358494747,1.3110471619785078,1.3326543484656181,1.3106274568691159,1.3001555061990773,1.2960241577200229
-0.585874655048613,-0.47520695502909943,-0.456605441835191,-0.436795726843098,-0.3667371557890405,-0.3283553931781888,-0.3100542376437663,-0.1759544980575715,0.0176757284220779,0.24632342376782146,0.31344619194731055,0,0,0,0,0,0,0,0,0,-0.7760659662017515,-0.6412373835671211,-0.5686347886820794,-0.4776629767773426,-0.3311035462306795,-0.19970333132091622,-0.10827670413333562,0.014908746923756017,0.07777410176144182,0.12654185672352689,0.2158726953066023,0.330601167827728,0.4366933297724157,0.698664926210786,0.7640224528060193,0.8458998398756066,0.9144745292094584,0.9223422372752965,0.9849650249557278,1.0498134715288434,1.0792982792607702,1.0739747183091504,1.0429247343779466,1.0598934758510519,1.0865738235811653,1.186773730480261,1.2583601109922404,1.2598923676782434,1.2718931628362458,1.3157730844565299
-0.3124135210919045,-0.19384586152998626,-0.1400242562450183,-0.061055302589885986,0.19314515198739426,0.26573006488388207,0.41055597023021334,0,0,0,0,0,0,0,0,0,0,0,0,-1.0993367152321203,-0.8044503895193625,-0.6820619308548335,-0.5830545587310265,-0.5118942942241238,-0.31265597160740244,-0.25900415025244505,-0.18862834148532925,-0.04460495222614785,-0.005431923657012135,0.08435335854499092,0.24111720122469513,0.3328464652981966,0.40238043865196826,0.5504321970198898,0.6414545091610521,0.699772009443624,0.8569439953343222,0.748347510689584,0.6666716949201158,0.5731786229672313,0.664084215136637,0.1416449893088237,-0.46734178624904976,-0.739651008341599,0.00296369529090828,0.5473663559300063,1.0501816674379005,1.1685797765160397,1.233886271572618,1.3325816829084676
0.17012793884232927,0.46923373014212105,0.5416628312708,0.5181569538615246,0,0,0,0,0,0,0,0,0,0,0,0,0,-0.914713566349591,-0.865335374489082,-0.8791267839795889,-0.617564076807999,-0.5492642245333783,-0.4761443743060225,-0.392416091822404,-0.23922982233851436,-0.1671336149784701,-0.08966258106495148,0.04412837624008407,0.14535670239602289,0.16886276081742244,0.26463058761990976,0.35390765528012597,0.42980859519218995,0.5985450736538032,0.673035725292805,0.7695357436914868,1.1114044822887208,1.038627559908283,0.9152381313592173,1.0794574313165153,1.0090299936411815,1.1705344733947312,1.2202552873217538,1.2055194377114946,1.1489160166360168,1.0506634478573857,0.9823450317157189,1.0308108442297037,1.0996693787992529,1.2120459333340883
0.5452481232508651,0.6902167046404083,0,0,0,0,0,0,0,0,0,0,0,0,0,0,-1.0024871200158476,-0.7898229979682625,-0.724779100205382,-0.6441926200520658,-0.4547001480888915,-0.3865603782495502,-0.3299675490422313,-0.24337863423082834,-0.08815181089739242,-0.008174768389693476,0.05800352509510248,0.1421340388780723,0.18142929812942984,0.21906665721759547,0.33094215026851653,0.39421382208538247,0.4697669303615793,0.5968657478062008,0.6701067454791391,0.7487120687488538,0.96980552872342,1.000744166799956,1.0419163511156666,1.0775361906705472,1.0723871745910383,1.1032941907205642,1.1057859999090043,1.095059873196108,1.0728564975062524,1.024304602566443,0.9872886609303976,0.9986184858496764,0.9909985282224992,1.0793661774802152
0.3744489544975664,0.08421938932875132,0,0,0,0,0,0,0,0,0,0,0,0,-0.8409859753263619,-0.7990270781677978,-0.7805827480391218,-0.6101608353748306,-0.5259669345222436,-0.46319181263635695,-0.2738835481510064,-0.19914089465332901,-0.14702564283241634,-0.09266628869471248,0.015785500524046748,0.07899095355906616,0.1448930846719671,0.2039234264378567,0.2507845665522371,0.28035221339302485,0.36775588692097716,0.46919417477608266,0.5484415543648598,0.6672182394741495,0.7324876303299824,0.7525828799209815,0.845036063006062,0.8630132665550281,0.8669051252481733,0.9573640168862905,0.9578232077591671,0.9649046768946892,0.9704293214648022,1.0005924796394174,1.011010477568363,1.035433786674024,1.0296362469427578,1.018492012291102,1.018383808375721,1.0405015617639581
0.5154381621703131,0.5800366108933198,0.516615794443666,-0.012499040339702828,0.11764495649290815,0,0,0,0,0,0.22626700316570106,-0.872689076377464,-0.9137256250864078,-0.843113383705725,-0.6849231755779095,-0.5959870474922845,-0.5269378510046121,-0.4127206977456295,-0.36451893937279295,-0.30453953927606126,-0.18452357510756368,-0.11061776111153306,-0.026957699891508424,0.01503473688976846,0.1554689061915571,0.1702377867465305,0.19722212765522715,0.27330704183937093,0.33477066603924654,0.3799350309085161,0.4794812220847576,0.5579609397292811,0.6195344351028043,0.7955283328781655,0.8064462137261152,0.7990516514861185,0.8314699165982061,0.849366559938881,0.8464601407845764,0.8781280254701662,0.9132266661893724,0.9428001829039802,0.9555233232863722,0.9950644562261848,1.0052570807514174,1.0124806788751517,1.0297423183696126,1.0346904978333142,1.0466816232897145,1.067469259072553
0.4206499955252974,-0.14714393520648664,-0.1567328358069938,0.16825131551902336,0.3429598356118341,0.2595367505499253,0.2131921803861175,-0.006083534105513921,0,-0.9365825500179238,-0.8572859007484193,-0.7236572327725224,-0.6947872266953176,-0.6328772668658151,-0.4739880639703943,-0.3724425888171825,-0.3259064751285502,-0.20210690288259783,-0.11483721389453105,-0.08795145861075444,-0.00839913789485763,0.05613957062578417,0.11704593263976973,0.20187945811378913,0.29503467430699676,0.32957709312902844,0.37510847420668564,0.4312496217760328,0.4598267504880206,0.494166718206776,0.5981378787049078,0.6153218104049696,0.6248288418363811,0.7019331961278286,0.720972678919155,0.7381334827729087,0.7700449982615724,0.8053678053864205,0.8244055306676685,0.8751523176243714,0.893698291955331,0.9363697904892042,0.9775400925708484,0.9858451136519663,0.9708893403693954,0.9782175417162562,1.0476161132459176,1.0663969950996002,1.0880798626905108,1.1043639023580931
-0.3535556722753685,-0.4331760051242849,-0.4676968926059462,-0.5227368185254607,-0.5403023202578626,-0.5907635026435533,-0.608992639934422,-0.6056446712662154,-0.5687483171707554,-0.5571896861943425,-0.5149960924957314,-0.4239006323730405,-0.403888501533911,-0.3735271914281883,-0.28786069222794497,-0.22376024093042537,-0.16761184125466544,-0.05153501370765136,-0.00722013945682805,0.04055999094955277,0.1322377726801728,0.1765502804197787,0.2001038965669512,0.26092794721934065,0.36661457537618186,0.4343381716781799,0.44841453281629734,0.5958840843880124,0.5720079157471817,0.5848892074488208,0.6085928384502829,0.6175451678868582,0.6366667367004542,0.6812658800379627,0.7302498225801985,0.7536524270621483,0.8023042177450549,0.8235476174996206,0.8463109248116732,0.888423912777051,0.8971488781573032,0.8898523953560896,0.9137384431596028,0.9630944794389703,0.9874625432747957,1.0134923331237113,1.072773607329725,1.088506533619719,1.1061616435348283,1.1293497816825186
-0.5266065835369463,-0.5373850645243826,-0.5397990048341624,-0.5856523422529979,-0.5631590270617947,-0.5588513724752798,-0.5603943971107077,-0.5585505268449192,-0.45340104312712043,-0.4398004720962278,-0.40413816506410877,-0.32620849822082804,-0.28080131273976594,-0.24332505429085863,-0.1434259231512477,-0.12501637210926955,-0.09352234504859404,-0.011885600818133805,0.02722126579619176,0.06728560952067186,0.14295708697321716,0.21974601383833747,0.25670205214234293,0.2887960772324404,0.3753747386338823,0.39606001087246584,0.42665430427955126,0.5106607421967609,0.5099717247726652,0.571873044202689,0.6296931018886087,0.6542045382144461,0.6673232149799776,0.7017367867475396,0.718322792569946,0.7253376887159576,0.7768976245313803,0.8157961838760164,0.8264265874693008,0.875700706987318,0.8974293808144995,0.8985695197562927,0.9102852831639133,0.9337148578292338,0.9447263241979469,0.9460771547475486,1.006800167155525,1.019685407882902,1.0575468408114086,1.1439588598419748
-0.6051941300141168,-0.589067210050843,-0.5682004683728245,-0.5789915135765288,-0.5222608794386929,-0.5161297078446795,-0.4922848982143618,-0.4465065171580854,-0.4020217845060165,-0.3543582272113043,-0.33231181211519617,-0.24880141373805398,-0.24060703988082466,-0.20686536753735454,-0.1485310402781783,-0.12168926645223273,-0.07294939496913394,-0.019264615728384914,0.023315064869116917,0.07544001655916462,0.13155085294897295,0.17573780793339489,0.23659063035422956,0.25337203465596503,0.3493090058012079,0.3681953325892246,0.41678615547177456,0.5047458012559695,0.5430054263941247,0.6112971225637047,0.6561568716643155,0.7102576588224573,0.7346825970032062,0.7287858678856552,0.7556200237765961,0.7966707435872268,0.8296771207237784,0.8464685210294902,0.8585402533880809,0.8966383087499159,0.9088866346346274,0.9310920971017231,0.9419876512194446,0.9449109725575613,0.9709695832403228,0.988465432520608,1.018854707142845,1.0328918047688938,1.0373984448001687,1.0900735483380868
-0.661149568872879,-0.602879695628932,-0.58012302910301,-0.5575322994363472,-0.5139582803717727,-0.48059096696215814,-0.46455074445613925,-0.43575820264273035,-0.3580163899798476,-0.35401254546276645,-0.3190183091682988,-0.25901720843610077,-0.24298998081154308,-0.2039095834898778,-0.15377675877367283,-0.12699692766588785,-0.08328928522375614,-0.02476142759825527,0.006202271208759367,0.04475680588580893,0.11276984897825024,0.14601550882331332,0.19920705355945553,0.2145632350025141,0.288710433302553,0.32706562398066613,0.36074366364234317,0.4565337910137076,0.48472978158085867,0.5156626859602826,0.5691450750902666,0.606292390508723,0.6378012512329616,0.6820348932158109,0.7115762250789144,0.7203171985295974,0.753409271866324,0.7807290637820509,0.8278242426578697,0.8581193973255452,0.881221259652316,0.8990062210621447,0.9258405772857732,0.9498221812968703,0.964932199658739,0.9776767619220088,0.9945254514595608,1.026613853662027,1.0626325380399755,1.0991581838500242
-0.6086541243691342,-0.5828687407355689,-0.5593618561326683,-0.5381198739482242,-0.4946761665710547,-0.4621260387277077,-0.4439206278475499,-0.43846541127347444,-0.37844093155115865,-0.3639893827666045,-0.35127836591904377,-0.2717904002693453,-0.23463390937645306,-0.22423229044204343,-0.1624404098116259,-0.12494809360569882,-0.10589656464440801,-0.04674824887321416,-0.014143018865730357,0.013048806603606808,0.07973530824803375,0.09281085450446411,0.11320604538784927,0.16092566898807809,0.21685083075468328,0.23832502761663094,0.27250345274848503,0.3581312563778639,0.37127720439390655,0.40016581488798664,0.4765510679163255,0.5028086783464607,0.535740609617709,0.5963840961030218,0.610573616978881,0.6405758752101505,0.7007826254328005,0.7135457806810315,0.7472466634741549,0.804144514560988,0.8154306733864637,0.8342532108387875,0.8361912668867669,0.8991986072193751,0.9346614899305167,0.9626775884216566,1.0370068359370759,1.092381739000994,1.0887952558528042,1.096198792446862
