jsons/1312524000.json
{"header": {"parameterUnit": "m", "parameterNumber": 3, "dx": 0.1, "dy": 0.5, "parameterNumberName": "Northward wave", "la1": 40.97354507446295, "la2": 16.46031188964855, "parameterCategory": 2, "lo2": 133.9931640625001, "nx": 191, "ny": 50, "refTime": "2011-08-05 8:00:00", "lo1": 114.97908020019554}, "data":
[rows 22 to 43 of 50, columns 100 to 149 of 191]
-1.4906484956726969,-1.5228336993163933,-1.5339807877509706,-1.5652035905428796,-1.6002248606489289,-1.6300348285536717,-1.64349731222578,-1.6916228026442939,-1.7159018083289992,-1.7339555397959026,-1.7707870733214823,-1.8122818158811447,-1.826012093106899,-1.8728319598672423,-1.8772528417869674,-1.8931617770907911,-1.9356875637284277,-1.974637843551009,-1.9734702010416305,-1.996026633233915,-2.047411158512878,-2.0557233929109637,-2.06316139235368,-2.098781857337952,-2.0860083738482604,-2.0917319633600466,-2.1502124620977585,-2.1498038895116514,-2.110686972649071,-2.1303856710552935,-2.073788268956123,-1.9965730333871587,-1.9627012525715979,-1.9052849676049988,-1.7992556395829034,-1.783729995611515,-1.7197043043142721,-1.640668234896186,-1.611690106797434,-1.5682280418919128,-1.5405387417998195,-1.5570575010351733,-1.5190993038316216,-1.5097179333981763,-1.461442693346321,-1.4345771543148673,-1.3611397393945406,-1.2285690746195956,-1.1352857146553583,-1.0323571055507736
-1.7958116159330066,-1.8439635208383036,-1.8607379918584814,-1.8841999821002355,-1.930825597926981,-1.9528358416958806,-1.9913223139483174,-2.0336629225494782,-2.0822772126720386,-2.1013004884147675,-2.1732663985084058,-2.195783435132562,-2.251888499289343,-2.297530478398928,-2.353803875970045,-2.3667940444988247,-2.4242841534283874,-2.4313292144913645,-2.446181988707394,-2.4924479440582186,-2.5213660297395943,-2.5409585951513063,-2.544576702637679,-2.6696706326556776,-2.6667811060913484,-2.6565055504069575,-2.6815722065187804,-2.7357702120019307,-2.712712552345499,-2.7299193045900103,-2.7033123894225115,-2.6044273390290815,-2.5853883523158614,-2.5687076893799303,-2.4484348587706117,-2.343463653369132,-2.3191686516342744,-2.2154490647692096,-2.1252348100086182,-2.1021263314442815,-2.0778622658299866,-2.0805774899093814,-2.009656827276494,-1.9912917560453152,-1.9382049190500572,-1.9050670173027477,-1.8620258359952537,-1.6005736487672804,-1.5660678811774698,-1.4131099876864623
-2.083877167033846,-2.146307022418178,-2.1819479992341613,-2.2309633549212347,-2.279282950449595,-2.3338621960775625,-2.342392747952074,-2.429820369670564,-2.4436153127703775,-2.5140600089826233,-2.5430141068847143,-2.629415148376739,-2.697141005066321,-2.773879178909006,-2.8201848560840093,-2.863427629864526,-2.9149534595680304,-2.928492714042513,-3.0102310614745478,-3.0439746991561094,-3.0951718991911625,-3.0938299425456752,-3.1388113223496217,-3.22344810495835,-3.2812796397095885,-3.298319594298846,-3.3751713818551496,-3.364951423977553,-3.3680395591360908,-3.397068528569592,-3.425888645417869,-3.3635971184622457,-3.3234802651730386,-3.255998282114327,-3.163958150335125,-3.0663973064694776,-3.0162210224904613,-2.794453803612825,-2.7450735913152076,-2.617748845797346,-2.5874794700059276,-2.6731128870967296,-2.540408737940883,-2.5180446204093236,-2.457039584228618,-2.4396744523361633,-2.349775493423035,-2.0087866819108067,-1.8522578718783256,-1.62770703227613
-2.481835506040059,-2.6345388237550966,-2.675140227376249,-2.7604431930237996,-2.8568652416553317,-2.943616410643433,-2.9473001961709127,-3.0701089035262115,-3.117151742194854,-3.198710746303424,-3.2787264108650613,-3.3484259618294527,-3.405512648592741,-3.4971904335276447,-3.5264512787890445,-3.577258291111911,-3.658302465673193,-3.7310078356497747,-3.8260134137760566,-3.848207136921035,-3.993074962856606,-4.005600266692902,-4.0552487501129635,-4.107032765049612,-4.124049876267746,-4.174382740649281,-4.219854364703005,-4.204766536186213,-4.205909553113588,-4.29440956048854,-4.346914091407631,-4.208321732573458,-4.196545559845623,-4.11919922003838,-3.855944354283939,-3.7471694949674115,-3.5952551535269506,-3.358508350488078,-3.223822997756077,-3.025931896819514,-2.6155594029086306,-3.230768114406135,-2.7723703342026904,-2.1241906181572126,-1.6908735140399076,-0.5996442802709384,-1.881439568697351,-1.3909911837939615,-2.004197094559639,-1.6333930764004012
-2.911388375992552,-3.144270915952121,-3.164185673438921,-3.2220209826313955,-3.3854590498105,-3.4808117270949985,-3.5893461288681334,-3.73680571289362,-3.8343279755178927,-3.9045165803176327,-4.061348041743099,-4.122329628323595,-4.218466195122995,-4.351461763502042,-4.422340058198223,-4.519319890634865,-4.583929773450776,-4.676687275657162,-4.769088476879147,-4.763423639374035,-4.867318870655913,-4.868457784477381,-4.9464484233370705,-4.986609589996672,-5.0172676087702985,-5.04931338850418,-5.0985524513258556,-5.123901728649493,-5.0924180911043475,-5.22908089366743,-5.170390605946672,-5.083033388092179,-5.004895616120933,-4.878817350836377,-4.517987169134623,-4.356314744600212,-4.0958483990537475,-3.658822218050606,-3.75904983178989,-3.8575606310846653,-3.5262182702157174,-3.4387924780524384,-3.2230763906416575,-2.9934498163338614,-2.8957344818335193,-2.710524136321071,-2.558695698735733,-2.312157131431165,-2.111406255074875,-1.9411277070663266
-3.1178258922832134,-3.3647707114080863,-3.505180831525461,-3.6005534002817443,-3.822155351602724,-3.9975744707288823,-4.071636624626017,-4.26519376595124,-4.462478849485027,-4.5301150150207015,-4.771554055421754,-4.875567805823392,-5.05571180513146,-5.209490723748398,-5.287204114109022,-5.424948063291806,-5.557787727397928,-5.650655368846806,-5.772484626531181,-5.803609944515058,-5.873107411154446,-5.919473404553731,-5.988515529763318,-6.000109291615102,-6.058157287306809,-6.115994109469831,-6.332217101487071,-6.568821135667878,-6.55730112708744,-6.350873760641422,-6.17013163097799,-5.920569861752214,-6.043251431468971,-5.847081999554201,-5.403304665099591,-5.428441569045566,-5.213798327398781,-4.872714492518434,-4.638503599570946,-4.387736142062371,-4.114981594139824,-4.006491002079893,-3.7331065931839733,-3.3653789253418127,-3.2102278475943185,-2.984448294933292,-2.7976798593966747,-2.4886906690097,-2.271216163381505,-2.100339353756935
-3.4814340782371254,-3.613526334928562,-3.873135641955868,-3.9603470530101084,-4.257288752773292,-4.410154658853344,-4.652439630234736,-4.848199822861715,-5.08417253195444,-5.209328526978487,-5.454731747442963,-5.654304685120937,-5.90733319958059,-6.128160564710781,-6.283952837688284,-6.455584237011495,-6.684336194169267,-6.786291148611231,-6.921646773959438,-6.985648499354469,-7.0892205289875125,-7.235601010439315,-7.1975190857764435,-7.1163919504014315,-7.1516499633415025,-7.0187430644521696,-6.780806569130436,-6.6943106169999185,-6.6895941082802794,-6.691080311193094,-6.776752368337179,-6.757694405172446,-7.2649234314917415,-7.357645721498619,-6.582374197853007,-6.620683478535015,-6.365952305816403,-5.767674863623774,-5.450469992761855,-5.080547614875394,-4.6118461567108735,-4.353466906149671,-4.009774035697207,-3.597684653121953,-3.3330609958671316,-3.001818599454015,-2.9098621430163463,-2.4327526807363316,-2.285653694033667,-1.9964968681651258
-3.247105050380459,-3.533536680758292,-3.6055915553220816,-3.7891453347533695,-3.992627600728856,-4.241320251697144,-4.357827192288228,-4.737983499571675,-4.845311671047467,-5.004277396544853,-5.249280281916868,-5.435382307231962,-5.771477281466351,-6.241295001372957,-6.3479875278961515,-6.749917960508541,-7.102989814618379,-7.404274854513963,-7.778248416054203,-7.966169638837834,-7.962476028932217,-8.182937086231576,-8.053380650674288,-7.397885908743096,-6.926448803559852,-6.3766733669949485,-5.016479947785659,-3.40998505018693,-3.782466295883034,-4.028775464157409,-7.269523631611546,-7.601571996639012,-8.125122876637917,-7.798696785386504,-6.974487498792077,-6.533150147189952,-5.91302231696556,-5.235396906919055,-4.791350602549397,-4.454269698098784,-3.8554198144338234,-3.443959652743338,-3.20115552175681,-2.7296889937056674,-2.401816095200033,-2.2573536931450895,-2.010775789373139,-1.6938350437956238,-1.461356970536772,-1.1129650673505642
-2.62476948445169,-2.8397475590629884,-2.992227813041608,-3.0713887855488613,-3.2660980110406386,-3.372202658194754,-3.5498583712937446,-3.757924787435008,-3.7579877119493967,-3.9386779756307844,-4.290894885339858,-4.423162389810994,-4.74595103093357,-5.105249770979505,-5.231289133909378,-5.714802317447556,-5.932115071297959,-6.286953452496043,-7.02103067151861,-7.192566321103228,-7.310546206181093,-8.17369955485334,-8.407704090918546,-8.808260002175306,-9.184200314316062,-9.278593780257856,-9.66634686001202,-9.603191705041835,-9.177572158783546,-9.031757632319154,-8.578894017173571,-7.494092293240419,-6.837445587808284,-6.334214373286466,-5.098130228457093,-4.586022132048705,-4.248885904253074,-3.211387737983922,-3.0581117051328124,-2.629588942569977,-2.1308996517878747,-1.7329536995296722,-1.5017514127956708,-1.082397393692728,-0.8337915911121901,-0.7190896999687066,-0.49645423831760926,-0.2590619714646611,-0.06174414260657584,0.11020441680083447
-1.3992110596359828,-1.4439325681855415,-1.4668557581227972,-1.449989297631564,-1.515298739044154,-1.5440192703056586,-1.639140316304103,-1.646377850531522,-1.6868252680841371,-1.755168634709459,-1.7956619804978406,-1.839093458684969,-1.8049396459934066,-1.7457444397576338,-1.8380912592332066,-1.7167674337115733,-1.5406348835283532,-1.4320568935878142,-1.6492272570634134,-1.9574045255087182,-2.2393082890987848,-3.4391079577783508,-3.0959122366434277,-3.6248404791452717,-4.868060359325245,-6.364574553778976,-6.822194748692853,-6.034457980110497,-3.508094351106157,-2.7769107509793436,-2.463834103230163,-1.3983672864983305,-1.0615547893928432,-0.8560256804434742,-0.059908987862719164,-0.01834149596532813,0.4963554106694579,0.6545466122591528,0.899731705853921,1.2111319440710946,1.112404138202228,1.38468241037239,1.3854333918046515,1.3939979189708436,1.6030615786722469,1.5082079479203427,1.5349916627264226,1.8027511182562794,1.680300868664609,1.6715292021316979
0.16827016112441637,0.4215922768406978,0.804258217247115,0.7980171970935961,-0.29934831249933996,-0.2339966845504833,-0.08257224266982824,0.07935387385438565,0.3325345978527559,0.5570017556716438,0.7891964093236161,0.9337344625255716,1.6100749930109906,2.0631207975140575,2.4114168779036427,3.2209332569883715,3.7372571509954295,4.066307507831018,5.025709278948921,5.868213588998176,5.97382692259995,7.1783320745119665,7.176436564882519,6.356800441005119,1.411658653758533,-5.177970840545107,-1.226093591071861,6.996714609679644,6.5254631356124655,6.613534219397033,6.527573453214388,6.045759356545661,5.7867250036380655,5.689667210455358,5.595424559707897,5.300086232745627,5.064111561228532,5.072672754905854,4.837517707341013,4.665533460970312,4.4039253992611584,4.103900790687723,4.084995059612571,3.970346114980207,3.813985044006796,3.7983691614107875,3.8340830378769404,3.6453112871221136,3.5622987541618505,3.6017353164610535
1.1678223622284867,1.3454591500617064,0.891167901418376,0.7406181675214495,0.7574198699836976,0.9640142441123377,1.1088189244184088,1.3192318802113987,1.8655963577083583,2.0972605369682147,2.5244441732002465,2.8064898433958785,3.5510944985961657,3.989594546894399,4.488702899497892,5.343048733114944,6.007653943690982,6.427428157305983,7.3901799390961544,7.93541283321697,8.201596645742564,8.925169250901865,9.205641291828233,9.407047175018135,8.922348977203868,6.509737301728808,-8.835493747924117,9.81386249379765,8.395823776186155,9.438100514168529,9.266727087424561,8.615916932790109,8.432791238644274,8.222673955932134,7.576253386799724,7.501993244502987,7.189166185010476,6.929199395161665,6.655006897385121,6.330380214519324,6.148960081922169,5.910964555097171,5.680000629921994,5.546838478844118,5.370812098811673,5.170678542771479,5.118745463530334,4.975918120501184,4.826406988295758,4.728747236960355
0.874196044529129,1.07938036481063,1.3415457593668405,1.5250708579149648,1.7405573455336247,2.113737643567055,2.3576524204000564,2.6049819100878597,3.191680403479792,3.5163669421580117,3.9659062667862064,4.55862794248505,5.246604713502213,5.580786288096552,5.857945258211969,6.336914209084158,6.739189926743109,7.0357817038645205,7.520877550088014,7.877156034715706,8.229803538651677,8.695390461900388,8.796879226655712,8.970928767143981,9.276532430205876,9.07495629321127,8.368918424843072,8.020743623034031,-7.762151739630172,-0.6081800329960031,8.419405249176439,8.231869127386823,8.855460429223589,8.789522102366462,8.540919846875553,8.290659497636538,8.12172454577954,7.906250193330239,7.689983346612989,7.383637507733729,7.193236698286338,6.952481099806914,6.626866339681475,6.527198469519922,6.378424547313004,6.189329325671145,6.095434006271626,5.961154139698678,5.7190151164796585,5.6052575295745655
1.3120241408592692,1.5045068150666743,1.8132666118132255,2.0150228118756335,2.285818206107903,2.5483755022229486,2.7387149149819043,3.0021564920919874,3.401016871373542,3.5985804374566333,3.9489163782247427,4.100535343619038,4.576989977295224,4.977291360011225,5.059218162558875,5.595432236554051,5.997723918735226,6.116242027780349,6.504491789788755,6.725333172931125,7.069950149232689,7.468714638372397,7.660484817013644,7.802218677553746,8.128595824445165,7.990282578916491,7.414802434039251,6.549326712132928,3.9454228095630803,0.30203588902876544,-8.434572149512265,8.37249829351764,6.40865955955453,5.949110318401636,7.6501930813409045,7.284707501038751,7.279511506973581,7.470188975276898,7.366571895652347,7.221098749017709,7.017627412225124,6.88646939823414,6.754666734519322,6.625979819788834,6.432076019565523,6.292273859089782,6.199569184699084,6.102612001440425,5.842036928567559,5.821893652528733
1.6298485086830934,1.8020727726569314,2.0450548773804678,2.1934229357096,2.3741288327239927,2.6339284090885533,2.8080493740171417,3.0795635939362134,3.3219949811776526,3.4871169222500815,3.7982725570887474,3.8971378380778203,4.220878455744187,4.3737544407524735,4.595622410864069,5.037949473002711,5.2157303302930815,5.4423739708238985,5.672591356116255,5.909881288821295,6.010485259693814,6.292967684771423,6.512596270424011,6.672003761273666,6.000881756140663,6.406432170075172,6.694584235006076,2.4710556268309856,0.7381901760253686,2.9980081227538173,5.413195321608449,4.637964431967461,5.9051391706886625,7.040041857463245,-4.618435591879116,-6.9637172832123175,-4.368623741579072,5.064041432871026,3.7823921420929016,5.312033020799864,5.2873182426783565,5.6885907479008635,6.149539286072824,6.265255458021306,6.242529339000203,6.187006612209838,6.108693549208123,6.01731037906746,5.702218626788334,5.778781455999645
1.5239353004406468,1.7387536262657612,1.923766321775501,2.0586598086462704,2.1951019566322976,2.469621214825758,2.5495779593567143,2.746736325310895,2.92096909202691,3.0614111137560887,3.2491578131511027,3.3965273685143647,3.6422506511862074,3.802449551691449,4.001232293761394,4.1425860605617,4.401788236094876,4.51218165148344,4.650166450620923,4.832365854701673,4.989106023905412,5.18769964414802,5.329145065633268,5.436842754579561,5.574857441461868,5.650859339567933,5.813675072423181,5.903424783893181,6.0766976041664975,6.049726792154806,6.087333290081047,6.10214954673096,6.180575339416041,6.2228471124090445,6.208615563643029,5.89375338587414,5.469498307938532,4.9052730096597905,4.447983991069331,4.92814133901442,4.89509557404946,-1.1954808127518084,-4.519263646864879,-5.4416628634520485,-2.532117492114598,1.232469724000079,-0.7157974950867063,-4.574737303220095,-2.4201730412199685,1.5465195684104016
1.446722743925536,1.567004931642147,1.749153104931322,1.8371821567587239,1.9718976579435972,2.083866718662262,2.199551017271706,2.3323967683216416,2.562352610891612,2.6552873469715887,2.765385298592641,2.9315845847517648,3.0522674386341664,3.202325843177693,3.3360952855739363,3.494659142438308,3.6426949656241585,3.7017132316970445,3.834591907657045,3.9189103444276805,4.104177405852938,4.250357596797395,4.332606217245622,4.373287884616269,4.547578879893515,4.664775015626776,4.6684943257422304,4.683953264583902,4.854844214953861,4.9454046747121705,4.93181630036073,5.024045484191313,5.084315429496761,5.147138398479101,5.225407473130426,5.21968568340537,5.225992018290454,5.227741318249287,5.21634322193115,5.170107607353087,5.168369000286741,5.166784941442606,5.090902713241124,4.911032126622206,5.014704712421384,5.022613361094034,4.782878101028289,4.313424770231162,4.218830660436548,4.2098712557182925
1.2273607913692637,1.3247485985113545,1.4923323664737214,1.5799352698003089,1.663847503772132,1.8119582109285324,1.8503412189045303,1.9898884602334002,2.1520089564834377,2.2466602649488063,2.3051736403074226,2.381721569845197,2.542398386307436,2.6787418907552225,2.7689997455885464,2.835132519629913,2.922692517866477,3.0041010777458523,3.1858256985825273,3.2491672780727736,3.3095039676226836,3.4725770193489143,3.4942023286652684,3.5652974748208104,3.7208634638700127,3.795544695317367,3.7893390280861188,3.8489321009896775,4.002790935294528,4.117176967420398,4.179357540052545,4.212539968201172,4.22973511258247,4.312319741351785,4.377574023583817,4.3548147671191755,4.381850191054324,4.4458348708044655,4.483825879047028,4.394526247563934,4.388581303496829,4.423972227729744,4.433886131966398,4.424748975449483,4.3631743961307645,4.304049092293909,4.342849847310038,4.321849838328236,4.230153433522363,4.149086448570388
0.9250952383080379,1.0520181894439147,1.177715832484868,1.228841052050919,1.2582548570890901,1.408910736508772,1.482453642466452,1.5871848102939763,1.6507920989406097,1.7288345030691823,1.8710610957953608,1.9249131094450356,1.9902860635480069,2.1142012331945597,2.193843359752159,2.274027946211775,2.3629103417079893,2.4313553413326705,2.5211593894020963,2.5763840640254427,2.7006669067816333,2.806030751159911,2.8297075138059617,2.8679933372897417,3.0410919799137766,3.0650999770322356,3.081776035269216,3.156309220551958,3.3006654349064815,3.3092029336913407,3.320786185132814,3.444533338038902,3.5022114262215887,3.499218390443673,3.517553136355902,3.5947843134031596,3.629669654283128,3.684548529615318,3.6930066386622395,3.6507194732385333,3.759713777839566,3.785553104506114,3.7829584887316305,3.74527403780055,3.739192157114818,3.679869373944875,3.6628309251499496,3.6668374065358402,3.602438501264591,3.5144637140992367
0.8148046984626556,0.835678938389049,0.9380957960491865,1.004672413041439,1.05598228764116,1.129224779243589,1.1869303338590376,1.241267782475033,1.3258335995128367,1.3907146706797644,1.4015257411760749,1.4545371620297112,1.5902456200755701,1.634177931825402,1.6696598377207394,1.790485105071758,1.8722519250767837,1.897636019031737,1.9906577150789162,2.083653839827108,2.1271396511791925,2.1773597489078953,2.275243493992504,2.333194012284675,2.3507976503455943,2.414563479099251,2.5122200697809784,2.558480084139616,2.613590290513036,2.657072438585916,2.7446126995420537,2.819891017160091,2.8463420788297507,2.85604701456787,2.9584332965467772,2.957384418730269,2.966212545871288,3.0149029410559343,3.00196675809596,2.9866544171894294,3.0263768007939555,3.062212589717374,3.0991582570735408,3.1064421649649505,3.054740491574998,2.9205371168979997,2.806048548431225,2.821339853458154,0,0
0.6589959976050065,0.709729997933272,0.765418380667451,0.800601042274531,0.8657868951746652,0.9225754219464353,0.963219911238276,1.0404896208259211,1.0858747177390586,1.116767444623773,1.190812011888498,1.2315535325728817,1.2857751005788247,1.3288675859050214,1.3839690594944138,1.4242433929806908,1.4744880870680293,1.5449637566818206,1.5817430489822841,1.6050709968864798,1.677801943700677,1.7510110754360868,1.8032720427305327,1.8544985474108817,1.9890240512912876,2.036130682253877,2.0411491649214075,2.0942379591043405,2.1239081871582877,2.114773160068609,2.162881342902881,2.263732013110252,2.2895997253159277,2.330928399696745,2.3907904846074075,2.457989564423795,2.5019868994270853,2.493375919882739,2.4752365653344013,2.4416472270598035,2.468554453564772,2.472951742197075,-2.359779708069122e+38,0,0,0,0,0,0,0
0.5083118637208655,0.5531556587415799,0.6264557337013362,0.6618466085701825,0.6867491459145655,0.7635693930601866,0.7849206366553568,0.8139387413616341,0.8982259649680254,0.9302474418861942,0.9811265973485666,1.0222877951013567,1.1051073942307608,1.110827172468571,1.1353919719805967,1.1583601316272696,1.2043550940996541,1.2323783910528918,1.300325761539845,1.3381598163886448,1.3582911755417815,1.4298743908314833,1.4466706305107018,1.4757141302298407,1.5747671372118464,1.6119042690788132,1.6394701086933083,1.6689317676372766,1.7397913593663297,1.755213549115229,1.7612343367393153,1.7916605786729416,1.8383303114332523,1.8577700345440278,1.8459654879381908,1.801243248098999,1.8035841766023772,0.77568523063582,0,0,0,0,0,0,0,0,0,0,0,0
