jsons/1312621200.json
{"header": {"parameterUnit": "m", "parameterNumber": 2, "dx": 0.1, "dy": 0.5, "parameterNumberName": "Eastward wave", "la1": 40.97354507446295, "la2": 16.46031188964855, "parameterCategory": 2, "lo2": 133.9931640625001, "nx": 191, "ny": 50, "refTime": "2011-08-05 8:00:00", "lo1": 114.97908020019554}, "data":
[rows 22 to 43 of 50, columns 50 to 99 of 191]
0,0,0,0,0,0,0,0,0,0,0,0,0,0,0,0,0,0,-1.1846890739128988,-0.663368901097434,-1.1548419275433992,-0.4135171273721383,-0.42190922563948113,-1.3202731800358392,-0.5341162427830504,-0.7783109989990086,-0.8781795647748663,-0.7411754249980665,-0.9455521199831564,-1.016342285045616,-0.7270398355517549,-0.5652465239063319,-0.44914033785795626,-0.36372117266346204,-0.3607495714369267,-0.2547402075455964,-0.09718594873067382,0.20122154146858529,0.4155729371391147,0.7290554824092965,0.7842690100340817,1.0535327564958084,1.220880624691665,1.710851506278843,2.0110942897535806,2.244513790815779,2.850085446532169,3.256878467875465,3.469361821307658,3.9951302140843317
0,0,0,0,0,0,0,0,0,0,0,0,0,0,0,-0.558870166266386,0,0,0,0,-0.5532700444954741,-0.9474213676549604,-1.0452387352471866,-1.1124528798160918,-1.2972413121186845,-1.525595088099175,-1.6662509935450225,-1.7286434075645802,-1.8265951955893291,-1.8492956106973604,-1.8196765639158217,-1.870903496319654,-1.89721241050007,-1.8641913714102534,-1.7367946339662683,-1.6815273449148826,-1.4687953306731796,-1.4304977546455564,-1.3157987789069683,-1.0904107053867602,-0.9647135254006375,-0.6266313663501352,-0.5876107896943751,0.13385579526780306,0.4284293521233815,0.7956826633215713,1.545237976066268,2.065282342789211,2.3824306193594467,3.2544721779884607
0,0,0,0,0,0,0,0,0,0,0,0,0,0,0,0,0,0,-0.88016703873953,-1.1197937103993016,-0.9681471832089138,-1.1890870243234997,-1.635962660326018,-1.8398291641319175,-2.2401606096318165,-2.487435813836776,-2.5915287438448384,-2.757193389794666,-2.889063068952566,-2.9655193334110437,-3.447016522460232,-3.733905434045676,-3.8311913131681883,-3.789716335138965,-3.7517911085991904,-3.7985721974542748,-3.7268997236624974,-3.791644960589806,-3.9279389156419975,-3.80141249738503,-3.7506002148790087,-3.7525659070175466,-3.426215651512824,-2.881708760103878,-2.5565139475051373,-2.040399432837578,-0.9511376360803024,-0.31683360877158023,0.09384561446432482,1.2488715121390568
0,0,0,0,0,0,0,0,0,0,0,0,0,0,0,3.3038944722661223e+38,-0.9688872259212683,-0.485357823240195,-0.9608011503753544,-1.6249156573792838,-2.2036084353841603,-2.4954563631464333,-2.899394007979375,-3.096969047667306,-3.3198797581308273,-3.659200630245293,-3.919030664627211,-4.232955770650711,-4.460031290598031,-4.611112796989544,-4.808243907693981,-5.074293394345671,-5.248309184538968,-5.249299681440955,-5.419810105464195,-5.596254241900483,-5.62838216527478,-5.6501979011910315,-5.830225376491381,-5.754861452847941,-5.6007793997467745,-5.65860999098118,-5.411000281159433,-4.927428706430078,-4.667891138994274,-4.241948840409047,-3.1394837058290417,-2.750890937772104,-1.955022437519223,-1.1298955503507684
0,0,0,0,0,0,0,0,-0.4593611801964243,-0.4775395025538114,-0.6448201332677704,-1.2410853626585931,-1.6277955947801075,-1.5651495689281805,-1.3343872361515727,-1.5134626003072111,-1.8633895340789342,-2.246062444524696,-2.5052601648916513,-2.885406596137987,-3.160694730552622,-3.442774101138785,-3.7787039042410524,-4.001850221720901,-4.257724537752427,-4.515425278888538,-4.658153105559178,-4.931680162889067,-5.203892871717128,-5.3497250471034965,-5.530408981963084,-5.810971619483186,-5.9254988769756975,-6.046120154218205,-6.131378380837262,-6.437882178979015,-6.561501767139518,-6.656487077060562,-6.828944021288457,-6.793905616706678,-6.812286798231602,-6.908185594819205,-6.861909647856652,-6.658983673758179,-6.643926938635598,-6.3762348813923815,-5.936008755352997,-5.543080686011019,-5.21961743338405,-4.36622424277557
0,0,0,0,0,0,0,-0.4357352584710861,-1.0473652724807432,-1.5382755647254063,-1.7489191824180963,-1.9959856008523205,-2.303133677572721,-2.470118271267268,-2.6269936345700513,-2.7807060191023356,-3.055474233389501,-3.2503472348784666,-3.4575483779097542,-3.7169555775027843,-3.9581621521816777,-4.147668994534656,-4.402061836811229,-4.550688528273485,-4.765017215415067,-5.03267202843904,-5.188656127678742,-5.380003537111982,-5.636757829913096,-5.765900159099479,-5.952922288454931,-6.162758705687792,-6.295197073354046,-6.412339335726069,-6.518701971843754,-6.702787104080543,-6.817638552392592,-6.962706174871036,-7.097910008672602,-7.1794438944801335,-7.2342213256047865,-7.396157784258044,-7.438437397411898,-7.45567345577958,-7.593671270582355,-7.603900377229358,-7.554010208498822,-7.490224640011763,-7.4798223254496605,-7.308688549444806
0,0,-0.8809652902719188,-0.5578796180782908,-0.8775095535392616,-1.0942749553212334,-1.473521201305636,-1.6862500896394548,-1.9524353861816577,-2.167944551072063,-2.339862678396412,-2.5123975715197315,-2.7298704141166388,-2.893682538429583,-3.065613769977499,-3.207485115142654,-3.4414145176479525,-3.6361295295827922,-3.796078992185762,-4.023465140626432,-4.204969075714593,-4.365081698546991,-4.5733714145889754,-4.68956102507733,-4.846982312251436,-5.102659845400432,-5.17098837703737,-5.364679644171271,-5.585932252913747,-5.701386623888691,-5.826545457765238,-6.080927456111715,-6.168803834769546,-6.2963459058242615,-6.453521709591822,-6.636460645199317,-6.721264871007768,-6.791353822208336,-6.895145008247487,-7.006976242979722,-7.042513638574767,-7.16506430921389,-7.210862731559877,-7.209404507039528,-7.154206956943789,-7.1158689017759995,-6.958805365281828,-6.684731314175491,-6.527984929973204,-6.30779984560789
-0.7395333356185041,-0.8608176626739185,-1.084814297727733,-1.358513272161639,-1.6362947284901996,-1.782405427971438,-1.982416416493366,-2.1156676349984562,-2.2674708764792046,-2.4599489491680724,-2.5689121970999964,-2.7524005314179085,-2.902172763888453,-3.0498973044842805,-3.26245351546898,-3.3901895478579687,-3.559482685694327,-3.726034097293847,-3.8262368582376642,-4.032014644170422,-4.205279635127632,-4.318561526205507,-4.520658014869778,-4.625863526032969,-4.756857540530604,-4.941765953897208,-5.070868543425726,-5.18492798695454,-5.395498907172524,-5.490090492637422,-5.601918121993407,-5.794000784138579,-5.891966699712793,-5.9826779924023255,-6.054651272974312,-6.191279065938017,-6.284609230858517,-6.343604291861689,-6.487009543026181,-6.546200953664686,-6.602438783811827,-6.678097715265724,-6.641462059219568,-6.507886394368499,-6.4085336451708965,-6.305536743371604,-5.8823896240859,-5.473751155892633,-5.289024369893662,-4.470190758137554
-1.306224023185787,-1.4778355781216335,-1.5912738137239044,-1.765188895816741,-1.9152793469659994,-2.021980985880028,-2.175651968071437,-2.2616131732649283,-2.4206376201921227,-2.546922621888307,-2.659151546966169,-2.822552504781528,-3.0002932476492576,-3.1078230827425046,-3.279510735689193,-3.3883660303296854,-3.563655543878043,-3.680118064973082,-3.7787129287963412,-3.945276019055216,-4.076671712191003,-4.165887064459166,-4.336242341128616,-4.433688004032188,-4.553879845269179,-4.7374109413630565,-4.824504209291802,-4.929828396595959,-5.113994501634025,-5.194744778519834,-5.3119020249944375,-5.456732113184323,-5.52644695342976,-5.614900692815105,-5.682492047018109,-5.872322194896387,-5.947102161933154,-5.961718311305833,-6.093116637961986,-6.133302068030832,-6.106721454576343,-6.14791665022097,-6.088861916670934,-5.934694234944244,-5.771913834218446,-5.5464663083782755,-5.118906404917191,-4.61805069144749,-4.40164137072439,-3.662832382588013
-1.5073071129394449,-1.6974017885752841,-1.793423223261304,-1.937250354230755,-2.058102347430026,-2.1284087258596727,-2.242775374721318,-2.3573160093741867,-2.4689407315039804,-2.6285896647445046,-2.721586314797378,-2.842857316679201,-2.987918972989054,-3.0805726615229667,-3.169376762786033,-3.282038422366926,-3.4152015907847817,-3.5271368962196914,-3.603726303016642,-3.785663953482404,-3.887900803857929,-3.9707904782715793,-4.1200230947582295,-4.238479829978281,-4.337720429780151,-4.498520505340535,-4.599524979875346,-4.712163614379531,-4.856976887556096,-4.921358990303416,-5.007726633036037,-5.141415167350191,-5.239103448575244,-5.297639296173358,-5.39132715883222,-5.516066041957078,-5.597353499131414,-5.652976286275127,-5.799054233764376,-5.777402126161524,-5.78933806574564,-5.7851450034794345,-5.723058719569198,-5.550713951686351,-5.5050567429553,-5.218642993889791,-4.796452768668266,-4.4521157745589885,-4.245431116877621,-3.74316599241061
-1.787030243058478,-1.8841935249149793,-1.9421017129641058,-2.040232304072028,-2.1397069822083212,-2.2218931874617565,-2.2795578603568445,-2.3700197179707474,-2.3735836403892336,-2.2443657010292237,-2.112530013083504,0,0,0,0,0,0,0,0,0,-2.9107207993836686,-3.3506842536156767,-3.7115897727665055,-3.8597599167289585,-3.9976880496732385,-4.163927990678969,-4.279340293039303,-4.363478571276415,-4.523515325234539,-4.573422099854299,-4.648547829550302,-4.802340878623089,-4.8779970611365595,-4.928903206788407,-5.019419049227558,-5.1577080167187415,-5.221428228226526,-5.268209897512699,-5.396759292135532,-5.40834905391067,-5.3869628981001005,-5.393676498658519,-5.373826479405112,-5.342313025694016,-5.2665482761531734,-5.103579266523648,-4.883922607801822,-4.74769098683962,-4.590516940357653,-4.255153806620014
-1.6053926771708031,-1.625147294861068,-1.6189377739619843,-1.5720893666865245,-1.4953012646449522,-1.40055492545294,-1.1871989486302204,0,0,0,0,0,0,0,0,0,0,0,0,-2.294756345299647,-2.750428938059095,-3.0423611371468198,-3.3634183233421706,-3.4801060804300556,-3.6906199572947944,-3.8470679018590035,-3.937798457651456,-4.0259696300021295,-4.124583094853962,-4.195817175151369,-4.273073078250533,-4.430216257884057,-4.500885338627373,-4.552755801518274,-4.653445557420878,-4.7744897612511945,-4.843876392314017,-4.786381700556286,-4.6309847408217095,-4.879279632730297,-4.903942557685863,-4.534420627351825,-3.645705400767726,-2.4096536992313418,-4.6378813693570855,-4.862767833141998,-4.746375286018834,-4.743536069740878,-4.647793965460269,-4.38860762578607
-1.1039336052727424,-0.9815759074990785,-0.9194747030813226,-0.8142797469565037,0,0,0,0,0,0,0,0,0,0,0,0,0,-1.9709586941787398,-2.290952917239618,-2.622432642146867,-2.8452296437172278,-3.003958519031758,-3.2146565478364404,-3.340069566538161,-3.4696263696266696,-3.6137487023941075,-3.6708421418361556,-3.739051078679208,-3.8116900079389686,-3.86287574576104,-3.8806698214198905,-3.8612603133525236,-3.800544977560145,-3.7039204159694408,-3.5508468146115963,-3.352963152923039,-3.1112624609576884,-2.9900560214194556,-2.950184748759725,-3.311306753052806,-3.495005588616195,-3.8823740332500973,-3.96882773678055,-4.05590363642591,-4.202015957446599,-4.285324990967646,-4.263274086142993,-4.342644411398976,-4.259343264575478,-4.0878420950996555
-0.6290792710641375,-0.4789856843382857,0,0,0,0,0,0,0,0,0,0,0,0,0,0,-1.974287444763929,-2.230255707793625,-2.4181497716160476,-2.612275287154394,-2.782713911625953,-2.874283751664723,-2.969711287461064,-3.0359098607829496,-3.100773743222443,-3.1548615976665575,-3.178277897895927,-3.170784032114975,-3.185164339918049,-3.1572127814444317,-3.1034558252557,-3.093687976467011,-3.1034488531767646,-3.1084865331583464,-3.1158692424278747,-3.2175198601479975,-3.2547244237797437,-3.3640014703969743,-3.5327780099103037,-3.6015507646929508,-3.7082806837982933,-3.8607253437667852,-3.8956940461045635,-3.9198740372532743,-3.9704018304378974,-3.9548919774228226,-3.8776521390463605,-3.870882340018939,-3.8121786732310423,-3.6908080871041165
-0.43377590218816786,-0.1519116948315795,0,0,0,0,0,0,0,0,0,0,0,0,-1.7363725115066218,-1.9300791041587129,-2.1322429544630004,-2.294542313378259,-2.3972955469543953,-2.4950719848967373,-2.5745844579779105,-2.6257881347624394,-2.6969430987406104,-2.731954083939473,-2.760548872251478,-2.813897371288362,-2.831024960347682,-2.8553879799953434,-2.8843711970177606,-2.904517296212598,-2.9172484574957593,-3.011735492109919,-3.0477062547884475,-3.1120956851356665,-3.1483408244096354,-3.273674151103331,-3.327652423117503,-3.396631771468417,-3.505092384999222,-3.534087872744256,-3.590220213244689,-3.6784728660536117,-3.7055861227102334,-3.6942303451227283,-3.703042751035982,-3.6677022909484314,-3.609788811989636,-3.576963519890522,-3.5498821428309855,-3.4636078175734033
-0.35498706992596457,-0.31603986164420167,-0.2792025761704955,-0.2909176595192291,-0.4388035243293674,0,0,0,0,0,-1.4042967438764367,-1.4439173819024225,-1.6635322212368044,-1.7909334941397153,-1.9282529979941674,-1.9994842860550615,-2.0982537735027047,-2.199168174421534,-2.249052328482324,-2.3272744538528185,-2.3864228851673754,-2.4204733029931584,-2.472687802196805,-2.501955729667152,-2.540162070768043,-2.596867272810863,-2.628621392742078,-2.6703853739557797,-2.753062313169496,-2.785555426548345,-2.8387507331797237,-2.9257640345655878,-2.978276952244409,-3.0243642075175594,-3.0861781278213094,-3.190662482103229,-3.233845111304067,-3.260130027116608,-3.3295624685305323,-3.3719900559990617,-3.3926521715739275,-3.44114825018492,-3.447412575513553,-3.42995917180128,-3.422786936227831,-3.4076995215612933,-3.362481595331488,-3.3667381678800057,-3.3538907874858803,-3.3090779084109867
-0.2828938128917474,-0.25790877487715813,-0.22427104555902783,-0.23734223250282052,-0.32513320174808313,-0.5762503165290357,0.6235804882272429,0.4992048309909476,0,-1.2375515677136,-1.462732335514155,-1.6312936301757792,-1.7588697891904381,-1.8220564740761882,-1.910658278742571,-1.9693207808381112,-2.043829109500465,-2.097615735069164,-2.127270564927463,-2.18298693384354,-2.2427113148511113,-2.2788779243570336,-2.358915103534011,-2.4073377991768257,-2.4322408682088055,-2.5049267443247607,-2.554290714631006,-2.5847807024605434,-2.6643181053525775,-2.7016718901969554,-2.7611338179491116,-2.856882714815998,-2.885600296960508,-2.9299146644999716,-3.0034794972577825,-3.0682776618952627,-3.1022706004868654,-3.110845621157277,-3.1550775387673755,-3.1644915743634052,-3.1901794142162183,-3.2089849695941757,-3.2150544777540557,-3.194776881615639,-3.213561917610977,-3.21446398917626,-3.1882622808510597,-3.2004710117367683,-3.183933754828572,-3.1419522200231467
-1.0011314948077732,-0.9941480216125068,-0.9984833892019455,-1.1392570506621817,-1.1837075672140114,-1.327244351903688,-1.447696520204345,-1.5102629024671301,-1.5904441383452745,-1.6424825449133478,-1.6776048660269893,-1.727465225272914,-1.7891285126784289,-1.821588460954085,-1.8870261209235861,-1.9329317358718963,-1.997806636985521,-2.0418694953425285,-2.0879502914556958,-2.1508675223496936,-2.2113074902858596,-2.2324829834523725,-2.3074635686792853,-2.354734108224844,-2.394932126152243,-2.4704618911614826,-2.490780344379547,-2.527583502238004,-2.61186044804428,-2.6381728862401186,-2.7082152356533697,-2.778856412428988,-2.827669707411344,-2.850384660018646,-2.8796666259576984,-2.9485304318877343,-2.9655925370234453,-2.9926555998419384,-3.016291518528321,-3.0123148043420596,-3.0160909891244208,-3.0530031826818083,-3.0656255133520283,-3.066056582459157,-3.0827458348955936,-3.0797181571083643,-3.068298210175843,-3.100598282682819,-3.0820472798554324,-3.0492903663996658
-1.1904297412137264,-1.2298481753072652,-1.2635159595825471,-1.3633609216891507,-1.4030778810459201,-1.439456699922901,-1.5160537749676004,-1.5219882998283811,-1.5783512097314139,-1.6340361701362023,-1.682179258466768,-1.7281404938625298,-1.7938929157392443,-1.8280379305142784,-1.8811334227620324,-1.9104019804792471,-1.9650567628762357,-2.0180506617549785,-2.0398862855690196,-2.13223712054297,-2.16119101833063,-2.189957950495025,-2.2361612852678565,-2.277413294038382,-2.3250894459676053,-2.386728088450158,-2.420775440479385,-2.4663354690400485,-2.533589184512837,-2.5714829719888455,-2.616034123327569,-2.6666411175222042,-2.6949762092618794,-2.73012993938991,-2.752762479031267,-2.7941751633401553,-2.7960620891542822,-2.821459470632626,-2.8597062203345813,-2.870503776887836,-2.8872915220057083,-2.9094019353266285,-2.929911463350255,-2.9311450640191166,-2.9418464812695793,-2.935719180587224,-2.9222389655657044,-2.941702145913457,-2.9374055488331705,-2.9184668904437547
-1.2786283006454484,-1.3297176221777893,-1.3413624299511684,-1.4079270993776867,-1.443802903699568,-1.4754868921663915,-1.5267835908866592,-1.5744129987257556,-1.6108708997194243,-1.6682537142193332,-1.6808706800691502,-1.7430363693041195,-1.804249485197859,-1.832904143368171,-1.8683102743473294,-1.898358241734938,-1.961360794373081,-2.0079971522937052,-2.0431864860467357,-2.0998023572486595,-2.1389931106117186,-2.164456545776157,-2.2150193957383824,-2.2281812223023962,-2.2849176622127447,-2.3408143634877088,-2.377305939556658,-2.4294613551052953,-2.4750416911160356,-2.510647040829101,-2.5263776326376157,-2.581020052611711,-2.609723812198628,-2.643301902561036,-2.6694797273327944,-2.6896507171171855,-2.696056852058349,-2.717352150855594,-2.7527729673355847,-2.77096971919037,-2.7923375202540384,-2.801379334566073,-2.811209528856235,-2.812122677009147,-2.8253204892120394,-2.834314550239888,-2.814682526901581,-2.817282822983576,-2.824595863253299,-2.81802422111061
-1.3001629685592537,-1.3537532795639782,-1.3833465814002301,-1.438803937844602,-1.4660775203778174,-1.501997820165934,-1.5442618307188787,-1.5768459002518596,-1.63061533251311,-1.6621497107180372,-1.7096475986198312,-1.7688214674107947,-1.8014752672428176,-1.8396235206754794,-1.8858355641952291,-1.9014637518474817,-1.947105745972569,-1.9822254810165068,-2.002790438770332,-2.059253243906523,-2.101505658326335,-2.1284453589577046,-2.2009614867967158,-2.2149187854932917,-2.2484759717556564,-2.2987193996458513,-2.320541414305831,-2.3564796967644543,-2.3968460251950954,-2.4184505239680316,-2.448560937813357,-2.4799419286265616,-2.5029164763219804,-2.521183845918008,-2.545200343475591,-2.5694500939952656,-2.5932504372231957,-2.6130385677680916,-2.6540200378948806,-2.6605742864151534,-2.6700673543974487,-2.7004181473157334,-2.711575204053734,-2.7119772336026937,-2.719313719400641,-2.725320186503277,-2.728050954877585,-2.7304487017297068,-2.731090208025352,-2.7298377674258996
-1.3446177352753685,-1.37365026648357,-1.3929437616039728,-1.4518189369163421,-1.4867027280230718,-1.5142819359910913,-1.57945449177971,-1.5941535311175914,-1.6342192782489107,-1.6975709034545678,-1.7080062558866627,-1.749612371760892,-1.8136318683568537,-1.8214761058008624,-1.8568918186656886,-1.8981529663159928,-1.938788345427887,-1.9659788548566037,-1.9922954305548506,-2.027909753553104,-2.0673523180112885,-2.085146595201469,-2.1175658036919565,-2.1577349645517017,-2.1975254711796457,-2.2322351003551697,-2.260308954793633,-2.2999303852607786,-2.3173983943691274,-2.337551581879611,-2.376559262112332,-2.408007661496079,-2.4307905582220393,-2.4533655505904215,-2.463844342574137,-2.4909952867750724,-2.506858097340106,-2.5086756744127605,-2.546643263086456,-2.564413400140354,-2.5730037229022673,-2.6016574579939697,-2.604704359276565,-2.6154417731115274,-2.6437285838450824,-2.6413058780690695,-2.6363781249721114,-2.6437237221288905,-2.6505830830853743,-2.6496200949638857
