jsons/1312772400.json
{"header": {"parameterUnit": "m", "parameterNumber": 3, "dx": 0.1, "dy": 0.5, "parameterNumberName": "Northward wave", "la1": 40.97354507446295, "la2": 16.46031188964855, "parameterCategory": 2, "lo2": 133.9931640625001, "nx": 191, "ny": 50, "refTime": "2011-08-05 8:00:00", "lo1": 114.97908020019554}, "data":
[rows 22 to 43 of 50, columns 50 to 99 of 191]
0,0,0,0,0,0,0,0,0,0,0,0,0,0,0,0,0,0,0.08080541969505986,0.06287825284427864,0.20533413446588528,0.09553748148176874,0.25739470954854593,-0.6000318368287298,-1.1933018574324339,-1.3636238490682404,-1.2252536756017907,-0.7792409234384537,-0.5368236533269367,-0.34397426358616223,0.04424557258101423,0.2833134164182132,0.47433100985505977,0.674270481594434,0.7618090551473367,0.8534499835828273,1.0139874635527062,1.0424445627091026,1.0619203340123635,1.1277096922901224,1.1362258467213926,1.1547043218120785,1.1598039575257753,1.2285025826013922,1.2486925987621398,1.2556373914458088,0.9797217960170728,-0.400558871558997,0.890344783913831,1.1575513354732272
0,0,0,0,0,0,0,0,0,0,0,0,0,0,0,0.007519718573844963,0,0,0,0,-0.358271291793515,-0.7140973836556022,-1.0191480011151024,-1.097808695530568,-1.128257267138709,-1.1293960205717668,-0.9347471904208335,-0.4914355292412717,-0.2555060166466743,0.011236405414470109,0.45499013073792943,0.6738937259189934,0.8348610079227627,1.0110028310775012,1.0260732572470748,1.049768092413385,1.063917106819414,1.0787002501038843,1.0772437297268744,1.1284069566880135,1.159092447664534,1.1869536603885746,1.1988873007314675,1.2365152845991294,1.2614680650009058,1.291629347714838,1.3296078354123553,-1.3369256156989289,1.2753139291059004,1.2691889696263152
0,0,0,0,0,0,0,0,0,0,0,0,0,0,0,0,0,0,-0.4046159489725019,-0.6907267817952587,-0.8351646777608436,-0.9683527079186107,-1.1669952289308076,-1.162852121847712,-0.8538845974858063,-0.7392335681533007,-0.5094196802145738,-0.09958272159868221,0.1319616499966981,0.3442251260033876,0.7494640664346746,0.8331610525528131,0.8554043839052929,0.945903789037422,0.986457799155775,1.0181990547792843,1.1007761990156195,1.1354680273795268,1.1471689693309532,1.1845841869454607,1.187615702975146,1.213530429244891,1.2232105600138778,1.2487942530759994,1.2647592172143662,1.2779842987384686,0.9835284595412298,1.3070755241563736,-1.2436271088248676,1.251040992825404
0,0,0,0,0,0,0,0,0,0,0,0,0,0,0,-8.1454825486999445e+37,0.08031556989936364,-0.5173903857607539,-0.7650934874767883,-1.0854146823655582,-1.095548000651478,-1.0598532507088378,-1.06123451560859,-0.9112117151581922,-0.598641585005554,-0.43661781292869256,-0.2588279395164148,0.2671481022977045,0.4348611479870626,0.5740096688536679,0.9246186916019037,0.9492949744165152,0.9830659917366562,1.0665923811326192,1.0890795872170294,1.0778630697311722,1.1094105147884927,1.1059747768293224,1.134765649410711,1.1634327557244946,1.1654447086101547,1.1855322003146063,1.2040582236778903,1.224553779060026,1.235674491033562,1.2465820284763514,1.2590209032135946,1.1563767588307476,1.1838527186780252,-0.6943647455090302
0,0,0,0,0,0,0,0,-0.08302058845644672,-0.197536371530901,-0.27178759570964034,-0.3344479974928392,-0.46792321926686364,-0.5520381670232662,-0.6999960868529072,-0.8393666321034449,-1.0513808029698282,-1.1642995918469894,-1.1631059619031439,-1.2163438331682048,-1.020246133753619,-0.9152667745874439,-0.7601129600113593,-0.5877880040639512,-0.28042727189016053,-0.09778118663667068,0.09265953591687152,0.4554274214029596,0.628337533632601,0.7445633259798151,0.9757815810520117,1.0089229038024878,1.0180794494240446,1.0750011747559276,1.1367820198252128,1.1501540324785584,1.165072000273069,1.1472182025786077,1.16395900654952,1.1826766252477499,1.1890384268986889,1.1882379285822697,1.1908570502254057,1.1977078520269746,1.199414776069791,1.2097055287403844,1.1920458547583306,1.1835811977540929,1.005298159885336,0.5806212374073747
0,0,0,0,0,0,0,-0.37373402297671027,-0.49403416804483374,-0.6954760704607122,-0.7835818772766981,-0.8917657314166838,-1.0394766771690558,-1.0991177083592538,-1.1023806018955913,-1.1014057215953545,-1.1464574431238128,-1.0036224470394977,-0.9512697668793643,-0.880573496621763,-0.6632455881032435,-0.5388946867486936,-0.44075541323066086,-0.34601072529440824,-0.1278279518408395,0.029809284335741454,0.16219221481414065,0.4017113720009963,0.5713666227658667,0.6987604870376126,0.9004894596910842,0.9456925795784727,0.9841920043187496,1.1121771699784972,1.1529985831190022,1.1628737927181283,1.1825669545266073,1.191228255015812,1.2001110327313755,1.2119713062876913,1.2134801512277216,1.2036581656506273,1.2042363605237456,1.2134612411775445,1.2064040873159088,1.2066656418194064,1.2057645670175794,1.2077866247833566,1.2078469393468583,1.2105723553320613
0,0,0.09981316836175042,-0.45796973175971495,-0.5843092479514076,-0.6741474272173408,-0.8405751863180312,-0.9135686477083995,-0.9903505747404328,-1.0773531189654604,-1.1233409883405083,-1.102153557592624,-1.1471201575076555,-1.11962795215637,-1.0306584229069014,-0.9674346408762329,-0.9419144395667165,-0.7877027301010214,-0.7507254686966592,-0.6650991363083872,-0.5387831723833792,-0.4267244760435878,-0.35208814129103966,-0.2580565646504577,-0.0640532519721682,0.09272030357058103,0.14043077408871002,0.4653880665066406,0.5647360788274316,0.6514536405558752,0.840603157576517,0.9135652535277646,0.9643174450347232,1.1201805335716029,1.1301232688859109,1.1461323141559536,1.178180980807997,1.1883397152365327,1.1918964325796335,1.2073533860133112,1.221064893287982,1.2191697855227317,1.21560334841214,1.221143150095885,1.2032414471592803,1.200457462190934,1.1979150648347918,1.1934667334453126,1.1903400874725951,1.1655075114014757
-0.6124687894771852,-0.6857944706124964,-0.7677063297126474,-0.8741756388081073,-0.8976880300979552,-0.9415217369159948,-1.021418118472253,-1.0284816164267776,-0.9614715188673243,-0.9983657897565881,-0.9711686607984453,-0.8927326544046533,-0.8923400128382747,-0.853026724839383,-0.7728884013165175,-0.7226959483459825,-0.6919760092456043,-0.5928490632540717,-0.5489587465192478,-0.4665610440380334,-0.3519123358446017,-0.2967619293851755,-0.22547409641767688,-0.16117309455222606,0.0195126737095799,0.14532297034072522,0.22643193622972996,0.39670849633957045,0.447847949659551,0.5711839853264876,0.7703052742736345,0.8439462704221696,0.8889130432809291,1.0446174759375164,1.118369359714541,1.1360684859683146,1.1723727144070684,1.1773834855159333,1.1886835817995403,1.1954341390848446,1.2052388381283823,1.2057756122942953,1.2121245042266988,1.2255953384956486,1.213428961325093,1.2072740526387544,1.2080526126962734,1.197982011730279,1.1948141567964865,1.1783864172812966
-0.858148961881924,-0.8501488996634987,-0.8854964149842682,-0.9160818982103569,-0.8802157854001104,-0.8637654731271475,-0.885628106712889,-0.8652658198944123,-0.8078098686352906,-0.8201715149301272,-0.7945079863432122,-0.7215058557625754,-0.6800020762589599,-0.645118584343264,-0.5818496141803962,-0.5698137839038964,-0.5345816409606869,-0.5011721656744421,-0.4257732621467684,-0.3866919880705597,-0.3144788310867505,-0.2943108464203163,-0.27053983198067655,-0.25456430811665487,-0.0733982791630639,0.01195462697833581,0.10871091195476376,0.2956281005796392,0.3267770658836523,0.4337229318204657,0.5823064133639676,0.6320267704141259,0.7110366796023281,0.8705830372400499,0.9535858766878667,0.9835979537031109,1.0736299898961925,1.1249419952491935,1.1257165293914937,1.1619187760337604,1.182345975539362,1.1726026593662373,1.1995420847169116,1.2196222402191836,1.2133031471538078,1.212147750197063,1.2112633499495855,1.2034602236712615,1.2008104369211277,1.196900665356761
-0.8140211331212126,-0.7411090953676064,-0.7234822797554028,-0.7307254193171766,-0.6625048376585437,-0.6490156268733545,-0.6506191953864746,-0.6239091218734665,-0.5583802893727793,-0.5344561448850785,-0.5051499908231111,-0.4258756377203118,-0.39061791882507996,-0.37155286449431024,-0.3638453564264939,-0.3777212866437345,-0.41405604806727336,-0.4456153583326223,-0.45417688439287524,-0.487222568404104,-0.4133065239773297,-0.3770849234275421,-0.33560633906834103,-0.2734638073154594,-0.13313262329748163,-0.03404641069625752,0.050390327119682346,0.18400214260045017,0.24993179885509684,0.30361600909150405,0.40711343870999184,0.44951538089362986,0.5186673918903303,0.6941295596429272,0.7801080888340726,0.8916959673034434,1.032203631575418,1.0653568257601005,1.0768352482620716,1.1376338045963725,1.1614567095981754,1.1747067322471725,1.1840779787833886,1.2028702880822677,1.1945868165688391,1.2148943230192608,1.225555240046927,1.2033839916068747,1.1945518289348265,1.1919092007279946
-0.5821334246395987,-0.47853612965989234,-0.454210473725821,-0.4332759331236049,-0.35726962114865574,-0.3210407454600166,-0.30043179066820397,-0.17975776768915533,0.014782350527106781,0.23309724096319295,0.29707777721364187,0,0,0,0,0,0,0,0,0,-0.7798294599206718,-0.655984538930736,-0.5890624322764412,-0.5041734227813477,-0.3710121184539261,-0.22152852780830076,-0.1251138274663481,-0.01774992258754893,0.045186435377937,0.10193498229350684,0.24202192974953132,0.3340677122577541,0.43187560866168345,0.7045920949616453,0.7704499787002268,0.8490741207224695,0.9091226575579496,0.9193614344830308,0.9653119921026931,1.0184125593124127,1.0343787182060282,1.0211171345529158,0.9990760187509111,1.017048673164192,1.032141407398657,1.1102949349162439,1.1736449800488193,1.1743753654207514,1.1878776262256923,1.2241860818210017
-0.3108804108075231,-0.18815282567060135,-0.13628679768580465,-0.057303962738829255,0.19389486997374258,0.2672299048922035,0.405193424776177,0,0,0,0,0,0,0,0,0,0,0,0,-1.0823024835008634,-0.7988935719629391,-0.6826163192048113,-0.5994924345190789,-0.534062323814044,-0.3507335025575646,-0.2891924502544966,-0.21367020999876093,-0.07065383566703118,-0.023545595280873795,0.04966534062912208,0.2076697233559797,0.30157406855826374,0.37793328776574536,0.5328409701415214,0.6410520328928206,0.6965712623943852,0.8274573463242176,0.7068567472474694,0.6128313295130019,0.5295108056484996,0.6440648922841304,0.15399945518823457,-0.4151660542708936,-0.7527843621144135,-0.0763373927344483,0.503488392773805,1.0136170931244222,1.1210641408286646,1.1835211314455332,1.27386032231901
0.16293237183210338,0.45429027816890755,0.5254838681354088,0.507993504253087,0,0,0,0,0,0,0,0,0,0,0,0,0,-0.9014842133818366,-0.855268203707304,-0.8668127964253204,-0.619567531617707,-0.5526953374364851,-0.4823298110787493,-0.39392653459909227,-0.27021523781459933,-0.18844651846010183,-0.11250107857557932,0.02388484377219902,0.12295431316030817,0.14445692115617365,0.23412977534733867,0.31872305632451275,0.39032848995749675,0.5671474422441628,0.6491957008689245,0.7368298377592595,1.0684970291641671,1.0190129671513886,0.9151190922830815,1.066705351052288,1.0140101480300825,1.1477571410296044,1.190153090029481,1.1730113194897112,1.1354749421154606,1.0357511791739227,0.9679648318756336,1.0137788670475762,1.0857101551689599,1.1765868386894072
0.5487415682248339,0.6857509430325712,0,0,0,0,0,0,0,0,0,0,0,0,0,0,-0.9788844480861144,-0.7683233241104072,-0.6963363994401263,-0.6333164534416321,-0.45412020618227994,-0.3947468579858991,-0.3405288451590095,-0.25591936485937544,-0.1040024295103916,-0.03899352020156751,0.013483435801260163,0.1084326674113151,0.15476782501957498,0.19548850320993935,0.3103840385461679,0.36399678464252244,0.42756674784632975,0.5602080905369656,0.63181975683863,0.6934288502690079,0.9243693737340563,0.9584407121788602,0.9942323762856689,1.0241597262595632,1.0199237563658876,1.0478602591855297,1.0517361611123421,1.0489312081255309,1.0258465040142164,0.9701791785620925,0.9378357317023367,0.9478953893281717,0.9353766751353788,1.037885013878003
0.38431087372669287,0.07148919948239885,0,0,0,0,0,0,0,0,0,0,0,0,-0.8149155592334495,-0.7737863032100699,-0.7552009277318953,-0.5862436645187533,-0.5144956553916492,-0.45893783128791854,-0.28013866147640126,-0.19975707325121958,-0.14986337089988097,-0.10141777242822146,-0.007758381762643814,0.05233913086521179,0.11298759613047163,0.18348957096068363,0.2352942515194011,0.2645081928928084,0.3502111430043737,0.43378239905293287,0.5001291022788109,0.6025278235909178,0.6765265700963259,0.6975006986270945,0.7948563963584744,0.8206016866924976,0.8316269450192347,0.939936815808901,0.9300907759445785,0.9230533639552454,0.9272521276757489,0.9626662711088886,0.9569464726323444,0.966523801658792,0.9565684810061686,0.9477956324649036,0.9448039818419146,0.9685320617562693
0.5208978664781692,0.5805481764642781,0.5185556664417558,-0.0032140884937743816,0.11734230044423107,0,0,0,0,0,0.21047872299314208,-0.8333519670486944,-0.8785998717164829,-0.8093065624104296,-0.6517971231294103,-0.563819563223316,-0.4874081400116986,-0.3721817926144605,-0.3314549267484992,-0.27823637685982017,-0.15845832765137013,-0.0894165397999796,-0.018075875985943,0.022420636258411206,0.155658021021027,0.17597006987363153,0.2002717339684448,0.2662283120606034,0.32773578985078444,0.36767772025107803,0.43902729041211513,0.5159201470104924,0.574521463997247,0.7764365911443382,0.7918101512612982,0.7794308470655829,0.8153003392456921,0.8328139339185063,0.8266173907284831,0.8615100850415238,0.8882337904437648,0.89690420113781,0.9087230745936014,0.9392028179143542,0.9529539073694568,0.9587365612626189,0.9745869486478589,0.9814542435749537,0.9876856588630671,0.9947306943476082
0.42620023971794735,-0.1445582412996373,-0.15041941840444875,0.1789072026172602,0.3478377967060605,0.2631347991467545,0.21120735100673366,-0.00191296294117982,0,-0.892542862435645,-0.8156980397488884,-0.6695392400893382,-0.6348939502916815,-0.5679747093965628,-0.40580845404329685,-0.30713138392426276,-0.26347702113317867,-0.14296853358445324,-0.05951034825797947,-0.036902242085278716,0.03788313409909067,0.09508634352976757,0.15290738130941056,0.24489089351037438,0.31571277177702983,0.34964325042871713,0.3978971853719322,0.43794511253145835,0.44732281018677916,0.4811633202912243,0.587331968369391,0.59789280580616,0.6056190540377513,0.6736160085814226,0.6950626465353987,0.7181767959241231,0.7581878514460355,0.7984267147167459,0.818869995587239,0.8602558310330023,0.8724754811979083,0.9011255018060155,0.9245664414712955,0.9406585206133834,0.926991251129449,0.9349861393447428,1.0144555299914637,1.022308356252249,1.0284899168512047,1.04014365799856
-0.384767095610644,-0.4421370345515398,-0.45943568974859583,-0.4957359196657478,-0.48989238722289097,-0.5251093607706763,-0.5312622170499555,-0.515045790018489,-0.4735375811011742,-0.45720561690231204,-0.4106517450292597,-0.3161119276066595,-0.3001107924944938,-0.2739019781703134,-0.19260298624573646,-0.12927692973599791,-0.07698598845547948,0.031754462779252694,0.07279341256272555,0.12274447798804716,0.2126201433729955,0.25769199841849943,0.2792353178050792,0.3312262290979775,0.42386193395102933,0.4925571618269254,0.4992770456425925,0.6109517717013833,0.5924717535471249,0.6034205928168904,0.6255307843134904,0.6344751833353547,0.6513632250012023,0.6937524348099284,0.7398059217989494,0.7619351059906883,0.8072582222189774,0.8265169746223039,0.8479075163450325,0.8839552417285585,0.8859752117276596,0.8759267881727909,0.8971563426909014,0.9339547734756496,0.9441486552320597,0.9516826705275591,1.009238568553312,1.0247048822820173,1.0439234331863736,1.0672634231808464
-0.4391162270747921,-0.4491202491255225,-0.4500788673723001,-0.48515032556341486,-0.4629987517634868,-0.4588292547080895,-0.45924186395737354,-0.4576637078973769,-0.3477760328980342,-0.3333061662791929,-0.29764729729467104,-0.2213180429567258,-0.17734987995169862,-0.14128964011430417,-0.044651509971052425,-0.027909663667853787,0.0016823898035431956,0.08229482542135019,0.11649808042721954,0.1574256950337553,0.2239920425546738,0.29023569429216567,0.3238496122611411,0.3528242280006256,0.431061147772587,0.44558251838361973,0.4705880870075474,0.5487544805212597,0.5471703623824883,0.60658449438225,0.6604638408493623,0.6830034240176123,0.6928679884163778,0.714672081173488,0.7300735617853047,0.7370633305467095,0.7821402374707576,0.814668707748414,0.8227261915549254,0.8733964446860807,0.8961232446723105,0.892298247756718,0.8963607597784184,0.911790923801628,0.9175857360806325,0.9179914585077913,0.9740178946965585,0.9870713869671225,1.0201531134287571,1.0971212335442238
-0.5125181512746271,-0.4907279311703415,-0.47127402759548337,-0.4793410791647635,-0.42603201463677076,-0.42015804628397413,-0.3948712331496378,-0.3493113586008018,-0.30582190304853957,-0.25822266895904794,-0.23596734427502625,-0.15761837616057162,-0.14899307910230067,-0.11588787971637277,-0.0598494547296932,-0.03463112986409712,0.011513745060308205,0.06214974584107168,0.10089456773860288,0.14680767077820234,0.19770970082923864,0.24090156775398072,0.30165423526076623,0.31776692937071094,0.40545970494851397,0.4234010597047804,0.4730772504230253,0.5596329417092277,0.595269324260863,0.6602552001179712,0.703558765289707,0.7574967415089863,0.7816916964204991,0.759963054073737,0.781853839502202,0.8165041506430945,0.8438184562333325,0.8579338939936323,0.8667582155320108,0.8866861273152618,0.8917748652827393,0.9229740185252653,0.9410003078351157,0.9481263096074406,0.9648697802142892,0.9758857284191366,0.9934386328362542,0.9942808716178736,1.0014972916512244,1.0602734491641803
-0.5761082565616136,-0.5187374992786621,-0.4957781462849822,-0.47479178555984136,-0.43043570756200483,-0.3978400779934951,-0.3830505455723244,-0.35349227011886447,-0.2769319880830711,-0.2732025344808561,-0.23832237553594954,-0.17714260258611833,-0.16214338540941556,-0.12480887410409552,-0.0773685663988849,-0.05079497759546731,-0.010199139291231238,0.04381572978085701,0.07385304423168276,0.11259344165778809,0.1783176585452843,0.20779603248355633,0.25900563439613333,0.2740127802954526,0.34343280590764547,0.3786862319919691,0.4123709936424737,0.5103726764748903,0.5389875758317925,0.5718287218709825,0.6277055324112982,0.6580712779196172,0.6846621019180513,0.7259763442136827,0.7557566418515318,0.7646083257519037,0.789061372810659,0.813676558285219,0.8607595850465899,0.8861868640181102,0.8964836429735568,0.9076814423707915,0.9311303948707915,0.9520834975616165,0.963744418965693,0.9761580815851757,0.9950530430006336,1.0190661466174464,1.0478786292040514,1.0799424827686384
-0.5428343178581563,-0.5192893611881002,-0.4959851296142938,-0.4756247164917006,-0.43181909861003664,-0.39901770616045,-0.38068731576928677,-0.3749975970992153,-0.31381564641353205,-0.29934669363029415,-0.2862480318962176,-0.20548740290161677,-0.166388897028541,-0.15616543093729252,-0.09982656539544597,-0.06469996965510219,-0.04714414952368855,0.011256574265885496,0.04307538282787348,0.0699430144055538,0.13295052174026245,0.1449417649232978,0.16613439740017535,0.21525403767293144,0.27401384972131754,0.2948437275626317,0.3286159983651317,0.4177164336991434,0.43203345518894526,0.45936713128244,0.5340154898141005,0.5589178302781654,0.5897750478544994,0.6465315890896328,0.6608187819291944,0.6905665460045851,0.7552296202539063,0.7629295718105477,0.7829243846487275,0.8250421156899485,0.8339935347016229,0.851333574493623,0.851852793656173,0.9138265747166086,0.9486384056533107,0.9736228372320426,1.0296747457169482,1.0664006558218155,1.0656860951048495,1.0875161129266266
