jsons/1312920000.json
{"header": {"parameterUnit": "m", "parameterNumber": 3, "dx": 0.1, "dy": 0.5, "parameterNumberName": "Northward wave", "la1": 40.97354507446295, "la2": 16.46031188964855, "parameterCategory": 2, "lo2": 133.9931640625001, "nx": 191, "ny": 50, "refTime": "2011-08-05 8:00:00", "lo1": 114.97908020019554}, "data":
[rows 22 to 43 of 50, columns 98 to 146 of 191]
-0.22966528365845698,-0.2499432531828995,-0.2503611492013247,-0.21333106844147193,-0.1541813740465422,-0.12414572777788282,-0.06536860430087381,-0.002317105591578939,0.02094793896723157,0.06882992778639874,0.1458549816610643,0.21662690427008893,0.21533109737031272,0.16630919768063634,0.21235625258107527,0.20487032076490652,0.2139215490513668,0.20376764225852065,0.20464289000969918,0.20231285889037007,0.24987420877342545,0.3269812421987163,0.3276933138161362,0.29899021542729065,0.32886775821654984,0.3743299358438165,0.4148171186708619,0.4458506695846361,0.45148117196866583,0.4650009159278844,0.4227575078244824,0.4308752862641661,0.44994837622918993,0.48425633458964307,0.5066927091134278,0.532988450980258,0.5864197354547548,0.6013970689515639,0.6197537440669337,0.6187204646924319,0.62047712380598,0.6156585288273289,0.6673980663453807,0.6693742253275827,0.6805197701477018,0.6972887779743331,0.7184844516166449,0.720677005469749,0.7047621168742922
-0.17263027133303835,-0.10263337260491155,-0.07051335300953368,-0.05993185407369179,-0.0013567336496272857,0.006934412454783332,0.03741626759200295,0.06520561936398675,0.07921424808882066,0.09287631856042279,0.09932640693628947,0.1088837708678444,0.13295404446455952,0.17060977088620147,0.21907715617673404,0.2593158716741669,0.2922029942668899,0.28157833236445357,0.2801676352759192,0.2753935678740145,0.27446271986440285,0.2720349741970357,0.2817940335221829,0.3032227588081518,0.3936176744185048,0.46900155639041535,0.43843171971551703,0.42915918618137483,0.42059236971278446,0.42311501475740426,0.4606920665230653,0.5054049976379216,0.5203297853029437,0.5485622898050063,0.5705632751275282,0.5741724331985928,0.588900742902087,0.5997208466571434,0.601459413707051,0.6271312004448465,0.6630654464570491,0.6699295844902715,0.6855069540481079,0.7033301748927235,0.6999187554199267,0.6642010164900223,0.5981390300625382,0.5032195326457269,0.4606957163412239
0.00038790900509430733,0.023195762943317825,-0.0007988057830886586,-0.0024495970382980093,0.07620168082087651,0.06802275159670682,0.05278745839149614,0.05288254112221923,0.044166484033864806,0.03761730227575906,0.029617175366120106,0.057717755698967636,0.09832010441648478,0.14411545708034568,0.17883793477829785,0.20875484280641482,0.30140630187355644,0.33311229644970863,0.33796348839895474,0.3533395064464615,0.38525528332344156,0.38137464692031237,0.38649609259928935,0.434927073773131,0.4622621691741646,0.4637122161215626,0.4661539043463489,0.5016584579677348,0.5075953335199483,0.5521530986153994,0.5747324570394777,0.5859483165257348,0.5877507943529592,0.56280783338665,0.5703223272176501,0.5768244310949778,0.6028674007298761,0.6150499900230512,0.5668516724956391,0.27930506624543044,0.25604572872911074,-0.5151385248293491,0.47739703791664795,0.3791361901931156,0.5312751828384454,0.5862326570223563,0.5486141481548745,0.5590559474401996,0.5097707892216504
0.15217804895995152,0.12104257356035973,0.13537052464694002,0.17637019860878603,0.2032424918493615,0.2118660243309272,0.2154107281673663,0.24873580781080068,0.32635444857873513,0.3795916031865579,0.16522907308956836,0.08109175834315457,0.2349856161587088,0.2747789072951215,0.33432682374182654,0.36571710725753204,0.4011545163809024,0.5410745108508471,0.5009060215051534,0.4950845520810871,0.522097974001298,0.5314400281443258,0.547330041838716,0.5360832737458997,0.5401000769064631,0.5506057871687438,0.6084939381841171,0.625047804617025,0.6149770501986103,0.6207959105016646,0.6375349331920142,0.6389682933337228,0.641111394457762,0.6665991101876051,0.6654575067003278,0.6675378229971549,0.6609804261856919,0.6685435982752246,0.6720104931710394,0.5366391822909544,-0.6191462000721745,0.42414235404918443,0.5855129744171311,0.5731562702648034,0.5128448888897859,0.3743503740586156,0.3048652328040561,0.31733127744186357,-0.4312085057515955
0.2521796564990881,0.3427079070427091,0.3289723040328372,0.3229894837152229,0.32690608693646017,0.33351637978357057,0.3341280421161746,0.3824734555890714,0.4574878176748097,0.4990825275092858,0.5564356784940392,0.5577414991234361,0.5436728069866549,0.5372344889544921,0.5779791466398843,0.5745104222203601,0.5386391219175176,0.5579072101147816,0.5750065468529599,0.5748052125257733,0.5381824011321013,0.5338723049468592,0.5353257997468558,0.5453563347032384,0.5784902368959243,0.5940384287990376,0.6188217115417293,0.6062454276042389,0.612037626960368,0.6016449409813508,0.6182875580412988,0.37247334309878766,0.549823502552479,0.5069750537644696,0.5986022958633074,0.5541506235248395,-0.607575702372424,0.04066514475369201,0.3179164644826918,0.03855434899493107,0.4865266545044944,0.5926874183374294,0.012039255652120669,-0.5894019076860375,0.5626197932665187,0.47240786101103166,0.38112145152522586,0.28382164313906,0.18887618683685264
0.3004810856399444,0.3866469866681621,0.3976747172643304,0.5145582223799895,0.5271222638041982,0.5344228161054398,0.5457343803102532,0.549954154739664,0.5009215357494342,0.5105975339550407,0.5393236074591269,0.5537858450314075,0.564136208390172,0.5589706822298005,0.5905244270444517,0.6263267420336758,0.6136455573228614,0.5394453885788961,0.5767267326798672,0.593193527508745,0.6120063162299522,0.6223523231915752,0.616166993814562,0.5911690759444757,0.5803410345354492,0.5509715181532165,0.49081141305717724,0.468642809133072,0.44212468682796763,0.14426575807674308,-0.44975174747963603,0.38684100821680517,0.6098060765887424,0.5663410079288722,0.05109681540781354,0.08565648795275058,0.6126435599447558,-0.2650465404333478,0.5044097538740785,0.640616019625141,0.6069545924413485,0.5967956088721115,0.5882371725871074,0.5754241214657446,0.5322981822046775,0.4574699873993169,0.4683563736182782,0.48333951495908056,0.512432108353926
0.31299663961737245,0.3679188777957624,0.3801492303743297,0.4042658704504414,0.4744900035582122,0.4616682636818522,0.4480208114550361,0.4484038832334529,0.44081488312241285,0.4453085504628848,0.43482419858274596,0.5233394287125914,0.5532339558815409,0.5560417862612407,0.5388321132194582,0.5186477107183171,0.547867194709028,0.569611326053272,0.5846755141940063,0.5984630511157508,0.5861668516027138,0.5774996392412626,0.5790656228396593,0.5188155206943769,0.5141592596339378,-0.0035873101525012926,0.3178521057948468,0.5744879465851067,0.5956295978406724,0.5964436068139098,0.5623296463560704,0.5425037802210306,0.5034851829649181,0.4280736224573141,0.38313878201113716,0.361782710408658,0.5148071350122334,0.41956878333976705,-0.325315590648485,-0.03134549673126961,-0.5555648716607628,0.1916027920420799,-0.5188105420731988,-0.5650440035852753,0.3804037796823231,0.567944652364632,0.5769848511543519,0.5602730509555839,0.5538761421029316
0.3855238013059984,0.42220718948081076,0.43044891932809165,0.4616774446854493,0.4904849990798754,0.514088468558204,0.5140612013658273,0.4891668374995725,0.4698821947962606,0.44973221875737057,0.448038277828057,0.4743863876655198,0.5002475006375611,0.5125868282943761,0.5261123882842169,0.5101494460358331,0.5284847433916735,0.5631099850394385,0.583286525556805,0.5927466352164823,0.601675006085523,0.6061176974548603,0.5949406169349388,0.5580209867700894,0.4841833140330905,0.47305763934462647,0.309175887400771,0.5631619697033259,0.5862899314998314,0.5631509048224794,-0.37019828504171276,-0.39596845410208864,-0.30650949099968905,-0.23975749606192645,-0.2476188711526079,-0.2509084694330414,-0.27910372342403655,-0.30667130985042673,-0.2724304288140151,-0.2048051448348325,-0.06632879493817599,0.03488484851159956,0.2703459063337428,0.3303257890687877,0.33301530320497263,0.4214536538314274,0.5572347056859132,0.4341879039958295,-0.36126234008077573
0.39092466425225086,0.4811408424497249,0.5164565842454186,0.5319615135312791,0.5613535742629361,0.5656250646973826,0.5665486887216382,0.5603550400172832,0.5355203218646143,0.4971284826731585,0.46415077979709723,0.4557442442521317,0.465705613936789,0.4552544219907155,0.4580677448825741,0.473074111685182,0.48458677147167195,0.5097125964291553,0.5288895245436142,0.5507584010211038,0.5702336923068363,0.5822508500503509,0.593529446054867,0.6053646373046366,0.6099353088166073,0.6159437756239408,0.6079620898764461,0.5908237876908535,0.5497140393722882,0.5163273457541266,0.35178290207030616,0.2508927173547451,0.18493263731120557,0.1123481182073227,0.10750896781306232,0.10514237112897258,0.08726465239935952,0.09318115248408797,0.08644397551637922,0.11160556501683219,0.14369496389851524,0.1856090625348674,0.22391985193203873,0.2740156717505655,0.3252493518854018,0.44096537100587013,0.49515698340137954,0.49087241244104757,0.38258369327308356
0.31663897225064924,0.1633870098850099,-0.5217559590735611,0.02492438343105504,0.44119559512322215,0.23210623670714356,-0.021128502812979573,0.438698553410499,0.4832795482876378,0.5223421370404977,0.46348565574006717,0.4692149095681571,0.4724887938581223,0.46829367322606225,0.42810435598153435,0.45534295166258615,0.46999582795774036,0.5210187598554813,0.5134169392222319,0.500627128862716,0.552672131793532,0.5774803507971223,0.5955045576444914,0.5914421959854832,0.6001923379417728,0.6086117463826707,0.6125274147114992,0.6029174214345265,0.602983804585314,0.5956594584904287,0.5828859685818154,0.553666852051071,0.5343386186605155,0.49008004676574124,0.4670171163804464,0.4471420743123274,0.4223787170311822,0.4027794322919737,0.39482475361622565,0.3800017492712997,0.3803427327567172,0.3841603932867451,0.42743990530820114,0.4523257192482803,0.4626914294874628,0.47296013518099095,0.48830694192236695,0.4844659250965825,0.4979047969831221
0.43352738569299654,0.5226881944083661,0.5205003112801353,0.4847974313763271,0.2091354327344019,-0.1385251490705765,-0.2578429951403932,-0.5633375292598897,-0.4263929190937981,0.28040000360070916,0.414465064918082,0.42097023141439865,0.4418297880535165,0.4494607105094723,0.49391768873005687,0.4749308821799859,0.4726491959017391,0.4659642754237267,0.48788258844744037,0.4999847440140233,0.5347681215488386,0.566009794327178,0.5806440959565917,0.6017910940936351,0.5996664368667236,0.5965713935677757,0.5989601530533294,0.6051500075689029,0.6168156937587566,0.6232154380492196,0.6185738587008126,0.6216083600245096,0.6077843544179636,0.5953669293650743,0.5692584772561726,0.560778217439292,0.5147040936852045,0.5211970844100546,0.5360564844779802,0.5184557441284734,0.5085589910452851,0.5013096771688351,0.4978120769997038,0.49038695218726863,0.48698739651493383,0.49216814440731005,0.496344959152558,0.49659514114229447,0.4950564233715373
0.33586175287154973,0.4018208325983024,0.4453862443819937,0.4705710790304999,0.47959915316054746,0.4397537249627729,0.40577383903201325,0.40721633070589075,0.429456907994705,0.45043807753163584,0.46376222250452526,0.46131158364379343,0.4752625049613986,0.48485419271674457,0.4913928864959669,0.4889729669961539,0.4924346095823687,0.48552508065611916,0.4834774844597631,0.4865280968790997,0.5161447463497634,0.558862679624949,0.5666198671599905,0.5638938390345216,0.5727667189847511,0.5836302691676016,0.5964174860068437,0.6000101070079157,0.621240791811503,0.6385723935665665,0.6293447577777621,0.625581172325185,0.6228687267173677,0.6157320027179264,0.6070227221348959,0.6028535459898087,0.5987121183224289,0.5994522786118033,0.5919021381222307,0.5900244164938794,0.5809932619643267,0.5654871270673992,0.5529697657190272,0.5356362541433275,0.5181734826039177,0.5113528339748197,0.5073089399215192,0.5116541462867823,0.5135344803792612
0.3924978070452105,0.4347595353910182,0.4459502309980932,0.4764644662343474,0.4896247727352781,0.4812686977224338,0.4722353122198929,0.46929489593464124,0.48747936381522883,0.4994467055667815,0.5189183005068083,0.5175825364511911,0.5260032167349781,0.5486759141624175,0.5307113238747599,0.5204964290791845,0.5001460723171132,0.48546107329016097,0.49255194238309985,0.5182590702300522,0.5251053856079752,0.5198799766955662,0.5275557309984046,0.5710361777316623,0.5815646969378496,0.5819965538948713,0.5885702950449213,0.6016804147144843,0.6043086991771954,0.6089133823439383,0.61947938931591,0.6280369712541318,0.6274275400558466,0.6244525114252252,0.6171701585127465,0.6211967511431098,0.6021263007947357,0.5605008926375924,0.3356789031933156,-0.6136282197026832,-0.4593648124216906,0.1914070193559478,0.5040316676145506,0.5509542112641547,0.5745589016747652,0.5714506457766543,0.5624561390381302,0.5586202644265686,0.5591289108581146
0.45972563446041653,0.5017055418386135,0.5218734190851624,0.5417865056347029,0.5502975162974748,0.5479457072020941,0.5295290235611051,0.5301307484966677,0.5300009037450322,0.5299495730866495,0.5335451016110927,0.5352141281224023,0.5463594829090223,0.5540474441157754,0.5374571921274641,0.540857895701928,0.5413487459980592,0.5453703651695134,0.548544797938071,0.5503487439029069,0.5364729231265999,0.5449054100398144,0.5551956885571965,0.5670518087459236,0.5707146812028189,0.5768132044460679,0.5793626521735585,0.590852985580375,0.6073715061344299,0.6197451627732828,0.6275626454215311,0.6300973941512622,0.6322916454568096,0.6394085384508426,0.6366882163699197,0.6318634780661172,0.6162975407936486,0.607703798030548,0.6054483002889877,0.6003569257513299,0.6110237000791605,0.6040261025589536,0.6032225846358227,0.6110152689732771,0.6108249909594993,0.6054859374254121,0.5987405410107379,0.5629222765422232,0.5528192518388088
0.5424950292121824,0.5649683966216585,0.6038960927659174,0.5841386295974798,0.591738687991195,0.597977428353034,0.5978028533994941,0.5852190125765767,0.5812618773310602,0.5751332088966364,0.5861351798872654,0.5824180440389317,0.5743428643822566,0.5720476847199435,0.5853090608939315,0.5877147503144742,0.576885163841457,0.5664022008936523,0.5685815985634981,0.5745981735539826,0.5673502461710722,0.5561519265235738,0.5611803025795922,0.5793445330789663,0.5817820952436066,0.5916589771497126,0.5929352602892665,0.6017665766081882,0.6088540544727062,0.6031122213729148,0.5970736888171284,0.6033437372201768,0.6128839780312366,0.6196218890378398,0.6256570173720194,0.6262579961363047,0.6137851301283859,0.607067763748183,0.595616349701114,0.508096466052821,-0.26098049156174014,-0.5294857832353747,-0.6314386573400499,-0.5519184662452478,-0.4145208168877891,0.28433260393139403,0.5997517310164223,0.08174009742166512,-0.5959755207741909
0.5967065748071884,0.5964370621489952,0.5976973854545659,0.6101425299881615,0.6166963811862961,0.6164315354042722,0.6223981680735652,0.6299848368613716,0.6286297041679567,0.635461170460229,0.6449059162552463,0.6313426330309719,0.6102639852254241,0.6047427361268283,0.5964190027194103,0.5979509631149899,0.6022508518825089,0.6014743550464354,0.6028303265425209,0.605717522549533,0.6072840522610489,0.6079743497900864,0.6122973119455286,0.6130203660897681,0.6151157403695762,0.6218802974116183,0.6335114345076355,0.6236355370274628,0.6196838576846095,0.6131721362047267,0.5337950703424467,0.5382240421065023,0.5912635386298755,0.620055842403226,0.6237917658061406,0.6267288742056868,0.6125951191228681,0.6127544366267298,0.5420101849391206,0.08782983621667,-0.5028125454472268,-0.20244929412335674,0.5441030649304467,0.31153438368410513,0.2566240799594851,0.451046843004649,0.5066681107477,0.5648022373751462,0.5782989741050462
0.34925426659591546,0.07848815275787825,-0.204437292450684,-0.13906576941445928,0.31513966967505336,-0.405048546907661,-0.0936933182028822,0.5485916983362517,0.5822373110618042,0.632339358460012,0.6510753896750756,0.6491691905012574,0.6420612272384303,0.6362450872407384,0.635753720523025,0.6319558128543937,0.6302269935496679,0.6345605286838679,0.6352878021721359,0.635801052919669,0.6385914950102595,0.6386683695687523,0.6237964532562358,0.6181630242349939,0.6305268812509832,0.635802355236518,0.6372817089307242,0.6409912466431509,0.6456700409567708,0.6455291453922367,0.6109887804040102,0.6053285320188486,0.6172094420334316,0.5891645842154285,0.4611304885279259,0.43743585561573495,0.3773726144648327,0.5465726286674757,0.607389303948683,-0.5053080107831864,-0.632683776744115,-0.11494213960547806,0.5892818032164076,-0.05686577381513417,-0.5844055937149857,-0.43582324448617116,0.26777215928310033,0.5341947596653717,-0.2004911651994365
0.6578979754400115,0.6613084714568919,0.6591166103807029,0.6639064307935072,0.6359441884815852,0.6044634558988276,0.5191363337879917,0.6733786892349513,0.4933932406135794,-0.17722736342095483,-0.253787903064306,0.3469810953983872,0.630212330178423,0.11657323156779528,-0.6148088777847532,-0.4205548888052393,0.4127430672309495,-0.6540184604604112,-0.3391378094317957,-0.4273985939031326,-0.47938663981378965,-0.6108960730206192,-0.5758331504922163,0.35860054440185796,0.5032275021116184,-0.04387714129088214,-0.6169735848419717,0.16666677137058247,0.6370893838296836,0.07579684129615678,-0.6282459356252941,-0.3126686411947613,0.2776957309488867,0.2961813275754764,0.05460843704095404,0.009221733381539735,0.6214390528101575,0.6347903897876481,0.16693996166636144,-0.6592102500536423,-0.3166958418470246,0.5231236116818183,0.27952603171536416,-0.5388867163680789,-0.6434631040445412,0.39394755666778186,0.6576256324398412,0.6289540483015613,0.48167699100651
0.6551321546332769,0.6673174950711852,0.6777789041923356,0.698750403400919,0.7137033744689,0.721205200291509,0.7246918727931972,0.7157056528626201,0.7132422227894812,0.7014916293620189,0.6958223330402825,0.6982768453824698,0.6912357996505732,0.6895192045233621,0.6804667880264824,0.6662464683796846,0.6645586347784557,0.6662295000740298,0.6630452659093399,0.6660832855701432,0.6581355336596014,0.6530203344942759,0.6697243166153706,0.6680684663203476,0.6569453700298786,0.6714133840401932,0.6578594420318365,0.6687901702803124,0.6585823868216005,0.6388740313233887,0.6499344929191128,0.664999912303859,0.666883902306052,0.6086344823819596,0.6249364594563042,0.6158641175729334,0.5070132278888657,0.12544022342494598,-0.3873143602335116,-0.4677557713413816,-0.15829984492603952,0.09377756418059016,0.4023074032978174,0.5324278206362704,0.5388687065350393,0.47865147224601573,0.5281547955726915,0.5972896615963508,0.6293939466303827
0.658923775090515,0.6732933892135244,0.6871869617523391,0.69811841265702,0.691892395892577,0.6945191946252237,0.7010846088535089,0.7149266515683459,0.7211433961761541,0.7225414916726797,0.7212045768605162,0.7162518716034861,0.7107470287971583,0.7118174788406918,0.7147066683263145,0.7125223471925187,0.7103968240672388,0.7030190800052876,0.6898157678820181,0.6894257368406874,0.6876673622838452,0.6833346230390327,0.6836361872443397,0.6856148643926536,0.6850226996043323,0.6777160945825448,0.6748642253441287,0.6745878714974215,0.6730335080854773,0.6708226990083258,0.668119641659665,0.6710960160616691,0.6712524184325975,0.669565834669,0.6689870174710081,0.6679887666091506,0.6471802901758417,0.6587124547255924,0.6516403923208446,0.6262390804891428,0.6326713985609257,0.636229264691066,0.6299767942613741,0.6262412911554049,0.6240067708932726,0.6450746401427898,0.6309900944552888,0.6065499700707601,0.5836933697701666
0.6776583203210617,0.6856675610113272,0.6993952759488251,0.707677371878128,0.7232689502244483,0.7303701907569841,0.7386436648666663,0.7452762550416141,0.7472119125904231,0.754431681357667,0.767691795490245,0.7691644598377855,0.7579522150820579,0.7567600654895185,0.756310403044835,0.7483314083603435,0.7399077761008461,0.7337634346885208,0.7289949244125787,0.7194363321598235,0.7085517003596495,0.7110911000926914,0.7055382421550841,0.7032992296094813,0.7011881268172785,0.6973414623593122,0.7033579593094577,0.7005934716296358,0.6967518734958247,0.6912464053704963,0.6849320880367147,0.686992349228568,0.683915511589675,0.6683738775643585,0.6644272014688154,0.6593022157991011,0.6473578699220087,0.6393961559300183,0.6356240391898798,0.6401230752154116,0.6390985637383233,0.6383842686813247,0.632085267501205,0.6207115902402535,-2.9606434355792515e+38,0,0,0,0
0.693542072797757,0.7092940311616176,0.7209917747648377,0.7406318237004347,0.7908162220195938,0.8139015665358638,0.8060770605302366,0.7818518389934642,0.7764573045945635,0.7774973872119031,0.7763822934349925,0.7754832358816426,0.7734859757464817,0.7732288070959011,0.7808586991501282,0.7763995521056359,0.763129701597659,0.7477390248297574,0.7349133461942119,0.7340505181512881,0.7348767988628474,0.7303977943360832,0.7240602525000861,0.7088128122828486,0.7006134935693478,0.6939721316989792,0.699415930354102,0.6948853002819944,0.6915766178652853,0.6873247070512046,0.6754164631883295,0.670253946947157,0.6693893853695376,0.6599540136291947,0.6474597245951508,0.6369643115669861,0.6112912288706446,0.5958004601328879,0.5954969421380432,0.17090399591467775,0,0,0,0,0,0,0,0,0
