jsons/1312592400.json
{"header": {"parameterUnit": "m", "parameterNumber": 3, "dx": 0.1, "dy": 0.5, "parameterNumberName": "Northward wave", "la1": 40.97354507446295, "la2": 16.46031188964855, "parameterCategory": 2, "lo2": 133.9931640625001, "nx": 191, "ny": 50, "refTime": "2011-08-05 8:00:00", "lo1": 114.97908020019554}, "data":
[rows 22 to 43 of 50, columns 50 to 99 of 191]
0,0,0,0,0,0,0,0,0,0,0,0,0,0,0,0,0,0,0.18359186538441627,-0.16049744893418214,-0.3613133831183596,-0.22236896727707828,-0.1669864850281935,-0.7396756652123284,-1.6821705673575207,-2.0614496473429758,-2.2253349180304918,-2.4163714829200185,-2.8066693790660353,-2.979007468654117,-3.091008235297496,-3.3072190453403545,-3.3672414933884833,-3.411677355629055,-3.454398842238099,-3.579054705603238,-3.6626114342788907,-3.7242833952814722,-3.896876826371325,-4.036406872576666,-4.112499545955339,-4.287811098064478,-4.364606235723368,-4.42000811742259,-4.506187113450953,-4.57978532847445,-4.592021469077613,-4.694830523868215,-4.720575766425708,-4.730580049999343
0,0,0,0,0,0,0,0,0,0,0,0,0,0,0,-0.18108902344990302,0,0,0,0,-0.6267113144097549,-1.1980000483556523,-1.894121166311949,-2.167278884841371,-2.368360686569116,-2.7141658952319156,-2.869906323030387,-2.9905804804388176,-3.1741125981316967,-3.2801673118922823,-3.4034834564826206,-3.5984730243023444,-3.699206191942459,-3.8379235905870703,-3.989231778850476,-4.347078880391064,-4.462377479395646,-4.571983329214057,-4.759358518663307,-4.834237641191277,-4.91794900645042,-5.085632718434851,-5.206658531347541,-5.287347298002577,-5.471087090745311,-5.5760344689405015,-5.660799215105156,-5.84687220007535,-5.949019213776102,-6.0232897888420345
0,0,0,0,0,0,0,0,0,0,0,0,0,0,0,0,0,0,-0.986567373730117,-1.5318581802910993,-1.8989528175181454,-2.198510528779651,-2.734391727554837,-2.9312697087536734,-3.0981614108940643,-3.332892430175009,-3.422576638553392,-3.5441445771473323,-3.762715809278322,-3.8669684376240956,-3.961960935181893,-4.1326155654880745,-4.2376021665615395,-4.402444241201591,-4.531457820720535,-4.770732648587898,-4.855423114316323,-4.96063981851558,-5.185705289924111,-5.290684494114122,-5.380931477501293,-5.75490429140278,-5.906228099542054,-6.080506848085661,-6.421301083814264,-6.505155351606869,-6.6809393060383595,-6.873687625878363,-6.999731712460814,-7.164440944697993
0,0,0,0,0,0,0,0,0,0,0,0,0,0,0,-8.1454825486999445e+37,0.21072100477806066,-1.388345734370661,-1.931284948999345,-2.562055255705475,-2.7188093658198444,-2.8878573105618686,-3.1649586768913562,-3.2807145647438767,-3.377368912048709,-3.6477319406543773,-3.7728754412587375,-4.032443543079676,-4.2616406715832795,-4.357230073725539,-4.446588250883128,-4.6649326528361,-4.837095922857559,-4.95367880083379,-5.056175495592561,-5.318820320959509,-5.446310908325356,-5.563692142576448,-5.845160049286713,-6.027511200779821,-6.152854540836839,-6.428918504766846,-6.562919785295584,-6.733518054704641,-7.020331494856115,-7.2119045926456815,-7.467029063074756,-7.820031909764565,-8.058830193828305,-8.315271520632175
0,0,0,0,0,0,0,0,-0.2887092948662561,-0.6021646910997146,-0.8785550307084422,-1.0422603202378105,-1.4646138759706633,-1.738559058725981,-2.013836826279478,-2.233916152364829,-2.6067275903367984,-2.7593526123061687,-2.869608938257072,-3.1486409490876692,-3.2480721289335643,-3.378466908960713,-3.6810544309142226,-3.8101689331333177,-3.87842376096745,-4.049910823344475,-4.109277498225086,-4.161695125449667,-4.333321488408208,-4.405772266216916,-4.464634553084898,-4.6523899969623965,-4.749146300130519,-4.885756327238104,-4.966094979965442,-5.234953763145304,-5.411627006945951,-5.585904779059453,-5.913412547777337,-6.151674151125772,-6.343543161907553,-6.657516525468083,-6.861251076225394,-7.104879295710565,-7.422801826045946,-7.648845358588671,-7.902509455241871,-8.27965167496942,-8.448226957061978,-8.816793710679839
0,0,0,0,0,0,0,-1.017980963414489,-1.226607314019916,-1.6480920374940649,-1.7785930798918297,-1.9057645778324772,-2.1495898584360598,-2.236786918396595,-2.311857710250289,-2.413402190049959,-2.5962843065966266,-2.7341110904241113,-2.8630847450958496,-3.0881085249624114,-3.2043561193756736,-3.229136680638654,-3.389711355623917,-3.4272733864874496,-3.425480137900402,-3.526733418254509,-3.5661440877729125,-3.5795721449905815,-3.739403041117101,-3.8390227446381187,-3.8600555040511977,-4.034713850995705,-4.09309653273123,-4.090145183443688,-4.117171836951659,-4.32466703400476,-4.42019956355557,-4.561616597624718,-4.8566373960351275,-4.917066159606914,-5.0319036121020675,-5.214887109431535,-5.460086684161806,-5.555085742451374,-5.790496752212562,-6.019938666562357,-6.378545200123789,-6.641152102345201,-6.887255412584002,-7.29368685375652
0,0,0.19055758441030843,-1.0643170515000633,-1.3064827346578236,-1.4895510634742137,-1.851192736898702,-1.9487352292789977,-2.011805393556009,-2.1392822059574392,-2.2063899321508624,-2.225943128937238,-2.3387792434469215,-2.3880284890259302,-2.397262589882743,-2.403483099483871,-2.5673110771812224,-2.620419823377535,-2.682562683844451,-2.7703184619853847,-2.7321859081635913,-2.7188286560831707,-2.799814638068069,-2.8055533549194847,-2.7986692441773227,-2.8331905247851545,-2.828947109569536,-2.7556711793769537,-2.816150530118569,-2.840396134804476,-2.8470423044167896,-2.97143692900685,-2.9957858176083616,-2.977150272849604,-3.03630536320356,-3.137275734547576,-3.223606606900225,-3.2874992027081538,-3.394545555079881,-3.378854104795236,-3.4433907534430457,-3.474814497440836,-3.611425870388223,-3.62511711584962,-3.813342794053684,-3.963877011429705,-4.081405330415695,-4.136205130770451,-4.130982668691726,-4.441247162000203
-1.1637835632876392,-1.27450969016839,-1.4412753569407222,-1.6882184248098415,-1.776845702533546,-1.8619884510991032,-1.986489058702919,-2.070165042687532,-2.1044253251497405,-2.250187187130258,-2.282615917212811,-2.3042936880705427,-2.3711759009498374,-2.3374549711810335,-2.3149828193885558,-2.349680551265839,-2.396863738607247,-2.333516568963276,-2.333789606908895,-2.388515063300742,-2.3030624560616664,-2.2883086741174026,-2.3159510912435106,-2.267766372761106,-2.155376633896324,-2.202543647967325,-2.1661256063211587,-2.0448544283596672,-2.047188020466193,-2.0214865259730117,-1.9203513162306896,-1.9269358755419261,-1.918867374012142,-1.8177115807302922,-1.7080009802790945,-1.7594301769501641,-1.5794026887023591,-1.544396919550381,-1.624446599676233,-1.3776743314954178,-1.3451866126105205,-1.245577499977461,-1.2209102177105073,-1.118277602900403,-1.0331647027205777,-0.9633415067062233,-0.8084843854974402,-0.6973768989465037,-0.6441854297643634,-0.059724498355301484
-1.6229605798010969,-1.6936567877689181,-1.8048450303073742,-1.9658446859692662,-1.9940343772951379,-2.021740163818661,-2.1084660751746522,-2.1305746231925746,-2.0902806132069656,-2.1547951626415203,-2.1614386986777876,-2.152534994814555,-2.2207810411499223,-2.232383899510518,-2.175354971473563,-2.197755087941228,-2.189585268805296,-2.1258396437314175,-2.0345528264820896,-2.048378353739535,-1.856840089116787,-1.8356544473513436,-1.775972275997547,-1.6846118400504575,-1.5689181688497347,-1.5279541406709993,-1.482008318552354,-1.3507872423771947,-1.3130794147161804,-1.2350674023324477,-1.0417497974939094,-0.9173817007179729,-0.8770845835762563,-0.7089749367141053,-0.5476513402454353,-0.4915074833890549,-0.2756929767417415,-0.1999894644651788,-0.10479272179402455,0.14089519672662992,0.22326390125547768,0.2680511417781099,0.3947393235633789,0.6591401020103065,0.7969016347916228,1.002528158140524,1.4087953045218784,1.8436497046172808,2.090697428231824,2.7937747804863466
-1.5208719909760833,-1.570065670057337,-1.6151748046068772,-1.7179905463232088,-1.7114470923945286,-1.7171565807921971,-1.752702101004966,-1.7638233164706103,-1.7218837817918171,-1.7349167790294218,-1.7283710938016026,-1.65808330520032,-1.7179960637586078,-1.7210911857387075,-1.7171255312270601,-1.7050364737245143,-1.727663162598723,-1.6442939389554108,-1.595075995127306,-1.5663108732346673,-1.4171730360964065,-1.3844290793548557,-1.3689358284276059,-1.284335963818952,-1.1133151279960671,-1.0473123506967021,-0.9608619857849771,-0.7937117858804913,-0.7076578222209728,-0.5923592522550613,-0.35561903629033914,-0.27169278930296886,-0.1541424053201708,0.0641291707579085,0.13928116104615113,0.21067876571366176,0.42775112240360563,0.5094704369402568,0.6635188613381826,0.9264884279376207,1.0802158635571684,1.2693321058727733,1.5079238353799223,1.8595201639835153,2.078318070454551,2.3157920401048475,2.8045709941919887,3.159308441065901,3.4219497425511474,4.115476317546636
-0.9848103439627306,-0.8835233111146631,-0.8490913237421339,-0.8099928498145172,-0.6538890647287988,-0.547777347809861,-0.46700135491961137,-0.2013463452766884,0.14297151599049926,0.5204643069831985,0.6632702474921625,0,0,0,0,0,0,0,0,0,-1.6809048716060198,-1.473336752873888,-1.329388688074257,-1.126783078126811,-0.898732897596301,-0.7841196398526242,-0.6581209594691718,-0.44691564699125125,-0.2873241022406717,-0.16446364043013634,0.1328571767494842,0.19184363272925953,0.27995951100953814,0.4327102435890083,0.5104412217415054,0.6126483477577054,0.8202932683821187,0.9099996994756971,1.0714286093859162,1.3147734422745152,1.4758513250511793,1.6518481119770003,1.9032007653826144,2.1591122984611855,2.3415656769043802,2.6247440895002017,2.988031185975197,3.3050037554525664,3.578287525405401,4.011693327551653
-0.12961305462610503,-0.014006662781578125,0.10323629880617202,0.16656976170186757,0.38387618669203427,0.43339219752990626,0.5625815047821197,0,0,0,0,0,0,0,0,0,0,0,0,-1.8153751238946982,-1.36436537271013,-1.1665231648740406,-1.0367828928526073,-0.9481978148668756,-0.6870015130620954,-0.6035935411825063,-0.477327714696812,-0.23658566965485012,-0.1510359033048087,-0.0401355254306427,0.1553496410219451,0.23382974932132083,0.3493917781973979,0.5320207901211164,0.6487060388938798,0.7401224651410985,0.9791097061097417,1.4108769931425564,1.686604477972575,1.3647079891228124,1.7516601124910514,2.4508080850838025,1.6956292744158388,-0.28331819196496283,0.5989559443336671,1.5816921098977021,2.6687261145360868,3.057860457673769,3.365437433907846,3.7672207101235062
0.36535402468167233,0.45697505550247014,0.49194840604268414,0.5339715008222524,0,0,0,0,0,0,0,0,0,0,0,0,0,-1.393889158405775,-1.2669435286356223,-1.2650207228254176,-0.9535475595249643,-0.8318168141998222,-0.7325255117699901,-0.5944791071503328,-0.3924626347439747,-0.2561693284188587,-0.13612972469872803,0.14312492637378035,0.31245200550594604,0.47819350550573025,0.8286105986208949,1.0420358236398273,1.1654484504647429,1.5727363503151117,1.7815814869412123,1.9429063851575388,2.1434516013790157,2.140784279760507,2.1537082942320653,1.9021135253097226,1.9130601438640582,2.0465572646158363,2.0912760599179743,2.2010990700503883,2.3482063086771743,2.4669811920322546,2.643105234851658,2.8493953419390152,3.0916089907232767,3.5247169334270665
0.4379063800591725,0.5304570866615125,0,0,0,0,0,0,0,0,0,0,0,0,0,0,-1.304748250196138,-0.9782874556602938,-0.8394126704415624,-0.723183174130803,-0.4784827949573372,-0.3738299972938097,-0.27477244879031654,-0.12951803193164463,0.13465084489472287,0.2508014434933189,0.3392129783355743,0.581062965856193,0.7247432516407302,0.8236547860768831,1.0266723932551414,1.1045865006485855,1.192532948220543,1.288348786791591,1.3647367979038831,1.4010407845583088,1.427426339620935,1.4770361470270925,1.5511406574283362,1.5710536323382949,1.6221819878617663,1.7433441970509165,1.7860857585568881,1.9252043727682515,2.052036243273352,2.1524145706258944,2.4107347670756667,2.5857517890541737,2.713862262670076,3.026124909907699
0.4253947213156223,0.5139768920246269,0,0,0,0,0,0,0,0,0,0,0,0,-0.8963315273823452,-0.7543547714426806,-0.7280900644463142,-0.5274657625042855,-0.4471257396970096,-0.3801883625775365,-0.2482729204957078,-0.1480710824994474,-0.08612833592156519,-0.002730439040179588,0.11877494029938489,0.1951828390881463,0.24234040337789278,0.4000516591806285,0.4809111876867927,0.5230105134931727,0.6297845488324396,0.6594802391032875,0.6796400662597555,0.7579417052890469,0.8006770944822933,0.8720326775853321,0.8802469843047525,0.9414999855716777,0.9671715826068901,0.9917773863645171,1.097640749153564,1.220528869284119,1.2736820536368727,1.4869167791678952,1.6232171727647844,1.7551912785510855,1.9562435807741396,2.125039307607341,2.1950187201212312,2.438599463380369
0.3695279523923753,0.4039775573382498,0.4264984907222174,0.4449054560055585,0.11788108171518659,0,0,0,0,0,0.29053839247713514,-0.8520768264397206,-0.8446311392814988,-0.795381738770395,-0.6752060488356979,-0.6188306587871285,-0.5992097343078495,-0.47826283818982007,-0.4431531067533179,-0.4116413070521335,-0.3246446258218911,-0.274188743977056,-0.25413829699773743,-0.2136457720482286,-0.15195002533772664,-0.09810179425972114,-0.07068543166100398,-0.009838457330275715,0.027645155354739895,0.053785265980347066,0.12463841962441252,0.1629218640122081,0.20829459709965384,0.25941470421242974,0.2799669342916567,0.36268201237272185,0.4526795886804694,0.5218174200366922,0.5565782492687646,0.7554261813938107,0.8240483309289893,0.9613399410311249,1.0197316620738968,1.1684808649039489,1.3325400887914212,1.4355059770696803,1.5821053974782882,1.6304208174983388,1.7702859507235875,1.923959585920467
0.40323791594273783,0.4120129672782384,0.44995593963877956,0.47362753328134366,0.48573610193505623,0.5385913652801881,0.5887648417225664,0.6535357823946604,0,-0.882224598026128,-0.9207368066809658,-0.7650400077903905,-0.7541786762598441,-0.7186608650545564,-0.6556068108982541,-0.630527536834021,-0.6413876691265551,-0.6146871258851027,-0.6035078687129463,-0.595875811402563,-0.5397772527389104,-0.5238092045288019,-0.5118686037805784,-0.4922660895189953,-0.47368592400578036,-0.45981545390487194,-0.43500274369705494,-0.3696895764556912,-0.36137516259083635,-0.3247672303987357,-0.2282133046439653,-0.2116655447626529,-0.2017212987323938,-0.0895747961103335,-0.07078644947628386,0.002034407320747957,0.09736423766875482,0.20728823254927506,0.2687069307106413,0.47433762280230063,0.5214269611152714,0.6281332234944607,0.7363802423253675,0.8719466679233528,0.9699604959270856,1.034202037170414,1.2300974655940502,1.3116174817317328,1.4584059633924886,1.5765537360009003
-0.2588512388183877,-0.3854807832480284,-0.4580604305371561,-0.564641771505468,-0.5942531042379054,-0.6536521541259616,-0.6834104794949204,-0.6925405444091359,-0.7047632576898525,-0.7502955123911142,-0.7588901561179501,-0.7587256297218474,-0.78400366971163,-0.7859086060289653,-0.7707156812450652,-0.771458180252692,-0.7852651141689685,-0.7548323611718889,-0.7458169866231961,-0.7577305888193772,-0.7152055563971448,-0.6939182091978852,-0.7084680977104821,-0.687170310375698,-0.6286487407461828,-0.6143126860537877,-0.6091384853932257,-0.5844967135857427,-0.5668633394619579,-0.5230006203954447,-0.4400011892042346,-0.4125676956808715,-0.356810504270953,-0.2673865821839322,-0.1987670130412355,-0.1669190398774278,-0.019533014014859743,0.047647555078782156,0.11034249023978925,0.23162796539236938,0.3278003809671122,0.3950800886113025,0.4345071502753089,0.5669941065166231,0.6452679288038277,0.7463470610522582,0.8580105939183584,0.9481956923676242,1.061825794097616,1.204485677022392
-0.648918963758345,-0.6647946534826265,-0.678844985462597,-0.7374564682991974,-0.724241487051916,-0.7467551362821742,-0.8030177484136354,-0.8083256348540698,-0.8221653706749069,-0.8600611356636082,-0.867758566533413,-0.863956677481206,-0.8837206316064254,-0.8833499682926385,-0.8581357149123432,-0.8630153230825071,-0.8684014664567304,-0.8540430094423275,-0.8270744538636181,-0.8331066823252433,-0.8054839611129504,-0.7866028281760723,-0.7944466772784129,-0.7741614913983704,-0.7296394277496994,-0.7218003081349897,-0.7031110142669433,-0.6396015501621829,-0.6457084126873013,-0.6019405663118231,-0.532917248161836,-0.4878376295608764,-0.4332683386483157,-0.32502129836258825,-0.2756326286433738,-0.21598838023998487,-0.12665555732687825,-0.057652257345109745,-0.030522229943612415,0.09422564128156868,0.13072096698208138,0.1735184244458844,0.2652801929302955,0.37665465144248905,0.46460482638108436,0.5104484202303843,0.6603481363571253,0.7334728504421225,0.7864377495077645,0.8803872770237952
-0.7569935091139272,-0.7781613799793015,-0.7809519251659661,-0.8277246121828724,-0.8372832615694147,-0.8603073634220867,-0.8817000073608569,-0.8902628868279193,-0.8937491839896613,-0.915174925429604,-0.913319919668081,-0.8768445478960162,-0.9015814790573065,-0.9022980044938651,-0.8899635740296664,-0.8845498794865576,-0.8878177569250261,-0.8761930088067682,-0.865626778919683,-0.8650191452424035,-0.8431849025191654,-0.8299198521030366,-0.8296994347954292,-0.8230016098278022,-0.7634131826453868,-0.7691183342983252,-0.7341261171354305,-0.6686078781122459,-0.6429091066328982,-0.5890729983461006,-0.5261990456648818,-0.47683476260669355,-0.45633160853609755,-0.36836505690654825,-0.32175382821915227,-0.2823676136285575,-0.22492438239752224,-0.16043659508470667,-0.12515389448614478,-0.006086596421207824,0.02925347703912384,0.07000271582435959,0.12499839938242038,0.21068035803809193,0.2780310876330976,0.34028962370044874,0.4713087565957272,0.5346793251791889,0.5480367109982122,0.6921666191533827
-0.8274883352913894,-0.8459956820438465,-0.8534912710445567,-0.8781982262181118,-0.869262864900511,-0.8730595687671043,-0.8927802326356783,-0.8952425371803503,-0.8811295407587351,-0.8978561385926199,-0.8954589510114667,-0.8812886161689382,-0.8905795061082143,-0.8898556516469707,-0.8779156453692317,-0.8746543876574217,-0.883196419701343,-0.8705318669774005,-0.8608348489097831,-0.8662958977957811,-0.8381058395418273,-0.8184671253840908,-0.8053239963532942,-0.800407003441001,-0.7372846844996659,-0.7162972645999806,-0.6959517033471597,-0.6340818994347255,-0.6105181733529628,-0.5751179331129072,-0.5220282611395266,-0.49107399673377533,-0.454258841541558,-0.3861282999391337,-0.34182032075722846,-0.3370269452109345,-0.26079059324150783,-0.21716882257466008,-0.1568159526331431,-0.10383390090654471,-0.0450827653272739,-0.001162395714361738,0.06305265988648708,0.14798643490147698,0.1930831282032731,0.2507517374161661,0.34382281692735384,0.3755010913416136,0.4363707331301188,0.520021282047041
-0.8420126588931204,-0.8353158927962026,-0.8281520912399283,-0.8482962243464446,-0.8357869964028048,-0.8256033959072346,-0.8478274611684508,-0.8534013497718438,-0.8306033689896838,-0.844663405363737,-0.8502879332589809,-0.843739135392135,-0.8735643265588809,-0.8729481929288984,-0.8516335548156796,-0.8537366643328059,-0.8666537277987445,-0.8439267896267315,-0.8375763986661385,-0.8333703285697519,-0.8010608736773829,-0.8023111141103406,-0.787808438620334,-0.7498205085053529,-0.7070848897106302,-0.6945949286946699,-0.668681571376134,-0.5981452387436529,-0.5893412920203557,-0.5693479666224702,-0.5127530049462421,-0.4981401299082416,-0.47037207792136,-0.4219725765533904,-0.4031478047973927,-0.37275011400193064,-0.320047176263998,-0.29585233920166376,-0.2511603113315544,-0.1653448680909414,-0.12599895614029272,-0.06675033794369917,-0.047552080538928454,0.03764643411773853,0.07810215869960699,0.1289490900199936,0.2202683828585883,0.2571505549380104,0.26546488463801177,0.36774149527454913
