jsons/1312772400.json
{"header": {"parameterUnit": "m", "parameterNumber": 2, "dx": 0.1, "dy": 0.5, "parameterNumberName": "Eastward wave", "la1": 40.97354507446295, "la2": 16.46031188964855, "parameterCategory": 2, "lo2": 133.9931640625001, "nx": 191, "ny": 50, "refTime": "2011-08-05 8:00:00", "lo1": 114.97908020019554}, "data":
[rows 0 to 21 of 50, columns 98 to 146 of 191]
0,0,0,0,0,0,0,0,0,0,0,0,0,0,0,0,0,0,0,0,0,0,0,0,0,0,0,0,0,0,0,0,0,0,0,0,0,0,0,0,0,0,0,0,0,0,0,0,0
0,0,0,0,0,0,0,0,0,0,0,0,0,0,0,0,0,0,0,0,0,0,0,0,0,0,0,0,0,0,0,0,0,0,0,0,0,0,0,0,0,0,0,0,0,0,0,0,0
0,0,0,0,0,0,0,0,0,0,0,0,0,0,0,0,0,0,0,0,0,0,0,0,0,0,0,0,0,0,0,0,0,0,0,0,0,0,0,0,0,0,0,0,0,0,0,0,0
1.1740532756702386,1.0216673535947254,0.9595406102921579,0.6736475331429317,0.9213163859844543,0.9437097491748869,0.24869883161446882,0,0,0,0,0,0,0,0,0,0,0,0,0,0,0,0,0,0,0,0,0,0,0,0,0,0,0,0,0,0,0,0,0,0,0,0,0,0,0,0,0,0
1.9913919938174285,1.6770166351866056,1.2771394038948791,1.215033442038711,0.9224326586930901,0,0,0,0,0,0,0,0,0,0,0,0,0,0,0,0,0,0,0,0,0,0,0,0,0,0,0,0,0,0,0,0,0,0,0,0,0,0,0,0,0,0,0,0
3.0176066376511184,2.0978978148742033,0,0,0,0,0,0,0,0,0,0,0,0,0,0,0,0,0,0,0,0,0,0,0,0,0,0,0,0,0,0,0,0,0,0,0,0,0,0,0,0,0,0,0,0,0,0,0
4.941843294857051,4.512330586629603,4.116288831111113,2.879669358623806,2.658912054819518,0,0,0,0,0,1.7818655782434254,0,0,0,0,0,0,0,0,0,0,0,0,0,0,0,0,0,0,0,0,0,0,0,0,0,0,0,0,0,0,0,0,0,0,0,0,0,0
6.653649633514255,6.5241640179737646,6.388611367442286,5.914907663356441,5.707972145444655,5.295458311732036,4.772336177804723,4.518069341393221,4.360248811935804,3.917087640758336,3.73604908675528,3.647115651989126,3.395277094001739,3.3034014416006574,3.1218164304015548,3.018875267522136,2.8977854760760002,2.6587793554079036,2.1306541680106528,0,0,0,0,0,0,0,0,0,0,0,0,0,0,0,0,0,0,0,0,0,0,0,0,0,0,0,0,0,0
6.280059146175551,6.231622429163437,6.1546714047548,5.914687740100867,5.78967113069779,5.639410434670738,5.250320125460936,5.128422606425949,4.819542010246092,4.493093113755532,4.235142396419242,4.121734807560832,3.8539223791042585,3.6148746685409927,3.2754906788699554,2.597910330692877,2.1810575682760267,-1.5999771652832926,-0.12305690185445627,-0.72303458726859,0.5533290375186963,0,0,0,0,0,0,0,0,0,0,0,0,0,0,0,0,0,0,0,0,0,0,0,0,0,0,0,0
5.431476398534615,5.373057863615829,5.344254207388293,5.204460969825821,5.1296038715920735,4.97495957507108,4.66443813651852,4.537451382121005,4.397287324886787,4.145027904538443,3.922695907722771,3.7981174248481455,3.3196789541852634,3.050780394627517,2.904007969483822,2.681286568465976,2.528286670652635,2.34904790745796,0,0,0,0,0,0,0,0,0,0,0,0,0,0,0,0,0,0,0,0,0,0,0,0,0,0,0,0,0,0,0
4.785021902002297,4.750293234549163,4.671744755546999,4.520985836058484,4.426464263961266,4.303116791534123,4.118690361682476,3.936742706651235,3.8324731324895946,3.5547490393842174,3.430905833745961,3.239451707472048,2.950165995030768,2.8147031222060526,2.570218702743576,2.280487335989212,2.1494304417066585,2.0305442906970734,1.5422877585785162,0.5251558593083664,0,0,0,0,0,0,0,0,0,0,0,0,0,0,0,0,0,0,0,0,0,0,0,0,0,0,0,0,0
3.993321363867369,3.945846186466362,3.911142357685747,3.8025053975993353,3.7388348710298476,3.694950379222679,3.4869467589285823,3.3533355089351713,3.213899979747121,2.901606987479636,2.75546905257246,2.5964056205725274,2.378402593106697,2.282838036301356,2.1204189081938494,1.954972019611559,1.6541078296130247,-1.9810941424555466,0,0,0,0,0,0,0,0,0,0,0,0,0,0,0,0,0,0,0,0,0,0,0,0,0,0,0,0,0,0,0
3.050244592549757,3.0022828576184475,2.992805985979143,2.933233731479451,2.874601936510003,2.821675786617076,2.7263412894182886,2.621041314887277,2.539649392794863,2.327073417356572,2.2007291406061325,2.1780199058839917,2.146006688745077,2.138958519576867,1.9565969816935853,1.4918683753328588,1.32730651893003,1.2108833427356804,0,0,0,0,0,0,0,0,0,0,0,0,0,0,0,0,0,0,0,0,0,0,0,0,0,0,0,0,0,0,0
2.6722475856880115,2.68203655758938,2.6818180289878613,2.6691277137018394,2.667337483562869,2.6362798278331354,2.570512393201434,2.516398319046026,2.4705898972086278,2.3873786154543337,2.310411758759337,2.2730236402604254,2.1942966390919034,2.167458958394501,2.0938828475357782,1.9071791980810746,1.6916024082436147,1.6751058830674146,1.7750072229639038,1.9275466190796398,1.8367493669011397,1.8665250048488582,1.874601782562188,1.8808449035905022,1.846276541271617,1.8659642677348525,1.8841129144796467,1.7957889324118481,1.8404421743314578,1.8763248534607664,1.8736502346191963,1.9119395462751825,1.927269039494276,1.9756584478768566,1.9923074313826479,2.0074468248305397,1.9621371521232003,1.9321587737652905,1.9198767419212648,1.8692210818607,0,0,0,0,0,0,0,0,0
2.336286552702235,2.3993665271588736,2.4047630923262555,2.4079275097693005,2.407925426784397,2.401572885479312,2.392368844997338,2.3832188333256035,2.3616958505696934,2.3121878026215352,2.28970016467792,2.2474820150689068,2.151948017271557,2.1089488574235196,2.04055922505835,1.9740803989012887,1.9524363097873738,1.8965390836567226,1.8633930939831218,1.871878449375444,1.9734471047750637,1.9830579058966447,1.969522794359937,2.019130448901429,2.0230089924450283,2.0313023292626466,2.0375189865583714,2.0399576710266576,2.059978336174877,2.059663512328188,2.048591314063149,2.0459688931174322,2.0398655065266604,2.031986540353267,2.0085641767425657,1.9967130128278932,1.9603992779779777,1.9474530025055885,1.9205296881005363,1.8932065842374335,1.8799176919293963,1.8448153376068548,1.7923121897601582,1.7664228185477417,1.7038217808112814,1.5648253211249705,1.4959248542367554,1.471099307626959,0
2.0287263078650892,2.1595561291400203,2.153692909752094,2.1687475183341562,2.221515199247083,2.2058648185951895,2.1727098998131016,2.161007475187425,2.1256331732072655,2.0679835650190013,2.0402490689272343,2.010062735178218,1.9180589101150536,1.7901200563461699,1.3244425360735805,1.6213939810628666,-0.5176224506352634,-0.6395682938794643,-0.2524344669625792,0.15334867583440176,1.0013288618124054,1.0914097218457006,1.7085498089660602,1.8904607327360747,1.9428406140331957,1.9767977876268181,1.9633639991396308,1.955634134260392,1.9465250356449544,1.935586516877094,1.9307385635140661,1.8955470115096835,1.8589777848447862,1.8625475305229755,1.8763660762788166,1.8490121648725875,1.810214243392247,1.818468987754291,1.8264295875998888,1.8030503180556192,1.766537564129568,1.747817619303203,1.7079205982940744,1.6868173765260162,1.6040765560060655,1.5156017046661003,1.4571868425120909,1.2789341913363685,1.0752775971633746
1.1394289997353888,1.3709631235144555,1.4712603180309682,1.5242833784804504,1.653684468729894,1.675538026478455,1.730511333335332,1.7823565765517486,1.8022418791051946,1.8174213771342187,1.8959847886954302,1.901342456514168,1.914631587189327,1.9259578153038712,1.93554927915291,1.9323195148239916,1.9572487454223593,1.9744683253232378,1.9859605383203969,1.9781000303080039,1.9534057951238586,1.9237777389682742,1.900523170898421,1.8751472477902458,1.866335424689542,1.8075211528402846,1.8053235402365977,1.782460832863802,1.7750959765270975,1.7677825052349838,1.754015989764895,1.7525662392555237,1.7493854002000746,1.7446480680774952,1.7228029288781082,1.718303149374251,1.704287383666965,1.70064159489767,1.6868063323822033,1.6689589261225979,1.665720597803916,1.6628663857694979,1.6313419418125958,1.6103017918735218,1.583185816851976,1.530177451400664,1.4873883458095833,1.4934202610778786,1.4008509515934786
0.7662218120452631,0.9752108160350029,1.0588992987782886,1.149403983753575,1.2721323310578174,1.2994665363352225,1.3552503328604557,1.4301153226344743,1.4627427573090823,1.5078929516897726,1.5576130092328853,1.5727501689021681,1.5973712897918102,1.618183430685524,1.635194122718705,1.636320806212344,1.658727530976267,1.6660778602442712,1.6853183509249055,1.6926381852686483,1.7052524192309522,1.704695254557847,1.6842743564895541,1.6714388887327838,1.6542654177205185,1.6383936951686457,1.6321613013602265,1.6284158421141028,1.6249264657504503,1.6233658982306693,1.605180652142175,1.6038515393876935,1.6003933187940718,1.5888685682982275,1.5953031635072945,1.5929992490224896,1.5920824268878533,1.5875448696156271,1.5853500367535294,1.561799659637962,1.5541102067851416,1.5429785187401148,1.5446031920019663,1.5435532930216176,1.5232804933097017,1.487180773035947,1.47844153409216,1.4684488427199647,1.4445057833941213
0.5775895302129134,0.8092099931195635,0.872086745982922,0.9841642334589242,1.1012831431319492,1.1392852449797393,1.187684127366749,1.256227693012436,1.2721626323687263,1.2894712309461827,1.3496456127696492,1.3655371091119282,1.3902368290538034,1.4005511149072072,1.4368463919601122,1.4535094881636184,1.4712582097219924,1.4859101960060384,1.5092095701688806,1.5240755659318328,1.542036980452262,1.5616483138843027,1.5633326240879684,1.5680023818011186,1.5595338872643523,1.5423824837331692,1.5333942193661836,1.5288157361632697,1.5369648077747053,1.5433397472915167,1.5348381579408341,1.5376920393856626,1.5378752299337932,1.5474055595331637,1.5476114321891072,1.5372285872674807,1.5218979400919583,1.537515229305484,1.5263594582679196,1.5009782124957305,1.4976292428346847,1.494596240634433,1.4763518079665943,1.4609977530659244,1.4433919743138053,1.416460258829488,1.409299092486465,1.4017021868256987,1.3774789652782102
0.5076628144893685,0.7590483566987792,0.8766441074570143,0.9563406480755968,1.0543991027693913,1.0615710166695707,1.1166256892028048,1.1967307356033403,1.2210933499174894,1.260241118619564,1.302863128868178,1.3159508861406248,1.300347841484215,1.321157661390904,1.3520495359701894,1.3696137539802389,1.3849078613908172,1.4036487423417918,1.439667486426898,1.4579115348905305,1.475357803040349,1.4850404119661178,1.4852124093396357,1.4990113447149525,1.4883934679501523,1.510231347961441,1.5089330232579177,1.5139948546474862,1.5186593876850158,1.5171434826233856,1.510720403648707,1.5013678801670112,1.4896256494889921,1.4962432515837598,1.5107400014588104,1.4993732226027494,1.4902551734269467,1.503809601750287,1.501363489159359,1.4974307740379817,1.5024046786910679,1.5041738596738028,1.4928981556901015,1.48614707053303,1.4629025900398114,1.4304865742983037,1.416979200729034,1.4019934043106461,1.3912158547458764
0.6008185865077061,0.8411268677188057,0.9559218186390164,1.0578917732516286,1.182455392792833,1.2286935460339639,1.2585345706854785,1.3122605578735576,1.3276619776790894,1.3301204654204952,1.3441044698468818,1.34404357607936,1.3465426794338216,1.3495211434860719,1.3616491350412852,1.3764085199491751,1.3871556996084033,1.3905363882366897,1.4109491050572338,1.4188277435752088,1.430785392253645,1.4319495932060462,1.4429737833596659,1.4509081026799011,1.451724392354533,1.468669771416647,1.4844697189602092,1.4936941334907128,1.5086630519374435,1.5087923232488007,1.5039285293064293,1.4989541239609523,1.497349288334566,1.4855640162090598,1.482778765676583,1.474906073958939,1.4822304576429073,1.4855170655821024,1.4839503195938148,1.4749425645000807,1.4716864814344197,1.4717553106889627,1.4553111142198578,1.45051635387874,1.4369267552363738,1.427346850112237,1.4273734606872905,1.4185278358099702,1.4074495363551405
0.7000869247462246,0.8991375794967363,1.0110872798578852,1.1377176187184757,1.191888364730689,1.2368790689409992,1.2604582818263328,1.3216776602686056,1.313571026091125,1.3236041034899628,1.3198837351296155,1.3235884653962702,1.338425000116689,1.347817293282806,1.365213526137813,1.3693582956265409,1.3720094244938204,1.3783499574752056,1.4068101690673174,1.4161225722989974,1.416303708022913,1.4253299957816086,1.4366022454665701,1.4531446010862836,1.4429026529803701,1.4537291716961716,1.4540619489275306,1.4554292080907336,1.468999452834621,1.4744318688529576,1.4726793331832624,1.4731881710860733,1.4702061480003359,1.4669214011978007,1.4736323173162909,1.4655639975076058,1.4580935740022494,1.465552029604102,1.4608765985314145,1.4601511492446606,1.444262760078501,1.4333149992801832,1.4202233052546163,1.4188449584864102,1.4289876149053864,1.4310168686477558,1.4331345588194762,1.4144573877226774,1.4063187789075655
