jsons/1312884000.json
{"header": {"parameterUnit": "m", "parameterNumber": 3, "dx": 0.1, "dy": 0.5, "parameterNumberName": "Northward wave", "la1": 40.97354507446295, "la2": 16.46031188964855, "parameterCategory": 2, "lo2": 133.9931640625001, "nx": 191, "ny": 50, "refTime": "2011-08-05 8:00:00", "lo1": 114.97908020019554}, "data":
[rows 0 to 21 of 50, columns 49 to 97 of 191]
0,0,0,0,0,0,0,0,0,0,0,0,0,0,0,0,0,0,0,0,0,0,0,0,0,0,0,0,0,0,0,0,0,0,0,0,0,0,0,0,0,0,0,0,0,0,0,0,0
0,0,0,0,0,0,0,0,-0.04881783233340632,0.025306562139661502,0.04835334164818818,0.060385904458339155,0.08368994133131816,0.09097262327526803,0.09232891139191662,0.09675194308876738,0.09802392444927685,0.10260078998345121,0.10103041486141143,0.10524774088003112,0.11055877063596452,0.10879724852727865,0.10211010731795195,0.1318668989884359,0,0,0,0,0,0,0,0,0,0,0,0,0,0,0,0,0,0,0,0,0,0,0,0,0
0.03841297728775095,-0.15470698507459793,-0.16092392392437824,-0.15593241094365304,-0.13684686554586173,-0.05258393108854976,-0.009771457556039231,0.0623370289866626,0.06440335137929526,0.1043422027825749,0.11505771057877436,0.11976202785427183,0.1292105822286768,0.13187693212126436,0.13308693729182533,0.13405580110431944,0.13490980858714868,0.13849238178885406,0.13530333313621154,0.12508245682993321,0,0,0,0,0,0,0,0,0,0,0,0,0,0,0,0,0,0,0,0,0,0,0,0,0,0,0,0,0
-0.28739342881863383,-0.2798937445795367,-0.17943047469699838,-0.10230491112794729,0.0030976345525622734,0.17654141789225575,0.20787726969649284,0.20152987013411397,0.19622922341879495,0.20322458824788828,0.19962710880102968,0.19958506484417973,0.19091445534341753,0.18591997487159914,0.18994375316104423,-0.14402192395796626,-0.20015927165924247,-0.08744775715212982,0,0,0,0,0,0,0,0,3.058603112271957e+38,-0.3709586952500522,-0.3996263991235081,-0.41179323124768324,-0.41613656236829766,-0.42085765673435155,-0.41697653823131026,-0.41810175067397365,-0.4229439093342164,-0.4222367341210816,-0.4349132253652009,-0.4315294338212333,-0.43136035594578226,-0.40068357803364196,-0.28947665039385556,-0.21167744239736652,-0.18967464468477768,-0.14028401178241107,-0.09066742358027112,-0.0570758524443263,-0.03291595391234542,0.00911915875391693,0.03368502412443445
-0.441841937264556,-0.4463899971967147,-0.4518053234766446,-0.4503182853056674,-0.46120198267899587,-0.4302353679699033,-0.3851578648925851,-0.3956035998404218,-0.4639243182420076,-0.39215129532159926,-0.1884369859723065,0.3297488063859669,0.23339892206227597,0.1302747350257917,0.16187809065057776,0.04540606598733769,0.017554195863092627,-0.26522074585348976,-0.3087388818659334,-0.3255021918827497,0.11461168299866988,-0.4977922627024729,-0.5085014701386285,-0.4989437484693836,-0.47810321585289217,-0.44522642522751465,-0.4256212894718257,-0.40142388055577755,-0.39884465822730913,-0.3946740446498215,-0.3860209240017782,-0.363330080046781,-0.36555522933900897,-0.35852376469213443,-0.36733157970578756,-0.3935652101120212,-0.42060122440112097,-0.49628806974982864,-0.5061465080177528,-0.5175347111553654,-0.43151106830691704,-0.2954496720258449,-0.22622267881926975,-0.17716189022513826,-0.10374464368370129,-0.053035115795736845,-0.019173288532529243,0.06879026279269024,0.12375301021414492
-0.4608055690411454,-0.46796746666625644,-0.4767890346111796,-0.4935144581191315,-0.5031230407283421,-0.5151451960788207,-0.5205183637967471,-0.5360773797543069,-0.5416081822336296,-0.5419269091397576,-0.5503216033541839,-0.5476116665075194,-0.5457086674215764,-0.5431399246619819,-0.5308714220176278,-0.5261053297155373,-0.5068223355920222,-0.4910333678990845,-0.4432320188306975,-0.4518448858510561,-0.40904481323138103,-0.308986112652139,-0.272193104681716,-0.22244367398035195,-0.2110339486203518,-0.18591718116553801,-0.2071633086126039,-0.20116038165622188,-0.1797589250800398,-0.18756859112661697,-0.1762268018774467,-0.19432530371017703,-0.1996381419459638,-0.22040736163276167,-0.25386800373068935,-0.2935063331585432,-0.3108778629100054,-0.49036770828759835,-0.5553978085868714,-0.5468723532396368,-0.29356004954911896,-0.16035694518431945,-0.11208315720899335,-0.047484810816219795,0.017809010054608203,0.05923134787155111,0.10889499161230112,0.13835226743626286,0.19374009359960273
-0.30743876607483966,-0.30646170704485554,-0.2901970912370073,-0.2864647866038054,-0.2747182661889789,-0.3022885049566106,-0.30865606340291635,-0.3239313592776655,-0.3465884694545229,-0.36007293990021455,-0.3723293686120826,-0.3661495430799078,-0.36474159292245173,-0.35524164070093545,-0.34568887359765577,-0.3064338973057941,-0.2924045617607993,-0.2802048336735357,-0.22978873852866477,-0.22049532254180157,-0.2087842242042267,-0.18719071267034848,-0.17272109973996316,-0.15883565392937618,-0.1385556027691897,-0.13695384352192688,-0.14444252614490893,-0.10951536548574668,-0.07234933018800094,-0.03374035450213122,-0.028878423600734934,-0.00656747915339758,-0.0021169569796706,0.03690418738123594,0.12648948010627054,0.1229445840697746,0.14730395655894354,-0.5290861066894597,-0.33739659723453685,0.12337178792967236,0.24691285513580172,0.22484266285869545,0.20460465495695207,0.19036653089397956,0.1853698791224496,0.19123881488855715,0.204497482563678,0.2062332594834552,0.22466597367994265
-0.029989093444408584,0.061785283462515155,-6.4444223112830935e+37,0,0,0,0,0,0,0,0,0,0,0,0,0,0,-0.2059012681513425,-0.10495448800137441,-0.07533480578803702,-2.225281743201292e+37,0,0,0,-0.1993850033428787,-0.1466901865312571,-0.1971804468185086,-0.2355114431144248,-0.1587999251043444,-0.09592827268824185,-0.06253294566144778,0.06854174437599189,0.13353129215445983,0.18061159766029047,0.2829057244870382,0.35332374784027065,0.3147380475635816,-0.31246185101025353,-0.19840099497142635,0.34626907190871903,0.42398359702532074,0.3653527134080738,0.3238975091529424,0.2806447358872807,0.24662769602582887,0.25072588683255564,0.23892831030454212,0.22387621535783356,0.22829531281185245
0,0,0,0,0,0,0,0,0,0,0,0,0,0,0,0,0,0,0,0,0,0,-1.6392142957900714e+37,9.635028448113956e+36,0,0,0,-0.44623593385673904,-0.27886462310549986,-0.18049170449647484,-0.08069259114392811,0.12612390016746192,0.1750886745229446,0.25344016785701434,0.4204280217046473,0.4781902568333393,0.5032549059535757,0.5135053902499479,-0.6275324877012002,0.21581827384659094,0.53086996940253,0.48858354616127087,0.43666461152179814,0.42394945051019417,0.3838989399134241,0.38033238551661647,0.37709812804331183,0.3590620799248472,0.3936236390588242
0,0,0,0,0,0,0,0,0,0.044845782682052034,-0.16895959360508905,-0.16497202848906095,-0.19851705361632388,-0.26665578845379334,-0.2884897167825219,-0.3727311456403656,-0.3820518360693473,-0.28119862393103007,-0.25925762470837665,-0.27810047752365585,-0.16690330483056356,-0.1681110947053902,-0.1702100072282364,-0.18748006008122758,-0.17704322187746638,-0.15869550557718445,-0.10740255877789534,-0.07343232458044795,-0.021448674643632697,0.008788136904186976,0.027825851614299697,0.19218443146236153,0.2806025959946019,0.3366939281208427,0.4846031800904937,0.5667474999715822,0.45929472969973806,-0.39997957521646504,0.27905276491513803,0.4633981337640439,0.48710337461298714,0.44182119201958064,0.4193202388558833,0.34963392664854953,0.3842883826341364,0.39955782001811985,0.4132712480322952,0.41485366988789346,0.4389627452573871
0,0,0,-0.2134100861294438,-0.2581343559139466,-0.2806111876083238,-0.31401143467475534,-0.36581006107337694,-0.3933465865907684,-0.3985678251932607,-0.3993131141728699,-0.34504762657990423,-0.32393341827231187,-0.29227400438949297,-0.20580998553773558,-0.16874060505428082,-0.08904750392637989,-0.06282099286270078,-0.03402823709647683,-0.019869470038443186,-0.03840863526255635,-0.03600445190036013,-0.016334644119822564,0.006658424598071457,0.02891554658318615,0.10782713493647515,0.12446095104866738,0.15107768390919452,0.24385431590279655,0.2718906149762788,0.3059150025136901,0.404436785668121,0.47655991748622106,0.5036160300510777,0.567431098666161,0.37166608355285985,0.5508938443844377,0.1901133189756369,0.4831147354886542,0.5998977926373033,0.541795922951174,0.5217202974138404,0.5073209858657902,0.4721968560131149,0.45601188698796524,0.4515061354033353,0.4556476312356346,0.459806695271881,0.4732747839217537
-0.37345702774574707,-0.39935940296668193,-0.39653902575745803,-0.39834602251796364,-0.40022972637581633,-0.377666787601414,-0.36604354150722807,-0.363871872925865,-0.34566678398703077,-0.2961315189169198,-0.2832684254698701,-0.2541077780179,-0.18064931636521556,-0.1452567514884458,-0.10472359064616793,-0.023539847707160135,-0.014604159529777791,-0.006071704835469526,0.02635404927611195,0.047704745284806734,0.06853937624496152,0.09697719279343127,0.09103232862833747,0.1403261142162935,0.15458419016726116,0.22621350889407715,0.2715740574325008,0.3190431898009057,0.42865179382246715,0.44893912420263454,0.4795614800576273,0.5200602940789069,0.5421150620553716,0.5680984095849468,0.5842923036615982,0.5061772028250263,-0.19407411941913214,0.48713440872204494,0.6590506587721805,0.6468942466728168,0.5442279522053668,0.512350402795644,0.5260331691461578,0.5076328321117125,0.4753806775278193,0.48750989699825903,0.4965201042399934,0.5141392007700291,0.5175826487727677
-0.3386016022546937,-0.3356282639273436,-0.3044326608802464,-0.2845468001995337,-0.2893691388395116,-0.2657221539484943,-0.2468195111391508,-0.23565590280719304,-0.2145416900176734,-0.18546735843232298,-0.17600453553706993,-0.1534401554554325,-0.11588472129390558,-0.10006113099266925,-0.0836611587977155,-0.06268554669047538,-0.05342054467819126,-0.05770315723879952,-0.012516876283382836,0.034353188907831594,0.08181776478982415,0.15536266156946582,0.18893860844416557,0.2231598720549061,0.2571265713297038,0.3274139229209865,0.343185135340742,0.3587719155981069,0.4322444812933723,0.4686365994380937,0.4874586743294071,0.5542463874184372,0.5722407041211572,0.5984707823867822,0.656279714312133,0.5837361518579174,0.5779200605806787,0.3763578749461723,0.6543479281465485,0.6643753123227681,0.6219811281834079,0.5857220117899832,0.5781964504967937,0.5715565123739657,0.5236655797500345,0.5041518416812028,0.5048334358301492,0.5044634845861228,0.5212854779351725
0.07556107701013501,-0.2046130951739461,-0.22312641075583411,-0.23788251423185938,-0.24798376247152965,-0.22529337626638074,-0.2166253906699578,-0.21431324705626076,-0.2052431236410257,-0.18234769731105577,-0.17017784413841636,-0.16079049074184304,-0.14688072854728537,-0.1440680511981887,-0.13951502718084813,-0.12306343603943348,-0.11514305911944224,-0.10614732421312004,-0.06777494794018143,-0.01601967799033532,0.006362561064396822,0.043933413419877686,0.10810052185984631,0.15269616229365252,0.20555415860325008,0.28526740200784595,0.3198633674386601,0.3729056852553386,0.4096856675048283,0.4458025277781914,0.4679070099394919,0.5044417042157334,0.5291660835703623,0.5538764323810658,0.6161039724940914,0.6385204787951976,0.6701718719780504,0.36109090450056514,-0.21074382436143352,0.12128269889330771,0.6513709765213198,0.6306323093149047,0.6157948076605976,0.5967673008520106,0.5534024681094681,0.5448080822628407,0.5330479291508867,0.529055397796751,0.5293035365178888
0,0,0,0,0,0,-0.2572830806859972,-0.272401293092385,-0.25734322181085784,-0.2202558600935072,-0.20913541785544038,-0.2005893798950526,-0.18547224792766479,-0.18287925813617772,-0.17465067426658926,-0.1404397112038226,-0.12347128633823065,-0.13722423578740023,-0.10852812793891863,-0.07315980579043818,-0.03138891287993339,0.047951222920163135,0.08468083069927859,0.13197858591009137,0.1739626092035728,0.2203917685832579,0.23354370100887226,0.26994984644436887,0.30818474380012256,0.3505364154374259,0.377375273805942,0.43326881369375225,0.46795889258798784,0.5063954920735485,0.5620963047176842,0.578971227998402,0.6082530461259671,0.6069546923265083,0.4317209146756773,0.6934877490481567,0.4823586630443224,0.5794951056241567,0.6471489318636154,0.5857825071146947,0.49688105627608586,0.5213672546882031,0.5164217483755967,0.47594631986156233,0.47847888687569273
0,0,0,0,0,0,0,0,-0.25972731421842243,-0.22366287661194734,-0.2109414712463263,-0.19772821755588393,-0.21286911150693302,-0.23303725658923402,-0.24091172059154703,-0.23231136857972096,-0.21142962353939648,-0.19469716360824263,-0.15711027683479506,-0.13773631074922957,-0.13222890370035378,-0.09927919109126314,-0.08742944901985535,-0.04321160324455642,-0.04280534957984573,0.05527207752378246,0.10558553221612896,0.12762730051841673,0.18995002450523374,0.22102146655001598,0.251131170204046,0.31154212850082763,0.3600687614123996,0.39412639851984527,0.4903048265265035,0.5345328051006836,0.5614267436796595,0.6354331415466435,0.6615125815568645,0.6665706157446475,0.021010925924389946,-0.45333142276887023,0.6229955061447111,0.5947062041044467,0.6662573649274296,0.6497329180997246,0.6376938315120583,0.5988993720644257,0.600792342055758
0,0,0,0,0,0,0,0,0,0,0,0,-0.06598038697738748,-0.131448458797361,-0.22126973621099555,-0.24664326913353224,-0.2596274856977079,-0.27502540177776424,-0.24196440529198296,-0.23287069783185368,-0.22998819774308013,-0.18971885783905898,-0.18172211320566614,-0.18221123271129488,-0.17294706515791589,-0.13520425101296576,-0.11815814105218385,-0.08248757603534707,-0.022508755629912742,-0.011420433821215532,0.03605374588515076,0.10518619121580747,0.16132108319365576,0.19655069208858944,0.3143343027330566,0.3387568095671219,0.43216430873907397,0.5517465390617767,0.5848404750821922,0.6285552942327525,0.6815413460681521,0.6681609151273634,0.35589846936422276,-0.19359699763701851,0.6352737329253383,0.7361682532683377,0.7268068412021118,0.6905304538804422,0.6763918938862913
0,0,0,0,0,0,0,0,0,0,0,0,0,0,-0.05458414232925344,-0.24830086139625915,-0.2531351622826638,-0.3090580218166474,-0.2943133396668698,-0.29637034591207667,-0.30148672434794904,-0.2948406702932708,-0.2964993001833055,-0.30795713252181994,-0.30122659257629686,-0.2974036013769917,-0.31709895999117055,-0.33745547608094295,-0.32382960911889797,-0.30538340269329717,-0.2859283620387721,-0.24941483123615624,-0.21772733826667834,-0.20458460543522441,-0.16071330301537867,-0.11592740957599373,-0.07206268206017875,0.03643750569046558,0.11364954703919351,0.2739362410010936,0.6073269883069969,0.5416012208188319,0.4946529156917683,-0.6938976678216088,0.5549045318883298,0.6095957828203065,0.5803967572700117,0.5202466813410894,0.5362138419424877
0,0,0,0,0,0.00027736085490342083,0,0,0,-0.008433626465175516,0,0,0,0,0,0,0,0,0,0,-0.33687518175476455,-0.33717015456817134,-0.35598173608189043,-0.3861962404781765,-0.4040445185589657,-0.4208707323084781,-0.45413057502280924,-0.4629853678590199,-0.47121909460915595,-0.4788655312314999,-0.4680426829804643,-0.4435641556127883,-0.443580491872118,-0.43086162867539063,-0.46321550106315007,-0.4701840735662665,-0.4946363180624029,-0.4547135795262272,-0.41594125793892683,-0.4066665470779664,-0.5407529593068419,-0.6817853062463023,-0.38848960758921935,0.21638309696863312,0.24487498551904147,0.22018885423916149,0.18558692539175162,0.2249568381283381,0.25984602034948456
0,0,0,0,0,0,0,0,0,0,0,0,0,0,0,0,2.8870595850358135e+38,-0.019547435358226208,-0.05063274061993331,-0.055198015737495165,-0.07565515143120624,-0.11516690082217171,-0.17494377898169783,-0.3275671678752485,-0.3944039273625589,-0.4372666853994442,-0.4932679291472325,-0.5061586426714546,-0.5218809627271639,-0.5422383738777239,-0.545014497408643,-0.5276417271191741,-0.5256262310051183,-0.5310421145344117,-0.5795292825862932,-0.5981857510935817,-0.6042702301739142,-0.6162700021019581,-0.6431844187951168,-0.667209980591308,-0.6628067477867914,-0.6629225796095792,-0.5780702620811558,-0.4142054942622155,-0.08863877117915102,0.009680078346967417,0.04356531215903628,0.1552111118387055,0.10235037698767792
0,0,0,0,0,0,0,0,0,0,0,0,0,0,0,0,0,0,0,0,0,-0.1518591919090033,-0.24780447583725076,-0.37508432389450513,-0.4061146227280538,-0.4239208025962723,-0.4796417030579551,-0.5167165959966212,-0.5394573107025022,-0.5496727222399831,-0.5575489436169113,-0.583808813336622,-0.6026587597373558,-0.6104004655141199,-0.6291962256550404,-0.6355227815901563,-0.6375669469386736,-0.6367233189132562,-0.6339626554708084,-0.6373191598285728,-0.5919164470855802,-0.5612623735885536,-0.5328349029742039,-0.4723096980394946,-0.3726274724908767,-0.36343131530292483,-0.3570994483858001,-0.2719252211954859,-0.24643806732007667
0,0,0,0,0,0,0,0,0,0,0,-0.11938932864322395,-0.13886562426598345,-0.16081369796490644,-0.17922318531996123,-0.19997311579583368,-0.21731917034982812,-0.2504643728040325,-0.26763995298185866,-0.28433265623774834,-0.3171671837948251,-0.33220102524535694,-0.34062935261198685,-0.33573731149819563,0.18001985052824607,-0.2928730111505059,-0.5344038996155634,-0.5532594509592877,-0.5662273667977025,-0.584909516226028,-0.6054434231152925,-0.6202117898824193,-0.627013599929902,-0.6294991548580399,-0.6348133073002353,-0.637975296684994,-0.6378457320171736,-0.6030209872305616,-0.5572629491134848,-0.5340886195380582,-0.5546664739253044,-0.5845709545409125,-0.5326689736977936,-0.5208745455378219,-0.4800211530436169,-0.4487631126915302,-0.4161808852689141,-0.32118135442417006,-0.2680039895986131
