jsons/1312574400.json
{"header": {"parameterUnit": "m", "parameterNumber": 3, "dx": 0.1, "dy": 0.5, "parameterNumberName": "Northward wave", "la1": 40.97354507446295, "la2": 16.46031188964855, "parameterCategory": 2, "lo2": 133.9931640625001, "nx": 191, "ny": 50, "refTime": "2011-08-05 8:00:00", "lo1": 114.97908020019554}, "data":
[rows 22 to 43 of 50, columns 100 to 149 of 191]
-3.6030571475529456,-3.6710975680453894,-3.6585497204843582,-3.729628428524368,-3.8015552299869673,-3.8423848443700583,-3.844447588849534,-3.909716629764234,-3.9175492873676654,-3.8988189777851905,-3.9099809415549225,-3.9535872829168777,-3.897658244905701,-3.916515916227299,-3.8791617164873915,-3.756398873557303,-3.7854752979343913,-3.7408182835186414,-3.6088869923333635,-3.561064497801053,-3.5597785525329715,-3.4071741453803503,-3.306431529695705,-3.253080823868258,-3.097758340277408,-2.9819052758827764,-2.962896119011451,-2.8503183909920926,-2.672044383314851,-2.603020603377763,-2.4532644220407884,-2.292983778595047,-2.16902586863653,-2.0318766276607905,-1.8464413179090047,-1.7767914287086946,-1.6797735797572744,-1.5525060091367562,-1.4599209509403288,-1.3818334915349026,-1.2659788869473314,-1.2447039075287734,-1.1745640247820635,-1.1793981831113518,-1.1853757318674496,-1.1386084408657038,-1.152896013600247,-1.1015468749196982,-1.0231782662502191,-0.9199781478125284
-4.641934991739827,-4.774068402553809,-4.7742030254160195,-4.832863322655913,-4.906508687177639,-4.903970668790855,-4.959279237495526,-5.017776116482303,-5.025870564753639,-5.032838075066523,-5.127317838714141,-5.084274276054045,-5.100261904422286,-5.060198265210833,-5.094132775390505,-4.9418116259660945,-4.914771118372178,-4.784798789615387,-4.6393104096057565,-4.657324372875759,-4.547319138717196,-4.4054738287077315,-4.321977123190729,-4.312216297662528,-4.089858816131893,-3.9204991435729095,-3.798968111081159,-3.7013498223952954,-3.5041214281304702,-3.35284472292182,-3.2374117129476137,-2.9918304365381565,-2.801367012204414,-2.7495047176701255,-2.475435625926078,-2.2547546581754934,-2.195079480147446,-1.9816621428812389,-1.845843206773665,-1.761788456246554,-1.6283074460867788,-1.5917502451161367,-1.531917988629573,-1.6063546916111993,-1.722204592528299,-1.678791451350894,-1.6738813168820197,-1.5055348880084456,-1.4676537685108557,-1.2568031200705791
-5.5700544484134955,-5.768580223694499,-5.827536319731734,-5.922523413657689,-6.009185432522026,-6.073061940118088,-6.068268967204667,-6.232625291889801,-6.180183563959432,-6.257655816719298,-6.218685945357714,-6.28295820432392,-6.223721095117534,-6.264087954174453,-6.221645899986758,-6.127565622427507,-5.999813659898458,-5.9461328310941255,-5.887063948613646,-5.753170459846821,-5.673583893096463,-5.426375697048039,-5.339014715508979,-5.265364222016085,-5.09129768776976,-4.917342152974029,-4.8256422760744835,-4.597415663815822,-4.358497015362731,-4.175836898358752,-4.007931521436749,-3.719199469405464,-3.4996349091144126,-3.318613924575218,-3.0263516504789054,-2.8168825045197954,-2.7036799441179755,-2.373317472615473,-2.2679944830198733,-2.0541772502020215,-1.9495528568065392,-2.0694319790845617,-2.035275954057357,-2.424937294097395,-2.631797771265612,-2.4683281759765223,-2.372474432273049,-1.9953422850288447,-1.7334929391091083,-1.3721818908410237
-6.651108869319362,-7.029182545326458,-7.1031358548369345,-7.292359631242147,-7.502139547412108,-7.654152065225311,-7.645335182926994,-7.884065477971903,-7.856634681192959,-7.96326989754776,-8.027818274827043,-8.02416049858077,-7.977257646285648,-7.952683709139377,-7.903552045113406,-7.767896413058656,-7.604999715674349,-7.547678939521504,-7.357167831358414,-7.227241507829818,-7.1318428556705085,-6.863487016940757,-6.784516255496033,-6.492485480448647,-6.215891255995488,-6.089642298377721,-5.860107142493684,-5.6371925250283255,-5.314099583349969,-5.115304317457968,-4.924289864942285,-4.535068589423968,-4.2510264012605985,-3.9798826151834583,-3.5114594277027744,-3.3280607594712333,-3.024909952721231,-2.617484359580447,-2.3909172823595597,-2.0834435808887037,-1.6179679696484353,-2.1214336868431314,-2.837968236464355,-2.760906931503888,-1.7321343568802055,-0.4648425193525414,-1.9347733194845786,-1.244982891591789,-1.3133785398510165,-0.6935724430912957
-7.489790763139415,-8.052556064404977,-8.132595042096133,-8.258753014581746,-8.623868334643024,-8.822335051089853,-9.014199323934905,-9.329233353833168,-9.472651881922978,-9.611048950561967,-9.876713136817584,-9.940160369880688,-9.839932749184387,-9.911157511941774,-9.801647694044984,-9.621616951826873,-9.434379968058911,-9.37509721609528,-9.02264362758677,-8.8135916033851,-8.524721462885807,-8.2600700034817,-8.009828303726396,-7.764083804898761,-7.360416759474196,-7.126625539676288,-6.847069498928728,-6.613517218012525,-6.257817487304607,-5.994440268025167,-5.7498101564310335,-5.308276907962769,-4.888349347039383,-4.553930701971204,-3.947107449421766,-3.4566493016015793,-3.04036457389043,-2.330297536214842,-2.554939192642519,-2.7220139929396328,-3.1551923441567062,-2.7978684482160974,-2.019238475887668,-1.6904447700341458,-1.495921739551862,-1.237490614469802,-1.095213061231759,-0.8085145864892815,-0.6499672328726874,-0.47722340825238563
-7.1986179085478605,-7.722391463572535,-8.096450668933457,-8.370194445453214,-8.922819846237797,-9.356330623544055,-9.603403048302173,-10.018430319759823,-10.489190180860046,-10.671948000296293,-11.079707188249587,-11.181017727584468,-11.2450556756841,-11.280677471048092,-11.239950233106383,-10.959706669961676,-10.780326592736357,-10.506169880843613,-10.15811604694589,-9.77835757712827,-9.412557973368637,-8.946537654932056,-8.599302635764627,-8.242982130248922,-7.857598772334093,-7.775658671523971,-7.559237854202523,-7.412940870460811,-7.138578744428603,-6.796543267635802,-6.337391647838325,-5.765940070671396,-5.457819543660665,-4.991015356574325,-4.183610109225034,-3.7932434999108406,-3.4476960159093246,-3.0010120761703525,-2.7292087384542794,-2.475346841975131,-2.0910013807594705,-1.9192451692212749,-1.6828182757575785,-1.3542651334585718,-1.199941701635685,-1.029923988581888,-0.8991389634581363,-0.6393801155608402,-0.4825419937512569,-0.34664388804805535
-6.2415727614560375,-6.40678235861966,-6.9929707495619144,-7.162551103488744,-7.59477907901369,-8.055700056655839,-8.443072636227111,-8.630082260159025,-9.139788277058003,-9.594385466870671,-9.795031108636412,-9.878264183217519,-10.308185777872428,-10.353949504727307,-10.537960781313837,-10.636186033760625,-10.384714940517478,-10.098676558620493,-9.431416997933873,-8.968800430361982,-8.301312435851095,-7.294354034634871,-6.727491816394782,-6.110567205128067,-5.372771673674921,-5.045742110415565,-4.56486700387914,-4.390773891753913,-4.498955987176115,-4.250590070506692,-4.541421311328376,-4.847974186004019,-5.571447983840704,-5.506163375908216,-3.480093206522676,-2.9860494197530616,-2.6414169191725225,-2.001375450192024,-1.7198531722539498,-1.4713220729338827,-1.2386448864465194,-1.0913352963086351,-0.9318303321311149,-0.7602018571638288,-0.6234956510609647,-0.48150381755064814,-0.4227191585472173,-0.14181320617162388,-0.08254963829588388,0.08517759722298737
-3.1520842232676354,-3.298665848410861,-3.0929951872419967,-3.045330800888592,-3.0391605235596035,-2.991252858047329,-3.191571001105501,-3.3215116919587184,-3.811985462325386,-4.095991761083526,-4.329461621635765,-4.9364614468297106,-5.898579433985692,-6.104770782389429,-6.595442811694019,-7.354331085359454,-7.630008391478764,-7.364250648961439,-6.377811915806477,-6.014441087855532,-5.875762287501076,-4.878081991221229,-4.1280499334633465,-3.4108755570677545,-1.98311665450002,-0.9705861845417959,0.08755529974760759,0.5944357382106855,-5.902551093682269,-4.002982237906994,-5.117783395505831,-1.9454421479234945,-1.6417270295686246,-1.3592094435744269,-0.9476043665242915,-0.8332482881806341,-0.5136518534573824,-0.36809085233107053,-0.24985546017455074,-0.16009434872125494,0.014347223318473306,0.16086356179166522,0.21007957549253886,0.35926243569825456,0.5496411657810837,0.528774906055052,0.5723121150081137,0.6716937086231928,0.7304711827449765,0.8409243716135154
-0.15169983522762606,-0.007958476970778255,0.5129649785653563,0.8811111685607381,1.1590479079929947,1.612069497591757,1.662534758009672,1.9007678744955139,2.6728026795319884,2.8572591878013447,2.8969085663885914,3.3079428176794243,4.167796520066702,4.450718174070099,4.7368248267792765,2.3923142456934556,-2.0388219812925605,0.23836109293986854,1.659221959060047,2.4036154571970783,1.742729806260676,0.5825797368053531,0.0036206206620679237,-0.03147751330771985,-0.10295568955123399,-0.1543146074052002,0.31049693372855175,0.37933484604002504,0.6724883199080927,0.7603983386203048,0.9091699873594621,1.0338937302803655,1.1824282677373013,1.285675815147134,1.4231991719489143,1.4390671143617895,1.3456528966406638,1.4665379055534986,1.4087624485479973,1.4105546510396916,1.4255534756672665,1.4921696090939822,1.4597908169199216,1.4384009548317032,1.439348343778938,1.4194183060161454,1.4409626091438827,1.3988745057571113,1.4606587349601527,1.4834596399876556
2.2445846830468357,2.4976315712297175,3.0371512490781574,3.4792516347256615,3.7290268923621457,4.626180851757468,4.917103463576189,5.5156788856101455,6.479728851163056,6.5876005339375245,7.02819408881871,7.123609816384688,7.7549328904454695,7.779842557442887,7.66632599365498,7.044890485571507,-3.3524196987744026,0.5485599548363049,7.286088826180618,7.3944222565531215,7.1921242046741325,6.765160725214965,6.495408055913914,6.0991667414942645,5.582572485377568,5.213730753622629,5.069257958047584,4.8458526860952835,4.545657443557552,4.4586864521424205,4.27235283882443,3.9988079369759673,3.8924576907114194,3.6243349294965133,3.618044413591901,3.3766679329587466,3.3219900346263707,3.120256121501636,3.0498922780531332,2.985820192311893,2.8272708043755244,2.8556812567681225,2.7027880227557035,2.6044175489470325,2.6593021503293053,2.5318349467189574,2.516973825698161,2.5729550236060827,2.4438507962950093,2.3828377546259456
3.1955861794257796,3.70347167133923,4.51325194757697,3.9533176947215916,2.763273762194532,4.4220090511296055,5.007980177909043,5.676463524696476,6.57539570157115,6.967486145421683,7.3427466362190605,7.496040347895953,7.901735571737081,8.064811962475693,8.13888876307727,7.428579418280794,4.304939038419784,-6.178037354724321,6.366162444132906,7.836229852758164,8.066791040980567,7.830489744571465,7.74975404556979,7.6168568751163415,7.321302855081178,7.195888837898614,7.008249911261652,6.818588511617675,6.408677062843842,6.24263209507604,6.031575098266516,5.745399217721428,5.423298696022396,5.3056492688302805,5.088394098095507,4.795841965416103,4.566914147497628,4.482793297857612,4.292763638094092,4.145858170804937,3.986088111355868,3.8043132748239636,3.757100570713158,3.679055288740934,3.5822809038151986,3.539485232999893,3.519606830068999,3.3895181001104,3.3331709066991144,3.345274465808779
3.60892744045501,3.905823326461735,4.485372614148507,4.729144687056212,4.909759287322873,5.180364639691694,5.355934581509746,5.610787887564157,6.180182969054332,6.354016653663095,6.61478064642406,6.757033216331796,7.101536481576955,7.278433392880132,7.384748080890379,7.347136110627182,7.038670298063617,3.505389911995721,-6.370404547412843,6.474761663980791,7.218437555305326,7.365661516404778,7.275220273264693,7.226497165309207,7.076980365363922,7.050937972440341,6.883758284260903,6.751261696923109,6.5480816185525725,6.3550850067039555,6.252060680000506,5.921756605325097,5.784573077705593,5.650564776568978,5.371615984715903,5.266719178123143,5.095886047721498,4.951374871499884,4.843515940869944,4.647236607640884,4.565313276392809,4.459610719226969,4.290706394502969,4.224527839563445,4.165438331136811,4.042603721552722,4.01069883893611,3.9580773234763424,3.86196653518235,3.810406461185069
3.2923622085733024,3.584791097212186,3.900414994516255,4.050794441214907,4.315911056970742,4.663942238133042,4.937736652017126,5.1105752093568455,5.522327750700011,5.7208143881575735,5.852076871896905,6.043099327190546,6.282510521774403,6.412882908004568,6.4924482408476285,6.644846108822182,6.752252329200961,6.782027853269905,6.069976563121247,4.987649269282885,2.5390524027017882,0.48886903730439996,3.6821330993559926,5.122703679089301,6.54662847169695,6.638516047898988,6.544967932608163,6.423150511929983,6.340541767566313,6.18142131775742,6.094467854724956,5.991545657507637,5.851425258276692,5.778706145964526,5.646839793237284,5.49557285666341,5.408209946283971,5.33387534743482,5.22237316771666,5.037726513045927,4.979742862146369,4.868731170386466,4.70295079367868,4.682114103382292,4.622965897267852,4.51675452876605,4.464232195291882,4.399386513478631,4.279417858475762,4.2209692346062155
2.902075560175605,3.091536580677959,3.3873711694802426,3.5632340017412885,3.798712174742915,4.032195665209097,4.158026503139428,4.33595128641049,4.643158843131593,4.7647063571481185,4.975530993476194,5.046493823835576,5.301761154697416,5.446310744652319,5.47951661669057,5.687060867541452,5.794515155384578,5.820952983011881,5.893521115167972,5.9261948736389245,5.988723902918057,5.380671819614792,5.990226309821818,3.7151429140873793,4.777343698418248,1.1239425336273232,-4.771089262693849,2.2449933141700718,5.387079986102462,5.706286358863266,5.791913914156925,5.714957540323963,5.639260968054568,5.537715278592969,5.424720609670608,5.340146636892359,5.277172117375593,5.1689607889554745,5.111188247519538,5.0123277134565924,4.930162041361164,4.858618339585826,4.795203522251726,4.744825708728715,4.651450271029761,4.581413850385071,4.537882271843687,4.503063472068334,4.378542297614936,4.369280584501197
2.370161651944974,2.5362047253053683,2.742831435255289,2.917399421006303,3.051731330229508,3.3386481270219734,3.4909945407741874,3.7045217399281576,3.854310091401361,3.9813942907458504,4.158859913037212,4.208324575907779,4.421976416574309,4.469989852016345,4.614659385017441,4.8773928757868426,4.912042433292964,4.993637939319956,5.088084173035431,5.165093020875673,5.150280341917314,5.267215575195286,5.346769847561047,5.3900086050034215,5.041635558679475,5.005131666649069,5.097173814449827,0.5267441700877171,-4.6977003295734985,-5.460461434045052,-1.396366998926557,1.378173101878255,4.398933467785446,5.123847055536236,4.468964447035668,4.578153796455861,4.711065625555434,4.938070452856035,4.975067421319771,4.883491834326671,4.84082369561951,4.8098909415425,4.7460676723489925,4.6858023782266045,4.62822335932372,4.594408058369802,4.555851293726745,4.512925445060211,4.318707204740946,4.39754502485617
1.8451109238033399,2.005792279161876,2.228360098474231,2.362837516772162,2.485584345385891,2.7798986502347804,2.8408151411689553,2.996714704932015,3.1376052139898465,3.285081218851794,3.414503916038926,3.5223346893465264,3.7141984771932246,3.801379619806369,3.915873555631272,4.003583432014747,4.156123810860899,4.209622749310243,4.308535367669089,4.410035769811019,4.459189587771209,4.595929689141318,4.658272631122301,4.674152423214032,4.709334961162765,4.738128979946723,4.769450704357817,4.788049473102505,4.834745041850435,4.807322063422068,4.468961120418698,4.234014437955465,3.922411154183538,4.328723324185504,1.2078589363264243,-0.7309265221390949,-4.111612601192086,-1.7490483922678828,-1.2355089427471473,1.7188750499402223,3.8353961642983263,-0.49721576512452836,-3.0644122190151295,-3.063815514737606,-0.9091731456108151,1.461559984925106,-0.1012314184787078,-3.5801731792569775,-1.8963589250229063,1.2555927803863436
1.479098455573866,1.590579868437799,1.845360603509627,1.9322915387813244,2.0612050733516947,2.1895384367383364,2.304216504843159,2.4048550990481727,2.6252814341499655,2.681167526107861,2.7816452841708705,2.924123293276142,3.019388850789544,3.1343119532923005,3.2436974527692097,3.383752993181875,3.4867524393719758,3.52228443952938,3.6240913388743743,3.7017621448805835,3.8198444877913222,3.9351836068134607,3.9893106968924403,3.984800488876686,4.1102621556565815,4.160845744282948,4.111495084894329,4.112852719021292,4.214206368677955,4.237609898454427,4.2261450827701585,4.26318533976128,4.24357916082993,4.259217925611146,4.278455381548502,4.24995449028899,4.247902752081768,4.03606606242117,3.995607514397571,4.046573788221037,4.163691480097771,4.037239945550619,3.918956099793856,3.8056736241727482,4.017553575794032,4.058528386967607,3.929614621781228,3.6136975652588252,3.565267399768603,3.5604392757429406
1.1204955648714856,1.2075944273553347,1.424083104368634,1.5225087087793148,1.604746415572019,1.7833554161570313,1.823456217366655,1.9460388146925323,2.1286346809199634,2.244983253984776,2.3041062567699915,2.3582521611028366,2.4928378410122303,2.5907637563213033,2.6490338450602797,2.7690263337467877,2.848701030607441,2.916235047850994,3.0790722674158646,3.130543212954263,3.1919155957556336,3.3689996419438293,3.3945008360763973,3.4249513679036068,3.5412256513878,3.5993141710967835,3.583320291416146,3.609973331320409,3.7028710427083413,3.747621097364856,3.7781935660642634,3.7937442442184786,3.7855977351285133,3.8127710993092028,3.837631212231862,3.8066900747846213,3.82156961020551,3.852131391221218,3.8668331417693658,3.806274051235042,3.8015539209447358,3.821608382212177,3.822574869466295,3.8339897304962767,3.8211141424727306,3.793623822092361,3.793400066488091,3.753272983778853,3.679100548775312,3.618133419357852
0.7672342457778217,0.9046990700397807,1.066887185409904,1.1243818315533614,1.1544585020087745,1.352007124468179,1.4385504801056697,1.5358265413736665,1.6059615834394478,1.711984951569725,1.8489726402294637,1.9084686416253975,1.9947703803717967,2.112286829235723,2.203268029930629,2.304152375695303,2.382498463351468,2.4558078021975285,2.5411206778557354,2.5846841174493207,2.6745145218676885,2.7394915161271225,2.7854490424569973,2.8409229271581076,3.013969734642005,3.0350809413298396,3.043422487926268,3.0925257302000215,3.1980659413453636,3.1814118064947943,3.1876139602421403,3.2978598287430327,3.316121466732661,3.3059043914183497,3.3137227336727504,3.359053489075715,3.37564562847103,3.4079716668856075,3.401963470545057,3.367129520261212,3.458154510136287,3.48505072007619,3.4826699429312797,3.4264264282929107,3.410499313133981,3.353433100605754,3.3387895474354203,3.334785462541857,3.279874914273939,3.2103416716774014
0.6074972758512455,0.6247731138731416,0.7612718028969101,0.8376862129346083,0.8889113156484021,1.0022482836782118,1.0786359326193142,1.1406909501240876,1.2576812769370733,1.3414083035618432,1.3521359283292729,1.4062628129476118,1.5784287592964545,1.6193322455933123,1.6602972534724627,1.8078336383847322,1.8805362328145343,1.9172908827809922,2.0404813455252326,2.1367121055264593,2.1867895890607736,2.2362428344081997,2.334468200590804,2.377841227602585,2.3936558695393675,2.4615746281982154,2.5420956645431274,2.584061903600958,2.634111457448444,2.6606297663759237,2.726752063091409,2.785101631650978,2.8031066946075427,2.8031244869247836,2.882280873154398,2.8658357054809014,2.8696702648180437,2.9010206831163625,2.886212101475525,2.865386991651421,2.8924586945286777,2.915072529734158,2.921601291105972,2.9168281721865794,2.8710193301956175,2.7699267806714025,2.672313384012571,2.695637505892855,0,0
0.4363011353696379,0.5016448315373556,0.5834842425618826,0.6302458533278531,0.7038739684535259,0.7799496077424822,0.8330421511175011,0.9215794119217815,0.9833202724015926,1.0283341354664248,1.112670032372997,1.1638925213926639,1.2420398801527925,1.2949951727602358,1.3684655256261613,1.4303081535302744,1.4912454811982143,1.5809675935114753,1.6347504116488787,1.6740565171092248,1.7472661618658534,1.8333184215622111,1.8911800831042063,1.933721481605554,2.0606085943934915,2.0996652561230094,2.1086310520398404,2.1673670765649056,2.2093975125965493,2.2043921980457726,2.2464417420329044,2.339365332116775,2.350277638255291,2.3825200366842885,2.4373890696433778,2.478925568047572,2.514624207276326,2.503122861999115,2.4792997714095946,2.4354263230814372,2.4459183132223785,2.4313309171769473,-2.413442057693367e+38,0,0,0,0,0,0,0
0.3096230656809703,0.3609745657555926,0.46003830329708517,0.49842001316283774,0.5296734293016684,0.6303520520821366,0.655679120252814,0.6843088748758174,0.7852139635459828,0.8196890827004494,0.8850122567918871,0.9371516520895283,1.0450678351371532,1.0529484808035583,1.1020436164704808,1.1652385688481628,1.2264605531706447,1.2650036500557753,1.3661037282452595,1.4091039607285278,1.4325314666267455,1.5179815926500528,1.5376990406887168,1.5647971107494403,1.6674254532502284,1.7035952764410291,1.7335977608491726,1.7620090700503992,1.8396249085674268,1.8456399573030962,1.8496939587651275,1.8832469218759085,1.9179356292378662,1.9358434087960494,1.9244890529550636,1.877021051617038,1.877031760117402,0.7885625624353348,0,0,0,0,0,0,0,0,0,0,0,0
