jsons/1312934400.json
{"header": {"parameterUnit": "m", "parameterNumber": 3, "dx": 0.1, "dy": 0.5, "parameterNumberName": "Northward wave", "la1": 40.97354507446295, "la2": 16.46031188964855, "parameterCategory": 2, "lo2": 133.9931640625001, "nx": 191, "ny": 50, "refTime": "2011-08-05 8:00:00", "lo1": 114.97908020019554}, "data":
[rows 22 to 43 of 50, columns 49 to 97 of 191]
0,0,0,0,0,0,0,0,0,0,0,0,0,0,0,0,0,0,0,0.03972615854446947,0.02128359997109485,-0.0453377145724045,-0.056437809881642646,-0.03190717031576444,-0.2534002010352579,-0.3729055899101952,-0.47114657568833135,-0.47448332310570707,-0.4744917529282421,-0.47795407949808955,-0.47480290206558917,-0.4719068804469014,-0.4819502232396693,-0.48355385998546485,-0.4726161208314742,-0.479956837079566,-0.4669882207475709,-0.41688818265422684,-0.395174523806728,-0.3862113997451462,-0.3970688820403326,-0.4006122357178873,-0.379826549178949,-0.3919417911696901,-0.33044407545498256,-0.3273136291991513,-0.32597917922536507,-0.26155980590195155,-0.2672085782390336
0,0,0,0,0,0,0,0,0,0,0,0,0,0,0,0,-0.0026425415519625173,0,0,0,0,-0.18090194476664223,-0.2943264854806402,-0.3853920356343571,-0.4235074562063682,-0.44289828693658656,-0.46572909050491906,-0.4713109892438962,-0.46172928220345333,-0.46405484768797894,-0.4670021718013144,-0.4629221573667488,-0.45830913549103425,-0.4430033588844569,-0.39902382261975466,-0.3933441925268997,-0.38651108114070265,-0.39908388663621625,-0.3926800954857455,-0.40105175437081536,-0.39963552264626545,-0.40118690016022296,-0.43478970883347684,-0.430823816888014,-0.40976447902215973,-0.3881520977681546,-0.36450692102392424,-0.2823760788647548,-0.2554703305938178
0,0,0,0,0,0,0,0,0,0,0,0,0,0,0,0,0,0,0,-0.22624440236705384,-0.32678104932184676,-0.3561089626896731,-0.38469836212286934,-0.4409825826871724,-0.45099436778819796,-0.4468888965124658,-0.44278397999256286,-0.444815269663711,-0.43161996309703987,-0.4322170626780802,-0.4202816608112541,-0.4021781217896105,-0.39590761174937034,-0.3897328163303534,-0.374320354415451,-0.38817035166190794,-0.39359417741474595,-0.3871813869895498,-0.32806961925572964,-0.3209609311640743,-0.30712907206540446,-0.3026989910899957,-0.28093936156208216,-0.2753369131790516,-0.2295403077290025,-0.23396024703919568,-0.2158207185712107,-0.15325032525091548,-0.05637818139714764
0,0,0,0,0,0,0,0,0,0,0,0,0,0,0,0,-8.1454825486999445e+37,0.04756226428882822,-0.25564443143685445,-0.3259695117946091,-0.3999625231920251,-0.41328652719244313,-0.43071219287455087,-0.42687743183428456,-0.43869049261499976,-0.4262754045172184,-0.4252047316228733,-0.4137121173189496,-0.3757977142080748,-0.3717869649995627,-0.36853264712971007,-0.33998566988331225,-0.2796566804775006,-0.2934650788904447,-0.31641390613173737,-0.3030771918760671,-0.2903557595170273,-0.2772188336145938,-0.295197329476823,-0.2540071938064713,-0.24404251810550662,-0.2312400135608282,-0.18988751958209435,-0.1363411983921643,-0.1211709907071506,-0.11189617250554676,-0.11789750206484267,-0.00683692550628006,0.05054839619909035
0,0,0,0,0,0,0,0,0,-0.06660126743781218,-0.14366781825173985,-0.17634175361737495,-0.19450145135069513,-0.2413955826000705,-0.2611993668694782,-0.295313790494502,-0.3263161448057403,-0.3578678572900254,-0.38319366482707407,-0.4038155230313817,-0.4171604949325671,-0.4179044416939041,-0.437480918103832,-0.43149708074666265,-0.4281055122516776,-0.4205299032595419,-0.3918392894613584,-0.36762408922044376,-0.30936784870385836,-0.30828608109609124,-0.298358321555213,-0.25128501414788645,-0.22327989837149206,-0.23597851469689643,-0.16699769791911553,-0.16990250211073005,-0.1346905458249797,-0.044807853284793676,-0.05747992856076503,-0.03569193127007553,-0.0322654478595505,-0.007275303304970872,-0.04777612684036585,-0.05967058459881191,-0.006206688896372324,0.04967657447439729,0.036839815221899844,0.07138677629100242,0.12821149940976423
0,0,0,0,0,0,0,0,-0.22700499285141362,-0.2587507172131101,-0.30823763506379775,-0.3193395667468806,-0.33460442887112934,-0.36119500298438495,-0.3744659637562258,-0.3809360652939833,-0.4031338749229897,-0.42348122932941346,-0.43925353568379444,-0.45985290133603324,-0.4603685550464296,-0.42133392434650846,-0.40617202563508775,-0.39121636847247643,-0.3698967760344793,-0.32348336884048334,-0.2838503835199658,-0.2624111792765803,-0.17512456668776297,-0.1755454724743513,-0.1729983017703227,-0.14043348663891708,-0.13576703533154239,-0.14332289904198695,-0.07591975955043995,-0.07652439598252785,-0.0336360401335241,-0.020657780920374545,-0.01335402708991785,-0.03020127777048038,-0.04179390213573814,-0.06644427180966442,-0.05434367253647244,-0.09347685999630287,0.014485736925900739,0.12140789440752595,0.04722843584095548,-0.01766684566519866,0.13701602926401224
0,0,0,0.06850317362452557,-0.2681798762856981,-0.2984420722066971,-0.3204197936018194,-0.3488698371751301,-0.3631332197505603,-0.37251383298186885,-0.3736343285853588,-0.3818441846726404,-0.402117879133585,-0.42012878270559506,-0.4448132602042673,-0.4579412408780171,-0.47597461709857153,-0.47913928409245404,-0.48606952043318263,-0.4805668107317662,-0.44687416222023346,-0.4330884012093081,-0.3918568601496887,-0.3616649791003185,-0.3181939061232556,-0.2628617769220588,-0.20039035095668162,-0.1619726851216601,-0.059361235297388314,-0.08471098033116417,-0.10427412968806882,-0.14638739873281875,-0.1480019189664331,-0.15148886303421338,-0.1170100474817019,-0.06753755309069757,-0.026247655347641067,-0.020434472997059715,-0.033247691680755094,-0.03435508864038067,-0.012714758551602952,0.03367690179546408,0.11620306743468317,0.0831001408459151,0.10685669646449687,0.09927167779633027,0.10239720759066136,0.1346027497414554,0.22084966363468675
-0.25054273612001016,-0.3237774657885161,-0.3485646791467454,-0.3533266143345199,-0.3716274022207622,-0.38515016639872107,-0.39509619994226935,-0.4138319536937274,-0.4086407539802065,-0.42557981494239766,-0.4514804944229523,-0.45853356052104377,-0.46763243779616176,-0.47827525290729106,-0.4926174761465396,-0.5041410324584484,-0.5036411053645552,-0.4994618294915169,-0.49311914038788457,-0.4785836264913987,-0.47320135883020603,-0.4699834540959783,-0.40016204815571366,-0.3814483546654928,-0.2928609499408294,-0.06505267353882453,-0.03253332016808557,-0.046998809574258546,-0.0728189633176578,-0.09265951410360666,-0.08624475759636968,-0.0738611524060745,-0.04144531831362402,-0.01816421308893326,-5.702445802069781e-05,0.06016114635624218,0.11584342696380308,0.06814407805671674,0.10999001019982478,0.14877738242226013,0.04922399703755081,0.07644905742429844,0.11304827295034692,0.1152123073222319,0.1183810336208535,0.08339737000490807,0.1263433800898839,0.2651773684152867,0.305184525349627
-0.3585358698720974,-0.3937747785974965,-0.4045780961582903,-0.41419266321054565,-0.42290225577633744,-0.4325758482815838,-0.44393397701017356,-0.4556477235123951,-0.4579521258448633,-0.47811012480971676,-0.506991544900252,-0.5139965512136773,-0.496556058676972,-0.4876531087762284,-0.49554608092415814,-0.5018079795283463,-0.5161892476174803,-0.5301256167458201,-0.5093264425316976,-0.5214486726858959,-0.5367991588322503,-0.5378858143186643,-0.39168498749424785,-0.13454092190456568,0.05490288515521798,0.2259146840221645,0.22125620000197982,0.2580273073690934,0.13521640922000933,0.05550724769943866,0.10923497989221011,0.22171124372669854,0.32622576231321354,0.21474637643623962,0.14637123471293007,0.1337548634716221,0.14542620353832794,0.21207991763357675,0.13300098925683188,0.16248846452958873,0.19230070006152977,0.10274468249819639,0.07863842959116608,0.04271493339815047,0.051024212984188855,0.10190245439214272,0.19846964076924792,0.2601860831716441,0.2778998305422
-0.4073200501862585,-0.4335702960301741,-0.4444752928692752,-0.4435905135419311,-0.44265081846918847,-0.4593189745869127,-0.4524639479217272,-0.4643022370198494,-0.43771581060809034,-0.35619343872624354,-0.3008254230397513,-0.2062860265656655,-0.06021205870902946,-0.0403449988412399,-0.026283070219636898,-0.03342594011197284,-0.06704364122073156,-0.10885799194285352,-0.18093902128811504,-0.24637526886997702,-0.31168118346479107,-0.3888089810794118,-0.4049586821622425,-0.43476582449900925,-0.5608216843116562,-0.3379666829053543,-0.2992330984732833,-0.28170040577555505,-0.1664423800739656,-0.0462311650849152,0.08149954183961661,-0.37651773659741944,-0.1732339204054797,-0.5158715034550833,-0.455058281640967,-0.5278949251737479,0.49705446752611837,0.4044702200043376,0.34875964076795574,0.3821661350571934,0.41535246199118275,0.3799284595453844,0.3595579365936515,0.36223371793746223,0.39810678219044154,0.4120346943801594,0.40955736447930957,0.2624373795514235,0.2519585150052226
-0.43703844412178977,-0.435542298934702,-0.41288354578123665,-0.38816002529196914,-0.37605669822613075,-0.2138354504186137,-0.12798267017955575,-0.07637972470635346,0.02000313411877744,0.21108130618570514,0.29336525938432856,0.3035865295691824,0,0,0,0,0,0,0,0,0,-0.5190538405867225,-0.5400898054347718,-0.5654284351965997,-0.5596423852657574,-0.5220291225525003,-0.45573627507616693,-0.47778132139434,-0.4790976810394489,-0.5482194933486474,-0.5494551009871984,-0.4430590768166833,-0.5570826598193499,-0.10221742720965488,0.39144588726444296,0.5315819468136466,0.4653082652105999,0.12469359366282347,0.35532156367127954,0.2758584172903174,0.4826975756957145,0.44281680319300065,0.4192269950240919,0.2052408233551461,-0.45701145187713715,-0.1996844523776331,-0.01585958972478624,0.3307504794568064,0.4078723007731488
-0.19183798131053162,-0.2067529553841646,-0.11961466723186533,-0.02908880464621992,0.02825424489241519,0.20492385128288004,0.2513703633565948,0.334924422166742,0,0,0,0,0,0,0,0,0,0,0,0,-0.554965791183808,-0.5692779939755652,-0.5775827381454829,-0.5694752284138791,-0.5676944178448424,-0.558448677928806,-0.5538914903982173,-0.5334288631042461,-0.5545459406245451,-0.5522119909829466,-0.5513045581325917,-0.20131051556670096,0.4551764615544404,-0.19824389723678185,0.4325390046707954,-0.3098781382107918,-0.317595203163626,0.5261247583132337,0.3620390547872525,0.2164422585324596,0.06816602508647963,0.03770004955756358,-0.4003637549472838,-0.22505123084118428,-0.31897018947368355,-0.27333089040298136,-0.11095160268330377,0.12283083749554181,0.21526547260424303
0.0700571390854879,0.12619309274638124,0.29490413038476904,0.3424151896349553,0.36116040361244606,0,0,0,0,0,0,0,0,0,0,0,0,0,-0.47841816684447364,-0.5226836118818202,-0.5784769831228616,-0.588274839112154,-0.5870722179637835,-0.5727381122386696,-0.562610772880301,-0.5578785159953139,-0.5580374953482243,-0.5552620260389077,-0.3948730926203274,-0.02656451367706159,-0.05427892056180332,0.11496495339539435,0.31513319325926775,0.35041513737405394,-0.28321696864894746,0.17693023120332035,0.46689466401673274,0.4958829414133505,0.4306255913474544,0.33217171273986146,0.2658422446364272,0.23958422445252905,0.213327840670004,0.153678402039487,0.08818134697512767,0.07357554968397516,0.1652227983088151,0.26525807345497887,0.29111882754421514
0.33602481602445716,0.3944377271492748,0.4586855809820112,0,0,0,0,0,0,0,0,0,0,0,0,0,0,-0.511077780539885,-0.547522447863169,-0.5561659078153246,-0.5739505290158984,-0.5812409478035858,-0.5562506393516317,-0.5428617331525795,-0.535317217770197,-0.5215371744616304,-0.46003826243707735,-0.37880517805551717,-0.46137011582936854,-0.44705849619373245,-0.32438955405049574,0.0519910730640474,0.21603125681240615,0.38855498633950086,0.5402297042939018,0.5618117196910736,0.433594822027762,-0.055659059143319964,0.4380583977018871,0.4402626386714951,0.41955015297451226,0.40016602397353385,0.37534479193683934,0.35636821767174864,0.299331553448362,0.2797018037294531,0.24293942243885316,0.32441769035934676,0.35840958935626316
0.4532739765707209,0.3565588654466461,0.13817478074251685,0,0,0,0,0,0,0,0,0,0,0,0,-0.4774088115377616,-0.5190208076037744,-0.5803147468344191,-0.5943852134404358,-0.5838571260951899,-0.5494639546041896,-0.27462591496510874,-0.38443123844303145,-0.3783796979410539,-0.3257624862207349,-0.3036352133895651,-0.2645066301868424,-0.21426643538840281,-0.050818621350768874,-0.02970302087135273,-0.002375878768067672,-0.004007422730376005,0.19440262602756672,0.2834594039567173,0.4566947532772502,0.5506506239238094,0.5799136912845068,0.4830252954815356,-0.583770623013094,0.5222095237103855,0.5410316347277613,0.5254155975173417,0.4881176307879969,0.4752558968533661,0.40782086687457986,0.41671172847502036,0.41275416806245746,0.43373397591092866,0.46338633699001713
0.4446717435820543,0.42669735957018096,0.4077029913492069,0.26969128241688517,-0.16061578475991792,0.08904339274723423,0,0,0,0,0,0.09501468779553549,-0.4209813868648576,-0.4819644415821902,-0.5247950018049521,-0.5330238904370209,-0.5383529823218414,-0.5170451429367944,-0.38464916825926515,-0.3769209116877856,-0.2784550213467726,-0.027965680301442017,0.08634521887356517,0.16262212459937261,0.16193978294936645,0.07930889766374007,0.004539060507757553,-0.018315720878779234,-0.044812979067532246,-0.025139894570144344,0.013935234052508893,0.15073213830581117,0.24778655633313787,0.32196687626464937,0.5078908301182582,0.5221190544178654,0.5497426878821632,0.4954584153628162,0.5037495111206577,0.376467602740736,0.5803690575024448,0.44812736233579475,0.5292487577540398,0.548015464642988,0.5307768813984143,0.5266588527264378,0.5264330200039534,0.5353308982469543,0.5424354173420919
0.41958039752529913,0.41732017722179476,0.3451770942527208,0.25997051835224244,-0.40294871619235895,0.3088790091640089,0.3571751563885484,0.32289592073372253,0.21366838561014825,0,-0.458199696448036,-0.47703861300800865,-0.4936155466345493,-0.5266524790388982,-0.5092473574744933,-0.4134996300645588,-0.34917368299396734,-0.2944831665484566,-0.14968993430013744,-0.05336250095030051,-0.0024424973598844344,0.14498044585749678,0.21486912342315742,0.253671870783022,0.3307891618112103,0.2320032744238632,0.20160865911470977,0.14991559104055574,0.11869418055644576,0.07688973512367325,0.15000872569426654,0.3379175434056988,0.3867980604468965,0.4117797220783729,0.5357337749973528,0.5594349360843158,0.5526370440111409,0.5677620914302826,0.5804165717687747,0.5773675747156568,0.5020699317163778,0.21689260412813402,-0.5786563006644944,0.46352870527654444,-0.5804453501868573,-0.17533952774425182,-0.10486081324747809,-0.4207879364341644,-0.5884947608846844
0.28864320993492565,0.2788457858466396,0.14315248473591077,0.009712840229839495,-0.11124456465384572,-0.31115908531044945,-0.3267763049359062,-0.36664855173313615,-0.3979031561062461,-0.39621046066589527,-0.3972225036161424,-0.3853095670557976,-0.3021499898826182,-0.28524358830600005,-0.24647350382435362,-0.15707839259528109,-0.047925654249896116,0.021914405303471402,0.1650541465767703,0.2185257792145036,0.2647182632309102,0.33221465825245444,0.37540083504498667,0.38226753263224006,0.40331934978241174,0.3846650108770796,0.3635735812081142,0.34522111165714076,0.32228620820851517,0.3111102403825617,0.3147272303555986,0.37710494755506635,0.3980539840898094,0.41168514388034627,0.45768169438997397,0.49577243683333655,0.4954477709053516,0.5852016105723307,0.592938544850727,0.5860750548206125,0.5946584156338457,0.6074283288944208,0.5994502360589287,0.6001125315637853,0.6025881863303081,0.6097113479873683,0.6210648852516587,0.6156474333804872,0.6091046445037818
0.11212271185636696,0.055994664593944636,-0.0317747746030035,-0.08163159031321138,-0.12902539656391462,-0.20649471435697628,-0.2129068418980526,-0.2322121006361797,-0.23393892838519587,-0.2250895442211029,-0.23022508991440616,-0.20547744014008498,-0.12291468853307053,-0.05282715394583731,-0.001007278471976174,0.1573149828329431,0.17883034719996094,0.21185322745048182,0.3118883254584597,0.3356037999729597,0.375016152630036,0.39632593605791405,0.4158621247902113,0.42957242585555855,0.4110347945101323,0.3928844110985139,0.3860519624443367,0.38289066003436695,0.44515330257759445,0.46038539354723595,0.4603479978543918,0.5076134263117524,0.5113928528355339,0.533994451792558,0.5683236249939932,0.5993237897150382,0.6378591413108412,0.6478110037458693,0.6495163416207811,0.6409268974749759,0.6252863621360901,0.6161072350629853,0.6137235868245605,0.6089330523205316,0.6067044406777398,0.6047517501231808,0.6037982718231383,0.6048392390970995,0.6042941292524164
0.04556046367106888,0.026991612809257715,0.0018878486224421945,-0.03064143309261459,-0.04530559516602975,-0.051799378586447474,-0.05674164903650078,-0.05066154058007113,-0.04615862489267395,-0.01871010577888982,0.018008119256576468,0.030509560484452712,0.14189617255315,0.15833682071408342,0.22204174739520965,0.3466202309547617,0.34676275340843427,0.3803627770227464,0.414767592325441,0.4200706003835482,0.42427916971370383,0.4252375129030593,0.4305735193564065,0.4487668392464542,0.4507998912967803,0.47131603639406494,0.4805171933256974,0.48559362293890057,0.4962210929881107,0.5005980975437286,0.5096506928519409,0.5111795517084928,0.5087036303171313,0.5096155147676885,0.5305540952818623,0.538890121605324,0.5442726542169892,0.559687928992966,0.5731809421784019,0.5676598032131984,0.6046116694130518,0.6082959091542858,0.6053415421387427,0.604254365853386,0.6080962084594532,0.6103793961528108,0.6116467975864183,0.6213791939657192,0.6250986535618424
0.07546814763997317,0.08693416695564982,0.1120934174803737,0.11456108492015768,0.13478326918539035,0.1148190986197476,0.12920611132508392,0.14703480285823128,0.14226478205264617,0.1435788137538036,0.15805109218709373,0.21097394595756352,0.2458077976850813,0.2885217041441112,0.3472557007685209,0.41413100766589905,0.4343211980175235,0.45364566254785643,0.47945523779549926,0.4846630215833537,0.4882384421599737,0.49810249738433077,0.4941037602461715,0.4872674834208173,0.48258942446700787,0.5164527985379848,0.5376993867776345,0.5397256199657403,0.5368494648161372,0.5400924343684268,0.5380394138001193,0.5335840106462882,0.5436739348906287,0.5498968754511787,0.5463336952922832,0.5314732427613299,0.534142505065014,0.583942874663373,0.6000006856032356,0.6194788363779117,0.6298771672302388,0.6271209112560248,0.6183438569807066,0.6193268859420651,0.6240839486366155,0.6240657973386077,0.623817160934553,0.6216505393988989,0.6281800163370037
0.16328187889495305,0.16284570766212655,0.15526401135750975,0.1773560668101543,0.19956660708806154,0.21281498684688102,0.21728358226828157,0.22269587654338674,0.2342687393717911,0.3145375821394822,0.3668857827532503,0.3638248920054247,0.4207787700131992,0.4715904994837379,0.4833430629982178,0.4810170896264274,0.4875876407512087,0.4891509195097512,0.522362137478828,0.5360990351952069,0.5345195357582062,0.5315862930148206,0.5334434531319022,0.5233346768631094,0.5209608218767618,0.5323020717199805,0.5260046761271038,0.5237255866900118,0.5510472574831665,0.5652231283053099,0.55319088804331,0.5474094665982419,0.5544569354538593,0.5591611804245401,0.5581947578448291,0.5722092301407343,0.5850808580000835,0.6060558106604713,0.6112635227045456,0.6164571958606062,0.6317043085086548,0.6378452400156456,0.6404415582346046,0.6444353324184359,0.6394653132326513,0.6317179039009203,0.6351277844202159,0.6440314425706203,0.6409094295356653
