jsons/1312740000.json
{"header": {"parameterUnit": "m", "parameterNumber": 3, "dx": 0.1, "dy": 0.5, "parameterNumberName": "Northward wave", "la1": 40.97354507446295, "la2": 16.46031188964855, "parameterCategory": 2, "lo2": 133.9931640625001, "nx": 191, "ny": 50, "refTime": "2011-08-05 8:00:00", "lo1": 114.97908020019554}, "data":
[rows 22 to 43 of 50, columns 50 to 99 of 191]
0,0,0,0,0,0,0,0,0,0,0,0,0,0,0,0,0,0,0.1118840831962104,0.14045760892494044,0.403142019446563,0.23516823211727308,0.21606932026629905,-0.38316341482780236,-1.6387905054903094,-1.8103886791867692,-1.6764784216713788,-1.2371422344235306,-1.0303160416135937,-0.819008753602619,-0.38426426541955605,-0.08596953748301585,0.16832056040250115,0.5392965270247616,0.726762152272216,0.9338133421858833,1.2689333897168678,1.385499515374339,1.4298951398760749,1.5545929027253098,1.6059224671528147,1.6280944033493379,1.6528228079149359,1.7578222122650733,1.6593822382236214,1.5966421095826882,1.25878816245413,1.3595450647032845,1.7234277132693547,1.6361558704459533
0,0,0,0,0,0,0,0,0,0,0,0,0,0,0,0.01271002337391867,0,0,0,0,-0.41585124570057824,-0.8503744415447398,-1.2503783534913533,-1.3730257516940982,-1.4247603911767825,-1.4622983217161294,-1.260138618537471,-0.8413004008976305,-0.616355000283533,-0.3532116655385435,0.2245785266350687,0.4938969878540459,0.7576953858940118,1.1916787488353238,1.2459449520516537,1.3205335193121481,1.4290917545549218,1.4879064604826744,1.494617187111557,1.6027448374374662,1.6450649097213792,1.6837930110311365,1.7065683339711541,1.7662086294922998,1.7875376805607899,1.747231956172207,1.8486774320164974,-0.984814940865059,1.8006334349535067,1.7729873239579201
0,0,0,0,0,0,0,0,0,0,0,0,0,0,0,0,0,0,-0.5282417778497456,-0.9038562348595858,-1.0618850679270506,-1.2027052389694723,-1.4187901103424636,-1.383607569351136,-1.061006153165589,-0.9740583324235038,-0.786720017171636,-0.4188414666515086,-0.2091682640348385,-0.0027258058682015185,0.5189942785067996,0.7018954053397759,0.7787790967747736,1.0656633404191322,1.189820442006167,1.2444581115071593,1.4675534033688808,1.5628772384672183,1.5892592126691267,1.6701692658153842,1.6805061993423607,1.6933820909032085,1.711141982631614,1.76219096769124,1.7705333648069548,1.7140776375166737,-0.778789790703454,1.810616614950454,1.0054621050136527,1.8025636246056944
0,0,0,0,0,0,0,0,0,0,0,0,0,0,0,-8.1454825486999445e+37,0.10238736773958516,-0.6857908925571111,-0.9853452981076736,-1.3372201455753854,-1.2282543988851666,-1.1763332392473858,-1.1889602794483496,-1.0683109302074316,-0.7970031663408841,-0.7114762413776065,-0.5387329217283031,-0.10780471685427809,0.08535486170688332,0.22204341515136464,0.8104504806372116,0.9229242461345645,1.0142196363666092,1.2129064454538672,1.3279607046284136,1.3567952636684195,1.4673309851719119,1.49090725454245,1.5232748119076398,1.5747850152619876,1.5890659296939031,1.6311192731916606,1.6724166134614078,1.711805750936406,1.7250758579287748,1.7348465308579724,1.7624951560548408,1.6935413022302783,1.713607329851927,-1.6675816914445725
0,0,0,0,0,0,0,0,-0.12177727761839299,-0.23141311591743868,-0.25359801244139996,-0.38987442112961135,-0.5507386242254009,-0.709984079496947,-0.9475991440202649,-1.099991469279605,-1.3227558943378304,-1.2783457138599854,-1.2024049861795962,-1.2632786770745414,-1.0174477142315563,-0.9419295873834682,-0.8309076064093139,-0.6981704394107788,-0.4350011681718535,-0.27447010479580386,-0.10516040216287954,0.22653232023073855,0.3924782569233814,0.5652338335364189,0.8947123997795687,1.0238081662665202,1.0713061118604368,1.2167344126764328,1.338683499180197,1.4146523061867604,1.516342979152121,1.507461922292859,1.5132295579269046,1.5697678823622427,1.601575542990643,1.5883217622841814,1.600677424152929,1.629172183702335,1.6362594140258666,1.6499077737958312,1.6719373030251052,1.6960683558618428,1.642621825607342,1.379466841515132
0,0,0,0,0,0,0,-0.4179561521680269,-0.5902157964744347,-0.8531395630142182,-0.962425425901557,-1.011972954929411,-1.1299571146083847,-1.1370680702296638,-1.0597092398959376,-1.0376252233320062,-1.0618939146808377,-0.9262531221236987,-0.8795941440108317,-0.8249495333174584,-0.6338283993994959,-0.5399518645110091,-0.48055342216978564,-0.416752753451559,-0.2596350866663531,-0.12631891715658924,-0.007743620821016941,0.2672774611916083,0.4332251894208938,0.574653947414155,0.8646562624299369,0.9388217602360595,1.0320964727501023,1.2513266851444773,1.3447343732933348,1.383050320058164,1.4483707508922967,1.4784384181321581,1.4907340861453098,1.5533200206159012,1.5854076178427456,1.5805934518028735,1.596559720800524,1.6288204207722605,1.6249656989701762,1.6288878517377836,1.6453268040927793,1.653056434359615,1.6641577454850447,1.6696256922976345
0,0,0.10428856136665628,-0.5121102737270244,-0.6783119313578988,-0.7846970959398684,-0.9828752672631054,-1.0462354533643283,-1.0442665914894655,-1.1049326059034599,-1.0983248249943667,-1.0117756764920758,-1.0380144431243399,-1.0010450932038584,-0.905387560979657,-0.8549387039509293,-0.8291207171108654,-0.6730759120790397,-0.6462447940141111,-0.5841792906028902,-0.4754168693087812,-0.36936496473576136,-0.31429941658396415,-0.23679732416709653,-0.06588669959621117,0.09271268083023915,0.15611292614298836,0.371064184222173,0.4989572613301667,0.6013663010879164,0.8320464962613161,0.9239947820630724,0.9841659615392908,1.2470974776470354,1.2845867133385243,1.3342023269829495,1.3875369521153913,1.4193237791050746,1.4317066286570168,1.4839672797046544,1.5365170013829317,1.54556160722225,1.56899920653679,1.6006189532447652,1.589374030157513,1.5932368913248975,1.5998513604873206,1.59783218095272,1.5921612109003176,1.6189982811612766
-0.7262929166161712,-0.7961354525779057,-0.866280055691885,-0.9558478015011633,-0.8988630977891052,-0.9208473197550815,-0.9689522906645187,-0.9564078675730519,-0.8659557265751375,-0.8930020962770687,-0.8643857024403768,-0.7802329520744269,-0.7783761508632703,-0.7246218695237103,-0.6259719522872164,-0.5835572168402345,-0.5622675672818774,-0.4813966280715103,-0.4379959490526644,-0.36130085838136033,-0.21392207900972493,-0.16968668151269847,-0.11895965920185106,-0.07180970247083926,0.05989745813442909,0.14441215476105265,0.20810682957003418,0.3710212915810116,0.45240867987041855,0.5466782236189749,0.7137475742983521,0.8085389895867335,0.8729992068423852,1.1024911988572867,1.2002602338903081,1.24825619677838,1.2880482490223013,1.3227915521341551,1.3623748921179626,1.4317047365241264,1.4552673502901394,1.476658038440919,1.4988946189753287,1.559023869617693,1.5679064139480776,1.5643498999090586,1.5881926577086616,1.5785028149076987,1.572791124448453,1.5965768775356852
-0.9312241374312674,-0.8746572169519271,-0.894923747108252,-0.9013191963858194,-0.8431500583235604,-0.8172411185104695,-0.8209954617105394,-0.7910439140241081,-0.7049748929434038,-0.7037949665687264,-0.6739639863612404,-0.5819864987754706,-0.558519064165431,-0.5175421837220889,-0.4312269496441396,-0.41717112318638533,-0.36090730910894026,-0.3235133253460354,-0.30595694740896445,-0.28661039949698724,-0.2084247994104031,-0.1930058483160274,-0.17020588454745122,-0.15479944568086243,-0.021656586486224247,0.054914131547905344,0.12495719631253883,0.2906783420250922,0.37664764827398284,0.4481996724664281,0.5987587493006067,0.6620724026281469,0.7293104061406849,0.8727730125630282,0.9633862247622738,1.012116642232875,1.1663006762498387,1.218304007574815,1.231297877213486,1.2919618563728088,1.3654795070052401,1.3697090595168213,1.4362507283764592,1.500054644915478,1.5067250376134291,1.5277732872161442,1.5577402825266804,1.5672159733552427,1.5687629920445558,1.5779800905426975
-0.8669866890416976,-0.7541508068703066,-0.7175349005291862,-0.706124140260272,-0.6458151913653233,-0.61334090345691,-0.6141589043630115,-0.5778062993683741,-0.49202000064122126,-0.4492379614191867,-0.4254315003085872,-0.37052189308791816,-0.35594873589718795,-0.34068035677225605,-0.3249518943455993,-0.3212681415389006,-0.3424892782582521,-0.3522322441478845,-0.3459731551664377,-0.322342093820101,-0.25161234633085044,-0.2156473640853535,-0.18189123727219597,-0.13130455958213472,-0.031589300146494116,0.03780297623295074,0.10446264909936545,0.24948139395639726,0.3281667049075073,0.3932368094871931,0.4927296203709432,0.5449332493982484,0.6191583605302312,0.74838655053777,0.8274762988177381,0.9393280595357435,1.0897845602952783,1.1267956994538615,1.1758199979472308,1.2836947223575217,1.3289764492845164,1.3629123712923,1.4044540082391122,1.465018622868145,1.4754592114317513,1.5099474171855318,1.561066960040946,1.5353696966467023,1.5257179844940314,1.529267911023832
-0.6187238450472501,-0.5075583803889185,-0.4798611124668651,-0.45909055146859434,-0.3863275406245496,-0.33598699555421285,-0.3009619001207757,-0.16167239799204516,0.015073418349177121,0.28651992933490866,0.36830576192192443,0,0,0,0,0,0,0,0,0,-0.7731357934525479,-0.612345878051085,-0.5233847743801068,-0.4244775554261133,-0.2715448343348001,-0.1433935934621651,-0.05650449889938946,0.07010519538305589,0.14319678609102415,0.19965577315121405,0.3129857955667537,0.41694906307727914,0.5038084572329761,0.7488587375272315,0.814341295468532,0.912039638999453,0.9952284977526383,1.0067333649196875,1.0802317265085262,1.17653555451267,1.2085770178536441,1.2160077512225542,1.194717103864634,1.222688606645368,1.260741327703483,1.3517051548308843,1.4352873752212463,1.4543973783788806,1.4693513997836478,1.5356089556508012
-0.3161433479186131,-0.20606630241939833,-0.13087302665930176,-0.05261536583919564,0.21118323709695444,0.2849997052913426,0.4364902633430465,0,0,0,0,0,0,0,0,0,0,0,0,-1.167682114638866,-0.8444945370991095,-0.6915666136960066,-0.578171454495119,-0.5028557611205674,-0.2913034377565125,-0.23689015251309728,-0.17002290801784647,-0.005587197278471819,0.042793387875173075,0.13792360746618568,0.31362872358267824,0.42446211892614877,0.47870110069736466,0.62609188104659,0.7128553960949711,0.7724819540704577,0.963041337727599,0.8610302440229879,0.7880042485411993,0.6778959732506685,0.7521949229342051,0.1229952575305519,-0.5799511962146113,-0.6077746132671636,0.09702736207757166,0.6782633195603318,1.1624275486861035,1.279691408023619,1.3533676925327673,1.5073520022763336
0.20771029338094993,0.5068540291242178,0.5766917555606001,0.5440389348712281,0,0,0,0,0,0,0,0,0,0,0,0,0,-0.9824051476301353,-0.9370690702491993,-0.9419452893082205,-0.6352645534746104,-0.5759072783850216,-0.49646149494227426,-0.40245468765707487,-0.24656277580249597,-0.16339376117195684,-0.08209470391829095,0.06528697597238528,0.15658412601009974,0.2024016603192855,0.3268124955048245,0.42542611111518197,0.5103406529705827,0.7165159474573976,0.811415476957811,0.9127329940616404,1.2406806780262372,1.3897586430480335,1.3788342005213845,1.2386061271539097,1.2331879143173474,1.2801045763137022,1.3219632209055046,1.3116224534209853,1.2596233927504317,1.1700404837568068,1.0796719729148543,1.1324556878950292,1.1928651229921077,1.3065353404969795
0.5464347932405574,0.6987439855148109,0,0,0,0,0,0,0,0,0,0,0,0,0,0,-1.0797735539208881,-0.8704548114786497,-0.799440482709658,-0.7166007354379257,-0.46742250912907113,-0.41430291660187685,-0.35726259174895475,-0.2612372171185172,-0.12619753494791167,-0.03707951639544864,0.02442236578777607,0.1357336245500027,0.18556494959464442,0.24450506166411473,0.4159558961530002,0.4967629797212428,0.5963002267252048,0.7573570092688207,0.8130926345686604,0.879346483978385,1.0525024058262207,1.074910859604571,1.1190632411646149,1.1808190919962875,1.1787007002019165,1.1820193593731447,1.1911099809906,1.204605745360298,1.1967425616276115,1.1841868015425223,1.1387260862916218,1.1580142057884126,1.1735724454897551,1.229974589247576
0.46046862569703184,0.5858549152524498,0,0,0,0,0,0,0,0,0,0,0,0,-0.9377463086571933,-0.8993329795231463,-0.8833681799420879,-0.7127199930001367,-0.6207345107291544,-0.5480003314454298,-0.3657295812885004,-0.2836721005830503,-0.2235620052644543,-0.1493978253806315,-0.020872426088709303,0.061911651427239804,0.16338979756556862,0.22335626103263412,0.2700346759039205,0.29989007508475657,0.4101387809830664,0.5151327552898649,0.5990182974412157,0.7925751676619365,0.8451910040810868,0.849088917288987,0.9329270418268508,0.9636283727845528,0.9689737142611169,1.0345980509501698,1.0523167289555388,1.1030397666253884,1.1099952662656867,1.1206229819775633,1.1226375607366468,1.1477340578513289,1.1775299880456302,1.1928237979183396,1.2100071504302155,1.2204905157235726
0.5023197399058029,0.5722617660304379,0.5060532907168661,-0.03219102504869311,0.11714188756561031,0,0,0,0,0,0.27058011476903543,-0.9863408944366358,-1.0170886464347684,-0.9486469145023232,-0.8119336762385512,-0.7317231201163349,-0.6804811721068,-0.5410456360608116,-0.49098268492807495,-0.43045674573079046,-0.302426311488609,-0.23207446389894187,-0.1551624104817379,-0.10407580362514245,0.02489584229758262,0.0728918486990999,0.1150948009552117,0.23805447873268437,0.3155689305628745,0.37336101026318314,0.49565752478450686,0.5707287378428794,0.6296783776741826,0.7939969397141908,0.7954650185044675,0.7994078025842166,0.8336557177508934,0.8708678423339956,0.8786536228153634,0.9250954691092528,0.9573014394492743,1.004499660047505,1.0176795314365648,1.0535031222516493,1.087711327674654,1.104357853040587,1.146839353222752,1.1531033816234013,1.1764864906002424,1.228937800553742
0.2884508289623753,-0.6099061298409512,0.23123830179496616,0.35838780764195655,0.34528103297960683,0.26285939404657,0.22256686377603357,-0.004807181761215366,0,-1.0697755725147484,-0.9809103713795625,-0.8713068770137864,-0.8549119734576727,-0.8055830862216057,-0.6594339797937159,-0.5699386476536319,-0.5126476510142183,-0.38030433083881443,-0.300734915917419,-0.2589492388863194,-0.14722362844325612,-0.08490948462032723,-0.02238180390341478,0.04824521922723763,0.16409227056753628,0.2036210642422939,0.25922694847559474,0.3452489036807121,0.4021515754112873,0.44000884420758385,0.5525883250087904,0.6239065478422143,0.6715026926241369,0.7227869209237747,0.7439697311209601,0.7592237882000138,0.7971394503940407,0.8286228011773982,0.862761002489869,0.927197264801584,0.9483685504277368,1.0073001942191426,1.075461809900379,1.0799064331238235,1.0748014893934015,1.0837601952834413,1.1277017278956052,1.1536385506498432,1.1887301384284157,1.2204528416031666
-0.32702808357873014,-0.47228695148772193,-0.5241415773615465,-0.6315047478919831,-0.6574607944748566,-0.7454191196367977,-0.7844585194705751,-0.7992134775735443,-0.7633110923726001,-0.7626340673920743,-0.732700644625863,-0.6471257546418555,-0.6256078661454172,-0.5941874789549281,-0.5004784799307257,-0.43408274672223446,-0.37590065024643315,-0.25669163818646845,-0.2101931080051833,-0.16466154071523695,-0.0653097180286949,-0.016557112862542637,0.00964114931913901,0.08286288679635058,0.20886413208057822,0.27666078454173837,0.3035523383926904,0.4736054926931648,0.46438631911583195,0.4927933254604322,0.5343297616460657,0.5506152682343474,0.5775236004166637,0.6285397149108382,0.6832291189449606,0.7056614399549969,0.78527576575457,0.8155091490670813,0.8420303211127861,0.8948404126322753,0.9258388081546862,0.9342275976190272,0.9702352655790207,1.0544947596749052,1.0972025775102365,1.1596782756979793,1.1735791722643443,1.1710825010262873,1.1788669580213398,1.1907573297182676
-0.6934846385500795,-0.7118751340004398,-0.7183301344339889,-0.7859219564677342,-0.7662450079236772,-0.7608000393371577,-0.7619967325586844,-0.7592052320759314,-0.6626225474657791,-0.6480290224908125,-0.6107136353555034,-0.5311494089022976,-0.4832028535549283,-0.4445418982420637,-0.34351944302418297,-0.3229128001094581,-0.28934343018392367,-0.20772274238891975,-0.16234267053971355,-0.11705824962740026,-0.02859125419838553,0.05888349791986919,0.09925256784861414,0.14236733931518175,0.25207907487961895,0.2950743483523637,0.34344093867802733,0.42049785446358307,0.4215643308205209,0.48728748450707765,0.5518996367496338,0.5811478596326639,0.6077919844268751,0.6546891198784018,0.6803352252185191,0.703908393951393,0.7704225140424783,0.8190528969566717,0.8360848530471747,0.9018619414851271,0.9302126567850451,0.9356184789633758,0.9641940995576394,1.0048049044613643,1.006231442166803,0.9980410182764629,1.0602775442029473,1.075944963966903,1.112975745702558,1.2033118085906906
-0.7757494745693188,-0.7700444718900709,-0.7463952139004096,-0.7609906314592394,-0.7029236907177511,-0.6955582525636855,-0.6726504337456152,-0.6259902412599726,-0.5788029577554151,-0.5278641337841651,-0.5052166201960248,-0.4188405875870337,-0.41058825400271526,-0.377060323706134,-0.3142818049086509,-0.288163585946302,-0.23757904548848954,-0.18023834163427277,-0.13430069907151146,-0.0752104238142752,-0.009865020373799518,0.03705140662474228,0.09990731617418092,0.11736855516595669,0.2174964541793693,0.2364642403079315,0.2891351706210927,0.37977041482044416,0.42062690808009395,0.4887236105625382,0.5382237654973742,0.5934491668821839,0.6186667691273328,0.6356266672532943,0.6674881438804801,0.7097263389294359,0.7488181591942852,0.7809529450513469,0.8002063537653739,0.8478531459407063,0.8624531248980533,0.8896474981946779,0.9054840234543927,0.9149435048008219,0.9561827174672394,0.9871587943254224,1.0511724617149107,1.1018479488934,1.1004342520351598,1.1399343225280922
-0.800497441174823,-0.7465522545197834,-0.7249633386534619,-0.6969572586929101,-0.6525908043013958,-0.6167195161671964,-0.597329372038676,-0.5719535497890312,-0.4926382713094675,-0.4887420266992316,-0.4553673402666317,-0.39792270097010407,-0.3821278096543019,-0.3433512007786881,-0.2928540377701807,-0.26620352081520193,-0.21876554396719877,-0.15552413856447167,-0.12446759999143503,-0.08568738460155863,-0.01382117999920583,0.02170197513235522,0.07593053420480117,0.09195544532793623,0.167799953089466,0.20821492933570768,0.23991340540495587,0.3271485388051678,0.3548038046491364,0.3848193369179671,0.43670286503683,0.47780907738565503,0.512971457961174,0.5614671408620882,0.5913416811316258,0.6004772250957937,0.6515267454956649,0.6842491737099763,0.7347780891296922,0.771290323057435,0.8078338207216147,0.8358397352050465,0.8694857107852783,0.9043339097030625,0.9323371615127409,0.9697317071248962,1.026110528433442,1.0428841780277336,1.075875707695337,1.1153812800375529
-0.7101373460569413,-0.6807214170545,-0.6560815657486887,-0.6343035257356402,-0.5905832406638648,-0.5568989668656738,-0.5378975016258587,-0.5339396053677912,-0.4798928921084437,-0.46562794908487537,-0.4545306508434835,-0.38052958268590825,-0.34666842766939476,-0.3363604017599131,-0.2735620336025093,-0.23502332499242304,-0.21469017072377014,-0.15666904550998909,-0.12437876668856013,-0.09760118994606186,-0.031548514303196565,-0.018340907058151865,0.0007369239574709564,0.045431262281708094,0.0977992536254552,0.1185864964543694,0.15155775958074091,0.2329640799249272,0.24627382548458815,0.2730240992535191,0.3456113406166432,0.3718368416957095,0.40525862013022024,0.4654123605322163,0.4823009556448395,0.5158810185432541,0.576850305212684,0.5947272179026869,0.6387879101645061,0.7102185570598408,0.7303536919165998,0.766584491907051,0.779072464071904,0.8297990987446408,0.8625283177698457,0.8936682855382576,0.9750863770893277,1.030909584596418,1.0293546024220313,1.0541810395840294
