jsons/1312711200.json
{"header": {"parameterUnit": "m", "parameterNumber": 2, "dx": 0.1, "dy": 0.5, "parameterNumberName": "Eastward wave", "la1": 40.97354507446295, "la2": 16.46031188964855, "parameterCategory": 2, "lo2": 133.9931640625001, "nx": 191, "ny": 50, "refTime": "2011-08-05 8:00:00", "lo1": 114.97908020019554}, "data":
[rows 0 to 21 of 50, columns 49 to 97 of 191]
0,0,0,0,0,0,0,0,0,0,0,0,0,0,0,0,0,0,0,0,0,0,0,0,0,0,0,0,0,0,0,0,0,0,0,0,0,0,0,0,0,0,0,0,0,0,0,0,0
0,0,0,0,0,0,0,0,-0.03220166001541565,-0.0482558383063235,-0.05385385370144144,-0.05508799916717872,-0.05837405561939202,-0.05875803659575594,-0.059109677154340096,-0.05724319051458529,-0.05698422017366649,-0.05618859156097031,-0.0538851449411341,-0.05881252516784348,-0.05961073415243901,-0.053201271817205624,-0.07672142659544103,-0.029288142963314584,0,0,0,0,0,0,0,0,0,0,0,0,0,0,0,0,0,0,0,0,0,0,0,0,0
-0.1400280384363149,-0.008518944386972585,-0.06252200181003033,-0.05559623912494094,-0.06467230535508917,-0.0740847089714022,-0.07927795521108809,-0.08734203139792193,-0.08508615951424511,-0.084411042444983,-0.08339018331292178,-0.0830592860458598,-0.0830551717934774,-0.08185845067269101,-0.08277839313576693,-0.08686650452073043,-0.08824562296538874,-0.09924220771268412,-0.1124506235851842,-0.10210438883000829,0,0,0,0,0,0,0,0,0,0,0,0,0,0,0,0,0,0,0,0,0,0,0,0,0,0,0,0,0
-0.06593813261815631,-0.06787199010922336,-0.06073126785809237,-0.05032735623163844,-0.06518352624020507,-0.08625724385924123,-0.09104019377820992,-0.09544487598518286,-0.1042010980839759,-0.11658180621912728,-0.1165607311718569,-0.11781744038042165,-0.11960043861176681,-0.10863276998875424,-0.12282417803382399,0.0035338980975349707,-0.03815761680319934,-0.005367631026055996,0,0,0,0,0,0,0,0,-2.806508213908943e+38,0.4909780606186213,0.49489761997769216,0.48718597227627597,0.4853955327620305,0.4851736564562412,0.47030440307455185,0.4731192626814649,0.48782368841794865,0.48828651704073106,0.5000563623200754,0.503001124863302,0.5163171215803799,0.4962674146204577,0.4629563846235214,0.42888126988506686,0.3952880616955612,0.35296928279583684,0.3127048828433274,0.26515332739428954,0.2344384587034646,0.18618083038608912,0.12849334703325027
-0.11981487798243814,-0.12289060983249606,-0.1103605931156426,-0.10720452105572315,-0.1096197100489644,-0.07893325444603654,-0.07437954427630536,-0.07372647581592018,-0.05809776250883291,-0.10663995577707087,-0.13462277069557535,-0.16010058761136803,-0.24591637936308985,-0.16612893870217843,-0.17763710933358914,-0.13970963023682306,-0.164630468903282,-0.02935485006101009,0.2192932929878752,0.345405461676079,-0.6495520662253974,0.4909772556777198,0.5259433638143108,0.5790719303938928,0.6467466598446769,0.6777331042485115,0.7195655823686572,0.7435174025271198,0.7542158587151011,0.7556838377293451,0.7681438751620592,0.7637540669940154,0.7560452248010585,0.7519578492462616,0.7489263762174971,0.7634875367473167,0.7556541484821861,0.7595177828695228,0.7416997644813816,0.7324220679369005,0.704583750256117,0.6903240554651741,0.6421329120491562,0.5933445125849489,0.5394071483805303,0.4548531432817093,0.423233445814629,0.27888015000375055,0.16939118740114092
-0.19708153344563117,-0.2035280355364625,-0.19993951569916896,-0.20001300617521417,-0.2091481469079214,-0.19893917127811975,-0.19869470948434712,-0.1986919062186798,-0.1994278024833787,-0.16642385879310811,-0.16374412745003966,-0.14035635257686024,-0.0905464787949932,-0.07127433016749868,-0.04446114252331893,0.009772741275213173,0.027468530019469552,0.04595664688340508,0.1212829516511335,0.2033927206575031,0.2550788510150864,0.3788875420187579,0.4208305651010785,0.5056637623932986,0.5725711286673422,0.6827883353157974,0.7848579418525565,0.8392462342894234,0.9128308541170603,0.9643824356844638,0.9895719160467049,1.037350410943906,1.0302226002843273,1.0298766859105781,1.0313953818898616,1.0369617358266308,1.0170584737511459,1.0199903210072754,1.0068209540460513,1.0013843924219672,0.995519132116674,0.9804096233973476,0.9516304561736021,0.9236322068492228,0.9080484940254787,0.8296766026437432,0.7720443437390486,0.633228163178174,0.43953414014862646
-0.2582744014926,-0.2695369666646031,-0.26965840942179503,-0.27962780846341434,-0.294318537648637,-0.298128955462551,-0.29670737588854884,-0.3217927902556897,-0.3189534221325954,-0.3083130081569496,-0.31383830286266595,-0.31403366312236725,-0.30822849175676303,-0.31358739902677,-0.30226100435012576,-0.2868699208549237,-0.2751902402336172,-0.26679364185759535,-0.18050900896928362,-0.15981386622917557,-0.12495686479253719,0.010936457449776383,0.07582570997138216,0.14303175270930224,0.30180840792585345,0.5018398154451947,0.6165140075781176,0.7246151589197926,0.8677142673638388,1.0122255612786388,1.0489467346414303,1.1480942711626885,1.2342988490965894,1.2450194604538525,1.2849289782418143,1.2800449691568223,1.27387244959251,1.2745141665869348,1.2765424490355415,1.2488078530710363,1.2588662080470643,1.2718462691963193,1.2725059828131577,1.2547543046067493,1.2479724127269651,1.2107257768137554,1.1943498067587588,1.1670838725200163,1.0474361698080659
-0.3535939259789704,-0.3688280213711132,3.355797035489683e+38,0,0,0,0,0,0,0,0,0,0,0,0,0,0,-0.4635309435522031,-0.5256441829720038,-0.5041191838408239,3.1635664454326816e+38,0,0,0,-0.49439996896399563,-0.48659870722642573,-0.06700016066741034,0.5349440015399758,0.8168618150579925,0.9858743598392561,1.0623899662154286,1.2311515109729467,1.3727459619722475,1.4340644157897886,1.5292295029921452,1.5810466509341803,1.6043187032473658,1.6241292154025038,1.635609803022809,1.6374293495449546,1.607083044661971,1.6294723782039553,1.6306080535485488,1.640371289253171,1.6484113941609786,1.653512574217321,1.6416199799813376,1.6245924750366854,1.5699352396792727
0,0,0,0,0,0,0,0,0,0,0,0,0,0,0,0,0,0,0,0,0,0,-1.905167608256829e+38,-2.394788139634428e+38,0,0,0,0.8796038410153125,0.9601157243984924,1.0261571483612537,1.1018778389603436,1.2822147993595352,1.4817944453979166,1.6570604740821169,1.7565772638317625,1.81664554410074,1.8470079796229575,1.9126298751855908,1.9416932914946563,1.9308822509932395,1.9606457646262359,1.9611055842371106,1.9586172060336924,1.9615106906129616,2.0315949808026788,2.0179117368500314,2.013079823203877,2.052015883732542,2.0052088754099775
0,0,0,0,0,0,0,0,0,-0.7700023413769261,0.1632885701634364,0.08989650277712605,0.16537766387282826,0.19640755444806343,0.2639973732399121,0.35293325794993347,0.3933354502603221,0.4391524528418374,0.48338912576164345,0.544559335172229,0.6203397538856108,0.6877117638297934,0.7113753503598798,0.7821773356572174,0.8307552486766975,0.9393676475015134,1.0774569625659154,1.1449949643623678,1.219694093035848,1.3852412525587658,1.5197688516813495,1.6449978490058244,1.7905844646581446,1.8537196523075024,1.984999494030228,2.066067154857307,2.1407359002842665,2.248149421204766,2.301421131888518,2.338889455453674,2.410170897384726,2.439257631007403,2.4540949248013284,2.4584725274631043,2.5204797362310742,2.5471432318769858,2.5548249951598123,2.599475716345433,2.6126506741252964
0,0,0,-0.16065155957643587,-0.3328005550204582,-0.26984522716141585,-0.2889496441240712,-0.37027054535428316,-0.40807717571948504,-0.37292438761342167,-0.37895056849376807,-0.32162849786009,-0.24118139278367837,-0.20522920571691797,-0.16165656177027068,-0.013548570906227792,0.07758307357922309,0.13381458914755756,0.2615496476129805,0.3075051253983608,0.3928777663121744,0.5061831922314147,0.5674027355370879,0.6594226903666944,0.7656751828944972,0.9240450465947863,1.0210011177969374,1.1087343222709172,1.2093645045231922,1.3717467398764527,1.4644991854465217,1.6054609044089092,1.758619538820501,1.8113785759708023,1.9780561912573442,2.067724918106339,2.188184181404051,2.3580526165296782,2.437621225821318,2.5876095789926774,2.6957379675499515,2.7686847746368812,2.848348908253645,2.9168893949397745,3.056315422583949,3.0843889687958073,3.1444234087635365,3.236422024893321,3.241674027578146
-0.7050282820494662,-0.8158956340238142,-0.8666583864336683,-0.8930445185038924,-0.961826447675213,-0.9532226919114777,-0.9754852702740433,-1.0262973559424957,-1.0409541905226274,-1.0299601057945014,-1.0694543492745494,-1.0963418680093688,-0.9955539534087604,-1.0086549229253894,-0.9378925614582542,-0.7592417891080407,-0.6998901862633812,-0.5880300194988829,-0.3915365713204436,-0.3344013957087402,-0.23383670458058475,-0.033684385776440846,0.0767539128882035,0.141136127863424,0.23196764662875682,0.37658633371766637,0.48896237854923624,0.5955438394071633,0.8317784512275618,0.9513753615963845,1.1072340895101074,1.345547608549838,1.4835958081987892,1.6084406069343784,1.9041059407779188,2.0722714000670823,2.2270085807630413,2.5360855013460473,2.709582068864685,2.8736491959029067,3.1323661917737224,3.277847619566955,3.526513118114202,3.649196425945071,3.8606815375954815,3.9880818990708944,4.039740300192563,4.214058430915636,4.3291384861147675
-0.9893715002328621,-1.0768556789143862,-1.115122458595082,-1.1390446105414154,-1.2161932645070164,-1.2264196743344629,-1.2512792877115397,-1.321584960134867,-1.3769590498180009,-1.3885696642176548,-1.4575260297351038,-1.504986862355854,-1.5498806386525041,-1.6368626522373064,-1.6420133258065834,-1.5443049983828236,-1.5273520385148773,-1.515076977561797,-1.236133176498044,-1.1050491515109142,-1.0866495438292365,-0.8959713606528575,-0.8084575769215249,-0.7102759125154268,-0.6030039106142188,-0.3571522514975549,-0.21279117497916084,-0.12006487672747938,0.13863638141777115,0.28367625231257554,0.4311223214243196,0.7738058497415765,0.9047137621842603,1.1380882847071707,1.4851610954762875,1.8022305130583962,2.0582876192197537,2.5734510619767685,2.935598738321506,3.2097058766698825,3.546096826994551,3.8295217634145065,4.284152952704825,4.520069422173845,5.220281105465905,5.579056204576904,5.742066652399428,6.148035703200257,6.214014894503662
-0.8538262604291814,-1.0211018818611508,-1.078396689332283,-1.1652397591566264,-1.2877920425464413,-1.3311757645975133,-1.3845757763554984,-1.4876504345800723,-1.542205106749137,-1.5842021311648704,-1.718387121810515,-1.7727885918761999,-1.8013753285538594,-1.952240268969573,-1.9905275797224835,-1.982441075001577,-2.024186508067431,-2.226103613995636,-2.1532768621025133,-2.13720703745793,-2.2450018055137777,-2.0843299587246817,-1.953719752025831,-1.975118335996523,-1.8482893261973599,-1.5458345469206847,-1.4718745042441201,-1.2988435202265254,-0.8973776664627598,-0.7894982658295912,-0.6148028538218603,-0.2934587892343238,-0.03047838204455502,0.17187050830268238,0.748372193221874,0.9779823854097998,1.4373417792203242,2.0922143223313805,2.4301699364631197,2.9709655084470117,3.6628165608871504,4.2297892114726725,4.787459283775379,5.353274104768701,5.959307512157511,6.4217388400168565,6.739819591687039,7.156626986841733,7.443480615748948
0,0,0,0,0,0,-1.211664113110963,-1.5184414953067957,-1.6198777512926794,-1.6961387719310448,-1.8102014440512704,-1.8524655999507482,-1.8883185044112039,-2.035979062594739,-2.1343820132607108,-2.2352918033370974,-2.3329239249719222,-2.5086350159141144,-2.532637312315437,-2.5949191733977135,-2.7728380583259864,-2.774687834149993,-2.7812205184387264,-2.841382305367057,-2.820629502616572,-2.7147121234366955,-2.8436121656385063,-2.7732606491260157,-2.5098157381050807,-2.4015098094140948,-2.266332409428927,-1.7988701996249328,-1.5781985013595956,-1.2719895713908533,-0.6785267991383261,-0.2160816002869924,0.07911699813773408,0.9887435391622753,1.4266276393254758,1.931328609094091,2.7902527069078658,3.303514376108206,3.983890859292074,4.685228254124493,5.608062616268794,6.455313239927631,6.917300285687983,7.470905308118116,7.8670570711069026
0,0,0,0,0,0,0,0,-1.3146713140235446,-1.5402039063413908,-1.7683127833992942,-1.7768614937145015,-1.824043175121934,-2.011985260624495,-2.120368975648969,-2.2520881144534477,-2.377298208519056,-2.5820563074550607,-2.6709298401928385,-2.814676832239102,-3.0486405838385333,-3.1178917779633086,-3.184096164586849,-3.4071380220765377,-3.5085231213144015,-3.5632166254159414,-3.758434007205516,-3.76175485707203,-3.6429366845616395,-3.7708181885544096,-3.6417033508947108,-3.329567859704397,-3.135257094099219,-2.882546784445308,-2.0079593607369377,-1.3735460632687273,-0.9627213858680101,0.49622454680315514,0.9457023189630368,1.4894139619038687,2.3331120306002706,2.7979044131386064,3.4343412360511647,3.8837840983050786,4.75450675687935,5.408283773012744,5.8757478686782445,6.489144361672482,7.040075109913948
0,0,0,0,0,0,0,0,0,0,0,0,-0.9330683817433965,-0.7646374437465606,-1.0894806906310437,-1.4037242774215264,-1.6580744223927473,-2.0272560718097496,-2.1762342783526543,-2.3275158991124316,-2.6642588853954137,-2.8184057838119374,-2.9286289062245134,-3.155898360329069,-3.273971305595323,-3.384094873914303,-3.6744375259060287,-3.7743710266098365,-3.820650144539286,-3.9862211087196133,-3.987310498150262,-3.8447126853550335,-3.7092072051477265,-3.5155023476714993,-2.667897728293344,-2.1174286155492066,-1.314389486577974,-0.00893139541212326,0.7599797125892563,1.1614129192150187,2.1585865391540633,2.6651745516829384,3.055713806134419,3.494371891992477,4.227656212608803,4.7081278348425535,4.9791194040631375,5.403008120673006,5.807271959487173
0,0,0,0,0,0,0,0,0,0,0,0,0,0,-0.6873078264032693,-0.931799632801791,-1.4317840781048339,-1.833667286398327,-2.0001963230460453,-2.149723995650743,-2.4182766519267425,-2.565380641933291,-2.671121997408903,-2.9435666286118187,-3.096693716225901,-3.267294149055542,-3.6097558415562125,-3.735344449753067,-3.8285651115459034,-4.065811830236907,-4.125372292755722,-4.194105722895166,-4.16528459313392,-4.067836007387014,-3.525243267693415,-3.1429154135383413,-2.735875347113788,-1.2300631205559571,-0.33697186848442945,0.6889321497244675,2.12845070351243,2.7612669745054412,3.287882414761412,3.7548332936594377,4.382940953313055,4.728112817296125,4.895730229883141,5.272436932695405,5.434972921172787
0,0,0,0,0,-0.4605817463650901,0,0,0,-0.5357449283936087,0,0,0,0,0,0,0,0,0,0,-1.325412420223979,-2.044307323543355,-2.291579254842726,-2.672501895452286,-2.8155448474778884,-2.9119443423088582,-3.218430034389602,-3.3760647570101,-3.5483427813241186,-3.8404153795066116,-3.89835605116592,-3.9305844273440553,-3.9721958579267964,-3.928724534943818,-3.791333445943155,-3.7550071292723053,-3.647527768793422,-3.2866970623501195,-2.846867879462191,-2.9367170343135984,0.25113985494390406,2.32806349734352,3.3751846552686713,3.914889307347674,4.281129152811713,4.450370241064787,4.58731171926345,4.749583835896052,4.997102656449487
0,0,0,0,0,0,0,0,0,0,0,0,0,0,0,0,2.4304903043722758e+38,-0.41300062878007276,-0.6129961534181531,0.4692387292596125,-0.042158142051718805,-0.521303989207617,-0.802304783660139,-1.485371608517145,-1.942749569173989,-2.4500026278315477,-3.00737328325184,-3.2317707638593647,-3.417415074942622,-3.632448735044926,-3.7255219549515135,-3.8144427332602593,-3.9176425941476265,-3.941647755252873,-3.897809039488289,-3.8577825299279036,-3.9473327251156354,-3.936987152092971,-3.7048390557181623,-3.5885402654183944,-2.993200872484546,-2.742944815667467,2.9716336666145526,3.9136895841510966,3.9701713801947567,4.018620968576432,4.059855968963127,4.108392553587379,4.252985925417222
0,0,0,0,0,0,0,0,0,0,0,0,0,0,0,0,0,0,0,0,0,-0.5856616173137065,-1.0537859417939883,-1.7824425710725975,-1.9396389153226699,-1.8934921925077492,-2.206868630071968,-2.3698715378976716,-2.666617422092577,-2.8954422992559876,-3.2007977715454974,-3.448101423720341,-3.6288107818507176,-3.6931430983790277,-3.762117618681696,-3.7119678205548965,-3.6057588748248905,-3.601778269036959,-3.574528765032223,-3.5352297355912556,-3.4068257465845617,-3.3208321024984784,-3.2094050147745654,-3.619132809323624,3.0235730188797496,3.497052548306208,3.684319811674598,3.753669980565052,3.733123067137568
0,0,0,0,0,0,0,0,0,0,0,-0.27306854493885757,-0.3134600729140299,-0.41871676238925776,-0.45793727524711686,-0.5161608539837893,-0.5779922563161061,-0.6608844906941771,-0.7018679750317685,-0.8048835527418154,-1.0327574570920668,-1.3731001148524378,-1.5401337903517491,-1.7184057693068684,-0.7601014707397808,-1.4157480765535237,-2.5127493671412933,-2.7188929175469485,-2.877353345891418,-3.2084594751025235,-3.3887347805104255,-3.52731957489786,-3.5030647821060343,-3.5086973078797166,-3.50189175681751,-3.4514102961441644,-3.444175086694443,-3.301362586312104,-3.1257659035516534,-2.9149170520966194,-2.7902148455973634,-2.7069416348287336,-2.5907153517766783,-2.3624394028329805,-2.211904285775299,-2.9437153141985815,1.7640429492220289,2.4354265564590456,2.639221550672653
