jsons/1312610400.json
{"header": {"parameterUnit": "m", "parameterNumber": 3, "dx": 0.1, "dy": 0.5, "parameterNumberName": "Northward wave", "la1": 40.97354507446295, "la2": 16.46031188964855, "parameterCategory": 2, "lo2": 133.9931640625001, "nx": 191, "ny": 50, "refTime": "2011-08-05 8:00:00", "lo1": 114.97908020019554}, "data":
[rows 22 to 43 of 50, columns 50 to 99 of 191]
0,0,0,0,0,0,0,0,0,0,0,0,0,0,0,0,0,0,0.2554300625455359,-0.184146059351213,-0.44063469138766603,-0.30697463995089547,-0.24244214462906352,-1.0010073724523083,-2.4193790597562828,-2.972946647600772,-3.17759583872506,-3.3979205371671384,-3.8278451764171093,-4.069540065294564,-4.2711695911181105,-4.572853415708151,-4.655488460977524,-4.706908402606636,-4.751138551270359,-4.937161981769835,-5.0711188527861735,-5.173154815936339,-5.434254181389282,-5.655930783434056,-5.794371443501462,-6.1046670839159125,-6.2511084331807885,-6.35583033230774,-6.5721001952187,-6.690050783252277,-6.710790643592985,-6.888846532093658,-6.932064351771743,-6.914785934003545
0,0,0,0,0,0,0,0,0,0,0,0,0,0,0,-0.18127847942443948,0,0,0,0,-0.7389560096741643,-1.546359371465262,-2.4415029773233616,-2.806875265113884,-3.0621282223272326,-3.5777274157303545,-3.7913712139740463,-3.974177194760205,-4.248854384409401,-4.38472256600342,-4.557127173564717,-4.813630480381598,-4.9261446766897405,-5.087725624296905,-5.298429419087319,-5.700664524335059,-5.866387265238792,-6.0418715635036095,-6.340623522372094,-6.482752899398072,-6.626226376004818,-6.969353679207417,-7.125910312690429,-7.306667192770701,-7.665898898468323,-7.8574334755330835,-7.997674234863525,-8.342224576174655,-8.497299040231418,-8.637586701523661
0,0,0,0,0,0,0,0,0,0,0,0,0,0,0,0,0,0,-1.1894147703783564,-1.8682729611739568,-2.3404254425059388,-2.7091630473209176,-3.3934706751870523,-3.6452781073928926,-3.815307137028772,-4.12746370487654,-4.22618174318111,-4.3565974979401485,-4.580238657207293,-4.661043554726643,-4.688664700858448,-4.842358667456312,-4.954274693264909,-5.108560842533788,-5.274751491999893,-5.606501464851281,-5.732269444070929,-5.868360740769701,-6.207543559461388,-6.410772148917928,-6.576646797811319,-7.111916622735297,-7.388716747690747,-7.730690644052085,-8.313109493086856,-8.505406489040224,-8.819877353456873,-9.246897153068986,-9.539470737676533,-9.746274008411064
0,0,0,0,0,0,0,0,0,0,0,0,0,0,0,-8.1454825486999445e+37,0.23976571262348056,-1.5735003898028341,-2.2411001811620475,-3.0188693040834553,-3.1269757629728896,-3.287126863189836,-3.5952722893709033,-3.7115304559671687,-3.792418907190639,-4.009433705028381,-4.045926812680278,-4.134555100798264,-4.339282512342626,-4.4004751994090725,-4.430055738294215,-4.624373162355447,-4.796994367965794,-4.979209405848703,-5.02785520720714,-5.325415715122074,-5.480079741296467,-5.631559127077681,-5.930287285478499,-6.183971024399734,-6.3884725367376545,-6.684460740457025,-6.914401641597594,-7.234668115663197,-7.640025230846264,-7.9492278799229545,-8.376940090137714,-8.746496473626708,-9.063810300898792,-9.332773582963615
0,0,0,0,0,0,0,0,-0.2941999980239982,-0.6793275483491217,-0.992331088762421,-1.0844319181402342,-1.5659200593303089,-1.9250529823214997,-2.2802078487996025,-2.52438241963226,-2.9450582323206502,-3.061007169017622,-3.1458363284009754,-3.4419361333697323,-3.4847967443181678,-3.561722356139808,-3.7189801687464654,-3.7520537361123556,-3.7218011229269874,-3.810884772963361,-3.8142938895983525,-3.7383481240030845,-3.8622259672644605,-3.877856416216377,-3.8520196120296633,-3.9772793227719374,-4.023284121944647,-4.1301031910122346,-4.196078502668448,-4.3851056081051505,-4.549580021311597,-4.689936677983151,-4.826119786416017,-5.149838136171834,-5.347025241791913,-5.5499072007294705,-5.787794836605298,-6.152109833279873,-6.354073242574689,-6.67584381075986,-7.1016763800186835,-7.438173863437636,-7.633171223752232,-8.053895753607266
0,0,0,0,0,0,0,-1.1321325625391847,-1.3037826026252757,-1.7393730938016794,-1.862506637487066,-1.9737888779433457,-2.245167628809704,-2.3232042933256682,-2.3992147626453555,-2.519368151571927,-2.702281736000168,-2.8130551463605835,-2.9054251633478962,-3.0194779231492124,-2.9819495965499274,-2.9671028910316535,-3.037760226790262,-3.0200449175396646,-2.8981588473139483,-2.911952307153584,-2.8836468481367326,-2.769970622687254,-2.8574398002215973,-2.9015372480731507,-2.7826887753823266,-2.8581721573664107,-2.8337679999246497,-2.7045461409592013,-2.6155344594467844,-2.7477913816439745,-2.7948962684344023,-2.846900710749182,-2.9704139947807326,-2.9740354535487836,-3.0791930202604014,-3.1226861927494616,-3.285741223321288,-3.4545292531453713,-3.568847150616364,-3.7856991819574732,-4.301350932909843,-4.359872279299868,-4.590667133696537,-5.082464612734814
0,0,0.2135855970166485,-1.2249948725647113,-1.4652531249713532,-1.6064109788030854,-1.9439362848064472,-2.0151551183487535,-2.048215881391003,-2.1748049997375687,-2.2225101598816015,-2.2133661277760046,-2.3021580123441394,-2.330658147288173,-2.3001475361637134,-2.273290021481244,-2.3770821726029974,-2.318371858459896,-2.34149604555523,-2.3621753542556503,-2.258562203658677,-2.180780413731937,-2.1818927446220355,-2.1179696193944197,-2.00559185994486,-1.955962547886773,-1.9288384342590017,-1.7981563448037923,-1.744763908199671,-1.712694645251268,-1.6206480314882936,-1.6527698016523495,-1.630256744282203,-1.5454773292120751,-1.5109532424622099,-1.4608122261741865,-1.4257855419344678,-1.3584530986200198,-1.3423544356742778,-1.2512900856667695,-1.242865067468133,-1.0899538945309337,-1.1663712973479339,-1.0751621349513947,-1.0466168656643884,-1.0578952064857834,-0.917299804288361,-0.5684945913731961,-0.3466793698630791,-0.3917038030498117
-1.3081043064248616,-1.4325139612999167,-1.6049730544372731,-1.8381199189869193,-1.8693553928189948,-1.9338799316934265,-2.0530453838814227,-2.107173907808357,-2.1241111214232107,-2.250070305457619,-2.286755098631405,-2.242880727072342,-2.271793179826815,-2.171510959171155,-2.0214811325903765,-1.9892396294779493,-1.965967189716764,-1.8364673298065974,-1.803788285804903,-1.7872959959017658,-1.6439444508167302,-1.5787029716079097,-1.541531259123248,-1.4615283748924137,-1.2842672016578778,-1.294695241827632,-1.2051625057803363,-1.0221024601619002,-0.9581959483877677,-0.887954854644404,-0.738408326917716,-0.6797537422585584,-0.6349440813842724,-0.436914671966764,-0.27578925468608523,-0.2451377248897526,0.016058060971658242,0.11515739494673352,0.144619539629883,0.4484012136981831,0.4968656417894611,0.6673389375217277,0.7770487483594033,1.1248829421412725,1.3769374775172014,1.5728231242312076,2.245792460496145,2.715174516417495,2.9175809177690524,3.871360849224794
-1.8350721908751466,-1.880785707397358,-1.9667338261953469,-2.0937789486488403,-2.0948294707667845,-2.109875266250948,-2.1797443924323705,-2.192135842733397,-2.1173537924961576,-2.162158482078014,-2.1446758627114595,-2.073012416560379,-2.0544088216206418,-2.0151379965201666,-1.8477697392552221,-1.8456183605083678,-1.77628092949073,-1.6863611809081271,-1.564673062554844,-1.5343182222031884,-1.3251954848159204,-1.2652735941821727,-1.1752506488730572,-1.0691643429727777,-0.9211285104936832,-0.8471978009633797,-0.76565625994765,-0.5868331257637189,-0.519970544520143,-0.40852058904068556,-0.20611148313988104,-0.07364994837090268,-0.009570714223200182,0.1984805331615727,0.3771981024735496,0.4842076112029481,0.6471651696980609,0.7695243372392484,0.9183018968997239,1.2531777682062926,1.4198693757900522,1.5364314544414353,1.7541733679574087,2.1768330421726154,2.4713949567164706,2.8038865827468276,3.449902164733883,4.021450791734485,4.268871921512157,4.993046030527786
-1.7193595999974893,-1.720084695796837,-1.758409418416154,-1.8531980144503162,-1.820898087878223,-1.8121644000375114,-1.8185886605089485,-1.8074324036571086,-1.740957388888378,-1.7148361602311335,-1.6887351852186987,-1.589019877020086,-1.6094624133667557,-1.5911766207428724,-1.531446509290179,-1.507161229044562,-1.5012856657895475,-1.3805002386934568,-1.309890730863716,-1.231905486706686,-1.0694136877000913,-1.0110594385027962,-0.9715811804591693,-0.8614082618953899,-0.6747736701132501,-0.5845150120329784,-0.48765268331741274,-0.3033140114348979,-0.20306102736118192,-0.09623685154031252,0.13407433948047698,0.23938113183761622,0.35037154187255476,0.5138164876908093,0.584902256126469,0.6944804812077562,0.8419273923360081,0.9112379835233296,1.0837266116100257,1.3592401932323623,1.5409746804469662,1.7507499679142275,2.0098271758689354,2.45168421440016,2.6955482672667386,3.083349180868212,3.6906852566240023,4.04989413690877,4.2686500093456985,4.863747930483885
-1.1388561216941706,-1.005334801035068,-0.9700829311053125,-0.9304320872500449,-0.7412333574537533,-0.6191664809669999,-0.5303057042493724,-0.23995120031373324,0.17698213396883933,0.6191304796750489,0.7848159794720516,0,0,0,0,0,0,0,0,0,-1.6361027152009644,-1.41116522850617,-1.24053661076636,-1.0461157331563198,-0.8344023303884232,-0.703028360992385,-0.5770581161433527,-0.35299851188484455,-0.23258955116025654,-0.12048935836171339,0.15995344551254886,0.21635320106908135,0.29471416636636927,0.4908781050587128,0.5746099905804789,0.7060576704498536,0.9213323513550712,1.0452490689654088,1.1919026328494042,1.3978245942840004,1.570338566632127,1.7569720969643274,1.92637525287566,2.188955129248413,2.3862354021519816,2.7130464926082305,3.096763917691934,3.3621965102837628,3.644163950595708,4.180336604314296
-0.21296321728868994,-0.07064996004582874,0.07903769694914325,0.1545173886591248,0.4431011452457099,0.5149334894990394,0.6684300276253091,0,0,0,0,0,0,0,0,0,0,0,0,-1.9285634349331737,-1.4596890134212859,-1.2609291507680893,-1.1266253726605737,-1.0143528802210386,-0.7019847103276721,-0.623541693595678,-0.5176115898796796,-0.2610384661238268,-0.16526691806322397,-0.06672970356753091,0.10956940821957044,0.15849758878987583,0.25308163321200255,0.362286169461918,0.46721061797882496,0.556942776309932,0.8537544032601295,1.291866048121494,1.5976362981221313,1.1083360534835662,1.128558475779039,-0.4678318074103162,-1.596151179237961,-0.29871510489161707,0.5429536790516205,1.4088688589762148,2.374901267627258,2.7183766404441965,2.9572843892293377,3.36098974391048
0.4077498407561026,0.5476701073978868,0.5927453655463063,0.6357324817696715,0,0,0,0,0,0,0,0,0,0,0,0,0,-1.5940712257794392,-1.4896090286453836,-1.4902507384678791,-1.1969839778067561,-1.0659175711124291,-0.9564950286445154,-0.7846847246205987,-0.592446141194083,-0.4672714106226882,-0.34798876470877316,-0.09291462488692002,0.0841919342482635,0.2443732314365405,0.5994477208244545,0.8270977299699418,0.9559403717023305,1.4005371186057192,1.6383984140299876,1.8037989301501194,2.0689005273923926,2.046061526992508,2.0110142126107164,1.663425067793401,1.6265583448263878,1.7036339320955431,1.7080589714646421,1.7862063965528758,1.9105295005191305,2.020478411407123,2.2311433335805027,2.4111591552961493,2.6803781050482676,3.0835518547632637
0.49732566961480096,0.5943956483590008,0,0,0,0,0,0,0,0,0,0,0,0,0,0,-1.553894156207329,-1.2520273551018144,-1.12947873664669,-1.0106597668743051,-0.7368360927216521,-0.6294981279496104,-0.5291882633274302,-0.37750863920400834,-0.09293377402350526,0.032666706459035626,0.12554488167001984,0.4086771566283671,0.5653688063680399,0.6787822730484113,0.9253644685754041,1.004250676040288,1.1057176605583388,1.2158547104076523,1.3082207789326468,1.3290078197575017,1.3303721544353235,1.3617884146467962,1.3866979776072754,1.4214614328743236,1.4659120391294602,1.5332491428770212,1.5650193811105075,1.69772171443845,1.7935202857324672,1.9088295561600697,2.1496019451422996,2.2812546702026495,2.3766646270068703,2.685179633859116
0.47571102545214655,0.5512777631495498,0,0,0,0,0,0,0,0,0,0,0,0,-1.136885852593849,-1.0190604262030687,-0.9911919709810972,-0.7672316445733584,-0.6764681780195686,-0.5970217127336976,-0.41934381177038904,-0.28217787557425733,-0.20588425908563485,-0.11294924830282005,0.07362012381748514,0.15507869375832414,0.23290818914472292,0.38765805419277755,0.478821794647593,0.5256553736613956,0.657494173173714,0.6706134721626026,0.6829936446741094,0.7671392872520921,0.8023113114604766,0.8571318002126763,0.8654009553207035,0.9132924757304995,0.9293046830390229,0.9641157950876861,1.0490993649254996,1.167897953770515,1.2155052400569757,1.3878182271350497,1.5128895244542342,1.6248528138475726,1.839282881645982,1.9932269673048988,2.0628504409654878,2.2622772461373657
0.4005092886379066,0.4291284089482035,0.4490146970330556,0.4072378392054996,0.1166115385739603,0,0,0,0,0,0.32963871467081396,-1.0413379121407462,-1.0446946589256538,-0.9841907242059442,-0.8532218307961814,-0.7827318528083403,-0.7407907690078793,-0.5915515269594875,-0.5359533001060011,-0.4807889087763608,-0.3619395238158299,-0.28957765267592905,-0.24024682010485232,-0.1866373334761501,-0.08667097713239329,-0.011218441065290338,0.029513227195562375,0.11156351031927009,0.1567708750297883,0.1863832492519846,0.25332812428468093,0.29497849813394234,0.3415629296308907,0.39607193923267187,0.4174624973658208,0.4917256485382565,0.5718386566811317,0.6402439268126535,0.6742983655620123,0.8323173343082192,0.8852189881001575,1.0069967882892283,1.0551920977293283,1.1975376674412328,1.322117772961875,1.4044489728272636,1.539987292805937,1.5788368771680046,1.7226279289147537,1.8756800359726438
0.44516066840173885,0.4586205359453721,0.498155733393562,0.5257815443577265,0.5397817635260549,0.5490781573316902,0.5661159903745201,-0.8063186961669447,0,-1.1623858550874744,-1.0344571719446882,-0.8888294060680046,-0.868014951565133,-0.8234302182426718,-0.7290261440705392,-0.6777631033074979,-0.6645159803685899,-0.5940358963333712,-0.5562109964358176,-0.5294844264419202,-0.43907036579158654,-0.4036781254643958,-0.3739080948492417,-0.33246024830364307,-0.2964943299717194,-0.270749371998314,-0.23478885294140994,-0.1590567955352268,-0.13610628770136274,-0.09856788608224613,-0.005840392545191751,0.012168763102855813,0.020349990965657254,0.13161233942014597,0.16030095948611053,0.20735084984566862,0.2811505898548758,0.38446343476450706,0.44060468411914583,0.6404308972906065,0.6904373650520004,0.7935759297794731,0.9032571880360281,1.0028792555089519,1.0720106566450736,1.1236025149438746,1.3030484509999383,1.373441333173895,1.499741504000186,1.6055369857846133
-0.3099949467919562,-0.4555928300276205,-0.5346446357927125,-0.6588332174622691,-0.690027729711525,-0.7666608563778546,-0.8017446836775322,-0.8166578545162727,-0.800770733200603,-0.8297978997818813,-0.8219699108201654,-0.7973889556706325,-0.8011703356186995,-0.7863872245840557,-0.7385372008390858,-0.7140940598270505,-0.7008803434121829,-0.6374990086127513,-0.6137224137327624,-0.6129249525243807,-0.5603081660611825,-0.5391624766346353,-0.5439763744242219,-0.5134435816666155,-0.44212726923295076,-0.4148202291951084,-0.4056655974299307,-0.3720173903575161,-0.3455539887982041,-0.2993906782757154,-0.21511519111892952,-0.18607427479941033,-0.13344756186106524,-0.052141912482235216,0.011809030684063781,0.04540388719765822,0.1822470654352112,0.24794004187918503,0.3089035666964068,0.4267608363289283,0.5248767583686554,0.5958929157192582,0.6311793153981802,0.7566840646661077,0.8361432625007863,0.9401386287836281,1.03121716433725,1.1116349202002822,1.1993580687581427,1.3077645609242927
-0.7371140104383159,-0.750721365527652,-0.7610321099932426,-0.8179924419388201,-0.8006421430146853,-0.8117818066022279,-0.8417120616519789,-0.8430355768555502,-0.8305397857669022,-0.8522231569992571,-0.8466730092399689,-0.8191067944802378,-0.8156047180945797,-0.8040663542577549,-0.7599141590537971,-0.7571217597552388,-0.7570575825622061,-0.735597060992873,-0.7067298855811184,-0.7063614466924031,-0.6729224311489602,-0.6462342960972692,-0.6450478751625025,-0.6156435227160575,-0.5570575789278857,-0.5386259800971771,-0.5137191356011641,-0.4473847790664791,-0.4477590212861069,-0.4031751958809536,-0.3356220959273933,-0.2897038442091957,-0.23809570072975297,-0.13213401122010657,-0.08315610908737871,-0.023824729082738826,0.066766722570155,0.13789259264349538,0.16845342047636536,0.3027001962787753,0.34624744882433617,0.38392021233280677,0.4682667504051284,0.5699950973004818,0.6528585361311638,0.6932789752642804,0.8367426377377338,0.9071164996141516,0.9526733474833632,1.0347634609028928
-0.819294035530369,-0.828920001598215,-0.8236699282886137,-0.8591657577284104,-0.8449225527760186,-0.8597199080024588,-0.8719658052503466,-0.8655168852114468,-0.8573308048431957,-0.8607974105854052,-0.8535099736177973,-0.8115539252400948,-0.8311552991452815,-0.8301572302448743,-0.8193552239648618,-0.8102546562618069,-0.808708320318438,-0.7929553257051445,-0.7746352334659038,-0.7611063164556251,-0.7291023706003332,-0.7100981902880429,-0.6974299597197057,-0.6880412735947414,-0.620373850311971,-0.6210484359826981,-0.5813684324819298,-0.5098219232724797,-0.4834785560997325,-0.42898299475408497,-0.3700204042623426,-0.321310226390791,-0.30088269601157347,-0.20663737674607185,-0.15821389109458947,-0.11525812097049999,-0.05418179767033843,0.015433228640164798,0.05443025641866232,0.17837177277611838,0.21552441440563097,0.2555729143400608,0.3086062328672912,0.3893855220906417,0.4572576639134535,0.5185171921688356,0.6426752986116174,0.7020344585906009,0.7156214876958712,0.8613167591059239
-0.8694844836209531,-0.8692567861986602,-0.8701032626922587,-0.8847838088026636,-0.8693444220217454,-0.8668542302182218,-0.8810976500580245,-0.8780875207817826,-0.8515794586311634,-0.8663861047196307,-0.8646764147187828,-0.8497684330913979,-0.8559866415768852,-0.8502048721791098,-0.8358451552037216,-0.8295094560955703,-0.8262905702366002,-0.8051864372516998,-0.7889046555875554,-0.7829279738355257,-0.7447342555843172,-0.7207593405860682,-0.6980541742364413,-0.6908105797586296,-0.62588255400746,-0.6031202063562408,-0.5812056892392832,-0.5166876365878074,-0.49331772965754306,-0.45901999148519695,-0.4051040775660223,-0.370311938340325,-0.33211981592623824,-0.25983423211676565,-0.21231292713419045,-0.20483268432018073,-0.12072897887466436,-0.07421181079274221,-0.00846127795795219,0.04631205692053172,0.10624175862185528,0.15141591538980584,0.21748168981864704,0.3019302060771119,0.34575118036974056,0.40242208303180416,0.4929213385393022,0.5265741779411908,0.5908481226675604,0.6843656080785002
-0.8749765360284579,-0.8667539523378056,-0.8579852620789225,-0.8745804442315821,-0.8583275848995033,-0.8464405923560585,-0.8661654319617413,-0.8711350380559036,-0.849397033255226,-0.8665374526732227,-0.8671327027568324,-0.8461435110259209,-0.863064903631126,-0.8606807827770327,-0.8283503268074665,-0.8208321984577515,-0.8254271418335066,-0.7918043373872504,-0.7776899946319364,-0.7674997069654512,-0.7264110772261415,-0.724328768867852,-0.7095995669461566,-0.6726176451188448,-0.6314176945428319,-0.6182230331024294,-0.5917949871590166,-0.5237315293055034,-0.5152553717937916,-0.4931806038576001,-0.43273416019305894,-0.4139594851287442,-0.38200211631099046,-0.33030680878487795,-0.3065368795982311,-0.2688151866878871,-0.20977077065741023,-0.18393354644592416,-0.13403871594824726,-0.04170483744571557,-0.0003831677324595395,0.06449530410612235,0.08687617529842945,0.16631275674698479,0.20676523503958752,0.2572207220076413,0.3460628467477326,0.37986154477927175,0.3896769484750756,0.5033296010040444
