jsons/1312909200.json
{"header": {"parameterUnit": "m", "parameterNumber": 3, "dx": 0.1, "dy": 0.5, "parameterNumberName": "Northward wave", "la1": 40.97354507446295, "la2": 16.46031188964855, "parameterCategory": 2, "lo2": 133.9931640625001, "nx": 191, "ny": 50, "refTime": "2011-08-05 8:00:00", "lo1": 114.97908020019554}, "data":
[rows 22 to 43 of 50, columns 98 to 146 of 191]
-0.1849686517024535,-0.21599137249273287,-0.22366160186561973,-0.19606133736747747,-0.14311082276304155,-0.11189700388068277,-0.014127867791017844,0.05633564987142009,0.08225314650726519,0.12840157854570552,0.20139311966885537,0.2690953072591099,0.266977430111908,0.22519442631916925,0.26104285753688633,0.2484959932168638,0.25540364702649576,0.2411743095358135,0.24010591193216155,0.23265800893419816,0.2879866626339582,0.3656541912313605,0.36741999099995903,0.34671285832049537,0.3733851764922188,0.40895278518658496,0.4503599952849013,0.49144376059563255,0.4952361794870328,0.5038197915636342,0.47338105273837944,0.4781900159489585,0.48914148586965284,0.5207065569096835,0.5436714853616019,0.5662994128957457,0.6158837830656801,0.6308054269726738,0.6478001145725519,0.6483402307488274,0.6501638657938278,0.6490490848171591,0.6833496519044769,0.6870991790874871,0.6976375033947725,0.7107785867815368,0.7277446881620319,0.7287306791012039,0.7127219077385166
-0.11299291359652257,-0.03854436953049122,-0.023824339485642877,-0.016254392578009078,0.05426124240525134,0.0646714514239316,0.0963674232335377,0.12150326060772294,0.1287295590225806,0.14209197868048562,0.13729830936363832,0.16376937741880068,0.19093259747452881,0.21405290116704434,0.25492241306608937,0.2888884998373394,0.31206881265197794,0.30920899123005263,0.30733014613222503,0.30063162679388666,0.30629239057629454,0.30575391460551765,0.31894685134888107,0.3384372080803183,0.43413623345868785,0.5103387298909753,0.47786502259264874,0.4691527328081186,0.46118340568259536,0.45588470072398984,0.4888041463930931,0.5304186254693541,0.5447105987152385,0.5714929856629393,0.5905347605953283,0.5945889902322955,0.6121808701363389,0.6196046472141029,0.6237441443761346,0.6541553503429418,0.6931468059428169,0.6956508449218842,0.7032850698794216,0.72500034449309,0.7159549955805489,0.6697265681948136,0.5980252561011327,0.49901566211561094,0.4603382679001313
0.09129174408644897,0.10280915131067574,0.10028198433849451,0.11250539004092962,0.15574059056724937,0.15276343926148012,0.16309573942439257,0.14209532649525816,0.127526143170431,0.12876122057588515,0.1369995720218417,0.18151517835735598,0.2271794222747879,0.23295984597351221,0.22003146960176756,0.24474133806906825,0.3198357705973753,0.3580545022160805,0.3731685641118283,0.3857367668540247,0.40477655880303154,0.413116969771872,0.42197494833237764,0.4692807917966131,0.49824830981715906,0.4991418988141005,0.5052448057251883,0.5412979827101358,0.5501885593654673,0.5875404329891343,0.6054827719657504,0.6131964141684159,0.6143361090388898,0.5895538087272533,0.5929389831127974,0.5967166119642627,0.627835596450233,0.6405478412154083,0.5896590634841666,0.2808048488643602,0.250763045949661,-0.5076537507292437,0.5313070438763855,0.43706923559346744,0.5843718232272443,0.6331486311874234,0.5943784458751177,0.6121638605369912,0.5727536034713269
0.21133006543048086,0.21935190901090787,0.23099819972170077,0.26927854104653903,0.2732228964927089,0.2755941495283172,0.29186092503618216,0.3308018134827404,0.4034237807477777,0.45047885460882553,0.25434682896966,0.16785585873422318,0.3190723474746569,0.354453021844302,0.4037854745957831,0.42814079862668264,0.4592639819246751,0.5815170840657587,0.5452646911059431,0.5347162112092011,0.544995376230261,0.5412722459243011,0.5387390258745506,0.5624426514690226,0.5650062796499677,0.5787631301600678,0.6309762520627202,0.6460054901994514,0.6394790051838731,0.6452682795285762,0.6607418569330773,0.6617652602807654,0.6638907074903977,0.6887940886836492,0.6849905622157298,0.6856182131696319,0.679470819958832,0.6866006671280335,0.6907222538745139,0.6529074030489613,0.45229931817419844,0.14628355697576564,0.596107664317311,0.601334791294202,0.5378959019670909,0.39437210123685285,0.32356880901740437,0.3335938617747335,-0.45002670525232297
0.32650146965829424,0.4114430069222012,0.39654676988853577,0.3924032981782543,0.387241580599919,0.39209482030795473,0.3963842792100742,0.44140929813284324,0.5070392066858339,0.5467768378103345,0.599110565377704,0.6018844136526839,0.5920107657591126,0.5869822251927702,0.6202813071109545,0.6154863462912076,0.5814548742184357,0.5869291171742709,0.5929799046812747,0.5977283916886093,0.5754759839072443,0.5686666972291156,0.5653916224764013,0.5699999193156502,0.597682780814344,0.6105593341758,0.63882860489095,0.6310323291873902,0.6365196929022078,0.6165879404609833,0.6570935479584825,0.6072129682289314,0.6472399767429995,0.5839227198029749,0.6090311416524783,0.6322204333199466,0.5354508820721227,-0.3805497909859862,-0.6785346394171208,-0.6251729570130946,-0.34076316990693795,0.5671344579664244,0.047764679332418555,-0.5934271405245233,0.5646572700315858,0.4671937005718547,0.376949968357619,0.29883488534652775,0.19873016053036888
0.3895416906872674,0.4792308372156942,0.47109865607261997,0.5507213177657749,0.5581752584465927,0.5614154305521343,0.5714659895245701,0.5755009918482689,0.5354490966257024,0.5446991501830906,0.5721597639572069,0.586408869995498,0.6002987482352694,0.599220594109984,0.6257464194032997,0.654282587334655,0.6442084947125746,0.5924033025035544,0.6153625873679812,0.6238069997544113,0.6380485355537764,0.6479219870516182,0.641745513083572,0.6209583571907208,0.6134746648911313,0.5925484347883905,0.5092398500248226,0.47998124784172186,0.47983307312269186,0.28126783561919794,-0.28831303242889444,-0.6595727898489344,0.4959606122612197,0.5928223748935976,0.0715012906411032,0.10788739507304776,0.6377061953424891,-0.09713657684235527,0.5807448084338203,0.6482002721481398,0.6092386636730569,0.5938602038116578,0.5807948523525089,0.5678926904216551,0.5313545648176567,0.4451763629947645,0.45636518639532647,0.467641715982434,0.5051427301042081
0.3639042549273158,0.4298339825919065,0.4429309697886349,0.4594994437202071,0.5074386946174212,0.49716372656793434,0.48629318439903735,0.4851377336948457,0.4795461897403329,0.4832443748600853,0.47097899809595917,0.5513152728749384,0.5798076183035094,0.5845439056425898,0.5671200710942031,0.548255618150468,0.579882805723116,0.5992624275781288,0.6105593589991899,0.6223134904317589,0.6090201718076304,0.5983639236244113,0.5992948765696403,0.535197545259809,0.5296108555935745,0.002513773215671835,0.3277611511846336,0.594107657454525,0.6156909361670032,0.6156210539508891,0.5810064479163343,0.5629804955031807,0.5234274811913977,0.45088838492866445,0.4081556008503012,0.39076762526641423,0.48402188537583435,0.22748188181739218,-0.5033642014820471,0.5243279163943398,0.6054272956321957,0.5790167901416657,-0.6579768613059817,-0.525418263953627,0.3388474143925325,0.5582325058659591,0.5687300230243992,0.5556557378100756,0.5509422717048509
0.446325458811237,0.45993294445023325,0.47107638512069056,0.4965232085280981,0.5170541739998646,0.5376353112602973,0.5370968269556209,0.5146718802701401,0.4970568409150683,0.47781433316584493,0.4798140468498581,0.5043150799379016,0.5290130987022393,0.5391636349779704,0.5496134114902913,0.5325273977138372,0.5517431664968627,0.5850290941847089,0.6020927335702625,0.6115801698362917,0.6195449929297817,0.6235845799398111,0.6118773200025135,0.599624921264695,0.5616950774758971,0.5604022813703744,-0.30746852847809036,-0.06945776844819096,0.5788002087434806,0.5804258956360728,-0.37868562106362214,-0.40874897758820367,-0.3176209336542424,-0.24887698469298244,-0.2565187688349641,-0.25918389525711716,-0.2805915908237308,-0.30328484827191854,-0.26510162245200364,-0.19551446107678416,-0.06885865069133283,0.01851200156149037,0.2209340739742346,0.2930094398462023,0.2884120391813982,0.3843458070876081,0.5384447862598558,0.5135846685270098,0.5000603943986566
0.45303460695664743,0.5289984039150146,0.5528090796506314,0.5637174345573787,0.5855565643572406,0.5877030121399528,0.5876612392230919,0.5782304687238613,0.5537410406036494,0.5164592550518018,0.47930066542361216,0.4741176924288333,0.488780764170697,0.48029930110225133,0.48423074740730304,0.498211173418216,0.509494755660693,0.5338260962281747,0.5514727445349705,0.5687099695367063,0.586076522168782,0.5969689139689996,0.6064970345253076,0.618919379457771,0.6238332468986767,0.6295226668521955,0.6193855626193248,0.6027339915664718,0.560211494653849,0.5239251760670735,0.36375227791070713,0.26562148748062386,0.19285051751686386,0.12126462550333553,0.11778110665997442,0.1162683168408365,0.09702605712345277,0.10013964976039409,0.08872771848145315,0.10877049438371394,0.14106797574200977,0.17923040887024239,0.2147525591583279,0.2590162882576013,0.3034668496616962,0.38886005598079115,0.44237391662827874,0.46126532481382876,0.495458006135204
0.41748196583899555,0.450358258862024,0.4581295828091496,0.2577281180534479,0.4164855592461322,0.26403499948290715,0.00511737943452394,0.44470523876414286,0.49578436070754367,0.5412632593661557,0.487121248897762,0.49002086620622737,0.4896858589707169,0.4855705044275201,0.45021461934056795,0.478495223682707,0.49509244829449717,0.5439541612808149,0.5380775180109306,0.5293185547731974,0.5726247907863561,0.5933075119550306,0.6110661299090154,0.6051457168857398,0.6108344146074537,0.6191229696605789,0.6181198308245339,0.6095913739689904,0.6102803050806009,0.6039430322729181,0.5904921987664237,0.562304958552704,0.5453823401999751,0.5077077309298319,0.4850372555756961,0.46131515561301684,0.4366445762916419,0.4172714916364926,0.4109519920287288,0.3959399721686999,0.395680134226523,0.4013639218541597,0.43359397207896816,0.45742137641252956,0.4659668437924166,0.4739199700848077,0.48917995237761036,0.4828077266202512,0.49622663909235193
0.47130372831547623,0.5375184337702626,0.5401860294707154,0.49720242143231896,0.24142814257145054,-0.11666487661811314,-0.2565290694376863,-0.571405770338918,-0.3998549868574757,0.3269040219392464,0.429831320776437,0.4391627374327725,0.4607887891618328,0.47056553067792495,0.5142887227162531,0.49621917006017496,0.49478655581580466,0.4891088391075234,0.5094881441805862,0.5211776581584865,0.5544520471537987,0.5829053588162636,0.5952299947959799,0.6142664802695621,0.6119130159568842,0.6088757103846721,0.6102379081107124,0.615877411996429,0.6276149762863399,0.6330667153840984,0.632464459613197,0.6347681635979623,0.6202664147986595,0.6086789610183961,0.5844394158572871,0.5771635315613023,0.5397192372187247,0.544949276277103,0.5588637930397623,0.540815871273574,0.5301009433958441,0.5217920163322274,0.5177687070970464,0.5084953122255467,0.5054154019817948,0.5106940248537161,0.5146054951344029,0.5156160151111789,0.51551945614475
0.3873840101554361,0.4339668929899803,0.4694270392815898,0.49377547046046,0.495177342750507,0.4534230196139673,0.417565877014712,0.41580495456327926,0.4372533497398161,0.4572200340832494,0.46917291020392243,0.4678459197723115,0.48519612722726935,0.49418493721468815,0.5043397441130856,0.5033152807486264,0.5073798565465277,0.5025390428366974,0.5045666604089063,0.5101037802549256,0.5397109936867895,0.5764667751281365,0.5840257264196479,0.5826689713975589,0.5908534099781164,0.6007460628965151,0.6107992185861868,0.613595111536683,0.6353211795345998,0.6544119582790218,0.6416469503639096,0.6365224841790057,0.6355776185972467,0.6326898436794633,0.6242284158820582,0.6196739962198371,0.615289218721312,0.6174025656383666,0.6130337930195859,0.6135753362159577,0.6051315959113436,0.5882968288865,0.5759407173088441,0.5615533238749472,0.5487931475413803,0.5450524741176784,0.5392679380979066,0.5404491403934811,0.5419766844032655
0.4274124489770844,0.4635274330699351,0.4753026185907045,0.5019756128493608,0.5082494243496049,0.4998868328885907,0.48849137436251977,0.4858266481868724,0.5023365651227863,0.5142418858156833,0.5336254067581511,0.532966412387312,0.541050093920909,0.5621802417186058,0.5461520674668938,0.5377655883464356,0.5208075031558346,0.5085954738448343,0.5152476236442086,0.5406536892856572,0.5494570021612037,0.5464320848327295,0.5540959609392389,0.5928300052801141,0.6026782819018195,0.6014824503089622,0.6062952606280434,0.6180412115169941,0.6208809723016714,0.6258123709207031,0.6353607126704719,0.641821638439704,0.6406364434682207,0.6375932021885837,0.6308901329364096,0.6367040712364445,0.6169825784564235,0.5738631796468796,0.33886951290926426,-0.6364271778335906,-0.47806007571848713,0.202326346657035,0.526800750729668,0.5744520712360792,0.5993850857008034,0.5984501676507662,0.5890206433372714,0.5867304304137388,0.5881179988933591
0.49968273036888944,0.5359671600158383,0.5561463928970523,0.572631148307799,0.5746150371798718,0.5703776950984218,0.5499177235563459,0.5491182858948073,0.5482414655919252,0.5469393659124482,0.5504768725198018,0.5524908741758009,0.5639007035084573,0.5714259941682184,0.5578980968903944,0.56357391672962,0.5643422830558849,0.5675829576264951,0.5708337965563642,0.5727274638178081,0.5637928358620233,0.5709254074984965,0.5794847722930245,0.5915850178889303,0.5966291411951751,0.6011270367406498,0.6028214292828963,0.6126420977830153,0.6265530653892838,0.6375010190630979,0.6448761250348667,0.6467442489522376,0.6484027667604932,0.6547762001803605,0.6517792002771886,0.6469595995043077,0.6292277771830207,0.6207474089781269,0.6190939502118296,0.6164814800832962,0.6299164810603831,0.6251309915820615,0.6309655351797092,0.641982904608965,0.641497204916555,0.6370498327096293,0.6313883283792651,0.5982983250023273,0.5889295842799549
0.584549737941182,0.6023267819437321,0.6401466935640815,0.6198324310805381,0.6263372794573179,0.628630401305939,0.626135516257013,0.6124900172874422,0.608288536234291,0.6014353052214557,0.61055920045884,0.6050976865394474,0.5959522266624149,0.5936853026070374,0.6054999038534744,0.6073499158507703,0.5972121776550514,0.5863432123238912,0.5893638839132332,0.5951183539200595,0.5891263051085204,0.5804098064082192,0.5860675236072626,0.6031623230372627,0.6051727219543551,0.6148539613585313,0.6148912269828491,0.62228832017849,0.6298057481989782,0.6252210602539441,0.6206801281648431,0.6246850013910054,0.6328108397628893,0.6406350720829788,0.6455954655833792,0.6462891752503971,0.5713759838791365,0.5351642191281032,0.5064171120676029,0.46312337366238165,-0.3776882709262051,-0.508112708420074,-0.6570925506867699,-0.5722006042100594,-0.3365753454657017,0.33939532533133393,0.6295184459649381,0.08536532201329869,-0.6293612987702082
0.6040526420746446,0.6349741140367767,0.6447775540775306,0.6574540206582699,0.660474587295003,0.6566587077501292,0.6594473642532588,0.6642351170056047,0.6611356813549716,0.6650344063388186,0.6726740668855299,0.6586150634254754,0.6364140681565102,0.6312515683843671,0.6247830745410908,0.6252539082329442,0.6281868338359408,0.6264123981631976,0.6296704032281649,0.632775969954463,0.6336209702870766,0.6335886380378322,0.6382927255384749,0.6396211028883955,0.6409476737123271,0.6476108878527814,0.6590931549201545,0.6501369319818862,0.646787963115531,0.6404164018643986,0.55280086911579,0.5573674825236024,0.6166664345936609,0.647552657628792,0.6246007572349265,0.6354162821064478,0.5552402649963913,0.466205568384172,-0.004466623815233515,-0.6458118160865709,-0.6329026177046978,0.029333039650408604,0.3905338171500215,-0.667980043954866,-0.38899733822797594,0.2091594935318832,0.4068098042768588,0.5462658080334444,0.5688752756584979
0.554637827656899,0.2930327281403124,-0.05547910089952497,-0.05238245900417135,0.37087828637641723,-0.35337689362925234,-0.2136206049375815,0.4775355368083105,0.5202775020992965,0.6186766475901209,0.6773332267405241,0.679881446160583,0.6741354282239419,0.6686332370936703,0.670015573130488,0.6430596712501455,0.6617772206479382,0.6564496690593412,0.6641433974756132,0.6314179355895955,0.5735500049428305,0.4899528678237334,0.4152904221628165,0.328419825168176,0.5961158736165793,0.6645321787453997,0.6339609158835059,0.650412128687399,0.6693357006772934,0.6764612441132635,0.6430122801594806,0.6381966954298275,0.651029126478607,0.6243023589383883,0.4945178730027787,0.4702490509703982,0.4015440362365412,0.5740067062817503,0.630632446434157,-0.5335542187696323,-0.6594356983871494,-0.12266237760541793,0.6103034346517712,-0.0677749371269079,-0.6133326208925178,-0.44626032797778903,0.293499999477313,0.5680359627735234,-0.19555307300436175
0.6967735578047151,0.6992556156748352,0.6965220042645047,0.698981539360897,0.7140144458657285,0.7007611811120876,0.6871931999263238,0.7134752579572409,0.6006940077275045,0.030619642744279578,-0.15822297881994557,0.4023392215284582,0.6651161430282939,0.27647294317636206,-0.02151253020644114,0.20442966747913796,0.6057978903465897,0.28056486893768356,0.387316129469719,0.4331073316091683,0.5899519166632334,0.5673699751203776,0.4957578174522217,0.6038393773923908,0.6282732548281096,0.1779089385275122,-0.6187338536187653,0.268190706440283,0.681193345329589,0.41746860976848704,-0.38073542812059397,-0.69565405043207,-0.023402495778564285,0.11091692653084874,-0.15576957802843494,-0.1626167552768422,0.6452178669310428,0.6632842551242625,0.37097316550426296,-0.05266758661254973,0.2698260026583478,0.6443552705164127,0.5617896510002756,0.2681454418650128,0.08598198922070785,0.5415715451140929,0.6865666902274977,0.666819063546805,0.5687756516611668
0.6897410780520555,0.7033315418994968,0.712497952945408,0.7381948552437805,0.7527573318209095,0.7596066350142617,0.7599287661460007,0.7483628111781704,0.747217129816664,0.7370974839963604,0.7333844625472227,0.7357949813494306,0.7275254055887171,0.7262969849154082,0.726074628513752,0.7186003844417269,0.7156081745792486,0.7138881352485977,0.7096492295419775,0.7068045246368858,0.705502807365325,0.7057538210809796,0.7046489606002643,0.7000368481752223,0.6876347968587092,0.6775350555789017,0.6566674302305741,0.7029913313965185,0.6328556128878701,0.3414044166623881,0.34611857279560815,0.6473949309855083,0.6815787323963659,0.48485492301422595,0.5519501323694507,0.5811864590384362,0.5326960149381985,0.15917930403638164,-0.28275162082818517,-0.3400415208675429,0.04653150174093871,0.33272333186865416,0.5782879230989532,0.6429246268595786,0.6444473830108742,0.6077005813250463,0.6220503638013287,0.6495232141047719,0.6665918551155532
0.6885774291715094,0.7168349086589539,0.7384782153218427,0.7523898027992848,0.7351939568174338,0.7356494266279933,0.7413546976375198,0.7531822551199646,0.7594819165515008,0.7614057448212815,0.7617140488620461,0.7564900492723595,0.7493126213482845,0.7513539327607,0.7567533254477277,0.7556697235609215,0.7543432010296113,0.7463078231844703,0.7324905944517611,0.7312806068703718,0.7294719156640447,0.7256345497066025,0.7253335387696296,0.7248603286614038,0.7241916874162421,0.7169262757217293,0.7149013741880899,0.7135469038096286,0.7104005069600873,0.7075582653598101,0.7050026127839029,0.7099405734018223,0.7120801627679023,0.7123595564331832,0.7095382714832659,0.7057589873416168,0.6779902806736128,0.6878385793074829,0.6807403736773541,0.6563890118056742,0.66412926301193,0.668594173250783,0.6634834790012758,0.6614706526992505,0.662113357600495,0.6844657284519188,0.6679839597215655,0.6383161688498383,0.612731038583247
0.7044314992143669,0.7051170595509246,0.7229417782105091,0.7387422394858613,0.7591973206286434,0.7693051943765488,0.7767748500773496,0.7834578263320147,0.7870508134282242,0.7971072900068494,0.8149322751850683,0.8160135451176888,0.8035690483878629,0.8018289394885859,0.7999997980942976,0.7931671384212148,0.7874772494015309,0.782751159318204,0.7742265966667367,0.7623190600362996,0.747052185573713,0.7528637205151887,0.7450853320722851,0.742299671848109,0.739158959648371,0.7359992162417279,0.7447871385753563,0.7435616381780187,0.7384909933117142,0.7305323935904217,0.7212653339112298,0.7220542377071435,0.7189369433548221,0.7027894471810413,0.6983790318145867,0.6938390828051393,0.68464250746229,0.6808785699864978,0.6792405209340079,0.6811245052814584,0.6765451816402405,0.6715798749247501,0.6642891856822302,0.6519115717828871,-2.963813477059952e+38,0,0,0,0
0.7223256975023402,0.7473102503660579,0.7615899856990256,0.7824839043749604,0.8371958081840356,0.8627279174270384,0.8514069135288572,0.8190218609841508,0.8104032867277262,0.8108946924871171,0.811028377257237,0.8101473662830501,0.808671463429179,0.8091663993103347,0.8176100818650357,0.8143636124446915,0.8021289121723812,0.7897698386475509,0.7768908246581302,0.7764253434940417,0.7793201668461053,0.7760332326042084,0.7672384999157003,0.7437504048756605,0.7317985080960896,0.7243768164878862,0.7336923866433265,0.728966746407713,0.7246895035829597,0.7203562602608695,0.7074245380268495,0.699708750496739,0.6981548626191999,0.6896360275222687,0.6789574626360441,0.6694178175044234,0.6443295845364354,0.6299332164013478,0.6294896244010306,0.18064267926426772,0,0,0,0,0,0,0,0,0
