jsons/1312704000.json
{"header": {"parameterUnit": "m", "parameterNumber": 3, "dx": 0.1, "dy": 0.5, "parameterNumberName": "Northward wave", "la1": 40.97354507446295, "la2": 16.46031188964855, "parameterCategory": 2, "lo2": 133.9931640625001, "nx": 191, "ny": 50, "refTime": "2011-08-05 8:00:00", "lo1": 114.97908020019554}, "data":
[rows 0 to 21 of 50, columns 50 to 99 of 191]
0,0,0,0,0,0,0,0,0,0,0,0,0,0,0,0,0,0,0,0,0,0,0,0,0,0,0,0,0,0,0,0,0,0,0,0,0,0,0,0,0,0,0,0,0,0,0,0,0,0
0,0,0,0,0,0,0,-0.07734658269745463,-0.07958164911534495,-0.08667828769632416,-0.084105933384023,-0.08452922694107008,-0.08630112216029817,-0.08629442810077376,-0.08726828932043906,-0.08752942738980271,-0.08600399973344003,-0.08591224950090766,-0.08554112891889971,-0.0819234093242982,-0.0739108461253658,-0.05062551971525748,0.005865445459634978,0,0,0,0,0,0,0,0,0,0,0,0,0,0,0,0,0,0,0,0,0,0,0,0,0,0,0
-0.13363208601222187,-0.12508396673059116,-0.13184974835084345,-0.12104373716145136,-0.11784012485048653,-0.11696762553781312,-0.10982047134825353,-0.11150017848196885,-0.11137042583460915,-0.10870098570710521,-0.10866399204684292,-0.10813179061588611,-0.10786235917838191,-0.10211364100567216,-0.09509889062137308,-0.09369025320864395,-0.06799778780758818,-0.04292717416348574,-0.00915913281962562,0,0,0,0,0,0,0,0,0,0,0,0,0,0,0,0,0,0,0,0,0,0,0,0,0,0,0,0,0,0,0
-0.21771410425335708,-0.21810738519053327,-0.21967833203869103,-0.21451667570563082,-0.20915620094770307,-0.20488257204958263,-0.18601562179180692,-0.174870193386934,-0.16761426005701602,-0.15359555749319254,-0.1415369832355712,-0.1256614865833373,-0.10381220085259966,-0.07717097750361185,-0.1000654203895518,-0.08312022150359373,-0.0589897784497365,0,0,0,0,0,0,0,0,1.8508130958411513e+38,-0.30284790469899386,-0.3223338470650653,-0.3296266497502302,-0.33450510489753243,-0.3396279467923354,-0.32824241112559616,-0.32518619580913,-0.3104025760360776,-0.2987030339518393,-0.2991676165508302,-0.2812455359163866,-0.2888334365376765,-0.2752703047673749,-0.28407434558819755,-0.281548870496685,-0.2761069189612691,-0.2787970954904409,-0.30223197122278694,-0.29351441104291337,-0.290761252252693,-0.3075533909483355,-0.2936523236181842,-0.2850449639173259,-0.2779421212765675
-0.2742247670933939,-0.28808251011850705,-0.29661246430860194,-0.3205071845392525,-0.3315317744452827,-0.3387927247321208,-0.3566683157173833,-0.3638756458057885,-0.36347111425366935,-0.309424052545493,-0.28067668026210435,-0.16415085647590733,-0.1618947692235586,-0.11699194882640092,-0.1567582292251358,-0.18591446700177447,-0.334360499289384,-0.3414425138792371,-0.3279983457361826,0.14073923597104931,-0.47582125918760193,-0.4991628163373187,-0.5261348192105294,-0.5376153719153711,-0.5206697258024042,-0.536083604129454,-0.5307973721873814,-0.5344048069980585,-0.5276118079631031,-0.5342174209599212,-0.5257986871681076,-0.5146339813019699,-0.500419923544855,-0.4850804815513016,-0.48458164240242324,-0.468194137070815,-0.4633214976702905,-0.4475163816329226,-0.44706673332148406,-0.44491872829324763,-0.4559693176001626,-0.4356595645121865,-0.4497259780662104,-0.4709967157308002,-0.47147345783017014,-0.47951530442928514,-0.5059095336186241,-0.463849619321366,-0.4508388571680002,-0.41813129786200415
-0.28727333433193797,-0.3012154110979446,-0.3148925111254055,-0.33550457100836106,-0.35689094186625625,-0.3724031817358394,-0.40333822267362435,-0.42623449546801556,-0.4426105894739569,-0.4710373815735686,-0.49363609376684237,-0.5168762338669523,-0.5475463488771979,-0.5670162518591584,-0.5800103978413452,-0.6049957425140675,-0.6407948539078283,-0.659504941615366,-0.65375388359082,-0.6911456914372381,-0.68892614616938,-0.7057719149450394,-0.7310476613232043,-0.7279407947970421,-0.7137311345441553,-0.7247094238435164,-0.7247922785547843,-0.709532446535468,-0.721469345828677,-0.7278013062780568,-0.6962684792870225,-0.6937850499988649,-0.6855628365473774,-0.6799880602035177,-0.6761670169984949,-0.6523927498891998,-0.6349204777593737,-0.6148350793483895,-0.6079268472787598,-0.597679360030008,-0.5859110016491965,-0.5762539147797293,-0.5675849944072449,-0.5841394626397207,-0.5620684042773318,-0.561694824975401,-0.6068819544245249,-0.5193492305918098,-0.46266402105236665,-0.34340923392967737
-0.23757552455536385,-0.25254788251201177,-0.2581985113369689,-0.2762221530881946,-0.2871583304531564,-0.30103464447976863,-0.31291545685293526,-0.33195617185563847,-0.3536025636409872,-0.38314024714304606,-0.41128920236069055,-0.4369434080177362,-0.48747007923022295,-0.5165636482453495,-0.5539568553705513,-0.5887292245039145,-0.6522083764688807,-0.6869691025621734,-0.724785246524161,-0.7922591125291338,-0.8112764667998055,-0.8530971397857584,-0.9096971456313256,-0.9344015048503204,-0.8946125852296353,-0.9610149670769671,-0.9605039652774846,-0.9215490278485707,-0.9379542526534863,-0.9374977863124455,-0.8842407827280796,-0.8976530824897112,-0.8835970750458746,-0.8699252101956501,-0.8524757057688119,-0.8356399713261387,-0.8230222686699155,-0.8134716898662271,-0.777554509097516,-0.7617175425357084,-0.7570206648967017,-0.7295634728331877,-0.7096935178991403,-0.6780319727655013,-0.6450747372033802,-0.6086390593251095,-0.5801689831853156,-0.518510456800843,-0.5267651163352324,-0.38322019202097934
-0.08459606987048665,5.6337963447066685e+37,0,0,0,0,0,0,0,0,0,0,0,0,0,0,-0.3858798028351476,-0.3155916943572583,-0.33291190980213947,1.2326546837287569e+38,0,0,0,-0.5597218860439025,-0.7631187902457967,-1.079974123979195,-1.2354902536030081,-1.1924749542491853,-1.2268056501680855,-1.2167897232179474,-1.1529532940626255,-1.1802506564957782,-1.1649147442361591,-1.1109683195163353,-1.0937632421652153,-1.0978812544184384,-1.0754592095703277,-1.0652605724638295,-1.0510359848364461,-1.0126530835383283,-1.00021875133972,-0.981801910148501,-0.9712647035812125,-0.9117870906997293,-0.8987883834461218,-0.8818685488321494,-0.854033104849346,-0.8291569178675611,-0.8311569652099791,-0.8327803111077499
0,0,0,0,0,0,0,0,0,0,0,0,0,0,0,0,0,0,0,0,0,2.715772258734844e+38,2.351146638915426e+38,0,0,0,-1.449684969663873,-1.4957444278519483,-1.5317960063973357,-1.5656816036014922,-1.4971930364499466,-1.5329416138333474,-1.513274696816017,-1.4486835041038748,-1.4492884229435754,-1.41379472515377,-1.3647989275546737,-1.3857272138565182,-1.3644136100209332,-1.3568302194824655,-1.3264517220148908,-1.3135306589407614,-1.2751013231950437,-1.2354905175503055,-1.1961423856088367,-1.1668527081478879,-1.1423117374756846,-1.1052363957861557,-1.0752315061648792,-1.0859397431461384
0,0,0,0,0,0,0,0,0.17760287824417112,-1.0397373981243718,-1.1147438144990736,-1.1733814350065774,-1.3873047508764775,-1.4009736701566164,-1.4677146645617125,-1.4712165658156993,-1.570256001625563,-1.5749276816471045,-1.6295772184821298,-1.6680147425464025,-1.6808825241686152,-1.6913640963747993,-1.7497397135718085,-1.7797109714347807,-1.8067829503795294,-1.8789902617608047,-1.8868052634473962,-1.904153582630495,-1.9518126034844,-1.9685306020864057,-1.9238381828606042,-1.9524669611339787,-1.9559172799081481,-1.914025848839599,-1.886174522569818,-1.9074215423538383,-1.8957556326595393,-1.8655023732672917,-1.8616355786928578,-1.8158886801330638,-1.7792173329615992,-1.749444075127111,-1.705462054113755,-1.680467058317612,-1.6434501210116588,-1.582574698595796,-1.5153299149852844,-1.4989265867322108,-1.4716911664721226,-1.442562548382882
0,0,-0.8894967097867942,-0.9753893633352202,-1.0159479349255565,-1.0610272638335363,-1.2957216386000563,-1.3873965448878567,-1.4242544149867555,-1.5330153128871744,-1.5996514271070008,-1.6488531402167295,-1.750196709245846,-1.7941014654048426,-1.8622237133625408,-1.8904035931811087,-2.0012306410660763,-2.046676363530592,-2.0733962824876264,-2.1444472171789335,-2.180948374802347,-2.210679549574815,-2.291267923508001,-2.3276101367433455,-2.317076485307589,-2.3830509551251247,-2.415159142843135,-2.402040994295505,-2.450978291418619,-2.4687851159942658,-2.460754461906868,-2.5087341668485474,-2.5269163725244526,-2.4829778431043215,-2.4962348027389076,-2.5122044710583173,-2.4918063693943466,-2.470627705306153,-2.504384744873678,-2.459176619265185,-2.419182167668884,-2.399876314531345,-2.345152000115474,-2.28530570832296,-2.2117512930257344,-2.186683270558902,-2.0708047933601663,-1.9841738010723182,-1.9286481476628041,-1.8312588286159945
-0.8372756835408993,-0.8703949561968896,-0.92040260316759,-1.01359422971037,-1.0728945274306263,-1.1434292386923592,-1.2474303807650868,-1.3043643202466264,-1.3828676909345732,-1.5121691163910087,-1.5916816600190702,-1.6892046674716439,-1.82996908950731,-1.9165403049942742,-2.021055699545326,-2.101930637786677,-2.232661270635262,-2.337216772235333,-2.4289846944114064,-2.5660076593076604,-2.6118841174342493,-2.680230406294553,-2.802805181478703,-2.847815975861983,-2.887458195052094,-2.9907134948834155,-3.0153183647223805,-3.054607928065317,-3.1302694473025894,-3.1506502587248777,-3.1499542512031127,-3.2261351568045695,-3.229262868604715,-3.241944455672868,-3.228847626464914,-3.3133017405849636,-3.2746608058326987,-3.2297434264473135,-3.2655295340677846,-3.1537847598482847,-3.185411178840859,-3.146948874563764,-3.074185344510013,-2.950315868613102,-2.9313248320374616,-2.839880110722057,-2.700031432152785,-2.56926552504497,-2.5282115090028645,-2.337204176938576
-0.6131109229616918,-0.6494935101132525,-0.6883139670869602,-0.7919575551719698,-0.8752859613907382,-0.9503102623833163,-1.0287462193444519,-1.1113616713372325,-1.2158264280522724,-1.3194738764930778,-1.3942770211977555,-1.4534217960376745,-1.5684578710940853,-1.6573591576875877,-1.8229834824088234,-1.9613589156185232,-2.1864522394332147,-2.392394346472932,-2.577767622476865,-2.8182366655500646,-2.924407554491534,-3.025748536970494,-3.202279735948656,-3.2995244272528934,-3.387737820408886,-3.5571764765483755,-3.59971192620629,-3.656995695533549,-3.7711343810356004,-3.840954541930676,-3.8602906185943815,-3.9609828755517196,-3.972311633858852,-3.9989470416947888,-4.016370753627461,-4.160394846262678,-4.162087153878685,-4.108188901405722,-4.276025100779174,-4.0743920774308835,-4.12832759292042,-4.224882699846689,-4.200605990672647,-4.157747211770765,-4.13445621749587,-4.059360405649779,-3.849429744657352,-3.6686949358366268,-3.5246550384990125,-3.287113302756795
-0.2873578186906738,-0.33762593331638874,-0.3531569560269929,-0.4116827430129627,-0.4485910511667568,-0.4788242315297674,-0.5337847497380436,-0.571927882508178,-0.6558354671144943,-0.7556459357519196,-0.8268507078445181,-0.956183488090181,-1.091177286511979,-1.169692064770355,-1.3446882634655963,-1.458931819893094,-1.6864006730308558,-1.9490474644856983,-2.1483849889748154,-2.406043920617905,-2.6362662149092477,-2.8440385256339553,-3.1064536627650083,-3.2866262761785263,-3.538253436895068,-3.7825314050189487,-3.931562533777087,-4.061523544950377,-4.369281532751518,-4.529054517842657,-4.743109481071878,-5.073022161600791,-5.112264713913058,-5.2302418667484,-5.274207528785563,-5.443470560046566,-5.46586316014779,-5.60992177271513,-5.785649244647456,-5.705285758557391,-5.593386699917854,-5.834879469177872,-5.754122571668464,-5.519619904984904,-5.520095138432436,-5.3344346440381845,-5.03928669572218,-4.850185259771299,-4.6904642174466025,-4.28036833582517
0,0,0,0,0,-0.295822042279485,-0.3274072109191103,-0.34809121828141354,-0.3723852854350781,-0.40607578692340063,-0.4308396234027664,-0.553343434102514,-0.6645785401102166,-0.7530368914115396,-0.9453566668498247,-1.0801099443063977,-1.2845337723101964,-1.5921657730416559,-1.7681088922178114,-2.0712849301430447,-2.307544169943274,-2.4643040578414586,-2.7037587697899834,-2.9008824928401142,-3.189538511547544,-3.4719198536136586,-3.78697490832397,-4.046202860652933,-4.389430430583953,-4.541432681837714,-4.757580294641748,-5.017497241397688,-5.165418133375753,-5.340950178751455,-5.446726737398529,-5.701886369443754,-5.733298888860332,-5.8101032350659985,-6.010856689252798,-5.903959758264998,-5.893606896466577,-6.1435597146428,-6.161077566168667,-5.8455477558162965,-5.947423321262814,-5.822453901245411,-5.463513000731719,-5.357512254194581,-5.176437035564695,-4.753771038804753
0,0,0,0,0,0,0,-0.271500242216242,-0.1466228298182782,-0.08084354524817272,-0.038934439915097485,-0.17506140806610956,-0.2775091424508578,-0.3436401566396795,-0.4495034511255939,-0.4923413903172683,-0.557279969559991,-0.6801856040223498,-0.7435300574900013,-0.9009810196246637,-1.1424776485672292,-1.3666228156394913,-1.6494107813445253,-1.858133670657866,-2.182084998659223,-2.3986162635868427,-2.578573968711352,-2.9124159897376347,-3.2608642653132,-3.5346304660717083,-3.9785611882321628,-4.402349905400009,-4.681688067352439,-5.075428390048727,-5.339948448021583,-5.5465293968717875,-5.625545603206421,-5.633686583452333,-5.63024016823785,-5.463875111354079,-5.385849321901726,-5.419738693360882,-5.4027041729360885,-5.047657016121466,-5.18817965109549,-5.088047034835437,-4.80550308823738,-4.805580962038144,-4.7502761344149675,-4.508596814978596
0,0,0,0,0,0,0,0,0,0,0,0.28707670762355825,0.0894522506739584,-0.07035482656804141,-0.10446355318228996,-0.11827083392081016,-0.1574414416697469,-0.25750796082267496,-0.3198452101325667,-0.38826894444955024,-0.4696571653050767,-0.5598978325572211,-0.7359382953719903,-0.9092345414499334,-1.2370462589810158,-1.493095475951852,-1.6908316108076111,-2.0348281634004257,-2.2934337687184443,-2.5535606822724275,-2.9925899080310328,-3.6471989356593015,-3.960392811039978,-4.606095620349588,-4.936204755965367,-5.262778500540502,-5.418564066131253,-5.429359310790327,-5.491541900327559,-5.320453059974556,-5.226299685882742,-5.2673950768366655,-5.074725107187875,-4.782467891186184,-4.668463159025696,-4.577977499363764,-4.157805009041685,-4.188000268319249,-4.072210513216156,-3.7533853225954674
0,0,0,0,0,0,0,0,0,0,0,0,0,-0.07975010570532229,-0.4845857832127577,-0.07923854957496938,-0.017492355208566013,0.06259989521094651,0.07133370936410005,0.04763696549106504,-0.03710111164236944,-0.12980118971497598,-0.2623153942198182,-0.4180127443131139,-0.7726284623106484,-1.0276690984807697,-1.1927797447595736,-1.5146757892597011,-1.773990061313041,-1.9788974736788283,-2.270236285073101,-2.776983574214865,-3.1752653172004828,-4.011809770041722,-4.36793213858211,-4.6981195615424145,-5.071885483715677,-5.177635111316942,-5.278625591555106,-5.085281078851905,-4.971364414281475,-4.941303313098508,-4.835830513933997,-4.430424507031768,-4.511596572817285,-4.401561083283961,-4.044176517757281,-3.9896458186391683,-3.9928468517622138,-3.676383447833199
0,0,0,0,0.11736329553559834,0,0,0,0.20996911443523095,0,0,0,0,0,0,0,0,0,0,-1.118071360279048,-0.46039695022625177,-0.5446856653914871,-0.7120410062055044,-0.9240557092199185,-1.218378209300368,-1.496162638743354,-1.633114822001812,-1.8513418508633583,-2.0490773719993567,-2.150460226066188,-2.3853449758648138,-2.677305708031222,-2.9333538060818345,-3.433453473438263,-3.695602443719226,-4.063948684388935,-4.548553991474482,-4.817191206217801,-4.935291486616369,-4.920409438170421,-4.701648360335163,-4.441895374832688,-4.19227320527338,-3.5694226374930196,-3.4623749799950145,-3.3848026566091276,-3.110448055295431,-3.0649516086396575,-3.0062324925455868,-2.9509790699938305
0,0,0,0,0,0,0,0,0,0,0,0,0,0,0,-2.1067001555086065e+38,0.15271967043020682,0.1591327278454624,-0.5574586850027384,-0.2975846990100387,0.09622837124530892,-0.2156086091847617,-0.9258487899460262,-1.2155358907126745,-1.0456879712394456,-1.250222595779867,-1.3405978730485233,-1.561460001349747,-1.7950672853174894,-1.8658161768464971,-1.9337161253824182,-2.1582676990535385,-2.2955647641861487,-2.7049486229370645,-2.9959507664417657,-3.0820417857926325,-3.4389174460498406,-3.8081484315622727,-4.045393222677288,-4.472686168289846,-4.4999444403251685,-4.271844092029698,-3.816302169764047,-2.799719979569099,-2.484591553726817,-2.2967373804306943,-2.0099586652633614,-1.9623536954308007,-1.8267968659675173,-1.7897495803438164
0,0,0,0,0,0,0,0,0,0,0,0,0,0,0,0,0,0,0,0,0.10285073171729209,-0.05679225626497613,-0.43568587243303997,-0.9044565215247299,-1.6074812782484202,-2.1528976366798735,-2.362679680377568,-2.364357747525172,-2.3727232515893917,-2.01265784121962,-1.7042820726192227,-1.6732730184140874,-1.4941244037996784,-1.074921179728694,-0.751786308506058,-0.6048217713677351,-0.6372897577249804,-0.5550755888937244,-0.7104073225512284,-1.4645670267035436,-2.270436804492988,-3.183203987479879,-4.018372003553284,-3.57980493188775,-3.161955764134375,-2.717786071953376,-1.850952975953311,-1.6309413115284028,-0.8770122753375162,-1.15279447205153
0,0,0,0,0,0,0,0,0,0,0.33468559624830463,0.4965934819861981,0.5786973380893559,0.5976933928978682,0.6488095002166159,0.6861594483703941,0.7513075016890984,0.779691505284765,0.7824536245741505,0.8132816493781893,0.5865766068997709,0.4770040240219677,0.5548551134760167,1.276123539230819,-1.0206762530816633,-1.253841900909806,-1.2134734153004065,-1.3181206816756545,-1.3406547021508726,-1.2778115208285872,-1.0181655402486212,-0.7479816675278436,-0.4871535381485749,-0.27121360869004135,-0.14880247761552756,0.05337575267109978,0.5851969320040881,0.8629742662883014,0.9574098164229125,1.022960116095777,1.0502624191641294,1.0545461286885298,1.3231878342174321,0.960684292871968,-1.0107020002028801,-1.2077770422690035,0.07645277829039426,0.21993758709629285,-0.021872904088568196,-0.26167799158846566
