jsons/1312934400.json
{"header": {"parameterUnit": "m", "parameterNumber": 2, "dx": 0.1, "dy": 0.5, "parameterNumberName": "Eastward wave", "la1": 40.97354507446295, "la2": 16.46031188964855, "parameterCategory": 2, "lo2": 133.9931640625001, "nx": 191, "ny": 50, "refTime": "2011-08-05 8:00:00", "lo1": 114.97908020019554}, "data":
[rows 22 to 43 of 50, columns 98 to 146 of 191]
0.5442087054383662,0.5403003049848933,0.5450518171772044,0.5728085891756244,0.5904208719195995,0.5977606658261078,0.6070370637010426,0.6152847766203314,0.6199248248233533,0.621432569440965,0.6136676394607266,0.6065868789186721,0.6074845471426471,0.619567671368083,0.6082594713462748,0.6310766505088602,0.6201151364268283,0.6142998137683259,0.6140547103994365,0.6137660666456296,0.6036354102742638,0.5724622565189733,0.5811188915045965,0.604733150018692,0.5991186413476409,0.5654636564825762,0.5426250394699687,0.5333950165438408,0.5300559792620594,0.5203910614054915,0.5465710867478003,0.5394587581074108,0.5248858777229133,0.49827587670485296,0.48234344117836636,0.4639549394613589,0.398614687333339,0.38814218561417074,0.3552210418794481,0.37322939676922845,0.3747420905527341,0.39158026271779134,0.26583662934759406,0.2697801159801997,0.26289893478871035,0.21327625968763986,0.1510615125401679,0.16801071975939375,0.22164190004478065
0.563449578143676,0.5818048412453386,0.5946157803890829,0.6011755233925459,0.6068616920819497,0.6086746075124986,0.6157659496196388,0.6187957774958854,0.61985759871145,0.623089377473021,0.6201239324549099,0.6217069542318034,0.6234828499331231,0.6174062546799913,0.6063814534223292,0.5893398227408008,0.5742569983323362,0.5754512983942802,0.5757705151445072,0.5828744808254666,0.5924701717988284,0.5919544494090551,0.5996983354774635,0.6057425570966043,0.5701092621954443,0.4907359749737333,0.5192996571675492,0.5295381299561265,0.5387453359528817,0.5391046613938849,0.5116015696582935,0.4758061528426222,0.4615117583285729,0.42416684344167893,0.39197476225324923,0.388086459426607,0.3763583829391753,0.36654489109782024,0.36761349614062827,0.33162777126364457,0.26115664971001573,0.3096541066735829,0.35835291899381344,0.2526145404051465,0.27845792892994586,0.2992135428859084,0.3803458321013853,0.4791164933514284,0.5135632136815887
0.5922480409704786,0.6018666622259765,0.5990391666747992,0.6000227412948056,0.6138796148605801,0.615028064361837,0.616133573820242,0.6165091674783266,0.6191088885612664,0.6185084031202446,0.6184758072135986,0.6205198974439786,0.6257713910889192,0.6206162129230179,0.6070311537728791,0.5974510300258945,0.5588141434885768,0.5409207986579385,0.5428000386505702,0.5303686795471864,0.5023173864483939,0.5229275451340424,0.5325153785735923,0.5013729797972708,0.4829012153307297,0.4860837729880191,0.49392221095962174,0.4616676835304879,0.4654647741021658,0.41343480172930275,0.3782701027008292,0.3588410360884556,0.34973390389845727,0.3903187831620783,0.36909186160266527,0.34900935483425083,0.31472852083510783,0.32104854938241695,0.39469261115374615,0.6074899875060084,0.6154739283027626,-0.4326437404022369,-0.5140398654483866,-0.5831138922097254,-0.4686817070965802,-0.3775046944807266,-0.4144054177412027,-0.4178891872459414,-0.3798000262060281
0.590327535941857,0.5951255432297727,0.5896472857159281,0.5988127907954988,0.5908089052595954,0.5900150377832388,0.5899381447663786,0.5817097465998544,0.5537753927208994,0.5237298324027032,0.5985541339885677,0.6099592235337006,0.5905129031923102,0.5769348026468801,0.5490681923764716,0.5386607944276214,0.5151221053663206,0.37020020676327153,0.4230948526561239,0.42904454363748795,0.38127382416230765,0.3502484703438024,0.3010208712497795,0.38136444762496546,0.37779201527337536,0.38377532259204,0.2874342641370743,0.23779728542820505,0.2649355439252868,0.2603566141557617,0.21170661475950028,0.20274823618603646,0.2028419198553285,0.11005973435034724,0.2594607185891053,0.18167564381417817,0.28481036352986516,0.32352021437531575,0.22472432626327432,0.4404433499496024,0.20001040779570142,-0.44606776251260016,-0.17722987806413015,-0.2825905599364631,-0.3649986361588832,-0.4787716237632589,-0.5042057167855681,-0.4559234102880825,-0.31029225905535834
0.5744147618901859,0.5428379377429334,0.5411521546040163,0.5328565040294175,0.5350628656285211,0.5361877358508083,0.538950514049757,0.5058550275597558,0.4449829283954641,0.4128187181099706,0.34697714212837105,0.35109636400530725,0.3798232934980287,0.390691689151729,0.3214289857069667,0.32885425293170656,0.3870279095569556,0.34620032374686555,0.31157010801232893,0.31606820197916297,0.37264720165392085,0.37399450335360407,0.3673473115915901,0.3387462163041481,0.2799782238786972,0.2320426913390775,0.18396308743572698,0.2410556301823088,0.25460202370781576,0.2886817472818849,0.22030031748601403,0.5129310462965895,0.33403380711749553,0.4644386658319659,0.35019836990906456,0.39546210233289036,-0.22205759415194531,-0.6305465536302907,-0.5592768730028267,-0.6235573441852856,-0.44109493128168303,-0.32811169679216656,-0.5799187144593683,-0.45132709225281753,0.3023890076467961,0.3973269053168239,0.4737728610519313,0.508601491254518,0.5382656054312702
0.5592368388915302,0.5097153939037405,0.4916273120157354,0.34699802144687375,0.3232970386219079,0.3004720088472609,0.27371041243021665,0.2607609543319562,0.353638456839673,0.34836710187923015,0.3155829525408898,0.2924817223859631,0.31604984390931323,0.3360910877170933,0.2894181410071444,0.20597363168701485,0.24567644484762688,0.40715370697901004,0.33416043424438985,0.2872652005688076,0.22870880882628739,0.18896053509370123,0.20445940334205293,0.2706547943438635,0.29191204883651384,0.3436238970004557,0.4054651002136376,0.41926161576087545,0.4379906252792759,0.5971115682593631,-0.4288520694157227,-0.49325737590805935,-0.18429293605654185,-0.20010959810339626,-0.5104504237744791,0.6081970251461993,-0.20706483890389588,0.32222900687418443,0.5780196371404888,0.23951831945166857,0.30034517993611937,0.2130311321376551,0.22874828795113875,0.24264689486012414,0.3000389946269178,0.3876181689559099,0.3718437005211157,0.3550353378598491,0.32016477679486866
0.5119709100223808,0.49079542627569217,0.48391956716456386,0.4647244100187615,0.38203589796245246,0.3949956186400263,0.41200707825097266,0.41164434027805036,0.42525243827217707,0.42520175638492624,0.4339001933806126,0.31812494321061846,0.2839829104175999,0.29537348712217315,0.34364337323230754,0.39719774072467484,0.35530983849255093,0.33478502462581294,0.3010572078792205,0.26095079255476294,0.2665557670816589,0.27447289574111466,0.2600484335348274,0.354795236508089,0.35554072792228597,0.5999325204921342,-0.5142464760368453,-0.23011800450803063,-0.130580241121914,-0.12021781223050086,-0.21581795152831437,-0.25081405893367353,-0.3165909727627664,-0.40429524514867576,-0.448886239560948,-0.4738371163238414,-0.37158308890344266,-0.48505643880507365,-0.5335800484479547,0.3519192486049985,0.03631315103360337,-0.5837025548461927,-0.3766205076755311,0.23778995644375803,0.5178025035254344,0.21115922456558417,0.1852632646786173,0.22570269133990056,0.23804916887810343
0.47406739171771334,0.43955646381408797,0.43128875327318744,0.3960444465037715,0.34468031339136945,0.3058686974915635,0.30188679812365493,0.34354692684812915,0.3711312230749634,0.3961554226548949,0.41098309366750535,0.3880118384493235,0.3587193982039108,0.3401423273253906,0.3201087402945317,0.3621003002265779,0.3330833200457081,0.26298917702937197,0.23227843349963803,0.20598576905432758,0.17398342234429767,0.14769624745045073,0.1788470135424968,0.2542714691067595,0.3636641522994083,0.37797015220107244,-0.5161672564045167,-0.2221255319851518,-0.055873552284582635,-0.1057927376272826,-0.3976371731603634,0.08125506138252916,0.253433807741003,0.3534781667369993,0.39025818484625346,0.406573799760386,0.40829094144359546,0.42616409311964504,0.47456185682806495,0.503462382884342,0.5696078242806458,0.5872747992325467,0.5347507860183748,0.5032912660240083,0.4834852618935152,0.35992042400604074,0.19436244915668646,0.361538882695431,0.5717843785665839
0.4678392982101393,0.41172125338129834,0.321111703456349,0.292103187813876,0.20682846015704767,0.1896060663562498,0.16577271960854006,0.1859247419461734,0.25319403332570123,0.32175850559481,0.3626981773848945,0.3682204201092845,0.37494658372026896,0.3899480638637776,0.3865870006805736,0.3604276492768289,0.3584837386770974,0.3320733407344338,0.32387613895721334,0.2819814598022162,0.2392872214433764,0.21977368854920443,0.20038264070875333,0.14905257000703712,0.12560526811674058,0.11998603110894968,0.15867497008203518,0.21432324981936285,0.2776267600140425,0.32139093415629255,0.46973441440637864,0.49151696702031994,0.5025251879574791,0.5165245798647815,0.5127468405644634,0.51444774275602,0.5210791800311291,0.5252962090876493,0.5276534713778804,0.5230961587560939,0.5179735175450405,0.5229465887377434,0.5154537374126845,0.49251386945095166,0.478451500268968,0.32935325153288997,0.22758635360509114,0.2504621404134074,0.4011805752239884
0.503174203210501,0.5442698709263039,-0.2398311284350955,-0.5595405887765358,-0.39615825751639866,-0.4789145373761697,-0.4994197086483219,0.2665406202709971,0.4689208145199688,0.3647105971324985,0.3698249661944383,0.3602128124692744,0.36147303321241087,0.3672498205764572,0.4153738718212958,0.39182674718660954,0.39228161126510835,0.3024506080619049,0.3286526312671269,0.360433280475478,0.27254534359402793,0.2245882652228886,0.17591793423609098,0.19075536199007775,0.16882671394303977,0.14707509357355505,0.12755777935573817,0.1580488632735383,0.15092286042579664,0.15518050175378995,0.19961556989808998,0.23772189550882125,0.2667341574647636,0.3263949040510794,0.3336881239156707,0.35438035725782635,0.3811381576525843,0.39164005318291617,0.39940767778619085,0.4092090619613455,0.40593252542464303,0.411516054185483,0.361906698361589,0.333853437963126,0.33135542026173287,0.30696153138479193,0.29309356546477405,0.3233132196645356,0.3069477746785682
0.39045825505125886,0.26641157167941193,0.28759401853734284,0.3338896602813826,-0.5483514728094038,-0.5274104374321708,-0.46807082716159465,0.05155179088717165,0.34417601241675955,0.5257317293993122,0.4277111935971653,0.4165088075190809,0.38792823103607765,0.37846225356326557,0.31553770530372716,0.3454636277976678,0.3580625013454958,0.3701561991748385,0.356637222084088,0.344789702163357,0.3055573080629485,0.24009421987179166,0.24137657672597293,0.15737338609068688,0.15325382460690548,0.1657953247502223,0.15971232428763737,0.14557609324435883,0.09721408858969273,0.06477553225687632,0.10905983113529769,0.11993493545949208,0.14115956374440536,0.18594320146950144,0.21384223800386323,0.22764836655423096,0.3113790967787943,0.28390853529145677,0.24135475426716488,0.27470521743082926,0.2820134413187172,0.2832346724861646,0.2845850516688384,0.289789089682425,0.29574403886069817,0.3019530419835451,0.30298265038708355,0.3095624740111286,0.3194077377711463
0.4897795054929554,0.43082833169652524,0.3775124152698325,0.3827644797069176,0.34741892951543213,0.38818172022229064,0.4056339024759589,0.4068567750762605,0.3909748898483,0.3697511997398427,0.3539067935239091,0.35606110236659977,0.3359807865740561,0.32503185235120624,0.3256797806016268,0.32760231902364856,0.32288878256961845,0.3272245816209966,0.3353311179911587,0.3386710728666467,0.2980276621100387,0.21394603017329805,0.21341397727811848,0.22372151734795837,0.2018511844766964,0.18636722232535705,0.2408570471895069,0.314708715926622,0.43397536015784016,-0.12817943276738694,0.5058496852962132,0.06043130128684042,0.1660934422570062,0.0770401327900187,0.10238244586601498,0.12523482345414194,0.14244458634966536,0.1420441717793968,0.1533018146166245,0.1561584181991911,0.1789969799511282,0.18897252086438548,0.21714209451293495,0.25722670844600143,0.2840369141635216,0.2963332083908179,0.3078436262213241,0.3089599069042244,0.3078198159949245
0.44845685631755033,0.39645301997798,0.38707671862298215,0.3544152779250751,0.32331441697582436,0.3296514290099714,0.3321163711719646,0.336207231534167,0.30905874234181746,0.3030861624629733,0.2806737026164679,0.28683025501123594,0.26857358705329426,0.22065908497614756,0.26540327162860716,0.2845455934589955,0.3137347691272992,0.33895116354372423,0.322669737782653,0.28928645757367166,0.28870676922068805,0.306638422816244,0.29323953989776225,0.20198195658969229,0.19937384915419004,0.2096660952246661,0.2693734837931745,0.30781276729983914,0.36007838188651914,0.3654786935230387,0.5977933214195922,0.4400833724247409,0.17358304089013907,0.1681332974860228,0.09669289340768329,0.06925721659684879,0.15477339938650553,0.24245069320658313,0.5323154650640964,-0.03152890299976299,0.29851481996249685,0.5831068611664647,0.42647121933713655,0.3307310353725671,0.22669441362289366,0.2034506011078216,0.21978026858424687,0.2194033002545605,0.2261182417527714
0.39576172234530427,0.3499986811428233,0.32434622046279243,0.3013449650676585,0.25927085523125326,0.2492640361836298,0.25775636507641875,0.24886863993593888,0.2477588618029776,0.2515031679084119,0.24434772985589073,0.24537118905468955,0.23572201471709311,0.2213433908130716,0.2604660194984556,0.27345349292900495,0.2753967512450717,0.2527485314515554,0.23343286078075845,0.2267141737289528,0.2842398590803903,0.26630476920573276,0.24989409157739584,0.22341263544638276,0.21963777886837868,0.21375503009876487,0.22519474408245604,0.2541279595212167,0.26629918598798535,0.2507796729939503,0.20990787557041338,0.19008194566334574,0.20555533609938495,0.03055725145828564,0.054248536459856375,0.08429815876313786,0.21515004629604548,0.40479705669849786,0.5023654907605353,0.40562981639594553,-0.3396743168935561,-0.17131449965142853,0.34511802710118605,0.2272657938922904,0.29899007728614957,0.24554162883658084,0.16726808124080184,0.24013589326540644,0.2544004458510822
0.2962767351288082,0.2761282973308619,0.24148520015687333,0.22215393210182546,0.1904598742495999,0.16363056621266817,0.14485153901843553,0.17225558289352186,0.18172007726664471,0.1919017664448959,0.15896722856985215,0.1758410446775458,0.20731192957264366,0.2194270028113755,0.1809100194362492,0.15065706149848668,0.1847463188352086,0.2091596463514622,0.20101236499206632,0.18084539393391155,0.2088219176483219,0.2527421445138239,0.2662344777150968,0.2243527677353928,0.21711692920403047,0.2119195515422004,0.20553719862637018,0.18519292819459707,0.1764958094075184,0.19026057644220062,0.20476280362125043,0.19010143274314845,0.16132534445375543,0.13940561095431558,0.1727332533158035,0.13466312302233166,0.4573210058034591,0.6074491262838688,0.23873138606938404,-0.580128581605543,-0.5421765460591648,-0.595948342913212,-0.2526652620203471,0.1632684779030343,0.37034491572426026,0.5259400076209259,0.15355454903462093,0.5771587868531923,-0.1660606776297841
0.1921217493843477,0.2062601541721737,0.2252790931295837,0.24840643536773052,0.21077563173521213,0.1848497473831677,0.16033914112139297,0.1326960876365446,0.11624127245728341,0.08295357985931696,0.06125909339583689,0.10776194968191366,0.12649707739288785,0.14151759480452417,0.17542135178956855,0.15612538085480906,0.1240946638823005,0.112622992467545,0.1280687090565155,0.13184856247635626,0.1335997185502683,0.12865098012804554,0.12820561897121074,0.13254067436093267,0.13103622042882462,0.12336241983661275,0.07035217015916902,0.1243252764522097,0.16876272154119057,0.19296864892299587,0.27918098588138,0.2903886878962415,0.23884421264335332,0.19384098078475626,0.17112343863341625,0.15427879175740242,0.19901203672975282,0.28006732060351724,0.41678634363256734,0.6112306078679615,0.37898164567456716,-0.5842602675277342,-0.3807032639143785,-0.595526586923679,-0.5958375442789121,-0.49311144584966243,-0.421217482467735,-0.27418008057948895,-0.24416107331016135
-0.5971881861345291,-0.3191708999931872,0.5773484050300346,0.5557908934399698,0.40768732803505536,0.41407404715907764,0.3368030554644498,0.23113339412574693,0.2009322033158926,0.09399073207052011,0.07066544637454933,0.06761864124968045,0.08367150829633029,0.08548002315136638,0.0810621313304587,0.10009697939541845,0.10773132610957503,0.0792106184149753,0.08532915857645247,0.1418650030471093,0.15766703738059695,0.1740237711574191,0.215427739600942,0.23003542097518995,0.10656489743235054,0.052040081791367696,0.07804688570837413,0.08973762357535191,0.09694095587999955,0.10049403539548048,0.22316026349073576,0.2306474229205858,0.19714787577944365,0.27012774399710915,0.38074095393039786,0.3952471214599693,0.36099162237166205,0.2155457199113543,0.12765893593181057,0.6072759031370969,0.6151240806684845,0.5032058571535328,0.2001571402000604,0.5777865911162023,0.6084916017253718,0.604314833789291,0.5166961528363243,0.32376401155627854,0.5935638541329175
-0.1044287616756188,-0.08770353050586992,-0.16731200007968344,-0.15072142385419923,-0.19275252940602153,-0.2636146056804593,-0.4486233929427394,-0.10600915643729736,-0.47502807988669077,-0.5295065797258235,0.22055687546898534,0.6261620089338494,0.2866624456324538,0.6247401258393438,0.14687235507789523,0.5962870986099469,0.4453289383502245,0.01623806320829116,-0.5886259034232935,-0.6157155044035534,-0.5703363266105664,-0.5883179929699247,-0.6112143701736727,-0.4683957807473008,-0.37234364300309314,-0.626625628537226,0.24043192132692562,0.6094452904758151,0.21210905616461637,0.6303477474510526,-0.20755514664214705,-0.4931347195282966,-0.593911474646902,-0.6191602889396227,-0.44876978096418746,0.08089459938032437,0.2562011035814225,0.1790649615959473,0.5849155557056911,0.6147189354122982,0.623775837618841,0.3081585978650664,0.5086926722820464,0.5322041077774732,0.06852105458275976,-0.5410800909553277,-0.09306710137492662,-0.20610688031805324,-0.45916166939850556
-0.16268970020628118,-0.19432115794674454,-0.2814455058229105,-0.40685664329901067,-0.3710446955098945,0.5693311348171314,0.6736945783551236,-0.5623739223471581,-0.3606327324591489,-0.29884734230469634,-0.2597185371189273,-0.5759208956274228,-0.4958988947366819,0.6384370942124166,0.4186075559345152,-0.5645961812224798,-0.6115474884049245,-0.6218190544138179,-0.4221948947555513,0.3918198259673034,-0.46745850517102167,-0.5995379221396856,-0.38032704708934495,-0.08696614076246237,-0.2114805406975091,-0.15665937233085203,-0.13308769995183278,-0.07502801177353513,-0.13211007079839765,-0.20222067551478293,-0.17384893495608217,-0.10639746344942815,-0.11090964396707582,-0.3793091006754895,-0.3714603596124853,-0.38523001957636815,-0.5095273407460613,-0.636679748857466,-0.40323570215878046,-0.3635813563972007,-0.5857532028582433,-0.6379304312247349,-0.5526607325303116,-0.38257659692703955,-0.36768484503978377,-0.43406409183542677,-0.37773550468251754,-0.2579392585824665,-0.17754853957190095
-0.20298267406251416,-0.18723544364328198,-0.16410528217185463,-0.15643069437053636,-0.27670740546026473,-0.2716325490529799,-0.24686504660335457,-0.21983050987090888,-0.1048992281117135,-0.0951363553536393,-0.0882430885933029,-0.15095506817334006,-0.11174842755450272,-0.15720189392835765,-0.16362825606713247,-0.10111525376528153,-0.08236792748748592,-0.1461791923838385,-0.0806746352817264,-0.17176870756429286,-0.20418866989018697,-0.13444637247012117,-0.15476585086537212,-0.13037907083156758,-0.11440846646425236,-0.11073577954560554,-0.11249960434129176,-0.10797361839556713,-0.11043854730119139,-0.1143329403593716,-0.12476659181109541,-0.12622155238023336,-0.13416940971031938,-0.146977168073322,-0.15436319446700797,-0.1601657268548279,-0.21690037313151095,-0.18849704250144791,-0.20750953678551576,-0.26747978379845444,-0.2596811771535409,-0.24651188316642297,-0.2620093674217289,-0.27024834889090316,-0.2710798931117312,-0.22278986994101382,-0.24756423722226994,-0.28173299738308,-0.316123748882659
-0.2843692937547982,-0.2739243496068331,-0.3137643538942972,-0.33019516592645665,-0.2987623214774433,-0.29820633383098627,-0.26705961874632206,-0.1851345563547328,-0.20834330067494952,-0.09361943259214513,-0.0606544511257908,-0.07252801760702415,-0.07930391478960959,-0.08243963916786905,-0.0928695703038658,-0.09278224488504697,-0.09201502428796177,-0.10090632223344015,-0.11202145209812234,-0.1313386388804022,-0.16204451458127306,-0.15594532252641938,-0.15725485214195553,-0.15649782898572928,-0.1567585811951939,-0.14940930316681295,-0.12072596744048716,-0.11378830453149615,-0.1252843796798103,-0.14383607867109507,-0.16800650097613484,-0.1746027357258361,-0.1790402721079435,-0.21399394447912748,-0.2261680834957169,-0.23644023949748366,-0.26051854887174175,-0.26757667283360753,-0.27150085736822865,-0.2706449520172635,-0.2794167216907779,-0.2866663014287603,-0.2969191157325829,-0.3095979371911237,1.6774489630844322e+38,0,0,0,0
-0.33872250439179424,-0.48819722723715003,-0.5482098709100015,-0.6785481804283431,0.382157536450162,0.7119615152953918,0.08787011540573791,-0.5427111326354742,-0.27704671420180793,-0.30164714674143556,-0.3054903369659974,-0.2743958559349674,-0.16961702074224863,-0.16622182153730178,-0.14664004544063572,-0.15175789975566198,-0.17240599542959342,-0.20978322841861533,-0.21485552468300184,-0.20829252679023438,-0.2015747119579019,-0.19859361436367218,-0.20178209199797215,-0.20852829744634965,-0.21268315024102744,-0.21332346934222257,-0.20042460539896179,-0.20746508605106806,-0.20688299701671894,-0.21486297305600796,-0.2406980010810574,-0.25051443496383397,-0.2524640976590797,-0.2718618768874494,-0.286615266230591,-0.3021303376014018,-0.3406348315156822,-0.3522675627051367,-0.3539296574474078,-0.6456610569910073,0,0,0,0,0,0,0,0,0
