jsons/1312747200.json
{"header": {"parameterUnit": "m", "parameterNumber": 2, "dx": 0.1, "dy": 0.5, "parameterNumberName": "Eastward wave", "la1": 40.97354507446295, "la2": 16.46031188964855, "parameterCategory": 2, "lo2": 133.9931640625001, "nx": 191, "ny": 50, "refTime": "2011-08-05 8:00:00", "lo1": 114.97908020019554}, "data":
[rows 0 to 21 of 50, columns 98 to 146 of 191]
0,0,0,0,0,0,0,0,0,0,0,0,0,0,0,0,0,0,0,0,0,0,0,0,0,0,0,0,0,0,0,0,0,0,0,0,0,0,0,0,0,0,0,0,0,0,0,0,0
0,0,0,0,0,0,0,0,0,0,0,0,0,0,0,0,0,0,0,0,0,0,0,0,0,0,0,0,0,0,0,0,0,0,0,0,0,0,0,0,0,0,0,0,0,0,0,0,0
0,0,0,0,0,0,0,0,0,0,0,0,0,0,0,0,0,0,0,0,0,0,0,0,0,0,0,0,0,0,0,0,0,0,0,0,0,0,0,0,0,0,0,0,0,0,0,0,0
0.48821307423753496,0.3892691954593512,0.3474389432174511,0.21340028050242835,0.4411831829137649,0.46170857990666675,0.0856360087882603,0,0,0,0,0,0,0,0,0,0,0,0,0,0,0,0,0,0,0,0,0,0,0,0,0,0,0,0,0,0,0,0,0,0,0,0,0,0,0,0,0,0
0.7699059183092092,0.5765618388243394,0.365447436888338,0.4957614230906025,0.4745298345420015,0,0,0,0,0,0,0,0,0,0,0,0,0,0,0,0,0,0,0,0,0,0,0,0,0,0,0,0,0,0,0,0,0,0,0,0,0,0,0,0,0,0,0,0
1.5003508960204253,1.1632191662792917,0,0,0,0,0,0,0,0,0,0,0,0,0,0,0,0,0,0,0,0,0,0,0,0,0,0,0,0,0,0,0,0,0,0,0,0,0,0,0,0,0,0,0,0,0,0,0
2.887236819532647,2.681295477711688,2.468203671155639,1.5385447434197883,1.3795475914290682,0,0,0,0,0,0.8758390720850353,0,0,0,0,0,0,0,0,0,0,0,0,0,0,0,0,0,0,0,0,0,0,0,0,0,0,0,0,0,0,0,0,0,0,0,0,0,0
4.532071806319201,4.469153886147545,4.290629253295582,4.056261302543343,3.9561064840103564,3.68557316285204,3.310784729679902,3.0793576629229484,3.0117689513982415,2.698337612471164,2.5725562522541563,2.4978993307257515,2.288541106438217,2.2283420564494056,2.072743049955064,1.9747979125721473,1.8801648920764396,1.654026897786538,1.2118555942401557,0,0,0,0,0,0,0,0,0,0,0,0,0,0,0,0,0,0,0,0,0,0,0,0,0,0,0,0,0,0
5.6896901583929775,5.678319045498378,5.567302422202716,5.338151139175288,5.2847466880497675,5.084897444241512,4.705483794577471,4.656179219011978,4.411418721850678,4.0840132537533895,3.878334149236603,3.8173241281912658,3.4530145232683056,3.1193586153106976,2.8663457561854386,1.696723538701239,1.1856471007188107,-1.0686441595156526,-0.056279470581284526,-0.7488122413214889,0.31662148192050515,0,0,0,0,0,0,0,0,0,0,0,0,0,0,0,0,0,0,0,0,0,0,0,0,0,0,0,0
7.012454548058564,6.9972344867075655,6.90126516319495,6.572871260196732,6.409324404148283,6.2578057849628985,5.813169959536241,5.603088264510823,5.477713284253838,5.119411340173568,4.830281516560939,4.6566775054541685,4.025678444392383,3.6393660739306557,3.409997991835046,3.0583731197051374,2.8287495293058242,2.6207429740615873,0,0,0,0,0,0,0,0,0,0,0,0,0,0,0,0,0,0,0,0,0,0,0,0,0,0,0,0,0,0,0
7.606725571362315,7.593330925093843,7.476335910744836,7.164773951222756,7.034247033490754,6.837218957140522,6.460448984753987,6.162573127920732,5.959716671823654,5.376046477325687,5.217316227388019,4.844260681413016,4.340266157998257,4.11865177686265,3.807940358628093,3.2989810898204897,3.041595125129633,2.730992064476503,1.8539932161087487,0.3651582247653325,0,0,0,0,0,0,0,0,0,0,0,0,0,0,0,0,0,0,0,0,0,0,0,0,0,0,0,0,0
7.249537349485141,7.20712457942209,7.099061161117489,6.848287520977723,6.798655239322474,6.662726101593209,6.239964484673833,6.044128272278464,5.758631749143489,5.1826276657051595,4.875281043710433,4.562947838187274,4.176596280878414,4.007027153861237,3.749610152587622,3.2492669994953363,2.787489577820298,-2.6359510834110638,0,0,0,0,0,0,0,0,0,0,0,0,0,0,0,0,0,0,0,0,0,0,0,0,0,0,0,0,0,0,0
6.059799786074756,6.056931254110659,5.987604950807328,5.821083319114117,5.719619537299566,5.547208933404597,5.281403211159483,5.082249339603514,4.905005070128806,4.4503675662567215,4.2036608306123435,4.092660195344469,3.9217103234530017,3.855686607293744,3.577692765904722,2.708303924341061,2.3819261397131415,1.8483632071784666,0,0,0,0,0,0,0,0,0,0,0,0,0,0,0,0,0,0,0,0,0,0,0,0,0,0,0,0,0,0,0
5.204956262461489,5.225373026477621,5.226095025409748,5.144489496628049,5.106327788527774,5.005132845565881,4.807517053483965,4.691998833165413,4.572829798849541,4.352094272213146,4.186072762853737,4.09238740525789,3.78498135211094,3.673863444059788,3.4994777593100532,3.0017727693014113,2.595845231682716,2.4513115643104038,2.5370757001132547,2.7820449514348784,2.7550517485768666,2.724443619064216,2.6552380230042556,2.637476335236274,2.5628869820649225,2.5790030680728715,2.5992097497545124,2.496493037437857,2.5313149302777043,2.5720074618786204,2.571697587814319,2.586811687967654,2.6135635565979283,2.6817814942037685,2.689725532601274,2.7023362449203847,2.6452318678219067,2.5830013761929758,2.566673489342904,2.500528102567476,0,0,0,0,0,0,0,0,0
4.416210883822821,4.443956129253395,4.445071485689658,4.447316162721829,4.432035612643023,4.403638716753693,4.316589004318036,4.262665794761838,4.178018822438236,4.003883833377727,3.948299053813996,3.834458061361661,3.626517034160325,3.54350501181474,3.3641108079986974,3.1039461765047847,3.0265244544357786,2.8685794691033255,2.7188860832247657,2.707954121896608,2.7515171700077365,2.725913722745687,2.782790196145205,2.923577544642157,2.9310030995657828,2.957791356307493,2.9626975307498102,2.9665322680501856,2.968446037448556,2.963340847921134,2.939333951471415,2.90938369095458,2.8860267174463017,2.8693356337554237,2.7956769849719354,2.7663129582811723,2.7120730514930442,2.677312046224774,2.6136458748571867,2.5599190729105836,2.521168105481694,2.4530600354277485,2.376408830164742,2.3261756411983163,2.2219819393782436,2.023073008734707,1.9094937169424673,1.8316000404115065,0
3.996489073934387,4.026109372095969,4.022120794623154,4.028437455830435,4.038108776269932,4.014205562230289,3.9436745663338812,3.9189001172476714,3.840841652862985,3.723884752445514,3.6604279614586863,3.592080751342386,3.390276104701117,3.2221069100750266,2.3694567380900255,2.1568215804289657,-0.7111609979471324,-0.5487233088761055,-0.04183612281763582,0.5550706694654545,1.4401953181754192,1.7420527183226022,2.6443761878915204,2.887264337536241,2.9481203671616196,2.9563168067317465,2.9235998360418085,2.899553309452334,2.8195489747200235,2.7928411866945693,2.777345603905537,2.707103439667733,2.6463734214206958,2.642553903140413,2.624416866505952,2.567984253184082,2.4974050944626707,2.4784428424626337,2.4749726709901503,2.439227457015316,2.381126796894327,2.31642393030444,2.2530910599805773,2.20048211367508,2.071887483535468,1.9523706911023286,1.885449814607057,1.5995758942963423,1.3569613102068017
3.2564210041362687,3.2904078175796365,3.290736489660079,3.26863033273234,3.2520763510040473,3.220347757896147,3.2084036091876684,3.200302889138018,3.213989835629131,3.1996220419872485,3.2145666931885843,3.2147741575493267,3.197372009524277,3.1839135035870383,3.158578856473693,3.103146716139696,3.114712807759688,3.1192685840534025,3.1101644134660407,3.08214461232299,3.0320049878901614,2.9799828243912643,2.8855165524529056,2.8202299493918863,2.7919142147291693,2.668527981800708,2.6457685075386084,2.59911453093005,2.5597486393038507,2.539877637526764,2.510365017347647,2.476693674004143,2.446374217400394,2.4346953980498185,2.3650680914282423,2.3452033866051747,2.319739220034602,2.289219870017756,2.251868585892523,2.219628552548339,2.2032287084468223,2.162892499309063,2.128627662540559,2.100441644427424,2.055111465097465,1.9919273261269888,1.9109092790390094,1.852994682861712,1.7222282049673465
2.7996955649681357,2.849683935449573,2.8175451955077184,2.815534507940409,2.7960006933088586,2.7559830206354574,2.682628330869634,2.6245564032173614,2.6364528862547205,2.6116886265306416,2.600983159457865,2.587892137519274,2.5812191524104664,2.5906467280315795,2.5962970395213736,2.576477668582159,2.5851306787863595,2.568958922961375,2.571444061357137,2.5667858277032765,2.549100273693572,2.538974495613824,2.478302249254033,2.4380199507883855,2.3935947933137656,2.3366388782282477,2.3065654035544516,2.286953559704576,2.2540114980213306,2.221893689146818,2.2042574671831527,2.181566389432786,2.16460738178457,2.1305183488994865,2.1244620662774185,2.11512268844365,2.107222413717279,2.0868575048417077,2.0659412042775767,2.03964465409096,2.030828098282308,2.0055438759674007,1.9988550682959882,1.9860301222251584,1.9518014556255565,1.9235336487972936,1.9043251215574724,1.8619098846056694,1.8332405823529112
1.7997524408204875,1.9684616845476783,2.0012070881821113,2.052337731037205,2.038688165142909,2.0271160595261857,1.9818311555509829,2.0665315180272383,2.097230612010668,2.0185969270352255,2.0745628784962205,2.0841213618160905,2.098227563636808,2.0956684230705442,2.0927235313902286,2.132449036528052,2.157320138102838,2.1553248816160506,2.162354537511934,2.1819250711595686,2.1859869471082245,2.191274130177835,2.1558671638163056,2.1555228522132475,2.134429815852274,2.1008494912508233,2.0877869419464576,2.078110551981821,2.0664419528337414,2.0556029701761824,2.0422746854362965,2.032299611628464,2.023533734469649,2.0268033730760036,2.0150504348637184,1.9923632687940953,1.9745172599715024,1.9752613546967925,1.96317886426741,1.9364601763438942,1.9211426446016848,1.9026630521207266,1.8756921965843607,1.8654931707981304,1.8321000232714184,1.815780794868763,1.8045759014270206,1.7789388601966716,1.7410862771800524
0.9824464033500457,1.3310559578803334,1.456866962312453,1.5475314534259,1.6510219236201453,1.6464700022315055,1.6623889434106838,1.7366221935913515,1.750851675072669,1.7655747683442926,1.7985052449197922,1.8137433485315024,1.7913246945142147,1.8193247245952862,1.8483307379932996,1.8626993919225627,1.8748172598406552,1.894723553246024,1.9236342968728444,1.924534942966822,1.9435477101528504,1.9579721295020567,1.9611309051859214,1.9758998566917276,1.9622411852201287,1.9871011085046957,1.9818631540002598,1.9811690285113948,1.9765461884910909,1.9746326951218593,1.968049198017115,1.9443723327956743,1.9378296006184685,1.9239823292690337,1.9209905910503395,1.9084715054015242,1.898649415541913,1.8832941665601322,1.8753234469051583,1.8654553159009424,1.8565672265143507,1.8440971897620597,1.8317040150357706,1.8224560646544616,1.7967630297119621,1.7732792723143602,1.7599477828396906,1.7354141214504837,1.7179862876905025
0.8051996538141123,1.2058954348160282,1.338198310852594,1.4486203485905786,1.5999280777163853,1.6451363027326622,1.6663883209832193,1.7041685847074504,1.7024804966107918,1.7043071178247498,1.7206492837326313,1.7253785570727629,1.7387158634781348,1.7454240390807108,1.757898949382209,1.7677756137368972,1.7718713338222234,1.7782584815373346,1.8172030925110576,1.8380395406696513,1.851249424911962,1.8532268792720155,1.870881516810077,1.8805910944196205,1.8827325081097073,1.8925331281945459,1.8966011867572299,1.902569904064499,1.9099463218059394,1.9082626051496867,1.897791581507331,1.8832625287061133,1.8773573371591712,1.8711120721093553,1.8561017967180446,1.8465325491011797,1.8380693716031837,1.8258478372313784,1.8156201892589658,1.8019167538463838,1.7988216704666737,1.791441796918616,1.7712251530197833,1.7612312098184022,1.7520477688817067,1.7460296303249607,1.7502342620749731,1.7358826792659507,1.7202074813304922
0.7189173686073242,1.1661855314176497,1.3030878951921678,1.4599096625363057,1.5066519312717654,1.5424009201007463,1.5660097607831984,1.6636326159516788,1.6561993442610192,1.6768651757268256,1.6694108636886695,1.67811947495814,1.6969802561080627,1.709153428413563,1.7301539885206265,1.746232579958799,1.7501965694487678,1.7566477679009214,1.7971085657426626,1.809777122915765,1.7976347968858646,1.8045381676199113,1.8134696658404628,1.8350716175294546,1.823393615061389,1.8269982922583823,1.8213474689996048,1.8235149299922928,1.8362845287004843,1.8413596125358063,1.8420935034795682,1.831570154535664,1.8230212479805141,1.8087908949927465,1.8073484163811409,1.8025445490981218,1.7959616484730294,1.793846995961394,1.7879081167604118,1.790878863284126,1.7807600596137674,1.7547974202961851,1.7410437097286537,1.7329440133093805,1.722390829238587,1.7178634678952835,1.713999544725824,1.6947080419429905,1.6820177594432009
