jsons/1312664400.json
{"header": {"parameterUnit": "m", "parameterNumber": 3, "dx": 0.1, "dy": 0.5, "parameterNumberName": "Northward wave", "la1": 40.97354507446295, "la2": 16.46031188964855, "parameterCategory": 2, "lo2": 133.9931640625001, "nx": 191, "ny": 50, "refTime": "2011-08-05 8:00:00", "lo1": 114.97908020019554}, "data":
[rows 22 to 43 of 50, columns 100 to 149 of 191]
-4.85263500307101,-4.815734107884069,-4.28718667359026,-4.174465820269417,-3.9207225150256515,-3.4381954907905796,-3.1937517338147057,-2.898989143031452,-2.482720570155583,-2.207381871330774,-2.0175796050304813,-1.7247067932965814,-1.4220796603397206,-1.1921668788049127,-1.0806034399665656,-0.9148558164359445,-0.8311745335470027,-0.7416492455361438,-0.6894807274309291,-0.6671195418887534,-0.6216215241654861,-0.5707041156172856,-0.5585010251062128,-0.512387408195608,-0.5109687141667932,-0.5221912669342414,-0.5017038411253184,-0.4858976704173297,-0.5158352837715995,-0.4926318156374407,-0.4659013621663405,-0.4503427579963039,-0.44031050704919494,-0.4149939126359789,-0.4115686708694104,-0.3923937939604383,-0.368580319658641,-0.3521043613742926,-0.32058724621974105,-0.29161615338410213,-0.21658637029090735,-0.19153410776009872,-0.15713622074296527,-0.11832361846408919,-0.11504477902038139,-0.10897010238305875,-0.11039580215962458,-0.09465830406941371,-0.09059361501822337,-0.06288937858732171
-2.0023675663878864,-2.0069227594956494,-1.995786169452025,-2.0650538221822954,-2.0100742969798806,-1.7065311476867862,-1.6199411808236626,-1.4824026310626908,-1.10060668017803,-0.8998161801400937,-0.7076515820239331,-0.5881298726910222,-0.31822483024293546,-0.2045405486046676,-0.05090552086432418,0.053103280797471376,0.059483940611727126,0.023189044791952076,0.05589397903359985,0.07228168956322034,-0.011240338636158542,-0.09142542820236586,-0.03917911759499687,0.0002938438716180267,-0.07741314463609447,-0.10821492318167847,-0.12701242861627693,-0.1373902658483545,-0.15878149183751655,-0.15517383264905907,-0.1692200175232643,-0.196716792835885,-0.2381320740420797,-0.23011615387617507,-0.14614258518382162,-0.13912593189540454,-0.12391107225099497,-0.07393131361788438,-0.049625594834602674,-0.03846846697073841,-0.004548478684524139,0.020699918414318383,0.026897495095135695,0.0130890658339638,0.009707595081418639,0.0024350277495793376,0.011670558633230663,0.011562696155881623,0.008646293548228014,-0.0006452033509908754
3.701719322269674,3.8531515740453393,2.9851392477571994,2.6934642283697534,2.382825085507158,1.8676551443421698,1.8155717471541082,1.693154744773487,1.4947971863119656,1.3822289484874135,1.2669553019997708,1.280802202911693,1.1799738158804631,1.0856661399876384,1.0779582579141178,1.0232039644355568,0.8906859598259059,0.8758596871561436,0.8791971696172328,0.7656841420183327,0.736941063614751,0.5369101965891231,0.43679730719805,0.3996606109727259,0.36490891518684676,0.3915343711689539,0.401734163288936,0.31811938725023603,0.24211846503223078,0.19954940093334173,0.14409969473593337,0.11131514804486707,0.11028901927661681,0.12013222983871663,0.15466150188678346,0.17791468625146145,0.19096568819187948,0.23995728646845113,0.2493604929956584,0.3262868022398507,0.45163926278090677,0.4992122818772422,0.4917613189604457,0.4655666274675359,0.4052855048043646,0.30983560531966753,0.18695576084163135,-0.05524853737425972,-0.15356814519117049,-0.13362718951620045
2.685621877728512,4.377804632838059,4.76377428551773,4.646776319248391,4.446583396091831,4.182394392182928,4.023049170267908,3.919844496658265,3.3410584050628276,3.221317107506171,3.0919013025798865,2.7666908993586783,2.5114335574387914,2.2632935212542895,2.161510977713753,1.9216948243140057,1.778194833668416,1.7005142820032062,1.4329080636574956,1.3749012259836757,1.2108036797120323,1.0861292732043994,1.0493499147191527,0.9265777826885252,0.8182132826708485,0.7699812640380799,0.7197282288118606,0.6622896954648251,0.5316032641341302,0.5279969927319871,0.5273724660065453,0.45328590679569064,0.41016963543354384,0.32606248080130606,0.2689020891099119,0.2819344347439231,0.32966269417552607,0.49100018243019594,0.5545319637896019,0.6453526941301335,1.079198729849731,1.2682223514681306,0.7554234084008715,-2.4651486303919072,0.21802657061532282,0.6457155006692407,-1.3545436202995966,-0.7959811206717432,-0.5502963089892373,-0.14783131314790346
-3.168798433312157,4.7810477154325435,4.510222071018105,4.671806100416353,4.520713080223612,4.38408774668319,4.246741108590276,4.11225381302892,3.854536413175462,3.729635899294667,3.5263942419782053,3.4162389067508654,3.112990055499126,2.954587444989633,2.7783396358376673,2.557349522503631,2.406936346026082,2.3300564417556204,2.077744394718641,2.0146089224908907,1.866305287768645,1.7329565588263134,1.5964189099027184,1.5431557801262157,1.2877459729962197,1.166052675193454,1.0805740189606878,1.0198062883374082,0.9902953634022277,0.8730533602877874,0.8102725188386444,0.6917210213206723,0.6428841155405655,0.651146850230255,0.7441864403991978,0.8131314503348157,0.8956802363129374,1.0628531547003872,0.7858417783343407,0.72492672465003,-0.6404855137495431,-0.47810454136285196,-0.1783416047283308,0.12424539107446231,0.2036958303784517,0.32668115402391285,0.3303316789900435,0.47174608312654437,0.46374043597839315,0.5265750914311662
3.6617053994016806,3.439349466073998,-4.138609535845871,1.8182327585538338,2.823638983381172,4.136880625054852,4.270366132733784,4.16851716433197,4.007186236100851,3.92949993260526,3.762699986161839,3.6484469470506724,3.431423095806308,3.294790942304494,3.2231374374533526,2.988236033876802,2.8850985548136037,2.7254135488820013,2.577472065370778,2.459210614576414,2.41728313189164,2.3338574450969327,2.221826963441723,2.1795196859170334,2.0131188101217488,1.867177247087971,1.7313592929481543,1.6003672507436086,1.44574851047514,1.4163372239438838,1.3380915053255222,1.3216821862275658,1.2759654269304308,1.1572547519067022,1.1592651206611988,1.1498106578325133,1.1533862111647317,1.1131509650747633,1.080857952586608,1.0308686653951502,0.9716292198697616,0.9561682391378138,0.8914267438474861,0.8560035900710058,0.8290388843294972,0.7944202189126467,0.7808985592177083,0.7819796831011481,0.7764129287143019,0.7773089668958975
4.004491838531153,4.001041513416076,3.967496951623618,3.3056640074299732,2.7294999767043246,-3.822355832903543,3.021223185590991,3.557419283983249,3.8179090720440563,3.754454864124498,3.6930261159613518,3.5988543067639402,3.4315064083992746,3.351381149221073,3.2419466762854507,3.0927661678954137,2.9638124326287967,2.891075334153615,2.7559821798975648,2.702114483574485,2.615055779060334,2.543206439000749,2.537368767781737,2.4268996002003966,2.36282358422174,2.3401676660739237,2.315698807583283,2.3116744023543703,2.3891575862681607,2.467876425125116,2.5128053298610986,2.30046033842766,1.8568654089749865,1.6701873354295507,1.5890087108933553,1.2754260851087964,1.218484316468334,1.0784901048651343,0.9955851323364412,0.9040775361672777,0.8301761701937401,0.8240580555351655,0.8386249323212,0.829829589393355,0.8483024759145135,0.8548075971615292,0.8630343897285224,0.9115278642374977,0.9235393247374225,0.9556734745092627
3.623726051330823,3.6380447755322796,3.682299962652341,3.6684441615189853,3.646665868884947,3.3165156484644602,2.1478739553587,1.9122929960208108,3.5474726969065102,3.1296617993896327,3.2733625300871667,3.4762210386753525,3.4000706439735398,3.3204674112101054,3.2888471965964676,3.183138104762993,3.121688709107846,3.0668339616437827,2.9938249772838965,2.9565379450351275,2.9226127051842306,2.859841938010704,2.8494340725450424,2.8548528284524783,2.903638652765399,2.9459078049589684,3.0066312475832317,2.801731091482824,-3.0438633758060414,-2.182014554106489,-1.1602987037717243,-0.26844322909040447,-0.06793115392099751,0.09859114579164303,0.3883981004505975,0.5075405152478332,0.7400763444804337,0.8703010166193189,0.9544430843717063,1.0141228446660624,1.1089931258732584,1.2026450007525713,1.238608888264866,1.329933585786822,1.3701802234357037,1.3671443047523297,1.388784113249009,1.4104824308581012,1.4449522595189601,1.5091484884193813
3.2852875458415056,3.281318023309508,3.3181063134580664,3.3411324626062746,3.3246852382133714,3.36092164749946,3.24791765745472,3.246583556437414,1.257637954725362,-2.4745975127537556,1.7643558021203023,2.900138693813972,3.2267809334697914,3.198945562449215,3.1720464249507674,3.1258741100255163,3.0799033598432906,3.058228848336998,2.9998980458934055,2.9955072583235176,2.999339547852207,2.9426057106649703,2.933420451757757,2.959565276796056,2.982984681865558,3.027009556937197,3.0416052244160343,3.0299567738033573,2.817492273531192,2.7159085309975795,2.5666817910483894,2.3545575010293804,2.302972735845358,2.2929321341572653,2.2378367531741845,2.1999765730783767,2.105212184374935,2.174548515410008,2.1092052294841723,2.0874943686817504,2.104293675595815,2.124666941925974,2.1212131542924704,2.0842195577979887,2.0875972087834977,2.0870500777749044,2.0869808413031454,2.058704588037783,2.0920109640147557,2.0988180112389374
2.990812286610505,2.975728238665585,3.048159608523092,3.0758763757291896,3.05974188347578,3.105288005982916,3.102519258965385,3.092996105379682,3.1116309307326664,3.095178451744805,3.0070696718680754,2.713216795310745,2.4862661013937446,1.7117354171510932,2.9852446279578984,3.034835380030914,3.0136903764776957,2.9971468996416535,2.966825168111722,2.939985826474136,2.916759995154165,2.8853714500101724,2.867782552925039,2.8733501268711814,2.866042372467797,2.8729911452170405,2.899536065685925,2.871851118357051,2.860273537879385,2.893804309328882,2.903487662198299,2.93357204133003,2.967550265805926,2.9502691558753127,2.9570032312310937,2.939006486246464,2.9598224697106534,2.938397634006992,2.9229516329626204,2.9024557398839894,2.850733093582579,2.851207308256839,2.80079010047948,2.780551750840927,2.771570569890694,2.7314358661076312,2.71889729769435,2.6875426890630134,2.643605873313882,2.6143465570432816
2.8047366981534583,2.816578058209117,2.787699524315067,2.552709386229271,2.0526478437632814,2.599670637388852,2.7115695437627334,2.794694052570763,2.8692414079692634,2.874320451656148,2.8814725613239474,2.8809288596932308,2.8403431438268236,2.605868090529207,1.1733367499134149,-2.8514826826038004,1.4395457316254046,2.445797382130211,2.8260344745030177,2.8198530694749757,2.8023263787555863,2.7944971957200653,2.7960827516513493,2.806504885655179,2.7898062434393753,2.7860169187591497,2.8448947391247232,2.8517486448257636,2.8599800858206352,2.8779869586183406,2.9102906173662344,2.9096278351228,2.9214424721204284,2.921773964917795,2.935267564216747,2.9327825018590836,2.9093017201893367,2.9273454328528326,2.928395798513427,2.930788848364741,2.9143040294855713,2.892426355605148,2.885551917664406,2.8813660627369133,2.871632771334827,2.855033030650202,2.834477581249481,2.809665739635957,2.7948883482692928,2.7787082271983787
2.56917846332116,2.613868540969456,2.797427598200733,2.6506750685658695,2.6600139789832866,2.734133096731025,2.7275567020941316,2.7193047934116183,2.7411176024346906,2.7406499420395254,2.742487862776128,2.7508771428850296,2.766534023037604,2.778264549234768,2.7854940600617186,2.656457751377703,2.431581529660447,1.0991322665645922,-2.690704410332671,1.9472430174384099,2.0610662200300753,2.5146605617509974,2.647718357617752,2.6937527932491294,2.7659579797906733,2.785919539983362,2.8049204806954418,2.8232098392379728,2.800055689838334,2.7980362553514078,2.80196196960366,2.7994543234725677,2.8173393133906743,2.8237861768482033,2.83116225943634,2.8442086502957236,2.8465613061800035,2.836063031971584,2.840315931652532,2.8573132027358934,2.8473397958925784,2.839982559529231,2.8330332055744942,2.8240767642400466,2.8228220656114353,2.817075960480634,2.8144352825232515,2.8118627186537926,2.799303846248433,2.792533852721235
2.184356479585243,2.277207466710827,2.444238748449867,2.5088742468577117,2.511894885516773,2.60219762961369,2.6678975686376214,2.6431427903010256,2.694135858514231,2.715365588818967,2.708519230321165,2.7055157815512754,2.734832303748844,2.7229632989745336,2.7352502293062346,2.7502826113322163,2.7464456862758735,2.7578390271218893,2.773603411763311,2.7788589407564626,2.712908661595141,2.3691392587964173,1.9337442096329915,0.12143456302357401,-1.1390187923205009,-2.5641353930476884,-2.1472985655318935,1.3338382151579145,2.0667180650086556,2.620277973437438,2.7763039940281726,2.7894386175631167,2.7946061106807267,2.7914548779469324,2.7898848931133955,2.79152491536759,2.7890297608348646,2.7820825778369462,2.783666427993139,2.7884080539662426,2.7862433563677036,2.7823646461795315,2.7736146652621256,2.781853108653014,2.790768681768896,2.7904830729911128,2.791298583125593,2.785159033432394,2.778408330037624,2.778966099931234
1.9368527571580598,2.01517372562986,2.155925371283395,2.2087622606259987,2.2353708591660597,2.3972631652298153,2.4246673184746217,2.4428295680822814,2.518651733327952,2.547693579183738,2.5735747904514676,2.5888460560014166,2.6602839878461073,2.673745652710059,2.6801210348633586,2.7134588340871186,2.740392757035488,2.750839274073414,2.7664161182336002,2.7872747438809298,2.785263505578619,2.8097697212354538,2.823046206603486,2.8226622730372832,2.8510396188999247,2.8270590694640543,2.741806079311305,2.556323578680844,2.178777116320457,1.4984305900732997,-2.344562325873653,2.8251356384847455,1.5616411225877334,1.3280374946306293,2.6591935778098423,2.1919869350639436,2.2330022034249803,2.556617823263901,2.5197786725894087,2.599261175951787,2.737303490980184,2.7577488514380386,2.5101159493814476,2.4482208413640123,2.4534278734349595,2.5109505466746715,2.558368017898303,2.592795773284295,2.720673486444007,2.733029832383516
1.7478718787442564,1.8063187054615648,1.891544127316537,1.9522259107528839,1.986554521947653,2.0995186667622527,2.1435281313989836,2.1578810580226477,2.2050468411502564,2.2686203861820604,2.302856280207278,2.307706457227512,2.408979016907045,2.406845463112815,2.4549812650127665,2.5422189777035378,2.5641602947401956,2.5976532151812313,2.6431266791671915,2.6811510176376956,2.691160122031402,2.7223988269716206,2.755211275368508,2.7979231665642823,2.8277429464345687,2.826593016392901,2.798585422273817,2.8080779842015153,2.8235528986445515,2.8007884670959413,2.7926310304243533,2.7253987388451595,2.750665644233751,2.7743803672328298,2.4741025805161816,2.408714303916022,2.163286170815191,2.560921892582918,1.9257775360491496,2.0774768009647664,1.6738719172749423,1.8834286858545486,1.5628811311606163,2.2707041875937297,2.7063739403063187,2.0230800101492323,1.0538472617753447,1.2120770173910134,-1.6171946769410603,-2.5650752224492592
1.5682705987894998,1.6470302347222876,1.736132110070706,1.7703527831507488,1.8001099768305426,1.898965123804627,1.9305308820640605,1.9892231362169328,2.061014682378715,2.1197488731775547,2.1485068715481876,2.1942585242829633,2.287460691369749,2.307735108746551,2.36818467642372,2.414233614489962,2.4276344432366845,2.4317420087764576,2.4866936111475804,2.535948647958377,2.566136893945957,2.6404269063315393,2.6516509245518893,2.6690963096339657,2.7082140538424766,2.7228551280227316,2.7052679879521824,2.710623241061276,2.7524591279035784,2.7501061180705753,2.736259946280749,2.735239399177082,2.7463112542595836,2.7585157181519464,2.7487892099588143,2.7271901412720085,2.7256670754464927,2.7298529601238255,2.722392410031713,2.7138311117934544,2.714245652994768,2.7161821241230766,2.6964104161505316,2.694835822454416,2.6904382481612554,2.683426842759468,2.6435843657511184,2.5875790801913183,2.5768720605285007,2.603011311228047
1.399494034299473,1.4551527269138567,1.5708057311275492,1.6034642172067528,1.646537245821884,1.7078732489165689,1.7627569606555247,1.7961666144725927,1.9238763802012302,1.943294063364841,1.9620711216015503,2.002273172308355,2.033713639503558,2.077201283208197,2.1183166076852067,2.183794170473052,2.2276400595286936,2.243433997578915,2.2978234077988495,2.344930364470568,2.4008613430312726,2.4625511893230483,2.4938323607132666,2.4856425120728036,2.5275003529642577,2.540098932851628,2.518714542157095,2.5196156039507183,2.5676714040824984,2.5760644964711696,2.5781686024859147,2.603129369629489,2.60543814713425,2.616716056918371,2.634771175875721,2.625365496945194,2.6250853967815098,2.6358784459633657,2.6363653133850584,2.631541172392845,2.6378779486961155,2.637865735960749,2.6162038119873645,2.62244859980046,2.623901899073384,2.617913995080899,2.6090684152339323,2.599447386197052,2.577502099490516,2.5703721672512163
1.2495007384288643,1.2731875570240188,1.3774679974289554,1.4192882291095985,1.4572858159889786,1.5593057515740694,1.5698488142503833,1.6171003877947878,1.7046784259162169,1.749089036097919,1.7524043737343342,1.7977059373746007,1.883017358989397,1.9202310186945488,1.9461728949040464,1.993560048965124,2.018887966087253,2.0492508217372856,2.128811656100978,2.1594287246212565,2.189052631490654,2.2807011528056225,2.2916688083250807,2.301214375223441,2.3466345958689825,2.3658737479033034,2.3567876652030577,2.370791551131015,2.4235572606136455,2.4457020698027647,2.4703231373571124,2.485879058908649,2.4748862380451238,2.486458926551859,2.5049472844963314,2.49564328762667,2.501500667941943,2.519650241877321,2.52008334676267,2.4900606281294464,2.491057606822649,2.5056634110495635,2.5062800778152634,2.5139967756629873,2.5086369499965677,2.4943074394669247,2.4909483952804212,2.4750069175341514,2.448562573572494,2.425751674638504
1.0887594224276405,1.1628255643319816,1.2742909251408647,1.3355278028617403,1.3422071215616114,1.4079896882329168,1.4522831898058852,1.510798194769878,1.5575489876456377,1.6028106666749204,1.6440798617597705,1.6640468230144616,1.7064759516884114,1.7657419296030985,1.8066154584053602,1.8520813493392656,1.88584898284516,1.9225786639171163,1.959972437797294,1.9786099442462284,2.0247091247938833,2.0558477634886465,2.093664989528762,2.137724242689605,2.251231878024099,2.2775221172827154,2.27146046519401,2.278355124869581,2.320332421338557,2.3269557999655115,2.3309003046961947,2.3634576503376077,2.366173589184907,2.3774852038949392,2.397501942799231,2.3894888368231477,2.3778737813581574,2.3825568027305075,2.3772516992861337,2.3593345348833354,2.3951861531730123,2.403378725305536,2.3974330243020594,2.361268599463896,2.346159249624833,2.302270358225096,2.290664444132954,2.2894475049870806,2.2762557455665418,2.2465497838202007
1.1083318686545127,1.1332516399319523,1.1934169943783721,1.2380750355011203,1.2625330904523686,1.3229039635113404,1.3606557971915885,1.390688133921781,1.4729949899988173,1.5179182525893027,1.5249817164773476,1.5444132528835277,1.6332679376022192,1.6631894629354154,1.68571158106293,1.7316656816723042,1.759800457643861,1.7783205371977748,1.838838954687601,1.8798861349828382,1.9029941019196253,1.9403355609563406,1.9987610890834884,2.036239927973065,2.0575370202334944,2.081175614487828,2.106931881457301,2.1211591416879103,2.1386313788754907,2.1392087195777822,2.1562655181315864,2.1706665137311503,2.173942829462371,2.1699616385144758,2.185244495052535,2.1603942587181018,2.164201946299881,2.1840631260909174,2.1775350060787426,2.163758324937913,2.160577688974073,2.1596534239701564,2.145688160578054,2.131272551227417,2.1003277146085186,2.045644702139413,1.9908137347875448,2.0074437256556554,0,0
1.0069900410454344,1.0592529439614675,1.1324507297091593,1.1628062920630329,1.2057771199236318,1.258629733131538,1.2742438158206972,1.307713700247761,1.3294241682892611,1.3570600262517942,1.4040249274311807,1.4297936372441986,1.4750218651134441,1.5124980071363487,1.5675047330088363,1.6082865090167486,1.6228520266023025,1.6584542357889736,1.680076501365872,1.7026390041110804,1.7458689315087752,1.792745963135349,1.821142510858451,1.847181891976313,1.9420026024558728,1.9748025573553711,1.9656642868909362,1.970827102891105,1.9760111082732164,1.966038166990084,1.9793178759372463,2.004001528390261,1.9924704490323488,1.9996593545021952,2.008015703481418,2.009011081071512,2.019486358122092,2.007827452363433,1.9851677191660069,1.9455029442738634,1.9318914444701292,1.9072652492455864,-2.6236108766190147e+38,0,0,0,0,0,0,0
0.8143199386565849,0.8553992852422754,0.9271410669582039,0.9528658636598548,0.9821197075516708,1.062209836343967,1.0742830308752835,1.09843599896588,1.1888729287284594,1.218331918855618,1.2640003068024084,1.294458104579288,1.361280160129058,1.3655462361143547,1.3999829900030294,1.4459144368780374,1.4769474188509701,1.4986788960807265,1.5568097408600847,1.5802594402716785,1.589624171840915,1.619273442472067,1.621519138623356,1.6328169791572869,1.70094936224711,1.719384198593137,1.7341848114909084,1.7446104306241164,1.772264785014406,1.7599607785309845,1.7590665307257314,1.7635027230848468,1.7691117456829564,1.766971610836627,1.7289112484253228,1.6765426271821562,1.6714366521807724,0.5795629125965174,0,0,0,0,0,0,0,0,0,0,0,0
