jsons/1312819200.json
{"header": {"parameterUnit": "m", "parameterNumber": 2, "dx": 0.1, "dy": 0.5, "parameterNumberName": "Eastward wave", "la1": 40.97354507446295, "la2": 16.46031188964855, "parameterCategory": 2, "lo2": 133.9931640625001, "nx": 191, "ny": 50, "refTime": "2011-08-05 8:00:00", "lo1": 114.97908020019554}, "data":
[rows 22 to 43 of 50, columns 98 to 146 of 191]
0.4204082599678459,0.40286135315796623,0.47185062855898763,0.5949108789486313,0.7277808787124161,0.7562870824877153,0.7777602716509314,0.8141319150160897,0.8338754406932993,0.8596907834363128,0.876713855369915,0.8845131222817968,0.8914391178373434,0.8902642498126819,0.9075970611393301,0.9276129691243171,0.9279789879513454,0.9251283221835349,0.9317177708893845,0.9428314664600698,0.956256126293371,0.9561209938707609,0.9608554348767553,0.9845185611494005,0.9854486903035277,0.9990506738980682,1.0027988137140904,1.004563664155864,1.0071611047139757,1.0098501103507405,1.0054707814894652,1.0120641376734842,1.0096398115260445,0.997879202942777,0.9983131960095376,0.998694680114993,0.989123107568139,0.9985798309800951,0.9839726117670369,0.9678771147271769,0.9650826291800234,0.9647641607845329,0.9642116546540721,0.9518380369418129,0.9482517362862753,0.916440457071308,0.9215363753772072,0.9333065346979209,0.925214046378921
0.19988825064689966,0.3037731908478315,0.3580698819806772,0.44407868869041217,0.5981662712161538,0.6319675774698684,0.6984205835747204,0.7521271721656042,0.7909087334646813,0.8076343324340278,0.8186391410980758,0.8384968365185176,0.8539758111819179,0.8657161169865509,0.8835765375036148,0.8865159296959344,0.8849435246346056,0.9117605021318562,0.9164558044650589,0.9230045107279036,0.9388540236406363,0.9459954072783273,0.9555968617352344,0.9778449797618507,0.9584842794576031,0.9599786231597922,0.9658304416104315,0.968680635815954,0.978251697434959,0.9836795811954956,0.9821741058914337,0.9851946836913584,0.9847707089655873,0.9779001423066904,0.9834792527452836,0.9812813639410403,0.9550255914232538,0.964610855425883,0.9549158598973343,0.9106195615605294,0.8858891994230613,0.8908212302701031,0.8581680296097612,0.8326351007427628,0.822171659730856,0.7783163012408614,0.7571548598844429,0.7566313252196492,0.7583109222568926
0.15185939401997653,0.23038633213886117,0.3473664322654725,0.40102313925943217,0.43757944130452625,0.465990132333321,0.5259585703248715,0.5927596318947403,0.6509716158569203,0.6679874664391225,0.7136060178277546,0.7384184524231957,0.7662035342343001,0.7766224060767122,0.7803121033871333,0.7907428017730541,0.7919365702024035,0.8048087774242866,0.8259556830656702,0.8308859036983489,0.8298884846523277,0.8306048609719292,0.8328864638148067,0.8600392970876476,0.8689225696978705,0.8770819920790941,0.8774006162111421,0.8864892522545388,0.8930954005838149,0.895059243074223,0.8924508353863123,0.8943913588465081,0.9007083886657277,0.8981203938662975,0.9022778256443836,0.8931204868942999,0.849667323613024,0.8068322247088007,0.789871464461747,0.702708709770885,0.6676185131380753,0.6157904514133242,0.5124277539662304,0.5033875172454594,0.4884570942854044,0.5599572268210318,0.4654935175574761,0.4094773262028439,0.44931291223888137
0.21959266408467534,0.20090322331029514,0.22582349370967525,0.25125646726091083,0.30713874625269766,0.32665363527490543,0.3691366688332697,0.41301655398252346,0.4519889499473627,0.46528483826649625,0.5424833903410076,0.5629061941461703,0.5732086770835548,0.6166276161070794,0.6558306578968983,0.7118530615179971,0.7110964297438038,0.7274028661651746,0.7356052183282654,0.7378580641965766,0.7520048875054206,0.7638034049721045,0.7842501075128947,0.7994843260391805,0.8040274751002742,0.8324492051277455,0.7982695989374945,0.7899358513254509,0.7783192322841435,0.7772194674451657,0.7651789870575766,0.7574754232830089,0.7477748569619997,0.7109166308757482,0.7347443391303489,0.7588679572425417,0.7813831240292467,0.7665159813153394,0.7278879454702004,0.6340119616339968,0.5918921268540313,0.5297384952541341,0.6435435021978073,-1.0353359985202617,-0.7731176957401218,-0.5890579854923751,-0.6924282509394847,-0.6751211569765952,-0.5570585119456426
0.15765939358810255,0.1891429257606075,0.17095301795757656,0.14286248968415316,0.21452403238831683,0.24824595049895096,0.2782296730189235,0.285264634603935,0.28972085646417534,0.29821007063654004,0.34702415328965297,0.36939061472083506,0.39154261605483026,0.4097117088587675,0.5045152438317415,0.5282000652912755,0.5601908101314703,0.6054921697402704,0.6221014262916748,0.6464529031701328,0.7027794061268102,0.6952403337595555,0.6916324116255442,0.6962465550825028,0.7165198568508392,0.7229144890581614,0.7270059526713075,0.7156707246214717,0.7130144701910319,0.7304721988215545,0.7079682374602816,0.6888425575377077,0.6761839814678968,0.6218998338604175,0.6155065273411052,0.5931246210453375,0.5127170380788842,0.4575374065224141,0.4055191227811767,0.49149107830828626,0.7002806411875085,0.6621161519091046,0.6462439567451578,0.574568062076972,0.655093651075125,0.6713380988692854,0.7094351932619628,0.6779736504761757,0.771916225478549
0.12580496717532594,0.1137370078219363,0.1425055620802669,0.16688677593348789,0.22505158013025353,0.2592911797288018,0.26043901631154814,0.26433332329842973,0.26214491943647045,0.27069421974180646,0.31194288683832744,0.3380166299740953,0.37549087789571195,0.40801313526233096,0.44917969517971246,0.4447690211262713,0.4703122118624434,0.5760746537642369,0.5658235864764712,0.5840994150054009,0.5808324027346587,0.5940474295021572,0.5731521059898933,0.5441483052723799,0.5453911381763419,0.5304500329968157,0.5563327975441333,0.5433321910011149,0.5416558439346746,0.5861568386168542,0.5984830894907387,0.5968967956452313,0.6368214950810253,0.6175051703242456,0.6157702131543146,0.6333304438039423,0.6534214764667968,0.6489014396041398,0.6501849197484373,0.6885163757673092,0.6546640111418398,0.6530616969832838,0.6411048337522597,0.6345358092550347,0.6528422613192858,0.6960232936723711,0.6992493727264174,0.7138153733642723,0.7084843443911046
0.1527025805018903,0.1908100920766133,0.20599815482916775,0.1947166742470133,0.1976031230611993,0.2346859623456561,0.2697051363437863,0.31400135038788285,0.35078402955091603,0.3528351844565056,0.32954946530354084,0.3574208166750487,0.3729100662139772,0.4131489604523255,0.45560283592933887,0.4644309882673371,0.47476090108365754,0.49007736061091905,0.514888766718663,0.5070456038554313,0.4882704945084823,0.4440328259306614,0.41448619760306893,0.36335134513092643,0.3430001539671251,0.30373529092466606,0.2290088287257651,0.20986351620735255,0.2935282861067357,0.3242023770572648,0.23116010833864215,-0.22275383561407402,-0.8990338985656021,-0.5675503843973027,-0.7701813127617281,-0.76158550889011,0.8023269568424233,0.6461219671362186,0.5705660090593456,0.5032509909327715,0.43112241744976726,0.46703718846934084,0.4807989193991439,0.5073342716706118,0.5357075761588319,0.4834577199178104,0.49032954671503126,0.4475898980457719,0.43089802967038376
0.16926120218134713,0.19617880813281127,0.19291447939889614,0.19864202545777526,0.2165773776374704,0.24165639587986834,0.24854093835162883,0.2680536430186033,0.29192660341555104,0.3084221600351646,0.35709885557240695,0.3784442019050908,0.40486092273989144,0.41221452807660974,0.42528296488300843,0.4464285476535854,0.4625492926512359,0.47202186845649774,0.4632066859891161,0.4332246789903519,0.41953090479416216,0.41467026582142824,0.4087603514744199,0.3647900891036356,0.31753525297846963,0.2883305946655032,0.13957489281724403,0.4466671539055175,0.4161434738311946,-0.6359872038948504,-0.6581446338668222,0.1504390354127941,0.42775769405537456,0.5664586161082857,0.6189988855465185,0.6472215586815231,0.6814198800535602,0.7189191914588107,0.7721059188727973,0.8082670291732347,0.84952430733533,0.8852279205372965,0.8338295113448602,0.6959044752083913,0.6747582485170557,0.5691943387541216,0.47352997192540974,0.4691240763484994,0.39090516111503365
0.17856325754369817,0.20383178741970345,0.20521011592103053,0.21179916903555068,0.21223322857760824,0.21885398618217491,0.22069023212559732,0.24117291996140258,0.2790080851318171,0.3183075252163611,0.3149830042592058,0.3369802093993739,0.38336401096065803,0.396979665625237,0.41506860661629863,0.41240516548177325,0.42279621185471056,0.4408734642129104,0.4519911139912003,0.44951779147306575,0.4606040561113377,0.45614144254693023,0.4652490058249893,0.4418498664248548,0.442748751160471,0.4462851359160803,0.4368941749498572,0.44378920638286773,0.51308379232342,0.540470276209717,0.6610477887437181,0.7239410835453095,0.7826788138620627,0.8310742722483115,0.8092473769174874,0.807756582440108,0.814980227240483,0.8031028074651706,0.7998104939008653,0.7920948542719835,0.7969545775317228,0.8010609877844677,0.7956429630959464,0.7779687033237516,0.7819517687977258,0.7300481627647739,0.7106767554865295,0.7054474527761592,0.6302745217903232
0.04071824398938842,0.07982533037436378,0.17581554116618,0.18889115415533042,0.2028161152810348,0.16899913462627983,0.15646658416777073,0.17146406207656315,0.24171231837323562,0.28240292010804036,0.34691912800332186,0.3426752842703506,0.3252412737826137,0.32539605206305144,0.4048427212764522,0.39630289351527853,0.4011430432899555,0.4065127339465437,0.4041652373097645,0.40516541206258494,0.4261395232497481,0.4257548547862933,0.41630137272617984,0.4171276314857655,0.41505316112885177,0.44724377723754266,0.4671797194096437,0.4741865053866265,0.4799923132885623,0.4739079981280779,0.44696065806262647,0.44691676852912327,0.44997813120500685,0.44036949865804803,0.45342659056949086,0.48808850903243695,0.4883470591307505,0.5019602837093465,0.5023922243862322,0.538817955190615,0.5272711448031572,0.4917261641045158,0.5584797191797087,0.5523077828785171,0.5642783088886131,0.591786284373363,0.578328822347266,0.6106903440775275,0.6033473669754383
0.53839595955441,0.1491549336830844,0.1395290033566714,0.33372676006414403,-0.7862340938702927,-0.8683913627113277,-0.8221688324315507,0.7062126642216043,0.6664910035157473,0.25987990148104245,0.2951602023321382,0.3084338289047856,0.3130215375484233,0.3125279593334371,0.3349447763884705,0.32910700301458495,0.32620224291785943,0.3106418114450492,0.2986038523780609,0.3088961483010665,0.3367002850928618,0.3433255640973485,0.34454068229342605,0.3319273479583978,0.33385257993204315,0.34657460031054615,0.3225298551357739,0.3222317430847683,0.3262334124794773,0.3240779488708421,0.27531674589889915,0.2610116311049463,0.2338972387103481,0.19418861162751147,0.15733420333258877,0.1482128192303674,0.13734655264905635,0.1669888885528391,0.18975801315990345,0.20199027265051842,0.21745342600814768,0.2224454814040599,0.24524825018434293,0.2643927440905028,0.2540625553360459,0.2456892503259,0.2535896453110649,0.25795019351088505,0.25872224888948653
0.892759197654452,0.18187418102190733,0.18479189481969235,0.21098237965628885,0.31568619930820097,0.39885138455433183,0.43701158932370504,0.45182863878735297,0.4253530975019376,0.3991087283634632,0.3767272489850038,0.37673347870610946,0.37026812195594255,0.3586159287233744,0.32076378128765093,0.31062578316288153,0.31135847713750475,0.3213591811514215,0.3356931302639614,0.3264637504148116,0.30569218667418235,0.29773105035076264,0.29866034009015835,0.31854070092394515,0.30658063037651795,0.3020466597736375,0.32341583858443673,0.3200250482913974,0.26871612018183594,0.2335517829510681,0.1453492578162181,0.07961083589058701,0.09875830586583557,0.1170581019398523,0.09030968591337178,0.05997562488566036,0.10385561503915698,0.14978422022703483,0.42048604183269256,0.4206157390989496,0.7455701691051952,0.5171798924238763,0.5331157805284087,0.5255045268118856,0.45553659221927506,0.7094125539001567,0.7852637974786613,0.5209539610551978,0.3075041753013846
-0.2192608268903681,-0.6397338809506848,-0.8780018033926446,-0.547443423587258,0.8108969846523779,0.2167000777345628,0.22086862953863506,0.264020038789495,0.2478335940046761,0.2321597670681478,0.19165772948771395,0.16222437419077335,0.15911070911662337,0.13064938654640587,0.15228693949226468,0.15863342348228085,0.16550262472340846,0.1454491816055511,0.16175866692508353,0.18065021709420873,0.1841996779554333,0.17916809554329205,0.16995150590710598,0.16129280975053592,0.1613767607992211,0.16516578188225373,0.22031808446360807,0.2053236915553729,0.19192019429602034,0.18308999989500502,0.1564948880526519,0.1419806991596231,0.13291502370094516,0.22974967025105322,0.09329681951146529,0.7894760553695239,-0.9815638670771822,-0.9833199603911307,-0.9455738451344476,-0.5170032989372563,-0.5401453833942959,-0.46309696635761793,-0.6605064009606914,-0.6584055601990775,-0.5145641771082123,-0.4805441596502317,0.9009779616874699,0.40429316226126777,0.4511294198912545
-0.45939750444122546,-0.42044382267407915,-0.3766963720999095,-0.31268404537404815,-0.39219297365353095,-0.7109478647399041,-0.39131332167193317,0.9767753560356172,0.906270484461564,0.7582487363242452,0.44247040044333663,0.5549553052590226,0.4526806046599904,0.16210256230952358,0.2466842478247242,0.09621497242576225,0.039505368850734836,0.0657220155491894,0.07180179963081634,0.11449767988313889,0.24905034771192283,0.31052211489726084,0.5348001665002439,0.6367122007692213,0.20008856487962642,0.6240903111285989,0.24378997830262963,0.2618426937640714,0.32945792966483234,0.2747355894941723,0.12635278144388412,0.12368873120098263,0.12083913730685471,0.15344746905958584,0.46493207574451223,0.6589400026681,0.8216995546266936,0.0882859238953297,-1.003114081470291,-0.6555443234122856,-0.3718179963065672,-0.22839423837532238,-0.09497956556888057,-0.11077877616117233,-0.24670964206354778,-0.3527621932801773,-0.37871694149639007,-0.37925471398714355,-0.35625128088011954
-0.5863889317020158,-0.5746320321120882,-0.5627793798628817,-0.5249157084746602,-0.4671515129223311,-0.39738588092057325,-0.36196599569525795,-0.2681754308622053,-0.23387712427304577,-0.18465866339352469,-0.17668894225800388,-0.14222639604166382,-0.14321608914893225,-0.18325382453208705,-0.34474977743575835,-0.16186750253792423,-0.592121601854825,-0.596667704974789,-0.6142646915307364,-0.39529356295831525,-0.44573877033222153,-0.28282054828045705,-0.22838981014328796,-0.32985198319488906,-0.6649029446600875,-0.6629422556529287,-0.4159226584567646,0.9043576288234572,0.30091142432077933,0.6126332543764881,0.4709507553868841,0.6501831459484668,0.8170286286047475,0.40617875358130334,-1.0127962071910879,-0.2973247877330427,-0.9939734681553416,-1.0469344429293197,-0.93359607220505,-0.23051020281994272,-0.27982565498000966,-0.18798375316115656,-0.05481227255634871,-0.08496116043728424,-0.10694269676333215,-0.15897006840136607,-0.17237513216605355,-0.16489748958587622,-0.15496748564065047
-0.7133937162820313,-0.7254421614258869,-0.6904863923773968,-0.6674598401419283,-0.603129857321484,-0.5617440857496925,-0.5388206274804872,-0.40960122022523965,-0.39331564379881906,-0.33375511227957577,-0.2722533724109895,-0.2228976550966278,-0.19833320790376963,-0.1875344097626161,-0.15763998775135654,-0.1784063278754519,-0.20421196834903946,-0.21790493198306668,-0.20455356755922363,-0.1896439612061502,-0.2033719804234933,-0.2279535019636864,-0.2399046807761821,-0.24653510413380345,-0.3295657642279478,-0.563930378885947,-0.6317425698420257,-1.0862808959032355,-0.6402930575392956,-0.2468729445007602,0.7620426709642388,0.5916222284965191,0.02664147206570669,-0.8164273914048327,-0.47192673240827143,-0.2111200666454567,-0.1791779953384539,-0.0440963929903207,-0.044581639260735544,-0.06543183063315319,-0.09342384354847497,-0.14150119169135708,-0.17230770186044522,-0.17154260634760593,-0.1780902654426808,-0.2011065095086486,-0.21017344083158015,-0.21775077869243387,-0.22662000422013787
-0.8112004332730861,-0.8051927596174859,-0.8125201591790712,-0.821719461232044,-0.7706640430570157,-0.7601902627925963,-0.7516711173507076,-0.7054553802186208,-0.6243722820673865,-0.5773217604809728,-0.44565248657031614,-0.4180184625165206,-0.42180904633817046,-0.39517926082078525,-0.36939509503366025,-0.3252581864394478,-0.30092711637894903,-0.29424154962087684,-0.2844611447369297,-0.31058430403501996,-0.370208837995117,-0.370391918548463,-0.38182301023927995,-0.3426132398629622,-0.28872426379300153,-0.26280717745795906,-0.28335250336759576,-0.28211631674268284,-0.2835657412936203,-0.32941988293933955,-0.2500994684278822,-0.4105481278939327,-0.38150058830281064,-0.35891520062384924,-0.17764178008566903,-0.15734478492278073,-0.16445370668035972,-0.16358956582186215,-0.1647466399503159,-0.17738722911203322,-0.18449628922693342,-0.19935583625786754,-0.2044687054088678,-0.220701514556234,-0.2408358324954966,-0.297232772149661,-0.3392336687645029,-0.35691017992608576,-0.34666518772938165
-0.8679405020048168,-0.8515770689089149,-0.8543966722452215,-0.8620369785586994,-0.8480136871898968,-0.8429889071030716,-0.8169636873481299,-0.7336906715106467,-0.7328149348018927,-0.6944600896216615,-0.6377020870409041,-0.6151953967312398,-0.6077938605980837,-0.5722339023051002,-0.5164535900605342,-0.4669448976935211,-0.4344040491707213,-0.4665016727852657,-0.48247975229722523,-0.4771751708974311,-0.4656765475490423,-0.4473937760369349,-0.4169470422884992,-0.3527556320492706,-0.3403521105589361,-0.3320882714509198,-0.3118369872665864,-0.30850366052487227,-0.31203088597039674,-0.3002561767437273,-0.2719858097361885,-0.26650170903962317,-0.26044479134478005,-0.26145922470660604,-0.26266986954427757,-0.25798977928587896,-0.2600949964286985,-0.260330930273386,-0.25306205151306377,-0.25131276681474773,-0.26168568418909577,-0.27520365777992617,-0.27803392703600865,-0.28383795617762003,-0.29143667220263453,-0.31202158038285094,-0.3145372682269737,-0.3191102958738188,-0.3365661062892953
-0.9155380137223813,-0.8747035960872479,-0.8801042508528236,-0.874990778986001,-0.8439036499797107,-0.8141322155195577,-0.8219411110486402,-0.8029415168850772,-0.7788803420419168,-0.7336066254137027,-0.7031531727492843,-0.6529279305015812,-0.5976054059266991,-0.5413664866428273,-0.5330963825050409,-0.529045839850597,-0.5215494726900801,-0.5228581671813538,-0.5104524705201736,-0.5010585723117724,-0.47013129496966377,-0.4477853892358798,-0.41289482692855484,-0.38429581932659784,-0.3662180176661138,-0.34464937228595843,-0.2930119565425719,-0.2761720160116904,-0.2855016321342615,-0.2960981250797713,-0.318199031420078,-0.33866003268175776,-0.3420153306381892,-0.3084678576216814,-0.29673179431424,-0.2878367403099174,-0.27980901958222437,-0.27837231311131316,-0.2849965130208316,-0.2934500982452343,-0.30618698322346743,-0.31869212941117914,-0.324894145811902,-0.32986946796822814,-0.33532181580428033,-0.37997245502007365,-0.3972891953093146,-0.4112619282918071,-0.41792562640824765
-0.9576673339851738,-0.8810783285914492,-0.812225818664845,-0.7925806943765856,-0.8318277621340876,-0.8231484757007831,-0.8192621215453868,-0.7621728594092614,-0.7245147296884765,-0.7292456782751404,-0.7195358205401361,-0.6934982767731941,-0.6849610990852658,-0.6674730656154547,-0.6077058934054821,-0.5854312485240932,-0.5713911976154528,-0.5358686931138393,-0.5147299207745083,-0.49879647354377643,-0.4599457745103092,-0.4352860632952683,-0.4165601718397586,-0.4141199617589643,-0.3958828528163775,-0.3838972359264064,-0.37139098174919355,-0.37890875641609434,-0.38490532030411423,-0.39161000568668203,-0.4017622870125635,-0.3952653589647196,-0.3914585152817586,-0.3914159841705531,-0.39802460776970666,-0.4035828278749709,-0.40421055205795475,-0.3993851898566705,-0.4055993778969646,-0.4437232471019978,-0.46640765506056747,-0.4855278255059088,-0.48075521157862816,-0.47307212158438483,-0.47110785019842044,-0.48956721460676245,-0.5122187035087998,-0.5356730814407987,-0.5628151647211846
-0.9776349705650426,-0.9724528703705967,-0.9592349737069207,-0.9272869650338994,-0.9008984553680438,-0.8829563629492345,-0.8581260206148803,-0.8296334980147967,-0.8411804574812738,-0.8430803553025343,-0.8851389478582607,-0.83699442858829,-0.769898096654441,-0.7323033158224632,-0.6730102376041766,-0.6358443233579059,-0.5827331373567591,-0.5488789788613143,-0.5526139739832389,-0.5441002310575596,-0.5450886488158337,-0.5404910467417464,-0.5273108264956249,-0.5261658649216019,-0.528209847642076,-0.5263284342805635,-0.5087784413856653,-0.508055579277106,-0.5124716837182086,-0.5125882458780168,-0.5367298749423506,-0.5496830175169122,-0.5363546146461664,-0.5221314377574109,-0.5126502136034344,-0.5147622678467308,-0.5350804013879853,-0.5351007640616396,-0.5355040044070737,-0.5477542491132761,-0.564188304730544,-0.5692107078790659,-0.580669301273657,-0.593722719957395,1.764238499212997e+38,0,0,0,0
-0.9657884432842697,-0.9446198994550834,-0.9338038526544922,-0.9224617875471763,-0.8843676675998003,-0.8733612122542651,-0.8803338840029682,-0.8829951303883827,-0.8834364264771333,-0.880041136629443,-0.846198680573129,-0.834725186174463,-0.8038286599725859,-0.7765242969840525,-0.7293663283077247,-0.719493547705469,-0.6852269019440318,-0.6379374410816402,-0.6202672071507344,-0.6186190070865601,-0.613845809341041,-0.6104267837978319,-0.6180854680681183,-0.6386260682614704,-0.6473326046174084,-0.6471752352052658,-0.6379943465900727,-0.6519257183210301,-0.6510103640000549,-0.6511566181769453,-0.651813312134484,-0.6437626374638771,-0.6388758840068484,-0.6493317332774107,-0.650340603672405,-0.6557573767337594,-0.6864818643172591,-0.7016068244805872,-0.7010828619741826,-1.2116657734083103,0,0,0,0,0,0,0,0,0
