jsons/1312786800.json
{"header": {"parameterUnit": "m", "parameterNumber": 2, "dx": 0.1, "dy": 0.5, "parameterNumberName": "Eastward wave", "la1": 40.97354507446295, "la2": 16.46031188964855, "parameterCategory": 2, "lo2": 133.9931640625001, "nx": 191, "ny": 50, "refTime": "2011-08-05 8:00:00", "lo1": 114.97908020019554}, "data":
[rows 0 to 21 of 50, columns 98 to 146 of 191]
0,0,0,0,0,0,0,0,0,0,0,0,0,0,0,0,0,0,0,0,0,0,0,0,0,0,0,0,0,0,0,0,0,0,0,0,0,0,0,0,0,0,0,0,0,0,0,0,0
0,0,0,0,0,0,0,0,0,0,0,0,0,0,0,0,0,0,0,0,0,0,0,0,0,0,0,0,0,0,0,0,0,0,0,0,0,0,0,0,0,0,0,0,0,0,0,0,0
0,0,0,0,0,0,0,0,0,0,0,0,0,0,0,0,0,0,0,0,0,0,0,0,0,0,0,0,0,0,0,0,0,0,0,0,0,0,0,0,0,0,0,0,0,0,0,0,0
1.4382250753315236,1.3757357235611625,1.3889651612522127,1.05251441096575,1.318588809231682,1.3257165521527992,0.37638842065061723,0,0,0,0,0,0,0,0,0,0,0,0,0,0,0,0,0,0,0,0,0,0,0,0,0,0,0,0,0,0,0,0,0,0,0,0,0,0,0,0,0,0
2.656279360408291,2.4218428470787616,1.966283627049976,1.743973337608807,1.2493589838220251,0,0,0,0,0,0,0,0,0,0,0,0,0,0,0,0,0,0,0,0,0,0,0,0,0,0,0,0,0,0,0,0,0,0,0,0,0,0,0,0,0,0,0,0
3.584849975280837,2.637038874302629,0,0,0,0,0,0,0,0,0,0,0,0,0,0,0,0,0,0,0,0,0,0,0,0,0,0,0,0,0,0,0,0,0,0,0,0,0,0,0,0,0,0,0,0,0,0,0
4.9157468089055785,4.507208281276934,4.180926694597031,3.325306068170375,3.135959710887594,0,0,0,0,0,2.207496555039398,0,0,0,0,0,0,0,0,0,0,0,0,0,0,0,0,0,0,0,0,0,0,0,0,0,0,0,0,0,0,0,0,0,0,0,0,0,0
5.4257165200230135,5.36154880836205,5.369557672125139,5.072565172080134,4.881491627667925,4.606839253215481,4.261657469372348,4.115827756010683,3.981713390769378,3.646638538634141,3.4950067977817407,3.4212474230627263,3.2236045380770952,3.1549508282445378,3.015571021346003,2.9997679670339408,2.9203222227709356,2.795268305427111,2.440771868127921,0,0,0,0,0,0,0,0,0,0,0,0,0,0,0,0,0,0,0,0,0,0,0,0,0,0,0,0,0,0
4.633260224308228,4.5972610140411705,4.574550157731319,4.450864237626472,4.344244271350418,4.283645970744006,4.0529843805346,3.9514286118966355,3.757834945231572,3.5671191750761957,3.399578294442767,3.3097105009418217,3.1693397689125686,3.0908609041846793,2.847334138426042,2.6377705653165306,2.3356874419980884,-1.8547617601462574,-0.6161265972562296,-0.7492535136560203,0.6771461530455463,0,0,0,0,0,0,0,0,0,0,0,0,0,0,0,0,0,0,0,0,0,0,0,0,0,0,0,0
3.7645379969701005,3.719874039731696,3.6936481564126824,3.6141207504146395,3.57501460445992,3.47857640065157,3.3113190137549022,3.2432087170756683,3.1686414089308066,3.0351114864181485,2.908822136044184,2.8324202904955604,2.5188375142185717,2.3492072788975578,2.269796695871891,2.1177079612752467,2.033085225854165,1.9005389881247428,0,0,0,0,0,0,0,0,0,0,0,0,0,0,0,0,0,0,0,0,0,0,0,0,0,0,0,0,0,0,0
3.14238740863417,3.11617586807978,3.0660817481597795,2.9985888450354037,2.955179233243654,2.8925110914492898,2.7943767800238537,2.6960940530980264,2.642428871502413,2.4957392676460914,2.4141333159827183,2.3016540206857745,2.117290222336884,2.019101756244741,1.8709523503031706,1.6938140232899084,1.6079537190229065,1.579074456049731,1.2208484213809507,0.5625885020513004,0,0,0,0,0,0,0,0,0,0,0,0,0,0,0,0,0,0,0,0,0,0,0,0,0,0,0,0,0
2.6255999103820264,2.5841504399312853,2.572176184556665,2.5339863669452445,2.4885341892122184,2.4803361818105687,2.3671179343357176,2.298897163946085,2.213027882403526,2.0084336122309443,1.9293712969133918,1.8295859438902193,1.7066766134094087,1.6434216813841585,1.6309672165475326,1.4703687657267095,1.4541224326349824,-1.6381466592862957,0,0,0,0,0,0,0,0,0,0,0,0,0,0,0,0,0,0,0,0,0,0,0,0,0,0,0,0,0,0,0
2.0715832856469825,2.044383779443578,2.039282197687296,2.002558604332519,1.9880492690709595,1.9650292088199333,1.9055202165527303,1.847694755608603,1.7999140259385362,1.6822065337222623,1.6025269426972895,1.5977981339367657,1.5843348344837873,1.578870309193173,1.4270848673441348,1.2231765975817732,1.1993161575440683,1.0334028307450147,0,0,0,0,0,0,0,0,0,0,0,0,0,0,0,0,0,0,0,0,0,0,0,0,0,0,0,0,0,0,0
1.7725077904258457,1.8241308303732517,1.8226457263085158,1.8419315312746667,1.8870684217798714,1.8746839317146913,1.8486968583424124,1.8256514634218697,1.8104088576673205,1.780786607443098,1.7332666216199588,1.7185203835960796,1.682077292629768,1.6720024192397516,1.6118705967287033,1.5101872493140716,1.5069056566991725,1.4940673493453571,1.547420543590353,1.614478122815798,1.4985665055302182,1.541814527963463,1.5651995495520155,1.5727787628969467,1.5486014341224392,1.5682062975435351,1.585530519378308,1.5088936767133905,1.5487652770106208,1.5754042933917065,1.5681574127074827,1.6026436038185239,1.6139912143968431,1.653675135825405,1.6703109775409635,1.6852842680287965,1.64577189524877,1.6281214532973924,1.6170728735330282,1.5695728592384386,0,0,0,0,0,0,0,0,0
1.4499847960976868,1.5665296605292574,1.587243652108443,1.6218722530549539,1.6741344228739037,1.6939835955807363,1.705422988324139,1.722399410827374,1.7119363556544422,1.7028385102322672,1.693715564510413,1.6745900189670926,1.6252805692095558,1.6204931244395022,1.5582276373054786,1.5344560945643102,1.5278805695034703,1.4986754058361393,1.4949026681473192,1.5005931356168132,1.5995738479273027,1.6190519953430849,1.6146173379441355,1.6634360821849197,1.6783857558157746,1.6670665528724442,1.667941562680103,1.6646098548945578,1.6838695527439151,1.6833434641256748,1.6737839405333863,1.673313029964848,1.6689030345159035,1.6643318595098666,1.6537371619950312,1.648546694956167,1.6270213134921083,1.622818100987757,1.604501154586935,1.583673462676932,1.577625726980591,1.5558676658825525,1.515587529841745,1.5009427599141805,1.4518685845111616,1.3363666471881996,1.2839657274062077,1.2734112193283005,0
1.0616961691169777,1.2888760140899747,1.3142847100833996,1.3733437697055306,1.492396661226214,1.5191733846488569,1.5010199433999936,1.513344158823483,1.5020357220970557,1.4790251381506268,1.4755925536174443,1.4686412046777682,1.4091283949576245,1.284305099515068,0.9176484231497508,1.3507863836427216,-0.39204519529878273,-0.6065965938722141,-0.2641915138290491,0.029655660738502718,0.811471852183072,0.8556745529640102,1.3633925280194852,1.5243798592665059,1.5696837520403353,1.6113680120449771,1.605285487539162,1.5982469125362346,1.601184148255206,1.5931518008246566,1.589633546171132,1.5712548804317017,1.5492494030851178,1.5438841927558034,1.5562515905598584,1.5390130607163268,1.5122229612026017,1.5231372760502435,1.5309286659180936,1.5123758145545925,1.490449639595629,1.4865468825365369,1.4444896388685542,1.4316058646287146,1.3692451248713657,1.301168647940699,1.2480459403172313,1.1319936191010311,1.0840236237432053
0.4780390700577285,0.6879691002853059,0.7988399673437069,0.873899595047073,1.0312023433224027,1.0866530386285427,1.164707549982926,1.2621994765130746,1.294190401169261,1.328086289177048,1.4353092356118589,1.4705979966350482,1.4965715256915204,1.511227877581351,1.537652410368142,1.545813932025367,1.5749944590984915,1.5972632009266008,1.6028776458367,1.5986871605683959,1.579805183802198,1.551643403495649,1.5469913982562895,1.5330203972167635,1.531023228788573,1.4918811422148137,1.4900720004391637,1.4750400700724557,1.47237793876952,1.4696258716074324,1.466306851152003,1.4686708063019254,1.4656245129606897,1.4668143080894338,1.4572610722474912,1.4547414448447602,1.4463764431217316,1.4445118588268915,1.4317558720494383,1.4142939807760448,1.4135179308144754,1.4222059828779097,1.3906788365866893,1.371414796730876,1.3484299779529367,1.3011504686641544,1.2680029461591866,1.29405162824543,1.2279884905839622
0.3448133691881866,0.5175234629409673,0.592098179455766,0.6601436241693593,0.7918087545995682,0.8314923313868581,0.9148629881427127,1.0295162635821575,1.075040481095314,1.1346404555305485,1.2066329490879146,1.2210825395138147,1.2591456080567371,1.280667788626037,1.3175774136515563,1.3247374072606959,1.3502941198134548,1.3772303000416193,1.3877093575593809,1.4013416860604944,1.4179679579205005,1.41901775485173,1.4133455866630054,1.4074139446770546,1.394889489246091,1.3843462483809568,1.3811914657902225,1.3812719786209875,1.3799554207105238,1.3743675541086138,1.3732682499054767,1.3792264551661022,1.3801342893842725,1.378513658409332,1.3809245210470236,1.379752151073225,1.3795182935496613,1.3761160489834783,1.3740888576608352,1.3537745764694202,1.3494231456918007,1.342033969337832,1.34173988516683,1.3368537290380256,1.3244957438754204,1.2908469069943185,1.284742537097471,1.2786973802664916,1.256422760649293
0.5135793067822775,0.4854479484289148,0.549927907226542,0.665431259788428,0.7964990404916101,0.853739552167125,0.9297636064465515,0.9736144858680035,1.0081539344679817,1.0303828541231692,1.0899385587141768,1.1078429237387477,1.1326967253053972,1.1528345867259004,1.2171885426506668,1.2321627750066166,1.2460566300631402,1.2717857510631154,1.29626923511014,1.3096216700705179,1.325508411030124,1.3411948237710207,1.3347840206161945,1.3444331439682176,1.3373937047291504,1.3264659282537208,1.3267700509920208,1.3268550874677043,1.3339132413522818,1.338868686866271,1.3350146983963638,1.3389627906207207,1.3413331885369075,1.3489970919487968,1.3533230707381194,1.3479227594827021,1.3362323721569596,1.3568135231817502,1.3463468255955386,1.3217134897678435,1.322276509356973,1.3208018268425266,1.303351021772678,1.289431270491111,1.2775410482284815,1.2452767064578387,1.2352963552969776,1.2313331068083424,1.2074977367569744
0.343818752017115,0.5125178159047385,0.6507542997850434,0.734576938166033,0.8450398158882639,0.8548019385533365,0.8962010812129455,0.9761362752687964,1.0062239734437561,1.0535870092763775,1.0834872747701623,1.1161931585282627,1.1072869639611445,1.1348709649412132,1.1666443933563433,1.1727620169403166,1.1938832180308363,1.2167920941742008,1.2531907664830415,1.2761741955677663,1.2989093360978996,1.3084772135326534,1.3057700196922442,1.3168033916165263,1.309524817777373,1.3197362117080969,1.3227541859607972,1.3252976730158168,1.3277950877643656,1.3291423179066957,1.3265688666138717,1.3209624311600232,1.3106544397604618,1.3215264046816408,1.3352770446764122,1.3299561712624226,1.327930447667142,1.3407141175997952,1.3398039740356635,1.3342197563401854,1.3395493166431784,1.3473963219240377,1.3288226125485396,1.319362202230253,1.3002237600928805,1.2663219255600913,1.2564396841492154,1.2485318155396283,1.2452324424756533
0.4417419881896944,0.6637862047722993,0.7969576430189818,0.910005066770018,1.0036208504528317,1.0672875484725037,1.0959210421757701,1.1500244687299788,1.1716335573441037,1.1769512809226386,1.1914157366647382,1.190404584024133,1.1897795896413792,1.1913643439764305,1.2117674148171405,1.21736437063865,1.2212590969982557,1.2385329585546463,1.2539971138309007,1.2621420351409187,1.269641011743061,1.2696792486082045,1.2726680017216765,1.2859779832397829,1.291601489349712,1.306375257170355,1.3221385711954619,1.3280037192307572,1.3369330103030315,1.3400808020964616,1.3384352675595355,1.3426891649557018,1.3428300141002842,1.3302922241968855,1.3256841795364986,1.3129162486314434,1.3230200192765793,1.3246601284687507,1.3264342797103907,1.32575928620603,1.3111037469998177,1.3069640658747346,1.3044806588993498,1.3005655162380156,1.2847640450733147,1.2713167770358378,1.2665101148740212,1.2594557183992297,1.2465841287381265
0.5631272892654252,0.8650102329986566,0.9440432450981593,1.0098290056708876,1.050982855581777,1.0897778683009685,1.1115219107467005,1.1640246990051475,1.1664116814604257,1.1780735620471328,1.1720788850549362,1.1737240647027474,1.1881814938048372,1.2013943610626434,1.2117032024607608,1.2182047244539085,1.2177768783446492,1.2249454702771574,1.2470052692223914,1.2541417142272577,1.257022943628649,1.263011058151655,1.2711072532114596,1.289583523013408,1.2827486213679864,1.2932793085340268,1.2942124367561674,1.2934487702316138,1.3076313585933477,1.3148823053368408,1.3153609306366354,1.3161653302373348,1.3114988570999637,1.3082414644845992,1.3158443772263497,1.3141088002083812,1.3021058439517355,1.3074604177740656,1.307125263654243,1.3093076795802014,1.2973273599175763,1.2978929919156093,1.2880926734667677,1.2920133097715063,1.3072059229085629,1.2913877064627064,1.2949216993200612,1.2870881825554517,1.282988204484277
