jsons/1312837200.json
{"header": {"parameterUnit": "m", "parameterNumber": 3, "dx": 0.1, "dy": 0.5, "parameterNumberName": "Northward wave", "la1": 40.97354507446295, "la2": 16.46031188964855, "parameterCategory": 2, "lo2": 133.9931640625001, "nx": 191, "ny": 50, "refTime": "2011-08-05 8:00:00", "lo1": 114.97908020019554}, "data":
[rows 22 to 43 of 50, columns 50 to 99 of 191]
0,0,0,0,0,0,0,0,0,0,0,0,0,0,0,0,0,0,0.05557652868567105,0.025627012806083312,-0.003637255307640342,-0.08026659326556035,-0.017491015545595723,-0.47213761863202897,-0.5950988718652134,-0.7497601446697381,-0.7243244097695761,-0.5121228837475884,-0.37761134000080443,-0.25253129207562375,0.004830300512218926,0.23242145547251328,0.36918649880125265,0.4880413115503546,0.5327516422160187,0.5931290910589178,0.7067300262815229,0.7415111202335999,0.7178954043222328,0.6979622428485176,0.7197989591336226,0.7471081598937591,0.7708906140915368,0.8131144626261312,0.8136816175320866,0.7861376613186695,0.49527078254473156,0.2158510501940522,0.7325983639475345,0.7610891385378742
0,0,0,0,0,0,0,0,0,0,0,0,0,0,0,-0.0034940930572521537,0,0,0,0,-0.2504542315285953,-0.45768374815172874,-0.6198393540863081,-0.6763838181178747,-0.7048544491044096,-0.721378026890194,-0.6428087899326466,-0.42598277266661216,-0.20472816458199522,0.06652892332578719,0.45388995430733126,0.593925668970382,0.6728951306224342,0.7440865867483604,0.7399026922994001,0.7450897333866385,0.7549108565905533,0.7587896920941168,0.7751240386683573,0.7840335225148057,0.7917856408088926,0.7946968025768336,0.8102249035652886,0.7147106617884375,-0.08979541649577287,-0.533034843510487,0.8485509636023546,0.7122968261593464,0.8551491446730517,0.7959931190866231
0,0,0,0,0,0,0,0,0,0,0,0,0,0,0,0,0,0,-0.27631575009871473,-0.4285351373298558,-0.5071226335683191,-0.5876607276430794,-0.7147215589782095,-0.7541234503306945,-0.7232404473528508,-0.6632346874327651,-0.5297122741673684,-0.11681410605795256,0.23228193676390171,0.5034246819605667,0.7698080072349595,0.7621859809740466,0.765870967503335,0.746572242605926,0.7436597922910481,0.7569164197127656,0.7869286056606236,0.8052118071653629,0.7927652159553371,-0.7994889170014089,-0.230178215054814,-0.20230601974221019,-0.665705216042729,0.7010568933601183,0.7910074170585252,0.8313949222003171,0.8247645032693589,0.8058549727431186,0.8061068601894495,0.779709793838419
0,0,0,0,0,0,0,0,0,0,0,0,0,0,0,-8.1454825486999445e+37,0.05954987291212907,-0.33307769290887923,-0.4635523102232973,-0.6198122147512077,-0.6994792139735012,-0.753410185363771,-0.8284449833112795,-0.8196858965909241,-0.6037381577175674,-0.3871677233596766,-0.12824581301078322,0.592714274858249,0.5813748834414,0.7944189117273058,0.7738681319829364,0.7551230644997046,-0.6023522140603368,0.4091416144093687,0.3895674054330536,-0.7498071594450323,-0.14942060489834927,0.7784069551311125,0.6779599395870524,0.44920289950849623,-0.5911523006750222,0.2818547169533992,0.6856597937752968,-0.1185227123887169,0.14980611542104197,0.8263837276346035,0.7778115909273928,0.8015697386952365,0.7753114985140362,0.7812134318054031
0,0,0,0,0,0,0,0,-0.07490614536756245,-0.17100251781707676,-0.2219818763856355,-0.25606685862350853,-0.3326258855725835,-0.36696834321600075,-0.4260012794899304,-0.4812835886712187,-0.5703164563258888,-0.6723284620753304,-0.7360461387365355,-0.8345410085615443,-0.8414703448471814,-0.8218989638181114,-0.7398056109631155,-0.596908455338592,-0.26301226360626845,-0.01192182630840257,0.19780691298349928,0.5939208595565627,0.7098343854547858,0.7561905621459363,0.7770119385957752,0.70757631973291,-0.17349796342018153,0.008423345614344414,-0.6857915480440586,-0.6336039642203283,0.7313880640249651,0.7718237969487858,0.7762427859188835,0.7840928718978231,0.7861158009235931,0.7902235110722119,0.7884080641977843,0.7852084255736064,0.7926988966186747,0.7987754972941933,0.7994461383349957,0.7891550490289232,0.7878495347043609,0.786465869262823
0,0,0,0,0,0,0,-0.2976542717251139,-0.35904439581363773,-0.45707516986179547,-0.4897645285193547,-0.5458230854674315,-0.6137074545171312,-0.6525831207198423,-0.7069353897854942,-0.7592621288882143,-0.8289201296213273,-0.8337901921773694,-0.8377107033208934,-0.8034309415813933,-0.6324760734299464,-0.4862073932463027,-0.4049463186862545,-0.29027730831486204,0.033874167828002004,0.38144581616725187,0.5193876025169731,0.7385100449514053,0.7425107097042968,0.7605114296930849,0.7901289274419332,0.7792409770270483,0.7505052371349454,-0.7093817121669712,0.7869435192050273,0.6950703444041857,0.778543021149937,0.7759601026759687,0.7785601769158175,0.7690638421193077,0.773567168977299,0.7760464888530834,0.7750468994790994,0.7720837655916287,0.7721166948463561,0.7800935044314895,0.7934285457162966,0.7965779814105974,0.8017217021260149,0.80218272018892
0,0,0.09146485515389217,-0.38863414782331057,-0.468490886943718,-0.5048147750578009,-0.5732380939217091,-0.6025308017292451,-0.6421358157175651,-0.686374417805704,-0.7356984116040668,-0.7831875402132538,-0.8348169888214106,-0.8700500328454724,-0.880199361441534,-0.8644162105901266,-0.8646496730905185,-0.7573077262810963,-0.7320449893891744,-0.7011860168841741,-0.5150043319049551,-0.34601741370743777,-0.2620602140175096,-0.156465496093458,0.09324754827497268,0.32353563997758245,0.39156116217117565,0.7685425032747537,0.8045427127656898,0.7472541140273815,-0.4124734081920995,-0.34507839932648027,0.7641698260351388,0.7906140017254308,0.7916556796198567,0.7706599462893592,0.7679529811452556,0.7691880100925759,0.7721260376676103,0.7674289717253537,0.7719916885144443,0.7716430077534142,0.7738242555632431,0.7717118593301022,0.7681400474315369,0.7671202003788268,0.7712153756323966,0.7661541659902591,0.7625063038771649,0.7617502772338102
-0.5004831526356782,-0.5523759709689369,-0.5972988392984356,-0.6527238176807079,-0.6891993659969353,-0.716565362506573,-0.7601790614682258,-0.7872797526058932,-0.813171619076932,-0.8572778695499432,-0.8628040672170224,-0.8488418915657223,-0.8759388258146289,-0.8675254026164988,-0.8105938832459679,-0.7612590721906958,-0.7198426777661697,-0.6029533739969994,-0.5307006459607945,-0.4312770815585917,-0.2930641926292913,-0.22020603150636756,-0.12921597074373717,-0.043235619197545094,0.19099078971226263,0.37622506200031725,0.48072270506683273,0.7010777734479345,0.7576482991876209,0.8066520394333316,0.8364879727300999,0.7953475521144092,0.6068607691687312,0.44489823088794783,0.6651230670294203,0.7561045922744194,0.7742191087219258,0.7781404619286223,0.7775777833061185,0.7937060896802611,0.7925322964123388,0.7794195672830899,0.7770693102439127,0.7652836015274687,0.750870269838485,0.7528985717234609,0.761551170495055,0.7547309771373447,0.7531253195571906,0.758973663043882
-0.6887702375895193,-0.709344475732164,-0.7516375455563616,-0.7812521180239881,-0.7845404368484135,-0.7987254262704799,-0.837917343953177,-0.8536318347074608,-0.8206731059833037,-0.8230020490778744,-0.7883339768688538,-0.6921940343854137,-0.6766534167946497,-0.6482649830157328,-0.5581957150565258,-0.5344716415272573,-0.5402147944884486,-0.4547421512707109,-0.37303168316589397,-0.3027775778250209,-0.18527806163810978,-0.1889115035029837,-0.13451872050719793,-0.05234902589738548,0.21751053607764548,0.38297181104293565,0.5049949506398165,0.6722144904723502,0.6792031570499559,0.7216870763501464,0.7891073004924302,0.7975204504886259,0.8088067422419908,0.5698264707565839,-0.655782378270072,-0.43421630327263316,0.7874620650461223,0.7961225449998992,0.8082437855166491,0.8022941720452034,0.8023131708685761,0.7962603041860513,0.7886339995666418,0.775939550421923,0.7679805672069815,0.7651292963538806,0.7604954814857067,0.7516125877893474,0.7517201462347362,0.759065408440834
-0.7299527348104143,-0.722962083744464,-0.6865253341435229,-0.6868783855138021,-0.6101338030121993,-0.5971593510831011,-0.5938030053979747,-0.5315122302992149,-0.42205609956114737,-0.33889426558048397,-0.3209330907680889,-0.25315041617380607,-0.2661081484159803,-0.2495708998314936,-0.252761095098616,-0.2863553981223456,-0.33629582835824645,-0.3732225557437446,-0.3760429469208,-0.3946709036239564,-0.38666994123179704,-0.35798264442598426,-0.29430523457830854,-0.19755242812247925,0.026656882370201227,0.14921515485920622,0.22854701327738264,0.3457011573156135,0.4092248625680885,0.46856517441058154,0.586171769347893,0.6259864027160419,0.6687502241478449,0.7630455964438548,0.8004206845682763,0.8316522908631682,0.6016688779964443,0.8199000861487078,-0.48151038316773587,0.8066222034364541,0.7597700402332042,0.7480040765152287,0.7436585453867796,0.789170838776391,0.7841474451853017,0.7845500550665917,0.7801891765411056,0.7835047950046495,0.7818821041023207,0.7780633402065175
-0.5531411733367948,-0.46132426599743603,-0.42142575398100357,-0.38825537697816576,-0.25766028912444977,-0.21160743452873088,-0.17817106410156514,-0.07140418647988131,0.09336198429502353,0.24758504843538118,0.2842210853646401,0,0,0,0,0,0,0,0,0,-0.7224561721495667,-0.6400387182925644,-0.5683856197680334,-0.4803751862660192,-0.38319459970676095,-0.2414570571643547,-0.11343623438159242,0.035981638266990225,0.1440459300255066,0.2259163809119609,0.41885087729210746,0.4732609640638963,0.5425876306754206,0.7562262827450305,0.7822194486078935,0.8117024900621324,0.8320107099278716,0.8247129018221834,0.7959353666654969,0.7942116222695698,0.7831783822455466,0.7599037738250854,0.7308133433117601,0.7504070101131948,0.7524434024450088,0.48132841801314746,0.46639587053837595,0.7661141027469553,0.7876456471985103,0.7843106834487881
-0.25665708065915654,-0.150613399371906,-0.05276308069189399,0.014968915606814247,0.2294488387049357,0.28984471922927535,0.42224076442451886,0,0,0,0,0,0,0,0,0,0,0,0,-0.9967547473039645,-0.7839347575422233,-0.7119998308739024,-0.6221820219976584,-0.5710807377512422,-0.37174087960451146,-0.30710094146861877,-0.2393652643277589,-0.0431234326486197,0.020088499920069634,0.09323042430945334,0.2261343638693355,0.29648643317360124,0.4068759216045145,0.6378679778480657,0.7187021129126551,0.7578211045325441,0.8093387255131369,0.6117809127177376,0.4479693338682849,0.40561208087417094,0.5472879702800405,0.14467620614243,-0.2653761870479184,-0.45119197706783665,-0.3363254409186283,0.06950513296019324,0.729766095612201,0.8176403567428748,0.8034248486942186,0.7836053890370064
0.2056128853016663,0.4085901321477316,0.47169033215761674,0.4720598114084651,0,0,0,0,0,0,0,0,0,0,0,0,0,-0.8303109922281803,-0.8416068083045426,-0.871314419151465,-0.7250709461482724,-0.6561281338664467,-0.5728134190563808,-0.46876515789861006,-0.38074666139691915,-0.30524082918205503,-0.23761586821168898,-0.1291786954047989,-0.05707593658144965,-0.016668390761517667,0.12971900640316,0.2944686574488631,0.42121661595883536,0.6326686701137054,0.7203555680719814,0.8294704819910138,0.14316942634969154,-0.4387449153199664,0.6470318411836665,0.7288205796939259,0.7291646568810645,0.724549288482093,0.6664167770880179,0.5688791423423526,0.5753895331995198,0.6898828543775395,0.6700103580683517,0.31239801093423475,0.8287771528182268,0.8328696726633195
0.5436449638893797,0.6258582773485475,0,0,0,0,0,0,0,0,0,0,0,0,0,0,-0.9055430279073077,-0.754402026454178,-0.6679155039512809,-0.6387955929369455,-0.5158728634017224,-0.4580442672244271,-0.4038516169147291,-0.31164150112263733,-0.1946134395412144,-0.1422023412004903,-0.09727890417743894,-0.034820656352238494,0.013129513680588099,0.06806656890939262,0.25911102017273485,0.3242674566643435,0.40548019351682235,0.6027690522507019,0.6831070903975418,0.7665052351711491,0.8971459831820091,0.8262799512404309,0.6479414405180867,0.4810959310509297,0.05696773843869952,0.28229088472503494,0.5448839366194863,0.7481581217656237,0.49538452542999656,0.7426527521598056,0.3377332117938839,0.7076350099572158,0.851046070648785,0.8211222113862956
0.41752744409479214,0.19559951042462714,0,0,0,0,0,0,0,0,0,0,0,0,-0.7513197200851629,-0.7212283367441236,-0.7438315266106595,-0.5756868742125782,-0.5138388222546117,-0.44870888806451825,-0.3138449782320842,-0.2414999103434977,-0.18884120855473385,-0.12156087729550384,-0.04935120035258963,-0.024716804596770447,-0.02801457559399738,0.06895457346314733,0.11005212925728534,0.14426797260444946,0.2744098149765289,0.3650212199958926,0.43894252400230177,0.6021343616329166,0.7171333370755911,0.773107161681698,0.8187721121787368,0.8485597242748969,0.8454173715984834,0.8930197099347303,0.9019989206444471,0.9075723840502948,0.9066427947402796,0.9170240356356038,0.8463550496995813,0.799481000327266,0.5108718833024096,0.6375984890383212,0.8742309821494769,0.8568268119730726
0.514562009487305,0.520210831461428,0.39064378761789054,-0.1395596657511045,0.10883313187784434,0,0,0,0,0,0.15596816068185998,-0.7038940516964703,-0.7856433802688111,-0.7423345249814988,-0.6314603047241092,-0.5595188185764826,-0.49488755122816885,-0.32242227451765587,-0.2940095392895318,-0.23563235493707285,-0.15762229252271945,-0.123126178834509,-0.06842015950823985,-0.030337436904288407,0.044605564562442655,0.10275319129266924,0.1328422611242669,0.21783068464201466,0.29882257408432833,0.3508341696602778,0.3992576945229745,0.47698071115476265,0.5426518325001193,0.6529716077844187,0.6562983629511344,0.6582985620323953,0.6970564452860951,0.7654894024876046,0.7659356280732545,0.8370247425801949,0.873750757278239,0.8868551028237928,0.893315119171959,0.9006092636798811,0.9090858657347711,0.9076621735080886,0.9067987507043868,0.9075271250298657,0.9105773937883197,0.8885258833635467
0.49335224522259485,0.3491483605820615,0.249715431763067,-0.5321659414551575,0.35377707830283595,0.34303137753580104,0.2827111076959199,0.1006279385793837,0,-0.7292011406309765,-0.6904834115901616,-0.5471511827644673,-0.5061067339897134,-0.43155625922030344,-0.27636507241590336,-0.19833208011975476,-0.12704654404091686,0.02172144518894346,0.07542882348055147,0.1034872884443509,0.15949596058055934,0.19079351030157327,0.21712640160258978,0.2690764188070066,0.35026162929815136,0.3615747026546918,0.3771675809284179,0.38165816905557853,0.36303217848835306,0.39640529089366155,0.4826117351647761,0.5407055355578502,0.5795916677234427,0.6051223967801679,0.6191736708243477,0.6701537888680428,0.7454142528186047,0.7861323768631325,0.8243656800254806,0.8970367375851732,0.8969920564122706,0.9090708524519412,0.9271865595755185,0.9349392623070452,0.9279106135019374,0.9324978368520135,0.9666777498232512,0.9429324814553244,0.9108635798694966,0.9045212797909878
-0.1538731785214274,-0.33876891338289106,-0.40865440499262135,-0.4922670816429639,-0.4698943843584969,-0.47771395007937884,-0.440864422717122,-0.4218399230123677,-0.23679057675250217,-0.21597513895269388,-0.18815666927473837,-0.06999143218256199,-0.05030561850401264,-0.026340442255497424,0.02999171334411328,0.09575572197321185,0.13243367717355958,0.2303779829794046,0.25798689121667207,0.2961733739509259,0.34926971863104234,0.40271914481916266,0.41552945179072687,0.4408590605549957,0.47281955379076224,0.5016486779402697,0.5175904686996601,0.5843272585028911,0.5732048585162024,0.580574474128677,0.6064643925514714,0.6179412917560336,0.6463334652172275,0.6965682200496242,0.7027221253752511,0.6944830990265667,0.7706823385537614,0.7944589933605508,0.8215073571502829,0.8659371781978388,0.8932156822282901,0.9015257609641697,0.8854775796802662,0.8828497866531946,0.8794089003922377,0.8770872709251553,0.901091026588836,0.9110959251323265,0.9247408522222103,0.9426362476324439
-0.2490899606799172,-0.2768090566718825,-0.22418822959678297,-0.15602944927563347,-0.19256331607498742,-0.1559619355003307,-0.12581355347745998,-0.12220867084202647,-0.011976382360450559,0.002754668078764433,0.04316922719244994,0.1082247627017735,0.12729006503737986,0.16082420799975547,0.28007582163089334,0.29025616954359973,0.29754632610200304,0.3323726421412087,0.37146645979437276,0.4226087426389317,0.47014778029052945,0.5244439607002777,0.568559015849031,0.5680890677755052,0.6246430615840527,0.6327874695839595,0.6467684026929096,0.7005832679600168,0.7051463883443466,0.7140252326558415,0.7465568887874389,0.7212744058357733,0.7144885820675876,0.7185395468215483,0.7376775137682546,0.7575776521254639,0.7878086012022767,0.8003931948911883,0.7958366343774018,0.8390832677000882,0.8548794538335606,0.8511337220036231,0.8547108931175252,0.860387435846201,0.8617699504493037,0.8603083771608963,0.8929391718345877,0.9012682142043827,0.9101011849045642,0.9517638195419876
-0.07925275433362457,-0.04140971239907618,-0.01986480421840208,-0.004707809354597629,0.06394580602931385,0.074685355254258,0.08449327464955492,0.1014225293751792,0.12974930126306294,0.18262016262965597,0.20036029001659605,0.20271221285262017,0.20936920578840407,0.25782373569477324,0.30938933717849687,0.32947773704247557,0.37032409084190593,0.404087043055132,0.4275425909571798,0.45983629301433526,0.49099138289212024,0.5246051882464289,0.58971648171447,0.6010604279629911,0.6554505819888833,0.6695002087897574,0.6931260022008233,0.7338894537558937,0.7330774939069044,0.7350085443962364,0.7635988066057412,0.8184726766549046,0.8416450633714683,0.8148614425656324,0.8298429076283319,0.8642787986044648,0.8852446336888414,0.8719531401023277,0.8562955337934789,0.8344214967182808,0.8206231110999022,0.8361919909892782,0.8395355149934279,0.8311398390493472,0.841025486077434,0.8455216465664064,0.8654008590851471,0.8566023461865298,0.8630210758429729,0.9329428245194554
-0.09908605236975145,-0.038276434024176804,-0.015331503330359418,0.006555408006793486,0.04980856143455166,0.07465302689554151,0.086124819357573,0.10743748602101108,0.14665654194264052,0.15179408133767577,0.1784751913451213,0.22402299054644173,0.23239809686414792,0.25520023763659033,0.286059976704709,0.3094889446415203,0.3390228850201028,0.37496248677008426,0.3994162014409255,0.4356810498260753,0.48388306521047364,0.4986487384085705,0.5375100696685939,0.5495727896329002,0.5778269861608423,0.585488690058576,0.6095624358256193,0.6915327403088777,0.7078729043024822,0.7193520955132184,0.7458671979334208,0.7654407482042415,0.778973445421016,0.807832209431282,0.8359763251151295,0.8492961418845543,0.8573805604777288,0.8762966125904381,0.9186297519765453,0.9362418701285704,0.9041973032872362,0.8714767284815278,0.8597771371902562,0.8565262413176487,0.8588517785816401,0.8794982332089678,0.9156903106948435,0.9009978362810632,0.8936486537073717,0.863473935624901
-0.11751095553332784,-0.09369069837683774,-0.07676678725096382,-0.06028907525604207,-0.023060688662973963,-0.0020018253321897835,0.005246517719218174,0.013283207709870569,0.07031853182767302,0.08396580551232583,0.09422170576876769,0.15203764404098005,0.18663467772679307,0.1933172513877193,0.22978377382796958,0.2534801640028064,0.26597609224790897,0.3173900201541314,0.34462448893122394,0.3686210826211653,0.4195883072858172,0.4298531055676353,0.44673068586829856,0.4887065227488712,0.54662111810665,0.5568192038500013,0.5750429780597421,0.6411277232618905,0.6552508552717601,0.6685546789367827,0.7130681895782666,0.7294433679306532,0.7406356685331444,0.7459313668606913,0.7676058751394762,0.8034178799355339,0.8563503942749183,0.857616927766328,0.8528484186926039,0.8665476677639592,0.8714142421679992,0.8777731559945334,0.8832317678285623,0.8963622430240276,0.8917007321683901,0.9039289302308476,0.9338860796381759,0.9454580673038647,0.9455845434192262,0.9648237899524204
