jsons/1312614000.json
{"header": {"parameterUnit": "m", "parameterNumber": 2, "dx": 0.1, "dy": 0.5, "parameterNumberName": "Eastward wave", "la1": 40.97354507446295, "la2": 16.46031188964855, "parameterCategory": 2, "lo2": 133.9931640625001, "nx": 191, "ny": 50, "refTime": "2011-08-05 8:00:00", "lo1": 114.97908020019554}, "data":
[rows 0 to 21 of 50, columns 50 to 99 of 191]
0,0,0,0,0,0,0,0,0,0,0,0,0,0,0,0,0,0,0,0,0,0,0,0,0,0,0,0,0,0,0,0,0,0,0,0,0,0,0,0,0,0,0,0,0,0,0,0,0,0
0,0,0,0,0,0,0,0.009479869158571986,0.008579203349410309,0.00642593043463176,0.005851150151077655,0.0048364792106228615,0.004084696236515974,0.003724974469822399,0.003495889980078372,0.0032676147008414954,0.0026448800061777593,0.002256455057571797,0.0016387590175891114,0.0009025560581109405,-0.0001621576531898397,0.0007557761943227239,0.00036823734006243876,0,0,0,0,0,0,0,0,0,0,0,0,0,0,0,0,0,0,0,0,0,0,0,0,0,0,0
0.029226576058737876,0.027524756773127615,0.025345140698930547,0.02016852982556984,0.01963724530325929,0.01803699450996745,0.013707581371731163,0.013179239617823652,0.012012644243397609,0.008693937607022355,0.0074809389505201,0.006085022396412192,0.004793821476471809,0.004244980514827534,0.003738819807104748,0.003192265937304439,0.0009904556594684342,-0.0007294678352834258,-0.0012941544094394485,0,0,0,0,0,0,0,0,0,0,0,0,0,0,0,0,0,0,0,0,0,0,0,0,0,0,0,0,0,0,0
0.0335594001996901,0.03528290898365121,0.03517919422533178,0.03241858539685688,0.03209305279879671,0.030479416913450255,0.023494265188534195,0.020768782144602527,0.020028047947028678,0.013793826573918455,0.011261903584307084,0.008350361897157665,0.004769533205081856,0.004330349380479399,0.0020331758085927053,0.0010786558944063296,0.0005104301828228097,0,0,0,0,0,0,0,0,-3.1369752450296923e+38,0.15838264779914113,0.16031846436946934,0.15812806451895378,0.15622305474505593,0.15557574029691038,0.14463818038185966,0.14417660529194407,0.14228804247418445,0.13730482793526863,0.13284733959920708,0.12927609530709028,0.1291843817976637,0.12194761503112625,0.1191539614193099,0.11314261223980422,0.1039845863155595,0.09561760863047161,0.09222491661270285,0.08154546762630191,0.07362924904777339,0.06883535612051185,0.05570256392410802,0.053199905091565476,0.04548735738285957
0.024859233779057605,0.027809231269901362,0.029024895427821676,0.0313189693035466,0.03533596659492366,0.03710429892878948,0.04021108900256195,0.04406666740264616,0.0493741207069546,0.03708820266979282,0.03309745697816815,0.01631674539109907,0.00613222928195282,-0.0054986233707700885,-0.005169170722229952,-0.01327308689047849,0.012973837418117778,0.08470148143407447,0.11180361598337972,-0.16850460089488065,0.16018619119928132,0.16874743928720126,0.18012036070831738,0.19120947838750824,0.19570396607016208,0.2040362086638404,0.20828020928972898,0.21140517015925103,0.21151701114290325,0.21372647042743964,0.21176310871062567,0.206136410296413,0.19950026347393984,0.19536437008785532,0.19368501656173548,0.17955710511868894,0.17754300181907143,0.16703074521814876,0.15750477923658085,0.14916799318754426,0.1477912258892375,0.1366116411911187,0.1292499294747495,0.12385411376036033,0.10891668433791352,0.10426638273340252,0.09378920476166971,0.07140745199322054,0.0624608188140023,0.050569505388121966
0.006282841630990449,0.006385542842677746,0.008133884202184692,0.007068234688601672,0.008585381604146593,0.008159253729471402,0.01166697947245058,0.013413772237619996,0.016600831731799083,0.019436560230355247,0.021968332075133597,0.027581425158099193,0.03312631924604265,0.03899499408934448,0.048999571476271916,0.056682587259942845,0.06451734034737805,0.08283598587503342,0.09719534094557067,0.1167025223715877,0.13836264513372049,0.15102825142034715,0.16999935263643723,0.18241305280161033,0.20097427291023773,0.21958060812405927,0.2286958963529297,0.23930930550566148,0.24994529388384265,0.2545216325898444,0.2608160635821779,0.25936408339850603,0.25570075175404827,0.25400659021518723,0.2518308331207583,0.2378416337645706,0.23110046341135623,0.2219085502392843,0.20919724805044818,0.2036031586645907,0.19355075199215938,0.17973163703265096,0.17089227161073586,0.16927561234864014,0.15262023098190908,0.14297080358809677,0.1320144385330488,0.09706917308946568,0.08144902489660796,0.05483732967167253
-0.020313974364797545,-0.020826390684844293,-0.02168623282682038,-0.023786817412762114,-0.02290331618648764,-0.02166937806199142,-0.025478485784935646,-0.024566633294021385,-0.024229364192928978,-0.024416283773987187,-0.024155383745714708,-0.023520283594995903,-0.022720455848257406,-0.01988174537340506,-0.017055060545099372,-0.012435228889026305,-0.006407412521924017,0.007717179731584176,0.014743553697178561,0.029120492583342043,0.05837969385607791,0.07637681241323618,0.09660564615637769,0.1322966356432689,0.16512532729228854,0.20092578141251646,0.21702883119704944,0.23717682058155398,0.2618581650863046,0.2686645050742425,0.28169681915732775,0.2972037985639182,0.2977550696877915,0.3022226986701801,0.29716866139587506,0.28897691143056614,0.282013943637948,0.27885429219437746,0.25788475208861483,0.25156439951673637,0.24345081069057506,0.23068345878138108,0.2214690965627698,0.21568688105772105,0.20082288026910278,0.19633332308715631,0.19201209701360722,0.17110541002555635,0.1654845539288527,0.1515000747478735
-0.027641080630070165,3.0455547101945292e+38,0,0,0,0,0,0,0,0,0,0,0,0,0,0,-0.05831098200073676,-0.07294900778227273,-0.06558486312355193,3.146608289694438e+38,0,0,0,-0.05150570048673036,-0.0514246401949114,0.04369107407652442,0.18073304501889736,0.2261859668770552,0.26039042000574225,0.27176231220606867,0.29214538505017607,0.3192357475061296,0.32848820669008727,0.3407962245137178,0.3467425529588699,0.35098376984072266,0.34804438503286733,0.34489561789811324,0.3343978491603993,0.31726079134452745,0.31214154278720985,0.29265432994869084,0.28531215935176796,0.2725960543551713,0.25894633830790276,0.2528971400280102,0.2454171529856894,0.23274405963944422,0.22522422595168604,0.21517207836264893
0,0,0,0,0,0,0,0,0,0,0,0,0,0,0,0,0,0,0,0,0,-2.740620849149181e+38,-2.8666313880807207e+38,0,0,0,0.24592268211152934,0.25707119701704656,0.2679247888393575,0.2803323787066186,0.3009043781274535,0.331409715900016,0.3548999245534783,0.3665708518755985,0.3782558282567589,0.3872001622301319,0.3941476685990299,0.39738714870993475,0.39346993842243966,0.39198533943941827,0.38091985121526795,0.3605984746309458,0.35088991571277395,0.33978983675112057,0.3123697671324774,0.2985059613494021,0.2913138974259527,0.2705165461694249,0.26081508056341157,0.2456120242482249
0,0,0,0,0,0,0,0,-0.24101914405145597,0.17959285976048323,0.18209018618075337,0.19589077556169981,0.2148129496030296,0.22087425591768967,0.2319189030357382,0.2331275870522942,0.2425071077274152,0.24073768381858068,0.2486575636018633,0.2509811902669119,0.25491488884247804,0.2544966311579999,0.2580171169156434,0.26092382525995644,0.26739379509168937,0.2798552400727793,0.28437150966542335,0.29212480199071844,0.30874749144420827,0.3224042058284045,0.33666639183249747,0.35990188738537865,0.3695752474785047,0.3868165176600769,0.40006303906579155,0.4166352511567134,0.4332402274541043,0.4378529101689189,0.44831141328220137,0.4546748284862919,0.45576867330720855,0.45171618317968015,0.4419999617181199,0.43802700452500154,0.4192286227541281,0.40063100856895556,0.38110781690576284,0.35944574652475597,0.3407300278565261,0.31795491524591124
0,0,0.1332546452757284,0.13814880539873373,0.14357396671160552,0.14727166821883902,0.1613623551390637,0.16482871670780067,0.17033305695734732,0.17918769735114878,0.19039851799760685,0.19409695080437875,0.2048984074499548,0.20946735405461972,0.22467765852681568,0.2296301493243083,0.23957401101685064,0.246985366695285,0.25102628970771595,0.2571280943281717,0.2627126573589626,0.2655413870544253,0.2752032356860754,0.28372716701169765,0.2864539236091734,0.294348673887467,0.3007008429560419,0.30613729853587035,0.31893776051764705,0.32670582114775226,0.3380533440303503,0.3542059985356342,0.361216567892026,0.38407393063071826,0.3931363562803485,0.4120870869957378,0.43474720029287356,0.4454461102532662,0.4744269430876393,0.48599068976754667,0.4955997718110652,0.5031674035638822,0.5081007515168277,0.5126088517143793,0.5091222225716526,0.5034259397493093,0.4940744402283704,0.46487026220257754,0.4488541883210333,0.4223941848507205
0.05649801999371001,0.06117789514329121,0.06444642921588989,0.07139811055485205,0.0803803880282484,0.08562203635517272,0.09332083396675805,0.09802174902570325,0.10331107367752612,0.11146637421017154,0.11751842351612855,0.1296013041086794,0.14253344497990356,0.15584129162455324,0.17460063793250316,0.1835333361095149,0.19844323995157376,0.21530973542157023,0.22450029515710251,0.23734838214485518,0.24929576372056284,0.26132149572934954,0.2681042247927226,0.2765096452045456,0.28203988147195064,0.2914352348251009,0.29778066759819033,0.3062106805307927,0.31535550884520475,0.3240080329248524,0.3414410585489715,0.3475019431320897,0.35674992321611426,0.3815751515380029,0.39527937682276204,0.41311011347404053,0.4418433223010946,0.45731005760524146,0.4808730497839381,0.5101348209368367,0.527644445294977,0.5565432144893023,0.56646300957657,0.5811316440157319,0.5931417000485377,0.5969235258347768,0.6074331520419597,0.6088573466745818,0.6035698588217017,0.597660675635911
-0.0495129113618199,-0.04768683147230335,-0.04067586848674098,-0.0321360487972725,-0.02009384612293013,-0.009087153173798436,-0.0045377652574404995,-1.6803396494982962e-05,0.0172398776877542,0.02483063387747691,0.03173567929852602,0.04387517299361527,0.04831319101196372,0.05670568860871943,0.08025273328700193,0.0913130526347449,0.11334730416615067,0.14710846192217572,0.17280631511289346,0.18865388267284056,0.2106812062297227,0.22601279867436297,0.24105527720209433,0.24755441644569184,0.2740127885167891,0.2949398127584115,0.3039553280281184,0.3125649260378732,0.3200724523006911,0.32832058659058094,0.3370078793147743,0.34777854352011234,0.35976396111274217,0.3736317439445773,0.3942653396069364,0.40958570981629516,0.4534152679426579,0.48332903063536753,0.5115520837264496,0.534337627353073,0.5607030104358691,0.6082972950161886,0.6312041934740287,0.6994905206132666,0.7407466844301297,0.7545843076240932,0.7878576392381529,0.7951838388022963,0.8011672575488615,0.8120435475375548
-0.17102131479214266,-0.1576455392459456,-0.14414621238136063,-0.1432883492741196,-0.13427620908716403,-0.13596260466795854,-0.13195957106996292,-0.13315392462178383,-0.1182635411814355,-0.1123799984744379,-0.1035056999463536,-0.08198621668497208,-0.07366993274061327,-0.06151794782436485,-0.029056661265464086,-0.016176781831544945,-0.007536100990200126,0.028414821580989544,0.06206899086273013,0.07872042021938218,0.10590083217067496,0.13082907279600317,0.1481847824879339,0.16753611754655456,0.20510253204424125,0.22736500500668508,0.25988225459547387,0.2814503916494099,0.3202666530951967,0.3422376632621749,0.39010177425181997,0.42261731568966093,0.43001648311183366,0.4590189531097446,0.47365409476958403,0.5025592641268652,0.5352382336594804,0.551990860546621,0.5878421961909899,0.6140058531192795,0.6342102978563332,0.6744297854504825,0.7062437163118617,0.7500466007443534,0.792221574649256,0.8175234280934355,0.8645658052641894,0.9061418528503509,0.9177671735705409,0.9455478479755544
0,0,0,0,0,-0.20980599559026408,-0.22058495335527367,-0.22049127601695828,-0.2097415907697363,-0.2099084961569892,-0.20363332183196411,-0.18343420851194922,-0.17873222783964815,-0.17745573808890086,-0.1473294753706234,-0.13808738495059647,-0.1291377519916776,-0.07563924805345831,-0.043018612629111816,-0.00826156292307927,0.06839734723715539,0.07282730115835766,0.09344156680709008,0.11718975305177401,0.166969935248225,0.18765316644185587,0.232751524087562,0.27787151370177277,0.3165439325269604,0.3417415301259935,0.3874391653505196,0.41713767418858694,0.4358028722498102,0.4728825677966586,0.4942071389999943,0.5196206651976472,0.5691858989374152,0.5884087548147385,0.6242769656046595,0.6543688706687381,0.6809309156320124,0.7128540157563612,0.7421231967460318,0.7890500692145952,0.8434623944926957,0.8769599147627576,0.9324246923629328,0.9796382786034106,1.013383814470125,1.0681154302004698
0,0,0,0,0,0,0,-0.2751753126940364,-0.2887345946623174,-0.3023941875143975,-0.301180263504091,-0.2769137867154333,-0.2887951775891341,-0.2783063196367884,-0.24983925697842216,-0.23992017412427613,-0.23837308190886677,-0.19618610094678102,-0.18815723553561323,-0.1807164134982668,-0.13195837730085228,-0.08946260670416575,-0.059215310874151515,-0.018411524129772615,0.05496471988161267,0.0808623708777077,0.10772098105686775,0.15026495987683092,0.18660570303433852,0.2291088613479619,0.28073426383925604,0.3245756442329352,0.35875417347450206,0.4212446687301191,0.45657713430937336,0.48567365174120886,0.5442273231048944,0.569519417619381,0.6020998224773073,0.6544228359014875,0.684533698175616,0.7241229185596878,0.7547227593945823,0.8064075374772818,0.8421215966370535,0.8798864679352305,0.9363216194548314,0.9876667680659301,1.0196084211941927,1.094376458520456
0,0,0,0,0,0,0,0,0,0,0,-0.2980349437185658,-0.26105434577319275,-0.31469738304074507,-0.32630537367046214,-0.3333426553909629,-0.34299780849609823,-0.292737547898316,-0.2838929946590944,-0.2928566862070414,-0.24740126092544093,-0.21298655844796055,-0.18508023084478192,-0.15970950724221838,-0.07099074021561903,-0.02355754850496749,0.03356164067673468,0.12421928719079739,0.14758614292966152,0.15703456403707555,0.1964684262279118,0.27409760055212545,0.30819570104347255,0.3830701453766805,0.3895763357126385,0.4409253955809376,0.5013697726989783,0.5396931876318726,0.6100363010430638,0.7488139661892391,0.8360267730552633,0.9134592838143273,0.987637092609093,1.033588356536763,1.1213543064736313,1.141879966010937,1.1980119522137167,1.252199224087483,1.3087753012835441,1.3856131467563295
0,0,0,0,0,0,0,0,0,0,0,0,0,-0.2688837226666767,-0.27243709561944246,-0.42934339952056744,-0.46038252160361276,-0.3922061568860438,-0.36947259645157765,-0.35836072401631075,-0.3056652152442455,-0.2861423929321268,-0.27680425619814547,-0.25739920037525926,-0.2007470711156174,-0.14420550974096474,-0.08549193089875792,0.016224532909040783,0.09729226445481547,0.16961885858873268,0.3338668210843026,0.3896129286824157,0.4543819346154616,0.5859610827513277,0.6486874586595958,0.6927687403399435,0.7905258659141864,0.8535969093159017,0.9213745403736927,0.9656235200671273,1.0166747820264992,1.1220235392807616,1.1383473897480318,1.239160946810307,1.298944105547448,1.3425664769201364,1.3342463016694122,1.3415892090137749,1.3317502974716897,1.3834852551751122
0,0,0,0,-0.314425317746802,0,0,0,-0.29657769055155603,0,0,0,0,0,0,0,0,0,0,-0.41944645006401077,-0.46267773962621056,-0.3179458614461525,-0.2508173987308882,-0.1286807666786041,0.01924513288910966,0.14740840016513043,0.20631009686576468,0.2914895834683236,0.4070972845063888,0.4971871273785377,0.5813552562626428,0.6349276249015855,0.5990849323377485,0.5606518135735363,0.5897143174954531,0.6706580307891835,0.7803636856864596,0.8546934645386889,0.9596900760228794,1.1348417116997078,1.2044997928497512,1.2900883598092545,1.3518546232706263,1.4703915597000763,1.549634696242554,1.5336433320562084,1.5763673689404527,1.6532262585405628,1.7581971997628305,1.8786043910527261
0,0,0,0,0,0,0,0,0,0,0,0,0,0,0,3.076092731898178e+38,-0.26603295981312075,-0.297868277085093,0.08260283917183887,-0.11712796103393827,-0.2984166778064046,-0.40511407747723394,-0.5714523479132344,-0.5517956328688637,-0.25177824148749656,-0.08353110237895665,0.08771434710616043,0.3679467981091684,0.5206782594945153,0.638048008031614,0.8457294026321165,0.9170092201075731,0.9336027195276738,0.9318195526633865,0.9095403484202524,0.9448932461924953,1.0369176297689826,1.0784897261000126,1.1392716052386662,1.3377140184528753,1.4593117823546358,1.633068797669525,1.754295831033775,1.9137769194738312,2.0158994461450477,2.1097647889531945,2.2000286132521776,2.2766335433369953,2.3206044455349812,2.3830142731162924
0,0,0,0,0,0,0,0,0,0,0,0,0,0,0,0,0,0,0,0,-0.39696044900797434,-0.5235358975330525,-0.726245917469353,-0.7440038158871433,-0.5985274262439909,-0.5789865361961689,-0.42090063025637214,0.43065805664232837,0.38406203046596193,0.4541872426129555,0.8020049936211627,0.8393486100846008,0.9233698185138214,1.0605612429659683,1.1797231164160098,1.3307786028466797,1.4216518988863363,1.3790423295518826,1.418242326098584,1.539504796831994,1.6088906680610426,1.664253486565291,1.7557985378495125,1.9168785480458332,2.0134417507428295,2.084094290999645,2.1952295296684605,2.368348605657528,2.5649120151525504,2.675926268657557
0,0,0,0,0,0,0,0,0,0,-0.5763925887128182,-0.6853886978315271,-0.733261964279215,-0.7745929604136945,-0.8097442824397499,-0.8362129111202297,-0.8875191508726785,-0.9267326593340008,-0.9528852744747968,-1.0129121674040795,-0.9372412727440338,-0.9485939250337302,-1.156624001704717,-0.9256452235627798,-0.2562958470691794,-0.04198493225501699,-0.18926681442150803,-0.396705451934025,-0.11556597194497102,0.12769778485218805,0.2433774763294142,0.4324305240130483,0.6620065158676217,0.8291335152591647,0.9888204947745227,1.093835997299052,1.264309438120245,1.2897274357715558,1.3484345643058233,1.5571425171460327,1.6934548671202136,1.8589842808575634,1.9308732531779065,2.070856055958653,2.1204293408634607,2.1639032375085643,2.3293877599186,2.5637861789602083,2.662121785108871,2.7529557425691964
