jsons/1312693200.json
{"header": {"parameterUnit": "m", "parameterNumber": 2, "dx": 0.1, "dy": 0.5, "parameterNumberName": "Eastward wave", "la1": 40.97354507446295, "la2": 16.46031188964855, "parameterCategory": 2, "lo2": 133.9931640625001, "nx": 191, "ny": 50, "refTime": "2011-08-05 8:00:00", "lo1": 114.97908020019554}, "data":
[rows 22 to 43 of 50, columns 100 to 149 of 191]
3.4100298064286654,3.846937800268316,4.125486634088788,4.17881282284975,4.227426503274134,4.17229199500572,4.189776048490748,4.151749955348448,4.087188695115598,4.062655964995868,4.008284946778759,3.9200530828706457,3.9024036165802256,3.8049049403881607,3.810936667436447,3.8193554377515797,3.775893572143025,3.7155786935214477,3.7338009264173957,3.692238362129046,3.596200024862429,3.562607042338534,3.5115794143414965,3.4568438634046776,3.422316533297447,3.395172019319081,3.3201745770739315,3.2735202889377875,3.23374811044254,3.150682792914686,3.0926826406906502,3.067563663847359,2.997884160007302,2.955515105938884,2.924562979245035,2.847271088581105,2.8051734352263678,2.8009200738180007,2.7537483457133853,2.692717232447268,2.6607122058579935,2.6276549706088703,2.589180804007357,2.567477323896831,2.5393062750178514,2.491274196003394,2.47323177636516,2.4525445948757882,2.4264439706558356,2.4013845924344843
1.7079287675188313,1.9547010846002417,2.488599110777306,2.605094667965126,2.8148692129870985,2.943585406375796,3.0676375760097776,3.136438145628907,3.213636557706857,3.2341816531682457,3.2438385964073886,3.2768025264268976,3.2708058029218936,3.2573603640218876,3.2128436556476427,3.227411314154388,3.1821551335284846,3.1905123498021966,3.187454201220537,3.1387512441625254,3.130058699496893,3.1270679651964537,3.1001972577336288,3.074246071998167,3.0797363474658614,3.0732922674469996,3.03891483016579,3.0181522669339507,3.0133839490750116,2.952265603956986,2.930485916850083,2.90411671342627,2.8108992886802175,2.7966735656602864,2.759612939240324,2.6785088313933354,2.6671529148079016,2.6423213736848097,2.613502396405006,2.5592313799321436,2.532341650049407,2.5072114582744054,2.4576386346263477,2.4249193858340976,2.4093536186716284,2.3676730303214746,2.356417364215512,2.34692454403592,2.323565910982217,2.3231264301985552
0.9645730091600312,1.0862058811770805,1.5205200048559409,1.6224093579309158,1.8141782026427014,2.070867545359233,2.17390777831787,2.251336916008323,2.4341578542379834,2.4875210700942065,2.5478246172513543,2.553822699382416,2.6094996883417214,2.636140915657108,2.6524407658453466,2.6734664639777934,2.6932858454963617,2.70690383254749,2.6947420885297713,2.7089933563406556,2.672475812925084,2.741084457946853,2.771275979740116,2.7632599641232534,2.792246202935075,2.8074310961590454,2.775028399305466,2.778522189873304,2.774527048140222,2.7355086287552286,2.7056124089358007,2.709327022562105,2.675428265199207,2.671345718011044,2.6423350679419166,2.605000359188406,2.557775034756935,2.505080734201189,2.46361825854581,2.3739650954770517,2.340700745953617,2.3120054732744424,2.262381289158331,2.2463306044997786,2.257540279183735,2.222073215879238,2.2336584319416044,2.2436806539736964,2.2394383432280764,2.226092109005198
2.6798337666587857,1.3976460520146856,0.7698157363394078,0.8711489231022649,1.0518484462199182,1.2582427525761861,1.3948339436006398,1.4622228445403465,1.7258219589278068,1.7660646581085033,1.7731570550577993,1.8971000413527146,1.972316053241152,2.0899958467217896,2.1081117619988716,2.1722200713560187,2.205338607022666,2.2327664182612468,2.325288430752965,2.358448403528818,2.366889213991403,2.4096066393348337,2.413187574935425,2.4418899761487256,2.5006794118243887,2.5069907785179217,2.4858619034000067,2.490258263495121,2.545673004131034,2.5089910561497586,2.516372087383179,2.5421642490500442,2.5020483073760915,2.5031710898991477,2.5080739517103474,2.4599695268139388,2.4473775627527727,2.415443478662119,2.370306357125271,2.2885076319314517,2.112823148806393,1.999253062003523,1.9287330184416165,0.2334192215918644,-1.7348625125231685,-1.1909770677853986,-0.3119280423490669,0.7977292401470212,1.9553802487032863,2.088649395722838
-0.33508040660785016,0.44932200618251494,2.6276123815851204,1.541869561520588,0.7777664269594389,0.4864891503125771,0.6419135058449276,0.7290292195732622,0.9849292614057116,1.0872581588804113,1.2062682078447096,1.2760149170487431,1.4984398251698714,1.5701311502116468,1.669270592048042,1.8027744947261648,1.8654649005306,1.891622044811151,1.9881150682495663,2.023652956162379,2.057086691621517,2.105593818904048,2.141871016454832,2.127647658347188,2.209851281324476,2.235567316002556,2.2534849529375878,2.2639286897641737,2.2687875401183706,2.2675628051360417,2.283363809303661,2.3065370077011935,2.283887905864834,2.2679566522151275,2.2680228811036014,2.192873453689164,2.152581156961658,2.0802697680726525,2.168932489110775,2.197980987787116,2.213858760384129,2.1587388919177375,2.2050054652361752,2.194944151828634,2.198235140398328,2.1638783135000774,2.1836633734797157,2.167025404306376,2.19442897169653,2.1987983011963714
-0.6562398080812029,-0.542354280243296,-0.9509148600558478,-1.8131815003784884,-2.9013332269001144,-1.0915094484782086,3.0094166151660824,1.9048715851435234,0.911227229755864,0.5583978855182902,0.6991006150851714,0.8257881489944614,1.051792431359696,1.1529240513835979,1.2041917664288349,1.4302384215694306,1.4486484326405467,1.5535993189256672,1.6328087521847463,1.715186613571849,1.704108397573189,1.7408517335868259,1.766714334681873,1.7646631766560685,1.7886507660041258,1.813158847788142,1.8399626633892245,1.9138333082822743,1.9712022190692788,1.9319507090275378,1.9742447233320997,2.039639308446651,2.022008813813193,2.0812508148343647,2.124442947599658,2.089011112075515,2.090257479388049,2.113347029424281,2.1242618252745142,2.1161102726454954,2.1417690597682415,2.140743505408875,2.13370588109292,2.133935179873153,2.1218704202370646,2.1131832188009536,2.113926040973731,2.112122657361616,2.086238832019046,2.0797331314690073
-0.8242719579365185,-0.7755897557706,-0.6056610044089233,-0.5356574303439302,-0.4520112124720135,-1.362404454478654,-1.3984443206257304,-2.64597722112398,0.905549371086641,1.6118500015665378,0.8844563609983506,0.3860668880692813,0.5818988958658181,0.6261480035948138,0.7672464222871388,0.94293434460058,1.0474621535908897,1.0950752033910696,1.1934568649648993,1.2046968967044316,1.2091582024155985,1.2022194464338987,1.1737923367704195,1.1652496226045443,1.1714903226773419,1.1927412217871458,1.1992650306965338,1.2042021590210612,1.143811407544816,1.0841045195400674,1.0417051071492978,1.2405349391796996,1.504305917090398,1.5672332866426235,1.6447856424992333,1.6878727696867701,1.7360334463939082,1.819909805578643,1.8343243441183106,1.8343505444435415,1.9145134521628657,1.9151573346509256,1.9085450463929734,1.9500856141835672,1.9648600636786393,1.9692491457683172,1.9710642236006861,1.9893374965452466,1.9775888317399115,1.9885495426374165
-0.9661291539965227,-0.8849085999468326,-0.7994720518894161,-0.7546879234919825,-0.724455916469922,-0.5922540739167483,-0.48711964907300875,-0.4070556714392411,-0.2849030965286659,-1.406399835940041,-2.1518522338045383,-1.3139600039794628,2.124888516285405,1.3415249383927526,0.7113035247843019,0.43204981524426067,0.48502394552923356,0.5408729575563175,0.6278482048276934,0.6692817623590207,0.7028888240651828,0.7745060984545103,0.7849677653920538,0.7756316842752681,0.7203777881664438,0.7068302530328442,0.6193952149940305,1.175112995767349,-0.8139266690931127,0.5351445844293212,1.2950771432222734,1.6139209170111868,1.724118276804397,1.7761147243978117,1.8207111844331478,1.8969167329521333,1.9033155525043497,1.9118128950709483,1.9337303801690966,1.9653248255082045,1.9297229252723735,1.9161566926372933,1.9208092106445802,1.903596859029201,1.893060034724302,1.9034167943944227,1.896536061664356,1.8947343990699608,1.8956450525501911,1.8919938024949328
-1.043849417153237,-0.9841677729522371,-0.8830184539809092,-0.8014686742743098,-0.7607448063019754,-0.6447139880933391,-0.5892938271138117,-0.5359903514789758,-0.41573509064548,-0.36944759212405043,-0.29135259345347714,-0.2405438627137464,-0.720551011334737,-0.17441004976270041,-1.7377700006912875,2.229110192534615,1.2820537362312516,0.4845468933852019,0.35073468378291395,0.395883622119926,0.4381661042337802,0.5626695754707842,0.6084278471895276,0.674158968790162,0.7378841769601231,0.7512660099970877,0.8351827221521545,0.9140578930395727,1.2962118926683566,1.4405496668067999,1.5820818980393514,1.7883032408850712,1.7396107651984536,1.738034742975998,1.7927105973388116,1.7604778746101997,1.8056592346483917,1.7606112408848884,1.7999956873091016,1.7910326478586187,1.7887719464028278,1.770438431291123,1.7615606319180515,1.7820891277639135,1.7904456256225902,1.787156307318928,1.7750268324544811,1.7710149238416437,1.7528946126037601,1.7478980252072998
-1.180298909903459,-1.1540429128487926,-1.011194753494629,-0.9788728806084463,-0.9446447800521129,-0.7794983236754344,-0.7214154113490916,-0.6505361262584056,-0.5561286112606487,-0.5251370769839041,-0.4448156143106629,-0.41162650618230734,-0.29426639785649117,-0.255747620328979,-0.4798710400244536,-0.9199583046388264,-2.083636506260648,-2.0503414318158533,1.1184969044695439,1.068706463056132,0.16090869615389658,0.23612797404392233,0.2801742404242036,0.3411818147201867,0.4232449966540516,0.4885253089821952,0.5443774579055685,0.5946988919198027,0.6894052463575374,0.7589764149319626,0.7977780835525752,0.8563333580942495,0.8655240693105968,0.9094737289521863,0.9745350884268587,1.0481561224595988,1.0596607472665112,1.125576749664199,1.1354369679315355,1.1037561510367788,1.2167401782657434,1.2190228309456161,1.228524839359101,1.2860631953652601,1.26528536722585,1.2609447140676093,1.2652992846313014,1.2905663026651242,1.3155262962436756,1.3434708140267246
-1.2609929772688204,-1.1936528207332437,-1.3061581542331606,-1.5354202510762758,-1.787004030843809,-1.231657176505733,-1.0831045056797914,-0.9524006234216589,-0.7894069036808836,-0.6946439746382345,-0.613570798433786,-0.5714850896139383,-0.47921978090681316,-0.4089349743447956,-0.3753688863370389,-0.3026604928739919,-0.255556762818056,-0.21295820589784314,-1.149072162925467,-2.2801711513144913,-0.04165922028683322,1.3475417965471765,0.6984452865726896,0.6426613126760882,0.2527113480369104,0.28595202083088117,0.31353962817641884,0.3475435296114038,0.42391898548583834,0.4417034386123369,0.4622917481480286,0.5065261949765802,0.5391337609459708,0.5523096077579884,0.622799505144645,0.6997758544021838,0.8135761805917081,0.7576908503377404,0.7824714562175211,0.8017809006085572,0.8313853670966074,0.8725922586540367,0.8699926170356141,0.8759030698109028,0.8861996143579001,0.8808564756477082,0.8700030656294416,0.8851310471085401,0.8959529505589281,0.8835541818371837
-1.3941828155371745,-1.266976691007436,-0.9215102580818216,-1.0359710621395757,-0.7910591119850058,-0.5595610917049376,-0.5981337451637583,-0.6359575543258765,-0.643313750271038,-0.634723811736464,-0.6231709686438859,-0.6133794837934448,-0.5480093565168592,-0.5064934442629639,-0.46209954951612325,-0.390364572813359,-0.33978782600612545,-0.29312223297109097,-0.1793616744552156,-0.12342987868493015,-0.5430006646930085,-1.96851239690729,0.298282539231826,2.145270661219937,0.6738617620091026,0.3008223174966683,0.19994812587385086,0.26340212120135925,0.3017280424139858,0.3312619340470179,0.3471777496115338,0.37249020717166276,0.4125653309176421,0.4482734783107412,0.49157632649407274,0.49836196093828894,0.526604319102804,0.5406222500139859,0.5576466586192861,0.5833514874606845,0.6059564948996229,0.6337222800848479,0.654507695998503,0.6678925624946499,0.6798597148626357,0.6819140274115538,0.6828903079428648,0.6900746560359283,0.6883917452323051,0.6926909094334989
-1.6629392844929103,-1.5514525195838818,-1.3559160632670266,-1.2318488644491046,-1.140784046445969,-0.9939831027929427,-0.8973250307583337,-0.8626877489043385,-0.7778028962473718,-0.7400011099705113,-0.7056359025383145,-0.6406078601487462,-0.5847609398796942,-0.558254617590976,-0.5457331380895015,-0.468912169199098,-0.41321611862930135,-0.3701482945265745,-0.31051021943696133,-0.2608680290626326,-0.23689074753222103,-0.16490625480559346,-0.15188312428936093,-0.43980138836179544,-1.1864998950810854,-2.16585327359768,-0.630859298870118,2.150903679896859,1.1508821648582,0.4867395648338197,0.19613421038717707,0.30268711588298325,0.33348956965161775,0.3458068081436079,0.3526796551298845,0.37174919018444263,0.4110174618440247,0.43877821022100083,0.44491212969505983,0.4549991496195291,0.451564751650758,0.45839767319856994,0.46440731300566873,0.4711894054502323,0.466861681038833,0.46378880049532,0.48880429826298355,0.5040905576352168,0.5122008703244193,0.512810374350167
-1.8122725147893872,-1.736947238643413,-1.6129765141951935,-1.5444915471523077,-1.4441603270078205,-1.3008327117040956,-1.239036001326101,-1.1454959643406926,-1.0277474878353028,-0.9911489091829216,-0.9366470923119071,-0.9110704239597318,-0.8365240939263802,-0.7965799405462515,-0.7822628745811157,-0.6585015552627753,-0.5961509614009172,-0.5769795865148963,-0.4836779636171811,-0.4455964083067861,-0.4170347364256005,-0.33513275258391756,-0.285410547339088,-0.27928714942433364,-0.30295455029920737,-0.5769779342929269,-1.2501895222233645,-1.9268856655064186,1.8661485859341602,2.180850520043635,2.1520450812313277,0.19617501565478407,0.6592516137869991,0.6122827558442743,0.1830739152449423,0.20831443288858717,0.22485832170319794,0.26561084078251973,0.2925707754983627,0.29254028013022576,0.25300836928596565,0.24649772818679155,0.26884817254170595,0.2786987950607725,0.3003825537906052,0.31373465037138076,0.32238489388262914,0.30418423036166575,0.30836002989495587,0.309059475564023
-1.9106813730162782,-1.879199913357951,-1.8382215934877018,-1.7760076707845704,-1.741208539481658,-1.6193366213376776,-1.5693439838658563,-1.4891829326628716,-1.4317758781512242,-1.3582002583340615,-1.3041750567214516,-1.294715858630518,-1.1715136532027737,-1.1706998898002277,-1.091345491546016,-0.977786936151221,-0.9403572942757976,-0.8920668700836976,-0.8155710786432516,-0.743921831016725,-0.7282463065979358,-0.677377785207289,-0.6098565548143554,-0.543577073196321,-0.494919975125993,-0.4421750097104896,-0.43047396219550016,-0.38383978602710106,-0.6213888459333433,-0.6952133033587216,-0.6845069798993288,-1.625863024341207,-1.3256549397695077,-0.4047107499369931,-1.1957677497959114,0.0649762501983275,1.936536934966381,1.563066603904252,1.9610320761824587,1.586649174481016,1.9049769778234091,2.107315720578529,2.0932694414446615,1.2124548556538706,0.17639392023656292,1.0728970056169378,1.6471013298698138,1.1797330263372778,1.8980083128389809,2.0417310547808407
-2.133808746396655,-2.065305031427698,-1.9904658950649576,-1.9453315395317792,-1.9116733696141865,-1.8218119064699558,-1.7921138908602037,-1.7107658740274552,-1.6359391289671659,-1.5737510513802184,-1.5197679709089684,-1.4750997731525541,-1.391227104772935,-1.3636553481113811,-1.3192698532829263,-1.2796594660864926,-1.2292374919990872,-1.2143382569515966,-1.1555167736476923,-1.0951136601896116,-1.0430955524783634,-0.8782319468966029,-0.8312544355199512,-0.7950028670767708,-0.6973742802166917,-0.6874395832795853,-0.6568568360450951,-0.62715094338624,-0.5221754589733475,-0.5099377894156818,-0.4788022586098367,-0.42707582579201003,-0.36787507936654285,-0.32408111065365497,-0.33763736463902416,-0.6232708704260279,-1.0084650773269181,-1.0836283410690022,-1.1774220866869358,-0.9326320927822493,-0.7074985019582921,-1.3391794060064515,-1.4727025342258737,-1.5553402635475237,-1.3746655772172707,-1.18602524541832,-1.3305961678865517,-1.6741158341221458,-1.587298314755272,-1.1954829730826284
-2.207925886151964,-2.165144309337518,-2.0932011702909326,-2.0657280578717114,-2.030799054807135,-1.9841461256009834,-1.94187552596685,-1.9090918531064256,-1.821489871538295,-1.796881195203482,-1.761689511652398,-1.7077659829090266,-1.6731989398795253,-1.6376361059622608,-1.6044043405173425,-1.5662662802605314,-1.546150423424648,-1.511491874132539,-1.4387557232631742,-1.366660372383939,-1.284052383015249,-1.205334922901727,-1.1497005747381936,-1.1298380786486417,-1.031307004850583,-0.9785867060587413,-0.9473279821370798,-0.9340178643304109,-0.8680803802475816,-0.8154008616076982,-0.7910711895125303,-0.7331002229552475,-0.6933595802402466,-0.6553512584604153,-0.6041960956932726,-0.5647693606411817,-0.555971781809106,-0.5278592867603791,-0.5060585764249265,-0.4740171604476627,-0.44969811769283474,-0.44634909935332207,-0.4380731384423707,-0.39938886446786354,-0.3811559919485579,-0.37838613530629195,-0.37522884644194815,-0.3663468998269631,-0.35475180282487323,-0.33724092350169127
-2.262998059407687,-2.243859781019561,-2.1745692602769666,-2.1398271582097275,-2.1195436125472784,-2.0517997945503303,-2.0527665938725486,-2.0353685031880966,-1.9871832058224643,-1.935813607254611,-1.892199985933038,-1.874244142931026,-1.8232205596082651,-1.77045549510234,-1.7356785817189355,-1.7004472182367927,-1.6719528136436237,-1.6473397210087704,-1.580061159175005,-1.5532214655623298,-1.5059343562368883,-1.3871829699851084,-1.3657240946451594,-1.34928474715846,-1.272022713716518,-1.218497276292657,-1.2013861963393129,-1.1818438112498877,-1.1010149302241112,-1.0419338419484496,-0.9968960948017209,-0.97950160959109,-0.9603580356332737,-0.9154776941514172,-0.8442043538883556,-0.8383117156878659,-0.8253132924481853,-0.7729936460925897,-0.7392168250613396,-0.7304743934377298,-0.7157320064344477,-0.6837568625738305,-0.6382298698653025,-0.5674901686666447,-0.5347406158810274,-0.5444577950315945,-0.5664982428143545,-0.6206747332022606,-0.6330444312097749,-0.6478846632417293
-2.247692895878192,-2.224389513788674,-2.177987623871037,-2.148406128599602,-2.1367932007129387,-2.1099018923710147,-2.09329117144666,-2.058863171742005,-2.0322041366390606,-1.9982164919077663,-1.9444632524472931,-1.910493542327381,-1.874629188355986,-1.826235522758791,-1.7854767567412098,-1.7424836048915473,-1.7161143637417713,-1.689031053614686,-1.652213210496649,-1.6332474920395905,-1.5955410854264893,-1.569696986011646,-1.540361732810925,-1.4949480121611902,-1.363333835196775,-1.3264627175640396,-1.3320142293983006,-1.3146272765442375,-1.2709227322732832,-1.2621773135632197,-1.2583556657233115,-1.1719518243253204,-1.13492131046701,-1.120348947366704,-1.092681426784832,-1.0543185230557168,-1.0153368179670534,-0.9695746386562802,-0.9519102582591487,-0.9406129179363408,-0.8691329677876198,-0.8532858090587945,-0.8414650444697249,-0.8670068499614464,-0.8560848844178001,-0.8512221224050657,-0.8514965733392434,-0.869022834618927,-0.8963075816868792,-0.9364750147129797
-2.2257515016781575,-2.214950209110968,-2.163343279948807,-2.1356957260174516,-2.1155336290608346,-2.093513055163079,-2.0817507868585197,-2.072737350627265,-2.0188455720720255,-1.9814272345059918,-1.9645866961783456,-1.95088024935243,-1.870578617244703,-1.8269790609201126,-1.8073161606482409,-1.7816248303473297,-1.7574229176779104,-1.7435879249435793,-1.7047762874578922,-1.6871955728214039,-1.6710383392221262,-1.6349414168434175,-1.5855834861390075,-1.5564478575345868,-1.5274739344329349,-1.5093239492695927,-1.4726180725860072,-1.449263916938156,-1.412075756072113,-1.3859706961874672,-1.3520195380720252,-1.3214032938460856,-1.3019873935809163,-1.2934207263983897,-1.245419133504001,-1.2211528850780766,-1.2214196117080416,-1.194301054663872,-1.176681753593704,-1.1668202106377734,-1.1459733485942785,-1.1351082119359095,-1.1206875224926245,-1.1415810540144533,-1.180567125542498,-1.2156054150815816,-1.2705830040888235,-1.2408785976842476,0,0
-2.203672786382587,-2.174985867768717,-2.135166767226784,-2.1238248152423362,-2.101029943116646,-2.0759996682968134,-2.0654466314606053,-2.048387486730395,-2.034863309458974,-2.0096688521042854,-1.9846631805337278,-1.9651450444040237,-1.9267448912358582,-1.8976791277394278,-1.8548070056135986,-1.8260799564993115,-1.8113368563122498,-1.7896725947262375,-1.7732955565457358,-1.7638249823247012,-1.7366233026585542,-1.7125372919569473,-1.6902737464759903,-1.6737706797998795,-1.609509602611745,-1.5987688487717742,-1.5938158355758303,-1.5616038849434677,-1.5365055112563892,-1.5260067791747878,-1.5079264570361122,-1.4744008750546977,-1.450309888597729,-1.4310122263397025,-1.4178988722805106,-1.3973285204684562,-1.388320295899446,-1.3781946200377981,-1.3725802615882459,-1.3511278523640413,-1.348689702268274,-1.355147983362245,2.1220174142646805e+38,0,0,0,0,0,0,0
-2.1753830944886574,-2.16191318746098,-2.1272020195432777,-2.1127219151596943,-2.103700903400921,-2.074863325829371,-2.0695752947089012,-2.06489084397835,-2.035589891821917,-2.0346736917595822,-2.013619084762386,-1.995999527783343,-1.9560015923415333,-1.952822870993855,-1.9250466457797026,-1.8889533600704338,-1.8637843905049627,-1.848981865940346,-1.806754197857317,-1.7977191400240702,-1.789320689192261,-1.7680574128374786,-1.7620576334385258,-1.7508306366124102,-1.6987686600843692,-1.691146589092069,-1.6844205557998073,-1.6642494284897342,-1.632321175419283,-1.6010854649736614,-1.589911217692122,-1.5875204745323115,-1.5808968469923683,-1.5778650101981484,-1.5970144991056658,-1.5834389439130214,-1.5752518096750068,-2.16208975975031,0,0,0,0,0,0,0,0,0,0,0,0
