jsons/1312516800.json
{"header": {"parameterUnit": "m", "parameterNumber": 3, "dx": 0.1, "dy": 0.5, "parameterNumberName": "Northward wave", "la1": 40.97354507446295, "la2": 16.46031188964855, "parameterCategory": 2, "lo2": 133.9931640625001, "nx": 191, "ny": 50, "refTime": "2011-08-05 8:00:00", "lo1": 114.97908020019554}, "data":
[rows 0 to 21 of 50, columns 50 to 99 of 191]
0,0,0,0,0,0,0,0,0,0,0,0,0,0,0,0,0,0,0,0,0,0,0,0,0,0,0,0,0,0,0,0,0,0,0,0,0,0,0,0,0,0,0,0,0,0,0,0,0,0
0,0,0,0,0,0,0,-0.00140699640546703,-0.0006251833656296807,-0.00018457929500819564,0.00011903552970700976,0.0005792618767573735,0.0005963789233712863,0.0006690228572562918,0.0006570077386782488,0.0006280381054642376,0.0005020466446565515,0.0004901240911360565,0.00044292132256176596,0.0003243671058569623,0.0002612482430002459,0.0002542332050206342,0.00020120795036449946,0,0,0,0,0,0,0,0,0,0,0,0,0,0,0,0,0,0,0,0,0,0,0,0,0,0,0
-0.021753108002038248,-0.017690025642057204,-0.014939807789124758,-0.01024096901868507,-0.008337156098398463,-0.00653957485654642,-0.004035620162836982,-0.0035504344982421046,-0.0019142114086631655,-0.0009660753203828627,-0.00025514300587256615,0.00043092684700709206,0.0006004537442052015,0.000615246214378788,0.0006662395105773558,0.0006062522259304673,0.0005885292680728206,0.0005469303740399935,0.0004942611516310276,0,0,0,0,0,0,0,0,0,0,0,0,0,0,0,0,0,0,0,0,0,0,0,0,0,0,0,0,0,0,0
-0.03984061408487283,-0.037624474739768786,-0.035608546405787145,-0.030668597544680102,-0.025995140808473826,-0.023830721396350604,-0.01600167464308278,-0.012230951726821326,-0.009267487412599884,-0.005324722306935938,-0.002291156545920631,0.0011031354373057618,0.0007609833957083296,0.0007062872967500014,0.00044435263051784325,0.00037529397074077993,0.0002823204435265472,0,0,0,0,0,0,0,0,1.3029517861805455e+38,-0.05050004617929743,-0.04687339968735212,-0.04496547249620697,-0.04237165651139256,-0.03923964616011762,-0.03553217019071863,-0.03408600431693349,-0.030314640985713508,-0.027243388714254604,-0.02631101383609337,-0.022373051603075872,-0.02142581485294551,-0.01821844209040291,-0.014346747905023086,-0.010797253354581019,-0.008808569780966849,-0.005737978714790058,-0.0006476261392948906,0.0023790806843293245,0.004775218501203898,0.009908969537089465,0.010701503578424617,0.01143393273902702,0.012160646300706108
-0.046649116076323514,-0.047122909010400504,-0.04875444504858718,-0.05193962977614336,-0.05051486893784687,-0.05124632788312023,-0.05152190507529119,-0.05176073147574664,-0.048589780211443404,-0.030919485587273903,-0.025414839162123552,0.0035200981605062217,0.004127159583977952,0.007040810865212749,0.006590402009601117,0.018813983731090497,0.008090548518196624,-0.04088517137456334,-0.05861918564539344,0.034208234053092236,-0.07567324944769872,-0.07494073276596859,-0.07491063625256865,-0.07382442528029927,-0.06890807812194195,-0.0668121157315518,-0.0643292016781434,-0.060438031521117125,-0.05731662728544511,-0.05617405402586779,-0.05269323813868032,-0.05115150179405623,-0.047532077124517624,-0.04387097316075144,-0.04129490854506608,-0.03861988877121546,-0.03375202690162866,-0.031220884666545646,-0.028749379020354116,-0.024569908077491487,-0.02179085731399567,-0.019416961374815966,-0.014968226370366317,-0.010355123092969253,-0.005330762954731071,-0.003497234298472051,0.0056213065966211105,0.0081773820843413,0.00966409132538809,0.01360741113703817
-0.04648581461280363,-0.04705352154710902,-0.04818621811817481,-0.05023127420545411,-0.051188061609946336,-0.05270002886422606,-0.05580851394701225,-0.05785367637825287,-0.057905259703355076,-0.062076002442716015,-0.06412697058321863,-0.0642375882758151,-0.06833193869341694,-0.06990233549913229,-0.0676008792121699,-0.07064093265833483,-0.07436618965473446,-0.07476785100531891,-0.07281174362758207,-0.0817884017318108,-0.07903231683836362,-0.08084696368906415,-0.08377869468111845,-0.08309502178013992,-0.08109912172542981,-0.07848208877449767,-0.07640465734382453,-0.07183367256414401,-0.06885975687516162,-0.0676735809279042,-0.06342700221661432,-0.06216521308901093,-0.05958527544687103,-0.05683828603087382,-0.0546468046048238,-0.051236974660680557,-0.04495610493067976,-0.04176739576415044,-0.03911817553815753,-0.033314029107282095,-0.030637180562910694,-0.027774392716358225,-0.025290115822902966,-0.021611426506716002,-0.01753400219442861,-0.013500140246395807,0.00042384589942513203,0.0063208757299782516,0.009166604296870075,0.016037896630530665
-0.02228870351623987,-0.0240502180609282,-0.025355486625514276,-0.026912114240356076,-0.028375577684568984,-0.027675946511347593,-0.029096840462572528,-0.02921479843411106,-0.03294808469640495,-0.03690602194504861,-0.04076699578861163,-0.0448407128961132,-0.05204797947547303,-0.053641343347263344,-0.05742893625575378,-0.062150149001658946,-0.0674105783006796,-0.06867925982683591,-0.0710907013369581,-0.08265387406177771,-0.07666336937194436,-0.081636363589436,-0.09137020465772039,-0.09133588018096332,-0.08440356565854061,-0.08998822988213534,-0.08854006598108839,-0.08462505300108439,-0.08223528720121469,-0.0816612936403588,-0.07823257675453973,-0.07750319073044552,-0.07557999059527405,-0.0726399783487636,-0.0707008343181578,-0.06864789965222866,-0.06337151647391692,-0.06068519511481454,-0.05544360163215366,-0.049133138456861944,-0.04710171912025439,-0.04286414797430893,-0.04044789450449242,-0.03506606665539076,-0.03086792296757554,-0.028127712031499226,-0.02301736352140331,-0.01788901193986929,-0.013968138483850251,-0.0075117099353902055
-0.0006333791269272706,1.8089797328737837e+38,0,0,0,0,0,0,0,0,0,0,0,0,0,0,-0.014854488368543967,-0.01058532497513517,-0.009260821159193935,2.4198717250545276e+38,0,0,0,-0.03383360256209144,-0.06960280737053869,-0.09818023664165718,-0.10082337025116177,-0.09243438359560074,-0.0902886292462148,-0.08773349174978673,-0.08709593990197324,-0.08671207442425154,-0.08580692812376466,-0.08318059123875476,-0.08090651398202976,-0.08030536900722823,-0.07697083336004257,-0.07536303835545809,-0.0734930478939134,-0.06924198591411522,-0.0676066875634344,-0.06581963798584002,-0.06455346633080565,-0.0547165973999719,-0.05189174757873751,-0.04834179563662016,-0.04247722625454278,-0.03762212143195938,-0.03423382157591533,-0.02733537339307547
0,0,0,0,0,0,0,0,0,0,0,0,0,0,0,0,0,0,0,0,0,1.7902227565273935e+38,1.7868506049466637e+38,0,0,0,-0.1136577875083626,-0.11450266865762625,-0.11413499176581117,-0.11354877952343985,-0.11070834332362751,-0.10874685810608056,-0.10695858162689498,-0.10406577794826975,-0.10307768131912347,-0.10058103263110187,-0.09784332492568411,-0.09768235698458555,-0.09657850526384805,-0.09477067264828884,-0.09216111417912903,-0.09047539165019612,-0.08829215200831274,-0.08754612601749849,-0.08507951455138987,-0.08408014841843967,-0.08219818166885542,-0.07760608640721749,-0.07497825462068956,-0.07372819123426011
0,0,0,0,0,0,0,0,0.049974384842905305,-0.14229945350175144,-0.14470881558935883,-0.14575045508577725,-0.15439042966216251,-0.15133838576712777,-0.15325178765327344,-0.15019122369925086,-0.14595910444321988,-0.1429961146880518,-0.1413437753432918,-0.13590617861791948,-0.13629496190276988,-0.13367639035854043,-0.13160580543603714,-0.13153247626501854,-0.1327444144559406,-0.13220948600674484,-0.1317793693950687,-0.13296963457705516,-0.13387806792385973,-0.13363029721905278,-0.13425107013865187,-0.1338108248902765,-0.13343073892163998,-0.13080374710635967,-0.12989926550298106,-0.1301678501997629,-0.13098772379700482,-0.13094516538395015,-0.1301742053023474,-0.1293110945629434,-0.1285334791885857,-0.12726742250354017,-0.12176010379447015,-0.12593663497272994,-0.1250063760795383,-0.12353169105041271,-0.1249983928663869,-0.1283409177926665,-0.13036488520598033,-0.1341888441078904
0,0,-0.15844738199584685,-0.16745404678102493,-0.1673308932226895,-0.17064563959262685,-0.17898965415111373,-0.18146760604620346,-0.1800030880159488,-0.18166624526421513,-0.1814274150011068,-0.18104199443718222,-0.18159247754910615,-0.18160168859750817,-0.18090599838946184,-0.18040395868599995,-0.17860950483496565,-0.1732974105379614,-0.17193887019676396,-0.16446871476350938,-0.16269831901144302,-0.16128240211405212,-0.15919093860118938,-0.15913933418197562,-0.1614637267961397,-0.16146701265253124,-0.1632770472570712,-0.16994741450093778,-0.1723072146862343,-0.17443734480554696,-0.17619032093247547,-0.17610115448838834,-0.17703250795985856,-0.178728252967767,-0.17992123489227385,-0.1812747767543207,-0.18143523143533866,-0.18118069133166853,-0.17918021055065977,-0.18083246430841568,-0.18166412438642895,-0.1810337736458299,-0.17857463937956644,-0.17965124538267563,-0.17801580114233329,-0.17793379200071266,-0.17306433745047872,-0.17180829598872652,-0.16871135056308548,-0.17153647824418233
-0.17534736211624533,-0.17916361083749766,-0.18238253848051533,-0.19547472231205074,-0.1954749874718067,-0.19818389883646886,-0.20451526649134125,-0.20589577965203512,-0.20588326814680466,-0.210500085202379,-0.21703532204089332,-0.21889975209305837,-0.2263994745465439,-0.22592352806885588,-0.22553128950611573,-0.22452757027416861,-0.22349840274531585,-0.2199698600662669,-0.21793403540319803,-0.20949377126048627,-0.2068070600320253,-0.2038869317831611,-0.19854223295055637,-0.1964004101492524,-0.18910520694434294,-0.18205717503878074,-0.18234527844364884,-0.18287282967427013,-0.18321546140046405,-0.19003704891596837,-0.19202632708901313,-0.19291152933226557,-0.1936995526583163,-0.19620428949656796,-0.19603597024716618,-0.19743723120911447,-0.19281165915126008,-0.19075794504272706,-0.19012568094237636,-0.1890570609161313,-0.18937767840515968,-0.18965387093609368,-0.18833843452642676,-0.1861933691986728,-0.19093166260308417,-0.19033617999534008,-0.1881517504830311,-0.18563047613289227,-0.18743317024015338,-0.18517152625132788
-0.18541151085251584,-0.18454701230876705,-0.1865918323994802,-0.19988476726665633,-0.2005148490079475,-0.20436880688255615,-0.2183096412268853,-0.22279271758682995,-0.22367604344838748,-0.23358769944665722,-0.23858120556398832,-0.23933954950980454,-0.2494918680278122,-0.25220411363999296,-0.24743733071629279,-0.25115758334355803,-0.2546208746556961,-0.25146288443404546,-0.2458486400570672,-0.24465154764041622,-0.241543194458088,-0.24022884736757336,-0.23543255329342966,-0.22710505749106727,-0.2279687703790849,-0.2216870952643326,-0.21921812311247124,-0.21514727067609307,-0.21048851581820638,-0.2119142371839529,-0.21531238722436732,-0.21436757605467177,-0.2129404208127046,-0.21314924600020527,-0.2182030567738252,-0.22018170003055468,-0.21976121910994637,-0.21994459327111598,-0.22146816217023543,-0.22005065281960565,-0.223772003168704,-0.22442607030243567,-0.22520783789625382,-0.22904428903001364,-0.22716168092573186,-0.2299259552995596,-0.2338449640385071,-0.2341429402662888,-0.23240276507920285,-0.23286616713929995
-0.12611898191954368,-0.14854854283600175,-0.16324487952219702,-0.18671637921552658,-0.19098582897058838,-0.19506013228022653,-0.20363474586737357,-0.20652833826648131,-0.20913755289543795,-0.22342695340454347,-0.22762731046405174,-0.22700379404922089,-0.2410775791571106,-0.24296683421332163,-0.24410570240973775,-0.2510909611107184,-0.27193496462661376,-0.2725962556660998,-0.2739875605903664,-0.28145634757198,-0.27661715481007976,-0.2737317219379975,-0.2736811719040539,-0.2718874006415493,-0.2704033065094395,-0.27207122619235247,-0.2682582812320422,-0.26811455622146346,-0.27323671384662135,-0.2736749959782633,-0.27517024193087675,-0.27400780860251417,-0.27256867752978375,-0.27532164578512447,-0.27476280956500776,-0.2769967406216903,-0.2808187514738502,-0.2822229162926745,-0.2840468931792994,-0.28388626014474266,-0.28301237271169133,-0.28120196784171153,-0.281487145094039,-0.2830843544121664,-0.28296936794535904,-0.284398853469695,-0.28791883122006984,-0.28648852433525596,-0.2876442054010925,-0.29194660689806506
0,0,0,0,0,-0.15783955977275788,-0.1881834753775363,-0.19840574074929204,-0.2033495731183147,-0.22300547673417237,-0.23233724923830024,-0.2349850281623439,-0.2539571536959636,-0.2632025750166285,-0.2672432297775243,-0.27565538107318166,-0.2991450312393376,-0.30379206974588535,-0.3089471757534813,-0.31947181756255505,-0.3244413368799132,-0.3266898001991236,-0.3299277492585676,-0.3298320550459361,-0.32423709792298566,-0.32481127157457684,-0.32515098383834273,-0.3263092890963218,-0.32526698372133883,-0.32452529959253684,-0.32091751110635663,-0.3196452385545803,-0.3180052354331966,-0.3238346975085477,-0.3271666085667862,-0.32890596545781986,-0.33537309217753786,-0.3352054434949236,-0.3344960691164631,-0.34096022514204155,-0.3428105326606784,-0.33941829643100374,-0.33744757640340833,-0.339363624906116,-0.3403108936188505,-0.3435841809044761,-0.34691819364694293,-0.3468132441239331,-0.34876413286699676,-0.35205061818330285
0,0,0,0,0,0,0,-0.14216071730715965,-0.16840313323997821,-0.2038190390093157,-0.22727429738886845,-0.2530321487307483,-0.2951820460912739,-0.3061097772651198,-0.31027411925655174,-0.3198877562481717,-0.335775603650036,-0.3379016422643859,-0.34419327515335263,-0.3529086024968966,-0.35716917723388447,-0.36006100365241495,-0.3639917210867567,-0.36938153301729665,-0.36150279522397055,-0.36700985600865504,-0.36968250951367737,-0.3733149197801919,-0.3791535616576253,-0.3826771147030567,-0.38862168122151003,-0.39012967178874086,-0.39106048585742303,-0.3913180235239359,-0.3930654528726467,-0.3934131422614094,-0.4021117101801915,-0.400826426497589,-0.3997619566490859,-0.39963981374923513,-0.4001015152635586,-0.3982970113583907,-0.3997792774631661,-0.4021487443356391,-0.40089716489563965,-0.4039838248485497,-0.4069712192898283,-0.41179184988330847,-0.4140515843486554,-0.40940279949740227
0,0,0,0,0,0,0,0,0,0,0,-0.09266191225596979,-0.1342835194377124,-0.23186551507341055,-0.2863882597947606,-0.3144677085033492,-0.342522924847818,-0.3484854833886104,-0.35890443609776834,-0.3814595491203575,-0.3881820531020016,-0.3937227528093728,-0.40657084688762324,-0.4140337378315123,-0.42085684646978433,-0.43034865046718923,-0.4353251568417244,-0.4339612600841428,-0.4417461821789786,-0.445261284104772,-0.45037379262880495,-0.44574951778028044,-0.45013058286759006,-0.4562431888586958,-0.462182736726361,-0.4685745977639911,-0.467326760003538,-0.46791505425577323,-0.47109759366706233,-0.47480337479417506,-0.47639340945244923,-0.47905823373654915,-0.48960170735101866,-0.48556634946352073,-0.4963179628694699,-0.49711911303434275,-0.4985380487913678,-0.5071474606027371,-0.5115894336498028,-0.516295528555292
0,0,0,0,0,0,0,0,0,0,0,0,0,-0.08902197001583965,-0.1832598579340348,-0.24436214573973067,-0.3398452431936582,-0.36979967387233736,-0.3914464726555832,-0.42318709231148277,-0.43029702441565126,-0.43447461271796206,-0.44821345514185146,-0.45372426241784514,-0.4647604776163683,-0.47601799878505346,-0.48201350313290736,-0.48757696249927096,-0.4940368845052736,-0.49745034471484173,-0.4985386393410169,-0.49854688379802253,-0.5052579244814817,-0.5107560950812348,-0.516083607622621,-0.5231520428580224,-0.5258803285778532,-0.5323366033941369,-0.5474172278451326,-0.553672115488636,-0.5611611957835374,-0.5730538663987792,-0.5796359159386039,-0.582533175664917,-0.5867213405282246,-0.5862121308792724,-0.5928593216040846,-0.5934978104850144,-0.5928045881117389,-0.5867083206060347
0,0,0,0,0.026488589357517307,0,0,0,-0.04424288073822067,0,0,0,0,0,0,0,0,0,0,-0.31941367908084367,-0.3876495284915564,-0.4241647751308703,-0.4753155891359161,-0.4993681808301485,-0.514734678197656,-0.5487779185375419,-0.5581105684607837,-0.5635642882370089,-0.5769722190337854,-0.5784513110788924,-0.5778781063277729,-0.5718071300353015,-0.5687414507248745,-0.5660638675811445,-0.5687642942856213,-0.5788319550920109,-0.5842884564743162,-0.5910334262036833,-0.6139579530446242,-0.6350851222591098,-0.6416228557291436,-0.6700078363034188,-0.6873951685517306,-0.696710598044853,-0.7232383142782769,-0.7378644365804996,-0.7428143342667298,-0.7738222024136464,-0.776314543017677,-0.7701241591526488
0,0,0,0,0,0,0,0,0,0,0,0,0,0,0,1.8257761000465016e+38,-0.05309864220414297,-0.14919956522113226,-0.14946678457066848,-0.1464329840169522,-0.15245072380602318,-0.2161944039051933,-0.37507362976419883,-0.48109919037883675,-0.5542628342959836,-0.6043167469232041,-0.6181161382536391,-0.6278901257784476,-0.6384365865618121,-0.6449761357905601,-0.6734526587911253,-0.6906482066880333,-0.6968000284701358,-0.7038879483097495,-0.7092466600657736,-0.719254860947871,-0.726992476931922,-0.7339146162315212,-0.7432359863565418,-0.7479588663941994,-0.7625604331992605,-0.7947136031495928,-0.807257079192355,-0.8191200217045799,-0.839876651198194,-0.8491166449596363,-0.8558931623152707,-0.8828926833133264,-0.8953522557520716,-0.9033922093765673
0,0,0,0,0,0,0,0,0,0,0,0,0,0,0,0,0,0,0,0,-0.22356264648979268,-0.3024279192519637,-0.41677324144674815,-0.4798467163679759,-0.5147998421357134,-0.5915739155803958,-0.6337871971441572,-0.6721206159517908,-0.7143432550028499,-0.7639013994080133,-0.7994647602110018,-0.8232279541798261,-0.8395876409601386,-0.8541519801515037,-0.8588193945128871,-0.8754538729276727,-0.8712846324884008,-0.8713223172660782,-0.8686750596435661,-0.8627847133195217,-0.8605474777571253,-0.8633303539155923,-0.8726020900041135,-0.8799517182709521,-0.896332503973665,-0.9076198195857553,-0.9349160894293921,-0.9787165032365669,-1.001994681747657,-1.0135675215557047
0,0,0,0,0,0,0,0,0,0,-0.15953978712285946,-0.15963434776430516,-0.15860162509844572,-0.16266435121659836,-0.17354879082891142,-0.17878404206505535,-0.194313336926609,-0.2387951195267597,-0.2717222495412659,-0.3309263687849603,-0.3962808065697609,-0.4165794157170678,-0.4268192663944213,0.07212861301525451,-0.41546581671614424,-0.7328232243697147,-0.726408578395379,-0.7393469807307269,-0.8116452636289483,-0.8292792527184011,-0.851480939264268,-0.9268101306768856,-0.9677551668069261,-0.9924142778939947,-1.0216901169739891,-1.0568637604089635,-1.0681182469018946,-1.0773848807659774,-1.0972022473533491,-1.1052458291219613,-1.1125951668873244,-1.1119024576112873,-1.1252672422526504,-1.1298329041994157,-1.1283905395944351,-1.1168450813324913,-1.118533996590986,-1.1372250539103663,-1.1355227617050987,-1.1408895676115172
