jsons/1312801200.json
{"header": {"parameterUnit": "m", "parameterNumber": 3, "dx": 0.1, "dy": 0.5, "parameterNumberName": "Northward wave", "la1": 40.97354507446295, "la2": 16.46031188964855, "parameterCategory": 2, "lo2": 133.9931640625001, "nx": 191, "ny": 50, "refTime": "2011-08-05 8:00:00", "lo1": 114.97908020019554}, "data":
[rows 0 to 21 of 50, columns 50 to 99 of 191]
0,0,0,0,0,0,0,0,0,0,0,0,0,0,0,0,0,0,0,0,0,0,0,0,0,0,0,0,0,0,0,0,0,0,0,0,0,0,0,0,0,0,0,0,0,0,0,0,0,0
0,0,0,0,0,0,0,-0.31332529427149775,-0.27578873985694863,-0.3237781708219552,-0.29446393348569255,-0.2886608097797008,-0.3028793949016761,-0.3039883793590062,-0.31175798698717966,-0.3165041512553129,-0.32357654627632404,-0.3169387036506953,-0.3146190791174674,-0.305000934046438,-0.28708907073163276,-0.15450484354727648,0.19714294315701267,0,0,0,0,0,0,0,0,0,0,0,0,0,0,0,0,0,0,0,0,0,0,0,0,0,0,0
-0.3785907221472393,-0.21010099085830677,-0.2939946752948415,-0.2658381017704486,-0.24895012892382976,-0.2537496567875279,-0.2408516549742214,-0.23844172743300954,-0.23447592741688605,-0.2453879515696971,-0.2507451732422683,-0.2564340529061028,-0.26735387147368916,-0.2652662015064469,-0.2679351382173844,-0.27390186265741256,-0.17487373407885334,-0.02648528373240552,0.16823866165053836,0,0,0,0,0,0,0,0,0,0,0,0,0,0,0,0,0,0,0,0,0,0,0,0,0,0,0,0,0,0,0
-0.4095934285183819,-0.3628833579625521,-0.34713334407685875,-0.32249394743611426,-0.23726578091779504,-0.20893758041083532,-0.19905532334559778,-0.1841989479084757,-0.1519947784382997,-0.1425625297085152,-0.11690111181274318,-0.09930224039694348,-0.0838514790687867,0.005185227830792135,-0.8822676409458792,-0.7058387183727065,-0.5013833440443038,0,0,0,0,0,0,0,0,3.2326526235022572e+38,-1.628084550118518,-1.842844416367501,-1.9844727949394267,-2.1331620518409733,-2.234367700304932,-2.3477704826381913,-2.364837540879463,-2.426502863352264,-2.472033914554424,-2.589733108178378,-2.5538916253222292,-2.5992613852597546,-2.4366430355357362,-2.295825900835391,-2.1865264204014654,-2.040501598664831,-1.8538639161162804,-1.7578316397422387,-1.590581198406895,-1.5524092152333004,-1.4322051054697231,-1.3663363722643835,-1.224267250688306,-0.992462380896374
-0.629124500113729,-0.6482983158863199,-0.6684730581597357,-0.7267292658003418,-0.721506160893644,-0.7427085429305793,-0.771326181792488,-0.8066404185574086,-0.5701126502383487,-0.3254176636280713,-0.034673900875782364,0.06003217775749192,-0.10885773851532744,-0.004740474183072513,-0.40590713516707966,-0.4610271803520997,-1.1148514074244134,-1.2053049054106233,-1.380155025655859,0.4327621804438852,-2.0098128483071442,-2.1204744804470357,-2.265376110588787,-2.3450168585542466,-2.330549328122873,-2.447007144566607,-2.5349256948048695,-2.6010055586652405,-2.7230625618748086,-2.8152146377857257,-2.9620948404631275,-3.0946103187778307,-3.2078075642064388,-3.282133970286557,-3.309007352074267,-3.3086342756490956,-3.211580242356661,-3.0958009636253636,-2.956225182123933,-2.6962753391656538,-2.486624589305609,-2.346588878639678,-2.048150171958108,-1.710328861288392,-1.420428744988837,-1.2337242183376913,-0.7346838743441935,-0.26591774471241564,0.053869023218063965,0.5412142889300285
-0.5489554091590478,-0.5651687489168732,-0.599822601281302,-0.630225885114224,-0.6787727024033013,-0.7035695025212878,-0.7620122056281031,-0.7884644187227191,-0.8307061770127158,-0.8875174925700708,-0.925448635149402,-0.9957757939391134,-1.0930804965938108,-1.1760021913160967,-1.2853974257348946,-1.3277926078582258,-1.3809583220213504,-1.4734525735499424,-1.5195258092176567,-1.579044902819368,-1.5915893556406782,-1.6092989830464677,-1.6743567043146415,-1.751402007886439,-1.8570158493691602,-1.9791167318016796,-2.048111907837332,-2.205026040774938,-2.341640947602187,-2.3688935302181138,-2.757240375124458,-2.83691431842473,-3.0085897936323036,-3.1895141287088626,-3.2861989390425026,-3.311785848754574,-3.1047141482292386,-2.946907380279962,-2.750757222858637,-2.178696718002726,-1.951747934218972,-1.633038874060673,-1.338233421333246,-0.5906181521055335,-0.30011735526867556,0.08282074953170225,0.8568718103364884,1.3883534163462716,1.646806047527397,2.08180158768993
-0.18587183010876765,-0.17892057741479103,-0.170878820145305,-0.15434066058116633,-0.18320405199618764,-0.18780410753372911,-0.22220972426311908,-0.25191320606580553,-0.3075717699984173,-0.34554527011287844,-0.3254020917530462,-0.40554714500624167,-0.44611653849802096,-0.46259006402741143,-0.4527457571382947,-0.4908247689615258,-0.553605194356595,-0.6094769334406468,-0.6454612909120685,-0.6849958203106342,-0.760349599167204,-0.8104789794429403,-0.8322214973880873,-0.8946633074627105,-0.909781621923338,-0.9318392006933313,-1.013229391116555,-1.1082968221284362,-1.1743114167578543,-1.1927386344762185,-1.2948389328593017,-1.3842888388760226,-1.553576437650412,-2.15103436257767,-2.605814328769866,-2.9022201615976093,-2.7825615529197454,-2.146980887041452,-1.5180506527138062,-0.6347899266025518,-0.45263242873052884,-0.16993475870882985,-0.09572641606431025,0.29101177311196724,0.3844815685604223,0.6004424737504297,0.9982134728585348,1.1493862219468223,1.3959053195519648,1.510705382033494
0.26703183851548895,-1.2324916591417866e+38,0,0,0,0,0,0,0,0,0,0,0,0,0,0,-0.30517101510711836,-0.03550240469644947,0.014820360247775386,-5.945135624829343e+37,0,0,0,-0.5189997805380501,-0.4238004098224695,-0.6692491829334781,-0.75422661126594,-0.6082582586243234,-0.4765082601087853,-0.3830190430274312,-0.18678588354495834,-0.054006657636468273,0.06803122316769873,0.29499857801629603,0.9852076512918758,-0.16622209508873784,-2.3662568703593743,-0.2741685480861702,0.9773945958075458,0.9677224492674501,0.8017610425830728,0.8370343052120083,0.8249335742094861,0.8384108354891446,0.9248922092035841,0.950448394688555,1.050115618707936,1.1408278439563593,1.230166929210502,1.3617644512560818
0,0,0,0,0,0,0,0,0,0,0,0,0,0,0,0,0,0,0,0,0,2.2598812363414284e+38,-1.7060817948395046e+38,0,0,0,-0.8477944855611926,-0.03939580282836002,0.2772724155518123,0.5091595789194827,0.832418327221717,1.0857262971193637,1.2730964307772437,1.7461648879103238,1.5287498995443403,0.743879116721147,2.183713360065917,1.8824625188127975,2.1244511644562913,1.8674722635583019,1.7527128686397773,1.5893484624888694,1.5463140637572952,1.3943054343069798,1.3952603805901944,1.3962433798392428,1.3423557601509986,1.3827010212432458,1.4039418467465348,1.4371338742891588
0,0,0,0,0,0,0,0,0.10907941578517442,-0.7341016476455031,-0.24273386389136536,0.05882390406228991,0.305009632513541,0.4296283271384613,0.6507615095146188,0.71563165659126,0.838109344804997,0.7971170781184105,0.8773084482601631,0.9792030540078583,0.9796780751163988,0.9505502842954692,0.9651581128300385,0.9519492799447136,0.9078487010734992,0.9607756151613996,0.9820705539680702,1.0838574130859269,1.1738412763060846,1.2674317419192045,1.5680710526815465,1.7629896872644715,1.8950725704851534,1.9539087300399958,2.0708442982345656,0.5048357095978653,1.2608979583146058,1.8832314865718134,2.0836215292447355,1.8777853570691772,1.7137894059940073,1.634254050861198,1.4565888319418625,1.3167342378975733,1.3379386411755716,1.3325716304317663,1.342494357573893,1.3771378879056646,1.4013291699754575,1.4291788731160713
0,0,-0.6700662809418894,-0.7573714051240609,-0.5926113835232598,-0.6130212345147965,-0.6924621164023477,-0.629131075817983,-0.41457679709628764,-0.3770625228303927,-0.2966038007773262,-0.16135281511637198,-0.12187824872398789,-0.0758873340933246,0.03351180028790522,0.1380966543456802,0.19062520611096864,0.2858889602697156,0.28391617859255697,0.3356685213665843,0.3607395524791027,0.3293409945774086,0.43924607682890554,0.49822586450159395,0.6105522441415295,0.737972196727217,0.8518660930690987,1.0653866612156444,1.2019025887848431,1.2896737681640895,1.6508188917758622,1.8627761858995449,1.9329082793306605,2.1292479472420975,1.8081061525088207,1.9721677338568164,0.5777081406554067,1.6664909753101755,2.0357729295244567,1.8858046749535382,1.7799251115331567,1.6864992269513188,1.5507881935561822,1.4189044158812423,1.3795862159642966,1.3574246252977527,1.3289929801568958,1.3233738563092283,1.3126864694700133,1.3398106994270143
-0.6641035247782017,-0.6145945469010705,-0.5948407542680378,-0.6115339615182722,-0.557680470071209,-0.5424251978238002,-0.5448605195965585,-0.5288991994365528,-0.48954175106252357,-0.487145971518971,-0.48110609736129745,-0.38198148894304007,-0.3123097179431447,-0.2211990733783898,-0.09055075403162575,-0.05713944662154505,-0.010863557145520866,0.048398594835762546,0.08229760509444697,0.1347651919408478,0.236026920775747,0.29709505847107054,0.3455080089124768,0.38392131112465794,0.6157774280655086,0.7286218227102108,0.8670846884491981,1.124927812757461,1.2201036091338318,1.3095112969942395,1.5646404174946538,1.7003564543236185,1.79363978983294,1.950377798837765,1.9416858004151458,1.2558248850092595,-1.6342425716967113,1.9807674175463994,1.8716022526933138,1.836643033935802,1.7648051708797345,1.6514314207142817,1.5436387252623316,1.3301308808743104,1.2298814994943477,1.1700493732934774,1.1143978884303531,1.0985265474240022,1.0766768583726674,1.082260632779779
-0.3553255917601305,-0.3180385054523459,-0.33087206889701487,-0.3439143077394975,-0.347166375034893,-0.354378007534782,-0.35748129261958494,-0.3296607029415703,-0.32208577778485287,-0.3271251543171584,-0.2917618584366041,-0.23324911648787328,-0.21236803132085627,-0.19480838377969228,-0.16665675251099688,-0.16597736885979136,-0.17342497882630056,-0.11257978407150107,-0.023889529663549756,0.03545221932659086,0.15999814172928686,0.25360084405799127,0.3200793876606467,0.38660892172258604,0.601930220334669,0.7347194068754843,0.8034916841175558,0.9961655422982487,1.121048476213009,1.2428701081398041,1.51441103324132,1.5668067363563905,1.679796867828195,1.8078895956323822,1.881236950530109,1.8634532264823753,-0.8640741398421703,1.2736419953664009,1.4761808906666862,1.867600371388741,1.7876186867347608,1.7253266614332516,1.6847784632914604,1.5621841198794972,1.460589952385401,1.402811970545081,1.2630680593192858,1.201643368223113,1.123351650161387,1.0679672422250936
-0.212988635453901,-0.18443651423688662,-0.13547038628201039,-0.14797818961354295,-0.08201093012239587,-0.0416348914324081,-0.037374170187079045,-0.028977775442418446,-0.011261173255890612,-0.0035642134371403557,0.0028699896588395206,0.006241306504363872,-0.01936344724871564,-0.040270686487255576,-0.09509045141117399,-0.1170543087184712,-0.12741871175634542,-0.12777352122966817,-0.059588676618140414,-0.024401574359800084,0.11042689106719739,0.1852824550697112,0.2471670773562581,0.32752190370826567,0.5053916649610875,0.5968628045961558,0.748016183482915,0.9349670881835183,1.057775208403722,1.1232651709335957,1.2977181897971233,1.3584250587814684,1.4170075674967118,1.5435662969566368,1.5812644566690703,1.6504955218865776,1.7202824993870596,1.5573709707545338,1.2342334186790092,1.6665750983474301,1.5020217795329347,1.7352761744711171,1.7101463514667543,1.6378835466328385,1.6115513471495988,1.5683362841328108,1.4707044640669358,1.4141415117771268,1.3847863646010494,1.3129712828122424
0,0,0,0,0,-0.18407492755717864,-0.12033883483544504,-0.05422031828686044,0.0365801069413586,0.06278485402608994,0.060412862613867434,0.0022680808450985445,-0.030796193363569875,-0.06663175398622409,-0.02818244840448677,-0.037168678156844694,-0.07494813330184694,-0.06996891652495252,-0.009133042342782291,0.049891017925171505,0.20591801880614316,0.2703107592406892,0.3248314234274604,0.3803239265187378,0.5131095603960434,0.5633552780251191,0.6736789746574996,0.8200669408149043,0.9219811396538354,0.9815978946966335,1.1101648810692517,1.1727312317540637,1.2322698364712938,1.3515833874092336,1.4095860677609076,1.449449888689036,1.5482095552285924,1.5875034051277963,1.616131984852798,0.07882840336036724,-0.03534020789781949,0.990702835701367,1.6468411721642404,1.6019507550691225,1.591380781281783,1.5687588098077494,1.504248112644734,1.4754041644789155,1.4485659471045644,1.3894491408394904
0,0,0,0,0,0,0,-0.22220025081684103,-0.047730533188781975,0.056025347455614126,0.10739514141268422,0.011426326892936869,-0.05082077187824345,-0.11317684259249323,-0.1374697196961527,-0.11198965364801565,-0.08581065421913045,-0.0546701171137843,-0.02950899283398635,-0.05142153280407609,-0.055406064955171905,-0.0038636841234284407,0.056245250685156824,0.09791800418903267,0.2818206152176429,0.400760861467828,0.4701738035944521,0.6050227675862232,0.6903071785931912,0.7925851816095769,0.9228783900148965,1.0030692079627266,1.0730565313168057,1.2065567951058713,1.2780841253966695,1.3035826617365625,1.4155913994818852,1.4528114356561823,1.4865108642851956,1.563242723813014,1.5939336664548265,1.6187745711460721,1.260519027475189,-0.1472661955674508,1.392063833749583,1.621034861399181,1.6174112701105623,1.5933624418179217,1.569997208797571,1.5148244714776484
0,0,0,0,0,0,0,0,0,0,0,0.22412563910994107,0.13531813570190063,-0.054772076927959386,-0.1345612107766499,-0.15118693458014967,-0.1809426996340992,-0.18024927157647713,-0.1656453377706956,-0.1324313408001385,-0.05984808386181109,-0.04615276403052261,-0.011603489175734099,0.029662081839710475,0.12497611086666618,0.18930398701136303,0.28940248836397536,0.38538039554602554,0.46097326029960867,0.5597687717711929,0.6851374028016839,0.8006355781567893,0.8489987326084381,0.9749986832341213,1.0502949189531463,1.132180432372034,1.232682252565218,1.2897805454507387,1.3235463263845075,1.3943813962814653,1.436914352563322,1.466257443175642,1.4664954355754367,1.4591723216705559,1.5443094766515373,0.15869376777258126,0.08903076946984848,1.3139052302649872,1.53701234270188,1.5330875309483711
0,0,0,0,0,0,0,0,0,0,0,0,0,0.029912800717791063,-0.23739648542610634,-0.22858961355590918,-0.2795603765107493,-0.15116988225395137,-0.14365913725010265,-0.1430921724702132,-0.10889255712617839,-0.092296476581707,-0.08749061329995225,-0.06863960984157243,0.004479416949608276,0.062313634811832705,0.10270867810441799,0.20399827474090484,0.3009454231727115,0.4014369152338936,0.590698986043395,0.664530334579226,0.7105929477969286,0.8108598946066267,0.8613804150725499,0.9277666123199851,1.0225554705585869,1.0684258999722045,1.1269927714838772,1.17830099511917,1.2334547074648172,1.2903276291189154,1.3302822187409944,1.3810326253945502,1.4180467187872596,1.3941185777256742,-0.8360490052502532,1.1797072135137991,1.3939343905589652,1.432094368034619
0,0,0,0,0.012147517847275281,0,0,0,0.04740498181189166,0,0,0,0,0,0,0,0,0,0,-0.5582274942719225,-0.3983152739799498,-0.34765410257170654,-0.2965963481258194,-0.23292215800511815,-0.13401975443280018,-0.08030197384376953,-0.010729840413105238,0.14201228109449032,0.25623032066540485,0.3363115325503467,0.475762325062197,0.5259293185639128,0.5770291876670115,0.6135365164157551,0.647989084758975,0.7006307189113384,0.8344087759347256,0.905379672483468,0.9422354023066257,1.0233564866511526,1.0662285968126464,1.1074861520749484,1.163719658601052,1.2186045551868672,1.2436811987802119,1.2676468786724064,-1.00817993427766,1.0122947617559455,0.9562330833394211,1.2793610410166483
0,0,0,0,0,0,0,0,0,0,0,0,0,0,0,-3.141095513322494e+38,0.0405315164927568,-0.015212057120546416,0.07890501440770667,0.04471729183773344,-0.16756341854413287,-0.21922613815879624,-0.4852067549863029,-0.5882451270564284,-0.5459005781619312,-0.5778778759149721,-0.5043810285441559,-0.25276725900231906,-0.14256356074245985,-0.026550527889318512,0.23353450396179692,0.379177536059925,0.48728937412794043,0.593278222052354,0.6350438448524907,0.7200585519078517,0.8044325132500755,0.853291395458836,0.8924381488805976,0.9464995136749518,0.9751631157054182,1.0013457271965602,1.0473452998265413,1.119494606238122,1.14919292766505,1.1514303867467637,1.1810177344507584,-0.6597774532311557,1.1749864795565415,1.162077732133665
0,0,0,0,0,0,0,0,0,0,0,0,0,0,0,0,0,0,0,0,-0.19853140277975345,-0.4001610783993326,-0.6721111173513747,-0.721835121815825,-0.7240109311867796,-0.7668292865399625,-0.725512351897545,-0.433078102180891,-0.26270957534857925,-0.07695489832512141,0.22509571799716577,0.33039122193445397,0.43337348398271985,0.5791410532942495,0.6359353688632541,0.6708319711162162,0.6927787323003718,0.7446452784086774,0.774344515062326,0.8381847891319614,0.8837997178547469,0.9372010392875046,0.974479944014593,1.0464169785454387,1.0874536372210406,1.1144225196311908,1.116748001370465,-1.1594386567703072,1.0541092302577642,1.0385000165324407
0,0,0,0,0,0,0,0,0,0,-0.056512266799371276,-0.07136404185486481,-0.089646042586017,-0.13660624697695264,-0.24692272072609212,-0.30324726679358793,-0.38881583537489306,-0.4438576784947249,-0.49453069893591584,-0.597032433390834,-0.5643763967707277,-0.5708562109132309,-0.5280612134350158,0.4861415631624574,-0.5514891744971631,-0.8127556924203074,-0.6802081156092061,-0.41409395052154097,-0.23642855189233278,-0.046295265901569356,0.34221457721168347,0.4712668052567134,0.5384664727013526,0.6400041793885997,0.6682489204997175,0.6945118416391711,0.7858552221232072,0.8166182684916699,0.8184211755069573,0.8105583668624979,0.8180093779039459,0.8392867282618915,0.8403458212930563,0.9266613457740908,0.9639970928534598,0.9815942620818519,-0.8574279734243772,0.5784630296769248,0.9554781139327506,0.794477531338903
