jsons/1312851600.json
{"header": {"parameterUnit": "m", "parameterNumber": 2, "dx": 0.1, "dy": 0.5, "parameterNumberName": "Eastward wave", "la1": 40.97354507446295, "la2": 16.46031188964855, "parameterCategory": 2, "lo2": 133.9931640625001, "nx": 191, "ny": 50, "refTime": "2011-08-05 8:00:00", "lo1": 114.97908020019554}, "data":
[rows 22 to 43 of 50, columns 49 to 97 of 191]
0,0,0,0,0,0,0,0,0,0,0,0,0,0,0,0,0,0,0,-0.21234217161328595,-0.053503602659710936,-0.11769496555593345,0.08601955976659177,0.11656402060637988,-0.10018019482791077,-0.28571463119741036,-0.2624802920706183,-0.2704804991205076,-0.42461815919800455,-0.3928300765666537,-0.46420134618316866,-0.6123748756059668,-0.6843111183655286,-0.7323370887522576,-0.6889336090612161,-0.643872682935253,-0.5310022519541487,-0.26718824858590984,-0.21755194605110192,-0.27621193975680397,-0.32532401651732884,-0.2730541366071234,-0.18223853438626678,-0.28161239800866267,0.47922930472146635,-0.3504007139454507,-0.6950506482348722,0.3314028971235604,0.44590793877010587
0,0,0,0,0,0,0,0,0,0,0,0,0,0,0,0,-0.0007163506896973408,0,0,0,0,-0.023547154075817502,-0.05023281259407552,-0.10420478199610454,-0.16576395227840166,-0.18093579928093567,-0.22742848413727657,-0.3017603030698566,-0.41908683636213123,-0.47996923041673056,-0.6406276844602516,-0.6640137870318306,-0.5281113193014093,-0.648112503501113,-0.6608654761591501,-0.5946779244365998,-0.24767031093914207,-0.08503738399209042,-0.07610967997746255,-0.3678854121207093,0.7508017552923206,0.7619218002451436,-0.5139868596959031,-0.2754502395165447,-0.503611717779222,0.06316798576328952,0.6088167299812455,0.22352197999784343,0.28006822011771093
0,0,0,0,0,0,0,0,0,0,0,0,0,0,0,0,0,0,0,0.07071911980197726,0.12957060453142386,0.09989001554662522,0.08143415981517801,0.04650450456987858,0.010321335031825316,-0.1041519406695048,-0.21394805975487538,-0.31267076744142014,-0.563641494096519,-0.7343722726165886,-0.7032069590970021,0.27440503761365015,0.18562328670728792,0.2571947018728646,0.7244211913350382,-0.4154584222684769,0.1317952685656565,0.22278941608743125,0.12256255195416124,0.16891314229634646,0.21222205470983568,0.21485382663262,0.18940980238434024,0.17980285035110774,0.22081130354438266,0.21562568696570114,0.2225156955056978,0.2666563817356803,0.3296112866926424
0,0,0,0,0,0,0,0,0,0,0,0,0,0,0,0,3.3038944722661223e+38,-0.23295194791100537,0.14290670937033365,0.19848433905063023,0.22455514373208268,0.1515497607954875,0.09151154149833625,0.010073648845352438,-0.03706688655194689,-0.3353254506952242,-0.45425885761172186,-0.5412620749274962,-0.35799568530287496,-0.3884413855945405,0.43819786776863184,0.2741840297866475,0.3212187111137579,0.30985496418812597,0.26876950995818527,0.2729254337460528,0.24987111653073904,0.26884438667310245,0.2739078202376255,0.2772682383763436,0.25562217838139145,0.21643293509924125,0.21234960506122547,0.2218020218385545,0.19246754865367346,0.19346748473675704,0.16307213427181746,0.3040437626827969,0.3371761412894548
0,0,0,0,0,0,0,0,0,0.06242278059601448,0.14645970780750414,0.20412650214246914,0.2737879749535133,0.3533619361858567,0.37198590461936043,0.35595460218315567,0.35816965849294896,0.3728150984317617,0.2942364505616472,0.21146549453075436,0.14017606044526398,-0.027096792907097794,-0.1643879552484929,-0.27760915116396695,-0.4126418611854109,-0.6491341533185007,-0.7660328430638226,-0.7659101629257242,-0.2852300745252733,-0.5934237830499717,0.3923427060650821,0.1071975073473459,0.19722719783677128,0.16268239582133184,0.1518488730723901,0.17251401982851833,0.14827776911239438,0.2626762271132395,0.28989989523645593,0.3083110293486633,0.2909862642143744,0.30558523290587203,0.31169580595207785,0.31373913260774483,0.2977210078398937,0.28956844895295963,0.2837874519777385,0.29046999562880654,0.31810889142274407
0,0,0,0,0,0,0,0,0.21146381412023876,0.2696399056164328,0.3357944064291725,0.3509713841801416,0.33631014230623374,0.3289770344733836,0.30945229621189363,0.24658562800699907,0.19147833672804354,0.14586563863148314,-0.07580602245642891,-0.1558411122864445,-0.23328496082428593,-0.4225649727459095,-0.5122157706625794,-0.6170384490693036,-0.6976944874249519,-0.8108786601194916,-0.6504014041174713,-0.44223216821801303,-0.18520198704474258,-0.7433563919818127,-0.6774771773678633,0.41375679307242585,0.19710017388825743,0.16838097797310098,0.18602422762854234,0.16730620459878617,0.23649812825327224,0.29112914610627755,0.3175345140390477,0.340624533450409,0.340362472401563,0.3298159222646251,0.331793463190895,0.3347694590801323,0.3278157415246534,0.3340006963889907,0.30545335663659645,0.24684545318271583,0.24118934338947517
0,0,0,-0.35791037697567085,0.26209455348516764,0.2727928253521377,0.2805311765172749,0.2988851053644247,0.2918807922872996,0.27465011871337036,0.2801628508320036,0.2765974963361605,0.2189594840000338,0.19141979791320388,0.12812137288380224,-0.0421194978327909,-0.18369559111396866,-0.24903739967328317,-0.37568704703846906,-0.414472506932483,-0.4873852048075842,-0.6288271328847942,-0.7212365555568744,-0.7706332306066036,-0.8128232093120238,-0.8180843812384261,-0.732708365620388,-0.7211421043678646,0.3024010585779518,0.5438536039685984,0.2651470973959173,0.19459470187780267,0.22978866471829398,0.2564313989215036,0.29865767837211393,0.3146164587097965,0.33244033968420356,0.3919894768394755,0.37281531184346023,0.37739870425994615,0.4041343362253336,0.37162950320948607,0.36537823993822616,0.33625083567833447,0.3183776259675225,0.32047070319559534,0.32569539535777997,0.32883749485715263,0.3241177756737567
0.12220707410632146,0.16613163603481718,0.16739000190199343,0.16274639519525957,0.15634089914286983,0.0950058049999521,0.0996342876328085,0.09514064688438102,0.06941664111581004,0.0335103041486148,-0.004025404516626128,-0.060404867213056955,-0.1673811244225604,-0.21018687544186876,-0.27167710606592776,-0.40079759607114807,-0.47811154329511935,-0.5178523817958911,-0.6287029603140394,-0.6827562782441678,-0.7425883186442738,-0.8060033671424974,-0.8405412277160781,-0.8535280709187661,-0.8487403275182046,-0.7831533042131797,-0.6120760019262448,-0.5261854958184322,-0.6041596760817504,-0.5105635764158638,0.5466906276914104,0.4720914849107498,0.36573321160720906,0.21105513146596336,0.3020393726216976,0.2682917554424449,0.28181184580380203,0.33361547169939326,0.3267101658716299,0.32414927409923355,0.31989913375342277,0.311905196318797,0.29294586491440316,0.2933348625630568,0.318893639255515,0.3448185018301516,0.34020806616351823,0.3171406761367646,0.32346667724743045
0.040590189752217766,0.03155953642281273,-0.0053078755097905545,-0.029426497334343597,-0.06966308955052843,-0.13917403969000713,-0.13489917660765302,-0.15426038819999074,-0.161601776721194,-0.3596678351121349,-0.4326672248863496,-0.52408412012179,-0.6406211474085101,-0.6930781342259295,-0.7058595170908313,-0.7488645016817538,-0.7441657400973856,-0.7448193951314205,-0.7910532201668714,-0.8129272752289942,-0.8421803381414645,-0.8825547124354347,-0.8857830535534498,-0.895010922801437,-0.9049726916781531,-0.8332614763694319,-0.712665572818011,-0.580687983346339,-0.32462290654407955,-0.2616313545597239,-0.5892438398960911,-0.643671140455416,-0.662012580459402,-0.7120349315071745,0.06744957807216452,0.732863371201773,0.3971717213288586,0.1956977382609594,0.2584332684609753,0.2600356681698839,0.2735742268358123,0.25053825958455217,0.24469187599678607,0.2577022257520123,0.26771899625260376,0.29303198237310396,0.29618496566874447,0.30388478270947167,0.31690158475960073
-0.20055636596746207,-0.2605159791735348,-0.3199029034173678,-0.4111916937563858,-0.48683564088336406,-0.5999464299383183,-0.6538305946693073,-0.720610888180064,-0.7824296464005981,-0.8541501899663485,-0.9177439082890788,-0.9327864435788171,-0.9573792197889169,-0.9317013318712857,-0.9245422288557076,-0.9222149021404741,-0.8978660652232768,-0.8856746477218199,-0.8756187353145443,-0.8673717585541542,-0.85664183548421,-0.8619313574577859,-0.8866611865547595,-0.9081279005012465,-0.906987834420856,-0.897936795148377,-0.8344339180666859,-0.7895914459146202,-0.7287523518533701,-0.6794509163480958,-0.64294220915767,-0.575074825628294,-0.5365987349983108,-0.4470451442367411,-0.3085242109979203,-0.35385503698995663,-0.19671609585119673,0.054167514643524865,0.25849829920494066,0.5239335516954892,0.19013965852719783,0.19893321863187732,0.22495369140251972,0.21527825975572965,0.20552606352049782,0.205284424486601,0.18704956470046177,0.19062024206878236,0.1660290954779971
-0.6124081740548183,-0.6726825465264207,-0.7633949713171523,-0.8063652790837228,-0.8635453738915524,-0.9204680616484872,-0.9730504471257805,-0.996885350777051,-1.0066613436244205,-0.989832971823601,-0.9082860283306042,-0.8427589748111075,0,0,0,0,0,0,0,0,0,-0.6309798367631898,-0.781108214510331,-0.8388468108350345,-0.837796414717313,-0.8636262160315612,-0.8903977695244071,-0.895680711313616,-0.8927977684279624,-0.8591244308994409,-0.8310473353874429,-0.7568623590001574,-0.7061826288885573,-0.6395837258383764,-0.4296396469087883,-0.36105993815356796,-0.22638390305637712,-0.17914019763751127,-0.1776469008415449,-0.20502637595803533,-0.27913604202163844,-0.2943147921563261,-0.21248063745416967,-0.3035270725137508,-0.36224793446395803,-0.29180521407162013,-0.6794841501614081,0.5712023686557479,0.29591983244074715
-0.8671086526597938,-0.9167450601040777,-0.9467097524643183,-0.9638194541834548,-0.9711379926674579,-0.929878968654692,-0.8753389343644247,-0.7017158892203923,0,0,0,0,0,0,0,0,0,0,0,0,-0.34949582223291775,-0.6863330588558314,-0.772449969314611,-0.801501604155435,-0.8112433778807648,-0.8876107427290044,-0.8907349100117872,-0.9125768221122086,-0.9355528245898489,-0.935675604267713,-0.9317053734979978,-0.9127941975842349,-0.9022602233943309,-0.8231806360219854,-0.6480130423173882,-0.5363052061355149,-0.44880675839217327,-0.36046539065410554,-0.5799678701342804,-0.5926948657670273,-0.6455813638157554,-0.5853961774661188,-0.6452188990911529,-0.524100725984724,0.2923090610671772,0.6803203604725573,0.6813595323304439,0.3731169597996615,0.31329322137545046
-0.8897257606330496,-0.8689991969527051,-0.7885842124387098,-0.7205379055521801,-0.6155954110292368,0,0,0,0,0,0,0,0,0,0,0,0,0,-0.14144633059234887,-0.32857006952462614,-0.5518720145327117,-0.7379243139625233,-0.7892893376717367,-0.8318374581432832,-0.8934537863508575,-0.9165400343772928,-0.9306555266717134,-0.9384481603246805,-0.957264343420784,-0.9609039198731482,-0.972825726968762,-0.9699374886439793,-0.9290277442118092,-0.8592818156449709,-0.6939031160749555,-0.5947745114786497,-0.4496851291893705,-0.4585787534423719,0.7943233222558486,0.4383900279658273,0.4603708831307377,0.4766100718252338,0.49390705121140666,0.5256729206714701,0.5917822097493208,0.6086527335908772,0.5493197158369292,0.3821995501674882,0.32890666637571225
-0.6846870423877252,-0.4773989526900922,-0.22741402904784097,0,0,0,0,0,0,0,0,0,0,0,0,0,0,-0.2495915023464827,-0.5738212455681894,-0.7435356543969813,-0.847714286459144,-0.9015257814249554,-0.9168565330734939,-0.9294744278727827,-0.9560722233180019,-0.9876201719012723,-0.9839859487237206,-0.9823007218243011,-0.9991046210787404,-1.0234011203524518,-1.0297402781139713,-1.0214718479554448,-1.0115135877085564,-0.9756558881909604,-0.8073023818609414,-0.7246392708638159,-0.6018958992313923,-0.5899579966496223,-0.7843859633044973,0.7873732251373361,0.5371963137304812,0.28683115363246675,0.31420203517036605,0.24551245876583933,0.28964136601406315,0.29512774146314313,0.30910481914896737,0.32705761876806655,0.4625726799659609
-0.441372223496303,-0.4489537660904982,0.5132194453248089,0,0,0,0,0,0,0,0,0,0,0,0,-0.3218766785219442,-0.48740259404434183,-0.6530201488351791,-0.8332740489579293,-0.9081877548289611,-0.9512567596399768,-1.0045904082853512,-1.0148281619225565,-1.0195688566575762,-1.0358703152760802,-1.0397224942237528,-1.0319742679001536,-1.0373097878856972,-1.040200094813356,-1.0533859276059074,-1.0571344208852504,-1.0523827700362864,-1.0324385697422567,-1.0051371161534342,-0.9059242770327296,-0.7750845537145882,-0.6274601156905013,-0.5649987386448891,-0.509238745153844,-0.44450294517945,-0.33149327547887086,-0.3726154878601502,-0.2277737175541553,-0.3289816135759927,-0.44995245380794474,-0.7989482844732394,-0.04054330527231399,-0.8633057293750238,-0.747960735205062
-0.31977979392376366,-0.2568155212158708,-0.19240897621285574,-0.3541104074522612,-0.45765045307270147,-0.4305636821965246,0,0,0,0,0,-0.5911167292384927,-0.2169251048698595,-0.30957863687953835,-0.4783822407750304,-0.6616597930922279,-0.7785164754237801,-0.9009844717186037,-1.0099272075989234,-1.0423415666733904,-1.0560275927295855,-1.0640329320015502,-1.0635216709922544,-1.0509732887282237,-1.053758880960205,-1.0544968496622238,-1.055320705256167,-1.0570080871080652,-1.0573274935009,-1.0610811465672967,-1.059279692255512,-1.0519721266964082,-1.025393384801332,-0.9934971280038202,-0.9075406552101439,-0.8903219052948469,-0.8501595812960444,-0.7919884901358158,-0.7095647000009178,-0.6762795239319855,-0.5502046284528059,-0.481592329643972,-0.3723154569104698,-0.3439645212574283,-0.2853161554369838,-0.24336167786139104,-0.22523708334951364,-0.25833476071964223,-0.2645082464301581
-0.31463315171811396,-0.2550182390754908,-0.4145236377199371,-0.47627558816030574,-0.04377276423038691,0.35058368688697683,0.36155070644149023,0.4012283699545362,0.5103788986977744,0,-0.3128526060681262,-0.44700385512186097,-0.6298918539340873,-0.7811312068786166,-0.8750493495317248,-0.9886954914102049,-1.036233075874343,-1.0884962257182422,-1.1170751528556357,-1.1121840592599717,-1.1057709052356874,-1.1021681767630647,-1.0930760810286375,-1.075428336747471,-1.0583450902305154,-1.0402757842334533,-1.0504198145563597,-1.0584039174868685,-1.0660837296541106,-1.1039286099150418,-1.0891383557065981,-1.0519901219762948,-1.0254055732707315,-1.004239874316795,-0.9905552948264104,-0.9770102565590921,-0.9117538974346814,-0.8360880074042717,-0.7869938471255365,-0.741472478664015,-0.6191175580186307,-0.587581196956542,-0.5327467378529314,-0.47422778123636306,-0.4594902726970629,-0.43548807342809637,-0.4215516852210823,-0.37698960050225155,-0.3988590552904196
-0.5748694282784323,-0.5744506187201195,-0.5045151502018136,-0.4532502052820138,-0.400223239703263,-0.43387856126334556,-0.49462511204147586,-0.5884823519564959,-0.6450004981391164,-0.7774768410073747,-0.861368859011266,-0.8968388694201713,-0.9529893321651794,-1.0362509669845406,-1.0707943793107813,-1.0909717237231567,-1.1117380590920793,-1.1228664934713906,-1.1125683029005475,-1.103898305321769,-1.0947892627357443,-1.0749066877389144,-1.0609821422036407,-1.0581331413471773,-1.050168214554561,-1.02819707112848,-1.0561093248170277,-1.0548765668406512,-1.0154202260051925,-1.0242762701768013,-1.0219873774106463,-1.0171556282968057,-1.0125486924397935,-1.0132259761512303,-0.9986952143790614,-0.976150579552539,-0.9535025376128964,-0.8695459574157887,-0.8276412416175809,-0.7984248364979766,-0.7432738315908808,-0.6812240477280876,-0.6204950804083127,-0.6241050472010021,-0.5935371664840143,-0.5745938028606344,-0.5523396821326214,-0.5367091161878979,-0.5286282538274015
-0.6185458286109312,-0.6308509406287305,-0.6307395000394822,-0.6572302456550383,-0.7678227212272772,-0.7819899847119385,-0.8086377927197155,-0.8861166023394464,-0.8924674788861141,-0.9083741568848094,-0.9530389203614575,-1.0036497854682254,-1.0395799633035303,-1.092893049094743,-1.1115265686553686,-1.106572958551913,-1.1347837617463903,-1.1263311448872568,-1.1077863743720078,-1.0955605331785503,-1.0988644882715368,-1.089097839237135,-1.063722167472289,-1.075334368016008,-1.0795538818136872,-1.0604052685469756,-1.0633948165693863,-1.055332893746862,-1.0226080854156208,-1.021284502103555,-1.0113825982468723,-0.9896597899946936,-0.9975458939547047,-0.9989638701243293,-0.9910732663645214,-0.9694199713113545,-0.9309652472759165,-0.8981734479752124,-0.8699357349349338,-0.8493522349827822,-0.7989831119266094,-0.7795658482999691,-0.7703209535522398,-0.7400241337972077,-0.7182192159512534,-0.6988916097363943,-0.6978992392958474,-0.652714749132985,-0.6286966705099756
-0.7532554200723282,-0.8012137239765017,-0.8401474648015149,-0.8411919802725503,-0.8919951937829363,-0.8990752956444371,-0.919059565673016,-0.943109330949721,-0.967691937087122,-0.9820714314789861,-1.0452229573806051,-1.0561918592301893,-1.0735786883393816,-1.116500578507284,-1.1210301756732581,-1.116582444922069,-1.1203715048081888,-1.1224741650560568,-1.1159105171973747,-1.111725811956192,-1.1047196227325808,-1.091387686921126,-1.0770747978720125,-1.080596128363206,-1.0777164614034254,-1.0581854347201853,-1.05244775495009,-1.0412033633305422,-1.0189229015878458,-1.011945390073748,-1.00058164140657,-0.9899488128615939,-0.9832208345472673,-0.9801199256808982,-0.9657758049316165,-0.9496160323723201,-0.9280902055573689,-0.913667503595899,-0.8921482714167487,-0.8696581273792511,-0.8599530737851279,-0.846979874885121,-0.8224383844399743,-0.802808820707369,-0.7894256999289484,-0.7946186075223023,-0.7916543559462537,-0.7728373634656572,-0.7602041837384689
-0.8884451232664619,-0.912531649007992,-0.9303783202029514,-0.9392121683104044,-0.9654320595093883,-0.967199887865463,-0.9767207896465957,-0.9921673219704579,-1.008394776006282,-1.0275781622031395,-1.049912290413872,-1.0743315414188368,-1.0963493509640885,-1.112591298731052,-1.1196953014286146,-1.129998100248749,-1.128668867731393,-1.1211282114930063,-1.1127066872418283,-1.10697292549325,-1.1127439561675494,-1.1031322028780077,-1.1029682696667131,-1.1133882621808127,-1.1185073034725415,-1.092251850483579,-1.066865122424737,-1.0577069585280394,-1.0277392047942189,-1.0220646531599102,-1.0098621728325932,-0.9903366460993873,-0.9884620881624656,-0.98471089254751,-0.9722206489018348,-0.9677133886489868,-0.9758834781430139,-0.94479123376417,-0.9194969548733858,-0.8746390666721534,-0.8695659925976919,-0.8729226144522753,-0.8512784595883455,-0.8419998370727896,-0.8293740321781787,-0.8098831819399633,-0.7918562257273696,-0.7602154734702917,-0.7652780436118594
-0.9349806237413414,-0.9674004425802827,-0.9845649230031853,-0.9883328746054839,-1.003912715665275,-1.0093693661759502,-1.015417221376647,-1.0396191565573656,-1.047761446685186,-1.0594994780725615,-1.097525802114032,-1.0994847403382881,-1.1013040853301492,-1.121375672263082,-1.1220620071821388,-1.1208566224640133,-1.1269254875157808,-1.1363564216552653,-1.1249814301249639,-1.1220096777825286,-1.1221012722851083,-1.1099668393293725,-1.1057853289344841,-1.106248732333068,-1.0962655444751486,-1.0716354960172472,-1.0713910284698138,-1.0685204983154484,-1.0393403034672974,-1.0395866543947185,-1.0346528837249456,-1.0149875673312097,-1.0149217143594744,-1.0104900043187741,-1.0075147309000048,-0.9976919654608188,-0.9837018123646984,-0.9685778214574721,-0.9563219424346281,-0.9369317660290496,-0.9101439756890394,-0.9042113959133825,-0.887718154228162,-0.8863864390471777,-0.8441528887546927,-0.8176365370645124,-0.8001705601634076,-0.7646991163007398,-0.7428820786519719
