jsons/1312725600.json
{"header": {"parameterUnit": "m", "parameterNumber": 3, "dx": 0.1, "dy": 0.5, "parameterNumberName": "Northward wave", "la1": 40.97354507446295, "la2": 16.46031188964855, "parameterCategory": 2, "lo2": 133.9931640625001, "nx": 191, "ny": 50, "refTime": "2011-08-05 8:00:00", "lo1": 114.97908020019554}, "data":
[rows 22 to 43 of 50, columns 50 to 99 of 191]
0,0,0,0,0,0,0,0,0,0,0,0,0,0,0,0,0,0,0.13824129807018234,0.1827073232523565,0.5249152142377488,0.3316232070419011,0.4262594264249266,-0.42667208677434343,-1.814504280783556,-1.9534131538506392,-1.8202672292741966,-1.4205564628950473,-1.2648293020682742,-1.0589517031339295,-0.6327362097221118,-0.28961859526925715,0.0056958448446894185,0.4251039432997204,0.6477513444736402,0.9280020936355885,1.3832786784912676,1.5290577213679224,1.6130499986337248,1.8287807397510112,1.922139098796287,1.9370019127490563,1.9675720779437578,2.0963555579133284,1.9733970039416213,1.9034720890298897,1.433622737770773,1.5624143826104984,1.9999761443429698,1.8981417204934847
0,0,0,0,0,0,0,0,0,0,0,0,0,0,0,0.021583119546133164,0,0,0,0,-0.43808181180315275,-0.8629134971283353,-1.3232103051819286,-1.4519147671705368,-1.5400477677428939,-1.5821610664462857,-1.3726889082283582,-0.9760276884526792,-0.7633887920954263,-0.4941286981684515,0.05038555627870644,0.3827140576648551,0.678467896305149,1.231645729122982,1.3277390079742253,1.4399689162907763,1.6348153579974225,1.6981084742591532,1.7284202479164559,1.8927846078894746,1.9632652067819971,2.010739243239802,2.039542549755701,2.126440970235154,2.140583215274382,1.7588893474820793,2.190247216503696,1.5742922445314713,2.153448650681252,2.0730861189991923
0,0,0,0,0,0,0,0,0,0,0,0,0,0,0,0,0,0,-0.5419526699948238,-0.9483555921442106,-1.1508713945379876,-1.2886282318947353,-1.5033732293779871,-1.485059321611951,-1.1455171230666796,-1.0725587533778955,-0.9116617882221768,-0.5779059668408003,-0.40125207882302516,-0.20468224586602118,0.3367989273010474,0.5686860687881845,0.6993187038616988,1.1339194038162583,1.3059011496567523,1.4132094797400347,1.6856712982267412,1.8192153105406101,1.8535157940357014,1.9836668607572538,1.9969641829122062,2.0123436966256496,2.0373518061532843,2.1080194396016183,2.1157577332052218,1.8927108488378037,-1.6664212380653132,2.1544559200055104,1.6589458224022218,2.13432811742308
0,0,0,0,0,0,0,0,0,0,0,0,0,0,0,-8.1454825486999445e+37,0.11217300647190685,-0.7593560820348823,-1.061872598428752,-1.4091498624012704,-1.2636985754838679,-1.2134876985307625,-1.2569939001585109,-1.131712458997214,-0.8766473898359886,-0.7981285992349406,-0.636669634745055,-0.25243054353715233,-0.05307445790058112,0.09834367998762017,0.7079522469802247,0.8739942206689534,1.0217462121533667,1.3116737308661113,1.461722320986859,1.5092605024924133,1.697519006357261,1.745908644725063,1.7877667718171688,1.8685441647937637,1.8928418500056556,1.9606869768877202,2.0119429810145757,2.051706331248594,2.0639007573670862,2.075071296882619,2.1091461861087626,1.9006474303007543,1.9653243681963386,-1.1129387254863599
0,0,0,0,0,0,0,0,-0.15750863957780567,-0.2660423829721432,-0.08443669902716358,-0.2925633543842454,-0.45891950885084326,-0.7419235540755118,-1.0529805355308999,-1.1680952387369632,-1.3511320030444511,-1.2269865773956783,-1.132946881337656,-1.1762947010034228,-0.9669443686628829,-0.9028974677269015,-0.8122270775792664,-0.6793189118249288,-0.421337724404597,-0.28595941240319844,-0.15482323195599468,0.16270574831871373,0.3375437067443298,0.5017272159635134,0.8496052587576177,1.027376836877953,1.1018844779386976,1.3078082364960217,1.4637808981126623,1.5813087550752456,1.727407822816634,1.725657482783058,1.7491154905736341,1.8272088729854148,1.865760405548068,1.8676599381714265,1.8890154698546258,1.9318566484339827,1.9484131991742253,1.966041890662517,1.9936572539180841,2.0166903757019745,2.0277603325618534,1.878558214647083
0,0,0,0,0,0,0,-0.45743091312456735,-0.6589116558112499,-0.9427277489581263,-1.0125909652979856,-0.9481139999775722,-1.0271677708861056,-1.0043665967867001,-0.9345599304612875,-0.9124312757078465,-0.9410997995391077,-0.809919576375871,-0.7736371655839592,-0.7130090526025563,-0.5329447665372657,-0.4609889944623395,-0.416340743045943,-0.3633521188488592,-0.20947943869802557,-0.08411904522800734,0.009486085920142958,0.2392898301131685,0.3967463487541438,0.5212559486334495,0.8615292514614156,0.95824695463526,1.076852795775191,1.345206504616234,1.4604441665938332,1.520862534185967,1.6054810024984418,1.6395849065425654,1.671851369884279,1.7547179393714014,1.7933197821004585,1.8015558373600686,1.8321629985155938,1.8791907172925244,1.8829123026311174,1.8976501125287264,1.933116200194838,1.9403465406923563,1.9530369580424454,1.9662347521006696
0,0,0.1112879952419544,-0.5795970685625484,-0.7759630353413637,-0.8759135989676521,-1.0501995149653185,-1.0689084053507312,-0.9901340573126757,-1.0064195613723297,-0.981076316839046,-0.8610224221431608,-0.8778990678715762,-0.8482519881808283,-0.7632570912786812,-0.7117561241059982,-0.6859357433183494,-0.5711419435826074,-0.5462299535368299,-0.48317739399387777,-0.37428278117507524,-0.2762041000716735,-0.23003161144370543,-0.16491191113691836,-0.01652763172472301,0.12274850655274218,0.1803809008541493,0.357558222766955,0.49847589836262096,0.6056627378600796,0.8364537911207279,0.9284677237328787,0.9920177416236138,1.2847565450340295,1.3386537272458414,1.4100330516589137,1.4892210412464704,1.5357532082825174,1.5535696616911983,1.613371954619778,1.6940166182082252,1.706078938027837,1.7604936592903053,1.826207037357932,1.8307076683720824,1.8465622133904023,1.8664758252237776,1.8571599671531047,1.847746753381566,1.8890740810056947
-0.8100589260487339,-0.871798701843094,-0.9269105527649367,-0.9861846988206023,-0.8563689196740117,-0.8771810769709396,-0.9154566172764497,-0.8904893401714343,-0.7828042064365035,-0.8011329761951128,-0.7764287349213402,-0.7035529490243109,-0.6906655510831552,-0.6355834622915019,-0.529686026691184,-0.4804547133550225,-0.4545303895186781,-0.36622114305463455,-0.330017215506579,-0.2761075072200448,-0.15435740474564116,-0.09569903390426396,-0.0393509359241231,0.008197389048362527,0.13612057084721602,0.22127071922837516,0.276685635563303,0.42269328716193827,0.49503620712881957,0.5697209472024259,0.742660279647309,0.8501628358829786,0.9201496306065856,1.1215608091644276,1.225577924216056,1.2944644074117044,1.346831362277674,1.3996495017399875,1.4509261987146966,1.5458497484020355,1.580249400544761,1.6237921403678943,1.663419648511705,1.748146348812787,1.7793255358105406,1.7779597234529807,1.81426780810954,1.8151531953382916,1.8137747883195237,1.8415422219215076
-0.9875603134554243,-0.8925954846701464,-0.8971292307771259,-0.883342308867195,-0.8156747476270673,-0.7887529617720296,-0.7903227460822133,-0.7570756382013444,-0.6761287868425561,-0.6664468167016693,-0.6237345976175989,-0.5066985654313532,-0.46055585789585685,-0.41868797985503803,-0.3385266147003696,-0.32511030846013117,-0.27156144511122693,-0.24524522239638277,-0.21407566278251974,-0.1965082745834886,-0.12210742571226306,-0.10080136842336673,-0.07382967441218016,-0.05523070290090711,0.0846525987120297,0.13946074515433182,0.21078500210307677,0.39024633371693507,0.4892261110586021,0.5276457209313468,0.6522892441171502,0.7158328537308126,0.7764072831507544,0.9241988785448171,1.0019356745487729,1.0450686181072666,1.186247333003623,1.2782689458720582,1.314185471943323,1.3936243033066342,1.491923049468614,1.501468789105541,1.5648737943797764,1.6445783098097044,1.6737834167647767,1.7075531138191822,1.7546865592946663,1.761419667595006,1.765001756898032,1.7907993747984274
-0.9414755786672069,-0.7889053528655418,-0.752230624354918,-0.7335593737123062,-0.6626375135049343,-0.6282121467750912,-0.6116445088577246,-0.583881163946716,-0.484027608999952,-0.44614949531142023,-0.413664294615348,-0.3391356648249745,-0.32172904314835005,-0.3021124174507624,-0.26730774709369987,-0.2764898108142391,-0.29408800759522635,-0.29416224370637534,-0.28056364026071756,-0.25566351801871257,-0.18542294296903708,-0.14729917088616942,-0.10975161416544307,-0.05964511197154684,0.04526705844637679,0.11980444553608816,0.19011172376566413,0.3305338803956025,0.4047845767832369,0.47037701009065513,0.5758302934112642,0.630489795644201,0.7093187079512681,0.8120775100049066,0.8878675394023471,1.0106611375914978,1.1545297693649854,1.1977571636060544,1.2517505186557625,1.3772940377736262,1.4315134897546038,1.4754062024964198,1.5279784927359776,1.6118739105003954,1.627381911243775,1.6757311514359876,1.7426509988576968,1.7258298146619913,1.7180522453519091,1.7221320759813867
-0.6685726145053676,-0.5578758976310284,-0.519511362905566,-0.49361348832260526,-0.40844756751943,-0.3527484017895865,-0.31239730584092057,-0.15430084148979606,0.05899427885415514,0.35061328947455994,0.44688187871490986,0,0,0,0,0,0,0,0,0,-0.7952708715160162,-0.6248520305738999,-0.5266040192654092,-0.4244072648424018,-0.26340895765933686,-0.13409830069104967,-0.04214398931904991,0.08720204604401123,0.15519992081270406,0.21852934852996814,0.3567915603152368,0.46653478430468376,0.5623062734635316,0.8062632966382228,0.875330631268359,0.9748791553570826,1.0997550924655493,1.1390447539349473,1.2012062593874353,1.2899980755911746,1.3311230215300653,1.3512996870880287,1.3242309169212467,1.355893442318737,1.3962994243419757,1.4894597687758517,1.5812277029277788,1.6180408312011514,1.6322110464449602,1.6969429804761764
-0.33078424316087535,-0.21330432714414352,-0.12123114573284663,-0.03236950482044815,0.24816992419409212,0.32591658123537054,0.47730756608350583,0,0,0,0,0,0,0,0,0,0,0,0,-1.2587749002062951,-0.933428415280763,-0.7722426570735514,-0.665570318021942,-0.579875237457663,-0.3396609681926695,-0.27554912418127797,-0.1916791498315759,-0.011842189693403112,0.05319217779145021,0.15237639513137705,0.337996338659688,0.41893173704669273,0.49087136443536983,0.7075013693648416,0.7993279436871206,0.8659789082423334,1.0485678993125596,0.9760408140266178,0.9189026484237887,0.788407558064776,0.8436869417187204,0.15221547115231937,-0.647598588257993,-0.39458946243873094,0.2981549305739651,0.8085894062055018,1.2722161455924943,1.3917127023636862,1.4700035451738003,1.6002276315038029
0.24001976414142948,0.5260046510786321,0.5928343267140682,0.5578670303918983,0,0,0,0,0,0,0,0,0,0,0,0,0,-1.0698098506555007,-1.021935183229399,-1.0356100519683724,-0.7373388067136851,-0.678364525957253,-0.5934255663721651,-0.48484604504426665,-0.3020760744013311,-0.2161056137346318,-0.12808357495704958,0.020972375257717713,0.09998173317482383,0.1629740509318131,0.3156728312173416,0.43574424564238967,0.5370963661935884,0.7733190464922092,0.8810884379770142,0.9847474897767612,1.3331805016895097,1.4840475585535555,1.4624559327560418,1.3568983443482936,1.339296716308,1.3883997154983736,1.4214362058123355,1.4163505800168101,1.3721068023490988,1.2819319565595297,1.2144710723576342,1.272325923684448,1.321657991315024,1.444218732452983
0.5495930121182354,0.7016133950314952,0,0,0,0,0,0,0,0,0,0,0,0,0,0,-1.1807033132171048,-0.9817819029523814,-0.9134376748477614,-0.8434437482410345,-0.5978165984076687,-0.5420943257663091,-0.4799162617474444,-0.3813042419382515,-0.2199954317985823,-0.13238149124248672,-0.0760574227619705,0.07173859665471141,0.15545099901428086,0.21517151192067782,0.3784298063219609,0.47008424987305936,0.5863929638118466,0.8157309448757027,0.8854027207778002,0.9572198346512667,1.1107416108710322,1.1290411258899717,1.1771064379592917,1.2543473566924614,1.2586042182821762,1.2703647885961107,1.2817538193274645,1.3034017449817392,1.2928858714588276,1.2625024982798507,1.252891086203754,1.2786261099430476,1.3022476267736245,1.36173566892995
0.5601522591798508,0.6271654533688374,0,0,0,0,0,0,0,0,0,0,0,0,-1.0494250823787539,-1.0147746271257492,-1.002778529497024,-0.8436820129862908,-0.7581022583377275,-0.6922162823236131,-0.5188810902878965,-0.42025427357572376,-0.3547115931891873,-0.26796353855636684,-0.10817535839965566,-0.026889971878333727,0.07051945367594473,0.1658644834137455,0.2178927907070696,0.25088985625315974,0.37515042440795454,0.49583543783762263,0.5833142113728802,0.8086998891790255,0.8770487255909066,0.8921717607044524,0.972474798733146,1.0031989562451689,1.007930380933536,1.065753470088164,1.084011821770787,1.1227614914618929,1.1333409279420463,1.1725552005863946,1.1863439112256322,1.2203600453877852,1.2704613422483642,1.2961673576157593,1.3150776008190004,1.3540073657313703
0.4917795255655575,0.5611119755297319,0.4940309251517933,-0.04448325619830843,0.11598976141684544,0,0,0,0,0,0.3099198223809678,-1.1014306735042991,-1.1273551944162135,-1.0593213814873816,-0.9386793233051587,-0.8681870302969703,-0.8222186235950792,-0.6714708216095324,-0.6272063702692078,-0.5682495490055771,-0.44121641233581255,-0.37518239578411094,-0.30250917617833173,-0.24763113359945638,-0.11592352888912141,-0.03647113051502125,0.019823623100057662,0.16403899726958604,0.24910291717774863,0.3082192966509762,0.43360152076569836,0.5116710810593019,0.575550492984821,0.7524562032333526,0.757773882490842,0.7870797553728056,0.8337006817459636,0.8875361870278814,0.8996126134788733,0.9444590258925534,0.972433738256387,1.0084189171218683,1.0291075677814374,1.0945149937052965,1.1285007154396873,1.1450714908929667,1.2062090787783033,1.2152823013412846,1.2491288003455756,1.2991328363052737
0.30278316102557834,-0.597788352137834,0.22056144224196614,0.3506678055915515,0.34936702341919507,0.273035931938661,0.23776861759500112,0.011488542825834282,0,-1.1884297250531333,-1.0904460370133493,-0.9896229848693254,-0.9773825159877685,-0.9319468964768792,-0.800131875615563,-0.7199836936479251,-0.6598298073561841,-0.5235865228913958,-0.44112730793151683,-0.39283922863809295,-0.2631198748375886,-0.20853902147719472,-0.15087807119276977,-0.08815112334714381,0.05602366471126293,0.09655581453067273,0.15664889984746647,0.2552427461466552,0.31534055991708304,0.3611630599731078,0.48891932488069456,0.5724667191636231,0.6250632360219149,0.6940725301115586,0.7237528631260886,0.7437765216974405,0.8013841541446578,0.8210278571888305,0.8649689406889526,0.9146300653208276,0.9379816060382552,0.9988871948314141,1.0590189529064493,1.088204927978105,1.0935672187180128,1.105119049799247,1.1604897527531117,1.1959119579026412,1.2339651141261,1.2836684347976886
-0.3856952103722782,-0.5129695968944707,-0.5666946740060785,-0.7034661872554243,-0.7316153790101678,-0.8447565575290876,-0.8980487888593042,-0.9202542682994874,-0.8910845934324305,-0.8942561011911956,-0.868722623700049,-0.7866745179115111,-0.7637554184531088,-0.7314276439860675,-0.6336873273476149,-0.5664194603365962,-0.5090198488775005,-0.3898564873138227,-0.3443828552768817,-0.29728169612194744,-0.1937309127711905,-0.14362736488982789,-0.1147002893092379,-0.034002312521800575,0.10170535301360081,0.16980321511484342,0.20422815874394534,0.37809665278582955,0.38315022892461054,0.42534497473653293,0.4824177183477186,0.5043586647217682,0.5406423932534228,0.5948253229004913,0.6464942211723548,0.668037115535615,0.7574657099462385,0.7934856718769984,0.8239006924260884,0.8901219091068691,0.9431792140234289,0.9718639372464092,1.0155758997796607,1.1210962420768873,1.149477120386239,1.1951414303547352,1.1954433266377957,1.1897388650034533,1.1999995992899708,1.2138042743371995
-0.7845481674735632,-0.8071828040855283,-0.8171719991064824,-0.8962119166177961,-0.8788917098899888,-0.8736371890064376,-0.8724779824648087,-0.8689725235110761,-0.7786201976940915,-0.7628798713384208,-0.7236684158022848,-0.6432392350113859,-0.5937798485183822,-0.5545851319219671,-0.4542475797240483,-0.4321451007096462,-0.39686111740014307,-0.31692431217447076,-0.26906900041695786,-0.22250368604423457,-0.12998306624384584,-0.03885364663792785,0.0030572813965245127,0.04893979170201621,0.16497086616959974,0.21521777607016787,0.26867151300676084,0.3585638536239965,0.37026491747834933,0.4185166150250643,0.47627718781371625,0.5107364481861324,0.5460503767009501,0.5970855686058673,0.6273285147804721,0.6602341384287517,0.7364466729452943,0.7966379514412727,0.8210327812772722,0.909480158925322,0.9517612674450745,0.9544481772700227,0.9849127946092591,1.0271694811258398,1.028925527393755,1.0204655565564626,1.0805878403277933,1.1027726782043628,1.1324719386902604,1.2105005409235308
-0.8583205892231721,-0.8587606481653948,-0.8339259217127682,-0.8494800657472519,-0.7920246148032685,-0.7835901340184147,-0.7618301223307734,-0.7148276773309996,-0.6667813348003144,-0.6146446940100964,-0.5918152281577003,-0.5046547300585731,-0.4959887633310556,-0.4630439697891342,-0.39793575736538384,-0.37289145572591176,-0.3227580071093274,-0.2651395194658639,-0.21959948380571076,-0.15948886145198818,-0.09292732939918745,-0.04647924316553297,0.016074158678506364,0.03305622852053596,0.12913903631906004,0.1473475709961124,0.1975389354647318,0.2834079290275326,0.32251046846435827,0.3864628880510401,0.4370607244613598,0.49194283735831,0.517069910429342,0.5468814029858319,0.5817322268668382,0.6221874115944873,0.6644502482913569,0.7078805575502035,0.7339746866859247,0.7876839948499031,0.8023253462928587,0.8366521350891112,0.8604336581642753,0.8792326876679275,0.9332370551665671,0.9748631878294681,1.0450592762778774,1.0940811859717843,1.0945902077349936,1.1429714385902927
-0.850140352825511,-0.8027679455364567,-0.7838045867963025,-0.7535705111883191,-0.7102718193664865,-0.6749818772789148,-0.6547361160551001,-0.6323727086282579,-0.5540376753529624,-0.5508353399831831,-0.5183843872149682,-0.46217758249695284,-0.44723045414469925,-0.4097747002569728,-0.35965118541399793,-0.334558169596662,-0.28792504643744,-0.22485978824123656,-0.1957046210220269,-0.1592985171020294,-0.08953065075930866,-0.05515326518869158,-0.0032670980185332448,0.012201911745166655,0.08471136043114022,0.12308643151173967,0.15262467895815637,0.23401792113960246,0.2604295735581768,0.288773208274921,0.33845221049234814,0.38004106578916463,0.4166144247954608,0.4682444046338065,0.498799318951118,0.5084052152897891,0.5759911986132039,0.6116763837668753,0.6618578275967361,0.6996623774397677,0.7414894221258922,0.7726084862737876,0.8085166061184176,0.8488960440365394,0.8810465483092507,0.9307255061459017,1.0079885153916435,1.0191928866750095,1.0533511886059395,1.08921690118784
-0.7432999892853384,-0.7133608930851862,-0.6898335120822979,-0.6704612114415492,-0.6280838127111258,-0.5944967048493826,-0.5763973424392923,-0.5735605542824161,-0.5229528152286161,-0.5087434260659774,-0.4990923766033925,-0.4299601416637019,-0.3989338340928376,-0.3891191765647192,-0.33028433738229523,-0.2939095454879523,-0.27477682768775663,-0.2206738201676223,-0.19058161734553272,-0.16585596149440449,-0.10423459531003783,-0.09182820224761225,-0.07411232533829643,-0.03245543555141976,0.01613934205258293,0.03585187426631271,0.06739270321619997,0.1449259527091035,0.15797065468362034,0.18339930092316226,0.25303693022707036,0.2785693527376682,0.3116192606751879,0.37006234675716876,0.38868413398596435,0.42425214762336977,0.48520548621126114,0.5053774505378771,0.5530770610201826,0.630579024570128,0.6544999860812506,0.6958116150870948,0.7106085989501294,0.764391369037195,0.799050097368517,0.8332705647994552,0.9159578543897956,0.968731688364163,0.9690146226626162,1.008174695872603
