jsons/1312797600.json
{"header": {"parameterUnit": "m", "parameterNumber": 2, "dx": 0.1, "dy": 0.5, "parameterNumberName": "Eastward wave", "la1": 40.97354507446295, "la2": 16.46031188964855, "parameterCategory": 2, "lo2": 133.9931640625001, "nx": 191, "ny": 50, "refTime": "2011-08-05 8:00:00", "lo1": 114.97908020019554}, "data":
[rows 0 to 21 of 50, columns 98 to 146 of 191]
0,0,0,0,0,0,0,0,0,0,0,0,0,0,0,0,0,0,0,0,0,0,0,0,0,0,0,0,0,0,0,0,0,0,0,0,0,0,0,0,0,0,0,0,0,0,0,0,0
0,0,0,0,0,0,0,0,0,0,0,0,0,0,0,0,0,0,0,0,0,0,0,0,0,0,0,0,0,0,0,0,0,0,0,0,0,0,0,0,0,0,0,0,0,0,0,0,0
0,0,0,0,0,0,0,0,0,0,0,0,0,0,0,0,0,0,0,0,0,0,0,0,0,0,0,0,0,0,0,0,0,0,0,0,0,0,0,0,0,0,0,0,0,0,0,0,0
1.6027348043652303,1.7181449920332306,1.8676739864286107,1.6812064323939893,1.7292145147146254,1.6196288439775137,0.5900857995357699,0,0,0,0,0,0,0,0,0,0,0,0,0,0,0,0,0,0,0,0,0,0,0,0,0,0,0,0,0,0,0,0,0,0,0,0,0,0,0,0,0,0
3.0245403951150505,2.8758561228709834,2.644061689562373,2.239860871092971,1.488299764167967,0,0,0,0,0,0,0,0,0,0,0,0,0,0,0,0,0,0,0,0,0,0,0,0,0,0,0,0,0,0,0,0,0,0,0,0,0,0,0,0,0,0,0,0
3.266664143559263,2.2461067260523393,0,0,0,0,0,0,0,0,0,0,0,0,0,0,0,0,0,0,0,0,0,0,0,0,0,0,0,0,0,0,0,0,0,0,0,0,0,0,0,0,0,0,0,0,0,0,0
4.10784960692361,3.835034298203781,3.6656510476455533,3.200230423516097,3.052832887735193,0,0,0,0,0,2.1632632703973886,0,0,0,0,0,0,0,0,0,0,0,0,0,0,0,0,0,0,0,0,0,0,0,0,0,0,0,0,0,0,0,0,0,0,0,0,0,0
4.018360928034992,4.010730492179859,4.057232942009,3.9156072530558865,3.762889006826409,3.6186884907849763,3.421543934404981,3.3359831494513434,3.2415172511916963,3.0110873243939675,2.889444016514527,2.8259700702403587,2.665679811506535,2.6196801052019025,2.5311994146134493,2.5802607630004153,2.544657436660949,2.5276101248718645,2.3620113618024687,0,0,0,0,0,0,0,0,0,0,0,0,0,0,0,0,0,0,0,0,0,0,0,0,0,0,0,0,0,0
3.2564213890674685,3.2384537963021898,3.231173513385161,3.188732892964128,3.131755100960349,3.1021247268902696,2.94923179328777,2.873472850366329,2.7698966091420876,2.664096384485246,2.562064749200489,2.4974237438847533,2.418339928461179,2.4471372125177893,2.299363838650173,2.4189507660849006,2.2007639936233083,-1.6628659254310003,-0.9113369312895131,-0.8250144467399348,0.7354304260181966,0,0,0,0,0,0,0,0,0,0,0,0,0,0,0,0,0,0,0,0,0,0,0,0,0,0,0,0
2.584407042540969,2.562898349249232,2.5606692478784625,2.5412121636370455,2.526048798373183,2.4747304428849595,2.386412909842004,2.341692262942462,2.3059686992001933,2.234977289376413,2.1605069652739286,2.1014642851339356,1.8900004319339607,1.7715789458831521,1.737384916376907,1.6455890951497012,1.5829697460858012,1.4881167697998476,0,0,0,0,0,0,0,0,0,0,0,0,0,0,0,0,0,0,0,0,0,0,0,0,0,0,0,0,0,0,0
2.1689321208127583,2.151364447165748,2.1356027384039593,2.11672521129422,2.09264739680459,2.0610630996243287,2.0145326250703994,1.950995265443932,1.9202037328184438,1.8362606238161472,1.781485373758828,1.706622420858662,1.5900151644709237,1.5257225965786174,1.4234873502107714,1.3054871641472245,1.2424906568882794,1.2551992228833684,0.956903495660459,0.5867403118169109,0,0,0,0,0,0,0,0,0,0,0,0,0,0,0,0,0,0,0,0,0,0,0,0,0,0,0,0,0
1.886845828058301,1.8754585915604904,1.875772045250594,1.857260932411196,1.8213206087791025,1.8220144123139568,1.7589127627580334,1.7203285314760313,1.6616573214392725,1.5290134082775417,1.475949186383315,1.409110551762348,1.3259015095813758,1.277443393617236,1.2711848944269588,1.1408754093026168,1.1470429979816688,-1.4171380292343199,0,0,0,0,0,0,0,0,0,0,0,0,0,0,0,0,0,0,0,0,0,0,0,0,0,0,0,0,0,0,0
1.5204361214846827,1.5332974515829885,1.5382941538972694,1.5220792105760104,1.5342832151427295,1.5093669460580093,1.4717404561981418,1.443455169538938,1.4023626424316666,1.3342932808112569,1.2826423513593155,1.2903116934472767,1.2762448396306036,1.2569058061998772,1.128627994530125,0.9820052812871318,0.9807452515975121,0.8930737187733723,0,0,0,0,0,0,0,0,0,0,0,0,0,0,0,0,0,0,0,0,0,0,0,0,0,0,0,0,0,0,0
1.26273869654942,1.3304182420843809,1.343798883989589,1.3773406233477687,1.4542033602837305,1.4523746375263422,1.436672350637687,1.4539131977549677,1.4533322682140917,1.4476418188863782,1.4109430590901337,1.4035400980040211,1.3791405891732385,1.3772498991479671,1.332372613044473,1.2629062916728766,1.2901734949602888,1.2984491818028467,1.3557678059635139,1.4080480332435796,1.2885979209588934,1.3360217158417103,1.3620099946371198,1.3767920899494785,1.3587588172012068,1.3805165534924517,1.3945589941381646,1.3305687521215195,1.3638969330663582,1.3856256431552663,1.377368448983389,1.4063723502392111,1.4168315762924508,1.451536235373249,1.469191443754914,1.483783475603369,1.44885507350194,1.4375279264784404,1.4282276601689845,1.3858883403861821,0,0,0,0,0,0,0,0,0
1.0384706845641913,1.131482198077145,1.152590288334286,1.1878401658620352,1.2450799839298727,1.2759818262407348,1.3092440609250653,1.3505245642133676,1.3479169453053448,1.3429704204400843,1.3476011583910594,1.3364285501319346,1.311124604787732,1.3191445942351823,1.267234999747649,1.2560584621672888,1.2559511895414062,1.2418473295187558,1.2495434795474043,1.257557514229893,1.3561053485014585,1.3746799826047933,1.3841280945950993,1.4346823367869568,1.4577522966210026,1.4456217779361542,1.4527547400709495,1.44896130283364,1.4665372672964185,1.4674000526042803,1.4636581334047263,1.4662012566653364,1.4615829387197525,1.4553005896878564,1.4519194652805176,1.447165135510732,1.4206462414747065,1.420951149837635,1.4103747997166494,1.3973778570215054,1.393472633923502,1.3772644160637264,1.3439081764866432,1.3349258881244404,1.2917831103710304,1.1874430748660074,1.1441157956946433,1.1414043886527625,0
0.7147973909878027,0.8665396498677024,0.8980547388783953,0.9466718461181491,1.0827124463413969,1.1157941642172748,1.1135453697881394,1.1413645698421877,1.1456549810136216,1.1371406798382613,1.1568936837074997,1.1558368718200658,1.1071906449909383,0.9848020385833888,0.680827437645804,1.186364719913323,-0.31081389198242115,-0.5813525007349208,-0.2615781735243994,-0.03831329777968161,0.6995514241562021,0.7335778991342633,1.171047031067002,1.3209860656142445,1.3588790182147967,1.4001954465141646,1.3953627578084968,1.3911123486712316,1.398392813145639,1.3910952621444586,1.3926909660055624,1.3790374719402552,1.3585873276385927,1.3610105053963177,1.3741191349392952,1.3561330392244986,1.3291948917352265,1.3403329444450411,1.3451345111296296,1.3292881133425023,1.310577826089165,1.3111182812723217,1.2813787733067281,1.2748240497214103,1.222382605227763,1.155287484444984,1.1009826026462208,1.0051622139482033,0.9659902370045595
0.43802495046754875,0.47001537475529687,0.5364531475237228,0.5992936365636602,0.7493808389428467,0.795637775086043,0.8366493633392316,0.9345334459610485,0.9802690450813553,1.0227658679117635,1.1422019004767099,1.1840958523842195,1.2165829930102487,1.2376296871157206,1.2991803946937546,1.3133868342173929,1.3449865841617485,1.3888806478892335,1.3840254336731248,1.381354979447484,1.3782522608690588,1.3566295904199062,1.3564802571252004,1.3489836612903359,1.347532123061384,1.3182029326614897,1.3111757027931619,1.301310875519185,1.3016192463119514,1.301034380548596,1.2999421883237257,1.3060755861631959,1.305564079670017,1.3054163639392609,1.3052738676919817,1.302714855228557,1.290657265235279,1.2877610839013762,1.2760686982707259,1.2627584735132296,1.2572404096780914,1.2622967995372774,1.234600565622966,1.2201150751869982,1.2016768962590212,1.1599793138537553,1.1310813395444346,1.1661979274375742,1.1131445241167164
0.487952408939708,0.37158879871113293,0.4267184481179267,0.4767986809049562,0.579661512569185,0.6083878154814879,0.694430545423584,0.7974096462138062,0.834977139938325,0.8878124125654449,0.9554611325483625,0.9711764777417363,1.0224099796425221,1.041405711947806,1.118453071541346,1.1247233906420764,1.1566137368405174,1.2008802294816763,1.20726485625891,1.2243605138145521,1.2526360269811374,1.2567747991289562,1.2569582183549157,1.2583838754833658,1.246336369021781,1.2396643471859337,1.2376542663777488,1.2353925310426899,1.235767339280032,1.2319796970080679,1.2389436758404484,1.2487758126302444,1.2490298248104885,1.2440853451656009,1.2510594255644383,1.2498602058955932,1.2463551325737574,1.2405381945409821,1.234875776933563,1.2125554700161927,1.2160667001616898,1.2166948189988847,1.2147822794229532,1.212144619590803,1.2049208875702129,1.1663792391206174,1.160600384381989,1.1550318475065373,1.1345193673953533
0.9323236192947333,0.3611084565173702,0.4179925746880676,0.5086296660899868,0.6127623917307391,0.673763431669914,0.7242638620246221,0.7903084543079896,0.8600623519173569,0.8664921888254904,0.9135633932892071,0.9350056558225444,0.97628173528927,0.9918054222433212,1.0374833526675407,1.0505510021550384,1.0819049762971946,1.1178037483549852,1.1374506556646866,1.1547018538511151,1.1862984463797106,1.2061703731731368,1.2081385482355174,1.2248713509189337,1.2183608020028287,1.2097489969916904,1.2119581497505938,1.2077790212185158,1.2129212918011478,1.217279557296515,1.2156718760643368,1.2200227118148024,1.2214396127542417,1.2283803305858751,1.2320700439044727,1.2309718197027821,1.2208248694345307,1.2298834846443092,1.2223369264492883,1.202629706176339,1.2093146170012454,1.2071979661523806,1.193947722114933,1.180079998300378,1.1744149805373256,1.1403628580990135,1.1267128564227804,1.1222671302312162,1.0988477134393593
0.3674257689219053,0.41205487859459466,0.537016194273157,0.6032971472488243,0.7046944946921906,0.7175493316256827,0.7651026618174482,0.8636049213852668,0.8871064840325511,0.9237541039510611,0.9762771225946972,0.9959548324250453,0.9899624419193019,1.0157999908641866,1.0497804363657062,1.0537271702418938,1.077620639415976,1.10515150055561,1.1392532045875712,1.1649143861488578,1.1886614137322453,1.2003785935620566,1.194311500796049,1.2055580966578052,1.199622107641248,1.2101437590056963,1.2140518111516228,1.2140980164819735,1.2117594192131997,1.2126585621806965,1.2119437158514443,1.2070829404616115,1.1977118781569749,1.2028938174668278,1.213942428943321,1.2179692318704591,1.2170644153454921,1.2301183338943922,1.230613420162046,1.2210302383118488,1.2259549616509662,1.2359803196518975,1.2145365353978468,1.2037176422567029,1.189062908197723,1.1575381931521598,1.1518685957273347,1.1478401229380413,1.1509699973133825
0.45614139444791024,0.5412843526500974,0.669814817060361,0.7814857754805412,0.8875026322220477,0.9782888716071116,1.0049282078568818,1.0466574794447145,1.0642184947364266,1.0669057027313344,1.0814880653851846,1.0865118963848743,1.1029838921988926,1.1067183098931173,1.1141027788500186,1.1197160649084137,1.1253107115280592,1.142871856286019,1.1518441895708393,1.1576700566541744,1.170782261870282,1.1747338218081875,1.1775640435444046,1.192370726622495,1.1981549534708027,1.206070630806822,1.215316970529024,1.2212404960361525,1.2302307469847733,1.2378644170472657,1.2407267042099484,1.2383276145116904,1.2375313807778605,1.2260055878579856,1.2238688055913944,1.2189621497246106,1.2203641031562957,1.21977684899299,1.2209786768439717,1.2178066698103291,1.2059038895889571,1.2020494375241157,1.201863520056504,1.1985146599077714,1.188384422469356,1.175046047017641,1.1649589838868064,1.1585988060145704,1.149181066820684
0.5577971766914124,0.8173106452638975,0.8822055694446485,0.9106140365113843,0.939824868920107,0.9816533672537889,1.0083774779847667,1.0632317248370227,1.0608237603827186,1.0783833258108753,1.0768780788351844,1.0747709265625065,1.0895371336312185,1.0987420875908651,1.122213020458781,1.1248108691046232,1.1166477499003935,1.1209054049991907,1.1435779240998791,1.15028455516328,1.1549203125007317,1.1609621145519744,1.167625302511462,1.1771540015368427,1.1733309469315056,1.1844582480067771,1.1869840136568366,1.1870512837615774,1.2026235825745886,1.213999608717007,1.2167322425086913,1.2174698763134557,1.215905578489801,1.2108667177498968,1.2153216870960835,1.213129746505,1.2052553628890037,1.2108096293512187,1.210344609930419,1.2101970378324254,1.1974584109292874,1.2010918482167763,1.1972253354028823,1.208255040638383,1.2280197043086885,1.19993901729821,1.202060269341173,1.206202315713433,1.2104899790769919
