jsons/1312894800.json
{"header": {"parameterUnit": "m", "parameterNumber": 2, "dx": 0.1, "dy": 0.5, "parameterNumberName": "Eastward wave", "la1": 40.97354507446295, "la2": 16.46031188964855, "parameterCategory": 2, "lo2": 133.9931640625001, "nx": 191, "ny": 50, "refTime": "2011-08-05 8:00:00", "lo1": 114.97908020019554}, "data":
[rows 22 to 43 of 50, columns 98 to 146 of 191]
0.6807278233124451,0.6773986746630244,0.6808034377949818,0.6998981334787805,0.7105209076345231,0.716496679115833,0.7092548902628957,0.6895912958715303,0.6860413775257953,0.6851423128641432,0.6672009970228023,0.6469372553067217,0.6502956569333609,0.6582557098876312,0.6590271759327242,0.6891175531179291,0.6853794534183844,0.6843814762011708,0.6850394168822894,0.694138703347558,0.6685652699787131,0.6353172795851918,0.6412665336116188,0.6476375768395858,0.639821552559617,0.619992858723447,0.5888886675641541,0.5539602758405793,0.5639855271151849,0.5732205392829951,0.5684697025858146,0.5628649479628482,0.5591886653970273,0.5345284501701506,0.5195610785441757,0.5112244147630384,0.4702906065688256,0.47433972107714845,0.44652886788009705,0.442331749285947,0.42892409738805304,0.42801396541213566,0.39369608998890643,0.39319676471130066,0.38884121540416383,0.3723944888879126,0.3639828821340342,0.37527313894904807,0.39881904465697715
0.6889758343692809,0.6878989548918382,0.690543820097408,0.6968058746702483,0.6914344918563524,0.6907415588860888,0.6883501658264369,0.6797507368226373,0.6805374526791815,0.6851780012563494,0.6931623753936874,0.6844644837091378,0.6760760290413431,0.6714397530715456,0.6583568571402723,0.6436318481278525,0.6325275062578589,0.6353842726120378,0.6391793614336254,0.6458743177643043,0.6382473997788429,0.6369617314007899,0.6439624128233381,0.6562910494485963,0.6029145665385213,0.5211241110583592,0.5571296918662897,0.574040627666787,0.5878475571493738,0.5914880145395062,0.5660881946234623,0.5308443872913263,0.5205115568479898,0.5017186018480586,0.4944321975783065,0.4890167988024466,0.45471871103972916,0.45045499678579304,0.4457017264353436,0.4020356702484595,0.3305184462114468,0.3333247277962479,0.3175987166628531,0.26181877907419676,0.31105421494888047,0.4351463213376605,0.5422735947169691,0.6272342438842716,0.652187790227874
0.6376184613814262,0.6454136047879401,0.6416325447078152,0.637285586009698,0.6420160999204828,0.6428305864382786,0.6393361521617686,0.6503168068317451,0.6548776285901252,0.6545200044054005,0.6474415937600955,0.632873841210173,0.6317091196534054,0.6363491726326176,0.65838945782087,0.6500262114217448,0.6189429313556423,0.6016154092586218,0.5988922719464861,0.5961838269783806,0.5925352422498676,0.5717944110618696,0.5664490472795141,0.5377246003780957,0.5094649504373151,0.5101250105248405,0.5030581148323927,0.47200057509061033,0.470772481016881,0.42970823840675065,0.40637983709501174,0.39711640790535396,0.39993681012911336,0.44137589441077707,0.4387455030526227,0.42946954243384733,0.3720094654306001,0.3666187469482335,0.4576402617702981,0.7117953629674308,0.7091822001709731,-0.5863340647201616,-0.4506639053925485,-0.545904726999583,-0.3670825339562544,-0.2655693379525439,-0.33213299716514905,-0.3076646750131617,-0.4843976684164057
0.5992775203972622,0.5760917405743506,0.5766608288213763,0.5640100741671255,0.5729664639399075,0.5751050774346427,0.563721873142558,0.533773670654553,0.4800075406177452,0.44379114300475053,0.5633060861595602,0.608304485266209,0.5420853507351688,0.5296048438970274,0.5037319491174727,0.5052852786950948,0.4823318751639262,0.35071842229856726,0.40103512337070046,0.4136700483564942,0.4245139633401741,0.4396706312503891,0.4686467892088094,0.4193392696641678,0.41660101053696863,0.41865420388693186,0.33416268419336725,0.2876477249216375,0.30174475700287373,0.2964849934067735,0.24749939101469973,0.2512716287021084,0.2589596658343062,0.1913498930313339,0.22927151454324973,0.2466524679044419,0.2655370023831704,0.2535204756378413,0.23248615390867491,0.15063556500952557,0.26910199583446653,0.4194945985143475,-0.5670159835655461,-0.42697834236803645,-0.36853240748056104,-0.519421634982481,-0.5536081206293769,-0.5074272424462729,-0.3539921002640422
0.5138680931680836,0.4738402285138062,0.4772049314554213,0.4718303835943892,0.48349711883681695,0.48354326507768375,0.4794215267045379,0.44409649545889657,0.37885093391355334,0.3451559349860209,0.2680507719245056,0.2626939136887608,0.2808113950618111,0.2885594709577494,0.23676816482579083,0.2605171704454287,0.3306050976282976,0.3442609874887635,0.364755971440436,0.34148187483210124,0.3644264230733268,0.371913979814873,0.3912474050512013,0.3856723890743892,0.3467364446905174,0.31875270549413476,0.25673613506312193,0.27847806539962294,0.28473861998090416,0.33710555596553043,0.22505716361235317,0.18526087092562227,0.16285119773125142,0.11780066163695342,0.13168014839876407,0.12486226366997359,0.195645740932622,0.3809016938520563,0.6953684281033449,-0.1645613553962532,0.7044200249527293,0.44490526758055643,-0.6861727528634288,-0.34998946192552444,0.4430424503611334,0.5385477125372394,0.5923545156393262,0.5907127513487539,0.6326190707168692
0.4384970296064356,0.3343682367060347,0.36172310507290284,0.29341136643840027,0.28864623458276095,0.2830580976222409,0.2650712998346725,0.26062668715651305,0.3252533023545063,0.32653317319426745,0.3016811666660617,0.27117291008671196,0.2696680349691359,0.271847610971773,0.23028066608051204,0.1677563139104155,0.19697119287639273,0.29566455134916003,0.26262238222206113,0.24718506968291423,0.21449439159492414,0.190719140533486,0.20108825475516798,0.2502190056131644,0.27233898317219063,0.31133637083056076,0.24838732095344015,0.16973709347996144,0.11722469772709232,0.11180530410033553,0.33697737840992814,0.4459686446818737,0.4599327303154653,0.6848806348856119,0.6617439976006777,0.5382436453451177,0.14543530927905007,0.2132704026681319,0.24963805740298217,0.2978553735413482,0.3585703931265124,0.37624802273286345,0.41852360731834215,0.4345933804537409,0.4404522082203621,0.5266805854797108,0.5205975363550537,0.5209183610615821,0.4961974559956121
0.4868974162187226,0.41763152834729284,0.40747529666703136,0.39055092768122707,0.3440577705082116,0.36124519691728263,0.38364351724011775,0.38932439348575654,0.3994032180724253,0.3979327073237414,0.3905616186581547,0.30644675211453054,0.282133631836645,0.28254089120392867,0.3205283073987809,0.36503715981021523,0.3205949106516436,0.3036101681555756,0.2797338891540125,0.24848395308228846,0.1577396672991772,0.12003234902999685,0.1049933261135352,0.2394521775120372,0.3551984195757624,0.6612507879205808,-0.6525721667830363,-0.45852722748195873,-0.3827523721756939,-0.24478922356467442,-0.21287475512084694,-0.23682976743777184,-0.3093786516952302,-0.40499132930336795,-0.4520823986277453,-0.5237606653203656,0.18846913872785886,0.02792343871907814,0.646692830590067,0.2560994455329327,0.23749073166648543,0.21088177161476082,0.2222529096091581,0.2553296568643227,0.31590498133767003,0.36555412493385403,0.37785909670190865,0.3915242602102468,0.3927161833519259
0.4076905747283958,0.3871757552092498,0.37451894565257104,0.3564455618241386,0.33993302228763506,0.31494512673695335,0.3142566479562249,0.3497514904059199,0.3670854876929732,0.38305615299946855,0.3891941965627391,0.3775585609519272,0.3613851466805511,0.34860041260151026,0.3340910961227327,0.3700029663015923,0.34062670367977466,0.27918394170420807,0.2556748511392603,0.2350435779383985,0.21376682651527806,0.19383474875343276,0.17423703398356827,0.12114191422676336,0.09395216290042611,0.13232135056122654,0.6061227386669162,0.42968047870670134,-0.46895668334575735,-0.2413706905512996,-0.45049503459775686,0.09095382200189792,0.28854987484787636,0.4001014522274436,0.44337726957836177,0.46008938241297803,0.476388851094268,0.5043010260579283,0.5538397219612018,0.5845194723668882,0.6299001222920584,0.6475567760323769,0.6320550091711333,0.6131248814498974,0.6278658204929767,0.6077772396300518,0.48846150835534546,0.5139684088517912,0.5276740064228221
0.3646762091575771,0.28015220246559724,0.25827259084656307,0.24764266308718694,0.20122744586109317,0.19797755572717504,0.18318272642504332,0.22347701546841178,0.2808953449520869,0.3455174632580229,0.4005886900713932,0.40221008590730156,0.39267803111012006,0.4046834725807209,0.40598734005682546,0.3976884564953054,0.3794094494740771,0.345014889140221,0.33723498455380685,0.31371374166883587,0.28763255937066395,0.27844439197478765,0.2678556991754802,0.23095411520941733,0.2191145894628022,0.21365216617389138,0.2582609676332834,0.30022378185532783,0.36059034515228605,0.3995952829757529,0.5313950067873456,0.5571536263734549,0.5783741868419685,0.5885815663979852,0.5820282803018569,0.5826309968984059,0.5893421690400189,0.5924890479378572,0.5958518694941141,0.5942636864071925,0.5953370235784317,0.5963504401669854,0.5946099200873958,0.5835741452489049,0.5889559637780948,0.5712681342329544,0.5386137678914088,0.5349938492257895,0.5034299548395291
0.37513612612518354,0.37096276615131407,0.4075192937087361,0.5804958421109426,-0.564791357471955,0.6318541546634454,0.5145332998688505,0.33883988641166485,0.3398537966832912,0.30902837732001914,0.3824800404938346,0.3801756321981544,0.39099910482696043,0.39682747730509704,0.43336705632888256,0.40845713092688307,0.3998804561866738,0.3250667814090042,0.3448249762382297,0.37338292768590153,0.316031438693296,0.28885643326828736,0.2586575563714382,0.2784563014986621,0.2738320824984866,0.26286507070565984,0.2772779093219081,0.29225238850421914,0.2843176829778624,0.28812001491840034,0.3096399963608502,0.33438716024173726,0.34624720828381755,0.37582328879502735,0.39072383661342663,0.4192173163040267,0.4394151691541858,0.44568868049758564,0.4483802508976626,0.46144289474704875,0.46028118845666316,0.45977424512567516,0.44382285632919716,0.42441390583081084,0.4249661095429924,0.41290813115680836,0.4027855235655144,0.4333807733218836,0.4222975718962059
0.35105552992122413,0.2879707797664826,0.3026841057787196,0.38880484323200665,-0.5777926948372533,-0.6173935539597475,-0.5476616684347035,0.5029831274372583,0.6272123959396813,0.5175026894120327,0.4580245530107555,0.4447160814809743,0.42530646587701965,0.4162755729652486,0.3610974638170326,0.37472793403539706,0.3814795440432961,0.38636371079375376,0.37367245122501264,0.3646444000883803,0.3333647760345382,0.28637520303290476,0.28916883384069153,0.2309032791199309,0.2294236238229478,0.24490194832446344,0.2548517227964727,0.24889061599128898,0.22158681374184966,0.21241683633592776,0.2133644107434653,0.22382994204656223,0.23921610094186999,0.2630870599372354,0.27674551350261817,0.2839746676180726,0.3309684617882586,0.3273454953297468,0.31910753608150316,0.3237219435301683,0.3312710664075379,0.33483594633409264,0.33838380222552933,0.34527497258969275,0.34735178566633756,0.34991055901553964,0.3485288912391805,0.34885900544962467,0.3498384388772905
0.4595082128885635,0.4332571626324051,0.4001476646645772,0.4078681249794055,0.39982495759574055,0.44135884384729257,0.45765655396187327,0.46546678591658786,0.45349941624205586,0.43740772700664815,0.42120545445538066,0.422103375903684,0.4037044902430872,0.3959995385373107,0.3723799265372091,0.36550990405605077,0.35681279860740195,0.35841297128307226,0.35965564223285024,0.3541187874706436,0.3123581938921976,0.25610163724854285,0.25533859148860494,0.25972698710826064,0.2459449261371484,0.23599293861697387,0.2326601278242415,0.22926365966554188,0.18383514228940478,0.12004306822345621,0.17829197732433383,0.18392075090576396,0.17606271931524387,0.14105257823773362,0.17233892483315064,0.19640380191020243,0.20968031459676617,0.20746135389891415,0.19844474069789617,0.1843869154128554,0.22301960805787308,0.2545462912478534,0.27486153008053715,0.291922315315706,0.3081620491020189,0.3199016241392687,0.326089309936382,0.31766455661730325,0.31433493896576237
0.4326193191571002,0.3959235449817543,0.3881518353831432,0.37029738773185183,0.3673290789448442,0.3839737442697572,0.38436522433564824,0.3905547821006004,0.3716271443466553,0.36552332046393154,0.3376233260923926,0.3315445938051429,0.3201596237159269,0.28826501819963024,0.31283256211621463,0.32239665602333384,0.34027314749081733,0.35102741996868997,0.3363691802115646,0.2980466522016154,0.2900946085206072,0.30089679576031864,0.2885999680444694,0.22909665410375452,0.23019492046279463,0.2405874375546984,0.24708431055428262,0.2351887461569141,0.2139999372345842,0.18730463085724872,0.15489235020942832,0.16157457699776004,0.1702873673146285,0.17075807681223107,0.18405471983534266,0.16512367183003934,0.1275835497537449,0.12217577916801527,0.10616153957111345,0.07292847020923458,0.08957745041877249,0.11729503427270672,0.1465281524302647,0.1590134943123682,0.16561480202886245,0.22157274086375411,0.2557203516174114,0.2631958469309539,0.25286071045705366
0.3540565448489725,0.31635878099650955,0.28330491906522487,0.26605187767708527,0.2730920718372154,0.2755853217494874,0.2945102088836208,0.3010829467344058,0.301701311225128,0.30583683393385414,0.296193352663735,0.29301902214178555,0.279612019772452,0.26431515891345425,0.2835782120924319,0.2775159477089164,0.2766692794935566,0.2665325803493354,0.24945813279567872,0.24296013160172267,0.26740811939108244,0.26162933265090355,0.25374442141220827,0.2348717947692776,0.22894451021707338,0.22995902618758626,0.24574860241122573,0.24014487581609217,0.21061049932706122,0.18634412400352854,0.16653573413409997,0.16353328369995102,0.1630694526453655,0.1444574889820593,0.15707256875118417,0.1735059323137394,0.18924560450368424,0.14528650010068217,0.11619661421119634,0.08509449920098577,0.07268765635362187,0.08115711816142153,0.1554553543205861,0.16591002582839567,0.1482826836344295,0.12637910514749967,0.1339344774329154,0.21832719763003075,0.23567908080546815
0.24648815099859453,0.21898620160726054,0.16341641243049138,0.15094598803229867,0.13411837541942379,0.12795932192313056,0.13012349314890165,0.15939020805416684,0.17040013362551437,0.1890392584207447,0.17306609092298725,0.19954961280392267,0.2317994071726534,0.24253999296073941,0.20827135093898064,0.18332224796355212,0.2141137347558669,0.24190165323394802,0.2376870835209501,0.22726635847476265,0.24071639034513725,0.2724227062521543,0.2829357122310906,0.23971480447513133,0.2338697938468226,0.22924158531092492,0.23419701058826076,0.22841929189873802,0.2260863916887338,0.24240615409064378,0.26154452841862597,0.25341917531608105,0.23919021860829726,0.20810976563305536,0.1755037097975003,0.166117319458894,0.2723926400213737,0.2954742262513259,0.2954329138471435,0.2566622544318444,0.39049356671572355,0.3473892668029929,0.49786744538537847,0.6854187895954638,0.6949148013988321,0.536382864518094,0.16012412858687777,0.677707254667344,-0.08185984542971995
0.2244521028150494,0.14526106309158512,0.10898179118413204,0.11708909139191168,0.21353785283996946,0.21013601672696314,0.22637856670360593,0.055872948790530425,0.14349646919543713,0.05649851914184644,0.06604200236463098,0.12110539574975082,0.14620797530760776,0.1521882375819651,0.15344250776279422,0.1520497218460607,0.13634022406554108,0.13234785639577906,0.15138099195382657,0.16096309834357572,0.1692447367577057,0.16711228981384663,0.16399072003848394,0.15925339457638155,0.15599991232274232,0.15862476613959575,0.13504796277027792,0.16998122659948847,0.1991832103713963,0.2242647620308559,0.39700908277015284,0.4205453188530128,0.2992282590699127,0.20171273442731913,0.25225835041803796,0.21339195234680317,0.39291647098172316,0.5109862180651906,0.7004458838421233,0.0774923006055006,0.5189942269857379,0.6504272123978814,0.42264312143954935,0.6788544725235444,0.35953860391871434,-0.47232933794662957,-0.7169594599401886,-0.5453092855830126,-0.4725508263084554
-0.5954753960945852,-0.7557025301940896,-0.6777021186812581,-0.7560595682349981,-0.45950341688990193,-0.5381744959180847,-0.5889250115444948,-0.7452938215238339,0.021831282042741065,0.3617599212347267,0.42722977902454945,0.18620840371636338,0.2869658686210601,0.25253569851823954,0.14570595128121988,0.32599857642461744,0.2601970583959558,0.2929134665200362,0.10732120386660302,0.39012225879775303,0.4831106429053823,0.5742280301709285,0.6093670927991277,0.6196647918015564,0.327941968174184,0.08123229401285235,0.23400010504156965,0.19663923356885407,0.1384842167391992,0.09947233911297927,0.3475062967018574,0.3813761598750441,0.34633494145234944,0.6193320878179548,0.7270725570260379,0.6450238694790221,0.7035489115610137,0.5361617310858291,0.2975253487276093,0.39630675644875585,-0.17166470227157551,-0.7206153330932807,-0.3521726591524182,-0.7199236571502172,-0.422476518767635,-0.7212165891385578,-0.4924490042779943,-0.23260782687059284,-0.3599825604062265
-0.4228029553851566,-0.34460594605895317,-0.4183652330273639,-0.3763578806775685,-0.30541211508389815,-0.26799538852031246,-0.32132191477467437,-0.23212019345365018,-0.45700827005040057,-0.770670698228416,-0.7724837455213616,-0.6137741617347315,-0.2659460704609973,-0.7086693549852208,-0.747925573781391,-0.6613679720297377,-0.281846633743057,-0.4346046441765494,-0.34613876297635104,-0.2729447552956597,-0.17720400871138345,-0.2660367614244909,-0.40022552498717046,-0.36353387184970687,-0.3222603190319296,-0.723177656767702,0.3507400604306832,0.6917147239743102,0.211518623267784,0.6071497904168758,0.5647055005088489,-0.19401735465001801,-0.7513445705489719,-0.6332487858747502,-0.6575607454022512,-0.5974826156237322,-0.15616783554939118,-0.11933843129077598,-0.17490973945259536,-0.35879816005377524,-0.3143471137942944,-0.14857662731591942,-0.30492583994226546,-0.5324962713563197,-0.643779029999269,-0.36802951574362597,-0.10373323087669982,-0.1677787705255061,-0.31685296932059204
-0.33951002146844905,-0.32036227244787147,-0.30617238452929124,-0.2784000852159217,-0.24985832422783313,-0.22881577558920121,-0.23434445901554674,-0.27425100669163077,-0.25924231166340034,-0.21829623475821217,-0.18153472049426533,-0.16929957481533525,-0.14634927507487927,-0.1251872062052219,-0.11004272392194209,-0.09811152497499452,-0.09022346771645429,-0.0913646391220474,-0.08976985995900126,-0.09203528770602505,-0.08831475118401957,-0.09323585114199805,-0.1119619977198028,-0.14213868324311585,-0.2003800760214251,-0.24346939561962358,-0.28843142813217715,-0.09194986334940225,-0.3399560542498195,-0.6763951266033087,-0.6878449254417214,-0.3717406281376586,-0.28113534641620724,-0.46440421093916023,-0.3177156595254532,-0.2416543809237985,-0.17019726492483847,-0.1782407371785218,-0.09369446984189193,-0.09675721686306826,-0.1062398816204911,-0.11387531929446416,-0.18962272445549433,-0.17286740971088593,-0.18531751920500766,-0.2779824891722362,-0.29238967776531083,-0.2805865276627378,-0.26523143781224146
-0.45101674754540455,-0.3790348925575868,-0.32427600362723913,-0.30575292318561853,-0.34450651420283596,-0.3413540063202199,-0.33195478731241707,-0.30132634805187275,-0.276161547524859,-0.262439418425927,-0.22840416046123424,-0.20711264332038143,-0.20510065570367567,-0.1861897069840118,-0.12337706649957964,-0.09326731544766415,-0.08248262849694207,-0.12489337651512265,-0.13824924656760298,-0.1546379491656578,-0.1664658410135539,-0.16044757858826872,-0.15691861060965318,-0.16150273785155425,-0.15134190346157786,-0.14744518645902258,-0.13822370692872168,-0.1467504878844914,-0.15840260165264455,-0.1668817280793842,-0.17908875903473778,-0.17604129533063734,-0.1727340712072668,-0.17880598072328682,-0.20196201317328882,-0.22272877716620404,-0.25359680709634264,-0.2637265224199433,-0.26154997901889776,-0.24712657976362098,-0.24807622256704345,-0.2558521511858716,-0.24968775476217261,-0.2438548576434165,-0.24559113340900823,-0.2717182768539045,-0.3054875303707158,-0.34389428299154223,-0.38215354245351596
-0.5042239796612593,-0.5195345991707165,-0.49180627102350627,-0.4440887020047995,-0.4062346999999303,-0.3871047730829486,-0.3562941715760781,-0.3287138102610847,-0.31081321543614476,-0.28586832375903126,-0.23694851950396106,-0.2437924690205367,-0.23852107732309547,-0.23545649382088651,-0.23837348942633285,-0.2240919220450626,-0.20241895947025718,-0.20043914870334587,-0.2170707111664689,-0.23615487467090399,-0.27726945387499313,-0.26230883837727526,-0.25347224208189806,-0.24766017874369944,-0.2495848381226808,-0.2400074274431116,-0.1936533172798653,-0.18441616024925472,-0.20197790506330465,-0.22215677945393653,-0.25806684703303207,-0.2678921006023804,-0.2704623907472335,-0.30613140135076716,-0.31779311077598804,-0.32481705608407163,-0.341070484015992,-0.34777018079335453,-0.35113144963723947,-0.35200267202575514,-0.3612309540876492,-0.36257191944408157,-0.367893051643313,-0.37778702387790003,1.6829479747832218e+38,0,0,0,0
-0.49743942538753905,-0.44593570987890296,-0.42649904269324035,-0.4034604500236063,-0.29708726833168375,-0.26218136411941567,-0.3039711757899658,-0.3922127177788418,-0.4138613863084933,-0.4020885686091399,-0.37520574650755734,-0.368910685728429,-0.35738781847937323,-0.33906709990979117,-0.29273050862348843,-0.29589607243570154,-0.2986144885028358,-0.30101298463746745,-0.29824850913049017,-0.2942165568524225,-0.2784427175971164,-0.27509696102546555,-0.29705397431827485,-0.364114147474774,-0.39255913340926407,-0.39465698975183083,-0.3516258686285633,-0.3489029521084624,-0.34209064718049437,-0.3465493894729158,-0.36726523939026184,-0.3703802050045156,-0.37113146900405863,-0.3806027474818302,-0.38906619075829413,-0.4002417957673555,-0.4379729208975972,-0.4515893784100345,-0.4525424909558941,-0.7902024288649102,0,0,0,0,0,0,0,0,0
