jsons/1312765200.json
{"header": {"parameterUnit": "m", "parameterNumber": 3, "dx": 0.1, "dy": 0.5, "parameterNumberName": "Northward wave", "la1": 40.97354507446295, "la2": 16.46031188964855, "parameterCategory": 2, "lo2": 133.9931640625001, "nx": 191, "ny": 50, "refTime": "2011-08-05 8:00:00", "lo1": 114.97908020019554}, "data":
[rows 0 to 21 of 50, columns 50 to 99 of 191]
0,0,0,0,0,0,0,0,0,0,0,0,0,0,0,0,0,0,0,0,0,0,0,0,0,0,0,0,0,0,0,0,0,0,0,0,0,0,0,0,0,0,0,0,0,0,0,0,0,0
0,0,0,0,0,0,0,-0.2998101306250851,-0.29823953815167287,-0.32049355739802005,-0.3130336083407312,-0.31866739850578996,-0.3325834007229861,-0.3375916536939273,-0.34577675197411534,-0.3476517750519864,-0.3541165040839414,-0.3564986037217155,-0.34789695590622266,-0.33217061737501946,-0.3022466110013367,-0.1863332954972142,0.0497909601813973,0,0,0,0,0,0,0,0,0,0,0,0,0,0,0,0,0,0,0,0,0,0,0,0,0,0,0
-0.3810101462701748,-0.32401102730105774,-0.37187840743547285,-0.3516947583931546,-0.3396419413848481,-0.345486467213776,-0.34080010984384596,-0.35003998449706647,-0.3617420441831742,-0.3641237330257489,-0.3761526342417589,-0.3850672730111056,-0.38887940027664736,-0.38116204503017975,-0.3732399884143143,-0.3757748451394451,-0.280616966551123,-0.16172575611425136,-0.0004391926786763679,0,0,0,0,0,0,0,0,0,0,0,0,0,0,0,0,0,0,0,0,0,0,0,0,0,0,0,0,0,0,0
-0.5519704018640439,-0.5493034713057565,-0.5622945891450307,-0.5402154429472547,-0.49477368578317305,-0.48443591950257336,-0.4612953337805528,-0.43896712991214554,-0.4318483055741454,-0.4148833706648097,-0.3987395383200874,-0.3733190255824065,-0.3285436603721927,-0.21621677072541223,-0.48310862464364723,-0.3973051468981434,-0.27064245310686624,0,0,0,0,0,0,0,0,2.4651185078372778e+38,-1.3395399967128627,-1.426534785395479,-1.491981260647976,-1.5206502318366593,-1.5151146240010853,-1.516062523483594,-1.4953173558438202,-1.450442521129698,-1.4076986382553982,-1.4503483422846604,-1.3731202573495045,-1.3838382659010384,-1.2840387006303815,-1.2388870655125952,-1.1887244706268048,-1.113176724007157,-1.0493406324182988,-1.0944637761394818,-1.0274705624592477,-1.0343341539570368,-1.1019068817262851,-1.0504312687598798,-1.0208050925974639,-1.0293411439790394
-0.7055842034791517,-0.760665496739223,-0.7930499921030799,-0.8839009125229091,-0.9444540368622018,-0.9886318437340104,-1.0613459822855376,-1.115910146967969,-1.0597749616000292,-0.8677190058042227,-0.6995727241721524,-0.4766035509316456,-0.5479568025410896,-0.4166338027449879,-0.6037935926215187,-0.6703058684533065,-1.180089139561283,-1.2404300056488933,-1.3234879682530938,0.48019927318221045,-2.0041289136128504,-2.12563362137136,-2.245837271233773,-2.357678934521137,-2.315722208286741,-2.4079853695732023,-2.4183805373715104,-2.393330697581196,-2.422496721344414,-2.4599396150796777,-2.3349701132526914,-2.3687378515482176,-2.312150789608488,-2.189153465114501,-2.170332233792386,-2.154094325592635,-2.0672150282445654,-1.997338498188582,-1.9561490469842344,-1.811316152390593,-1.740045938865188,-1.6214645472928402,-1.5276894641512686,-1.4448612132975462,-1.3176804037808638,-1.2777086168314953,-1.3636590664497592,-1.2245767643893124,-1.219764227907854,-1.2288024815057121
-0.6911988261094054,-0.7437593214443153,-0.8045470190904865,-0.8657927669917636,-0.9551908101294325,-1.009263406638534,-1.1303960234294606,-1.2307133570686632,-1.3134890795743963,-1.431419740204357,-1.5260973207345758,-1.6467776015624083,-1.7839611856675381,-1.8915397548935255,-1.974180809539074,-2.0715789038354497,-2.203850117971509,-2.3307199288639113,-2.390742472560447,-2.5840392855101544,-2.7141180062983783,-2.810484603530995,-2.9681457734477874,-3.0194388317789485,-3.0799467227125996,-3.1894605165773067,-3.2341272949246136,-3.2197856564239786,-3.3057515331870313,-3.3450904504955274,-3.1691879895264172,-3.2518113024706556,-3.2562472109358938,-3.1686318400813738,-3.1423782148224997,-3.121089896388211,-2.8881088349810766,-2.771467878556509,-2.7587038747319115,-2.525060575658975,-2.4324080971016095,-2.242417177189422,-2.0516871127782377,-1.7713161350302644,-1.5171342686702256,-1.2771473273073084,-0.6404794652138879,-0.12212527093345313,0.07520666708805972,0.6454805055668991
-0.3731706636828195,-0.4058911975500453,-0.4313652614760265,-0.4574757050983505,-0.512364983418281,-0.5378386320060192,-0.5999900466038401,-0.6570058497065108,-0.7285695753527646,-0.8190520301508385,-0.8834306246576675,-0.9976745125428291,-1.1576986439106909,-1.2632134301496898,-1.3964083072082505,-1.5540296953590151,-1.8202486716214117,-2.008875868305541,-2.1479753879024446,-2.396250014787489,-2.5810884541687167,-2.750136571250775,-2.950614842262298,-3.176395026388869,-3.3008531778180186,-3.569186045820401,-3.69171425094672,-3.7585020708257835,-3.949808612198825,-4.00402211649547,-3.906658561413467,-4.0678236669061905,-4.038813803058766,-3.8935597715296066,-3.807233272518231,-3.8058612542548342,-3.6313368497110976,-3.4978743076430248,-3.4706989419492054,-3.1061135495119614,-3.060329148387777,-2.8479324951446356,-2.7482258763521306,-2.2178754276923702,-1.9967225192913851,-1.637153461097541,-1.1193134576827537,-0.7512406781253321,-0.4435251042291237,-0.027994607156390832
0.060495914004881794,-3.14042155110257e+37,0,0,0,0,0,0,0,0,0,0,0,0,0,0,-0.7820176308164077,-0.5903580681705825,-0.7080104779029709,5.931554504592611e+37,0,0,0,-1.4649765416934928,-1.9032948713065976,-2.782617650710913,-3.5313320060999502,-3.7469514172465135,-4.089405048932994,-4.174378848100247,-4.133937103971921,-4.257724054116255,-4.213257991265913,-3.9685379030275616,-3.8053352815919026,-3.875297493539165,-3.6207673672159095,-3.432928364111864,-3.4666995348114242,-3.118584014708835,-2.9552258571908743,-2.894299882295102,-2.7231456785367243,-2.333652957658905,-2.0723152564750262,-1.9144423348653787,-1.439265138288589,-1.2557922512576876,-0.9805444803349571,-0.5906073636150247
0,0,0,0,0,0,0,0,0,0,0,0,0,0,0,0,0,0,0,0,0,3.401536973098782e+38,2.9369770838897274e+38,0,0,0,-3.514877968120186,-3.7264488612357227,-3.920406032738483,-4.067253965753275,-4.060566186448678,-4.2888933709838755,-4.216789482863211,-3.9924684391761325,-3.9711883155483383,-3.966254027457786,-3.556533355668413,-3.4209656383832483,-3.3733168590479643,-2.9000337372275458,-2.8070134830580704,-2.5516752603857658,-2.5080590387042565,-2.0204400437298125,-1.8290978205391795,-1.5819341167764382,-1.1771660082763378,-0.8965787884106254,-0.7142154064829932,-0.3792442306808283
0,0,0,0,0,0,0,0,0.19562876574533256,-1.3083793146391915,-1.1852262429943388,-1.1612920647732001,-1.2773605260612,-1.3339764490810109,-1.3696341244451582,-1.35080070764132,-1.4361966969507909,-1.5307530405096677,-1.6921971844929329,-1.8721368522969877,-2.2030709845120815,-2.3497725748444767,-2.67740901419668,-2.8690957287654104,-3.2396112334055713,-3.5815350351111492,-3.7280978075192515,-3.926588245817735,-4.1499050470162855,-4.289423921741768,-4.2728279835193455,-4.3166631823890045,-4.281768290893329,-4.082674640284619,-3.975002551359973,-3.9616089681595192,-3.5237106424564217,-3.2462131663798157,-3.2467758375146505,-2.7504042909021016,-2.539633791163142,-2.473747931671597,-2.185440509142523,-1.7212245233393642,-1.6274473453992313,-1.4046407670059966,-1.0136170748180602,-0.8011873063268059,-0.56493048904575,-0.26038075269643907
0,0,-1.0073664597936662,-0.8611048561422668,-0.7645100771711012,-0.8847703151524651,-1.092347722734243,-1.122485403914112,-0.9895636711645658,-1.050328010728103,-1.082238026592556,-1.0799865901665933,-1.1455056621343545,-1.122106460117591,-1.150578592893316,-1.1670731772161107,-1.2224408765160575,-1.3398536081403192,-1.4166841746182826,-1.544120996651998,-1.7091234008583174,-1.8394211754646628,-2.0144490122118555,-2.2328733551041147,-2.6132756099741035,-2.82819202217548,-3.0270341248488593,-3.414587107527896,-3.7582145316219946,-3.9338946888360886,-4.196506582716585,-4.222468757859758,-4.1971483707595745,-3.898791406830452,-3.715553573239294,-3.4686521589327235,-2.9541850757482524,-2.6893381936305856,-2.4689122109115735,-2.1069732102531757,-1.9649380583353595,-1.8552025988990999,-1.7234270070699442,-1.3895766580534654,-1.2234589475281694,-1.0772142308230124,-0.7199711655881328,-0.5470056893579592,-0.4013804890721774,-0.11781714461407945
-0.5534466000315973,-0.5440371837657245,-0.5423781567356415,-0.5925838842174369,-0.6065985566903374,-0.6026995971295751,-0.6330579424000097,-0.6422712572614434,-0.6391448427160519,-0.6935479828589578,-0.7141434685755568,-0.6868946219398975,-0.6656432800233344,-0.6288927221032492,-0.5876573617432672,-0.594628849316875,-0.6072258019768921,-0.6275599852752486,-0.646755333291778,-0.7097164598394433,-0.7404068536845119,-0.7820436556717475,-0.8022776358029772,-0.829766874378939,-0.8320357615769939,-0.871382661810411,-0.9014119958439254,-0.9941482589368035,-1.201006371126109,-1.4316164434636371,-2.2122558498737313,-2.548764336717032,-3.3380672215144713,-3.7067469261003763,-2.6281007760794446,-2.2157625811277137,-1.5905692510643188,-1.3664875458327408,-1.3127353741441656,-1.0288369724646085,-0.9922024149205093,-0.9947219816988544,-0.9401691843469404,-0.7853849111790491,-0.7319417516381642,-0.6033805016553748,-0.36121621792773645,-0.2131197191661006,-0.05594927537757065,0.19667939707187243
-0.17143373347736218,-0.15102733219595055,-0.15390642540488228,-0.19141307414785808,-0.2120176757171238,-0.246896010216403,-0.27314681946648756,-0.28432463810406355,-0.29215377313838425,-0.3111261556318188,-0.3112355185383162,-0.3071458957466705,-0.2913848079227658,-0.2978172458327964,-0.28186390894262087,-0.3069723503507058,-0.3570184936732976,-0.31625445580429795,-0.23111537414476863,-0.22014822549224525,-0.19961363034860488,-0.22755971951596807,-0.22392615580857367,-0.15903993554536133,-0.027443682297036205,0.008977637043393908,0.05078459842562266,0.22478249868594,0.3032999765719173,0.4972237231580456,0.8193375697129274,0.6918515884534616,0.7102076253251096,-1.1944532583540977,-1.5425836660827366,1.7549386118833903,1.1299673266067494,0.5460667078541349,0.49815077562779764,0.024557501334850733,0.07281804222268427,0.036043423337876225,0.006744205725723291,0.11523238427002644,0.10744257279196343,0.1284087473273697,0.1997662049238511,0.25578256132166144,0.31401646610969286,0.44915201990018716
-0.04514778969111547,0.008142177989387555,0.12993722893721102,0.1303487880175048,0.21620525258597595,0.24722482082473618,0.2642744377399914,0.26589358516548395,0.24439169298737595,0.25011885670111306,0.258109844826499,0.23069691620207736,0.22372761151341955,0.2061383420008355,0.09405819802438092,0.04560792146886869,0.027873420066986516,0.01941495095955171,0.059970418438043634,0.07832348834139607,0.18018955662105923,0.18474688731255692,0.1958052916550283,0.2059241165836219,0.3181223381789214,0.41449979806867365,0.5807240881074499,0.9268535038026235,1.2922310528169128,1.46148924888077,2.0205277843711498,2.238769171230176,2.3909110436772445,2.780481898623812,2.7782090741963765,2.2890665744881504,-1.1957638479801653,2.0268203832778915,2.187603589898238,2.192407773291524,1.8363232981450701,1.6285788373214052,1.3126065064298524,0.9052816687274359,0.8047391589296292,0.6872111353506928,0.5661603129776819,0.5294151937793306,0.5317655364225075,0.5563894837949565
0,0,0,0,0,0.03046073573369872,0.1910617467797162,0.28133311194673155,0.3772804499267599,0.42208939835606685,0.4115668978955992,0.28980842490184905,0.2385695011218957,0.19505669809050522,0.1268086741304517,0.11482272850286938,0.08392904837702012,0.10142510718684523,0.18072361527511452,0.2509850597030398,0.4224114854387092,0.48576623436050453,0.5249861433441698,0.5259139873835935,0.5266698978315226,0.5788938694850445,0.7252651637007461,0.9655997261293334,1.1865687943284007,1.2867171524588452,1.5245897911902366,1.691791967874294,1.8834491010428571,2.3299364794869137,2.574608264265488,2.6990739771346592,2.044826641771728,-1.670621439427192,2.821858302252353,2.5900495525299663,2.351189074166382,2.173439297303424,1.8896765529147501,1.5460539296240474,1.3289315638371384,1.1858135981241538,0.9319483314550706,0.840907005522483,0.7734818779502425,0.6989841049305779
0,0,0,0,0,0,0,0.021099916719919277,0.30324637540181976,0.44302774897513103,0.5019120703673323,0.3975873717306083,0.3431599170744728,0.2766812990844174,0.1971371408525705,0.20431072017182067,0.2111376985532696,0.21218797687344018,0.2569969956472089,0.177903406360667,0.07970844802584523,0.10206934158895459,0.12980358498932795,0.12726716104496116,0.25889716452292955,0.39897243262662385,0.46609748897187925,0.6206013550263692,0.7245913167392735,0.8417756938126691,1.1181282462402042,1.296827441387582,1.46770467322871,1.8398763069738897,2.105896046941877,2.2289376182880525,2.588899236089794,2.0368597633744585,0.5679139940754896,2.0474415962669523,2.5524264224554027,2.491601071346529,2.358626008357507,1.9504401555079374,1.74438497828035,1.5274283969314766,1.1935957945104718,0.9991989859816726,0.9160558554344707,0.6866704744934415
0,0,0,0,0,0,0,0,0,0,0,0.4012050448280488,0.3551738238799144,0.3382928082942703,0.23052817373083903,0.22823692139744403,0.21955977497248041,0.11527296706395979,0.1251715970891912,0.1672239704291614,0.1694730798005114,0.15931351475633643,0.17524073405634655,0.2099968021739732,0.2733496192193466,0.3350920354068524,0.42604023819049947,0.5140221838290709,0.6282501724372974,0.7567584531781327,0.9752505062895189,1.1485838074465886,1.2359342316884872,1.5029726669895702,1.7054938700294022,1.9100439124041395,2.143491523735987,2.248061964165533,2.308836617640416,1.5184912925223437,-2.0711152919008406,0.13419491657385588,1.8557409266610232,2.280711934928615,2.194768132590023,2.0867969394346897,1.8257406912006884,1.6879856189160902,1.5684033469466674,1.3502306968516034
0,0,0,0,0,0,0,0,0,0,0,0,0,0.06589564102912782,-0.18784160051535617,0.03721548070078372,0.0897249346039052,0.2160682116018076,0.22004789158188456,0.2147855792772561,0.1459375312392336,0.09354438195080324,0.07532810572892826,0.06421258224908287,0.05820693294653907,0.09069763608671814,0.16185789292753777,0.29537759322339274,0.45738926108450373,0.6280263913965916,0.984382692186898,1.094087473997183,1.1435038150597505,1.2835146929130425,1.3776124080202243,1.4844323346536372,1.6522722751010746,1.7229354240674104,1.802471852886707,1.9170503921248618,1.995796274199865,2.046598340484713,1.473910707027945,1.2339644496510287,1.8623988810655083,2.044388494705002,1.9040248169238363,1.798347458252578,1.754423858354274,1.606705576266309
0,0,0,0,0.04669547306001474,0,0,0,0.17306418177538582,0,0,0,0,0,0,0,0,0,0,-0.6896840638260249,-0.33781630986992867,-0.24287528511236087,-0.19798370453498176,-0.11214370512940539,-0.029119365058482515,0.0032745670354832716,0.10404743387219843,0.23114740688071692,0.4261692077976378,0.5586360902036148,0.7294881927923721,0.7848493295747399,0.8280924670116945,0.8786318116974762,0.9393860414880717,1.033247775198583,1.3124373297334377,1.4103983343071909,1.4728238596067926,1.6024561696499005,1.6595236554864483,1.6953424492149922,1.735704923877301,1.3779764316450616,-0.8370680380995494,0.13506452138130973,1.731748250941081,1.6619797595199917,1.5964720731061417,1.4463496552795365
0,0,0,0,0,0,0,0,0,0,0,0,0,0,0,-3.314854261155169e+38,-0.04220103205783389,0.14464955192840057,-0.05951518927509384,0.15188680358184484,0.04382702568315003,-0.17577310052599374,-0.6154906332976318,-0.7559396458935776,-0.6504861864159124,-0.6928613090526031,-0.6269898302809228,-0.37146312928030006,-0.26829688025298704,-0.13551078507592493,0.2689541371484218,0.4452463179881979,0.6035330958811012,0.8402937997483505,0.9135249728013551,1.045611092905946,1.2224262089651197,1.2729309613736939,1.31785636824976,1.4149193730766858,1.4408834822140402,1.4648515185755286,1.5135619767873119,1.5997804017497643,1.4011762312185947,1.0286353220346123,1.607677188680121,1.4805239519011555,1.5184981151249697,1.3659022355519783
0,0,0,0,0,0,0,0,0,0,0,0,0,0,0,0,0,0,0,0,-0.3188226953878689,-0.567851684924702,-0.8960380212662802,-0.9645008015283427,-1.0087161832021676,-1.112678657857596,-1.0531904863641957,-0.7208415151943031,-0.4761876342922705,-0.20107711732727332,0.09190326006062532,0.20869929793723555,0.3631205616745471,0.6155101327253485,0.748677879021639,0.8220821099774627,0.911670740770913,1.0036355130436656,1.0523215792930878,1.1891490046791122,1.269672337798199,1.3461818444795304,1.3903059079884172,1.4866574037217224,1.524769939028478,1.3094958409430357,1.4274080429052944,1.173183965025641,1.402736377285871,1.252161503462556
0,0,0,0,0,0,0,0,0,0,0.09722000305761835,0.20450679872783384,0.24581699465552304,0.27239945627634266,0.321784768880919,0.3701605852849943,0.45829095654389934,0.3281894963518311,-0.04290825629823643,-0.37240816605470306,-0.5286617708935598,-0.5677165631214314,-0.5207577486041134,0.7061615578036297,-0.7553088845640896,-1.0871886898527239,-0.9474717865446789,-0.6637800152865272,-0.5150862089954712,-0.3198580115442043,0.023225844258839095,0.19662696726863377,0.344189896889337,0.6239043795277013,0.6741232674857663,0.7727091220713082,0.9870817353605716,1.0686827455383268,1.0840331654824893,1.1157666673252578,1.129984012560784,1.1549728179203131,1.1935816177791958,1.3188500918620665,1.3694306359034836,1.395976450110539,-1.0378516115075747,0.9570528896959469,1.345533708037584,1.1343729344637947
