jsons/1312711200.json
{"header": {"parameterUnit": "m", "parameterNumber": 3, "dx": 0.1, "dy": 0.5, "parameterNumberName": "Northward wave", "la1": 40.97354507446295, "la2": 16.46031188964855, "parameterCategory": 2, "lo2": 133.9931640625001, "nx": 191, "ny": 50, "refTime": "2011-08-05 8:00:00", "lo1": 114.97908020019554}, "data":
[rows 0 to 21 of 50, columns 50 to 99 of 191]
0,0,0,0,0,0,0,0,0,0,0,0,0,0,0,0,0,0,0,0,0,0,0,0,0,0,0,0,0,0,0,0,0,0,0,0,0,0,0,0,0,0,0,0,0,0,0,0,0,0
0,0,0,0,0,0,0,-0.09325159897876306,-0.0951221873782488,-0.10088223342247665,-0.09859322665311794,-0.09875450726853005,-0.10049848605065544,-0.09992013102944175,-0.1022187112211115,-0.10258211982312099,-0.10116393034171196,-0.1015771882902974,-0.10000670162030775,-0.09517936957623047,-0.0846124687020411,-0.05644058713302802,0.007764945878076503,0,0,0,0,0,0,0,0,0,0,0,0,0,0,0,0,0,0,0,0,0,0,0,0,0,0,0
-0.15749400237144875,-0.1445529469003038,-0.15329131572383017,-0.14181953199631173,-0.1378402232425232,-0.136467614220986,-0.12693681024523837,-0.13016529377527786,-0.13140650434980763,-0.12753866453397208,-0.12951125778577427,-0.13013429013686278,-0.12814736223607606,-0.12195857239257643,-0.11479211100003917,-0.11300159155533804,-0.08162863539470755,-0.046781848866681734,-0.0004271351116344778,0,0,0,0,0,0,0,0,0,0,0,0,0,0,0,0,0,0,0,0,0,0,0,0,0,0,0,0,0,0,0
-0.24470331378059793,-0.2463358891615725,-0.24992198820424025,-0.24251732507276302,-0.23296543747320309,-0.22858466951495568,-0.20967211929878157,-0.19764093929233317,-0.19074202948678717,-0.17642687491349318,-0.16458617967524652,-0.15058739522042772,-0.12762581476839813,-0.10287362762525155,-0.12240604062721233,-0.10260176939640801,-0.07265879560138924,0,0,0,0,0,0,0,0,1.924245095782766e+38,-0.35320980345090924,-0.37592239614689266,-0.386675202631679,-0.39669322391394435,-0.4028102366063777,-0.39339719860145356,-0.3889467832576768,-0.3712610942166507,-0.35883272336141875,-0.36194321703828325,-0.34435206915972727,-0.3541099921348063,-0.3408013262363879,-0.35201569820875267,-0.3505274649953336,-0.34030457135655584,-0.3390741545597939,-0.36626071606147226,-0.35213095343762346,-0.34658070378861433,-0.3642230029254019,-0.3464719008286557,-0.3351797669588059,-0.32497805549107084
-0.3021184375414547,-0.3192603674641984,-0.3299801623885128,-0.3578139592254866,-0.3734541608268092,-0.3828793127737864,-0.4051513250221156,-0.415747118593154,-0.41269657747193955,-0.3510256014382153,-0.3166440880379228,-0.19100219900467338,-0.1912498516117964,-0.1407247896782622,-0.18575043803739583,-0.21806164375567594,-0.38374801474901016,-0.3916791081194751,-0.3827211208054433,0.16014176797486987,-0.5564902828741344,-0.5848884753780063,-0.6164634586877884,-0.6315161408257047,-0.6100150202075266,-0.6272064589766628,-0.6216240899067088,-0.6261514837324132,-0.6202562176185761,-0.6284217375525253,-0.6125090643602512,-0.6017738690452751,-0.5855057936846048,-0.5625704863814005,-0.5610741114187638,-0.5458073522329056,-0.542062943997458,-0.528549075062479,-0.5245323318511956,-0.518452530439257,-0.5315851846278354,-0.5071488413006027,-0.518526233908987,-0.5390019123997212,-0.5379548187003902,-0.5457699548942424,-0.5839882087020584,-0.5326745071777838,-0.5154254719582686,-0.4805944415499455
-0.3193969299388681,-0.33507366451028797,-0.35018090066514024,-0.37368752345076506,-0.3988110109524775,-0.4168212037363002,-0.45249042800902145,-0.4807524648758645,-0.5009813437464823,-0.5367908640631256,-0.5597438509416218,-0.5871510623029564,-0.6246748621259873,-0.6500986232221947,-0.666970721648914,-0.6962658213682676,-0.7382421197608414,-0.7660659962804696,-0.7634334323700622,-0.8070233656241507,-0.8057123018212319,-0.823884316640192,-0.8565401418769288,-0.8536553396178661,-0.835458199138547,-0.8488499764849775,-0.8483708462539371,-0.828986812416665,-0.8406028007815043,-0.8471424206273146,-0.8062884435863834,-0.8041295877166633,-0.7942807738871412,-0.7873759866200145,-0.7837165119610274,-0.7596921478108721,-0.7344158175622273,-0.7101050811931798,-0.7054132591434703,-0.6923616721390066,-0.679372728701561,-0.6643292308208139,-0.6507149047094908,-0.6642475066425432,-0.6341344026848182,-0.6282846964285802,-0.6785463120791372,-0.5792071108655988,-0.5136664400153913,-0.3938716452917001
-0.26839160886772934,-0.28584841217701823,-0.2912900360656146,-0.3110023339355755,-0.3249807177465307,-0.34193015881322814,-0.35539764742746577,-0.37760461303512177,-0.40278281028307966,-0.4359111982712136,-0.46622619888180095,-0.4958012811521149,-0.5518095620499756,-0.5842627736897389,-0.6279507770721398,-0.6679172242277367,-0.7412490193354734,-0.7829653127564435,-0.8300306864124707,-0.9114578015221836,-0.9386235535187095,-0.988076030716497,-1.0552909881368626,-1.089571522576009,-1.0483608065351253,-1.123729678138309,-1.1228641936725188,-1.077271024366569,-1.0999051969307851,-1.0995117864168378,-1.038613283897425,-1.056599567106565,-1.0356787508350698,-1.0134863309094186,-0.9910463726760599,-0.9741052544937612,-0.9577215785363579,-0.9449190024640721,-0.9096515117949997,-0.8885972897435527,-0.885424883840554,-0.8511120568228632,-0.8275736004940916,-0.7850917290701679,-0.7433519351586887,-0.6984584255840754,-0.6565379776193276,-0.5844757139272857,-0.5895650514489493,-0.4155246876187435
-0.09727018030023701,5.637675052546461e+37,0,0,0,0,0,0,0,0,0,0,0,0,0,0,-0.45491476543717196,-0.37665921816016723,-0.3960189543373097,1.253417284352988e+38,0,0,0,-0.6659541174276852,-0.8908776705271205,-1.2507644095660808,-1.4402915015174989,-1.3985299118838717,-1.4414914727702357,-1.4273743685237883,-1.3657566438729054,-1.3971426816513821,-1.3789321763287896,-1.3124515543751494,-1.2876649326194896,-1.2937691920896983,-1.260701280539132,-1.24521358606121,-1.2325742043140904,-1.1811994901757448,-1.1683919286807478,-1.155326321077711,-1.1434471236647379,-1.0739065798478038,-1.0543263489346815,-1.0309486797704284,-0.9902812754600494,-0.958316723555373,-0.9532046829718949,-0.939463659327884
0,0,0,0,0,0,0,0,0,0,0,0,0,0,0,0,0,0,0,0,0,2.8194935587497526e+38,2.417477468281487e+38,0,0,0,-1.7168042419176202,-1.7763938131163062,-1.822589562317976,-1.8655184744604796,-1.7928861775262315,-1.8382909297772945,-1.8217169496893617,-1.7440260985309357,-1.7463060593924682,-1.7015204047689498,-1.632918403917213,-1.6566133554679214,-1.636051902829538,-1.611308270006654,-1.5798227815226473,-1.5587338783383473,-1.5180395497588466,-1.4657266313035258,-1.4189636403044499,-1.3806592096324015,-1.3385451089025193,-1.2920109940187539,-1.2588690642946787,-1.2355175717267726
0,0,0,0,0,0,0,0,0.18983780162451414,-1.1602576871130776,-1.2449828987193838,-1.3215973627299533,-1.574811280980687,-1.5993291719755096,-1.6888812173875423,-1.6953925792951337,-1.81500729822228,-1.8229691252632527,-1.8913341084104875,-1.9527265584697795,-1.9669139966157763,-1.9794049780868441,-2.052904502955189,-2.093114134975933,-2.1330305782553105,-2.230411876966493,-2.2437922472399547,-2.268262793927625,-2.3485554263818478,-2.385315320197358,-2.333141492388532,-2.3764610390500907,-2.3830852649984386,-2.335521991279264,-2.3014502031085153,-2.3295658898689466,-2.315204483535154,-2.2636553225538854,-2.259249677215449,-2.1954383042907257,-2.1488186160964386,-2.116886064005998,-2.0533221490933014,-2.001499112912366,-1.9649704801429984,-1.8922068489849122,-1.7998530411835965,-1.772599057258247,-1.7247600615587237,-1.6650774038805736
0,0,-0.9591622007382378,-1.0382343071056666,-1.0900956816046299,-1.1367077681275863,-1.4055270451696258,-1.508276218098987,-1.5524111385644142,-1.6753071022593742,-1.7562943356451461,-1.8235813854245666,-1.9470487153436602,-2.0044115434806273,-2.102203101918396,-2.144890966083201,-2.2781740842026665,-2.3451310319317864,-2.3823375693842626,-2.474348150976006,-2.5308975065248274,-2.5729656199149367,-2.685298922425082,-2.7395813527990907,-2.743333577493294,-2.83363042290139,-2.8775899235082725,-2.8701638627591564,-2.949606297915449,-2.981605730793933,-2.982727768169599,-3.058217013751796,-3.0850503680205525,-3.0450960371066613,-3.060731091102481,-3.088649540295328,-3.05148453493475,-3.0200988177386843,-3.072052491168532,-2.995827487058744,-2.9414244165750336,-2.919192289451951,-2.8336773691980746,-2.7459790624287597,-2.6472800140539543,-2.609718649184304,-2.4412914373887995,-2.3341465401594945,-2.256251270697147,-2.1028821991040694
-0.844673504583874,-0.8714237404502299,-0.9266880480157644,-1.0193026153538682,-1.079719797730135,-1.1543204579861404,-1.2647125617229946,-1.3281866875036807,-1.4085478639217097,-1.5448804291252909,-1.6331878908527306,-1.753965958814186,-1.9150553707123492,-2.017679851746917,-2.1608766939398802,-2.2623089890910206,-2.427658837702796,-2.579045393858722,-2.6983474411155957,-2.8768024192944712,-2.95369539796416,-3.046381979680119,-3.2072249233616708,-3.2763991562628507,-3.3440399555006968,-3.4947803961311386,-3.5369012730906846,-3.609994684984722,-3.728132879338942,-3.767011777669351,-3.7766442448768984,-3.902292900315354,-3.913435501340853,-3.9372100638937204,-3.9286162555102146,-4.046891276941312,-4.000521609473886,-3.9442911143904857,-3.9976774390224734,-3.8354192780299607,-3.873608564980889,-3.8286328955251574,-3.7270728302203273,-3.545814194852936,-3.5141584795847534,-3.3786312885881564,-3.176251070620959,-3.005893404235655,-2.9251259025529914,-2.6605218819202663
-0.5782547663445177,-0.608840582130623,-0.6444216129285537,-0.7435348589380116,-0.8237844859103919,-0.8972341902588743,-0.9718768159961898,-1.055484682331684,-1.1662672873837951,-1.2716678913902015,-1.3481133190383832,-1.4010878412141368,-1.5248888123624105,-1.6272564228261799,-1.8232927942854926,-1.9818398968599837,-2.2337214424914293,-2.502858322139388,-2.736454256077643,-3.014744870153212,-3.1647829720200162,-3.293610924978614,-3.5169556579949828,-3.6514332429557763,-3.788057201810414,-4.011907405572715,-4.076496963941123,-4.1817421330574325,-4.35050240894321,-4.454260940610458,-4.499343255823605,-4.653204217547507,-4.69898487067015,-4.739563529716284,-4.7695192086237785,-4.992075880528242,-4.993971447192637,-4.936957530968372,-5.139435176011017,-4.893493855370459,-4.942229665197751,-5.062690577477871,-5.025100293829981,-4.9091570785057295,-4.85664071856743,-4.729943632174077,-4.4162945399223155,-4.1676109622880455,-3.9729768191198698,-3.653300787498957
-0.23223323205424098,-0.26437332959463394,-0.264530130512168,-0.3120305247974283,-0.34345996049167743,-0.3703960991170504,-0.4144953754693779,-0.4472516750698857,-0.5312561361983947,-0.6185412233974183,-0.6798322144375383,-0.8026672922346207,-0.9273758023443364,-1.0068590155795398,-1.1895610426485101,-1.30610290381518,-1.5298233329503859,-1.825916578606743,-2.048092549422188,-2.3242582525072004,-2.605486691103883,-2.868119569827178,-3.16714534883726,-3.3954343843957577,-3.720115890036931,-4.010117986249248,-4.208034720029246,-4.423897119494659,-4.768155985589477,-4.960201671762545,-5.193262905923018,-5.529459402022862,-5.6055596563389685,-5.768851366209195,-5.810696156919043,-5.998943963814092,-6.032582743484791,-6.1945663888132385,-6.378186287259579,-6.262620900116891,-6.166177029004984,-6.4192159378299385,-6.332705993170588,-5.968138102891307,-5.9318950889574955,-5.675195569344577,-5.250533774554304,-4.959333730355306,-4.751156989396233,-4.2495043047968855
0,0,0,0,0,-0.21461009583600238,-0.2066705880331994,-0.20673471409029903,-0.20788184480534602,-0.2297086654325696,-0.2427967140924543,-0.36628272644428794,-0.4674164200080191,-0.5572144731997727,-0.7214698685853422,-0.8433815252674027,-1.0336546119815666,-1.3424521009467338,-1.51269633960277,-1.794742530663745,-2.004706540414969,-2.176036551551671,-2.4134155219063116,-2.6214681029419356,-2.9272515184482835,-3.203180401843758,-3.5447990826558744,-3.8717398611829603,-4.239268204563594,-4.41562464771139,-4.739999429036422,-5.017041669397899,-5.206016442200925,-5.441024216988432,-5.555841018134203,-5.72624436870995,-5.699720250030237,-5.739240677065495,-5.80257037544872,-5.644810141819927,-5.553314258619761,-5.8039552170540505,-5.772303414723885,-5.356249528535726,-5.464079431319883,-5.29599746752002,-4.892053004522166,-4.788144642994204,-4.595042849567213,-4.151409710752482
0,0,0,0,0,0,0,-0.18955953764803993,-0.021055087515686705,0.08547531677239767,0.15759928567173692,0.04659178539796809,-0.039911268381287404,-0.10397459154937784,-0.20619511644585947,-0.23221559771477152,-0.2616499104463038,-0.3545411344200103,-0.40479988480425094,-0.5359855693963298,-0.7594995722718723,-0.9531461704689171,-1.194343716798926,-1.3897110207297636,-1.6588399230522497,-1.8549579536306875,-2.025008110241323,-2.39794434802457,-2.7359300522665073,-3.035208180262378,-3.5668165571260855,-4.024118444172038,-4.3506890695369576,-4.907118230839988,-5.233739256027833,-5.374089387766453,-5.454604801208633,-5.415125222439127,-5.350379811015849,-5.12148794141115,-4.990161918853337,-4.934422755587763,-4.873699821444421,-4.440927088405125,-4.505029362767333,-4.360645945249603,-4.064584272226431,-4.061602491092756,-4.001161381830258,-3.723156667782919
0,0,0,0,0,0,0,0,0,0,0,0.4263616602039382,0.22065590293733722,0.08163695431967116,0.07154422187426876,0.08530470934663974,0.08384206778806234,0.02881076192876255,-0.017683563051532868,-0.0488640620242079,-0.08449634724192058,-0.1405470557536982,-0.27852254279203703,-0.4341296894393711,-0.7347382607455721,-0.9241663347703116,-1.074409797155584,-1.3761465182321926,-1.5857552225848246,-1.8429401821585456,-2.3142452461037117,-2.988259579508401,-3.360179923980434,-4.194043150621688,-4.607013628866768,-4.994253838949539,-5.2011146154095576,-5.191484916586863,-5.191177783827912,-4.915143085094553,-4.723404050139889,-4.663394715460423,-4.318309402360404,-3.9012580929679666,-3.6532480001974124,-3.5451930453928373,-3.1349829946817844,-3.08989930888414,-2.961880846906865,-2.692524884215171
0,0,0,0,0,0,0,0,0,0,0,0,0,-0.01874586306716389,-0.3937247290694868,0.0921699768982415,0.20804842798718134,0.32798514424809394,0.3684459758535958,0.3907625421547743,0.3380696151024998,0.2710116273815596,0.1971250324849938,0.06709319563950832,-0.27703620936177464,-0.4647101403574184,-0.6099223899237446,-0.8641274635383113,-1.0350504957100022,-1.1610443077866293,-1.2072787707988493,-1.6010211456849317,-1.9143262641782417,-2.8941593469531717,-3.3873363245626127,-3.838861307338587,-4.612141486041213,-4.824479821407884,-4.933146305556031,-4.588756915528186,-4.321864891887472,-4.144839620933739,-3.938484452974478,-3.402477956262007,-3.405405240549864,-3.295543263230892,-2.9282597291487176,-2.8588603526653387,-2.8147246657560343,-2.544134184348159
0,0,0,0,0.11355267575157577,0,0,0,0.26899928173294224,0,0,0,0,0,0,0,0,0,0,-1.0219574847918511,-0.23193006228472646,-0.21348775905307346,-0.2689975109902568,-0.4578186348205401,-0.6897656392105469,-0.9195055794186351,-0.9828421850175068,-1.0675290805153155,-1.1247539771210113,-1.1448824691872246,-1.2215061762499018,-1.4675612637984377,-1.7099365916502063,-2.1402480870770164,-2.354504688366263,-2.721814048078031,-3.2192568202984893,-3.6635793484096717,-3.5741705167268143,-4.541379149198914,-3.9505688235295513,-3.1678923146019393,-2.5982983049311605,-1.9984300687991756,-1.9112051687614775,-1.937328914091273,-1.8783089499308276,-1.860005082618868,-1.8156537589187498,-1.854189485539777
0,0,0,0,0,0,0,0,0,0,0,0,0,0,0,-2.381580236677898e+38,0.16175847993772877,0.22876274770127505,-0.5768792563227846,-0.37333710115636076,0.20494370894557332,-0.13594594976779056,-0.8366051480424369,-1.0867377405996255,-0.8352746378102245,-0.9628099390721644,-1.0111005468757708,-1.1126850805154826,-1.2503974938693807,-1.2177952345290626,-0.9813767984659206,-1.0303850382484503,-1.0041915823694985,-1.1398838650909409,-1.3836486007314874,-1.1488695740180774,-1.089342890731146,-1.6878955690593558,-1.9737691214031252,-2.80874650135964,-3.004610681246843,-2.652271656201678,-0.6486064973909895,-0.06043688360797297,-0.29690959822857454,-0.5175221652827181,-0.6521966769903847,-0.6497056002367426,-0.6183508275376918,-0.7809450345812938
0,0,0,0,0,0,0,0,0,0,0,0,0,0,0,0,0,0,0,0,0.19793670007809275,0.008547925824165503,-0.4397004638684524,-0.9770276299408668,-1.6511533947148833,-2.143827298932177,-2.297960130763091,-2.2058448212640482,-2.108892690850033,-1.6610090795758683,-1.1938758085424328,-1.101912804539292,-0.8309865309729849,-0.2185782161549627,0.13168153870670707,0.3254900331117721,0.5747810423251045,0.7670777016213771,0.9187156440412719,1.2954350299567166,1.4880177719220946,1.7188598487372369,0.468868790532387,-2.148969467032832,-1.4938179225876451,-1.0254399368966016,-0.7447549969656265,-0.5442425021631407,0.10314160326625856,-0.3291134959945043
0,0,0,0,0,0,0,0,0,0,0.33167270642336444,0.48297673704959937,0.5723876222035921,0.5925998347724756,0.6358037667839891,0.6822242693591631,0.7593036374215374,0.8000613736247456,0.8137637218188186,0.8647441845735373,0.5874559389475983,0.502092714580885,0.5905634927696917,1.258321342810691,-1.0300806690399065,-1.2735880151154748,-1.2181530306008241,-1.2044161030643021,-1.1601866244264765,-1.0456259633523077,-0.7368593738391487,-0.464162010768445,-0.17123413670937812,0.12593984150751095,0.18959373753572042,0.38490108062340894,0.8902727095380767,1.153067024111797,1.2597898276989359,1.4305851642536156,1.5203781377573926,1.6222836111179662,1.8737104154318125,2.004030128287446,-0.4925267983759731,2.453902403439918,1.7634783542914985,1.441596923174645,1.0782412258731224,0.5801571022862879
