jsons/1312779600.json
{"header": {"parameterUnit": "m", "parameterNumber": 2, "dx": 0.1, "dy": 0.5, "parameterNumberName": "Eastward wave", "la1": 40.97354507446295, "la2": 16.46031188964855, "parameterCategory": 2, "lo2": 133.9931640625001, "nx": 191, "ny": 50, "refTime": "2011-08-05 8:00:00", "lo1": 114.97908020019554}, "data":
[rows 22 to 43 of 50, columns 98 to 146 of 191]
0.9671590228712641,0.692044238202044,0.6785122813653175,0.815169521214214,0.9986769780460387,1.0389964448085478,1.0698367124207262,1.1215538394825386,1.1468864741605755,1.1847991388024879,1.2049064485085261,1.2053142205824685,1.2143153871751964,1.2113582837230752,1.2320912584995392,1.250921038516682,1.2549854841123436,1.2671496463944207,1.2772687550734911,1.277762098431484,1.294802500881586,1.2969533370241157,1.304393185306149,1.3311112007506662,1.3343199683476494,1.3434463148510016,1.341302594048345,1.3370296538318638,1.3411480403183194,1.3476545053581839,1.3373611228634241,1.3562740873194246,1.358561800607469,1.338312861113542,1.3295088738774477,1.32361708106005,1.3229962136854965,1.33302313821148,1.318653271216095,1.287472963429902,1.2754828521744614,1.270689881268662,1.2429560645390543,1.238906460588728,1.2317055999152509,1.2056703174745482,1.19291437294304,1.195868712682153,1.2053304844813886
0.3745598583521922,0.4216531061012441,0.414363912600588,0.5243487132390939,0.8037394390195022,0.8522157705033507,0.9161719763742742,0.9718435469878414,1.0212446188440014,1.0484102684326408,1.0909893987242396,1.1052765126367172,1.1239683255301987,1.1452927899337526,1.1631855997807912,1.1873513713400905,1.1987520975738477,1.2230539864171155,1.2226426408239977,1.2246565963686726,1.2482468702296097,1.258491315632654,1.2650073451123691,1.2819818935399514,1.2539833769817694,1.2634438138082105,1.2823563069630124,1.2846783151240326,1.3015842871382464,1.3067321323049406,1.2954796736165746,1.304941275572775,1.3064519438980817,1.2922606679189583,1.3003983243803097,1.2954477789961594,1.2494613148336882,1.2799230699063353,1.264388515250225,1.2008252746416663,1.1818501826609134,1.171624520720351,1.1186776526064985,1.0960593850585054,1.091491424674657,1.0817492357465408,1.054416765260734,1.0380997820654874,1.0277045695420528
-1.0074589045686915,0.6835804765475944,0.5808924465835765,0.31816057531830344,0.4800657896837578,0.5296909406734703,0.6275558349354501,0.7501203933122268,0.8176234656243365,0.8570609260740683,0.9507355668520362,0.977488494585013,1.0086405299729881,1.0100003689054255,1.0331227206303577,1.0520883073893685,1.0719036565031557,1.0889513877962884,1.11753841562944,1.123356191443551,1.1316421953899594,1.1286068315780948,1.1341016090816403,1.1519808933387041,1.1606929584559489,1.1765977487701265,1.1821890127051589,1.1998442498714983,1.220883339104263,1.2144307012016282,1.194877852012548,1.185219255447057,1.1957198654929164,1.1697351273001062,1.1767000914010317,1.1605926743139587,1.1043941075691237,1.070894453655917,1.0516827485915763,0.9659313061482969,0.9319505302526869,0.8951371281356674,0.8116880993384519,0.7689516089951467,0.7481316979549758,0.7050925940471416,0.7301360149659981,0.7157929064621613,0.7308646321762173
0.9342922678812973,0.8241933468251248,0.3814764099129859,0.2952156139252847,0.275023191901792,0.3146539348385658,0.3821704371574601,0.4761008042765242,0.5632498461498237,0.6014771565750249,0.7503163710215868,0.7859812845099382,0.7821227359483358,0.8396670777682341,0.8745485441336036,0.9433112454130648,0.9425758862378555,0.9596768020971028,0.9656857450371745,0.9690832463831196,0.9993809994850386,1.0135701732124731,1.0395595330613774,1.0205938973591921,1.0286332283520176,1.0467296016956116,1.0369434128151636,1.0363801024085861,1.0187101930947613,1.0095700413641593,0.963571552469516,0.9660804312225802,0.9731040942340248,0.9228839401646732,0.9359091562339136,0.9239011312883831,0.9468659554446455,0.9361239759972274,0.890783905970513,0.794774522421208,0.7561261769247622,0.7159015054150406,0.5121707682720158,0.9663707875374871,-0.32588075309902864,-0.947842540172128,-0.7034824762026811,-0.7476285451977465,-0.7407730529608827
-1.1353876680609423,0.6034689426818175,0.6532728737981577,0.12224478661528644,0.15607956106446358,0.19566864209882387,0.22552601225900434,0.22593941518968602,0.2692683767988094,0.3031519930491267,0.42843794333205615,0.47741145023111264,0.5512462980428899,0.5873515163691924,0.6735141891206325,0.712297128673041,0.745092573967393,0.7828115157388423,0.8043946701549582,0.8326440202789988,0.9248262962579774,0.9286419259733937,0.9580955382284998,0.9686860269952545,0.9570135864337898,0.9599388235225066,0.8976589109558747,0.8954131334987047,0.8987634671725374,0.9058088804231386,0.8835436875737142,0.8714554838075745,0.8622311205780285,0.8063018327112328,0.7806753759831907,0.7573606253660911,0.6686953109217793,0.6082098906562345,0.5483040104383821,0.4629308455688259,0.6766551022449862,0.678287649687566,0.8624286170577348,0.6495744949790073,0.5990310555412229,0.7136099142381237,0.7737884676399853,0.7343532554351544,0.8483649870166161
-0.8070780354064818,-0.021437225553973507,-0.8293941979373226,1.0521874137093317,0.5281549465532301,0.2611928877333998,0.14815127202122383,0.19840259543193065,0.22355790274515064,0.2618682261251292,0.3315554989592315,0.36234320260477215,0.43354797538066775,0.48887281308942754,0.5726790697131304,0.5935676181437578,0.6207231041821457,0.7032112163535923,0.704055938348231,0.7325866926165046,0.7337457229061078,0.7254267371360835,0.7373584931086568,0.7484954599106175,0.7287057361742314,0.7035954755201024,0.7495423192757708,0.7055369717690548,0.6865410491497033,0.6935073680258742,0.6898464973027786,0.6937306660150842,0.7301007414983546,0.7001976847263973,0.6970759957965807,0.69280867740502,0.6467702357134051,0.661477423047843,0.6547178238896271,0.6637429076047291,0.6664666164752956,0.6647561474887377,0.6432505095326524,0.6326347233038784,0.6414135722278754,0.6930083551528339,0.7131661741275569,0.7438745695952207,0.7484817822624976
-0.18468324614234388,-1.1211779644733837,-0.858888352385268,-0.15934861339428338,0.49937027685368474,0.29756351848378915,0.2548302051678763,0.1941225587362886,0.24169124897284494,0.25169162734176176,0.2731227514819122,0.3443393663769951,0.3800052166420869,0.44674017779785996,0.5119675444277834,0.5267669736344955,0.561626653901568,0.5841845873391746,0.6079996699364558,0.602805081684537,0.5919808372941288,0.5608429616861162,0.5334581128081385,0.4879957844793959,0.4538821141056155,0.4257140891985561,0.4012060331419307,0.39364248089992687,0.3680580100473837,0.2832901046878616,0.2434085855090978,1.0284058074286568,-0.31130974657785315,-1.2002873868413784,0.4626062337722878,0.9002516859157323,1.0069999896838369,0.5350192431789199,0.3937931579566405,0.34453805517854375,0.31285175167044066,0.35527776992582305,0.39309658585232826,0.41040661574331905,0.4231796205440165,0.45502736494506,0.4477416731052824,0.42682762843317384,0.4134485721070895
-0.32031834520781743,1.1026351284603308,1.1135101746158724,1.0354952133835502,0.7883403939378755,0.38830474495413886,0.2584079732097189,0.07289292290696836,0.12845487410308745,0.16942304669559094,0.25448986313629796,0.27651718188071345,0.30589445184720687,0.3310643198889047,0.3730851933319079,0.4169611870620969,0.43790317233858034,0.46472780650868173,0.46631718814527945,0.44084477184273513,0.43213513035600665,0.424429529682107,0.4122825971418138,0.39549000015188884,0.33477662159614635,0.27514140112886426,0.44363427846439796,1.100315782490833,-0.5597740143279232,-0.45318239728699805,-0.9469587081705584,0.24148669556169736,0.5934686275310986,0.7633951244248466,0.823349479655083,0.8612275633864036,0.9063913504998937,0.9567103557666079,1.0132337489772778,1.0287268636360984,1.0623642153831385,1.0959254309760997,0.8634092004393662,0.6844678501310314,0.6586104158157169,0.5563145954527942,0.4564906947233651,0.4602581179916574,0.43124739931338457
-0.6694201255191954,0.3376331747955195,-0.8793780042275532,0.07498444813476045,0.6752959145070512,0.3270511178870383,-1.1221172901100906,0.40052262909161634,0.33296166128329097,0.13365134930332423,0.20650096565459913,0.21788981557862577,0.22208265846990594,0.23888417888746716,0.2803649279008475,0.31164434934965923,0.34006228090527885,0.3846148912234792,0.39578957261978537,0.40210850341268767,0.38772292311531636,0.38526507478509087,0.3788409192770826,0.39614404552878657,0.378956003109256,0.38075262949922944,0.3487309161516421,0.33606644442064937,0.4143868664359558,0.437948456042194,0.6005562623083665,0.7328936701487542,0.8690175621333185,1.009105089335202,0.9747555549798506,0.9722731716917985,0.9869968436064953,0.967618367410243,0.9762630137414818,0.9593757127505521,0.9655541288039181,0.9605964767428221,0.9593287048839031,0.9308702806662774,0.9319164289917454,0.8732047108596381,0.8615497077726932,0.8560063763881879,0.7983981796893745
-0.17298222581675066,-0.15328649814758188,-0.15804271660269872,-0.15970543017778732,-0.1905042291248713,-0.2857151810808421,-0.43671849165897875,0.05925730979490844,0.9226906211483695,0.5515832537551001,0.10780564464400517,0.11764043177702524,0.13180564796543273,0.14172035380070325,0.21547899771325738,0.22426598804806036,0.22409385659771283,0.26924375061661204,0.2551172694527477,0.24402295010065297,0.26468566400311044,0.2738606379320611,0.2676099571373443,0.27079977253866494,0.28741959325245103,0.31302800618028653,0.29130359829769625,0.28964121349067495,0.2805321639697344,0.27101941493142634,0.2552466220633632,0.23687325961188874,0.24064527903476668,0.42655170014186666,0.4568484338777056,0.2925095741977495,0.3444222532926583,0.4060310494921734,0.40655401656963985,0.48374888378010006,0.49802728725696177,0.46071649584466084,0.5722986107639868,0.5708195035062733,0.5931494749800934,0.6539680797558897,0.6479877246901279,0.6949598906451772,0.6903120600116429
-0.3309952477284423,-0.22465094500002009,-0.18715595181714378,-0.20030376240356607,-0.6177111214975596,-0.853780352107431,-1.0015153743469714,-0.5594601769364139,-0.27048396272111813,-0.09526289022938944,-0.839701822009439,0.04729411832669458,1.0637323134137775,0.26989304975567346,0.07052936790899215,0.09164968172233155,0.09348681793578069,0.09366665573716225,0.08729654981656003,0.10831127957510794,0.16050234149821258,0.17711949394523438,0.1785756653132197,0.16220779132129381,0.1640266725919033,0.1728652058948095,0.1642856006311233,0.15951355254390331,0.13907747737255274,0.1976492995501641,0.5098220546110763,0.8766134137044979,1.3036977769372244,-1.285262960844209,-0.6742005937826078,-0.3892511680885156,-0.943820476945551,-0.592587205145845,0.4585231159077326,-0.5379726823290091,-0.15992805222060644,0.3153140019126541,0.9019546406127602,1.20133737425141,1.0375216292131706,0.6761531001550616,0.5680501287276596,0.3481445919420094,0.19857323285168774
-0.5238378586622506,-0.3060701559330007,-0.2585199567244686,-0.3722679277403334,0.41963176164344257,1.0645583237631269,0.4859752612404866,0.644758469382921,1.136461161344989,-0.6956890529492469,-0.9123406502129224,-1.1455845030223104,-0.7521278136217407,-0.6612327541380407,-0.6865342792078081,-0.9809785361731923,-1.1790240276399946,1.0849083509590458,1.028954831967771,0.9097734835212262,0.5453444281200157,0.2783255881056871,0.2834590169770514,0.3092788189968472,0.30554758360980966,0.20910765926862113,0.34031982169215125,0.7105972435245164,0.022876060209793457,-0.1700575376527403,-0.8722851358294986,-0.15495686153951344,-0.2765090637498716,-0.146790124446966,-0.15134147912073606,-0.157432872029736,-0.14840917500261225,-0.15263898489114586,-0.16901226838872824,-0.17600526386871643,-0.15201393586331485,-0.1451123623584082,-0.4716236392143828,-0.8766100935647438,-0.7360947916881334,-1.3899848918282125,0.7080964455709754,1.1809181816135308,0.4546949115010298
-0.8610922027307183,-0.723112313406197,-0.6591245575915181,-0.5655571900169689,-0.4170573547782634,-0.3229050109968792,-0.2856422267321083,-0.21567171410967695,-0.17775539817953057,-0.18895449299780154,-0.22362366561211144,-0.24128453339038006,-0.2357350517612205,-0.21494790114188336,-0.2376324826230475,-0.2393013823484362,-0.25211456860824993,-0.22687084398233054,-0.20365155588554357,-0.2026889202593565,-0.15952605196095285,-0.2984333130220979,-0.2906057538683944,-0.49785168188293055,-0.6138233755356137,-0.7552020174762619,-0.5285890729132966,-0.5742815134600987,-0.5210948558313736,-0.20455121598417095,-0.07560500012228265,-0.0899675619385942,-0.09832777311115305,-0.12041648279079988,-0.1274473190084978,-0.14132857443388158,-0.15000826781984455,-0.15927781502208874,-0.18721846028391448,-0.1979370665449244,-0.19260927527717167,-0.1869046425181081,-0.20104034052174874,-0.19857884614830013,-0.19540654030825463,-0.17856089217085916,-0.24913112048472935,-0.23791022191445285,-0.503774611475044
-1.0329038658773784,-0.9579108083014538,-0.9072465415955863,-0.8450177585331985,-0.7177237197112142,-0.6752944515478316,-0.604934631985528,-0.4839017845175799,-0.4435069748725832,-0.3941234751306325,-0.36136405654668463,-0.3675206735400067,-0.37155707457882864,-0.36929193826021006,-0.38664280260428335,-0.37839100388418423,-0.37394975362793487,-0.3328459039056329,-0.2829982365304821,-0.265918311630235,-0.33352518669755804,-0.3006037644756325,-0.2793024578416095,-0.25962891238150004,-0.23449805714215724,-0.24264510368540268,-0.23078370059076342,-0.219632607265076,-0.177752634263644,-0.15161967250192993,-0.12958918137360723,-0.13160512653906065,-0.1504821439493556,-0.17953079862141835,-0.1760855211576274,-0.17752359938559595,-0.18240008547042508,-0.18822699130198683,-0.193092163145535,-0.20476228418618708,-0.21267157701808603,-0.20915617065732137,-0.16326941463874944,-0.15592482605618516,-0.17996741430238253,-0.19219356049842404,-0.19115575926707018,-0.19358675934577552,-0.19064559773409132
-1.0959716184664747,-1.0786132360491199,-1.060435833374228,-1.0260151556641892,-0.9693653933541557,-0.9055210009001771,-0.8560747959838374,-0.763422608531294,-0.7345455449380555,-0.6765106551390668,-0.6415192381013683,-0.6099800445374574,-0.5738007259139746,-0.5645000966003144,-0.555503304549453,-0.5738430839559223,-0.5275179912740143,-0.4712274221130435,-0.4659066303278994,-0.45909305678312956,-0.45520308238174145,-0.4463373606926156,-0.4453050755587592,-0.42996652299319205,-0.4059731204985592,-0.3836705865929741,-0.3510037777297983,-0.30902875259536394,-0.2974203467619539,-0.28741442432137504,-0.2649340015895353,-0.2639115783370586,-0.26407608739696103,-0.255818353774176,-0.24721208100541672,-0.2452631564829389,-0.23689416711800118,-0.2347924543306362,-0.2315609306785836,-0.23270599417539267,-0.23246723984849116,-0.23467032274845892,-0.23835845808311634,-0.24351655466020958,-0.24489920430191678,-0.2597272390803917,-0.267530561915907,-0.25635975784118553,-0.2422486700242333
-1.1087345727339262,-1.1125419122893248,-1.089620107551854,-1.0730211753996126,-1.0424709517096074,-1.0193458911651982,-0.9931052325929148,-0.9016578433135916,-0.877236093077469,-0.7879458636005644,-0.7117320409245668,-0.7105003180417968,-0.6833815990407811,-0.6579852099304706,-0.6120207712800544,-0.6111193566717938,-0.5987382784502373,-0.5915475507650259,-0.5915952463711643,-0.6072669087432854,-0.5905028851860336,-0.5603043990411382,-0.5415489222582165,-0.48440403869474724,-0.46850543165503805,-0.46257027433010567,-0.4529918371895118,-0.42386772040513665,-0.39080010299211465,-0.375266547875813,-0.33849262113182405,-0.3331444199155998,-0.33026357755138447,-0.3185208855763141,-0.293282161389554,-0.2730622328942856,-0.2709666519155522,-0.26707850835706526,-0.26826809519325256,-0.27961690005397516,-0.28908916301919,-0.3002725834419242,-0.30572444583626934,-0.3078470130417873,-0.3107215112493628,-0.30686252707784156,-0.30066124261521543,-0.29586908717954136,-0.29422041726621184
-1.1329603106542425,-1.1174623442245848,-1.115178950049635,-1.1115263187443523,-1.0691190383600582,-1.0634314534648295,-1.0524286509683098,-1.0151255737484175,-0.9629392291980929,-0.9328657937507856,-0.8904746043321283,-0.8803715728513215,-0.8510404876211543,-0.8215509953760021,-0.8021753120061781,-0.7528509340789664,-0.7185440233060592,-0.6505150674301798,-0.6168369841278715,-0.6333036570407699,-0.6496738702530475,-0.6491338641838098,-0.6436315889616262,-0.5969566111777257,-0.5685499575375494,-0.5681422336533795,-0.4996629873814193,-0.47006048301778613,-0.44080785529306765,-0.4331788142446862,-0.43805012065051924,-0.4342207313728365,-0.44363999923556063,-0.4121242984389333,-0.3846399592301235,-0.3688386562102202,-0.35623051637109604,-0.3446373625791149,-0.3420653387962363,-0.34191908116306774,-0.3397738385554489,-0.3338303118725644,-0.3237568427713331,-0.33773679064536777,-0.3489716534394326,-0.3555497339111782,-0.3586974844715169,-0.35890165345050146,-0.360848329987372
-1.1597542684207538,-1.1383250061992998,-1.1294398284163951,-1.1325467315602828,-1.113701440050173,-1.1075434563918094,-1.0929740013617975,-1.0558104185994548,-1.0453446290985655,-1.0007064513663044,-0.9406179413011502,-0.9083538765961608,-0.8929023187140535,-0.8640101408907034,-0.8046406006781263,-0.7679908635821961,-0.7403278127310827,-0.7309702686234765,-0.7254794518226814,-0.7091946052487236,-0.6710161945458375,-0.646594048391224,-0.6146726664203984,-0.5230250853645853,-0.507816804153373,-0.5162355804545007,-0.5035573237664608,-0.4916209219247645,-0.4863565897518608,-0.482105998016599,-0.4719348700782284,-0.46034933329796973,-0.4523975545811679,-0.44630214972453064,-0.43780431602351033,-0.4238556342129054,-0.40404321377374885,-0.40123283472257126,-0.3973733326175716,-0.3880293646685847,-0.3867998841852398,-0.38955900255296444,-0.3913511729303282,-0.39405535758023497,-0.39333737592534285,-0.3938762666198846,-0.389738525739345,-0.39310216111735996,-0.40613460191350875
-1.1989139521613403,-1.1534479133426985,-1.147806312471046,-1.1306554831234987,-1.1058645510738434,-1.092384764050379,-1.0948143147325402,-1.0716074182636517,-1.0500520609972082,-1.0082632583628586,-0.9736665362652956,-0.9198136708088797,-0.87502725858999,-0.8357735104524817,-0.8131417167002252,-0.7838565379050383,-0.76269690029086,-0.7438901849927442,-0.7179297729747802,-0.6916045714409209,-0.6646155403813488,-0.649145003803382,-0.6159354911125933,-0.5902088771372814,-0.5732536662746863,-0.5592081489209518,-0.5163902796376901,-0.5069721720630521,-0.5066115177122744,-0.4997409018514608,-0.4874802557259739,-0.48345712316252126,-0.4821852909944314,-0.4646733525837019,-0.4561115910139219,-0.45314459062767865,-0.44905736539958,-0.44078466095252844,-0.43526928267050075,-0.43651240892160786,-0.44467035933149457,-0.45127080834120775,-0.4507677965858213,-0.4543691805041768,-0.4547848126548998,-0.4771788648602198,-0.48012730494140826,-0.4778919596007714,-0.47571642075736387
-1.237394737994166,-1.186268541959507,-1.1554413729413349,-1.1573061032019838,-1.1332652931805345,-1.1064261603493954,-1.0891515494635025,-1.038110970948026,-1.006486083719461,-1.0043589068585135,-0.9498421495906961,-0.9062555767908903,-0.8894005944665592,-0.8744330170007196,-0.812345389655664,-0.7944969432884768,-0.780102628208677,-0.7327594628501288,-0.7024837235939639,-0.6874284830417701,-0.6503838314595067,-0.6226604442094672,-0.6011504043034005,-0.5939233343771224,-0.5759984822327909,-0.5569810689218553,-0.5388576974374393,-0.5436919113621265,-0.5439636647107633,-0.548086676541974,-0.5572696397721721,-0.5395700067938684,-0.5181120013843908,-0.4997895952536553,-0.5026666505875976,-0.50849786439211,-0.5034919048088972,-0.4936231477027717,-0.4999689738722068,-0.5274380399105623,-0.5348578278262693,-0.5424494909106636,-0.5544364627766065,-0.5630873718667087,-0.5701309265128583,-0.597576439230935,-0.6246643400603372,-0.6499094688076886,-0.6808710421508963
-1.241777867940003,-1.215684734804709,-1.2100335009479057,-1.1829220203491388,-1.154243495003201,-1.1342252691023578,-1.109958874645065,-1.0779510718736989,-1.0738638486323713,-1.0650151251266207,-1.084299931741894,-1.0340886337770197,-0.9790235137092309,-0.9419336914260361,-0.8803130896968521,-0.8452844903634048,-0.790941920037557,-0.7534211529875863,-0.7487133741913355,-0.7287535282773728,-0.7153492166330057,-0.7071659417042963,-0.6931972335792449,-0.6880201373038547,-0.6925982894056278,-0.6913883715470879,-0.6937499020912117,-0.6932974322544326,-0.6879359854189826,-0.6759856146165587,-0.6877230511620799,-0.6955469879177121,-0.6788519920589502,-0.6530598677806962,-0.6393738429497893,-0.6344358323170388,-0.6401102058941202,-0.626283388878619,-0.6184559696636446,-0.6438594170654881,-0.667803617291389,-0.675722171070854,-0.6996582011468545,-0.7228467313730645,1.79464934923226e+38,0,0,0,0
-1.2545329397765776,-1.2336027614096279,-1.2270018204666284,-1.2097733559249682,-1.1663790776250162,-1.1469683602200362,-1.1449824445859615,-1.1237141460951021,-1.1239472874480663,-1.1201852273183348,-1.064038676029766,-1.0532882804644625,-1.0226206646985452,-0.9995074658015749,-0.9538393906269833,-0.9454542770855946,-0.9063324098091377,-0.8578812873403191,-0.8319928169680673,-0.8151818375930427,-0.7618366673586721,-0.7500682704773477,-0.7630603466079713,-0.7906060085942338,-0.7947349150323868,-0.7917105967302847,-0.7922188623646953,-0.8120908353691224,-0.8088147141916604,-0.8093977119539457,-0.8076325950627906,-0.7983815676353185,-0.7908143350122159,-0.809759364030687,-0.8052883815755377,-0.8107664237047553,-0.8454362577916551,-0.8570893522860453,-0.8547762260460376,-1.436348219898414,0,0,0,0,0,0,0,0,0
