jsons/1312668000.json
{"header": {"parameterUnit": "m", "parameterNumber": 3, "dx": 0.1, "dy": 0.5, "parameterNumberName": "Northward wave", "la1": 40.97354507446295, "la2": 16.46031188964855, "parameterCategory": 2, "lo2": 133.9931640625001, "nx": 191, "ny": 50, "refTime": "2011-08-05 8:00:00", "lo1": 114.97908020019554}, "data":
[rows 22 to 43 of 50, columns 50 to 99 of 191]
0,0,0,0,0,0,0,0,0,0,0,0,0,0,0,0,0,0,0.38954776201808194,0.2139838191442118,0.976926659094416,0.2659281988715313,0.47466449466303084,0.6557625846900911,-2.6000424270513665,-2.0086890170871543,-1.956094946982953,-1.6863800269649372,-1.7559216485309161,-1.736068070688533,-1.6574699099245467,-1.6528296399448403,-1.6792282919309152,-1.7953332269370448,-1.9807669931567398,-2.4695097198235176,-2.870227426758137,-3.2349881738576816,-3.4185346599831754,-3.3430649328589093,-3.4743538950842994,-3.798490523530814,-4.093037899607142,-5.222282347891161,-5.473501951509546,-5.674012286500238,-5.328428902850303,-5.000595097333292,-4.876233540963597,-4.242476118017258
0,0,0,0,0,0,0,0,0,0,0,0,0,0,0,0.09521423439327993,0,0,0,0,-0.3296554426305101,-0.4462694076731438,-0.9823992730433484,-1.0838278645215853,-1.3301657151695256,-1.3771587736971729,-1.261684279708026,-1.029232135840727,-0.9313468141762935,-0.8383246623982399,-0.7971155811072654,-0.7832733906108034,-0.7050868222323046,-0.40712559731431025,-0.20775329354439165,0.17986625752711044,0.5355731877520169,0.6079532308662754,0.6643683352611025,0.8497443547925974,0.9860845529057263,0.9150577876566633,1.2467009671538445,1.2431619354165457,1.0982997125937661,-0.6160157494648436,4.6715730248793825,-0.1900150800238297,-0.02904965944641409,-0.28994040795850257
0,0,0,0,0,0,0,0,0,0,0,0,0,0,0,0,0,0,0.12458170077374923,0.21239224199786236,-0.29660427790625743,-0.411051605323688,-0.49822420158606096,-0.3131282550324887,-0.0900095798941917,0.0017880933796164398,0.13697489355180015,0.41031949434274767,0.5611345588881206,0.6577805749609064,0.9962122173292981,1.2051205621712489,1.3027909976666932,1.4931268558383741,1.5475908666953762,1.6724037992158565,1.983965672879241,2.263582632775818,2.457290916846915,3.3529197001753026,3.612633482839572,3.9100123396375963,4.225960183925005,4.828491887509239,4.786342207353452,4.586080293426839,-2.5501084567140238,5.036378748632721,2.508069130030942,4.670429197358095
0,0,0,0,0,0,0,0,0,0,0,0,0,0,0,-8.1454825486999445e+37,0.18640603516096405,-0.6130511796679196,-0.5095117766195765,-0.3905472810797278,-0.0776673713846784,0.03683693117715779,0.12797748368615852,0.2229784678424563,0.49926727372743257,0.7464421490451939,0.9766959851420989,1.314760413262437,1.4752084677021577,1.6386556750406742,1.9647396804666295,2.1490230385058293,2.2876567480380743,2.502785749710086,2.7291638060523016,2.921732097860594,3.3840033253519284,3.580571845498138,3.8523119939818713,4.192321451962353,4.32023990078523,4.462223851271716,4.634620353553863,4.874005547302754,4.9341992856286065,5.0258040915226525,4.652993031926858,0.34060595635533497,2.1643243310170432,2.2036875935584543
0,0,0,0,0,0,0,0,-0.17472084757537135,-0.5330182456078402,-0.3575579908906475,0.7027052290432715,0.9475774888646786,0.9890003620486754,0.7311690846577019,0.613346174324603,0.5626068646717572,0.350574627187768,0.31238118312544777,0.30041467552739864,0.3736375266726949,0.5536223535469997,0.770355692402827,0.9480341637742801,1.1434935002380602,1.295902375811546,1.429845477842397,1.5525721566348791,1.729760673173783,1.847146126701964,2.050673963951213,2.2651537914712225,2.3993306581265164,2.681688062454822,2.8500941198020993,3.0613117813174133,3.446745321128259,3.5846738342605557,3.796352402965908,4.005259158254119,4.131115753014117,4.193457155249798,4.28683923544941,4.485724436374651,4.478068841936005,4.5620676626691035,4.4766932028058,4.394641771838559,3.608064558464527,1.414524059157034
0,0,0,0,0,0,0,-0.8583203173173837,-0.6321121095646134,-0.6500366873297213,-0.5689423529845216,-0.4460896122245591,-0.47390508081978844,-0.4483834404900049,-0.40516578797940533,-0.37975517140042114,-0.4034516043424038,-0.1953451199260862,-0.04617623593212408,0.2376792572779792,0.5292711522308305,0.5674619974524244,0.7182827953562033,0.7937223638120916,1.0158963226267326,1.1609478840756426,1.26983018998241,1.5433775993471914,1.6918107966172793,1.8481297153795029,2.1128667458398604,2.254734037925602,2.3778159323111585,2.649238892723869,2.8000589797937336,2.932532196264565,3.09565354790081,3.23117943923295,3.3587931469966485,3.557215197603827,3.6570509001968245,3.7491183535429884,3.8403155476854973,4.0111739080663975,4.057237077026813,4.109040618691823,4.220381644935652,4.240455713836677,4.2766604409508995,4.29880201103891
0,0,0.18875162132168846,-1.2142614699659666,-1.3610481131993817,-1.2865178626901888,-1.354188446798893,-1.262259396507069,-1.0336728748371975,-1.0310958898484077,-0.9780822836009879,-0.8161509101922112,-0.8037346929229661,-0.7431625537643866,-0.6318966300223661,-0.5294536515991511,-0.3852044039635218,-0.08402072119630942,-0.012246964142322082,0.09502563319859661,0.2929415747950254,0.3936408058137964,0.4877836799249989,0.5847081042991542,0.772674977072626,0.9052056170006536,0.9361658765390931,1.1101689744536827,1.3423428890592444,1.4704794679143152,1.6988994771009769,1.8400813376258922,1.9235872303520347,2.1394070967136467,2.270539003446613,2.3524113727044758,2.6493731177687474,2.8378709725778575,2.902112959454379,3.040370782889345,3.184499542637717,3.2602468379090155,3.381049591792205,3.539805291197004,3.586801958478478,3.658396815567736,3.729723871071906,3.7542222647422583,3.762214406346648,3.8477140108313512
-1.287711314767187,-1.3575736997100891,-1.4440536150139154,-1.5295556740444578,-1.3140183598935278,-1.3177844145333057,-1.3685455479672723,-1.3308136908718737,-1.2060140392490426,-1.229911976374628,-1.196813783530004,-1.0712783795317495,-1.0028072328092257,-0.8639423919368691,-0.5286999175935063,-0.4031386286168153,-0.3248864033201163,-0.16247677366108823,-0.07874670375371301,0.007934800664193543,0.1788101003258703,0.23539193275643355,0.31596665118941863,0.4028507085836979,0.5963729854225942,0.7165987857715554,0.8035168205988499,0.9950355805325736,1.0967845786724844,1.2224988327193,1.4406841825098629,1.5582827274281925,1.63839790432636,1.9018779540436972,2.0323288715281715,2.108559084986343,2.3236787400085626,2.441707327769257,2.5443778852779073,2.7092403358927544,2.7712628241445287,2.9018236631820264,2.9809950998849426,3.1563464387211653,3.2311546163647544,3.2434364854425746,3.363388509034555,3.3892031545534698,3.395293208307942,3.490860946766508
-1.6116765791620682,-1.5234107426423544,-1.524317028407315,-1.5187162120926578,-1.448241414268506,-1.420700440689241,-1.4339846601362891,-1.3934842980332323,-1.2590354774692005,-1.2431735777022899,-1.1671676992055415,-0.9713898746040146,-0.8313921853774259,-0.7010120819869957,-0.4909778909296878,-0.4635369827503496,-0.3846920551300451,-0.30100323087012426,-0.21419843336881844,-0.15762973776372144,-0.00010194589240746073,0.04307878193362895,0.08315306174309071,0.09707340835519536,0.28288253222826715,0.3827663999251449,0.497846683190166,0.7366554259681799,0.8202637123616249,0.8961875084294428,1.0324151548665423,1.1105278671221703,1.187832259326647,1.3567806356140542,1.450404552965197,1.5550521212367163,1.7523388525576438,1.9696459121153598,2.0485641372727845,2.2586976798543037,2.4506693059942766,2.4909236506235133,2.6180436817524217,2.7772748227161284,2.84976322962967,2.919309829437362,3.023547099434079,3.0515689166560107,3.06151065068848,3.1341986632309617
-1.6708955071248142,-1.5054616317130283,-1.4896699703132994,-1.5096140154840627,-1.411850276852787,-1.3759686713694128,-1.3772381620528278,-1.3255100464353782,-1.185220179828626,-1.1077535684162534,-1.0462428255120608,-0.9072542603024386,-0.8295353240088911,-0.7914043736811849,-0.7670734628960061,-0.7520030540184413,-0.7634142626895744,-0.6509132514138262,-0.5879522192759593,-0.4897754366480985,-0.3653310811245057,-0.3132648388129437,-0.26301975005693773,-0.1951157487862036,-0.04138632112958363,0.038788769476229425,0.1075195849124305,0.2525342247391406,0.33175513337767637,0.394885801741665,0.4274172117666504,0.4692172449572062,0.5017030621167268,0.6445711295987167,0.784527847287408,1.0425033626114066,1.3934106027021944,1.5954208171616422,1.7102316937585227,2.012423787881648,2.131341201420653,2.224414053261738,2.3457196871514507,2.518947580438474,2.5690583957227973,2.689491587580645,2.8175359326660003,2.8202995856728736,2.8239557394386545,2.8779892224386106
-1.1936486089391083,-1.0475089262060926,-0.993834961143435,-0.9513550782104003,-0.7772408273759966,-0.6767284153593908,-0.5984567752782476,-0.3815355370781902,-0.04884031926936311,0.4640428074598786,0.6425188627422436,0,0,0,0,0,0,0,0,0,-1.4092998071319582,-1.285498555704088,-1.2313887653816502,-1.161477298849681,-1.017251787463668,-0.8998607881051145,-0.8085905034824102,-0.67493574287987,-0.6497239987224603,-0.5960132327916913,-0.5095421300810773,-0.36820916117367103,-0.25904495729956595,0.17394088531555957,0.32201617232075325,0.6172446033317389,0.9544072551315593,1.1033997527229804,1.2985256894214643,1.6239859737547444,1.8207752237661392,1.9193458601757412,1.9662413442838178,2.0633540168681344,2.141785333907391,2.3223876038436964,2.4620120588798096,2.501112962413526,2.5468266652566203,2.6661487702619384
-0.5256061034023181,-0.34087993009813095,-0.18353227594975724,-0.06329920288290343,0.32620440109555426,0.4351057424847321,0.6241936172400876,0,0,0,0,0,0,0,0,0,0,0,0,-1.9738401816156992,-1.7038521221392156,-1.6086299167814055,-1.5360791025610254,-1.4551263911253396,-1.2006879184958643,-1.1564678425532116,-1.0710129750314734,-0.8963750930777203,-0.8514653933235977,-0.7379983630917105,-0.5390397306758685,-0.4663671125720893,-0.4050260213538552,-0.23801949580917797,-0.05843302790855273,0.08370261167257857,0.6127980753314397,0.8800320943309006,1.064767770832886,0.7766400544642891,0.908473087188177,-0.15468837408236372,-1.2032509183339488,-0.19976335237719492,0.7598521428916571,1.360131657362841,1.9336276248471675,2.106075549831468,2.1985110376325605,2.3891134522164235
0.30168619334048274,0.5811246246534836,0.6480172479201982,0.6503988045137592,0,0,0,0,0,0,0,0,0,0,0,0,0,-1.693812401867522,-1.6908108710799434,-1.7354255582952354,-1.4846589287001186,-1.4520662262962691,-1.4071774373092154,-1.3144513079318194,-1.1574203689194031,-1.079387244825242,-0.9926061625347679,-0.8185840713473133,-0.6996723573472888,-0.6185059268304314,-0.3826987735279179,-0.1724899059860181,-0.039517621359237316,0.4449864985074634,0.7349202351810266,0.9731219068797505,1.5227805132662846,1.5872975539131577,1.5523736534332897,1.3853033256658664,1.4027958872213464,1.4612141838629435,1.4890720529125594,1.49379636114134,1.5269068452631396,1.5223785841561703,1.6525849921825697,1.7412793724682152,1.8997098318476346,2.0850238549824924
0.5556725538594851,0.6868923313707483,0,0,0,0,0,0,0,0,0,0,0,0,0,0,-1.7542862218597481,-1.584998446176959,-1.5514464054299593,-1.5118946584018147,-1.3521764221214683,-1.2723788298095202,-1.2140038941483353,-1.10140907750628,-0.9124360829562845,-0.8049920221983924,-0.7224219146686236,-0.49654768301465646,-0.37786030358626577,-0.2419100612881881,0.08034274337014119,0.20555048095141384,0.3579529604026134,0.6655881418497529,0.8069699715540652,0.9072296564626996,1.0436516931763546,1.0713584139612122,1.1093456184220434,1.1886914950616012,1.2039554382342375,1.244569309455097,1.2635793559357746,1.333957350100551,1.3735808649105874,1.4226823061437996,1.565044550021195,1.6275133314145311,1.6918129226297136,1.8443861404633897
0.5335951966178213,0.5969920076830787,0,0,0,0,0,0,0,0,0,0,0,0,-1.5254504876196686,-1.4856823142861033,-1.4866798490101718,-1.339126285948662,-1.272712699259446,-1.2139191716547475,-1.0465456013478551,-0.9242648421510024,-0.8535042287337502,-0.7546375742079232,-0.5432350429658148,-0.4458922426315187,-0.3329090982240026,-0.13966849568146084,-0.01204486354505697,0.054517263710173375,0.24209249451763978,0.2953021106916908,0.35013726044121707,0.49947474908468265,0.5917767244186877,0.6498708086394678,0.7170781962958254,0.7874886371557569,0.8435453822636174,0.9615766132763535,0.9844972782329856,1.0521801266655209,1.0792445158975132,1.1868583557535481,1.239534455483211,1.3080471281363961,1.444125186241926,1.5436395728654988,1.6034761777305322,1.6993067310229997
0.45389277325850913,0.4926363183939897,0.42979137031558534,0.05033627127639553,0.10813741176387533,0,0,0,0,0,0.4010863160988241,-1.4145624150953873,-1.4457863941516482,-1.3850828821463868,-1.2814035180242918,-1.220879102341576,-1.1594777135062664,-1.0264215214978976,-0.9702842800143029,-0.9103416228406758,-0.7678645161053456,-0.6973249921633113,-0.6089682916293918,-0.5438608798745188,-0.38796236699625397,-0.27641844951904776,-0.20770320048991658,-0.04085801407775888,0.05711655942002196,0.1173110501738768,0.2159580110743161,0.2871602142563355,0.36542459110392256,0.5427390379900642,0.5601864628739297,0.5724725574939095,0.628296597466315,0.6900586635773659,0.7164833859474581,0.7815251541746704,0.8175754992998416,0.859884910935643,0.8969928098590905,1.005211611556838,1.0998116213005706,1.1504437085024797,1.2658426637982867,1.289049698792752,1.3707046537033465,1.4894896873978343
0.40906269951079266,-0.4606177469264607,0.09073513604607159,0.21611073649856502,0.387137042836884,0.4374602527004873,0.4043491734657764,0.1637290150469375,0,-1.3834025395929137,-1.268014715088631,-1.1516243726448914,-1.122842256513751,-1.0730449614953113,-0.9613019800851904,-0.9111964172468912,-0.8779764786555383,-0.764457093511006,-0.6847136610142103,-0.6327166926861284,-0.4938496032870231,-0.426118350726882,-0.37133182939555026,-0.3131472789555518,-0.17230411906638274,-0.13233336812048602,-0.06405755003783019,0.03146902245928678,0.10050398999123815,0.12044451520987327,0.20224631340273042,0.23628670067970836,0.24888465134399984,0.3860570574734805,0.42493914439935976,0.44478398225567295,0.48592965043845276,0.522903819276752,0.549835051377366,0.6556334902910381,0.6967385792987104,0.7708576074898862,0.8302873310416737,0.9289296555753699,0.9936502275354063,1.0297409694463628,1.1427492653880391,1.1866215571899312,1.2585923539883097,1.3352989124858778
-0.3512984737022958,-0.5227851668586905,-0.6158775086134652,-0.7878172353089211,-0.8191313166193781,-0.9452247244005293,-0.9996833856421634,-1.0222844952673404,-0.9588831028969734,-0.9683328848995753,-0.937293315006327,-0.8697256884181492,-0.851701295793911,-0.8228006129096379,-0.7261041061585941,-0.678909043924186,-0.6499289083103789,-0.5562370662686211,-0.5171877373717965,-0.476989043909744,-0.3795933023226366,-0.31226501439237,-0.29593590956866894,-0.23921786345834262,-0.12457738124672472,-0.056461089971627264,-0.04210578978635335,0.047137810332411455,0.0566513835086996,0.0794668328999765,0.1374837524155057,0.17309159797509782,0.22299253816168693,0.28569166004136043,0.31942632595987686,0.33337805476047433,0.4553390884822603,0.5030906230397763,0.5492546340864244,0.6369939550388926,0.7010468227593171,0.7429960110236994,0.7783386903840912,0.8860738090786531,0.9396650155404598,1.0218213444392192,1.05646933804434,1.094155890771433,1.1430684194341887,1.2084113915790695
-0.8497304627348259,-0.8670836333923113,-0.870597268084198,-0.929407009533975,-0.9061859617102002,-0.8949290294448166,-0.8724544920191186,-0.8660543891683339,-0.8041599099391975,-0.7965533235427019,-0.7675907971198408,-0.7032192670039916,-0.6714030215035366,-0.6440700943330014,-0.5743587088221631,-0.560377131653877,-0.5373362660401844,-0.4813617763921177,-0.4404658912295676,-0.4078544647704694,-0.34107415600883856,-0.27598082276242836,-0.24632297227732525,-0.21609856709301506,-0.1406971547775614,-0.11006481299052022,-0.07918311642037455,-0.03073908605587875,-0.023254416570012593,0.01225011006428426,0.06283056185497432,0.09903335870179789,0.13790220948796567,0.20726648212950166,0.24823912732528675,0.28435201313507885,0.3846789003582998,0.46697067971577466,0.5038956066059453,0.640350499025064,0.7164811587948111,0.7088692586284404,0.7293730418775878,0.7850729205133468,0.8398825230885827,0.862926882732121,0.940631525052452,0.9768739142547535,1.002860562066673,1.0460634212011861
-0.849636696359136,-0.8408656511086373,-0.8156553366009442,-0.8261132671554567,-0.7742827789071001,-0.7698573330596966,-0.7634524289325914,-0.7306389423434965,-0.700631586656013,-0.672664324288122,-0.6566569502271274,-0.600679094724412,-0.603523512137302,-0.5844819115175677,-0.5440146837778456,-0.5247845454508905,-0.4944499291275488,-0.45277601169191695,-0.41834828183459916,-0.37630147643064504,-0.32470820998776495,-0.2989587325652948,-0.26708010770479446,-0.2576024269505493,-0.2117193292350091,-0.20821516004253326,-0.17688520444287273,-0.12510343851127026,-0.09876322624065724,-0.05131023446372047,0.003703614344465918,0.05902251603671654,0.0836574201809697,0.17179916837773276,0.2202024021926131,0.2540370537287082,0.30480083218212095,0.37119593351191554,0.41483697710852185,0.5231235875129296,0.5573762589887468,0.5889965954541654,0.6288800752659284,0.6934748059016143,0.7740573844148806,0.8343636045281788,0.9022540849978291,0.9222619676533613,0.9364119781359693,1.0505727061787264
-0.8023261307597082,-0.769087488985117,-0.7577256673957925,-0.7443585879200618,-0.7169298532310345,-0.7001533933696901,-0.6970648969925564,-0.6880171301343224,-0.6415298418111043,-0.647368629417998,-0.6310101003667674,-0.5986344407980734,-0.5897123749722384,-0.5624909545042853,-0.5254594770435292,-0.5070816236284528,-0.47996836828009165,-0.43487327376933066,-0.4136789209736725,-0.3960594879892644,-0.3519572648022338,-0.3332638333782716,-0.30896738222783265,-0.30180947478950837,-0.25404077581202206,-0.23490439361018497,-0.21498591917843365,-0.15358155605647678,-0.12850092794651977,-0.09431128253169524,-0.037563873753095466,0.0031705270575391998,0.045923923331415345,0.12552815716024213,0.18290124702318555,0.1949207907453991,0.27061389875729547,0.3105219245099479,0.35924565397772235,0.40634218607002304,0.4715358188273926,0.513384745637326,0.5627516124201736,0.6259867283103555,0.6615718496828202,0.7171038272221966,0.8047480555708669,0.8412790971025987,0.9066692387536827,1.001339801725042
-0.7527946213687501,-0.7364777775893958,-0.7265912877121578,-0.7312924499293229,-0.7062680725756246,-0.6869210483130513,-0.6891604040125033,-0.689609223883886,-0.6501647347130111,-0.6468922669267958,-0.640524915011259,-0.5858538640253386,-0.5639274600987682,-0.556584762012655,-0.5137791859473667,-0.4891683672382907,-0.4806012902136205,-0.447979101196145,-0.43137859393291683,-0.42123370616233435,-0.38876739667518057,-0.38598525240969617,-0.37523990411772135,-0.3467798052978355,-0.3173540782988493,-0.3019569833005156,-0.2730355713489413,-0.20064278895309007,-0.18897175928446816,-0.15946994793186406,-0.0817334931127447,-0.05535940335712698,-0.016869412311306543,0.04811300821453013,0.07007931901000845,0.10816229446475471,0.1665026971602471,0.18945535550232737,0.23929972773161953,0.32650439728934094,0.36555529053710767,0.4294580302937017,0.45452891983764643,0.5179813616640683,0.5545851760427807,0.5990815910309952,0.6931437153767164,0.7390962535188654,0.7435568191214326,0.8078979529638209
