jsons/1312768800.json
{"header": {"parameterUnit": "m", "parameterNumber": 2, "dx": 0.1, "dy": 0.5, "parameterNumberName": "Eastward wave", "la1": 40.97354507446295, "la2": 16.46031188964855, "parameterCategory": 2, "lo2": 133.9931640625001, "nx": 191, "ny": 50, "refTime": "2011-08-05 8:00:00", "lo1": 114.97908020019554}, "data":
[rows 22 to 43 of 50, columns 49 to 97 of 191]
0,0,0,0,0,0,0,0,0,0,0,0,0,0,0,0,0,0,0,-0.33860409021826665,-0.13141595852266527,-0.23598945010854372,0.11791368729479229,0.11459952441469456,-0.836807138741105,-0.8002688895769831,-1.066396126037158,-1.3000035644179524,-1.64375529755847,-1.644675233677315,-1.6560437024058414,-1.667992690826903,-1.5988717505441963,-1.530452692754394,-1.4356796846073974,-1.3670522545770745,-1.2323589970828146,-1.0458993288133647,-0.9597348936576515,-0.9105843169206214,-0.8051913884200571,-0.7597992635163553,-0.6866414307623101,-0.6456175370095287,-0.4985213280355766,-0.44458413680169834,-0.43560338359800205,-0.9260626435423417,1.3276805930583995
0,0,0,0,0,0,0,0,0,0,0,0,0,0,0,0,-0.01611952927553279,0,0,0,0,-0.1956275512501244,-0.42258538421618475,-0.5977813236903811,-0.7710568760964689,-0.9209567114909164,-1.1882775677184307,-1.4020129118740428,-1.6289928161214815,-1.662120768325,-1.6634774259222438,-1.5656629039649108,-1.4070613603758362,-1.2752419220436317,-1.0686183222030015,-1.0103312637570119,-0.9361482718770596,-0.8979591679692259,-0.8432200082864767,-0.813045791890207,-0.7254281649878839,-0.6586173014185502,-0.5780775651561914,-0.5555210180849661,-0.4661346120443955,-0.4173413691320012,-0.3166220337952025,-0.1218920712443741,0.1485152642981004
0,0,0,0,0,0,0,0,0,0,0,0,0,0,0,0,0,0,0,0.017299425809716676,0.053192967955524424,-0.103996168714219,-0.26648199721748533,-0.5161343623908885,-0.7891759548544574,-1.2705348994782435,-1.4815665002169327,-1.5778689261242285,-1.6638217361525998,-1.6310324641184806,-1.5713481587571039,-1.3563091791758466,-1.220768750424692,-1.1717510893957628,-1.0736425290525544,-1.0143676408603453,-0.9403731220297057,-0.8282968812648785,-0.7552844352627289,-0.6616828045793812,-0.5571283108701776,-0.5279261506197757,-0.46003876927806264,-0.4346166892076854,-0.33753575070400793,-0.3101342608337971,-0.2600365823885649,-0.8818082872718015,-0.10890931010440152
0,0,0,0,0,0,0,0,0,0,0,0,0,0,0,0,3.3038944722661223e+38,-0.3356584165359516,0.0995505120131637,0.06845430706397822,-0.08190112737092076,-0.5388832789018051,-0.8186563604923581,-1.12247646475687,-1.3214707542040403,-1.54952863884312,-1.6488373411634298,-1.6754880407190451,-1.6215905409401248,-1.5219713725331787,-1.4314598392262612,-1.1807137665801601,-1.0488765231786634,-0.9748220866550323,-0.8618328446684838,-0.7959197209314972,-0.759235989446221,-0.6960256677645408,-0.6981798498335807,-0.609615467408229,-0.5216634007339357,-0.5080615281648583,-0.4547014625134487,-0.396723319765356,-0.326791311564121,-0.288999224470056,-0.24341569954478123,-0.1451237574993753,-0.5354141572504588
0,0,0,0,0,0,0,0,0,0.06683349985130344,0.16974576036800706,0.2519659027104311,0.3311875825250322,0.46158188105233,0.4861921817084769,0.378573908528957,0.2896988163835781,0.17257948103935075,-0.246248732538372,-0.5325963468865421,-0.8602015340717174,-1.179136876895049,-1.3822577482148943,-1.5015952071229541,-1.5708502834421487,-1.6509577076470587,-1.654351361247515,-1.6398372315798588,-1.542932902290984,-1.4028554404388318,-1.3022261355157085,-1.0886008603924986,-0.95509462509645,-0.9391686691613511,-0.8713124088875721,-0.766183575520745,-0.6426318680960159,-0.5229277781822719,-0.5313434727325231,-0.480430888818697,-0.4238393928195178,-0.39329407554330936,-0.3651427835831589,-0.33271691343441967,-0.2762850264777058,-0.2612264632443339,-0.22613064077387274,-0.3255891626507961,-0.3809723842632664
0,0,0,0,0,0,0,0,0.20652249127070368,0.25029469742656946,0.2874150411222087,0.24833293621295702,0.07104158296238444,-0.039030653150361874,-0.18223837720252378,-0.4913764561296732,-0.6342829102128748,-0.8348058096110045,-1.1199973574116915,-1.2732706366906121,-1.4011278175262036,-1.5268036246411232,-1.5836823661433836,-1.6351240482316005,-1.6485484633223342,-1.6754182456882554,-1.6512019998301148,-1.6201651019498153,-1.55098285470346,-1.4338477299209271,-1.3372229109026064,-1.1655385095346595,-1.0827378793681472,-1.0240849908808929,-0.8529835466133202,-0.7648526551884313,-0.6372916553979804,-0.5315632989214767,-0.4723357172352702,-0.4236185323322253,-0.37623407358047767,-0.3586612290763459,-0.33604340966592305,-0.2938751192211587,-0.22229630946348936,-0.1878577219482294,-0.17283385515720734,-0.12988709154823555,-0.11880419355669071
0,0,0,-0.40538954401781085,0.2803472769554099,0.26372834895785835,0.20984114123723013,0.1834627747536827,0.10342392927863447,-0.09739826541798,-0.19710868118199115,-0.3595176918208383,-0.5720359224355948,-0.7279683375371464,-0.8706364979462986,-1.0468071150411038,-1.1664697690780275,-1.2783449089511663,-1.3925508988450395,-1.4586055966168268,-1.5285440937877055,-1.5769777463017363,-1.6108397318633048,-1.642314334300156,-1.657349560668278,-1.6727082754180707,-1.6378862313019737,-1.628091302525955,-1.5095518354375541,-1.4107857700831405,-1.3480176108991158,-1.2030222861659838,-1.121371989612958,-1.0585224498002423,-0.8550422260027816,-0.7841285502150737,-0.6883790249427784,-0.5994764732990744,-0.5566890387346385,-0.5347447861276501,-0.4723023614336,-0.4049748842556631,-0.35323608494735653,-0.32539329962996,-0.26969948209802475,-0.23032359841731095,-0.1933523240555602,-0.15290653905043616,-0.1453256111743257
0.0946274893499263,0.12486058881097539,0.04920559953830635,-0.022261138174022047,-0.1002118678750979,-0.3041164778184998,-0.37229098355912105,-0.4781056675877024,-0.5908156429266694,-0.7669692412242373,-0.8933324477870905,-0.9705630593726992,-1.1090008345869888,-1.2129902975490576,-1.2809347809559881,-1.3650920719075474,-1.4032599127453924,-1.4509180982483925,-1.5151982244820072,-1.535548158526352,-1.5751209701577722,-1.6222979710518162,-1.6427704764072653,-1.646721911205831,-1.6487764566079266,-1.6527119917630666,-1.6334014980630303,-1.6093863448080634,-1.562024254121049,-1.4880945829290753,-1.4374337636201475,-1.335203159711589,-1.2556329835914468,-1.1986371124037822,-1.026523247813581,-0.9102776899242944,-0.8073547723006931,-0.7337645313204273,-0.6935739875537797,-0.653757577727372,-0.6374652953651517,-0.5913877843326645,-0.4810835052803047,-0.42054647094543557,-0.2953421795172083,-0.2200752520633031,-0.20219319930458507,-0.12681924301645933,-0.09950890659524735
-0.2063230955462569,-0.31413207907397556,-0.46492891349750487,-0.5318178498248269,-0.6384506145883782,-0.759585084752073,-0.8356946832201855,-0.9333790559129241,-0.998733292273822,-1.1119791963143666,-1.1901385030097262,-1.2506279517411882,-1.3272458775288631,-1.3867333152526258,-1.4196477938921341,-1.461401797792374,-1.4805049342241232,-1.510515103806585,-1.5306393322866543,-1.558733480281505,-1.5903570214433935,-1.618265072403346,-1.6362552007320417,-1.6735138953436721,-1.6941400767520989,-1.6986326146106134,-1.6828844037440536,-1.6614866468962255,-1.618252872022392,-1.584019933874923,-1.5428262421327008,-1.4724085905092708,-1.4098984694482792,-1.3498969484174586,-1.2155172693528875,-1.1403404558824726,-1.0774722961503065,-0.9534707213055701,-0.8688891585498443,-0.8267896411740655,-0.748867455743793,-0.7127028409324956,-0.6621605161419144,-0.5453886336299526,-0.43732893400907297,-0.36125043022902015,-0.30353874966370903,-0.2182278464930529,-0.13678240750093162
-0.5482976100615405,-0.7120793391688696,-0.8585882961571698,-0.9168252184812891,-0.9944702080077248,-1.0850011058315838,-1.1346921005259814,-1.2017304327599814,-1.2541668509893693,-1.3111662367727386,-1.3789239300663896,-1.410814159208361,-1.4501052336179345,-1.4755993835307197,-1.488534291415954,-1.496608047569796,-1.504178661144546,-1.5466177277321398,-1.5746090392922734,-1.5820930512055438,-1.6055983994616203,-1.6403104570679268,-1.6711196290052515,-1.703803609950152,-1.7077766761022053,-1.7062523820735551,-1.6760923242138022,-1.658049464989942,-1.6310246686926997,-1.6115508125774498,-1.5985784868675346,-1.5678185711657344,-1.5521011363471717,-1.518059104488978,-1.4428615828904174,-1.3768333215150266,-1.2305180715542623,-1.0605812866572384,-0.9838893899484761,-0.9126698111674812,-0.81761171259834,-0.7566374495423712,-0.6854648018574192,-0.6260110009092441,-0.5533040931061739,-0.513038310156586,-0.4113228268239181,-0.3003159358665501,-0.2756271785456064
-0.9958026673764484,-1.0611444340563252,-1.1391871042654398,-1.1722483499728875,-1.2411821160527388,-1.2864982214153096,-1.3305978643298313,-1.361813147332023,-1.4004778111808058,-1.4272946761339902,-1.3738790569197563,-1.3083458968677466,0,0,0,0,0,0,0,0,0,-1.3032031383423588,-1.5329498240436772,-1.6395628953499946,-1.6594074277187263,-1.6851441993997585,-1.6818429789153704,-1.687825137818411,-1.691966036872364,-1.7070870416039046,-1.7081435043313615,-1.7038952190785461,-1.6848338570465753,-1.62971691066502,-1.5105395591065653,-1.4418892626052653,-1.3156365215970813,-1.2269590781542286,-1.184046901192303,-1.1089834688940128,-1.0119705323424495,-0.9654601430664341,-0.9224969387661355,-0.9400692803717202,-0.9240309729904794,-0.8479377452242599,-0.7078302612581896,-0.5460732073453928,-0.503497645563786
-1.1843930451522,-1.2086003603105107,-1.2675444900066823,-1.2904073984498572,-1.2696376877459843,-1.2302644158953215,-1.159687183288821,-0.9881244811952039,0,0,0,0,0,0,0,0,0,0,0,0,-1.0585437500630677,-1.3676544207274421,-1.5180691138809532,-1.6119928087959794,-1.6414988612122092,-1.695782535286538,-1.706711493255129,-1.7167564514988605,-1.7378335139955687,-1.751645883144728,-1.7642040051842758,-1.7576961126250994,-1.7516384755328442,-1.717778929890856,-1.6658047420791062,-1.6005665963880866,-1.507566890230815,-1.390869639599284,-1.3962863870149445,-1.3194931169323878,-1.3553854331340092,-1.2953128951531605,-1.2784113071480223,-1.0309754619504974,-0.22087329384635418,-1.2888066413035093,-1.2764266017250403,-0.9718232321745581,-0.8252589834232306
-1.1632519469369205,-1.132117981096639,-1.0260673572266008,-0.9312822361321101,-0.8035956790361379,0,0,0,0,0,0,0,0,0,0,0,0,0,-0.7921653452610493,-1.048237244703606,-1.3085874264607822,-1.489748025835204,-1.5551564402321318,-1.6271897825441617,-1.6588238840962388,-1.691800429214636,-1.7142044640680538,-1.729971597559546,-1.742200073695548,-1.7684173684105715,-1.7737927428192697,-1.7715469446681285,-1.7672142115542986,-1.7418032737653188,-1.676347996509187,-1.6339403716496415,-1.507752479195729,-1.223520298379657,-1.1564168203077634,-0.9890775992888898,-0.7217087479035456,-0.8695389054751034,-0.7367286228328804,-0.5506926456178991,-0.5148664070708487,-0.6904517087014831,-0.9231029998694915,-1.0292164160664852,-1.0535514805593176
-0.9267444373354579,-0.6807107988418959,-0.39185608177336145,0,0,0,0,0,0,0,0,0,0,0,0,0,0,-0.9021930015075097,-1.1711817519565104,-1.3233846385882393,-1.4482607182009855,-1.5447415646543337,-1.592458866930761,-1.635166238437124,-1.6637517710393748,-1.6943291338756976,-1.7281147811948787,-1.742436633473154,-1.7448869719534568,-1.76280179548165,-1.7752173662796582,-1.7751874795963256,-1.7696937029203188,-1.7438101211122186,-1.6710761087607986,-1.6237077601775243,-1.5372051589508227,-1.3887016209092349,-1.2821543471170724,-1.134828710271339,-1.0783947455020153,-1.0469165917801015,-0.9690859268512926,-0.9566106362984463,-0.9494682897810733,-0.9838803899078603,-1.0561811441522104,-1.1022229740369924,-1.1360128971287844
-0.6440490477890454,-0.6139119379803992,0.6174991940605902,0,0,0,0,0,0,0,0,0,0,0,0,-0.871335550660139,-1.0402417170209595,-1.2184870584836378,-1.3749198112308187,-1.4462887604824304,-1.5198424649574882,-1.585374549908265,-1.6154868034210168,-1.6653806819406523,-1.682510145151841,-1.6959283297046979,-1.7343286252315202,-1.7410861548450125,-1.7502305246617231,-1.771818475766081,-1.783955174836047,-1.7741673538280691,-1.751435277107352,-1.7269376830958356,-1.6565874950036261,-1.6122902675855897,-1.5318317188367903,-1.4624403499314689,-1.4238529775438582,-1.3555157949093462,-1.2613624796352227,-1.2355008331176944,-1.1930188079867856,-1.1775099159595932,-1.141831810596122,-1.1385990656877976,-1.1350997575386044,-1.133656986418873,-1.1472809738918244
-0.4899900744961144,-0.40618989535846123,-0.2392245826056984,-0.2983435490356387,-0.5392094084135165,-0.4764025314616206,0,0,0,0,0,-0.8735792305326947,-0.7045047030862454,-0.9193316892331493,-1.0682632973490478,-1.2307379512252787,-1.3275626909962226,-1.445713060982357,-1.5077747252868112,-1.5395042872382583,-1.5927476236673122,-1.636645372436151,-1.6607503118033125,-1.7014167723693703,-1.7105293417446827,-1.726536861590065,-1.7358632979894573,-1.7416830046044622,-1.748018376382414,-1.7545647473633998,-1.748520409960916,-1.7191715298751309,-1.6888933519258336,-1.6621156223389935,-1.5745795111626555,-1.5728536111427245,-1.5193832761962835,-1.4836132132165747,-1.4582915560925087,-1.432288590337666,-1.3886486514804373,-1.3541522236159804,-1.2996978306852625,-1.280201071219906,-1.2317383100435342,-1.2066719083187583,-1.1917260244890577,-1.1852610847749039,-1.186485042344566
-0.48921713129079913,-0.4833339733276391,-0.6147576176042392,0.6099436133404872,0.5966427618651181,0.5053831254273422,0.5642217905504852,0.5875306800068235,0.6939458873507927,0,-0.8556093922768359,-1.0154790805462643,-1.1804308273436845,-1.3238245015536405,-1.4037039408666918,-1.5017192433544528,-1.5504992216752453,-1.5848661550116079,-1.5993474957297251,-1.620087515717322,-1.6581273996547616,-1.6726052530829456,-1.6893692314263862,-1.7302620471040504,-1.7488266420409881,-1.7369941020247555,-1.7407953316488536,-1.7371990363366665,-1.7309211172059222,-1.7078339612504128,-1.698217487742968,-1.6609468135114391,-1.6333673878939674,-1.6182492205779784,-1.582663075013426,-1.5733369435075797,-1.5375430475931693,-1.4968193899612652,-1.472355877038686,-1.4478130231871604,-1.4153073780215248,-1.3949313534466983,-1.3592351147190127,-1.3196564072711912,-1.3106350568110023,-1.3094339504517016,-1.3000351997946171,-1.2381647088779726,-1.2218946063899798
-0.6260779393873168,-0.698389327223336,-0.6754986561345453,-0.718244676523773,-0.8696560860455538,-0.9086455061290996,-1.0601363753110133,-1.175131126468542,-1.2555181749808169,-1.322157644816064,-1.4048113292028206,-1.4426890278444093,-1.5041013438452517,-1.561082511233514,-1.58682372474075,-1.6163398728522207,-1.641673744633665,-1.6618604213752106,-1.6692300831063012,-1.6835174150177838,-1.7074212169456355,-1.716586179453809,-1.7159420746985874,-1.7265861221479442,-1.7209813432707057,-1.6948373147467037,-1.6909872248218252,-1.685655983968568,-1.642220256247655,-1.6370691213188848,-1.62926268152667,-1.6101300962669778,-1.5909353800515136,-1.5853665402809782,-1.5693441147014846,-1.5416408115512634,-1.5148877015651099,-1.4816765561621252,-1.4621329598941166,-1.4471328379597215,-1.4325702838090255,-1.4145863413954816,-1.392265194104509,-1.3752544261393451,-1.3413762653874841,-1.33146069749051,-1.3300355164455018,-1.2824121655172651,-1.2496492263621668
-0.9926787658909907,-1.0777248477691461,-1.1127114048275137,-1.14455755908139,-1.283848540411085,-1.3114818328062938,-1.3446249438933582,-1.429752758706276,-1.4371476868377489,-1.4774164413994038,-1.5132960458665017,-1.5445028090559951,-1.575586150860915,-1.6197737436653443,-1.6366530052629324,-1.6548383569925116,-1.6645448598171486,-1.678825086415708,-1.6898171926952748,-1.6913133527792688,-1.7094401033105968,-1.7062230237478384,-1.7064477072411695,-1.7205276490955108,-1.7181212459033453,-1.705118543363296,-1.6964837577264376,-1.6853263875093392,-1.653215247742172,-1.6322182455049457,-1.6194128474355447,-1.59466815290925,-1.5817802830388872,-1.5679471385096428,-1.5455774882328608,-1.534269381972837,-1.5071548622036757,-1.4792595922500644,-1.4567429532871081,-1.4448008123976404,-1.4143364451303773,-1.4022123974324041,-1.3988985759497579,-1.384122065686753,-1.3642967257129377,-1.3706843747106627,-1.3762134384877902,-1.3300747297406266,-1.3033273973245276
-1.1865263242201758,-1.2510120347582654,-1.3084783959774346,-1.3200788028536903,-1.393990652160239,-1.4302627907343834,-1.4519449703881413,-1.4813676251393038,-1.508496872655287,-1.5291030689657878,-1.5611966390593062,-1.5694737391798703,-1.5960392331607332,-1.6234640619133862,-1.6357052098943252,-1.6475848800964283,-1.654214908843979,-1.6707328649249291,-1.6775230698086312,-1.6849952776255612,-1.6879078059042198,-1.6825679072315036,-1.6802103293979496,-1.686359728265008,-1.685324381100158,-1.6701230037258366,-1.6688139309521801,-1.656506963367283,-1.6318338235266652,-1.6143298554422116,-1.5879860209150394,-1.569832603856774,-1.5442055830496504,-1.5280864428219778,-1.524415072360056,-1.5027890717353718,-1.4905641475497065,-1.477432304740907,-1.4591605452315553,-1.4416641307423799,-1.4226883261023178,-1.4122456676888067,-1.401155853311481,-1.3929216883712339,-1.3802645412185837,-1.3765096660700122,-1.3691427509555667,-1.3520845122385066,-1.336289531870332
-1.3353997738979448,-1.372402577811089,-1.4130015197165655,-1.4311656719975248,-1.4667647368526597,-1.4848698794501716,-1.4986762477394593,-1.5075221549129478,-1.5191320018469807,-1.5385750280762258,-1.5413209167851578,-1.5660216307917394,-1.5934922830101939,-1.6039468849484946,-1.6146608993941758,-1.6294373029063856,-1.635488604309408,-1.632518096953862,-1.6327043799334475,-1.6330272996547317,-1.6490969693249564,-1.651233522554396,-1.6506325688711116,-1.662643193197472,-1.666567394711972,-1.6459999321887526,-1.630068833828389,-1.624040157942086,-1.6027729440861473,-1.5946397968837311,-1.5788180872079227,-1.5563699503144721,-1.5503979823567142,-1.5409033548471358,-1.5234095717553067,-1.5154205853702067,-1.5211306635481516,-1.502322561244128,-1.486512482980548,-1.4697096997177126,-1.4582332581965343,-1.4447355202140717,-1.4347589518271642,-1.4204087464079065,-1.4065047560247637,-1.4018440386902709,-1.3921816097675066,-1.3749720858030334,-1.3616981235316612
-1.3897516419098135,-1.4290069499683755,-1.4550865519258431,-1.4661290337979505,-1.4807590853430557,-1.498047086363311,-1.508318054534853,-1.5135551214857201,-1.518638703567082,-1.5418762127650056,-1.5631755050235236,-1.56405866368132,-1.575836307109303,-1.5773866420004055,-1.5782415069363336,-1.5907750774677105,-1.5960306847148202,-1.5998291977280676,-1.6031250320649968,-1.605695622530801,-1.6090564123458388,-1.6106033216224898,-1.6070163868851886,-1.6120904973004653,-1.613893939825192,-1.6088389440503932,-1.6090044997567072,-1.6050618166296988,-1.588680132009633,-1.5795126698364736,-1.5778913048033625,-1.5619395460649035,-1.561811493285354,-1.5566475122588448,-1.5381789323616655,-1.5351921141332792,-1.5275627856395517,-1.5041310003248343,-1.5001898107136769,-1.4897292302309793,-1.465086743752951,-1.4615883060166064,-1.46024994217668,-1.46307172637343,-1.4303941308201507,-1.4327186085778578,-1.4169502595883996,-1.373445586920629,-1.3559664959335973
