jsons/1312747200.json
{"header": {"parameterUnit": "m", "parameterNumber": 2, "dx": 0.1, "dy": 0.5, "parameterNumberName": "Eastward wave", "la1": 40.97354507446295, "la2": 16.46031188964855, "parameterCategory": 2, "lo2": 133.9931640625001, "nx": 191, "ny": 50, "refTime": "2011-08-05 8:00:00", "lo1": 114.97908020019554}, "data":
[rows 0 to 21 of 50, columns 49 to 97 of 191]
0,0,0,0,0,0,0,0,0,0,0,0,0,0,0,0,0,0,0,0,0,0,0,0,0,0,0,0,0,0,0,0,0,0,0,0,0,0,0,0,0,0,0,0,0,0,0,0,0
0,0,0,0,0,0,0,0,-0.0898545226846506,-0.12675869782082855,-0.13934506314126247,-0.14130434878827575,-0.14600292214683872,-0.14711594761490365,-0.14630270203733303,-0.14445611995664212,-0.14195900398463135,-0.14050158397817253,-0.14083900301059696,-0.14791830939008851,-0.14691200951106304,-0.12567140369209484,-0.18832334875396708,-0.08725457358172953,0,0,0,0,0,0,0,0,0,0,0,0,0,0,0,0,0,0,0,0,0,0,0,0,0
-0.25966625674874255,-0.08453517343899061,-0.1725417916361775,-0.1666477586659326,-0.18029791143730564,-0.19618197973903395,-0.20542872696422454,-0.2160000844162008,-0.21843478523863868,-0.2180964473425962,-0.2137479289217828,-0.216965293700337,-0.21628432861042893,-0.21585242625908171,-0.21750769455238061,-0.22075513201865857,-0.22505071272902485,-0.24920186254799823,-0.2817064322988478,-0.2555580848071838,0,0,0,0,0,0,0,0,0,0,0,0,0,0,0,0,0,0,0,0,0,0,0,0,0,0,0,0,0
-0.25066551458779424,-0.26368935333801813,-0.25957140081411295,-0.2550047329565071,-0.2691251545959459,-0.28985373502242356,-0.29627974267950147,-0.28701965537908514,-0.28917557705949165,-0.3061534212681742,-0.30940425099739643,-0.3068928211077652,-0.30850770283188117,-0.2934952828859554,-0.33620238731107344,-0.0046375420852608025,-0.10485502118717717,-0.044049469078348266,0,0,0,0,0,0,0,0,-2.5378480993447434e+38,0.919302907255382,0.9863462771406137,1.0152949020490776,1.0600517792164679,1.1065202849811695,1.1451087174679433,1.1695606647509433,1.2431358430891908,1.275679947611261,1.3275403912256056,1.3334283977845582,1.3809896099504673,1.3145357683188692,1.2549062761572913,1.1790299126582677,1.0966257855291544,1.0114298572189475,0.9528336354439668,0.84592876512657,0.7617987706589819,0.6751549030851097,0.5203913367526084
-0.3478643688913043,-0.36203706458879753,-0.34440650905221404,-0.34080339425103684,-0.3531997208684623,-0.32230267898054576,-0.31310076342016213,-0.31690891002778365,-0.2884400539942932,-0.369091885478966,-0.39838051251767614,-0.4428860210219776,-0.5544417483065993,-0.4117115817692763,-0.4387541167538921,-0.35541401613395085,-0.4038049489408862,-0.12199765191027781,0.37221413371957224,0.6083025230331555,-1.3850425706583434,0.8138088753283759,0.8658245741246757,0.9473808923851386,1.0689630233766751,1.1506464340411902,1.2423980067537426,1.3191121937197683,1.3889684786251262,1.473290686223052,1.5547052875516452,1.6607409457830553,1.7237465460374108,1.8162703678035508,1.8637590122116443,1.9479464275851217,1.994118818806421,2.041835400345788,2.012213715752433,2.004491249542656,1.9620884620763501,1.955812398042556,1.8303495991951364,1.755170404165735,1.6886421296671053,1.5269997522299914,1.4830044059139609,1.234689912014756,0.9316662849030833
-0.4718233574741503,-0.49818203489856383,-0.49039202011685634,-0.48990675391077226,-0.517491467320353,-0.49570804800176727,-0.4962902352012154,-0.5062319981135841,-0.5066743601415017,-0.43191798798642717,-0.43033526803651884,-0.3976203686469493,-0.3059502949466088,-0.27618014797146057,-0.22734710327159885,-0.13002351121692646,-0.10663446054966774,-0.08484184504122626,0.04998765088538204,0.2048576696225861,0.28792906277373237,0.5024438949899594,0.5685614499459802,0.7151768275672669,0.8400805778917694,1.0541583196603939,1.2580180290289438,1.3799991382175758,1.5783101216600466,1.7474382082975415,1.8244077128647254,2.088242191183241,2.1472125438211425,2.2769155099359684,2.371625256881538,2.4679792928027386,2.527332581199909,2.6443777669826796,2.6620749779307533,2.683038159229757,2.708143518442031,2.684340377527883,2.6384300354582386,2.5861230526232544,2.6174075211831287,2.4422121014117764,2.341947916695469,2.1234946058639634,1.6868249360682557
-0.6088492902269588,-0.6433316242003879,-0.6555347942242883,-0.6710523173097712,-0.712971198359335,-0.7224200283860723,-0.7341768463871068,-0.7834269419978621,-0.7862886304625849,-0.7758733682741864,-0.7973838695047731,-0.8150561235057943,-0.8043589827363062,-0.8302728098628996,-0.8044517927427698,-0.7827863857266016,-0.7538111165750032,-0.7380758417077626,-0.5552671128127824,-0.523381963092148,-0.4696670771279074,-0.223795522269233,-0.12266396261059986,-0.028134052202065767,0.23001983333746728,0.5788278699039484,0.7371767245352487,0.9780025917061025,1.3133870147672606,1.6356463236629466,1.737187112314266,2.0635280093315744,2.343933240865746,2.466258270998276,2.7227782531462146,2.8203810916669183,2.943289072692154,3.108347332075415,3.1818821091022507,3.2472406959965827,3.3417275299542126,3.4066362739943306,3.4470526166979925,3.413880286895573,3.4574861527492913,3.350878840435042,3.3184533554356013,3.270843727487659,2.9604808484312564
-0.7763757151882145,-0.8175074789604064,3.3946380854878836e+38,0,0,0,0,0,0,0,0,0,0,0,0,0,0,-1.192115317405851,-1.3184689974056807,-1.2733526166703093,3.2285360092467258e+38,0,0,0,-1.3040244183062266,-1.3091125020090946,-0.635318234312138,0.3257118879082386,0.9085566325675203,1.2831494014244929,1.5331710414987254,2.011606116080679,2.407748211346108,2.626172224908206,3.0444728098155256,3.2957409681933867,3.464730655027941,3.734649384774693,3.9028553031447624,4.07665795561227,4.173724285264749,4.304386734810133,4.388673923290694,4.45928560003264,4.553160002703696,4.606783928841499,4.597517597248424,4.636027545243429,4.5230140009690345
0,0,0,0,0,0,0,0,0,0,0,0,0,0,0,0,0,0,0,0,0,0,-1.0001735527528956e+38,-1.902490626450213e+38,0,0,0,0.5040910707027988,0.6645506443741422,0.8372741913034328,1.0456059816657415,1.5616553053435678,2.1129652413039555,2.6506151528332564,3.168724137817851,3.461393282038446,3.8027965216577813,4.282421826782169,4.521707320255083,4.761568431583239,5.036854801543518,5.186421129785557,5.347668083527222,5.393965119999402,5.667655489580298,5.681824152191159,5.712493534241552,5.828929856515144,5.749537657623515
0,0,0,0,0,0,0,0,0,-0.9360736364076916,-0.3221346020383892,-0.6820305666163546,-0.8015995661349596,-1.1325662642460141,-1.1179338163812698,-1.2153481358039344,-1.1888158563597473,-1.301427920335841,-1.2137340208886207,-1.154305864281914,-1.084653644243502,-0.7910963196331461,-0.7146118811079847,-0.5685533470059037,-0.4626453565159546,-0.1656947078673498,0.049208483345465806,0.21599260373369805,0.5512547715497387,0.8009775594241447,1.077144388359079,1.5889588601415083,2.0216660110658387,2.2513665675212646,2.864369371768222,3.269573436842876,3.6672642574773477,4.438121530343355,4.9004134391803165,5.3690772577103125,5.965581853080864,6.242929357180002,6.478881101978389,6.6487575796539575,6.9275717563026635,6.979635601336342,7.000581117255688,7.116815981924084,7.072395197592327
0,0,0,-0.4607082390329383,-1.0878210945152615,-1.0773805836396924,-1.1353415080333313,-1.5274847411648753,-1.7458827866759925,-1.8595194524898917,-2.0744178633032995,-2.1382391477118405,-2.1684825397007943,-2.3071399916847675,-2.3679558167289247,-2.3470644976430868,-2.2858477853001604,-2.3571709365548164,-2.305400336754187,-2.282760491182848,-2.2782807174856243,-2.1523229610909866,-2.068350284361992,-2.0434012842733003,-1.8811458932230076,-1.509387481461056,-1.4138179219669789,-1.2324839837629833,-0.7781410731527287,-0.2864951834342999,0.05145092885733426,0.7825631975124338,1.299042937667223,1.5118014876601444,2.2115687158199893,2.5617909518839213,3.0614146281065486,3.855742423591775,4.296578367913305,5.093817403427101,5.770953307874285,6.377539103240346,6.8021647150371916,7.140556665113734,7.380480645042411,7.635606983832886,7.666197959384755,7.816760513235482,7.680704558246638
-1.2460125196389493,-1.479484183916975,-1.5909244775074074,-1.693639555454398,-1.8915969680568423,-1.9547505564018754,-2.052024722238433,-2.2559616236333366,-2.36885963150982,-2.436322513309894,-2.627807915456886,-2.7770336124621444,-2.820022987699612,-3.0206260266642153,-3.067878416733534,-3.1159239950780218,-3.1889325347739006,-3.2775558012872006,-3.277608044727899,-3.3454120168274986,-3.4490840697412826,-3.377394207332198,-3.392886496335326,-3.4747000078825208,-3.4266310258614023,-3.2284678703044376,-3.1364558854069533,-2.8960816378919456,-2.3174242035094017,-1.9367213041472462,-1.310031321394489,-0.18160681040397292,0.4421728991237977,0.9109199365901273,1.8387914068922786,2.3657372637727474,2.6494571018233453,3.361442231151959,3.861626853727895,4.340504258925713,5.0669260480048415,5.354110951624796,5.873783056118743,6.127338935904842,6.519752344584338,6.852340035045571,7.038897644857366,7.219706193300415,7.2566745681159945
-1.4249544933222962,-1.578280322962791,-1.6377238614286311,-1.6884724019666617,-1.8518046216639221,-1.9329299794170927,-2.031358532182123,-2.1994417790002343,-2.3060115139619617,-2.4269503565947628,-2.5982045584552584,-2.72610753957456,-2.8147667062613317,-3.0097400954639713,-3.106480677801522,-3.1594500286963174,-3.3021544954108104,-3.4745941022001547,-3.572108460530255,-3.665318761021689,-3.8236876293197484,-3.8945160377871315,-3.9729419250301765,-4.122944502512962,-4.200872776367323,-4.198840780360076,-4.238863091864285,-4.2069166886793,-3.9078709745812144,-3.642775869065953,-3.204817113547465,-1.6873595257756275,-1.1844835840757062,-0.04177084187754677,1.3487841500283606,2.0839309847694443,2.461828493212477,3.1324445138475117,3.482043679956347,3.7307609942125546,4.3489735677931565,4.581115165081136,4.912121591718081,5.053145513064696,5.372429913111465,5.6767124215427875,5.782214859761094,5.916251744379464,6.0306290871255674
-0.8646335262799462,-1.1167349235717103,-1.1919554941870545,-1.2853658752995671,-1.4631277861429886,-1.5078260995388837,-1.5840431911150457,-1.7120281056461342,-1.7783335062044605,-1.8653796492863697,-2.0524463553702033,-2.135657878222007,-2.231993362437696,-2.455577159650915,-2.5420000569961494,-2.659701337020595,-2.783516857944429,-3.102950415362936,-3.2246247384246534,-3.351390299842192,-3.618364347778712,-3.7250388226111997,-3.843037472290571,-4.048424016030642,-4.142726152511771,-4.256474522869334,-4.406163383653429,-4.447699359878535,-4.51622201041479,-4.522370153770844,-4.505520131727281,-4.376302546789325,-4.266974970184772,-4.303773669105098,-4.273174843680459,-4.252180250832008,1.9117092604140595,4.212132894986098,4.265774776500699,4.243697528000328,4.324556872544084,4.381576780914909,4.496787026255663,4.643747651736262,4.727215627228804,4.92553759563855,4.983235207114663,5.068493301036669,5.17376234482363
0,0,0,0,0,0,-1.0085270557693111,-1.3621387479535194,-1.462866245043734,-1.51362280367132,-1.6253947023043527,-1.678787074422519,-1.7973969321450578,-2.0039033867022544,-2.145989636361571,-2.296212152169056,-2.4214273124049748,-2.637031864052499,-2.7949946613313035,-2.8981411264143073,-3.1235033101928855,-3.1543915952883506,-3.1905649235797697,-3.293453146547235,-3.380944574631905,-3.4659754595271246,-3.6808585420753093,-3.791716459778572,-3.8227168124718793,-3.915185419617305,-3.9310902246840937,-3.924412530215476,-3.907379524723317,-3.8536285491818076,-3.486803969344359,-2.860532344153621,-3.181316122350308,1.719991297986352,4.01495106140016,3.6140465325671878,3.9168448172930983,3.98885873288906,4.06878878481021,4.12737072717425,4.163350531981276,4.257854236414246,4.289977864373555,4.3376530525869645,4.402589718313477
0,0,0,0,0,0,0,0,-0.9881966277714095,-1.0932637940426995,-1.248477026835265,-1.2322370793994188,-1.318405161186203,-1.5286569690725438,-1.6654382927772744,-1.8342554729080058,-1.9653554747787292,-2.1823384649446065,-2.2899714385180805,-2.4066347930620946,-2.6200364499562694,-2.7461703193559495,-2.8535680509787515,-3.0885828138032356,-3.213649617321821,-3.3275419191822144,-3.4191541397812633,-3.4440955280803878,-3.463417662270527,-3.563181299867333,-3.5689368723501556,-3.5645978998576817,-3.583890962020309,-3.556967904023781,-3.329553880053238,-2.9629198768025065,-2.574158062095137,-1.899282502385448,-2.775144862225103,3.5831191023013704,3.050093486791352,3.354832227827792,3.579143898134062,3.659842174660739,3.7789102902866074,3.849778561280443,3.8687083846517916,3.9208777920127,3.9706579230005046
0,0,0,0,0,0,0,0,0,0,0,0,-0.35327332303186904,-0.3349297979105534,-0.5900071129199663,-0.8635752988201677,-1.0574045834312806,-1.400045757035476,-1.6132093106551302,-1.7520797276104136,-1.9513634945029525,-2.062121934197461,-2.15384539158724,-2.3345971641088124,-2.4375641246972735,-2.5448554829805223,-2.7205235100872813,-2.7804206900575394,-2.8608909087046146,-2.9294895303845903,-2.938019789726013,-2.9059573796638256,-2.905295443468121,-2.9062158275132433,-2.687278905430458,-2.422489713589732,-2.0303529391378743,-1.50307157814053,-1.4604852859477995,-0.72407548686984,2.2484029641071683,2.29497315645073,2.533975767171606,2.5480099415083406,3.026278450596165,3.0334181628033323,3.1026683771189054,3.175586791687103,3.2348586942104034
0,0,0,0,0,0,0,0,0,0,0,0,0,0,-0.43607887111161914,-0.6527163915518573,-0.9077143477757628,-1.1688216911504998,-1.244178091204676,-1.3651088069954316,-1.573440144414923,-1.7001721276094977,-1.7772309677493932,-1.9844997391296688,-2.1090402364678376,-2.242553707797098,-2.4598671007597783,-2.530713563459941,-2.5864285200649295,-2.660189432229884,-2.653862031445344,-2.4489604156521736,-2.343210148760482,-2.251665162322575,-2.1642594494231875,-2.0752567643254873,-1.956197322975278,-1.5495524174673905,-1.3125618299165196,-0.960188227312246,-1.9270646842013897,2.640296408815831,1.226978227021455,1.4714970682032174,2.094101058531463,2.3138165774914166,2.5009954976632556,2.720730475009581,2.7419027313944047
0,0,0,0,0,-0.294427578943105,0,0,0,-0.16581207148067667,0,0,0,0,0,0,0,0,0,0,-0.8633503408247772,-1.3555583974215843,-1.514466916819991,-1.7427976657708062,-1.8165401281048992,-1.8780155543507937,-2.043134943066438,-2.1240812662830084,-2.226454766765952,-2.3186215405088175,-2.3065018598817835,-2.2745334592404802,-2.2816096648011785,-2.2887262827943866,-2.2644718098945535,-2.2416293658779183,-2.225096355657981,-1.9197305014108,-1.7591626647840701,-1.5206735361250554,-1.1212182990424469,-0.8759218032954083,-1.0480235345665656,-1.0705957402377404,1.8017710814271304,0.8600440978651526,0.8625319524264222,1.4862639112296587,1.6976696544134828
0,0,0,0,0,0,0,0,0,0,0,0,0,0,0,0,1.3289366907268962e+38,-0.22695389380716313,-0.26118007363441753,0.43739888580549613,0.2580998392138328,-0.23950852926282137,-0.5570907332375719,-0.9727726248975919,-1.188759574243228,-1.5021599267847203,-1.8581924409359956,-2.0003974247222764,-2.1597496738323465,-2.2711986063678364,-2.2901440311523324,-2.260859134175231,-2.2187604763279287,-2.1470565801908497,-1.9825046227741037,-1.9484688874906215,-1.8158902943224675,-1.5861362384995363,-1.5168785956398456,-1.4704396092957603,-1.321448287948752,-1.213654146456812,-1.068537568389041,-0.8906830963419152,-0.8797453628064782,-1.9634311882414086,2.0140448349596305,0.6197177071310865,0.8023550424490987
0,0,0,0,0,0,0,0,0,0,0,0,0,0,0,0,0,0,0,0,0,-0.11421664200441377,-0.45566961617538365,-0.7873451262920241,-0.8806952624051572,-1.0640361905305855,-1.3401270199222663,-1.5580143875473262,-1.874461921297792,-1.9678468001251306,-2.067372802206445,-2.097131441553617,-2.1316403456031794,-2.1133421500146583,-2.0406321428069356,-1.9577058247475816,-1.8810200796773868,-1.7765039216074365,-1.6917531529476186,-1.6074394683535604,-1.3990554052935642,-1.2660085765405371,-1.124776405931624,-1.0154940575440123,-0.7173776601466586,-0.8568459445000888,-1.6010044128822467,0.7217196503657038,0.9327128938324785
0,0,0,0,0,0,0,0,0,0,0,-0.04933806515861905,-0.06602081752125634,-0.09733023995893324,-0.11421953214741527,-0.16157223133228293,-0.16978005885066927,-0.2580007255854627,-0.3852546344746925,-0.5852681400882948,-0.9131524073357424,-1.052675135021371,-1.1278938909466025,-1.2915354297190067,-0.41841990284361386,-0.8782040012487261,-1.6044575294725094,-1.7658745633516586,-1.9327381851828194,-2.054187962762997,-2.182189072227456,-2.238335840774078,-2.203563350597062,-2.172578442800874,-2.0988578081321263,-2.023993716942688,-1.9478669286006496,-1.7548480491911767,-1.6151726067888557,-1.4830704423765442,-1.3726715464718877,-1.2821179726825216,-1.2042516194812323,-1.0859526041482006,-0.8052202964488406,-0.6531777715111461,-0.6212449697103009,1.2427010654778807,1.3252351686525108
