jsons/1312650000.json
{"header": {"parameterUnit": "m", "parameterNumber": 3, "dx": 0.1, "dy": 0.5, "parameterNumberName": "Northward wave", "la1": 40.97354507446295, "la2": 16.46031188964855, "parameterCategory": 2, "lo2": 133.9931640625001, "nx": 191, "ny": 50, "refTime": "2011-08-05 8:00:00", "lo1": 114.97908020019554}, "data":
[rows 0 to 21 of 50, columns 50 to 99 of 191]
0,0,0,0,0,0,0,0,0,0,0,0,0,0,0,0,0,0,0,0,0,0,0,0,0,0,0,0,0,0,0,0,0,0,0,0,0,0,0,0,0,0,0,0,0,0,0,0,0,0
0,0,0,0,0,0,0,-0.001514009536413258,-0.0009589150317155759,-0.0005731695493587208,-0.00045935169936004865,-0.0002721596323385915,-0.00036401404581654095,-0.0004270184370598431,-0.0012260847821154142,-0.0014954155893491027,-0.0021087706856582154,-0.003162651700739607,-0.002950408719560653,-0.0024496178461696954,-0.0019315998944349634,-0.0015309885861842657,0.0005274861498540942,0,0,0,0,0,0,0,0,0,0,0,0,0,0,0,0,0,0,0,0,0,0,0,0,0,0,0
-0.0204700174684264,-0.017042757568520393,-0.014788532288788785,-0.010659248232215174,-0.00911101353462221,-0.007436913885886652,-0.004883372612987364,-0.004458865455451661,-0.003076615886209247,-0.0019973152749288344,-0.002021188052416646,-0.002173027498160239,-0.002351005129776032,-0.0028377984397233488,-0.004692234560463255,-0.004515117304112366,-0.003566166710268318,-0.0024490967299808887,-0.0007393946954476783,0,0,0,0,0,0,0,0,0,0,0,0,0,0,0,0,0,0,0,0,0,0,0,0,0,0,0,0,0,0,0
-0.039701984457563684,-0.037699281059925135,-0.036108995718578236,-0.03192718096937379,-0.027688369862402442,-0.02591105191341029,-0.018756368613361468,-0.015293316327850255,-0.014297114703984315,-0.010075916751980636,-0.010762019413351673,-0.011820165634645621,-0.007505730127435678,-0.006701571664650917,-0.0025132705548703772,-0.0030799671453281196,-0.0026108792036181054,0,0,0,0,0,0,0,0,1.4000383164664932e+38,-0.09760663118779371,-0.09716751837859858,-0.0946883130508756,-0.088945250593747,-0.08350681469509504,-0.06999726226262507,-0.06758128501990804,-0.05856318318785561,-0.048982798814704735,-0.044634279607333786,-0.03090531733161457,-0.028827822403948412,-0.02153029784471107,-0.01620264916125879,-0.010965441554200024,-0.010161278581436178,-0.0069487735666107515,-0.0025841424325181036,-0.00021455005788068572,0.002875157424781354,0.005885125586844393,0.008847025318058888,0.008408167579277556,0.011014583053219066
-0.06173988230715488,-0.06295300188698291,-0.0645437955713161,-0.06931800064810634,-0.07026201719363848,-0.0723770259319533,-0.07809763312351575,-0.07829622382799613,-0.07794571193972764,-0.06397401418809308,-0.05075705450537456,-0.049622945635417796,-0.03934465521019174,-0.028385109335612772,-0.03470205236519501,-0.0564532746403933,-0.11837941261809404,-0.12977666385486025,-0.10928877548320716,0.05701757454317834,-0.14176891544965278,-0.14687717700505343,-0.1557083123286794,-0.15905653005103487,-0.15438228100293402,-0.16039122352597787,-0.1591346586164261,-0.1585422939785458,-0.15646348221973447,-0.15827825123288372,-0.15310393882281684,-0.1470087268304879,-0.137679307862379,-0.13011776047484055,-0.12472672698680866,-0.11501727004991907,-0.10534091997883968,-0.09670656715885947,-0.08794775768950666,-0.07711136141466156,-0.07354773792496101,-0.06626164377429698,-0.061626561293571754,-0.06032196120373789,-0.060575921353154545,-0.06287348202449321,-0.06856608849412382,-0.07481567772444433,-0.07762236488798334,-0.08889813356865477
-0.10289976128533943,-0.10574971269718027,-0.10881870126408388,-0.115238729052991,-0.11984805674803026,-0.12316227857327064,-0.13059665567808992,-0.13547104221064576,-0.1375112845288071,-0.14563546042081454,-0.14790450353438434,-0.14878158034585884,-0.15631181994675694,-0.16075797820449425,-0.15932207819761074,-0.16760293662993533,-0.17896234664053962,-0.17934432159532798,-0.17143060054959153,-0.1873244845110978,-0.18173613223711943,-0.18623027461173722,-0.20100508283104582,-0.20340347656709373,-0.20393794524317232,-0.21316067799417307,-0.2162297681522263,-0.21607836960286758,-0.22306652045307038,-0.2262831366044565,-0.21787243523856803,-0.21706584203081744,-0.20903758053616167,-0.20549756879115824,-0.20095754135905902,-0.18650568164475156,-0.17481848302314867,-0.16274503437322463,-0.15378862778225047,-0.14305735058719518,-0.13507256857098804,-0.12862303373540562,-0.12513228778503,-0.12114064244629359,-0.11170127921102226,-0.1057563665444082,-0.07791386818602834,-0.07611260021061404,-0.07066856843616587,-0.09094522682979958
-0.08767007405157472,-0.08893286150598899,-0.09012632838515398,-0.09430138223532289,-0.09728293183975571,-0.10045551595491153,-0.10498559170184418,-0.11053964171302463,-0.11763968513684539,-0.12585170121177203,-0.13421584663638303,-0.14090862208322275,-0.15422223451420136,-0.16192774594811318,-0.17022864306616198,-0.17991767946672652,-0.19796094424719116,-0.2039151344212964,-0.21372578487282537,-0.2390067671329058,-0.2338775953125339,-0.24798263702158677,-0.27189377174028473,-0.2758527715669953,-0.25411738854397614,-0.28135466061836173,-0.2794578966574493,-0.2661652744721135,-0.27742684545865576,-0.28111527565186234,-0.2696939116357433,-0.2778277758015628,-0.27492648481869497,-0.2730013947745366,-0.2671653651327589,-0.258095161353801,-0.24890187835643118,-0.2444727604875693,-0.21847572993218115,-0.21038408624147564,-0.2015004553762178,-0.1874397669186505,-0.17893904627693338,-0.16378445658019916,-0.1499457678967208,-0.1360561219047364,-0.11751847561192287,-0.10304663680743567,-0.10101682507740646,-0.06626245881000271
-0.028297586883518678,9.374948841303474e+37,0,0,0,0,0,0,0,0,0,0,0,0,0,0,-0.10968169054763365,-0.08379608542810982,-0.08847970800984255,1.2886723429832797e+38,0,0,0,-0.16121682800026343,-0.23790633477724285,-0.3424471112580025,-0.3753365368650276,-0.34799414185569616,-0.36095335720523797,-0.35849890826847863,-0.33782353590828157,-0.3539839017803335,-0.3513198214259226,-0.33822370241585437,-0.34006499680302105,-0.3436876697760631,-0.33516608389938746,-0.3324808527438246,-0.31983778115626393,-0.30209019461973197,-0.29887008991657943,-0.2790548211862248,-0.27061406340973815,-0.24545328641027728,-0.22798106661496853,-0.21785472111335555,-0.2079167561306795,-0.1982182929574804,-0.19522799191175186,-0.19945615680798492
0,0,0,0,0,0,0,0,0,0,0,0,0,0,0,0,0,0,0,0,0,2.2143338117501647e+38,2.0904990217218602e+38,0,0,0,-0.41427026299213,-0.42494642924226605,-0.43508115195851726,-0.44551421843965466,-0.41732017500919955,-0.43842650866694244,-0.4321700792111005,-0.4153666438777536,-0.42047552783992853,-0.4181176703026343,-0.40854011095538856,-0.41426506272928754,-0.4056743699063159,-0.40670671003444014,-0.39470455008378086,-0.37832365682106783,-0.3657038791216699,-0.35699393975247806,-0.32646200366527217,-0.3130417464107179,-0.3014258667384039,-0.2868046947445025,-0.27807893472280065,-0.28428379053849434
0,0,0,0,0,0,0,0,0.07957721755093632,-0.3511277012829474,-0.36588270155551494,-0.37394001473917676,-0.4261392021144754,-0.4274587090190189,-0.4428173543479333,-0.43754018659085897,-0.4567241611718903,-0.4549958319845582,-0.46609743518074576,-0.4793962362869726,-0.47631460182947283,-0.4803322899169888,-0.4962626103767739,-0.5035086099525379,-0.5076221658516974,-0.5270265047680959,-0.5288080008625717,-0.5382003840802989,-0.5475017683861717,-0.5514486659567831,-0.5300298674875484,-0.5339850103580537,-0.5344043029401899,-0.5196477396559672,-0.5156609945485803,-0.5298520852391356,-0.5330033054674578,-0.5268248429212913,-0.529817350132483,-0.523995683070893,-0.5195316125916475,-0.5098657195326595,-0.49420029329572834,-0.49233224375744417,-0.4645759247292309,-0.43930844354194964,-0.41853815244151865,-0.40579667923144935,-0.39501100385457044,-0.38937405190871227
0,0,-0.35709295012869635,-0.388073765375115,-0.3920451765080034,-0.40711300900802244,-0.4687854149661795,-0.4926487078770994,-0.4956113822726601,-0.5241166569901039,-0.5354998074700263,-0.5413352033162568,-0.5623788230766578,-0.5685341669167144,-0.5749953432410251,-0.5742156182308397,-0.601936697059941,-0.6152308164551552,-0.6184331355343321,-0.6279950256253705,-0.6324997405354325,-0.6379529008849574,-0.6571451046834931,-0.6669240275661085,-0.6619415713278352,-0.6756997672480037,-0.6790400274287774,-0.6712679913264337,-0.6811006336802856,-0.6827778870794182,-0.6747130010736673,-0.6763809805334641,-0.6789945615949998,-0.6667898349522244,-0.6665310287599348,-0.6759579083852504,-0.6629658957516182,-0.6553762291486667,-0.6666863011813913,-0.6554539636700343,-0.6501785768734822,-0.6460780025023692,-0.6395263597245374,-0.6338462648806441,-0.6168318530281167,-0.602736713898383,-0.5833246387933313,-0.5432016419280238,-0.5246869986280617,-0.5051849572182457
-0.42409498737743107,-0.44050460269691155,-0.45777169251892746,-0.4933569993725209,-0.5063505362702946,-0.5208598335032101,-0.551614744216632,-0.5650951898919165,-0.5818343587829802,-0.6165273163045186,-0.6428308841444671,-0.648714071527892,-0.6843046846872457,-0.6957041449170794,-0.7030984812753387,-0.7210750106376224,-0.7546194698191596,-0.7609636682046718,-0.7742801351469459,-0.8018409015826988,-0.7966289616666701,-0.8070797757753714,-0.829099077164321,-0.8334516814088248,-0.8295433527535697,-0.8459554359455036,-0.8461231195597076,-0.8481521783900321,-0.8640069994292553,-0.8715248799261849,-0.860489596221377,-0.8739515020605939,-0.8706329642803161,-0.8674693421152785,-0.8602480766923736,-0.8769381483482283,-0.8594045286785904,-0.851024843643158,-0.861699027025874,-0.834004791309008,-0.8406035168274391,-0.8541415371921757,-0.8404093408231869,-0.8158769949587863,-0.8124124097653909,-0.7933599556154741,-0.7721485759732791,-0.7442181575966259,-0.7300823771507856,-0.6995633655343252
-0.3794827818056333,-0.40275966149722325,-0.41972091614485607,-0.4676292468732772,-0.4979526780503852,-0.5265316019772945,-0.5646902118168381,-0.596601176185939,-0.6258384737848371,-0.6679985723268002,-0.6967566068595085,-0.7204341724192388,-0.759684304760153,-0.7786590106013415,-0.8015193979230544,-0.8282122379714767,-0.8857150465972057,-0.8920983273951145,-0.9244157782247796,-0.98724180977764,-0.9918132288086493,-1.0038460634019823,-1.037218627201228,-1.0466856627456853,-1.051169568357225,-1.0812766706414483,-1.0822613892769204,-1.0828939134327134,-1.0946395480238436,-1.1046461070119264,-1.0981084446449352,-1.1154025171024702,-1.102153566663785,-1.0974896453512608,-1.094897947886446,-1.1103204450709225,-1.104732002614614,-1.0850151800179548,-1.1212768362840881,-1.0802330599354972,-1.0821800302785012,-1.0955786599364463,-1.091110304169689,-1.0806911711361884,-1.075539181509578,-1.0700285118123518,-1.0474237925869865,-1.0214554613005227,-0.997439355885205,-0.965815557261478
-0.29022656940217684,-0.3267221430782393,-0.36204853962533423,-0.40647219432563425,-0.4363678501923845,-0.4603743526739354,-0.49964486097912736,-0.5264396961681871,-0.5678330545868261,-0.6293995488780618,-0.6646194958822005,-0.7109427086527603,-0.7859215869167917,-0.8171476042433118,-0.8560162188561163,-0.8955440723271973,-0.9821811447827468,-1.0203577445063154,-1.0599490961912041,-1.1336117065632647,-1.149241418999221,-1.1765496919424387,-1.2397087157504139,-1.2534854973670586,-1.2728023761865574,-1.3388938923808993,-1.3337394983370234,-1.3063723957028393,-1.3784323465544392,-1.4106293932104486,-1.4261160091964666,-1.480738855017919,-1.4749210196491864,-1.468286624421416,-1.4755050366665425,-1.4818694006192439,-1.4649545754112892,-1.4749821955920424,-1.4965188427923872,-1.4789726111943824,-1.4460662361621015,-1.4752804073438985,-1.4534347458253696,-1.4232384809076568,-1.42652699259744,-1.4038160129070545,-1.3771556860571113,-1.3624661430612353,-1.3466981086142522,-1.294261299598942
0,0,0,0,0,-0.40233632932698665,-0.46207556423730173,-0.4953040504500443,-0.5331661428251565,-0.5840589610383021,-0.6187510268689974,-0.6733050062193106,-0.746820449108222,-0.7972412406942448,-0.8682793371151918,-0.9203316652551551,-1.0332497081244338,-1.1164722278347257,-1.1832554333323035,-1.323070860090427,-1.3715646525938732,-1.464110937769787,-1.5477444343916775,-1.5894816605220063,-1.6218183684254543,-1.688097971239817,-1.7173535988678128,-1.7187096521051848,-1.778712288401652,-1.8060833327507884,-1.7918149256957205,-1.8441446500733127,-1.8422277997380185,-1.8535023813089473,-1.8654233186557447,-1.912301950794506,-1.8999891539764804,-1.8955976072422456,-1.9131784563708853,-1.8996186453803223,-1.9051109805757176,-1.9223970692256054,-1.90417753059514,-1.886306675034564,-1.8735705171394716,-1.8701698594777747,-1.821178629016363,-1.8077534301168177,-1.7901605199495083,-1.7074928290229123
0,0,0,0,0,0,0,-0.41469640857069506,-0.4419519200795785,-0.4803572776387809,-0.5141961014667691,-0.5979226532369601,-0.7244434076412875,-0.803341469030307,-0.9057553547749547,-0.9719225889934859,-1.070113858809546,-1.152115821807751,-1.2399128064014664,-1.357934173192329,-1.4350271286854877,-1.5117192149838758,-1.6624016024784989,-1.745694328003701,-1.8071345353316404,-1.922454524187029,-1.9632099029882142,-2.0012676369088607,-2.1367837934608223,-2.154393692360111,-2.191920084390305,-2.267963920614667,-2.3023761355286174,-2.309183616909351,-2.34210320294804,-2.405732255659365,-2.3983074864388967,-2.4061595579288806,-2.4337311154597323,-2.4230472203414797,-2.4220332169489787,-2.4500443317114886,-2.4550654445774676,-2.3991329788060307,-2.4003799411857143,-2.398901529741537,-2.3445890854807074,-2.332051775662694,-2.323532371722628,-2.238645868873842
0,0,0,0,0,0,0,0,0,0,0,-0.313483372698032,-0.3490712161819391,-0.5254999562769489,-0.708965232939159,-0.821754452664788,-0.9860762295750144,-1.1263036994542766,-1.2240012220938152,-1.378075778712447,-1.4915286023643424,-1.5769574028161508,-1.7563221467188213,-1.8501742252096887,-1.9691778273903886,-2.1643815403916555,-2.2671931187289265,-2.328655096011453,-2.4532004756349575,-2.490765498966619,-2.53042559982866,-2.6602334007864177,-2.6918109222042257,-2.722189096047035,-2.769189920148202,-2.8711165530174596,-2.875278540214417,-2.8954109237034595,-3.007124724402796,-3.0268156868845812,-3.0657823332640097,-3.1879410869557057,-3.278834976679964,-3.2007773136552404,-3.2917514980213554,-3.266406771770232,-3.231315500425928,-3.2100899200742186,-3.18555563123995,-3.131802875714329
0,0,0,0,0,0,0,0,0,0,0,0,0,-0.33751492006736655,-0.6471803804147224,-0.7557248026293159,-1.01321701244747,-1.2136752475995791,-1.354759812171495,-1.5821333190095277,-1.7260564727153334,-1.8075239035182256,-1.9852453929269571,-2.0857327751702757,-2.243244366510903,-2.513411473648888,-2.6082624550830737,-2.691950394068373,-2.84077007169418,-2.894476220161879,-2.9693454947810722,-3.178251685709404,-3.3063363135393127,-3.3881394248585197,-3.500092464980346,-3.6431634580619874,-3.646880274302303,-3.6951934993493762,-3.781497142205362,-3.7689002432336527,-3.829802587222216,-3.9013192971294135,-3.913409800320505,-3.8891677132638787,-3.9579073771874733,-3.934341465254837,-3.952207186044642,-3.9442547658000384,-3.9007723242993504,-3.822903692621485
0,0,0,0,0.10943400668439646,0,0,0,-0.17582196693217664,0,0,0,0,0,0,0,0,0,0,-1.2895467555836395,-1.4507334138854795,-1.7485868594560712,-2.197254642574625,-2.500764283573955,-2.711087631284162,-3.123127854561006,-3.297429329497071,-3.413293484898148,-3.73867591200627,-3.866585336808408,-3.953578690438305,-4.116415961291796,-4.161346124536584,-4.175891093346798,-4.231520129660946,-4.374500190732028,-4.41586858550279,-4.448392680012413,-4.635965404149185,-4.759858730066986,-4.784157781340099,-4.952493659720786,-4.993981596654396,-4.944780286575552,-5.017345570235669,-4.973236561728844,-4.9417664005261885,-5.040790220352992,-4.995735169063112,-4.86908390114907
0,0,0,0,0,0,0,0,0,0,0,0,0,0,0,7.4568663002739755e+37,-0.022353219612567355,-0.4723034826054282,-0.6491562388992166,-0.4466813105782946,-0.4534753832572792,-0.7087559864321139,-1.53023244609187,-2.1604690958640957,-2.6998491040760664,-3.247055553305983,-3.5326794934598724,-3.833651750815554,-4.116195899744097,-4.251533330897687,-4.473093757200104,-4.81370391193343,-4.950733081020698,-5.1197016359848515,-5.205903973317314,-5.420780998320595,-5.540504282690068,-5.635721254271326,-5.785676542912008,-5.8120123500917975,-5.972475794875507,-6.278202397197459,-6.318948827099946,-6.304571377409016,-6.407058864492447,-6.4348882951650905,-6.26182384882385,-6.3094014608054625,-6.267621131333443,-6.139640404033303
0,0,0,0,0,0,0,0,0,0,0,0,0,0,0,0,0,0,0,0,-0.589599412292809,-0.8923979722064707,-1.468533810550296,-1.862395745206562,-2.2466069820868655,-3.0236419019967826,-3.5458148879451548,-4.361356876174908,-4.709893519674471,-4.90549973867808,-5.128808060539588,-5.355436523081894,-5.565638241081861,-5.75869223848086,-5.9450162906694555,-6.257206470142774,-6.375270407531979,-6.515414091227936,-6.807745579163555,-6.922932602935447,-7.077934714629957,-7.379036196235511,-7.492001081744254,-7.522174903764062,-7.753020818158607,-7.764312222001164,-7.709211006364893,-7.905294259512201,-7.767806728826232,-7.548948472906029
0,0,0,0,0,0,0,0,0,0,-0.3285482100965116,-0.29377839847407455,-0.2608622401918547,-0.28095210995466463,-0.31923709834861386,-0.33081671760402664,-0.3637222110004917,-0.47955435567942173,-0.5488008449481416,-0.6858783167493675,-0.9111279493371891,-1.057853976090624,-1.2032807930934164,0.612161982393504,-1.873780033162413,-3.373154478682595,-3.3145357122862946,-3.554300503775001,-4.402072341326626,-4.7845501275149065,-5.033480017074703,-5.372675258021142,-5.504312064182144,-5.83036943976199,-6.143324552598695,-6.513850583198038,-6.751452359172596,-6.9108940682850575,-7.2087508455703775,-7.48302862652786,-7.690418632258159,-8.120638679549645,-8.275143951823388,-8.440045984707277,-8.756597194533885,-8.860950644406278,-8.828022842242854,-9.046946890108014,-9.025654217975179,-8.623312498897688
