jsons/1312862400.json
{"header": {"parameterUnit": "m", "parameterNumber": 3, "dx": 0.1, "dy": 0.5, "parameterNumberName": "Northward wave", "la1": 40.97354507446295, "la2": 16.46031188964855, "parameterCategory": 2, "lo2": 133.9931640625001, "nx": 191, "ny": 50, "refTime": "2011-08-05 8:00:00", "lo1": 114.97908020019554}, "data":
[rows 0 to 21 of 50, columns 50 to 99 of 191]
0,0,0,0,0,0,0,0,0,0,0,0,0,0,0,0,0,0,0,0,0,0,0,0,0,0,0,0,0,0,0,0,0,0,0,0,0,0,0,0,0,0,0,0,0,0,0,0,0,0
0,0,0,0,0,0,0,-0.07969988164926535,0.014280239873071037,0.04764042370529287,0.06849316760068576,0.10947051395792229,0.11492748899832783,0.11873572294800755,0.12077328495671565,0.12220822705691774,0.12477307745828348,0.12397302570698325,0.12822065941335628,0.13479290030045044,0.1335219103040757,0.12726280135927698,0.19194401578364156,0,0,0,0,0,0,0,0,0,0,0,0,0,0,0,0,0,0,0,0,0,0,0,0,0,0,0
-0.20249571327906576,-0.1052240474629419,-0.1366707120983332,-0.1273560977988754,-0.07275651512403047,-0.04791632030356282,0.010187095583818211,0.01568879703088963,0.06422860500315787,0.08487083593841627,0.09759964769137511,0.11688214028537341,0.11760058568370585,0.13009722503487914,0.13906955841378335,0.13893715161599768,0.158555787058258,0.1715498272807345,0.1743646145937012,0,0,0,0,0,0,0,0,0,0,0,0,0,0,0,0,0,0,0,0,0,0,0,0,0,0,0,0,0,0,0
-0.25239679611050053,-0.1583880999150287,-0.1055442287380355,-0.07449852154692974,0.034967835837754355,0.06960782939076822,0.1011878448231651,0.11522249254718875,0.14780994651742127,0.14994362522482077,0.15977571018511127,0.16168953062329702,0.161255802070335,0.18618094065760574,-0.1693889993269125,-0.26475874491970114,-0.09530996244845014,0,0,0,0,0,0,0,0,3.1368950007380223e+38,-0.540641087758044,-0.591581523966761,-0.6175917530901179,-0.6316870053309116,-0.6441032207522573,-0.6430763836650655,-0.6454858283850007,-0.6563137260427521,-0.6594701206710627,-0.6806345821924645,-0.6761259540552403,-0.6762154641082679,-0.6215214200344753,-0.4690635740853048,-0.34314005700539374,-0.29666164100851183,-0.20226338484643544,-0.14162846918716163,-0.09492653398945118,-0.053319330598484635,0.025701524228797366,0.06743132570515557,0.09562202803274084,0.15509404686949757
-0.49951292938730174,-0.49875165807380345,-0.5076073397052441,-0.5386076308752359,-0.4854039776475176,-0.4630404435881935,-0.4410195410202711,-0.4836283223772983,-0.11755700290383511,0.1426060668464847,0.3805622536683453,0.35737564470958555,0.2202224565778625,0.209983460067316,0.038677322171889524,0.006114809518232264,-0.35749620112062114,-0.4270327846180587,-0.49678210484426605,0.16415711665187854,-0.7281880594636703,-0.7512291690454882,-0.7526793611455213,-0.7364699814539336,-0.705841979126703,-0.6927488963390991,-0.6836793688067045,-0.6791697239759645,-0.6813013395289939,-0.6606432483650033,-0.6277516591949159,-0.632132057678012,-0.6095177585432224,-0.6148450745746751,-0.6489217832358406,-0.6676444715782192,-0.7796912081681723,-0.7962186341780908,-0.8042464349856002,-0.7218039573022024,-0.5191146103251717,-0.4109973433617858,-0.30691624627991454,-0.17925639071307137,-0.1165281816963236,-0.07609981419324376,0.0919446809081354,0.17671541686503334,0.23216153441042892,0.3034770897207615
-0.5411221607176323,-0.5564688907372299,-0.5818545639804399,-0.6028449144253113,-0.6292707895041991,-0.6457693969857411,-0.6777225460576497,-0.7019853457033123,-0.7066359323320144,-0.7319564285124658,-0.7362553276775504,-0.7529575985551044,-0.7659524982641117,-0.7710052272238085,-0.7786919594734271,-0.7709991805394618,-0.768589953632933,-0.7461826741950305,-0.7405485731536727,-0.6936298164992903,-0.5945612477568262,-0.568914729512547,-0.4923879595378613,-0.4763631001586611,-0.4414877601855683,-0.4363959326531101,-0.418409351728229,-0.37483291168967625,-0.3747981582350421,-0.3570314590427003,-0.36804626337971097,-0.36991159121550743,-0.3739217836440287,-0.3828864716174373,-0.41368173015389315,-0.4299460253477195,-0.6301695150390005,-0.7575615110963444,-0.8218729272812518,-0.5987351410290038,-0.3294235570691727,-0.2614281701754463,-0.1405892695048973,-0.01498184275132142,0.05507721572632797,0.14336298238898382,0.18846012692480377,0.27028914405588195,0.32866006972794487,0.31537660091557146
-0.32871964367587275,-0.3167276309713816,-0.3182498185111565,-0.30763927013848397,-0.34103724598631924,-0.3473647000382966,-0.38206279097420726,-0.4141259130763314,-0.4466768728216004,-0.4717292868432934,-0.4597433104605595,-0.47801837882043247,-0.4850369047423229,-0.4890010314148349,-0.4447411146246957,-0.4466652573763033,-0.45326638892046245,-0.42771403060160035,-0.4195767785285727,-0.39654591504933534,-0.36563999725662166,-0.3479425206445167,-0.33523027787053056,-0.320415182300035,-0.30157041323569955,-0.30684589507597815,-0.2520087395630775,-0.2069781216761976,-0.17451329543256872,-0.1537019773944602,-0.07844972499513196,-0.052585138828148366,-0.027717216908093843,0.03518137062735942,0.09304994442071096,0.10209990243568302,-0.027660545444767957,-0.2925869387258469,-0.6565976874106546,0.12034209202248566,0.2499337026853118,0.25003261011735056,0.26806760435773297,0.2652052941404245,0.27257678549344166,0.28759918557228564,0.3092935132586776,0.3240743290975307,0.3801922379262648,0.3582385552934695
0.09860275792820655,-7.725804087532855e+37,0,0,0,0,0,0,0,0,0,0,0,0,0,0,-0.2821457336292965,-0.16064326247854932,-0.12565183178593994,-1.0469072332859453e+37,0,0,0,-0.30706823819962303,-0.24384565939038208,-0.30636259751716605,-0.3394710864878484,-0.24686033690431464,-0.16948379627120078,-0.13029964856836035,0.023975471693360322,0.1016191080006548,0.1569679293528029,0.28358878232188284,0.3646197157411206,0.42483480462721535,0.17665058644117707,-0.00622228926979127,-0.449139999237203,0.43701112108085344,0.5074459425040935,0.5376896111701635,0.47216155990047326,0.3649406098431317,0.36292756043469504,0.33873752125773726,0.31468861995139813,0.3232058165953753,0.34912928460670556,0.3738479141143654
0,0,0,0,0,0,0,0,0,0,0,0,0,0,0,0,0,0,0,0,0,-8.212481470420105e+37,-1.9306347747576805e+37,0,0,0,-0.5218282101240039,-0.30119758238666866,-0.19149388521981883,-0.08802679123666932,0.11475414932794162,0.19771737224449515,0.30584618142897846,0.45806214193477796,0.5215127337188928,0.6126309111352707,0.6815740161387154,0.03312648805951945,-0.5882529191546707,0.7492704016910824,0.671473455931837,0.6787276895812107,0.6608898486017318,0.5813875622032684,0.5808240839619009,0.5687181257521622,0.5553063233929442,0.5853275419954291,0.6143564049935868,0.5851287038534484
0,0,0,0,0,0,0,0,0.05126939246888712,-0.21589241142365675,-0.19595423085133157,-0.32147103379036385,-0.05977608356745469,0.05731494912257775,0.248256245718197,0.23576060866757456,0.2939640473741586,0.22817885093120768,0.18833132082351162,0.13498516129986524,0.04601522836580927,0.012813153062128215,-0.04607521546572774,-0.05449684207410333,-0.056657050281125054,-0.02753386083677874,-0.007563924895079263,0.01342607238647535,0.05949067020969417,0.08663004236921922,0.2378555180999447,0.3135559521466628,0.3774403238847681,0.5505290030729677,0.6523802465197621,0.6486699897395561,0.03691342329512032,0.025720768456981048,0.3908430753260343,0.7912328879703757,0.7400187244358631,0.7167000109798126,0.6374540834425882,0.6456314714979253,0.6471907767150119,0.6411065386258836,0.6292322919061832,0.6665725492336682,0.6858768787248152,0.7021933454434196
0,0,-0.272905604295783,-0.34570674604845614,-0.385119819391221,-0.4144065669108413,-0.47787955891533285,-0.4794129935192272,-0.3588911929365453,-0.30368130289202466,-0.1930217690506753,-0.1450726623661399,-0.09858540894039051,-0.008882451257045678,0.004828240839869153,0.07972682596033656,0.10636286822974594,0.09892119922136394,0.11597497047589407,0.09678639603309447,0.08799157065964167,0.08696710674943033,0.11622928243349777,0.1219395124017705,0.2199294107385642,0.23659249191356238,0.26465069621104326,0.3284475602691824,0.3605180648204189,0.390602966376069,0.47416481547501776,0.5517029775835837,0.5876016290405935,0.6828606370509989,0.7458675901944651,0.7953880493941923,0.2907883108233006,-0.8697664890819173,0.49901771834830244,0.7898885355688311,0.8156532293167967,0.7968904051788913,0.7535803256937655,0.715212525868928,0.7009199526682537,0.6967628958375576,0.6883089163666233,0.7033777477632385,0.7072858841107929,0.7266724731609371
-0.4800941695157832,-0.4525448282418496,-0.4269454994847127,-0.4365713361211421,-0.3889579334539255,-0.3776263736870464,-0.36752511944449373,-0.33734286468787417,-0.2687140120611709,-0.26355100108988244,-0.229651723717525,-0.11156279396118336,-0.09224459952702979,-0.04347447556382249,0.036779408582770616,0.0677661963871549,0.11421909933426656,0.15879175711913798,0.15985168388814824,0.19023179869489043,0.22799644817810122,0.2381228185847399,0.2663484854694647,0.2772940627038985,0.3454011660260263,0.3843389468512169,0.4325529430172754,0.5463209746857954,0.5553318848729359,0.562117250594951,0.6234604717423354,0.6576624396358158,0.6818064765912963,0.7356495314734999,0.7699068867098569,0.8005418587961682,0.5796532472317005,0.8346354798431893,-0.8069607957937357,0.7664309320221167,0.8069928735196515,0.8398526746362271,0.8205544473247917,0.7777454928988816,0.7743657537305885,0.7829462223905413,0.7931019538491109,0.7977693849007933,0.790575542976467,0.7865265943360277
-0.3604450413162936,-0.3217295088898075,-0.305466008817334,-0.31576409978684516,-0.2974122027399896,-0.26779912166914716,-0.2589309077003946,-0.22586117814791393,-0.19087047477888017,-0.17657868901539994,-0.1359535587082247,-0.08431715247945189,-0.06758948557799889,-0.04744036612401071,-0.011095324156391867,0.012543127151031003,0.012401488678195847,0.07196493032107144,0.15295651788175219,0.19058931002692,0.2659326325630347,0.29024720151717553,0.32785506254369107,0.3807822605753401,0.4322149339313851,0.45745675458300694,0.4728942440813378,0.5442348825787189,0.5860966861037342,0.6049636147560071,0.6710718999907894,0.6862265747845421,0.7062276697040556,0.7594129534527053,0.7854054165417792,0.8061041781297956,0.6436088570876733,0.42853121400796085,-0.8641566020036243,0.8065015726388323,0.8426599724091831,0.843241740192138,0.8391784216191764,0.8015730877276862,0.7827956838222582,0.7801202272687222,0.7716223885935758,0.7866154769018159,0.7802821189061135,0.8071384722406435
-0.22548540515329943,-0.23299243760474123,-0.24295704604273977,-0.2601605639991016,-0.22273931510496717,-0.2070519645004909,-0.20070454157345302,-0.18731184523209488,-0.16203965660962238,-0.14440692037940206,-0.12844328552294648,-0.10962737857950415,-0.10943699770311684,-0.10563083697155974,-0.07352962101147434,-0.061540142004796156,-0.04631628372777859,-0.0004546856860915231,0.05366657388699652,0.09184534937298826,0.19360675104633038,0.2454629299904228,0.2845725648514543,0.3313451824154188,0.4323198583608804,0.4740917091023799,0.510623589988564,0.5312567337528581,0.5652466521795977,0.5861023165274439,0.6239790673131154,0.641095212907997,0.6618041171601726,0.712988084839501,0.7324420155791441,0.7705495233207967,0.794846948158947,0.7111764706244025,0.552829946286391,0.8061803290780292,0.6895266178499063,0.8485258029396487,0.8465910022344657,0.8281234278388775,0.8270355844878037,0.8104760385087563,0.7824744705245015,0.7674088548514899,0.769243043899944,0.7724255869025949
0,0,0,0,0,-0.27024548581755886,-0.28554724045608765,-0.2620732118197923,-0.2090300105421678,-0.19456187608983813,-0.1861843313054957,-0.16475642605704144,-0.1638595909504762,-0.1593467452196388,-0.10757939121287437,-0.10266369085310088,-0.09928380547600438,-0.03888489193423244,0.011097247499639399,0.06162619328084906,0.15781784207184776,0.20294553072858396,0.2560234471532041,0.30657317164258596,0.3766307060477164,0.395309269993408,0.4105872004886627,0.44839262659761775,0.4918722800631507,0.5251813305178776,0.5746049508859081,0.5955484303756571,0.6250978720086553,0.6698537627264337,0.6915580921649463,0.7139332688868201,0.7607942772028434,0.7835028631149575,0.807048463409971,0.21914178717764712,-0.11342971411203452,0.44604111466832036,0.8342507891336295,0.7983963783864207,0.7959946041711128,0.785394215301444,0.7404734264520604,0.7348148742335718,0.735123578975742,0.7147290250768211
0,0,0,0,0,0,0,-0.27939157246096985,-0.23025033156895258,-0.20500338650581645,-0.178838613923801,-0.21015521037658266,-0.2290622674527395,-0.2520731488359857,-0.2241869299098952,-0.1953827445496071,-0.16708251775763394,-0.11362532289772324,-0.088068600790785,-0.06824214106917253,-0.02374861634177628,0.009096624067839574,0.06140942042068462,0.09148580382915346,0.2129486132482752,0.2754149678803439,0.30314688192055905,0.3781539621201061,0.41791290236903655,0.4366554083930109,0.5182716991207104,0.5474947676281421,0.5744131924210557,0.6340371213862387,0.6728346254414558,0.6947480402559522,0.7362676117477494,0.7589860949499074,0.7836878447138297,0.7448104971451213,0.36122056039659645,0.6242128039148277,-0.045925320232735684,0.8213327980997019,0.8575707625993557,0.847300053605996,0.8077996894023578,0.8007584773535931,0.7912373432112193,0.7731466248630132
0,0,0,0,0,0,0,0,0,0,0,-0.05433277686069232,-0.1333464599121525,-0.23334726379385465,-0.2544563856924852,-0.2648287604830536,-0.2788476596233743,-0.2272056877860613,-0.21562470333614878,-0.19650306985929267,-0.12764619407330755,-0.11479437615440814,-0.07990022447747101,-0.0386271780526826,0.025227675945488543,0.058055713362558,0.12620254407018222,0.1991215712597555,0.23243911423150077,0.2761753475854527,0.35346652219160085,0.4087144206324239,0.4321937242956813,0.4964722220538777,0.5393435679300753,0.6052234632445342,0.670354373550024,0.7021714144176613,0.7335936114332843,0.7774878590765224,0.8081308494599873,0.8308906616795704,0.8038266149696537,0.47362093741562944,0.8698182202282728,-0.806850372203131,0.7687055857510552,0.8735652238743705,0.8709019243605629,0.8540983081879324
0,0,0,0,0,0,0,0,0,0,0,0,0,-0.023748118377024754,-0.252446516848979,-0.2676063113807679,-0.3291625834044685,-0.29501438630858123,-0.2882503369456394,-0.29088051761323636,-0.2558246869922122,-0.24585744842245677,-0.24340671927170018,-0.22318962614311427,-0.1744877007703234,-0.1520010773861022,-0.15059872734703153,-0.1156661002376182,-0.05754990184932127,-0.003991582545482508,0.1298306523517281,0.1730978159306658,0.20810059101194,0.2717861869133275,0.3387411210713341,0.4096822815525595,0.475947039070833,0.5185292424482586,0.5785645430264903,0.6679370400999204,0.6992534409200165,0.7489873159698274,0.7788797809968958,0.6172190734537986,-0.8192465161421102,0.7665998924085708,0.8123758336336376,0.8160568532193727,0.8163094326563445,0.7726094704815724
0,0,0,0,0.0005699840372585815,0,0,0,0.005101520978235284,0,0,0,0,0,0,0,0,0,0,-0.3661390612488349,-0.343721319072934,-0.3559211065423725,-0.3804476926610124,-0.3778455636498103,-0.36969642136434444,-0.37799820735562084,-0.3823762257740719,-0.32615368931357624,-0.27532550963533464,-0.21267359799275348,-0.07464482913070591,-0.04321109869803606,0.013974056189488276,0.027742241928443514,0.05048476691017945,0.09339477139493944,0.32029640707436474,0.37247056102566406,0.41831203131182754,0.5146138840164838,0.5753794192161613,0.6440414702869631,0.675038401699926,-0.443361688899468,-0.7689925022222471,0.4371913190025602,0.7247327853590266,0.6914496872523618,0.6762396953213886,0.6057909549184175
0,0,0,0,0,0,0,0,0,0,0,0,0,0,0,2.9205553792388446e+38,-0.018000444566592718,-0.05081837691255436,-0.055230011265531634,-0.07703531836303774,-0.11870713048145978,-0.18100887402453814,-0.348115574868924,-0.4209645512767977,-0.4533415193465668,-0.5007955337068578,-0.5029010692472647,-0.47118480794477413,-0.45807676881825643,-0.44293589705787906,-0.2906363515591392,-0.22304925516713897,-0.1419542987739962,-0.0707704754317908,0.02886762282697156,0.11613952997932737,0.2924525251878516,0.383511026621106,0.4484982806740174,0.547476246134903,0.5743110574412748,0.6169410525905127,0.6570884684082002,-0.5012482659837303,0.1986209113944452,0.7022133880348298,0.6478915167963374,0.6040102657479303,0.5573717027634637,0.5262932395638041
0,0,0,0,0,0,0,0,0,0,0,0,0,0,0,0,0,0,0,0,-0.1554786066393218,-0.26447801053020825,-0.4122417777104816,-0.4500189410269714,-0.46291998605974927,-0.5170684905992243,-0.5409302865019919,-0.5349558747910897,-0.518072598965106,-0.49548259199710537,-0.4524248426685683,-0.4574744530092122,-0.40443054707697035,-0.32191094838961437,-0.24660669295116366,-0.19117809977055888,-0.16194775281308615,-0.005728151482691365,0.05561005111583052,0.5367014202321466,0.5421504680359855,0.44191887008330644,-0.7611990345891197,0.5753484331511611,0.580605727909323,0.40601493945020384,0.3135298053034606,0.2683520713494988,0.1905218168092483,0.1516423993975192
0,0,0,0,0,0,0,0,0,0,-0.11954233384115277,-0.14196652585175332,-0.1667672767060498,-0.18781303846639127,-0.21194000834745652,-0.2325459774769559,-0.2761028132103198,-0.30156443737849953,-0.32448587438902843,-0.3582716142564234,-0.3730770819523252,-0.37931323567342495,-0.3699300345464453,0.23652826846813202,-0.3321521229533401,-0.5872685482850561,-0.5909924948810806,-0.6081975418106144,-0.6090287260989004,-0.5820505429931753,-0.515383415661164,-0.4557093737218298,-0.33629188402431964,-0.2196678009236682,-0.164194959486896,-0.07024289476917071,0.12757322169063007,0.3472655850014318,0.27016984669390454,-0.07458859962457767,-0.3381938109693769,0.3371430338278468,0.22446437698707944,-0.7423499431470644,-0.37097997467497085,-0.14859837099535583,-0.07031563117393942,0.02091793588648776,0.06541166419685226,0.13148254086456007
