jsons/1312542000.json
{"header": {"parameterUnit": "m", "parameterNumber": 2, "dx": 0.1, "dy": 0.5, "parameterNumberName": "Eastward wave", "la1": 40.97354507446295, "la2": 16.46031188964855, "parameterCategory": 2, "lo2": 133.9931640625001, "nx": 191, "ny": 50, "refTime": "2011-08-05 8:00:00", "lo1": 114.97908020019554}, "data":
[rows 0 to 21 of 50, columns 50 to 99 of 191]
0,0,0,0,0,0,0,0,0,0,0,0,0,0,0,0,0,0,0,0,0,0,0,0,0,0,0,0,0,0,0,0,0,0,0,0,0,0,0,0,0,0,0,0,0,0,0,0,0,0
0,0,0,0,0,0,0,0.009171371994722061,0.008223895258389019,0.00586480904963096,0.005295409928524689,0.0042290186537575795,0.003523364896393988,0.003210889516530798,0.0029795958426437883,0.0027954688236068647,0.002178911917127604,0.0020160335568841768,0.0016360629132733378,0.0011182126080303315,0.000812816498702883,0.0005498112573125186,0.0002707016245332363,0,0,0,0,0,0,0,0,0,0,0,0,0,0,0,0,0,0,0,0,0,0,0,0,0,0,0
0.030690099544725277,0.028716261132052022,0.026260524076382245,0.020673497346336667,0.020123139283321746,0.0184905991495553,0.014135797882182673,0.013508709162072866,0.01220848750911842,0.008385796593178731,0.006840513956253291,0.004973708213921289,0.003732244668243924,0.0032456480890556967,0.0027837813191165265,0.0022952430718018906,0.0011074315209612339,0.0005250724460179652,0.00015596558341475877,0,0,0,0,0,0,0,0,0,0,0,0,0,0,0,0,0,0,0,0,0,0,0,0,0,0,0,0,0,0,0
0.03567439440007531,0.03760797834703071,0.037413694366657875,0.03424238704752932,0.03381773138372779,0.031969845154449894,0.024461262475138697,0.0215726996050506,0.020831447248795862,0.014100917872120141,0.011180881752071967,0.007549367331067576,0.0035533237467342865,0.003117858258087062,0.0010473890760041682,0.0006623723380024314,0.000468489486363774,0,0,0,0,0,0,0,0,-3.1453849489706265e+38,0.12749869607230638,0.12879448222889844,0.12810451610502352,0.12767982427896998,0.12788864257599036,0.125872505940914,0.12590411346273428,0.12514080929181787,0.12302539356870566,0.12117505173414686,0.11982846886530313,0.12031405108254278,0.11507800979486776,0.11235549398879541,0.10603575468985488,0.09653242527598138,0.08809777952938773,0.08439574062033578,0.07362003238570211,0.06531339288849297,0.060340018814364474,0.0474192239307136,0.0452553263007412,0.03833814864104033
0.025793029772299914,0.028911078029268403,0.030374910378350002,0.032784318151728185,0.03676519239366847,0.038433231440872455,0.04100556123504982,0.044305699748477395,0.04926104947316737,0.03936683986805221,0.03343616465788869,0.03194926492269848,0.015764045587486886,-0.0022086089946074983,0.002041468021289058,0.0015545884157943987,0.0526241435097143,0.0995025172180781,0.09959818487744729,-0.13953371214602187,0.1300187656265956,0.13424444342909883,0.13795011958422831,0.14085396768377953,0.14284961798520085,0.14356922315010617,0.14452813966673014,0.14600966011112781,0.1448896454679557,0.14554085595387625,0.14597638741393035,0.14499673448032507,0.14256744470473717,0.1415430094393385,0.14157237901138733,0.13750620988651077,0.13710520851360478,0.13350731526777615,0.12933662678292362,0.12621868473027514,0.12420676825587905,0.11681078760855745,0.10909970631683635,0.1042910661195874,0.08910539780457948,0.08418732353360817,0.07458186227372693,0.05390825929435602,0.045936546663293276,0.036909688958444396
0.009898833949396087,0.010921014820671425,0.012552632939713718,0.012880415360195392,0.015414653021901705,0.016510101219344524,0.019570422399439857,0.022124152991714933,0.025117756912681404,0.028087419005086444,0.031115326448937657,0.035796678212682724,0.04105739024906916,0.0458141439093837,0.05209026404617428,0.0584579770098326,0.06476499900134655,0.07685498119139231,0.08457965214994234,0.0998793096146685,0.11139905482475176,0.1194457316412752,0.1284606775103284,0.13352129111394992,0.14086143314748656,0.14602858157686283,0.14840430736367646,0.15088403809385395,0.15277489214250276,0.15366123061917014,0.15556853708870833,0.1547032134610176,0.15447279850655224,0.1552935379838622,0.15582067526275378,0.1524030447076972,0.15167858848441967,0.14984725397138157,0.14550902053747203,0.14281313750071056,0.13804590057569632,0.1303412313275536,0.12547086920208098,0.12298324401833026,0.1112029738356052,0.1036905409251061,0.09491700781992256,0.0660462054108666,0.05395685117815078,0.03418024762327356
-0.0026568456578737317,-0.002466182031616444,-0.002289815132677333,-0.0023333885409441025,-0.002088255496950361,-0.001001632188475448,-0.002395100471650165,-0.0012144882518159478,0.000261501948191959,0.001229944502078903,0.0013784741692358597,0.0031645561064000257,0.0055561513552116375,0.008406135707630828,0.012105063996651436,0.01582052225036175,0.021276813398984455,0.030407011420691826,0.035224189077878484,0.048547521922295535,0.06121082782066459,0.07469975594252513,0.09134321283382499,0.10965808781668251,0.12259730204098351,0.14102584503053195,0.145648235629172,0.1510283501230469,0.15602986064149646,0.1572259394556547,0.16021240723474903,0.1627794219130941,0.16355286616910086,0.16572486470186404,0.16443796031307864,0.16294713845095302,0.16357591872652197,0.16396805460738473,0.15970201915185742,0.15831723777194218,0.15487451663434884,0.148144832100565,0.14349641230152518,0.14022841200081596,0.12779889995059965,0.12403854058025775,0.1177927811573637,0.10152318790428387,0.09428218261555694,0.08524816490502614
-0.001363730912764975,2.908613844177025e+38,0,0,0,0,0,0,0,0,0,0,0,0,0,0,-0.006346707454921658,-0.008038703242473626,-0.005749028848232784,2.431699511694071e+38,0,0,0,-0.006858114196512363,-0.0025652654655573003,0.05018153781315421,0.12774734206670407,0.14909831098939494,0.16010361504658763,0.16189201730796643,0.16505546195588805,0.1680887928748435,0.16903519761380945,0.1704004586690377,0.17208314117383694,0.17263007622253448,0.1734234259633967,0.17364329690958138,0.17246129616727587,0.17146313053621054,0.17136693407648776,0.16831685366692378,0.16730301769438174,0.16383281534401695,0.15538494072521417,0.15126242777298046,0.1472549805616001,0.13595433115423813,0.12928909166398886,0.12340986436746908
0,0,0,0,0,0,0,0,0,0,0,0,0,0,0,0,0,0,0,0,0,-2.9449215428486142e+38,-2.9432519932051126e+38,0,0,0,0.16463583779927424,0.1669593101707574,0.16751709232415943,0.16801280359782586,0.1713547403162149,0.17522335693873903,0.17883414716504487,0.17972863623089436,0.17963016615729052,0.17932818048231475,0.1810341197248181,0.1817931733225227,0.18180900581393966,0.18338938682236208,0.18270721082054023,0.1789083018272531,0.17746512032159306,0.17713352031682683,0.16919863954834014,0.16454269234088176,0.16293611662818935,0.15353817658539595,0.14787866574266192,0.1436636340496648
0,0,0,0,0,0,0,0,-0.20448311133528027,0.17191768103094715,0.17383030602665916,0.18154788055363744,0.19481085487422187,0.19535564380158635,0.20099632396559314,0.1988806389958005,0.19880021115604368,0.1968281549151291,0.19727663970990159,0.19382207681084865,0.1921250668058578,0.18829315498832458,0.18591042119959256,0.18583875092599167,0.18603602975324415,0.1870675987373268,0.18657306063447088,0.18649889440764206,0.1869969151677757,0.18888422047290832,0.1875191789825913,0.18949467840482198,0.19023197637315606,0.191819394373122,0.19190897179157032,0.19292923442837537,0.1938941720357516,0.19285170517584957,0.19365805811970885,0.19536590462731707,0.1958755884736845,0.19595183484613377,0.1957251823833231,0.1948346246906239,0.1939027879479787,0.19041558810342984,0.18537710860159742,0.17661053537519789,0.16889520499515584,0.16009454809331541
0,0,0.16202736080264155,0.17300376539800574,0.1783022867002009,0.18398276130245456,0.1955254898096574,0.20004803408912225,0.20213753083274927,0.2057538280120286,0.20853490871295516,0.21080005689916453,0.2118443626490763,0.21220146660800163,0.2141008261373714,0.2148075452482178,0.21563591297620857,0.21552888024529288,0.2159551511549891,0.21247804263635003,0.2118793992595513,0.21148510978069082,0.21060868605929553,0.21099468596255502,0.20867159165781082,0.2062342270622107,0.20522370955954297,0.20045120103971337,0.1989831441982137,0.1973550271927127,0.19484432138028246,0.1965384597129402,0.1963575199803606,0.19562610410287967,0.19731113492434102,0.19627385190566085,0.19975521508050506,0.20077995328742598,0.20236342346340286,0.2010695595794008,0.1997142340005393,0.19963988389969833,0.20089482781433382,0.20268830964972437,0.20322588959900012,0.20435614084544854,0.20578178241690478,0.20045351831840869,0.19480099717707564,0.18636384541132114
0.12613062004765008,0.13379247848934764,0.14056538491507692,0.1515231667740529,0.15940302179067684,0.16491948183092633,0.17379290697452454,0.1777764370252468,0.18311627623118074,0.1902771688887499,0.1931701380486237,0.1973158683208757,0.20544036929672346,0.21051273300258186,0.21668211729981954,0.2192645423862443,0.2238009307285318,0.22711174501109152,0.22744027287673266,0.22658259391296018,0.231003799059942,0.23164063252004816,0.23431297818705543,0.23673058181963938,0.23688653410467472,0.2346374147140054,0.23451893082955094,0.2335700162881687,0.2299747482560251,0.22856735113935095,0.22504919533377477,0.22417761185472612,0.22347578287880654,0.22397003158105502,0.2235225379686714,0.22399180221874196,0.22346362171279807,0.21838449611419422,0.22273184659312642,0.22101515741867273,0.22223622070282698,0.22464327766802442,0.22493798059817774,0.2252547760872438,0.22503358834945666,0.224297761931716,0.2251756935744351,0.2239377525264216,0.22872661732432997,0.22865635180617375
0.0646536420012194,0.07558414253894871,0.08180529406193954,0.09255079615027348,0.1058321063194604,0.11049055104556023,0.11855559953309247,0.12720906316107963,0.14270892525803022,0.15405222435979254,0.1623698097093188,0.17224685355526628,0.18127113356963875,0.18856183284817454,0.20124960462205294,0.20970495040790338,0.22110042546289835,0.23484837310915407,0.24322122102259106,0.24686937497493008,0.251026529225088,0.25416859402829456,0.2568466221300197,0.25840336417655135,0.2627875872676154,0.2647540095687631,0.26546036898529785,0.2666156577696469,0.2662210065870347,0.2630904400934603,0.25854806818824194,0.25633638525811686,0.25353251692169526,0.25072113738793284,0.24935978951306678,0.24620680586915641,0.24494625201367626,0.2463312463631078,0.24392749493697297,0.23975311317552478,0.2402658728750703,0.24403983168703347,0.24532479475212782,0.2539959270711256,0.25805737874876983,0.25786067558218373,0.25779485121308177,0.25854838556864645,0.2605845747204453,0.2669837776076138
-0.06690744582046329,-0.025890620744947846,0.019974104112624083,0.0354167788381284,0.06125757921285649,0.069137543610303,0.08203034377417782,0.09110239141420681,0.10535467973107333,0.11860484345399581,0.12773107536582937,0.14481822402856703,0.15955775818900034,0.16804606179171636,0.18033822786048104,0.18627472577697335,0.1997361639107051,0.21430108203088563,0.22348490994542303,0.231262391693023,0.2350112198173138,0.24498255857703588,0.2505429073944422,0.2557784008010612,0.2591398269021825,0.25891953022950354,0.2602618429692299,0.2544253001772962,0.26000637005958016,0.26289235613530193,0.2580592894425664,0.25719964715474414,0.25435125984073426,0.251597008815895,0.2523810834627367,0.24624260956882793,0.24060563973221027,0.24092599843035453,0.23976746407099664,0.23731503978175084,0.23680721726031978,0.2412822857542508,0.24668862815196801,0.2516710239911615,0.2594623440276776,0.264409154417216,0.27453588538728535,0.27937774797492215,0.2795936057692434,0.2802782429253764
0,0,0,0,0,-0.0036616798345306084,0.015059297358722752,0.03620565771446829,0.05951937704711248,0.07011029391782701,0.08170181114044187,0.10686907086157736,0.12457086134512621,0.1407873096615204,0.1511706556896981,0.15486169190554708,0.17025709129689,0.1822119288663054,0.19024031911744838,0.20109320084017618,0.20964561639561705,0.2038645405741441,0.2079561291402316,0.21234814927733114,0.21989070154059828,0.22360982849918243,0.22605180021767948,0.22572054061737618,0.22708319358362852,0.22547582869287083,0.22865555288924327,0.23286950281389518,0.23638449076583662,0.2331123603909788,0.2317944932951399,0.2301635280260498,0.22621839066082755,0.22355861831530507,0.22663859223093055,0.22225666732638116,0.22802086099157753,0.23282547048051716,0.23718833701786887,0.25245896258287437,0.263234565139898,0.2717693856087328,0.28991538912788806,0.3038860208586477,0.3107958139933228,0.32111145533621727
0,0,0,0,0,0,0,-0.10915463096299222,-0.1153724539035941,-0.12070317140961373,-0.1072530881910989,-0.049237164520181315,-0.02498411629318819,0.006349082787793222,0.059869522349124106,0.07438527027573001,0.088274985022449,0.10306054062578485,0.1113392630319654,0.12050045774735976,0.1222724979505927,0.13071271498842052,0.14921193413052583,0.1495151800105603,0.15844361499632842,0.15762036461871123,0.15594786958701246,0.1548853250223088,0.15692024507620994,0.1614669811953121,0.16381725560565044,0.17115043076086878,0.17352922159399603,0.18079088989636763,0.18860227571018257,0.19609687690188715,0.19935335439714924,0.20155462956649914,0.20345882755851796,0.2094634094626097,0.2102886063376744,0.21877081029007264,0.2217805025515221,0.2294415579407122,0.23991322972171503,0.2518597513701221,0.2699989628863895,0.2878405686326106,0.29694547731853765,0.3184566223347118
0,0,0,0,0,0,0,0,0,0,0,-0.12585912175189123,-0.12074417475037413,-0.10432849006950803,-0.033463480823431827,-0.020060623551083765,-0.00512522669735768,0.01738586446055037,0.030107957957908427,0.03314058751183695,0.04487052916262009,0.05085519122203234,0.05432502242528546,0.059287076475633686,0.07937830771281329,0.08726539075178678,0.08404965192059365,0.08903256750957333,0.08825572728372617,0.09436166136762661,0.10287362349652282,0.11803983744024082,0.12042825190760954,0.12734521633957138,0.13378867657620494,0.15122057116352614,0.17464519728921427,0.17832351484419295,0.19495152752117464,0.22135087537052228,0.23695533386181508,0.2514421749924142,0.2653216930455831,0.26996766466813515,0.28591914392144674,0.29162783219548727,0.307776808661901,0.3252185582242108,0.34178589637509077,0.3689157868582353
0,0,0,0,0,0,0,0,0,0,0,0,0,-0.1352656109470077,-0.12450869089140304,-0.17078322443251825,-0.14814635192527925,-0.0870974680693953,-0.0661848836408566,-0.04469981300088744,-0.021977285462816906,-0.01477240464955875,-0.015187035316890073,-0.014478279901255778,-0.005082630532762483,0.0019436896565589285,0.011782066447000118,0.01574062059472159,0.020289595402818415,0.03296015155221285,0.0519372835080982,0.05521035639684991,0.05715043954338444,0.09148051435423966,0.10799076523763292,0.12937541474395842,0.15703272702512003,0.17107619438785174,0.19206920905272382,0.20416158819087402,0.22203782918284604,0.24532796433771956,0.2511585485486908,0.27545714946156363,0.2808608594292127,0.27780479784427636,0.2940835323125107,0.3002152831759395,0.3053953832028703,0.3173487536600017
0,0,0,0,-0.1372306611942932,0,0,0,-0.12758340305390234,0,0,0,0,0,0,0,0,0,0,-0.16246102172639698,-0.1227415091493738,-0.08485814186715768,-0.06158639079998101,-0.02877967747079634,-0.0164223569167959,-0.004383752597100909,-0.0017786352507147929,0.0012994278389802272,0.013413938323546785,0.01522059510153159,0.007763988579943329,-0.009443250330657448,-0.011957746256304882,-0.01521144690888646,-0.012407463958849506,-0.004060152026211116,0.015257734589787115,0.0420893504038411,0.04675090328827777,0.07459799351552966,0.09631628268868982,0.11281520335923918,0.13785379748297244,0.1667519278122545,0.1881010761483058,0.19512414324795652,0.216032223095369,0.22732204826614694,0.2538497378558521,0.27239386934161397
0,0,0,0,0,0,0,0,0,0,0,0,0,0,0,2.906352866316879e+38,-0.12700580447670087,-0.13013633207016523,0.03455245616893893,-0.059498605021162804,-0.1513973183947971,-0.18923313698490302,-0.23958699977937997,-0.1992136238164383,-0.06980991837102687,-0.03693990740177614,-0.020078540927443864,-0.010777843818110627,-0.011455660111824868,-0.018100058478106373,-0.02615498374810135,-0.04366895238586019,-0.05050068298188814,-0.06536359404351373,-0.07565419022257634,-0.08414306877957871,-0.06574063977717413,-0.07144623776935635,-0.0718728142373329,-0.04587023819447895,-0.029899534524479056,-0.018601698870770296,0.008591151501431273,0.04536690040671668,0.06105197652182028,0.07800802733753168,0.1230100125982205,0.15002885057661353,0.17007946642093663,0.1839657922777824
0,0,0,0,0,0,0,0,0,0,0,0,0,0,0,0,0,0,0,0,-0.18878858176997615,-0.22791974609899454,-0.27531444724677123,-0.2655007772083219,-0.23250302060216757,-0.22550561259741353,-0.19588094347537413,-0.1174727188700514,-0.1424461519041163,-0.1195205916366615,-0.08727999300036607,-0.09543253529963636,-0.10081592472394497,-0.09167323399751351,-0.09045516770703034,-0.09106865201579674,-0.09535855199307336,-0.09530831559832459,-0.10522326054521304,-0.10249571090017738,-0.12440033897726877,-0.13009730937897715,-0.132441715826784,-0.12008637689779109,-0.12921267901304687,-0.1297223912498771,-0.08753814465312611,-0.06610972723173139,0.012980882444743795,0.02585605288081592
0,0,0,0,0,0,0,0,0,0,-0.2410645284585497,-0.26372839578471635,-0.28159797711464374,-0.29371470888905105,-0.3038623607009384,-0.31572185359857613,-0.33356230173201074,-0.34138183562852903,-0.3498524179080223,-0.3729335006362325,-0.3457281664661092,-0.3570004097263266,-0.41085658422367144,-0.34708274156710134,-0.17882497147588258,-0.23383508120601568,-0.2654026823211027,-0.27717131216451035,-0.252797377538038,-0.20955627022943907,-0.2083130403761912,-0.20508471464008227,-0.1959289253176534,-0.1981029465607167,-0.19131085670664455,-0.20140762838026863,-0.1838130592788355,-0.18473405648553293,-0.18791926861623998,-0.18157736026735452,-0.17179288786196084,-0.1664002619499977,-0.16927028345443518,-0.17915337758350505,-0.183864960653891,-0.1981394404594416,-0.19731929181093635,-0.18558982413343192,-0.17647659384234854,-0.16104070850873953
