jsons/1312862400.json
{"header": {"parameterUnit": "m", "parameterNumber": 3, "dx": 0.1, "dy": 0.5, "parameterNumberName": "Northward wave", "la1": 40.97354507446295, "la2": 16.46031188964855, "parameterCategory": 2, "lo2": 133.9931640625001, "nx": 191, "ny": 50, "refTime": "2011-08-05 8:00:00", "lo1": 114.97908020019554}, "data":
[rows 22 to 43 of 50, columns 100 to 149 of 191]
0.2997788313366978,0.34735673054439425,0.4863841856026457,0.5100713019687404,0.42161296357803035,0.42100279942562585,0.4278216920898818,0.43582932985936795,0.46163024633274213,0.48380902068237197,0.48487987417010586,0.48845032529230087,0.46502268455879864,0.45466100485655725,0.43898503193474275,0.4206007817945433,0.4311235564610086,0.4485162984757166,0.47295133543684653,0.49008405490794793,0.48716291334830486,0.4786225018667274,0.4905742618499963,0.4993280287244239,0.5176516175430851,0.5458441759644224,0.5358981761211923,0.5181192362894826,0.5296239139386674,0.5324704464554342,0.5341196353785096,0.5593983694107679,0.5738786737390947,0.5762567628819645,0.5886956568624997,0.5969714639623315,0.6453136808655795,0.6248767442779086,0.635902606190471,0.6580736801553394,0.6724009965068757,0.6715843502413866,0.6664982542333545,0.6798334689914539,0.6795822079467662,0.6812461634045981,0.676913928726907,0.6709153117615353,0.6674646834249361,0.6528688628388851
0.4838234917536744,0.4599518700056434,0.4159396622652227,0.418615212726522,0.4407891454583693,0.46959692411683984,0.4666511547804176,0.47420712626312633,0.4497069556327198,0.44963801474080567,0.4460699578085914,0.4400785017838625,0.4247052853826575,0.42504691933489547,0.42347668164271246,0.46671368204070995,0.4766430386701886,0.48319159848426085,0.5237966209046186,0.5371645200225064,0.5040600712145757,0.4774149726818274,0.5149342763642498,0.5520416315656114,0.5144854384530233,0.5025631814195977,0.4955887456307369,0.4892130122445076,0.5139233449449473,0.5427276072860959,0.5413211586375402,0.5308265615257634,0.5043853376480341,0.513393074665675,0.5903256422508795,0.6204447890948539,0.6201303002638829,0.6270482699864732,0.6402352012247529,0.6520904659987764,0.6712114584081345,0.6943962553824634,0.7073263350740896,0.6919664966295445,0.7602964979034471,0.788922899802315,0.8063162906109655,0.793592909079961,0.761585934256833,0.7612102297784898
0.5878639610344073,0.5872091109697948,0.5718438703386076,0.561618474121129,0.5513923949507477,0.5405206530020918,0.5607261441549742,0.5623260629541662,0.5726325878141542,0.5707881625146187,0.5552329252535022,0.5245820252840443,0.4716312241226874,0.4641364622221744,0.4668547181401222,0.4759961436481451,0.48401923165106464,0.48684125567987063,0.497971681439292,0.5271193221471008,0.5424063063213279,0.5549330267645632,0.5610679289126751,0.5620872886140531,0.5740702401565468,0.5652350939706002,0.5575782706973794,0.5825966398506561,0.5968324469814504,0.6082632350044335,0.6034443547132603,0.5968188905075182,0.60172335193368,0.6134989685613689,0.645991945124696,0.669395122525286,0.6905282515830967,0.7753037975658253,0.7958131268621609,0.8140515709973506,0.7697378008617698,0.21771897385830524,-0.22783045945151778,0.28000179798159763,0.6422321429777326,-0.46282198284445564,-0.5491433732296346,0.5308165184037814,0.7936636657786528,0.8139912317110674
0.6115769279811607,0.6208398514678063,0.6064873112807262,0.6057973725570317,0.6126392070228074,0.6299196638644012,0.668111193609617,0.6875523256200873,0.673303275579566,0.6881408275471544,0.669541484389109,0.6209407696306622,0.5958144618986346,0.5791676375822735,0.5892821665641769,0.6291453600338373,0.6231891601469429,0.6285175933165102,0.6077179195185022,0.5963644242230965,0.5835393114819419,0.6048742027247821,0.5969500405406846,0.598605742098771,0.6228175574068145,0.6352209521122325,0.6482637005463185,0.658354306565021,0.6771152759424143,0.6777090703849847,0.6745420695381282,0.6907300241656994,0.6756488797106901,0.6612442709854076,0.6444382137155318,0.6583855450415039,0.6786289373957167,0.7283969783283019,0.7592258341620691,0.7865684862212698,0.685250082329363,-0.19966229566848398,0.5295377195954162,0.5251163297211853,0.43479202223115315,0.43883969724579247,-0.5557101705518271,-0.6371542461701695,-0.6834412894412172,-0.22442420385495618
0.6513237031660114,0.6192801904308771,0.640489636842407,0.6432944231380573,0.6442994057256457,0.6588436238322568,0.6788652075200429,0.69578245885487,0.7109951060595795,0.7178657852414358,0.7224556672687065,0.7210051499967775,0.6976697217110113,0.6875663756453012,0.6676568028751092,0.6576683924826517,0.6731259698030697,0.6628246319531921,0.6299210231644706,0.6120615280424639,0.5831742168282488,0.5796764044682489,0.5892354935936244,0.5924010648959184,0.6134380926223807,0.6172398504398299,0.6321195151102749,0.6400566987047178,0.6723044814741193,0.6905972918830832,0.7037440813066043,0.7185836480185095,0.7116872182273344,0.7136978520371183,0.7383482494772547,0.7608445776516451,0.7692535061956022,0.728660346459092,0.5739298425843707,0.6013470716239523,-0.4171122865594222,0.3662111439147901,0.5556347908397171,0.48472258669687457,0.41658863488023384,0.42322728958017614,0.32647814348932036,0.34093021570658,0.24218118202495778,0.24060740943895198
0.6984125105123756,0.7074406573970007,0.7045428768134705,0.7011438891827356,0.7003969312409631,0.6971616936836705,0.6780174357499316,0.6749156027209496,0.677960842171027,0.6868074781016918,0.6977210922707634,0.701000513593204,0.7100276893432186,0.7225704455239785,0.7130821472874865,0.6759957341696804,0.6765132885305367,0.6661984626535242,0.6796091345956383,0.6900305610957226,0.683977730149134,0.6725460775955636,0.6574922675199896,0.6387499494315242,0.6739060589768493,0.6937457267731878,0.7051089912588827,0.7123163737421233,0.7108965205120443,0.7142413552191298,0.7250189816064874,0.7190518300731212,0.7186005709863793,0.6933072991202929,0.6357499185349286,0.6297046524425034,0.6205973101548029,0.6016259374807027,0.5933762583256745,0.577376631219445,0.54135314934578,0.5317014310228824,0.5465494994838639,0.4410583249846703,0.4380468411944328,0.44273134764653616,0.468879367773177,0.5462668385484868,0.5789281965527991,0.6028816467582727
0.6417665873694745,0.6453073579844699,0.6540718794053629,0.6439529482373275,0.6387435297858575,0.6273203901428079,0.6076297883260238,0.6143325995115669,0.6575052088383397,0.6525870577085701,0.6533437304847036,0.6650583737927328,0.6611315863202643,0.6611901387770089,0.661559554302659,0.6680597152200626,0.6715784918079946,0.6776896881687692,0.6962277955824452,0.7051165062056187,0.7056676394533714,0.7177928777106138,0.7225278923435805,0.7231926832248251,0.6968771061822501,0.2138870826538549,-0.7121067480526697,0.5370604519464199,0.7058669160781901,0.6971152996757768,0.6694725348886171,0.6144171642569651,0.5456299075722681,0.2876921803246696,0.15227577607037038,0.42994689614771864,0.5837084284678651,0.6000754651696143,0.6237815144533947,0.6261363460976983,0.6291302823402727,0.6246638560113561,0.6138376240610163,0.6116117594464797,0.607352118107042,0.6045247311421114,0.6050780886672303,0.6065023765897547,0.6103718088946549,0.6310632566318644
0.6583881667355137,0.6583178886943929,0.6512275643169136,0.654662316246079,0.6502844477136406,0.6298222166848754,0.621064280790774,0.612344700667146,0.626716967797592,0.6247494757967984,0.6273893607854434,0.6306468038814083,0.6359422639459233,0.6297023889431771,0.6328059309754556,0.649317325653141,0.6605001219598116,0.6710147611542968,0.6761222760165798,0.6781874781730046,0.68325365192902,0.6977181969531961,0.7074661312665783,0.7118769265102596,0.6787651213484007,0.3771871397083966,-0.6564968081846498,0.597377953054114,-0.4286971944592123,-0.486350050427979,-0.3757972526184275,-0.2933141213133558,-0.29927414796348845,-0.29784730317913144,-0.30183625739795134,-0.311819539094603,-0.2658176987093272,-0.19544895148666552,-0.11206481059293884,-0.056313628897944897,0.13548736230513922,0.3123667839145471,0.351722030590506,0.41542286995558364,0.5256185097183173,0.5379200090755829,0.5766934410517249,0.42267047609659036,-0.07528744200072368,-0.7227305263204449
0.6704622381578268,0.6688642170060789,0.6773708751289382,0.6773047312755771,0.6733232813650776,0.6666969414919826,0.6496701556612369,0.6274108600742113,0.6067607157841982,0.6044050598444832,0.5996946553316927,0.5936868212418419,0.5848663050094745,0.583078022080095,0.600571731178785,0.6196911279850446,0.6316774677511703,0.6389562454438752,0.6472656605824277,0.6500583884859198,0.6485116650569204,0.6677148996020321,0.6703115592390336,0.672558433219884,0.6609376220423724,0.6469346396760244,0.6184481342113547,0.5981145155723941,0.4552158512893765,0.3534282075293023,0.25473400305804006,0.16866869944175203,0.15932782498241602,0.15576539589556518,0.12842911009783628,0.13142545459741314,0.10795721436179846,0.1441647830752656,0.14569870904572768,0.16303224158333002,0.17960397878683507,0.2158398351669952,0.24525512435854885,0.36998771017332266,0.38336300807692186,0.4158094999644503,0.5180532426490623,0.57068240248249,0.6171781534836532,0.6134759636487549
0.6880243303447159,0.6970049367510699,0.6979770455734892,0.6729974648318546,0.6457341860242032,0.5838679523859609,0.6125223883328704,0.6448677801348816,0.6109264349526999,0.6110165353290091,0.6127732765868281,0.6122407630727391,0.5852873498586971,0.6085685779238483,0.6257041661462259,0.6482122516449436,0.6374113730606648,0.625937063631723,0.6406982464791585,0.6490611869059755,0.6598615904039549,0.6508435475975111,0.6525578682230463,0.6514244978815518,0.6337191183926799,0.6296896779574798,0.6339659224018189,0.6308932746279321,0.6304396269495356,0.6288366515397268,0.6198687567206583,0.5988378750836115,0.5802413999468288,0.5520511012684985,0.5458821188812069,0.5221435792294904,0.5365987713179129,0.5272159516907564,0.5216404326644504,0.5351772480683678,0.5139790346307826,0.5218571168348992,0.5215227965243802,0.5200810778572795,0.5375980812176486,0.5330337746644226,0.5441007303392129,0.594843888890444,0.6041292652833561,0.6162117604243201
0.6676675648096001,0.6060616983740529,0.37276631043967545,-0.019654358406488204,-0.23047148831910078,-0.05771664949411805,0.38549241162226355,0.5220409681237155,0.5542312395530564,0.5720762555663387,0.5862772904750286,0.5939455933393659,0.6235231802552196,0.6124783531669965,0.6127465228807571,0.6122504273622019,0.6305497551037568,0.6373981343849253,0.6532868183373733,0.667497800074944,0.6778099453138122,0.6887304578935162,0.6843325884626997,0.6715172514230093,0.6665466441491376,0.6695753714166804,0.6810128277557698,0.6821339837532336,0.7006044237647666,0.7046183020316312,0.7032679261905337,0.7072621625239067,0.7056369402743127,0.7066820519415102,0.7014098678792581,0.6989382412512175,0.6915010681463999,0.7029543463362795,0.6938837946967722,0.6790097923130585,0.6772144331495347,0.6751950360355905,0.6735791329244463,0.67454882472037,0.6777312575232851,0.684083170806163,0.6922055978348666,0.6900368019386866,0.6908652555029245,0.6949911916104063
0.6371057231153218,0.6310676210670154,0.6078887268764829,0.5649978766303971,0.5302088646843125,0.5179996882179849,0.5333337193241688,0.5468404357157779,0.5611905242488607,0.5601079100932631,0.5708432091832517,0.5791942045170935,0.611059674279482,0.6209740090197636,0.6216482818764275,0.6103889311576886,0.6153681520470553,0.6292205072539417,0.6609464417380835,0.6837154058408996,0.6881518125093781,0.681170802632317,0.6867595036552823,0.6972579581077902,0.6816028012068122,0.6836243022769054,0.7104404885410809,0.73187966173704,0.7241756626460566,0.7280808152236975,0.729487207487537,0.7353143709140098,0.7415081862230769,0.7474879103589763,0.7532973281961483,0.7560896896813414,0.7642309595963916,0.7721058665915331,0.7607305549145489,0.7481884629823082,0.7439237636324053,0.740228726546598,0.7398192657671362,0.739178139129098,0.7358189932773889,0.7409854810338768,0.7438620991650787,0.7331689142660545,0.73687985610361,0.7359797137886022
0.688195215950592,0.687688567362179,0.6664971519452172,0.6444987136584377,0.6283465661611737,0.6095917235313083,0.6073887555039932,0.6215550394615058,0.6475354791808671,0.6599287375871072,0.6630373020396836,0.6712860594284287,0.6658307984189592,0.6612856690472203,0.6549601502327128,0.661892934112285,0.6647533585578296,0.673585331049785,0.6803793736159576,0.6806305408300852,0.6836892483626612,0.7002934575320352,0.706954384045444,0.709465514179637,0.7136247097578181,0.7199634726209319,0.7201197019964146,0.720275960334841,0.7321037199162276,0.7377899879166998,0.7370494094509885,0.7396871986116612,0.7416592808926725,0.7521471139832054,0.7710737313802407,0.7787299096201528,0.7631581132843915,0.7477049810347587,0.676691385235772,0.5126708613251207,-0.07566057485607182,0.3438174496311721,0.6883311984690539,0.6961650741048758,0.7453620259621603,0.7653201988050472,0.7821025699393814,0.7975077928572983,0.7983153549237764,0.7956457680541448
0.7773313029550954,0.7744877033061796,0.7553671059983382,0.7400009282335646,0.7056308128447343,0.6897511897592337,0.680062415175025,0.6744831802547181,0.6798847553677105,0.6866019376643621,0.7026943377147897,0.7134447783708755,0.7072182729241353,0.7174343422980686,0.7188415270249858,0.7164120220556497,0.717802101869847,0.7195822367420646,0.7259784058243192,0.7277317796607369,0.7289749483825144,0.7288394176692486,0.7284386081865148,0.7325935833260203,0.7364158422085529,0.7430960587715627,0.7506981083616348,0.7572075495719245,0.7593958530505813,0.7587145213225414,0.7602839676375356,0.7607757541719681,0.7640731737614305,0.7687592379275068,0.775764976221146,0.7867652066988792,0.7930645244592441,0.7695416163933313,0.7760440256542915,0.7616222310667005,0.7907978943102624,0.8086721140296779,0.7227919048039118,0.7001137874472475,0.6627697616390879,0.5610899150360447,0.5628095695978477,0.4381074737584061,0.8034029049820985,0.8372034103450329
-0.24978685329810793,-0.12756301551495944,-0.6529825461124373,-0.14232269209242787,0.6733029624319556,0.7227482125057282,0.7490897383929306,0.7166600634562187,0.7373699129368646,0.7148502182813595,0.7327073960788761,0.7477972971810593,0.7596317030735754,0.7695961151672875,0.7601132070020552,0.7506763068634543,0.7547264738508546,0.7547181454622769,0.7569809426077089,0.758628439248556,0.7667403480131479,0.7758194758525123,0.7750100281359222,0.7839060587723985,0.7754533813807659,0.7640491132726751,0.7642534389515668,0.7710982078165526,0.7744685558117127,0.7756191987327122,0.7799011735707071,0.789405448741274,0.787378492021834,0.7888170557207377,0.7930955153309681,0.8023826877137343,0.8124008106808258,0.8070869317498658,0.7565413821275473,0.7480308991379178,0.5898170271793308,0.19789309347901446,-0.12271471088122068,0.4327334639911423,0.8227317541070863,0.02838963542005096,-0.6959534512651809,0.6113525473318238,0.547521274985212,0.5338697452210198
0.7448642068100312,0.7374615512938276,-0.8169398680076264,-0.7257931310843677,-0.7483247560637888,0.8419385572047106,0.5286724512153719,0.28107512547290653,-0.05706789060041826,-0.5744527519634169,0.295189949808355,0.5903840533719924,0.7990849069875134,0.7661736715959436,0.7566291631724763,0.6496835430782355,0.5049681599506765,0.6541665300970518,0.6643217315675323,0.6623137332279683,0.7726275274172668,0.8115749022092578,0.8275664122335449,0.8305907819027613,0.8348051996656287,0.8093302505876794,0.7836462352723582,0.7626416344789327,0.7449391524177611,0.7591014810460771,0.7273187848961041,0.7767223788076896,0.790771286288448,0.8071204097309739,0.801105301389725,0.8019540190538164,0.7784230169984728,0.40838504279425963,-0.3402098223635589,-0.5534730782874333,0.49343184566909776,-0.40819372107489493,-0.7355169866787091,-0.32219063145526233,0.22712253343182173,0.6065065380159955,0.6769816466919114,0.7006486730757262,0.7297616007906192,0.7679672748087121
0.8802268397510107,0.8866730940705784,0.9014795084326519,0.9089316208612362,0.906508301327166,0.9121903543823456,0.8557607350143585,0.7591351807468044,0.6900064737565467,0.7243792285367738,-0.7578200350314471,-0.20532681310343984,0.3799186558503075,-0.6247502486730053,-0.8587322801939569,0.48288113969860796,0.8149489638054024,0.6605809415686803,0.42507567945275715,-0.5020477177446628,-0.7899423963275963,-0.8053523401404423,0.2446273768566611,0.84590482270806,-0.8259016429249681,-0.18072909106868576,0.5498187827907873,0.7007008560156952,-0.8715609909931041,-0.5844513836901315,-0.003423258210064249,-0.7020552449132057,-0.8632029185330394,-0.8529594370872491,-0.5082663933168555,0.5454531960117184,0.7831628506822707,-0.831955121225598,-0.6779671272892979,0.1928814838431987,0.8182657744920542,0.5263328118909926,0.30531014593906525,0.5674184533124621,0.7481599598348725,0.8070222742761125,0.7842848404935513,0.764921633276765,0.7813718959290198,0.8028210725986304
0.9043035230277457,0.8903952493909769,0.8975534844389176,0.9004189963089838,0.8964333763697665,0.8931841742446947,0.877973734044928,0.8333536824427215,0.8086103655082986,0.8484142257505101,0.873150928996816,0.7849172597476164,0.8476689823668037,0.8231635825573046,0.8782877282501158,0.8844812597850926,0.8745025059652686,0.8714693279051112,0.8692837469748674,0.8655342167686301,0.8747532802047228,0.8793953434322637,0.8821851134862443,0.8680558907239339,0.7819544393377531,0.8407889029088976,0.8976390336003216,0.7769262626113782,0.4029149219643108,0.5653975673365003,0.8136722673608319,0.8800040618415662,0.842563981029672,0.7759070366632104,0.8494302005178597,0.8471501339884707,0.826993844153047,0.8233404302313673,0.8386141989094116,0.8579708862011913,0.8521657315151682,0.8599836928887734,0.8603572633433125,0.8492644969860902,0.844040102942467,0.8437295652850105,0.8430536725567057,0.834795648123125,0.8351638300186472,0.8329550655897315
0.8666854521839332,0.8772314304188136,0.8744506623375934,0.8623748219924423,0.8687556046362028,0.8945340840663167,0.9085617470889551,0.9174931835754566,0.928067321464074,0.9393134041651866,0.9264619276744382,0.9311425523987081,0.9320844363072368,0.9186678957740843,0.9149955279972227,0.9121116527722293,0.9018824982766546,0.8930703493493257,0.8968904818812199,0.9013480945986284,0.8996034675682696,0.8929175091947064,0.8958071768511124,0.9136407577339299,0.924451718360112,0.929798548431907,0.9298847579011108,0.9280327747973759,0.9208732553011658,0.9193272124127941,0.9176548489561955,0.9245412224123756,0.9193413093685471,0.9243977326165377,0.9289570015631821,0.9169617999173929,0.9052991137795057,0.8980596588234013,0.8929044075599782,0.8867625624625868,0.8788949078968541,0.8715597261537159,0.8645591212973232,0.852003467680915,0.8431680350296185,0.8284239152342814,0.8228290245089664,0.8226453931614677,0.814480984873541,0.8024220705840355
0.86951983105307,0.8832358755676808,0.8871323767606242,0.9032575341197554,0.9227741851373293,0.9437296205911255,0.9625009139040809,0.974091545924963,0.9678318374047457,0.9620094722578676,0.960319334034453,0.9560513328393765,0.9588145929522999,0.9500388148278816,0.9507098080318733,0.9467575871669042,0.9355940946167904,0.9346975969870551,0.9379948507192447,0.9335005674748613,0.9243857632678795,0.92445306161997,0.9296658399582922,0.9298753093388219,0.9329936585347461,0.9311318650244766,0.9247347216452141,0.9222344984589158,0.9225448084641723,0.9236948056411354,0.9200293084981644,0.9134281068870239,0.908606262373898,0.902992411001045,0.8850440700576881,0.8738181098698558,0.8749371265024288,0.8758964205821855,0.8715210483124527,0.8611648524449549,0.8617723764818773,0.8621523470352498,0.8512108399939297,0.8404548850092157,0.8232688081554798,0.7893643032704394,0.7635635249732459,0.766550806805163,0,0
0.84476295824439,0.8822849966485816,0.9066741641260354,0.9216405079554072,0.9454020350538447,0.9654764525460837,0.9705649051211314,0.971313796180023,0.9766396280270254,0.9870000349158745,0.9780900468816278,0.9767128445221462,0.976259983576512,0.9739402932906089,0.9750622694807896,0.9767536268698671,0.9701300919417752,0.9656913342481674,0.9643088987611903,0.9696787096187315,0.9566284558615522,0.9519578527785092,0.9499526347736476,0.949561937437529,0.9630495430354388,0.9649137516327989,0.957299422943123,0.9429848167657303,0.9255487379239661,0.9191876304796114,0.9165833981035364,0.9027339639150925,0.894421539323762,0.887806669828458,0.8779746548109337,0.8778154450389846,0.8788004022779261,0.8710150586651388,0.8561347960558156,0.8383338890074657,0.8288411037140694,0.8147642245189686,-2.935711734592531e+38,0,0,0,0,0,0,0
0.9408469224533295,0.9570700902056541,1.0029046236279313,1.0219817656420458,1.0032837620200783,0.9531261421902795,0.9385294516630175,0.9452770740412527,0.9680684015865132,0.9685744322112778,0.9697035172508759,0.9743169293024547,0.9999633910977072,0.9933203527762471,0.9819326391828916,0.9781687991844363,0.967317155945019,0.9623750550321353,0.954626739969507,0.9502065782465657,0.9435034371054628,0.9254638791881252,0.9145163073967806,0.9082960737238325,0.922400330005142,0.916706416005222,0.9126585084551093,0.9047798677516053,0.8779301520670545,0.8557133736177376,0.8476469261674174,0.8500927556469776,0.8418995946669549,0.8345044036498899,0.8066943777797736,0.7851090708726011,0.7831505710231339,0.22976270371312255,0,0,0,0,0,0,0,0,0,0,0,0
