jsons/1312545600.json
{"header": {"parameterUnit": "m", "parameterNumber": 2, "dx": 0.1, "dy": 0.5, "parameterNumberName": "Eastward wave", "la1": 40.97354507446295, "la2": 16.46031188964855, "parameterCategory": 2, "lo2": 133.9931640625001, "nx": 191, "ny": 50, "refTime": "2011-08-05 8:00:00", "lo1": 114.97908020019554}, "data":
[rows 0 to 21 of 50, columns 50 to 99 of 191]
0,0,0,0,0,0,0,0,0,0,0,0,0,0,0,0,0,0,0,0,0,0,0,0,0,0,0,0,0,0,0,0,0,0,0,0,0,0,0,0,0,0,0,0,0,0,0,0,0,0
0,0,0,0,0,0,0,0.00918700196078919,0.008237938188008762,0.0058785034138837755,0.0053074093457386295,0.004239066405808336,0.0035305300662262394,0.0032161209539629146,0.002983812223902286,0.0027981647137495865,0.002180476990829223,0.002017208893237205,0.0016370024985263758,0.0011186334545909846,0.0008131556673147434,0.0005500073154623661,0.00027099323652634904,0,0,0,0,0,0,0,0,0,0,0,0,0,0,0,0,0,0,0,0,0,0,0,0,0,0,0
0.03065805914121756,0.02870185416478348,0.0262598996118636,0.020680355536724208,0.020129974714325156,0.018495504311832674,0.014137759674568758,0.013515309456906635,0.012219744029931544,0.008408431920054542,0.006866651497814912,0.005008365406742118,0.003752095408552951,0.003261873116383362,0.002796456550819076,0.002304951114873905,0.001111950335996564,0.0005272702064871473,0.00015646611876790476,0,0,0,0,0,0,0,0,0,0,0,0,0,0,0,0,0,0,0,0,0,0,0,0,0,0,0,0,0,0,0
0.0355627219755137,0.03749445789346474,0.03730757609029646,0.03417467577031718,0.03377782551006569,0.03193583932237157,0.0244576054309133,0.021582664014516445,0.020831642943266813,0.014109623696682415,0.011200440841117078,0.007576252939787274,0.0035834153856972744,0.003144891200918446,0.0010566387973309221,0.0006685246859695327,0.0005013094374550736,0,0,0,0,0,0,0,0,-3.1465511914285426e+38,0.12768782673182916,0.12899467595961947,0.12829955864627623,0.1278706316057655,0.12810914141704036,0.12610045358292965,0.12612232508738686,0.12526971522937133,0.1230546826179676,0.12105688078727962,0.11961594847473854,0.12005480607187921,0.11469434316612663,0.1120193949441162,0.10580492070136142,0.09639780099797578,0.08801334787954068,0.0843431793215854,0.07360975161443732,0.06532206026663294,0.0603636203869557,0.047479323749312415,0.04532982280801899,0.03844950775338626
0.02573981063413509,0.02884996332455247,0.030285736110080508,0.03265899516852169,0.03662085353717724,0.03827206290805206,0.040829637551377876,0.04410807242054209,0.04906523729436839,0.03921761612072281,0.03328255933672185,0.031841006538491194,0.015741248185149624,-0.0022106425114393935,0.0002571089436108148,-0.0049877205118714334,0.02784127654174097,0.07957504611286542,0.0959777005061804,-0.13955735276879644,0.13050167301019847,0.13463407606926936,0.13828349675518026,0.14138849501264822,0.14355449234268616,0.1443918590496938,0.14551213654639733,0.146929859914746,0.14549673578149483,0.14609485071353903,0.14662634843412892,0.14550663811158035,0.14343689025607112,0.14260062750505897,0.14224371879711167,0.1380633908641674,0.13767844229259807,0.1339415534272724,0.12958741760170459,0.12622645885194814,0.12425032369331741,0.11675152010816706,0.10916742963102584,0.10441268538864937,0.0893880068877528,0.08453284771894388,0.07493830981900988,0.054305013778865395,0.04633056892267383,0.0372345447506989
0.00991219112606611,0.010910924314548815,0.012535833966411546,0.012855260798550143,0.015352314162242035,0.016431028575940646,0.019464696514109373,0.021983006924679093,0.024965798125000455,0.02790686251138768,0.03090537576248991,0.03553226942366447,0.040765157076869146,0.045481925255896054,0.05169567019018133,0.058071642271080595,0.06443436831347198,0.07663164758755228,0.08451750163784062,0.09998012022082681,0.11173835313533721,0.11989345338554902,0.1289081911424281,0.134043022763852,0.14155090585589625,0.14678901495976746,0.14921271010888065,0.15178644100813438,0.15377658747967876,0.15473897756146804,0.15718067155149038,0.15652187235859727,0.15598092287415516,0.15669123800709128,0.15711659081660095,0.1536946830951568,0.15304245076901654,0.15118285120014324,0.14671715428818188,0.14395374825090496,0.138994212401436,0.13107213480668278,0.12611982152697007,0.12361990953048735,0.11177515214258153,0.1042643187002249,0.09547950971165543,0.06662630853407826,0.05450413912791669,0.03451569620750157
-0.0027617320015269377,-0.0025589491198430153,-0.002396384990326481,-0.002476469397589909,-0.002222423175863764,-0.0011396367733846082,-0.00253306585552056,-0.0013303858228826942,0.0001694843888350881,0.0011475720744924883,0.0013181008897400004,0.003100529804660668,0.0054738273827633355,0.008316912276906991,0.011905647318343369,0.015561737145673472,0.020961906360173817,0.029984886148258328,0.03479508504804608,0.04806858284285404,0.06082291838563823,0.0743979931830572,0.09122864361977946,0.10990233906923783,0.12328128523015945,0.14218462208881164,0.14677954335435303,0.15225649024216176,0.15715868084773585,0.15851555987032975,0.16181648369804555,0.16456392786324384,0.16535568901605346,0.16766933609879497,0.16649186220990067,0.1651952983440371,0.1657562421108954,0.16627535152669387,0.16193308378367624,0.160342095818744,0.15644542946424206,0.14958266456770028,0.14490423209062442,0.1415994651604277,0.1291670555578576,0.12534878770063068,0.11908831192625235,0.10265203081763537,0.09532293525285444,0.08616453711565099
-0.001457230009965185,2.9106916954335823e+38,0,0,0,0,0,0,0,0,0,0,0,0,0,0,-0.006612500627624185,-0.008373915942176437,-0.006020600694092015,2.4414730315111044e+38,0,0,0,-0.007382087396906626,-0.00351717558338852,0.05010237987986802,0.128998307050044,0.15070034334053636,0.16222696257328292,0.16459932892386275,0.1675469603795151,0.17059528751447112,0.17156483717575574,0.1730847487476926,0.17505064877699214,0.17569016151439565,0.17629843548868693,0.17654509311641398,0.17561324465971165,0.17406601503051145,0.1740251456079841,0.1708084876515381,0.16963477439560373,0.16664244674866238,0.15804597737425488,0.1537139313421558,0.14941885030189114,0.13766020266893064,0.1310448003750029,0.12519924634283067
0,0,0,0,0,0,0,0,0,0,0,0,0,0,0,0,0,0,0,0,0,-2.9517433350795357e+38,-2.949155189265801e+38,0,0,0,0.1671145808312566,0.16986852938682126,0.17082354869117186,0.17160571180795972,0.17464448589913897,0.17872038932353132,0.18260088629854898,0.18330347592997392,0.18324902093554862,0.1831599762593066,0.1846085123286709,0.18588920522625957,0.18581124704641844,0.18726560868446643,0.1868315660202368,0.18319273306232434,0.18126590698688133,0.18078715808580556,0.17295623608666502,0.1684747470411889,0.16645816110877618,0.1569565895456234,0.15125448363120628,0.1465732131723112
0,0,0,0,0,0,0,0,-0.20506709548318286,0.17261764231102888,0.17458770792503817,0.18243203039992192,0.1958740648467269,0.19679257512663623,0.2028697843494617,0.2008317455259506,0.20141076697799298,0.1996006097283505,0.20040975813956785,0.19739996956083677,0.19628787269161602,0.19256282327466176,0.19038387199784315,0.19040609674070075,0.19078407930289523,0.19195040197046936,0.19150769409453583,0.19138878529124922,0.1922287355306656,0.19431698524194763,0.19279469224455428,0.19458648625893202,0.19531261385285464,0.19705601132014083,0.1975715100998483,0.1987878267375983,0.1996159283809768,0.19845249840704687,0.19910206811756545,0.20158612904794798,0.20199277780720604,0.20210742667607617,0.20151464748357492,0.20082007752274064,0.19969571075084996,0.1958784509276082,0.19071088001912315,0.1817949593978493,0.17424869329591824,0.16615372054527083
0,0,0.16186968732853738,0.17345354263897042,0.17857695952039476,0.1842419870111806,0.19579165308186947,0.20024067646680221,0.2021966056501379,0.2061623378760105,0.20939226860061305,0.2123565650406163,0.21343072756572448,0.21383920547067872,0.21581414738709281,0.21605192513766514,0.21702260371017937,0.217734055096892,0.21821550220362743,0.21555570875099206,0.2156021085830213,0.21555311861677712,0.21566165081245134,0.21648017963640093,0.21435415818893527,0.21215261024818338,0.21140494306729715,0.2061683892404706,0.2053075254177612,0.20383873240395906,0.20185762806629284,0.20331578467077913,0.2030656504774848,0.2027045940519717,0.20431535000716766,0.20386849015431888,0.20675877863927364,0.20789940900543832,0.21017617035180466,0.2092616488991874,0.20775154367943874,0.20788655775160503,0.2090640021798328,0.21047275084321931,0.21098049303381713,0.21158540439217763,0.21331940201582125,0.20822990333509214,0.20264786743282467,0.19387853440769406
0.12634698444252618,0.13429427939936045,0.14150760951222574,0.15216373107583364,0.1603825025526727,0.1655629355110447,0.17428479769536334,0.17793111614815482,0.18278932162737505,0.18975965314197124,0.1926266931110487,0.19735971639563477,0.20641543271332274,0.21156872372531488,0.21757255084681085,0.22026620927092877,0.2254257001500523,0.22890175732246934,0.22964523657957195,0.22925546231941632,0.23383889146466041,0.2347843213090628,0.23818861623523707,0.2408521188536169,0.2414034772379977,0.23972315457424812,0.23968310499167322,0.23871623244847656,0.23577568933928403,0.23524055451829456,0.2308625058629733,0.230586286118678,0.22980263405039886,0.22990521978972453,0.22881723706751958,0.2296012321842877,0.22935061681736613,0.22426204095233573,0.22869311211549764,0.2271779171897686,0.22865517318381337,0.23257666689931294,0.23338901451293395,0.2342579747681254,0.23358543025019424,0.23240702429198867,0.23362852595246003,0.23300148106913215,0.23793715130662493,0.2378472641570898
0.06626601078253024,0.07734867583151162,0.08260713500841348,0.09445288773969578,0.10673919041404127,0.11186145335323788,0.11970637727247138,0.12903743740003437,0.14440347111087543,0.15569924954649003,0.16429118229113734,0.17443450036701244,0.18286939741664904,0.18953381605499822,0.20250379430128101,0.2105205046691016,0.22174637940956926,0.2351587328195171,0.24389055442255572,0.24787310811150814,0.2522573342816007,0.25475897867244646,0.25741282744034355,0.2587752271545961,0.2636590174623281,0.2651417099975061,0.26574815001013374,0.26669845382989427,0.26635050379423064,0.263015100020175,0.25928485495031944,0.25663979478663884,0.2539277278674025,0.2514192073200989,0.2511657911315861,0.24849565768548648,0.2471810610177355,0.24911032304877806,0.24798873292597343,0.2451237863508161,0.2469187210731919,0.2522858428472711,0.25426698855144153,0.26572541049332316,0.270596031616375,0.27140004815398167,0.2732982033051994,0.2750172801514024,0.2769583305260661,0.2851398667111771
-0.06858087055051382,-0.02530643016996488,0.021279599537084186,0.038042359126129424,0.06459345675420307,0.07309184994390122,0.08395779820994471,0.09344121070999198,0.10723595502202994,0.11999022576400768,0.12853776823574495,0.14615764720628938,0.15993502041749144,0.16824274817701781,0.18075807043805697,0.1848812444710058,0.1978542000664475,0.21252598153502336,0.2197212978932786,0.2272289226738953,0.23120868420674126,0.24033423082349423,0.24559169905575168,0.2509001756876662,0.2543307741781779,0.25418958828619753,0.25446874539306175,0.24800096372498762,0.2550684117441278,0.25853087349952264,0.2555802403201453,0.25566956500288873,0.2531823196264002,0.2514505037564918,0.25349931993060704,0.24732566698797703,0.2438834198456627,0.24506545506861274,0.24577819827465466,0.2456903197922389,0.24545887487588772,0.2513542606198514,0.2585116847212249,0.266035620737126,0.27676988789753054,0.2832809312912844,0.29568415725618435,0.30135185879352827,0.3024141524749281,0.30504279478122764
0,0,0,0,0,-0.004548306840176943,0.012922934755050058,0.03356994601837271,0.05612106756612224,0.06410655287430661,0.07400272868225995,0.1008979729179109,0.11971953007962594,0.1344326600985769,0.1454482072029239,0.14852619294585642,0.16324966516307482,0.1745585192503123,0.18195080334283573,0.1929852737465593,0.201337451134582,0.19494511308282197,0.19993636171662488,0.20492271287881225,0.21225092820180028,0.2167523252352089,0.2194135741570663,0.22047697857745654,0.22311868920680542,0.22212762822952364,0.22566410479301735,0.23118926193169007,0.23384979572213105,0.23215263046366236,0.23253423463912556,0.23235602927396645,0.23118687314361783,0.2298205491021958,0.23430903362817068,0.2311998762583789,0.23950811481685083,0.24583089250636286,0.2524064029752122,0.2708627411077062,0.2823181226088919,0.2918395968496387,0.31187241651110953,0.3272071477792844,0.33490981398177794,0.3476985694398766
0,0,0,0,0,0,0,-0.11442178312439416,-0.11976166990819062,-0.1256100324222021,-0.11638618089899123,-0.05939232504643504,-0.033339345328995115,-0.0014255344620074876,0.04984901203561296,0.06278513296838442,0.0754832115211224,0.09205774528792768,0.10129264366492212,0.11003549233209971,0.1103083262341588,0.12065610416291331,0.1386874297315634,0.14082181236990096,0.1507184060742486,0.15125455334435553,0.14956401527706323,0.1505984099802027,0.15411364253638352,0.15984784878240102,0.16689074252182187,0.17517525611885496,0.17857806932671402,0.18801949121308123,0.1967601872286384,0.20580461126410893,0.20883429570508677,0.21345141788879624,0.2176242489373424,0.22588440741833932,0.2259380849447574,0.23385917013600416,0.23817771672921398,0.24786872673265495,0.2591778601122775,0.27192834814186556,0.29223875537321137,0.3098457750464444,0.3209384662913864,0.34426943580738895
0,0,0,0,0,0,0,0,0,0,0,-0.12803848434402104,-0.12255505167573306,-0.10950125721140821,-0.0424809164879955,-0.030657735980930096,-0.015824441221305045,0.0064408700597843585,0.018691692909058626,0.019541565650652074,0.03260192568543343,0.039074902964020934,0.0420887900748183,0.04759874840659659,0.07181426719601784,0.08071804357280983,0.07915638241309951,0.0872549278992331,0.09232090173927086,0.09737023938669892,0.10793821055924932,0.129361929187074,0.13200856367729882,0.14056858669346356,0.15064496261122615,0.1651548772694194,0.18745403807822983,0.19589578949757833,0.2113126252539446,0.2356588124988462,0.25144297519708614,0.2664409775295407,0.2782426799640505,0.2843681499958937,0.2989269022523494,0.30709977538959427,0.3251651091685718,0.34248937286264874,0.3588354398651158,0.38289376003172565
0,0,0,0,0,0,0,0,0,0,0,0,0,-0.13554417270470814,-0.12612162499605475,-0.17416258312510854,-0.15663968796555072,-0.09416628227036491,-0.07399455408482443,-0.05289418276340061,-0.032010074408114236,-0.024978410719695376,-0.0247338812562156,-0.023185872999901953,-0.012855763888761657,-0.0006435034931154586,0.007441103861200512,0.014538968874371764,0.02097085252012551,0.03534781776186204,0.054260001957505834,0.060834941533139474,0.06510051827519271,0.10152117160547315,0.11862244196707138,0.14097561058427635,0.16938379977005416,0.18241544252591158,0.2050235324023855,0.21371632508584126,0.22944561442609038,0.25105113328879736,0.2546395437258569,0.28025703673181485,0.28627369473011327,0.2828232802774515,0.2980089280520932,0.2981996101143305,0.30573278941342846,0.3200089523123027
0,0,0,0,-0.1398692672035559,0,0,0,-0.1301312244061527,0,0,0,0,0,0,0,0,0,0,-0.16538212337877659,-0.12456523598291183,-0.0842398372248951,-0.06050728526256486,-0.031723292260111086,-0.021196012753607885,-0.003973335859117718,-0.0022705100934471466,0.0013915566840369338,0.010468410640259669,0.012829612499734997,0.007421770972324256,-0.010478299469756595,-0.014216465778553868,-0.015503502475426452,-0.015208680493410957,-0.011439501790355957,0.017727264934020787,0.04198309472225276,0.0484150737059588,0.07389020686073659,0.09573870497155339,0.11175582163944608,0.13675057317680558,0.1670720406527136,0.19038940284884823,0.197253456112567,0.21929035194470584,0.23104135568670658,0.25661534957065535,0.27691643315268155
0,0,0,0,0,0,0,0,0,0,0,0,0,0,0,2.9145523453881436e+38,-0.13049331647778586,-0.13207004924510113,0.03546462482187543,-0.06117656149198926,-0.1551136904187639,-0.19396031315744847,-0.24487305635000475,-0.20466644296518696,-0.07862547057462639,-0.04229961790673255,-0.028174574704437814,-0.019250522648109687,-0.022203168863329004,-0.03506366714160817,-0.030789038895350524,-0.04827051291921241,-0.055250684383076426,-0.0709620913258823,-0.0707249817907171,-0.0834419755967659,-0.06735382487616291,-0.07178816211639384,-0.07162466917077301,-0.04376640888592343,-0.02391907928761388,-0.00745440700664369,0.02217456226052794,0.06112168767696897,0.07712884850891676,0.09155561580084298,0.136893245781561,0.1614562973142288,0.17694149298388026,0.19960772360185886
0,0,0,0,0,0,0,0,0,0,0,0,0,0,0,0,0,0,0,0,-0.19078403612058037,-0.23115075844583333,-0.28074149252612696,-0.2702097879923484,-0.24067953733594294,-0.23884510365563438,-0.20824817629005082,-0.1234323479156183,-0.14892778823138567,-0.132430263558546,-0.1070125428151244,-0.10785737074936906,-0.10771450307984642,-0.09952789854985675,-0.09408795741384929,-0.09325499708293718,-0.0878428899654436,-0.08336198932898876,-0.09550130258279992,-0.09164001596503309,-0.11402581713650636,-0.11716179974074337,-0.11903331414322904,-0.10795924352065835,-0.11189210237379514,-0.1102972228618944,-0.06998928349774938,-0.04466104180534549,0.03726641291252251,0.061692799118636475
0,0,0,0,0,0,0,0,0,0,-0.24666228233098564,-0.2692786237836199,-0.2899631640868429,-0.3008281340726894,-0.31314216359754543,-0.3237665795342072,-0.3413580341523875,-0.3497868213016994,-0.35929678211947563,-0.383800499809178,-0.3541215256742816,-0.36591684748760217,-0.4224454068421964,-0.35565201834617766,-0.18465829966360572,-0.24151728630853495,-0.2775818288643749,-0.28684796701359466,-0.2596693596045807,-0.21917069986033008,-0.2228744511776639,-0.2207861799872899,-0.19702635204178845,-0.19958777459183702,-0.1984912179343254,-0.2059686799840507,-0.18044436101883413,-0.17743875181154575,-0.17991845652209768,-0.16428601892615186,-0.14769051407345163,-0.14888343972916412,-0.14824809660479416,-0.15584971243230666,-0.1580976314944407,-0.17334843139092931,-0.16580209468185056,-0.14820905430998416,-0.13517395336195556,-0.13201495463273705
