jsons/1312880400.json
{"header": {"parameterUnit": "m", "parameterNumber": 3, "dx": 0.1, "dy": 0.5, "parameterNumberName": "Northward wave", "la1": 40.97354507446295, "la2": 16.46031188964855, "parameterCategory": 2, "lo2": 133.9931640625001, "nx": 191, "ny": 50, "refTime": "2011-08-05 8:00:00", "lo1": 114.97908020019554}, "data":
[rows 0 to 21 of 50, columns 50 to 99 of 191]
0,0,0,0,0,0,0,0,0,0,0,0,0,0,0,0,0,0,0,0,0,0,0,0,0,0,0,0,0,0,0,0,0,0,0,0,0,0,0,0,0,0,0,0,0,0,0,0,0,0
0,0,0,0,0,0,0,-0.05217294785055965,0.02258894035630925,0.04715000794167565,0.06085026007101516,0.0867409452174164,0.09396442841677358,0.09576787842451058,0.09971924932011561,0.10101366963972432,0.10568272476288997,0.10468420046397775,0.10835561114779693,0.11362576600573128,0.1112103298992466,0.10487247584973623,0.13913746439096283,0,0,0,0,0,0,0,0,0,0,0,0,0,0,0,0,0,0,0,0,0,0,0,0,0,0,0
-0.1679963279331588,-0.14845326845161275,-0.14670183298343997,-0.12593041386093537,-0.05191220840045869,-0.017193467312178683,0.04610584025022842,0.0519706620858175,0.09748091153177774,0.11168907342859602,0.11646950275663637,0.12765374869757867,0.12885137677037023,0.1318936128324138,0.13409840704287565,0.13448225599653688,0.14029481131618451,0.1391016651361882,0.13076451723493418,0,0,0,0,0,0,0,0,0,0,0,0,0,0,0,0,0,0,0,0,0,0,0,0,0,0,0,0,0,0,0
-0.2804262852814033,-0.17613539590225422,-0.09533558393204788,-0.03472141332380088,0.13219089658281988,0.17810107754212903,0.17896193405559896,0.18164726437028555,0.19587837897748595,0.19370961556424804,0.19577337907378456,0.18790336985216705,0.1827045537421539,0.18943896549065095,-0.14608601160265672,-0.20777628787210808,-0.08849370202078738,0,0,0,0,0,0,0,0,3.0818411069303674e+38,-0.3934931603066767,-0.42500662380172116,-0.43877624099096474,-0.44407300914876563,-0.4496811954556131,-0.4468285962105536,-0.4477474074851801,-0.4528696293361479,-0.45266200455680383,-0.46650422319510854,-0.4643254478999212,-0.46845406400059714,-0.4464781123054148,-0.3265731396416905,-0.2330822984363381,-0.21017678124176484,-0.1566956218974156,-0.10032057749546941,-0.06224331895793483,-0.03616169423124237,0.00963980063931701,0.035468888059577694,0.057198427791658846,0.11198311646098233
-0.4570849809484077,-0.46310376545752857,-0.4622800489998507,-0.47644870679535684,-0.4434827061614725,-0.40960154126439713,-0.3803515235188693,-0.445361268133237,-0.0474394228182537,0.20230690312576444,0.3528993805008628,0.32302690544143553,0.216855693978243,0.18694973589457106,0.044273708024632256,0.015817735279606046,-0.2787516752277371,-0.32619145485533835,-0.34973886435107504,0.12147600065565464,-0.5293111976091724,-0.5419723398130332,-0.5340879241222415,-0.5133949281715146,-0.4766486712772077,-0.45519477054999286,-0.42807921292827605,-0.42815361189389445,-0.42541439441714995,-0.41662919120614117,-0.38889120099855123,-0.3917793051693482,-0.3876376742788832,-0.3901520474911704,-0.4136944842350434,-0.4442367535530214,-0.5262221000860915,-0.5372390563002386,-0.5549863097563361,-0.4726343241272636,-0.32111259041158124,-0.2451544478396948,-0.19371171219876307,-0.11498503691090457,-0.06036313197762475,-0.022998828076746143,0.06891012466289953,0.12809810567043337,0.16638866507705236,0.22204651638329104
-0.4803018275869391,-0.49077687424740707,-0.5083202072480865,-0.5199233187463015,-0.5333327781165084,-0.5405559871008296,-0.5586405095060153,-0.5683726712852799,-0.5677553431476048,-0.5783600109089881,-0.5769271435732792,-0.57891075650048,-0.5775461898256139,-0.5654579139512079,-0.5667670100958463,-0.5485589693207439,-0.5340056937349877,-0.49332591334819226,-0.49349137006131416,-0.44939384543618077,-0.3507223936024004,-0.31592677204158875,-0.2623220262865793,-0.24881332601898862,-0.21722153488518867,-0.2324960435006096,-0.22457749050491493,-0.1999696759215419,-0.20609178605886533,-0.1938786577546604,-0.21088506273253677,-0.2179135526832352,-0.24231012511939654,-0.2643498682841794,-0.3050757577866115,-0.3202188077444458,-0.5020218389895484,-0.578494181392725,-0.5926610714016183,-0.3288327995677566,-0.1771318273221755,-0.12388890142948358,-0.0477928324657199,0.014045127754613104,0.05895688132537105,0.11901817263525392,0.14425566995779043,0.2022718589684311,0.2413321370637702,0.23382181849421502
-0.3124316139731742,-0.2947790706066745,-0.29273838935640595,-0.2819452620093382,-0.3092741657379255,-0.3151760499517227,-0.3340017775655456,-0.3585405891846978,-0.3765407921122949,-0.3907729057345822,-0.38413448364510216,-0.3826844582277454,-0.3727643948380846,-0.36065052393058955,-0.3258369211729887,-0.3147428163544135,-0.30594005940123814,-0.2640638971443594,-0.2521626684331092,-0.23279833426445296,-0.2130737661901281,-0.20068327343434747,-0.18736821529909542,-0.1700094948098196,-0.16502256686645406,-0.1737322362384308,-0.12701474792429585,-0.08532386984115177,-0.050363157935639995,-0.041856741374342164,-0.010005801091649086,-0.00014641411282174818,0.037238149746101366,0.11454062100288691,0.09325702979810935,0.09579496136688632,-0.5875864531676736,-0.2989923503601951,0.1871314773475102,0.28295134271241695,0.2530607528282195,0.2174211610440395,0.19895300170390076,0.20044832114840763,0.2038053168565688,0.21610676091320746,0.2173462269433969,0.2373206977206803,0.27918735319461035,0.2707539463486875
0.06711284777276413,-6.585313104660967e+37,0,0,0,0,0,0,0,0,0,0,0,0,0,0,-0.21792723160664831,-0.11207996537607531,-0.08260052320544602,-1.9593920973390405e+37,0,0,0,-0.2145735612353602,-0.15978749066482603,-0.211694552354785,-0.24681717530775338,-0.1666241665534802,-0.10238529751162599,-0.0686932824519799,0.062337722378139525,0.13229082947158935,0.1821861650042206,0.28951498502070455,0.3615678570970143,0.30952356896202776,-0.37770299510193517,-0.16559496238031132,0.3949821167217124,0.46564070242896144,0.3912425141096874,0.3491376816973582,0.3037270639579588,0.2594088374796005,0.2659315035571763,0.2539839837458995,0.22961288112287534,0.2358265051402132,0.258004774196096,0.27040528922284335
0,0,0,0,0,0,0,0,0,0,0,0,0,0,0,0,0,0,0,0,0,-3.7265678215909457e+37,5.222288858319949e+36,0,0,0,-0.4559308068599775,-0.2758950540485844,-0.17647849200625884,-0.0781814319611122,0.13679619021825618,0.1861699452909044,0.27383367395870795,0.4160372226545215,0.47425132703466644,0.4996124474844281,0.5153713977647104,-0.6641658117914677,0.2826633869271535,0.5742850904031,0.5293158505639685,0.4718672981308786,0.4560605616601445,0.40092654553992185,0.40310999622726035,0.39647230877208184,0.3871302283103043,0.4177284215041709,0.4408838164239302,0.43119406549247097
0,0,0,0,0,0,0,0,0.04561782491120718,-0.1741129114137868,-0.16960911067210732,-0.21108228591412387,-0.2876254891609383,-0.34258342914000717,-0.3624752042599069,-0.2197799496426152,-0.13556667742598108,-0.14967462402803625,-0.19766259116526205,-0.07457754691482846,-0.11861329386453344,-0.12971642087815846,-0.15976816505287345,-0.1537973912108688,-0.13857625789979622,-0.09404318479028609,-0.06722368048716451,-0.009580144599135431,0.018186288716378153,0.040584846960543944,0.1946413812292023,0.2832776380528184,0.34136601212682177,0.4832508926796007,0.5686489161305383,0.5201400931013412,-0.13088317161883076,0.08569294874843067,0.3626842385797537,0.5345889577407209,0.48341575896095784,0.4594502518286297,0.39329500889604646,0.41925468224975126,0.4318328858019085,0.44009485131809173,0.43743184736274765,0.46838712384387365,0.4907392805895995,0.5128512630033242
0,0,-0.2202684436049826,-0.2686991816272978,-0.2952026796488656,-0.32840797778855474,-0.38193212911469904,-0.40765227754712835,-0.4010057997092247,-0.38655699016623285,-0.31590454689905295,-0.2991231200688554,-0.25908459966615544,-0.1688221455586894,-0.11960185116134214,-0.04579263061496787,-0.01963104273981219,-0.0033421524491389198,0.007568937471030087,-0.00440182110861087,-0.001073940966911339,0.021991745524579425,0.0361967069245335,0.060675502052430816,0.13051797951091884,0.1429015161487992,0.16562510966221972,0.2420897080842924,0.2782923318266353,0.31541786024332913,0.4041246667250465,0.4815629451647098,0.511030015916349,0.5788837745822997,0.48791276416540275,0.588884415626311,0.06974260565231255,0.4362206025249874,0.6443616583007392,0.5856543320214124,0.5668447325483904,0.5498977521299501,0.5144885187245959,0.4893680641406121,0.486418214865933,0.49136225765529995,0.4926318790067216,0.506061487026637,0.5083065891722996,0.5418874013234941
-0.4123456262360986,-0.4062632775969883,-0.40618515281771034,-0.4082663773193639,-0.3810607336152878,-0.3685130095776633,-0.36335405694169604,-0.3423858250639841,-0.29173784973643657,-0.28109636046071024,-0.24446122056991706,-0.1477386378636877,-0.1337123466174438,-0.09265334837457412,-0.006905325038804736,0.0032837210067984983,0.011519757978566159,0.04203204607427587,0.07402124715993345,0.09513074208209575,0.12311924203326384,0.1214672049268237,0.16755664257060293,0.18334536895586026,0.2532567835267678,0.29804999265933146,0.3434750246133734,0.439938607486882,0.45834322145629625,0.48206434677589055,0.5302385827048612,0.5533452740692195,0.5783424465319779,0.6390187954591536,0.6363810385615225,0.40854638612747124,-0.5580487621907732,0.6649791580629887,0.6278751490499223,0.5896953811899757,0.5572571417082817,0.5809435112494806,0.5616786077613688,0.5231941622404183,0.5367121813333695,0.5437234628347769,0.5580091018327068,0.5600779666627143,0.5727194115316324,0.5837473662216657
-0.34279641880013334,-0.3047317080115829,-0.2819353248214458,-0.2904727222111953,-0.27057300316709476,-0.24600127076214168,-0.23280745402204914,-0.21212443953819723,-0.1803860761667461,-0.1679249247341849,-0.14341282447950832,-0.10229358621983964,-0.08701258257047294,-0.07107303327269317,-0.0444573064266395,-0.03532875560767798,-0.04041911444450346,9.682627993698483e-05,0.057577370777835285,0.10144445428378682,0.17131575315100114,0.2049372191999821,0.24178861158728676,0.2790051872233748,0.34926795400401817,0.3593967240403215,0.37374500588969484,0.4475113408527933,0.48681877808401897,0.5077771567396866,0.5693263380844056,0.5865140363826185,0.6154634149466707,0.6702775701645043,0.6500123508465323,0.6387062217026976,-0.45316497424620594,0.6197576075106772,0.654571977707664,0.6640806250827511,0.6351938850626281,0.627567299118456,0.6203421630282404,0.5714389896779216,0.5497471533312612,0.5482011534562857,0.5456184163763403,0.5638320073831585,0.5482252468667697,0.5874488939840575
-0.20698116333664252,-0.22446086468391258,-0.23810066952384898,-0.2482941485566409,-0.22470372805272956,-0.21754680755910466,-0.21265066648466766,-0.2031799185709684,-0.17950838191074434,-0.16647373826605952,-0.15687280771200354,-0.14246576917761897,-0.1392308841742807,-0.1338818954609652,-0.11193731891036302,-0.10572733533281754,-0.09438797761250607,-0.05123592145752026,0.0013610042040668022,0.027959837172470945,0.08068851101173309,0.13542563465259122,0.1784621632980429,0.23156472678321124,0.31516769280456636,0.350938870711653,0.401100163882672,0.429221101106287,0.46737646402875355,0.4899169883144416,0.5248609972367098,0.5450464715473616,0.5697210878174608,0.6289022200342318,0.6518348218000292,0.682150300880384,0.4375879516304352,-0.11913650306604263,-0.04188160590422516,0.6766676005740827,0.6403396077076343,0.651645404517641,0.6395982978024082,0.6057809788799106,0.596892401272693,0.5833466065908658,0.5764563757907873,0.5702944420320213,0.5773524160225062,0.5865626774900093
0,0,0,0,0,-0.2590083624219977,-0.27467296841447114,-0.2595976116246832,-0.22137842573447195,-0.20874411194641548,-0.19992323030321066,-0.1828685759583208,-0.17759839742884478,-0.16151642723919252,-0.1300786127984798,-0.12012616232097657,-0.1304128100411811,-0.09181696780597595,-0.05407032588653762,-0.011297321666901334,0.06322423254589477,0.11018755244889006,0.15954189157556908,0.20196424593106188,0.25072858932825254,0.2649870609378223,0.2929836104988951,0.3411705513673117,0.38098662607987926,0.40587945638197803,0.4632785137003502,0.49072531712457873,0.5200099598120568,0.5720712451722726,0.5969915221382948,0.6220866096517857,0.6097321910314658,0.41330714003544705,0.7076896640944715,0.32887843876214995,0.5497274785041955,0.6319224327830764,0.6338531165419734,0.5516156828335137,0.5746804204513177,0.5689298620072964,0.5217728064754813,0.5225623714797163,0.5275088773325673,0.510446701140465
0,0,0,0,0,0,0,-0.2632020147824146,-0.22593244328256323,-0.21161387180887592,-0.1983597265141123,-0.2129795670540904,-0.23400607852530816,-0.2417299975218499,-0.23034548065388638,-0.20804254558460542,-0.18898322255630984,-0.14746758931109527,-0.1286231388103847,-0.11846262725474009,-0.08442240572020766,-0.06594841612315061,-0.01708171417470437,-0.020300767793596516,0.08701415232014921,0.14202204185137965,0.165583261983513,0.2312449349991234,0.2604452278907312,0.28807970234447317,0.3567328196838901,0.3957203061901778,0.4286286104085889,0.5157828752092585,0.5591918270768678,0.5848211151853265,0.6512278526599369,0.6735401317016759,0.6995133809916114,0.6290389062756988,0.053354973367684924,0.5777424922565709,0.5130529542503778,0.7061241194075757,0.6898614129030585,0.6745691772513088,0.63728678947984,0.6434529321535104,0.6198178068370275,0.5987638930315863
0,0,0,0,0,0,0,0,0,0,0,-0.06397727097914452,-0.1308190961460237,-0.22216909185360612,-0.24736427211062528,-0.2594520335655407,-0.2751488807708838,-0.23803741205970516,-0.22853337605253776,-0.224363786289299,-0.17741624863448738,-0.1674002366437606,-0.16318164345326194,-0.14983356137001938,-0.10392052558884414,-0.08201008678570558,-0.04107176109529994,0.01589400142937834,0.03494204181307951,0.08414456724975221,0.16211237695862019,0.21864251731826936,0.25712767911831774,0.37234488142793853,0.3861314791325713,0.46288723789061936,0.5655604396210958,0.601897747593904,0.6433173546859057,0.6934615095407646,0.6751142717944891,0.3374730192952278,-0.22218673520602095,0.6739950115006728,0.7606407720305154,0.7557693907329948,0.7285751261823802,0.7176735869776,0.7088876404805903,0.6848377925025847
0,0,0,0,0,0,0,0,0,0,0,0,0,-0.05123329048712819,-0.24578710547045746,-0.2543131163659019,-0.31255991922458,-0.2936120080071554,-0.29442045819751317,-0.2984413996436563,-0.28538610164899497,-0.287260063285951,-0.29856344561428677,-0.2905696907374746,-0.278567237284352,-0.28920883592126995,-0.30819309802812234,-0.2883039016145577,-0.26761562671748573,-0.2435879944229149,-0.19199879990469357,-0.14476097080983605,-0.12150159683249445,-0.07002852062340052,-0.006611282331788674,0.05314191830489306,0.17693948958849476,0.26442590066378924,0.39544117813964197,0.6037091160584627,0.6103783366331978,0.6177314114789925,0.36577708638733475,0.3618874106227315,0.5659106833808167,0.6587956469156727,0.599456010042079,0.5924267855682637,0.5817782969885723,0.5313993024621093
0,0,0,0,0.0003184450870503087,0,0,0,-0.008986750153978863,0,0,0,0,0,0,0,0,0,0,-0.34029428077586227,-0.33788078070859523,-0.3553314698245408,-0.38599791139907363,-0.4023923601454362,-0.4164997486027054,-0.4485293114427194,-0.45443299092667633,-0.458400784236521,-0.4600394236162011,-0.43889200768955905,-0.3941415761666409,-0.38402869159449754,-0.3646194461622294,-0.39483925490142446,-0.39930569353399403,-0.4105229786730167,-0.2816652168845745,-0.17953301320757165,-0.14325165156742622,-0.11992498734232561,-0.5634789628237404,-0.5524842090366701,0.6456962777262774,0.47561880894082215,0.41121935977278784,0.3321474046699909,0.32376317265286114,0.33748650700697724,0.317305150753837,0.270647680833996
0,0,0,0,0,0,0,0,0,0,0,0,0,0,0,2.8883644929831564e+38,-0.019754766583935403,-0.05078337108873901,-0.05536410635535886,-0.07606658804501938,-0.11559457871888397,-0.1755625871906983,-0.3300426149313126,-0.3974479614002799,-0.43959946205389444,-0.4953850828534375,-0.5067151264309824,-0.5179215898896253,-0.5344650674705592,-0.5392680508011594,-0.5083685750328885,-0.4941392135276971,-0.493442167691555,-0.5501195607897593,-0.5514773672795318,-0.5448422399035273,-0.5289867978663415,-0.5399833807500249,-0.5370490487689149,-0.17781932708315581,-0.5591616849061988,-0.6677552099968608,-0.36160450031201313,0.12166827456351534,0.17913177444452336,0.18492008324718165,0.25628861842078093,0.18882015100035496,0.16392067714621955,0.2199821805981554
0,0,0,0,0,0,0,0,0,0,0,0,0,0,0,0,0,0,0,0,-0.15281491367363717,-0.25063541354809743,-0.37980017681317024,-0.41083460716414233,-0.4286873432377471,-0.4848066215569974,-0.520205643005222,-0.540700068821042,-0.5482532125362299,-0.5554804265944612,-0.5812037093613377,-0.6015342588864634,-0.6050938963396197,-0.6311146595812696,-0.6408743750534722,-0.6492674306580161,-0.6548657987463675,-0.658962804067807,-0.6617386368157009,-0.594746969146901,-0.5719970974544507,-0.5228782823747891,-0.45871142794090874,-0.335527839173069,-0.32279398995162,-0.31318502624059547,-0.2405227833370112,-0.21560216336614396,-0.2292872851799925,-0.15607035009177822
0,0,0,0,0,0,0,0,0,0,-0.11972559964835622,-0.13967213133872075,-0.16213603736982687,-0.181042066669475,-0.20252628823180688,-0.21978122243535858,-0.2540508547202345,-0.27256446313603455,-0.289755862883241,-0.3235025800337891,-0.33810090163040585,-0.3453490316521332,-0.340706949589872,0.1891059038131263,-0.29863756851196305,-0.5423847048286604,-0.5616089878586216,-0.5765910261694674,-0.5934629273281852,-0.6120182442243117,-0.6274654718810719,-0.6336914756893477,-0.6385034558163049,-0.6432217374454494,-0.6507371334702078,-0.656663089284319,-0.6293662808580345,-0.5789359743855828,-0.5508613366702436,-0.5811144819542122,-0.608427312721048,-0.5258807200209271,-0.5289981788861743,-0.48995653881087203,-0.4538169355871187,-0.41728705017300094,-0.3098307543170552,-0.2458888454585569,-0.2132044809851498,-0.10502968105529774
