jsons/1312639200.json
{"header": {"parameterUnit": "m", "parameterNumber": 3, "dx": 0.1, "dy": 0.5, "parameterNumberName": "Northward wave", "la1": 40.97354507446295, "la2": 16.46031188964855, "parameterCategory": 2, "lo2": 133.9931640625001, "nx": 191, "ny": 50, "refTime": "2011-08-05 8:00:00", "lo1": 114.97908020019554}, "data":
[rows 22 to 43 of 50, columns 50 to 99 of 191]
0,0,0,0,0,0,0,0,0,0,0,0,0,0,0,0,0,0,0.35031109657390663,-0.05536239628484325,0.012492122937834972,-0.13494351172018768,-0.07989877523980844,-0.7842144933809501,-3.0511927008256117,-3.6131004709267214,-3.7777033322115896,-3.9628490658091184,-4.379175272757841,-4.607826228699942,-4.90898243090179,-5.294681274762196,-5.4490252623955975,-5.596106102505112,-5.704364351896674,-6.151922192951569,-6.454112485147214,-6.722742415330883,-7.15759944736711,-7.2558454842016875,-7.432156157219618,-7.915134138349199,-8.17418245288707,-8.40468772609515,-8.743498025505037,-8.91710868335492,-8.933266090345823,-9.152003388778136,-9.242292389156654,-8.97161008428132
0,0,0,0,0,0,0,0,0,0,0,0,0,0,0,-0.03945148694387589,0,0,0,0,-0.627884646727386,-1.318572198268104,-2.2706241207873123,-2.6444785797874175,-2.859394835331944,-3.3858162249544557,-3.4978353589288425,-3.5969440275165105,-3.8704982323937895,-3.996046829132188,-4.1788442741401175,-4.4873116473754076,-4.640888827523407,-4.869870055725997,-5.077019962473335,-5.1878658913618425,-5.383072754850317,-5.592024183123345,-5.973832193023541,-6.3379440610169135,-6.590049709403947,-7.074468065802231,-7.22487342026135,-7.739739487663608,-7.89190789748698,-7.9938089699434345,-7.994142160411804,-7.987656956609026,-7.902067941714572,-7.741637413747919
0,0,0,0,0,0,0,0,0,0,0,0,0,0,0,0,0,0,-0.8697698236716528,-1.352637279876009,-1.9107299359429317,-2.1848998593813094,-2.653215985102873,-2.7126858947572,-2.5263616346335143,-2.6629247305294754,-2.6087172002217778,-2.4416143264612242,-2.5048274401127326,-2.4825936923019847,-2.1120236698552355,-2.0866821043606056,-2.121962458381041,-2.321397288449757,-2.547118141175698,-2.8422580613841646,-3.2221831550745166,-3.474747005981673,-3.900186978195465,-4.430089938189678,-4.661780858981365,-4.9961330753857105,-5.304142018100869,-5.917393215776435,-6.104260953491022,-6.478450694947723,-6.968990001258417,-7.038787865184695,-7.0023374169003425,-6.861405895416119
0,0,0,0,0,0,0,0,0,0,0,0,0,0,0,-8.1454825486999445e+37,0.22905998523536444,-1.4136661077965411,-1.826016863839344,-2.255958964929821,-1.9488062883890804,-1.8974596095594742,-1.9996268294333688,-1.9038323495952532,-1.713439488845486,-1.55438845133482,-1.3204210864948525,-0.8617465429215854,-0.8565193392118181,-0.8073766231513675,-0.6074081325269484,-0.6177905437615914,-0.5844371222114054,-0.6486781677843916,-0.5859528200617456,-0.6320321824181546,-0.6051111136158971,-0.6348377652960251,-0.6153627727288046,-0.6097216224092151,-0.7479986762400684,-0.8039983895824442,-1.0699216983268596,-1.5051613087729785,-1.825890804775723,-2.2770586857720345,-3.266137509846995,-3.52417265291886,-4.296502089421767,-5.823900916592316
0,0,0,0,0,0,0,0,-0.2267578372578141,-0.6316486327719976,-0.8167622034387277,-0.36308896354053644,-0.5459415071103825,-0.9008502742085943,-1.5326313828026301,-1.6695807448143716,-1.87342250966918,-1.7779589072926505,-1.7119203154593192,-1.8021722826119124,-1.5921222864796447,-1.4168868657963174,-1.1649187180597174,-0.9293572762991471,-0.5563469612091675,-0.3816078614105993,-0.22186448909441986,0.0348187991696061,0.1556841133157592,0.2778995047881422,0.48703748171637984,0.6093662500639032,0.7280011854799484,0.885467073422155,0.9679668900105449,1.113553321335464,1.345867359543566,1.5234645383955778,1.9124144187344767,1.9791315157529241,2.067967101554505,2.360573475578389,2.4754057681336237,2.753699225653764,2.946439257247906,3.0393565544814174,3.3691501863745543,3.5090917603609157,3.6994813047532387,4.1139219356357755
0,0,0,0,0,0,0,-1.1025402332452765,-1.1949395636108817,-1.520792868200687,-1.5737917988914332,-1.5745636024520453,-1.761855146147955,-1.7928899012990043,-1.8049459724594874,-1.806766466687946,-1.889191889374721,-1.7329876191448148,-1.6409223955406962,-1.3879453556838675,-0.9492100109943115,-0.793528984198448,-0.6802195467311735,-0.5688779377351291,-0.322122178981274,-0.15665707883230157,-0.027752901568258687,0.306669892187126,0.4699880922406465,0.6393810503291796,0.9926173419418904,1.1620158530687974,1.3576631290888956,1.7561503517723296,1.9554416363833746,2.089438989643492,2.343520101360473,2.5672033985724365,2.7835628343457666,3.043970791676342,3.142996648530999,3.3698824821887023,3.5778377603960068,3.8323634756914498,3.9537851541347,4.088925007768868,4.3940647617381625,4.7270796766188745,4.950326102748328,5.318751797550606
0,0,0.21610714815313412,-1.363898522494183,-1.564889894014977,-1.619704441345689,-1.8572606626386425,-1.8568078732779787,-1.7749562494729498,-1.8722557824709105,-1.8768748104478383,-1.796392345904525,-1.8414414968304122,-1.7945671329597717,-1.6696804052921848,-1.5872538738313342,-1.5344666840576802,-1.262939310560825,-1.2239747315642466,-1.1254462493983208,-0.9170007198035971,-0.7473392471865015,-0.6566809161409605,-0.5285471034957171,-0.30859131677344864,-0.1214643489518351,-0.06643767999206067,0.19892605768803887,0.4809641361529085,0.629209200474701,0.8887806447812459,1.0456682159739124,1.1496461937090965,1.4927166014338575,1.711331455280955,1.9230112948896587,2.395186603104973,2.763142162168719,2.8613774155465213,3.034212019900805,3.2675796206492165,3.4563797118325597,3.6419253823391564,3.9601469163247773,4.181290167970985,4.376740148357488,4.654639082684662,4.830953698695867,4.899822539390689,5.184090024470012
-1.4473286786697064,-1.5449430534524464,-1.6972515707005411,-1.881810982721532,-1.7957957050531481,-1.8261541591435735,-1.9185679225290055,-1.9592667305574596,-1.8967969444660315,-1.993776481197655,-1.9980956638878549,-1.8938132968588135,-1.8643797962221358,-1.7184376310119636,-1.4422692132572126,-1.330305384471306,-1.2590265079899727,-1.0790994026356566,-1.006121622600938,-0.946542039034083,-0.7630621380145276,-0.6584704592327396,-0.5390916338790731,-0.4103090582214885,-0.15651200711599864,-0.060529435618667686,0.03802737534492612,0.26170427131091367,0.38848821119233584,0.5834599512495204,0.8564639034302977,1.0198187543092332,1.1345502058321941,1.448806963639397,1.6451408535152492,1.8026274656662684,2.0289571609937758,2.2193612319549456,2.3749055762063223,2.7200719193348766,2.819794966989617,3.063666170141067,3.2488106369855405,3.6864097195574295,3.901126745796405,3.990010559553804,4.4055583717014715,4.563186543890053,4.618293502045977,4.833358634701045
-1.9200823123437887,-1.911057137654816,-1.958494432804004,-2.0255293938984233,-1.998261158192197,-1.9981329773277132,-2.052205031868771,-2.0430225391294097,-1.9412562964470783,-1.962741093780194,-1.9177213082153288,-1.7792919770501503,-1.6677456183855313,-1.5832216315668797,-1.3830420476104868,-1.3701319206523486,-1.3172770940350933,-1.2007853980424588,-1.085742195086333,-1.0308100070094468,-0.8579747089295824,-0.7908538826151488,-0.7279307035361251,-0.6646998292447658,-0.4665015349044108,-0.3683650767905648,-0.26002391058110036,-0.04377243202939742,0.051978661808892344,0.14919462565218314,0.3318270478002302,0.39962347646486773,0.5051617690734485,0.6853342236911945,0.7602734005591293,0.8405817126350743,0.9883922834501412,1.3416233574753593,1.5086076994877642,1.8983369928535023,2.2837655405354633,2.41696871400968,2.7285848394538763,3.1475795606793313,3.3847068571852326,3.5973404179198054,3.903255575279669,4.016807832908502,4.064896599351319,4.280126531055308
-1.8836490811212478,-1.8205041752670252,-1.8325909728005718,-1.9023243034610542,-1.8460840968233845,-1.8297288431281884,-1.845797812606093,-1.8140177718241166,-1.7204939554906822,-1.6828011856005867,-1.6356672032610327,-1.5120249801532777,-1.4934461187264496,-1.4681104567685412,-1.4257387136508124,-1.3941006793228903,-1.4010708189886805,-1.3031190924316352,-1.237954496661029,-1.1374356133369283,-0.9989700344413815,-0.942696530752626,-0.8859558204590018,-0.8379263368943747,-0.7118081926278854,-0.6564952227243546,-0.5976764575583284,-0.4344429134337292,-0.33920122212286424,-0.253119163002607,-0.1423886736003895,-0.08841344132385826,-0.043675849450219885,0.05267701890271904,0.13079280485468536,0.2738906561448765,0.5558379400449623,0.7222089265891103,0.962091410570446,1.4712385753553079,1.7237524856528919,1.9803241493888701,2.2575488063236757,2.6990738462557564,2.8614934779747636,3.1849569942352396,3.534676374293636,3.621389423213696,3.6601382934058995,3.839836649772374
-1.3148993849102935,-1.1781122025423312,-1.1292674266713516,-1.0907421240476907,-0.9072990133899895,-0.7939479285198708,-0.7074666239586492,-0.4373241114368973,-0.04331417068824772,0.5027013982351554,0.6960124836985706,0,0,0,0,0,0,0,0,0,-1.6867153914674624,-1.5352633925468266,-1.4434555890628105,-1.3309922140628236,-1.1872246579429386,-1.0788290679759303,-0.9872516548576572,-0.8734165779958603,-0.8413898037118503,-0.7826989139369147,-0.6121606184729538,-0.5749748998948572,-0.5197269482922622,-0.27732867555266516,-0.18794911612497817,-0.03451960225736547,0.2692319376170352,0.4149479503025795,0.6191480853603472,1.0095768265581593,1.27228333498586,1.4644438881470034,1.6388389327121111,1.8852041346590522,2.052369031139126,2.4099775632231455,2.7245977276751456,2.8544071979355845,3.0148401533948803,3.3334535486533876
-0.4507036847932305,-0.27124561712581646,-0.10184644278238032,0.005083002733458216,0.36907801074768587,0.46562847060315693,0.6473119193316689,0,0,0,0,0,0,0,0,0,0,0,0,-2.071989196146195,-1.7509004729399646,-1.629369174723692,-1.5504567442608481,-1.4517589650847813,-1.1610602637113205,-1.1126185319968642,-1.028547619053964,-0.8366903977909145,-0.782914123968448,-0.7182945489274062,-0.576204094577668,-0.5638522985405788,-0.47828568144422734,-0.36495381418892375,-0.27288678648060954,-0.20615253599778657,0.14445912980346975,0.5946770115656247,0.9691301531341118,0.4604380352278093,0.5623007893535726,-0.6301554717937328,-1.5117457252847672,-0.30216829085633456,0.41563602404801764,1.0966118078996272,1.890643650252689,2.154786012244783,2.3296914065129384,2.7036859560289446
0.3565703031612004,0.5763068795284275,0.6307213863730431,0.6592554665044353,0,0,0,0,0,0,0,0,0,0,0,0,0,-1.743190461690731,-1.6995477816026847,-1.740229450525803,-1.4770425813022006,-1.418065307709636,-1.364253305119973,-1.266621882455889,-1.072581584917861,-1.0024689000239442,-0.9082904069508348,-0.7162333205305138,-0.5822525103957218,-0.4613252331143055,-0.1776921385849742,0.03944024077422631,0.15949062626354807,0.6533208667902803,0.9444327214885969,1.1497360409282569,1.59017820983168,1.5842155829388114,1.5155795681251933,1.2251310492677447,1.165221741050228,1.1753526225378919,1.1443987870626209,1.192437091928428,1.2871907472654533,1.3636803741960475,1.59902589229738,1.732508817627582,1.9709102377217287,2.269473519202893
0.5286176175487779,0.6402388890759516,0,0,0,0,0,0,0,0,0,0,0,0,0,0,-1.7320851983875738,-1.5325300459155136,-1.4963619785820168,-1.4153129453213653,-1.1729763298769045,-1.1129594006254682,-1.0461030507306817,-0.919788949873381,-0.6826011193630992,-0.5595187490416279,-0.46978639078825224,-0.1942018396180495,-0.06396122798503479,0.06963218487235305,0.3651080991272345,0.4524927520992743,0.5634797837968286,0.7370460309448428,0.8371359150805215,0.8825388603836015,0.9321412828461701,0.9545426341289215,0.9890664816746657,0.985437559604641,1.005068478886443,1.0538043233713812,1.081849700710119,1.1802831564208918,1.257266800745613,1.3562569016592536,1.5636557588077213,1.6614453522725001,1.758073188742592,1.9920751093511175
0.5035170590461373,0.5639742680956794,0,0,0,0,0,0,0,0,0,0,0,0,-1.4151215556577392,-1.350161252606231,-1.3502016263453422,-1.172686758132321,-1.0904624987105014,-1.0128894741986074,-0.8172160027061808,-0.6779875941375022,-0.5979625434984044,-0.5028213979505333,-0.3059743825959199,-0.21463472348696405,-0.09974001576729657,0.042051318839308315,0.14173705432505934,0.1923622170170846,0.3206956444371081,0.3434204348597671,0.3603028653962272,0.46480948590568044,0.5190943809350255,0.5675272215935028,0.5832535057399829,0.6418823823500455,0.6699261227780264,0.7600040545935057,0.8036186008064727,0.8812921273394332,0.9218784639801031,1.094106354857501,1.1845892177753417,1.288245395711581,1.4589701805924051,1.560288371937919,1.6101068213492653,1.7651642848867375
0.41520587720130375,0.44242930639055833,0.3768290189796363,0.0066923042304328,0.10377220196867641,0,0,0,0,0,0.37064521709328513,-1.2786486732393183,-1.308993862030256,-1.2472500978378813,-1.1341221482933603,-1.0644871715947362,-0.999438870006573,-0.8436009784410747,-0.78740257428242,-0.7239857049891109,-0.5800275426337371,-0.5108295877953902,-0.4310347804757192,-0.37556813532490696,-0.23314508210006635,-0.14908747331106217,-0.09844830467191237,0.011277323295117065,0.07475879737238961,0.11179560540353772,0.18171038835379566,0.24005418899865014,0.3021080883888291,0.35738858063157825,0.37305676333121585,0.4176106284736165,0.4732598573722394,0.5256532337681753,0.5514000703866359,0.6530998770106529,0.7127725950326096,0.8010582410432082,0.8416461537056156,0.964163825935022,1.0702092620047199,1.1384343594693147,1.2740577423283446,1.3014140507119494,1.3999780960333184,1.5173332601010303
0.49077330740681313,0.47659864010332736,0.5050769834337931,0.10054564350127362,-0.46860829659587777,-0.15135803802123166,0.07814037006466688,-0.316659306251999,0,-1.2781211832189416,-1.1613707463301894,-1.0317013028925897,-1.0013839022048954,-0.9503326268662747,-0.8360245703846173,-0.7857912758917539,-0.7543112692246435,-0.6475133314475899,-0.5802787978145652,-0.5394988224396787,-0.42250465891389344,-0.366825382528161,-0.3223239981815542,-0.2584868134636635,-0.19597564767544517,-0.16644519442196765,-0.11970492136440306,-0.05538233515197491,-0.015861801757248935,0.001525692100064253,0.06556686344780077,0.08721737052132296,0.09367088586151738,0.22688772857727885,0.2628199865064694,0.2917909718576491,0.3457326611657258,0.4116636989035418,0.4474505872399088,0.6022417510275012,0.6490437592850542,0.7418313677590385,0.8202001324928614,0.931691220870617,1.0030946799597746,1.046826009586421,1.1875741029879008,1.227739602588997,1.309964801121393,1.3890125527434782
-0.3378358694069897,-0.49802120814418305,-0.587293747899491,-0.7379826738027857,-0.7729512132955363,-0.8748526174867846,-0.913292998787188,-0.9277924927473097,-0.872676858408438,-0.8845811523600668,-0.8574841325264815,-0.802748672933058,-0.7899125739539674,-0.764718518794032,-0.6777657105357886,-0.6366586746208338,-0.6107129527499977,-0.5288757662478515,-0.4967994811102045,-0.4792808209265805,-0.4117686022618283,-0.3736618846928662,-0.36775583527416417,-0.32639705869538466,-0.23546747443782742,-0.18322964512426562,-0.17708447726517415,-0.1272854061508674,-0.11273259189297115,-0.0832793223347907,-0.024410415059595916,0.006612083906472508,0.05555900464989256,0.1268873349515195,0.1761403699111562,0.1987536465228464,0.34850961428230043,0.40665560301548487,0.4520702386175911,0.5418692621807578,0.6065611424054911,0.6436718448933737,0.6951197085176957,0.8231530306983383,0.8779765746253995,0.9471948475711066,1.0193840808149743,1.0742715117672557,1.129867819390683,1.2008649963735418
-0.8090413878400312,-0.8235096338949616,-0.8264490771448122,-0.878042085551608,-0.853004619354003,-0.8455022114776922,-0.8341266789195261,-0.8295680962925086,-0.779652443811755,-0.7794670713054852,-0.7562872228831802,-0.703071799010814,-0.6818347568527168,-0.6616230505035828,-0.6065253921921363,-0.5996658603523645,-0.5925261419651413,-0.5603705922755035,-0.5281520396091746,-0.5164607538134373,-0.46723047529946565,-0.4204468414975368,-0.403248909894478,-0.37121396913189336,-0.30172609983014137,-0.27607269736400286,-0.2489336250368156,-0.20267978749145618,-0.20057134290162545,-0.16565834073550417,-0.11717656094036867,-0.07860543666791808,-0.03564504115003779,0.050678763069361074,0.10307777232194659,0.16394092214296582,0.2649966855175484,0.34523524657181154,0.3805641307983937,0.5154836594451677,0.5749663205411883,0.5885131260821483,0.638360686270972,0.7194402924698651,0.7791363663854702,0.8088189045216294,0.9285787816230164,0.9860700154199129,1.019458639363967,1.111786657932843
-0.8376984097490775,-0.8299321115762343,-0.8120414561703581,-0.8274779786652295,-0.7857809561353728,-0.7875178006868838,-0.7847592627655468,-0.7586021273032765,-0.7366946847375201,-0.720693343493069,-0.7077740711108003,-0.6616316370661479,-0.6724475553810101,-0.66842283205489,-0.6548069811175624,-0.6392010546071127,-0.6240482128132525,-0.5960952384783511,-0.5676781129572044,-0.5362057084754899,-0.4913721309032466,-0.46695817645630233,-0.44059924309563253,-0.43092367032415346,-0.3750685576632014,-0.37404205698760834,-0.34178127217473564,-0.28472372563999593,-0.2610482239910314,-0.2143518371581391,-0.16032702840813914,-0.11030526288372233,-0.08900936821187763,0.010783219265893899,0.0625921934701544,0.10579933723107829,0.16578468760017406,0.23561071070121556,0.27871671611127974,0.39662666072533315,0.4311761205470214,0.45974967052637405,0.4969593145707934,0.5563069437769185,0.6395865492603124,0.7031263150055772,0.7909818660360444,0.8200264873730494,0.8377301333492435,0.9835842025162358
-0.8397821666342464,-0.8120950244202289,-0.8030517800133966,-0.8010753003308246,-0.7774568497761803,-0.7654825853356293,-0.7703526528115449,-0.7642252763667775,-0.7283321840420339,-0.7392306472959003,-0.7342745287159306,-0.716598549315074,-0.7144764574945887,-0.6971039446336748,-0.6741626414461981,-0.6592399337777417,-0.6392604684906251,-0.6026694556712529,-0.580257241234992,-0.5643902170062312,-0.5191066094546912,-0.496651186534201,-0.47081044550825357,-0.4624875864651696,-0.41069575590221014,-0.39252798867153244,-0.3725453368569103,-0.3129868641737106,-0.2894656656311325,-0.25530094542667214,-0.20025281561096803,-0.1613922452190804,-0.1203198996426169,-0.03970306206878402,0.0165212309170591,0.027350411990684043,0.11411167512874376,0.16187755617596078,0.22894873089153583,0.2805908290755646,0.33588664998473766,0.377937503675256,0.43615217062532463,0.5100929625770264,0.5452442671383719,0.5950482114798261,0.6745533513748094,0.7138938292963415,0.7812711947029808,0.8782893190556421
-0.825775231662221,-0.8143750829501043,-0.8044564968126398,-0.8150814798897776,-0.7937252336014635,-0.7790651047085841,-0.7911162555799306,-0.7938894738261328,-0.7661360142877403,-0.776096670801009,-0.7713892169449433,-0.7296181617467452,-0.7216052649398627,-0.7160671119480453,-0.6721624658083752,-0.6509400546810524,-0.6449483939443931,-0.6078588350838281,-0.589312839626255,-0.577230240356705,-0.5375735853123794,-0.5346156817879804,-0.5232005248441971,-0.4932443639947542,-0.4616133422228924,-0.4478626486691776,-0.42043521908638576,-0.3532059537651701,-0.3432080108658385,-0.31677530428821266,-0.2458569346221776,-0.22107843469171026,-0.18241454091256176,-0.11965801561450523,-0.0948175726433465,-0.05406506096127473,0.008460180327117294,0.03269020605898421,0.08285492431834886,0.1720213318705735,0.21033029278687287,0.2716041641084241,0.29188336302585993,0.3690330701082371,0.4091975840632875,0.45781620400739464,0.5503880051591689,0.5893484341549201,0.5973102585531836,0.6936260173167438
