jsons/1312779600.json
{"header": {"parameterUnit": "m", "parameterNumber": 3, "dx": 0.1, "dy": 0.5, "parameterNumberName": "Northward wave", "la1": 40.97354507446295, "la2": 16.46031188964855, "parameterCategory": 2, "lo2": 133.9931640625001, "nx": 191, "ny": 50, "refTime": "2011-08-05 8:00:00", "lo1": 114.97908020019554}, "data":
[rows 22 to 43 of 50, columns 100 to 149 of 191]
1.0946670992524017,1.022926273963485,0.8614208514290893,0.8201068008530757,0.7929630460160175,0.716821959355044,0.701754531464012,0.6684881882885101,0.6484547138671999,0.6556059080839154,0.6548201001104303,0.6620659655944364,0.6262718402585399,0.6172630205484712,0.6054534411475962,0.590465454410877,0.5926608689347866,0.5888845528127368,0.565216163089556,0.565802271608147,0.5456287951368015,0.47609666572140763,0.4683957696419045,0.45300519981989323,0.46990324753172374,0.5025035381221519,0.5276398600654,0.5745268255766698,0.6440585098195112,0.6708237924152345,0.7026499400103504,0.7540712406016472,0.7939301280217345,0.8300824751031878,0.8505063850535255,0.8660309679145337,0.8973640862807232,0.951189944722929,0.9881318562330954,1.030732052324187,1.0834714155925813,1.1088907320767687,1.1436803100136992,1.1816172521876673,1.2080186476593815,1.205398052799558,1.1923859818620053,1.1812628705554593,1.180684380039112,1.1577822232692696
1.2015429400068514,1.1684781634673096,1.0050974071295546,0.9789614010836265,0.9295265938476699,0.8762436558208235,0.8201144830574495,0.7984427263016138,0.7447615044183824,0.7304508233735266,0.7161279093863369,0.680657899698406,0.6437502663013026,0.6044377768481001,0.5778666536343791,0.5299208831393877,0.5370687752790085,0.5638212477585088,0.5281896395353601,0.5153110174384358,0.5152440782315271,0.47248773088996476,0.5376624642769784,0.61344840895762,0.5996574971133808,0.6254833614972778,0.6448575810704511,0.6843418631319677,0.7350533198152414,0.7702407248194095,0.7938696929679052,0.8512126543877326,0.8780071451611275,0.8943631922034743,0.98466693061828,1.0013199351897952,1.0290042359866478,1.1193980717362937,1.1523024237087995,1.180728577918296,1.245716946729052,1.2749529545670015,1.2927964236758165,1.2953282111983624,1.3177255725932067,1.320359246907191,1.3213892187333423,1.3046264549170081,1.290578249773525,1.2800186092300871
1.094883723051303,1.2090548436606199,1.1588314174923966,1.1435613747413016,1.1051493374430899,1.0280926118453424,0.9787126115271375,0.9527436949063407,0.8700156707022099,0.8351856809451738,0.8149716207259922,0.8043214734097285,0.7682202976675323,0.749737524143432,0.727007733448462,0.709701684419865,0.6947562047096006,0.6881913171590469,0.6858108950933967,0.7073488305288245,0.7351729777651231,0.7305773397673949,0.7372677430131327,0.7558874761086781,0.7964654035372285,0.793309281287983,0.8035722619815074,0.8300198848457142,0.8688954357227272,0.9111301086976398,0.9272581028815952,0.9648052438083414,0.9938205146276357,1.0250233777702584,1.1011529825710402,1.144489737915135,1.1688973862721355,1.2557148479678064,1.2807714035283086,1.3139916783499008,1.3710880256182156,1.3982536041322169,1.4126028304019462,1.4485292790078663,1.4388742287079546,1.4457283152219347,1.4486248435035571,1.4279840801703654,1.4086314218799256,1.3899188378498757
1.1296633908215479,1.1530826739600515,1.1640410195207271,1.1571700216405474,1.1428307930067756,1.108610263068265,1.0751277220739681,1.0619664377534517,0.9695328522046592,0.9355507608619269,0.9447788746841648,0.8998381978054638,0.8590862041142577,0.8039357392459403,0.8279080233650992,0.838230991528891,0.8595760035458276,0.8672546131300083,0.8526577034318791,0.8455786535360349,0.8272755199766859,0.8660792530199397,0.8657752935614758,0.8848474737946722,0.9183646945617941,0.9378655248584415,0.9911763048966022,1.0274890619135784,1.075580213216993,1.0917923998310566,1.0976927651457458,1.1539778097854225,1.1579645231765834,1.1720366660531838,1.1574124097112917,1.1861687062781134,1.2232098473196373,1.2907657947988496,1.3244773614717034,1.3616725223723585,1.4514799684248674,1.2063528108054342,-1.4515401887777055,1.1063519248108746,1.23089992534676,1.0521724569389406,-0.8836186596980018,-0.8472296814747695,-0.4000527993902067,0.2689556931323515
0.9646938263782009,1.155553287063347,1.156172156760634,1.1555511498109043,1.1593780658885766,1.162532529859684,1.1567553192513382,1.1559153231959653,1.1205456799151154,1.109653523041217,1.0835609010678582,1.0686611531379957,1.0268520387582358,1.0135729539929865,1.000402255333185,0.9774314346198633,0.9780584121929753,0.9552695644882433,0.8737619840482529,0.8766606534047724,0.8564126831550856,0.8527089266995529,0.8672611038743425,0.8803065230852718,0.9651542900094927,0.9849705114712296,1.0119883153970017,1.0164087609447514,1.0424849319582237,1.0777933187927025,1.1054032515918826,1.1448413704092968,1.1861302081065832,1.2152795504980458,1.2756204839150462,1.326984799645237,1.3571446632746103,1.3844416631921528,1.289895333455232,1.3434549462477987,1.1742701175465133,1.2993270347841286,1.3968125178554234,1.3351604788615685,1.2966697569476522,1.288599191804281,1.2000177470426918,1.196775509038737,1.0745616469981119,1.0464999595953455
-0.7879170599953587,0.4562170620822455,1.0195991336780676,1.1188146727674038,1.142874762947542,1.1394701532367335,1.1386180474194878,1.1421302592547502,1.1271097976008573,1.1207171248380623,1.1100695142024275,1.0903469252477815,1.0542336473196603,1.053668623123238,1.0469235575510958,0.999758441250721,1.0033711234234193,0.9858759916044977,0.9874906844843272,0.9998746887496583,0.9992820848248178,0.9942149625770035,1.0090803127629697,1.0323649915769413,1.0077819690623742,1.0419536655586796,1.0805609181972762,1.0956461090747818,1.1077356093172976,1.1213119317931906,1.1094888473353417,1.1337956516532968,1.1593614888338866,1.1778246904628393,1.2155522865770125,1.2204899163882976,1.2305189673498884,1.2343656637867797,1.2452002333813386,1.2686352094834024,1.2897365169994264,1.2983730256441661,1.286313921247548,1.2271605213582242,1.227572145665589,1.2031100051828945,1.2049731986748846,1.2152428332526684,1.2336788514021793,1.2449505116840778
0.7269314773126349,-1.1149024198840316,1.013068118294933,1.092484709992989,1.1083979296440405,1.1234607330013517,1.1161934598615075,1.1175256180710134,1.1218635625456246,1.1044941945364204,1.0981770484001128,1.0802672423466684,1.0553761136790336,1.0581641592066398,1.0419219994036275,1.031318071351236,1.0312765558013628,1.0362176944997759,1.0441102728945217,1.0595245419411519,1.0666718727725126,1.084369784249769,1.1028805584958412,1.1181046396011116,1.1288196916079798,1.136561898461307,1.1519157546447452,1.191317107149418,1.2080163951003957,0.7019230235455074,-1.2119064941672435,-0.3595940621389251,-1.1887220419535787,-0.9225687743053038,0.8544877184125657,1.226769483612577,1.2852325636237696,1.2996710399654843,1.3135031364244418,1.3106337515228086,1.3004685921526615,1.2921742286847515,1.3017502763636153,1.3049700501437957,1.3292686266346239,1.3352666591723057,1.3406416692975043,1.3418851113493133,1.3466188965416979,1.3501642247692884
-0.11277464557671772,-0.4383106379640695,0.8029152343882355,1.0575359633246153,1.099465740222421,1.12648786554303,1.1216758215888403,1.1227287324060276,1.1128575924075383,1.11226628899426,1.1094044595719226,1.1032212535292225,1.09113771802359,1.0823583731053394,1.0781573197443166,1.0691866885268049,1.0792556983679662,1.0978143869308008,1.1087853914455308,1.1208312855734883,1.1346421787708685,1.1445619076479585,1.1678972571436157,1.1960572564662375,1.1516229995409797,0.6018980052547939,-1.1516523859358148,1.1677146066324473,-0.7733180448236402,-0.8621909449555663,-0.5346191753380096,-0.34405905898832184,-0.3188329649940066,-0.290266780962769,-0.22960997846561929,-0.22336412086272656,-0.11859178875282703,0.08370626591701749,0.24879482330412742,0.372494443120929,0.7974388561109608,0.9759925104827616,1.0350817362352391,1.1041993656782187,1.1713211979852263,1.203631905583481,1.2270732097976478,1.2615323472576552,1.2796225355181217,1.2994430340057759
-0.7075310591444324,-1.1229922835647512,0.8998718868029559,-1.0764029238429262,-0.10025666746612212,1.0578243842462578,1.0860036992640127,1.130932946735712,1.123079123038827,1.1262508007941854,1.1295484302918255,1.1290959370566565,1.1231546764224003,1.1158471458157582,1.1088250437568041,1.0942616613815384,1.0974763781411625,1.099910322050069,1.1079794249375006,1.1207647149499682,1.1401393821791572,1.1426647104958287,1.156968091132059,1.179357818903115,1.2077595898222906,1.2267031528707084,1.2198405447123435,1.2315993629338327,1.152021096962277,1.04466965531778,0.8654595091418253,0.6102678874381887,0.5859564490087014,0.5781897129968274,0.5430807781872844,0.5279106799875997,0.45175537462213045,0.4973776919638267,0.4864249426918583,0.4971576481244124,0.49823129543291006,0.5510917239585271,0.5837158507987507,0.6866149025100124,0.7122051099593593,0.7385397227369882,0.8308303007354318,0.8953385873300573,0.9560112982480149,1.0158280461681544
1.1263693171936306,1.1164733605893966,1.1078632021571937,1.0874521446593555,1.0335905291603769,-1.117502673260928,0.6551267931529471,0.9996769971687641,1.1390013572286275,1.1427562278581125,1.142761485137952,1.1422123979416694,1.133724084803904,1.1385859552147601,1.1392884321486476,1.1387621738458042,1.1468006877866792,1.1550568821827447,1.1521885760151998,1.1549005998955335,1.1642004180887575,1.1684524781165726,1.1686849017920797,1.1767312556702871,1.1910495316766005,1.2073898376827852,1.2353327131302196,1.2468647083479283,1.2688190199693299,1.2947688493440692,1.3037746668189782,1.2680338786453524,1.259389248597504,1.3153037825744438,1.3038368511861416,1.2797805890262426,1.2711381999424494,1.2435269218608165,1.214242589643524,1.1988681821836702,1.1219186292900212,1.1090619961593806,1.0793628303322678,1.0407485728471477,1.0377994644448856,1.0029378455928017,1.0030860193094053,1.0012451312937773,0.9881516202531819,0.9735996166227071
1.169178593951936,1.1622088470263747,1.0031288306811559,0.7639142002910077,0.43422355934125817,0.9527827092655675,1.0853592346691527,1.1329025113087186,0.7736301844315945,-1.145053075029397,0.4373278612549934,1.1208810438332277,1.1548646129439282,1.1561952160952926,1.1612908804803281,1.1637164986025699,1.1724784626599498,1.1721390020032738,1.16838991285426,1.1672339195513546,1.1711509843795413,1.17916329285218,1.1861423207518063,1.1983662378431745,1.2077611405022848,1.217874489617014,1.2544825802010091,1.2633391495021395,1.182357883155787,0.9635986106075912,-0.2322907149196655,-0.3572235483971167,1.175659744400796,1.304703747019521,0.9919517754079542,-1.2500191197911985,1.3176799390624452,-1.28805355646893,-1.3857557218351635,-1.3596051726867544,-1.0577062431149789,0.687458670068335,0.9096366926178744,1.192748653855846,1.2440362595259629,1.317844547342464,1.3400832024007592,1.3139193130704623,1.2987507480542837,1.293385000101694
1.2254749496825357,1.1753741216682545,-1.1329502603024275,0.5313500394395748,1.0477731010328257,0.954603534025843,-0.2158534178474635,-0.9389794768472782,0.7351042578122424,0.24555259573144772,0.9002148633748893,0.9726229435204892,0.9589579842704476,0.6533042939270383,-0.09059512020582601,0.4868424064071973,0.6127551650367616,0.7798012425486133,1.0672612876588343,1.164721271647846,1.1633522957641298,1.1628166947362164,1.166791742718515,1.1947751017872423,1.1754047710394997,1.0131697108640856,-1.257079015018134,1.2627445531984978,0.9310291517825907,1.2906505070461776,1.2701526873586007,1.296185909808874,1.3097524027383158,1.3202920638883875,1.332252027039606,1.3425114802050289,1.3537826945848257,1.3617021438291887,1.3658810071197447,1.376413360237453,1.302066220630751,1.0758553692370616,1.1955585145718555,-0.24231946163114665,-1.2088354921479705,0.7363924421012521,1.3145919016630312,0.795129474663563,1.0367497423938967,1.2124393660913058
1.1633066151132723,1.1785232703675292,1.2209788349470876,1.228341716534338,1.2116818573378445,1.2179563103361384,1.2151674373781047,1.2092177101597719,1.2113356969117002,1.2106095754400514,1.2156830061840982,1.2155429525794548,1.2069680711364543,1.200422588843542,1.1997361413488075,1.203859112721285,1.20902085041247,1.2126535646780061,1.2239753497344772,1.1982229861206652,1.2090046726087098,1.1440754999391913,1.0987220262834774,1.0049271496132979,1.141732309258557,1.121980391324156,1.1456869638211682,1.2409182282351998,1.2574976031710219,1.2738324147307543,1.275682281619471,1.2837264130635089,1.3018059572961842,1.3057227317981779,1.311426009310991,1.3211283684602746,1.3280684142647226,1.3297520147364787,1.329614871996957,1.3377844264527237,1.3385053929696669,1.34758035853805,1.3590711284961958,1.3634477751506895,1.3555226640926754,1.3591169784904975,1.2848954365287426,1.2825625171147113,1.1922169439787722,1.2073458196111029
1.062315671518228,1.1069791161053548,1.1789303513312044,1.1835591849717912,1.179151914659032,1.2270205062696737,1.2268284002864707,1.2323512845638056,1.2360580575472493,1.2353076561422731,1.2232151958932447,1.2216872333398963,1.2173289014258155,1.222145550144143,1.223917894785863,1.2368206891590743,1.2523579136380771,1.2576135639089359,1.242535458045892,1.2537167732460468,1.2589570528266172,1.2671631932934058,1.2741786254419525,1.274259263741287,1.2801988380271632,1.2856730589163525,1.286293989972651,1.288252372512117,1.2889968152803608,1.2863012757397045,1.2887269590510921,1.2903715981025088,1.2944401642235188,1.2963718897768435,1.2986018678773459,1.305946638228643,1.3105938959643186,1.314160879631476,1.3149892883921874,1.319636597812046,1.327839922442076,1.3295774683399282,1.3303717886973367,1.3304408311968614,1.3304925454837748,1.338628909983539,1.3415526924595977,1.34212882848244,1.3474698845790223,1.348152517275556
0.9722727043204645,0.9909739738819581,1.041057997123192,1.0855571994913304,1.1074589645652924,1.1506725969743832,1.1628237197542624,1.1660310359588446,1.184918652174424,1.1950706274023861,1.2024888747958271,1.2045622043762947,1.2037013761906847,1.204447169862565,1.2180327303922125,1.2338218903732072,1.2379602254110573,1.237720187726042,1.2398453011544133,1.2471801353808551,1.2535207174015863,1.2618492923504019,1.2715898889621842,1.2986251364550787,1.3106955331498635,1.310958390587766,1.3061036120376566,1.3041855811366427,1.3052594269683266,1.2975559783341664,1.2894796277466194,1.2900065799858367,1.2984009712383027,1.3004087452521125,1.302071521318235,1.3058338599412225,1.308263304612395,1.3094651139986158,1.3098873254367756,1.312583186045722,1.3114684585965868,1.3076928436365007,1.3031393933030848,1.3006240825111852,1.2969678945997594,1.3012271370925164,1.3092244323910864,1.31321121906826,1.3157802950030257,1.3179144336148425
0.9991235805108677,1.0206709798562792,1.0519431720600738,1.0639475928534592,1.0843742511273593,1.156318566535869,1.173698495275944,1.2049233819984329,1.247029783537773,1.2377728132545947,1.2286024413772354,1.2319663856497394,1.2399230266287389,1.23665264435534,1.2393874708272021,1.2405504089413746,1.247098551387845,1.2466351054856826,1.259472248103987,1.2681301119188044,1.277956764273032,1.3040456121496857,1.312409964241701,1.3092425998646973,1.3068673485704567,1.3157217691726462,1.310687977082033,1.309052068559216,1.313091403924069,1.3055753982511278,1.3064107761673598,1.3087474383129196,1.3093686783840461,1.3103921217182763,1.3131803673843245,1.3204095821683024,1.3191660318441236,1.3138869904748036,1.3113130495316239,1.3064318403882558,1.3023226800631373,1.3028653700109285,1.306402548502277,1.307655880187922,1.3073445237530315,1.3035819095998862,1.3045564983231095,1.3053074918867402,1.3022390021850316,1.2994617049413495
1.0236919121000592,1.044612310884541,1.08575493421964,1.0892388002821274,1.0941916818101725,1.12955450109917,1.164651211012385,1.1718080428894637,1.1973518597809438,1.197339323469979,1.2072219348986304,1.2162868434788894,1.230625853603368,1.2411249440132632,1.2527454059461554,1.2870248022378072,1.3000280565883642,1.290104162539118,1.281790482874197,1.2827338358513938,1.2789409532581597,1.2986430151982524,1.3102712051646748,1.3087435720548473,1.330355428096143,1.3325437130204425,1.340800766657753,1.3433272558294373,1.3343957998722944,1.3214242287928164,1.3161941160643709,1.324887098461294,1.3219433914951848,1.3212103937781305,1.3214236974465952,1.3177437668306473,1.3171335145149408,1.3186891383851314,1.3193639016870131,1.3180109915830034,1.3180938722441007,1.314645600817021,1.31351438169057,1.3107140258914416,1.3087677787973178,1.306863732172963,1.3052716033261786,1.3014716067686893,1.2968111727990261,1.2930649324904182
1.0430766071542772,1.0568682703377639,1.0815456779224055,1.0953103908797832,1.1076657172829902,1.1376947189396327,1.14654144943371,1.1657018872832414,1.204684475138852,1.2249179538775365,1.2282645736933766,1.2390472637978076,1.2661334494811276,1.2730973655072424,1.2824273537743334,1.2862359351526467,1.2813186123657296,1.286160971518663,1.301815783437622,1.310098589617157,1.325976063664145,1.3639142539338573,1.3718603692534197,1.3623636875914962,1.3611907262525553,1.3617652092984638,1.3591706222787938,1.3557977182685932,1.3524344587265167,1.3425148196341001,1.3407131507913694,1.3421378255529406,1.3358532032895138,1.3305753552791257,1.331627697799474,1.326037800490011,1.3273305166147444,1.328867935533265,1.3270897505690322,1.329305187711265,1.329182799181367,1.3243538849411125,1.3125820792201286,1.3094657149141988,1.3096007568613794,1.3060270906035143,1.2985827656349873,1.2818111726370423,1.270324631902005,1.2604611687365286
1.0658862809013288,1.0896812287726003,1.1196888807054954,1.137997420480065,1.143211722322269,1.1646093795554964,1.183443094586763,1.1973133162720473,1.2076784317882339,1.2536972126109418,1.2811412738032415,1.3052718224834097,1.3182867543952737,1.3205936056765686,1.326168193767091,1.3320001791965155,1.3279764003995025,1.3284840042844221,1.3379362612910222,1.3463428012958116,1.3523544363387996,1.3528253529658105,1.3576547875001304,1.3738620299438704,1.388332888854351,1.3938439121284816,1.3932450632677345,1.388623053849957,1.384026270976592,1.3764704386434552,1.3755553201994324,1.375796689081116,1.362570859575666,1.3569792869711692,1.3525138666772052,1.3496139349023435,1.3470362694993154,1.3438489017082946,1.3379279433338358,1.3292032233120967,1.3229306942686485,1.3154491578522873,1.3061267104363348,1.2917990446373577,1.2842317928249551,1.2698207982084948,1.2687117296544117,1.255458832078602,1.2302436522528948,1.2061863199898575
1.0813124071060904,1.1065478250368959,1.1238064138929538,1.140506129920386,1.1609019477668205,1.2235017132144728,1.275780618799534,1.3132354576770373,1.3223186842393528,1.3348517476930652,1.3372099409902465,1.3425023357404977,1.3766229338512281,1.3754491571733027,1.3751107427667806,1.3940275640258557,1.392373395071301,1.401601662392596,1.419909650404291,1.419245837249782,1.4146543144436285,1.4185450396470252,1.42460408957539,1.4186634059390548,1.4213011049419584,1.4163568334121968,1.4113009542138366,1.4060117038311983,1.396617182832956,1.390164579428285,1.391453227988434,1.3929157094509028,1.385520451165971,1.37653944112931,1.365881177966746,1.3565219383794094,1.3536507635993171,1.3393183596604332,1.3315379056675076,1.318341085591503,1.3033997246611515,1.2918517478448504,1.2681049257590304,1.2506431716070563,1.230390790684228,1.181383979172744,1.1446563816445248,1.1473529164400387,0,0
1.0805023095691464,1.0969373255972494,1.1206961899920616,1.138636699261585,1.182364193500251,1.223783328037979,1.2294904329828482,1.2316172586593006,1.210835472230578,1.2510275547551886,1.3039415235612017,1.3343307661670862,1.38067688375367,1.4002250928730067,1.4270529453039302,1.4455579555387472,1.4440873162135353,1.447819167638749,1.4534251093229942,1.4574613284970845,1.4553465129408654,1.4535844579203565,1.4480251932446029,1.4307527675334386,1.4196047737805888,1.4100897749632002,1.4057732261030973,1.3994511140903052,1.3878846805387488,1.3831093569533213,1.3831570826957524,1.3832506389928791,1.3685715284676632,1.3611103579284511,1.3519476938489565,1.3406037147976153,1.3403215323230857,1.322951635857845,1.3022474091148406,1.2755388435482322,1.2535689548423063,1.2317199896515758,-2.8910968950698656e+38,0,0,0,0,0,0,0
1.0733953761905477,1.0913950015932585,1.1338485044030122,1.146862066405014,1.1592315631676626,1.2003474933892926,1.216904890629241,1.2388973137715253,1.2957901902054303,1.318887894768607,1.3401092322257302,1.3463874054294367,1.3729979070743055,1.3740603694992954,1.3919891832996565,1.4160411272053983,1.4192596876974692,1.4280250353706994,1.4587742721662953,1.4699833922123013,1.454005836641753,1.4223720241222926,1.4094409578689309,1.395626156425058,1.388587167024322,1.3681859293147398,1.3556619987944665,1.3483130203204459,1.340874211764937,1.3442389536521402,1.3488175307718642,1.3300599141633878,1.2948168105771323,1.2787919384095079,1.2448952350100524,1.2200655968620566,1.2160057316324384,0.3541199471487348,0,0,0,0,0,0,0,0,0,0,0,0
