jsons/1312624800.json
{"header": {"parameterUnit": "m", "parameterNumber": 2, "dx": 0.1, "dy": 0.5, "parameterNumberName": "Eastward wave", "la1": 40.97354507446295, "la2": 16.46031188964855, "parameterCategory": 2, "lo2": 133.9931640625001, "nx": 191, "ny": 50, "refTime": "2011-08-05 8:00:00", "lo1": 114.97908020019554}, "data":
[rows 22 to 43 of 50, columns 100 to 149 of 191]
4.53660839288306,4.964452296131202,5.553572686540776,5.814635648936306,6.127808290082059,6.588773708637785,6.744918781040024,7.01274904774881,7.35632207959776,7.475843615171895,7.505147465711656,7.641130206052378,7.801959306786858,7.696698897377668,7.680028854326457,7.658640654039494,7.569715597411202,7.491196731332805,7.407064973727562,7.2865993572744525,7.107365223188103,6.975484430123826,6.776784841925531,6.670998134835921,6.66445973430302,6.59879286390483,6.466838913491765,6.33066343260149,6.240206457689953,6.010527199486566,5.8226847131185755,5.773911304821941,5.541828199284225,5.4065755115013046,5.289000705384223,5.111225845717768,5.001485995295826,4.968874565890617,4.817627618156743,4.647684799663123,4.57356664781881,4.487411130500641,4.267181764371091,4.17791274124115,4.04834292512767,3.7995144133741587,3.678603432464482,3.570491018586503,3.4285147003454055,3.3629693473865077
4.061269802763469,4.656284359983968,5.826988651657262,6.196984484316495,6.74039427328268,7.3323369188791165,7.610534511202433,7.8267108761040625,8.278787644909675,8.398150116167189,8.45037450688246,8.494844061877208,8.65920132720681,8.552240812148952,8.562648225316149,8.617074446125358,8.362934835108769,8.207892502731472,8.166532250450173,8.05083722716408,7.8591968459666575,7.788717701546688,7.881247222543858,7.635422561426047,7.5198965979364125,7.345471292450757,6.992452010348934,6.783286129448708,6.673964864404394,6.313224122631581,6.19167488485475,6.057520321745003,5.776546219113705,5.730310765690151,5.6185272832894775,5.336230273522237,5.283326021159623,5.183920809752131,5.068000519704859,4.880936737404469,4.764846358006669,4.653663824074972,4.410068629241949,4.182633455050811,4.052667892543467,3.7304606516784,3.627698225076522,3.528641161977026,3.3980086518448616,3.427914094603054
2.1305122580885585,2.669908466933938,4.17054613369205,4.595694905395566,5.54882755072885,6.395994559934789,6.946802751573222,7.21682187622478,7.910850799250573,8.096594810599859,8.364931368542393,8.390593713617497,8.642508483038664,8.552091012767795,8.618560420229132,8.6464792381925,8.524085881479275,8.60231436715119,8.598330069234727,8.543401113434946,8.318271870654472,8.29450795538288,8.206224555366706,7.989383109887665,7.845189962087052,7.6560931652902084,7.176523743881431,7.014418591612958,6.857689969288773,6.5906303434251186,6.423628017927671,6.369255111848412,6.041398426620389,5.946542044961196,5.76911305474267,5.576641118325528,5.4597578554953206,5.365259445660787,5.273398632049415,5.004330804118123,4.916152691459589,4.740876615440445,4.344219220860224,4.005494074790363,3.8429469318592306,3.410964248807738,3.218543704433522,3.1551572077859826,3.238704330218321,3.414793343022173
-0.41519981852340426,0.2393167592720509,1.572238712741698,2.0664825578650445,3.0511501437922184,4.061718512537185,4.815150288813589,5.363269845853186,6.441500955870444,6.640765821157748,6.849828905033648,7.272657281705282,7.630793344981893,7.788996243841028,7.904173723557472,8.138985332528788,8.22559700490366,8.270843690803762,8.337303408342896,8.411324687005504,8.113128354325553,8.095564641617015,7.94025382529334,7.718969653694663,7.657388267338327,7.496897635146078,7.211766828331738,7.032307541802409,6.925513663916214,6.646581822676157,6.477680512526167,6.328052467021402,6.0594966112401725,5.965803439260166,5.875075685095708,5.683304395413097,5.6290373719722435,5.55791738705975,5.4166317723185395,5.083925847603163,4.865318053520631,4.566536826326677,3.4244000941534054,0.34938134045289765,-2.1279869741023854,-1.6929359418359988,0.15441562836829983,1.4145075185550307,3.891858723599329,4.064553141680561
-3.9063014308620874,-3.0376307639132385,-1.6767088008524678,-0.6535547040228693,0.5151094424845313,1.6784343747205748,2.547492078288241,3.2844376410739575,4.329402134003428,4.789032975960332,5.429580830217944,5.720246308283152,6.351714508134232,6.678357293343026,6.9589436436875065,7.299003446555918,7.422571816839466,7.433644498462034,7.546645754951433,7.634494124149266,7.486060916071293,7.528940914299669,7.44984360869563,7.204360910408535,7.125063515740062,6.975319636785423,6.84064823203687,6.68859255994061,6.622425543128326,6.272435589971201,6.1781453455530775,6.016446048319366,5.8139884206762815,5.719369176539744,5.677224975460408,5.372161766587709,5.241949457021667,5.114897551332011,5.012765586463207,4.956608223808075,3.735135432556663,4.0139619199464995,4.697863663649929,4.573284700246521,4.5443857859666865,4.33941370742203,4.33358466553097,4.275497459640006,4.19428929440484,4.142580831185533
-7.071271945750295,-6.785138241933898,-6.6131379996833894,-6.502511769480674,-6.0512071942671195,-4.489677451037968,1.6787575739918197,5.766814600108616,5.538893881276659,5.805476555222566,5.938378704760378,5.896114619642839,5.947526595387144,6.167704230380928,6.3538547565893815,6.464577378048089,6.663642080971232,6.775778292908453,6.8414677348842705,6.860270329884286,6.813410424797813,6.826301941689335,6.763847591345362,6.654529300895655,6.5399396242198895,6.4971996802828995,6.441140892636335,6.517135142827695,6.487072813687913,6.186638228331636,5.986510802672273,5.889161811269704,5.645431207218698,5.55791952406072,5.48176496640623,5.266731572651094,5.203867825714374,5.123758061368351,5.012576964041187,4.873206349545258,4.8014038866778845,4.733898030506705,4.622087522556172,4.544068663594755,4.454700078779978,4.349186911177625,4.298133515400312,4.258244741140432,4.168167533839382,4.112472481009991
-5.172087477917481,-4.8549273024974875,-4.245955139589671,-3.6822444204258895,-3.0824913418459916,-3.8894677264324575,-3.4433028462648076,-5.2086442611265955,2.215808646620459,3.8473374583788473,3.4791060944692624,3.2129678346810953,4.182517565729004,4.328289296529899,4.815525536099561,5.155681508747621,5.540350378770408,5.652865908593345,5.842715373759306,5.908201961412795,6.0223110143693495,5.966829772215291,5.920777298853295,5.845711420529853,5.733995412034026,5.674860320760938,5.549942030744343,5.420492501350124,5.223574621858191,4.89270421709296,4.613564756093562,4.54031588542199,4.473040722222205,4.504255800474509,4.663774285743864,4.649204741411442,4.651396398842609,4.599380411088594,4.552983353383481,4.474540622002389,4.450079573511273,4.402961944045756,4.3446150212828805,4.306061925934171,4.2704001816040895,4.200894254427139,4.181560397844122,4.10816116986198,4.04450118263803,3.9848523657000268
-3.495528174007609,-3.042805694517272,-2.507074635557702,-2.1071230081873296,-1.8589405998636996,-1.8016229501219974,-3.6644207026736195,-4.215746343589282,0.8794522853013549,2.8264641553990106,2.4542622154469416,1.5082319247451366,2.183137759456011,2.6271808424481162,2.863695407904906,3.3619152782716246,3.5774257371090594,3.745768228659087,3.9490017496860514,4.041091720750789,4.128721099316655,4.394626889441334,4.446617289138721,4.412900281725369,4.448007784200167,4.340934180316227,4.065402495695131,4.135983234674877,-1.98471837901212,1.5169402575773874,3.40338366598779,3.974920847495302,4.356052891610419,4.440092113600056,4.467432822911605,4.55310327665409,4.46978888968892,4.461426413209572,4.4158544633111285,4.353287639623846,4.268895647078826,4.196351851184744,4.089879375674611,4.01819313257097,3.961305826978223,3.9102464584762266,3.8851201612869426,3.82577700434766,3.7609570888832655,3.677368705321454
-2.880674448064658,-2.619906886203616,-2.1931711417884077,-1.7992903590238858,-1.6115129273946316,-1.0355846017228216,-2.5713197643021033,-2.3912008826923956,5.364614339399388,4.148457159861447,2.3326712168928947,0.7405188324794771,1.222927299133156,1.466452713924801,1.717219602103,2.2131493479088533,2.3698106844794156,2.5595938812432593,2.785678735000044,2.886812757724447,2.9970681244356436,3.1977343236647706,3.2736118988881713,3.4683941629723463,3.6370141014321686,3.7323736040482083,3.742445750305651,3.8444414224594556,4.099326713228006,4.092497429470122,4.12297866316037,4.227956009676533,4.109823103620251,4.06284918527112,4.056972481165334,3.9522986363532597,3.968014960432812,3.835925584837765,3.862390943425889,3.784890456133136,3.751883263439406,3.70945647081519,3.611191566616889,3.57246569159824,3.5398782762284235,3.472781520227552,3.4180001795032715,3.3823116108857025,3.31088557474167,3.2696286528043483
-3.0516790778849914,-2.903521060454842,-2.466019540921137,-2.123755936581421,-1.9770225633300134,-1.455920032323139,-1.2463908303381959,-1.0301584861804212,-0.5276829885737515,-2.4748195040949597,-3.6787134501088645,-4.627722924937528,1.5679577509617113,1.556105011921512,0.8321812675876213,1.156327003244772,1.201287620269156,1.3113131247600698,1.5566159370301371,1.7431238923905463,1.8954234101894005,2.0151209280888382,2.0712229156437867,2.1693586237897002,2.2980184093356852,2.4064443018315984,2.471085331246093,2.5237625277791,2.670162326505247,2.7170427806546273,2.7929237052411295,2.9126883062339073,2.8962855880307834,2.9385413779558984,2.9260321468293733,2.9393181480033435,2.919781001147882,2.9868242644772667,3.0075943370911866,2.9134866164330764,2.9979461376371535,2.987125085248326,2.9074797000937322,2.934187917108978,2.8979076754341317,2.8251283000289065,2.8081826838804087,2.8114363755756475,2.7768054204564097,2.785342092144007
-3.774917303900239,-3.604801392968702,-3.156017889153477,-3.4361856650934692,-3.6515933208937272,-2.5604593818559738,-2.2489715725956345,-1.9271842142288376,-1.4304786992962426,-1.2032769334668858,-0.8971786338512443,-0.7186098257128885,-1.411131236896847,-2.511274967931551,-4.353268727942925,-0.24511926492092548,4.520576232636163,3.4348047560887216,1.2155457396011062,0.7163128202509096,0.8465720717610361,1.0403563576921324,1.0870332041310482,1.2072921711139224,1.3568224759177405,1.39888814309262,1.441757832764193,1.4991752696139744,1.641674166316026,1.6512537417943092,1.6794598946666919,1.7521175745238704,1.782419875289229,1.7930065857739146,1.8644200785055605,1.9451451077143915,1.9907236549746485,2.062887598742438,2.124324724483313,2.150430048758346,2.212490009981312,2.2520349866374425,2.227722680535648,2.2411725628697825,2.2393070630680767,2.196299342905891,2.1472380582567,2.1903360063911146,2.174380481446478,2.1277832604661353
-3.9686838551221215,-3.6880998671550276,-2.808020728427172,-2.4050406354341733,-2.1284576825134485,-2.1968283046108947,-2.1964968471230364,-2.0779861824746133,-1.748544022693699,-1.6277710851583373,-1.4759215327877406,-1.3973435094121127,-1.10528075202632,-0.9748126217036329,-0.8626807295689733,-0.6392816751753684,-0.8593944745797061,-1.7945751684641194,-3.5933487891508293,3.9509751802403668,3.7990948008395837,2.6225433207099456,2.504612541746419,1.946432204283942,1.0018745020007904,0.6897272129419378,0.7371918254085775,0.7878724941494011,0.9428678765266585,1.010836075198131,1.0215479780700363,1.1487059221054285,1.1775065028984175,1.1962635001286723,1.3414818867908043,1.3347078888038881,1.338956492797293,1.3464903016968273,1.437593958015171,1.453931345916037,1.5029875111001778,1.5866545080329932,1.5858546392479373,1.608868079265539,1.6355977608920644,1.5852165821267223,1.5716184358957939,1.6339945423783113,1.6001318767934334,1.610197278057786
-3.9126285157560363,-3.7268181774078877,-3.419814686339565,-3.263229600314072,-3.1096596360814965,-2.8746843650736746,-2.705070465169407,-2.6353063229125517,-2.4329603343878254,-2.2980815294280403,-2.1840914307969777,-1.9869327939057455,-1.7214933690579481,-1.5760570636002091,-1.424796604982497,-1.3121218029085884,-1.1902754165081664,-1.0880696895235022,-0.916725495907155,-0.8039050560595761,-0.7274826999717748,-1.1333993396426731,-1.404051557038786,-2.366526283402802,-3.2625000236790136,-4.2583969743100125,-0.2509216140227474,4.09427011013638,2.766236215826778,1.414275855886949,0.5359909906692634,0.5090693157766867,0.5337785542584639,0.5841467646247933,0.6360528864705046,0.6714619964165386,0.7301724385998204,0.7887082452137542,0.8218517298553446,0.8688594427936899,0.9277062933014552,0.9795754123891837,1.0125114134017479,1.0498352848851489,1.0624005642641554,1.047588626902297,1.0811899036833221,1.0789262968396551,1.0961803691087164,1.126462781535092
-3.5779161635829015,-3.5010548811623288,-3.330267864110848,-3.265371981913738,-3.144937641322433,-2.937041625012925,-2.863675906113416,-2.7630674681546346,-2.5759491757328927,-2.493798465052935,-2.3713816805233936,-2.3043066002095967,-2.0775530745958095,-1.9526880694007875,-1.9194935069284569,-1.7126930915110365,-1.560865596514043,-1.5096864373047272,-1.3814731125173234,-1.255969102057653,-1.1598588304686872,-0.9701554997907236,-0.8658468746880438,-0.8368174802673776,-0.6667500244576456,-0.9148692016308962,-1.2554212853465483,-1.857274425477077,-1.8305539281422696,-2.258679430321362,-3.551070603963411,-0.2202188450405591,-3.6705335796606486,2.9696747474564407,1.8133449828933588,3.001832975646465,2.7846221127321718,1.5615434922280476,1.2849578311581045,0.866862670445059,0.499941537908301,0.5033997132087144,0.5307739546091456,0.543777416486338,0.6004086366961074,0.627947972119622,0.6558455807554826,0.6962880297648961,0.7359302089251408,0.7443430575086982
-3.3797181293726024,-3.36614918624073,-3.290080641008969,-3.2434239951797545,-3.2009406799589644,-3.0793672493398643,-2.9998488803322036,-2.9130736165531284,-2.7960265180918853,-2.7004702161209333,-2.5982491000559014,-2.568920283398674,-2.4036795430455187,-2.372062748437806,-2.276822604411533,-2.064368244276443,-1.9864683066978583,-1.8828876384341602,-1.7596444026165472,-1.6446429587859321,-1.612648980721877,-1.4737049423591153,-1.3516222617439793,-1.233018874770394,-1.1309903285227416,-1.022051291309169,-0.9948009866753542,-0.8948682823059902,-0.7358468266415387,-0.674107101090529,-0.5910466738407947,-0.5063567260209137,-0.7308215991352643,-0.5154671507353311,-1.674182760283881,-1.7987663570712082,-2.2497907271424245,-1.735004239395592,-3.1761200817218667,-3.329552068269867,-2.440218906318721,0.918439880336473,2.7830792424509503,2.457700631161392,0.43738481004374563,2.0636221745579726,2.707003092915776,1.6307483214321972,2.5404787040335144,2.484013264205495
-3.2325340532037456,-3.216444859323326,-3.144884019320273,-3.1267625485707304,-3.097186973194945,-2.991851982275148,-2.963783341195609,-2.8842591387540177,-2.7825869517324473,-2.71297369551507,-2.6647852296825723,-2.606752077576628,-2.498619436271047,-2.434497365283581,-2.346588145034052,-2.2659795250027446,-2.184605301908802,-2.1296675321194733,-2.011437441585017,-1.9228524560946143,-1.841325097775383,-1.6696036322607393,-1.620320929030771,-1.5496398222604402,-1.4434132533647914,-1.3580474787934909,-1.2628146691464806,-1.1880864134703952,-1.0012893499300002,-0.9794405081133832,-0.9215302260080466,-0.839036415408299,-0.7629058041407418,-0.7109082655721747,-0.690203210213311,-0.6547564125860771,-0.6081118728764799,-0.5125203621719411,-0.49320928423275145,-0.4552445296920203,-0.5896357927041183,-1.29793525839848,-1.5171445965725656,-1.8635658923051333,-1.7110432477658553,-1.5608587925005162,-1.796971107650907,-2.815900201713221,-2.7319526007257116,-2.1996665909619293
-3.092833068978808,-3.081251827058269,-3.0161721827064425,-3.0072492632881964,-2.963542909989236,-2.8961652297872287,-2.8537614855065967,-2.822161981848782,-2.695167711046494,-2.6787640480885107,-2.640323951338632,-2.575628516425374,-2.5051855404680614,-2.4607309095720447,-2.4109219121196426,-2.3154991422303643,-2.286323649998687,-2.2433024886250115,-2.1324592742549986,-2.0625824843297824,-1.9930388852611243,-1.8864265760677164,-1.792761553300494,-1.7519732833033397,-1.639381373815835,-1.5776947917825812,-1.5341228184371227,-1.5174937723202113,-1.3730897566907816,-1.296751337070795,-1.2515893761597547,-1.1787567392769693,-1.125424662904773,-1.0762386996983357,-0.9920037628520955,-0.9328449631314083,-0.9185344993201386,-0.8612335446658065,-0.815457917944355,-0.7479631119709631,-0.6985518301635185,-0.6983828297445549,-0.6783704996184866,-0.5842299235074448,-0.5255882459096534,-0.5075105978670014,-0.5029816396508859,-0.479777387482091,-0.4514192052092674,-0.41794999462646987
-2.9896811811083857,-3.0000791017130783,-2.9435200413678175,-2.922156541213551,-2.9064098923720283,-2.8606106297288583,-2.836086639352543,-2.7978124210487665,-2.71786062001468,-2.6660577624590323,-2.6410153379477603,-2.6154702587831857,-2.533741917021685,-2.476166996523107,-2.4234874432935083,-2.365429092949695,-2.327237368176708,-2.2973850910539064,-2.207555529460015,-2.171496539075545,-2.1202610130481543,-2.0063467057660116,-1.9799265545294642,-1.9398305685908446,-1.8196270041205438,-1.739424473815293,-1.698012683276286,-1.6884491264556811,-1.6057287567520802,-1.5234815887081725,-1.4613670984323022,-1.4202277264572374,-1.3945264920742577,-1.3318046974700009,-1.2175572876233687,-1.2035166095113918,-1.190193170212038,-1.1143287477277628,-1.0668062448968119,-1.0326990368722766,-1.0128101328935382,-0.9793535510622914,-0.9274021981229555,-0.8843253660667045,-0.8704730495480043,-0.861540524971944,-0.8333167026675938,-0.8020859118617593,-0.7875209220367169,-0.7839188922326715
-2.869112541262622,-2.8711807216032033,-2.8363474102445783,-2.814273097209227,-2.796131065293844,-2.7466615838306407,-2.723801304348122,-2.6946027351136617,-2.660818362747065,-2.624676516198659,-2.5911503453976863,-2.5502344004744595,-2.50039108476258,-2.4626938392374687,-2.4123213689588012,-2.3407243543615626,-2.307703236116463,-2.2597969356516123,-2.220130116690458,-2.1962368523544686,-2.142971201489444,-2.1033100317371716,-2.0699366946610986,-2.0156801729365776,-1.8781419264715327,-1.844372810073884,-1.8425369874258053,-1.8074231570515975,-1.7210689579635994,-1.686944123029319,-1.6779761271572564,-1.5820678045167496,-1.526221941793991,-1.4898961410361244,-1.436158022409388,-1.4004989546506819,-1.3576900745593004,-1.3108782786673208,-1.290864393802697,-1.2689664120443702,-1.1782080464866687,-1.1547206604616498,-1.1346646986526647,-1.1509498978728705,-1.1132452526596384,-1.0864447617543067,-1.074268463583291,-1.0995490964244563,-1.129860384903803,-1.1688300491749581
-2.774261801242716,-2.7841376740733077,-2.756292607189881,-2.7479199814336073,-2.7454991886849793,-2.6989144825851588,-2.6765830067625753,-2.668667604641757,-2.6193219217831634,-2.584480506979041,-2.564291314338233,-2.562154828465432,-2.495447137806437,-2.4753568242591117,-2.455939420864505,-2.3890666966469585,-2.3630195275893,-2.3369795242671314,-2.2538123165867834,-2.208402411163936,-2.177897609231507,-2.1604482374002196,-2.1017038643846306,-2.065388330146638,-2.0328063077252367,-2.0023595759607438,-1.9605514533480197,-1.9283780757979108,-1.873854004060115,-1.8430384492098724,-1.8043181993291844,-1.766517925023832,-1.7320989220819978,-1.713183052744461,-1.640409025942212,-1.5963546056750386,-1.6021379466463423,-1.5978309145198448,-1.5914978197378011,-1.58617658019033,-1.5404762282693767,-1.512085578170638,-1.4887636035182537,-1.5003761991702353,-1.5360409311077161,-1.5638796129537686,-1.6206664914239304,-1.5835158966262866,0,0
-2.6931100219013446,-2.6938117105236987,-2.6736827100539737,-2.6633666817759516,-2.6601394442326676,-2.6376881836533426,-2.623405246730625,-2.6064975113021425,-2.5749930213606875,-2.559226255237048,-2.5528280933741403,-2.5408643631729433,-2.5074143977004018,-2.4955690161207627,-2.4705259844800778,-2.4389122204847467,-2.4151784215196868,-2.3773885489843,-2.3450167189332567,-2.3243415899372892,-2.2935061151598313,-2.2513921577174787,-2.220964600628848,-2.206700045554012,-2.145722826497726,-2.137678802645455,-2.124945829525961,-2.0740636211249934,-2.0231902843840217,-2.004436080810984,-1.981428674774219,-1.936129184183761,-1.9002650562821106,-1.8746146737690628,-1.8462965963254865,-1.8059849845504798,-1.7855230063372014,-1.7948246137395878,-1.795675726496565,-1.7685262786803075,-1.758095858128224,-1.7581518441298545,2.184945446744922e+38,0,0,0,0,0,0,0
-2.6261558685556112,-2.632067101728727,-2.610068385015581,-2.6129136379185685,-2.614100268764691,-2.5919797384667107,-2.5893327623507187,-2.595566068402254,-2.5787256734392554,-2.579517171644182,-2.567418993211799,-2.5586441416253085,-2.5127379587793888,-2.5205467395708014,-2.50367169145862,-2.471940878079868,-2.4531860868320963,-2.4366384396195264,-2.3936518037593486,-2.37954952300729,-2.370848270303487,-2.3363218454919195,-2.331262739466953,-2.323549919181323,-2.2671239198857744,-2.266434557019329,-2.2623787810410336,-2.235191453981591,-2.170986908334275,-2.1179940306080502,-2.096851973164787,-2.099559441762129,-2.0882850661438424,-2.0804615769274766,-2.0951781119200095,-2.0722413324692144,-2.061315218246439,-2.66075377155972,0,0,0,0,0,0,0,0,0,0,0,0
