jsons/1312830000.json
{"header": {"parameterUnit": "m", "parameterNumber": 2, "dx": 0.1, "dy": 0.5, "parameterNumberName": "Eastward wave", "la1": 40.97354507446295, "la2": 16.46031188964855, "parameterCategory": 2, "lo2": 133.9931640625001, "nx": 191, "ny": 50, "refTime": "2011-08-05 8:00:00", "lo1": 114.97908020019554}, "data":
[rows 22 to 43 of 50, columns 49 to 97 of 191]
0,0,0,0,0,0,0,0,0,0,0,0,0,0,0,0,0,0,0,-0.2324630615681807,-0.06248689330505,-0.1434811154273502,0.10172409125738593,0.16225370468192776,-0.13666315947494434,-0.3893540557474412,-0.44748814745772875,-0.5460876655343491,-0.7941664079150754,-0.8282302494848233,-0.8465732861152567,-0.8367466743238747,-0.7828472158833116,-0.7264774085791046,-0.6629064143087618,-0.639737775867019,-0.5635712035681505,-0.4599287138023967,-0.40681936341249497,-0.44065818362824505,-0.45067558832411736,-0.4411528603696933,-0.393012395095442,-0.36601285195119837,-0.25247092458674747,-0.2690973863781817,-0.341011010717933,-0.731315009803221,0.8552249006842857
0,0,0,0,0,0,0,0,0,0,0,0,0,0,0,0,-0.0012376227101501215,0,0,0,0,-0.05447667290502683,-0.11964016236504976,-0.19777719264450472,-0.2966301128315148,-0.36953424159103276,-0.4827674494732732,-0.6341255900524929,-0.8108177382435123,-0.864396468715111,-0.8539034851128708,-0.6990045220857136,-0.5678904152673916,-0.46874718221284856,-0.353013997035115,-0.36572613442891433,-0.3545614263953587,-0.3625086553692122,-0.32111775012270627,-0.30220483670622184,-0.28681598089439064,-0.25119384341322576,-0.2762648340847892,-0.24047924766500087,-0.20612808360464316,-0.34796733760588344,-0.782426145032572,0.05534383313702528,0.46887182336473593
0,0,0,0,0,0,0,0,0,0,0,0,0,0,0,0,0,0,0,0.06892307957991256,0.12958875732828934,0.07728563602327825,0.020739167772868824,-0.049405322438817637,-0.16824415003502366,-0.45488396602630016,-0.6327734705333884,-0.756316046084105,-0.8910068639315112,-0.8335530770114319,-0.7073955667498311,-0.3473442664554887,-0.3355034929549508,-0.3069458257026072,-0.35229826086246324,-0.3755822928112356,-0.3550741714371919,-0.23947589233297906,-0.17078162328780133,-0.15509658477355545,-0.09330594454625868,-0.08885255900104817,-0.21059676001434544,-0.7234098161824761,0.7308653131600642,0.7419346233327583,0.8166450141480132,0.30715251249181474,0.210329361767147
0,0,0,0,0,0,0,0,0,0,0,0,0,0,0,0,3.3038944722661223e+38,-0.2466921267162473,0.14229420282337144,0.18662734157851185,0.20549028453975104,0.03818386040095643,-0.09050683368430502,-0.22601571032248516,-0.3869859127626238,-0.7459252610105619,-0.8776300202602932,-0.9185168262148127,-0.6954060976006244,-0.5438398166391937,-0.28474351565436967,-0.25130016954636303,-0.21928357077128946,-0.1616599493770388,-0.17011631980322364,-0.38692720861452884,-0.6910693464413661,-0.45257412784508266,-0.18259261424548667,0.11783825596251327,-0.6832220971990223,-0.514641073203862,-0.7798643377395046,0.4036623241072622,0.507998353572166,0.8461438138993324,0.09597897058647345,0.25070612661152536,0.187005937263701
0,0,0,0,0,0,0,0,0,0.06350756859865976,0.15039175690600354,0.2109885641700271,0.2833730436921683,0.37076525139062055,0.39140872514357666,0.3710278896849782,0.36992377126916987,0.37838161626716954,0.2586852959285704,0.14778434315460118,-0.030458387262489613,-0.29063487982101904,-0.484446704092419,-0.6295114864679459,-0.7695144613022731,-0.9302587236987919,-0.9310719918407057,-0.8891149781775047,-0.668968689086797,-0.5022964358387035,-0.38317621090312304,-0.1875059432084961,-0.10513548530129287,-0.11231418110320895,-0.09903505068060105,-0.30357175655086666,-0.6989849816330337,0.4932504830332785,0.10872249676307147,0.10457930785273727,0.07671210215583393,0.08338095353232602,0.09824882139994733,0.1167735943117391,0.13230658466563372,0.1307756232403804,0.14004097282574668,0.17098623413400313,0.21631728019582022
0,0,0,0,0,0,0,0,0.21727765199873417,0.27710519548711815,0.34886468238994706,0.36188954583469096,0.33348852088731573,0.32451316814070313,0.2971933707290571,0.22591460179669565,0.1172464480248163,0.03491174950018798,-0.29902793083979157,-0.4341605717099962,-0.5429996054195906,-0.7502205238699116,-0.8596407732964234,-0.9004506914516865,-0.9303425410481998,-0.9575480461580423,-0.8650415036492031,-0.7754001748781979,-0.5604242295075549,-0.4509788118933516,-0.3563835271357727,-0.23934862456886005,-0.20237942607464957,-0.1785504087859719,-0.6055264501275117,-0.258459922928977,0.7380453198535862,0.32145679984860537,0.10528057686654552,0.10619866580142884,0.1631315473718427,0.16740344930052145,0.17180257115115977,0.17948579866051975,0.2039657525533262,0.22213998468654564,0.2048338392061979,0.18093484854949418,0.17385588393597187
0,0,0,-0.37695592242117587,0.26932458339159565,0.27560973544318057,0.27666653857613793,0.29934254549916617,0.2896572575533257,0.23710589538546595,0.23480705392912604,0.20673235648724256,0.11502245598143676,0.04903747563838266,-0.039545953553844194,-0.2370829932854846,-0.39422385141483324,-0.47985466867127197,-0.662229100945302,-0.705720692144756,-0.7558984609645922,-0.878435369384504,-0.9454743909735033,-0.9618877704267379,-0.9725586984219711,-0.9641781476950401,-0.9011705821432486,-0.8773843966049684,-0.5766339640556859,-0.37617485842451603,-0.29493117659607127,-0.3054412326510199,-0.33272620535379765,-0.42746331835541246,0.6054020594081829,0.3676379632998366,0.15483421115571852,0.1430751728841038,0.14391396578292645,0.1470847413309703,0.16005408898044204,0.16329611988593062,0.18139699237636417,0.1722933665940238,0.1819145823616739,0.18989881342251014,0.18599202206563936,0.16312153600385582,0.2002025229717284
0.11606822409898036,0.15615444840832907,0.15080853899658783,0.13671851019478998,0.12065974174098985,0.033714560016884,0.020963503437395732,-0.004114278027953172,-0.05793518984512615,-0.12636164330028493,-0.18849810238595247,-0.2608327891408157,-0.3949958061449624,-0.46794309617901464,-0.5378505405510368,-0.6537745381487052,-0.7048694010199306,-0.7546112658960494,-0.8539757793822689,-0.8889767877115792,-0.923695316961313,-0.9814074219708213,-0.9950953633909657,-0.9938052471376666,-0.9934897374664641,-0.9767545916321269,-0.901475225761178,-0.8450012785873843,-0.6641605537836294,-0.5404551947852919,-0.40192024387276304,-0.2684221267501538,-0.24200123122875578,-0.375870738846422,-0.7972653556203145,0.45534203978641363,0.5421681033327171,0.24300977299403204,0.15122142883825795,0.1672168027094747,0.09348833727306037,0.10940869366179501,0.13884410387592006,0.158868808163482,0.19895610241486233,0.23271617322228616,0.22658362080030126,0.21309613130237606,0.23855635786496748
-0.011908530929517967,-0.03443932446412905,-0.10889613442477111,-0.13990968623470232,-0.18972973790412287,-0.27473566904381375,-0.3134743047643433,-0.35909842570826556,-0.38645957080318843,-0.5439123205018923,-0.6165137574960804,-0.7097694082294264,-0.8364544926447869,-0.8572127958440044,-0.859583138510519,-0.9108870235579601,-0.9061207693006356,-0.8962131717045422,-0.9427714731443858,-0.9842484227568016,-1.0087757111766105,-1.0442825571689898,-1.0428586864974942,-1.0547392663041828,-1.0647866295707318,-1.0342445477429398,-0.9655872434484923,-0.8955987520960231,-0.7619454025586342,-0.7165878953497067,-0.6409756778801631,-0.5367187798246857,-0.48508573130895943,-0.4251607515348733,-0.31169579359418637,-0.38827136170699383,-0.5503369904895791,-0.8555794063700247,0.8566274508400029,0.587277772293368,0.06339208982615462,0.034953745539117426,0.03816667112305247,0.09719398109045939,0.1569639549084677,0.17571385059100836,0.18113537961646972,0.1981071445977213,0.2162929583420348
-0.29271460962220874,-0.382074517300933,-0.46451860726777994,-0.5470519016361248,-0.6291547882553846,-0.7520884945129361,-0.7895831724795719,-0.847788563721457,-0.9113971487683851,-0.9859600010265984,-1.0486385419696118,-1.060083702859762,-1.0798819668052466,-1.0502610131662542,-1.050588681797977,-1.052826358243456,-1.0269342598612503,-1.015813978591849,-1.0114517294944563,-1.012560353221073,-1.0167364033438222,-1.0307522691504,-1.0557655034875133,-1.0745097938590973,-1.0691936137571307,-1.0669911352559036,-1.019088888300984,-0.9833423454180862,-0.9386392867885115,-0.9044003819297126,-0.8702660105505696,-0.7867658421173653,-0.7412069015388995,-0.6930534114601914,-0.567971966052627,-0.4905011747608716,-0.34116608447140845,-0.18058009011918938,-0.11163190379089183,-0.44461402559011753,0.4333452154554625,0.8358073203506576,0.6283894366715204,0.5303808328899956,0.28373961748401216,0.20717842942998554,0.0842320403267441,0.10714819381464531,0.08527247402278293
-0.7115963643487019,-0.7776294506734325,-0.8633614884100466,-0.9036605328450734,-0.9591741414240559,-1.0176737435490781,-1.0637730400635037,-1.0874646012593583,-1.107213559395717,-1.105014982409391,-1.036127202037311,-0.978963161168919,0,0,0,0,0,0,0,0,0,-0.7863770388554027,-0.9560339391345584,-1.0269830909854791,-1.035853433769792,-1.053430621034755,-1.0671681097471095,-1.0650000047815769,-1.0600945892779703,-1.0379648876410255,-1.0220755115553846,-0.9596350409530453,-0.9171226755298905,-0.8596997028702036,-0.6693856426208274,-0.6012536825741995,-0.4639524855521052,-0.36662393352392486,-0.3394157128191049,-0.3374811130437523,-0.2925812937905323,-0.2814347792381509,-0.2867935161404844,-0.32795683730676495,-0.31599428024922854,-0.222627307832752,-0.15163925118244814,-0.8312183670593699,0.8330761988259033
-0.9431481334401602,-0.9866641335132624,-1.0322605695414928,-1.052802898688721,-1.0459497615428412,-1.0056906671733556,-0.9454592160541024,-0.7736798720467297,0,0,0,0,0,0,0,0,0,0,0,0,-0.5030769066484927,-0.8591171213414638,-0.9621128214041726,-0.9975676511676961,-1.0168257300126848,-1.0911884044503282,-1.0834885276478912,-1.09065594773967,-1.1108621746338785,-1.1102389287774355,-1.104208442483478,-1.0818430208409064,-1.0689858557818008,-1.0169459383379296,-0.8787209248010803,-0.7728130165716453,-0.6664866095552071,-0.5417317983245061,-0.7160395904389062,-0.7204965666078335,-0.7492907578390104,-0.6546701411193607,-0.7406225896882567,-0.6029378254263784,0.30735930426839225,0.7274911795449103,0.8517011522714386,0.8547465155401915,0.3251224357684508
-0.9573090436777277,-0.9297425469651741,-0.8397469477525589,-0.7645330314571621,-0.6525147985334405,0,0,0,0,0,0,0,0,0,0,0,0,0,-0.3185822974166803,-0.5483324780891017,-0.7660129419628416,-0.9500485683387149,-0.9923452119906558,-1.0274072590187762,-1.0597278591118988,-1.0961585006428316,-1.1037717775039317,-1.115485581759706,-1.1385259957755847,-1.1476042219848144,-1.1579115495775552,-1.156793933409742,-1.1318316011564309,-1.0725390677518203,-0.9441586322833587,-0.8556618740797818,-0.7088796420754153,-0.7995586284380293,-0.9106612578145982,0.8891813593271917,0.3335003175124021,0.332641490849668,0.35395760730926223,0.4320542515386946,0.5381340912319436,0.5294150060785681,0.5445806802468354,-0.8109298822093587,-0.5640673093078886
-0.7392245532917142,-0.5217110525961697,-0.2596560384106632,0,0,0,0,0,0,0,0,0,0,0,0,0,0,-0.403046312009121,-0.7426198426533479,-0.9255647767873239,-1.0110685357838944,-1.080854951683254,-1.0928242465794442,-1.1141358750054509,-1.1401476579715608,-1.1600369919651738,-1.1678490561099415,-1.1712150164282902,-1.1862650713169998,-1.2093797082070694,-1.2178540656973162,-1.2008124718447983,-1.1993498504902294,-1.1726869876222656,-1.0521759375137778,-0.994225870365664,-0.8923760549784593,-0.609528311532234,-0.4774792088920481,-0.38218849535080296,-0.6046408633549739,-0.9302366809831175,0.9525668178625244,0.9290448915345662,0.8896052008098043,0.7504522743242635,-0.7346386587977932,-0.3258868790030642,-0.30421669775472066
-0.48852567130886954,-0.4881243012083238,0.5308702185124908,0,0,0,0,0,0,0,0,0,0,0,0,-0.44670802527054926,-0.6373043967614429,-0.8059960015933113,-0.9976409392840458,-1.0592283173024832,-1.1090478924305722,-1.156416979753401,-1.1722369547661942,-1.188380306881858,-1.199123263342713,-1.2065286923407357,-1.2138234688788467,-1.2195993510806702,-1.223536563486572,-1.2400005105587772,-1.2509786257845488,-1.238881465116987,-1.2278786225572058,-1.2055408363334206,-1.1089525857367852,-1.0274333905491349,-0.9340159638344534,-0.828089795431289,-0.7613625863498137,-0.6563740149975961,-0.5748829863115804,-0.5249739094895366,-0.43372311423148435,-0.4120316502802603,-0.3630945740452482,-0.38490234236197035,-0.38926005320055307,-0.3686604183907934,-0.416576223254681
-0.36067657115721585,-0.28983147095082906,-0.21238292061414396,-0.37477577575972615,-0.4763751693119933,-0.44670883862879923,0,0,0,0,0,-0.6518216817553194,-0.3379483454361896,-0.49172902598506196,-0.6492573472901553,-0.820105909960801,-0.9170339527506038,-1.030309972195946,-1.1293661529159755,-1.1661295310407278,-1.1922135888547973,-1.2071250747226672,-1.2124082669692056,-1.213521729585567,-1.22013777302769,-1.2257253720254344,-1.237163032895769,-1.243105505053687,-1.250554631395266,-1.2489652374542355,-1.2406166778548318,-1.2280067572359126,-1.2075216963205848,-1.188012970946535,-1.1169052711532474,-1.0928866133296073,-1.0523353527225359,-1.0017336802545491,-0.9428717841318928,-0.9106348845618875,-0.8003493511189792,-0.7540283845797813,-0.6779078833220319,-0.6511171206082695,-0.603317624052031,-0.5785120640960724,-0.5735871098186781,-0.5767631665994367,-0.5782984318923244
-0.36188259933117145,-0.2946805070892405,-0.4444505936675624,-0.4977579201447106,-0.07268856490751929,0.4106958784972283,0.4223508391337818,0.45973995788854816,0.5600695625281764,0,-0.4203332962878095,-0.5724963258879598,-0.7763207837049405,-0.9296117741377052,-1.016632194746455,-1.1119110660471816,-1.1592923359770337,-1.2127781133313387,-1.238009055747054,-1.2383588788274387,-1.2444397515030619,-1.2449471902813918,-1.2434853349403625,-1.2462916257610746,-1.2370064479418341,-1.2268398831158926,-1.2470443271400184,-1.2446047967401301,-1.249125454888618,-1.2643769161921186,-1.2563914698933722,-1.2324795207418524,-1.2076217312182467,-1.1879750063772099,-1.1668048619308673,-1.1580683498305024,-1.1022368361131156,-1.028841305715428,-0.9967863101768079,-0.9590106928999687,-0.8736622484096417,-0.8447678723471648,-0.7867700359326816,-0.7267583184468616,-0.709456875947547,-0.6883005455097672,-0.676568293197272,-0.6320596486493778,-0.6597518406470452
-0.5942585235185003,-0.5870318612146358,-0.49601079711583357,-0.4673142282833384,-0.4497326268126938,-0.5083095690088502,-0.591293454379349,-0.714422961414673,-0.7948719279777603,-0.9191152478848524,-1.0048908441448399,-1.0330557150929196,-1.0872252722325981,-1.1595430360186887,-1.1875659121599493,-1.214241818968434,-1.237809260872734,-1.2538685147207635,-1.2459899460070756,-1.2403198947844345,-1.2349261102662479,-1.224402055166381,-1.2092039859706074,-1.2184877284440268,-1.2125410722731487,-1.1895884425602536,-1.217448198903709,-1.2160780859793157,-1.187884167594905,-1.1894945803597623,-1.1844984496658146,-1.1718002634430167,-1.1639290804337155,-1.1657694984086884,-1.1570934222223295,-1.1327607766321812,-1.1028356169272682,-1.0400040567789408,-1.0021709684975395,-0.9698617358157505,-0.929433909678353,-0.8991274970601469,-0.8508980130728502,-0.8510052514819778,-0.8363399828780003,-0.825159881035723,-0.8270794822316757,-0.7874353624580575,-0.7707432298200919
-0.6942533050832832,-0.7195225651940618,-0.7285142346649286,-0.7667989152102732,-0.9159099217569973,-0.9123561254328558,-0.9335376879770276,-1.0075659460541093,-1.0123347101375313,-1.0419424979690919,-1.092208374364056,-1.132714066205334,-1.163152678892916,-1.2154059178931393,-1.2337257989351427,-1.2365104184692164,-1.2591840234620757,-1.2568716181471977,-1.247348625033276,-1.2363920601822658,-1.2605286838793273,-1.255043519868523,-1.2377725406810423,-1.2504510107322715,-1.2491928271326918,-1.2328961919389143,-1.231700538987709,-1.2234478542083846,-1.1941807592332665,-1.187280290469513,-1.1770498596346741,-1.1606144223809103,-1.1623341074392364,-1.1583111814952076,-1.145934551813099,-1.126837667779671,-1.0910935825416757,-1.0665412769317901,-1.0443581364594678,-1.0255830971189015,-0.9824048898769652,-0.9664809144642661,-0.9571469864870001,-0.9287545019357997,-0.9020348639707421,-0.8898901233766475,-0.8874080470430059,-0.8518310559034603,-0.8361444452680213
-0.8642454349076043,-0.9110293190980959,-0.9521108014427335,-0.9564410531718454,-1.021193080511943,-1.0371217916376967,-1.057429864158359,-1.0795976407154844,-1.0982905484940046,-1.1108218123484752,-1.1615736184482013,-1.169857921464548,-1.1878884848810436,-1.2279585248568465,-1.2377942496123902,-1.2421525425667757,-1.2468862125066762,-1.2586531619846943,-1.2590261437358898,-1.259527134282709,-1.2598839087008302,-1.2501061949436993,-1.2403482710934979,-1.2507923552663285,-1.2485201026870638,-1.224708098728523,-1.224555039865245,-1.2105254702177475,-1.1879012873355361,-1.1696520971894429,-1.1465017308926766,-1.1174608864374065,-1.0912174163343418,-1.0719463967255267,-1.0978313187536786,-1.0797871527588778,-1.059776052684631,-1.0493305115532214,-1.040705968772533,-1.0196950008857086,-1.018016539420298,-1.0049601477091112,-0.9876901987641534,-0.9712991523424668,-0.9506726047443004,-0.9480871156288521,-0.9383297585028612,-0.9135725417066229,-0.896423414137276
-0.9943069237758239,-1.0226792990107447,-1.049300833501772,-1.0617000304779052,-1.090754864908415,-1.0966719007354386,-1.1058061793897327,-1.1188330060248735,-1.131810192884152,-1.144899382261671,-1.1615364353887765,-1.1864954707560014,-1.2096237193139454,-1.2254289919279873,-1.2354769978821853,-1.2489005656093457,-1.2506238499731412,-1.249774159537453,-1.246964116114833,-1.244172145473636,-1.257012192233516,-1.2528003486833073,-1.2518782348946045,-1.2640517881818496,-1.2694310584011024,-1.2415726120782673,-1.2169921052357568,-1.2080438300586622,-1.1735014733613918,-1.1702994366112847,-1.1546618585892583,-1.131640750606393,-1.1287354057778172,-1.1234707138053992,-1.1052303566325923,-1.0929402001468977,-1.103570459947285,-1.0865096755063175,-1.0646850964504826,-1.0306427396770694,-1.03021361347045,-1.0274829425196335,-1.0017515585331525,-0.99303178261357,-0.9845564342674423,-0.9706393060132729,-0.9504910834322529,-0.9168717637453384,-0.9156094705983195
-1.0404594406318748,-1.0774593212910377,-1.0987746234100675,-1.1043512729431602,-1.1176576026542384,-1.1257109221946822,-1.1313828380704336,-1.1467027232270222,-1.154155314066117,-1.1686089032932396,-1.2011704793858573,-1.2034684335340198,-1.2086343077028285,-1.2280393110533065,-1.22906779308425,-1.2324082792918343,-1.241572781831794,-1.253426446508156,-1.2476157438181072,-1.248000731043316,-1.2512334391913278,-1.2429935010431508,-1.2398869389404774,-1.2418608079631688,-1.2346844836541857,-1.2164749435531241,-1.215868985857917,-1.2101557109980094,-1.182897921792034,-1.1797786082649684,-1.1740289442817546,-1.155157207731213,-1.1543340088489704,-1.14919193358537,-1.146046187836975,-1.1317594051699797,-1.1145355073555123,-1.073292070214123,-1.0778052297896954,-1.0646979768264802,-1.0414088082874513,-1.031813543186786,-1.0159553282445202,-1.0098293824232503,-0.9870500495472528,-0.9631101427862108,-0.9493952582508648,-0.9166003352743862,-0.8974728811498662
