jsons/1312830000.json
{"header": {"parameterUnit": "m", "parameterNumber": 3, "dx": 0.1, "dy": 0.5, "parameterNumberName": "Northward wave", "la1": 40.97354507446295, "la2": 16.46031188964855, "parameterCategory": 2, "lo2": 133.9931640625001, "nx": 191, "ny": 50, "refTime": "2011-08-05 8:00:00", "lo1": 114.97908020019554}, "data":
[rows 0 to 21 of 50, columns 50 to 99 of 191]
0,0,0,0,0,0,0,0,0,0,0,0,0,0,0,0,0,0,0,0,0,0,0,0,0,0,0,0,0,0,0,0,0,0,0,0,0,0,0,0,0,0,0,0,0,0,0,0,0,0
0,0,0,0,0,0,0,-0.19818371043270896,-0.12484293823357598,-0.11208410194435753,-0.08268922813014778,-0.016981293830822475,-0.00896864171688144,-0.0011272510312211447,0.02060468570791705,0.029216166418929226,0.041598802642958184,0.04561004146589266,0.06650944363659733,0.08279279528300297,0.11317606733948599,0.1552445595558357,0.29275537630223714,0,0,0,0,0,0,0,0,0,0,0,0,0,0,0,0,0,0,0,0,0,0,0,0,0,0,0
-0.264525926823966,-0.14750042799327134,-0.19881263573945981,-0.19119729695624618,-0.1648624408878833,-0.15830557833016226,-0.12901808772400167,-0.1230770422344958,-0.09459904838685217,-0.08523196508405413,-0.07484956425864488,-0.05446196242050236,-0.04037305237539915,-0.015052780410106726,0.03319867670552663,0.04236581762522425,0.10306018218031772,0.18834332958305317,0.2758470198217366,0,0,0,0,0,0,0,0,0,0,0,0,0,0,0,0,0,0,0,0,0,0,0,0,0,0,0,0,0,0,0
-0.28305709200614393,-0.2147817367790957,-0.1831975850789135,-0.16196538016069764,-0.07210064802450213,-0.031519074253563595,-0.02007638147459698,-0.010897373358002086,0.016691398019916513,0.021708056901797564,0.04965979382337429,0.0640490897806857,0.07801538538368173,0.16623321802188223,-0.23969561050080151,-0.45186648260445067,-0.10592081609526682,0,0,0,0,0,0,0,0,3.19697440461109e+38,-0.9562909632939348,-1.0677475678274426,-1.138164811208659,-1.1971911229472916,-1.2386927974091284,-1.2717336616277473,-1.2781967496568822,-1.3056236275252868,-1.3235013065341732,-1.3799463811750188,-1.3467714571518257,-1.347607806458247,-1.2333098573935968,-1.0363974646598457,-0.8805865894494843,-0.7578975349680733,-0.5481545574512154,-0.364605900115806,-0.21587420129213705,-0.13434818115933023,0.039087163101693745,0.13121799643903076,0.1855522168108729,0.2994777636530121
-0.5561644565801896,-0.5588167903999774,-0.5765493025957105,-0.61913211264063,-0.6015191007019544,-0.5918230040737502,-0.5887209200306274,-0.5972079313797269,-0.34510708848678734,-0.08427970387744435,0.21433879054865082,0.29034174087409864,0.11953687524690787,0.18685184616682246,-0.05067971193802143,-0.08597105887423251,-0.5976411537044721,-0.7076430669887184,-0.8591871546699698,0.27378281144536054,-1.2513351706127807,-1.3217501905385145,-1.3795175056544546,-1.4143511419672417,-1.3847228496278048,-1.4088095799045668,-1.4165219388025192,-1.4301174672367032,-1.462400125584723,-1.4664817266919266,-1.496701231195872,-1.5251454194904188,-1.4982403944923035,-1.5280498087995977,-1.5855108406233602,-1.6060401239220328,-1.7183362447379575,-1.6998055618666779,-1.6469071847741759,-1.4009770957954597,-1.1176297550771093,-0.9465861471218735,-0.6939052361870053,-0.3886763460937037,-0.15737731429443172,-0.016090222185072018,0.2730528034371039,0.44144587981107064,0.5451977260808649,0.6795322484679407
-0.5775848066561781,-0.5998890504392848,-0.6339809401955582,-0.6629401242411924,-0.713515702426031,-0.7470740881152715,-0.798332571678162,-0.8436405832963678,-0.8785381542363649,-0.9315430892993629,-0.956167569028225,-1.0286532917512092,-1.0813097174397521,-1.1170981265559248,-1.1661566501035434,-1.1811524591901676,-1.201770500441535,-1.2121488732530226,-1.2125287418995112,-1.2012940378549095,-1.125652562460599,-1.1050277262251402,-1.0686609558886666,-1.0709034151936945,-1.0707951493996541,-1.0422245114603266,-1.022162246593336,-1.002434223667481,-0.9937764528584103,-0.9665059918532813,-1.0227272683345232,-1.0201702198010514,-1.0155316643056858,-1.0663209924402715,-1.1721815538306497,-1.242957721417163,-1.5475581699876944,-1.6508678794963962,-1.6769631983929427,-1.2987807155819129,-0.9704940903871113,-0.7324985789240833,-0.4425317105404056,-0.053085201283603216,0.119239363347692,0.32827944449137575,0.4385752334239221,0.6080257587173683,0.7244107521049147,0.5706750100306244
-0.28027090407313116,-0.2897739317318644,-0.2840602482220524,-0.2668252951225703,-0.2993938423157255,-0.30304069873365663,-0.3513118554706731,-0.3889686428069138,-0.4467221271145238,-0.4886439627823863,-0.48270459781232133,-0.5368452373462287,-0.5751520965730972,-0.5984580131970633,-0.5631742121784458,-0.5979541778112148,-0.6449980182325776,-0.6601472710031808,-0.6788761756711365,-0.6875604772036455,-0.6919994063645004,-0.6926404203198748,-0.6823381843555043,-0.6881604151987798,-0.6489286650296743,-0.6508703686412228,-0.6100800856824866,-0.559205934542054,-0.5047778043861859,-0.4788411111361568,-0.3827139454069813,-0.3462718326378385,-0.3224533757232822,-0.2764461617557549,-0.19701968443779133,-0.15647759610130105,-0.44207876937221857,-0.979308156873683,-1.567097085073056,-0.06309489980343841,0.16653939297830422,0.2597297649031102,0.2829230621888244,0.3669962220006763,0.4138450853010667,0.48810587800645516,0.6001530095115833,0.6727647210843236,0.810433278623057,0.8443378724073173
0.17783248317155279,-1.0700260020554672e+38,0,0,0,0,0,0,0,0,0,0,0,0,0,0,-0.37582605294033183,-0.2101108129145635,-0.16871670227408633,-1.0416354780295881e+37,0,0,0,-0.4951977073591492,-0.42162599014470786,-0.5198373360874629,-0.5519135199287731,-0.4345423470769606,-0.3316829691765729,-0.2537488503965183,-0.0784534632255846,0.03130131595879984,0.12215087086156422,0.3766090798665953,0.6044353899649629,0.6949720053215778,0.6779607277720848,0.4314760105248094,-0.5298687709683805,0.604746255316245,0.9106738203979984,0.9648103754354337,0.8519379389387768,0.6246413509076381,0.6526242611635644,0.6242474636342799,0.6579695709306635,0.695288813279512,0.7475837711072371,0.8033452574682718
0,0,0,0,0,0,0,0,0,0,0,0,0,0,0,0,0,0,0,0,0,1.7652225396268883e+38,2.599052847671986e+37,0,0,0,-0.7289933005035948,-0.3506000096915552,-0.18450734205859542,-0.030231557083805146,0.2079885409938555,0.3464588905850684,0.4851717124357507,0.7834592937836269,0.906715007578132,1.0774236796112335,1.2571102687435927,0.8390557560776948,0.45903520038106227,1.205134708001237,1.0335256758386562,1.2558887368009652,1.2541438515251833,1.1137486150258475,1.0959082256492896,1.0699908888978584,1.0214050696480999,1.031644495099359,1.063314537398089,0.9866779669100707
0,0,0,0,0,0,0,0,0.07256819570322989,-0.45584462811488063,-0.09649586918221864,0.05464992467544066,0.13419029621407447,0.2040623802714713,0.3213476004582014,0.35658754618068234,0.45227285993496413,0.3949844094225943,0.41143484752602205,0.449891474544265,0.37814769138207277,0.32042725224696617,0.24411665344348027,0.21114954266638744,0.1352970670206206,0.1557215820914261,0.15666593082168365,0.19075527707127146,0.26341551161162363,0.32404932039113826,0.5974332496558948,0.730072141874121,0.825123312073,1.050884858145286,1.1715869346941954,1.2440692910560016,1.0777385380278606,0.9923747722513978,-0.6185596146143381,1.2390796823075323,1.2572340562918711,1.299588454961704,1.2113901627144432,1.1881566078550687,1.1529661937191933,1.1091843511592725,1.0814276131527647,1.095297247707112,1.0936299477284026,1.0750520113688935
0,0,-0.4473212883908391,-0.5809920198910518,-0.5190238201777316,-0.5279451735237812,-0.5840967802069464,-0.4870999006438683,-0.3245807337071859,-0.2855623912225297,-0.18277222730154413,-0.15518718765815256,-0.10060890612231649,-0.024694931797592534,0.05565791053274157,0.12589647699988402,0.16064769784195423,0.20647086394093905,0.21928325141138688,0.23627080540751344,0.23959994320029124,0.21593245623785148,0.2617607081379034,0.2515715997605987,0.3911516474903257,0.4552537248871931,0.5229122579358368,0.6273720406197358,0.7008097422518,0.7471713524085528,0.8722471628990096,0.9890289913371092,1.0377806303265231,1.1899997282313493,1.2389647979372842,1.296713697449747,0.6761258460056332,-1.3569031748672733,0.6805992933174063,1.274747838207478,1.34549231572345,1.3202568747275822,1.2676665723002112,1.2058757631602774,1.1608831352185847,1.1355582874613144,1.0858842645731481,1.067768765959521,1.046955033499323,1.0404499796939284
-0.6010482206329947,-0.5464193396056567,-0.5204277752044905,-0.526885246273846,-0.4382291783596727,-0.43053020418290217,-0.42004778564805445,-0.3959413270878451,-0.3448792063848055,-0.3422756640750911,-0.29750340554831806,-0.19646641825961406,-0.14553089456307544,-0.07680977871038724,0.04184672309183587,0.07070002569679425,0.11063139660345957,0.17000014573063568,0.1904700358960259,0.22724797071302588,0.299012078474242,0.3469590750424738,0.3820194982113747,0.40103791959680557,0.5509152863554913,0.6053290998770509,0.663619649536014,0.8110426384311992,0.8294381283037557,0.8500139563209118,0.9626768434580646,1.0052476914150275,1.0532385619804652,1.1513645266831214,1.2204922675060859,1.2546964341861333,1.1347602551734235,1.297244908556872,-1.0630791472075438,1.1984758250743415,1.3222469803293375,1.3309787697463453,1.3075058570757405,1.2529921680634308,1.2299717314739493,1.2109643203283322,1.1813076198596317,1.1543078883426117,1.1167149699910766,1.079560978008188
-0.39652566953793833,-0.3554920611234846,-0.35143664953245335,-0.3490340034131966,-0.32846794370667437,-0.31344155584912986,-0.3069509853110214,-0.26781430754839847,-0.2350468610454573,-0.22700747808396102,-0.18645781005371234,-0.10954292104282629,-0.10891764024285248,-0.10937918765173636,-0.05831732087989187,-0.04087549318176338,-0.03346672485925536,0.05398605457684575,0.1563561944090379,0.1964982757446511,0.28175278578066854,0.3259266252413311,0.3786114448929608,0.4197460426493624,0.5546798960273576,0.6193731949133766,0.6527173137697181,0.7574554725310139,0.8167119425026869,0.880922573207932,1.017519096562978,1.0368974298200924,1.063915590550015,1.1234711572920182,1.165765691475979,1.1889751843014582,1.2063722102453338,1.1828850176805177,-0.10489316991064487,0.6812967312853172,1.065029105173623,1.2117036901916312,1.2651374172742265,1.2247233717981532,1.206139163118224,1.1985232720161567,1.1731362538518686,1.1620466874662534,1.1403759934164681,1.128090643707858
-0.24642588766757062,-0.24089464772574468,-0.23321070642849354,-0.2502408314070805,-0.186730850983671,-0.14595574438405395,-0.13149464089962615,-0.12318102578808447,-0.10241681672559115,-0.09432728189397957,-0.08603386261031538,-0.0664186338452616,-0.07955997398953643,-0.08507787705663238,-0.08151144162269966,-0.08391775478752525,-0.07298869366685276,-0.04008633613077469,0.030861573082480397,0.0754151860369959,0.2180448323064357,0.28730545502895644,0.33505003477736606,0.3952910321222588,0.5315605282780459,0.5901703556855299,0.6535072011585986,0.7674375893459198,0.8047655872187052,0.8298709660094782,0.8997227952967285,0.9306344320816932,0.9594756438855019,1.0235208635632966,1.049056552244325,1.0814619732413457,1.125652008948867,1.1419390784837866,1.170923295321466,1.1462220576224935,-0.5216673710530683,1.08141531069922,1.1078396753783695,1.2158536687445314,1.2296684281621464,1.221946553144266,1.1854444327528322,1.1748182545309491,1.16233578802692,1.127867422118321
0,0,0,0,0,-0.2552639670398992,-0.24289401720653445,-0.20068360398336924,-0.12748892901365047,-0.10863667414912531,-0.10190714705815729,-0.11738933235799547,-0.13125285164434825,-0.1350560063813543,-0.09527386862376509,-0.08538253356808106,-0.08392891524028359,-0.033202068219338327,0.02912739300600214,0.09407770395089683,0.20407022420524154,0.27664872096701465,0.3371277878766073,0.3944415148406059,0.5025566344287606,0.5335810516783946,0.5969893293283337,0.6765927343544522,0.7268383981730494,0.7600490697662451,0.8274786895612654,0.8568946484984674,0.8853478640502663,0.9499450011404474,0.9770838258522012,1.0016502111806351,1.0552193772857001,1.0811434148467447,1.0987467296813311,0.5451221982607148,-0.7679237398347826,-0.493550012941903,1.1359241271026004,1.119141265991411,1.1368930398749426,1.1248051305868965,1.0902894569534367,1.082293172883762,1.0755616034696678,1.0703554537840294
0,0,0,0,0,0,0,-0.2852838406614375,-0.1904440927517942,-0.13739745813585097,-0.08931203185576002,-0.1526533040557935,-0.1917390791716124,-0.2223788567376604,-0.20754977476846137,-0.17433379099000215,-0.1433272775145734,-0.07778800020723393,-0.05620685281473992,-0.04472669629457731,-0.01576516239341402,0.05084745277090507,0.12998931909868816,0.1574130892252009,0.30811175320155904,0.4069813006244298,0.45257870793747196,0.5242909768630002,0.5727587084171157,0.6391332206814043,0.7404620681751692,0.7719510985452103,0.8070747758539433,0.88194421556565,0.9188354550133482,0.9410743343358806,1.0267644998913708,1.0500083144863712,1.0718369610666556,1.1168876953072921,1.139650470873263,1.1597913000380873,0.9103140666085776,-0.1167732445383294,0.9973755424120978,1.1672710278280998,1.165917612382535,1.1533652594657697,1.1447654051099845,1.1272569759931448
0,0,0,0,0,0,0,0,0,0,0,0.03214002237517139,-0.09308924071156255,-0.22792703281179427,-0.2500879788424637,-0.25639683568039023,-0.2722991152832363,-0.22716648104279588,-0.2033067427389429,-0.17097245539965286,-0.08615484035039649,-0.06436280159528032,-0.021409327508484025,0.018574154083196816,0.1166031747386367,0.17095253813797642,0.25775388304480423,0.34245590739991083,0.38497721781007366,0.4510974767579713,0.5460706985508657,0.6418861647268324,0.6629154550543148,0.7354173888268677,0.7756276715052665,0.8331209484627946,0.9016791097962551,0.9473912811848071,0.9808933038187506,1.0339193514363674,1.0607554917938313,1.0842755153859234,1.0881745974826946,1.1316408573381014,1.146353888749259,0.8931030803225781,-0.32463319154366116,0.8748335794974293,1.1686461768042353,1.1752268816725915
0,0,0,0,0,0,0,0,0,0,0,0,0,0.01862853476334676,-0.27662634553843224,-0.2904387615446853,-0.35098974265340555,-0.26977206861662617,-0.24869071765748657,-0.2407104266877655,-0.1928746619246145,-0.16939813020370192,-0.15724062761890864,-0.1284218906537817,-0.0645317160028267,-0.03157173550148136,0.02433144518817084,0.11314280407067798,0.19881695654006526,0.27710969725689544,0.43316416443912503,0.4766885757073177,0.5045441939890438,0.5614618532590369,0.6069777562319105,0.674577538148649,0.7444446317229557,0.7814907332961929,0.830044033023399,0.8764906925168617,0.9266870135629827,0.9785955519990892,1.0121810525714101,1.0553172469167187,0.970864421249784,0.8629006807721724,0.6397714851159773,1.0720432216847537,1.1179743668862863,1.101357307215955
0,0,0,0,0.0019296429835382828,0,0,0,0.00813490103435131,0,0,0,0,0,0,0,0,0,0,-0.45348350937938586,-0.37126472434219493,-0.34795777671871747,-0.34143730674101436,-0.28994871805884953,-0.22057600739261893,-0.1892335535877946,-0.1584798367346126,-0.016246003077094513,0.08294791190152742,0.1633718562904539,0.27927661388494146,0.3315169800826743,0.36021360223739524,0.4007253854274155,0.430848441967737,0.45780187106760073,0.594230557077226,0.6179131534290715,0.6718917201350717,0.7550286661152147,0.796057662446342,0.8344675101464198,0.8657024239192442,0.945544708549393,0.9476953091970586,0.833734385288093,-0.6355661196394778,0.976225691104484,0.981699554151018,1.0012336737103604
0,0,0,0,0,0,0,0,0,0,0,0,0,0,0,-2.225465921614167e+38,0.015145555734812221,-0.037632210453853766,-0.02857921925722634,-0.07019393982259114,-0.1300909714983032,-0.19816534471112876,-0.4051182811693932,-0.48706623391331944,-0.4898368097521917,-0.5178855677959252,-0.47853879196956955,-0.3009749806852294,-0.2068231608481958,-0.1364590743003103,0.10646057491617322,0.21239478232982018,0.290805652656223,0.3982685536599456,0.4153568242081879,0.508581669504368,0.6100475654024478,0.6457695327103379,0.6800639109047587,0.7424792305093475,0.765747881167528,0.7897780096493132,0.8252562765215501,0.8985338311725298,0.9306445345222687,0.8584398200852066,0.9562519291603387,0.6859347357919524,0.9547356529613112,0.9406958078046547
0,0,0,0,0,0,0,0,0,0,0,0,0,0,0,0,0,0,0,0,-0.16737168124512344,-0.3080993617029065,-0.5216360756118624,-0.5632423832486058,-0.5617343248621297,-0.6069129531735833,-0.5959467090569527,-0.4262323835979562,-0.31061972606184873,-0.1970194833124835,0.06770060261290606,0.16402801131114547,0.24183219181557264,0.39432074980788767,0.48228112790562694,0.5372406823702575,0.5417481799284612,0.5675139032805593,0.613421994831217,0.6754952688159622,0.7157310625124749,0.764773491594605,0.7911890431016284,0.8503883839043467,0.869422371858889,0.9002322583936871,0.9065430026576399,-0.9565243834589624,0.8917896949972716,0.8602203281061656
0,0,0,0,0,0,0,0,0,0,-0.10808368050673471,-0.13706240103870337,-0.1719796995857603,-0.20088386227854405,-0.23859944000151925,-0.27072177323190316,-0.3338547271653772,-0.36715723348055823,-0.39955150744517415,-0.46461518510985755,-0.46929954373115906,-0.4773188678624019,-0.45051254436251914,0.35024277850094543,-0.4223089945920745,-0.6760422663746447,-0.6077731596046719,-0.4783597261126201,-0.3565705231511957,-0.13974166140163247,0.2216784452052568,0.32446145985263686,0.4187085959654435,0.4831879806318318,0.5055345750183281,0.5529311072455058,0.6174211881065347,0.6497496771094019,0.6577023829463872,0.6451602348514712,0.6680268598528033,0.6626303273145424,0.6649487511085468,0.7063967026519148,0.7440419107064341,0.7634703300825983,-0.7174448583636471,0.46191875464674864,0.7844520076742514,0.7053169386568608
