jsons/1312578000.json
{"header": {"parameterUnit": "m", "parameterNumber": 3, "dx": 0.1, "dy": 0.5, "parameterNumberName": "Northward wave", "la1": 40.97354507446295, "la2": 16.46031188964855, "parameterCategory": 2, "lo2": 133.9931640625001, "nx": 191, "ny": 50, "refTime": "2011-08-05 8:00:00", "lo1": 114.97908020019554}, "data":
[rows 22 to 43 of 50, columns 100 to 149 of 191]
-3.8264464024150198,-3.8934182139656106,-3.8721607668897646,-3.94680788455357,-4.013100750337056,-4.052547975996498,-4.052712319162365,-4.108857602195324,-4.108262935435713,-4.081883993025857,-4.082463267116755,-4.109551743576755,-4.046174287057767,-4.048991404054319,-4.01193964651245,-3.8781395134272647,-3.8964684737182687,-3.8516785583747457,-3.708437601280901,-3.648019538333561,-3.635514068205991,-3.481293370835875,-3.3753246838817867,-3.3085271519661736,-3.1472079512719984,-3.0247698957969784,-2.9991761810503412,-2.8864420754148465,-2.710640031871667,-2.634455142410989,-2.4732917009917355,-2.3048612201424747,-2.1756280942811617,-2.0354602229525414,-1.8499059256831811,-1.777047924324958,-1.6743166997160661,-1.5430700822134866,-1.4446919481367781,-1.3619005857492068,-1.2313060664598823,-1.2031354908033587,-1.1264108730188414,-1.1290998213120402,-1.13528060003626,-1.0907504771218908,-1.1183317108772004,-1.0780522952925002,-1.006127201748777,-0.9047519521196332
-4.920008736606945,-5.058180593952941,-5.048862021671544,-5.1076243863735264,-5.173115746037437,-5.166197572746252,-5.218015676650904,-5.26891874714546,-5.267718345015715,-5.265747514151079,-5.342214301504231,-5.28616581010396,-5.289608323066299,-5.245465743551037,-5.276059405290362,-5.111722006383583,-5.07062224148833,-4.925522760574759,-4.769890673773257,-4.78369269444128,-4.65158978018764,-4.500784003564294,-4.407464927669279,-4.379970302376654,-4.1449837985805615,-3.963955126219954,-3.8240978204870504,-3.7277766954118277,-3.5299411606139994,-3.3759688571715722,-3.257762083928922,-3.004686728656677,-2.8054450134310294,-2.7520083626477017,-2.4708584573223322,-2.244962926256997,-2.181565539049624,-1.9542166990072087,-1.8089463509808699,-1.728499136502325,-1.5931644264120841,-1.5530889557839063,-1.4915716519401903,-1.551210427829302,-1.675588065624392,-1.6336882562147157,-1.6387381044694973,-1.485331710347934,-1.4452891194259971,-1.2384414646916466
-5.899261797482729,-6.104714978013618,-6.16135345369357,-6.259887507707665,-6.347554225948874,-6.407253607525381,-6.40286348219589,-6.55914856291056,-6.489949487864673,-6.560580673322432,-6.49679339955707,-6.556013860253705,-6.47580424196525,-6.510601239671672,-6.46094069836673,-6.346969388450662,-6.177358038676466,-6.11364710639598,-6.0363393456424,-5.881833020873136,-5.7845411932484545,-5.525576704347326,-5.423450033471074,-5.329443292130122,-5.13614924514513,-4.951677443649899,-4.8449609723425935,-4.613391660261508,-4.369172580211371,-4.1703251789905,-3.9867441093736633,-3.7126066830048026,-3.4855080682714856,-3.3045922986878793,-3.007692590679525,-2.7979378418194205,-2.681568387838711,-2.332379135288223,-2.2181794417816225,-2.00337335922267,-1.8898538686585358,-2.005398206521502,-1.9750286552831378,-2.374766307417931,-2.6042504205259225,-2.4436429713362973,-2.35822429288091,-1.9895181069743557,-1.7288786932714406,-1.364130229629219
-7.02721740122695,-7.441760446032901,-7.5133896375012945,-7.706264155219719,-7.921032361278527,-8.074896997510512,-8.05191124888592,-8.29356783563166,-8.255381254591104,-8.361168615792709,-8.410801125051787,-8.386435322808797,-8.31796910381955,-8.275068213763186,-8.202263538242425,-8.023006418825988,-7.811826218883528,-7.725911159382581,-7.4916666918370565,-7.344970734884285,-7.218267118573786,-6.915423883499952,-6.820907438168323,-6.507141281433766,-6.226110130547842,-6.0919707976524196,-5.853235912114034,-5.622082157071894,-5.290412152255298,-5.0680218991353785,-4.859614249113184,-4.474514740254664,-4.1866161455495945,-3.92011843640407,-3.452901519898581,-3.272016425900495,-2.9743465740684627,-2.561974358388313,-2.333656527594631,-2.0258350128632,-1.5593831472011923,-2.052205633268522,-2.798499229878156,-2.777267771871418,-1.707789254842219,-0.44114006964876207,-1.9265581889031302,-1.2353270234469804,-1.285871717390507,-0.6711405108868481
-7.869869434600914,-8.481523760018304,-8.56722341601269,-8.699776333604847,-9.087487793735479,-9.291325179079177,-9.479979157431483,-9.795588589917742,-9.922020304800084,-10.054017818032856,-10.284630449800076,-10.32846214696676,-10.185748344512778,-10.223985924155091,-10.073138221020113,-9.836251799028991,-9.592872157933614,-9.50547138185914,-9.11437536951715,-8.873424690784127,-8.535736748721753,-8.246831715195222,-7.981513914254513,-7.703164687622558,-7.273990548186472,-7.032192743490473,-6.7343651002078655,-6.49952635731775,-6.137335559973718,-5.8562443673639235,-5.622374115850512,-5.183538753162989,-4.7587487040314835,-4.421521104487342,-3.829128006276025,-3.356564591729445,-2.947989530988648,-2.251476258591118,-2.477197804362511,-2.632924067729502,-3.10996744434761,-2.7537589942075047,-1.9703643212258075,-1.6346898996150996,-1.4442362327062248,-1.196451565535438,-1.0587369503260387,-0.7807474076956971,-0.6223735366023366,-0.4596679674088277
-7.434733631062783,-7.975004076761487,-8.379094418248325,-8.676676502531425,-9.265201114311862,-9.740292781476606,-10.016934593346425,-10.424788010545305,-10.893532606425639,-11.08330547458997,-11.465703630887708,-11.52929508891755,-11.513232941053397,-11.490337501803282,-11.41565842592009,-11.042055562516776,-10.788770691990997,-10.445874614037345,-10.006662427191008,-9.59308323982555,-9.17035006621499,-8.618652052844052,-8.237200325171955,-7.849798490407653,-7.465128432635652,-7.39705910002559,-7.174555712964491,-7.021117671854454,-6.799993876255754,-6.482460889087209,-6.043843265560319,-5.5112546726911456,-5.203352991252389,-4.772846330647506,-3.9707944139753426,-3.609851519397228,-3.2826463045534653,-2.857330886270287,-2.594705628945707,-2.35451556836947,-1.971036864071095,-1.8039065894453272,-1.584082584602006,-1.2633300378680878,-1.1063929281329141,-0.9440376969285276,-0.8207330591231219,-0.5664508207807395,-0.4219166273323659,-0.293894949932851
-6.1943541378239955,-6.327133854106404,-6.935130374194126,-7.088595549640995,-7.444693692897677,-7.944825249294985,-8.317055749567283,-8.432652621030948,-8.946274720853062,-9.39279539956537,-9.560595595825253,-9.626799313306634,-10.030072970901292,-10.04977101324783,-10.250491053664739,-10.249415406217976,-9.975116474784347,-9.655084478279592,-8.89681356585341,-8.376879295614023,-7.702560535160366,-6.601458995015696,-6.016767668513784,-5.4074343288251026,-4.5955224342870125,-4.231118059268213,-3.7545862423516096,-3.548629106358228,-3.6634100419156113,-3.5559328915159893,-3.9904371772040346,-4.563510197161361,-5.255122243733579,-5.228714807546931,-3.264031186024746,-2.757698443704153,-2.401816044701673,-1.7919849695075751,-1.531665587524237,-1.303060217928298,-1.0815884642819102,-0.9477444313441546,-0.8008916910045075,-0.6719333118327634,-0.5260044990316926,-0.3893127243027699,-0.3336655520908279,-0.07162677618137263,-0.01505939040899597,0.1509457953356299
-2.6948150516890825,-2.761122072112795,-2.474886974044556,-2.3776286503950517,-2.326689669416853,-2.219085393494383,-2.4345490182311225,-2.5702267363141775,-3.1144648177485594,-3.381613556106109,-3.63163053141755,-4.27723266806763,-5.353127587820692,-5.679515499158079,-6.36936044038369,-7.1118938521482695,-7.118183160216532,-6.507386770519716,-5.388295224696008,-5.037357828908195,-4.9254522472722195,-4.101483071170973,-3.3969388506353466,-2.761717818693812,-1.46294049689236,-0.5161363501993103,0.4677390344126728,0.8785758500624181,-6.0587409184358805,-3.948300242376535,-4.815334244431008,-1.6194448493699989,-1.2861050718747842,-1.0176367867995186,-0.6609397554064597,-0.5663220826261848,-0.259243597500448,-0.11885620374922755,-0.03202908519695218,0.0381182687205733,0.2094755564493162,0.32325340917813955,0.3563295091226052,0.4588117945961612,0.640167038060913,0.6155261181984918,0.6515393657913082,0.7501515544468307,0.8007634277335566,0.899712012891706
0.47665062769886557,0.667936129412879,1.263546136583482,1.666229591188543,1.9570246312708768,2.478216887337853,2.5775466708462633,2.8652873283046505,3.7487162000653838,3.970354112502489,4.074194077192918,4.516983720127679,5.472157563929749,5.671107107277951,3.845177560957184,-6.149818767338294,1.574509341521059,4.7599517441951305,3.691848802953709,3.065911862456298,2.5290958770054734,1.379636983629139,0.8460715276099181,0.7507736001339401,0.5415948278627895,0.45921241044286537,0.8562896082794708,0.8929215897614321,1.1047737349906233,1.1535451397888359,1.259814848577708,1.338488952468077,1.4529530958910322,1.535764636390424,1.6252718981397785,1.6168133538773928,1.5171013423552913,1.6291575327966303,1.5575839347327942,1.5500073535916692,1.5765945916118702,1.6047510969681202,1.5619529058512678,1.536258810820368,1.530381994051929,1.5063406937033468,1.5186087512391455,1.4701067121611822,1.5242390127995173,1.532777129454844
2.7419209780050764,3.016096976449809,3.602645450044223,4.073398732915592,4.326292253742551,5.2714599385015575,5.553528369851642,6.095916284728375,6.989384502776889,7.065947065637893,7.424562646821284,7.494445422521274,7.998973983507522,7.981692083001818,7.571348618221754,6.164852480517807,-6.7991099047605745,4.153655372479605,7.4673570101837345,7.433972717531767,7.23768247572907,6.843508746245116,6.584502131378709,6.215379000172718,5.752042095813125,5.392026421685461,5.224743380159198,4.993256608093086,4.678866281579807,4.558283707830483,4.36314650264126,4.081031063222734,3.9522966459207085,3.688543069572553,3.6796112565109045,3.449736953426715,3.381897603606153,3.187918527931324,3.1276679045957727,3.0612156982626173,2.888034449890111,2.902921634996792,2.7475004598505985,2.650522325868775,2.6970922537089255,2.566058346120229,2.548167852760538,2.5833268253845754,2.457930011322228,2.3985689383382764
3.4821520298085,3.9747378236540594,4.79929443587225,4.195480397973075,3.0250306194516665,4.7427785026646765,5.3214329784722665,5.969924333611935,6.788361706157411,7.128920720168435,7.447548714285943,7.570918783931154,7.91012287670736,8.055496904460124,7.227143435118998,-5.180875432020119,-1.5871205352383069,3.098268921676253,7.845150755276423,7.985593622001254,7.920459462320674,7.692147561857514,7.609582919299905,7.488821381705952,7.207239039080838,7.083676492761409,6.899030602809698,6.716673556784196,6.328771276312792,6.149644802931258,5.937915960374547,5.668630937089795,5.337371699175234,5.222862957798849,5.028673529834783,4.743668996792253,4.521048878235937,4.431810076833913,4.2460353759951595,4.097201424774629,3.9484300143182534,3.773356485970791,3.7235318083117606,3.6540717907231235,3.563523951679792,3.5192676991603395,3.4969357295388135,3.3715702757365307,3.3161881514918763,3.332511567846119
3.76203514848854,4.050067090035689,4.675352586833469,4.9340272739522675,5.112471665468441,5.337684719956499,5.5019108991507375,5.736376376588747,6.260709347583284,6.403987077013945,6.630982957680066,6.756921622965992,7.052612353278739,7.202152827662771,7.285312284594061,7.252813565200148,6.987938989330773,3.6199432073361657,-6.337031278755356,6.278809179309977,7.038710347519866,7.1971904781545675,7.105525906591277,7.044630891482918,6.888469008726747,6.856309229562456,6.691573811457794,6.563272787287201,6.367651073093012,6.166078584491246,6.074253205144834,5.772173079649904,5.6396664777183485,5.511541140506243,5.249045108169117,5.147731634869103,4.988994338514376,4.851372405963081,4.7535958471427255,4.564361435548782,4.483493979993973,4.379047084402846,4.21093371399526,4.148102113201923,4.094402046927029,3.9799676987010115,3.950520588928064,3.8969618734612417,3.8021064011281758,3.751219253346695
3.437168268748353,3.7196393755434327,4.0352026743092795,4.191029037978271,4.443131170289465,4.769742320542832,5.028548778270526,5.181867909679599,5.564670963078825,5.753753081926864,5.8672475269751185,6.042643075116244,6.249600588673088,6.351641203736986,6.406056528533623,6.5328975802081395,6.634146755318732,6.653783466072157,5.992895391706944,4.960777571693264,2.585948866138552,0.37373069499115374,3.5071886750286323,4.929734974619458,6.361465311795012,6.460621218509415,6.361670626666064,6.252323561678436,6.176245957859425,6.000182614395272,5.915423878382081,5.820202596692225,5.68818832699379,5.620489868925776,5.496002346381522,5.349599327133862,5.272811907200525,5.207911974446503,5.096985770127157,4.9108669603601856,4.860773838904235,4.759435868534612,4.60195920500546,4.577768256356673,4.520922746803513,4.421756609675614,4.370854442218665,4.30830766683696,4.193385558399544,4.137464376505366
2.9898302290985717,3.1741766932397733,3.453332360100288,3.6203463814425367,3.85259470521467,4.079694637790845,4.1976749480216435,4.369579729354063,4.664012294109342,4.778413308691094,4.972142581181184,5.039296420105034,5.271531204714213,5.402901211548087,5.433413176676127,5.622561925781669,5.715151993535118,5.737795261481875,5.7811114502826095,5.801481472630376,5.857072019332313,5.2778710148343855,5.847493215571946,3.660461578317424,4.688779652006224,1.1438468044592622,-4.632571273480264,2.1926277464214285,5.2324300235951275,5.537637883549101,5.617531829441663,5.5480649047402215,5.474349972262969,5.377901397664283,5.272017713204892,5.195324587984719,5.139479053320896,5.039585550181631,4.986140893325242,4.8941589176033595,4.818363781159448,4.744441578332018,4.6822665061618975,4.632594880202435,4.54518275142488,4.47603663053501,4.434574902345156,4.39982114264232,4.286030065462767,4.277470026527695
2.416574995308094,2.584825869878008,2.7854188005438347,2.955970389994715,3.086206177619982,3.362152473360932,3.5141948268013854,3.7109269558556366,3.857865885252288,3.9776745004768213,4.140279224798084,4.187138722395757,4.392022743072431,4.430558747158911,4.57153081731407,4.81839430535502,4.854712879437536,4.938906025333789,5.022910344062695,5.083086387440371,5.063015469643534,5.171932871025496,5.242651936523792,5.273914106773701,4.939190034167546,4.8996613563385285,4.981325068721248,0.5251012373881049,-4.541129864500754,-5.2998150688099885,-1.3621589872902427,1.334971273066318,4.277156311565266,4.991594818120694,4.346956359791166,4.451601214903803,4.586184909051702,4.8114122705613305,4.849077778779047,4.765870835933855,4.725727193432114,4.6970295556426045,4.635741230496695,4.576559343981283,4.524375740802673,4.494039059304072,4.456117247906902,4.414706653478679,4.22581539144134,4.302756767833678
1.893231007413157,2.0635281438718733,2.280141080913779,2.4120497080810166,2.5271788817111736,2.811339155829752,2.8686280535085533,3.0157796798777925,3.1452065198853734,3.2924422839378833,3.4164655673332645,3.5214461987632406,3.7177129589017217,3.793796422517621,3.905492402957819,3.989749500548305,4.118210809914216,4.16110253451447,4.254155653762229,4.353642584689045,4.398191346471497,4.526072737970998,4.58228311178902,4.593168312341703,4.626375497854577,4.648072442668803,4.669397591980979,4.683296884403491,4.720870791464485,4.691605361654153,4.368849646369208,4.140942026488592,3.833484099040263,4.225078170155018,1.176380504629509,-0.7177441526374698,-4.0139617728811565,-1.7120394879558958,-1.2082156473887682,1.6815968292155872,3.749980036819074,-0.47977972521010137,-2.9899841829037825,-2.989479470945258,-0.8799125312455902,1.4391818531457294,-0.0900702519009105,-3.503358325385107,-1.8587317010463187,1.2277361467164478
1.5250485863639713,1.6340508508039435,1.8927870193846705,1.9746844954767262,2.086784761385682,2.211107048142201,2.3354284273816432,2.438261025874672,2.6503905361065487,2.7046209830111154,2.7988717246550276,2.936773832941152,3.0291108524509474,3.1304070874211694,3.230372787421001,3.3566304203130177,3.4463149629767424,3.4855318635359245,3.5900674805839627,3.662779092346854,3.772573005392442,3.8859662929593424,3.942168841020142,3.9424851560133183,4.057793744072716,4.102855280732627,4.055081974140609,4.056417487670175,4.146956736902328,4.164513083179032,4.1524508753796745,4.186206449306491,4.169194621572492,4.18198717052533,4.1956030074137205,4.163967403656733,4.1615437060003995,3.9555827981136686,3.9158137991201625,3.9645427593498166,4.077511749594031,3.956260936354946,3.847181443372667,3.739183700129018,3.9453045643767695,3.98565414133134,3.8606476475533875,3.5512054922053107,3.501413221438601,3.4951573270211145
1.1602793566733005,1.242544115842125,1.4525904129001834,1.5472220247155475,1.6299352492195969,1.80835090572883,1.8485763923721372,1.9714667287333687,2.153018937246902,2.2675718253627406,2.3243224678099317,2.375762256409619,2.503810779976746,2.596419902364514,2.651439693129909,2.763350106804172,2.835152998782088,2.900311412035903,3.0626060961999735,3.1127989432518293,3.1692934188910615,3.337544794665958,3.3602127589716257,3.39215619487433,3.50535081871324,3.557462482411504,3.5349445447617405,3.562524730292508,3.6523113701078223,3.6906122403162476,3.7149873723537135,3.7270954028023158,3.723582392382757,3.751572014746116,3.7798680933133624,3.7538481820495364,3.7637297302847443,3.788339991733706,3.800094123234058,3.7375136264984357,3.73385509049182,3.7578333853443078,3.7652403298686585,3.7810854336266084,3.7716471687968363,3.7443829762534557,3.739059362431938,3.6937799309261314,3.6175122700503395,3.5560598007031508
0.8031607361830684,0.9356239649473833,1.095495241413622,1.152095163084556,1.1819294517072223,1.3790461187597713,1.4666744213755172,1.56647238786844,1.638453627488437,1.7389012933955441,1.8678913891141042,1.9183568473894062,2.0038610273451507,2.1237841591540976,2.215018220092087,2.314004162493073,2.3863162370006283,2.4541756233772576,2.540892967685729,2.587015875305139,2.6780210428793416,2.745546984286536,2.789219310164737,2.8429918288616056,3.0139131108260506,3.0372659035760567,3.042930782572004,3.0851820701070776,3.189527239958817,3.187802100085677,3.1956306849868183,3.27932583452837,3.283984415089739,3.2710739730534604,3.2771934976968,3.3211417531338174,3.337480418956528,3.3672958173115086,3.3604348535403283,3.327519669704828,3.4181316427053874,3.446399325842231,3.4446936479941836,3.3888151393839046,3.372930568850759,3.319011572569353,3.3062255606184245,3.298387332334866,3.2407954006428006,3.1718307995043484
0.6265342338711248,0.6429883309874167,0.785466725722481,0.8623514653207415,0.9122945460799333,1.0279493364677617,1.104912045393501,1.1671738148612676,1.2854503880455468,1.371664382251539,1.3855239962487789,1.4361198983509833,1.6018725581792324,1.6399382232239053,1.6807956687171686,1.830513641085534,1.9038001464861019,1.9404008039672425,2.0638223131930165,2.160543650289463,2.2127015627628763,2.258660372493334,2.3538418864923853,2.3944423189050283,2.4095697066431008,2.4758906847189954,2.5530583451634303,2.5937437323282344,2.641860907070919,2.666052689041594,2.72744959271146,2.7812889886763394,2.7973824210092495,2.7964335473123327,2.8723175483612056,2.8574990960921207,2.859643835937776,2.88318455467604,2.8656670108748505,2.8423803807653156,2.8675683536962233,2.88888803224861,2.8931729857850286,2.8871577508498163,2.8416582728106,2.7413641064531826,2.6432829444942874,2.667450967246892,0,0
0.4477768837233504,0.518608929088101,0.6039189589250876,0.6518480577365254,0.7275360604104152,0.8062463611451931,0.8572894374237456,0.9447854603027953,1.0071645683993504,1.0504061637031537,1.1321223778457152,1.1809251010122035,1.25674478712297,1.3137188694138338,1.3928278628072635,1.4572419689697282,1.516082567253794,1.6052167249164058,1.6584329688295292,1.6985107321619957,1.7706288802192527,1.8549583361152249,1.9112374587427405,1.9512960468557305,2.0716966017760843,2.107765829656682,2.1177353624801434,2.1771867775279756,2.219466335197163,2.2142187824819892,2.255377539945755,2.345192843510961,2.3542390270035156,2.3839146558174473,2.4348474571786443,2.4736538614506465,2.5077621985881446,2.4954136187104354,2.4704284988103717,2.4255153727691217,2.433827246288645,2.4182410659319933,-2.4298559650074745e+38,0,0,0,0,0,0,0
0.3190443071263139,0.3708069237320026,0.4702617589026192,0.5087810415659044,0.5397368254394599,0.6376813605150435,0.660590197448028,0.6901622805933622,0.7930904507657828,0.8279914069200386,0.894665833540649,0.949159925184431,1.065013366953904,1.0719472679190392,1.118843093250315,1.1813577793160166,1.2436272478809762,1.2840380066467978,1.3913644317516685,1.4358436982864775,1.4570108726488806,1.538208256353957,1.5568405627310644,1.5830364724835015,1.684063723683214,1.7187116374224756,1.7485430281916554,1.775978914503013,1.853485791335099,1.860366487368443,1.865592665026286,1.8944639417529527,1.9245442970380586,1.9397255167288525,1.924582349799218,1.8760553891947287,1.8758769837746778,0.7810708746373305,0,0,0,0,0,0,0,0,0,0,0,0
