jsons/1312635600.json
{"header": {"parameterUnit": "m", "parameterNumber": 3, "dx": 0.1, "dy": 0.5, "parameterNumberName": "Northward wave", "la1": 40.97354507446295, "la2": 16.46031188964855, "parameterCategory": 2, "lo2": 133.9931640625001, "nx": 191, "ny": 50, "refTime": "2011-08-05 8:00:00", "lo1": 114.97908020019554}, "data":
[rows 22 to 43 of 50, columns 50 to 99 of 191]
0,0,0,0,0,0,0,0,0,0,0,0,0,0,0,0,0,0,0.33931594653653113,-0.08130119762298933,-0.0902548623788877,-0.17930442493678175,-0.13065007668952697,-0.8759503914967455,-3.025888485531762,-3.641603428422541,-3.836719568859912,-4.041900844190001,-4.498164942476772,-4.750026540035008,-5.044729067430233,-5.445419151837444,-5.595765408483953,-5.734939472587707,-5.847956730558996,-6.277505849355804,-6.558060220832142,-6.811821741291602,-7.236020380801763,-7.370256850754487,-7.543901953176999,-8.040579567404045,-8.299101574835207,-8.51257181190535,-8.900314428072692,-9.071578286091611,-9.086435551991272,-9.283880401694528,-9.331345291170749,-9.090590770939857
0,0,0,0,0,0,0,0,0,0,0,0,0,0,0,-0.06176680779488137,0,0,0,0,-0.6554106104365547,-1.3931946049278667,-2.370042433279434,-2.7614716567592104,-2.9899897866479366,-3.546159903867412,-3.69618358833932,-3.8296793087715146,-4.137444864591983,-4.276066150520955,-4.465331596749861,-4.798709451904837,-4.959427841070679,-5.199751523352084,-5.435493389860687,-5.59686982648036,-5.786066632400244,-5.9924995726980415,-6.392543246000147,-6.725622515222633,-6.96629871565255,-7.478016617126457,-7.6171779668998525,-8.08931033719807,-8.296892468660735,-8.416435526934073,-8.42292399970134,-8.477244193971902,-8.417654772875547,-8.31338016973281
0,0,0,0,0,0,0,0,0,0,0,0,0,0,0,0,0,0,-0.9533402929416722,-1.503126655036413,-2.047905937846498,-2.3624969715843265,-2.8862129898686626,-2.9917101572203393,-2.8657554709605217,-3.049660942854265,-3.0245886183578716,-2.9059393136529272,-3.0096336137871984,-3.00146469591424,-2.639579601072129,-2.6167079879620263,-2.6467425240710525,-2.831314378897622,-3.065254479538166,-3.421003888418976,-3.766556268554373,-4.014507215046641,-4.4608775580184465,-4.9844690193234715,-5.231487172871682,-5.603457709805803,-5.934411578405304,-6.578912518381335,-6.75907569039466,-7.075546954935498,-7.424195566510314,-7.468003729215511,-7.4360773408661185,-7.324297882094396
0,0,0,0,0,0,0,0,0,0,0,0,0,0,0,-8.1454825486999445e+37,0.23200614657850321,-1.4643109127966105,-1.9360409495406263,-2.4510888968474482,-2.215518991020625,-2.1854720002642147,-2.322186806633387,-2.2643950838620257,-2.110481950534958,-1.9838645165038091,-1.7611951697508015,-1.3381707720549543,-1.3365195078906977,-1.27432016265543,-1.1218936797462478,-1.1590881886104756,-1.156409446980639,-1.2472780480881784,-1.1834727320186438,-1.2781018884460489,-1.3100753446415114,-1.3925752361888943,-1.4472341119069623,-1.586587227824308,-1.8153572902363795,-1.939592013263714,-2.312596234360834,-2.994281987776198,-3.4489783882393916,-4.069519025592203,-5.149801472576557,-5.368806970088821,-6.008879721660862,-6.6552386879957135
0,0,0,0,0,0,0,0,-0.23249959623704738,-0.6463277515623568,-0.8688008948477902,-0.5151395520074139,-0.7667996982534035,-1.1538537978561507,-1.7467594807374385,-1.8984830844049023,-2.1477119919882783,-2.049786770428542,-2.0222106121001504,-2.1374607726922945,-1.9424151517082457,-1.77305571242869,-1.546308878789696,-1.3159006760026843,-0.9888278169425718,-0.8140348188006781,-0.6555820565971462,-0.3752337346197418,-0.27381276516395064,-0.16121824843209456,0.007323007184122118,0.09929336325283386,0.22269257896978423,0.35560144706718283,0.42079101282876413,0.5136253555685137,0.6672548776828523,0.8027340095827208,1.15697607837731,1.1414908711345944,1.1897834827864338,1.456828719901008,1.4981697363417967,1.5873872065319297,1.7529969929097444,1.664919899744587,1.6611050470514035,1.5813466261882003,1.6137432410335535,1.8033398517547616
0,0,0,0,0,0,0,-1.1162677773964447,-1.2179386001685766,-1.5601480451510155,-1.6250469670890204,-1.650214737907569,-1.8727903669593842,-1.9189166082680196,-1.9366318662745334,-1.962441332863853,-2.0565253990030734,-1.935703610786451,-1.858089236699191,-1.6512848077936653,-1.2436847238570539,-1.0989850652680484,-1.01219590091122,-0.9100907596004304,-0.6352370346937104,-0.49894240291262243,-0.3692287735077374,-0.035384773040882965,0.11772046148622604,0.2671767948320286,0.6429992299651877,0.8045940524159866,0.9774125514408272,1.364736637926165,1.565830632103032,1.672261804809592,1.8987716973291142,2.0969900066707,2.291077247719002,2.5332426382041002,2.628382759473683,2.843077882081734,3.0285975048147455,3.2125542928676882,3.306359532119913,3.439983513746334,3.680945881311362,4.118565034927937,4.373761699438307,4.888890367027119
0,0,0.21710261368129913,-1.3639112190325082,-1.5782551034424561,-1.640067874945991,-1.9041344125747615,-1.9184805563003362,-1.8452914138963306,-1.953379773504617,-1.953702632770615,-1.8856463913798112,-1.9462485958981002,-1.9141317694235134,-1.8027542613403638,-1.7196664968712927,-1.689836805431948,-1.4420602135694887,-1.4058154251947712,-1.3182367895079992,-1.1171095584004105,-0.9523488134107582,-0.8653427297678334,-0.732158722318625,-0.4924636584529442,-0.3196676487233113,-0.2692381179279581,-0.00456237593463257,0.2508610267981546,0.3898870600061154,0.6405411848465232,0.7833465751042082,0.8919337514700464,1.1835505925348808,1.4052068879865873,1.6360501470665731,2.0718876173550176,2.4225725569630248,2.523388491425653,2.7163448878702563,2.9522025765695687,3.1587575731787108,3.3541232973898794,3.724874069308499,3.983308193230898,4.2023903491839265,4.547444144016115,4.777562635441488,4.884741516731273,5.219891909349896
-1.4540433244222497,-1.5516821273154013,-1.710103125499327,-1.9020079406628274,-1.836410277508199,-1.8735810851352819,-1.9771817433478494,-2.015961801028402,-1.965673470411128,-2.0676581475909557,-2.0688864081540648,-1.970624023853298,-1.951686979788383,-1.8167156693302338,-1.5395964464643335,-1.434042934791133,-1.365960396357604,-1.1970312394531812,-1.1277269352924804,-1.0802628951970021,-0.8883577894192225,-0.7967635385847223,-0.6877052515405975,-0.5595055671848183,-0.3160471174643847,-0.22919202129496616,-0.11787501723932825,0.11723999340511665,0.2311137090910368,0.39521795758919404,0.6748067267599398,0.827157181018892,0.9344774920233334,1.2646566985569243,1.4332930751875899,1.5662088324025398,1.826243308171903,2.010470254135377,2.1670049973028433,2.541133683207364,2.6363071623297043,2.8807571078089396,3.069596480667654,3.5596662595020696,3.8334646018503697,3.941969582633552,4.426312424369024,4.613614508173989,4.6788803464405095,4.967122451409083
-1.934475836239557,-1.9335286455090452,-1.98829453909149,-2.064531001745323,-2.035593372973786,-2.0376415685662894,-2.096075624766946,-2.0911125722773463,-1.987587122074167,-2.0144819413823076,-1.9726696631964504,-1.845525238050435,-1.7488711444716203,-1.6716745221283278,-1.4893204218121108,-1.476196275574672,-1.4214412233879958,-1.2914989623241218,-1.1861456078477766,-1.1342704028715227,-0.9575127475020394,-0.9015895303488443,-0.8410351867143305,-0.777095238562766,-0.5611511768565449,-0.4796532141087939,-0.3766550882533033,-0.16433216150433444,-0.09753143319137349,0.01584849286273352,0.18816977527937093,0.24760115870695,0.3668716415611399,0.575075724719989,0.6649991923061601,0.749707691597187,0.8920192890706268,1.2005750416756005,1.360417200197283,1.7519990026450363,2.1537485245404437,2.2993145108585185,2.6080373977983453,3.0593490996146038,3.326244175777499,3.5766183566553873,3.9496602912516403,4.10989558196035,4.175350472439478,4.435392257356047
-1.8829615968973232,-1.8290634860919004,-1.841184052207738,-1.9158619466374813,-1.8650279324694647,-1.8532019993388287,-1.875840261726254,-1.8378388356859037,-1.742541252369374,-1.7064478558053982,-1.6608854474158543,-1.5445499347275369,-1.5374162233839226,-1.5178032972465383,-1.4764989729438553,-1.435243283134175,-1.4385486899898063,-1.3390952819378494,-1.2734845966257773,-1.177430108836685,-1.0502692725607259,-1.00521007752888,-0.9590772943084995,-0.9010656726502835,-0.7665827196824404,-0.7007315772063621,-0.6339190597556684,-0.4733303677592947,-0.3787650039762231,-0.2925179140593761,-0.1653463980623504,-0.1058848989213495,-0.052050660366454664,0.06573700821218911,0.13748558107863007,0.2625814725704871,0.5051396912960191,0.6407459831622669,0.8762236242479867,1.3656314414035546,1.6243797570076863,1.8887551793796056,2.174688961273416,2.640537061676759,2.8277204333634978,3.1922044992697116,3.5760855254790687,3.691258372979675,3.744657686213588,3.956836287413647
-1.3074210663609127,-1.17212012400813,-1.1229334769763815,-1.0834984684099989,-0.8961904316145498,-0.7825157779005973,-0.6968571261779245,-0.42064890008622186,-0.022988600140056,0.5148232005003889,0.7066328868385984,0,0,0,0,0,0,0,0,0,-1.6950204291612512,-1.5391807919469784,-1.4402661022053016,-1.3213980177362274,-1.1639967771368576,-1.0520635482420835,-0.9553027649909442,-0.8323780851442929,-0.7972370882731877,-0.7341828352457695,-0.5527197555477417,-0.5186166940111883,-0.46613621865440164,-0.23502898920061083,-0.15625365083967374,-0.029631853620723136,0.26819626853023126,0.4150622547899336,0.5940373122514301,0.9679142581112959,1.2153363525083907,1.4009804315241587,1.578086672633359,1.8211418313537981,1.9959620452363105,2.3681920224224466,2.7030103016933866,2.876293132587948,3.0498902569287516,3.387944072683866
-0.4299809621332051,-0.24431812846397094,-0.07273943541818187,0.029541963887320315,0.38220041802595467,0.47372990463878906,0.6518904625270501,0,0,0,0,0,0,0,0,0,0,0,0,-2.0683311655162244,-1.7385163252450153,-1.607365287172879,-1.5258187502121539,-1.4215050223772439,-1.126059613169857,-1.0690303546491005,-0.9781293347582883,-0.7801162475878826,-0.7258054385730748,-0.6589769969948158,-0.5146392695214709,-0.49978045958259276,-0.4064495046898495,-0.2975545830231823,-0.21502021368999388,-0.14945816992822517,0.18332864103027927,0.6364094919633816,1.0112113814136248,0.48646522866013453,0.5660977548468198,-0.6600737016730397,-1.5428663360554642,-0.3233240448264152,0.3829041537127328,1.071630965248176,1.87693582066085,2.15035360404816,2.3387922758190087,2.7481507673940975
0.3616730589648956,0.5709746355273928,0.6242303784735926,0.6548896807490583,0,0,0,0,0,0,0,0,0,0,0,0,0,-1.7377770623982394,-1.6846987410986203,-1.7244420164224425,-1.4584526896308732,-1.3912705333660484,-1.3317655074895407,-1.2245831287766793,-1.0254936440886624,-0.9550233909140683,-0.8631203553465245,-0.6725199711377627,-0.5370291994230776,-0.41155597350955114,-0.11071599464111573,0.1151709823329438,0.232338817500548,0.7268281378144426,1.0087840985218686,1.210569870917812,1.6165902332619249,1.6102731853913357,1.5460631688155857,1.2336530194227746,1.1655238285644836,1.1722419820420025,1.138242554912915,1.1981410338987888,1.304859764140251,1.3816938716197202,1.6245838458627115,1.7656841784185484,2.027336706817525,2.326067105768177
0.5227197723048734,0.6345120616371254,0,0,0,0,0,0,0,0,0,0,0,0,0,0,-1.7224683617793544,-1.514554885462984,-1.4784087934665875,-1.3848365806155705,-1.1261358711095681,-1.0659160399310188,-0.9966742250597838,-0.8654127831705599,-0.6290300558446964,-0.5058670216612524,-0.41845857173330614,-0.13619820824181997,0.0038902958790738877,0.13197757862685122,0.4195760313318577,0.499643439090057,0.6024341670883147,0.7683658095146274,0.8696120956621584,0.901687772944919,0.9359931495569663,0.9576790100187229,0.9959654056271927,0.9773725926713935,0.9977019337509077,1.054704138956705,1.0841619430157392,1.1878790592869026,1.269548426874564,1.3751054956663213,1.5816361730861686,1.6902104026913163,1.7987070098890505,2.0463928479172018
0.4979333563346963,0.5579258123421954,0,0,0,0,0,0,0,0,0,0,0,0,-1.3881734074979712,-1.3158918470829313,-1.3162327801184035,-1.1311060294372661,-1.0483921365677906,-0.9667361921009641,-0.775372297536488,-0.6332291967354337,-0.5524168134235816,-0.4584659154374368,-0.2638027585147001,-0.17443920177507735,-0.06383804639392306,0.08063817090533423,0.16918566055549503,0.21607646564608451,0.3501522081232798,0.36487993374282085,0.37710395818403547,0.4824803946455472,0.5332669115781136,0.5834355212383636,0.5908997692188461,0.6495143098129982,0.6720525115961596,0.7687567383380766,0.8137779118101945,0.8895521594655236,0.9298876809294474,1.0980703748610288,1.1915147684155312,1.2948485647045664,1.4648835831641942,1.5769524248093896,1.631178749305679,1.7950238094829902
0.40834184305108967,0.43501530230029056,0.4507742446035974,0.40473605229368226,0.10387517993126105,0,0,0,0,0,0.36585282888453796,-1.2536492566111643,-1.2820817349828402,-1.219777972497424,-1.1059676403834002,-1.0353082994604836,-0.9703682119908053,-0.8168115133514268,-0.7590997966716789,-0.6944641125108363,-0.5535322190368814,-0.48524368182643385,-0.41494652756442,-0.35953535864996633,-0.22016241587401458,-0.1360219256360936,-0.08553725512457878,0.021775247610012993,0.08346551911185157,0.1209729604777091,0.20344542675546048,0.24588147726134235,0.2957408864801103,0.3489875894335222,0.3651009088075105,0.414894424562477,0.47462076808984194,0.5294422974382786,0.5555467838178084,0.6567537904326622,0.721138773796744,0.8176948384081518,0.8587988019798678,0.9820443956810992,1.0908253917677768,1.1598221933851711,1.2995596864337937,1.3285722115602392,1.4304216145411228,1.5536068066907887
0.4843980411143517,0.46652731329195124,0.4960446395427634,0.07547550045341729,-0.4450597153756908,-0.10978480452055592,0.12113350753494537,-0.28075971703770136,0,-1.2645906103318219,-1.1474172848354702,-1.014758665025423,-0.9852809155699846,-0.9345907942721629,-0.821101489527634,-0.7700907223006442,-0.7398765649193336,-0.6361213374922926,-0.5731092331017148,-0.5324962461084682,-0.4180110759246331,-0.363762404218423,-0.32034131861706344,-0.25986721422747744,-0.199451048567276,-0.17129195512941967,-0.12770619249373444,-0.065628204552165,-0.031596060665223684,-0.010149855052599232,0.057168205607369245,0.0839260296990548,0.09459946663236965,0.21468641017060763,0.24744255233142257,0.2811229459212236,0.3373954694615715,0.40572146871164455,0.4420383837851868,0.6044574572787803,0.654598795171471,0.7517935437347244,0.8357507556236338,0.9419264490784545,1.0108655912878028,1.054723884541469,1.1950362576228732,1.2362326331812528,1.3118986601502436,1.393345451848142
-0.3361404609793851,-0.4904677040437298,-0.5805836944494794,-0.7301714564744746,-0.7659184144250196,-0.8649299272225833,-0.9037822382420077,-0.9203377223856306,-0.8607391246610245,-0.8761580119328669,-0.8497630355545367,-0.7994569887462115,-0.7891419473706738,-0.7657710862836876,-0.6809120896981539,-0.6401338483388099,-0.6140340353263811,-0.5340151705842547,-0.5060471427419702,-0.4881094962638708,-0.4177481365712702,-0.3816313414306711,-0.37661528794306315,-0.3372599930358649,-0.2501306552593558,-0.19891577213658326,-0.19457284073006195,-0.14703286272885532,-0.133791739639656,-0.10447504765183821,-0.04339167343841559,-0.012508431106210636,0.036985022899196134,0.10990179885580165,0.160701037167313,0.18448818817921167,0.33681684471314377,0.3962822277666049,0.4402788889758395,0.5294224430094946,0.5930500712798461,0.625032032294509,0.6838527482151706,0.8181903494674261,0.8757138637920688,0.9470541643457774,1.0210345162425618,1.0765688828638267,1.132503580978116,1.2021448758412092
-0.804034820340301,-0.8183134938988827,-0.8208371131824901,-0.8722153834598938,-0.8489419466261354,-0.84276678420303,-0.8353418597674318,-0.8313858584286685,-0.785494731434473,-0.7866983912086941,-0.7628007454936176,-0.7112697467269135,-0.692154024068124,-0.6726132916838556,-0.6176644716437556,-0.6114030486134013,-0.6051812771481744,-0.5727812090855151,-0.5411831821535011,-0.5289075444031515,-0.4849262882013745,-0.4447260129915472,-0.43089645151451833,-0.39707953026169296,-0.3283572025521312,-0.3011554757956269,-0.27304929745340345,-0.22691290782816076,-0.22519827083165214,-0.19072712205075676,-0.14371339084458964,-0.1031664565403296,-0.05910372019403291,0.02729008868006572,0.08070944707633498,0.14313819781518847,0.245566167973828,0.3266473935645017,0.3621282466519442,0.4931860225301658,0.5469366524084633,0.565947369353116,0.6214090436803557,0.7059977889816746,0.7706820683672133,0.8036551954332899,0.9312250316366828,0.9931695104542007,1.0258967217787593,1.1233917224602972
-0.8368072058595395,-0.830179881625228,-0.8140086044618839,-0.8316776371329409,-0.796265841412191,-0.7997841850155916,-0.7962470394518907,-0.7705447079052643,-0.749516856936093,-0.7348268394721259,-0.7219000554770163,-0.675705044439767,-0.6871617532863434,-0.6841151866392822,-0.6708255764336687,-0.6563217378773368,-0.642564366192511,-0.6161041187302289,-0.590333712412254,-0.5630430036251799,-0.5202699179155585,-0.49485241066694324,-0.46820030495214443,-0.45836529692483846,-0.40003477610854965,-0.39904178446692495,-0.36652282109013534,-0.3097927751212626,-0.2860609004581243,-0.2395475221752423,-0.18330312790601527,-0.13139061717570935,-0.10938665963246774,-0.011945673649069618,0.03932420883210871,0.08292253801205371,0.14326955318374296,0.2127768307353804,0.25581056119818435,0.3747845438167034,0.40970654755844127,0.44149777686706876,0.4818242520610319,0.5436656400091858,0.6220044286952758,0.6833435449216932,0.7705875049335774,0.7989089303429452,0.8174723684501093,0.9665257112534589
-0.8480594352825971,-0.8234659353359918,-0.814436152011472,-0.8136042003542846,-0.7897760156446882,-0.778069495296451,-0.7839122921229462,-0.7783111802296442,-0.743507837225357,-0.7547569296359454,-0.7508199450635101,-0.7337367649958384,-0.7328710057419096,-0.7173197175174085,-0.6976541211535159,-0.682033541214903,-0.6629465535077289,-0.6278836726557965,-0.6061554002132059,-0.5910559136736787,-0.5457693810887774,-0.5224103847488466,-0.4956729958394206,-0.48709141840678843,-0.4330411912282864,-0.41444039592765547,-0.39437902645760287,-0.33462031197875125,-0.3117382669950266,-0.27886125892489233,-0.22551347667762967,-0.18556160627181123,-0.14378383621490462,-0.06412824095567568,-0.009708597350166418,0.0007839767922984427,0.0911765507973388,0.139864280243942,0.20857878595600304,0.2614870067480863,0.31737487408617177,0.35930127378758797,0.4172585954921367,0.49202689435926367,0.5280844899999402,0.5762266690199298,0.6531821118555249,0.6919459424085348,0.7586089445499092,0.8519535827446648
-0.8369784814173428,-0.8266621336579963,-0.8155632898273377,-0.8266066234780509,-0.8048177781530989,-0.7896380668852653,-0.8018824154179353,-0.8051346124652446,-0.7778993116927739,-0.7883017604343178,-0.7847268449367314,-0.7468891821006306,-0.7411341994884618,-0.735929364873677,-0.6935467835400511,-0.6728934802230898,-0.6672756839831055,-0.6314536492510093,-0.6132037717519527,-0.6007678652329833,-0.5614890248692954,-0.5587717271497955,-0.5463641814889949,-0.5150216462033859,-0.4814555318369823,-0.46772677637046306,-0.44019590484449594,-0.372053129741568,-0.36204262006793114,-0.33687714452674333,-0.2678259087631981,-0.24394943867049745,-0.2058897005418612,-0.1442096295435374,-0.1190860748220485,-0.07772590483174006,-0.011858289468626564,0.011281002718518285,0.059272484934066776,0.146231569743438,0.1836495359264002,0.24278078670375372,0.26075464577453206,0.3419068214965446,0.38251816980472364,0.43171547180998704,0.5252315195365491,0.5641298089002317,0.5723740356615529,0.6718067592925298
