jsons/1312725600.json
{"header": {"parameterUnit": "m", "parameterNumber": 2, "dx": 0.1, "dy": 0.5, "parameterNumberName": "Eastward wave", "la1": 40.97354507446295, "la2": 16.46031188964855, "parameterCategory": 2, "lo2": 133.9931640625001, "nx": 191, "ny": 50, "refTime": "2011-08-05 8:00:00", "lo1": 114.97908020019554}, "data":
[rows 0 to 21 of 50, columns 98 to 146 of 191]
0,0,0,0,0,0,0,0,0,0,0,0,0,0,0,0,0,0,0,0,0,0,0,0,0,0,0,0,0,0,0,0,0,0,0,0,0,0,0,0,0,0,0,0,0,0,0,0,0
0,0,0,0,0,0,0,0,0,0,0,0,0,0,0,0,0,0,0,0,0,0,0,0,0,0,0,0,0,0,0,0,0,0,0,0,0,0,0,0,0,0,0,0,0,0,0,0,0
0,0,0,0,0,0,0,0,0,0,0,0,0,0,0,0,0,0,0,0,0,0,0,0,0,0,0,0,0,0,0,0,0,0,0,0,0,0,0,0,0,0,0,0,0,0,0,0,0
0.1926426046763891,0.14459074816574996,0.1317566330957659,0.06840772889093392,0.2368671500096409,0.28404994652820936,0.05917382747095319,0,0,0,0,0,0,0,0,0,0,0,0,0,0,0,0,0,0,0,0,0,0,0,0,0,0,0,0,0,0,0,0,0,0,0,0,0,0,0,0,0,0
0.2522589483031187,0.18105678132975378,0.07383527148304812,0.23823016547810177,0.24666829847586333,0,0,0,0,0,0,0,0,0,0,0,0,0,0,0,0,0,0,0,0,0,0,0,0,0,0,0,0,0,0,0,0,0,0,0,0,0,0,0,0,0,0,0,0
0.6533993220296657,0.36777168068260324,0,0,0,0,0,0,0,0,0,0,0,0,0,0,0,0,0,0,0,0,0,0,0,0,0,0,0,0,0,0,0,0,0,0,0,0,0,0,0,0,0,0,0,0,0,0,0
1.5774762379302465,1.491358418599357,1.400238728609883,0.8082954330729117,0.6953951265438251,0,0,0,0,0,0.45388305451822114,0,0,0,0,0,0,0,0,0,0,0,0,0,0,0,0,0,0,0,0,0,0,0,0,0,0,0,0,0,0,0,0,0,0,0,0,0,0
2.461503932672958,2.4112564269063137,2.3062845322845678,2.193947914237495,2.11251973791428,1.9765516294127161,1.771077728933849,1.6245334590090186,1.5764840476981414,1.4100002557651676,1.3240988227246813,1.2603432434864812,1.1404502902860296,1.084160120179222,0.977468623192791,0.9030647529350057,0.8553166044869039,0.750325606423326,0.6055905836645107,0,0,0,0,0,0,0,0,0,0,0,0,0,0,0,0,0,0,0,0,0,0,0,0,0,0,0,0,0,0
3.1545986641796246,3.1451954845442316,3.0886486802708233,2.986475536387811,2.9605140202278206,2.865877668664128,2.6797362733194694,2.652293901188112,2.5278417060220875,2.3615633239118297,2.2548545256296713,2.2176054612007197,1.97940243709994,1.7345904572499946,1.3329543011019656,0.43526080385129284,0.0611626755514651,-0.6867881840139299,-0.10790777589933964,-0.6123606500507973,0.22688188307385304,0,0,0,0,0,0,0,0,0,0,0,0,0,0,0,0,0,0,0,0,0,0,0,0,0,0,0,0
4.257192742693075,4.278614430245836,4.232491973675404,4.060252373926475,3.952605176267658,3.917084448127092,3.7181807636072555,3.598242612835531,3.567851212681527,3.349397493957246,3.1861338708326543,3.071547816207567,2.6935139545015514,2.4336983963047154,2.2410898399171355,2.0224013089812845,1.8794484191545895,1.79049706111643,0,0,0,0,0,0,0,0,0,0,0,0,0,0,0,0,0,0,0,0,0,0,0,0,0,0,0,0,0,0,0
5.349760696868335,5.415274584581499,5.413116466783711,5.264283986754144,5.210190890550066,5.126943275639304,4.886925071060133,4.740633866762112,4.594159573150172,4.200228020735443,4.106416467724261,3.8128962340224817,3.421360671245832,3.241193679622,3.0502946101334847,2.6176149532691566,2.408300718913392,2.1160381385846025,1.2384975299950634,0.21891924144749125,0,0,0,0,0,0,0,0,0,0,0,0,0,0,0,0,0,0,0,0,0,0,0,0,0,0,0,0,0
6.826583384585333,6.9252446212394885,6.901149059391273,6.713247335642372,6.757664391113128,6.440756179401641,6.144132694144074,6.002329234386548,5.74066884229578,5.255479158043526,4.961789387202828,4.670604221134801,4.354698136746707,4.195991172701747,4.02097428913191,3.2636856041924376,2.9048467460710943,-2.190731430401718,0,0,0,0,0,0,0,0,0,0,0,0,0,0,0,0,0,0,0,0,0,0,0,0,0,0,0,0,0,0,0
7.9916008339693585,8.154471567263009,8.049934340070076,7.842403325299271,7.833861767911887,7.658033264823584,7.280988808363621,7.098352847012708,6.926838652768884,6.215490144682243,5.853115009995994,5.673103921038459,5.314405752712891,5.05648620876182,4.69250930975275,3.3484440829587503,2.980700159489437,1.9739038229055752,0,0,0,0,0,0,0,0,0,0,0,0,0,0,0,0,0,0,0,0,0,0,0,0,0,0,0,0,0,0,0
7.6825092155814705,7.854508620789933,7.886112792975758,7.768370316645074,7.824253834427758,7.6532953837414,7.35128211755125,7.2571656874695405,7.05631205509349,6.627248953552895,6.355460122196382,6.183808480946108,5.644041202228251,5.396912287494361,5.1356454049088285,4.096847134248347,3.4206530094610534,3.1057200658739315,3.239265243046807,3.6310400737776947,3.640828421683889,3.550455636507111,3.372660213456937,3.3446912657621035,3.23171559232758,3.255483792507631,3.2857731757625155,3.187280998152219,3.211287451676748,3.2437862401447584,3.2351544421762743,3.1857968271870196,3.221441830196411,3.2928994105233285,3.2748035089244683,3.2735008135260135,3.203652654899999,3.092550217673039,3.076366971196388,3.0069273696056364,0,0,0,0,0,0,0,0,0
6.739113120448508,6.980947835870097,7.050036947138044,7.05818554093899,7.09945953543128,7.0597410934868225,6.883935583973933,6.8376637143798575,6.664232826456255,6.379808414292558,6.305067192355999,6.055909819489412,5.6357936015674275,5.469384693470134,5.163641088229188,4.508679721383565,4.314093390109633,3.860717982391626,3.4048316233405655,3.357711881141934,3.4000849207055643,3.4414921236469116,3.659409531300401,3.938459318031733,3.983948929891209,4.0290408067133185,4.019389157566894,4.016563667231492,3.935854986397319,3.9155785877560763,3.8461034467557336,3.749227959205868,3.6997005512703165,3.6742497083591217,3.5183765586071725,3.463928306754519,3.374770214885093,3.311239249484772,3.2164665269779658,3.137459845320485,3.0623996952283394,2.9526622161791183,2.837116780512957,2.750966875978329,2.6233071306314795,2.3971811012914097,2.2495603378037923,2.106538943250426,0
5.857769404321673,6.047851584185198,6.144179294846726,6.289128585557486,6.41968427761095,6.432223750535232,6.329506760626071,6.348309496807858,6.217953258257995,5.949364583988436,5.847508169620696,5.72412913343133,5.368385192557479,5.147532506363745,3.7147899881136746,2.4973864180806213,-0.43140852257398155,-0.0975845783239745,0.40920119343976324,0.9779231271650052,1.937181955432845,2.5153623923572517,3.869453428595295,4.200389728274467,4.263783098115353,4.181802788572727,4.115547465668668,4.057912742501943,3.8519233862879485,3.79715451554852,3.7440122179269055,3.600297553879499,3.507695217114487,3.4851496408275944,3.4029868216491246,3.3082453758498502,3.1898627936133064,3.1288016093757416,3.0995603168159174,3.055655973448441,2.979967665826541,2.8555911783070576,2.7681120069913683,2.678878300472199,2.504367424342745,2.3517901488940907,2.282201544717231,1.8839511992958073,1.595248539476667
4.97122562169929,5.0545774021306045,5.086890935913036,5.149244849753976,5.1879862070198035,5.18310576706309,5.201853280593538,5.181048390431792,5.213093718915129,5.169418745928062,5.177483534213225,5.193492975891789,5.146885004966994,5.100736726757486,5.017939566276085,4.8533988641304875,4.8267740674119395,4.808510770430609,4.730420968373229,4.676296195329188,4.575093561446117,4.483744821783642,4.268078113923487,4.144934587513725,4.081248068406751,3.841585497581565,3.7756706751164173,3.6912923068122345,3.5890026537036133,3.545000712284175,3.480990170479331,3.380508036408613,3.2987325470877655,3.2684271857892777,3.1287104317464283,3.08488847605867,3.042237489782285,2.9575992149569577,2.8771119901326916,2.8222054393843523,2.7872078965421334,2.6806153102694767,2.6287807552104834,2.580317124074978,2.477366958809829,2.3855288471365044,2.292859333310421,2.160477741187083,1.9704058739823824
4.736778742149801,4.772892288456638,4.753063046444373,4.83318658182993,4.840394785372306,4.789978348675784,4.683695662171206,4.572509226045561,4.565436833175025,4.46878167218071,4.412343245351076,4.359493010719381,4.2938757642227,4.265286365615984,4.302394973685652,4.173050954986212,4.125181609971929,4.049871869016346,3.9518246832907966,3.9143779596753148,3.830914563025458,3.795016331400443,3.6614264947979196,3.5926268991796793,3.4971787538267773,3.3755254327546216,3.3098012494115396,3.2539948326606756,3.1630091757016494,3.0819515230166545,3.038737245733711,2.972325633989035,2.935081531536213,2.8705507373242973,2.813063603868886,2.7844019270278895,2.7480109183297463,2.684842686558846,2.627799199225022,2.59489200509604,2.5658694859052646,2.503292506210652,2.485905083036639,2.4561364777130867,2.3930516818442213,2.359494331467819,2.32990046945298,2.250323572354073,2.2149854333246597
3.9508006814423124,4.0194598491730344,4.049724271031094,4.173545672143852,4.067789000640716,3.9920405227569153,3.9408902285638803,3.940339253089131,3.9070145233332205,3.580571864809969,3.564927481029411,3.5354148324983883,3.455424365047641,3.3860101265908558,3.37893677483275,3.4073510881440505,3.384481768669653,3.3369325795919944,3.287008594821094,3.2854851500411084,3.2405951320640014,3.2194497770445967,3.117372374579787,3.0984700378929917,3.0371089550222945,2.952140601087425,2.912728095673009,2.876700210038965,2.8295664516971546,2.7976248859040136,2.765368311429109,2.712162175419229,2.681534976805674,2.648368520438768,2.6151883865864898,2.5736346521545967,2.546005687493241,2.5101373494376222,2.4938124935335377,2.4431010955342045,2.4117449691715382,2.368822068307563,2.314892403718968,2.301993342130165,2.236720793192162,2.221250115984668,2.2008991826474795,2.154556055061445,2.1142886949381237
2.7980114393643896,2.9695717709457345,3.0597588309811643,3.1895995180720083,3.24839790402139,3.259372773095853,3.2154570835705387,3.138114966114694,3.059550510521288,2.9405271383166767,2.8902604003507375,2.8623750982823353,2.767555267430945,2.774310373504475,2.775860334712792,2.7573331106451935,2.7437594536737184,2.734422715564235,2.7540531344505412,2.7376822521683364,2.745094552934992,2.744368629049665,2.7243600972443054,2.7232582150264886,2.706100976808094,2.697332918777783,2.682378566988676,2.659918001744342,2.6147453421384634,2.598863104823399,2.5802516171525065,2.5053940784568054,2.486162632935999,2.473691572579914,2.44159576288196,2.407506366002366,2.388124813808864,2.3612512364186613,2.3388995477685346,2.3187604582964294,2.290761145033279,2.2589835368271527,2.234537041444301,2.210502308662379,2.162102438449293,2.1309344909468435,2.1093467895343485,2.069874273681021,2.043945399300072
2.094531074100604,2.445674113858428,2.428407351604641,2.4356603390059695,2.5095995588726216,2.529637515596644,2.5330007659401597,2.5419532181506863,2.5124929247626415,2.462085132605021,2.459715996113083,2.4438748399841512,2.4442012002900446,2.4404144788081785,2.443287902371323,2.4362038190251654,2.43470602274363,2.4390123046495082,2.4659652824140132,2.48208530249882,2.500365884623781,2.502877278275341,2.5033026374518896,2.5134381992550834,2.5063423217643885,2.4914504204022085,2.477740569264399,2.471697077909065,2.44834135649309,2.4414704091276933,2.4234378373565617,2.3930005396210547,2.3778055701467355,2.360770242166686,2.3201698581385117,2.3027255996308247,2.2812972548848274,2.2510668563268315,2.228879032795802,2.207197943449137,2.1936547720433537,2.171186521064203,2.137470889804111,2.116498731878056,2.0955293160017154,2.0813820359633652,2.0720099043274063,2.04001252374862,2.016322594473024
1.2147653429125727,1.7929783803225356,1.8656883417798427,1.9543153490706209,2.0193681701471577,2.068046361651106,2.1027569200874483,2.1700796643427154,2.14880631686901,2.170840681183962,2.157836611680826,2.155209857329301,2.189706045093155,2.208900450957307,2.2305146468680026,2.243118789059283,2.2582257689380807,2.2700483443708315,2.320049567720788,2.3345317871993294,2.3138996102664344,2.3177356671062697,2.3137848090798023,2.30304729891642,2.288788945523285,2.3050868579544663,2.2981938077648993,2.2974626492644514,2.3020900067662518,2.288691542939853,2.272005173129994,2.250013554440975,2.230156268310453,2.222011080703532,2.2071859028948886,2.1997415233095277,2.1909972448781394,2.1755249928667615,2.15919993535243,2.1601903735272803,2.150365944137194,2.0998805711047637,2.0906003387734673,2.0756038732648108,2.047136032542346,2.0479744114829495,2.03690414166564,2.0050181632332196,1.9823935851339634
