jsons/1312905600.json
{"header": {"parameterUnit": "m", "parameterNumber": 2, "dx": 0.1, "dy": 0.5, "parameterNumberName": "Eastward wave", "la1": 40.97354507446295, "la2": 16.46031188964855, "parameterCategory": 2, "lo2": 133.9931640625001, "nx": 191, "ny": 50, "refTime": "2011-08-05 8:00:00", "lo1": 114.97908020019554}, "data":
[rows 22 to 43 of 50, columns 98 to 146 of 191]
0.6403620679787668,0.6359387589558533,0.6395063840694776,0.6580029326157572,0.6707325511988022,0.679887187412821,0.6864293339538414,0.679371780075189,0.6794277881832842,0.674941716601747,0.65613662266425,0.6341564194145848,0.638463117549351,0.6567710382444054,0.6485234344847589,0.6750971448736167,0.6681998425262718,0.6660359136453718,0.6660923897475894,0.6727845650480437,0.6524883852065376,0.6198381629725348,0.6281746504018727,0.6436555331990598,0.6348168954335888,0.6083968448102691,0.5711103032102729,0.5355895216561471,0.54061867374084,0.5388605185135302,0.5632536718988322,0.5582549889222512,0.549275329831993,0.5235131517983214,0.507144015709275,0.4945202103044859,0.44382178483288853,0.4421287061137379,0.4182230802090601,0.4110807043127875,0.3992481107653286,0.4043216584517766,0.3509719394242332,0.3422542506757327,0.33316183698268637,0.3076952787231921,0.2681541041627608,0.28246775745881914,0.32254476733999865
0.6593091226330818,0.668144038010879,0.6692709646323212,0.6740155065798301,0.6709591849569072,0.6709986933852897,0.6703967947973608,0.6672241774900086,0.6705745165892681,0.6745567811345817,0.6783930055661578,0.6732837488224725,0.6669875676966064,0.6611426711965612,0.6488894515298732,0.6319139941350852,0.6182664769731694,0.625887053584157,0.6296669354325415,0.635993185850925,0.6384277602763084,0.6391373695541807,0.6395779509245583,0.6474690908859653,0.595629142589065,0.5062634973837958,0.5402908769487286,0.5532696717387958,0.5647896447397049,0.5686556244615423,0.5406180997120351,0.5018365802196125,0.4872707906973585,0.4580551442094479,0.4371325027829759,0.4339817494123206,0.4203124357961328,0.41535484846981874,0.4125381764750541,0.37236278655587285,0.3048280280763516,0.2972867993491194,0.2560900152245083,0.1884340577843596,0.2343965100737913,0.3512145501382215,0.4725704389100224,0.5677324902285217,0.5982676254222411
0.6446311314474497,0.6503989328307901,0.6537187269440828,0.6557163855448948,0.6506420941458364,0.6519066424625222,0.6520987053529703,0.657241080259274,0.6628751244983386,0.6643283197439435,0.6615025106006535,0.6503489055453353,0.6468166947100463,0.6416408063271459,0.6503947353146043,0.6407581758016964,0.6062491537090386,0.5890023917879333,0.5871909503819333,0.5797182142549127,0.5642163601009209,0.5578483953330706,0.5588343987285045,0.5303997817835665,0.5037196916829288,0.5001618951802868,0.49026911455157973,0.4595728174994191,0.4588680518552372,0.4118411643670295,0.381580513802926,0.36972011294579654,0.36947396576468106,0.41375496315105087,0.41158007425039606,0.4030109374906873,0.34652350286106226,0.33883908063383733,0.42620348803401925,0.6743843706979736,0.6856526885385662,-0.5266908509563314,-0.49562848339856985,-0.5795969308506955,-0.4236057714215391,-0.32861539024812597,-0.4044156507462308,-0.3802129980274273,-0.4473381201450591
0.6101570837826052,0.6029193747552939,0.5997813251584947,0.5900065271542192,0.5903343501020049,0.5898442432119403,0.587665970088706,0.5653930823957447,0.5106487102486209,0.4707779172704887,0.6078031297926639,0.6473712944696568,0.5867870328457299,0.5663288309240783,0.5317125404843217,0.5246291863295645,0.4990411388836866,0.356769380640377,0.404607336921763,0.41735384458568514,0.40897380080398416,0.4169769520612341,0.4368239928280126,0.4038140657571036,0.40039157197058634,0.40490652853642417,0.31401525888427884,0.26641230998393245,0.2855314164905654,0.2803322647181692,0.22549472992524464,0.2259523839492199,0.23502583681423989,0.14593877338768524,0.17557565721193058,0.18111961849208175,0.20864245563504033,0.19742965729974665,0.1792740549183357,0.29668038570847044,0.5569970466276917,0.6944984244415647,-0.3619821634466575,-0.34771642457011137,-0.37178708071590544,-0.5085210818608789,-0.5390729283718423,-0.4914386769666311,-0.3409977687368736
0.5483531199907078,0.49989343671919434,0.5065822276562285,0.5060324662393229,0.5109165050379321,0.5119392564947203,0.5120361395526066,0.4772020277201796,0.41033784160649756,0.37518371405178336,0.28700026103865395,0.28441866021498413,0.30821300718939026,0.3173372414816322,0.26319667200266333,0.28030591648657815,0.3416954716090501,0.33777177447366713,0.35065543464203186,0.3293838614795686,0.36377823479410853,0.3671262712138076,0.37605601283260065,0.36105459534952405,0.30915549540180526,0.2696338031761115,0.21611537891384572,0.25257642787816004,0.2596013749636237,0.2913478619759889,0.20539231188963075,0.31882571226082296,0.21605524004441556,0.3795360294223192,0.3261578626367604,0.2686026724354622,0.43374779173583217,0.5629146824275971,0.0013639235958311042,-0.2539106445366601,0.6220184769530653,-0.3890169703187451,-0.658175584707789,-0.27802535947443285,0.38838031729673006,0.49386966263803483,0.5557108116119382,0.5697934778223409,0.6044317397062127
0.4913839582128804,0.41635216318816415,0.41715507114011396,0.3177593132039573,0.3068575550504805,0.29540559302457037,0.2762570986112739,0.26990663189218644,0.34087899891579554,0.3379514429334374,0.30221204995856205,0.275961622517204,0.2800974730147045,0.2889900080823859,0.2371919457558983,0.15810733054264484,0.1921769635528465,0.31770502914077736,0.26853037787823125,0.2447323422859753,0.20520449960804235,0.18071497646833762,0.19186451346589734,0.24754680246250904,0.2697166123833154,0.31358612185984497,0.22681542663286475,0.1418155281624406,0.08321271213256583,0.20059357803890046,0.6625524451381946,0.5593751069250051,0.6655532492469938,-0.6210518666063148,-0.5859095959517024,0.5753795142689607,0.05224581333728682,0.1413529806197792,0.17933428593065193,0.22502033408224378,0.3022323756491177,0.3196769865652323,0.35680254567809755,0.37898444635926426,0.40608148902161206,0.4854204278290892,0.4774065659477157,0.4728676233573118,0.4458595839179482
0.4995806683268288,0.44520760995003295,0.43899653369458724,0.41844170555718396,0.3549863843297733,0.37322317733268884,0.39505461691266336,0.3985988482869146,0.4089966924069394,0.40804878140681083,0.4081907357731374,0.3050243826661235,0.27290019459764764,0.27782046805041705,0.3167058640344977,0.3626948747443775,0.32050569042483557,0.30050060982553883,0.273304735691907,0.23831816739637737,0.26989998544727023,0.28862197757542024,0.2723518518015947,0.3822546830265076,0.38124484862000185,0.6416897233511543,-0.6027724192427428,-0.23009773435900688,-0.11866030289821625,-0.11573389785955009,-0.21193725350439863,-0.2450349629576263,-0.3142168437212397,-0.41002588275913104,-0.45711617855037373,-0.47514987581741297,-0.475191879111211,-0.49128875767524405,0.6527043736369668,0.149253519992945,0.26983579650357253,0.24346230984168285,0.3236069890637928,0.3155895316067259,0.3255229351049748,0.3150451920981105,0.3254701582313529,0.3494470707285271,0.355412527082519
0.43156728662928656,0.40183162348431156,0.3907569781512556,0.36843518392464464,0.34347142870365427,0.3119276200315039,0.30977727441564673,0.34632086249976285,0.36764623577553124,0.38653426414887415,0.3949071416064799,0.3798446480802519,0.359495342815062,0.34289705903751205,0.3215289576056827,0.35307836764609163,0.32553312154438746,0.26187986367204025,0.23593245283657924,0.21520624268592994,0.19038908871424914,0.1699356972972069,0.2116933062127372,0.23519372639037767,0.3126876536077997,0.31606633498705294,-0.561486341882471,-0.6258771040855512,-0.1756393012043498,-0.09715693929250273,-0.4355159487290378,0.08845408251684535,0.27843472095740845,0.3869232471448105,0.4288475251558658,0.44524269427338914,0.4576988923695625,0.4838946877035008,0.5341206748431309,0.5681136077885385,0.6153273717891258,0.6302334904770696,0.5966439490392167,0.577090900677875,0.5906981585642747,0.5441145003915561,0.39308638646238336,0.423930566207553,0.4468902924332271
0.3930497648459646,0.3006267309187353,0.2686887411004975,0.2552450928392669,0.20330831558160836,0.19540598799900163,0.1789002793426889,0.21182606962898284,0.27274842672484045,0.3400223810980354,0.3951833606036494,0.39679547627637796,0.38854919135381877,0.40029490120611094,0.39585987277962864,0.37580336624472915,0.36774456601929384,0.3366539631334112,0.3279486507044,0.29752955861198277,0.26542691135603824,0.2537548768838459,0.2406759739762742,0.20098581009642008,0.18386997400235056,0.18104075021856256,0.2259532385719843,0.2749898533063413,0.3356875728113302,0.3739023577022821,0.5116101605472361,0.5372012429589611,0.5571550409079773,0.5673957851837211,0.5610698123581681,0.5622970732702136,0.5694935213441592,0.5726685385239515,0.5757181614389655,0.574624278290171,0.5721766478802666,0.574056488949156,0.5704013310475724,0.5565487897140732,0.5586495187856845,0.519257389639884,0.4847512249578794,0.4795756774512899,0.44196583795723166
0.4081000938959033,0.38697263805089177,0.39105223353890556,0.5565893718796149,-0.4343420767039236,-0.547518027511651,-0.6132379534410083,0.42262872864605533,0.36723869690828476,0.2996127704505164,0.37884034387936116,0.3739818715455879,0.37952611253428997,0.3847878995393929,0.4263984569082737,0.4017555227116849,0.3944862129109184,0.3196211674557937,0.3414687946624719,0.3711508497691368,0.3001355354434719,0.2679621888293475,0.231631271279737,0.24699506591486375,0.23341393437593747,0.21942284483027114,0.22705335074391506,0.24985001697973494,0.24369991899906435,0.25030358067029757,0.2746582754631198,0.3034205209455247,0.3225191330461238,0.3635231403005212,0.37367559605393685,0.3994817772438672,0.4207565465177575,0.4289069111578162,0.4319021696252791,0.44391396687559737,0.4423581075976338,0.442582255236981,0.4175556490442089,0.3941274216864197,0.39504361195802845,0.38314672599255906,0.3725674588433867,0.4027588503053881,0.39081925519189487
0.366654725150293,0.2768478720817083,0.2958822538858478,0.373139587172279,-0.566969335565914,-0.5932893021288117,-0.5247511753079002,0.26282178075972706,0.5293505401963745,0.5274595403997976,0.44744666835419894,0.4371164488018123,0.4146777958811372,0.4052512707443318,0.3535681117056968,0.3700007975039718,0.3779034088823049,0.38311824545767714,0.37018544268214154,0.35904142881546547,0.3219763103559764,0.2695012876901177,0.27078715983421847,0.20314799217055343,0.2009814349814076,0.21745897080858026,0.22378129951202988,0.21639177887545455,0.18459187945668654,0.16867682385274965,0.18824341526848556,0.1971833121274031,0.21317836985218744,0.24541024491792746,0.264008981266869,0.2735186873692573,0.33537251911989485,0.31520634045751494,0.2820760201483285,0.30772588479066026,0.3161348334622404,0.31889548671603996,0.32482786831372,0.33368183205843605,0.3369806747303584,0.33921284386585737,0.33912136381563973,0.34339774437863285,0.34985970817078654
0.47586132399687453,0.43665782816013776,0.3980031567005624,0.4059416844267727,0.388158779827801,0.42742678151213515,0.4425962268730749,0.44858469871846074,0.43555806789979634,0.41895404154332533,0.4030795248388396,0.4036968593910199,0.38503345342731043,0.3759348983039249,0.36069148728500583,0.356046479818825,0.34656523275476053,0.3483570780412878,0.35181571374795023,0.34940999377515164,0.30860477109558027,0.24365408209213948,0.24297818748173886,0.2502493691638002,0.23464135979148773,0.2235182056327966,0.20416678220146847,0.1985678478731461,0.1547275976476271,0.09231593912598086,0.14277533339943388,0.14496772965801352,0.1427708289588075,0.13338460958689327,0.15938555266259705,0.18008633009276065,0.19183260094489576,0.1891678483217194,0.186082254025945,0.1773794487574825,0.20419115833973203,0.23017655813510068,0.256001996929707,0.28354113035303136,0.307856142838705,0.31919586986202625,0.3245966014744566,0.319455365816473,0.31739255243803394
0.43319337536073366,0.40381893072532954,0.3963577200228462,0.37220997774681364,0.3645699527589313,0.38019926272880983,0.37820654317905034,0.3797256196668592,0.35649441433679024,0.3505750132843655,0.32599348971615966,0.324213581335906,0.30905070414256497,0.2686697027883121,0.29949849960861447,0.31265537757793055,0.3351164737907957,0.3516720713314945,0.3350471445525311,0.29548884147084764,0.29013367184424127,0.30387565714580467,0.2915674318935895,0.2247998616764056,0.2238772602192705,0.2310037057169236,0.23636174989425288,0.22295636551180056,0.1995759613755289,0.17186227583208463,0.1315735817823299,0.1371189711543758,0.14670796273239717,0.1444606159530593,0.15804453593161813,0.14006619297928138,0.11120532152712874,0.1085835205686327,0.09611431841524774,0.06817761317390944,0.08810164156781083,0.12097327828624045,0.147639409127872,0.15371463873806546,0.15424834091525047,0.2142527062640621,0.24201276074212758,0.24686143299596916,0.24529454606495207
0.36194357323100457,0.32103143033499404,0.29297579841117,0.27799438909735696,0.2725434865712662,0.2704347998335924,0.2783542147084959,0.2872959471380829,0.28693966398899146,0.29048733139675403,0.28554290799576193,0.2856660526343312,0.27701453621376093,0.2642556083851421,0.28759889702426794,0.28649445989007327,0.2861271854661673,0.26663639073976914,0.24902431614676832,0.2426297040879949,0.2705861137562582,0.2627170485943524,0.2536147143755303,0.2358136553950164,0.23483790818449618,0.2311821918841312,0.24519925117370625,0.23769917392672357,0.1989685737775312,0.1683048726672015,0.14558325614187456,0.14125726325988744,0.1367799966303551,0.1087555582932292,0.12665334326501543,0.1477740088456503,0.16770672210282628,0.12680428879386962,0.10031394801322548,0.07606523804031493,0.06826553251916899,0.0798131433295047,0.16757913866745616,0.17969114356014665,0.16049811957695168,0.14470570522961582,0.15335073066022584,0.23533375811644744,0.2530773887411098
0.25824875584292245,0.24227311125498363,0.20146258101868447,0.18495558686408126,0.15928394689383546,0.1483217462020052,0.14352397915930737,0.1727613762016149,0.1846736587728035,0.1986738011302392,0.17401356219447417,0.19781458836025503,0.23026831007316143,0.24170513214678804,0.20903576827351805,0.18348223564933064,0.213896280836658,0.24086930866135645,0.23512512707952257,0.2220932105105774,0.2391181946874269,0.27364637434724437,0.2850397534933278,0.24253163000637085,0.2357870005848403,0.23007784787954902,0.23303743172933497,0.22221782553727204,0.2174893031322482,0.2367682843680469,0.2573884729762427,0.24257680372329807,0.21588205409207,0.18780727943896236,0.16150252483463534,0.15414907396689606,0.25032350160276506,0.2711246573735409,0.26974839077312424,0.22942133680766374,0.36132853197564196,0.3211913243679794,0.4709697855438373,0.6537775465595194,0.6615814729457787,0.5102188231197351,0.15026373029716078,0.6431863221164854,-0.0933712499472656
0.2522691820827001,0.1707576587650768,0.14293345228430776,0.15020108952103883,0.14693659837207762,0.14310322904848125,0.11163716501369991,0.06215159529986729,0.07003588629352087,0.06891610750661605,0.0726746073460599,0.12389651988350364,0.1476222160238139,0.15747366875534255,0.17263470693534272,0.16159879095484564,0.13655506122078817,0.12881671884275467,0.14648643259192862,0.15249503041454177,0.1626755208190551,0.1643678699478756,0.16336292368890093,0.16151515622716264,0.15850349340911338,0.15649199218390472,0.12148791843818743,0.16371623999261475,0.19907372996319259,0.227935704381655,0.41034774705809457,0.43679614895995433,0.3096838701474639,0.20813199352200923,0.25447697155341814,0.21649350753805174,0.38106108444669357,0.4900128195126215,0.6705290910080223,-0.01811930966717121,0.40170533412527476,0.6615161546952878,0.5115468381566528,0.24053095269200234,-0.517719991240692,-0.6409352906864062,-0.508899297918835,-0.34528580729346886,-0.2955615528634839
-0.5476403039463555,-0.7055620025930984,-0.6423165954586824,-0.673045692840019,-0.6337024149926223,-0.6092553190606451,0.6812432771824904,0.5159456875440431,0.465153866396031,0.303179035934462,0.12327631724971794,0.07608018071381951,0.09975051641784732,0.11657453697081428,0.12075795015982901,0.20034702907880866,0.10623313133778693,0.13288225561313743,0.07542324763844774,0.22329709517068708,0.3507027176644703,0.4647631165414295,0.53168117237263,0.5910749990883715,0.3119228284989095,0.07448308722155654,0.23072715851522071,0.19985419970700102,0.14821645434134056,0.11218388249168218,0.34502361976141555,0.3774156728937471,0.3443081285830254,0.6006477326770412,0.688901052894157,0.6016024708011998,0.6636802325985044,0.5250056874913165,0.3053544695655286,0.2629006942126498,-0.3118458340711836,-0.6919385799092518,-0.2768075882036478,-0.6721511509863956,-0.6627248055236726,-0.6439602183706328,-0.31627128576239766,-0.12569965914601453,-0.19071034655820832
-0.3699569260924296,-0.2992764123298764,-0.3700296865225822,-0.3291104084888491,-0.26056883934337094,-0.22540138206714194,-0.2658846628340552,-0.17583243164522014,-0.4393239713444117,-0.7353437171811071,-0.7103219258009493,-0.6055137657850835,-0.2470105071759155,-0.6611305297503977,-0.7108414740596722,-0.6742682224349457,-0.33695689381024657,-0.6406706025235319,-0.5806186741184003,-0.5451854463524648,-0.3605154877678678,-0.39598936555923914,-0.4899381481557993,-0.3484089404914378,-0.31300590340225076,-0.6872778879809043,0.3311141110782413,0.6562006892562937,0.2002957506169434,0.5762908981175879,0.5296273329176616,-0.19381994506115574,-0.7046465956774903,-0.6311740740630217,-0.6752056691460399,-0.6560086568312948,-0.1779969918208836,-0.13840702542288424,-0.4760146941549017,-0.6910314731757579,-0.5964691067901133,-0.2357009356813429,-0.3795371279860032,-0.6055823324194031,-0.6735139422002246,-0.3836682940551396,-0.08872862092019673,-0.14238630416522294,-0.2853160194422067
-0.27552845898082473,-0.2633965585337193,-0.2453283255261311,-0.20405994258610954,-0.16620334974484316,-0.13811694893517018,-0.14473237850598086,-0.19459507349578245,-0.18836852601687698,-0.16707262021705016,-0.14548366960759238,-0.1275908210411155,-0.10350031917747035,-0.07895818670075624,-0.06936871291795403,-0.06591823621965041,-0.06244284376291783,-0.06303268426429293,-0.05995568007850705,-0.05900945686844464,-0.06560598818510356,-0.07481542615869777,-0.09326254939679259,-0.11940944973775106,-0.17772575773935517,-0.22141809410705157,-0.2709224232035832,-0.08820663224263715,-0.3205767573743145,-0.6351620446022979,-0.6391810757593106,-0.3218736427992844,-0.23331679964791155,-0.5408767612737431,-0.4676151881144424,-0.4322234470693221,-0.4962399307424609,-0.7133487746524547,-0.6678302929658363,-0.6404601291057268,-0.7317409175930838,-0.6520989374323228,-0.43258038420462025,-0.30862168748800944,-0.2920383587488342,-0.36688348238775614,-0.3431325163064136,-0.2779205946945363,-0.23028288033718514
-0.38988672241296124,-0.3097616930183146,-0.24619975714764997,-0.2230021746701506,-0.27773480752149854,-0.2764738735091314,-0.2663402559813685,-0.23595586713150407,-0.21296340101998001,-0.20016734386684823,-0.17594843242799252,-0.17113276649649659,-0.17897437837584496,-0.15413498507601314,-0.08885194031048407,-0.06148536038025027,-0.05339051108931438,-0.10133527393991194,-0.1178212776170827,-0.13470822731002352,-0.15116427556425527,-0.14937659484428673,-0.14895806155358965,-0.1503276766086223,-0.14084616845967626,-0.13950064184366082,-0.13518025928129518,-0.13742495668965365,-0.14557451516222308,-0.1538802634967455,-0.16895748012326123,-0.16501931121261978,-0.16221838076009348,-0.1677386784877199,-0.1871281192932929,-0.20461497832430833,-0.2875210067731569,-0.2611901920141654,-0.2800302793263525,-0.33532694882722275,-0.3226320536177054,-0.3058780409580394,-0.31299510811874165,-0.31364221095229844,-0.30958448740021705,-0.25171700067654457,-0.28502258478363246,-0.32390547224925886,-0.36312965733266567
-0.43677767317597405,-0.4436986108100192,-0.41959879298250174,-0.37433042469739547,-0.33170147625901564,-0.3109299946378177,-0.27893878400202604,-0.24867390881729545,-0.23569437840624202,-0.21481780111983922,-0.16696264319763174,-0.17811820102961506,-0.17840247378149504,-0.17865244949853715,-0.1886959673902751,-0.18044712417418754,-0.16721889354861022,-0.16979571386521705,-0.1871120463249539,-0.2097084766702613,-0.25674476262960927,-0.2407538583045761,-0.23036121866343,-0.2229163447238374,-0.22418089718552625,-0.21385118700265385,-0.1657239521626517,-0.1559227892624062,-0.1747602313390685,-0.19835430264119316,-0.23643882957558043,-0.24656151945153537,-0.24908247945078302,-0.28282678543248957,-0.29455627001196355,-0.30197949533842416,-0.3226665442947984,-0.33242944080297093,-0.33784950059179697,-0.3327119857111445,-0.33883686466546553,-0.3400246548489115,-0.34554706925860396,-0.3560939451908431,1.6801526990963864e+38,0,0,0,0
-0.43990559720172234,-0.3974847099008335,-0.38217131577253505,-0.35729208997807926,-0.23903629447836958,-0.20168293743724944,-0.2392219064201347,-0.3098200839117254,-0.3232914032265858,-0.31669494111720325,-0.30757471144498727,-0.30504919667662456,-0.2992409817145805,-0.28767301987185157,-0.26064894294959173,-0.2615792486187493,-0.2645511170698453,-0.27372717681568504,-0.27201392829363047,-0.2639243060396931,-0.23872135836846986,-0.23389815930625635,-0.2539534982000359,-0.3108547640600474,-0.3329686840159855,-0.3347236739473158,-0.30218692715690426,-0.30294363605369257,-0.2983350842250007,-0.30311183584716067,-0.32394382911014935,-0.3279989668515838,-0.3283394491339461,-0.34301504133242594,-0.35500828043391786,-0.36828755801978863,-0.40616810609136555,-0.4194135124759115,-0.42073141221197263,-0.7475754634773876,0,0,0,0,0,0,0,0,0
