jsons/1312617600.json
{"header": {"parameterUnit": "m", "parameterNumber": 3, "dx": 0.1, "dy": 0.5, "parameterNumberName": "Northward wave", "la1": 40.97354507446295, "la2": 16.46031188964855, "parameterCategory": 2, "lo2": 133.9931640625001, "nx": 191, "ny": 50, "refTime": "2011-08-05 8:00:00", "lo1": 114.97908020019554}, "data":
[rows 22 to 43 of 50, columns 100 to 149 of 191]
-7.765473980249922,-7.80249063914305,-7.6089989787027745,-7.680485239718827,-7.686148762841827,-7.590352835712926,-7.499916338859279,-7.433314545354793,-7.235066771551694,-7.003391198466224,-6.8278452921386785,-6.636186452465182,-6.304160650115514,-6.012642469045765,-5.835746282696455,-5.373303155268355,-5.224194662208208,-4.9999921938555,-4.668793127829346,-4.465732382769789,-4.290128866781191,-3.9711950405960708,-3.7160044639097514,-3.461905251799759,-3.1946708483106327,-2.990057167785868,-2.8586078011729223,-2.6791789779613464,-2.482313734246942,-2.3320381094157328,-2.1340567582432417,-1.9611841371506409,-1.8153030982365579,-1.6755030507819064,-1.5159503375888246,-1.423951263825533,-1.3276376978285713,-1.2116402915202875,-1.1013957444668732,-1.0131110125387741,-0.8879768453795267,-0.825684617382386,-0.7408183810444204,-0.715093402312048,-0.7188469150433735,-0.6866752582772276,-0.719320233236836,-0.7327176917921151,-0.7118969973481684,-0.671909942659779
-9.546406500854616,-9.831086251582779,-9.594916337569575,-9.688073118349264,-9.582398870457508,-9.328337084491498,-9.138510385765178,-8.95088813347075,-8.526752268758324,-8.28467684620963,-8.047375966612494,-7.724762116657416,-7.333071037057126,-6.906941986594693,-6.619225186540093,-6.1982110497185205,-5.920534471627416,-5.594761389289621,-5.174555342890841,-5.0231595590561415,-4.677290088824672,-4.3242313044999205,-4.083089020091036,-3.7409376321837065,-3.459753675588675,-3.2431572306997585,-3.037285968245715,-2.860342093496594,-2.6907139562452556,-2.4915350148039526,-2.373671282610068,-2.143959426865683,-1.932405068932187,-1.883652135949993,-1.6716883243865903,-1.523615782158642,-1.464228193206072,-1.265883108303616,-1.1511568367055585,-1.0709301946249252,-0.9222003812683421,-0.8557529385671451,-0.8099500014257722,-0.8458712105951575,-0.9423357543421448,-0.9498537036020261,-0.9940271956229043,-1.029200493636529,-1.0117447404993676,-0.9254399699716996
-9.76620224600097,-10.23246812201396,-10.131794565732822,-10.179033488049027,-10.22628390216,-9.926980388187848,-9.833802160583346,-9.70117987071756,-9.231876641814006,-8.92940370641125,-8.630931129256652,-8.25239568776776,-7.611346980486358,-7.354804543498672,-6.993736538908099,-6.5484511041298825,-6.054946999361308,-5.83954371913181,-5.339687477795812,-4.913997327623485,-4.589714155926376,-4.129356644179054,-3.9066154923275414,-3.6965469851378976,-3.4286594487272883,-3.283621754429784,-3.0782607772839765,-2.8227587590400254,-2.5715390352236134,-2.3501169872530845,-2.204824330992986,-2.0550216439748747,-1.8867410827653264,-1.7987361582280652,-1.6128878025088116,-1.484514808467061,-1.3607635427907456,-1.0361026667088937,-0.9352054919413189,-0.7217782560031015,-0.5831021609565019,-0.6143029466884461,-0.6498228801109845,-0.995672165375404,-1.339172286611391,-1.4047559184030796,-1.5412959093135847,-1.5384949025084884,-1.4162534370057906,-1.164051877898865
-8.83387725627394,-8.970669631618165,-9.057218590334546,-9.11260862285346,-9.288091264628493,-9.059173025043783,-9.085622373846851,-9.258690793685936,-8.720871636589893,-8.494600265450426,-8.484523147638479,-8.208691633893036,-7.785007089079997,-7.3735771306336035,-7.129317909854665,-6.556560181387874,-6.031875784845001,-5.629738121160131,-5.0269879664671935,-4.723286905593263,-4.301105559279058,-3.808951903550214,-3.6262145296225654,-3.257782008469628,-2.9337372474367713,-2.786053297256359,-2.5406934142465825,-2.3907680133369853,-2.2136281066641965,-2.0447343581514397,-1.9622604326290858,-1.697988192207565,-1.5628048725989194,-1.4742175847210863,-1.2713959119974176,-1.1615864483016678,-0.9860430550859965,-0.729832364368312,-0.6150856456025344,-0.45527289893638334,-0.061282213274949364,0.20109478376337395,-0.18950898241317385,-2.907223110506503,-1.3060746965675372,-0.17554156467351406,-1.6220929189986915,-0.9967749017511094,-0.9207063812888038,-0.4201507128892949
-7.413682305872248,-7.242843024762449,-7.678120640904859,-7.904297977255146,-8.0190239210672,-7.984134957711693,-7.878045413531685,-7.917196747557825,-7.574652005348958,-7.578039766913906,-7.473247639738306,-7.309058045821795,-6.751719932524915,-6.606883827984224,-6.22417816259238,-5.552885350052137,-5.260047182627122,-4.931717272172379,-4.262986582845736,-4.012468980019248,-3.5151639017631497,-3.131967733747735,-2.801970786468232,-2.5553829254581903,-2.0889937919874746,-1.898703667577083,-1.7364684544899034,-1.597479674681346,-1.4461224605933927,-1.3833536228500642,-1.3795554286329041,-1.21252896365228,-1.1151978771626079,-1.0078378404112596,-0.7309423473756907,-0.5395425060827269,-0.3596679852068233,-0.005066514619813675,-0.3785130974958008,-0.577385011198491,-1.9309726888027634,-1.6076418529473424,-0.8411107060169721,-0.5749439916882426,-0.4664802311534859,-0.2709186448627168,-0.25947121244784527,-0.11173055182277954,-0.1191532876969361,-0.03774505085200507
-3.442465711759402,-3.605976649459622,-4.0581789184421035,-4.431094019352577,-4.936113000074815,-5.814123742932584,-6.533984530220694,-6.682447525027984,-6.7133314243033615,-6.328351244589299,-6.129784417596333,-5.468897597707704,-4.873233685103388,-4.668982317952573,-4.551343206093926,-4.038158487649842,-3.8177922912448583,-3.447619653416777,-2.8691685683896746,-2.542071249828621,-2.297909210269622,-1.6770031711425482,-1.3411211155911866,-1.1082032652173783,-0.7764881988526058,-0.6624882620921793,-0.6213189300999948,-0.39644127243603144,-0.26861658010872014,-0.1785153228252916,-0.1532262295019052,-0.20786599403230077,-0.24793683835152375,-0.43813052847232753,-0.38512561790158656,-0.3299676258897093,-0.31583622540456446,-0.3688964696923657,-0.4237340394276502,-0.40091408921314725,-0.29894027334518436,-0.23531161093904263,-0.14339476149043653,-0.006864630664606895,0.061288712540539574,0.11964159507452514,0.15871595787977474,0.2788154846477823,0.3456638546034872,0.4210272235332416
1.7756627159700473,2.0730016069276913,2.286556981076876,2.7453639077896104,2.823486889755246,3.3998094069667446,3.430498241738218,2.7479800100416574,3.125223455740974,-4.000403923192851,1.2390427957393737,2.0111761197123736,1.5365854904936056,1.4076474964332066,0.747392991243573,0.1771641119783698,-0.3070509996146445,-0.2954749515890692,-0.3187494821033609,-0.12728370076583345,-0.06402998598722143,0.40992673919912936,0.7115841911134978,0.8165131059463588,1.2381448352872846,1.4362031741644152,1.5767996560615496,1.699971247484535,2.162642370682387,2.288492826826201,2.21070526144917,1.5548660855259995,0.2739948800900351,-0.5276059575394372,-0.7919041615245125,-0.6253874699386344,-0.42447906258975365,-0.02317727820042451,0.13926860770722735,0.23319989687357837,0.38264206162158143,0.4600852013382106,0.5494753475776747,0.6312971722714419,0.71031845417037,0.7581754197399286,0.7932366658529585,0.9176424671815447,0.9151918756611852,0.9420020449952864
4.890966793715134,5.090454419884656,5.536721482547876,5.663950806360316,5.653801795045101,5.904529212910803,6.043484807953839,5.636440447346653,5.931454317433105,-3.7831341064830917,-0.09713945986392876,3.82445713803839,5.344199063395909,5.088280247288634,4.931555931969341,4.5232915046717475,4.407659906046249,4.259720259427971,3.9880657202420484,3.8415895601068946,3.8085793472992986,3.3154717832407097,3.2054704981042956,3.1483192582385686,3.004229966958146,3.1220675550029413,3.30726080925478,2.9192200995511453,-4.742212504717431,-2.88529710714392,-1.376935204926049,-0.0037049370857590515,0.3582151113005668,0.5925667050968368,0.9550925226128081,1.054542887589872,1.3100717031029134,1.3848220980013775,1.4257306668550518,1.4486202654604043,1.571175704242457,1.6379930993770169,1.623330556660365,1.6622591598358283,1.693533635583651,1.6535355502257816,1.6552576269261423,1.6797911021463767,1.6875264740867415,1.7425524688943987
5.221817043117455,5.329855292616927,5.620893623773082,5.817238275716234,5.882241531586752,6.093946399825856,6.134499675329828,6.102465381245233,5.045996874457815,-1.8546483674095213,1.764351072327857,4.540359301539466,5.8602464517349695,5.764591700751498,5.693861914886072,5.481478368817471,5.437099474578401,5.405557180662243,5.2760536807496905,5.302267651530802,5.3573862764544105,5.168676295041948,5.1527816846523695,5.019698529924255,4.759260650253751,4.570595885585055,4.299549988491205,4.074478220860062,3.642212497207002,3.456830110351287,3.3479114735571565,3.1220260004999947,3.072560469417492,3.062030397974538,2.98071624283864,2.907882297587293,2.779796202278872,2.8420431699266784,2.7111679927554797,2.63866513972188,2.5857643301727,2.5944414133632865,2.5384288302554414,2.4694010593944844,2.432011428499136,2.393389375981962,2.3822352363335533,2.332594642108056,2.320204094314624,2.289138492936805
4.808904471658832,4.872632284531754,5.210098380661602,5.3900537311314105,5.420879238621099,5.6673516102993045,5.7099736963518986,5.735331727910147,5.8323293538171415,5.389735227376655,4.472125553232511,2.830029910813777,5.594089367899506,5.588020406545039,5.762169481376124,5.747322190706647,5.7431739306930485,5.708957577112199,5.60781484629295,5.527192289214767,5.480423594103137,5.417313148491401,5.394943348099484,5.410313861891014,5.407444247517781,5.370232740101548,5.3172671958796425,5.199616118018728,5.0327073997874745,4.858034867005438,4.732704832650355,4.538212100991718,4.385231205588135,4.207550660118572,4.157249900267148,3.9794054360366866,3.8886716704838573,3.7418313549519584,3.649880035797013,3.5547798214522945,3.4047232489365284,3.3860852800283157,3.2453362722346886,3.1642072903573544,3.155901395286331,3.0386703506773194,3.009978840172306,2.9400509505502734,2.8543999194227605,2.8024229906758262
4.033957464025361,4.170892004294391,4.662790932961644,4.267874542379453,3.244710735489906,4.342508910840875,4.598890154928959,4.862134373615971,5.117619552049295,5.183695424708249,5.278348090185878,5.312327404984449,5.132281681990999,4.587549114206132,2.242300798597282,-5.372431753207781,1.5485558962423427,3.665206085552078,5.114590637807124,5.2489353668844725,5.202800956890742,5.193757310360736,5.208308334305512,5.244295948107944,5.198226352811658,5.153191678971836,5.2031814130657645,5.159636326250678,5.061795981549355,4.97608863771929,4.888214807928628,4.784785834113309,4.639871531393049,4.582990477803721,4.47317584808144,4.327684866632484,4.221441254510648,4.138024722492389,4.0267860406614995,3.9185939441583453,3.8026378158875387,3.682574853568342,3.6335367751024146,3.55179229874208,3.474687891402922,3.4204522855864576,3.392084167423022,3.291034499353644,3.2348803667225168,3.2169535879456377
3.4468911536229005,3.6101046233494363,4.222803898494848,4.369839778310044,4.35510700490335,4.325049840647949,4.396326288226237,4.486763648291955,4.669406228484392,4.6958828641384525,4.7385668254211115,4.771058318140413,4.8501681970512776,4.902910573158909,4.924473013907319,4.867134641573487,4.660492620065077,3.0602654846337747,-4.943708892891273,3.269875313329538,3.6847010959990465,4.456752665355157,4.68514519324989,4.735918372911771,4.82113933936864,4.85202337391241,4.803656416232516,4.758938280682236,4.706867532633048,4.619697426161019,4.593506507056527,4.506911730817013,4.453795262781229,4.399700024673899,4.3087185086091235,4.2563906423486575,4.181027927931548,4.1141688086589765,4.071153563060384,3.964155324021776,3.9067858058330978,3.851358494891008,3.7470548882520407,3.702979847869602,3.6632929162472503,3.5715991307438966,3.5465602422247957,3.5117006686375105,3.450746045855206,3.416128652380262
2.946022625749343,3.1495944971485805,3.4191855186673936,3.5424416190619135,3.633152305315858,3.822244661385503,3.9748662577821015,4.011202294546623,4.201210483785985,4.291738550239667,4.314390162208951,4.364320529011255,4.4508713843755725,4.462535095987201,4.491457131698582,4.532847981522043,4.564574717811941,4.583229612156949,4.6137052722533,4.646838129110092,4.494838698725191,3.8868711628632067,3.149913761337845,0.20261670953329486,-1.9087423191508854,-4.2115863462719725,-3.508197672499346,2.139022244682819,3.312393533463157,4.14968463328503,4.37442904210486,4.378274270683309,4.318894192173005,4.2977892311252015,4.257101290592237,4.182652130255012,4.144724397878927,4.111340061771811,4.061991901129037,3.9698026789844385,3.9361004978333582,3.8845748459503233,3.794919299984781,3.773537739501774,3.7352654197202955,3.680271946661632,3.656573538867511,3.617180531185267,3.5512777315853397,3.5181497494349716
2.5471743116741212,2.6761062245436698,2.8928281594420757,2.9901765597602696,3.072356786826718,3.2880489127673913,3.3557240953022576,3.4564903655041666,3.6242528804306016,3.683314568105106,3.755906834210652,3.7780576256104283,3.921160521637259,3.982402703680592,3.999313869387741,4.100010342973315,4.152628521057302,4.1681195470911705,4.184471951967695,4.200276882334602,4.222787426892155,4.25723746204977,4.259091022639905,4.259461236393714,4.300454547448547,4.232877109945938,4.1324756804576515,3.8739019952513645,3.310013844564842,2.3076846963963487,-3.4083591124384784,4.156547953538269,2.6459446833041302,2.5367979254922175,3.979901798990287,3.6716564605375246,3.6722532195341393,3.833219023925354,3.834407448850638,3.7835802013243773,3.8410715370168904,3.806606106916105,3.771326005000724,3.737907222352177,3.6939107624403653,3.653215612479418,3.6298409905218496,3.595992415405361,3.5276359526735424,3.5220963525621265
2.16454002683031,2.268917229669046,2.418446404438275,2.5240315252606935,2.6063790792864707,2.78548473711635,2.88468666077237,2.9966003613239254,3.1096718136030024,3.2004702560244027,3.2982382887013824,3.319965953618542,3.46165727756871,3.492842183658196,3.5409527065945086,3.6559913217523787,3.6661956905845225,3.70679149558962,3.767332933014708,3.818490838286845,3.8115181088715264,3.873104719484047,3.9213195547505477,3.9593659848499843,3.9866604384544644,4.0003261596208,3.9707122228505223,3.99780820231852,4.022150167842037,3.960460016042851,3.92771918046906,3.5518771774171496,3.6677239457137993,3.835152314350462,0.07115502111673365,-0.1368615887628476,0.6931590576573445,2.9845992747902783,1.1111617788497181,0.9892442775886131,-2.63466748327939,-3.632632131609492,-2.419947995132771,2.525851715048743,3.5731619752854153,3.001669830162436,2.5957908642922214,3.347588199752093,3.019455910301868,3.173473787025687
1.8365687572708072,1.9635618739723197,2.0961231760768513,2.1710570845620154,2.2438959359987107,2.4223594802973176,2.4660053984795343,2.561816368724775,2.659597673531162,2.755748415283327,2.8197185717640183,2.883998322257615,3.0057220711575106,3.0513744433154155,3.12498371359926,3.1868579022945625,3.262327205656046,3.2924599045658214,3.360884857432244,3.427377773191936,3.451232419907897,3.530312343308841,3.56046653889566,3.5653780370485513,3.589495399677832,3.6047064738075862,3.613900583426008,3.6248768169501093,3.658284944921041,3.6378622736305455,3.6338394395858997,3.6252911043181393,3.6215250890942863,3.6216692288200925,3.608548122607752,3.5638205467306636,3.566930500985669,3.580394368525511,3.5656373910262844,3.534526117648629,3.5071158816465684,3.3158121451216394,3.1709080397400613,2.585285629658591,2.65671105881837,2.775347035079516,2.3100901003838032,-1.9294886746261346,-3.371489153663716,-1.1611053215781866
1.6095902037412033,1.683472420481985,1.8480463817287898,1.9026595771766306,1.971909422667416,2.0557071499520405,2.1370529045310933,2.198584430266551,2.374941797729461,2.4134466418946627,2.4643983784198618,2.555719278861511,2.6234347150463537,2.6860137386610323,2.7498392984770885,2.8377018933191103,2.8934810245902622,2.920001987267616,2.9936882059170276,3.037893903344311,3.098634422103182,3.1731819558168306,3.2088317914649336,3.195316284998982,3.2600427055033907,3.2879270372574037,3.2563621233127016,3.2569219690107634,3.313945347473664,3.3253610734855656,3.3201628072951377,3.338868667849414,3.3166330570029485,3.322003184521495,3.334782799857322,3.3232002865938557,3.323669992192289,3.3217423756419246,3.3119783796198714,3.290881459255438,3.290413534291255,3.2880594119438924,3.261377988500895,3.265071104615999,3.2604160222620484,3.240804205492415,3.185771906188975,3.080205233054899,3.0360428130603587,3.0392796147145744
1.350311499978792,1.4013975015051126,1.555823923597025,1.6225125484306404,1.6745019219436679,1.767281538747691,1.798156491812073,1.8975511317987714,2.0388419380410205,2.122953340716667,2.1588991739396146,2.2091613079674284,2.3255190245552493,2.4029950931360093,2.457521714299685,2.5220056615589024,2.559484179205406,2.596187269933364,2.683164700591759,2.7150273488206724,2.7515782477946154,2.844785816780395,2.8461965969364647,2.878248848482002,2.966194158328459,3.005098390887441,2.9959103137727014,3.002035135958603,3.0395078093097583,3.04512643955809,3.0515565273044647,3.0588446584164855,3.055734854290711,3.0716988008995356,3.097139228609583,3.083483778122595,3.0835633050238394,3.0926331649820353,3.0936313142573173,3.053155675800234,3.0508812032281365,3.0662390042987377,3.0662756465968966,3.0670491555497206,3.0494644079198725,3.0282561175546285,3.0390174853211662,3.031914801608781,3.0042725390082095,2.97528366688791
1.1305177595498135,1.2386413725700505,1.3647212818524783,1.4078633638601816,1.422188103200894,1.5635664310298696,1.6317712469923933,1.7215482786007292,1.7946984227239604,1.8482541017724246,1.9283957358489785,1.9721327150380996,2.03768859547089,2.1265880883762485,2.194147145050742,2.2766275356109986,2.333941368991478,2.395828593571225,2.4390036795960945,2.4569211607041685,2.514696018337413,2.5676658371342698,2.593620126020981,2.6117635011682014,2.724546761157351,2.7484530801433467,2.743544545611263,2.7498575201648277,2.795694927297638,2.776493186105541,2.779148726595518,2.8347938057997233,2.8415620073968357,2.8468783946372413,2.8624584176906227,2.868892422680876,2.8615216314181886,2.874940866904219,2.87156450225176,2.845306302950179,2.876920386302389,2.8772881726790174,2.8657648019927326,2.8357348191480463,2.830099596769177,2.794920712955383,2.7863881897851344,2.778983364469697,2.7536509123696837,2.7115846342244985
0.9777241839094852,0.9969934698994629,1.1194807773451334,1.1882418973455737,1.2268993947719165,1.326684665990178,1.39186056821405,1.4433187897038,1.5435836950471002,1.6190577254578542,1.636303011584047,1.6693386457495198,1.8073762548412602,1.8498753839120297,1.8831702571579443,1.9798548309523543,2.0318498806163467,2.0665046865537846,2.1676072155094253,2.2445404513585574,2.2970710461595454,2.313923927808143,2.370281935740436,2.4012420252617925,2.426395311208822,2.4520248664599915,2.4814613835561867,2.5080858774260832,2.5529865282609494,2.561395992787698,2.5907637615310124,2.618012211476185,2.6131970530574766,2.5976863861912287,2.6218646825026477,2.59783130956646,2.5966695894451326,2.589428374603048,2.562779724935632,2.5282733339931793,2.531709677720481,2.540832489486612,2.534920621446979,2.5245675861606682,2.489277761943741,2.420283974799095,2.350768028690096,2.369837440280681,0,0
0.7702228422924111,0.8413173103872511,0.927073921286514,0.9733173518370011,1.044504335838709,1.1167740501872807,1.1600948558064343,1.2362570318831931,1.2884885785686828,1.322155470141694,1.3857223691903457,1.423596083881213,1.49616271439424,1.5489633123336113,1.6156889636721092,1.6734589019800752,1.7359461155339186,1.8251685727211595,1.8916708117392418,1.919319333493797,1.9636821766246415,2.019825397808366,2.0581167642763014,2.0793604311893885,2.1505409695601574,2.170365708012418,2.180488618664265,2.226696712126942,2.2663619341159507,2.2616341382104053,2.2823323611798902,2.3168811759383385,2.298738240331324,2.301004618789602,2.310069665418854,2.316571778389931,2.3332362457601166,2.3141286856928716,2.2816890760293465,2.2306984106129555,2.2229726522784254,2.2017002648750648,-2.598970160403829e+38,0,0,0,0,0,0,0
0.588796294812778,0.6461707549316922,0.757684908924964,0.8000212758495229,0.8284741701670242,0.9267400103423712,0.9511846088098679,0.9774029588757508,1.0593814916553004,1.0892195992597995,1.1512634274168643,1.2025575177848713,1.313239142042722,1.3199884190989333,1.3624160920648862,1.4212982829985505,1.4743348838606214,1.5081091691619783,1.5969405367939118,1.633103117791104,1.6493723539892198,1.7120838713070143,1.7239609605098092,1.7436782675533413,1.8303833022069855,1.8532261969305055,1.8785376079928457,1.8933619501118895,1.943158998793697,1.9405090624564851,1.9452889259297963,1.9452408797568492,1.9410827899990366,1.9342078422183322,1.88896152780859,1.8308052923138538,1.827073535037608,0.6744283090984603,0,0,0,0,0,0,0,0,0,0,0,0
