jsons/1312542000.json
{"header": {"parameterUnit": "m", "parameterNumber": 2, "dx": 0.1, "dy": 0.5, "parameterNumberName": "Eastward wave", "la1": 40.97354507446295, "la2": 16.46031188964855, "parameterCategory": 2, "lo2": 133.9931640625001, "nx": 191, "ny": 50, "refTime": "2011-08-05 8:00:00", "lo1": 114.97908020019554}, "data":
[rows 22 to 43 of 50, columns 100 to 149 of 191]
-0.20630399817154352,-0.18441034161520414,-0.13548030326222768,-0.12133692913841812,-0.10355034758986564,-0.055338465227136445,-0.03094707945676328,0.01582998306460067,0.07262295465206622,0.10962017434503278,0.14770583685390215,0.22398129654028603,0.2963713088353521,0.35172633176897244,0.3821229336527891,0.5359374215647295,0.587722546518937,0.6520439444964101,0.7757124863577699,0.8717232721785586,0.9306346375115134,1.0674048316143214,1.13913620990341,1.2117998369097216,1.3545830004471089,1.493466688857211,1.6059983711177792,1.7053086989664692,1.9165968363656403,1.9930190683910416,2.075229513530434,2.2126150475368735,2.2912204915024352,2.376292939517254,2.4848121643392505,2.5396230416720447,2.5958721154452453,2.6297937602964083,2.6204979153065007,2.5609638046804806,2.5240447145961222,2.45163092076301,2.306567606398734,2.281294497439637,2.248922241337207,2.240551913175131,2.285823077242617,2.4023653643056275,2.523997347531285,2.6747118799894722
-0.43612124459570206,-0.41506131053777534,-0.327163124140399,-0.30880250313447904,-0.25030137277776043,-0.20150476077649807,-0.16020291428894975,-0.12284277293583823,-0.015692987776178533,0.017109268387457605,0.05882546119287268,0.10920794264626102,0.1913222123133514,0.25431342881627944,0.3060541962877987,0.46409999150967635,0.5267560947119232,0.6245047887145099,0.776618071978853,0.8221955221791285,0.9259113376668208,1.0164815636150788,1.1652602420403768,1.3152162003970296,1.52768022274041,1.65126093984734,1.7213433054538552,1.9058815271303133,2.143260814971029,2.2618079734539593,2.3406739441304842,2.5041860778024194,2.6578747559364384,2.692697756975848,2.876418364905924,2.9000524949577504,2.9218839399960723,3.0201164136409155,3.0193164092724296,2.929492626599002,2.7915022437112613,2.6624641311771384,2.486037492587184,2.287206752884538,2.208833727092099,2.1888969433393135,2.2909174152899356,2.546135633270269,2.7604054725956186,3.009624450624984
-0.7834012492102356,-0.8006634511604572,-0.6942972710998039,-0.6671670956048572,-0.6172416164606453,-0.5425992159618428,-0.5039978339898351,-0.48562683580596167,-0.3764332680364078,-0.3123483609385493,-0.2252486541245739,-0.15969483147100033,-0.005363603534984604,0.05672364959224986,0.16083257731479453,0.29947169396872225,0.4470455726346569,0.5184358515371689,0.6505084458417466,0.7841855154938402,0.8446100662226917,1.0596299512090974,1.1729840227151545,1.3056567971181414,1.560790370140453,1.74585889922775,1.828416176878707,1.994808252465772,2.262841943179694,2.442817250880577,2.6596650624804825,2.816264902980026,2.933262921217555,3.0594058446125234,3.276257461560809,3.282584650513353,3.286616703933285,3.347735295590799,3.383416637555018,3.2791146769298196,3.177922173135556,2.8437766548349885,2.4334832256026493,1.8379855699619658,1.743377956744635,1.7976578452955656,2.0111523960159117,2.6456230522993436,3.2387732573896213,3.663363009420903
-1.2976933499206014,-1.3030379756972732,-1.1866228972974846,-1.1735681371513584,-1.111996797335938,-1.018705442393401,-0.9462944905136998,-0.936120297519981,-0.7485567320286385,-0.7267045829407839,-0.6899581091737514,-0.5540188700034081,-0.3810382701776143,-0.23626860566647936,-0.17569549972262802,-0.007066027979594082,0.13497024657057952,0.23195704914778614,0.4930193187544648,0.6116340900085507,0.7773388216744624,1.0533870401378234,1.1407130449623626,1.385433221817436,1.6905166745357363,1.8260871796554843,2.017596550146696,2.2001840725850035,2.634476579121815,2.876085775981715,3.1202257151394837,3.5497074381134404,3.709026748619232,3.8640503455718838,4.243604571691152,4.219449614731397,4.30270669348237,4.473895448400893,4.504663713394236,4.415004080543862,4.3880529543715525,3.7081904912630783,0.978678293674188,-1.0951428931099791,-1.4082642793216564,-1.8567869876480834,0.21153400661856395,1.5531450253322878,4.523107004630566,4.949594067633006
-1.9931315144444661,-2.031260048017915,-1.932345664837086,-1.8585502945819536,-1.8240123549647465,-1.7695787116602828,-1.6785421725475098,-1.6811991588484423,-1.4938969676766751,-1.4218341012752043,-1.3549688028478613,-1.2879341940994458,-1.0190201787147195,-0.926567324447132,-0.756648102867496,-0.46181322829347604,-0.27721697368953285,-0.2004243973056246,0.1570888109743808,0.2817509955004556,0.5375347750211404,0.8183578936145293,1.1194083676935986,1.2504031164087097,1.7393308403637684,1.979536722364443,2.1666628558789194,2.544442856473337,3.1072942068876626,3.421080894969284,3.6666553282228183,4.313624054248909,4.741412947499324,5.042654320889,5.543192057553759,5.683788352721111,5.837228883185431,6.031424933816183,5.654397676870133,4.9378799462901855,4.307668141228754,5.093964111314436,5.993753544572095,6.04326286435496,6.065593211471734,6.11754013258035,6.0255449527403515,6.045082733242343,5.90065802138037,5.8374158992669765
-3.1392275962941176,-3.1463035062517184,-3.1385900720172817,-3.116343840722483,-3.116488778053261,-2.979535732863231,-2.844929834765774,-2.8633127522150867,-2.709923277387832,-2.6282449387841207,-2.554497545331689,-2.433696669850587,-2.070849251339965,-1.9171866870129235,-1.8144180421976521,-1.2748427307834045,-1.2187353188065237,-0.9560433468996777,-0.6100901444999364,-0.29600636407533837,-0.19388166350074887,0.24495373588261116,0.5596687326127382,0.6548753638813659,1.0943689322536931,1.3486178300594438,1.55736970151382,1.973940164820158,2.814522640159762,3.2249791349548365,3.834319123459822,4.796848724195439,5.193784372389959,5.840626448292928,6.514402813411166,6.829702889263044,6.972147377963878,7.196524488540911,7.302545933033588,7.1926373648183155,7.294589209021426,7.318944157739656,7.155132283989845,7.117303411857643,7.097420086431757,6.942951159505224,6.826731497905516,6.813028537145675,6.607181253827363,6.462933710244167
-4.444741118808408,-4.583439204915271,-4.539762212908675,-4.560114017350221,-4.728562725802749,-4.595597262600221,-4.556836942640719,-4.665276654732724,-4.537521513135782,-4.319318479263091,-4.295803153536304,-4.217080255512515,-3.784176250611417,-3.747535149303671,-3.3881539790253132,-2.8469617983225275,-2.457026556989554,-2.249584360024004,-1.7174314340543435,-1.511425109790293,-1.268885152368026,-0.6418639264499671,-0.44014401362331484,-0.12662140769659677,0.22633685729026648,0.3539805291922815,0.4179391776779232,0.5228887746119026,0.7268294739243825,0.9135111669076549,1.1897336059123729,2.2545681325082865,3.776290854687538,5.1362145535320725,7.838428423165864,8.456187480559826,8.540505714100084,8.708159208988203,8.7076066940945,8.4734464315951,8.524706608847945,8.413995551954205,8.182875760988736,8.119956925333595,7.998458352223744,7.7515096559049015,7.721993513321989,7.6076565210902825,7.378294188910331,7.1715058358246875
-5.8382492831984845,-6.155071660180511,-6.145127667652607,-6.3511982843577455,-6.61541660682889,-6.767374331312384,-6.706623921779839,-6.983828548764415,-6.966472601660866,-7.004802575832499,-7.1093347981046655,-6.982229564039627,-6.667697078271713,-6.481789589479296,-6.263252396540116,-5.581750862920911,-5.129402057367517,-4.285961286625597,-2.927053625994856,-2.017377493327684,-0.9938294496042928,0.8539751644918926,1.6583382905635768,2.3183319877275883,2.7673619535875424,3.140405487262353,2.504475890903672,1.1331637922234103,-1.159644411336763,1.1651382131515915,5.095157978430093,8.420002228026496,9.504261333935972,9.784876961032863,10.071522422979008,9.957201991532019,9.919674139902286,9.950007798056738,9.831635206033221,9.547772207696116,9.4920676393472,9.3595131449812,8.965538423436765,8.836885516671138,8.680929985014751,8.350809402579927,8.239021341506046,8.039252714508228,7.792710694374645,7.575679744732489
-6.932428100924133,-7.328600026491991,-7.587972428018424,-7.678403005223386,-8.083638490900759,-8.252723386637415,-8.396592104162556,-8.752594365512433,-8.894911222794615,-9.075148742617193,-9.234224250588605,-9.275308494310021,-9.20010765333242,-9.03492730244201,-8.688755849416191,-8.08220672577034,-7.092783397340245,-6.128248476746739,-4.76699878695346,-4.081508541395962,-3.2242363525578885,-0.7366570681128736,0.6572571695745278,2.1908891404219144,4.509283399096905,5.342154587515404,6.646596822802528,7.304700683697572,8.391085511079973,9.02819317571676,9.564769708455842,10.166270306091592,10.447960740922078,10.534795421979286,10.618091029694403,10.528666655397956,10.487078085116504,10.366868149914298,10.210206323989569,9.92099134558042,9.726904106668028,9.624578403172137,9.2229893169397,8.978350797265183,8.804146266499904,8.512149108588776,8.291690821867297,8.048750116348755,7.7631084246233435,7.504547441143775
-7.400652271781257,-7.799031231971124,-7.990508875926519,-8.213138423277721,-8.642146010140603,-8.851206663283701,-9.071822213606623,-9.515792285712473,-9.635800550921916,-9.799751539220233,-9.939003466865275,-9.951786132863266,-9.885514486498428,-9.584274897851953,-9.324298938329331,-8.95176856046038,-8.357655485072211,-7.879174935028482,-7.507716349064652,-7.1087475622946705,-6.539103382840847,-7.05075551371552,-4.527174429375451,5.969702026605331,6.282427012162874,6.637807648701201,7.260542347350779,7.639716689929016,8.159090156524748,8.923209796726407,9.20636375469992,9.448727744716289,9.828847768451135,9.937794121666958,9.916938158014306,9.883045749912952,9.76128684104854,9.671434962137955,9.596403070803634,9.270158465534713,9.155700620804932,9.057497345327906,8.583754645050393,8.43372506500439,8.32221028573084,7.941376144207528,7.82931867848178,7.631549057610689,7.344322775185607,7.215188279667156
-6.950887291506546,-7.2380281199740795,-7.250073760002046,-7.455763416270815,-7.979935827822584,-8.259341939975403,-8.484773726324017,-8.84061118366097,-8.85957140581657,-8.864664774961192,-8.840810494094521,-8.75162351117586,-8.292844612871491,-7.907476705221605,-7.555436392987689,-6.676288574167269,-6.017687402429231,-5.490707295694099,-4.175151041908545,-3.0896283724526974,-4.387143644129882,-4.6193670700616005,-7.850924154768556,8.108629650304747,3.873913601648526,3.1974784080068894,3.926870542459895,4.63424450421792,5.740667901378243,6.058147128702815,6.4809852644508315,7.031202818859588,7.364018199152314,7.452530433967328,7.575444750622611,7.717185327612559,7.7997299124098,7.7714016217285975,7.7741914928087255,7.711256999120717,7.634265676072972,7.546771790042764,7.389041523062222,7.264014198053405,7.174696482915466,6.977718175539046,6.766821433354467,6.643438248313964,6.492613567895488,6.3060437852237365
-5.885631999496149,-6.127154516292749,-6.572831618552434,-6.739371360531639,-7.144921799527981,-7.254750805989867,-7.378198817679864,-7.570222962411088,-7.485099945747127,-7.455522382938148,-7.3732371512566655,-7.272972748439731,-6.756552073355089,-6.603339458501785,-6.2277728661550595,-5.486290156618906,-4.73263343282217,-4.282679006199928,-3.115591219475867,-2.43124119498096,-3.805205554412736,-8.354440120479918,1.6004864962793528,8.77173965985314,3.3530806910579685,2.0136129266401657,1.9491574532045446,2.3763265876863,3.2447759662092865,3.5931685920346967,3.81170556017067,4.761521487642815,4.913677180892931,5.024343234661983,5.578209964375757,5.5467461610654345,5.634006378913983,5.7173465832708805,5.874589773294326,5.770807744108503,5.792900662621862,5.880954692773072,5.674747696543226,5.660252607585533,5.692417001049758,5.479851396527509,5.424853343954159,5.450359714392296,5.228880393253142,5.187047757041026
-5.924401941669115,-6.174458453947232,-6.243981917630069,-6.323464002613069,-6.523909822200725,-6.45877051914097,-6.446180072713989,-6.560371668574869,-6.377459574340169,-6.230306695167623,-6.271057481422122,-6.131886827463405,-5.673559619251671,-5.485195111872998,-5.209273770287657,-4.680337958893706,-4.47049161242242,-4.092978294604301,-3.4741381411515193,-3.0765923927341703,-2.75696634613328,-1.817521867911866,-1.5798733609507738,-2.4142927761428608,-5.54790864244751,-8.48839457788426,-0.7748406362232683,8.174256040181566,3.746006573031963,2.92446595724639,1.959773565365241,2.5791969384468456,2.664190387210356,2.886930551981196,3.224748702375565,3.3265743016193,3.5298606056692963,3.704735385233219,3.769284613552835,3.8433286749862328,3.9374682454935703,4.014501659085527,4.0206002093335265,4.017109936292691,3.9748752511186356,3.8512990613133997,3.9073258377873463,3.8215059864870775,3.7667700308269203,3.7661037743255483
-5.416505848750911,-5.585728567300958,-5.570749989375465,-5.626401517540896,-5.724234342690653,-5.635177834526853,-5.667725656623056,-5.675123205040745,-5.486954434056851,-5.423530117475476,-5.39090493344757,-5.317532111436483,-4.976157824049148,-4.857062367707012,-4.805659763455608,-4.393014043010547,-4.112445601958971,-3.995842790206923,-3.6039314132635134,-3.315235930919854,-3.088467156161553,-2.4719502907811335,-2.2062266189936173,-3.740028051930163,-3.523631949255077,-6.738373827333033,1.453198161274033,7.788949121238339,3.7697922392694747,2.5145225729112406,2.3130920550838145,1.6098733109541505,1.5440831712410217,1.5138477493007174,1.4837462706167333,1.676832007538441,1.7831681730561757,2.0642217478992455,2.2414312428207115,2.2736860872928144,2.3393623364252467,2.2957597684787348,2.3703008913813846,2.379678513290192,2.492987043457089,2.5177320921179906,2.5518736091846854,2.521753906151947,2.518629869232719,2.530014802817629
-4.998481277425766,-5.120612379147227,-5.080837576425678,-5.11312926939834,-5.161776695135168,-5.135666605939835,-5.063872042853981,-5.169862052923343,-5.039555525411622,-5.000985969105186,-4.9831121735711905,-4.977410807923268,-4.7599490507247175,-4.754257589198077,-4.673261164604377,-4.337541120095185,-4.234027671439029,-4.064186552075636,-3.800461812289624,-3.6103523693085164,-3.5787127890117625,-3.2905087428325985,-3.0343243947478205,-2.7642727262299007,-3.7115903860557826,-3.7833391576159356,-3.3426112310657423,-7.231275738939128,-7.76797215657802,-7.072367231845592,-5.695874031242021,-6.309752941341066,-4.833980164620579,-1.2946794188705284,-3.832388524312885,-0.1500211797486764,5.532152720510589,4.569577261450825,5.459535503866977,3.994572652407309,3.9155292125476935,3.327035902438523,2.275984277157783,1.562907831466885,1.1509663960100558,1.1020628112797537,1.0809889026642017,1.0709445986509305,1.7361231201512501,1.2736380664161076
-4.425423651156795,-4.540441414458816,-4.494766957974688,-4.556803600538214,-4.612989470257724,-4.5408163298846675,-4.57756143599177,-4.601078212240025,-4.5230586294067745,-4.483005249935282,-4.533766652683742,-4.502389426104923,-4.415998699024548,-4.369693789422477,-4.279597830971435,-4.158440820462204,-4.07602812686338,-3.975770961189414,-3.8073154384327474,-3.720232181453441,-3.629258563088978,-3.351358918451154,-3.295006603553273,-3.147222352431708,-2.8961617255627847,-2.7089914735256433,-2.5002793147471682,-2.3153441055069863,-1.807102491373835,-1.7471576731657108,-1.614722057456437,-1.4174853886769023,-1.1925973223465283,-1.0484962664603348,-0.9641473151874077,-1.6315862121864528,-2.5775745246427397,-3.4630268183263566,-3.9130132852131045,-3.2373228412900192,-3.2484021810882497,-5.507661729674839,-3.530211400101229,1.984575275648911,4.903601294699944,5.2247470679106245,5.30997482050839,3.0989268034932724,4.7043279939618925,4.89688128150799
-4.015678941619908,-4.084810185925801,-4.076282222068682,-4.124932349425409,-4.164894286466843,-4.115425045026487,-4.121653225886395,-4.1899932767069155,-4.1106405160611965,-4.161904156913198,-4.160203191420259,-4.140819113583176,-4.067701794140387,-4.063090069627163,-4.02740746385534,-3.912991998307755,-3.916125747105817,-3.8760661008760566,-3.746703470369221,-3.658574624290552,-3.6355049844979623,-3.499632425543701,-3.379617751761839,-3.356892164175988,-3.1357491885752298,-3.021986078848537,-2.9336963514727064,-2.897189372988434,-2.613213275210433,-2.469978400416988,-2.385574512884206,-2.186508677186033,-2.0551250392442104,-1.9312117882965194,-1.7203863611287173,-1.567112471700396,-1.5281705184413472,-1.4290330259575585,-1.3469736020102325,-1.231147677512077,-1.161336390276721,-1.1353594475018947,-1.0803073988406813,-1.610414950235534,-1.169814641906647,-0.9460989128593262,-1.6532373258159898,-2.5039518575948176,-2.468893801159724,-2.403918312594168
-3.672879710509317,-3.7787382882746727,-3.780108719810372,-3.8079925617454236,-3.8574922832233267,-3.8493038831184236,-3.853532947048681,-3.919264519014064,-3.8951121886781315,-3.865382883543615,-3.869361904188341,-3.894003213521911,-3.8789060334175978,-3.8731837360140124,-3.832053495178291,-3.7926624470028796,-3.807753942931813,-3.7977646214843443,-3.69073394485396,-3.6765324448428993,-3.6320595337494366,-3.5097041406621154,-3.4821816373512076,-3.460350186066189,-3.328808662496375,-3.2247337337044932,-3.1711998713128122,-3.1512866088320783,-2.974200099201763,-2.824816783631979,-2.697574837753901,-2.624421619870785,-2.582727547293334,-2.4678514744898448,-2.244725144730568,-2.2140561712949203,-2.1969244338087313,-2.0490132564221155,-1.9492692592307634,-1.8605508085836093,-1.8270835842725028,-1.785445334299597,-1.7015777379896477,-1.6705496142721674,-1.6568583647263455,-1.6231499739380875,-1.561205067993399,-1.512595451370193,-1.4991252823621777,-1.4960508511410007
-3.3334774244167797,-3.433776316879174,-3.44858025534749,-3.466575058941054,-3.485967768202104,-3.500499669737868,-3.5211823221481735,-3.5724430783383028,-3.5646528514422675,-3.5433934689904927,-3.6200161775087656,-3.60630926071215,-3.5669884517347707,-3.619659893074949,-3.609266662293143,-3.5679963371763077,-3.5777231905101137,-3.563930207485198,-3.5140758780518087,-3.483421829768594,-3.4528541018810412,-3.4107495417249396,-3.393678894334009,-3.3473256269220926,-3.2369001601350327,-3.217602593729903,-3.2021177470719273,-3.143892349331816,-3.0213116798939126,-2.9612954867443153,-2.9476862192926236,-2.812772327735984,-2.748871805257803,-2.704946101071556,-2.628616156971377,-2.569759205440066,-2.4840959577207644,-2.394604036786226,-2.357720618413236,-2.3118019383558748,-2.1552316465703583,-2.118791795340696,-2.0801934567932148,-2.070543888070061,-2.0058877985943413,-1.9692235096277337,-1.9628853421373689,-1.9368879150770195,-1.925478762519849,-1.9299772641480604
-3.1201868014316347,-3.156449364240473,-3.177776621327113,-3.2146060632379543,-3.2563935397935917,-3.257482174745412,-3.2800992379715175,-3.3143154689175245,-3.3148315280582272,-3.3377035826897536,-3.3429174237693076,-3.3718062677767424,-3.3703150365712404,-3.4044047025539967,-3.411431959521249,-3.3734038233686743,-3.4235191590490115,-3.407258380821396,-3.3522213772804013,-3.3523768461088825,-3.335134893188212,-3.303856776114789,-3.2651255967667954,-3.251322244478407,-3.219730647292571,-3.1822566539909727,-3.1715715596534544,-3.1523440537910683,-3.110010864414266,-3.0671463162173076,-3.0284690382920547,-2.982129397376828,-2.9258939023511443,-2.8886349374360036,-2.7769381825450563,-2.714348395250269,-2.7184519100106272,-2.667424287796374,-2.63228751067337,-2.6045102670717717,-2.524789554283794,-2.477574421510756,-2.436819554007896,-2.425219177694533,-2.437291179132312,-2.3897360024287613,-2.402980755842735,-2.352170304370669,0,0
-2.8461315690001117,-2.9068806814506156,-2.9200375408199712,-2.9317596845296525,-2.999522740007465,-3.0140532321836844,-3.017266935614041,-3.0597899056565874,-3.051916264487384,-3.0441588304474236,-3.0858233020338783,-3.0909085455543543,-3.0765994769649634,-3.104681013717692,-3.123934929911833,-3.1220948141190203,-3.1308454254245004,-3.139278457120807,-3.1174262075226196,-3.099604967914834,-3.120541385886563,-3.1046057838235726,-3.0797958261846605,-3.079757449263488,-3.021867203732321,-3.028563954922731,-3.026969020751067,-3.0028482375118326,-2.9633788449179765,-2.9298320988044986,-2.9234560085519106,-2.884056792286061,-2.852380645144978,-2.8234931842966633,-2.759327935573503,-2.7263295716928244,-2.703917969824485,-2.702683965388734,-2.6857850237664516,-2.6435231895211193,-2.614495673377094,-2.599886320405783,2.4744357634030975e+38,0,0,0,0,0,0,0
-2.672838591171471,-2.7158871740713955,-2.7292849553449026,-2.7649955065665996,-2.7856246701973024,-2.795999329049557,-2.8071279244633334,-2.837313170080323,-2.841464251493326,-2.8614668715327882,-2.883191244482584,-2.903994579202887,-2.886390230650174,-2.9074089249792716,-2.9301506996709876,-2.935670996576843,-2.963898007795457,-2.9657810788755383,-2.9568704920259665,-2.9754231432383293,-2.9736237703500787,-2.9508391329044095,-2.9477660273149984,-2.9539930426750014,-2.9164181583509814,-2.914286936197222,-2.9135781380317054,-2.9019489674345285,-2.8773736766020765,-2.851043437733801,-2.840061472849558,-2.8281701851127194,-2.8426038745466893,-2.8329129801404918,-2.8256193926944144,-2.788298444345785,-2.778848657616698,-3.2454272881244557,0,0,0,0,0,0,0,0,0,0,0,0
