jsons/1312678800.json
{"header": {"parameterUnit": "m", "parameterNumber": 2, "dx": 0.1, "dy": 0.5, "parameterNumberName": "Eastward wave", "la1": 40.97354507446295, "la2": 16.46031188964855, "parameterCategory": 2, "lo2": 133.9931640625001, "nx": 191, "ny": 50, "refTime": "2011-08-05 8:00:00", "lo1": 114.97908020019554}, "data":
[rows 22 to 43 of 50, columns 100 to 149 of 191]
5.321270005265858,5.8407205411312235,6.121665053822673,6.240626839570937,6.400010009471006,6.440859672600424,6.449150701370884,6.36684279865722,6.319667901335274,6.300707981595104,6.209076133439545,6.0074795681343,5.935580412742023,5.708805858783648,5.673587689605637,5.5665156422748225,5.3871327819303465,5.259107608462726,5.213055101632401,5.103075185771462,4.907614245324058,4.806024627611843,4.692701219156927,4.564892899744292,4.493380307433386,4.407193539300577,4.240098707178915,4.138013042167851,4.035677526104061,3.879587346307206,3.7863984604422014,3.730170748888206,3.6032825589714017,3.5296686325420112,3.462808678233305,3.3584319539098892,3.293218843502368,3.278918837905427,3.215185333863047,3.1443549257585857,3.1042594683066063,3.063895733046585,2.9973432175418657,2.974979842496693,2.941745539944812,2.875399388060719,2.8458804312937964,2.8117781287850407,2.7707798607529366,2.7331152060385753
3.242418772398482,3.6536457385331396,4.270607600696174,4.424458319191651,4.65893280308612,4.719436510033852,4.802733309086036,4.8892105563748345,4.852902665606844,4.868390241487752,4.783838386310891,4.801476399505681,4.738715868734942,4.686247728685635,4.592532287728583,4.5778783880303155,4.447660042651673,4.433537780885442,4.398520132291099,4.286504291513277,4.216216353472653,4.150124846288243,4.112612591086808,4.0175856668609935,3.9845851963993413,3.9398955701720717,3.8375186328519137,3.755041171816185,3.7076092727144196,3.605956744158037,3.5640347389508706,3.5115417358440886,3.367566856794013,3.3456332483447255,3.2828101148437003,3.1740307979387317,3.1563888971052867,3.112755319997266,3.0736056074999363,3.0051218629483083,2.9661634689741465,2.933768094349001,2.8737630905679206,2.8207735721166474,2.79954443959909,2.726796070223557,2.707880173268458,2.690054976718873,2.6555264497107913,2.6473773523729522
1.5047612983153427,1.683948419274683,2.2443914979485875,2.444323806873751,2.7153594762188153,3.0851111996878995,3.205922986591121,3.3064719782581364,3.5223824924909057,3.575448515953423,3.636789459402214,3.6259515737140102,3.7118722551397374,3.711479236755818,3.728141779299197,3.7392650300624526,3.719163512436227,3.7312784533806655,3.680360446202842,3.6511605934924782,3.5648918414438646,3.602536686598616,3.596611400064618,3.5420369936291105,3.5398219121967998,3.5209506399161214,3.4516348444560156,3.4379203404246192,3.4008278885265364,3.3255227945115475,3.262761515770757,3.252394417017601,3.1974972785662317,3.1813700277753467,3.136410451174655,3.0696192363292005,3.0166039459739613,2.9725812264785376,2.917033348673646,2.807312645540935,2.7704126472847586,2.7282195676928094,2.6544895015816485,2.6164232366293163,2.6159622647423375,2.56315911178016,2.5682626838948313,2.5537028601136202,2.535026148257417,2.521960884532666
1.5187037527654264,1.2870105584680622,1.1772412390591105,1.2965158938839083,1.527327015343443,1.7814526077260218,1.967203714001284,2.0428289493463168,2.412308875876265,2.452183605162187,2.4676668170958806,2.611022478723206,2.723666155290196,2.8262302744723335,2.8599875885204966,2.945287010215431,2.957780132952784,2.9625075339865172,3.0394245923317973,3.056383694970236,3.033089173477964,3.0828608935898174,3.061274532860317,3.0649364002864035,3.1093025515295065,3.092819828707589,3.0598531291962163,3.0496628393207597,3.072627463112675,3.0185308739080963,3.009648452646475,3.00712275483589,2.9534364527673143,2.947649693100746,2.9357422286905743,2.885987311598369,2.8656514649617293,2.8205209594561955,2.785247041680466,2.711532148021553,2.5387140038261067,2.416357115035197,2.2521055466930453,0.2219517019373007,-1.929441140421592,-1.3093307437778265,-0.1478012293962387,0.9642427737513853,2.266277560236596,2.406826138784986
-0.6440186602163112,0.7953684590086454,3.3947828692248447,2.159912334932423,1.2674317911237831,0.9426712227783053,1.1156956807032852,1.2221114987976192,1.5313673486629575,1.648153874774849,1.7668609489831213,1.8410908554108751,2.0969232945838105,2.166136998537123,2.2761413084972295,2.421463981751191,2.464350368230578,2.4929596000797325,2.620746522725365,2.638407588266241,2.6494329046109346,2.7039567307376786,2.7546776030118107,2.725136165732721,2.8153220689188396,2.8391069805556075,2.842490966598646,2.8453242043336626,2.84049017687145,2.8128537031172036,2.816947525757457,2.810606795633316,2.7628290878621447,2.736053061656386,2.713230613389518,2.6445660181188066,2.6013067235869265,2.5151929421766406,2.5972837418973405,2.6314947097446177,2.422311767036367,2.3903859337848146,2.5055266431041323,2.5097221924534767,2.5154236696140932,2.497814702501817,2.505724731260176,2.4840435606459326,2.4992448027767753,2.4967452977508957
-0.6166612482167032,-0.8625099841313983,-3.2187376855215524,-3.3785146919991593,2.4790728399624924,1.723063715416871,1.0994409830471867,0.6184390466425642,0.8716707797080823,0.9785393073842688,1.1356201356835582,1.278125723855813,1.5401043380225592,1.6522773091659921,1.7103196719650522,1.9756327870330954,1.9928150153685504,2.116237115899436,2.1974803082729495,2.2536447618550013,2.2568951308922363,2.313283214724847,2.354796996435627,2.3363385615197916,2.407969750967973,2.458757136683034,2.5020668705719555,2.614155077956723,2.6995701896646462,2.61038380475081,2.5874255850772,2.6025715680636647,2.5615490510821872,2.604807184496579,2.6079353544662434,2.5701316132537757,2.5604360269001805,2.5720703216452105,2.564869973850015,2.5493860338506127,2.5489299683330557,2.5347781791642197,2.51382482339364,2.501935168811434,2.4867965195276063,2.457436827525576,2.456766504256153,2.4492415110898493,2.4107017154506822,2.400940252289186
-0.8734426957498488,-0.8029193427637015,-0.5648896213297582,-1.4702333057622667,-1.7156960564005497,-2.2560765758150545,3.0127339234329624,2.184692645374957,0.4475690884345007,0.4679849026276954,0.5598584107177834,0.6934767230480086,0.9778428568875417,1.0443928491041439,1.2056449165829857,1.411651073318569,1.518051038305895,1.5699482889499452,1.6827800654068992,1.7068062366267083,1.702523135296194,1.7069464849165512,1.676051740799461,1.6981367480388014,1.7251085312217445,1.7480281325459355,1.7500870615716233,1.754394058179077,1.6760075022673229,1.6263559012174194,1.5630895738972617,1.7652115552321426,2.057554954407973,2.1393303303100852,2.251145371095206,2.2575395470914743,2.281817574540575,2.320212431962859,2.3193818602472778,2.2933741854120817,2.326251040549789,2.3099548063013344,2.2969122751915503,2.3183100311969618,2.3258781000144175,2.325675493725219,2.324882020015812,2.325143510751732,2.3147772269437525,2.3054058653391474
-1.0458228936218874,-0.9463730949146816,-0.8415563552490322,-0.7508092649999115,-0.7021336180081791,-0.524472256092967,-0.8871331189164372,-1.211800210368887,-0.33988506047591627,-2.0050082235844235,3.0756129051374885,2.0694312215268584,0.3798654691101235,0.5048473645570761,0.5951259269221835,0.7845187083518826,0.8543315772799981,0.9290077637256641,1.032587472862297,1.0826920248391856,1.1296629872495412,1.237191883682918,1.2624937112995058,1.2589063328666692,1.2335526552786025,1.2145253517616716,1.100046445542773,1.3523811496995404,-1.0021109189012356,0.6051957327358,1.5346659473926052,1.9082630295255618,2.0533362916035354,2.1152465358394563,2.159890047772742,2.2489167782946984,2.2363911896529807,2.2623360807085082,2.2649464671757844,2.282570475428303,2.2558746158372536,2.228532540745132,2.2322273973804334,2.215441297527663,2.2039969012643046,2.2075370535841916,2.1900977905086054,2.187811117231834,2.1838208413834526,2.1701052596818595
-1.129382417210625,-1.0495252845811707,-0.9305044520103913,-0.8223106521820098,-0.7704365801218016,-0.6072345368710892,-0.5409715640291268,-0.4707494641196224,-0.33141134138634254,-0.6903925040622018,-0.7720298680098729,-2.372987116754757,1.2019429217031246,0.18767964108407356,1.6336461935055882,0.37203047178909104,0.4374377795281963,0.5345864529390045,0.6590050345053277,0.7255772974907602,0.7910712311040871,0.9592770817729975,1.0347486994122699,1.0909598717694453,1.1744234112223526,1.2037117738915601,1.2923248309359,1.3670180494319994,1.6627784050704733,1.7726069582368116,1.8923679580245631,2.073806864131793,2.0405235433736264,2.0354361266172174,2.0752947271361486,2.0333281033628414,2.0631379636457208,2.0172277665969007,2.0704355208893035,2.054110062111854,2.0501780405139933,2.007568809909249,1.9869284829903677,1.9999011326219678,1.9985665562382653,1.9908602436025606,1.9778841523111244,1.9783188326082803,1.9438131192757524,1.9310023404957706
-1.2803838265643874,-1.2413538518362788,-1.068791546240035,-0.9895751938253043,-0.9477557799839349,-0.7877040300042393,-0.7239401990797114,-0.6334233532585366,-0.46926311385857183,-0.4386382212946112,-0.3601273778992545,-0.3247415067508771,-0.8167579567788559,-1.939215888448502,2.4882659666417597,0.3104541880106398,0.37231416832021746,0.176295584668103,0.2860891060678154,0.3734553437775603,0.4414571372730726,0.524417195614107,0.589303406156319,0.6519329461242549,0.7631433925257964,0.8406323101633512,0.9024511390939421,0.9547263738335565,1.073791035364057,1.1447993704501542,1.1785432306309278,1.2045368001268593,1.2038178734477176,1.2234322124090282,1.2423151001963415,1.2979190725192284,1.276978377475399,1.3194443007984409,1.3332932753021554,1.3058070938130257,1.3866369355435568,1.3745521711816227,1.372874970225657,1.4109966594922274,1.3963537232909227,1.40089593331244,1.4004909251095783,1.396969010759191,1.4258118333410084,1.4645463335695132
-1.393985343977229,-1.3206062895845296,-1.4077055098288394,-1.6464991690208568,-1.89371982909161,-1.2440496712253737,-1.0684062441587137,-0.9151630235779343,-0.7154806126699915,-0.6246379404671022,-0.5419253582679422,-0.5002888499550547,-0.38389892374474016,-0.3000538598340775,-0.25009077060725726,-1.0586523276658986,-1.7996718275569232,-2.3258937213759996,2.2505451873706703,1.3126654519627752,0.7133641065795603,0.30591906201939045,0.33054586719467466,0.3929014324955525,0.5270298526518591,0.5624719558236438,0.5949349327989188,0.6406402654592283,0.7047731172840727,0.7215363827373307,0.7391530585511206,0.7691183510648566,0.7923237052673285,0.7988968441237508,0.828677264181215,0.8866315377606907,0.9554671639581391,0.9296294723855042,0.9532923738544119,0.9632914782957235,0.987522379563197,1.029190811842538,1.0299938306451482,1.0517311824754656,1.0767917354276473,1.0814249395854576,1.0791199553520057,1.0641117132816051,1.0626418469720265,1.0453873098759667
-1.5885688076828801,-1.4421954478291308,-1.0218790731334821,-1.154570885926117,-0.885998588832877,-0.612567997557028,-0.6476115076000042,-0.662792597675219,-0.6221230156943979,-0.5968540615767551,-0.5478293413565098,-0.5436021044897018,-0.4706602095134721,-0.4190591384367822,-0.36859020949339505,-0.2744497682622922,-0.4095559674082629,-0.6437954161249696,-2.189047914657327,2.223162777434868,1.92022820485477,0.9579741899338272,0.642241398493859,0.5098460496165174,0.30555831378555326,0.32788968559456727,0.3856470733094216,0.424551405723689,0.5111569301562412,0.5518566601360203,0.5535710348164978,0.5873433432889291,0.604272020551669,0.6123102097853486,0.669242911849667,0.6734346075132356,0.6719223693995335,0.6698787291385399,0.6802794800469513,0.6898956771990103,0.7108863966127968,0.7475647877929102,0.7667350712985754,0.7813078698255757,0.7905703048661105,0.7777958931163121,0.7706956522900655,0.7666640789701508,0.7426839070158956,0.7451129023831001
-1.975096840675545,-1.8346805306492253,-1.612397278069415,-1.485528003541892,-1.3699267316059496,-1.1960730977980114,-1.0636594022724672,-1.0245213090118261,-0.9293321290799136,-0.8488751656138166,-0.8175851919199605,-0.7474999832430158,-0.6476491471331929,-0.5918185044717087,-0.5477997763921523,-0.45667171191660955,-0.39854993341377565,-0.36049063609556353,-0.29367228211586754,-0.23746138239525602,-0.5581791470138366,-1.2816759320035587,-1.7374289479728013,-2.4463834292538493,2.2160862434465787,0.973021441818725,1.5349325415322923,2.165864847451653,1.3666049065587051,0.6372084760640471,0.31357526310111483,0.38444384854344665,0.39640136116397756,0.4182224427516624,0.42911902791983814,0.4483338326707081,0.48085749384478704,0.5003550662251941,0.5095831288498384,0.5236505268358311,0.5236359498447927,0.5423090398292278,0.5614524069989872,0.5439734910996421,0.5304187723504034,0.5240573496562955,0.5455004846196676,0.553426842708691,0.5558875478294215,0.5485525416528891
-2.173366190329035,-2.087903050033219,-1.9409852178967253,-1.8619307920445245,-1.7407024546702934,-1.5875122460707867,-1.5235270480741219,-1.4233679751898143,-1.3021666129713871,-1.2537072787485972,-1.179098798994147,-1.1503660242074132,-0.9994313193522942,-0.9278702506332008,-0.9104608119636126,-0.8065598547332368,-0.7156522432072926,-0.688047272512274,-0.6010147773476726,-0.5285464915062555,-0.47406076250217555,-0.3908708165986275,-0.32355202220407653,-0.32684440218078503,-0.36273410466540357,-0.6742100687572592,-1.437418567500016,-2.1976584203049003,1.9890219326750067,2.460962245062712,2.2680240107956826,0.17479219222876563,1.782590415186701,1.9798968443473264,0.8622722585098681,1.5952667944657293,1.544767465720514,1.0692785316822526,0.8908325497536184,0.6088573649211421,0.2505839113866112,0.24112982794458201,0.5345978955366743,0.6627795349178733,0.7140531754531401,0.702222689007735,0.6781028094525731,0.8842670070230371,0.416710368775164,0.33468745745584455
-2.2621802207625175,-2.2233379337308006,-2.172955410392831,-2.114635286158316,-2.075570600297211,-1.9535964906897516,-1.9052455875402667,-1.8114671650006677,-1.7591990705290994,-1.678621092720452,-1.6126325153960444,-1.5989703359957554,-1.4731944912957893,-1.470025979568391,-1.3715957902394107,-1.2158867634465969,-1.1728674680837292,-1.1156963469136163,-1.030743841010628,-0.9460573298566693,-0.9279490584745836,-0.8833708775206097,-0.820527062542039,-0.7792386657371346,-0.7019555245392568,-0.6133577515978008,-0.5937731044245296,-0.5277010426700133,-0.42439409837151787,-0.3812290592044267,-0.3165556798764647,-0.5590847851888554,-0.41522739215240495,-0.2700133679299125,-1.0692372885533077,-1.1593229211774783,-1.462797376683765,-1.1013045392458694,-2.1266991140138063,-2.1285480146854474,-2.1260749218863992,-0.9699743660512524,-0.6482229754257378,-2.029373286581019,-0.33676585300056266,-1.912142339303369,-2.383693482635685,-2.242290253629451,-1.9755664514135503,0.7415882461994142
-2.4654058739820526,-2.394323558381431,-2.326609130135206,-2.285786874659811,-2.2469452115539297,-2.156181331786072,-2.1212202336411448,-2.0350305551900556,-1.953730076961181,-1.8942507370215758,-1.838290678866281,-1.7936034979737925,-1.7129769917748892,-1.6645954956489142,-1.5878373607692966,-1.5447441231686065,-1.5115532620101007,-1.5106964830507217,-1.4422911277678176,-1.3706423692905245,-1.3174573981121633,-1.1611507644714512,-1.1132750397888709,-1.0581053354387102,-0.9515404121431779,-0.926760993096687,-0.8813404343656505,-0.8419139934036087,-0.7319260389989264,-0.7199091205028099,-0.6756807776464373,-0.612036831789049,-0.5179283862108792,-0.4480631904305868,-0.46514745370552535,-0.4472711420734454,-0.4164419310609425,-0.3528047031236403,-0.34503806969654305,-0.32876984236674306,-0.3079185383601976,-0.6044578035609021,-0.6513599486293213,-0.2571977014857007,-0.24539653816621354,-0.40554046947023037,-0.438764822315617,-0.6170221135870986,-0.6184675139856426,-0.5165384554760382
-2.4759464694563746,-2.436052095455942,-2.3597797376839065,-2.33882033405931,-2.3078006503216155,-2.263357396607219,-2.222530179485229,-2.1842830043990626,-2.086201484689962,-2.062673990744536,-2.028580534451519,-1.97849971852186,-1.940082330121242,-1.902761439820032,-1.8679321657350887,-1.8172700439453127,-1.7991633452810245,-1.7636720842976497,-1.6824939292800565,-1.6121708465889997,-1.5342634975785776,-1.4446133852476475,-1.3730255376075517,-1.3447259670548612,-1.2649488563367048,-1.2175563973808972,-1.192104613465358,-1.1812739643967138,-1.0932745993070352,-1.0379102311817323,-1.0111934911523761,-0.9480917467401125,-0.9045170872529307,-0.8592197365116964,-0.7880420807267808,-0.736359036299955,-0.725105497030017,-0.6829401161113781,-0.6557448736229248,-0.6196992678481049,-0.5966155725953677,-0.5909725484790717,-0.5769746506730515,-0.5265426870080848,-0.5010133243838146,-0.4946747525660327,-0.4914852590783944,-0.48002841175235633,-0.46530206392809625,-0.4468963346812529
-2.4834857702190622,-2.4670000042318234,-2.406154934347675,-2.375300727720499,-2.353095351800779,-2.285335940357973,-2.279309014757871,-2.2568963900601307,-2.200316074769375,-2.1518447157488434,-2.1132551675619964,-2.0897352963565337,-2.0299449136830856,-1.984494989704149,-1.9517279402932242,-1.919565657104211,-1.8925085702288198,-1.8690193739347996,-1.7982129868115788,-1.7745706193012465,-1.7268264611260657,-1.6079523829126747,-1.5874534391409654,-1.5664992726776732,-1.4925321261250564,-1.4451381165266504,-1.4283177863055552,-1.40367593821233,-1.3100445550166453,-1.2447551432739585,-1.1932042571699084,-1.1697528254126535,-1.1491113025009152,-1.1003780183185496,-1.021909940916377,-1.0147455379062191,-0.9980768797262748,-0.9391152374488003,-0.9077995573158378,-0.899324460655865,-0.8798363466727519,-0.8413255726150427,-0.7926334869621904,-0.7294243400510565,-0.7027599167378421,-0.7063477164695854,-0.714198851897352,-0.7460200500560019,-0.752716213819572,-0.7631995450779315
-2.417843471436714,-2.403861073577768,-2.3558301695511092,-2.321823778565183,-2.3124607613288295,-2.283525359501718,-2.264196559781157,-2.231170739056011,-2.20434369424387,-2.1738921807088616,-2.1239946949200563,-2.0922274950772133,-2.0528532135399815,-2.0109334730634805,-1.97091571271424,-1.9247739832683344,-1.8989886145078947,-1.8688364433847888,-1.8350921566864271,-1.8165668911607094,-1.7777214768245244,-1.7523998972311654,-1.7170648435949143,-1.6679928210140882,-1.5365665836199227,-1.5007692165173492,-1.5040519516407607,-1.4836317423531376,-1.4244434504042505,-1.4048487692856795,-1.3988723737258628,-1.3324967876361151,-1.2934350556144032,-1.2768179686900152,-1.2455550977595624,-1.2065211537465466,-1.163219575966429,-1.1164123345822854,-1.098040629278168,-1.0836259493303972,-1.0070667193587315,-0.9880006872598112,-0.97520150012474,-1.0001490425371389,-0.9845917027410803,-0.9741293955285504,-0.9718966969452405,-0.9881997591070188,-1.0135635123609448,-1.049220398171328
-2.3556949898173345,-2.348883384496392,-2.3096917469595466,-2.2860551641429,-2.2687842233118505,-2.2436701521904965,-2.229598815516492,-2.2174648799617316,-2.1671743928889486,-2.134023385933574,-2.115923252577689,-2.1046015292043863,-2.030384924752757,-1.9910281634151388,-1.9726164633057246,-1.940430973942836,-1.9183736654227408,-1.9030425212258457,-1.8582749320319696,-1.8377172588878257,-1.8190912386692342,-1.7847467911620813,-1.7373854395039776,-1.7126596203849982,-1.687954365207721,-1.6621939570631825,-1.6251183506903766,-1.6025476879324618,-1.5698307578117723,-1.5416288206433988,-1.5091516211732814,-1.4801334864175848,-1.45595772758454,-1.4427848085931965,-1.391801878929659,-1.3642104678499392,-1.3642592825371695,-1.3317953057915892,-1.3117238959693178,-1.2989023295656803,-1.2738860079087873,-1.2608398654935344,-1.2444721391590245,-1.2621557651804975,-1.2978201386136607,-1.331076558863419,-1.3836286353048661,-1.3546080481168008,0,0
-2.318722535939125,-2.2955361960899485,-2.2628823088690773,-2.2513673023966834,-2.2319832353024833,-2.2079806571901606,-2.19665864766831,-2.1737275051737557,-2.152785002156571,-2.130751776981908,-2.1091182918513947,-2.090946485239457,-2.0541173536471034,-2.0286844793099683,-1.9912735772584775,-1.9643781799035271,-1.9482940717156272,-1.92683378481626,-1.9106188411134073,-1.8971412833105266,-1.8697861281961552,-1.8412009456580025,-1.8173687201705473,-1.8016946306383776,-1.7308063295829752,-1.7218875209773703,-1.7189152249231856,-1.6872234169939937,-1.6571190979142372,-1.642515232721657,-1.6265526794620746,-1.5969645296981465,-1.570746282261741,-1.5501792707309878,-1.5321538557146213,-1.5084457366118742,-1.4977114578757247,-1.489829286371702,-1.4828911077398368,-1.4594770609807208,-1.4541866873905245,-1.4574027491146662,2.154403216762802e+38,0,0,0,0,0,0,0
-2.2738660388497216,-2.264845826217798,-2.2346296821634786,-2.2248699349109757,-2.2162233089809584,-2.1861975477328803,-2.1793768195303276,-2.1736284234406766,-2.1423216578650237,-2.139642014085246,-2.1186974900013626,-2.1021512211568134,-2.0608165579261692,-2.058594075202117,-2.033828309889375,-1.9992592268548526,-1.9764866599130413,-1.9627024222487086,-1.9238609271614036,-1.9155217550600059,-1.9062325006408414,-1.8818497794555582,-1.875496121438341,-1.8643803994611774,-1.8130077634448505,-1.8045536601159773,-1.795890676099599,-1.7756601634527345,-1.7397447819252583,-1.7046988664433549,-1.6918667014246123,-1.6889246597488272,-1.684599886354467,-1.6807109749500604,-1.6963351484632652,-1.6797491164048546,-1.671315474286276,-2.2619248331245965,0,0,0,0,0,0,0,0,0,0,0,0
