jsons/1312506000.json
{"header": {"parameterUnit": "m", "parameterNumber": 3, "dx": 0.1, "dy": 0.5, "parameterNumberName": "Northward wave", "la1": 40.97354507446295, "la2": 16.46031188964855, "parameterCategory": 2, "lo2": 133.9931640625001, "nx": 191, "ny": 50, "refTime": "2011-08-05 8:00:00", "lo1": 114.97908020019554}, "data":
[rows 22 to 43 of 50, columns 50 to 99 of 191]
0,0,0,0,0,0,0,0,0,0,0,0,0,0,0,0,0,0,0.07426842000685299,-0.06775545560483155,-0.16883672630161453,-0.1863548151279133,-0.1179013124300668,-0.2766337297684003,-0.596153677787167,-0.677204169037471,-0.6783258408539786,-0.7084488031557491,-0.7703165435049132,-0.7856010755016984,-0.8111581909694863,-0.8490667501607677,-0.8564698147087684,-0.8560734443623436,-0.854601646343307,-0.890906807412801,-0.9274964091593837,-0.9621676184634075,-1.0536614656930143,-1.1472294245700279,-1.1818287361050308,-1.2283155096600782,-1.245435246064757,-1.265710044810403,-1.2796353525231727,-1.2833889034937103,-1.2889357210745034,-1.298820488552201,-1.302272607374922,-1.3042213541684702
0,0,0,0,0,0,0,0,0,0,0,0,0,0,0,-0.06587710342933539,0,0,0,0,-0.2784123336550855,-0.4444167426905891,-0.6061268744450478,-0.6700255937725474,-0.6992361102430211,-0.7664795234164388,-0.7885109667034217,-0.79626700031538,-0.8132516738467068,-0.8178353272836992,-0.816136001714928,-0.8361084882420594,-0.850885319835649,-0.8950984613777885,-0.9617192188637395,-1.0675990777697921,-1.1014144036641025,-1.1233201425701311,-1.1608192196908584,-1.1794483532472273,-1.2051518092085933,-1.2666455467129438,-1.2915845037366025,-1.337830498825909,-1.3984287601410414,-1.4335522065749344,-1.4713667492332902,-1.5178443985980385,-1.541644792683078,-1.5649280769827811
0,0,0,0,0,0,0,0,0,0,0,0,0,0,0,0,0,0,-0.3730280218025136,-0.5389114738086423,-0.6351565779669173,-0.7009891579641843,-0.7994850215295536,-0.834744209451257,-0.8521727558204792,-0.8851978909169274,-0.8884768443884739,-0.8935861258997778,-0.9277506241049394,-0.9475661249618843,-0.9855568449648004,-1.012150950289126,-1.0278209849032027,-1.0377418135686072,-1.0496925350541866,-1.0914587978953394,-1.09336863266847,-1.0863685108425751,-1.1255035378606266,-1.1520397116768555,-1.1803258264229497,-1.2894385931462458,-1.3742474424553741,-1.471177182395627,-1.5762100609588097,-1.6058313805630982,-1.6491080993576885,-1.6853608562188027,-1.714733227366169,-1.7683924098541528
0,0,0,0,0,0,0,0,0,0,0,0,0,0,0,-8.1454825486999445e+37,0.09272321232730878,-0.4866705659770839,-0.6503526950961652,-0.8109283586262195,-0.8541003327135245,-0.893783770561874,-0.951580909140568,-0.9706646764243946,-0.9850882982084883,-1.1043306615939779,-1.1752908204069987,-1.258090884700145,-1.2996016859732509,-1.3088954037809608,-1.3105506956449129,-1.350732754527975,-1.3871468153344846,-1.3942552496221945,-1.4113493940334272,-1.4687914328744371,-1.4893724585783084,-1.5049189302294526,-1.558093890055387,-1.592667642297333,-1.6036437525544938,-1.6415998973096848,-1.6596865499653408,-1.680287633249184,-1.73323032914227,-1.778918578273418,-1.8510353058341078,-1.9430840061736736,-2.003304407333212,-2.066503189933992
0,0,0,0,0,0,0,0,-0.16487031249124673,-0.2891859343533984,-0.3900115449073825,-0.4649921649022576,-0.6054957126060526,-0.6790723084724349,-0.7566995343634764,-0.8213113318804458,-0.925376180079484,-0.9750791695651467,-0.9996427424218268,-1.081978811847487,-1.1328140418260606,-1.2100792880316433,-1.355689038322335,-1.4038641158026424,-1.4222390608367632,-1.4564668315065883,-1.4750358020201986,-1.4754851369299793,-1.5100706666952675,-1.523714626946986,-1.5282130683375592,-1.5673203262262982,-1.5888951572362175,-1.6098653436086239,-1.6197916919591382,-1.6793002121074485,-1.7020758037276749,-1.74902583729731,-1.8453910860340148,-1.8761834846541765,-1.9052489372350734,-1.9621633322043759,-1.987381547944651,-2.0025439603513835,-2.07094962841019,-2.096541922299215,-2.1190703797019412,-2.186818020288028,-2.21590106635578,-2.284573876979478
0,0,0,0,0,0,0,-0.44564937940390564,-0.5387521435384081,-0.6983255978975997,-0.7407142489703238,-0.7734467652561076,-0.8356204160161713,-0.8501010510407271,-0.8565297405882516,-0.889527271076095,-0.9309511434224792,-1.0246297474358061,-1.1061374355198021,-1.289623401548307,-1.3674866388231888,-1.375711211420891,-1.4105274678437572,-1.4173145683268957,-1.4069833862206231,-1.4365757745881866,-1.4508143446845647,-1.4551667789528357,-1.5052856604071017,-1.5285855404394768,-1.5286861949298796,-1.5774687027107654,-1.5941538401874007,-1.5933259292948687,-1.6025701260956664,-1.6572897208080934,-1.6834966637941553,-1.714171898933089,-1.790639255454737,-1.7955164296418848,-1.8148750786858854,-1.8563703880292437,-1.900409069177289,-1.895026417822082,-1.932432376188611,-1.9683717319604153,-1.9857373567060046,-2.102172240360526,-2.1457234075574925,-2.2457827950095552
0,0,0.08959062056531135,-0.4293146598235694,-0.5313368842153435,-0.6318635091653326,-0.788878445615223,-0.8245339010909513,-0.8427269132774657,-0.8808846163437134,-0.9069230484034682,-0.9200914431424217,-0.9639846354996728,-0.990365085733888,-1.0224143759113553,-1.0610018109299486,-1.163793504756744,-1.209527872409254,-1.236398645908267,-1.2661973915906,-1.2639409810853548,-1.25889457136213,-1.2913584721627502,-1.2964626474510041,-1.2896693716264016,-1.3086633068119353,-1.3088858526047271,-1.2822175385630938,-1.3263333203264736,-1.3399699849921936,-1.3397207344750612,-1.379558012531702,-1.3832025230622642,-1.3876041013195386,-1.4068963597573745,-1.4607202469493632,-1.5230966808187845,-1.5546644478323959,-1.6175187921600793,-1.627389495222855,-1.6536221841996352,-1.7063435756903516,-1.7688131213002598,-1.8104114773546671,-1.9368693095803808,-2.0197683933078117,-2.121504927743515,-2.2914130856180726,-2.353036814518739,-2.519045888215935
-0.4339239328889552,-0.4446039258083728,-0.5119425890612735,-0.6257672713192411,-0.6846290824689407,-0.7088280400923426,-0.7345660468875647,-0.8397367486961516,-0.7739511285244132,-0.8173407413740439,-0.8375451438437611,-0.8843282129996477,-0.9487387201751064,-0.9738200337157469,-1.1195375602329636,-1.211704906006798,-1.259232093333389,-1.2566966626918277,-1.2635130619786765,-1.2982118262749263,-1.2776032140613063,-1.2851513960087415,-1.3195100869525327,-1.3156144533893386,-1.2971983788653276,-1.3354660361169877,-1.335950991498887,-1.3246590330626185,-1.361989953190649,-1.3587193414327687,-1.357722433440352,-1.404129991141976,-1.4171265944898659,-1.4272554123021572,-1.411835317647961,-1.4635720081740975,-1.4558074168432285,-1.4672167583275852,-1.5399096280292186,-1.515523417763981,-1.5301253346474801,-1.5988180330688602,-1.6480946670274799,-1.7163380696895196,-1.8027635360695329,-1.8802633378258182,-2.01091927825462,-2.203851784119961,-2.2855070132287,-2.5144610588344305
-0.5105463794280178,-0.5722145863123022,-0.6451650483249318,-0.7217290702351309,-0.720801867255469,-0.720606465873983,-0.7413596296075422,-0.7519682651781888,-0.754763595793062,-0.7899899916210723,-0.8204489005718636,-0.8982096954083612,-1.1420953206794418,-1.2156439806609938,-1.2909413145477677,-1.3039654553824123,-1.3229738385018042,-1.3037536783970216,-1.2926638492724867,-1.3131976073119083,-1.2837376974577193,-1.2741944415391957,-1.2700333335492981,-1.2579646349243716,-1.232295006045103,-1.2502894201143229,-1.2531905351480874,-1.2326086855253433,-1.2483377003592697,-1.2278536314167743,-1.1760243920833624,-1.1608124191474214,-1.1563259045238266,-1.1145522249885689,-1.0688204843394302,-1.090228677696384,-1.0361077318590817,-1.1110753812815748,-1.1677333816277735,-1.2033006634562002,-1.2859083684942052,-1.4100693340518402,-1.4627901273036983,-1.5032972302430228,-1.6605635206536218,-1.7191018874454953,-1.7811113288571279,-1.8756602603177661,-1.898696274357956,-2.1238259397286323
-0.46463769510874736,-0.5638241490313095,-0.5854165797503791,-0.6361922240932325,-0.6321452264044145,-0.6399676667416324,-0.6547381651288553,-0.6615857130154902,-0.6879829191205216,-0.7724870977230809,-0.7724482906118176,-0.7700184039531733,-0.8333778076446124,-0.8447282922364457,-0.8822696415754396,-0.8961391549707725,-0.9094132946238981,-0.9239619471235423,-0.9457685065172735,-1.0007324993729392,-0.9684902129189574,-0.9417477032412687,-0.9510575736549396,-0.9056710189325065,-0.867926184082325,-0.8532102278001795,-0.8109430428782236,-0.7517557389439744,-0.723585703490841,-0.6679661029356565,-0.4978208473463567,-0.44267602573331505,-0.35399879585736327,-0.1745660409091344,-0.1478030772948152,-0.1480118197845784,-0.1437212478833777,-0.11382111414576795,-0.21014019802007033,-0.33799332000610033,-0.41766672577131264,-0.5434127221431903,-0.6264873311830915,-0.682996399051079,-0.7212422592969424,-0.7537742925356025,-0.771778151404705,-0.8322409812903578,-0.8610223077383279,-0.9261937437025767
-0.24995536365347687,-0.19019528809342978,-0.164000838068153,-0.1319039142675921,-0.06000078501134999,-0.022750647691681617,0.013909185894013468,0.06985921894756199,0.16077310498389913,0.24940642448340153,0.2858538880756765,0,0,0,0,0,0,0,0,0,-0.2916456434320699,-0.1253987119653796,-0.04348079880481319,0.03376123455650148,0.09805223299051435,0.11442670188481066,0.1444548583054222,0.21191651741901196,0.257110566526073,0.29393654262466723,0.4323951994610574,0.42722231547955775,0.4508790230930478,0.312993260315236,0.2813679031830987,0.20391828629415354,0.16045429322307095,0.10867245038022498,0.14017590006423292,0.08474987943113649,0.015709876756890385,-0.05314835131913043,-0.05624682927419223,0.03131814508126358,0.07255808357929167,0.008859088290741878,0.07300467394635154,0.09771088555545573,0.1502784134435411,0.2416565719178024
0.05059694247234292,0.09190569124403862,0.1321615444610062,0.14594342300285465,0.198604752884631,0.21555969055499785,0.2811694021816457,0,0,0,0,0,0,0,0,0,0,0,0,-0.2437333005412007,-0.050762688075015716,0.024048368216896897,0.07066911805636567,0.09880666986282287,0.1548722939662425,0.19085006901174714,0.23196912251674062,0.33174826660936263,0.3831805263108415,0.4462343714014313,0.5490346436406058,0.6466535989983198,0.6968175558192585,0.7242067369761884,0.7337256620636355,0.768706249496409,0.6906957957007627,0.7676420885518872,0.7944603973497252,0.7540319872172315,0.7879541930785113,1.1176719035398939,0.7952185080004023,-0.4002590474173731,-0.3469873214088176,0.07872559913971332,0.5869902472663595,0.7609154826406661,0.891786420554794,1.1223009553666718
0.19076221597939835,0.2121242162602217,0.23128792995639186,0.26277983249341313,0,0,0,0,0,0,0,0,0,0,0,0,0,-0.1683010373125979,-0.08484480887423629,-0.03987796932514309,0.06244613515175424,0.09871205824049643,0.13886654385638814,0.17424219607110175,0.2483643085648759,0.31498222442609636,0.36104716277330784,0.4301506877106378,0.4940352319547562,0.5442920195185571,0.6385969886320549,0.6875549200444209,0.7115333043482065,0.7380010199735236,0.7550525866644883,0.854304097794031,0.859771592010046,0.9046725421422778,0.9361921747571487,0.7180991796120441,0.650529787351516,0.6653324240032809,0.6807960906391816,0.5881452525474412,0.5915918621511137,0.6261757825759531,0.6167829757933089,0.6761822626432269,0.6960377951362924,0.7770801045110529
0.22837493144396323,0.29860562452900535,0,0,0,0,0,0,0,0,0,0,0,0,0,0,-0.18717194172641247,-0.03339104629793804,0.05173386297573784,0.08915005433251331,0.1684600514981855,0.19269578314620814,0.2229279513281557,0.26717116805790947,0.34410724838707535,0.3964146992903456,0.42805910981049033,0.5078682731737922,0.5788431962817776,0.620371344740464,0.6404390877491545,0.6697258498677635,0.6488860205569373,0.5212011563211114,0.5375185370728097,0.5439657411151351,0.4819517936556417,0.48181026577644254,0.48585331375567525,0.4282618812413973,0.43733724320771844,0.46593457801396426,0.4762032512947745,0.5507228740355956,0.6336619507235898,0.7050164985974177,0.7757429748313582,0.8871732029331002,0.9701763103400137,1.15795492035218
0.2573399268172566,0.331606310795476,0,0,0,0,0,0,0,0,0,0,0,0,-0.1891121328869358,-0.06873794202639798,-0.051855117806368194,0.046897029283598034,0.08879436323028275,0.1197884241652614,0.19371227094683588,0.21214298102151788,0.2391492236766884,0.2625835218749195,0.2900476558768374,0.32954064863713123,0.35319549516688786,0.36279157836323417,0.39627916781422484,0.4018980642311958,0.3807354285647463,0.337554637842482,0.2922335622221183,0.177747484781167,0.11758418432069002,0.06205744336267755,0.11778248790519012,0.17098320504201797,0.21435377431986127,0.310963500902185,0.3630633513458764,0.47310432562652777,0.5233039759806392,0.7164040932184935,0.8241521947337055,0.919578915814271,1.0255652708300742,1.1718179628641368,1.233470176924846,1.546019238444193
0.2360095694594803,0.2713800568815289,0.29227087863829226,0.31245495938084,0.0884935396509977,0,0,0,0,0,0.1302176632851265,-0.2552845278160782,-0.22854292971058365,-0.1790195103147672,-0.11381116474546359,-0.07958033192478717,-0.06366144145636726,-0.015211181818540937,0.003279271653505365,0.014882733521110319,0.04266720684053358,0.05394801942483628,0.053300328406670684,0.05938897341315162,0.0440255084556407,0.031709064409962934,0.030379586211369596,0.024154535098260165,-0.019874731124888786,-0.05173919207475323,-0.11913648955164446,-0.11205089413256027,-0.11525279419671894,-0.0862861633816506,-0.0802651560886327,-0.030201457853951837,0.052436319401653726,0.1049899957549645,0.12838996699880642,0.3209103198937211,0.4054500962777068,0.5416401862904959,0.5936268587516481,0.7479123694013516,0.8745848680084668,0.9564218143069145,1.2230316367054928,1.3022496774754928,1.4513822980261677,1.6960901214754491
0.2318629979574861,0.2513258830370677,0.2670614513257199,0.2838682754013259,0.2886938700833203,0.3102143867897042,0.33727249985473856,0.3592993377746338,0,-0.24046256332454347,-0.21468659443080676,-0.0721136906838638,-0.03863595349125625,-0.019836837595683707,-0.0813292902916028,-0.14564908890120756,-0.19723698159584732,-0.25002413910729154,-0.26517470312252733,-0.28571402085232167,-0.3004099462419401,-0.3147881552604865,-0.3363192864583383,-0.365796484965122,-0.36761974125738095,-0.38522671869358704,-0.40212055196716645,-0.3830356347254871,-0.3837179091837773,-0.36628666152765327,-0.30319873293042526,-0.28375033110507053,-0.26879561316659284,-0.17188578179757943,-0.1514244876687012,-0.06864646062928213,0.04527367530781879,0.15197757807477044,0.21865547442251324,0.29885457564513535,0.3351185272324647,0.4039444090159384,0.423845932735431,0.632188839867798,0.7636293614916788,0.8400558310601604,1.1025290952128033,1.221504049022196,1.41309070522073,1.5271402237300025
0.19523343190789108,0.15080623758980446,0.14212825240662597,0.1683462934006833,0.060152019234468,0.04307219751510033,-0.009437308111217325,-0.04203669284429819,-0.083753229871835,-0.09634455356773879,-0.11721491585696345,-0.15083676981531274,-0.17144542108097885,-0.1944509484743631,-0.26520502590628453,-0.3388590257271343,-0.430400136810378,-0.5018293151300465,-0.50873543896183,-0.5363986263196043,-0.5234818217549457,-0.5106320646033387,-0.5282524582308087,-0.5200884422480355,-0.4862287047357502,-0.4859414064578322,-0.48423739771852453,-0.46370885436906983,-0.46218519390598434,-0.4329673419611531,-0.3741479785236077,-0.34566047824669777,-0.2938708485534954,-0.2062548091496188,-0.1360458948777295,-0.10360571736342067,0.03084560709721056,0.09638790059645613,0.16495613729174866,0.2952394389400521,0.390217600839132,0.4570576195594328,0.5013955411137205,0.6391955995691916,0.6936180940900811,0.7569028582772913,0.8814308691240218,0.9923849589382786,1.1014611441586069,1.2422128214870038
-0.10967834448535696,-0.12577421645005976,-0.14993198634670532,-0.19223423354431407,-0.18587414242357336,-0.21341424893891353,-0.2758596014325984,-0.28458045840783974,-0.35005415742086854,-0.39697797178073774,-0.4380439524691454,-0.4948465282689734,-0.5701525768001611,-0.5962112290703204,-0.6169123731381326,-0.6389811605125383,-0.6461723447965051,-0.6326362144878864,-0.6108312228445056,-0.6008983316915736,-0.5746148894719255,-0.5623298865215401,-0.56970135078499,-0.5518802632253582,-0.5197303392284147,-0.5195543034691742,-0.5085751910564912,-0.46469930465285536,-0.4748282322448109,-0.4360053935561841,-0.37008955308291835,-0.3346210126938678,-0.28105500117695575,-0.17612456595575093,-0.12103179371632831,-0.042435729828862685,0.04072423970411678,0.10874764630754837,0.13940298762565248,0.27676619797318336,0.31882568036495557,0.36382629137860373,0.45398255800479753,0.5706407934051547,0.6378971537775284,0.6749489507298565,0.8063021243978715,0.8792705946947806,0.9135832654518096,0.9590737658294829
-0.30489929116777537,-0.3603530812828169,-0.3740893011555121,-0.41417618165874476,-0.47641355495926807,-0.5098466036648852,-0.5431150678862912,-0.603312097484015,-0.6351335575730372,-0.6849786021026245,-0.6949843518532683,-0.6807555933337556,-0.7123658354286234,-0.6988603434157113,-0.6804041762275606,-0.6699782461790105,-0.6614666612925045,-0.6440036041827826,-0.6311568754009591,-0.6277848744746284,-0.6056505850160057,-0.5927245201275406,-0.5962005149767302,-0.5925653844017128,-0.5608301216539419,-0.5680106415103707,-0.5486460437045418,-0.5058736017057133,-0.4798977576884599,-0.42632052257182323,-0.3595211723095441,-0.2969953034820138,-0.2692971528884782,-0.16992489858359786,-0.11000095423351472,-0.05914806666668995,0.008445689090462814,0.08739304843850591,0.13613848935387096,0.2538199575444975,0.28842546395278656,0.3286905139955386,0.38277728649325066,0.4631397756700309,0.5144434959280872,0.5643578918437622,0.6573587074232844,0.7077271621206028,0.7219746468678228,0.8403510032400271
-0.36095178920730187,-0.4421203145414748,-0.4750357815431866,-0.5317820713420397,-0.550326815215042,-0.5842262691779503,-0.6306356901873604,-0.644806015327462,-0.678121755632787,-0.7040286046166867,-0.687210184195388,-0.6609729659330833,-0.6697848088476974,-0.6656391613016254,-0.6452536302112927,-0.6417579613070392,-0.6530118098933579,-0.6458207629294083,-0.6388809417223154,-0.6431596268255644,-0.6238606283515916,-0.6147132354269231,-0.6079587242155722,-0.606694571169525,-0.5488794598856079,-0.5295699579319654,-0.5120735912510891,-0.4554286265998655,-0.4298425969944121,-0.39322833512154254,-0.33843223730005084,-0.3073679861807198,-0.26792549115874587,-0.17996225504228536,-0.11066491770771086,-0.09970292101021697,-0.019682068611429786,0.028759553488864827,0.09570766374449179,0.1474267321479577,0.20198805699887876,0.24362650596313304,0.3005521447064441,0.3618385648810386,0.3914054216753636,0.44328558299590803,0.527522713614976,0.5515710315701036,0.6017106651395031,0.6848199363555711
-0.4060693476401222,-0.3986534828725093,-0.4178190149383352,-0.46765142712376667,-0.48849525859858084,-0.5070924897267627,-0.571516604713107,-0.5759640993692713,-0.5690477410991636,-0.5954482521065942,-0.60257132402984,-0.6064697612997811,-0.6534543399827056,-0.6557880596351315,-0.6433243855268749,-0.6516962907180331,-0.6687816990909098,-0.6606161330147531,-0.6608887588322285,-0.6612580481148116,-0.6387088867951056,-0.6433182863841445,-0.6239286370826914,-0.5776395668318323,-0.5227912920369846,-0.5079696255038367,-0.4803061334147858,-0.40111861252312375,-0.38858023482696524,-0.36310545645245185,-0.2978383017495656,-0.27786368859356675,-0.2463368809017058,-0.1793773614199982,-0.17514209566936387,-0.16282474305045216,-0.14844701046829886,-0.11825578419227929,-0.0665328771093902,0.01791550630141785,0.05655996643514715,0.11666572679054871,0.13822960802531545,0.2054020032994522,0.24424999877389772,0.28613831386430666,0.35838450570976255,0.3894972279238123,0.3981127260071997,0.4909449296248197
