jsons/1312606800.json
{"header": {"parameterUnit": "m", "parameterNumber": 2, "dx": 0.1, "dy": 0.5, "parameterNumberName": "Eastward wave", "la1": 40.97354507446295, "la2": 16.46031188964855, "parameterCategory": 2, "lo2": 133.9931640625001, "nx": 191, "ny": 50, "refTime": "2011-08-05 8:00:00", "lo1": 114.97908020019554}, "data":
[rows 22 to 43 of 50, columns 100 to 149 of 191]
2.4522363459688346,2.64688452838906,2.9215152818377224,3.072487775044663,3.257758323516032,3.5143298423185523,3.6236756328863073,3.874159682331833,4.134164246875889,4.256139169196436,4.391101607004767,4.6819540880227555,4.943709286950687,5.107261643724978,5.155023354080103,5.359203384601663,5.437053771851371,5.4939357335677155,5.561494498457656,5.5829391098959,5.590077628221523,5.65430684430517,5.596564227372145,5.588154192742074,5.666643588190464,5.708739698112098,5.691625686739788,5.622363585544745,5.634106117543171,5.477106389466277,5.333260942155919,5.359910947411909,5.221600924019039,5.150182716881166,5.1043921300364,4.969614534427466,4.901549645430205,4.892461048829235,4.761979312943773,4.609046647647052,4.559987672022606,4.476621864586338,4.244546239014615,4.150404712619542,4.00290137903446,3.744484108755271,3.6116158737624295,3.5030890164412054,3.380862147570346,3.356220204527913
2.2120537771448476,2.5028323118981115,3.094014719023236,3.2882961976332545,3.6187799802523526,3.994630904260579,4.293445436042327,4.537259106613594,5.0415846643769475,5.2338839400997985,5.498893346520902,5.68430911079094,6.048362334572647,6.201435539905531,6.416723809325487,6.667486094683745,6.681383996497078,6.702205013482142,6.880426163146202,6.930889891001554,6.90857470200406,7.003984252953613,7.068302116001965,6.953910786068505,6.9796702754808955,6.9031967904405915,6.67294634581275,6.619635954099297,6.640739518577402,6.375252653720222,6.286264098270466,6.1962660334864825,5.9331354774076965,5.892492031615079,5.825738536396658,5.518739097686795,5.473580077376256,5.4099491991502395,5.2872020791511245,5.08447991665278,4.950753157776549,4.8078371818673356,4.512395260286785,4.204932501974272,4.007025826499606,3.6255295980565996,3.5203911310243785,3.4485296400379153,3.3784609794705274,3.495777045189288
1.2463000278330172,1.5646057000278804,2.3719176209055033,2.7031083187932503,3.3199972736733563,4.02527577713444,4.415377738865721,4.710720538927576,5.375697641079462,5.735571906140079,6.041719486068041,6.336354945229288,6.914775662594795,7.071441549775013,7.385092287977808,7.666255310463055,7.790459824297701,7.969885042454899,8.255951014944948,8.384128480681978,8.320589554926405,8.392407080019316,8.33438843652008,8.104925503244516,7.864713626807157,7.8043977168979515,7.485322019176507,7.4541818874252925,7.435768344925028,7.195976753292572,7.044663644232372,7.000361861377489,6.557236198017972,6.4586492264099205,6.325956662176304,6.101770310704615,5.961865991197103,5.8456985042167116,5.7457860767633555,5.417143238100817,5.306759983107197,5.029223038951052,4.483207247614194,3.895072246879006,3.5911409685355675,3.1605060693533997,3.0035125852119546,3.173467874690969,3.445373096742084,3.75170848221776
-1.0277227816067507,-0.5076543222998292,0.5128882347607744,0.9272829146378464,1.8352298058574497,2.927225100299405,3.778111519766545,4.382227133579104,5.7851876143835215,6.089281317035856,6.366493972723799,6.974181893445627,7.6661041360726605,8.037773701883335,8.246891802718071,8.747837396023273,8.968811890541838,9.167249304427937,9.427879674696957,9.590239999355619,9.38150342410834,9.444285491603218,9.316640873003163,9.001889486270933,8.914165960884244,8.736288678102273,8.445745306810442,8.277166941665065,8.215735361980633,7.872679652582387,7.622824464688554,7.533427945465177,7.217079593734671,7.108194313474814,6.996825562983152,6.643749858267966,6.519112277659081,6.385598663303104,6.1971603039297225,5.804471211031211,5.592084437119201,5.16491189284537,2.681106837175908,-0.6892849839720758,-1.9278209326184697,-1.8127311072144485,0.23535370402946748,1.6146634089683982,4.49072308361102,4.724077622362291
-3.4952451769968276,-3.021188368104459,-2.1066665414211894,-1.4280396610923236,-0.6956681427399296,0.20433837049834236,1.1286408367876104,1.7998046801115009,3.50698325961911,4.238692392589078,5.306372810685803,5.852009011780836,7.116202879939598,7.680149483970087,8.21770660039794,8.933557491037291,9.172161331549146,9.292064134039185,9.646780194235696,9.791379454707167,9.67075991198195,9.834876821077382,9.828906338332503,9.545110653328326,9.43029047330866,9.136076354105862,8.689538866960046,8.49219235932639,8.45122876798199,8.004981271055591,7.828928628606331,7.712415519831937,7.4226471928835585,7.276908186722211,7.253557491272175,6.823950335113844,6.668592153989303,6.5635184767454735,6.280035652697909,5.948287857402115,4.439459835283456,4.947420122888327,5.793052631463742,5.604856767005543,5.551765105633373,5.319694228845631,5.249740398732721,5.173956405612811,5.024667033768459,4.945014451650325
-6.879523997435086,-6.435518538820789,-5.861867414533692,-5.387424529120644,-4.649261327854989,-3.4992658120982685,-2.4722397283167967,-1.7431618475018174,0.2783369736406076,1.2725083150504573,2.4957771632821264,3.705825865412492,5.2973343324164945,6.329231841829736,6.7969627965008685,7.9734975651004225,8.279860430878216,8.755348366296763,9.185570592755875,9.391773367149998,9.356364157955596,9.59661700422958,9.608476925220627,9.471430652220233,9.371942504618241,9.310175797924586,8.981152782276398,8.812741667318088,8.6928652414125,8.264759253032082,8.016942527777989,7.845294465347033,7.44964976513494,7.265938734559234,7.179082120258808,6.926663824249732,6.850386003077567,6.736657509186016,6.580373814283281,6.345919345751763,6.2460509997465765,6.149999508253994,5.9324689839397,5.795290676162698,5.665288774258543,5.462595911662485,5.347251856158318,5.2815437805865235,5.107802030964625,5.008368699866734
-8.381833421287096,-8.30593661504788,-8.07499424344569,-8.000793186825453,-7.495459935075316,-7.255528964810966,-6.758802767198972,-6.284807324161133,-5.142423057516367,-3.725094849389362,-1.5861523391007826,0.7182019735438796,4.490617668210733,5.181623704623687,5.9258691558917285,6.524583844606825,7.095449210909137,7.385450563554369,7.833167589569788,8.126852229649662,8.463545276270219,8.631244444775273,8.640758877372582,8.573392045278473,8.495603200451802,8.37078092211517,8.074269254398859,7.8384487178651385,7.5085414513686235,6.713636434905658,6.214586234752098,5.940483143460541,5.517903713597801,5.556825244680888,6.2137489007884446,6.587647270502714,6.595369540390675,6.5108675998531655,6.40698311389298,6.165681120943911,6.104965375784611,5.962106150994853,5.738591301556115,5.631952087507608,5.542230810851423,5.3333671226579025,5.291840484576541,5.172140824986311,5.042928871799235,4.930743391356923
-7.371874910033517,-7.0021641251311015,-6.510893924295342,-6.089197263656452,-5.7150686626277345,-4.779698633024385,-4.243392765139502,-3.5842542047759505,-2.3644444993561162,-4.47433994379382,-5.66096103596927,-2.286363565430834,4.638326407275939,3.421859273586791,3.3487598477274116,4.46317106529954,5.010561190220549,5.670736018076361,6.278580107142562,6.5578227813850605,6.9408402139932734,7.279698984949528,7.3480481748229325,7.39463273711172,7.34973572837186,7.132893698412825,6.669127822142886,6.376119662392095,-2.2575088368853224,1.9627587585019435,4.998885963316546,5.908396074824449,6.490051034482508,6.544681836113408,6.51758221917886,6.416237345250126,6.266193883176985,6.158883026648275,6.049444995415708,5.860129588767755,5.74956991241207,5.625673129884211,5.382257820076407,5.262439460415155,5.178857538468996,5.047089625817408,4.987865432281529,4.88676162782634,4.768272370185358,4.650855859675355
-5.6919330273234126,-5.4143731253103615,-4.829722378721858,-4.385534701015236,-4.107023155164423,-3.3603541878715446,-3.012785904135249,-2.469307599259006,-1.496465517948856,-3.3507213882750904,-4.614352355391833,-4.591621568953583,4.845923527175337,1.5288942607095175,1.9747226719884987,2.9348728102865356,3.2933281359039075,3.7235045518695777,4.313165786128045,4.5054815162846715,4.684160413364795,5.162146093276726,5.299635981740607,5.534308476797695,5.878049713470157,6.004325433261836,5.899795141834673,5.974995931686855,6.086335978227447,6.041049438137773,5.985743087858032,6.036674735428823,5.853882321391564,5.770508199318207,5.683369148249729,5.497022921299645,5.476824952815897,5.329045321251596,5.274725103304769,5.152913759328684,5.061795199383571,5.000381919503402,4.826946650141186,4.740638075656374,4.6630370200986055,4.527842579247494,4.439500709369321,4.35871680033114,4.2464370846527055,4.16855030183897
-5.083254142634013,-4.919632111110873,-4.301579925648362,-3.8271919709602105,-3.622492174630811,-2.778379534155391,-2.4581424173654938,-2.0496586428638897,-1.228387350410085,-2.1254448629932963,-3.348724751094198,-4.856736310444122,3.7095456504246607,5.1796549760463355,1.8283561438344893,1.6081971809192528,1.7292657416298254,1.983599506242322,2.438652863312667,2.7000563770617405,2.934231546326709,3.2324295941070598,3.38635612763345,3.554299958338677,3.808265467266549,3.9879902780052534,4.055908236415146,4.12442529140025,4.307787638318487,4.296688503007459,4.3783819034313805,4.517307843584906,4.459364344106822,4.498956086738848,4.46565677293733,4.4099508800982195,4.346877623173579,4.3513810076880945,4.34785553628895,4.200090939382124,4.215194253463815,4.187939590998543,4.012262958450287,3.9817782467792395,3.9576482518120333,3.8612211133519434,3.825327179875388,3.7766697774852895,3.700370961871591,3.6877600569777074
-5.197165055103963,-5.0215022239755545,-4.373766783853245,-4.812177718919985,-4.977850967633945,-3.5959374348547812,-3.1846004023858763,-2.7378024578444964,-1.969299806216985,-1.616738424264897,-1.1918440358010796,-0.9612886744440716,-1.817009627049541,-4.010700519096336,-6.228464912220396,5.299581160938659,2.7505394718468694,1.7792322025277312,1.2301513702773026,1.396579998654576,1.5696908876061668,1.8305208347148445,1.8926964837382745,2.073975705982286,2.325372084838875,2.4010927565936293,2.4815774481079216,2.565270705676542,2.828892597873809,2.817704633370667,2.8608376582546895,2.965789596116512,2.9719059364801996,2.970498019360023,3.049313928469946,3.124797698304611,3.1537484624247547,3.2185556396393795,3.2498088601466653,3.2364043698208587,3.2650463217226924,3.2723169997715083,3.2205606117611736,3.2049427952121476,3.186307815588148,3.1173739239995473,3.046914210004379,3.0566442429980367,3.0191929394050185,2.9474144816861423
-4.672504073207166,-4.444369361032601,-3.481291258949441,-3.056935820253806,-2.7855196333576497,-2.762782613759141,-2.742848475333462,-2.580753191184525,-2.1274064115269176,-1.9418269456822936,-1.7117367553844605,-1.5807878838435123,-1.1440903696279587,-0.9516183953277415,-0.7684718648411228,-2.665206907079303,-4.286159359610134,-3.2089206804728065,4.098260531761178,1.3313938450823102,0.5705541795399377,0.8115797495011758,0.9683358484273826,1.068386898194703,1.3125929592716905,1.3796163279503029,1.5010023891952042,1.630787041095384,1.7690210922291687,1.8113780086573836,1.8374814678705562,2.0257906182067114,2.0503726674079386,2.0667771055904485,2.2761797319286643,2.2585842864108647,2.260912616124162,2.2710705468740584,2.3618224986152803,2.335130015301624,2.364087173103554,2.4348738410931574,2.3736242045161293,2.390155444852937,2.4278177290526397,2.352634583834427,2.3322648542264552,2.3759629195950467,2.2982986376598133,2.3005979613918917
-4.249950880212419,-4.071970418785258,-3.7673242432545937,-3.6679774944783152,-3.51515812774229,-3.243629661332238,-3.0584383540787323,-2.970881478914684,-2.6619926221298167,-2.43585934203706,-2.3210364850233383,-2.0968052163916635,-1.7382521283043892,-1.545923005021376,-1.3297184666815065,-1.1947349355402217,-1.0315468872677473,-0.8690472794276053,-2.386846876999735,-3.611774325612495,-4.466021600722396,4.6802461303140355,4.367539851966871,-0.8708608420526801,4.488130609912525,3.471425934467072,2.71893134287699,1.7573951481583905,0.7785097640173878,0.8751657173435862,0.9005837859066346,1.121667076895359,1.144171115491914,1.206689973361824,1.28405026717357,1.3183688468464103,1.3864091034018158,1.4349750622743864,1.4655484106297785,1.5028604046442389,1.561554886549981,1.616114103911297,1.6397166181013583,1.6699774283146216,1.6834911678846152,1.6543193643569578,1.6857495959755808,1.6825806781479657,1.6846657578086006,1.6908632210873333
-3.7815813066335964,-3.7083164949051364,-3.5313476381255797,-3.476693492106155,-3.3906865721908566,-3.141748083958302,-3.0716609384833213,-2.9553602651660595,-2.695785360319935,-2.5845468644862324,-2.4435625162090187,-2.364306702415677,-2.0694864041771175,-1.9428349668304505,-1.905923910140519,-1.6286405433829736,-1.4462499504611728,-1.3834887719155857,-1.2011649349175881,-1.0474486650406933,-0.9314591341869898,-0.6859382968703388,-0.557306828932349,-1.1293466827665257,-1.4399642850760128,-3.0725449801880873,-3.9135388764731927,-1.882642928408222,4.336801526482811,3.20122045111016,2.921621252096076,0.4448240669057933,0.46844514809308346,0.5269875270569693,0.5631869031234098,0.628079718515939,0.6676973831892778,0.7892828789999095,0.8705085950006433,0.8949454880890029,0.9578343158547632,0.949184005232509,0.9926235262671976,1.022788037274633,1.0912155275903592,1.1207170482960944,1.152005027785681,1.1937093064966335,1.2415055910891761,1.253398997498055
-3.6018130635321945,-3.6038487666474457,-3.519239856537512,-3.464163104548125,-3.416355927494778,-3.2749858882018255,-3.1813457058519647,-3.0938883105332593,-2.9573632586423377,-2.842112649305383,-2.7309699212486724,-2.7007666832758037,-2.46915668123985,-2.4235374752520453,-2.3201235726430776,-2.0722347053731647,-1.9754600219702505,-1.8481656066127252,-1.7052484076604164,-1.5581508538172957,-1.5167808131977185,-1.3619273435792012,-1.2045930643422922,-1.0388629070037987,-0.9058769580410113,-0.7633374407609007,-0.8590020594180352,-1.2283389886343627,-1.9922866956101286,-2.2394340516769176,-2.055525415262653,-3.6013933486065897,-2.788495080821549,-0.7785505369823321,-2.336359988341234,0.023764305393442847,3.5680020133877552,2.724258322238926,3.331377491959793,2.3999950680363176,2.3369341165894766,1.936558886816975,1.2459427466783115,0.8078200514869069,0.5529642273892778,0.5191759573161441,0.5155250241020101,0.5197327704048574,0.9627730585970851,0.6359827037726716
-3.4467214553579755,-3.4458309033538477,-3.3610753999630214,-3.3421325883791684,-3.311364343344835,-3.1628107595862285,-3.148670666739976,-3.0686379384002835,-2.950356226937793,-2.855865490069118,-2.8114564711385572,-2.7481246335563236,-2.627079210829575,-2.5550456966783286,-2.450732698477149,-2.354797704653976,-2.2603304251945326,-2.197711380324059,-2.051903013155005,-1.9405448365144846,-1.8411318106549233,-1.636139918004147,-1.5759831951157475,-1.4846968702027534,-1.34520718151316,-1.2435647585411733,-1.1289537914142571,-1.0375647981418794,-0.808443543641682,-0.7840623376795112,-0.7275529520880124,-0.6495772800833636,-0.5678404948717087,-0.5180588449401506,-0.4901497970302761,-0.9662382251810147,-1.6267054382807928,-2.2573795832560393,-2.56952767033934,-2.1481974130125567,-2.1776644561885266,-3.679804373839224,-2.3565175960244007,1.3604147919330019,3.327997065969156,3.530638232878573,3.614429941736802,2.1610948256331968,3.25928822940955,3.336554628447137
-3.30365114765497,-3.299782703290438,-3.227951665873682,-3.223198099640336,-3.1741569911055016,-3.0925954143118135,-3.046031767061122,-3.0233945451084754,-2.877011926010084,-2.8639546854709965,-2.8254187288666905,-2.7530300527301566,-2.6728975280376663,-2.6264185938900506,-2.5696932765065323,-2.4745571175340113,-2.4426282708948253,-2.3940396557996264,-2.274994935843987,-2.181564857307071,-2.0970106304750655,-1.961910217116635,-1.8509520455982582,-1.8065465285167115,-1.6592002564129316,-1.5779194768430733,-1.523332995560473,-1.501763567077444,-1.3294329733972674,-1.2372145628826747,-1.1850614356965454,-1.1049069663569582,-1.0523103149338517,-0.9976503972739832,-0.9015732308412605,-0.8357429292096357,-0.8202007839602674,-0.7519023012418875,-0.7022240624237649,-0.634266665890397,-0.5899078389351653,-0.5791890425698744,-0.5546361309264852,-0.9608849089309803,-0.6609955417750896,-0.5048618240478887,-1.0149016445451744,-1.6443288450773654,-1.6483009951708214,-1.62466343683667
-3.197808495887718,-3.2204963791771233,-3.1657608288518624,-3.1419733670967607,-3.1318438950212486,-3.0885813494272023,-3.059763887767123,-3.0289971678384044,-2.9423067995017855,-2.881088911830838,-2.8517287146173045,-2.837372519982003,-2.7717266082156713,-2.7102344612354687,-2.6550760471927513,-2.5886161982074705,-2.5485637716157834,-2.514185732733583,-2.397306569194538,-2.3627967799011422,-2.304746672700924,-2.1645652194797766,-2.1324899335345453,-2.091027390517249,-1.9563835116011559,-1.8647869083267117,-1.8182644039230313,-1.8016282441417564,-1.6875351816223878,-1.5799468334523479,-1.495697891443163,-1.4565781961343747,-1.435736046771997,-1.3651222424261824,-1.2348309836047262,-1.2185650059721882,-1.20705001361098,-1.1239918533453306,-1.0701149723418775,-1.0370467858912908,-1.0123438621963359,-0.97154350476449,-0.9130837104331838,-0.8703423318443086,-0.854150365899421,-0.8445924081152716,-0.8224841446797657,-0.8219529826798686,-0.82405633703926,-0.8334531793037792
-3.0544441742109303,-3.0782133514916805,-3.0421575387057795,-3.0231563206027317,-3.0138572672597936,-2.9645667309367676,-2.9425149203216243,-2.918564877960889,-2.882764168142784,-2.849978909875655,-2.830255382275031,-2.7995968922328505,-2.7454618547526053,-2.7163169668584577,-2.6677299760541104,-2.593209418794034,-2.5567261369551812,-2.5096813276481518,-2.45867527261266,-2.4271599995147533,-2.3626746457802796,-2.3062545454198586,-2.2818937221419286,-2.224418421369099,-2.068435255917293,-2.0323107452573104,-2.0246080565051954,-1.9766336667074518,-1.8610537010673616,-1.8154864263480277,-1.8031957304147246,-1.709369938985924,-1.6530452459105338,-1.6259244134494655,-1.575886239489275,-1.5233373365444158,-1.4675048006102311,-1.4059455751311896,-1.3835528004191184,-1.3598975783348037,-1.2550908210729546,-1.2303048565070593,-1.2075443552980574,-1.2213881273454354,-1.1738250989849648,-1.1437135192337802,-1.1287332408824224,-1.1669271717285383,-1.1998174908605983,-1.2460989219261451
-2.969199347573851,-2.983738257957602,-2.957359537208022,-2.9534658975694392,-2.9552869605160907,-2.9181097681911115,-2.902689939876313,-2.8958644826069224,-2.8555593137624893,-2.8308604936721706,-2.8172394406336223,-2.8180900040513546,-2.7561662975984405,-2.7499751126708527,-2.732498510983851,-2.6488166346215785,-2.637422646912462,-2.611746727218393,-2.5322411666255213,-2.484525110733487,-2.4503287238122367,-2.422636304945342,-2.3539527713872666,-2.313103324649152,-2.2724315365847634,-2.2397691411704006,-2.194664363844336,-2.1601264085752887,-2.1019433228509303,-2.06158808917939,-2.011006948652138,-1.967149238852958,-1.929888144352522,-1.9104042547864606,-1.8269585285230991,-1.772601271647873,-1.778835349227967,-1.7634756797230602,-1.755081712593505,-1.7496526301371467,-1.6950599523466159,-1.6615364814618494,-1.628566854351531,-1.6364820281034163,-1.6726190504728347,-1.6995691561191695,-1.758365229622271,-1.7159477114905715,0,0
-2.8632191692705113,-2.87373604370671,-2.8605135204403163,-2.8527773672676586,-2.858206767666894,-2.8400835335995054,-2.8291947246584828,-2.822425728439133,-2.7961645283643337,-2.7759802645657436,-2.784673599142914,-2.7766167119047287,-2.7475950270977445,-2.7428689861350612,-2.722804706644138,-2.697600845085445,-2.6731970349241934,-2.6390820183253902,-2.6091708267545903,-2.5906547731516203,-2.556886629141368,-2.5120231130179724,-2.4774510188448478,-2.4641794337298384,-2.402468156253963,-2.3953985220667073,-2.3805605766401796,-2.3263334761924312,-2.275438140617682,-2.2555670743298455,-2.230053917342439,-2.179579825687409,-2.1392041643194797,-2.1081919763202444,-2.0603398117353935,-2.0120300497189767,-1.9845575498293835,-1.9941385824297733,-1.9925827088305517,-1.9594351346432808,-1.9428628458812018,-1.9385037273111654,2.2333010205299867e+38,0,0,0,0,0,0,0
-2.781753068272848,-2.7939870157624145,-2.7802201404752154,-2.787868063663355,-2.792258304963983,-2.778493732226913,-2.779264580978262,-2.7909949683547377,-2.779560856607439,-2.787825698396118,-2.7840776355283743,-2.7817138716153686,-2.745792467288965,-2.7552314099923847,-2.742767937615942,-2.716108692278389,-2.703154098899871,-2.687182719833046,-2.6382490765707685,-2.629101664462141,-2.62098678687598,-2.5831997555405413,-2.5753826521392207,-2.5681510516242008,-2.5171213729603563,-2.516721184672344,-2.514211753067127,-2.486709939825839,-2.4214727643104688,-2.367039308699193,-2.3467704312679034,-2.342203892038614,-2.3284437865322545,-2.316717872411194,-2.32130446897245,-2.2954719664633005,-2.283827345809555,-2.856712485212139,0,0,0,0,0,0,0,0,0,0,0,0
