jsons/1312624800.json
{"header": {"parameterUnit": "m", "parameterNumber": 2, "dx": 0.1, "dy": 0.5, "parameterNumberName": "Eastward wave", "la1": 40.97354507446295, "la2": 16.46031188964855, "parameterCategory": 2, "lo2": 133.9931640625001, "nx": 191, "ny": 50, "refTime": "2011-08-05 8:00:00", "lo1": 114.97908020019554}, "data":
[rows 0 to 21 of 50, columns 50 to 99 of 191]
0,0,0,0,0,0,0,0,0,0,0,0,0,0,0,0,0,0,0,0,0,0,0,0,0,0,0,0,0,0,0,0,0,0,0,0,0,0,0,0,0,0,0,0,0,0,0,0,0,0
0,0,0,0,0,0,0,0.009452526134796989,0.008584036317530417,0.006508273857273675,0.0059454174865802515,0.004961436291742635,0.0042105373605085105,0.0038447513321119946,0.003611774589163904,0.0033715565243329342,0.00272351511998496,0.0022722830292726476,0.0016463105636843724,0.0009146353535156276,-0.00013467626372509213,0.0007651346986878829,0.0003940420121654732,0,0,0,0,0,0,0,0,0,0,0,0,0,0,0,0,0,0,0,0,0,0,0,0,0,0,0
0.028941209267408036,0.027252235615463527,0.02508370233060561,0.019970898776031153,0.019448264605147925,0.01787549555036818,0.013570778578244253,0.013068443815544842,0.011940725723570193,0.008723678762789046,0.00759026166846172,0.006287133667023808,0.005010279280578593,0.00444344017362226,0.003886675486637722,0.003310266073524301,0.0009545735635713375,-0.0008222722647896367,-0.0013830871728203811,0,0,0,0,0,0,0,0,0,0,0,0,0,0,0,0,0,0,0,0,0,0,0,0,0,0,0,0,0,0,0
0.033517823935289216,0.035240921328626176,0.035162083207640485,0.032437271252311564,0.03209305551293048,0.03052380599557101,0.023541157500560496,0.0207858905047269,0.020121381873478852,0.013933008602723406,0.011420804011077158,0.008514610103777862,0.004877270315273704,0.0044396226952011664,0.00210430186659619,0.0011189110078024245,0.0005411617121990604,0,0,0,0,0,0,0,0,-3.133963167669594e+38,0.17188907797199285,0.17382237037522144,0.17090326468634695,0.1682366911896317,0.16709093039503858,0.15343468112888764,0.15276008339323144,0.15028565302491487,0.14416304476985747,0.13876027720159917,0.13449816484716376,0.13425169566270503,0.12651520514524695,0.12356995531586004,0.11732771737172838,0.10794652785440992,0.09939292565702842,0.09599119224769977,0.08508661237586426,0.07711345385844398,0.0722786403414392,0.05874201763101148,0.056098973644312294,0.04798062979896077
0.025061918995083934,0.028054431652047088,0.02930835207027499,0.03176872993732491,0.03599410575196504,0.0379502037883955,0.04150024151205889,0.04573904358865542,0.05133829118533465,0.03722825744019549,0.03452043303910219,-0.0017717361933638407,-0.00025855923214759423,-0.006655223510191208,-0.006016115700603561,-0.014255417161401034,0.013876000174486654,0.08975163168325934,0.11934107116973909,-0.18114656136906415,0.17363225357341425,0.18370992729371513,0.19754858214169146,0.21176493441429986,0.21714842830599196,0.22800317580166557,0.23335967355195564,0.23693852881266259,0.23701281034704025,0.23967388821991345,0.23646860049985927,0.23037498929860253,0.22212620997453109,0.21679122652587182,0.21459247961447972,0.19773343774219326,0.19589821218576922,0.18265802157253597,0.17115888883629243,0.1599523041789957,0.1596755647873904,0.14613952822186987,0.13876582097744466,0.13262144991412098,0.11753486081422658,0.11282795562298908,0.10258718153001423,0.07970050296403518,0.07066189057066233,0.058447614488931696
0.004978162998582969,0.005226298306825343,0.00741741664985229,0.006238763557457334,0.00835234922517332,0.00777611621832836,0.011411497015480344,0.012406999966627015,0.0168446022158932,0.02016623335724612,0.023459799665702035,0.03167196302508921,0.03721132624037694,0.04318418539655531,0.054535042422752644,0.06269127975538456,0.07108085884768842,0.09120510311943367,0.10579110145659794,0.1270845947168867,0.1518319492997748,0.16629637654027776,0.18717566427020974,0.20170177455390656,0.22393188149157195,0.24678457448207552,0.2580935145666127,0.27161255805683987,0.2848094372338279,0.29049759434392,0.2980611872224399,0.2965483657941852,0.2918032692487233,0.2890095475251043,0.28652834332021637,0.2694637850125711,0.26074666344750946,0.24939637618218735,0.23608715419939072,0.22984160044644256,0.21986437701918526,0.20599281268623498,0.19722778170419716,0.19624971559679333,0.17712069389442925,0.1670665736613251,0.1569826986152366,0.11796927841854321,0.10067528457529967,0.0685073515052768
-0.035168851142552,-0.03411130486545007,-0.03443791923416809,-0.033875525948955085,-0.03486830689757997,-0.03220374834411002,-0.03676864445446026,-0.031606948156209395,-0.029709096465059173,-0.028975910199412827,-0.025709686613474805,-0.024994443117180826,-0.02316012974881699,-0.019630259489591868,-0.01461035426431992,-0.010362443350890704,-0.0051926688107376716,0.01051935804175993,0.018280448264513634,0.03396106856217953,0.06657276889243453,0.08510745973834297,0.10659480190825468,0.14505391633076797,0.18284986023701322,0.22246134361661393,0.24225629902821802,0.26698244582621694,0.2977034680845064,0.30627998793869593,0.32221797321283785,0.3422152526027773,0.3427800689042418,0.3483250739232137,0.3416673858741209,0.33162208249373776,0.3225277803666549,0.31861080170490313,0.2913787957461412,0.28408039581497513,0.27523031269838916,0.26126672818527025,0.2519743079860245,0.2468873420307818,0.23247974133295082,0.2283588113012025,0.2251922398655575,0.20192647188731672,0.19715057816795326,0.18222621513745954
-0.054036299665180636,3.1781762556606844e+38,0,0,0,0,0,0,0,0,0,0,0,0,0,0,-0.06270522697560756,-0.07503721248602822,-0.06761723937436467,3.149274885185406e+38,0,0,0,-0.06282969256236949,-0.06249289044975675,0.0416645618380504,0.19619593971733312,0.24945149272996858,0.2910739201055504,0.3056946207300165,0.3324043284457475,0.36693809132526184,0.37882414182224844,0.39441977512802395,0.401543854151734,0.4071485361927675,0.40359045899601975,0.3996248619768736,0.3867690708633076,0.36476012513527517,0.3582272025964146,0.33481968883609003,0.3259055069610118,0.31051320630712964,0.29527117289269006,0.2883641838283233,0.2811642725822612,0.2645915153517744,0.25593040044826,0.24336127860842616
0,0,0,0,0,0,0,0,0,0,0,0,0,0,0,0,0,0,0,0,0,-2.696183569669213e+38,-2.812023483750128e+38,0,0,0,0.26906265459879875,0.2832991447624905,0.2971580114220782,0.31239123077355674,0.3407583806806117,0.38039822647235344,0.4106265748200608,0.426310131726521,0.4414409483297787,0.45268731051185607,0.46135717554613515,0.46664525461375883,0.4599396675396333,0.45776490065121067,0.4456031236663756,0.41954826397919776,0.4081893951964136,0.39608044444376317,0.36428982082093536,0.3482361600647527,0.3408736908143776,0.31648898160511074,0.30381315319592334,0.28744231413539795
0,0,0,0,0,0,0,0,-0.2569402354134064,0.18346504323631446,0.18629023701417824,0.20062855825826148,0.22088922020662394,0.22877174078012794,0.24295634427385962,0.24523602212029788,0.25704853129973987,0.25416273471909384,0.2648503100382439,0.2682707848613635,0.27701159558729027,0.2771544611778282,0.2829280737391988,0.2879392853043915,0.29817925051579813,0.3146212480386929,0.3209286509594934,0.3313443904239149,0.3534099663302422,0.37146218913410595,0.38995290182647446,0.42016349468094677,0.43290231374565047,0.45701067340120843,0.4731973370583287,0.4939981964325784,0.5153287960551336,0.5216741351516323,0.5331351983082249,0.5410299599529719,0.5421505043999938,0.5368256007972224,0.524041209848123,0.5203605680467318,0.4981299462162485,0.476726536687898,0.45529626444173793,0.4306028699838761,0.40912102044676685,0.38302185728568666
0,0,0.12706544711383264,0.12701375786121463,0.1328294511385853,0.13405767791399079,0.1481570661895975,0.15018260449446488,0.157412929878547,0.16958740691422952,0.1855085516977528,0.19294533272431427,0.2062948983486064,0.21388144484132088,0.2320393744057999,0.2427118858064179,0.2570606974418991,0.26605445267716,0.27286925096081377,0.2801568379945491,0.2887538225482157,0.2909366031698431,0.3078620916818387,0.3205256107574967,0.328581019993511,0.34086650083848974,0.3503781765051141,0.3623919776184544,0.38052241073714466,0.39147315990292847,0.40605324576706786,0.4289199671271468,0.4376714796220641,0.4562815007598023,0.47461108502233984,0.4986718404953653,0.526784256807222,0.5398800535081054,0.5743840663646754,0.5882578701953138,0.6012693464117143,0.6096489950419756,0.6149834678596474,0.6203884226640305,0.6156899773843592,0.6076443759893421,0.5965920318757314,0.5622222539825461,0.5434626085814428,0.5152505814329476
0.021399522122314257,0.02439247462011519,0.025545590777229274,0.032508408442890456,0.04505215822975757,0.051131572116305125,0.06138874470100882,0.06892756971618241,0.07769141772401589,0.08838628867979781,0.09601396337969072,0.1139085328989302,0.1330671848359923,0.15030168650873002,0.1809938522424163,0.19057345834234224,0.208436069109944,0.23022488986426992,0.24747205273240352,0.26579766438295255,0.28808029141706465,0.30565658153958647,0.3171680768023232,0.3282449723616128,0.33854677598361255,0.35230836815945116,0.3613272480328147,0.3794397403465873,0.39080091441941484,0.4001752912835152,0.42343437581088234,0.4371158862516644,0.4493090553262102,0.4805829894636633,0.49807437067877564,0.5201389477380588,0.5550326745001994,0.5748008418639581,0.6012024634913353,0.6314423538179719,0.6538183820401022,0.6904020042805343,0.7015843476184879,0.7177584907378195,0.7304913080633348,0.732451641149344,0.7430770455854449,0.7422735650484972,0.737130328875866,0.7318845199080628
-0.10138256816775713,-0.09522756591435202,-0.09142342827080384,-0.07925468535629931,-0.06089857793381602,-0.052379989364902436,-0.049386937863170416,-0.044159572649624806,-0.017007567280474423,-0.007597341425348896,0.001320788034847065,0.023021172497015303,0.030165577533180762,0.043116411773931974,0.06900881209825747,0.0856863795268505,0.11351316512331644,0.16027655918576017,0.19650796225450817,0.21844053039839,0.2499926788940513,0.26937080517127426,0.29125207951987064,0.30102129326350413,0.3365741736574523,0.36569450063901937,0.37836757759672746,0.3932805763433171,0.4047269309755583,0.4160188993069327,0.43208966128094545,0.4464680352878445,0.46129748879539806,0.48198348100293886,0.5095160644331675,0.5310593965355014,0.5880736270803275,0.6265032405760368,0.6645461104284907,0.6895637130792034,0.7211172793560015,0.7797862209794002,0.8079726798653036,0.887429739932537,0.93423318762306,0.9498316576282226,0.9884827537054973,0.9926662568053726,0.9966101736136898,1.0094623851070832
-0.19664210089069398,-0.18428476588888826,-0.17608028947719753,-0.17992844560600824,-0.1700438703147067,-0.16972035051985598,-0.17042749472590063,-0.1671370834013395,-0.1522842473297801,-0.1493997995560783,-0.13979992863929838,-0.10715678597365465,-0.10144032140229019,-0.09019548533645455,-0.0503698687742188,-0.03335139972343975,-0.020513910956260067,0.02269255766997078,0.06059174683869404,0.082060072971862,0.11772709354726088,0.15713149754662634,0.1818584417977481,0.20834895014208646,0.2622133236228118,0.29510799091460804,0.34088431419006376,0.37698100525661143,0.4256848073284323,0.4555443820891965,0.5225480059839936,0.568580467248269,0.5793261902199487,0.621363565592129,0.6413593027951536,0.6780777777384746,0.7170680728580782,0.7397094709095895,0.7833325750171402,0.814644504440683,0.8404627167501215,0.8889280579736868,0.9237734231842111,0.9738632622649248,1.02013007979819,1.0472489658656254,1.100850881539093,1.1486114033104045,1.1604745351639927,1.1896233473896682
0,0,0,0,0,-0.23741466699666516,-0.2525690426534258,-0.2535366629684014,-0.24294499292437025,-0.2454215575495305,-0.23947169214968994,-0.21810694780603446,-0.2210697010413993,-0.21844037400155025,-0.1925190181239709,-0.17219707365656442,-0.15876792360260622,-0.08943114138361843,-0.045999096203946356,9.170217402949249e-05,0.09946859820502535,0.10840297004638288,0.13436856374018802,0.1655684247665966,0.23504673631549838,0.2638562176834435,0.3227684718347018,0.38941034113641665,0.441059735954168,0.475020104853129,0.5316530435153906,0.5748257720497618,0.6015342674550199,0.6455900079490325,0.681109813077943,0.7132680211598009,0.7741544768004467,0.7988975875336387,0.8434041413104454,0.8852150241734684,0.9179554489992504,0.9554151409913283,0.9860301194111278,1.045198529935785,1.1065617776126193,1.1441573885857543,1.20309807040837,1.2532108798202777,1.2901781156476244,1.3477789767406547
0,0,0,0,0,0,0,-0.3145733670607685,-0.32598923478827685,-0.34189776082704143,-0.3440426565010635,-0.3172669764560653,-0.3339782436239038,-0.3245348857055294,-0.29190235747098636,-0.28085769437162833,-0.28008033413932093,-0.22842673548616707,-0.21685058474771696,-0.19662226794924006,-0.13423765819800712,-0.08236549892991171,-0.041267622067953834,0.021497655881691852,0.12400238139223628,0.15728265650680787,0.18584436696837314,0.23964815393909777,0.2954145030074327,0.34912010445205877,0.4189544571252762,0.47830830846181305,0.5202087682278321,0.5932256771185671,0.6362093724492007,0.6720869339592441,0.7459217603685988,0.7790153415998382,0.8235659355737691,0.8899754561711035,0.9281373151434726,0.9813389231361218,1.016577842618393,1.0840031414691054,1.127816697643809,1.1749418956368558,1.2288984776492031,1.2812112855811568,1.3152450584023845,1.3864412261649441
0,0,0,0,0,0,0,0,0,0,0,-0.3373098735940247,-0.29006180101340723,-0.36061166172631487,-0.37139691366788874,-0.3826111522283236,-0.39847856533675596,-0.34141594226677413,-0.33013632487969163,-0.3351768438004311,-0.26904620850611627,-0.2214824855531595,-0.18346508531628541,-0.15168825156617013,-0.037818594459542096,0.03423353852191708,0.10275069743890898,0.2234338968615356,0.26102480721312765,0.2692057383054519,0.31479827625658735,0.4219836972159677,0.4675058718747143,0.5618084029098748,0.5717010864697885,0.6477958231502557,0.7199032588669589,0.7626193638360809,0.849945919722508,1.0064155525808673,1.1013045977337805,1.1921402038906423,1.272902231982103,1.3362541625974425,1.4327841645163488,1.4586251247986097,1.5192649708503405,1.5756118926995852,1.6361515623728713,1.7211191569210795
0,0,0,0,0,0,0,0,0,0,0,0,0,-0.31029763261034604,-0.31684687639939696,-0.5044421525258994,-0.5513409093602497,-0.46595030915461505,-0.44114034567507704,-0.4182082157822126,-0.3439442731942542,-0.31744244861330256,-0.3037416508883809,-0.2768185978567532,-0.1957849733596937,-0.10581449536886013,-0.01866897389247724,0.1339944547335872,0.22891946745146835,0.3166168167351587,0.4745598542962631,0.5370147493028766,0.6054138800573607,0.7553119618583435,0.8304754229181047,0.8827689331131835,0.999341666773012,1.077847781250912,1.1629776310815823,1.2152547814212125,1.2744447240562788,1.406219353950917,1.4205198400313221,1.5360580881203858,1.6085708586502425,1.6626004068519038,1.6668420479183592,1.683827504876397,1.6731370498733271,1.744955789026671
0,0,0,0,-0.34747722325691643,0,0,0,-0.3355534071734332,0,0,0,0,0,0,0,0,0,0,-0.4816473538320053,-0.5355015488486371,-0.3882877585807449,-0.3068677377962438,-0.15849533909793054,0.0219493630205461,0.1786743307552071,0.2624991845912835,0.3805796638659966,0.5144531002475847,0.6307865482395711,0.7489216290664078,0.8128445621905237,0.7715763269412425,0.7203600318330767,0.7574269723642276,0.862033997544901,0.9784878636071186,1.0699167906292675,1.1743964109633311,1.3952960957709992,1.471442650516036,1.5693795466462652,1.6442034782414912,1.8176002439539716,1.934298940984757,1.9187387603786363,1.985710331611138,2.0879127424852255,2.240893285445186,2.429063634644698
0,0,0,0,0,0,0,0,0,0,0,0,0,0,0,3.145502500078789e+38,-0.3015284148812455,-0.3673090023497259,0.0939483023455251,-0.14072480747040816,-0.3392316008783947,-0.46109125895309205,-0.6622626896902122,-0.6538959109158397,-0.3641895495945819,-0.1705253397987286,0.04809027004597408,0.40577129145087254,0.594582466361988,0.7268714385306009,0.946222028199784,1.042265960639729,1.0714211092366874,1.0890030350258073,1.0807284805216697,1.1297694599224601,1.276388016617038,1.3394096080277136,1.42594873947768,1.691504122469145,1.8395936577616476,2.0478023472162072,2.203450895101872,2.4198152283112253,2.5732535196351614,2.7095553350724364,2.85446342297091,2.983266692934077,3.0536546133016644,3.1448247284343522
0,0,0,0,0,0,0,0,0,0,0,0,0,0,0,0,0,0,0,0,-0.44794796285890887,-0.615862077673818,-0.8911056222593253,-0.9181733183556567,-0.7672800498209963,-0.7822447941565988,-0.5884222315720227,0.39473739232429206,0.34608181592323345,0.4006722896191822,0.8162186068989143,0.8799157338001006,1.0011275139373583,1.1997335965301912,1.3293809929732818,1.5065222407646819,1.635813891385998,1.6008092999253156,1.6567636835869433,1.8707448187325284,1.9770737369627114,2.0915426575870613,2.230698964060024,2.4780114776350306,2.6351626825085472,2.751442993404079,2.932110470183006,3.1677940865123664,3.4166735736098017,3.6153881368267444
0,0,0,0,0,0,0,0,0,0,-0.6726567068034978,-0.8123103765687216,-0.8689475482990711,-0.9156321856360371,-0.9697686298309008,-0.995923454245572,-1.0616046541176603,-1.1082414191291254,-1.1470194664265758,-1.234250218062588,-1.1813532708145023,-1.1940572826849725,-1.4335456032043647,-1.100874582328473,-0.3881536671572349,-0.33671167856317463,-0.5270272320465117,-0.7527079106859452,-0.4204971223763159,-0.1028517513582604,0.035227813461994495,0.2445441740643617,0.5171237647329389,0.7675096493911467,0.9880936371512716,1.1423418706272541,1.3267418043631014,1.3267614025493488,1.4047741939492266,1.7220890109363625,1.9261032337645476,2.171496775731297,2.2993998955576656,2.5817028190077753,2.702796786158622,2.8276206395153207,3.1360777149735077,3.4933075529373263,3.654687063017137,3.8803422978972697
