jsons/1312502400.json
{"header": {"parameterUnit": "m", "parameterNumber": 3, "dx": 0.1, "dy": 0.5, "parameterNumberName": "Northward wave", "la1": 40.97354507446295, "la2": 16.46031188964855, "parameterCategory": 2, "lo2": 133.9931640625001, "nx": 191, "ny": 50, "refTime": "2011-08-05 8:00:00", "lo1": 114.97908020019554}, "data":
[rows 22 to 43 of 50, columns 50 to 99 of 191]
0,0,0,0,0,0,0,0,0,0,0,0,0,0,0,0,0,0,0.07248864549465481,-0.06190179697210734,-0.16331996321889838,-0.18137147422464228,-0.11097021059105526,-0.2779606695394326,-0.5802438082694285,-0.6885082265859821,-0.6841661877553379,-0.6979554006292469,-0.7529236085640406,-0.7588387260602019,-0.7813381532553773,-0.8197434833833384,-0.8258612053824548,-0.8219063118430887,-0.8159374105846048,-0.8430145197088418,-0.862440327168136,-0.8804716138010136,-0.9516994366002282,-1.1078924402238441,-1.15479222518685,-1.2102836499258194,-1.2247364510763323,-1.2477144257856816,-1.263769354991659,-1.2698268336459884,-1.275811391296163,-1.2826142041485378,-1.2848035629140253,-1.2861071093658742
0,0,0,0,0,0,0,0,0,0,0,0,0,0,0,-0.05916465385535456,0,0,0,0,-0.27697856758692024,-0.4385033526722732,-0.6000015071190639,-0.6614040871649277,-0.6904294160086348,-0.7558658332175341,-0.7784520680531118,-0.7851482426407265,-0.8031302765353031,-0.8053759414692014,-0.7951377188189922,-0.8123303140007778,-0.8188957527249169,-0.8415834565188667,-0.8903792666684875,-1.0215703515780674,-1.0789828442893032,-1.098946282575948,-1.1331202978783095,-1.1420187201599883,-1.1664431536095787,-1.220760690535909,-1.2460415663508964,-1.295916473343657,-1.3582216522019346,-1.3928893707058498,-1.4316553684327618,-1.482908085901952,-1.5075302642334802,-1.5319705618442954
0,0,0,0,0,0,0,0,0,0,0,0,0,0,0,0,0,0,-0.3703497951232125,-0.5343438437493704,-0.6245226801464819,-0.6887647642385677,-0.7883049830994218,-0.8206271909552028,-0.8302877250600853,-0.8575449228757146,-0.8571669526292184,-0.857415654202633,-0.8789248221916504,-0.8831153850076023,-0.9119639702124598,-0.9711261802251994,-0.9866246089800931,-1.0143489304876478,-1.0280259966741032,-1.0691781758885393,-1.0662434285149454,-1.0479325499121148,-1.0735611614839697,-1.083533989499928,-1.1102850668734856,-1.2132310386925123,-1.2981375506400559,-1.3971883116225323,-1.5199173234384498,-1.5593151754869126,-1.603952742969522,-1.6308104493522788,-1.6646109381417538,-1.7246735949623813
0,0,0,0,0,0,0,0,0,0,0,0,0,0,0,-8.1454825486999445e+37,0.08881077027380435,-0.47329068583711503,-0.6300021278359645,-0.785553420199286,-0.8225630212100415,-0.8560481929547016,-0.8943960721118355,-0.9096210471779415,-0.8905592097583775,-0.9840881765309174,-1.0386675889383625,-1.2247924867395306,-1.2739628650658543,-1.285059668114517,-1.2902875847100748,-1.323484267341499,-1.3609156680701133,-1.3676451844253168,-1.378824824488116,-1.4336643526613582,-1.454729500141485,-1.4714364431631666,-1.5269913862892204,-1.5623325718905157,-1.572318911996476,-1.6063242058230298,-1.6194282552005816,-1.6255855065186753,-1.664175351818456,-1.6911989951319915,-1.7616854973578058,-1.8618764124291896,-1.9351696458553131,-2.0055515526040555
0,0,0,0,0,0,0,0,-0.1604279277370247,-0.28120656677504996,-0.38229004646679576,-0.45722696687397274,-0.5962437213573724,-0.666687575616883,-0.7355825614820539,-0.7953648059005399,-0.8903414493516013,-0.927026063545491,-0.9377132723727554,-0.9903256030546868,-1.0063573202125564,-1.0672427884444606,-1.2740475389188042,-1.3740295100389122,-1.4087578505153968,-1.4448192361191274,-1.4618655399119735,-1.459970170495169,-1.4966365670795192,-1.5095899671553343,-1.5163807153358453,-1.5504087700987796,-1.5698608826932914,-1.5874302044666682,-1.5950948825372175,-1.6428869169913425,-1.6543274476409886,-1.7034552120351611,-1.8252524050505397,-1.8544058901994218,-1.8832387051409938,-1.9380516593336947,-1.961515963749339,-1.973657743243907,-2.0362837800581652,-2.0568404266592886,-2.0695017699607763,-2.1179203936039204,-2.138934113712678,-2.1859804930708653
0,0,0,0,0,0,0,-0.42279071862109036,-0.5238372912276132,-0.6834968555952423,-0.721692998146914,-0.7477551874358397,-0.803320161536441,-0.8079247667684456,-0.7960864732104183,-0.8151230599636394,-0.8344108768403825,-0.8943789554870892,-0.9572493121675524,-1.1531278821735296,-1.3497422719487895,-1.359629704700035,-1.4006099557926073,-1.4048790744334403,-1.3855787611108845,-1.4046266786880242,-1.4154422418241766,-1.4158374762340404,-1.4751293958378848,-1.5001588695482648,-1.5066507186787441,-1.5582014102340398,-1.5757566250543351,-1.5710926786503472,-1.5763734214852634,-1.622373620441681,-1.6412597056152363,-1.6743343003420528,-1.754624004926246,-1.7606951356083809,-1.77577520509521,-1.8059366576299436,-1.8426326836030325,-1.8307648960743366,-1.8483780044452671,-1.8738783710276388,-1.8657851904421052,-1.9625677916111735,-1.9942326096166456,-2.066135407063997
0,0,0.08588262204847134,-0.3991519930370862,-0.47442510969954566,-0.5858495764434642,-0.763590570885175,-0.8034706403163215,-0.8192795509327649,-0.852190952447041,-0.8691541639976031,-0.8702789132062719,-0.8916304232585305,-0.8936819024125208,-0.8819326751394181,-0.8933201681662524,-1.0273050101227408,-1.18477196663678,-1.220723484857421,-1.2546112984444102,-1.250611107720379,-1.247905159482427,-1.276948740741557,-1.279482321295288,-1.2737309130003458,-1.2880006732012956,-1.285631643184835,-1.247811409596947,-1.297658489625943,-1.308941434847854,-1.3152045893092374,-1.3455498599163513,-1.3466003507180766,-1.3234894164630981,-1.3490146657083912,-1.4065476390383929,-1.4718529963025957,-1.5043576770109393,-1.5775406890444494,-1.5778037739014013,-1.5960867635068894,-1.6378079447516505,-1.6855425458265487,-1.7102229710634815,-1.8271142570756083,-1.9001498428840695,-2.00191998120814,-2.1539382845864394,-2.1994423322960395,-2.3803421000014646
-0.4094862609042515,-0.4010446890578764,-0.4501157157875004,-0.5424430912530588,-0.638148760296332,-0.674518234932717,-0.6951723867579571,-0.7745914355005843,-0.7105304077536783,-0.7530581781214937,-0.7615726214958722,-0.7751989213131609,-0.8034100175011334,-0.8020823640509901,-0.9970659470103727,-1.1626156695256815,-1.2368032671789548,-1.2387545470271948,-1.2524751899774067,-1.2898477007424152,-1.2682275753915313,-1.2772979578276142,-1.3110490556196213,-1.3086524397711023,-1.2969923359651123,-1.335131119206212,-1.3282704549597653,-1.3079721788038396,-1.3355827391699107,-1.3391193172010036,-1.3392179537411213,-1.3821709321251316,-1.3958505336777276,-1.4072008367956665,-1.3860686017202504,-1.4359269072149972,-1.4221348089509416,-1.4306350196939246,-1.4918213003077456,-1.4645834053723077,-1.4634930504736634,-1.5060937686722597,-1.5433753214779669,-1.5880318713870996,-1.6500134762429517,-1.7219259661551474,-1.8455046447035444,-2.027940765617034,-2.109712311686731,-2.341855000136201
-0.4394804079401809,-0.48028853015964645,-0.5703066944044807,-0.6914293487183096,-0.6960047170351369,-0.6933161902009631,-0.7036199384281042,-0.7083803171510323,-0.680357838358003,-0.690524436851682,-0.6898171848138246,-0.7135428941271305,-0.9301155499471284,-1.0854753217647293,-1.2765453963245248,-1.2952116154463669,-1.315551891162699,-1.298998510576284,-1.290520771514415,-1.3096975490846479,-1.2715413604859211,-1.2647325194263443,-1.2511985336793405,-1.233449785645459,-1.2147665047535037,-1.2277392770398419,-1.2334267229747857,-1.2149763400840463,-1.2348171189837103,-1.210406518522088,-1.1600115283049461,-1.1371040046863337,-1.1198177406820007,-1.0776502248259237,-1.0249121092696465,-1.0395432162378844,-0.9450177998445367,-1.0131543695319083,-1.0605195096213929,-1.0643396281986597,-1.1612596597026084,-1.2875873769527282,-1.3250509840474463,-1.3386094817582654,-1.5006100240522375,-1.552712574123742,-1.6047396230204114,-1.670933650753506,-1.6893341042564207,-1.9447170660171016
-0.3774082079666136,-0.5118484461700303,-0.5377030617402238,-0.6064514985841476,-0.5976656692753467,-0.601893382622529,-0.6074450273114895,-0.6028191312289115,-0.6195393244178222,-0.6896074243396164,-0.6694978662555018,-0.6395621337249773,-0.6743829188834027,-0.6793707161942137,-0.7120566535017411,-0.7376374789716402,-0.7330922701993217,-0.741914763754958,-0.8097850120782427,-0.9820104727435718,-0.9516479248843993,-0.9216379582150853,-0.9233176637938861,-0.8733349125036239,-0.8404065031078672,-0.8318907484025265,-0.795242399937199,-0.7462904289423739,-0.7139155829509672,-0.6570774775211826,-0.47468395302027805,-0.4058373458180447,-0.3062905050014421,-0.10729090878016564,-0.07312325570564533,-0.055277799618809305,-0.04126437550237978,-0.0056066714694586834,-0.06572978808958904,-0.15617854288074032,-0.23337229498455855,-0.35006894264611477,-0.446362480275533,-0.5521421209711767,-0.6016474746254353,-0.6392324757694267,-0.6281119844483052,-0.6631874220305656,-0.6904880250574351,-0.7750058680722577
-0.23601945133863197,-0.1832130380202072,-0.147341216336487,-0.10990121780384743,-0.03148109321868183,0.008795324764351216,0.04746160371302396,0.09961370438856687,0.18513219521960853,0.260039983093959,0.2917970425874982,0,0,0,0,0,0,0,0,0,-0.2558321918995673,-0.07542015720011368,0.008954048118268365,0.08857552969419887,0.15847296644079104,0.1894781097767361,0.22343977748070618,0.28707469445400297,0.3356761481721888,0.373507884897819,0.5219000779257273,0.5124258508513091,0.5452125750667762,0.38234231851689554,0.3466803288891766,0.2724308342352688,0.23868721031934598,0.19567129861864532,0.26354921803128334,0.2490193673985982,0.1874305141462609,0.12773276809960285,0.09356948226629098,0.19666265932909108,0.2841001089179882,0.14179552623539413,0.19396111723119944,0.2143060989430058,0.26309539793456266,0.3715758525644772
0.057123662231694385,0.09123999080429981,0.1341289755493324,0.14994695243030862,0.20189962583466714,0.21978224261736504,0.27829872098308683,0,0,0,0,0,0,0,0,0,0,0,0,-0.22456516468360638,-0.04344780736679368,0.029736652846187848,0.07676166022746653,0.1041893834607305,0.15249160112887689,0.19187707470080043,0.23170133587389508,0.3507206586085741,0.3945861467802765,0.46352206746462965,0.5783631283073436,0.6803349885548585,0.733323545453545,0.7748515963363488,0.7877833246460063,0.8268625822499264,0.7343142236776995,0.8410792600059032,0.8526311967311384,0.8212165389722375,0.8615978942059124,1.170526398344188,0.8319537756677936,-0.3744791310659136,-0.35068856143153915,0.09683613493175984,0.6241030175019615,0.7979691395241867,0.9361179304304106,1.1676001953225217
0.192342922928417,0.21027989927569427,0.2283099521494693,0.2628140299294775,0,0,0,0,0,0,0,0,0,0,0,0,0,-0.17658508387454527,-0.09921802086915517,-0.052748736634393466,0.05600216871495649,0.08259463015912968,0.12310575446289353,0.16368052274918068,0.24540388848925593,0.31335774860969956,0.36127259540442447,0.4413816206859175,0.5042456404467771,0.5574075018850988,0.6639086195695026,0.7165502952704397,0.7296007617959606,0.7470926119035012,0.7619808577542241,0.8729005627863616,0.8709150315075012,0.912899379764719,0.9434550575070665,0.7364588732198977,0.6751684623538703,0.704125171628847,0.7433610228136162,0.6354549658476277,0.6348733532089134,0.6868058699880192,0.6745219945431897,0.7313962592847446,0.7289680512720415,0.8084056455618006
0.22380311708206377,0.29294797499251773,0,0,0,0,0,0,0,0,0,0,0,0,0,0,-0.1975778757096166,-0.05040724571985869,0.035101229195166665,0.07570695919183829,0.15883095138344833,0.1808396016486945,0.2107057869955157,0.2594999167218661,0.34237581181037924,0.399279191140269,0.4335137879780166,0.5236942918431629,0.5986564784427241,0.6434674472007726,0.6840310279888372,0.7286718451609305,0.7134926995899881,0.5203185447130435,0.5359480422640944,0.5395572748424138,0.47292016748969395,0.4714633576959111,0.4912681912332969,0.43379847300823765,0.4423861511799926,0.45726904492050374,0.46646406016607883,0.5406503495339736,0.6243798669541212,0.6976679611123958,0.7726279478346418,0.8827017560831607,0.9549030910599215,1.1618004573098657
0.2574905924769424,0.3237221338454613,0,0,0,0,0,0,0,0,0,0,0,0,-0.20316625567364083,-0.08599686296342683,-0.06971299475368917,0.03063745677036276,0.0802099549539921,0.11916946459845774,0.18148515455890984,0.20784656400250145,0.23851985674879908,0.2645175825027627,0.2913582571859405,0.33084458639586395,0.3476493994407925,0.3729553980113594,0.40044234321971683,0.40765443781587796,0.39660559458682043,0.4467901943367304,0.4746647606557011,0.2638545735454828,0.150529830820115,0.06700916363363214,0.12233265666295734,0.1706409049238306,0.20793209889175668,0.2968080663000862,0.35946968174073823,0.46590557956695244,0.5174927987100617,0.7258902168636008,0.8420721454000435,0.9404445997414721,1.051157920268387,1.1923796244572973,1.2473700111649324,1.6125165586396486
0.236198257606223,0.2714561710832519,0.29081970629457105,0.3083541331528013,0.08766141921526778,0,0,0,0,0,0.1222208805299403,-0.241775530068474,-0.216816430459381,-0.17403325729096664,-0.12403572744229639,-0.08927335364700453,-0.07324485487132042,-0.01596311031178309,0.0016514679157404104,0.014384918398289934,0.05353346324170107,0.06719715768404283,0.07507261308306844,0.08625447916655071,0.08311008753761132,0.06835458847625603,0.0635132153342585,0.06100573242167663,0.02252428959441132,-0.006180609231265152,-0.09090274713481972,-0.084532560565472,-0.09129958624252037,-0.07034747745365354,-0.06418695980022743,-0.012814400011411986,0.07182614080015211,0.09867847323201069,0.11962803152467888,0.32504231459815025,0.4266048743452522,0.582501956087718,0.6392095495805553,0.8117577173480185,0.9284220009319041,1.0116828073056512,1.28780547445614,1.3684369807879297,1.5226634025609602,1.7756589851812903
0.2306666923276144,0.2503597960694077,0.2669878426186806,0.2831756897317844,0.2861263258068379,0.304761852932009,0.33257679085528175,0.350955251348611,0,-0.20044349666686243,-0.18055731230936256,-0.022736588129842947,0.03365969328113538,0.07668064836253487,0.036005856096975486,-0.03286803354191369,-0.12547177065767565,-0.24852838560940493,-0.27580705350349793,-0.29020627132302684,-0.2936894142215714,-0.3093237116251765,-0.33009227807278974,-0.3589886949083419,-0.3600497071298776,-0.3777978631000879,-0.40203716852679944,-0.38129776206450283,-0.37430265715521566,-0.35957739819831297,-0.30221938723067426,-0.2909116160257794,-0.28255851963656403,-0.1847029344838683,-0.16819412931584743,-0.07335313220644148,0.04724621432350918,0.15316117119370012,0.21955908766303692,0.2789502982103902,0.3118494674129968,0.3666173451369848,0.3588091819914275,0.5900867904603362,0.7260480532784511,0.8053276561734055,1.0872883959544704,1.210111791362286,1.4158318588832897,1.536852160143293
0.19177967731218087,0.15272488284542757,0.14739387870269788,0.17790468847534355,0.07409211088531446,0.057463355945254105,-0.003652393612881948,-0.047817203570926496,-0.07843328192209169,-0.08135421213614381,-0.0979704410480747,-0.10806287069941786,-0.11011292823436516,-0.12032335415211642,-0.1669482462348476,-0.2582861825555715,-0.37690158825729597,-0.48296766698364235,-0.49326083382015345,-0.5285119120208029,-0.5182985732965915,-0.5048838112251924,-0.5228837092662171,-0.5164585490970339,-0.48149381431545946,-0.47679105392451365,-0.47867189507826974,-0.46730113705946447,-0.4670201478254256,-0.43839472241482835,-0.3769378649367336,-0.34720397508067924,-0.2949890044464541,-0.20693284839461795,-0.13746597817293732,-0.10488118630378362,0.02922784520747222,0.09512736514213736,0.15962573291416274,0.28843193095789815,0.3864425601972773,0.45334679970993613,0.4938114901570893,0.623162531739291,0.6669507468714371,0.7143257044789484,0.846264893835121,0.959890242064421,1.0828031924116412,1.2443330939207808
-0.10146964515594828,-0.11997495831719654,-0.14494447861274898,-0.18882548681947006,-0.17159580985359588,-0.19527875044253604,-0.2502734615038578,-0.2580223164099743,-0.31647097928566537,-0.3593987385604561,-0.3961757090850554,-0.44748203216850746,-0.5293103544896678,-0.5572278478086796,-0.5982256868921554,-0.6263487189136357,-0.6354544453897715,-0.6277056075804044,-0.6060209034530161,-0.5961201392969274,-0.5699516789560393,-0.5588633208947755,-0.5661075072070312,-0.5510162951752621,-0.5220365753416363,-0.5173160776973007,-0.5044454796954552,-0.46166136142932024,-0.47221191546072666,-0.4348494886131582,-0.36712037711033746,-0.33375839306467153,-0.2788250622253564,-0.17688793271099737,-0.12199093378344075,-0.04259134584671387,0.03664604211652307,0.09940984255946421,0.1284944448056747,0.2712431205064251,0.3134102607686356,0.3610399823945237,0.4563543099324105,0.5812819263603886,0.6472091754424087,0.6866435914746836,0.8282749716944319,0.9079028809518934,0.9313801315457311,0.965153039225238
-0.25142880899675524,-0.3334655924280112,-0.34440086784614005,-0.3808642322566069,-0.4397248582585966,-0.4680539159678233,-0.5099867586763736,-0.5844468478333996,-0.623720262167252,-0.6808528638615635,-0.6951811197988776,-0.6787280654929416,-0.7127347905720552,-0.6973391575733677,-0.6764433213034748,-0.66829915426137,-0.6617633476175111,-0.6463749172659741,-0.6344819669192342,-0.630976181457329,-0.6069147003119425,-0.590969217515084,-0.5919767683182449,-0.5886278470296552,-0.5616843915602455,-0.5681290911735241,-0.5552063959372651,-0.5193813790016804,-0.4938686335822263,-0.4413734092472856,-0.3681963383578913,-0.3009927187996856,-0.2711167622714982,-0.1680017776441586,-0.10702579761457838,-0.05743241734309363,0.011203678681747419,0.09505589852639036,0.14615867027159843,0.2664726798942967,0.3003998280603466,0.33819742114930557,0.3909341380027057,0.4694176550468425,0.5189433645390192,0.5675358598640956,0.6620872568547662,0.7120823398691704,0.72695481633181,0.8485771793453158
-0.2766146863707414,-0.3826047480782746,-0.41948601251525636,-0.47438988098497176,-0.4856715134733984,-0.513263199357297,-0.5511679118163905,-0.5883648356069736,-0.6621236490583338,-0.6960840271872515,-0.6769050592241527,-0.6584638715533836,-0.6678396263971449,-0.6620097582173747,-0.6361700205329066,-0.6371223758199546,-0.649656017213826,-0.6433595187122044,-0.6381236792464025,-0.6434565228903586,-0.6257294911105041,-0.6182863888291016,-0.6148133132365957,-0.6159285870256538,-0.5501793609497218,-0.529057655163348,-0.5123039524434514,-0.4590741208452659,-0.4338450046033692,-0.39660811896367065,-0.34016242598804486,-0.3141290890266802,-0.27703378527112876,-0.18551630285715281,-0.11144927608031127,-0.09978913930908297,-0.01447947121526473,0.0360513086707348,0.1045650020049631,0.1569275870679856,0.21171971330347225,0.2525258390474118,0.30761958721681887,0.3633566217151088,0.39034422412688324,0.4433738694778216,0.5299176354785567,0.5543961571255915,0.6060178806683331,0.6920828794404785
-0.3445999941348121,-0.33385443733305026,-0.35652309798386106,-0.4013475239004301,-0.4235091160269742,-0.4479525444806133,-0.5216061493990815,-0.5217037262851845,-0.500759655546809,-0.5130427847190477,-0.5297628635554782,-0.5654404857789748,-0.6393265146130731,-0.6454549985817313,-0.6287850579255945,-0.6430346486241354,-0.6646430879384443,-0.657651729051201,-0.6595968045002046,-0.661981526653307,-0.6376365094516429,-0.6416917681070078,-0.6241183190884336,-0.5796324685832607,-0.5296673425578502,-0.5125211884290201,-0.4817712065600088,-0.39933743880465755,-0.38607616941418815,-0.3618718771319762,-0.29814073318391054,-0.2785573451919329,-0.24683149529825257,-0.17484222468424926,-0.17347537487027181,-0.1637758866869402,-0.15283392773990842,-0.1211150008277069,-0.06756894968376286,0.016788858549415815,0.05432636120112949,0.11088400593654178,0.12908682939072597,0.20553640006708848,0.24848836808502456,0.2910440569610505,0.36237249540293626,0.3957766457091851,0.40351818223590513,0.49111590946754835
