jsons/1312876800.json
{"header": {"parameterUnit": "m", "parameterNumber": 2, "dx": 0.1, "dy": 0.5, "parameterNumberName": "Eastward wave", "la1": 40.97354507446295, "la2": 16.46031188964855, "parameterCategory": 2, "lo2": 133.9931640625001, "nx": 191, "ny": 50, "refTime": "2011-08-05 8:00:00", "lo1": 114.97908020019554}, "data":
[rows 0 to 21 of 50, columns 49 to 97 of 191]
0,0,0,0,0,0,0,0,0,0,0,0,0,0,0,0,0,0,0,0,0,0,0,0,0,0,0,0,0,0,0,0,0,0,0,0,0,0,0,0,0,0,0,0,0,0,0,0,0
0,0,0,0,0,0,0,0,-0.057013470269185185,-0.08842754189490748,-0.08337808219658593,-0.07913975842141917,-0.06750728414844961,-0.06938611993363013,-0.06719937875454733,-0.06818560014755706,-0.06666240981248336,-0.06690996111990005,-0.07041908489637415,-0.0720017695999325,-0.07384556671002003,-0.07748155531251104,-0.09165611024495685,-0.045133257495833475,0,0,0,0,0,0,0,0,0,0,0,0,0,0,0,0,0,0,0,0,0,0,0,0,0
-0.16500016069348558,0.011522005794027429,-0.11867785228232831,-0.11520892131962672,-0.13207979155476723,-0.17237814802965915,-0.18487019628791151,-0.18661190688541554,-0.18379605951044625,-0.16613843467750905,-0.1518175380226099,-0.14923615098826623,-0.1415123867923363,-0.13836659420280153,-0.12867369222325017,-0.12305099062700439,-0.12263362623401473,-0.1199278039334577,-0.12481062397786352,-0.14131791129360466,0,0,0,0,0,0,0,0,0,0,0,0,0,0,0,0,0,0,0,0,0,0,0,0,0,0,0,0,0
-0.118959034502866,-0.16153783065180982,-0.2550294186111795,-0.28833718068963055,-0.2867536192143469,-0.2578186962768894,-0.23516057698282652,-0.20954038025253421,-0.19722017266830688,-0.17703360340329274,-0.1683137223283911,-0.15635659019170398,-0.1622073591945658,-0.15970520786154735,-0.14430322219203032,0.16872875453164035,-0.008579107007071412,0.14933734828771214,0,0,0,0,0,0,0,0,-1.405608052657328e+38,0.08847262742809928,0.0483705060875891,0.0016084296412733987,0.030658583433150338,0.019387865405098424,0.003593180700645645,-0.016124125381928454,-0.030767725015442008,-0.03808832365156898,-0.027760485070035548,0.013066796081411742,0.055287589506772365,0.12398876274176987,0.33447173852500134,0.3959944272017195,0.38668677626261044,0.3946835689365265,0.41660454715376455,0.4106166441673281,0.4049085891768504,0.40354232693280484,0.38309096513580004
-0.1921689871744962,-0.19865025089236,-0.19818333694692983,-0.19290397739468304,-0.18016883706037123,-0.25341907698678307,-0.2929986371480295,-0.34207726026032437,-0.25999932053215197,-0.5292092746170451,-0.3834547121519265,-0.06271923073080449,-0.1881622975648708,-0.2767475145883032,-0.24904362712235212,-0.31263438884552924,-0.34127154525579123,-0.2417446504407994,0.0766951423900773,0.21494726495472852,-0.523252747981572,-0.05815403053933046,-0.10750428795271824,-0.17357588354360703,-0.27580170641088114,-0.3353941064954354,-0.3713682895839367,-0.40844083964455247,-0.40519102840827753,-0.4031934512693939,-0.4206073011847374,-0.45094923001705145,-0.4523825530581244,-0.45540894977609564,-0.45203889093634114,-0.42961229582505933,-0.3882628733915103,-0.24281483779460164,-0.17591726876912422,-0.01172900380053622,0.28313466307397384,0.458841941467427,0.49201056315068165,0.5120734068592514,0.5334149279597237,0.523318714363257,0.521175425656079,0.501841170073622,0.4532644425673552
-0.36585713867669284,-0.39112695359693034,-0.394833289796983,-0.38648268083626264,-0.4082547143472895,-0.40898271740961817,-0.41568897112275316,-0.4284587123712116,-0.44736153326131955,-0.4508528801194247,-0.45909446406053944,-0.4612582316459743,-0.46319227882230846,-0.46407747758251433,-0.4818863209893685,-0.4773597021126997,-0.49444662265550926,-0.5194674053377114,-0.5605939652429452,-0.5610833661988829,-0.5716258838950313,-0.6329937648234291,-0.6376148664924255,-0.6554063817146002,-0.6569955127336745,-0.670546171536251,-0.6524635371179968,-0.6519382544584177,-0.6568876766063306,-0.6501628657314461,-0.6539673022889749,-0.6506691550896645,-0.6415846695231453,-0.6228036352820984,-0.6128152249380666,-0.5886224065471827,-0.5685090632021389,-0.3947810886843909,-0.21984514048456302,0.06424074577200364,0.5109856264233815,0.5889938559992011,0.6047701508961556,0.6179906716877435,0.6182072847929048,0.6025569219686698,0.5867898784792552,0.570031151779436,0.5009237849118281
-0.5090807064850631,-0.5333798111315603,-0.5561915321430797,-0.5709087021600535,-0.602563760733787,-0.6046151004767077,-0.6074295918950289,-0.6234035017220376,-0.6245793383400446,-0.626207447454036,-0.6379968562052399,-0.643428154851247,-0.6494231520910907,-0.6659552399952744,-0.6772889718499177,-0.6984619678892185,-0.7068037304111565,-0.7225921496061742,-0.7366239402148653,-0.7384412811837298,-0.7469595505809271,-0.755478538335965,-0.7523672482862915,-0.7475858695569624,-0.750476063108626,-0.7465176855167455,-0.7334283792159368,-0.7423253962078716,-0.7518784754933512,-0.7354189549595936,-0.7323336309460388,-0.7282247147491022,-0.7156343564277589,-0.7118218468177258,-0.7003450469672247,-0.6768764797477234,-0.6580076494367176,-0.6637178237792116,-0.28496562853869256,0.601951310775822,0.6098115743701686,0.5910226032531363,0.6138714500606149,0.6191417107544671,0.6173412231163378,0.6231994632622045,0.6170572384715318,0.6126202216011846,0.5779661038186344
-0.4286680319608404,-0.3967328364646351,3.33563464719349e+38,0,0,0,0,0,0,0,0,0,0,0,0,0,0,-0.6193476085136441,-0.6355386704246885,-0.6311584049006952,3.398467058647874e+38,0,0,0,-0.6387618109707951,-0.6709291489992228,-0.6652891143013893,-0.6871729063410824,-0.7214497674050141,-0.7460975294242312,-0.7535073501484796,-0.746133849933245,-0.7224910847933306,-0.7061190596480926,-0.6557857332315796,-0.6042103156551348,-0.6281971207472249,-0.5411734831672192,0.6773910417442351,0.5316677113094211,0.46532786304266754,0.5437058391826741,0.582977618226426,0.6145958314577021,0.6396428533095566,0.6401291873653405,0.6447627023512126,0.6569498087271138,0.660597907072093
0,0,0,0,0,0,0,0,0,0,0,0,0,0,0,0,0,0,0,0,0,0,-3.3684679764496095e+38,-3.4023960314921868e+38,0,0,0,-0.4064852905078795,-0.59214580311761,-0.6773604849282456,-0.711151259045485,-0.705931335515157,-0.6933885201322632,-0.6662298593009307,-0.5798949700664349,-0.5221067704683422,-0.4950578663572402,-0.47357302942527824,-0.02183479364536618,0.610438321004069,0.34029212134311376,0.4210564486044636,0.5081550850868711,0.5234709262945166,0.5730603836673589,0.5907257160411341,0.6054226653662367,0.622184326042801,0.6123812859504505
0,0,0,0,0,0,0,0,0,-0.18833620428161288,0.18698017579565832,0.2143728295717469,0.1932342803003349,0.1786357372836031,0.0009260937527959391,-0.3660603392417915,-0.41179622486187856,-0.4467455365623063,-0.4553774335001447,-0.474678270826833,-0.509223593034943,-0.5139985265516317,-0.5196666388315458,-0.5563687901698189,-0.576282391557494,-0.6082896426535368,-0.6486549226077062,-0.6611575425848095,-0.6728645778062784,-0.6863257730173322,-0.6909487382346037,-0.6670080171265332,-0.6432484293157783,-0.6159606427956009,-0.5132938559198643,-0.41767865809554133,-0.4963371214257713,-0.6935952382353818,0.7050858939051377,0.5916013344241398,0.4501616123521951,0.5174035592648002,0.551007763777479,0.6013611167940168,0.5875810057810905,0.5900527329188012,0.591031165626726,0.6125608683008577,0.6001112043628147
0,0,0,0.13982587358057252,0.1430142078020391,0.1152664027006109,0.07181254012152491,0.052123912544639384,-0.034079756867986775,-0.1687752791771628,-0.27706501748669027,-0.39011155845274326,-0.403722978238089,-0.45459858308806167,-0.5005672435884103,-0.5216790005950717,-0.5344434845679549,-0.5560315551135796,-0.5702665829364643,-0.5782782682755996,-0.6025822701402254,-0.6195722433005654,-0.6286376256528158,-0.6477669242339926,-0.6544624892461693,-0.6495005092617193,-0.6585654903286697,-0.6593984530194411,-0.6351563590444057,-0.6238977350248206,-0.606105296151999,-0.5613791474990634,-0.4946057926671853,-0.46710584437081215,-0.3691512817444643,-0.38871451325981204,-0.28774603591090464,0.23603321918110629,0.7262168861752486,0.4286707428017111,0.3886577761333415,0.4285936682168494,0.4679438776834629,0.5124430283250986,0.546930872652779,0.5546932260623443,0.554339676722892,0.5566880570849427,0.5613936437939593
-0.0999056549838463,-0.12918247387525975,-0.20544922341682978,-0.25890364713690656,-0.27746352615005043,-0.3403589407719354,-0.36299630214284856,-0.3951465677092094,-0.4260242947753423,-0.47567707529626574,-0.5120178467020761,-0.5450912652045826,-0.5781226799921092,-0.5808736384020218,-0.5927678436369197,-0.5990485782846175,-0.607845071844262,-0.6187099959723941,-0.6274111267824023,-0.6348987200626692,-0.6520324796550553,-0.650484732590713,-0.6580074496950888,-0.6547310886406738,-0.6517479993823164,-0.6321896034989971,-0.6144077144347863,-0.5917909293440428,-0.5164609602284819,-0.5063072284740759,-0.4948405201217871,-0.4403268198556864,-0.4142927617900938,-0.3828588257871573,-0.28766890705357284,-0.20761964643091646,-0.33594349402381773,-0.5230144827152481,0.2896494954745534,0.46791502109199845,0.40012084925273406,0.4437838901162902,0.44944118910511105,0.48067453259356946,0.5338621165301992,0.5354071579471098,0.5383927554419055,0.5351229771813828,0.5403204875279125
-0.34585747551401586,-0.3703139190056804,-0.41298298743401973,-0.4354041888072251,-0.4533795003315007,-0.47836225310549946,-0.5042993058690141,-0.5255267658169473,-0.5417337382629803,-0.5622523167813269,-0.5802137727327376,-0.5897588069399414,-0.6041640983145646,-0.6174811136383854,-0.6252006858811526,-0.6258686052638676,-0.6361509200029574,-0.6477380314628222,-0.6569525108998129,-0.6566476519288899,-0.6622505334956073,-0.6483749896369092,-0.6462977523015043,-0.6392823700887967,-0.6280783590322719,-0.5867848514342173,-0.578337691920844,-0.5697389867623286,-0.5197174034711675,-0.4880594820461088,-0.46949227525317294,-0.3890146180119099,-0.3721050336792056,-0.3399207248482578,-0.23004048263374263,-0.29057348216676543,-0.3070353730332276,0.5023838426190518,0.37123691629114963,0.27718973864396035,0.2820600080550638,0.34046235225225485,0.3727216147448992,0.39360245144809886,0.46224882549212487,0.4968716474079574,0.5120321638135735,0.5287541856034828,0.5365324442235169
-0.321077881590417,-0.3396378500734467,-0.3529630171058786,-0.3847508627249555,-0.42740518180587334,-0.4498712215113298,-0.4643137132551092,-0.4803248997671255,-0.4916100880383365,-0.5075073771822678,-0.5271827302688746,-0.5382946108205838,-0.5539214281934435,-0.5683252571683713,-0.574434125532027,-0.5855750906863519,-0.599466211790335,-0.6306925409142253,-0.6471450380990232,-0.6611527612183495,-0.6752335704452996,-0.6746289363287803,-0.6681991345145478,-0.6621575255457143,-0.6499890442150825,-0.6050424577438337,-0.5831612616557306,-0.5477737107790265,-0.5158571687718418,-0.49057516311405175,-0.4721159203974647,-0.43266598010090046,-0.4156570949652983,-0.39064609481992785,-0.29166182153798625,-0.25127614484455785,-0.17575070998299283,-0.2702375463082666,-0.522680993629438,-0.7179442531348095,0.26272931352074536,0.4110489137070535,0.31878061059092067,0.3490587291933625,0.40667506417490373,0.45384102551697614,0.4849735153643924,0.5048766106677242,0.5323672335745468
0,0,0,0,0,0,-0.3219673978026584,-0.39436012305531837,-0.4268665288354316,-0.46054866724001964,-0.4779887126696169,-0.48964905262189734,-0.5033729117679226,-0.5282345127080617,-0.5436835943871346,-0.5692340743616151,-0.5794985295754236,-0.597437192594575,-0.615755736208765,-0.62700552907548,-0.6429220274785477,-0.6370668368821444,-0.6310314206811501,-0.6281215588305668,-0.6183133748216362,-0.5985580982868947,-0.6003879598209374,-0.5909038401237118,-0.5658584436573072,-0.5524567713114372,-0.5385001549712151,-0.49595611974644394,-0.48175653036644905,-0.4562244801098379,-0.3954344633184613,-0.36387325907284607,-0.3309585248792498,-0.20772557701398126,-0.2639500867035032,-0.11334973379316815,0.6709362481227857,0.6240181594239511,0.47859851539331744,0.34571956049455166,0.4939581829910525,0.47121144352129035,0.484841438599639,0.5472408996263183,0.5585414846439682
0,0,0,0,0,0,0,0,-0.2924517333092625,-0.37084315448325283,-0.4214943050444586,-0.4281856720836227,-0.4247146184883049,-0.4373057957457131,-0.44727973641536484,-0.47598938587731027,-0.5054673953070975,-0.5443726238249509,-0.5705091169036625,-0.5839682262094976,-0.6074609911941354,-0.6219752372374492,-0.6338397454150813,-0.6458149478903094,-0.6484524969459032,-0.6414644421992817,-0.63230355501911,-0.6292398079583599,-0.6122566561178773,-0.6151819337964419,-0.6077422372325088,-0.5724454061360065,-0.5548746889220573,-0.535675900354872,-0.4621526279080183,-0.4236080671843989,-0.39946814983203865,-0.2910542017959282,-0.26018209813405396,-0.2242395957480934,-0.4050323964510438,-0.7571186199133099,0.45415776819397463,0.6019953718378189,0.26610113241561734,0.3153498444722893,0.35510192814353286,0.4342286418601577,0.45362306704404903
0,0,0,0,0,0,0,0,0,0,0,0,-0.16076389026409713,-0.1182585583862046,-0.1560197023575606,-0.24091202832705508,-0.297853555423134,-0.3813470295534983,-0.4431131651059743,-0.4760693042855627,-0.5115711300914972,-0.5393453539861786,-0.5470348660761687,-0.5627241480543634,-0.5763155906596285,-0.5948801830213333,-0.6154237940526761,-0.6249105824186123,-0.6314181731560878,-0.6437148359401007,-0.6415522223426422,-0.6268440826619189,-0.6167246253841726,-0.6111825463993128,-0.5625717621274622,-0.5561818213881375,-0.5068312410107991,-0.4049846654322672,-0.3556961575087984,-0.31956919140843787,-0.2235964071570284,-0.14612738460010888,-0.24192939114340892,-0.6014524199136455,0.5682935767681969,0.093732844043537,0.13609390526874116,0.24804555282034277,0.30038113069592914
0,0,0,0,0,0,0,0,0,0,0,0,0,0,-0.17176371509408458,-0.09593322255454606,-0.25085644614597624,-0.3028515018389277,-0.3520008860769401,-0.38185505721586366,-0.40491397788100014,-0.43519208534007586,-0.44159067575288147,-0.4651783591430172,-0.48322996206044955,-0.5056400463012464,-0.5269841305656551,-0.5342476214438789,-0.5605765776205694,-0.5879690697774345,-0.6067385259150727,-0.6332495335120717,-0.642402733635304,-0.6477049730074118,-0.6555193154016348,-0.657941788066456,-0.6573701308165374,-0.6253839108048234,-0.5978535705166769,-0.5451149828926709,-0.3660524638128626,-0.3521417134860553,-0.34998037185561487,-0.6543319824399118,0.5993054706926171,0.42212201970692814,0.2807800490667855,0.41543817900821284,0.4497764888868259
0,0,0,0,0,-0.0014698104408611488,0,0,0,0.0058479240843909075,0,0,0,0,0,0,0,0,0,0,-0.1807045475467362,-0.2839563340688965,-0.3010641236019546,-0.31910013175021484,-0.32085948602759246,-0.3207882739348202,-0.33226774061129316,-0.35206385252082273,-0.3833258036771733,-0.42442618529549064,-0.4630778856139936,-0.5279371774877037,-0.5602028984988636,-0.5853099656647172,-0.576669394392803,-0.5853713779012863,-0.6116538788791602,-0.6758019441979066,-0.6879987913832275,-0.6966916644141892,-0.6794636951538812,-0.5981999623839758,-0.6760447518766727,-0.481016530992056,0.5073293317885142,0.46331666641533403,0.5797163688136195,0.6243707029204638,0.6330084268723387
0,0,0,0,0,0,0,0,0,0,0,0,0,0,0,0,-1.7953953668264393e+38,-0.001247574298984807,0.02549530168098418,0.03894007787049176,0.04509559652974414,-0.019017771990693846,-0.07066604350090835,-0.14403877917242106,-0.18155743557061732,-0.22250310271500537,-0.2562561651667313,-0.27765901160142936,-0.2976116599117199,-0.31843736818242674,-0.32238175783034145,-0.39719784367356314,-0.43631794364456,-0.45484361709619797,-0.4103032933864169,-0.4439447400679703,-0.4944288843831962,-0.592697609332156,-0.640656417805035,-0.6738377065526181,-0.66760882186278,-0.7041535408998563,-0.3921177341847969,0.6451409649188227,0.5999505900103358,0.6317652047089277,0.6640929562055438,0.6623808062710431,0.7061527941210344
0,0,0,0,0,0,0,0,0,0,0,0,0,0,0,0,0,0,0,0,0,0.040799978307070106,0.023239287260597482,-0.021206175851640453,-0.08880374953395936,-0.17721985182878042,-0.22627887947823433,-0.2320167748468422,-0.23891414399269933,-0.24743619483137733,-0.25134402541403217,-0.23669466562667038,-0.23152742865545373,-0.2634989063754846,-0.17857504454267828,-0.1501986267501113,-0.09981048888262968,-0.06760764400998026,-0.05155434861522506,0.04385578579966195,0.3099348573419593,0.3219574699164459,0.45413734149725343,0.5632376060532072,0.6705129411544477,0.6853868627721915,0.6863364876560122,0.7163633872098596,0.7214397989401082
0,0,0,0,0,0,0,0,0,0,0,-0.020834999758312094,-0.024788615222082696,-0.02674179733496948,-0.024869111401754358,-0.023397675478730555,-0.02442939197984309,-0.030986782211204076,-0.03441701466099166,-0.04127652719130961,-0.04052986449565198,-0.12327810139441618,-0.16603049600554556,-0.21488252648881578,-0.11958322723827969,-0.10822753883129015,-0.08808683948003006,-0.10190406645672216,-0.034216892123657285,-0.04863282504558432,-0.10877809363296644,-0.10492977905692238,-0.12087300883386709,-0.11217706840038665,-0.14969977583949007,-0.0911222913208831,-0.025079418359929034,0.14154296523931129,0.2935656985246092,0.3543319306707382,0.31113257385961857,0.28172544930533294,0.46136015678731745,0.4472935470885283,0.49381850484505724,0.5480599200408909,0.5891398251743537,0.6613633028476803,0.6995399092382423
