jsons/1312671600.json
{"header": {"parameterUnit": "m", "parameterNumber": 2, "dx": 0.1, "dy": 0.5, "parameterNumberName": "Eastward wave", "la1": 40.97354507446295, "la2": 16.46031188964855, "parameterCategory": 2, "lo2": 133.9931640625001, "nx": 191, "ny": 50, "refTime": "2011-08-05 8:00:00", "lo1": 114.97908020019554}, "data":
[rows 22 to 43 of 50, columns 50 to 99 of 191]
0,0,0,0,0,0,0,0,0,0,0,0,0,0,0,0,0,0,-1.5341213216950798,-0.6653821385115612,-1.7512007380126466,-0.44347368155272754,-0.6186200823294171,-1.8751854216921968,-1.9795074676641344,-3.6953225167812582,-4.0856080436149025,-4.518802381076988,-4.9062977476894725,-5.1087864463938955,-5.285617630755242,-5.621534182853423,-5.748927877868158,-5.869689463099494,-5.937460370520099,-5.881793000559517,-5.812050839219748,-5.728872820013249,-5.7155453415028195,-5.620608202207595,-5.4979795462427115,-5.137703142266451,-4.919735220294123,-3.749918191691266,-2.297854685093422,-0.6984399002577252,2.388819165882058,3.649521457021354,4.258214015525462,5.084739200209848
0,0,0,0,0,0,0,0,0,0,0,0,0,0,0,-0.39115390752131096,0,0,0,0,-0.7876721357152355,-1.767336899351809,-2.567469491264852,-3.02989564807206,-3.3472766981918287,-4.09041446725671,-4.452643943916934,-4.753623661729148,-5.165667552182636,-5.391632194357773,-5.588928616394687,-5.829609260602673,-5.935409857709107,-6.006621673393083,-6.006394658944758,-5.960812048153539,-5.877901032051287,-5.8405936587103255,-5.766498723136819,-5.553076529427959,-5.379097894887726,-5.101580378416826,-4.814379520564475,-4.245913542216533,-3.8405078067067415,-4.443650282980977,0.32790303123603615,4.407509369260914,3.5626386428112937,4.539340900111436
0,0,0,0,0,0,0,0,0,0,0,0,0,0,0,0,0,0,-1.2211049511649998,-1.8333380923418874,-2.1414143404661723,-2.4834936489895925,-3.213059473983366,-3.5446271648270122,-3.8631113742933207,-4.334931873207872,-4.510450798014425,-4.663530175610907,-4.961491620484102,-5.094921693311518,-5.178905946140651,-5.368285436009863,-5.454667106820174,-5.465812055113608,-5.504561016314781,-5.52414016255611,-5.393630978100758,-5.261717834978039,-5.0160652017919745,-4.365529512879394,-4.1136034003135205,-3.584054793278039,-3.1471323949737515,-2.1986312232738556,-1.7977441454345728,-2.106504210928628,-4.073483870859948,0.6731828116065542,3.69535059343309,1.476725324422281
0,0,0,0,0,0,0,0,0,0,0,0,0,0,0,3.3038944722661223e+38,-0.730857752574072,-1.1312158799409173,-1.7289248601204155,-2.5285994851579057,-2.8080943414571506,-3.0599977455252265,-3.535310763895677,-3.7544858858162105,-3.921960869118039,-4.151625078976641,-4.1961386017148214,-4.211859018594472,-4.394817488986877,-4.4330674596998945,-4.376838565550527,-4.5023187090340135,-4.510139781117855,-4.473421932352666,-4.396410458920247,-4.34524210202134,-4.041277535371064,-3.930719985364562,-3.6095570158870403,-3.2142411747686865,-3.0342400626075965,-2.7731251844141434,-2.454655112908671,-1.9720941978624986,-1.662744238178719,-1.2830569924703117,-3.115268900042392,-4.42111161537245,3.776143762383847,3.4622301189298414
0,0,0,0,0,0,0,0,-0.3781042913670688,-0.3483843053146715,-0.7884181642781554,-0.8447360594831693,-1.1463531778394982,-1.3018176657559586,-1.609495116100904,-1.8540253811835987,-2.2660855206202863,-2.5314982370380137,-2.6878612710345897,-3.071221856752413,-3.1863611663919467,-3.3203548478886917,-3.4560030208184656,-3.5075456123459077,-3.546379710464774,-3.703328091112958,-3.7408952214693345,-3.779787534608658,-3.9005655155370462,-3.928730651431651,-3.8900231928448106,-3.890732418025485,-3.8902377041339915,-3.8036033207091022,-3.721645596743359,-3.5800144392656548,-3.2589887878630557,-3.1229366757407204,-2.871278924942928,-2.706550215802032,-2.5633274868762297,-2.458037429485581,-2.28530730295489,-1.9197705995645888,-1.7627550904446994,-1.5065897892769535,-1.6427547674972598,-1.6828669031827614,-2.879614920848603,-4.226036983245441
0,0,0,0,0,0,0,-0.31055798362833725,-1.077192220212069,-1.5721053300569527,-1.7709174749005006,-1.9665253886471115,-2.2487990914600684,-2.367907192428001,-2.5034305492200044,-2.611932650569097,-2.8285893357500744,-2.974248751009481,-3.120265799775349,-3.201398332405733,-3.209090441993746,-3.2741787527743558,-3.433034142870605,-3.4594652581870786,-3.47082353045623,-3.561567580902951,-3.6051012606410064,-3.568720055186295,-3.644831373668891,-3.6330392889136434,-3.5303591105894063,-3.527660713208066,-3.494905406588412,-3.3405187423316955,-3.258354791008715,-3.175293621229426,-3.04521195304537,-2.9634056362760526,-2.8842447148915973,-2.7406450195534617,-2.6373168090603745,-2.55045138766481,-2.3856886017229915,-2.112100766372968,-1.9910249397778863,-1.8359888903920998,-1.4468406127203175,-1.202620305143515,-1.0120774580770735,-0.7712571448493452
0,0,-0.7413165145561746,-0.0706936380636417,-0.5625789183923252,-0.9415064345022567,-1.3278792840369922,-1.5751435956624809,-1.8802565288600213,-2.0891956250984034,-2.263693756834719,-2.401332224215502,-2.5812118260610384,-2.6823279309156285,-2.7717798455473823,-2.84885562175959,-2.9888411844118714,-3.0369129792165857,-3.12191920220928,-3.201224479420176,-3.243017788984042,-3.281647721111511,-3.3883647666406795,-3.419870555991606,-3.44304261706401,-3.513352682337555,-3.5317464016936064,-3.5364696049809203,-3.5073267014130183,-3.4855898960720473,-3.4098323665383563,-3.435229754211765,-3.4142834771627437,-3.326920724281751,-3.3098752801799014,-3.247547637117947,-3.0788578358685665,-2.9520859529315895,-2.9229548307114173,-2.8123290412590087,-2.6713440642351696,-2.5772531901405906,-2.416913687928961,-2.177559900229051,-1.9813542186922448,-1.800657267447968,-1.5471538821022364,-1.3236322936950384,-1.206663422257213,-0.9448257855734843
-0.49384497270871386,-0.6934151815186484,-0.9609240603530536,-1.2635891392492693,-1.6226031120158175,-1.7465526941530292,-1.9569760458570482,-2.093020886726511,-2.249526266274261,-2.438320264895901,-2.5149574854956622,-2.6400856473671133,-2.747758428047224,-2.821497861565388,-2.909623414148052,-2.918959689189086,-2.977107329611708,-3.044754137664806,-3.0766147450122077,-3.1588098778745626,-3.208369659572545,-3.240576006520555,-3.298766138981698,-3.322080740464827,-3.3357722223985977,-3.381919423133116,-3.4079012148939345,-3.3846905851692597,-3.406865024836803,-3.392015913580303,-3.3369278710542853,-3.3285299786323277,-3.3115151480419764,-3.192857570150395,-3.1343078148499295,-3.099675956351418,-2.994637785905249,-2.9286556709009552,-2.8817093927066573,-2.772916760315871,-2.718561250991092,-2.561957871239533,-2.4369348353536493,-2.172606062153332,-1.9774236612240859,-1.9018436892508548,-1.626413940645192,-1.471703433134137,-1.4097262526851946,-1.139665762246045
-1.2671614221338487,-1.5419276682532965,-1.6709784564419856,-1.8333114417005834,-1.9766436244180343,-2.076761975413991,-2.241234790176736,-2.337240153304218,-2.493649469724473,-2.5990105818181135,-2.6698517791337553,-2.7718110972605228,-2.8217467738837625,-2.847352641770413,-2.8727453701347963,-2.910147451796053,-2.9950220809033077,-3.0231416573168723,-3.051356650790491,-3.11597161730207,-3.1451130725911423,-3.184077506358096,-3.2607280718562297,-3.2906707100798496,-3.3109965466398714,-3.3471858922352173,-3.3428967222827572,-3.3043579055938426,-3.3374392115676064,-3.3479712502640337,-3.3470506552541917,-3.375272575585778,-3.3620592646333276,-3.315121886089844,-3.300862591899046,-3.3203679228842162,-3.220314963348702,-3.0993906003266156,-3.0085459605142084,-2.8501805693630318,-2.678735940931009,-2.5760100961549575,-2.405895505751767,-2.187848400197963,-2.040561373595443,-1.9037938820193152,-1.6920559891370184,-1.5149324158243198,-1.451216966447515,-1.2434016782399848
-1.5628958251735994,-1.8102643284832434,-1.8886480085798547,-2.0198697613382737,-2.154163824279549,-2.230466305121291,-2.3291838673407312,-2.4384936452385633,-2.5386098617460022,-2.6451250198920158,-2.693570279259997,-2.7524874667277666,-2.8246412038911015,-2.8545593085722225,-2.881152111923865,-2.9094186454228232,-2.978485765092335,-3.042415917545224,-3.060224376650987,-3.114647646044889,-3.1475790664503775,-3.1713398142702607,-3.220403359883812,-3.2361990346458223,-3.270376093980558,-3.3082014679643437,-3.3317204602164785,-3.366030495335791,-3.4285919569522534,-3.4525759263141422,-3.4831468212463697,-3.577630164997427,-3.6134311753887545,-3.6221352955591835,-3.6311195951247557,-3.496820627200651,-3.3112271533158135,-3.1851332237567065,-3.024925901965441,-2.8303626144775236,-2.7001723087021547,-2.5478315068550303,-2.416097514212471,-2.2280070234083476,-2.1324503879587002,-1.9368597885556291,-1.7174328654516453,-1.5925635794259176,-1.5261266842592818,-1.399178068338809
-1.8470869919488868,-1.9582116559460752,-2.0158952125676586,-2.1119460430929635,-2.2042270023941213,-2.2762858615590584,-2.3371295613464076,-2.4122730155748497,-2.453551532413049,-2.337403782097014,-2.2284193473734146,0,0,0,0,0,0,0,0,0,-2.459301635976911,-2.845072354235199,-3.1779591292459815,-3.2566386655196635,-3.34412074528883,-3.441058759009739,-3.492387020450298,-3.542084755123102,-3.635431956399855,-3.675067039491872,-3.769149761023204,-3.833229189928227,-3.832340571178847,-3.814302741253164,-3.7580852689053765,-3.6002672768727835,-3.4566444695220575,-3.3605679345734827,-3.2267058051849493,-2.9925082153760667,-2.8095569455200247,-2.634922868808836,-2.5829564844011106,-2.513008559993602,-2.3386358389678015,-2.142323528981593,-1.9582868211704403,-1.846820706451637,-1.7660666910498,-1.5921036973101408
-1.7372359448171146,-1.7915223204372788,-1.8086180429030703,-1.767820730154215,-1.7076185977184224,-1.5988420137961594,-1.3761837110884498,0,0,0,0,0,0,0,0,0,0,0,0,-2.2252766840802893,-2.574133039654759,-2.8032253055945575,-3.0538541560506665,-3.1424842721070205,-3.3222496594900135,-3.432967946366331,-3.5106507045599353,-3.5937684835144297,-3.687205349449883,-3.729227600923115,-3.7859158237077755,-3.8093805648833556,-3.855668003121768,-3.883854228184876,-3.880974093473936,-3.812107970504271,-3.693713787960626,-3.518987497141416,-3.2676516243150457,-3.376044321869073,-3.2921444972602454,-3.0159872500482736,-2.310859625204745,-1.395407800308803,-2.655499681929768,-2.636426461750783,-2.3847895695035333,-2.25016694987776,-2.1520650283571263,-1.9382874657556197
-1.332551144083099,-1.1627398544601821,-1.0636136261072298,-0.9367906675176878,0,0,0,0,0,0,0,0,0,0,0,0,0,-1.9666637216033587,-2.218373000624978,-2.5209025227657462,-2.740688289346491,-2.8600666522790927,-3.0071247778371895,-3.1065686435804127,-3.219519491575783,-3.342819544402805,-3.3957859016970775,-3.4828213303021576,-3.579418256448238,-3.6277518323313434,-3.6801251224270954,-3.6800222209496094,-3.6224581800376634,-3.5579512077258215,-3.4326084738239273,-3.1041604093721014,-2.717840211291546,-2.4235690193321333,-2.1693912677948157,-2.3112237405597775,-2.3661128524049273,-2.436390684771078,-2.3855272596513317,-2.391187562051646,-2.430179313853422,-2.534016949832788,-2.500972191962362,-2.5151979185117357,-2.415979549828621,-2.273605161511445
-0.7250326224987744,-0.499293377826233,0,0,0,0,0,0,0,0,0,0,0,0,0,0,-2.0870664663820993,-2.2961310377430815,-2.4593533281733224,-2.6120399276045507,-2.748528412551357,-2.8329213601238887,-2.9405117053132406,-3.017508504472003,-3.100806622244837,-3.17602685444495,-3.221633806611733,-3.2511202960801637,-3.283196852069777,-3.2713468768867293,-3.257831605009087,-3.169081382665442,-3.129705618285984,-2.985304081620365,-2.910133737614595,-2.793254624711839,-2.7150177916589886,-2.67021893004014,-2.6477340482924334,-2.616784301247999,-2.615608954769599,-2.6638572715646154,-2.6715905687347847,-2.654391076972508,-2.68740014792664,-2.700842842819241,-2.6335187777327356,-2.589893719821263,-2.5390089388693653,-2.4422282102514057
-0.49508965442196,-0.12726737225471937,0,0,0,0,0,0,0,0,0,0,0,0,-1.9427973484579995,-2.0919971463903253,-2.2714760586847134,-2.4238812174178026,-2.5131335666964083,-2.592529147280466,-2.6895410133483684,-2.7550454815286347,-2.830345464657869,-2.875719523716327,-2.9337522712132453,-2.9752198513722377,-2.9781972820041873,-2.99426283122459,-2.967990986344959,-2.9665436215961836,-2.9268856025721948,-2.8867178770321833,-2.865579205230796,-2.8175937782550373,-2.784472306961715,-2.7533247644463343,-2.746004219914284,-2.7388779233755023,-2.764034814123679,-2.742349101532115,-2.7548023525228076,-2.7817162425331574,-2.792511226222041,-2.7732602473515833,-2.7709115301574667,-2.7477066142986755,-2.6644181672030607,-2.5899689701622504,-2.5571013358022334,-2.493419477164214
-0.39679212905836103,-0.3066554419733971,-0.3589388661800668,-0.49807087778321707,-0.4415051527087685,0,0,0,0,0,-1.63313901402636,-1.674955604683418,-1.8697517489994342,-1.9961955097352726,-2.130083701310334,-2.1930906777913695,-2.2920495338708626,-2.3842646462670833,-2.4278508720865175,-2.4871761221435253,-2.5524027341582305,-2.581519359265078,-2.601716905019603,-2.6253259727739224,-2.6505324118604316,-2.6563155309742545,-2.6665061476385903,-2.682230381945187,-2.703243528603944,-2.701785116291069,-2.691977198350281,-2.6921563510185806,-2.695621983611246,-2.676820819074259,-2.708419082223028,-2.7277115651141846,-2.72605751230248,-2.746729927998884,-2.8033283917368266,-2.8261201397251194,-2.839544960928043,-2.8659309192086275,-2.8661783433533055,-2.862882772352743,-2.825207033108359,-2.8011470975640798,-2.7563051116857986,-2.7478032231999596,-2.7119234688349807,-2.6656147319686214
-0.3973200467488869,-0.3323183503735928,0.5790649812784889,0.5681785219248591,0.4597105284194184,0.473125876721047,0.5440590300288736,0.8227626765111978,0,-1.516814168368255,-1.7281688755407694,-1.8706555192000727,-1.9845089422941908,-2.0406745556796837,-2.1231896966819903,-2.1718969126296077,-2.2313294511643282,-2.2928807156431965,-2.321352062697648,-2.3552071457069252,-2.408487127939548,-2.4276137204551453,-2.452019308371277,-2.4603213392190977,-2.4844218318888265,-2.502001198487912,-2.515229671105929,-2.5203203014431477,-2.535717084810671,-2.547993463571987,-2.559837144162702,-2.5939743666396944,-2.599630061052665,-2.6261005916567606,-2.673276852417079,-2.720506433006122,-2.746816300433601,-2.7534680090114327,-2.7928607367646436,-2.792425481615785,-2.8031065587172277,-2.7966397871504443,-2.784473257771632,-2.756927185012722,-2.764506805323352,-2.7576420314925256,-2.7133859375993072,-2.7030691233485453,-2.673147673508228,-2.631835229996439
-0.9477272508641658,-0.9225241934253826,-0.952207364683785,-1.165492268935013,-1.2396470781862503,-1.4530947306693138,-1.627682291309889,-1.7128696762983473,-1.8282041723413198,-1.8753641611477379,-1.907134513201708,-1.9621691991315828,-2.00039502308666,-2.0207951499298553,-2.080587594438616,-2.11002591561013,-2.154496728915389,-2.194724140303615,-2.2244016757360243,-2.2534491974816597,-2.284321610829504,-2.2990065552781784,-2.3299326527137008,-2.348255186298105,-2.3586698036277474,-2.3969567146055804,-2.410429828589199,-2.4258490755251225,-2.469361471762636,-2.4815662785105,-2.520810098873513,-2.5638748268570115,-2.6069390920866073,-2.6224417862445684,-2.6375918042210595,-2.682548064697168,-2.6887603994178693,-2.711999185572802,-2.7215807451443426,-2.716547116185526,-2.7044871257626153,-2.712766128640312,-2.710954585332822,-2.69222475220928,-2.6798481358136144,-2.6566837339672547,-2.6480072459960313,-2.6520128711468347,-2.626352945988351,-2.5909806558024497
-1.3004299130682528,-1.3549333326389494,-1.405242082714329,-1.546253346732827,-1.59054667704634,-1.6436775928213079,-1.7194425772001811,-1.7257690584468117,-1.7866135331764443,-1.8167744344607917,-1.856545377289646,-1.892982447509714,-1.9341383787476014,-1.9584728908577262,-2.001861306870465,-2.0219546983612293,-2.0521564016354,-2.0938280412451484,-2.1075268328559,-2.1588505667142166,-2.1755438334961026,-2.189724079697763,-2.1961669763218756,-2.2276349450737625,-2.257683981783003,-2.3034927240323015,-2.3284704638068012,-2.3574033065359643,-2.409881563220563,-2.4386371091503554,-2.4710227732135706,-2.503919612962901,-2.5198949652169946,-2.5378328764530433,-2.548650014411527,-2.5775970235770993,-2.5677725468121237,-2.5835286502818,-2.6148993369158804,-2.599746207914563,-2.5999894252234186,-2.6134562250439615,-2.6062621588972283,-2.5839349794073816,-2.577588871559045,-2.566697489199128,-2.5502441638716284,-2.554130908590122,-2.539050435471278,-2.5127099313815573
-1.4431222089247524,-1.5109695867205075,-1.5292333781103025,-1.5893925519937626,-1.6326143364329184,-1.650579059534702,-1.6878699992597848,-1.7205247677813553,-1.7467584466937705,-1.7853957311925976,-1.7940501287366728,-1.846079749047082,-1.8837376989203223,-1.9084412842608833,-1.9368568217261477,-1.9513340573399969,-1.9930612420759946,-2.0183532970808,-2.0433004765224756,-2.0762666808592876,-2.098828518726292,-2.116078292006824,-2.146341620612626,-2.156475970894445,-2.2004554723680156,-2.25383824706333,-2.283163945292769,-2.323471450997917,-2.3614750369849826,-2.3886678507223063,-2.3962811437655462,-2.4321612391471112,-2.4536326424346906,-2.4726937210243847,-2.4898964317381247,-2.49436565116399,-2.490247548817494,-2.4989145577627636,-2.51935167845035,-2.5192771522253548,-2.5341720197802298,-2.526503015479223,-2.5152416676219054,-2.4949470251907466,-2.498218812065959,-2.497954668112268,-2.476289743817705,-2.4636606297741963,-2.4617072522396346,-2.4285008855422023
-1.4271787851429933,-1.4832244925066413,-1.5141829177991506,-1.5539883932427239,-1.5778062609007804,-1.6066781279115725,-1.6314371481573238,-1.6614887055038092,-1.7075029787528686,-1.7282741651176219,-1.760517171569484,-1.8044219215457313,-1.824382276062979,-1.847162456313767,-1.8724953348041466,-1.8821639847361893,-1.914322771497422,-1.9352187245874393,-1.9466704857864363,-1.9997755823686008,-2.032016129519375,-2.0525767608626,-2.123418772972018,-2.1362578899679994,-2.1600593269617203,-2.2094092283650117,-2.227168471318064,-2.2529561887981906,-2.28430214069217,-2.295605932655258,-2.314197148253285,-2.3353411569062255,-2.349105943397897,-2.355078836843398,-2.370056917999122,-2.390675452773467,-2.3991932979203945,-2.4095207098779063,-2.4229185612583715,-2.4159602146063004,-2.41798705891046,-2.433108733564002,-2.427379396494805,-2.4137436292917545,-2.4074345169808096,-2.405988565730716,-2.396483157187061,-2.3924826038093676,-2.3834885114320983,-2.3686117217489255
-1.4415873248085918,-1.4668924050999539,-1.48232654443925,-1.5292511523352206,-1.5579348550730985,-1.5801221905766274,-1.6275520379556896,-1.637815959078623,-1.6696166417302216,-1.7059983269221217,-1.7140771218801703,-1.7470897785626947,-1.775236974153678,-1.7798805833220714,-1.810888638243554,-1.8414870542671555,-1.872901617031932,-1.8943074154138164,-1.9177834414963608,-1.951873546571913,-1.987964652968813,-2.010076681312305,-2.0407197518928766,-2.074146703152962,-2.1070968786460793,-2.1365477037134224,-2.1572498873284314,-2.184579501694159,-2.1942581833276984,-2.2093952249358257,-2.2341255568877307,-2.2579954277222436,-2.274379946348723,-2.286263091338634,-2.292243494226849,-2.3121972004031073,-2.3179942986225957,-2.316014958689936,-2.3391331852134094,-2.3413270168669817,-2.3421395352625383,-2.3471060728995328,-2.3438067165749548,-2.3404427333094593,-2.350540525189758,-2.3414657262525584,-2.3200477046964543,-2.318879798777346,-2.323534022582283,-2.3161357542959564
