jsons/1312934400.json
{"header": {"parameterUnit": "m", "parameterNumber": 3, "dx": 0.1, "dy": 0.5, "parameterNumberName": "Northward wave", "la1": 40.97354507446295, "la2": 16.46031188964855, "parameterCategory": 2, "lo2": 133.9931640625001, "nx": 191, "ny": 50, "refTime": "2011-08-05 8:00:00", "lo1": 114.97908020019554}, "data":
[rows 0 to 21 of 50, columns 98 to 146 of 191]
0,0,0,0,0,0,0,0,0,0,0,0,0,0,0,0,0,0,0,0,0,0,0,0,0,0,0,0,0,0,0,0,0,0,0,0,0,0,0,0,0,0,0,0,0,0,0,0,0
0,0,0,0,0,0,0,0,0,0,0,0,0,0,0,0,0,0,0,0,0,0,0,0,0,0,0,0,0,0,0,0,0,0,0,0,0,0,0,0,0,0,0,0,0,0,0,0,0
0,0,0,0,0,0,0,0,0,0,0,0,0,0,0,0,0,0,0,0,0,0,0,0,0,0,0,0,0,0,0,0,0,0,0,0,0,0,0,0,0,0,0,0,0,0,0,0,0
0.07150403684440569,0.09942646735079202,0.11685693546965739,0.1178545147352268,0.14284365432884352,0.15606065721280518,0.14306896255406573,0,0,0,0,0,0,0,0,0,0,0,0,0,0,0,0,0,0,0,0,0,0,0,0,0,0,0,0,0,0,0,0,0,0,0,0,0,0,0,0,0,0
0.13336948377551422,0.17000313981025236,0.1623415750530457,0.14922712267500876,0.1465594828566323,0,0,0,0,0,0,0,0,0,0,0,0,0,0,0,0,0,0,0,0,0,0,0,0,0,0,0,0,0,0,0,0,0,0,0,0,0,0,0,0,0,0,0,0
0.16539185966339215,0.14181862691858327,0,0,0,0,0,0,0,0,0,0,0,0,0,0,0,0,0,0,0,0,0,0,0,0,0,0,0,0,0,0,0,0,0,0,0,0,0,0,0,0,0,0,0,0,0,0,0
0.16074425984297663,0.15928114722832631,0.16506451418243853,0.14644920862720398,0.13246607779725786,0,0,0,0,0,0.04580655070508499,0,0,0,0,0,0,0,0,0,0,0,0,0,0,0,0,0,0,0,0,0,0,0,0,0,0,0,0,0,0,0,0,0,0,0,0,0,0
0.15962218680975276,0.1742504882792179,0.18001363219065816,0.184723642935856,0.2080270209865494,0.21086094590171323,0.21007129688977438,0.21028014499803407,0.20847229683205326,0.19763062945312138,0.2008099261989093,0.2023555799961891,0.2013114988915495,0.214663585272815,0.2257982612497992,0.2477684447904282,0.2587832098496146,0.27505571799121575,0.23676794845681973,0,0,0,0,0,0,0,0,0,0,0,0,0,0,0,0,0,0,0,0,0,0,0,0,0,0,0,0,0,0
0.19570558625942658,0.20450327276380098,0.21271670510517138,0.22809549600559273,0.2606957496699518,0.2711969981810616,0.2735908152337104,0.28194315594714453,0.2801727908033763,0.29259089725310344,0.31263351929898275,0.32918393621313086,0.3352958390179264,0.3258233519742282,0.3639143261894928,0.1518973753043327,-0.01028928286187223,0.06889245979830819,-0.08147308854346369,0.060412223283186475,0.07032844976847019,0,0,0,0,0,0,0,0,0,0,0,0,0,0,0,0,0,0,0,0,0,0,0,0,0,0,0,0
0.217778772463192,0.2333155085652653,0.25065368532423443,0.2583706312006389,0.27200983324221717,0.2861253123750481,0.30216436046787826,0.3229739126940142,0.3360976620932928,0.3459956250082091,0.37042064072170394,0.3782952618179758,0.3927369556600129,0.40453205776596496,0.4084459397707041,0.40941702358102977,0.41376674724063783,0.39405134914661044,0,0,0,0,0,0,0,0,0,0,0,0,0,0,0,0,0,0,0,0,0,0,0,0,0,0,0,0,0,0,0
0.21259826772011442,0.24668612347136973,0.258037813438642,0.26839494880730824,0.282612141533703,0.2922871882328383,0.3000912352498255,0.33535262779606306,0.3458326464499807,0.36609087783402683,0.38570588883898843,0.39334939900642046,0.4030420392670079,0.41757619557851766,0.4316405402439129,0.4351460448407535,0.4156387639458077,0.34141727001421446,0.38371659067669295,-0.3643794016648725,0,0,0,0,0,0,0,0,0,0,0,0,0,0,0,0,0,0,0,0,0,0,0,0,0,0,0,0,0
0.2070301287909882,0.23628465274230842,0.2470800027501235,0.25199044084143307,0.2811533210694475,0.2922783835588498,0.3025795151716606,0.3446481407491057,0.35977259557322006,0.3933353485826178,0.41908023609226286,0.43280959236616,0.43878210268487505,0.44225228935454614,0.4099324230281636,0.4375378762422436,-0.37812800523526247,0.1087163783388308,0,0,0,0,0,0,0,0,0,0,0,0,0,0,0,0,0,0,0,0,0,0,0,0,0,0,0,0,0,0,0
0.14230868677659192,0.18139371397967052,0.20389338679627456,0.2330661330280751,0.2695149113471266,0.29054105266921354,0.32048893158832287,0.3509972321667501,0.3757038412436012,0.3947067316725692,0.42920013521632633,0.44809386503966525,0.45893463937213397,0.4751794408595299,0.4747515987406665,0.43821369851611724,0.2732123641827294,0.17009630076679688,0,0,0,0,0,0,0,0,0,0,0,0,0,0,0,0,0,0,0,0,0,0,0,0,0,0,0,0,0,0,0
0.08534507461630574,0.12821787885632988,0.16088589590295638,0.17659463874829404,0.22130803637500127,0.2383388261736313,0.27173281097898666,0.32554168669042055,0.3470154514006752,0.3707046016426597,0.4185681136501984,0.433960351953047,0.4485620567155969,0.46620854159828407,0.42820154877464756,0.4537818738663018,0.29325808389626257,0.17284985429123328,0.07888448993750455,-0.08176038332118238,-0.011492711184642165,0.01605034324731972,0.019640162387118285,0.04226129500498012,0.053591019223390594,0.05877719999600087,0.06268193432002109,0.040403499234686335,0.04861877483824128,0.07341157075124649,0.12293743931024333,0.1394713702210196,0.16194828422852595,0.1940857195953972,0.23029971511299746,0.24500516535376057,0.2806597300442147,0.2934556404662397,0.31709712722606714,0.3593898023217263,0,0,0,0,0,0,0,0,0
0.04309142296161363,0.10086432587475341,0.11882244848203222,0.12898997669018603,0.17050887446592253,0.20008918311483828,0.231434530254805,0.289537110932018,0.3071077239826059,0.3521601287528939,0.41743910437799164,0.43619843018804905,0.46822304114083674,0.4869527962268982,0.48409348823864284,0.4570131822440779,0.4101743540102659,0.26070978932100075,0.4133996587410248,0.31467506940153267,0.34736680021569466,0.361440787981497,0.39002817498205855,0.34148462643477373,0.35550441179795633,0.3519880956969895,0.3397121758826097,0.3512478519520862,0.38494176855048795,0.38642348644789903,0.36447564071731564,0.37568810181073486,0.3883684832425178,0.40235274742954896,0.4080507854850067,0.4079411207783328,0.4069458636950482,0.42563073947405355,0.4498848947583757,0.4716013916487123,0.4734066425527386,0.47957278472691556,0.4924273947675091,0.4932096114729406,0.4960416011100602,0.513779145670301,0.5062256465293563,0.4916748561128407,0
0.005723881033847501,0.07044634629007586,0.07125322478196743,0.07155826684669578,0.08635318520316808,0.13222867440101477,0.14788998153864527,0.20122936897311525,0.22781758490525295,0.28954228697451523,0.3511617696242983,0.4005959639934372,0.3600550274057721,0.05563550628716795,0.2130894649529782,0.2784056859323891,0.23841436484382156,-0.036212857763668824,-0.23534068259518637,-0.45343027807964825,-0.4169365923227939,-0.36202909335316413,-0.3126131472494843,-0.09653425391146578,0.0398646255936568,0.0934020713692491,0.2394789755528444,0.27812107346699877,0.33519360107451746,0.37342169037594125,0.41429137291183515,0.4532041592978218,0.4748180647787939,0.4955706632650837,0.5053666898427279,0.5165567057367708,0.5255058576865917,0.5335280135096165,0.5401758514847971,0.5537271097840593,0.5643777549403685,0.5643151774228247,0.5688224201448973,0.5729679907692123,0.5749106114257116,0.5418690538318157,0.5406200145723836,0.5440035926116693,0.3007716307420486
-0.011933343927061859,0.021970322216726457,0.06201453256485226,0.06873127631041917,0.09997325240463643,0.1205898342057448,0.15837985268487975,0.16721520937825707,0.2033823516066178,0.21905763679268242,0.21645037161293895,0.24893249122785713,0.25841360925849793,0.29947045497345076,0.31584856457728194,0.2914466128091378,0.2575994430979133,0.22260756446100016,0.20255667013768042,0.20636943022381343,0.21340338629878372,0.2507781085351678,0.23365659422790097,0.2566442986632273,0.26308825697999916,0.29299288767105497,0.32346775832207153,0.3408186145904652,0.3661140290852642,0.38017459739873977,0.40490520358127796,0.4427873164911887,0.47148737478447655,0.4829863816935033,0.49811644914987463,0.5140372342117417,0.5524000597316022,0.5598619023517589,0.5662383226635737,0.5679244663711014,0.567576984451699,0.5727578315129009,0.5494362658247145,0.560215990070495,0.5911656621534015,0.6183678364725926,0.6286053198721322,0.5575787511434063,0.5183752173748786
-0.14086265724309072,-0.05341407252076497,-0.03480530477662688,-0.014292925926514618,0.007090315797021064,0.035259592126585235,0.03320940223306766,0.07632464341236336,0.09474938895386972,0.1447275376290573,0.14721763927568,0.15066776894485398,0.1675326122828851,0.16820655112803024,0.24112127089658977,0.2718017188027438,0.2806295624468128,0.2959005374156642,0.3013145147006644,0.2981367248507591,0.2962198596416394,0.29905574486388453,0.3267459706862221,0.35874593385257997,0.37438569086533713,0.39437336025951586,0.4037531186144116,0.4072976774945029,0.4233759688754533,0.45033036485312034,0.4668875585503156,0.4971052517012761,0.5149731317013887,0.536369061695026,0.5453534856314584,0.5564894434900519,0.56130699861179,0.5730907793406411,0.5790887943234284,0.5867864333531911,0.6031421775184193,0.6180323087016714,0.6238061659941542,0.6253822200329544,0.6243977388203797,0.6399246145008982,0.6376840194411731,0.6260097046891031,0.6239553036411591
-0.17824637113318237,-0.12589043334396677,-0.12197907939538112,-0.12196333869363668,-0.08797427864972676,-0.08073038529772848,-0.0883261438488437,-0.019172997692603794,-0.024708402004031158,0.008859812911085464,0.08341140577639905,0.09072391709703813,0.11033319000817607,0.12192641438568368,0.1865072071062722,0.22259210919207859,0.25005683548277097,0.27911524541229227,0.27231379353958096,0.28583747525129843,0.30345899375790625,0.3190037010880456,0.3220818700166174,0.33545537379080925,0.3413852284078433,0.35469683725881584,0.4037528356670893,0.4337753566363609,0.4325786270480822,0.44709834181858277,0.47171140532426736,0.49533291626395726,0.5191808390167966,0.5094762087943225,0.525491425318993,0.5408324821997232,0.5718307297612788,0.6035449750012883,0.6116149581975483,0.6153187769698785,0.6257082167905146,0.6199259564789336,0.612231926816088,0.6254635052112286,0.6294340353088737,0.6421600555917302,0.6477233730110966,0.6612257926164069,0.6875747917399833
-0.2270928505095957,-0.15043992588017618,-0.16330295582062426,-0.1565991208903791,-0.11733842454118747,-0.09567806201420946,-0.08304539562469797,-0.058298990745733865,-0.03284850282894151,-0.00811908725771209,0.06671823719351629,0.09303055247701891,0.14294406654747183,0.13925097166780961,0.1587375812928774,0.1882848950649841,0.18193247810826657,0.18829158066931714,0.23570658228502128,0.27419329403595477,0.268502831146897,0.261443776903357,0.2788822441007648,0.33894285167461663,0.32302639191538096,0.32479144521515807,0.33446464372676576,0.3555014402372095,0.3656292840568473,0.3703678074659569,0.4175452772160059,0.4377057446673898,0.4325178649395656,0.5260769467900421,0.5403356384998745,0.5636664725391883,0.5904061605165842,0.6089361755365799,0.6058589138107836,0.6033058823920905,0.5970731876847916,0.6042928756134346,0.6166945152110673,0.6226088553171677,0.6310344100632936,0.6495172240668221,0.6625530525356732,0.6712427024774994,0.6594323773810304
-0.2303169634938531,-0.27608672443474963,-0.25372967176067623,-0.23178634793911768,-0.17423606970675712,-0.1474680912045532,-0.1365864749574416,-0.09923319768834286,-0.06518811634572586,-0.06258861642571141,-0.012460880341091985,0.006313293165595371,0.028377470173456223,0.03985581204003966,0.09754062930546561,0.11687176613811757,0.1402359331283256,0.21553566971013868,0.1817884524875509,0.17192897048006328,0.18111980462742996,0.20081046904167252,0.23408755770241493,0.21294998088311384,0.20477015978746638,0.22611796838759857,0.2367022377135413,0.3010991124150199,0.3300060218095535,0.3517670971245167,0.37308510247272847,0.37531477390449425,0.38949899040862507,0.5142887366874425,0.5085042546832278,0.4998182377928092,0.5047999899858787,0.5108308879858278,0.5255325148873562,0.5674272446245993,0.5361732856175264,0.5374969988094443,0.5941846571757304,0.598547475931334,0.615807979748028,0.6307321407255098,0.6240596853703766,0.6297904223360715,0.6493682677107377
-0.2990165585978163,-0.2634342112328969,-0.23750618564584056,-0.23063728553726334,-0.2190833456711439,-0.19392109710641187,-0.1788274423783164,-0.12018795343690199,-0.1027522411222474,-0.08605058933570443,-0.06342156490075308,-0.06064984184646481,-0.034747906949268936,-0.00962595308894863,0.03697381323623768,0.051952100336966955,0.09715030849230091,0.143501555380035,0.1829254120293,0.2075634798662005,0.1666942879018744,0.15939352743577842,0.15625982461310708,0.09053524177498894,0.17289241531237226,0.24171753473798482,0.307121452049279,0.33082406425938476,0.32655495397606316,0.33334387033427126,0.3761687567487576,0.39896446303861743,0.4204888581558613,0.4671294482652218,0.4802101356312443,0.49903279107802284,0.5323238905551813,0.5398327850284909,0.5586914067984733,0.558009708953481,0.5719730801198291,0.579952387347667,0.5666281714215523,0.5577843735917872,0.5617938876278272,0.5985857299856026,0.6110104807705936,0.6358816202776328,0.6501999465082197
