jsons/1312808400.json
{"header": {"parameterUnit": "m", "parameterNumber": 3, "dx": 0.1, "dy": 0.5, "parameterNumberName": "Northward wave", "la1": 40.97354507446295, "la2": 16.46031188964855, "parameterCategory": 2, "lo2": 133.9931640625001, "nx": 191, "ny": 50, "refTime": "2011-08-05 8:00:00", "lo1": 114.97908020019554}, "data":
[rows 22 to 43 of 50, columns 100 to 149 of 191]
0.9034649482307431,0.8529024815816937,0.7246123688252307,0.6913110251727346,0.6745693965570095,0.6200448177981157,0.5992080898711976,0.5831607154679996,0.5679416415566806,0.5686527985036587,0.5625620510412481,0.5532504888968267,0.5348832366063205,0.5270225440121595,0.52531519495967,0.5316886874851725,0.5273004919345131,0.5077940193689823,0.4784208866045187,0.46111478329803496,0.4468118770009143,0.40814609288579656,0.39509238743266445,0.37666025328767766,0.36376098299436754,0.3624147723492468,0.37614761770581356,0.4025570019891294,0.44996045619130687,0.470086514161656,0.49962638285707295,0.5394655846193217,0.5620216813866986,0.586818139884835,0.6123999087377408,0.6294921852452151,0.6557779499932539,0.6982046028455274,0.7177922644196136,0.747777602412756,0.7827322977200254,0.8274939875673151,0.8870785800122581,0.944324926772822,0.9592753552633835,0.9755095802694538,0.9923471895718082,1.001242700570127,1.0289436587419079,1.0126627073086305
0.9537692788312099,0.9267155266695909,0.8050390881452797,0.783789235784028,0.7283193809772034,0.6857576587226037,0.645964735670626,0.6288354947597148,0.6006549984044474,0.5766015468413208,0.556969864340801,0.5345943464273135,0.5012510438115779,0.4994085618290139,0.505152887793655,0.4591661427987839,0.456837545464776,0.45937889921152636,0.4333884858296028,0.427145157421265,0.4132892618834755,0.3627931027922599,0.41317266335934183,0.45272447416812966,0.4411883433101304,0.44613386948697004,0.45093331380667667,0.4605562069799035,0.4924959770161795,0.5183587669197783,0.5313534654223186,0.5664697059742922,0.5769745761849125,0.5897590235997994,0.6659210948127322,0.6778211675554231,0.705302235552434,0.7959865638872989,0.8468806875752046,0.8640616820979088,0.918689374598636,0.9679272953376622,0.9981460173093257,1.0484643311681447,1.0646767197643814,1.0922396792656393,1.0975732348382674,1.1050852059521432,1.1148165943686876,1.1311226073273555
0.9541630749213826,0.953306472451,0.9169541496923462,0.9001307038192233,0.8660315225962469,0.8135546454792508,0.7807470060624934,0.7623308784350757,0.715841213254377,0.6886798037286869,0.6666646758974433,0.653050238953113,0.6587972174515369,0.6366038786776762,0.5987160796131117,0.58246811473182,0.5661744937291082,0.556530206302476,0.5562638446721527,0.5759194884883896,0.5967091667602249,0.561630170256397,0.558219363452059,0.56954996833804,0.5966174037008076,0.5922051128464315,0.6021665875448902,0.6080224673025932,0.6211505497805437,0.6410129857544706,0.6453021532069287,0.6495782782505647,0.6800867113451078,0.7097001642226867,0.7719955638285382,0.8338992242175574,0.8569455006273241,0.9500811960718379,0.9772883982802598,1.0185777211027225,1.0817515484630524,1.1000057392236635,1.1142345146717003,1.1550622721821506,1.1685015402399872,1.1929459263296787,1.1948025357998087,1.1865755720994517,1.1968911185561544,1.203358895619343
0.958318870562008,0.9521062869558012,0.9428841084290924,0.940940938814152,0.9207750187569876,0.8940496946726033,0.8765036170003968,0.8713177062849082,0.8054049095451815,0.7789227900546082,0.78007175969869,0.7431163435692155,0.7018879633384395,0.6524790168847345,0.6681235247360683,0.6698718386073945,0.6729663350357531,0.6751676055474919,0.6595920354956334,0.6419308510796635,0.6220738053384148,0.6072895910502036,0.6136947246117169,0.609906026964166,0.6703596989113445,0.6918805459306859,0.725928396341029,0.7479216003231965,0.7707135850248826,0.776587190351922,0.7773266068438386,0.8245095922398762,0.8156047297880967,0.8089800852383555,0.7972071729202741,0.8263032241174856,0.8739442428552525,0.9482128713684249,0.9851859411395135,1.0311740462825758,0.9244567857528523,-0.26519462925637877,0.8395990091720311,0.9885636393990753,0.8809043048182666,0.7936039071904091,-0.7586452482072474,-0.7926901100095484,-0.5033685186866222,0.2065039947793425
0.953862568321617,0.9579601703930565,0.9456012563053083,0.9394155936885873,0.9384878144786285,0.940766863666862,0.9371962131225672,0.9362974920167355,0.9072795435240565,0.9002052567009519,0.8885484523543431,0.8792207075970504,0.837044365902356,0.8249585398554983,0.8074596150513316,0.7772547998069109,0.7717892870714123,0.7433472791286478,0.6669612874425609,0.6779203935089262,0.6805107699979192,0.6854500115384184,0.6866526218323337,0.6985352369645323,0.7131910449461566,0.7254235657115842,0.7374466546952009,0.7187282693434641,0.7525181246333283,0.7755603126062517,0.7906305350135716,0.8305948261067475,0.861259545018699,0.8878103974776184,0.9553762258574791,1.004251505064589,1.033480225472657,0.9866298048291112,0.8327645572697739,0.9485169109148232,0.9070429511268266,0.9773735923629768,1.0313474862889587,1.0114716365344438,0.9825470432176883,0.9882385745246552,0.9004046530769619,0.9275510474223667,0.8026829900848161,0.7689860666938283
0.9405278034526049,0.9347274784984617,0.9292883286628709,0.9254952834903142,0.9260335961853299,0.9229313794154734,0.9251224982860888,0.9258261370614602,0.9070171168695309,0.8948459872697769,0.8821502469503694,0.8668533496511781,0.8397037786266653,0.8414337846960237,0.8299726302550323,0.7571108570057754,0.7715902237927191,0.7594906459939851,0.7628758850426854,0.7451244940043663,0.7665771192207432,0.7865741726501287,0.7931990646578928,0.8064043195039681,0.8000053447457834,0.8052531666275462,0.819406350001588,0.8023443488757209,0.8096289372008504,0.8193634019898474,0.7922012143707562,0.8237814103117365,0.8398592540800456,0.8433696290315027,0.8538515661139631,0.8650375138465234,0.8699324894229643,0.8572327971107744,0.891485283705078,0.9013564345700702,0.9226572567452115,0.93233413585953,0.9260559254957297,0.8787955770906366,0.8800697121747857,0.8686731982395921,0.8909759915155443,0.9251951268824223,0.9645575819114123,0.9888494604672486
0.9141715473815458,0.9139859207965966,0.9142063096144909,0.9077256241635487,0.9057402907657999,0.8946527403859685,0.8796219581869404,0.8814505804585984,0.8970045916089162,0.871794218001021,0.8650145740622276,0.8467543013181812,0.8265355224587605,0.8249554751127441,0.819668664333958,0.8116359642957781,0.8006293019427072,0.8036572205307416,0.8129677372221252,0.8321619616013634,0.8397250963739561,0.8629068423809718,0.8747645409239088,0.8928399692632591,0.9162406258363625,0.9191472846235224,0.8860740791171153,0.8799450202450588,0.9198549452021791,-0.9273722729100998,-0.020840805245529347,0.6275886996406423,-0.9938731041495084,-0.7017970357513035,0.6325355832983114,0.8471904379502858,0.9079976522243475,0.9462809450508137,0.9811557229564134,0.9766397766726173,0.9644730730007819,0.9630390927888367,0.9702743903621772,1.0015004851947529,1.0102838510770906,1.041352350446786,1.051923274163658,1.0644462026557027,1.0784320974334343,1.0955168951228156
0.9076751379514838,0.9069695931958919,0.9034269810732184,0.9007337212274282,0.9020731481718959,0.8937854851920567,0.888051454645339,0.8855001710017121,0.8624742285111713,0.8575323449310808,0.8510419837208136,0.844350918979111,0.8351527976340838,0.8296520470228945,0.8206246434652726,0.8135491959739581,0.8195258255878671,0.8422915261816077,0.8465252914380725,0.8532907718201285,0.8547684144291348,0.8832951782440822,0.9018114868276357,0.914969506232711,0.9579159506993773,0.8600201088927044,-0.8738706021054523,0.6568256513130657,-0.5985429014899898,-0.6765750254866921,-0.47088557719646473,-0.34770544449336305,-0.342238127849387,-0.33210480176824997,-0.3060391009866117,-0.31313216663526566,-0.2289066169538133,-0.07596520493081144,0.054184496155006076,0.1476551019988064,0.4911424471566846,0.7006188099149098,0.7630609320353738,0.8743898094956571,0.9171569483355442,0.94826361652673,0.9973829970374517,1.04662994962057,1.0729078683457591,1.1007859567126328
0.907232442464565,0.9047952185830137,0.9056139751248448,0.9058934100403042,0.910753271207153,0.9006825921147759,0.8945174627876867,0.8875325720756514,0.879398952809998,0.8763217810534499,0.8680106811704911,0.8643650212983433,0.8565475422015149,0.8636501242112435,0.844607382248965,0.8248677491208767,0.8235265512745784,0.8340938784845918,0.8336184419351298,0.8413641252991015,0.8505966392576002,0.8592866382737695,0.8655961281738705,0.882187222974669,0.9036406023078356,0.9164845702023724,0.8879787865618333,0.8800806083990549,0.7849693775870299,0.6837463395523152,0.5345312047512368,0.34627035148450763,0.34342909786461895,0.34048467358971146,0.3173313131878621,0.3236984638215871,0.29527124547376093,0.3394871437451853,0.32647912472758156,0.3422689570772335,0.36576021117152,0.4161337953826449,0.4495924137227594,0.5619737886015208,0.5962693023396242,0.630230013988058,0.7334855603859313,0.8160570258854709,0.8595666753703088,0.9071476279095868
0.8936515457450297,0.8785008540767487,0.7690501339064374,0.6876636708930435,0.8225054529417397,0.9002679128169855,0.9003664619787943,0.9033679497040313,0.8821511584217447,0.8840425620060017,0.8867304867501323,0.8857508558774086,0.8567104160443599,0.8682128973034615,0.8727814394529239,0.8790765319805065,0.8820676504377455,0.8798745759080955,0.8612228686250015,0.8638747596058206,0.8745813113360341,0.8825444546658533,0.8859863060358103,0.8855469180060609,0.8796717831831945,0.8922761057151406,0.9084818169058982,0.9176159473576844,0.9450889748995064,0.9620448255814679,0.9614290757115196,0.9691580028211101,0.9687241722364316,0.9576809807153964,0.9505482566155067,0.9313060350956055,0.9270827354391741,0.903992618573338,0.897502681156124,0.9108818960957147,0.8497234488260327,0.8494948456936701,0.8257622110789432,0.7908205399229575,0.7988518111109871,0.7693109080169969,0.7790480539421158,0.8281213598754874,0.8257216341493975,0.8249257966879326
0.16434594139073783,0.6740537323358257,0.6568875681877105,0.18670087584317627,0.07122918626265765,-0.4108379830615769,0.6485794873549926,0.9051501801716186,0.9022356657789026,0.8988535359649541,0.901808173809947,0.9031684528213836,0.9034140110082605,0.9056987465906402,0.9091002992590905,0.9129655510756798,0.9177779556863019,0.9168889593037198,0.9071864989438948,0.9104674156625472,0.9149831278691141,0.9226983034683979,0.9260570383833981,0.9336516866057823,0.9423815050514839,0.9490203014220835,0.9697598893660192,0.9816890490541184,1.004653288071405,1.0197964671028983,0.9880706055428744,0.9570102107136753,1.0251366114046863,1.042596496474074,1.0611258020298568,1.0657620180307974,1.1004245389370753,1.1032256765226862,1.104356444347122,1.1043192879628438,1.1021716362109506,1.097770709201132,1.0987113896444372,1.0955442272121334,1.0960796650419828,1.094972846935209,1.0861469253961205,1.0693612215333668,1.063936103042079,1.0672276540786079
0.8723439676083954,0.9657308922411793,0.9359781916352059,0.8921516144809675,0.8481822288092938,0.8532654554814828,0.875363607080597,0.8911160611115598,0.897807343637814,0.8981696137796332,0.9026627591906884,0.9087378428327758,0.9233477885976397,0.9262676050596733,0.9302060821841555,0.9321326331684385,0.9408872149449001,0.9402835866241174,0.939776492754934,0.9398341120127286,0.9431556234399433,0.942027491891715,0.9462116534587228,0.9518091166583509,0.9531983154435093,0.9645933389242979,0.9911897844223505,1.00897557009075,0.9506544831324891,1.0453897271093033,0.6645281577548764,0.8522579395270347,-0.2546322170628969,-1.0738271246241122,0.5897980481810481,0.282819613530573,-1.0016234325639395,0.59730118624484,-0.8830770622864017,-0.4874739195120186,-0.5927141481062808,-1.1342633622813139,-0.008590277866872909,-0.7237566625262432,-0.651591421597043,0.7651670798573649,1.1070880403789116,0.8083194286200823,0.9776730673483865,1.0964700458379157
0.9874422927121931,0.8358020207326218,-1.001308339364381,1.0100762177978135,0.7597630776056106,0.9844312623484931,0.9772888002439034,0.9773758849685109,0.9888404479805122,0.9946595997953117,0.97826955699699,0.9658874667082966,0.4730091778326302,0.41826968821175187,0.9378620758674401,0.9774971196208968,0.99594413426389,0.9958247989693445,0.9975841145577553,0.9958803592282769,1.0000262033190788,1.0053473805458606,1.0114762176559127,1.012588843378974,1.006390254497931,1.0084706104838344,1.0146128584323195,1.0193143470397101,1.0235761236223007,1.0212804828622275,1.0229679024702125,0.7475006800600986,1.0471329803548939,-0.5733512228631795,0.7350665609488293,0.9608447545055543,1.066664557159171,1.0959915716141833,1.0748067895801425,1.0544296383997092,0.9875969760818017,1.0243377233333792,1.0836397743158042,1.0853597777299475,1.1355928819119603,1.155901576211611,1.0031591204001742,0.7893763470717704,0.26974426213636266,-0.6276132750473932
0.9949731159662704,1.0162734242398643,1.0550775044669432,1.0560836724820886,1.0406326936375625,0.9641929242924533,0.8817106561430678,0.8502848328691899,0.8529650919047058,0.8684624926923874,0.919437151831179,1.0225387772675896,0.8886520081036662,0.982371808113996,0.9695856632314248,-0.3447249124886639,-0.043488326445210446,0.7980106902812465,-0.6572350141317412,-1.0014608221146593,-0.5482690986653177,-0.05298912655870863,1.0265808618422052,0.5764682299667636,1.0007008385015288,0.9654653833329458,0.7884979880881339,0.8457924522462158,0.9618347501428738,0.916725416408568,0.5738446473611549,1.068169025890194,-0.5515455948394107,-0.4674755624795597,1.0171294238753925,1.0599133883860643,1.0812928534697634,1.1132381717763027,1.1159027502016121,1.1229823650349988,1.1254239954520942,1.1240214950153369,1.1288505801971922,1.130331307129533,1.1331372168224327,1.1408557503763572,1.144546414870867,1.1512834649087795,1.1647197187512957,1.164056332312182
0.9319488650646464,0.9472911815637557,0.9839529242607556,1.0152430358463915,1.0182374907633094,1.04387831596676,1.051851894408228,1.0500402110832014,1.0573993155951864,1.0601886613561455,1.0543679469014082,1.05295509192688,1.062157886659243,1.0671822719622441,1.066640734835094,1.0646494201536774,1.0700980551343011,1.0698809539168086,1.0648958183978168,1.060724343309387,1.066105483909102,1.0725219952545428,1.0802247569783867,1.1020771541444745,1.1083240959761316,1.0828043233267424,1.095811223986061,1.028632791409246,0.9856679154228688,0.9699254247280403,1.0056181774784596,1.0022689548682677,1.0831229403028089,1.1006989978160466,1.1097951251885392,1.1200985470848501,1.1254882523024263,1.1321535926171007,1.131951047159392,1.1312274363915669,1.1293065257527108,1.125925972472635,1.1243755491080296,1.120673799007825,1.1209698728938133,1.1269706415797294,1.1351670834560244,1.1396302506007427,1.1350539808862532,1.1279576371373263
0.9567770512224832,0.9675790275947022,1.0100837579058979,1.0205805936424905,1.0253637778747877,1.0917129724560497,1.091167432091498,1.1008867816209054,1.1225062006031121,1.124704113500089,1.1129137815567882,1.1112264565722343,1.1107246755379057,1.1083412619602873,1.1057893740001947,1.1047604339841417,1.1080803176899163,1.1135230497371231,1.1166322646135167,1.110034739113724,1.1148620534477443,1.1204589235671936,1.1234646881906882,1.1268317125997758,1.131751200140484,1.139860117104242,1.1372103394853834,1.1360913624412294,1.1402688810498298,1.1364491640143373,1.1327198827302016,1.1316431170874979,1.1275096636417785,1.1250131535592562,1.1299408133148503,1.1435058454780098,1.142135830668416,1.1351466019121277,1.1312530879230884,1.1218670720197332,1.1104659869381033,1.1148740003505773,1.133253590297473,1.1355885915826167,1.1381549302032046,1.1402788226415992,1.13881333607344,1.1339428628683281,1.1326624691559584,1.1320830597875737
0.9239601808865302,0.9313149578950921,0.9775361376047973,0.9858743886815231,1.000141740065859,1.0476313039417993,1.0831673532762947,1.0849772628594547,1.1368156221106573,1.1386629844511034,1.126006716228226,1.1213217881459605,1.1263045604822532,1.1384473902242138,1.1427148887599903,1.147402757507831,1.14847823976006,1.1388392322419865,1.1183315694822278,1.1209314188338944,1.1222944351603201,1.1425638329865218,1.1589948285735894,1.1636753079161943,1.1589680158553355,1.1545915951269934,1.1594458094651356,1.16116863415778,1.1654399546554095,1.1601073060375118,1.1577980609559972,1.1684613858089696,1.160783034541728,1.1586754840567173,1.1556122667320956,1.156825180446489,1.1568769730247783,1.1537998424066982,1.1503909121015012,1.144473704699692,1.1411096268523775,1.1376234621712706,1.1383365698036727,1.1304903127086858,1.1255923088446556,1.1272292782547313,1.1273353738612242,1.1263128318397106,1.1267784270350156,1.1269742322859255
0.9434544634538706,0.9520232098237223,0.9670627957276255,0.9746206584573964,0.9985737777739937,1.0619987089187917,1.0685079826154593,1.072179544429688,1.0990543680900264,1.1110674155263502,1.1080420533886879,1.118912965263814,1.1393063288992495,1.1517930174850528,1.1645082996297536,1.149826627968024,1.1328469130986936,1.1325469843411657,1.1382133488583246,1.144645619770841,1.1598036482813965,1.1809688787726917,1.183055167240247,1.1824550704155723,1.1860247918502027,1.185805373038149,1.1838519804090208,1.1842324673465052,1.18925082882876,1.1874629891117605,1.192110702902959,1.1943814435902766,1.1810304041809792,1.173491614842084,1.1708909469418902,1.168693343406669,1.167601167664042,1.1636631742806907,1.1565094060811287,1.15016366091675,1.1494243247264297,1.147245657754239,1.1381084474870968,1.133337952641952,1.1339337094893929,1.1321128268517413,1.124592404967125,1.1071455426117518,1.0979861298094236,1.0906501131643664
0.984057134207507,0.9915609766276889,1.022127132094055,1.0551900008585906,1.0669345854321934,1.0772825789319045,1.0923130629074478,1.102050288945575,1.1105560986426903,1.1479619980751785,1.1625067535758509,1.1896313791197266,1.1931818708308521,1.1879610512789764,1.1893005876285874,1.1903929689114339,1.1783358360290246,1.1708818477537382,1.1788113092862416,1.18744548631589,1.1922966298450695,1.1912159025296942,1.197224836450195,1.2154054145429085,1.2282376865307898,1.232431382075734,1.2304671451886915,1.2267021970049632,1.218653451943564,1.2118884178037501,1.2105835419161337,1.214659644991219,1.2056979807064359,1.2039253894633033,1.2023422190889401,1.1960070204933664,1.188368178816551,1.1825607801192979,1.174416891115506,1.1624168504327634,1.1567476138364514,1.1525729835804344,1.1442947945008706,1.1212631478668271,1.106783360081288,1.0823493464767786,1.0760843158960276,1.070513656657144,1.0590860291424307,1.0419303878666468
1.0326439998264676,1.0658592589381763,1.061099611508084,1.0735952204811594,1.0901813119760713,1.1483279596380827,1.2019804026338246,1.2405809276215074,1.2084804056815053,1.1947766020536452,1.1851175906675444,1.1904524215471075,1.218734683020212,1.2115750058314299,1.2105086974669117,1.2276704055352075,1.2286234812863477,1.2341068985023544,1.2461409168453994,1.2430474341986657,1.236197140590636,1.23937122946352,1.247984811274026,1.2520662436071044,1.2594646771053881,1.2531636348573083,1.244262841289853,1.2380384316528983,1.229852055566409,1.2246810423040266,1.222375468317037,1.2203379238003447,1.2123151472187716,1.2040708828325886,1.193646928929864,1.186726813987446,1.1826662692016525,1.1599520096846214,1.1440954625833004,1.1228118351453158,1.114237736615323,1.1091607250274933,1.0901198312416691,1.0770463281035243,1.061639867450303,1.0246848325886664,0.9961770235335544,0.9983347861626846,0,0
1.0004536029514992,1.0162689463778836,1.0381821561594005,1.0562828430827473,1.1060280882191498,1.150249651777812,1.144116446698558,1.1276689010096035,1.10066072641611,1.1412595340900678,1.1694963916505303,1.191248239905822,1.2299570899577452,1.243260756675576,1.2617800609571268,1.2751575697001696,1.2731500335419552,1.275685040058717,1.2797327434161592,1.2864002730570856,1.2684966215427154,1.257842164444379,1.2509917632660892,1.2468509979591467,1.2505462548741872,1.2533084568758934,1.2500157293496625,1.2414914696767105,1.2324080902902574,1.2353255303272632,1.2319352421059555,1.2236722160280278,1.2042636809888567,1.1940573619086303,1.177864315728324,1.15881547234166,1.1534990423389573,1.1432089888187662,1.1292996624892584,1.1099136272138748,1.0929886450795752,1.0747699768432848,-2.8970104785328033e+38,0,0,0,0,0,0,0
0.9962972960885865,1.012236365064456,1.0566250614274544,1.0750349172235665,1.0766221224378085,1.0910286144570445,1.1031039696906917,1.1156885500745133,1.1464239386142874,1.1572494066698575,1.1752330154243855,1.1823574607946006,1.1924867226967655,1.1959057928788028,1.2277867369091573,1.2639627194798928,1.2667901189356017,1.266826802341931,1.274655910660442,1.276230738896002,1.262723957414456,1.2298801501197492,1.2141988294539845,1.2024543525113178,1.2035000463693641,1.1907655495212643,1.1847382972190241,1.1808552833942478,1.1808755095945023,1.1896096799055143,1.1955350507994922,1.1775577999345062,1.1498347145912047,1.1374844504294763,1.1111820861995876,1.0979940360834843,1.095146492651433,0.3137143766040801,0,0,0,0,0,0,0,0,0,0,0,0
