jsons/1312668000.json
{"header": {"parameterUnit": "m", "parameterNumber": 2, "dx": 0.1, "dy": 0.5, "parameterNumberName": "Eastward wave", "la1": 40.97354507446295, "la2": 16.46031188964855, "parameterCategory": 2, "lo2": 133.9931640625001, "nx": 191, "ny": 50, "refTime": "2011-08-05 8:00:00", "lo1": 114.97908020019554}, "data":
[rows 22 to 43 of 50, columns 50 to 99 of 191]
0,0,0,0,0,0,0,0,0,0,0,0,0,0,0,0,0,0,-1.580047210119669,-0.6999148685186947,-1.8355436458933179,-0.45984627916821746,-0.6358089469149631,-1.861822895666433,-1.967495590275987,-3.6921529476609956,-4.090987609296974,-4.535291178387883,-4.952767520289473,-5.17462053822724,-5.35044100839886,-5.679045188032716,-5.803154063104731,-5.9032327433235885,-5.953819739684926,-5.893178205436747,-5.757968327770725,-5.6183230404148405,-5.565694176923023,-5.385413783603104,-5.14885298829216,-4.615287751814504,-4.1910054248345885,-2.416259532233866,-1.3495570195831312,-0.20843093048923633,2.109898148628425,3.367647167564464,4.026959964064589,5.069115450343572
0,0,0,0,0,0,0,0,0,0,0,0,0,0,0,-0.42129192880111477,0,0,0,0,-0.7974890888364852,-1.7909738402775368,-2.590077131795176,-3.062664952590751,-3.374031537487445,-4.147902665941236,-4.526740911242415,-4.842093087414236,-5.286556978249329,-5.526792567156651,-5.734836300562391,-6.002562646030116,-6.1142176660764855,-6.229431851617757,-6.270525644494049,-6.276156896191578,-6.250367305351038,-6.2625410613423975,-6.2350937386925205,-6.12629900398688,-6.013974470661213,-5.782151499077477,-5.621308381543165,-5.466210100313385,-5.260797227159753,-5.227422209683246,2.213875264674632,5.079464980646472,5.0510958751013035,5.163037466678667
0,0,0,0,0,0,0,0,0,0,0,0,0,0,0,0,0,0,-1.2806663813212427,-1.9072114937219125,-2.199870681605946,-2.5525222287690026,-3.302989622618829,-3.6436850429056205,-3.978555444353381,-4.470157265666259,-4.647773279814088,-4.810138122142071,-5.118115986344451,-5.265538152110259,-5.38122232809351,-5.611975020447639,-5.718947566751183,-5.758559970175886,-5.827004325074018,-5.911067832757316,-5.846528414377078,-5.779318149302682,-5.603448049267125,-5.060852437561784,-4.829312771385475,-4.302584465610726,-3.8585710622830938,-2.8368806961001667,-2.373685563337722,-2.6103836561295353,-4.521704209136347,0.6386780809096377,4.342114054494817,1.797144674771046
0,0,0,0,0,0,0,0,0,0,0,0,0,0,0,3.3038944722661223e+38,-0.7560827311129019,-1.1529356527240837,-1.785522241587497,-2.6216850644036844,-2.923333488996179,-3.1844674099139776,-3.6795175067619463,-3.9031944192280674,-4.070507288815945,-4.314306269180772,-4.366043450272026,-4.376113194994095,-4.5633706280210795,-4.609296088652796,-4.5639707301514125,-4.7337427034778,-4.765108882815415,-4.7595168986637635,-4.70489939617141,-4.689298866415398,-4.410410827636489,-4.296592931806505,-4.010338584321263,-3.6077426898450735,-3.42795368061055,-3.1685261761263783,-2.846469560951648,-2.3115642628642323,-1.9674584147957699,-1.5489415716928938,-2.2898039238718737,-5.087719268019479,4.582419463213774,4.527298819681031
0,0,0,0,0,0,0,0,-0.3963929928648945,-0.3920236329442936,-0.826611042870506,-0.9344719212922437,-1.272631121649374,-1.4427992903637095,-1.7405772096797594,-1.9833742518737876,-2.4011117865612728,-2.6579556060700615,-2.8206342540406864,-3.2149750883431505,-3.327760597865589,-3.4699862793654686,-3.595713017167366,-3.6442122659811154,-3.6848407444092626,-3.84112252913427,-3.879615270565509,-3.9203661760616857,-4.04778843564095,-4.080374316553764,-4.056070755511945,-4.080620729322754,-4.084211319030449,-4.009429673958472,-3.9433903262617247,-3.8310743428122467,-3.5145447222754385,-3.3662917193189696,-3.106544414411609,-2.948478115393257,-2.812058498910178,-2.6811989892470174,-2.504023871907378,-2.109168425126312,-1.9253261279485276,-1.6542459778915404,-1.7861051709132472,-1.813451730077877,-3.064332888291886,-4.459085489775716
0,0,0,0,0,0,0,-0.3328470900790242,-1.1172904729684985,-1.6349695018116395,-1.8416902114349682,-2.0497248237198353,-2.353187079877978,-2.4840128594622977,-2.6265793018689414,-2.736718052945719,-2.9597279744630893,-3.111766536155214,-3.254809430250359,-3.3474669984555883,-3.3591700551155843,-3.4240724045331654,-3.574588674277203,-3.600665683275267,-3.6050805688086776,-3.694925963656545,-3.7369993609758136,-3.6936437989992488,-3.7788219563927394,-3.7559036017748832,-3.6680972272648575,-3.676731556135192,-3.639119849014867,-3.483594803686448,-3.3849460953034254,-3.3376921584364636,-3.215311014113293,-3.1355559932626447,-3.0498976068787416,-2.9059212629421074,-2.7967667493516677,-2.704998682750334,-2.541352313472355,-2.253063702137132,-2.1354931932293044,-1.9614702538967455,-1.5513674844184473,-1.2741191868888206,-1.0623071756974949,-0.7955020213955243
0,0,-0.7655966783889638,-0.12612057429506277,-0.6167016631398924,-0.994146732056597,-1.3835071031161184,-1.6248273442294034,-1.945474352097622,-2.163405323391677,-2.335863987234262,-2.4923197019270744,-2.6803181346673575,-2.786961999775651,-2.88015387955774,-2.9631732912942144,-3.1063479177322253,-3.159172424301131,-3.2480824373326995,-3.3346918495168274,-3.3758379884265715,-3.4113328464920065,-3.52109730788871,-3.5507615153283942,-3.5732620471381424,-3.6553965930156007,-3.6781628456263684,-3.6849321488348705,-3.6524664209056232,-3.6314647094438066,-3.552963605806875,-3.586976410319097,-3.5672455884568848,-3.496610663271825,-3.4693947817128428,-3.4080287633856603,-3.220738869118904,-3.0817071737445167,-3.0451951476452828,-2.9327832836787944,-2.7915520990852687,-2.6933928838329178,-2.5343304730694087,-2.2863612567639726,-2.075178787196077,-1.8858182714716143,-1.618563426320507,-1.381558193866565,-1.265503107643714,-0.9484181332310929
-0.525958086939308,-0.713575631141904,-0.981566619107067,-1.285678040730231,-1.6492113855547246,-1.784309726393674,-1.9973777398178683,-2.1393779000412323,-2.2983631943301774,-2.4968018042950466,-2.5804329633745935,-2.7185603245168624,-2.837095424004904,-2.911696624103943,-3.003841677257536,-3.015438800337281,-3.0743267953711486,-3.1470324677274593,-3.1827713754158617,-3.2698213145683788,-3.3178921535304156,-3.352915917531357,-3.415181696236463,-3.441986609140028,-3.4586873036511063,-3.5046778878696423,-3.532558884084249,-3.511521937144139,-3.5424144430982136,-3.523771418242635,-3.4674736466496867,-3.469226966241742,-3.454855614042709,-3.327332984149983,-3.2652132046190387,-3.2306392454331183,-3.124706195540836,-3.0604448033355562,-3.014176930048151,-2.891286595345506,-2.8358433178842817,-2.6652566291453548,-2.5350408727507032,-2.2611520110048806,-2.06315975955914,-1.9828570386616056,-1.6951413448880528,-1.5271003852956329,-1.459849330669172,-1.153037022304323
-1.286549654688071,-1.5579286981435225,-1.6870416864202924,-1.8510193969729085,-1.996940033105726,-2.100282857909676,-2.267773508535297,-2.363956313710991,-2.5240139640619637,-2.6313047639465625,-2.7092289736853874,-2.8183703762059795,-2.8773355460307393,-2.913055075705261,-2.949794790471729,-2.9858549441489757,-3.072769530022389,-3.109441434425298,-3.1419315884991135,-3.2099526991873804,-3.2440705283359037,-3.288379796277482,-3.3689948364837257,-3.4014631117401675,-3.423763587149412,-3.4649632834683284,-3.4629116056439644,-3.4277878434777924,-3.466037631739088,-3.481827932462941,-3.4873531352160594,-3.5190593119388858,-3.5105650952351377,-3.4674129232945976,-3.4558489080652413,-3.484195286277488,-3.388119256206267,-3.2633969845908664,-3.1636457957611634,-2.986291663054982,-2.810287606964395,-2.6983688054585913,-2.5276064279434203,-2.292145417192104,-2.1223975057175912,-1.9716636263689231,-1.7421131430426904,-1.5443903145510598,-1.4749189576232637,-1.2619759612225898
-1.5695751523119215,-1.816632781727604,-1.8936317534667622,-2.0231452715394163,-2.1670132893680405,-2.2478565944296047,-2.3519803373696853,-2.4586197291396212,-2.559903584893937,-2.6665229081845365,-2.7219107974966303,-2.793210887216535,-2.8792226956493194,-2.918516485768755,-2.956705615071492,-2.983652971293886,-3.054684756612572,-3.122295390873137,-3.1410360963901347,-3.1960242076649483,-3.2341262104162323,-3.26237696940105,-3.3132596414208253,-3.334819903440389,-3.3725843343148294,-3.420779618002754,-3.4535769747178713,-3.4913191164745676,-3.5625824929059506,-3.588631347193296,-3.6212598582730706,-3.7212918580066807,-3.765456277548841,-3.7837410074867273,-3.800241892181221,-3.668791995199442,-3.486879279676148,-3.3562761561762646,-3.192955606724933,-2.9760366464386547,-2.8424215790265945,-2.6729335116295614,-2.5367638024071266,-2.3353453237318638,-2.230758319470691,-2.0142712204893023,-1.7761700539668797,-1.6353766813296855,-1.5633844163175958,-1.427341139903242
-1.8543677600452884,-1.9673467659356347,-2.0263040987016967,-2.1228673830217333,-2.2135116319970076,-2.2889702152094915,-2.350687086043016,-2.4296459716042267,-2.475610848455801,-2.3640049178100564,-2.2501713779960766,0,0,0,0,0,0,0,0,0,-2.515462815392445,-2.9055380526510524,-3.2417573108965994,-3.326472505661703,-3.421412350194555,-3.5203857513569394,-3.574119123680345,-3.6259320130926542,-3.7335422988452676,-3.777506566872753,-3.8749498841866648,-3.9511295457270013,-3.9575592857698814,-3.9561456073012082,-3.907013791321373,-3.764603255059638,-3.629835167335709,-3.5365796779938554,-3.4022925819194825,-3.163550707665737,-2.976502906726222,-2.7928471986982326,-2.7259499195176953,-2.6500004629372698,-2.4518082897358,-2.254007212293147,-2.0496667120386785,-1.9296717600527267,-1.8463994116519307,-1.6745113174757242
-1.7366679505698517,-1.790817690906038,-1.8068932825768877,-1.7639472179554168,-1.7032620246331311,-1.595005285627861,-1.371117175605705,0,0,0,0,0,0,0,0,0,0,0,0,-2.2521110675757168,-2.6051763716369845,-2.83962363568834,-3.0926582260053705,-3.184464060127511,-3.3694034210722097,-3.4864045029170234,-3.568001615257875,-3.652874467656006,-3.744880396535278,-3.7951183521321616,-3.8549521235198014,-3.889614955671509,-3.9425866989284066,-3.976883749994738,-3.990915985752284,-3.933047930075739,-3.832515849492494,-3.6624176728120057,-3.401939653877098,-3.528482965632829,-3.4392959974893325,-3.1319728780957523,-2.3964912115173194,-1.4452777436282287,-2.7702711982344344,-2.766203767529944,-2.5156163102752207,-2.3806718864078062,-2.277204879028557,-2.060122275510967
-1.324735783890656,-1.1543769239396442,-1.0568791226332335,-0.9309348128595604,0,0,0,0,0,0,0,0,0,0,0,0,0,-1.9875889389142902,-2.243062103143046,-2.547285299168615,-2.770498415868747,-2.8910321664946896,-3.043077557618905,-3.1454546720816006,-3.2563474794145404,-3.3820092454776796,-3.4361502514501643,-3.52804591872965,-3.6288209002342766,-3.68047283839303,-3.7355051904229377,-3.7329177421164412,-3.6738740434168746,-3.6150027933605067,-3.489760471290897,-3.159408334822753,-2.775420466660509,-2.4863997198448198,-2.2504932301632934,-2.4081788695581428,-2.4702305646286864,-2.5576031760846565,-2.518384769558826,-2.5276744399131115,-2.5754105907372904,-2.6727655726406807,-2.639445978877463,-2.647906479458816,-2.547315543097174,-2.396451494000493
-0.7196512557273151,-0.49999172060544134,0,0,0,0,0,0,0,0,0,0,0,0,0,0,-2.093950013416209,-2.3074558974023684,-2.4690723560780214,-2.627086404270249,-2.762240337758061,-2.8480447817991026,-2.9581191795876545,-3.0371576843459627,-3.122723050670244,-3.1992883019447023,-3.245445085025176,-3.274771782942858,-3.3023463610142745,-3.287825076377658,-3.2693226347754365,-3.1814257450253307,-3.1466151166522045,-3.0143146280561597,-2.9463532483914943,-2.844879364080768,-2.7787463092276203,-2.7405246984545863,-2.7306610499220194,-2.707552749439077,-2.715591908231894,-2.770356204045509,-2.780831962245454,-2.7697068614063727,-2.804768118105935,-2.8174665716251748,-2.7437187467864415,-2.7010840115760404,-2.648281042779616,-2.551967169360501
-0.49302373539200683,-0.1322531995229517,0,0,0,0,0,0,0,0,0,0,0,0,-1.942896484995406,-2.094514655738405,-2.2753248551835648,-2.4289478050737947,-2.5202146260343525,-2.6014779752059196,-2.697740522545211,-2.7630064530154113,-2.8377269630178033,-2.8839257621924377,-2.941367431768232,-2.976809753509613,-2.9812273916866068,-2.997719392891689,-2.971970469125427,-2.9692156231474307,-2.934094733578424,-2.9039243676131323,-2.8878223593716057,-2.851120341282218,-2.8262330307728094,-2.807183425194888,-2.805145643269114,-2.806730403360785,-2.837247778475207,-2.8176028847466537,-2.8372890402836717,-2.871159490896528,-2.884547032616235,-2.8690546220760678,-2.868331002035069,-2.8466681228279405,-2.76544773404656,-2.693660988262515,-2.6605145783051882,-2.596881103294889
-0.38946832370432183,-0.302911384383205,-0.35673978412920077,-0.4949807396008047,-0.43861685889788793,0,0,0,0,0,-1.626848814343095,-1.665072658142176,-1.8597775821090676,-1.9873904464185466,-2.12341358330657,-2.1860890203379797,-2.283374284430674,-2.37949396257079,-2.4235414058539235,-2.4852269085495076,-2.5514181719995315,-2.579845901205464,-2.599417150250399,-2.623457543545651,-2.650415121281907,-2.659194713805249,-2.6705967997208906,-2.6876803608110573,-2.712336754886483,-2.7128602195105915,-2.7092277645738463,-2.719355785378817,-2.7303849847659345,-2.71842219999561,-2.7539224880214914,-2.781765628616806,-2.7863083020748927,-2.8090113026203567,-2.8656456910140315,-2.8921352267485823,-2.9079907834548755,-2.933021486440489,-2.9341269130450236,-2.9313061044720565,-2.896359129398402,-2.874202675105031,-2.8256901599920363,-2.817629145141632,-2.78321286570751,-2.7369891038756577
-0.39112412459371226,-0.3292390659492486,0.5743724346143322,0.5619193236955466,0.44495554251569364,0.45650497541666396,0.5264704367873879,0.8148188187820754,0,-1.4989220065277618,-1.711282466888155,-1.855704232697281,-1.9678581163454332,-2.023369757058034,-2.105221677955334,-2.1539881727143313,-2.214963708248038,-2.2761846811036994,-2.3079833976672353,-2.3455846422382267,-2.3990598446364886,-2.418693800166985,-2.4455620633694655,-2.457815951711183,-2.481958729423929,-2.5046251094932264,-2.522079832275073,-2.5292849366309627,-2.551968429550431,-2.566033226866483,-2.581949582048239,-2.621858672974047,-2.6294147023863688,-2.661002226910282,-2.7145335327727236,-2.765275481824647,-2.794128655851167,-2.7998832732674157,-2.8359781254012244,-2.836538054673958,-2.8470465592232084,-2.841980667976558,-2.831121728872266,-2.8041455802861273,-2.8097765343428063,-2.8030821351547286,-2.762015089251288,-2.751980735720138,-2.722013248790109,-2.680311441453248
-0.9540447739680179,-0.9284672885992749,-0.9546934718586872,-1.161704656536273,-1.2330489000991298,-1.441023411786691,-1.6129982668454181,-1.6975963348047434,-1.8092184969050025,-1.8556785966330167,-1.887895479136612,-1.9426741474183966,-1.982288021830697,-2.0039492864081665,-2.0643062723990755,-2.0944138743012406,-2.140353188852446,-2.180190884223763,-2.2126607077003784,-2.24502717384478,-2.2762840924434307,-2.2912101601169197,-2.3283265628356284,-2.3499192772034387,-2.3629182751993048,-2.4065497812380343,-2.420217484459434,-2.4382429222747217,-2.4872012793333904,-2.5010273754016734,-2.543904316373209,-2.5900055322343434,-2.6357868993071123,-2.6523684779530816,-2.669253005473075,-2.7159476351379683,-2.723851012884831,-2.750110060623971,-2.7569608535640877,-2.752307767360271,-2.740351884227199,-2.748256887652271,-2.746845379202824,-2.7275935862413982,-2.715928724673822,-2.692462090211595,-2.68516975750748,-2.689901691047848,-2.6656592426760266,-2.630572098372219
-1.2921722607252606,-1.3456761442356302,-1.3945001885259452,-1.5302945673754744,-1.5751818153398993,-1.6272434208789648,-1.7025272925455082,-1.7089341266571223,-1.7696835068507222,-1.8008298421862994,-1.8392846452330627,-1.8751799551669077,-1.919739552086296,-1.9449436805309746,-1.9892355823612613,-2.0102458216175862,-2.0422471534562288,-2.0846371163192634,-2.098853034129733,-2.150863180432555,-2.1676453928506736,-2.1868763111969276,-2.199563806621686,-2.231784074329942,-2.263612918794781,-2.311665801057833,-2.3380581577644355,-2.370247605419759,-2.4270674587115395,-2.4576833127741464,-2.492969664288946,-2.5267768127796466,-2.5427749732603657,-2.561263423618965,-2.5731774676631756,-2.600610681552426,-2.5914495487197096,-2.6081015354331303,-2.6398204329946706,-2.6254534361499537,-2.626049144159767,-2.640927387630791,-2.6359268354234233,-2.6148694378657455,-2.608595442980593,-2.5973616037074287,-2.582074286246261,-2.58386733665853,-2.569855852679135,-2.5453606521183123
-1.4283515423016868,-1.4942517166195133,-1.5125483182664443,-1.5720073062478752,-1.615902184806501,-1.6351824933621837,-1.6724665203953433,-1.706180431092832,-1.7333531287528725,-1.7737474259034272,-1.7825088013166333,-1.8354963711055847,-1.8764205438678208,-1.901011444756055,-1.9291960578367913,-1.944692123707462,-1.9881189853382417,-2.014927550629411,-2.0404549318555545,-2.076476947966853,-2.101302773598337,-2.1192730105340116,-2.15153263922903,-2.162056422802234,-2.2074032445273555,-2.2627089560754445,-2.2934656701075125,-2.33590695363953,-2.375446388606917,-2.4035809434873974,-2.4118669207318226,-2.4483753471852854,-2.4698997344123144,-2.49004186596411,-2.5080164069218607,-2.5106895017469006,-2.5059034618007185,-2.5160262176576413,-2.5383905895630967,-2.5392009006467866,-2.555380066111414,-2.5484809214357225,-2.5381612089895063,-2.5192386687469113,-2.5229382679554533,-2.5227084906765107,-2.499477672955557,-2.4870626916006713,-2.4858059296223547,-2.4536728407530703
-1.4153077524704656,-1.4720046988100783,-1.502705704007066,-1.5429651365289816,-1.5661999880367834,-1.5952423491037033,-1.6215313048477213,-1.6521314424025317,-1.6994116009328524,-1.7218070573147433,-1.7545315434307247,-1.7989862852593912,-1.8199999577342536,-1.8439903979757803,-1.8708622726670645,-1.880623547436331,-1.9137601999221767,-1.935720136291179,-1.9478489361141662,-2.0021584250498052,-2.0355750746398975,-2.0567556698751965,-2.12863547085813,-2.1415349050212917,-2.166695093197688,-2.2179414127590404,-2.236584919804862,-2.264193041881473,-2.2964674118825874,-2.307063113535985,-2.325282448330978,-2.3462986982299983,-2.3598439550548194,-2.3661140605435382,-2.381245264263874,-2.40148023784218,-2.411281032967789,-2.4223485106192446,-2.4379570110050253,-2.431936991082991,-2.434841389916256,-2.4513700385548707,-2.446759191862768,-2.4339891323609857,-2.4279831379715486,-2.4266533816636557,-2.4174645163853254,-2.4136163522685963,-2.405040939799564,-2.3898694533645473
-1.4330613613272278,-1.4596070712275855,-1.4746949638767202,-1.5215425469468489,-1.5499782388855157,-1.5720725955599537,-1.6202527377509508,-1.6308860305989945,-1.6631910052273073,-1.7008607922505061,-1.7095050444010436,-1.7440364037040477,-1.773938414288952,-1.7787271472650579,-1.8107945919196176,-1.8419065592747765,-1.8736068518972968,-1.895939252248687,-1.920040189099294,-1.9551265243963698,-1.993040176940799,-2.016800617895339,-2.0480490333138848,-2.0818096168652263,-2.1154183318801874,-2.1456166335843525,-2.1667711775317997,-2.1943025399143194,-2.2031598599984936,-2.2187679321299867,-2.2440998906851584,-2.2680420092106734,-2.2839264151027505,-2.295232807523181,-2.300861057491198,-2.3216581240486196,-2.328219442960119,-2.3261390986042905,-2.351543922293373,-2.3552866664551844,-2.356697078789264,-2.363250777166433,-2.3602553241756112,-2.3578855865428596,-2.3690750089653596,-2.3601223165237615,-2.339295603465948,-2.3378859124866636,-2.3427575849076248,-2.3360265335046706
