jsons/1312894800.json
{"header": {"parameterUnit": "m", "parameterNumber": 3, "dx": 0.1, "dy": 0.5, "parameterNumberName": "Northward wave", "la1": 40.97354507446295, "la2": 16.46031188964855, "parameterCategory": 2, "lo2": 133.9931640625001, "nx": 191, "ny": 50, "refTime": "2011-08-05 8:00:00", "lo1": 114.97908020019554}, "data":
[rows 22 to 43 of 50, columns 98 to 146 of 191]
-0.08588206386889713,-0.1262163797626931,-0.135997922415927,-0.10631820873923338,-0.04673980055638457,-0.012960491959079917,0.08994388532376286,0.17693697736178554,0.2107538095300746,0.2285227358825061,0.27957179454356207,0.3303365647317949,0.3320687221005235,0.3183890256453235,0.32239411454788336,0.3044936541156601,0.30232633925578656,0.2944489788641592,0.2933322815226476,0.2773160463544504,0.3410988485947054,0.4092898916844582,0.41353290914814744,0.408229121285754,0.42929739036726816,0.4568241357863001,0.49546210532614365,0.5413301177962885,0.5366350943463263,0.5255557194593139,0.5294775078811327,0.5319347391403554,0.5354659638236038,0.5640277375023535,0.5848303464528859,0.5995577484624427,0.6331367849174936,0.6439482471758886,0.6758649811772867,0.6738030232889086,0.6757322851789203,0.678638577045984,0.7003716348610508,0.7020953937338443,0.7070333248120347,0.7183416228536785,0.724351462742541,0.7250574540737067,0.7135145073585867
0.029987487288532542,0.08549043110566003,0.07542111150504291,0.07216544881521267,0.12654865580046384,0.1400497889795008,0.17292468539452233,0.21099199921729328,0.21710998498764805,0.22578973550576997,0.20479957410035413,0.243949491830734,0.27084431505427276,0.2840843399880411,0.31413838419808565,0.3427327490790743,0.3622554865200181,0.357793353795693,0.3566072967046297,0.352751439479179,0.37121229037129927,0.37373699919070297,0.37905326141334544,0.386408541474803,0.47630203969656976,0.5456802801806893,0.5120014052458527,0.4963183595688408,0.4847833378187392,0.4848090713256117,0.5166450711060078,0.556547236016663,0.5680994327078907,0.5858368996402201,0.5932851944459733,0.5985513928753757,0.6286720847927809,0.6376393544169283,0.6416175148906339,0.671197715075637,0.7118153709219369,0.713719673758711,0.7208191690998966,0.7435131306410134,0.7246562151012034,0.6577663071726401,0.5763531516754168,0.4738914425882923,0.43597846205374174
0.23672690756233244,0.23355920862917606,0.2520026985249442,0.27375114503032233,0.275758669708205,0.2786441470523015,0.29848986663104576,0.27844436388356064,0.27858305924345106,0.2842979908696533,0.3047276093358663,0.33895695420668226,0.3637821424050946,0.3452647304362577,0.29449613947376324,0.3110021037052765,0.3692138430208138,0.39791450252353383,0.4068111311617646,0.4113726287736641,0.419795366900971,0.45238068961961203,0.46863469620870407,0.5072769151324089,0.535463952930541,0.535570237312722,0.5466223066122871,0.5755112683397313,0.5822883939437395,0.617644352252892,0.63265153564524,0.6385153502941268,0.6352362930486032,0.6105882834012992,0.6149734404154104,0.6198324653734059,0.6493025543341963,0.659987815467045,0.6014461809103373,0.2556336245356248,0.26472944017400035,-0.4836796371506311,0.6127534322771335,0.5292430442201397,0.6651892498394704,0.7058231654831966,0.6769971373083143,0.6952075200794544,0.5932857898750042
0.3269401873624622,0.367362318191404,0.3677705809316018,0.39204220161126985,0.37969971585069273,0.37819851318441905,0.3983645084533244,0.43882763729854213,0.5011850897148202,0.5392033441379734,0.41128789740113453,0.3516887148727372,0.4544064705024423,0.46642987706269234,0.4904287675654313,0.49729801636214793,0.522074466198748,0.6203566035427593,0.591117281297029,0.5831659584059183,0.576267120610061,0.56504901239645,0.5541191931358219,0.5906440102536751,0.5904607233335695,0.6032657373298717,0.6551833862298286,0.6716081662567999,0.666029452301345,0.6724171188915676,0.6902191902977256,0.6881668305606925,0.6861186346507079,0.7109065843470813,0.7014831606682426,0.697051870072383,0.6892606342298448,0.6971438013923147,0.7042121775373311,0.7262029267598551,0.6876387089629078,0.598983150347019,0.45655407017538596,0.5849382298936917,0.5752482218362592,0.423040780262938,0.3494763577161716,0.3574360901211412,-0.4802123877930448
0.4443848519306314,0.4871519432801281,0.483926484148857,0.479698037424215,0.47237540491970326,0.47781094527182244,0.48570785034980574,0.5197991744191803,0.5713110455532227,0.6024164226374352,0.6430210143653011,0.6478334972178098,0.6430835897461121,0.6399559137432913,0.6624262986198417,0.6553913541819557,0.6226176353252744,0.615362202034218,0.613801443064859,0.6222904093700464,0.6036217556736732,0.5941868195724476,0.5843787377486068,0.5851480605145769,0.6100642213832895,0.6208091210611856,0.6537532619844719,0.6477115446659782,0.6542054471716456,0.6320465689958045,0.6793203661246119,0.6881962697157538,0.6931257104024501,0.7099995674537509,0.7034429106541764,0.7018781313800826,0.6827706810957445,0.5994619229307567,-0.13069029151921427,-0.6800222438258737,0.011750283654596525,0.569272130453781,0.008983224459759699,-0.5847966343146691,0.5510906410696925,0.44902988251300774,0.36585041066279766,0.32762891424079593,0.2115553304248228
0.5080761304737627,0.5801813074397835,0.5608017186564485,0.6018563613080343,0.605022259679199,0.6046296992499519,0.6113149763078095,0.612248430394537,0.5799903319251307,0.5850380840874403,0.6045173443093279,0.6210770509596281,0.6357250951489367,0.6375815622805274,0.6585803741097488,0.6816637969576868,0.6724357747306684,0.6337118401755993,0.6475949373554538,0.6525066125276354,0.6632996215349743,0.6707665436732448,0.6650378785443009,0.6458758185753796,0.6374717134913372,0.6188662888367722,0.6426858025948201,0.6667349425862495,0.6774788298117886,0.6827294869473767,0.6050035018054354,0.5305781536844966,0.5129755204891421,0.07438999846985399,-0.20304245680824293,0.4406279814559009,0.684116421480405,0.6696184244924727,0.6603014867383266,0.6411081179873829,0.6031692428053691,0.5874937396858148,0.5617650844373835,0.5479876506107987,0.5284299419494765,0.4281373253332787,0.4351461579678026,0.44041767877062593,0.4836500082189595
0.42953878366676596,0.5009659853023263,0.5119767882058849,0.524923922746992,0.5559470709881644,0.5447080294127993,0.5320036266464211,0.529122166601777,0.5230607418679556,0.5278495868680628,0.5346051771106735,0.5867409521562634,0.608493868148967,0.6138659193375857,0.6006634110462945,0.5876647612754792,0.6123223258681366,0.6287687967691289,0.6377093741274074,0.6471570768095823,0.6702546468832566,0.6753012006037467,0.6718334606713586,0.6340612916882199,0.57214735750965,0.10860345581618078,0.13442377530784255,0.48122523278247903,0.5297532876920092,0.6044059393952097,0.6109646290627682,0.5960717596572228,0.557981055964585,0.48827440464214256,0.45303357029406116,0.37767499850094616,-0.6321159067424914,-0.6695419101813417,0.18960318187534425,0.6260130240856261,0.6367896509187181,0.6508581535276564,0.6468661808393534,0.6375430489292838,0.6058724059368029,0.574773520790263,0.5629005275688935,0.559150630111588,0.5583854757164864
0.5012341419035853,0.5175559278164095,0.5245856011611496,0.5415618276464353,0.5519578863366991,0.5671467505726628,0.5657209773885066,0.5456983108250193,0.5341472867374522,0.5209987733269573,0.5261107311420685,0.5416493458979308,0.5583492819465186,0.5659568293602509,0.5740899175752278,0.5580583230509707,0.5757894852157757,0.6070423652486857,0.6223675667409868,0.6315412930438107,0.6386177385893697,0.6422916487091601,0.6471097915246186,0.655300102758763,0.6568621631646843,0.6479914757614706,0.25327674409528,-0.48363084193536016,-0.4201432589531538,0.5649430459856398,-0.39056013982062954,-0.4277310079448998,-0.3333825026033099,-0.2608535878000299,-0.267941757426518,-0.2695615740797079,-0.28457757827798524,-0.3024740936990488,-0.2611425935154109,-0.1940255406448173,-0.08797729104246108,-0.016471604947357752,0.16528819985459295,0.23953551803852133,0.22728417843721266,0.29323844716757,0.47181493716150646,0.4434984396586286,0.43035013394844257
0.5162380769822488,0.5751790021978155,0.5891169990918215,0.595756291186754,0.6127989024050479,0.6134036120488545,0.6124150879577529,0.6018961627282328,0.5794017986261867,0.5454930031532255,0.506585006990459,0.504796503478018,0.5195761115438013,0.5114809321195357,0.5100502159392709,0.5154816834662522,0.5329254370681324,0.5584440508476836,0.5753620630083677,0.5896921195533151,0.6038670612234086,0.6131777847509483,0.6210641707881618,0.6335329019027841,0.6372383703050788,0.6427551591007329,0.6297935315309368,0.6130856195889313,0.5708135347524915,0.5368823367453391,0.38210883526348577,0.2888306772092656,0.20671410050129474,0.13616909988136744,0.12985673312995666,0.12719310721856586,0.1034912001258089,0.10623502152453354,0.09174505641721244,0.12273558553707943,0.14178532140258643,0.17134531560582203,0.19558988648891892,0.23578061528650454,0.27268083312895486,0.3220846702583714,0.3822475175470952,0.40368382888152426,0.45015818538374514
0.5019304430714444,0.5073771762649045,0.47735232639427994,0.2512610033442383,0.2884359707178213,0.03732064576633267,0.37084267959723766,0.5373220533978559,0.5420796221186102,0.5650983191867142,0.5191175810381354,0.5201981957687909,0.5177265125240911,0.5139765589432638,0.48333412192023373,0.5091906126691689,0.5264821633309921,0.5723749481625662,0.5664650456212007,0.5586017958176063,0.5942373996328629,0.6105001883471922,0.6273129397732112,0.6183824728279954,0.6200859972259606,0.6269906233433405,0.6215697571150501,0.6136800307547202,0.6156568302956229,0.6097549787043104,0.5991145416750429,0.5748954300347014,0.56304209040838,0.5364954979000394,0.5108971249488128,0.4837676067088276,0.4619984053246987,0.4418782592080923,0.4379397792802558,0.42236400266795987,0.41978041969766317,0.42590784814928045,0.4447892239746568,0.46426626572696217,0.4708789435508984,0.4774539217170663,0.49322609190416244,0.4856568272569686,0.4987349414483601
0.5220789730599124,0.5708705227776991,0.5711318616854145,0.5192122813163135,0.2878770270078954,-0.08645347368109349,-0.2514241831540491,-0.35476908610474545,0.008949518445243216,0.38084852966429983,0.4585233539836649,0.46838727097061067,0.4854641915725108,0.4941466802129277,0.5395283174754867,0.5261420670990135,0.5260450489315296,0.5226378987520198,0.5411487741673454,0.5509608692504925,0.5796992882542773,0.6046535789904747,0.6153167852051562,0.6332734945102567,0.6302750550825401,0.6247669279965372,0.6231218785527572,0.6282263503153174,0.6413562868161725,0.6459277666398566,0.6487840171600228,0.6500941349042195,0.636616181076268,0.6272808745597016,0.6096619186272322,0.6050619494608493,0.5799503931529282,0.5786559473070811,0.5810754130137383,0.5752122464432012,0.5642690201892614,0.5534775779091706,0.5510654691531398,0.5426379867148395,0.539423306966321,0.5434519040133168,0.5474654193433124,0.550128219965255,0.5530266279077892
0.46083335660893715,0.48401179943848605,0.5076991129082946,0.5262454855258347,0.5200637750801986,0.47802789993203487,0.4422246328461765,0.43682904136800116,0.4562355199951151,0.47429607781434985,0.487939965307403,0.48666841350394646,0.5014473300003169,0.5107195482402959,0.5292861677626768,0.5321321719844633,0.5360318189739749,0.5314496766385156,0.5342780747527816,0.5420082121368573,0.5713622539207635,0.6031488950246615,0.6104620684702283,0.6079976213810994,0.6144068144353225,0.622736592757937,0.6278108916456134,0.6308764026153292,0.653488807202647,0.6742649005042749,0.6584786337441896,0.6523383130496233,0.6545839967919471,0.662110792667202,0.6536713033340864,0.6469322868505633,0.6438037304863578,0.6469559167369175,0.6488771404749754,0.655310262093147,0.641369064726359,0.6216657898501982,0.6114650999376454,0.6018942506374391,0.5975592978511817,0.5959789975771157,0.5861721768374144,0.5848287622915603,0.5863924605450812
0.4822444338238529,0.5158444752651093,0.5243779707894443,0.5416185186941026,0.5429625008202619,0.5323537435877171,0.5196542258583386,0.5120784087872486,0.5257983547143537,0.5373254651409113,0.5581340643121177,0.5617110248342085,0.5673276481970574,0.5849087878556016,0.5720072664048858,0.5653266960117946,0.5512316744939866,0.5442602658715714,0.5503164781915345,0.5745252836752339,0.5842415862233233,0.582584534006314,0.5902788211572928,0.621938962551562,0.6306351690576351,0.6291759515005152,0.632324669314475,0.6426833086109758,0.6442549865272476,0.6483741495530675,0.6577356898226201,0.6631900064310257,0.66168238977656,0.6588386192785309,0.6533785725314323,0.661229999139546,0.6730352370161509,0.6708442649160279,0.6685019163975112,0.6718384418153134,0.6737405032493565,0.6684741768407293,0.6625961263163042,0.6593002574748879,0.6556924681044182,0.640221458840951,0.6297103501309121,0.6289464116544565,0.6325577357319557
0.5596371500475258,0.5902779858995467,0.609596935622279,0.6190435812071029,0.613015071257008,0.6071319343334032,0.5826858000460903,0.5795837631105599,0.5761131548696838,0.5733477614719503,0.5783381979518532,0.5818175214739479,0.5953480793359376,0.6040885402295828,0.5952731789827539,0.6061879099074731,0.607479475359259,0.6042735566959969,0.6058204351110866,0.6074744189074638,0.6035641875874012,0.6093997002682044,0.6156330900044675,0.625843433688416,0.6310513865544073,0.6343450004298248,0.6346567274072978,0.6433651088699981,0.6552070316982967,0.6650666240770539,0.6712989791163633,0.6721339979299035,0.6734984881635369,0.6787508278822344,0.6761667218794948,0.6724751562745752,0.6704113594194657,0.6824370471219032,0.6882369373607442,0.6925205809020843,0.6933866620102406,0.6930025800662712,0.6837585715029074,0.6884166536860032,0.6862112073956039,0.6853444017054632,0.6825583389211172,0.6564085840836854,0.6499995823135308
0.6430949351131608,0.6629736110485425,0.6984616940982914,0.6775989523560079,0.679006057053273,0.6775560830177043,0.6705567834083063,0.6562733674711206,0.6518285251762626,0.6425911023770945,0.6479535340735911,0.6404879736713128,0.6303698704047199,0.6284004185298749,0.6404961610287352,0.6427643437821802,0.6334263044931849,0.6231477621806305,0.6267785082865555,0.6307483624469884,0.6267643844650074,0.6201318543627475,0.6262020270023801,0.6421550400781864,0.6433184952220085,0.6533073379565107,0.6523889845632944,0.6580258932901139,0.6654124980147182,0.6617526801709305,0.6572596103719263,0.6591726115528816,0.6655965449629548,0.6762616328484027,0.6778078110703832,0.6787021689498437,0.643925082930058,0.6350744791251425,0.6343515041410326,0.6504946560009998,0.580244904930751,0.6108206078776088,0.49766992529178333,0.16830587977247682,0.1335453656833201,0.4566570738599291,0.6796814278621095,0.16610996947274553,-0.6970434299377112
0.6750534656747518,0.7044430204481362,0.7126935561356672,0.724403391595632,0.7034460168602149,0.6952676788089532,0.6832150727621715,0.7138481211470727,0.697912395652218,0.7083096307245307,0.7124707180226458,0.6987930201623826,0.6780046428770891,0.6746965061044962,0.6734573868037413,0.670997792013352,0.6698143729263055,0.66550586569526,0.6712487568137597,0.6733662546022638,0.6743789217708185,0.6754266637002071,0.6819038125744156,0.6847925343326414,0.6862762501251547,0.6914614455667024,0.7001535130277218,0.6929416151178783,0.6907627306035017,0.6856517491671705,0.6108757450118014,0.6164075333090054,0.6642391927141835,0.6891356548960146,0.6641071204811091,0.6735270045735338,0.5889728419549373,0.4935718165615515,0.11682845577343445,-0.7061677606179486,-0.48638285751106586,0.30821863730812166,0.5886820164878837,-0.24895396122103214,-0.624562777304661,-0.5422671019944266,0.01925307098873637,0.45644987698057893,0.5315614134730539
0.46227796481966765,0.025818674456840746,-0.3368236837608072,-0.05500551813464891,0.6044667532990003,0.5377034510425652,0.4728804885342587,-0.12415510191433075,-0.7503795676327677,-0.6477197003408084,0.6023807025394756,0.7070789046095335,0.6720683700031264,0.6850476783473912,0.7206811726218872,0.644160498057579,0.6684131029988228,0.6530957314498194,0.7043847144120459,0.5976037815008066,0.5274468342026815,0.4283715505298151,0.37370296233871947,0.3572242003307005,0.6394196986046083,0.7120777176797257,0.6827298010108513,0.7005411475447877,0.7190220924799999,0.7256864594829108,0.6451925288739784,0.6250322095446375,0.6452013122815745,0.39189829778457713,-0.10860698746863841,-0.3504411722687753,-0.1992124212064135,0.4889977310099895,0.6608422156665867,-0.6085306373560861,-0.70648862797629,-0.10481385333188031,0.6380224803327168,-0.11443039296692117,-0.5964966052025459,-0.11491082427549229,0.5374063139982909,0.6893660180138096,0.6309851000856347
0.6677598757324094,0.7108324925220696,0.6709930865462936,0.7044039323066372,0.7384111154986478,0.7521681508040267,0.7272293008191494,0.7565695615753626,0.644807867932168,0.12847955347094378,-0.07444235367837214,0.46682378806843805,0.711296991576273,0.2663550148418251,0.08125289504603019,0.3398535076393817,0.6831172955609908,0.5971332660238811,0.6508769129898362,0.6838905894588173,0.7141592885040777,0.684900637819169,0.6217688825357094,0.6480745230579127,0.6747677933858074,0.19115032274953345,-0.6609666237717043,0.29346265578406344,0.730295006678009,0.45304291759538057,-0.5026542002082746,-0.7288407056152331,0.0793769629840951,0.41459183031263147,0.35697556550491966,0.44265289242374906,0.7228539649927475,0.7259591011755888,0.7160309564730251,0.6446005830645029,0.6656435540654212,0.7191633395470347,0.6670610463608677,0.5071451626882507,0.3644807481929409,0.6409162409046352,0.7294993945736199,0.714377795176029,0.6612009664569516
0.7352373780585533,0.7486906173213195,0.7543572006801997,0.7831881432985943,0.7983018839868841,0.8056644942862816,0.8041413074133682,0.7901120298694859,0.7929952265750342,0.7878873249968258,0.7877334934735297,0.7901756116763909,0.7807472582338063,0.779973101233772,0.7810656822578064,0.7722117833116786,0.7693994792238688,0.7675295534011862,0.7633133518962175,0.7601590963817906,0.7601252602845353,0.7612993644446873,0.7578314454587445,0.7496704714341739,0.7355985162207912,0.7280154140959961,0.7102870884866682,0.7587964419558656,0.6847685275151186,0.3659563562491024,0.3514788147587199,0.6852354031808507,0.727356077425388,0.6216833184669853,0.7031432675208354,0.7345695001578858,0.7566370407012949,0.7515709678848662,0.7655882311463135,0.7649279347677084,0.7637535521654131,0.7611422006238941,0.7398112052158516,0.7372882119455588,0.7290042550879297,0.7009142302582213,0.6968975889358636,0.7015113804823145,0.7081171519811447
0.7310651380605134,0.7583399828115112,0.7809296274979288,0.7950488029223022,0.7795006170336883,0.7806741516118461,0.7877439923034347,0.8030093380095666,0.8122066196698533,0.8150851505554723,0.8205549597036582,0.8199934179149444,0.8179629288743802,0.8162050004584166,0.8192360091294486,0.8158265588604224,0.8150418577755207,0.8066211789871731,0.7929533610386476,0.7908688846310156,0.7892915226534288,0.785077786508359,0.7819178132997,0.7808884787564991,0.7816937531730943,0.77714698238066,0.7776502421189211,0.7747178363500876,0.7679589565537092,0.7644465469354048,0.7632280850021123,0.7697673948964987,0.7728583056780376,0.7741382374215867,0.7686466946047751,0.7618106875226135,0.7492334215370587,0.7429506666829384,0.7439901734259273,0.7491960991787874,0.7504207592946592,0.7451094998795948,0.7452959821209977,0.7455124943802777,0.7423130288326247,0.7321884015082322,0.7142594769652139,0.6812496832659045,0.6545338325621674
0.7453776026056458,0.7379195330202711,0.7614435633127943,0.7838580434073272,0.8060157581016859,0.8192984911342905,0.8272868888050288,0.8349776645854629,0.8422184017282438,0.853021785432364,0.873028037774731,0.8727479657580849,0.8618097785396014,0.8596322329822578,0.8571867894688237,0.8533128024862552,0.8531121943040569,0.8514643339598728,0.8374876210130723,0.8238498005191669,0.8100225113971021,0.8158397732075797,0.8050399375795626,0.8005371234289131,0.7970780865670186,0.7943105041324799,0.8040258068449179,0.8024456294799256,0.7965132107787539,0.7874821407418087,0.7756854157974671,0.7745731709851328,0.7716531184415305,0.7557193544716113,0.7507217316717394,0.7465061068587907,0.7401034454959688,0.7415221409632091,0.7424674870623026,0.7392876672065937,0.729514879844475,0.7187950505089059,0.7102405178246087,0.6967721314665087,-2.957514777233656e+38,0,0,0,0
0.7704082194520947,0.8066999822619605,0.8247970501561238,0.845311543394113,0.8972593906850376,0.920525462415129,0.9056373806531296,0.8625636890828412,0.848719419659336,0.8505984422114858,0.8594942621193662,0.8585708316719162,0.8589892059973706,0.8632385268387887,0.8813252186614838,0.8773800689857512,0.8623320395416185,0.8505095096030326,0.8367917604819135,0.8350319580443879,0.8359297858842999,0.8315109059799193,0.8210550650198797,0.7896575935211122,0.7736355855726963,0.7667022228658512,0.7835050705622917,0.7792270250352429,0.7744582469923056,0.7696581143788671,0.7537806299594092,0.7421420197787421,0.73910849567916,0.733426252545494,0.7241049685889636,0.7156994833008277,0.6907082104408285,0.6759876590148239,0.675235163749029,0.19481796856073985,0,0,0,0,0,0,0,0,0
