jsons/1312596000.json
{"header": {"parameterUnit": "m", "parameterNumber": 3, "dx": 0.1, "dy": 0.5, "parameterNumberName": "Northward wave", "la1": 40.97354507446295, "la2": 16.46031188964855, "parameterCategory": 2, "lo2": 133.9931640625001, "nx": 191, "ny": 50, "refTime": "2011-08-05 8:00:00", "lo1": 114.97908020019554}, "data":
[rows 22 to 43 of 50, columns 100 to 149 of 191]
-5.019215044471038,-5.075908411859809,-5.0202537496647,-5.097715896564293,-5.147761070725683,-5.153829386599416,-5.159300515367999,-5.210234125823881,-5.189468693516523,-5.13166656448658,-5.098206614447007,-5.0903467191663765,-4.968369350495041,-4.892223373841777,-4.8211771028812365,-4.600327894287161,-4.574019175619872,-4.508178324336506,-4.3009547689424945,-4.181803258016202,-4.115310631314272,-3.903156448223162,-3.7410496301712657,-3.611708385621488,-3.4154053101841013,-3.2680460011934684,-3.2139325211726155,-3.086555226644369,-2.8979436977947377,-2.793050932403818,-2.6193670707434644,-2.4517097854395793,-2.306219688247986,-2.1439298607646085,-1.940496476136001,-1.8449453948819472,-1.7325411786993954,-1.5741069804051597,-1.4501846995171734,-1.3472666090514729,-1.180689736021914,-1.1341019288650038,-1.0431971421613673,-1.0202040861771535,-1.0284069582595796,-0.982555576251749,-1.007031235354912,-0.9945670675990963,-0.9426683821587919,-0.8582488223043603
-6.426187378761989,-6.582654202869432,-6.544990317436115,-6.611437448145066,-6.671520836302831,-6.64196368275149,-6.664884615435421,-6.6882997976430785,-6.630365918582474,-6.581681864734057,-6.620243619737252,-6.499554790560715,-6.4301569235795375,-6.291194988456184,-6.257848700305306,-6.003376075797387,-5.892934325986589,-5.680825931469357,-5.421222374371145,-5.38122402272517,-5.148225681470749,-4.897086518508336,-4.779596588844448,-4.639032893395654,-4.366919749473391,-4.151316499714407,-3.9582428831722205,-3.8362450018515823,-3.6408786232352237,-3.4330375691229955,-3.3035278700197095,-3.051273597305246,-2.849339827513002,-2.791305400893703,-2.496693739605439,-2.2693459446335624,-2.1993710210769,-1.9488839882866593,-1.7927691546365365,-1.6948259977747975,-1.5078688613689488,-1.4499252427075873,-1.389102292087824,-1.4310775649589085,-1.5607014028053896,-1.5183098673646098,-1.5312936394256618,-1.4418193206791472,-1.4056015688855354,-1.221704313295265
-7.6468714743525785,-7.896503426067704,-7.951455411345946,-8.05897998486871,-8.150504499371133,-8.179592836184678,-8.150115235833853,-8.275412434099923,-8.097475620922593,-8.125445432526744,-7.957504311944989,-7.969075994101248,-7.763213967693755,-7.72857297975224,-7.558524968134554,-7.308662199854968,-6.990637661589952,-6.8693294776727525,-6.631105458552213,-6.348544010114939,-6.128015890887684,-5.772943773114593,-5.622340215274809,-5.462281027198115,-5.240143442882512,-4.9739192174919005,-4.769214698192328,-4.495837222192525,-4.231648209068032,-3.9970071929590816,-3.814959389879314,-3.5622387532813344,-3.3216251273793582,-3.1592381279671775,-2.8633777746041145,-2.6277062422790682,-2.5033375803661397,-2.1665563993625305,-2.054572762933091,-1.8160725667076685,-1.6832526997642987,-1.7914199517325333,-1.7777380695744573,-2.1684488435691343,-2.4324198276093,-2.28589452375664,-2.2351790601713084,-1.9642508384330692,-1.7453368118116714,-1.4007847898931998
-8.895083256940742,-9.412774362659372,-9.513470900796694,-9.757957836619013,-10.003900926672419,-10.146279050407346,-10.09438224684213,-10.34482265107515,-10.145741913765617,-10.195492382983486,-10.166179219139272,-9.996161934931779,-9.757233182073227,-9.534388109550452,-9.333943214505734,-8.883535568026927,-8.476386143675644,-8.226230274928676,-7.803816517662969,-7.565184591926559,-7.245511299936643,-6.77397731218762,-6.6114237417719215,-6.192899239079627,-5.8626437343488975,-5.669174197751417,-5.320666549879746,-5.0554776840571405,-4.749817277930311,-4.486992455407495,-4.298242028822031,-3.9057433107413413,-3.6269015799475177,-3.3973087445247114,-3.0377501827783995,-2.8474604376177832,-2.6096529739536947,-2.2822624769058,-2.0687971730304398,-1.7762255838634264,-1.26646461422176,-1.7197880844179816,-2.5845719274314884,-2.8154560279879943,-1.577879820415614,-0.3452015717777962,-1.8488188323441375,-1.190088792504039,-1.2405372943618898,-0.6774194633229632
-9.201965799491886,-9.792306704968203,-10.029079574694675,-10.262661020310112,-10.704279608808525,-10.88423931141217,-11.006007977664602,-11.292640406289108,-11.27310793474506,-11.363904746679511,-11.47588325091991,-11.421455900023131,-10.945215142409543,-10.835738697566994,-10.463711381095736,-9.873328014832905,-9.468692804615177,-9.158264512714853,-8.45723248532704,-8.144607059127614,-7.543942265307463,-7.135550086607174,-6.761425669689483,-6.3928178684845935,-5.931456853118726,-5.738411216528812,-5.412634926819923,-5.175746799855843,-4.8660598024896835,-4.584862434498984,-4.410075720476958,-4.009696931331059,-3.6596316722073223,-3.4100126457838504,-2.9581636712327937,-2.5517760884850613,-2.217525841374454,-1.6437135408897083,-1.9332558768730352,-2.0816661541192123,-2.812915439554762,-2.4762367853549625,-1.7197076571505598,-1.4067758525606637,-1.238945570017192,-0.9986185032783433,-0.9032894973394981,-0.6621718629872421,-0.5409757074613164,-0.40913002661602976
-7.257689929637994,-7.646096768137451,-8.113652039417875,-8.458746585728587,-8.916124500603253,-9.482090724274595,-9.877466365690166,-10.053473863909074,-10.397880030051965,-10.545796824557739,-10.888632301499833,-10.738617158043793,-10.323983907097515,-10.151786155597769,-10.027134869030734,-9.120349991118545,-8.793612369437467,-8.195719325052263,-7.386426964144137,-6.851422349449067,-6.409930119149842,-5.574523898929652,-5.072174805534609,-4.628623323985093,-4.132739498931557,-4.057926468420233,-3.9279007768210583,-3.826430493901498,-3.9057301998062166,-3.7227677095191094,-3.5725950445415346,-3.479918159199801,-3.292447358492394,-3.13485008049181,-2.650406456846109,-2.3822764104725587,-2.169164519615219,-1.9329517144579456,-1.7476676746551745,-1.6062195454316262,-1.3134178351277357,-1.175632612037566,-1.0174568370794512,-0.7612947664410058,-0.6410441486542671,-0.5339101506625028,-0.44722590011686236,-0.2471160922330588,-0.14479208273833377,-0.05170141510753654
-3.9673607286019403,-3.804386321947623,-4.237030169087108,-4.2831536943781865,-4.454922141748578,-5.130694580414994,-5.8131330667892,-5.709627327151984,-6.521472668071666,-6.983956775694639,-7.161145209374037,-7.37941797712278,-7.3998833627541645,-7.292213631098269,-7.2713260169904546,-6.59214746191925,-6.415399241657682,-6.065304535555283,-5.207654083255746,-4.629434948134353,-4.173164376078975,-2.969020373293991,-2.438383783077858,-1.9364262115075423,-1.125614735100239,-0.755738705382741,-0.37479824292580666,-0.06201314159343592,0.3043955742722414,0.12981465517579188,-0.4440022319324541,-2.398917995555633,-3.385516549971594,-3.6969394142490573,-2.0361786270831503,-1.5786734875659763,-1.2818755526324408,-0.7663471877935475,-0.5705059414568026,-0.4451102864209264,-0.26668088427844483,-0.1887841805388387,-0.09562598405163807,-0.0453888338738852,0.05399702392388803,0.11612638536163904,0.15332462392818952,0.3630293133495555,0.3840290022275616,0.4729587512903963
1.3061949339785819,1.6217553664606297,2.3912981080496634,2.693715592348124,2.8432591967886136,3.49842129686359,3.7691317890591733,3.749928543196532,4.5228409377251015,4.371830626058167,4.362985974805411,2.8017952948032514,-5.103251114231916,1.2136022279934724,2.420134457475751,3.14319681548323,2.8985622909041324,1.5730550627512565,0.7786487249094391,0.5808406437407637,0.6582290808573761,0.25422395204999476,0.48513353117797925,0.7017298014762691,1.2644319765016787,1.77537722851899,2.322615006195832,2.1344938375903646,-6.246777982356545,-3.364735147833072,-2.20380431986019,-0.20883679268584987,0.19913054674823347,0.4279951657615177,0.6870542297418808,0.6980706758963336,0.9288307824587817,0.9387313934730326,0.9588666774118368,0.966355400187076,1.0443063705052233,1.0709100882400102,1.0543237119019642,1.1236587869886894,1.2098874716514683,1.1581260106053441,1.159634296817634,1.1697856812002834,1.1881564813050254,1.2587539646452555
4.073754008553715,4.3738831281719746,5.064104560920504,5.562336901648392,5.806239118668139,6.42317522809131,6.639469074911457,6.89459007498113,7.497652290624823,7.586307103072931,7.62932479869033,5.821100826685203,-7.867118713904254,7.705843646852253,6.505614962784797,7.10958458421198,6.912666476656322,6.538093031490911,5.803886809637839,5.526903149967065,5.31309197319435,4.580506991093674,4.302906507867409,3.9521163037600298,3.381208476979488,3.108380288901437,3.1119280076409965,2.9935799981311018,2.842485027779154,2.784920769996629,2.7774050031845468,2.6562664766830686,2.629422031826637,2.6389252322652674,2.599185296528985,2.5082399322825895,2.359553975435597,2.3902866948686827,2.264610988162225,2.1907922879426627,2.1594728166800246,2.158757811965061,2.089131640706482,2.006556578535378,1.9561422266227673,1.916212842719399,1.9220319082413817,1.8601828829002554,1.883413240993478,1.8759583807703062
4.938423149317034,5.1817351130641915,5.850855410847307,6.276206455045309,6.45648022300532,7.177160437067903,7.3413809478610235,7.547080797106905,7.933049796342727,7.930144431655639,8.03344951943706,7.720131369492304,6.756308215672784,-6.900785274472559,7.127243188058921,7.940172860189617,7.877780298584239,7.794720202742926,7.581196004116838,7.411018095100183,7.236490824735763,6.946123546435802,6.7577191044675065,6.530093246138821,6.262356656923417,6.002064800233976,5.7836351217203354,5.584445161834759,5.253380482838265,5.033080584765105,4.838372815696521,4.535637291963163,4.361541014887997,4.107215950348731,4.041643783586372,3.818491733270914,3.718617591400795,3.5320864615031637,3.442697675206824,3.332359356147154,3.156163043913772,3.1387504552314343,2.9746674802649085,2.87152500905486,2.8755508605676954,2.727621371421603,2.704266850726285,2.6950807963302097,2.580869682686361,2.5228194335910334
4.569900714614424,4.938857895656224,5.67239667505815,5.089887350498254,3.9901152265934,5.574927671287432,6.015503962910541,6.476596275554179,6.939009835101113,7.068626049105511,7.22595557921158,7.278684513190481,7.071820250449909,5.749185929919708,-3.0481530736876916,5.480898319199288,7.148680508926941,7.370970781253212,7.2262366467121435,7.169339136296533,7.069801916387569,6.931381980520699,6.874903859452343,6.760820734065431,6.595116965356493,6.451750082483358,6.3192836732738735,6.1638705576230475,5.903560869889832,5.73126351211593,5.545653280325382,5.317736075334245,5.079232447488108,4.984339866571211,4.816566305286249,4.590880500458773,4.431377554752403,4.320390195446458,4.157978316385471,4.019537430765133,3.8766354911832224,3.715945869697632,3.6629677422805766,3.5760937512055797,3.4791777096992687,3.422148328314604,3.3921074593579768,3.2845963029038048,3.2299435283778672,3.2249476592500974
4.2226734393477185,4.452439889081364,5.117729227282463,5.340843100877552,5.436456279117581,5.55335610457788,5.67036372128671,5.823314805346965,6.139535209204901,6.187799681972221,6.280876563747914,6.341285556342611,6.473490047966481,6.30062524324646,5.770755782519035,0.9313088186838016,-0.16292699527138918,2.578947735107168,5.773250313758398,6.3959643949954454,6.419561695462316,6.3168339949712,6.252432175211643,6.189237215901308,6.070485777677158,6.020047322283164,5.891296482891281,5.791293266255001,5.6621795132384305,5.466969581624118,5.408354700516432,5.208354672097666,5.102221067081268,4.998535780396713,4.819734785784667,4.730199520064006,4.594519333604024,4.4787040473288515,4.4059618550380675,4.245099529207852,4.171950278754737,4.092525270072481,3.9487733371470917,3.890601518790539,3.846814734811298,3.746449192291776,3.7202589026434216,3.669119669437314,3.592603977377819,3.5492211423325366
3.714758568652697,3.966690164715565,4.236425154040211,4.372460740074239,4.563697392431037,4.808142617911731,5.010905909620799,5.0761956777909445,5.337362526554766,5.460399348053417,5.519808028760617,5.621228019484718,5.739249153763826,5.785597888837027,5.826143824330973,5.869297872753947,5.898961954012516,5.739062516128631,3.2918321386064364,-1.4317320693256026,-5.673714667066802,3.048344217999689,4.2908763459611805,4.971501000295485,5.540476403978691,5.6241441424525505,5.533320516115978,5.437551016167413,5.393118671904662,5.2570261975277015,5.186665614423175,5.13008380330963,5.0219682171634945,4.970268414045525,4.88005029499073,4.758050101723462,4.695946326370691,4.65092960567096,4.568957750103909,4.424857910170118,4.3765276267507325,4.295698258001203,4.155913748170626,4.135825867660892,4.093209881790714,4.016092278417606,3.9785950756141246,3.92185865351312,3.8309822670314118,3.7871189188605
3.1709369943579553,3.331900039765451,3.554370193576458,3.6804649656430555,3.8425125741379005,4.057512558814233,4.146955867447664,4.26145181746588,4.4689274271928054,4.540459660685324,4.667627874570475,4.706601635202254,4.866241121696492,4.954492462792809,4.975442974714573,5.096254505099836,5.149660878850948,5.161460258346259,5.163344843991769,5.15803193932958,5.1809260412118645,4.678954302925374,5.131662783911315,3.239578030392136,4.077320755880979,0.9423255174472183,-3.935601243220988,2.0948758233212383,4.64679983349803,4.733730265122681,4.758150386137797,4.845277191561328,4.792693982727128,4.728817116349645,4.6516046848498,4.595247363042403,4.555159015753885,4.482966997002554,4.442250939080059,4.369441563753032,4.302641303247247,4.246588615866162,4.197188567745097,4.155481480707459,4.090211876102679,4.035714818251071,4.004009367076181,3.9658647234730187,3.882063725674388,3.875264306317416
2.5415422027848926,2.682035412402717,2.847333346812208,2.9928227606221767,3.102771800450923,3.3206639061034524,3.4359297425948077,3.5804331990266545,3.6957851675863895,3.7978649927741976,3.923847641698776,3.957488184464855,4.143857276182439,4.1939023486823865,4.268726656032551,4.416260899890419,4.423524468556802,4.462552046113886,4.533108697923102,4.59331803192132,4.578176905140851,4.640648843127255,4.687979416994182,4.675049826854001,4.37315013773371,4.328063490875268,4.441309295514993,1.3688145286843556,-0.657147690984329,0.6535073424644644,2.522602179950831,1.649490188496425,3.159880694763616,4.37175295359085,-3.5711356930352625,-4.404049963736106,-2.2542716410145536,3.0557598602792133,2.279806242083141,3.3024261234809678,3.3356046741400234,3.614663722824764,3.9273731389468174,4.026041269248764,4.040681971106926,4.0264320259121416,3.9999240658034894,3.970119499913522,3.821311634813093,3.8837890465108114
2.0329131595703616,2.153536750787986,2.337186536756136,2.4525293307743743,2.5515812561296993,2.77694481568274,2.8285215687755656,2.93959375738288,3.040228569284391,3.163123125035757,3.2559219645429076,3.3330772325957163,3.4801621294801537,3.5421496912302266,3.638535397017587,3.711129705501197,3.8081363890598796,3.8271296533971415,3.9047015543122057,4.000523782518293,4.041802503446688,4.138736582416771,4.1772142648694865,4.1670760327324885,4.172008036291601,4.183772225461517,4.194158554109077,4.199620926471061,4.216788914750456,4.18511249845097,4.1703369661282075,4.146419384061369,4.13536496798287,4.13057496182524,4.114480102383618,3.9723109205844955,3.7286432427306844,3.3434724940969613,3.0509274813234573,3.336519039640867,3.295074446091259,-0.7017872930785809,-2.9645712105780375,-3.666328539102415,-1.7087949175781325,0.8663763514508427,-0.4493666623946717,-3.0986566333672303,-1.5945337845911924,1.1833471986285156
1.6951209309237514,1.7892305634399683,1.9827436976402715,2.0524300329148133,2.136320206224746,2.240877500526573,2.3645986474847573,2.4589476189851087,2.649712803833796,2.6915873791287934,2.7693860393517555,2.8776705192614367,2.9491209101078657,3.0202067702251423,3.094067417675693,3.194270122957518,3.2718944377633616,3.2949904543581576,3.3646329186615445,3.4269099954886006,3.517500872672877,3.6128387840793286,3.6561972942996688,3.6423887020871244,3.7258053383447245,3.759656470839795,3.713013278143859,3.7126148846188984,3.7843524408038114,3.793643161287577,3.7779528023463667,3.7964553490842046,3.7682932186764924,3.7718842566145434,3.782014786002859,3.762340486462273,3.762232844521849,3.7539187310983713,3.7398871820716653,3.709845821875169,3.707269213869748,3.70302383042834,3.662649681520325,3.5503702953177734,3.602721584530732,3.599673635861215,3.471240635079226,3.1880710017090435,3.141361441833678,3.1352711143800756
1.3379085604238707,1.4119150989246845,1.582061594251633,1.656239071354024,1.7250751551912464,1.8626858493616476,1.902556249470327,2.029631164523921,2.1995728404310584,2.293275238457618,2.3310444583505254,2.3872899733719897,2.508238975687927,2.592430640330406,2.6458373981543164,2.7273938737323116,2.7764188962297895,2.827008507423408,2.9589617117590397,2.998749804129591,3.0287261751776637,3.149063195712162,3.1552502200790604,3.186505921004277,3.2853440124089106,3.329084198013209,3.308078020451966,3.3244281795990216,3.3852702211690113,3.401054343086253,3.41175667045684,3.418410774782762,3.4103720654473166,3.426719952129478,3.444382947784246,3.422494556448332,3.4315667983694422,3.4512556661969818,3.457138350104881,3.406524120738295,3.4027722670887486,3.419235342739136,3.417930995307131,3.4212923842186775,3.403112198988043,3.3755559937729642,3.379776238353272,3.35422732505404,3.305309630661155,3.261902692953471
0.9764718752511699,1.110981721218751,1.2651101948128822,1.3217507774878219,1.345536234462969,1.5178794590196591,1.5989724736146027,1.6976703209136674,1.7716648851985182,1.8529317555293299,1.9651832618741103,2.014226008713099,2.089466437362437,2.192658686658208,2.271389093023909,2.361116870680627,2.413082852763387,2.4648679162344633,2.5257184049250654,2.5593445594554796,2.63799594536403,2.709732582999824,2.7385291899421254,2.7641335370859874,2.8902355303384466,2.900288938509248,2.9075463552153815,2.9496890434433936,3.041591270253719,3.0463272303467077,3.0532173580300612,3.10474859359324,3.09648635942067,3.086988651649323,3.0935709567778527,3.120883843273264,3.127645699818018,3.1489413622440354,3.1403788455558446,3.104820000821482,3.1543214863658986,3.160676778859725,3.1514818684341757,3.12099448985795,3.121329232673441,3.101159946149605,3.1004399241404283,3.079806469541608,3.0201822054037737,2.959581697224095
0.7996068423524534,0.8163433488185872,0.958937374165788,1.0351243293187915,1.083686641229601,1.1952466221887312,1.2689530223697123,1.3281787338715683,1.437671574565669,1.5171589852046665,1.525768122507701,1.5769414954166092,1.740248711701796,1.7757347345375085,1.8117922298551834,1.9483069707988914,2.015194595992179,2.0423457520117148,2.1409999626869363,2.222814972341196,2.2678341643287103,2.308057739437903,2.3935732396232505,2.440759397101246,2.4693843049553195,2.5151873784757295,2.570983024474851,2.604700083007808,2.647058052455548,2.664116154551927,2.7146387975553754,2.760100677046843,2.759777091419002,2.745324750888787,2.789728555171792,2.7677860179103675,2.7674498440884285,2.7710726977496996,2.7466870285026292,2.7143256684975494,2.7267962232264362,2.7392202042440346,2.7320965191269204,2.722367414984708,2.6830935392145334,2.600830581731848,2.5168012978514094,2.539226202732307,0,0
0.5915022727195445,0.6613557345323147,0.7461210038726845,0.7953190799474172,0.8728756097206892,0.9516261974906084,1.000583113757201,1.0838350586500987,1.1368612037463361,1.1822680105469157,1.2676526573317055,1.3178051162204827,1.390374745727537,1.4430813951676114,1.5164756045090928,1.5768373951450256,1.6361540167327127,1.7251060013073058,1.7830605779879718,1.819101807436692,1.8776675944312777,1.952022962487551,2.002669852882323,2.0366539285103915,2.139938096205681,2.170243086178221,2.1792239862965914,2.231041057311267,2.2667325836226766,2.2596874327902565,2.292750640761568,2.358311961600893,2.3545844756807504,2.372072365577772,2.410404550576313,2.444998505329736,2.476508946326243,2.4523476119450573,2.415989722089712,2.361608627216275,2.359442935357772,2.339662300709849,-2.5235107589343355e+38,0,0,0,0,0,0,0
0.4227826312411329,0.47888463607047715,0.589596470432128,0.6314816950607606,0.6614992961630415,0.762133527048397,0.7863744009367466,0.8147736500260475,0.9072642920505571,0.9396271994568315,1.0039109763442742,1.0551532765973608,1.1615847473354863,1.1705558797091582,1.2217248289889213,1.2875633279617698,1.3481079891709897,1.3878857102992688,1.492474252555854,1.5343320105117206,1.5539821722967793,1.630646241572341,1.647054870986043,1.6706560921995097,1.7663211548671969,1.794999697380171,1.8229836105985564,1.8437651405482995,1.9061111283559866,1.9043040576335626,1.907311617939305,1.9272256608775926,1.9437402641778656,1.9506542089019663,1.926808083074459,1.8782428268503837,1.8770771600205207,0.7352331755463642,0,0,0,0,0,0,0,0,0,0,0,0
