jsons/1312599600.json
{"header": {"parameterUnit": "m", "parameterNumber": 2, "dx": 0.1, "dy": 0.5, "parameterNumberName": "Eastward wave", "la1": 40.97354507446295, "la2": 16.46031188964855, "parameterCategory": 2, "lo2": 133.9931640625001, "nx": 191, "ny": 50, "refTime": "2011-08-05 8:00:00", "lo1": 114.97908020019554}, "data":
[rows 0 to 21 of 50, columns 50 to 99 of 191]
0,0,0,0,0,0,0,0,0,0,0,0,0,0,0,0,0,0,0,0,0,0,0,0,0,0,0,0,0,0,0,0,0,0,0,0,0,0,0,0,0,0,0,0,0,0,0,0,0,0
0,0,0,0,0,0,0,0.009459037063911659,0.008515489437031835,0.00625748785357501,0.005662332256956497,0.004589504363891763,0.003818527574306231,0.003453500815884854,0.0031976511248265095,0.002971485437204452,0.002329242564843794,0.0021775784352348294,0.0018276086975618068,0.0012696117771853275,0.000907246442866706,0.0007341077074568772,0.0003175133202729272,0,0,0,0,0,0,0,0,0,0,0,0,0,0,0,0,0,0,0,0,0,0,0,0,0,0,0
0.029630822880793158,0.027903509417352233,0.02568880518357492,0.02041126083538603,0.019873845500128426,0.01824480790831674,0.013872401992070833,0.013310987514120997,0.012090604487974622,0.0086003182294834,0.007248257099790059,0.005674359517586918,0.0043016877182018845,0.003744100738070031,0.003288479806787533,0.002783688418718873,0.001186612177184958,-0.00015168650870717754,-0.0008336398102030182,0,0,0,0,0,0,0,0,0,0,0,0,0,0,0,0,0,0,0,0,0,0,0,0,0,0,0,0,0,0,0
0.03384562468487742,0.03560174381667367,0.03547254601486184,0.032666879012128815,0.032376787982717196,0.030701031067890076,0.02365518235719659,0.020937571180723032,0.020153057899267284,0.013745436608206535,0.011135065393745307,0.007958676288028741,0.004244770750237752,0.0037806878928652475,0.001599213532368835,0.0008950334640489067,0.0005002226898158577,0,0,0,0,0,0,0,0,-3.1435217906130134e+38,0.14511304705628408,0.14698622155498225,0.14555385301725213,0.14441294025522344,0.14426598004810978,0.1363803127044027,0.13617433047368296,0.13498072170496914,0.13116963351987226,0.12766338108081368,0.12472619726422643,0.12479089907599601,0.11800251238328238,0.11530801354255477,0.10939670368719343,0.10033072381355465,0.09206040512652974,0.08863638287543216,0.07808626176472276,0.07014351079371238,0.06533961276270256,0.05248709657998019,0.05013098303799266,0.04278278781904624
0.024984427029578045,0.027895808600269925,0.029111697807266995,0.03128556170804215,0.03514553177831373,0.03679154238572191,0.03952650785563939,0.043004883086508496,0.048144472991511526,0.038256514515843075,0.03232248099732456,0.03166178612488374,0.01473863098705639,-0.0034383702737938644,-0.0035053467649407187,-0.0118020169119962,0.011744473363355197,0.08001900916013177,0.10457438439446554,-0.15574275902515852,0.14740994447511066,0.15436797160598548,0.16280042748238266,0.17053576838567036,0.174218163290896,0.1797916446963135,0.182801352182823,0.1854103537258142,0.18524925689147892,0.18693626755595547,0.18618195215371028,0.18203334158381884,0.1773453945168983,0.174619755351515,0.17332775796072586,0.16317260846912396,0.16154424742360265,0.1537310790115831,0.1463985018519878,0.14003264498149226,0.13831787475487375,0.12856530124052215,0.12132879134773704,0.116318662303955,0.10165017501103055,0.09705636993906233,0.08673851915146415,0.06498236355542687,0.056321835761892584,0.04521147142328693
0.009719953505652352,0.010462648628589524,0.011983678937737562,0.012136570877443634,0.014253651416611075,0.015066051748743465,0.01793517379082469,0.020152890799059672,0.02289087962088477,0.02589300473466141,0.02873234137308234,0.0331046641602711,0.03874386409347824,0.04381639869571323,0.05066887582474762,0.05817788691079187,0.06621509689521898,0.08194683192727764,0.09314458443669998,0.11173674297898499,0.1279807734246026,0.13926535112303448,0.15485107644072763,0.16435488401947057,0.17843295620803643,0.19197559108418585,0.19846683097437473,0.20553994938713752,0.2132699168682852,0.21659416372733148,0.22117317538072329,0.22037061359295063,0.2180647605752051,0.21740668154708945,0.2163054004738391,0.20610334683147127,0.20180825469046434,0.1951512098967086,0.18523525929198711,0.1800014061178453,0.17192024334095787,0.16033297791705395,0.15304419831056998,0.15072167990784738,0.13608722500127848,0.12729422587618922,0.11643997345190367,0.08408738673166992,0.06983791465625504,0.044153643869223866
-0.005311414314479332,-0.005313659786641577,-0.005575000274127381,-0.00656082229365049,-0.005993604000654514,-0.005031967951883117,-0.006552192631189723,-0.005237711644355022,-0.004499614277747731,-0.003932135145742053,-0.004160370020761078,-0.0035892283138704594,-0.0021979334913636906,0.0006426698799702336,0.0024427658840490635,0.005846388687321121,0.011676362272925263,0.022215081316704858,0.028167958288954218,0.042515034928452426,0.06284507138812588,0.08047441385480111,0.10081362507300859,0.1285881130718761,0.1511505135439463,0.18223722198820042,0.19368211122018827,0.20726499098940376,0.22511799586896858,0.23005954607583307,0.2392059073242173,0.25012988728576313,0.25075975324336774,0.25494744758577215,0.2508232779246368,0.24464497309058053,0.24024820731212437,0.23849893508256845,0.22174108729640404,0.21812118916795348,0.2107689011660209,0.1994040280249473,0.19132708214228533,0.18504725222334997,0.1703370747713431,0.1664827110637464,0.16004384628247378,0.14015685405781242,0.13194365501223385,0.11997265964167719
-0.006615004667246728,2.9159658191450083e+38,0,0,0,0,0,0,0,0,0,0,0,0,0,0,-0.032205864093248396,-0.04250915792250724,-0.036806158998595254,2.8796194097095325e+38,0,0,0,-0.036114908092750385,-0.03311016995772242,0.049422320037765345,0.1680852525124436,0.20428061200654568,0.23075678533074537,0.23853228569818136,0.2523543617866298,0.2710529594199095,0.2772607632062052,0.28520153094236356,0.2896384079639503,0.29251449004933716,0.2907560651254106,0.289144346494449,0.280995609514943,0.26881680936571273,0.2650472943693768,0.25136572210543057,0.24609482521122952,0.23634034842410442,0.22484594101803612,0.2198359846762447,0.21409302547512948,0.20424201038432538,0.1985524059558134,0.19138180899477766
0,0,0,0,0,0,0,0,0,0,0,0,0,0,0,0,0,0,0,0,0,-2.8510043109336517e+38,-2.9395536838864897e+38,0,0,0,0.22941796384562238,0.2381639393076163,0.2449574420271487,0.25363737006009035,0.26493258829825,0.28800418064646155,0.3035219785058362,0.310628002903024,0.31813123989533987,0.324290908376481,0.32752992821688787,0.33132224909208696,0.3276686796754859,0.3260882893329565,0.31825188873900767,0.3035413548819978,0.29578678695640115,0.2884589640270297,0.2661734450846411,0.25581662614136147,0.2511503249196503,0.23522911120524775,0.22801701283174297,0.2193033621493403
0,0,0,0,0,0,0,0,-0.2251774817097212,0.18432263103733776,0.1877224803783853,0.19925819479921916,0.21837561987520315,0.22220749098521972,0.23119628810773898,0.2321493714443133,0.23902583690368454,0.24029442914912735,0.24545155714305883,0.2477743298723562,0.24922731166168624,0.24720218183467638,0.2488048022459145,0.25092524801108335,0.2550614296489519,0.26320362982541323,0.2657744104556294,0.26896955445252685,0.2806452548303628,0.2902317279957654,0.2978928206304109,0.3141399145329628,0.32073684995821605,0.33111214182580156,0.33883659818182194,0.35114111720149804,0.3623955404065343,0.3650264531556125,0.37250595050928653,0.3768606536232982,0.37708584331181777,0.3738697673439035,0.3664248731308414,0.36291482752419446,0.348935797634311,0.33470562705012874,0.32061566165995786,0.3022741091249279,0.2882129119698473,0.2732487838073905
0,0,0.15541269725326426,0.16465096882243568,0.1718741634472986,0.17636426621332993,0.1898902612975553,0.19534432134400626,0.20021642688079622,0.205991353538368,0.2133340346039689,0.21947627830340571,0.22526143484483557,0.22843269652051498,0.23476085974519603,0.23934821161346465,0.24565213172601072,0.25014317141443476,0.25330481017462736,0.2572169989343107,0.26037771111353386,0.2629826784389921,0.26779913477911305,0.27255362881729833,0.2771384019278106,0.27970589280527836,0.28248223880772655,0.28104748404688157,0.2901610395267249,0.29435322504562517,0.30044160331642566,0.31305590998682936,0.31782441967962866,0.32979412352265275,0.33700891888369483,0.3507789569400231,0.3669263684954857,0.37466035319426927,0.39573736141500127,0.4026876049796187,0.41012962612407905,0.4153681544607016,0.417487514735985,0.42124371144375766,0.4173161736311405,0.41371642195380065,0.4077495075260369,0.3840666107914865,0.37040680373222157,0.3509181517731132
0.11517564586321817,0.12056400434575965,0.12998176974085984,0.13524169390653623,0.1466068113884407,0.14918073452453623,0.15526008928568563,0.15773699141665548,0.16218605908466807,0.16944351330008475,0.1722320352353753,0.17979392848516695,0.19359135465897997,0.20151750797519766,0.20673602570191965,0.21447720075264676,0.22549562018674166,0.23560785175153143,0.24194265973130602,0.251241090282261,0.2565060539738857,0.2626541337601436,0.2661919298976398,0.2697732766285749,0.27677875845954514,0.2820789349891243,0.28574565226156207,0.28907938507294445,0.2941148126017927,0.29566989450742864,0.30524071099272315,0.3126323801642554,0.31652264745576175,0.32798158655524107,0.33605116570450677,0.3494089239942867,0.36975315667043424,0.38156733038507457,0.3979882913000515,0.41749776620761203,0.43083792862107045,0.4520334560633743,0.45895794865158956,0.46919137814035294,0.4793771670038036,0.48277833154861083,0.49042961531986756,0.49172779898267394,0.48694073303589364,0.4813517075824701
0.04574175214932467,0.049490315191195684,0.053506825371827854,0.06421880535458158,0.07318364540670921,0.07934184997724646,0.08342246582899861,0.08723557297292592,0.10136191515256585,0.10927011322578373,0.11428009244591285,0.12060176860143276,0.12584218858735463,0.12890701251583037,0.1503429460736427,0.15364435665395274,0.17023560397160692,0.18914079769467035,0.20669382518936733,0.22025229152816908,0.2291869044068253,0.2372985473307653,0.24894540576314977,0.2515440677566298,0.2774384378302268,0.28188208903673573,0.28632970661646023,0.2905710504406256,0.2960869874057393,0.30196551345131606,0.31292354126752525,0.3174712957270432,0.32285534994557075,0.32364164122492395,0.34535118295724754,0.3543725637440838,0.3739177558319072,0.3917777811933928,0.4123303565275887,0.42901607634968375,0.44807570555767834,0.48298971760839854,0.49912152349039646,0.5433468157287179,0.5730031341758607,0.5835334154447464,0.6074833348521659,0.6162195584462283,0.6225822031074765,0.6319039111402719
-0.12614536063985615,-0.10224512728656118,-0.07656155605229233,-0.05829020380088301,-0.038789555310388954,-0.03458318578845045,-0.02373284133641957,-0.02710942316956048,-0.01348155236769638,-0.004488415606394243,0.0016920016948510845,0.021421698920933766,0.03149916930533328,0.03980681182842932,0.060906713519058964,0.07380322801189379,0.08353607627489427,0.10354659883728236,0.1250744058253782,0.13929586673664654,0.16201577427971367,0.17744896838767485,0.1898206267108115,0.20085513801582272,0.22262051633155291,0.2393546321129899,0.2551766982753675,0.27152909273266124,0.2925739903450476,0.30531217050027154,0.3295259031785017,0.34745035338435687,0.35042032467885686,0.36569247042389896,0.3769002932431533,0.3929011314688529,0.40954669842402913,0.42043862822295874,0.4451375875105968,0.4646694335160489,0.4820720884504296,0.5129307021229245,0.5283530868845178,0.5646952761032984,0.5970285268012481,0.615699549027902,0.6505990239354099,0.68496313068812,0.6936679027911584,0.7134517205210855
0,0,0,0,0,-0.13126462364261446,-0.13077975968258287,-0.12363836500360151,-0.10441531210004264,-0.10609018952398643,-0.10168739304892395,-0.07897800361778758,-0.07102741505595686,-0.06285768062480254,-0.03934673548198998,-0.021845828807421516,-0.011688663524445387,0.027114815658250344,0.048625741834882885,0.07516374821275032,0.11437672908741561,0.11894788860265391,0.13431673031784283,0.15103911191696667,0.18488142882338646,0.20249558007805182,0.2263829452179562,0.25041989600084147,0.27468177084252327,0.28916713787366605,0.31619819593559345,0.3356882677199502,0.34818365347549307,0.3658560867460419,0.3802539925006311,0.3947793186207825,0.4219786901569501,0.4329860760217855,0.45614067945943915,0.47662695820519624,0.4905657359264931,0.5136266367913324,0.5318094720608411,0.5792523809073068,0.611723053263739,0.6355346968479558,0.6796026750875039,0.7195594221295896,0.7441520208847742,0.7837292657997156
0,0,0,0,0,0,0,-0.20089012665535022,-0.21042080783375036,-0.22034928731853218,-0.21558074548349515,-0.18945233749426252,-0.1870597143640682,-0.17852477343165638,-0.13829686757708795,-0.12627886576874314,-0.12444793852638272,-0.09278710032478607,-0.07945534405003497,-0.06834543333363739,-0.03412801696636673,-0.003537308112708579,0.013303507242488067,0.034130515136269586,0.08381325696008156,0.1038158801714916,0.12369851756575215,0.14976267360759157,0.17392686436954743,0.19664792772524795,0.22581162743317681,0.2565781280794928,0.2768229205167357,0.31654952016257654,0.3419908804689492,0.36043811790361896,0.3942765338243585,0.4091343273041782,0.42756760584360376,0.46504107753288765,0.4848270556441248,0.5006713565861173,0.5242736735025708,0.5570673845053861,0.5830730950671666,0.6102915546004107,0.658098358224092,0.6946381261284462,0.7233612084027996,0.7848026487491826
0,0,0,0,0,0,0,0,0,0,0,-0.2219722116109694,-0.20619862489399862,-0.2366196520453598,-0.22275731305782145,-0.22408333078586007,-0.22766117232660255,-0.18400363989197793,-0.17635716789234218,-0.17469716970672766,-0.14445414166747336,-0.12317002296556245,-0.10144297602667178,-0.08039504628219335,-0.030220789415018944,-0.0005306430486900261,0.032186082708267595,0.08748084997448029,0.1119562108541853,0.11946832797756629,0.14679670524828325,0.19496165812887134,0.21962655607937326,0.26916792491344566,0.2740687528112848,0.3078386102477337,0.3519044897039416,0.3746118159324684,0.4227222702252147,0.5126944125368605,0.571537290940161,0.6261205051082831,0.6799897105868725,0.709000530755647,0.7722028965048157,0.787654692550434,0.8364137296851925,0.8812459888705885,0.9247712183679166,0.990464419858304
0,0,0,0,0,0,0,0,0,0,0,0,0,-0.20525235830916871,-0.2064580480439339,-0.3178401559459998,-0.3352039467032102,-0.278308604057767,-0.26013384159028174,-0.24683247343415723,-0.21507200107460173,-0.2047744413354125,-0.19788923143852485,-0.18309816416601887,-0.14178459310848338,-0.11105150462274237,-0.07910099316911888,-0.017893684867070735,0.03471905867840436,0.07699820710413945,0.18807724351079286,0.23563622717615942,0.29100713546701107,0.3746173577354883,0.4201740715166398,0.45433104475405633,0.5242292892775158,0.5661131570418734,0.6122554578394739,0.6479116093945323,0.6834379256331855,0.7550489007903691,0.7831502045593889,0.8729739652057872,0.9259918605674057,0.9648878755043524,0.956227574964169,0.9608316514959603,0.9588943787455751,1.0066632019048654
0,0,0,0,-0.25371845546118316,0,0,0,-0.2303101161976656,0,0,0,0,0,0,0,0,0,0,-0.30974953566943925,-0.32141782113207923,-0.22843186309637808,-0.1853699472301584,-0.10749138778208986,-0.01381579419905517,0.06955929521027399,0.0978699119882231,0.1556749743063313,0.21712206293400196,0.2768106994320737,0.33043522577971257,0.37139296045056513,0.35932404268112833,0.3333636365056231,0.3577909165886118,0.4246496005716157,0.5274814943195009,0.5975153434243656,0.6884777361315111,0.8462085967461681,0.894420695313797,0.9596298667685824,1.0067562495638092,1.099163357702986,1.1675573178028018,1.1687511410973643,1.2143097271819427,1.293323951964473,1.370881912257501,1.4570475701488934
0,0,0,0,0,0,0,0,0,0,0,0,0,0,0,2.997551705070193e+38,-0.17963222343029583,-0.2291705102331634,0.06182892413349704,-0.0971976817398436,-0.2402321697881522,-0.3202821576073546,-0.44524942418757907,-0.4096220822297967,-0.15605132303259558,-0.0362741452428734,0.07324456681545019,0.2684581490362971,0.37454402766257977,0.46525499679206533,0.6525888269087706,0.7009773153227442,0.7107270383564303,0.7019997396896741,0.6780705563604175,0.6999064104610584,0.7909757640634347,0.8167853925908912,0.860488657371615,1.0417186501340252,1.1289279871470326,1.2649377007250464,1.3612467073934074,1.484858326917726,1.5692468880340535,1.637861425477482,1.6949381210808994,1.750809294377223,1.777516017015096,1.8079290871656124
0,0,0,0,0,0,0,0,0,0,0,0,0,0,0,0,0,0,0,0,-0.3197620703459364,-0.4125432550362035,-0.5529822517212458,-0.5723455916383233,-0.457200310700073,-0.4359196203240969,-0.316061451305386,0.3357394134370003,0.31611425330424936,0.4137655066312459,0.7437175787304203,0.7960308824713577,0.8659118485241566,0.9545584638904209,1.031462438589096,1.1498850989473213,1.2075795871464814,1.1693739052852115,1.1869315824632949,1.2649054296354503,1.292909674363899,1.3113030455554244,1.3613408480666007,1.4420836845350051,1.4926857523146455,1.5359341028177103,1.6294141129855289,1.7458043240217307,1.857471708213217,1.9333539505524204
0,0,0,0,0,0,0,0,0,0,-0.4435647051359685,-0.5130583569244304,-0.5517868935761041,-0.5768621583833184,-0.5979298160973655,-0.6219145993191678,-0.6530778781502177,-0.6790881723894341,-0.694050740737175,-0.7413545523123649,-0.6656183799440798,-0.6854752239554146,-0.8289733690658262,-0.6732108088318647,-0.16279441896209187,0.0949428232285987,-0.00884681624286212,-0.15671246609675676,0.03868237091547759,0.19433955509415723,0.3278646654919835,0.546472933079334,0.749605148580712,0.8605149887151116,0.9882193975881012,1.0562314194567533,1.1597284470832747,1.1561296608439615,1.174574718027133,1.2834819643358235,1.3784796488957032,1.472466281118258,1.5018959741532634,1.565393300639007,1.5833613416297723,1.5990517232156665,1.655847975802139,1.7575717835051294,1.7992115923751983,1.8478112233829538
