jsons/1312916400.json
{"header": {"parameterUnit": "m", "parameterNumber": 2, "dx": 0.1, "dy": 0.5, "parameterNumberName": "Eastward wave", "la1": 40.97354507446295, "la2": 16.46031188964855, "parameterCategory": 2, "lo2": 133.9931640625001, "nx": 191, "ny": 50, "refTime": "2011-08-05 8:00:00", "lo1": 114.97908020019554}, "data":
[rows 0 to 21 of 50, columns 98 to 146 of 191]
0,0,0,0,0,0,0,0,0,0,0,0,0,0,0,0,0,0,0,0,0,0,0,0,0,0,0,0,0,0,0,0,0,0,0,0,0,0,0,0,0,0,0,0,0,0,0,0,0
0,0,0,0,0,0,0,0,0,0,0,0,0,0,0,0,0,0,0,0,0,0,0,0,0,0,0,0,0,0,0,0,0,0,0,0,0,0,0,0,0,0,0,0,0,0,0,0,0
0,0,0,0,0,0,0,0,0,0,0,0,0,0,0,0,0,0,0,0,0,0,0,0,0,0,0,0,0,0,0,0,0,0,0,0,0,0,0,0,0,0,0,0,0,0,0,0,0
0.21607658014482345,0.20139750517553984,0.1876235807016991,0.17445672176275137,0.1324678736634687,0.09809811964601452,0.06172134506421335,0,0,0,0,0,0,0,0,0,0,0,0,0,0,0,0,0,0,0,0,0,0,0,0,0,0,0,0,0,0,0,0,0,0,0,0,0,0,0,0,0,0
0.2317769558410443,0.18545066766698787,0.17359944408367017,0.16334580835287293,0.13296811546605833,0,0,0,0,0,0,0,0,0,0,0,0,0,0,0,0,0,0,0,0,0,0,0,0,0,0,0,0,0,0,0,0,0,0,0,0,0,0,0,0,0,0,0,0
0.25868277435253706,0.23837680712921316,0,0,0,0,0,0,0,0,0,0,0,0,0,0,0,0,0,0,0,0,0,0,0,0,0,0,0,0,0,0,0,0,0,0,0,0,0,0,0,0,0,0,0,0,0,0,0
0.36197714196504144,0.3370227062202371,0.3144423938220193,0.26309919931076187,0.2693404139756484,0,0,0,0,0,0.21223247409020501,0,0,0,0,0,0,0,0,0,0,0,0,0,0,0,0,0,0,0,0,0,0,0,0,0,0,0,0,0,0,0,0,0,0,0,0,0,0
0.4103701346308738,0.40394704881786964,0.4005383903589582,0.3949174919874926,0.38453381290485333,0.3787212017065637,0.37098501436587866,0.3644911403531412,0.3669186445041987,0.3555531324012632,0.350172707797779,0.34839941706823896,0.3366085384020771,0.3281606253020171,0.30679676315848065,0.3025129892660804,0.290761757723444,0.26773218766446666,0.283938298476465,0,0,0,0,0,0,0,0,0,0,0,0,0,0,0,0,0,0,0,0,0,0,0,0,0,0,0,0,0,0
0.4197780363907321,0.42018888393929826,0.4208002791698095,0.4165203763109029,0.39496470789662286,0.3828795903673986,0.3794997758555095,0.36784470288877835,0.370199976837319,0.36267006319992884,0.35250628645529947,0.3354578238403242,0.30995147789661887,0.3180403145337243,0.2544746357252049,0.4285355878279805,0.4759918278044824,-0.37328960853528476,-0.2827072054215894,-0.2783068444026562,-0.28314617080258886,0,0,0,0,0,0,0,0,0,0,0,0,0,0,0,0,0,0,0,0,0,0,0,0,0,0,0,0
0.43128629078211467,0.41934008971499565,0.41292280288110006,0.4142315232275738,0.4020584362088284,0.3906120559045494,0.3811665745612758,0.364522357952385,0.3461127226601853,0.3481524529343923,0.3333376549927594,0.3170732907637793,0.2936157427582667,0.2688256025284952,0.2592871705038871,0.2555410376460386,0.23467827337079122,0.2538290897691077,0,0,0,0,0,0,0,0,0,0,0,0,0,0,0,0,0,0,0,0,0,0,0,0,0,0,0,0,0,0,0
0.4502052745205189,0.4266124865736845,0.4245630420444931,0.42305068933077067,0.412637417745817,0.40656519022514326,0.4050178776310507,0.36445672604849694,0.34765457398922106,0.33216327228995896,0.30495302218581166,0.29557402407475386,0.2809769730993753,0.25901940428077724,0.2086471636218678,0.1770780223339219,0.22296105046506626,0.3222002129462324,0.161092203924376,-0.054643038049085685,0,0,0,0,0,0,0,0,0,0,0,0,0,0,0,0,0,0,0,0,0,0,0,0,0,0,0,0,0
0.4735574733371626,0.4642528962669057,0.46411774201667017,0.4592720385269173,0.43329401025574804,0.42403456928630245,0.4142127732571876,0.3900415132269456,0.37069356140263193,0.3148941592256019,0.26153066653654405,0.23554590798460462,0.20753565940686575,0.19081738918762078,0.2741459803965864,0.19980462316887304,0.3076760027572797,-0.5064734036308759,0,0,0,0,0,0,0,0,0,0,0,0,0,0,0,0,0,0,0,0,0,0,0,0,0,0,0,0,0,0,0
0.5254216849606554,0.5044580363604821,0.4927286561186329,0.47531309387448606,0.4464984154897314,0.4359550511636157,0.41362453532437865,0.3798294632478752,0.36864939913424827,0.34790968249335447,0.29650387088484786,0.26469930381502704,0.2383970281330064,0.2017529768695191,0.20075556251308627,0.21414264816973377,0.41901411011163114,0.3524001809385576,0,0,0,0,0,0,0,0,0,0,0,0,0,0,0,0,0,0,0,0,0,0,0,0,0,0,0,0,0,0,0
0.5649089155165856,0.5567598741785387,0.5488679900426515,0.5418111533180416,0.5177242201126697,0.5130531152185762,0.4970281560754409,0.44697275507820494,0.42286754691218426,0.3883288070360346,0.3610121735597958,0.34357893740198486,0.34165120389947184,0.33470334388106016,0.39272270015274147,0.3008232180333885,0.46529494994737347,0.5065052522311483,0.5214418804203712,0.5241367288472644,0.5035227135567281,0.5204665717235721,0.5330467696575555,0.5486818707443174,0.5341770520039475,0.5582887879002711,0.5619601089897689,0.5466347213718503,0.5588955209786068,0.5722058258078223,0.5565715672293234,0.5657358746637041,0.5627954514980431,0.5649658385534493,0.5739869242496761,0.5775802823061891,0.5518374772586362,0.5330225297981748,0.5320553132030098,0.522668906675206,0,0,0,0,0,0,0,0,0
0.5937590863557413,0.5755704110071916,0.5715705412956256,0.5690920009502058,0.5547938556388362,0.5441145350488146,0.5334627083653868,0.4900832093045135,0.47845281504486725,0.4435593550377745,0.3728608464946235,0.3458194816601621,0.30080057844549574,0.2867090901270069,0.27689660989650533,0.3423643230026031,0.41845586470317936,0.5655948194806054,0.43018498842759534,0.5290339381161056,0.4872081862259386,0.4761967659233786,0.4647864225931495,0.5286375353234863,0.523463471888866,0.5374709856632816,0.5422523081738939,0.5454548423962975,0.5355599787546507,0.5375948907935798,0.5647223005191765,0.5609279420730995,0.5524277899663923,0.5476202806253339,0.5393562816103299,0.5400560267857527,0.547848932743777,0.5377628350997873,0.5130031920027768,0.49194978141367707,0.479436342129738,0.4716769138429564,0.4547116096246724,0.45391079572551546,0.4468927005758359,0.4210399732649349,0.42645044639536006,0.4377279776109645,0
0.6123067111347955,0.5997688540378069,0.6075077008767599,0.617407153139354,0.6202846484715899,0.6095385535182332,0.6040063340833768,0.5737805006199869,0.5617402097820481,0.5276868746574316,0.4809171508670581,0.4392704297232884,0.4653676988666715,0.6338792978955131,-0.5547175276217685,-0.46334995955091784,-0.45100729148674806,-0.4969300677197981,-0.4789557012777724,-0.22700034314859496,0.24838641178980042,0.3610637417497164,0.5083770108960484,0.6317320107006251,0.6550537157055915,0.6654192649360858,0.6061653306492276,0.5903319540127142,0.5635283887391106,0.538226850850043,0.5243503596414952,0.5028355184698217,0.4840030919229986,0.47614475527168737,0.47320064000010004,0.4627751882821592,0.453408768057313,0.45448815117947616,0.45306688926802535,0.4434862370497241,0.43268188300083354,0.43055552833851296,0.41671939135151187,0.40615083632388854,0.3912178942236167,0.4368906776269702,0.43915030336427413,0.36779369920561944,0.5819205845554474
0.6134986166584447,0.6192374363227616,0.6153970749711217,0.6181735863256972,0.6177452045432441,0.6138039393324097,0.6019203567019913,0.6081060805711819,0.5903532709892363,0.5965641154053836,0.6089580738371111,0.5944809401078541,0.6017882463393172,0.5869903742174994,0.5893501395089085,0.6026756104039989,0.6235160947197996,0.6485844263507179,0.6475735638092686,0.641260857509027,0.6370206132104724,0.6158634118938507,0.6268136439175529,0.6190063010365037,0.6177745191108298,0.6063507342814574,0.5945604414633228,0.6018780204486851,0.5878963455456268,0.5803165733871927,0.5682801682904846,0.5380835586302046,0.5120545888796146,0.4924528084413439,0.4873888501000638,0.4767306520140733,0.45133191473156303,0.44847172362415905,0.44002323407426985,0.43317637596937736,0.4395453011096091,0.44444327415406226,0.4789466580992475,0.47521080608778565,0.4162330270577299,0.3648695799469183,0.3396117627016617,0.41300570456292346,0.4311259109986459
0.6421706778840456,0.6392522995632294,0.6421504572599306,0.6462412355892337,0.6483350540058146,0.6474718802014386,0.6499822934947971,0.6427115292492581,0.639727518616416,0.6342224552100513,0.6252391138371469,0.6261737824377925,0.6250683917633127,0.6247327395185207,0.6044536840351574,0.6034736822028519,0.5993908222497933,0.5901725943734968,0.5916815448594199,0.5919733485120123,0.5904994925217621,0.5883138778237328,0.5790245793620549,0.5529979996488523,0.537841566212752,0.5254164388444045,0.5241020674045646,0.5248469808033126,0.5162481626162301,0.48986000070985564,0.49513329872429834,0.4819566905765556,0.46656860399926475,0.4486676614446882,0.4368271112927456,0.42522013838817035,0.4263740473750849,0.41210809357992184,0.3922136731442069,0.37789906730913536,0.3799471962264608,0.3722810437254081,0.3778600203688851,0.3874298971843181,0.3824107789039247,0.3485206484044098,0.3595187539739742,0.36143826532183765,0.35820812605782015
0.6186277593540513,0.6289867391843738,0.6307560747617352,0.6376633106587174,0.6416371812681355,0.6449040477160065,0.6556339660890228,0.6537829087542026,0.6553993093303375,0.6543442823329465,0.6359776031158115,0.6371494470566819,0.6393244577096064,0.6440476501992515,0.623006335056212,0.6185473101941916,0.6132711938558372,0.5961881602144662,0.5984956023420976,0.5913065369983729,0.5695514341344797,0.5601404476628755,0.5549865773161128,0.5581995530038832,0.5614191172727114,0.5778630897916367,0.5451627054838352,0.5240500322504971,0.5224012726876789,0.5083205768297627,0.47285834286088846,0.4506425905219829,0.42727041914389546,0.4438747618859483,0.4326006038749688,0.42914761392742773,0.4027440987237004,0.37240210490836945,0.3681409017632903,0.3843518659718405,0.3859087712865728,0.3836953876599617,0.39906119895186176,0.3798248884087986,0.36092499110345144,0.3399566460219655,0.33658913800960527,0.3097137508621485,0.24356759191578822
0.6018094759402464,0.631065033699121,0.6280313427268139,0.6335089275360722,0.6414441369836389,0.6458156319592907,0.6468063352589597,0.6480266322104518,0.6472070117262247,0.6531178121249095,0.6307523838069459,0.6451247419483712,0.6386086724033506,0.6402933347461138,0.6380037040751689,0.6347786281553655,0.6367191573560002,0.6388385307774462,0.6151223368443345,0.5896239919562667,0.6037378008670193,0.6192748523807158,0.6093413966438712,0.5909728163683067,0.5891319958551071,0.5864986182682153,0.5718954719045934,0.5677441407137843,0.5745732289572411,0.5773612988315827,0.5437487180112855,0.5223006934276146,0.5201241726133168,0.4296790133354461,0.4141205868909083,0.39656895518216595,0.37187719006378134,0.35398108248966725,0.36362717031832553,0.3763971937708186,0.38283502329226377,0.3922466815592314,0.38075301310521825,0.3689979640808299,0.36432354441733783,0.34146218162622294,0.32121487186883396,0.3177958749490483,0.352993314962452
0.5906392196508998,0.570280817947909,0.5849374514855532,0.5946213087789234,0.6196850474693639,0.6308084490131431,0.634953294351531,0.6441394157695042,0.6508186579254742,0.6580072266760421,0.6598973250081969,0.6629604415587715,0.6652769955837163,0.6658749503953867,0.6501520884146536,0.6487954601086456,0.6413184496304712,0.6208367207577822,0.6401375224766763,0.646537132308012,0.6440388491097855,0.6384463535294728,0.6307078276754535,0.6399683021793703,0.6422719792582344,0.6305665988952194,0.6134142794273603,0.6018473566031194,0.5901505919515015,0.5832040404873422,0.5655716652772375,0.5672552814153073,0.5588131296835741,0.456856744392294,0.46787588034278127,0.48090496918350195,0.4797151329338235,0.481467853919967,0.46522166611652177,0.4211081148730903,0.45628278348517437,0.46428673758804834,0.39393118323741344,0.38697053516673363,0.3647746434976868,0.3405994838762491,0.36620627103434833,0.3648374998489192,0.32919563770359905
0.570493476215552,0.5875670939441779,0.6021631148117411,0.6088097912502627,0.6200766320248241,0.6288662609795656,0.634603847029977,0.6417406179575237,0.6444744587748528,0.6525209390991584,0.6537376653546954,0.6597371756414322,0.6655193476154754,0.6659807524484898,0.6651257024186414,0.6648023945041426,0.6601940378109933,0.649309418264853,0.6438024998517283,0.6393555371417541,0.645320968385483,0.6489172626601518,0.6547641048706028,0.6709325282739032,0.6564140049186735,0.6441334533064739,0.6212832948878215,0.6031019452436325,0.6053401692047912,0.6034763843388414,0.5688836078940865,0.5522654656078297,0.5306899203424119,0.4816986400267896,0.4651011121425273,0.43465613819812765,0.41789993683317994,0.42375670475051735,0.40663548306430314,0.41572287990337686,0.40073665212107684,0.3966468806093311,0.42836342123438187,0.44135229732902154,0.44186181808706526,0.4032583722424165,0.38421611019905816,0.357006629261274,0.32749882358913246
