jsons/1312758000.json
{"header": {"parameterUnit": "m", "parameterNumber": 3, "dx": 0.1, "dy": 0.5, "parameterNumberName": "Northward wave", "la1": 40.97354507446295, "la2": 16.46031188964855, "parameterCategory": 2, "lo2": 133.9931640625001, "nx": 191, "ny": 50, "refTime": "2011-08-05 8:00:00", "lo1": 114.97908020019554}, "data":
[rows 22 to 43 of 50, columns 50 to 99 of 191]
0,0,0,0,0,0,0,0,0,0,0,0,0,0,0,0,0,0,0.0921741011575086,0.10731021570013087,0.3039612509755784,-0.232482427842999,0.3259212932706101,-0.5805334037183411,-1.392990265429983,-1.5588698698424148,-1.4199353084953916,-0.9617331945855455,-0.7318132247846659,-0.5305835957417943,-0.11509082410018168,0.14766511984347155,0.35419760928291766,0.6381973126426445,0.7607785306049928,0.8842761583964025,1.1137974784806242,1.1704123011813987,1.1994664847609766,1.281738843535616,1.309874291747358,1.3302150428929838,1.3485981754285032,1.4316219223013953,1.4446212678851384,1.4167606910519377,0.8443812176708176,0.4591345818124595,1.3414295365444162,1.3964810448105134
0,0,0,0,0,0,0,0,0,0,0,0,0,0,0,0.00025913912662330556,0,0,0,0,-0.3838208163048777,-0.7755875908696311,-1.1183800657345322,-1.224837712424706,-1.261342890352256,-1.2801514595769776,-1.0775662528103134,-0.651514493733378,-0.416712958592408,-0.14571280888760163,0.37249170490000155,0.6240262783405698,0.8250934977813486,1.1045523757874096,1.1354256566567373,1.1763996267505987,1.212779458901278,1.2397215536638686,1.2366125994490695,1.3041913559098792,1.3401029202149142,1.3752197500950298,1.3904201033261803,1.437522321856692,1.4605791104728667,1.4914902371863723,1.5292718934748566,-1.3008922908225808,1.4842306390081457,1.4701287539761714
0,0,0,0,0,0,0,0,0,0,0,0,0,0,0,0,0,0,-0.46008223455561137,-0.7865053404341071,-0.9339790620970579,-1.0781317298521391,-1.290389337538195,-1.2550888760507461,-0.9471750666703392,-0.8181249796761223,-0.6211041613759208,-0.22388261671387272,0.018249094284605322,0.2116121922196116,0.6919646726404718,0.8200584733397807,0.8638000229932274,1.0052661116794872,1.0773194510416584,1.116071793305646,1.247566513659091,1.3046241709753872,1.322550939093691,1.3732968737995335,1.378289353680996,1.4004384146973368,1.3985228222763328,1.435766469334098,1.4541444616230932,1.40565538808733,-0.6675612166884057,1.492284293989935,0.8467215554843083,1.4884985485654032
0,0,0,0,0,0,0,0,0,0,0,0,0,0,0,-8.1454825486999445e+37,0.08928285663847628,-0.5892243889221811,-0.8661959426165964,-1.2083055994976246,-1.165029275019066,-1.1105325364286633,-1.121858573445661,-0.9778321838513357,-0.6843227935717139,-0.5486625625891534,-0.35295123592614164,0.08760099322933841,0.29448184440125214,0.47681348497510545,0.8910428331146621,0.9694730491130316,1.0143692319232513,1.1252030853698103,1.1773792465450599,1.1872280414819976,1.2466353790884472,1.2576165266204964,1.2743919485131932,1.3152061785075915,1.323075684519971,1.3509522149584539,1.3766766481993724,1.4038642684688403,1.4128325244139361,1.4234838182121219,1.4389539132160876,1.3115587620844193,1.352635278476071,-0.7921939356151408
0,0,0,0,0,0,0,0,-0.08952697939793998,-0.20312827691291468,-0.27645183648558685,-0.3490433597577742,-0.5014764413712457,-0.616317453599038,-0.8058055050814639,-0.9606129484061313,-1.1943523131734803,-1.2421016449001097,-1.1897832147365917,-1.2520885172259926,-1.036084145466734,-0.9444119978933949,-0.8133679629620741,-0.6581191527482618,-0.3789456491960798,-0.1916867046609465,-0.010012789466395887,0.37857811564723237,0.5336187263089343,0.6815503920999991,0.9591497117430461,1.017935016888165,1.0512154860614438,1.1377511151293913,1.2192842748965158,1.2540085610599028,1.303957350320996,1.2804918501886655,1.2950408550193429,1.3306956848152776,1.3444815991577985,1.3392640519343573,1.3447461122299431,1.3564653916853555,1.358401073559424,1.3712294299969428,1.3853683700899382,1.4007128304104963,1.3652290231825153,1.1054190064820248
0,0,0,0,0,0,0,-0.38991288839725047,-0.5307364369159193,-0.7616998787737451,-0.8649047235168074,-0.9693413645463543,-1.1151352559218937,-1.157217430225187,-1.1092561323955314,-1.1067102151360877,-1.1411770497326956,-0.9990392079674456,-0.9439889062756115,-0.8788059334950029,-0.6590223453303166,-0.5392567384465807,-0.47807761535842797,-0.4034743998189145,-0.20868392375237638,-0.05828091033558959,0.07641439299574562,0.3401160506252489,0.5180358121247989,0.6614382675729281,0.9022498743229209,0.9577400942134017,1.0228942609988785,1.1818298812079362,1.250390731646408,1.2590877382923231,1.301143725540851,1.3165895309341884,1.3228752610327987,1.3453780669516069,1.3486087020320021,1.3394144141131576,1.3471875720635038,1.366785863789162,1.3611669133966446,1.3631442444129698,1.3688414524908772,1.3731610566486416,1.3797903794573159,1.3825553194879858
0,0,0.10073836489570283,-0.4726748687356672,-0.6122504481343372,-0.7133375280008278,-0.901216097637946,-0.9782197783668811,-1.035726548103781,-1.1196501647245687,-1.1512890251977028,-1.0923666621424446,-1.1325390039649161,-1.0985713271138502,-1.0017565561566397,-0.9447239960668765,-0.9309061890325195,-0.7640776058070213,-0.7291985367903026,-0.6574894584747187,-0.5369098621984266,-0.4263249340803892,-0.3610510105786731,-0.2761916186099738,-0.09443964796035174,0.07408761885906909,0.12996284582484705,0.4315975098178554,0.5452500849907509,0.6414276496936591,0.8446355279925497,0.9206464591257559,0.9701746968246031,1.1783353078059144,1.201455002187654,1.2327824461022017,1.2832014268593817,1.2937382153323898,1.2966563113926042,1.3251956770211468,1.3590313982518558,1.3683411642599856,1.3618177937479037,1.3730829658294583,1.3516103579121947,1.3512072637233743,1.3534708986253188,1.3487684410645275,1.3452642429775439,1.3553101276324855
-0.6505005889121855,-0.7247976450035977,-0.8064760222315487,-0.9145467654022956,-0.9107002845192919,-0.9458978846359622,-1.0144700459275442,-1.0188153745554414,-0.9413200504123034,-0.9764050320536786,-0.9443554313084248,-0.8576769084091405,-0.8549016191542479,-0.8153467299862516,-0.7238276232764348,-0.679680915330177,-0.6518062412608324,-0.5662058601069316,-0.5231529860498191,-0.44780219109270114,-0.30779870170862494,-0.2586811816195817,-0.19789199957652065,-0.14045040525969246,0.014044932162062703,0.11838945427811198,0.19465623012592323,0.3595399796674713,0.427235107616895,0.5532934699700265,0.7353453032250632,0.8270628052522936,0.8856227882384886,1.0474822061291054,1.156272765503874,1.1992778741627148,1.2263236306790855,1.2531361027143564,1.2876178500234956,1.2872844695724184,1.3093218449885131,1.3276846941462608,1.3390762352994268,1.3638124476782059,1.3608752743091135,1.3541527918013967,1.3590139513706023,1.3526100676250288,1.3493000828541066,1.3516745371559038
-0.8873247633824902,-0.8610643016402976,-0.8938209278356424,-0.9168633563380278,-0.8718267960211542,-0.8513505512763465,-0.8701564864882185,-0.8481261784521291,-0.7804576833026458,-0.7880914432697282,-0.7609303373798966,-0.6836206450647153,-0.646488107934197,-0.5995913406460218,-0.525510645191608,-0.5135027357892411,-0.4808071036369647,-0.4274797345535021,-0.38330380806035524,-0.3558667611027179,-0.2854424933351405,-0.2672212797488852,-0.24041602520776081,-0.2267197706272656,-0.07350224762019453,0.020550804493669438,0.09700710635419087,0.2506223271854024,0.31112529550956197,0.4010522204586849,0.573464120974519,0.651544121724361,0.7317083074644467,0.8962404184585925,0.9702392322744777,0.9990387121337195,1.127346635607262,1.175476753082877,1.178442818818173,1.2140909198346326,1.2611875667330523,1.254515999888584,1.3022077561638141,1.3419838878862962,1.3362123978266445,1.3416501118050501,1.3482891910295074,1.3517187267172837,1.3511435722037395,1.348797976834479
-0.8257536635065469,-0.7395600829093484,-0.7207567217133501,-0.7258983317773002,-0.6575409926862948,-0.6344609721065981,-0.6389547279581538,-0.6014807762634616,-0.5235297900903121,-0.4889019259520432,-0.47170198286377396,-0.40923182170249744,-0.3840371877557722,-0.3656651900845653,-0.35483448441859644,-0.3611580882814446,-0.3906012573705374,-0.41649274576724615,-0.4183555795234293,-0.4157609311858756,-0.33833025649988707,-0.3088163426382684,-0.2707612773902727,-0.21582166748933662,-0.09447044969666286,-0.0041012657340048,0.07195068961750578,0.20348885695421776,0.2750646562590843,0.33527048416057426,0.44235376010261607,0.48798400049649926,0.5574244782626715,0.7056412785670042,0.7883179528058788,0.9099075039862788,1.0518785444290513,1.0929812126200014,1.1133500843878708,1.1850608177238675,1.221860046448404,1.2451213014972067,1.2759338180621336,1.307699435904632,1.3039789004821642,1.3486465305579596,1.3688804015280878,1.3460023632631564,1.3354036262919802,1.3326445610092126
-0.5896830638548866,-0.4793224557593706,-0.46040101320626126,-0.4386869168527378,-0.3676077122703731,-0.3277844625350104,-0.31076052736996695,-0.17581385907527886,0.01770623120356791,0.2506164227692557,0.31806788807105923,0,0,0,0,0,0,0,0,0,-0.7752502445760676,-0.6327521289175111,-0.5547562078225683,-0.46756377432145974,-0.32273995802609734,-0.19673491366943988,-0.10751423597990847,0.02824198193150716,0.08754492775330369,0.1354361503976849,0.23121123063947835,0.3408682211765219,0.4435038042376444,0.7021311578863845,0.7629392865316958,0.8359995553186729,0.9150777141627294,0.9233403894909662,0.9894567300877305,1.053834804167795,1.0915737546154138,1.094498317198292,1.0624885955036294,1.0791602174160206,1.1035019270675026,1.2079039327485575,1.2874661638905311,1.2931463938141083,1.3011597937354897,1.3460019107662649
-0.3178716678891907,-0.20310462640423638,-0.14560128209965414,-0.06327620170849511,0.19531138988822794,0.26840174812035367,0.4094032615064017,0,0,0,0,0,0,0,0,0,0,0,0,-1.105767046830909,-0.8048514461459251,-0.6783624474946441,-0.5812358661836966,-0.5107858025728835,-0.3124554188248922,-0.2594243051172605,-0.19222726453378983,-0.03554835907649696,0.013465947805353129,0.09351355330709218,0.24782294896826845,0.3351322738175549,0.41375636872668237,0.5680246353807472,0.6509619007198107,0.7059184645187351,0.8741259536593106,0.7671586541368303,0.684308954100972,0.5935010000114784,0.6752777771760499,0.1356797454587967,-0.48714260312475915,-0.719291033327789,-0.00041389827826659125,0.5612873533885163,1.0657282983391565,1.1826364421784181,1.2484094229760552,1.3572880763842043
0.17410452998210135,0.4770310347243708,0.5483919116689224,0.5226289327590679,0,0,0,0,0,0,0,0,0,0,0,0,0,-0.9247787512529406,-0.8807929633547206,-0.8876279973524003,-0.6159297585406139,-0.5480246336103345,-0.4734102093615304,-0.38823774611811557,-0.23600588816556378,-0.16172206035552442,-0.08230599730519444,0.05670191611044849,0.16318168040740122,0.1850598711894172,0.284541022720344,0.3672541855834736,0.44022627943402703,0.6087035781050504,0.685258961955134,0.7858084271022933,1.1338081969633833,1.2865149371167477,1.1901807396623418,1.130518275776575,1.0213069622685813,1.1881485254044282,1.233332466915561,1.219738804090469,1.1630561517152234,1.0713703192442703,0.9936244799250141,1.0425880134824994,1.1124541635228353,1.2254897986095947
0.5460390272833642,0.6920677523526638,0,0,0,0,0,0,0,0,0,0,0,0,0,0,-1.0068119708973344,-0.7966977400480499,-0.731940914541458,-0.6466929554335673,-0.4541662595207015,-0.38353247175549837,-0.3283758478339578,-0.23943584487480407,-0.09591042318791068,-0.012721820019231854,0.05267814090928696,0.13916953176793886,0.17678531078179102,0.2187643995958314,0.3397572460326922,0.4062724741711479,0.4865641481239474,0.620128191465031,0.6836941268245704,0.7669566561651276,0.9852971678542107,1.0158470801677764,1.0578530467450027,1.090546780248498,1.0864618923536145,1.1099804988257802,1.114013954408562,1.1080283010151228,1.0900460164432058,1.0491412017368598,1.0059937687950713,1.0200776000831457,1.0186135784277186,1.0995580311899211
0.3715888163625771,0.0867314449351993,0,0,0,0,0,0,0,0,0,0,0,0,-0.8518406944592501,-0.811208281046592,-0.7916951427700054,-0.6208290097417719,-0.5347815542688213,-0.4705263732558453,-0.27783482673138676,-0.20687704697127193,-0.1547425076842425,-0.09477654653118095,0.014775962761516723,0.07512494260732701,0.13841356422479048,0.20315049214527287,0.25364071444604436,0.2850968570230023,0.3799977427111535,0.47934969388505644,0.5595977116212836,0.6896675077684158,0.7537816788688035,0.7705061199497769,0.860568701786165,0.877056630989285,0.8800193253841242,0.9632217746331492,0.966910326359024,0.9744912538532633,0.9805023350699456,1.017440610138766,1.0308626398797152,1.060074809576253,1.0553593349995105,1.043575156866557,1.0447661360770442,1.070590316599247
0.5138346594177272,0.5787736364865361,0.5147184278822429,-0.01674517449277335,0.11772730319343566,0,0,0,0,0,0.23236208578634518,-0.8859402952233997,-0.9255865547894191,-0.8556184941473176,-0.7031892198755672,-0.6141922153333985,-0.5510268213620328,-0.4345988990243096,-0.38278111150427213,-0.320153269247639,-0.19719153183700938,-0.1242148827949097,-0.04339189892114418,0.0009484713024809159,0.1384354114697893,0.1592359335198398,0.1897907166215019,0.27521193369854985,0.3387600116148493,0.38654589996803057,0.49531613095338967,0.5691413879395222,0.6294843662735271,0.8078713716120146,0.8161163111049496,0.8007033260269643,0.8313912763966897,0.8536346425555169,0.8525442566641236,0.8809208092599946,0.9226843633066089,0.9671265199205732,0.977462256278175,1.0088890269096478,1.0186363909182758,1.0231853864903393,1.0527804902468139,1.0584819733206177,1.068770004720152,1.0980491413803932
0.4211965898694731,-0.14575231725065196,-0.15869322662451868,0.1667064928093064,0.3446091414064856,0.26105436595024256,0.21295777510170386,-0.008639873611136118,0,-0.9544231678801381,-0.8734119365801517,-0.7456158673867002,-0.7193351685059519,-0.6600399043191459,-0.5013825084764323,-0.4023683851305337,-0.3531881453203653,-0.22855132105245224,-0.14328644424902995,-0.11445365549602317,-0.031155353972054933,0.032798594095499345,0.09598853820464168,0.18114866746100589,0.27686461571276133,0.31250192863572396,0.3576368861387149,0.41801564057333995,0.4511288598813546,0.4864248116798789,0.5952084955645628,0.615575922417545,0.6274082380129629,0.7030537621543519,0.7209068572811389,0.7396919429258967,0.7726409083776938,0.8087282375534323,0.8283702918931694,0.8877841773796205,0.9067183617947887,0.9527363371222815,0.9998328838121354,1.0048106860101744,0.9871551895106201,0.9944473872584932,1.0652293972320457,1.0830864692915074,1.104549572072535,1.122474066766946
-0.328592389667017,-0.4264621161275198,-0.46939765131310734,-0.5371724113642624,-0.5588767502230678,-0.6155762801325926,-0.6374482536221261,-0.6375521098974692,-0.5988755250922001,-0.5886014308038819,-0.5493652701439178,-0.4589359459745612,-0.4392081666798309,-0.4094247306937543,-0.3242156378887378,-0.2574451816247111,-0.1994738123209619,-0.08462713281919344,-0.039002584904377455,0.006244189993890612,0.0993404429415051,0.1465090471334239,0.16972282316043988,0.2316519810437733,0.3385953631107006,0.40582137776636884,0.42322898323771657,0.5793994617365044,0.5566912232128022,0.5712427722757905,0.5966441428749709,0.6060735617221662,0.6267744713802144,0.672283908710463,0.7225702126220137,0.7463807836974595,0.7966068813592254,0.8186758892345402,0.8415097690080804,0.8846002196549446,0.8960385750816098,0.8881392812566354,0.9189722426273403,0.9792298593403638,1.006918601607247,1.0376302593012763,1.0918723875870076,1.1046711414888455,1.1214344189319176,1.1439132261097213
-0.5557831695981017,-0.5687256761632224,-0.570806402306205,-0.6202837378686583,-0.5988293125094339,-0.5932023044400572,-0.5944517964086251,-0.5923224752970645,-0.48898999917040664,-0.47522945066464,-0.4388627901955972,-0.3604818360363154,-0.3149308684144104,-0.2773851275905746,-0.17799382165331423,-0.15935020061490568,-0.1271397443769611,-0.042752530681683706,-0.0033140986088405428,0.04102016599898294,0.11750857658951266,0.1919093834903462,0.22687094924159512,0.26407715113140984,0.35703560106920723,0.3831185921388023,0.41757708898015716,0.4972139778039237,0.49536632605889186,0.5594134976918689,0.6194031001900271,0.643914259816424,0.6591632298002302,0.6951891094950163,0.715152641503131,0.731598912909869,0.7806675677792663,0.8168942113229225,0.8272462706939004,0.8846597319271557,0.9126621544156218,0.9117019885934201,0.9227892679007409,0.9491945883844506,0.9588242666247968,0.9581682186782076,1.018278668938565,1.0296166880904183,1.0695472358550362,1.1586995254009054
-0.6349604512637118,-0.6191082550049855,-0.5973891435190067,-0.6091781054966497,-0.554494170994937,-0.5485801304223921,-0.5245085323966603,-0.4790965500228548,-0.4339467585382877,-0.384649005096069,-0.36198499614794477,-0.2793883280632374,-0.27115696526811234,-0.23749584124518452,-0.17783951280369012,-0.1519264261041733,-0.1032190626555898,-0.04852337831757633,-0.005741820333168358,0.04631620067266532,0.10550317112030921,0.15158645947747318,0.21385109756344062,0.23080263759773934,0.32449757438502286,0.34279786047820804,0.39632812038424575,0.48794516253319525,0.5265634088211968,0.594765212865049,0.6430379080939067,0.700798682969894,0.7267972795907248,0.7230692450612867,0.7509364805030747,0.7931092816739954,0.8271047320927424,0.8445982218802393,0.8570032964975773,0.8974653322617835,0.9114758011981646,0.9348401197963905,0.946228905525117,0.9494642528782734,0.9754838596521934,0.9936992730476297,1.0276908129009508,1.0476644058713143,1.0510726863229012,1.0999794492069115
-0.6875520874358,-0.6303377974008996,-0.6071731172523172,-0.5833690532435809,-0.538654992891882,-0.504182685322702,-0.4874936890055812,-0.45968421414823313,-0.3824264089233815,-0.37829262771805866,-0.34340074540754517,-0.2830446688108429,-0.2674906096669038,-0.22922633533880105,-0.1811157049869574,-0.15312215688104044,-0.10832153251422283,-0.04911752910802629,-0.017987020757410047,0.021830390040239622,0.09218083437032175,0.12433079671379559,0.17730331100400887,0.1928838182562397,0.267574634233488,0.3065946183004118,0.34002288066220854,0.4346246979659532,0.4638530342226417,0.4973830092221538,0.554112190872303,0.5901727514687428,0.6214368049253359,0.6657248965546233,0.6940146108929404,0.7022095757864497,0.7389010414514411,0.7669820885228114,0.8152764800191474,0.8457548032219467,0.8690756897937176,0.887654265037871,0.915999651541413,0.9406596557758629,0.9566218508070621,0.9722943380789661,0.9933719906317042,1.0266583728925487,1.0648145495266739,1.105053572964379
-0.6292068294060499,-0.6029630002241717,-0.5783924587672168,-0.5567476582459667,-0.5125793101374849,-0.4791105045050612,-0.45980468056246143,-0.4549030769294917,-0.3977716955659139,-0.3838579883587516,-0.37109529501032035,-0.2912497863514847,-0.25342521624128955,-0.24288928160096032,-0.1830344306905454,-0.1458370817252841,-0.12677786848931433,-0.0665929327164692,-0.033780891870195444,-0.00637626786325625,0.058484337536921165,0.07098884976116591,0.09169240897225969,0.139738215838245,0.19682837754434138,0.21807394373456468,0.2522996408819307,0.3410815308369821,0.35568657477564564,0.3824525002357702,0.456954510037741,0.4825693792067586,0.5151851144543844,0.5750137405110681,0.5907738884864537,0.6231946861197665,0.6897834753288264,0.7018450632991666,0.7341017853662998,0.7911431511438582,0.8039098150599211,0.8275659022129493,0.832902787778103,0.8896035670946101,0.9226847906282176,0.9517356599244223,1.0323959663092153,1.0922646663200588,1.0883780771620082,1.0960072545333575
