jsons/1312912800.json
{"header": {"parameterUnit": "m", "parameterNumber": 2, "dx": 0.1, "dy": 0.5, "parameterNumberName": "Eastward wave", "la1": 40.97354507446295, "la2": 16.46031188964855, "parameterCategory": 2, "lo2": 133.9931640625001, "nx": 191, "ny": 50, "refTime": "2011-08-05 8:00:00", "lo1": 114.97908020019554}, "data":
[rows 22 to 43 of 50, columns 98 to 146 of 191]
0.613851217326592,0.6086244028604072,0.6123732518720071,0.6329737029108258,0.6498886261054434,0.6583927868923912,0.6668512517117766,0.6648953510834468,0.6675404693235557,0.6645177196061196,0.6474580670880591,0.6269270110956764,0.6304986328622721,0.6500977181812013,0.6399829028168176,0.6661421926720229,0.6578671021005497,0.6553405546669302,0.6550588878352457,0.6596259229521817,0.6421843513666404,0.6109371285250783,0.6192272893755418,0.634590095384513,0.6263562078270406,0.5979866719921174,0.5632225311944841,0.5338179834135472,0.5352640891198205,0.5266001073335703,0.5628193963843985,0.5567422892979574,0.5440529988163127,0.5177568773390029,0.5010406617940802,0.4852247360950463,0.42605770601723203,0.42034140949377485,0.4023101100652876,0.39804831287300646,0.38860712113794593,0.397446227330464,0.3207296820854066,0.31440607459158265,0.30597957660786146,0.2731357068150392,0.21635606737444388,0.23261116318065292,0.28365139597341194
0.635642941470392,0.6495390587069327,0.6518796380428205,0.6567323033913852,0.6570552267994889,0.657757452492863,0.6594016573714897,0.6578961539071776,0.6600118262147066,0.6631626211834255,0.6636318833980889,0.6621567438922472,0.6595609714993329,0.6525513373085687,0.6405492375455281,0.6237341433433091,0.6093080264654573,0.6154011194361803,0.617467292946576,0.622458332860523,0.6248006383462005,0.624887885507349,0.6288354153463291,0.6378495835283944,0.58984765878307,0.5026640820790426,0.5344803810250552,0.5451265932268945,0.5550315609480067,0.5574743722586223,0.5287839307262112,0.49101770630590585,0.476948741569635,0.4456522637409346,0.4205181593175955,0.4171804070895556,0.40462191485207843,0.4000665612544763,0.39726876815954815,0.35558670951109383,0.28548026763072976,0.27580098749554954,0.22810722449530382,0.1563848382882238,0.20076619586829578,0.31365235666698177,0.43927357547229356,0.5382041711045258,0.5710044008417525
0.639073859071514,0.6437387285243629,0.6476293728388908,0.6505707737488201,0.6468452329873514,0.648912189438383,0.6525599651725335,0.6547736817512259,0.6600385220944847,0.661985075736072,0.6625420420165198,0.6568945282178043,0.6558110319968903,0.6451070359035839,0.6434548269634115,0.6330143845086704,0.5951483205327944,0.5776185019324226,0.5769794854043381,0.569019234746111,0.5519847747234309,0.5510413130532701,0.5544094079071962,0.5247101109751855,0.4984923011476142,0.4958090407524426,0.490482389618562,0.45852480140269625,0.45898817076069465,0.40962397382475113,0.37696987404426624,0.3622705801147463,0.3596252796049152,0.4042809268109858,0.39971027293839295,0.38993630173554106,0.332444477276354,0.3235924528422258,0.4085861432317605,0.6530286359928867,0.6638119293979265,-0.49702848732579363,-0.5068140845972726,-0.5866786259316265,-0.4432594244171251,-0.35255290992659116,-0.41618927473693995,-0.3980718574633703,-0.4631183654060028
0.6130711625025489,0.6166046947199957,0.6096716002476786,0.6029147206428382,0.5981835192336885,0.5966114271225706,0.5956623138847674,0.5785197699588354,0.5329556575859714,0.4972545081846663,0.6189170189765508,0.648673502060095,0.6010937555380447,0.5799291902071102,0.5437116865224267,0.5331032090838946,0.5073894840179531,0.3602958822407095,0.410795010115864,0.42173084995021387,0.4028435371045955,0.40300999156510764,0.4106911136966677,0.3962184824622995,0.3924208121306027,0.39684394910744875,0.30419743828564433,0.256505032836779,0.2766776749342736,0.2713072284145187,0.2196647947394625,0.21650759850476103,0.2210772732092346,0.13353784305230762,0.15302543287827322,0.1513945343878897,0.17933742290006344,0.16804575730808266,0.15042630816691133,0.26934602239866323,0.5299247129723654,0.6746040640101036,-0.3727351578709308,-0.3529174266488187,-0.3721596768593125,-0.5009659802101113,-0.5299330076494335,-0.4817931185699001,-0.33276153167920286
0.5627839272025579,0.5093375037965907,0.519724044688835,0.5204549781812035,0.5232962419571332,0.5239544045086536,0.5239213170766247,0.4902241466622031,0.4242990519807234,0.38854205256438257,0.3025483038624501,0.30157595449009744,0.3269335312617546,0.33643357048397776,0.2762252784194425,0.28968190098169494,0.3489336545008896,0.3286343316790741,0.32007072281552734,0.3110597870449999,0.36187269133981753,0.36322194929255774,0.3682646477744753,0.349686034911424,0.29547562365643765,0.2532301621762551,0.19953150753937135,0.24105588802079428,0.24923494136535554,0.2809639933943302,0.18714765362776883,0.29855633765839146,0.1974698478108295,0.3560515541378795,0.30268863431262344,0.3785635763763582,-0.2725949158957742,-0.6693813542199337,-0.6680038150404446,-0.6372116098830182,-0.43554427548494185,-0.3021608785129102,-0.645026255734374,-0.23939859796735327,0.35490217823923953,0.464427727231001,0.5319204550603175,0.55602248107878,0.586535769005809
0.5209696380566157,0.4533519868172312,0.4456094861898632,0.33047144278401075,0.3160486552083979,0.30129403734298854,0.2800777710857069,0.27134202796450596,0.34722324672526017,0.3425248598745944,0.3038249259031753,0.27900441473228044,0.287783654683374,0.29988543562402664,0.2454774518996218,0.15966846920465386,0.19637996634388383,0.33709602814925627,0.27907005117981504,0.24794704060400158,0.20358557804487798,0.1754830047696995,0.18781320227260423,0.2476334383891515,0.2714424699564084,0.3211162378378801,0.2888584962479534,0.1312866157288813,0.11484562396811158,0.3232309607588144,-0.395345708501981,-0.509223878458636,-0.17252451305344296,-0.28436290847235673,-0.6520613912989779,0.6553991108684993,-0.18958484283346308,0.5963934473984114,0.4491838895130779,0.18317381207748493,0.2686529231816643,0.2864211621818519,0.3175109158598648,0.33973185443351134,0.378438282204927,0.45849433354592045,0.4483343689338268,0.44009614538291086,0.41196788026649916
0.5048773892712604,0.4608549008536723,0.4550482327938789,0.4342505993911146,0.3640213564005225,0.38073982434304665,0.40015825276207173,0.40237223687913465,0.4134799765587287,0.4132472692150353,0.4199158869546568,0.30844818143202823,0.27404865467692396,0.27920284554448727,0.319437500910486,0.3675754552156643,0.3247684234340979,0.3039008080846828,0.2747265040994604,0.23788454983289944,0.2627977586933724,0.27886306657309534,0.2633006172971415,0.3701023836784282,0.3697641911505773,0.6388581445749851,-0.5432391841526539,-0.2334061905316036,-0.12496918940813297,-0.12058953058556583,-0.21736241146148028,-0.2491826285499564,-0.3168654274544236,-0.41056068084234404,-0.45720974973985345,-0.47744043220586674,-0.4131616494832093,-0.5999280135470351,-0.38380914735168076,0.5735336357163768,0.6211342228325843,0.6128546736383138,-0.11017604046902243,0.41192865949914026,0.5431294449929942,0.3134077717094317,0.2891941944493802,0.3217710476272415,0.3311925254344368
0.44362307550935187,0.41200872107071684,0.4001419534582429,0.3745803324920524,0.3435402844774244,0.30897931221497815,0.3062212977148409,0.3446047606251609,0.3689431174645001,0.3903891962544061,0.40152819903883563,0.38203987873676,0.3570317107057132,0.3391526056981437,0.3168554940684382,0.34910494967228783,0.3213407813278677,0.25561515179671507,0.22818495663766467,0.20691150872955819,0.18028220576096424,0.15839563227228903,0.1978311058666739,0.2196304613935417,0.29728708895896805,0.3016753320826483,-0.5464987442343507,-0.6132843462076629,-0.17863711833046864,-0.1005086848284693,-0.4254239681770652,0.08662446409217892,0.2717829676440093,0.37819908258822404,0.41910142203970085,0.4352850623846366,0.4452940943851255,0.47006498385875906,0.5206622729694997,0.5555330722650458,0.6051815356275951,0.6189123971331801,0.5740443081670537,0.5507525804019501,0.5627194717312858,0.4936731534763648,0.33084538945214864,0.3640597728238558,0.46461770043749995
0.4146280342011766,0.32372004502912344,0.27888466265463707,0.261593925106893,0.20141748241438448,0.19107963289095709,0.17316795169089752,0.20359788983504673,0.26659925245529975,0.33503013877521354,0.3823540249643906,0.3855787635365541,0.3836631471981106,0.3964463047918063,0.39146227443594844,0.36765493988448233,0.36238714799627775,0.33211148688453557,0.3233533142617484,0.29041893959531045,0.2546851482204049,0.24074300732768847,0.2256297773962414,0.1822138189625338,0.16388020840457235,0.16033012174520364,0.204617398158408,0.2556287651098329,0.31879376168875817,0.35826271196934206,0.5006096432437503,0.5261120535170735,0.5436391446937388,0.5543087850968426,0.5482108678503046,0.5495585281180481,0.5565645958028194,0.5600959006140974,0.563180267023356,0.5622084002867654,0.5581225506034189,0.5603992372669419,0.5550621191512551,0.5388107054501421,0.5375786311818543,0.47831620336446967,0.43638105419276396,0.45702029359843077,0.49127527651696923
0.46762331366337745,0.5604116483923586,-0.2603731401375506,-0.597352191406525,-0.38107027305246455,-0.5430689977216145,-0.6001335343504918,0.40599107177560756,0.3528599631860323,0.29155845631427746,0.3742703705536013,0.36884776642869693,0.37424167051485363,0.3797765300102728,0.4226669087252451,0.39552977411632545,0.38490054028083254,0.3139656936032487,0.33645041159969896,0.3660169912926098,0.2890946258403965,0.2520598203149127,0.21209820135889185,0.22737712995054152,0.2119293926425239,0.19672856746124004,0.19725525177114986,0.22260224629715356,0.21638548027536092,0.2238152716957898,0.2514557549977398,0.2821521353480001,0.30534238354530335,0.3535865417554688,0.36276023194096557,0.3866028353354511,0.40964530394314363,0.4183291818785904,0.42175834673289236,0.4330792879985974,0.4310013922455087,0.43179254863209016,0.40158021113913256,0.3766244242003753,0.37719328044729683,0.36357013249037984,0.3525959743990847,0.38300933889703553,0.3700637841721032
0.37596298374816595,0.2740302701446381,0.29370417592959286,0.3633485024792265,-0.5635246145531261,-0.5769499730884687,-0.5103242265598879,0.1591233450494075,0.4537748471622635,0.5276134745843745,0.4423127450800466,0.431685521606796,0.4068350410846461,0.39711246320116794,0.34337630853198714,0.3638011454978622,0.3731257623511516,0.3801147404676361,0.3667685744232849,0.3550050776291345,0.316133015295934,0.26028080016682636,0.261240879961277,0.18930120621352395,0.186493619022082,0.20146329952282013,0.20358187231788596,0.1946272561922169,0.15992850791176713,0.14034985686148319,0.1669548313834929,0.17661821638221506,0.1943246044244409,0.23055392917351772,0.252144577133477,0.2629507748299164,0.33226246828884715,0.3080541529444085,0.2702053928592615,0.2977711663891466,0.305445505098383,0.307440784066163,0.3133363664337755,0.32184765768858487,0.32642784380748063,0.32993613238290614,0.3302441556067289,0.33550936409243387,0.34353002095953894
0.4843051720607191,0.4373210850292299,0.39459628656698037,0.4007333151272902,0.37867971726153804,0.4181857312053953,0.43372246673307396,0.4382037440734584,0.4244703733140917,0.40677396133047267,0.3908097651437327,0.39165553433238953,0.3723658692404267,0.36291240120096563,0.35205352764640413,0.3490487346535855,0.3400835327814939,0.34238926253422874,0.3472364540155621,0.34655799857029174,0.3061907108349213,0.23479231695938413,0.2342426064513058,0.24277344562576164,0.2254066483693721,0.2131140884660017,0.18908356038090135,0.1824843422447369,0.13539304653005288,0.06831907210743705,0.11938723773008714,0.11985274287701563,0.12036218936438627,0.12013021230879453,0.14561136765432725,0.16682752439460982,0.17926971244003564,0.17634109093062839,0.17480524221452381,0.1670146620132777,0.19097589307386098,0.21442763680089258,0.24274281960407199,0.2747802712392625,0.3010496768958581,0.31220843299947565,0.31890957759989097,0.31666559101841096,0.31548069986765354
0.4348698153743797,0.40363508161896416,0.3955907074403649,0.3680645003738094,0.3567813996121271,0.3722542867394502,0.369429935288265,0.3696286940175788,0.34529838600596624,0.33933197082380767,0.3155728626744264,0.31621305754896095,0.30008028560341826,0.25777719536009364,0.29138379042003426,0.30604348868004216,0.3302238296585184,0.3492015567284356,0.3323002417000114,0.29303260088010885,0.2892548221178898,0.3047951345554603,0.292258341551781,0.21937934290392055,0.21798368862562317,0.225598399115646,0.22913146626029393,0.2140690983704056,0.18887027296331727,0.15908792233246608,0.1154682414089108,0.12048403721313743,0.13034273836317148,0.12664190160183872,0.14021071015155773,0.1231516697019492,0.2068100850214093,0.2938846592354674,0.5365795219068381,0.06061020541120635,0.4244206524519776,0.5998336896980747,0.3592126198020203,0.27473150387943845,0.2018074354702004,0.20902688738142725,0.2332778328320996,0.2365537859788958,0.23963763353793816
0.36715011852846396,0.3247668467547197,0.2973661659495792,0.28022773241590365,0.26797218265710515,0.26472476205790785,0.2717290444066113,0.27772167145850774,0.2770515487217448,0.2805762201896566,0.2767394135870469,0.2778536190218628,0.2698103107868188,0.2571600517006478,0.2850118939971301,0.2862446948506056,0.28622752432444354,0.2651946865557876,0.24633367208476972,0.2396724018492124,0.2728052266890171,0.2630854730450306,0.25269435865824297,0.23310611514609517,0.23204393559298717,0.22751425583189047,0.2406731551892101,0.2322852459775074,0.18977314009058938,0.15659436963840026,0.130925656694505,0.12569011100471966,0.12002918507215155,0.08799976503876587,0.10830796101846267,0.13206260872430844,0.20107342989654414,0.22759307382139768,0.23285951666941093,0.23996500916867075,0.20093183926573083,0.2117385225281874,0.21099640165860936,0.19906252347922718,0.16403464659226466,0.1483526334123842,0.15829424602711978,0.24022972537683226,0.25851419150529237
0.26196586781055337,0.25307931899802644,0.21649009476186132,0.19845183156373766,0.17306758424854649,0.15677167382357726,0.14752887714058083,0.1763209108119985,0.18681217838274086,0.19904735951171845,0.1718063740382184,0.19371636764061095,0.22615416771854147,0.2379045020418784,0.20423104695158326,0.17763270990349095,0.20886187295575875,0.23589925853753008,0.23005189620214572,0.2161914394813214,0.2351967102417909,0.27092666583451624,0.28267063647640994,0.24003164206833175,0.23312852886765126,0.2279438390149263,0.2300156690204688,0.21844512293791327,0.2133587871521923,0.2326484757146886,0.25208311872798495,0.2342002287985839,0.2019395594005652,0.17550255518842772,0.152572615567482,0.146563461834848,0.32961795738900146,0.383918590724631,0.4151233858409526,0.49434687946448497,0.4643139146302,-0.49221510442928773,-0.21802338998677526,0.19766618344000267,0.4820229148056731,0.5781618929749889,0.16464915167399138,0.6329425753884514,-0.1672724345371687
0.2658670905417393,0.19851983581692667,0.16825469794385273,0.17467371382984304,0.16462538776165356,0.15633014146753288,0.12418966251030505,0.07884506200528556,0.08151400614432949,0.07364115175134339,0.07221251311316625,0.1219312248632711,0.1446081132315269,0.15640836599341082,0.17827940954520707,0.16371631429374242,0.1355228480837388,0.12609291418764595,0.14203744118602826,0.14527493841951142,0.1540208591465249,0.15567156045025834,0.15550474410255782,0.15701856037707312,0.15480797136345745,0.1498538142486885,0.10900729887098644,0.156078542169233,0.1960887404455492,0.22725723825966332,0.41117741255294094,0.43812665860789785,0.31140668631972895,0.2098115284964514,0.2532965776636544,0.21504827508661592,0.44527424503278945,0.5547672429160787,0.6331725338444603,-0.5546931384275285,-0.6250850316148497,-0.6021155948035024,-0.26797038781240695,-0.4691952946017411,-0.5212762081703411,-0.47044749320638757,-0.4038487574791203,-0.30074831049670636,-0.27246679751726843
-0.39534322209064293,-0.6094025296379828,-0.676535962391161,-0.6796018893844931,-0.575320475795349,-0.5921060501879826,0.6505341934140304,0.5153173547439461,0.46729294401597005,0.31277459406029806,0.12733776337498057,0.0797954283611968,0.10017210751944232,0.10880479612748394,0.10726480319325522,0.19507963483719898,0.10873416244741076,0.13691504264184967,0.06366835302566784,0.06607769334680894,0.05488323047293308,0.06158927979946171,0.13654339819032912,0.15999286338777552,0.11192613101687152,0.05156125565840191,0.08234388487492462,0.09613901436560104,0.10552809448840467,0.11102744579848062,0.23753978186756888,0.24891112902546034,0.21283658753536228,0.28469079300705613,0.48043329947342384,0.5029234594800908,0.550094427371513,0.35188016270861955,0.2344422628056848,0.31970822187278486,-0.2885412263901585,-0.6716076431824478,-0.27368531548294067,-0.6707277654097094,-0.41779993484591027,0.43996032869968177,0.6256285442844225,0.3839725406847172,0.635221621575697
-0.1675477914418827,-0.14892131740270695,-0.16740029189964242,-0.19091104920220062,-0.13897863089814652,-0.19286540785957573,-0.22879949321923704,-0.1354607853766236,-0.39687275761799296,-0.7068698686021273,-0.6879894681123697,-0.5735739544154781,-0.22205551581603242,-0.632392971713446,-0.686642329721331,-0.6485314674606432,-0.3558354929673318,-0.671407543538104,-0.6741041240650604,-0.6427402933912453,0.3694753923693851,0.1575380120076516,-0.3234823849293315,-0.5707198860029618,-0.4479163119125446,-0.6745387465337264,0.43798568445722297,0.6074381800384654,0.19225961093139182,0.5572643576183166,0.5796522528471484,-0.06183577458363881,-0.6838606155735293,-0.6736904587591116,-0.6663527359158504,-0.6635893634444214,-0.2302308905475031,-0.16415334613349594,-0.5689478047777171,-0.6796871613137581,-0.6267116164325788,-0.24797902883311676,-0.39678508385343053,-0.6290438177663901,-0.6805778959498596,-0.42878770206028316,-0.08744524980468366,-0.16838748003994342,-0.3767401816864563
-0.2446326108845671,-0.23550526547627482,-0.21687743440102902,-0.17130261832840168,-0.12223949734699452,-0.08329413110548,-0.09009226398596466,-0.14453651909213694,-0.14287345500724416,-0.13373107015210364,-0.12190637338576234,-0.10289632196019058,-0.07974311714326521,-0.055315455241483735,-0.04816741878380861,-0.04816357542826868,-0.04613257477434044,-0.046238010481524615,-0.04387150325721568,-0.042629270827526225,-0.15103048225302965,-0.17526961379763756,-0.08311005633419341,-0.10432038772662454,-0.16453955694179148,-0.21006962879593216,-0.2633767630890781,-0.08948365638158418,-0.31201030944026553,-0.6122252575358815,-0.611054481778525,-0.29327853228562983,-0.20613442598568255,-0.514780440559745,-0.44682109818194127,-0.4139307505143655,-0.4761852880972294,-0.6881029563634473,-0.6503417412440766,-0.6259840652650281,-0.7076024840422057,-0.62522665794616,-0.4084851533695904,-0.2874682606939816,-0.2722131122307829,-0.3472524041511144,-0.3239188683221027,-0.25912663899993466,-0.21201994035074426
-0.35263826760894784,-0.27723371985884593,-0.21949681066584606,-0.19837027813908667,-0.24647035425488625,-0.24510701658241893,-0.2358075945412344,-0.19951951865549553,-0.17484380434238142,-0.16247251426493925,-0.14351137027748997,-0.14251847207949822,-0.15132253713710325,-0.1287137786423852,-0.07119081409007387,-0.047380478139307534,-0.041311639599861144,-0.0902653273563835,-0.10783096008112852,-0.12445989607416405,-0.14499199738732346,-0.14914959195884323,-0.1539517144672026,-0.14866011065354023,-0.13830462429095028,-0.1379919563555459,-0.13742155584567198,-0.13418286038260627,-0.13829618611453165,-0.1443377260783201,-0.15775731002655247,-0.15487238570975248,-0.15474713731110165,-0.16215785765691818,-0.17859037422103366,-0.19293748860380672,-0.26609443572565245,-0.23787980763805594,-0.25741370349784076,-0.3154998900342562,-0.30366092599249517,-0.2872415989280411,-0.2968960979751789,-0.30026678831082054,-0.29847863043232525,-0.24368895018307696,-0.2753973566932079,-0.31384607224125305,-0.35301034813622345
-0.39026390038373143,-0.3865474659782967,-0.36699609364758407,-0.3262193734174554,-0.28154190864745615,-0.26163127628685856,-0.2315722863720261,-0.20157478718933097,-0.1943331454796545,-0.1796412990274147,-0.1411018322527935,-0.14996984538499972,-0.15033686703921603,-0.1508526051170167,-0.16233706989491545,-0.157454326696412,-0.14954240159180848,-0.15430914982359034,-0.1693225959295639,-0.19134270165335365,-0.2354870572947768,-0.22132743216810505,-0.2124120662798641,-0.2047798302018841,-0.20494144103056713,-0.19480692462797208,-0.14938756850487506,-0.13969026949851243,-0.1576354372121399,-0.1811060068400106,-0.21512953827832218,-0.2239861414058787,-0.2280814714090543,-0.2658420332347839,-0.27896211559491785,-0.28742487868230404,-0.31099093688331303,-0.3229089260247282,-0.3297269831577079,-0.32153983072115794,-0.32581380818992095,-0.3267884458637176,-0.33227951771883396,-0.3429489277555549,1.6761998847150407e+38,0,0,0,0
-0.395232849307734,-0.3644427939125188,-0.3521387561626062,-0.32580330361930904,-0.19791857332525348,-0.15823326376077523,-0.1951792027968747,-0.26105472928673806,-0.2716019596461743,-0.2668667771755884,-0.26486400868581733,-0.263612568953449,-0.2606491826460146,-0.25130358108153683,-0.22693844286559786,-0.229144530132372,-0.2371110046400662,-0.2544093809099761,-0.25415923779591404,-0.24548854634312223,-0.22104247109445352,-0.21635152023354404,-0.23315886105872635,-0.2795729279154658,-0.297333751879763,-0.29867015252886003,-0.2714492587288161,-0.27431345160585924,-0.27100997533318605,-0.2760975218812688,-0.29772670399648593,-0.30313137213245783,-0.30375638299530244,-0.3209410691827194,-0.33467750885911585,-0.34926859941033545,-0.3881858962348055,-0.4011281459893744,-0.40258848708287726,-0.7196245504108939,0,0,0,0,0,0,0,0,0
