jsons/1312635600.json
{"header": {"parameterUnit": "m", "parameterNumber": 2, "dx": 0.1, "dy": 0.5, "parameterNumberName": "Eastward wave", "la1": 40.97354507446295, "la2": 16.46031188964855, "parameterCategory": 2, "lo2": 133.9931640625001, "nx": 191, "ny": 50, "refTime": "2011-08-05 8:00:00", "lo1": 114.97908020019554}, "data":
[rows 22 to 43 of 50, columns 50 to 99 of 191]
0,0,0,0,0,0,0,0,0,0,0,0,0,0,0,0,0,0,-1.3763016167688176,-0.7342419678042259,-1.50301843870381,-0.496568584063031,-0.5600389543418145,-1.6562190492791815,-0.8351417159276626,-1.5120227740250303,-1.796661955350173,-1.894574298603683,-2.235316796443111,-2.413671103316375,-2.211789454093375,-2.1480152420963377,-2.072197121853785,-1.9771703844817667,-1.9966378806177807,-1.9037311578971994,-1.710666628067226,-1.4197644293556517,-1.230285461206904,-1.1776178388181706,-1.106635400445754,-0.8374010224903174,-0.6198456577487346,0.14260984094770401,0.5732244739689716,0.9462049484596446,2.0255675575788126,2.7720456161707276,3.1908127833073303,4.283246572143153
0,0,0,0,0,0,0,0,0,0,0,0,0,0,0,-0.5683689897465238,0,0,0,0,-0.6527294835923718,-1.2992637798857287,-1.6279828243220438,-1.862743154859695,-2.142963980402387,-2.6436210445518875,-2.9548726997659043,-3.1748030596978474,-3.4260921466152086,-3.5417633421406367,-3.6437762019218334,-3.8166944560771565,-3.8715465805046114,-3.913322081083654,-3.901598088499448,-4.029995789974585,-3.931713071223774,-3.9347219824866095,-3.929486664771964,-3.6990476402285095,-3.5799937652183824,-3.205260705017993,-3.0780540957328455,-1.9627585896352275,-1.4377241628133586,-0.7462837694970681,0.6896445485653653,1.2616015225017565,1.6778715987095674,2.876676955042381
0,0,0,0,0,0,0,0,0,0,0,0,0,0,0,0,0,0,-1.1308050332223731,-1.589630927478376,-1.5577674623726914,-1.8728020341958624,-2.557895171580856,-2.9325513443893425,-3.480295674989931,-3.9048882654914094,-4.0940033314927335,-4.391909837201295,-4.663452448403676,-4.814478853356175,-5.278861138182409,-5.641409494734414,-5.771946765035516,-5.78712097338384,-5.82834286119264,-6.021001503078507,-5.967418660230806,-6.02543254116087,-6.20542956747124,-6.017002755343831,-5.9463498163823045,-5.733427680202815,-5.3718213968074195,-4.488338711813937,-3.833692636868796,-3.0738694439361107,-1.501191899003468,-0.5555084996846622,-0.13407214744773877,1.1869395898646953
0,0,0,0,0,0,0,0,0,0,0,0,0,0,0,3.3038944722661223e+38,-0.9410416394972464,-0.6848990483004892,-1.3583923827049722,-2.284610977159484,-2.940264065737107,-3.296186073790322,-3.819589388740672,-4.097129487214579,-4.379725793556104,-4.798090195921563,-5.026419344871997,-5.280298761710034,-5.569448133608747,-5.721817605656835,-5.890776074936747,-6.214249104939464,-6.4231588870465375,-6.523628902889165,-6.676119795345128,-6.9421315289557874,-7.0439494308292465,-7.145949024770388,-7.334890206895107,-7.341580881817912,-7.311252799521029,-7.3209804099381355,-7.210610982115072,-6.954999361835417,-6.704485740307403,-6.296908978393537,-5.256416009937842,-4.697365829285397,-3.5956917673534363,-1.8928815308949436
0,0,0,0,0,0,0,0,-0.46849815552311985,-0.504380848899745,-0.7562821014535562,-1.4403933778261169,-1.9505041641273786,-2.018746815916362,-1.824481561453662,-2.036521830405197,-2.500987495342295,-2.9205402073913627,-3.1639332242067737,-3.630733265985568,-3.904987850824351,-4.175941216141942,-4.500117615286973,-4.6730813939890306,-4.858985497322865,-5.12290584699287,-5.244623218286544,-5.414538553015191,-5.6819572745755496,-5.802240741916152,-5.921061755733952,-6.182352025011327,-6.273420580327482,-6.391217519007833,-6.467374417203493,-6.714250221441679,-6.8226956626868365,-6.878355478497617,-6.845659778100752,-6.897654388291036,-6.916913703777883,-6.900545032694333,-6.90945135126933,-6.907901643960295,-6.79628336332816,-6.778408204396595,-6.737557534262657,-6.5835694703087135,-6.498952360972692,-6.27999135073361
0,0,0,0,0,0,0,-0.37742491604930023,-1.0710035266759645,-1.6240710565110863,-1.8689221375996272,-2.151201881764801,-2.503393595725801,-2.689279466785333,-2.897756246447496,-3.05827499914603,-3.3523963026261003,-3.5972791232388435,-3.83496903238281,-4.0978748788924655,-4.3020286582105856,-4.443463794415283,-4.693361206235266,-4.800045450931339,-4.939686017001108,-5.153031038150729,-5.27549299411334,-5.3813548231143375,-5.595943706107527,-5.677462298677418,-5.74493051679572,-5.900285022882622,-5.9633132102661985,-5.946383571699261,-5.952037884189424,-6.084310921212483,-6.100103501146867,-6.145940732752673,-6.130402157287805,-6.094898298064974,-6.097514455445505,-6.099527650761662,-6.019911272620647,-5.938872581320234,-5.9355471961312976,-5.841135404381661,-5.6863834933267885,-5.15326623403601,-4.880403226213732,-4.195420636741925
0,0,-0.8805913228193624,-0.3932955708096162,-0.7773329124256997,-1.0477802976888815,-1.4403489429504084,-1.675707749822081,-2.006223051748967,-2.242227081157991,-2.44794607017526,-2.638046643616394,-2.8602316815834894,-3.0237669264677893,-3.1980139352748322,-3.3447050011067914,-3.583120053293493,-3.7650695707656143,-3.918643835392015,-4.1250859231531765,-4.270287730328747,-4.391927196840015,-4.558196171072029,-4.651607630723705,-4.790254759723983,-4.98357543474991,-5.033185453732748,-5.166292560210703,-5.295016604900652,-5.360479743499009,-5.417516814692784,-5.585370111749263,-5.634011743073907,-5.670910931348838,-5.741970717896654,-5.766849624297272,-5.696835291434924,-5.612304611181434,-5.618095815117902,-5.593069463122887,-5.503712808577385,-5.449248451540352,-5.351195945078964,-5.086606717982111,-4.80339490086307,-4.568144646003142,-4.100852610833346,-3.5906852345328453,-3.3335006271651717,-2.6930485423054717
-0.6164668416635379,-0.7833495761800126,-1.0246107429723676,-1.3115007326515604,-1.6439295342455105,-1.8075584370717392,-2.027053088470601,-2.1728650072044022,-2.337469897383969,-2.540817538688266,-2.6491632447356057,-2.842035651755585,-2.9890414571909187,-3.125698801695608,-3.322846599155602,-3.4234134443794653,-3.5633064191390007,-3.7154605184316063,-3.804348084005479,-3.978553883828523,-4.123516676552737,-4.212208966359872,-4.368091751821138,-4.456881563082474,-4.551876473793835,-4.687880722321267,-4.777425678928289,-4.840242725994448,-4.994520699979388,-5.041115284876213,-5.0781504338587276,-5.187267465338043,-5.235414309691068,-5.219396543793699,-5.226486281107907,-5.28008881933436,-5.276991897768771,-5.260925425614159,-5.289644992827024,-5.200496470635508,-5.193381768145394,-5.095234745113018,-4.953387564168533,-4.577682020834079,-4.300485717823142,-4.147062654878993,-3.5637035695273562,-3.135381880597393,-2.949969485791246,-2.281254401237935
-1.2871440672759178,-1.5016189523622552,-1.6213866876497418,-1.8016572914919664,-1.958551361950712,-2.0706955367540294,-2.2346078879812956,-2.3270628121292454,-2.4994676355469463,-2.6244092586846524,-2.7335759678276625,-2.893764175574612,-3.050207583798351,-3.1464485279098966,-3.28616208351426,-3.3658988258763296,-3.4919024409692825,-3.6069446780352834,-3.690880949161929,-3.8291016415951855,-3.9317483841784955,-4.007212143042879,-4.149145477205266,-4.218632940825502,-4.331664973030619,-4.4682887244041956,-4.525453462871682,-4.590055847526606,-4.717862146613683,-4.786059365449801,-4.869233063747962,-4.979959181737745,-5.035408022619626,-5.0898643537070605,-5.143700807860871,-5.287885647650038,-5.317499201134888,-5.277641633741165,-5.283508944061739,-5.202639297548461,-5.061997698541458,-4.94706681686919,-4.744777019552741,-4.424464741653583,-4.122781694612423,-3.835941040683349,-3.369419328966234,-2.9184082512670577,-2.743999963240159,-2.1770791792053807
-1.5294000866708888,-1.7347538936202158,-1.837377091736535,-1.9883176799770226,-2.1225756204501796,-2.1974851727496434,-2.2984237923305257,-2.419575825792316,-2.536547671379729,-2.686788637280318,-2.773878870103242,-2.887564681775755,-3.0153538157200237,-3.095349584627723,-3.174436921817544,-3.2691217463098026,-3.38935967835972,-3.4906407016139407,-3.5545633415091724,-3.7128710256350446,-3.80044536998927,-3.8604795811626396,-3.9888537784130773,-4.062324938881427,-4.139124570346959,-4.256412866082839,-4.333857160627231,-4.432611978009424,-4.575510280460518,-4.638707113589597,-4.72616823429377,-4.831632668059449,-4.917462017146686,-4.976489307681961,-5.053779512691659,-5.113530483996942,-5.127229540768185,-5.132443141499204,-5.131938869909812,-5.026164042042121,-4.923873167169486,-4.780556673265735,-4.6206865024239505,-4.343454163301227,-4.191092920313187,-3.8230164958918977,-3.3827781352216,-3.0612963199355687,-2.8958331902672243,-2.5261815058449857
-1.8229490619628468,-1.9345889130309655,-1.994386306441036,-2.0928367538987205,-2.196280349156489,-2.2785226209008465,-2.337744035938468,-2.4361282472045573,-2.4578077988690517,-2.3341285826363762,-2.2030337830953983,0,0,0,0,0,0,0,0,0,-2.837988231005565,-3.2532550481985036,-3.5904184563393815,-3.7196087040446755,-3.8567085726792185,-4.0185684665559585,-4.115781425686617,-4.187969628418064,-4.340212283232176,-4.393787185136491,-4.4961955369879085,-4.621598677654248,-4.686464084693517,-4.745494754449404,-4.808297169671664,-4.876593209344418,-4.905016285278921,-4.92163597815679,-4.9365740807402,-4.854451716687279,-4.770262219351044,-4.660578725130818,-4.5879621987219785,-4.518622741513294,-4.328794053553738,-4.108699408291201,-3.833809822936108,-3.639357414478674,-3.4672809306966634,-3.153841192308012
-1.6727147915345555,-1.7081874794540126,-1.7121482193294246,-1.6602772988482768,-1.5834719655335454,-1.4782042762365717,-1.245704893262175,0,0,0,0,0,0,0,0,0,0,0,0,-2.301724433014839,-2.7117954829603907,-2.9827988613242,-3.2704664522634888,-3.3886039655184006,-3.6024719724829053,-3.7437064725648654,-3.836286241802326,-3.9293684419884047,-4.017936374628509,-4.082279444689117,-4.162602116216812,-4.29640132271855,-4.371984202174238,-4.425797335274993,-4.514956731239658,-4.592402461942563,-4.652822308487925,-4.577691030850684,-4.383744692138372,-4.599583543875852,-4.59552112592356,-4.119246923478784,-3.250561103315125,-2.094496312173343,-4.076266545869794,-4.237821451330331,-4.0848745335385805,-3.998748104633272,-3.900352372915805,-3.6204331992353986
-1.18681493760516,-1.0434297207936116,-0.9675612242172026,-0.8480754040379831,0,0,0,0,0,0,0,0,0,0,0,0,0,-1.9832952967494268,-2.278353408466387,-2.6017932828350006,-2.833545890436963,-2.9643306336842943,-3.155886909578931,-3.274246307177343,-3.4071713550005396,-3.5527109228883913,-3.6176592851422806,-3.701472152483914,-3.801764887984981,-3.8515270881105432,-3.8944860634088316,-3.88683980978049,-3.833520707911681,-3.768777740481917,-3.6312707645401248,-3.3730212071739882,-3.0784438589354752,-2.913267290360594,-2.8212075162006487,-3.1144598251766835,-3.284686423921741,-3.588011272270772,-3.652293059493701,-3.7196077168813346,-3.822608740208148,-3.910472173711416,-3.8785539547850583,-3.9257414425429658,-3.8293288286969003,-3.6709855356676746
-0.6551838655359268,-0.4797057007442413,0,0,0,0,0,0,0,0,0,0,0,0,0,0,-2.0106064906767767,-2.251429071337387,-2.4182170387994364,-2.6096840768195753,-2.793558092121174,-2.891905228398304,-2.9857542218760953,-3.059034038452427,-3.1405040138395313,-3.206618575864163,-3.24151356088295,-3.246788396573854,-3.2606709637818105,-3.229686624846725,-3.1813003864744345,-3.1429761799814275,-3.1444141806327215,-3.1144323865334758,-3.1038098907235976,-3.1546650653057564,-3.1651460952042605,-3.2427592256762736,-3.373252519337539,-3.4312610061099837,-3.510322618973741,-3.64006564033651,-3.6694407338375195,-3.6884631632289944,-3.7341917149165798,-3.7230623339132722,-3.6534196006929647,-3.6260443852949447,-3.567009275834041,-3.4584524423459975
-0.4423744576827194,-0.13359574494805848,0,0,0,0,0,0,0,0,0,0,0,0,-1.8030264573788348,-1.9829811162307702,-2.1754713012091043,-2.336079012573289,-2.4386819264912316,-2.533766509864627,-2.6289290773239347,-2.6907378300816833,-2.762641618227986,-2.7964286117212165,-2.833523670827018,-2.875227178902965,-2.8861143848641717,-2.904338740755433,-2.915094861266721,-2.9330248559482652,-2.9347149771285395,-2.99453086740498,-3.0187198508375577,-3.0657039894851734,-3.0968876953246327,-3.1855235255786756,-3.234180388614971,-3.2916919923629027,-3.388000205464263,-3.402871744933614,-3.449106473275487,-3.5265522286874336,-3.550272307980422,-3.5358923704286034,-3.542266947302622,-3.515034479394781,-3.4523479691868117,-3.4039124668578578,-3.369309517322153,-3.2945934249462456
-0.3478847590180854,-0.2965207771286327,-0.24807249531784506,-0.2513541338587727,-0.42132879265123135,0,0,0,0,0,-1.483938037786931,-1.5017683577088998,-1.7091204624702434,-1.8370463808384947,-1.9743687504482461,-2.041608807874762,-2.1432058947298325,-2.2455014877837067,-2.293019038863622,-2.36505364049017,-2.430671971297393,-2.461382137056535,-2.5008192242073637,-2.5284456211448347,-2.5668175680002516,-2.611313604184723,-2.63785497066396,-2.6726875187167445,-2.746995392688366,-2.773346414511123,-2.81393056965838,-2.889460883818247,-2.9352330832106768,-2.9727383191256957,-3.0273762820905645,-3.117161148551039,-3.1518483703966846,-3.180522820650507,-3.247557860012769,-3.2841679725628876,-3.2985802238076385,-3.3381695338331943,-3.3422447607398396,-3.3236455977377597,-3.3083401816546525,-3.292274539181064,-3.2423145396020794,-3.234889494519152,-3.2176766777849624,-3.170471663949864
-0.22614713519150817,-0.2599340876200577,-0.25423713785779295,-0.5810012335491994,0.3608063140108643,0.6136629811793527,0.6433960106861554,0.7544581828874981,0,-1.3148484552504078,-1.5318679248923959,-1.6925206160039776,-1.8092414650673683,-1.868079737876584,-1.9535297608496693,-2.0057701280144227,-2.0768059206846674,-2.138818009699482,-2.168403704667679,-2.218594739966085,-2.276287649511601,-2.3087936519664867,-2.3779908420472995,-2.419827898461927,-2.4430124287248396,-2.5041333063955604,-2.5467070265958593,-2.572045743767149,-2.6378689655557808,-2.6681513851879597,-2.716439045089022,-2.801474914652214,-2.825693873243666,-2.8758139481142564,-2.952814524168564,-3.012676392536333,-3.0439509124651596,-3.0503304389860397,-3.0781317791036167,-3.0856237058520453,-3.1062053410570925,-3.113533482357859,-3.1142865355557237,-3.0880015611611107,-3.101750783191947,-3.0994669722319683,-3.064436219395755,-3.0683340599624866,-3.049034641458029,-3.007577153307787
-0.9869329283624727,-0.9724958896599835,-0.9842528150277067,-1.145147358351279,-1.1948135197708956,-1.357176655674534,-1.4917696738457622,-1.5596192849451131,-1.6524607899985275,-1.6983570655499043,-1.7316578608245037,-1.7823614857473842,-1.8332335799265285,-1.8605749060759222,-1.9251025272127635,-1.9646748225080568,-2.025595130544434,-2.0692158467668684,-2.1126906523046047,-2.1694608239703785,-2.223784196206011,-2.243517145454069,-2.3075849159919937,-2.349032686315602,-2.3845256146734775,-2.4501169320320466,-2.468349099171093,-2.501290067581244,-2.5788374013507727,-2.6017337743577387,-2.6657271033969665,-2.7316524701266447,-2.784381334990127,-2.8067144345965516,-2.833181030769846,-2.8964312944148847,-2.908984619941207,-2.9368521583701823,-2.9455026240046758,-2.9370795962689686,-2.9375843167075075,-2.958882603661163,-2.9671384556285516,-2.9619909980333303,-2.967961123396551,-2.958227349915088,-2.9458708276523295,-2.963662639340337,-2.9462194563494823,-2.9163099351955593
-1.2233221853587801,-1.265274990492109,-1.3044671733441324,-1.4132960863306605,-1.4532829174925088,-1.4939526926784572,-1.5643195152606604,-1.5699784552263867,-1.6291133299536005,-1.673223369468909,-1.7182934311066462,-1.7596704449857847,-1.8191506724445383,-1.850266281039771,-1.8994386160067631,-1.9261844534241603,-1.9768073202311776,-2.0273201472196885,-2.0466933196063897,-2.1279025096388153,-2.153432646498308,-2.179337869028038,-2.2151763127227166,-2.2548432812596926,-2.2981786047725024,-2.3575153689934774,-2.3902970791905136,-2.432402451067932,-2.500742507185948,-2.5380431677343496,-2.581643926402512,-2.6272598456780645,-2.6504290842284988,-2.6796286472923434,-2.6983300246231803,-2.735867844954266,-2.7336030483920672,-2.7537979308912575,-2.787909842950124,-2.789923077156123,-2.800903591085626,-2.8190219274779085,-2.8318187440596656,-2.82576056666492,-2.827962758223452,-2.8183487158381353,-2.8002730156017113,-2.8114133610693735,-2.8051481204683237,-2.7823137976908674
-1.3231416277451622,-1.3776599994882575,-1.3923139242065865,-1.4528564767675407,-1.4908888448366382,-1.516988161937,-1.5623699725728295,-1.6056357254227434,-1.6384430280594753,-1.690267920148894,-1.7014483199190782,-1.7607833852337278,-1.8183717205439451,-1.8447666637586837,-1.8771451896284987,-1.9043254883074217,-1.961489942830335,-2.0027566858403976,-2.035788766549613,-2.084755641031335,-2.118166498132469,-2.1409958536253546,-2.1848665944308174,-2.197364823666031,-2.2517199560611196,-2.310670743626706,-2.3460691637169773,-2.395773912322197,-2.443088860779386,-2.478717845395566,-2.492434935877557,-2.539325984898981,-2.5644794651989504,-2.592770237682323,-2.615938032471965,-2.6235668453259877,-2.623344709380384,-2.641079495804006,-2.6724488935981943,-2.6843125501193166,-2.704175625111094,-2.7088063315008033,-2.7119129006937115,-2.7055335009496364,-2.716553309130646,-2.7221050035145993,-2.701821120566468,-2.6959270710095278,-2.70061275011175,-2.6841053977169373
-1.3308949000372832,-1.3864080311139455,-1.4152447029314683,-1.466224140344698,-1.492824400935679,-1.527360083775238,-1.5659997631713647,-1.5971948819564667,-1.6483910058202556,-1.677694303367706,-1.7209477899383914,-1.775286045938864,-1.804683151505388,-1.8375128737651498,-1.8773483581911736,-1.8918956858993108,-1.9305343763571798,-1.9604740288753617,-1.9779923443756964,-2.0326338621203046,-2.0713282522967207,-2.0964437895825636,-2.1710448812592067,-2.1849417779710767,-2.2158857253005935,-2.269319805574851,-2.290713164962331,-2.3242051445056617,-2.362888223366766,-2.381051694074852,-2.4077771472386984,-2.4329532284827784,-2.450876274466131,-2.4640046213566538,-2.4833091260149054,-2.503216620703276,-2.5222819506113643,-2.5390362073819923,-2.573813892098485,-2.5772188952477633,-2.5841850722941806,-2.610999681066922,-2.618191437691319,-2.614829764060059,-2.616598951701997,-2.6186225009801536,-2.616107465236897,-2.6154150815910047,-2.6120869485803246,-2.604970824057264
-1.3708398131167272,-1.4003961950945454,-1.4188093555015522,-1.4750253261369484,-1.5084648863223287,-1.5349259802597277,-1.5968389201358293,-1.6098299670822886,-1.6463461254261602,-1.7034538104015329,-1.7121649356583302,-1.7497123436404423,-1.7991876050895634,-1.8056971716219523,-1.840238493030879,-1.8768679077277008,-1.9123760446730451,-1.9377903453368732,-1.9624840332969047,-1.997322258604605,-2.0366539485398594,-2.0570789042497855,-2.0897962241326526,-2.128878068529713,-2.1677437636348142,-2.2025638652495005,-2.2285687623637447,-2.263814602512679,-2.278439858242964,-2.296136962487415,-2.3291670505717352,-2.356282608182272,-2.3756554074299405,-2.3932633813251436,-2.401269239949732,-2.425720770869432,-2.4379527661282667,-2.4380766236565505,-2.4738390809879904,-2.4876586511179695,-2.4944025154652705,-2.5186469514559584,-2.520450283105768,-2.5261383167708527,-2.547892818932764,-2.5426021786516184,-2.531307856257939,-2.5333393911885254,-2.5392411966041526,-2.5342263330659214
