jsons/1312794000.json
{"header": {"parameterUnit": "m", "parameterNumber": 2, "dx": 0.1, "dy": 0.5, "parameterNumberName": "Eastward wave", "la1": 40.97354507446295, "la2": 16.46031188964855, "parameterCategory": 2, "lo2": 133.9931640625001, "nx": 191, "ny": 50, "refTime": "2011-08-05 8:00:00", "lo1": 114.97908020019554}, "data":
[rows 22 to 43 of 50, columns 49 to 97 of 191]
0,0,0,0,0,0,0,0,0,0,0,0,0,0,0,0,0,0,0,-0.2788593752372712,-0.08517809638011792,-0.19766706514957622,0.18281813978854058,0.19634402092782158,-0.48265397820658973,-0.6067391364232452,-0.7793731016054639,-0.9796581754243288,-1.2660916806180085,-1.2594523997496723,-1.2544531090166173,-1.20737226558034,-1.1234433057437379,-1.0614152350447277,-0.9812987143196109,-0.9271373163192723,-0.8163354026314101,-0.6986917509761036,-0.6529931394387926,-0.6375265178635542,-0.5953493228905113,-0.5836466459658202,-0.5484662252505985,-0.5253727457880941,-0.3777945282711965,-0.3557432161536689,-0.3665292658887088,-0.715981590552583,1.0673560100151913
0,0,0,0,0,0,0,0,0,0,0,0,0,0,0,0,-0.007079750687783646,0,0,0,0,-0.12250403425161281,-0.2612230534844485,-0.4034728072248242,-0.5595016419417573,-0.6830797834936425,-0.8833367914509579,-1.0644958033337408,-1.2582329683481441,-1.2643548275654155,-1.2370189828544815,-1.102908249724237,-0.9594113669735076,-0.836631893512879,-0.6905552666604836,-0.668487536410463,-0.645730669999567,-0.6118001972164904,-0.5983864589921881,-0.5792633331058581,-0.5268866829706954,-0.48178014123744706,-0.4468400519248581,-0.4197369434578389,-0.3647268661605442,-0.3273166256489996,-0.23439840036928258,-0.07320807810569294,0.600085057858069
0,0,0,0,0,0,0,0,0,0,0,0,0,0,0,0,0,0,0,0.053592982310601736,0.1184378448723087,0.00992644127684919,-0.10179412119232929,-0.290907737657945,-0.4935070429051674,-0.9376433354978195,-1.1426636967048551,-1.2196142110455266,-1.269844280897056,-1.2050776866086543,-1.103747299964123,-0.8437388824836191,-0.7460854164029825,-0.7222204898776838,-0.6970529687744805,-0.6792109472416196,-0.6305112685551375,-0.5547801890294232,-0.5321180795373811,-0.46271165731647407,-0.3854430964468879,-0.3652770150853371,-0.30776472679467987,-0.30004884734865345,-0.23686558429769966,-0.2102672656983461,-0.17851559103560424,-0.7033618562254488,-0.08170663116439465
0,0,0,0,0,0,0,0,0,0,0,0,0,0,0,0,3.3038944722661223e+38,-0.2838385475806705,0.12935799558376682,0.14481794812260934,0.10272496146089047,-0.24254728312656892,-0.48521622650706053,-0.7631349174763111,-0.9634579914640584,-1.1981072336551024,-1.281728567766312,-1.2984361748018727,-1.1898484792208348,-1.0392358866851512,-0.9138088230447836,-0.7058917310365963,-0.6184332189985414,-0.5541442910142776,-0.474028966628315,-0.4506971044086692,-0.46175052847578796,-0.43129634489340946,-0.4173121415640356,-0.3566742758294728,-0.3173865360299528,-0.29765121222408003,-0.2846776899169153,-0.27392828253632023,-0.22789495909110993,-0.19172316739827633,-0.13193762918515983,-0.7282300439821644,-0.8598775743647294
0,0,0,0,0,0,0,0,0,0.06441579939572487,0.15586234771737517,0.2233801838373222,0.3024470714722936,0.4125716725529839,0.4393887945658287,0.3915689983170711,0.36086526779912587,0.3301433893077039,0.06373335233353716,-0.1451662806767013,-0.4386366456809566,-0.8126399573276885,-0.9964916915899937,-1.1265722463119807,-1.2068162378947216,-1.2999132787640613,-1.288590731849347,-1.2481204885882142,-1.1229569003665885,-0.9715762219958731,-0.861260597836103,-0.6423192807138375,-0.5199390093740403,-0.5134555850717768,-0.4723993337953289,-0.4112233073236772,-0.32762192785209626,-0.2505475400716409,-0.25415239933043704,-0.20567844976259173,-0.19708305179626354,-0.18013642628399804,-0.16128299949957853,-0.12198906385056066,-0.08855014717297308,-0.09702229418953624,-0.4403726251859319,-0.9043401844418266,1.0408158765141338
0,0,0,0,0,0,0,0,0.2144415773018387,0.2651936447902296,0.33153039308174,0.3284913762239291,0.24609333778153872,0.201052200999196,0.1271328500835536,-0.10970604698106722,-0.23770664047392429,-0.3887267779834818,-0.7423752053701312,-0.898610651188209,-1.0197273130671627,-1.165086351397664,-1.2370866552625521,-1.2855710444487383,-1.2973473418459407,-1.321520504349468,-1.2756399096091613,-1.2274621708583302,-1.1238928314534826,-1.0047737559483134,-0.9067204354549784,-0.7411157814491889,-0.6770222694384934,-0.6360224361389781,-0.5035074560984736,-0.42629144166939203,-0.32224221764418104,-0.23027117385533963,-0.19324566745742988,-0.18007137067171722,-0.1350547641883395,-0.12159430021504006,-0.2462133139618121,-0.45320546095221304,0.1429799183775211,0.9144983717694201,1.0232032056333664,0.7991287727516323,1.0259998649109552
0,0,0,-0.39942064846586633,0.276726850454283,0.2713866462225188,0.25011840040716676,0.25964856207333065,0.2243710713331032,0.08678454588798269,0.013448593882236804,-0.07568230113363947,-0.2395929190415702,-0.3697493060711549,-0.5189001944594248,-0.7089710175049246,-0.8615579744109211,-0.9567317986166267,-1.1000046501191694,-1.1468538591507462,-1.1860661649423425,-1.2501894836902328,-1.304163968580653,-1.3230899718163331,-1.332333242129773,-1.3298651722658552,-1.2809112936335347,-1.2683274823717878,-1.108932179080716,-0.9971275752257935,-0.9213148639330305,-0.7604564568342913,-0.681945751245805,-0.6224031308532145,-0.41552172774867346,-0.3656482030995,-0.2842152290880469,-0.2406542636986212,-0.2235010782972694,-0.20927832814559177,-0.16836090224902872,-0.15795728445015372,-0.14019121474811563,-0.2746329081658576,-0.8348418090031178,-0.7199391026236948,0.7859601265378212,0.778834893324025,0.3251480229447604
0.10488849327020476,0.14300325575930845,0.10176990243502526,0.06374360499108826,0.025903745276874817,-0.11826304981553028,-0.17406887867761375,-0.2541901945254798,-0.36618301130611974,-0.523668831336652,-0.629297574623371,-0.7046438197051365,-0.8250159497611387,-0.8977697842637915,-0.9879682851288021,-1.0943649659451393,-1.1332451628915177,-1.1745536331138524,-1.2311712535251464,-1.256412017048431,-1.2822001257751934,-1.3195365796523397,-1.3396842073045672,-1.339366352820184,-1.3377739178666868,-1.3297796840928071,-1.2893990126272745,-1.2504623443791911,-1.1745427202939835,-1.1023793491099603,-1.0283595891264585,-0.8990260903125654,-0.8260640073248349,-0.7761516489957248,-0.6146861384230747,-0.47767964701813925,-0.38606921045770143,-0.2713660840197939,-0.2793580979002969,-0.2655186941528623,-0.2704598318603651,-0.24456680334516742,-0.18581652181195335,-0.3241224603764076,-1.0267976270376957,0.9980467389382963,0.9562333190654633,0.44089163992701574,0.17091046451958838
-0.10676720172066102,-0.18041084175709443,-0.30604683432158303,-0.35386401735676987,-0.43681841693763285,-0.5513670350330393,-0.6313165146403842,-0.717302575198502,-0.7726653866698764,-0.8998687893137483,-0.9727284885656579,-1.0422375520845872,-1.128570481988891,-1.1848058462902247,-1.1975977017080675,-1.2267539681063442,-1.2509441181057117,-1.2705775038758829,-1.2910132033637147,-1.3004597745963518,-1.3250350903841077,-1.3556771963579854,-1.368096697542774,-1.3846762428748955,-1.4015925499611372,-1.3942120935741302,-1.3617512751440353,-1.3314168222513214,-1.2649384134689772,-1.211530442917794,-1.1622367000234552,-1.0745920308178034,-1.0080771911195074,-0.9201723853802434,-0.7737995296715879,-0.6941963729761846,-0.6359910947368335,-0.522747226443493,-0.45500280806354093,-0.42132220505196216,-0.3791176193485063,-0.36897361729629635,-0.3441267664584294,-0.24710066175011383,-0.28015909062676264,-0.35784412883195743,-0.778882863958428,-0.8546617220251074,0.8887493827371351
-0.4337479297846351,-0.5661355282891392,-0.6915337037458894,-0.7570964287899764,-0.8381445319790081,-0.9398147078495259,-0.980767903691991,-1.052413382773144,-1.1086620279291672,-1.1674318764128657,-1.2294610836087065,-1.2506124071770874,-1.280915711627724,-1.2859422611419593,-1.2954992124559976,-1.3004172097970268,-1.2983674628580346,-1.3165114812586995,-1.333309577880033,-1.3318578310537503,-1.3359700567307107,-1.3636563190341249,-1.3974291339170186,-1.420281573134697,-1.4185369943791823,-1.4161890416747664,-1.379149127381777,-1.351051649238536,-1.3172624281647671,-1.2884042118537318,-1.268942192823028,-1.2265858768762865,-1.192481647193885,-1.1543604614968088,-1.060470827033256,-0.9884734801876438,-0.8361513476384246,-0.6521510091482555,-0.563055423963461,-0.4984564468304027,-0.41809040028103794,-0.3614359778807356,-0.2983917819680673,-0.27270419486829856,-0.22214705628582873,-0.19447235297094814,-0.12837482474668865,-0.08993248180389511,-0.08440106385920178
-0.8733514929020105,-0.932374317251654,-1.0033687374613833,-1.0384134017404874,-1.1036039021755877,-1.1627534667963422,-1.207678199657413,-1.2351988654623562,-1.269808252921612,-1.2899792200823206,-1.2420593654872736,-1.179339593559687,0,0,0,0,0,0,0,0,0,-1.0922099106941014,-1.292769578022366,-1.372169541308799,-1.383752022150823,-1.4024386780228593,-1.4055988505288273,-1.4068057609104472,-1.408347575454674,-1.3970926783140207,-1.390869173325174,-1.3726027410842305,-1.3504276044994323,-1.2959434531280698,-1.1551942096343326,-1.066481117785328,-0.9235007654727936,-0.8198576645882635,-0.7752252435293308,-0.7333724410601126,-0.6541497301388474,-0.6181677218989007,-0.5891974753048793,-0.636783014624499,-0.6252813820914938,-0.530736211313556,-0.43104690672504536,-0.2811735130516799,-0.24777193588445232
-1.069903483527778,-1.0962459294577,-1.1571281165686138,-1.179398442563247,-1.1610894654971393,-1.1204309970658193,-1.0525564783037213,-0.8871769864132497,0,0,0,0,0,0,0,0,0,0,0,0,-0.8623546736423575,-1.1710329042716692,-1.302572404058757,-1.3673871442688954,-1.385348753264376,-1.4320051949843333,-1.4302664883893583,-1.4316905111898093,-1.4586852315446983,-1.4634981047356996,-1.466721908034905,-1.4567364066679094,-1.4520715442128402,-1.4120900364402065,-1.3351132773833785,-1.249404045389003,-1.1467983613398767,-1.0125202051379205,-1.0770827378115382,-1.0284750755944534,-1.0627109735687852,-0.9880272911899852,-1.001244539541136,-0.8313717083981116,0.10243536742484598,-1.0245130627502206,-1.0313530776584496,-0.5364535875827429,-0.4121253267342821
-1.0684809164482194,-1.0372532795656713,-0.9393176008468858,-0.8522330620994918,-0.7302310842196265,0,0,0,0,0,0,0,0,0,0,0,0,0,-0.6052423510576967,-0.8623977527814841,-1.1079420324507534,-1.2755601933439518,-1.3357619206972113,-1.380569791350152,-1.407007722041288,-1.4392813242270603,-1.456820675429635,-1.4681389079063414,-1.486676838420389,-1.5045257407695036,-1.514115951153987,-1.5129544767394554,-1.5042590150730109,-1.4651483345612017,-1.3817919533807876,-1.3285893231455579,-1.19844133691567,-0.8667944501132352,-0.9379177275224415,-0.9354104127909966,-0.4476445814649617,-0.6278048170137914,-0.6009710661980069,-0.836075195417165,-0.725114221577329,-0.6152140163693002,-0.8150597779771591,-0.7158333970484689,-0.733941630029874
-0.8523975783208627,-0.6133999888296285,-0.3307957098309926,0,0,0,0,0,0,0,0,0,0,0,0,0,0,-0.7020001169027876,-0.9986580150055296,-1.1639222185314069,-1.2656068538898184,-1.34766600590691,-1.3835523524989306,-1.4163217264380559,-1.4435318275864386,-1.4716436547717162,-1.4909175103278665,-1.4949294805146345,-1.5078519372343828,-1.5291054444306884,-1.541293797782698,-1.5381246914677278,-1.537787422809699,-1.511611649043823,-1.4278547179055383,-1.3829962086431777,-1.3099206674224901,-1.134854098333656,-1.009635637241303,-0.8341026612965909,-0.7533657498762668,-0.7213726790180041,-0.6494779223604619,-0.6408873342395759,-0.6286515913697585,-0.6659706199357858,-0.7352198555235725,-0.8144074015325194,-0.8454207158497753
-0.583251748697484,-0.5645869202378543,0.6014138143120737,0,0,0,0,0,0,0,0,0,0,0,0,-0.6964021609646261,-0.8758149540451691,-1.0440418465831312,-1.206510042460933,-1.2699717959347692,-1.3314741169967053,-1.390141212354016,-1.4183406512048413,-1.4632302391955034,-1.473659869710345,-1.4860503625394639,-1.5157249655367409,-1.518136454471948,-1.530624751648891,-1.5544457840290729,-1.5663580380775817,-1.556439259762326,-1.5465230012494366,-1.5303741834292135,-1.462179672486357,-1.41267981450483,-1.3300330588703528,-1.240857524457819,-1.1882299314600058,-1.0919761471051284,-0.9946697598795111,-0.9737934084277756,-0.9252465073387065,-0.9106997226775561,-0.8959157244226107,-0.8962356166928372,-0.8938212273064378,-0.9105202223282902,-0.9246268626661188
-0.44104112075086505,-0.35959389510722806,-0.1956081642497925,-0.26221348934397565,-0.5261137616586392,-0.46876302225497607,0,0,0,0,0,-0.7586907808214916,-0.5258393838827531,-0.7296533190061184,-0.8839866993425717,-1.0503564001533918,-1.14533634440976,-1.2591218666134536,-1.334536747385325,-1.3711193785170364,-1.409352541968141,-1.441539448561369,-1.459739236666914,-1.4824734550999241,-1.4912880640537562,-1.502168183531213,-1.5198752820104247,-1.5282618421794345,-1.5381154164417266,-1.5487407056608804,-1.5444071393716414,-1.51805195813538,-1.4983806848027754,-1.4808742879513015,-1.3925071369935345,-1.3906160027429624,-1.335933424188215,-1.2999197759597525,-1.2606831720736358,-1.2261764415498337,-1.1569836764272137,-1.1313484824655724,-1.0846991466579312,-1.066289555253504,-1.0334707658019577,-1.0052461241435124,-0.9928343573718715,-0.9981881769080607,-1.0034246888123959
-0.44745351415432155,-0.4447821893453082,-0.5952517895230004,0.5933583619408811,0.5543858291787406,0.4523755450935935,0.5187636588729782,0.5477223415108081,0.6417761813088759,0,-0.6502601489300148,-0.8127272449711068,-1.0019515481663546,-1.1443814211825902,-1.224498983727209,-1.319778448806483,-1.3687696486956968,-1.4137208827634655,-1.4345126510532293,-1.4420783111059594,-1.4636481563558073,-1.4767576329627534,-1.4863357025110855,-1.5091558271773415,-1.5144784837008318,-1.5080489856897923,-1.5234993435340938,-1.5234256577589866,-1.5270957679983577,-1.5153789924301166,-1.5092676270440686,-1.4808876292765198,-1.4598088063911223,-1.4440766289550742,-1.4213023286518152,-1.4151621881071645,-1.3729870926759848,-1.3204398920806688,-1.295190218990306,-1.2651771927920719,-1.2191272886764783,-1.1999948627630468,-1.1643839123852606,-1.1267922407704256,-1.1105055323128556,-1.1012828138043107,-1.0897642613742156,-1.0271590641965593,-1.0269903696673846
-0.5901565672148521,-0.5985742357380957,-0.5440747621274934,-0.5716125774091099,-0.6535954942635056,-0.7252995984148415,-0.8483589844494879,-0.9864628082065456,-1.0861565492270089,-1.1561875901649843,-1.2382407288247417,-1.2741312357361845,-1.3269321143614201,-1.3773329010741988,-1.39616795385421,-1.4263753722114643,-1.4491120440157368,-1.4656968977686586,-1.4594488448567882,-1.473942100191218,-1.490100448067516,-1.496868232069797,-1.4914824391610977,-1.5055656647477111,-1.4987232447492196,-1.4668884800132533,-1.4797325492717002,-1.4782312472950718,-1.4469383406549612,-1.4434590615046665,-1.4380864241351696,-1.4250949660153835,-1.410231490513772,-1.4067339645958092,-1.3938062126862818,-1.3621871819504452,-1.3302639327460077,-1.2921424337041962,-1.270894328743297,-1.2446677244212465,-1.2253337146605705,-1.2214070079492207,-1.203795081248239,-1.1858696006334626,-1.1561540158292412,-1.1372703385704777,-1.126776093882834,-1.0984343020987164,-1.0793126500360657
-0.8912284982638262,-0.9404534919322091,-0.9698103503460026,-0.9972025990996557,-1.1324621159938875,-1.140847014125896,-1.1647818080542485,-1.2403433497780025,-1.2457873517354188,-1.2838156712735194,-1.3251063543915134,-1.3611130398004485,-1.3872264310323374,-1.4357257861688721,-1.4517333166717739,-1.4615112199399911,-1.475105683098119,-1.4835988418366646,-1.4849912695953074,-1.4820144858422488,-1.5110995417063375,-1.507162959373153,-1.5016260269911967,-1.5168688178574203,-1.5160274892901113,-1.5026825658364615,-1.4975548804931704,-1.487464283903213,-1.4571464531256688,-1.4431289564472796,-1.4291790090749548,-1.407521892085541,-1.398747740143075,-1.388882415461901,-1.3751008005116483,-1.3588075610396482,-1.3265553209212264,-1.3032764668394239,-1.282085297741479,-1.267410788664648,-1.232551322553713,-1.217781095634372,-1.21189569076399,-1.194187512693925,-1.170013729759009,-1.166095492505863,-1.165987490115385,-1.1285164409717334,-1.1107003362215153
-1.0502532543721033,-1.1057719921796587,-1.1534727655883286,-1.1616056420931076,-1.2327360604018434,-1.2599346880865299,-1.2811002014217172,-1.3084367136502597,-1.3316867010537252,-1.3482440414312205,-1.384565544362741,-1.3921040876486723,-1.4096889805794195,-1.4423131309879096,-1.453292488219898,-1.461358029250969,-1.4672925700672304,-1.4835534649006579,-1.4888187619668467,-1.4940487310546173,-1.4992834203129226,-1.4930649777596172,-1.4879853235603886,-1.500674124576932,-1.4994546934717459,-1.480717845609368,-1.4813435526982603,-1.4665911929797022,-1.4403082983302842,-1.4203106033033017,-1.3916374262629776,-1.3727383451194788,-1.3416894704660698,-1.3236401967663611,-1.3332900022594651,-1.3127002520394664,-1.2957398081823217,-1.2845691129433723,-1.2738833509843797,-1.2545667644694962,-1.2465625517626004,-1.231539493891876,-1.2211413882143625,-1.2117206908916702,-1.1933351725699013,-1.1822194135055124,-1.1675485629934481,-1.1474529260030468,-1.1316692031304139
-1.181586498824944,-1.2153700095101674,-1.2517758700232218,-1.2683217669030415,-1.3044991142976057,-1.3187000823192527,-1.3302792023145875,-1.341332808447777,-1.3525297067356887,-1.3670607904659593,-1.3741950685692554,-1.3983287872300012,-1.4226538702977638,-1.4347953840828858,-1.4448285310676758,-1.4583200884534264,-1.4622575208765927,-1.4632629802367905,-1.4633592706779457,-1.4631404295153143,-1.4802822575068442,-1.4811216509333607,-1.48045027317822,-1.4928078284505524,-1.4976026649210539,-1.4734700916974532,-1.4511863914653673,-1.443780735902651,-1.413799058469853,-1.4078353578605547,-1.3912591105008707,-1.3664331373870378,-1.3604324910033687,-1.3515701829956386,-1.331890177909922,-1.3210300833008386,-1.3279857892147076,-1.3117991577448624,-1.2932709566662308,-1.267866537502153,-1.2657376554524846,-1.2604949949144133,-1.2400864176982054,-1.2262681016114945,-1.2101194949229124,-1.1998203643345913,-1.1842377685848553,-1.158468435073224,-1.1488359323364679
-1.2325683724993595,-1.2744883558214377,-1.300370095191046,-1.309758489779151,-1.324011504826669,-1.3383402037582526,-1.346793988809752,-1.353728763686056,-1.3593575741343873,-1.3791545043724052,-1.4027426144037034,-1.4042985001360062,-1.4132519158470753,-1.4228458912900357,-1.4236971148860915,-1.432014248400109,-1.4403314960923812,-1.4494750838183832,-1.4498202642059255,-1.4527002794459496,-1.4572444487864735,-1.4546286866575804,-1.4513762770996905,-1.454959949542386,-1.4525028015254022,-1.4414050786323647,-1.4400742645893907,-1.4340264965625018,-1.4103106620156005,-1.403479763334595,-1.3982631512444583,-1.3764753742168416,-1.3747693889707355,-1.3687777593418111,-1.3513918793290445,-1.346462887664333,-1.3337790614858158,-1.301732324681607,-1.302373442805467,-1.288320120923312,-1.2633478662529747,-1.254121144262679,-1.2470383254027055,-1.244681235023887,-1.2167636754738649,-1.2031506270731642,-1.188762629324268,-1.160150047256776,-1.1485241721378046
