jsons/1312894800.json
{"header": {"parameterUnit": "m", "parameterNumber": 3, "dx": 0.1, "dy": 0.5, "parameterNumberName": "Northward wave", "la1": 40.97354507446295, "la2": 16.46031188964855, "parameterCategory": 2, "lo2": 133.9931640625001, "nx": 191, "ny": 50, "refTime": "2011-08-05 8:00:00", "lo1": 114.97908020019554}, "data":
[rows 0 to 21 of 50, columns 98 to 146 of 191]
0,0,0,0,0,0,0,0,0,0,0,0,0,0,0,0,0,0,0,0,0,0,0,0,0,0,0,0,0,0,0,0,0,0,0,0,0,0,0,0,0,0,0,0,0,0,0,0,0
0,0,0,0,0,0,0,0,0,0,0,0,0,0,0,0,0,0,0,0,0,0,0,0,0,0,0,0,0,0,0,0,0,0,0,0,0,0,0,0,0,0,0,0,0,0,0,0,0
0,0,0,0,0,0,0,0,0,0,0,0,0,0,0,0,0,0,0,0,0,0,0,0,0,0,0,0,0,0,0,0,0,0,0,0,0,0,0,0,0,0,0,0,0,0,0,0,0
0.05885073653061388,0.10154570752541003,0.13710621659757546,0.14641653265655782,0.19944122240135012,0.23907328595995375,0.22686061435596677,0,0,0,0,0,0,0,0,0,0,0,0,0,0,0,0,0,0,0,0,0,0,0,0,0,0,0,0,0,0,0,0,0,0,0,0,0,0,0,0,0,0
0.14919036625937052,0.1939988405623976,0.17243593327652804,0.17222416882011554,0.2149427996406679,0,0,0,0,0,0,0,0,0,0,0,0,0,0,0,0,0,0,0,0,0,0,0,0,0,0,0,0,0,0,0,0,0,0,0,0,0,0,0,0,0,0,0,0
0.2067648837921313,0.1945210820516575,0,0,0,0,0,0,0,0,0,0,0,0,0,0,0,0,0,0,0,0,0,0,0,0,0,0,0,0,0,0,0,0,0,0,0,0,0,0,0,0,0,0,0,0,0,0,0
0.22858883253798679,0.22835591020419221,0.24514582898380477,0.23296684698761194,0.1873879414338395,0,0,0,0,0,0.08093711646085247,0,0,0,0,0,0,0,0,0,0,0,0,0,0,0,0,0,0,0,0,0,0,0,0,0,0,0,0,0,0,0,0,0,0,0,0,0,0
0.22385556232454012,0.21508175015647596,0.2363942871852884,0.2625154752583498,0.28256410889834177,0.28792667836492164,0.2844026270959425,0.28553379281991553,0.28631265106986103,0.26739139394858663,0.2691770898843743,0.27031642649391574,0.27059398686636366,0.28999110336114703,0.3001551606288911,0.3309257793625997,0.3517426710238795,0.3858412472001874,0.34766184073193074,0,0,0,0,0,0,0,0,0,0,0,0,0,0,0,0,0,0,0,0,0,0,0,0,0,0,0,0,0,0
0.36705368095596336,0.3393313860353924,0.3477430065934531,0.36997580023409987,0.4063945537015377,0.4178312016512349,0.42997777950319227,0.4449497474836194,0.44245193544920836,0.45199694243799493,0.4708161286862234,0.49189443415018874,0.5050514921791676,0.4908620672853338,0.5566623746580578,0.22199793727624606,-0.03260838996652592,0.14735180776710072,-0.07435793539952756,0.08276123765600771,0.11426347212319111,0,0,0,0,0,0,0,0,0,0,0,0,0,0,0,0,0,0,0,0,0,0,0,0,0,0,0,0
0.38087629054840316,0.39836635384139324,0.40803742875084653,0.4221931127274961,0.4518910376205392,0.47680641297769394,0.5057010997694158,0.5328084342377089,0.5581839926313302,0.5666188491404376,0.5857974502682453,0.5933872736536461,0.6072809774353496,0.6159854367364225,0.611574767632042,0.6134271301277531,0.6124975676757833,0.5785831631465901,0,0,0,0,0,0,0,0,0,0,0,0,0,0,0,0,0,0,0,0,0,0,0,0,0,0,0,0,0,0,0
0.3942739659230966,0.4212655823292033,0.4315336403076015,0.4382170663338535,0.46063007953527524,0.469084835278137,0.4762172528642776,0.5211909283119821,0.5374633300785863,0.5533024527916894,0.576015690081953,0.5856433917516907,0.5978355686666096,0.6158634855788374,0.6248378449976156,0.6145240602065033,0.5849910705323449,0.47702337916242077,0.5282228265855259,-0.5012368238898733,0,0,0,0,0,0,0,0,0,0,0,0,0,0,0,0,0,0,0,0,0,0,0,0,0,0,0,0,0
0.43021776547279333,0.4514222740663877,0.45679876582329476,0.4700054797721711,0.4951053762808224,0.5094602222712475,0.5188861280322372,0.5383450075426215,0.5610504812610049,0.6003979202750304,0.6233413551327529,0.6313861689422855,0.6331840291187079,0.6307490318769714,0.5720129154282472,0.5992914047770826,-0.5236058594093241,0.1482587602782332,0,0,0,0,0,0,0,0,0,0,0,0,0,0,0,0,0,0,0,0,0,0,0,0,0,0,0,0,0,0,0
0.39633145639766026,0.4490878228421044,0.4758845044212468,0.5023416560648775,0.55840710391017,0.5751255929549334,0.6065557832516164,0.642737807488238,0.647201175670229,0.6446130014954677,0.6433348362578517,0.6514602584698049,0.6547339536997484,0.6667672149287319,0.6568924481480282,0.6077513021158287,0.38275660624141117,0.23245345038235182,0,0,0,0,0,0,0,0,0,0,0,0,0,0,0,0,0,0,0,0,0,0,0,0,0,0,0,0,0,0,0
0.4024762534597274,0.43033508382371344,0.4296966914201835,0.44847535602213134,0.4922711595433463,0.5120084231450908,0.5249199109041751,0.5837637815474632,0.6084535187471888,0.6484021520515708,0.6611355243784727,0.6695064855081543,0.6784965917281968,0.6884790614751757,0.6361891495923329,0.6484344283982177,0.4525919877704009,0.30318717809341217,0.1642492719541652,-0.0627836681858531,0.06450524909510322,0.10158370741445519,0.11155974637697982,0.14094509520839413,0.14941541854931506,0.15288490209806005,0.16109072364075241,0.12573504034219532,0.13395481144188318,0.15527099772926112,0.21147306741510066,0.22554134556615776,0.2511452173809194,0.2931043898087108,0.3322330058540332,0.34989860266812767,0.3700617592059901,0.3731203511115967,0.3959350173975475,0.43067025712082185,0,0,0,0,0,0,0,0,0
0.3552499935587527,0.372542998177869,0.38300726015631903,0.424847209536857,0.4684708996816005,0.48781730840603993,0.5075391469588755,0.5344723490805741,0.5524010411275725,0.5867822921834983,0.6340774169583762,0.6489639605922455,0.6715422872657694,0.6799921018831282,0.7221534671784376,0.7158268050349855,0.7055208615346981,0.4942251987278212,0.6335844217219826,0.4944788986099842,0.6130825950681673,0.6269051436680315,0.6638224476607104,0.6129961030745235,0.6023265590291808,0.5954864073207446,0.5964009666039738,0.5787545971313229,0.5946363118034175,0.5889554354482927,0.5368189155158275,0.54172522064774,0.5630473135596606,0.5584364007627833,0.5527847402860596,0.5450795240258535,0.5252854770548684,0.5367957065406471,0.5509953727227956,0.5577881404924145,0.5546004012581193,0.5539408170242989,0.5591058884132429,0.5588692976795884,0.5598180596919738,0.5768479003239407,0.5701992720371747,0.5545916032430406,0
0.44023377385368373,0.4253446339802448,0.4162585138614483,0.3918165712925994,0.39418999601942434,0.4054815013863989,0.4269218940797538,0.4873672793977194,0.5076241688832647,0.5434069403823788,0.5851270899491061,0.6177243396078305,0.5585273155797759,0.1625335224759931,0.28005883417042077,0.38539237035276613,0.34145036745809665,-0.01022628467092724,-0.27120870837355504,-0.5668743691037723,-0.5579447762972598,-0.45448740310176317,-0.34263279916079165,-0.008693689788437192,0.1713553642418158,0.24981112615019305,0.43036722657258636,0.4641476388324165,0.5232397507633461,0.5521258517828556,0.5707045592266353,0.5965476251886235,0.6147700122279994,0.616822034414998,0.6192688574516878,0.623436323604286,0.6229769812491909,0.6210551388707924,0.6195975092517471,0.6207924247822768,0.6231984164482782,0.6180551005981708,0.6236415300309207,0.6269049794916002,0.6323652045821753,0.5889369240351473,0.5886901558875348,0.6037080870399357,0.3002594200816389
0.5579741600297152,0.5137953562220179,0.4876126604710103,0.48071030667412107,0.459032350173546,0.46071904098976935,0.4843611513429936,0.4963826997795204,0.5090990769436674,0.5140245521775798,0.4906143595999108,0.5053425271735069,0.496871318363082,0.5442685376451728,0.5580997923875071,0.5414230994300557,0.5084093515164825,0.45922533283561195,0.42381284873821595,0.42254993587559453,0.4092649767365806,0.45120176672964374,0.4238003970686664,0.4421964377979552,0.4389506657296858,0.4756528200703729,0.49916371604810955,0.5115859448467697,0.5223956256210358,0.5302344505934726,0.5478636091685236,0.5713492073465588,0.5920338632612624,0.6042744451067362,0.6201055984067607,0.6277487091012056,0.6357273698327811,0.6361809702471688,0.6340056885097094,0.6304057780709051,0.6303325047033458,0.6287042786487419,0.6078689413421865,0.6168846890542417,0.6405496514298487,0.6649327076099983,0.673736273318106,0.5831458585346267,0.5397803798181854
0.31470494314315534,0.3448221028534598,0.34399261436421524,0.36533669459627643,0.3750987835868709,0.3725159916240588,0.40134403988527645,0.42308546709329636,0.425113226847402,0.4135452172988974,0.43361068823524473,0.4452842842888205,0.4803736399191029,0.5050183698585616,0.5402088082282869,0.5660577078392179,0.5867629907337499,0.5863323975556702,0.5803519847136387,0.5788004836447372,0.5849760848230343,0.5893620227212499,0.598536341529853,0.6334279229129768,0.6486472997085214,0.6571514566216184,0.6495949891682569,0.6413624201367475,0.6491317000007072,0.6746478535301096,0.6557797829497491,0.6646106118405105,0.6733104001210385,0.6810579879008538,0.6763845132193853,0.6797118463908622,0.6745269692706783,0.6775173732812937,0.6779273950502898,0.6764943750817748,0.6799695793523587,0.6812955852396717,0.6774950260249717,0.6680792143451642,0.6660751635190331,0.6785791821586703,0.6743438310643692,0.664917780055892,0.6626564035670955
0.06249351130564142,0.07098950268326694,0.07359345259155614,0.09260633452350629,0.17566013091875532,0.19378513517667176,0.20616115811142696,0.25432523825555253,0.27242492595877227,0.297693071812085,0.3589235875997424,0.36241899512222303,0.37206430463353135,0.38013985385376725,0.4321467574262002,0.4639881121374546,0.4820680429580427,0.5177847525915912,0.5442119610649305,0.5520524529165887,0.5732145332124813,0.5834849915441099,0.6064056869784803,0.6038730076019034,0.6025921577867166,0.5962594880696067,0.6364012833531637,0.653443902075281,0.6622924813103186,0.6783868621207401,0.6994312852884901,0.710044119586179,0.7195171575726714,0.7039300925694746,0.711259685495558,0.708717817518653,0.7157742638653876,0.7272781549595918,0.7263180226997743,0.7138033357806156,0.7170182566150821,0.7092100141903657,0.7001857145841492,0.706952310320177,0.7034513684478084,0.7097128906300613,0.7070003387339296,0.7157622939115227,0.7427672239093703
-0.045796419908978224,0.04582705271043361,0.0385827716174386,0.04666697147997789,0.08282776536857986,0.10476323326509021,0.15621187964137734,0.20792542507239575,0.2335740944258152,0.26247042276257265,0.3416418874637274,0.3053670733658274,0.2898755909683205,0.3172828677282552,0.35085915338964324,0.3858344345397556,0.37778146355048087,0.3704345770969378,0.4479512532257768,0.5066098108904689,0.47362352631178956,0.45101730781476657,0.47826218540056536,0.48214113740507963,0.5176613269192097,0.5521826003023036,0.5764668009178694,0.5894364344523138,0.6008535905569589,0.6088746489225079,0.635427972194609,0.6582098508154971,0.6661805900850823,0.7060452386230969,0.7117656950561798,0.7188700202521778,0.7267096726737511,0.7325283292600939,0.7250642237241445,0.7058415476211573,0.7008893114921841,0.6975480969935564,0.7053885119633303,0.7076738188954266,0.7096324988150976,0.722335204253238,0.728532827529041,0.7287432637943841,0.7113106113876837
-0.28171353367787005,-0.26156481718798025,-0.21754927565003973,-0.1834351823013704,-0.11674755896379398,-0.08485058648097724,-0.06047051019820176,0.0019783803824938648,0.04360882735366896,0.06561065922279889,0.11049164866554534,0.12945323143401136,0.13841341143361455,0.15246710823956824,0.27567510148616853,0.31410725225956315,0.35251188694608937,0.3638293458981918,0.3591740719875704,0.3551013393183059,0.3642162058082208,0.37728769384511346,0.3943386903617781,0.41363059934889346,0.4282768836706009,0.44948299689242843,0.47888674917286306,0.49854418659454325,0.5158658340127862,0.5398620865278263,0.5656362394955396,0.5742499083527381,0.5834564093532557,0.652308138285255,0.6514021326472813,0.6477391219088633,0.6482181846348087,0.6512211149015397,0.6565844650792315,0.6807006452915796,0.6635674402925951,0.6632663265602214,0.7009310076147517,0.6959892005913032,0.6973994687069205,0.6998745143918715,0.684771415728693,0.6825164194136693,0.6919253760953143
-0.2694267056405271,-0.20772770558997758,-0.15951503269333261,-0.1508217065948969,-0.12043933899744715,-0.09865581078131642,-0.08619653564360427,-0.028932915391115168,0.007926509099027522,0.03998832336982436,0.07645174502375975,0.08376533330531766,0.10045464647885809,0.11802464426564968,0.13358958501843934,0.1541030658063373,0.22843216619988915,0.28925652475603425,0.327127513286478,0.34571706873611635,0.34221627206007343,0.3517847382284482,0.3643554344498763,0.3664441133499856,0.3904971371009575,0.41321102741292887,0.4509668087117575,0.48633402241159923,0.48078275494759887,0.4870649913659657,0.5271042007219473,0.5488825655498919,0.5685352889980212,0.6076374434779216,0.6318394040849463,0.6542957657283222,0.6636855746387451,0.667684578288091,0.6664952962257369,0.6526194226677983,0.6562803531295796,0.6601804382676558,0.6327541622783345,0.631184042574657,0.6334097586106807,0.6536771184156375,0.6602693876661282,0.6797033788076474,0.6944107037118634
