jsons/1312927200.json
{"header": {"parameterUnit": "m", "parameterNumber": 3, "dx": 0.1, "dy": 0.5, "parameterNumberName": "Northward wave", "la1": 40.97354507446295, "la2": 16.46031188964855, "parameterCategory": 2, "lo2": 133.9931640625001, "nx": 191, "ny": 50, "refTime": "2011-08-05 8:00:00", "lo1": 114.97908020019554}, "data":
[rows 0 to 21 of 50, columns 49 to 97 of 191]
0,0,0,0,0,0,0,0,0,0,0,0,0,0,0,0,0,0,0,0,0,0,0,0,0,0,0,0,0,0,0,0,0,0,0,0,0,0,0,0,0,0,0,0,0,0,0,0,0
0,0,0,0,0,0,0,0,0.008925172631542012,0.02293886999208143,0.028558599924302663,0.034858892857498915,0.046163538196823055,0.05301257571987149,0.057995503477333225,0.06476189824408846,0.06639740040309687,0.07117314023120476,0.07592377828115641,0.07109597523877723,0.06748089998234301,0.07608748850871888,0.05573159106142868,0.07937754370764534,0,0,0,0,0,0,0,0,0,0,0,0,0,0,0,0,0,0,0,0,0,0,0,0,0
0.030776524660806496,-0.029931624918424826,-0.008338435783162252,-0.0019526353602803612,0.007682760029126869,0.02752131941002068,0.037483894778367145,0.04953428521043881,0.0565896591138029,0.0776269813487852,0.08246296960573393,0.09200749413369175,0.10301156501740868,0.10838780347112166,0.10894567995449427,0.10718515645170724,0.10134605880331433,-0.09012289701449434,-0.07796025940938192,0.09224131773082792,0,0,0,0,0,0,0,0,0,0,0,0,0,0,0,0,0,0,0,0,0,0,0,0,0,0,0,0,0
-0.09236032699593875,-0.07414782412587327,-0.02467510201933484,-0.0028382925345831122,0.019136110443232376,0.07467235576850155,0.09054850482784901,0.10481652034653247,0.11670607482487821,0.13318218687688224,0.13839488247238585,0.1426000956877141,0.14552975654314912,0.14527128430626174,0.14643203598706436,-0.018418799854591595,-0.038764775141593696,0.03093350591761665,0,0,0,0,0,0,0,0,2.3747206359968883e+38,-0.16724103632072382,-0.17741760041420435,-0.18519731582028867,-0.18145580313949874,-0.18220928156730978,-0.17730790916786487,-0.17920409011924537,-0.177638005473727,-0.168094997958813,-0.16990639754178286,-0.16302379760364363,-0.1450125073860541,-0.10920608902897347,-0.07185742042194775,-0.04774893214397264,-0.04178693376008427,-0.022252088132197295,-0.0009714088852422999,0.011330332944087616,0.022269754184961275,0.04635846719569503,0.060476915013603555
-0.23501265744507258,-0.22822109692546788,-0.20300947432860886,-0.1939190708425196,-0.18462768425236206,-0.11587821005118461,-0.09262051992735235,-0.053727324629385814,-0.014351878661450646,0.07816469251879184,0.12963304012117327,0.18277350056341202,0.1975190842960254,-0.02873860380431084,-0.02184115784500922,-0.06409416317366376,-0.03440419579996383,-0.1880474130450413,-0.15873296045775415,-0.14911580905771987,0.06423614067179911,-0.26085617468503536,-0.27119646424282806,-0.2767516639402496,-0.2867177389011058,-0.2885005749706166,-0.2936211533452402,-0.29059240906204103,-0.2927995324621822,-0.2943885519764058,-0.30017618438743354,-0.3068842269618919,-0.30870806101709963,-0.2846696472810545,-0.2734389952596136,-0.2692723679679602,-0.2553779516582855,-0.2210084782461053,-0.20404702236603933,-0.15926312712686583,-0.09433301958161586,-0.05661201184974887,-0.03832102245393147,-0.020986893187278723,0.005434109092567158,0.02982081450339434,0.04433738935906631,0.09030354992772278,0.11859559993064876
-0.31190334650893436,-0.30764052826799326,-0.30907176811226583,-0.3156764249198178,-0.31194484801065553,-0.315751267069021,-0.3125645855672394,-0.3122199559063094,-0.30431564020901236,-0.3049623907758622,-0.3033196397639118,-0.30319752851822035,-0.2979502936058552,-0.29024336223190905,-0.2663058937208458,-0.2691703170092936,-0.2544488837953747,-0.24414479810970752,-0.220565907303073,-0.2398761260520107,-0.22023706214555538,-0.16480159920334628,-0.1387754955695184,-0.15770858101323976,-0.17470161429134584,-0.18628582380343556,-0.20973485989546065,-0.2193749252126489,-0.22272491490277313,-0.2576317892414581,-0.26249038687541815,-0.27113439226371405,-0.2897379588494896,-0.32978630981717477,-0.3497161397948974,-0.3258921155063419,-0.27451758577112406,-0.1513516987669354,-0.11792834112723512,-0.08033415370198389,-0.03339692650829701,-0.0168061687143802,-0.0014366136812857607,0.007538591711286344,0.056566221674736086,0.0735982870890822,0.09930434890215653,0.11600628202345911,0.14786010842339556
-0.20922823432748122,-0.20166762533627888,-0.18774663978621964,-0.17417961758051773,-0.15311703195344745,-0.14275276352293448,-0.12550796760117286,-0.15517185633614872,-0.16293999989191876,-0.1819000427859288,-0.18354060120386897,-0.17108926591859341,-0.16641665099229125,-0.15161046868568714,-0.1407095797450802,-0.11380675309263609,-0.10260586865114242,-0.08993926596179272,-0.04709870993370232,-0.04670183172518832,-0.05428326004528441,-0.05296168992456943,-0.05169900711059554,-0.059117680782924946,-0.06313983501045115,-0.07265354917326809,-0.07617083169396385,-0.08584383304873189,-0.08966643633173459,-0.09352334330746187,-0.0855238599247111,-0.053993046624192825,-0.06283650118425692,-0.09540729175725235,-0.35254579700603894,-0.030963216324657167,0.09950566967561503,0.10980424474959291,0.09694831106584381,0.07769313772708268,0.08078707447265762,0.08592548427647274,0.09859124861472174,0.10041246626162313,0.10423533031476294,0.1149470122704488,0.12584068287772718,0.14083092088482368,0.15073178988264618
-0.0158176741142423,0.053560978002387676,-7.540240424363312e+37,0,0,0,0,0,0,0,0,0,0,0,0,0,0,-0.10170419596911873,-0.03962832068031337,-0.020319753743810443,-4.642861537795704e+37,0,0,0,-0.10435255914550544,-0.08790245579556033,-0.1576433740256347,-0.21832398409995563,-0.21058243910892674,-0.18698292086907206,-0.14563685093265838,-0.13728618954872215,-0.1380857996909733,-0.28355493091359185,0.11470955777616561,0.1588721998590063,0.17058432884615185,0.15857038939567217,0.14219679654756776,0.1344110767879477,0.12192870190802643,0.11136574207332944,0.11922321115427574,0.12366611260120088,0.1187066314792117,0.12771159436118576,0.12503506703466208,0.15404703059327512,0.16174766519725053
0,0,0,0,0,0,0,0,0,0,0,0,0,0,0,0,0,0,0,0,0,0,5.733818662841761e+37,5.850971373964109e+37,0,0,0,-0.3480960020025648,-0.36685735292780725,-0.3784848243089942,-0.3715785691658971,-0.3788131093817409,-0.3506647632867841,0.04586251432057971,0.13425812871683837,0.1552972498839745,0.1616306495512613,0.16827087710684668,0.1513263268276714,0.13828070835459857,0.15755443455821003,0.14708457743654146,0.1539516732368707,0.15382646885944076,0.1729910782739875,0.1778190801984095,0.18861626148140587,0.19588189771326706,0.20479236731207284
0,0,0,0,0,0,0,0,0,0.04215553245514587,-0.15676471421201527,-0.1576474497383957,-0.16260723252937045,-0.18895038240750406,-0.18143665939558926,-0.18965165883542853,-0.19560597805192614,-0.22912878785619484,-0.22646977104812116,-0.23198580838095884,-0.24788782898607478,-0.2543551802618851,-0.2815966894157218,-0.32765922871640674,-0.34834259887221813,-0.3787341394513901,-0.3991139941475476,-0.4062279177126425,-0.40410074123207335,-0.36791960916214883,-0.3164580176079944,-0.12888413494383288,-0.0042721335810923305,0.048850042245620805,0.08948048673126735,0.08362983102940637,0.08703681308370485,0.08922876683216803,0.10472052985829762,0.11128854666009211,0.12367006035246877,0.12821752187515686,0.13716059991469878,0.14974315811351122,0.1655613360679594,0.1767192147811012,0.19014810283750894,0.20629377250235273,0.22056223742313458
0,0,0,-0.16754497216956218,-0.18677595121580715,-0.19961777228156757,-0.22393944767340393,-0.2566487263749967,-0.2734604330687862,-0.27712336329658194,-0.2956048621647026,-0.30772618129048795,-0.3184530700282163,-0.33786855534433397,-0.3515260298931021,-0.36542657350307994,-0.36695554073207737,-0.37620797118556304,-0.38567846011285384,-0.390066576901928,-0.4025705809260378,-0.40968078819249587,-0.41484798202718254,-0.4223618630914829,-0.4257676003336093,-0.42784695605295736,-0.4325020874428749,-0.42986976636721985,-0.26227633870826267,-0.17107214910557692,-0.09371608140281602,0.06732696299527116,0.16181751557110952,0.17892986235914624,0.16428096189381525,0.16075883408975994,0.1292653152582611,0.13985525054744988,0.14422958519692902,0.15512371037101572,0.15280725340414636,0.15589140295276105,0.1592591063037351,0.16884913864049247,0.18337781908227943,0.19432754559634333,0.20223489100580877,0.21076810411480437,0.22660482976057372
-0.27211740207774193,-0.2859704787223974,-0.29480682116086715,-0.30362423553988127,-0.31354292959814245,-0.31694989256840406,-0.32166345030235627,-0.33398580816049916,-0.3422446997288571,-0.34070997927499985,-0.3512370099880616,-0.35139615909645416,-0.34843112626669215,-0.3639946969933126,-0.3735140870521072,-0.3720363918937249,-0.3746026785035471,-0.38120574547949587,-0.3797376798711209,-0.37389435899148676,-0.3847649638701694,-0.37815197665760825,-0.37749072824244573,-0.37845915910445116,-0.3721020044173362,-0.37035947907616706,-0.4150683354597714,-0.4643984807385,-0.24955785372950162,-0.161362653274186,-0.06409536242506529,0.10197820474469489,0.0999691306282566,0.0993311179414821,0.07749935220598608,0.06785424363803401,0.06826859437922174,0.07820283951232951,0.07743170446587128,0.08487894619250645,0.08801654916087187,0.08806415211619197,0.11957035372723641,0.12377686825673281,0.12368833527602857,0.13410299239344117,0.15315040459540386,0.1928539044759237,0.21774231076082845
-0.27096288661801693,-0.2789311924351471,-0.26880741354773985,-0.26921373041499297,-0.28142374168191986,-0.27463476378206225,-0.27624091540421025,-0.2745721568935434,-0.27809084101599135,-0.2842431548134842,-0.29167762011810433,-0.29563356995161916,-0.29354110896209923,-0.3013352220989213,-0.3095813721196634,-0.30612625916135794,-0.317403631236161,-0.33491339881358373,-0.3409863913382115,-0.33890301854710253,-0.3359616147871598,-0.3257702282844545,-0.3158560049190822,-0.31273810890020765,-0.2784204829821495,-0.3681440734043691,-0.4038595528696825,-0.43078815145885985,-0.4417657201670305,-0.28728621037611524,-0.22665787257912445,-0.1014256110359646,-0.08325681307211615,-0.04751653622780531,-0.04272144045475655,-0.025942569806186866,-0.028005471406161452,0.04339925029485352,0.07104036590993176,0.0637206814130772,0.05489864549742419,0.0639085075153973,0.07631210727995855,0.0861632219092303,0.0786058242241262,0.09521785238103878,0.11106916357956405,0.14177556359313984,0.15550416064504585
0.058840473529489734,-0.17399864567348453,-0.19799769484678917,-0.22021497828460015,-0.2262863568084727,-0.22616489718318716,-0.21839062614694923,-0.23474196605061196,-0.23936260465659515,-0.23784260035747137,-0.24457620530517651,-0.2514375903428073,-0.2579703199791148,-0.2695342488051803,-0.27383053371134514,-0.28281036298171824,-0.29407997557773174,-0.30142093445750406,-0.3007330559905314,-0.31768724387046005,-0.32161413117018756,-0.30860368681677514,-0.28642711518801833,-0.2852831495052232,-0.30062799494373854,-0.35572904135830347,-0.38535575873648925,-0.4296218145565634,-0.48242154959775196,-0.496062152840076,-0.48473720675882487,-0.43523174197188286,-0.33470250649695876,-0.27894165818613575,-0.1649387071847761,-0.13625318194980973,-0.10134648063632229,-0.0739513187691908,-0.06758776914856708,-0.04040638929350388,0.0004026425281492397,0.0034474072673144228,0.011454442262631178,0.03635874206141651,0.08971668854729196,0.08267930518782857,0.08822621259004078,0.09828107309399452,0.10782211202003168
0,0,0,0,0,0,-0.22566284130171485,-0.24422291378408179,-0.24349322814624091,-0.23765738279115103,-0.23610832000010812,-0.2383752616900078,-0.23822305817098766,-0.2501392178446614,-0.2639115636993512,-0.2734400233028563,-0.2845194989943268,-0.29979578624642983,-0.31263343833568263,-0.3197902671656858,-0.32961494494550136,-0.3255950508823548,-0.3218052651237555,-0.32502731852445776,-0.3320597712644539,-0.3721727638057873,-0.3922397691095464,-0.4277246529622753,-0.461947582321258,-0.4802128665851673,-0.49725369313986667,-0.501533187592181,-0.49925325874033666,-0.48882421861357594,-0.4179394188224563,-0.36261524819661495,-0.3088258172351908,-0.22694640251451492,-0.2191541981985855,-0.20703108013394816,-0.1475859177500489,-0.11639610323002066,-0.08968962214603897,-0.045194573477979436,-0.04479058515656505,-0.0263093952678775,-0.017315635705651082,0.021891113800890465,0.04409932560451103
0,0,0,0,0,0,0,0,-0.22304800853505552,-0.2044991844794426,-0.19666080411109194,-0.19397670375108683,-0.22617729077896626,-0.24175209816260113,-0.2622654444125451,-0.28139054859078083,-0.28772382517945744,-0.29378523186582306,-0.2940304721582711,-0.29283018664609556,-0.3138277050709632,-0.3195979190690009,-0.33264982581289865,-0.35495640426353287,-0.37175721742489715,-0.38296434860370393,-0.3979638183316163,-0.41057486819633804,-0.43347037607554384,-0.4549893432679494,-0.4643531973474779,-0.49894336808288103,-0.5209170068563621,-0.5263759797583174,-0.509237438186648,-0.48995071172723814,-0.48666202521357504,-0.3743207376189833,-0.3444798746718956,-0.3089004900919837,-0.2337510105260697,-0.19899898980410854,-0.16149518175246297,-0.13216702873654682,-0.09810968559445277,-0.06455403765097983,-0.010960888842825901,0.01750634904444099,0.004055132829709935
0,0,0,0,0,0,0,0,0,0,0,0,-0.0699421393008019,-0.12619485521455517,-0.2063337545747211,-0.24622889049162178,-0.2655590940411658,-0.287909509233334,-0.2881314874562964,-0.30002792583612037,-0.3189191144535749,-0.3364045552936976,-0.34219675708080355,-0.3600542405618107,-0.3772137141714813,-0.40694290618730405,-0.42467947678465623,-0.4416567217376909,-0.4533983746508837,-0.4749041886436143,-0.48261239865217526,-0.5001419805559914,-0.5187347100955585,-0.5248347681481387,-0.5235231720852151,-0.5227023518371327,-0.5052337234873602,-0.4609042274165484,-0.4678925892420981,-0.4436322616239673,-0.37408711952303,-0.3123524769460109,-0.2799694643970447,-0.2791275368438842,-0.13991397853407161,-0.07898778047726782,-0.06792821752470476,-0.0003302678896603289,0.028122929788828147
0,0,0,0,0,0,0,0,0,0,0,0,0,0,-0.04007175187859314,-0.22182909037267082,-0.25244889718702873,-0.2927289438867943,-0.3090141501081216,-0.3254983913409904,-0.3418960358125185,-0.35989604292272537,-0.3757725368500018,-0.3972329485044009,-0.41166821695135175,-0.42609287476372315,-0.44903367593132176,-0.4642895329139723,-0.47795262721283666,-0.494839006619274,-0.5027567359270531,-0.5112332872287131,-0.5170063632178178,-0.5199861979479524,-0.5235164198800535,-0.524887573951392,-0.5241079911130287,-0.5001298107538787,-0.48361988684145124,-0.49858167811201326,-0.46502456635969464,-0.4432950637139153,-0.44719450558569346,-0.4048678957966206,-0.2834204327534934,-0.2517490565162987,-0.20463654996944483,-0.16674667985933794,-0.1384348257946912
0,0,0,0,0,2.3202859996886166e-05,0,0,0,-0.006428530687935022,0,0,0,0,0,0,0,0,0,0,-0.30868428429795913,-0.3341899446196289,-0.36136660513424235,-0.39386600122311605,-0.41220169341035334,-0.4277594101424322,-0.4552085387516893,-0.4716955215619054,-0.48390902418949105,-0.5021016628127041,-0.5092881760757785,-0.5172858864284651,-0.528894707426784,-0.5319732695181272,-0.5259989972070562,-0.525832139805901,-0.5278324120599611,-0.5113574846041665,-0.5134131016692527,-0.5003806075258977,-0.46686413265857407,-0.4370488227243782,-0.4209680307174378,-0.4225847299826743,-0.33461262880043413,-0.2992328144299468,-0.26072755671735665,-0.21676817001452303,-0.20919358509354213
0,0,0,0,0,0,0,0,0,0,0,0,0,0,0,0,2.8901362917588992e+38,-0.018052603218780033,-0.048348341594310715,-0.05313374192446065,-0.07411543247410694,-0.11125367359752755,-0.16774913779624354,-0.3065169474221549,-0.37176719756581483,-0.41974533423175964,-0.4632625554043526,-0.4792788458515592,-0.4895058439906371,-0.5084947947956266,-0.5185807831521854,-0.5179214104159391,-0.5301168840595982,-0.5317914755298355,-0.5225995073003458,-0.5117491775858659,-0.5172436794412641,-0.4895111717370398,-0.4798363387618894,-0.47774882013233844,-0.45717951954985475,-0.46054528966621766,-0.44113607269195976,-0.41246353145731973,-0.32769435830417204,-0.30698373464566486,-0.28734764070065044,-0.22662433703844892,-0.21865935654601035
0,0,0,0,0,0,0,0,0,0,0,0,0,0,0,0,0,0,0,0,0,-0.1467995924304316,-0.2302803653007503,-0.3381562120853319,-0.36801710261789294,-0.38982303577736227,-0.4384679470961884,-0.47360471020407147,-0.49273984553641714,-0.5077027391237636,-0.5147366533501601,-0.5181508763816564,-0.5268465045180067,-0.5283161538179281,-0.5210823774420059,-0.5076357081655368,-0.506590598552965,-0.4836517173993569,-0.48315974133122264,-0.4849410238468493,-0.4900159754522225,-0.4673242767736837,-0.4708763010740218,-0.45117374328506904,-0.40840483982406695,-0.4023734931148117,-0.3991300047446177,-0.2895103264864723,-0.2996090692730876
0,0,0,0,0,0,0,0,0,0,0,-0.11157691903573715,-0.1270101869590386,-0.146831623779989,-0.16259047863858836,-0.18064738662035765,-0.19537284439832783,-0.2231931267466104,-0.23457424331842677,-0.24616575025758675,-0.2661675648335797,-0.2784363745090654,-0.2970364650062436,-0.30076493069927446,0.11994315274291134,-0.24510516169177599,-0.4610676089243857,-0.4759946847710562,-0.4786185129501282,-0.4960500341302498,-0.5123634205251753,-0.5183822691465065,-0.5267110309218045,-0.5299113171455455,-0.5172945235884769,-0.5006374810709197,-0.49477809008323603,-0.4779406015256648,-0.45701058096486635,-0.4427043614175098,-0.44411483183184036,-0.4377227069056244,-0.4420670533005936,-0.4129698910466963,-0.38631713356654834,-0.3744033949445107,-0.3653004257900736,-0.3513340565847742,-0.3217901727019396
