jsons/1312801200.json
{"header": {"parameterUnit": "m", "parameterNumber": 2, "dx": 0.1, "dy": 0.5, "parameterNumberName": "Eastward wave", "la1": 40.97354507446295, "la2": 16.46031188964855, "parameterCategory": 2, "lo2": 133.9931640625001, "nx": 191, "ny": 50, "refTime": "2011-08-05 8:00:00", "lo1": 114.97908020019554}, "data":
[rows 22 to 43 of 50, columns 98 to 146 of 191]
0.8064461555192183,0.6038479371871759,0.5433606315719214,0.651688048797804,0.8163345375340282,0.8550097780377489,0.8883854036724802,0.9360450748013731,0.961148790852398,0.9899108247629239,1.0027330643597199,1.0001776476591346,1.0102497017164593,1.0246077475485338,1.0328780073892012,1.0453063202723423,1.0465262399168542,1.0508238027384817,1.0594386954505381,1.0737073416829204,1.0916272283982593,1.0990139055574462,1.1033406254607778,1.119383375187404,1.1219335758055133,1.135386789283025,1.1418071639809204,1.1468155753043119,1.1495137257616106,1.1515458072280482,1.1448300909076607,1.1572047477134821,1.1549454258985086,1.140111832048893,1.1376277967370143,1.1316015176720708,1.1195949472835982,1.124554763363581,1.1185508349405533,1.0974379745713216,1.094431263390245,1.1043156684887583,1.0865469603428117,1.0700077681462619,1.0623669979250303,1.0177984602862489,1.0202736914631965,1.0341192026083117,1.035629041781105
0.16860742122775565,0.28282409657274593,0.37542266111960154,0.4689589843795113,0.6785681739131175,0.7185563094795394,0.7879924089812377,0.83431544614766,0.8660657526589214,0.8905210307981148,0.9218271200274533,0.9397986115330104,0.9543638933052936,0.9717000811166452,0.9904422345602354,1.0023292455406032,1.0064894065308352,1.0297126283304217,1.0315953887634524,1.035079878878454,1.0512428946715568,1.0558974570307706,1.0694421926199589,1.0922569252573722,1.0760614195769318,1.0816891708656289,1.090101333823509,1.0956003479916425,1.1099454591114712,1.1146786531518584,1.1077019419049283,1.1161572856725175,1.1194052793986589,1.1133004632571524,1.117024026951166,1.1135445120896752,1.0800633306266298,1.113785214781466,1.0978866394709694,1.0366967561546734,1.018822086786413,1.0167923929498,0.9665602524413793,0.9297304366066915,0.9197055894105093,0.8792741566004232,0.8628067010293501,0.8614822366452214,0.8611127981203823
0.7534906611485471,0.17604437395071035,0.245794299741932,0.2810175296325775,0.39058592743506015,0.4507871445214348,0.5474240182409964,0.645812735984366,0.6990016657060717,0.7250070378979746,0.7717985569413832,0.8001927575689111,0.8357159600242626,0.8451340461214023,0.854524263054818,0.875522060348828,0.9070321972267796,0.9191421019582648,0.9370916668975094,0.9450125941121927,0.9606832520242944,0.9561475815501042,0.9619134851696634,0.979904371085506,0.9858870927380802,0.9944312911770732,0.9925626302601555,1.010803803851544,1.0234451173651888,1.023012631653304,1.0163117465555118,1.0166407185276165,1.026211894919142,1.0226448467108282,1.0162356478406067,0.9968094661036783,0.9568321093408149,0.9175064762514286,0.8989490779337054,0.8054794071632235,0.7710640909444164,0.7290652884376214,0.6186070020285966,0.5974981321922481,0.5800848596924716,0.5447407564003406,0.5454211566021847,0.5452944628830825,0.5663976919124729
0.669370854863729,0.46968527390755416,0.14286519771796857,0.17030583853493927,0.2537590008780545,0.27740270359853963,0.3663244908205389,0.43999054472924093,0.48007298837435014,0.5007298607315044,0.6257962964650926,0.6641124767918947,0.65777086106384,0.7004799238136331,0.7400711547556369,0.7960663214465774,0.7956866573544285,0.809551764138488,0.8267692613670324,0.8305961317284279,0.8564083448473583,0.8728993033235415,0.8964435945485619,0.8892657738393245,0.8935736003512825,0.9199554030489621,0.8855296844530743,0.8762250491124749,0.8691477174600193,0.8645696488820659,0.8549677158440624,0.8548456640525756,0.859127781238326,0.8167752631233325,0.8322324334481619,0.8357550730714668,0.8661282248132297,0.8491451617643955,0.8020988283394155,0.7125869865891191,0.6659939075856254,0.6022385964310972,0.5427284240625515,1.2557666067779985,-1.2205402524757307,-0.5334306134614906,-0.6797024845098744,-0.7078170423930361,-0.6472599219892113
0.7048199393385008,0.0842811197912054,0.0877391057536211,0.06585781707562964,0.15931918751762028,0.19648070239865573,0.22039475498249833,0.22163112637798843,0.255306553018793,0.2784959096262721,0.3915174126935714,0.4276722599067026,0.47414028966999866,0.5019859902404499,0.573565842449803,0.6015117573124817,0.6407643361517501,0.6802600849281842,0.6922908778219837,0.7259958718604372,0.8020535933290452,0.7966219850820737,0.8042159011133416,0.8078668507397095,0.8031982013815461,0.7987526679745101,0.791105969414969,0.7961412195680755,0.803094782167455,0.8208716016053753,0.7842132486763005,0.7748229701780204,0.7677516935876213,0.7369958136399707,0.7140097975930627,0.68803524559543,0.5902481294920552,0.5256293361872785,0.4605109640520073,0.5492939914378767,0.7836598607321594,0.7096441270561662,0.7187532195977238,0.5847380509507681,0.5899399967951133,0.6504435398540621,0.7030560229737924,0.655009650387503,0.7734109255474603
0.6815729636229007,-0.030163496027724064,0.11394710988977144,0.644691597607456,0.332860549232128,0.17152757653403325,0.18699489670830932,0.21309530444667796,0.22643386856724412,0.25313970477453895,0.33633637535038974,0.38032504765700437,0.42513065861303817,0.4598259454191989,0.5229716760077834,0.5406520544633967,0.5629454782541516,0.6628133008075325,0.6525026517173288,0.6712175814234537,0.6626299487630839,0.6775323675230864,0.6558057438834611,0.6383788210207065,0.6351959801394306,0.6286944691525993,0.6359538622842469,0.6255415576955643,0.6291787821269382,0.6594294428433433,0.660417693219835,0.657279788639584,0.6846637011640092,0.6468182786754968,0.6406175134094331,0.6414131529455419,0.6221427790346149,0.6498032885359268,0.6601564338807411,0.6829215568283408,0.653575009110852,0.6475300888185648,0.6323117454911726,0.6250776708155605,0.647121977010045,0.6838500800980926,0.6978290068467925,0.7093497028748919,0.7075726234967054
0.03132653086926926,0.09596891810823084,0.09555672072813659,0.10972480377921924,0.12864819078253906,0.1686376674065662,0.21018444054049334,0.2646275163070124,0.31387292498067104,0.31896550109952654,0.2931091030594743,0.3858748198786377,0.4272452831447193,0.4656558523817047,0.5133949850984512,0.5294116975757908,0.5297448418549103,0.5380738308817037,0.5637626163220488,0.5606844771997145,0.5454941355377806,0.5112483983897078,0.4852087521755486,0.4312052121320642,0.4100522850075752,0.3664181498433468,0.31363055474183044,0.296742772376119,0.274352768842644,0.31235409428332,0.21825664499656292,0.9782714862350266,-0.36521772092835864,-0.9676556715797185,0.4162952771005033,0.7482921545425291,0.8179526039650158,0.5810224513100831,0.4848961384393538,0.4359664812113538,0.3848093127983514,0.4328090006078597,0.46147684162186325,0.46758010494170343,0.46140119043397354,0.44221423516669867,0.4534678693947947,0.41544335126609583,0.39779496112808366
0.07696333586870742,0.14441981524613295,0.14430967535507833,0.148744848395445,0.16464472357562845,0.17356540339565915,0.18066953823868623,0.2093727678632608,0.24114393936659562,0.26795628667072835,0.334229137882863,0.3651049186418805,0.4068772991223263,0.42098069653080117,0.4383880661276817,0.4672823192897691,0.47664086724618204,0.49004317102362355,0.48913140303748115,0.45918355557379187,0.46107170932214736,0.4621862068440989,0.4609209109329434,0.4032188263055164,0.35199978208588334,0.30763785422219725,0.13909654866693766,0.48801690093034106,0.4979282208815389,-0.7489220976960809,-0.7679933837761664,0.18729989482391107,0.4942022099326101,0.6431469309206099,0.7009065473578696,0.7326052523215484,0.7733981605369125,0.8166857422303485,0.8738944085362481,0.9065114378727107,0.9425688179267562,0.9761986560388188,0.8314932445423971,0.6708190910046478,0.644551132256481,0.5105325202352695,0.46459765776532214,0.45935575075606727,0.3843027452207506
0.28051893722680177,0.14637879864822534,0.12967134965693786,0.12992755120894914,0.11723646321934864,0.10654423183094097,0.08639739871187703,0.178547137093097,0.2127426414351052,0.24717715694092227,0.2916999659620033,0.30782934608209067,0.3316324213324602,0.34656783974858735,0.37803790172214463,0.393146638338359,0.421860815298599,0.45649880772645196,0.4643695010236113,0.4618833381756149,0.4580015705667386,0.45672352771442865,0.46660896028856885,0.4532715018045611,0.4482741276076998,0.44274025014814655,0.42360535886801287,0.41344722340055073,0.4874635672144004,0.5282660538600498,0.6403195508843345,0.7329802933734602,0.8312418740315936,0.9143746582247743,0.8849986550686781,0.8821306832547245,0.8904204274316201,0.8771302396131138,0.8751327733206864,0.8619817721508198,0.8688668229827444,0.8693227567723266,0.8598303355808234,0.836319147102696,0.8368415768583454,0.7792459627017584,0.7640656565136755,0.7583060429188525,0.6796281375375133
-0.3958011746788034,-0.9100769986271434,-0.94225441071357,-0.9355061976266693,0.8925541934080791,0.8719953250555087,0.6620373880046478,0.35868287950920874,0.29395911012340836,0.19517984990547596,0.2742442164289381,0.273863006694022,0.2856080259547214,0.29907653917324956,0.36333493175924214,0.35058776625305,0.33355748538315144,0.3345756612934625,0.3426572460080488,0.35678464673010923,0.3861186956683167,0.3889502696926398,0.3870057446904219,0.38183171598091914,0.3871203891153895,0.4089172051364698,0.4179791615658873,0.4092045897845011,0.4076494463899638,0.3985831369640724,0.36912760273455103,0.35309790090525023,0.363576392466192,0.3720101917906165,0.3877381754079867,0.41639817968163606,0.44115268281796494,0.4788661865494761,0.4764643875163161,0.5258783856195731,0.5253406120203699,0.4871585719834849,0.5727171982629717,0.5613098945882855,0.5769997402375489,0.6227795177209765,0.6193357522826103,0.6838560733687145,0.6722924724613053
-0.12489985466883459,-0.3483097271196662,-0.28258655389758525,-0.9880653113915997,-0.5496369968565443,-0.80153810514528,-0.8865180968533205,-0.9170497360402018,-0.5375544646219864,0.17369165005649675,0.18167825858467931,0.19437110323985352,0.21588213349767302,0.23246171355627074,0.2211580972174833,0.23457021291062713,0.23531291440006594,0.23788209991721426,0.2297621592822948,0.24736281394180096,0.28997032986284027,0.29185951505672764,0.29204119122259636,0.2779093658118842,0.2782426484402769,0.28276205868548554,0.27461299655495985,0.2741267403001885,0.25736429859874055,0.24315773051108208,0.19076634313646582,0.29196470589476986,0.5816589823660478,1.1197237542131993,-1.1346737862927259,-0.8191534236881209,-1.0996658282709015,0.779112563524997,0.3124684484516605,0.9865535256049808,0.7891878778411073,0.8311776848039656,0.6641919366719364,0.5128693984192197,0.4611150132163876,0.4211321728421302,0.38226871912926785,0.3525563346508398,0.22806795684489026
-0.18287926309946928,-0.12899465371400984,-0.027370153036103035,0.6275509557797468,0.2250003182832629,0.3261520705609236,0.37750249287563675,0.3403659346352628,0.2949784133369691,0.253420609685122,0.23024997614150033,0.23445287430745132,0.24018757949845407,0.22545180311287077,0.185386388336888,0.17794197865335135,0.18127245731478528,0.20268765543598044,0.21524344266228296,0.21944400178768875,0.23100644778596516,0.24720019020738043,0.24385807500192488,0.23184506952577838,0.2253237962538266,0.22357142350112988,0.22337818747479898,0.2183066584445996,0.3482889021682858,0.14647637205897832,0.015153421923305701,-0.1775182644444141,-1.0854780093367442,-0.3768829777084049,-0.43652052839484295,-0.27212652504698226,-0.042621632484087624,-0.04378678078210276,-0.2027446581621296,-0.2571168190458368,-0.7098048558055027,-0.6064208651859547,-0.9611739454261509,-1.1957802552664596,-0.9872433095474173,-1.141059382964423,0.8019701616089205,0.9946582594092324,0.4311169657656819
-0.5892917832091955,-0.4135942478475495,-0.3397037275381649,-0.25777503168794863,-0.7300155628952848,-0.08960279931269224,-0.3629896489230835,0.7607897197255774,0.48976434842302685,0.6846312364345739,0.8552409772051365,-0.7559388486554425,-1.001532026152181,-0.951596426447936,-0.9968154516709744,-0.5820081537144449,0.9766469999058524,-0.8192332479236821,0.30950240246926153,1.0071213607456062,0.9416857662181194,0.8593751747565981,0.9887001515902971,-0.8338199290062445,-0.502743650229108,1.0618452015412216,0.6423569865748068,0.5141611851225667,0.3053860423539615,0.20201676644984468,0.45083477086470536,0.5954570247720357,0.4604952925844415,-1.105268913590005,-0.1732196959744365,-0.5078220296068696,-0.2844615836721621,-0.09820524460949794,-0.128174593127377,-0.2778849449353123,-0.3429502706128916,-0.41217022992054564,-0.5755394768278168,-0.5257443628045799,-0.3599300391388491,-0.3839495555880283,-0.24260148184530672,-0.20817059970426974,-0.6435824193988978
-0.7773623353822379,-0.6926399084284341,-0.6507463867325837,-0.5907261613410539,-0.43846224108361104,-0.37979021248460076,-0.29321132413695167,-0.2025423075781537,-0.17668363596202283,-0.1495127886329494,-0.13171879559980074,-0.13083735942276545,-0.12736322127388455,-0.1268061577716357,-0.12097746894476943,-0.12354969152780051,-0.12267197150035866,-0.10612913215103745,-0.057239866054276375,-0.04031370925644408,-0.2525509254597406,-0.267025080152515,-0.23658888326823352,-0.20609386323679169,-0.0725912328658423,-0.34313398769676073,-0.33811226843137454,-0.7548530190328353,-0.944988261818942,-0.45337094749787754,1.06617222317393,0.9159613027299177,1.0720552318528607,0.07548246636173098,0.9223741914441468,-1.0799114160892584,-0.3677999912417761,-0.33986979980910864,-0.28370515502514543,-0.13009126094421913,-0.14875917078604772,-0.1528752950821392,-0.11941031761911997,-0.11230378119973741,-0.14647319615723958,-0.1723906434950872,-0.1730807848838149,-0.17695723380743514,-0.17246468972488077
-0.8449683591514274,-0.8624644815072724,-0.8363644123538677,-0.7893712174868838,-0.7211214371210137,-0.6489540335764107,-0.6126567122248082,-0.5158922174157649,-0.4828023098773348,-0.4205331239422846,-0.38446051271762655,-0.35880553774640456,-0.3456081627891661,-0.3454939794487037,-0.2944995802320099,-0.29964662391868063,-0.2702544582737049,-0.23261581980687676,-0.2398598823910353,-0.2529048852443459,-0.27665163292529166,-0.3055349273975626,-0.3138280854663775,-0.29466292311254777,-0.26543234345894845,-0.22246404455218408,-0.19010093365812977,-0.1483726794346717,-0.17285134173221164,-0.28845901348948044,-0.3622487320729596,-0.40879209554184354,-0.37244206699740984,-0.49462047104227785,-0.2520429176646242,-0.15953118605001002,-0.11580353702625065,-0.11407361387662523,-0.11867327640675582,-0.1314072983202497,-0.1370670655274123,-0.1433016956792298,-0.15991613073336614,-0.17721741289949602,-0.1892138538122378,-0.22830479608234533,-0.2416375382406184,-0.23002286346807715,-0.2173384818802541
-0.9236235979769198,-0.9247813950889272,-0.9009918720517502,-0.8813600671376227,-0.8308178087539155,-0.7965544284696522,-0.7705640797787032,-0.6405603302895228,-0.6278411373130335,-0.5512181351744119,-0.4735529290757069,-0.45603789767818687,-0.42759120958370017,-0.40147404705065765,-0.345722469299712,-0.36352963404981037,-0.37918364006602623,-0.3857107125830476,-0.383055284282914,-0.4060688910454629,-0.41026120401733174,-0.39901917776860096,-0.3942243624275628,-0.377025315855937,-0.3681692580959334,-0.35150400092784,-0.32494214943774635,-0.28966081534851884,-0.2459897353080695,-0.2253970677452042,-0.16887012893282552,-0.1626525610735566,-0.17255661125897348,-0.17004750827963186,-0.15272796251460546,-0.13645216970315033,-0.1406541758412977,-0.1405644616051951,-0.14637460828073914,-0.17630910421334686,-0.20111711713876626,-0.23888481081824214,-0.2613174997989018,-0.2613313525408342,-0.2672748877180086,-0.2716328397712461,-0.2671558054441011,-0.263742353870059,-0.2665435739816841
-0.9700231548973716,-0.964126911551807,-0.9754280234215446,-0.9826274774147856,-0.9370195858002167,-0.9239073037128971,-0.9071317640468963,-0.8605197802436173,-0.790364960040058,-0.75037794969383,-0.6627495986399868,-0.6417995846785658,-0.6364176523854642,-0.6179348698966904,-0.6049856192404026,-0.5519499913854502,-0.5231174500918779,-0.49329882373609607,-0.47745311136163854,-0.49633795802879255,-0.5360412052127973,-0.5343572608970588,-0.5374020501193788,-0.4847377828294754,-0.4376882426571709,-0.423168615206469,-0.39506821590260904,-0.38003938397770803,-0.36948423182629136,-0.3658821414426618,-0.34270315661128564,-0.3375471961423151,-0.35153454849596383,-0.30712360148268414,-0.27375632439757314,-0.2540842589607192,-0.2587298153752523,-0.259793968260995,-0.26184473890127286,-0.2705665444630579,-0.2769756603849901,-0.28658326146899366,-0.28850007758741053,-0.3024453743560021,-0.317534334082822,-0.3413510166645584,-0.3577624726345172,-0.3642090941893531,-0.3621680126409424
-1.0183488151305407,-1.0080278526089312,-1.0031828200431672,-1.009735595674435,-0.9976371029282796,-0.9954902370043499,-0.9701446196038088,-0.8974259077212909,-0.8923675173087608,-0.8527826300637702,-0.795746376447923,-0.7690943676751026,-0.7569576757817885,-0.7253681206442986,-0.6686927299066541,-0.6234258637866973,-0.5904482243919742,-0.6067175539171765,-0.6149395328475359,-0.6035966574792717,-0.5742205520668489,-0.5493643766629367,-0.5157244601541017,-0.43800904442171185,-0.4245064662491662,-0.42355433224588646,-0.4056610281526879,-0.3958247123805143,-0.3932858793450037,-0.38648945517249983,-0.366731594402707,-0.3553180586234461,-0.3449617904270723,-0.34199244376343624,-0.33945658361772835,-0.3320911581233605,-0.3276766267795705,-0.3266505525750975,-0.32339573290726165,-0.32716898209899264,-0.33791787574342824,-0.3541386304994227,-0.3550191842755723,-0.3545568906596088,-0.3561768894877858,-0.3599075267776081,-0.35538547098952644,-0.36042589159814836,-0.37954575845851707
-1.0468637726578205,-1.0069268169479892,-1.0056136414893568,-0.9998560592953242,-0.9764401805429136,-0.9574439655490474,-0.9647409641728273,-0.9409573421040841,-0.9173922125399382,-0.87227962002479,-0.8392302203467084,-0.7837402368823942,-0.7286172762487062,-0.6738372552558892,-0.6584378549250881,-0.6459153759150119,-0.6333437216587162,-0.6252721493408782,-0.6061077467383301,-0.5871493097976552,-0.5630786140612297,-0.5468341114433644,-0.5152061087065172,-0.4932582157168406,-0.47197887479066636,-0.4535339944150833,-0.4132009037133301,-0.40384704955917805,-0.4052193622704341,-0.402942892329102,-0.4054036627322177,-0.41428729287541205,-0.41535387598706397,-0.38423857054644384,-0.3719982973353132,-0.3663390615699887,-0.36188582256388013,-0.35802106056377536,-0.3607306249531042,-0.3617161264742951,-0.36780256059532124,-0.37682587443093374,-0.38527529261649707,-0.39064600491417806,-0.39538780630438985,-0.43387028154355795,-0.4469798113735965,-0.4546115570180844,-0.4584908037784061
-1.0738850637195643,-1.0228861008185535,-0.9900840944576723,-0.9939542162476283,-0.9772779317979264,-0.953978588358308,-0.9415928063298055,-0.8889219796833258,-0.8544242870789839,-0.8576877666170256,-0.8284174048869151,-0.7987059564370024,-0.7900868801212185,-0.7673487740386477,-0.6982692040608517,-0.6832682788069988,-0.6714904495403241,-0.6215960583652591,-0.596918691634615,-0.5823515834665303,-0.5458339805060161,-0.5187519358207884,-0.49829002948153894,-0.490126777094669,-0.4704156057539986,-0.45069128160860084,-0.429072041585379,-0.4466869381352013,-0.45853188916688703,-0.4698081475553511,-0.4837297638445179,-0.4698177946446264,-0.45568484845775764,-0.4429630890660986,-0.44449512671473423,-0.4477796814975043,-0.44392231040515834,-0.4361263995049744,-0.4431587559953135,-0.4813008195434855,-0.49919913301918734,-0.5144288636030792,-0.5186788639610073,-0.5193239302579605,-0.5224270529269608,-0.5434002961234433,-0.5654869919507083,-0.5866082483609657,-0.6128248206210571
-1.088772271794442,-1.0690283623345642,-1.0643557881667998,-1.038352971705291,-1.0130870680778994,-0.9934274343356918,-0.9683681006214616,-0.9356811260171908,-0.9402752557568115,-0.9358525705910816,-0.9643352890190849,-0.9162152373820708,-0.8490769903793743,-0.8068333304538903,-0.7396995821490462,-0.7072954407927269,-0.6574982874881559,-0.6210895478431873,-0.6219551244124248,-0.6095842525560066,-0.6087016989547113,-0.6005559111039267,-0.5842622661481878,-0.5813183474305501,-0.5889753066502014,-0.5917486329754555,-0.5956376032385781,-0.5987165627309783,-0.5961983157898922,-0.587497754744176,-0.6012480348173639,-0.6119416448237073,-0.5961952990892857,-0.5719444485880304,-0.5588660821313994,-0.5591436298821713,-0.5816094115968563,-0.5808825163614683,-0.5807363239687692,-0.5940682290185643,-0.6117796350615896,-0.6177640763225261,-0.6347950659164577,-0.653186670535822,1.7847003062115e+38,0,0,0,0
-1.096810670573042,-1.0717936779772157,-1.0627935569444575,-1.0489341253039008,-1.0059933811771395,-0.9928011345168227,-0.9944039525887755,-0.9786635613871241,-0.9746949762581147,-0.9725867178953055,-0.9297500781761898,-0.9189258044323796,-0.8883071238459596,-0.8682372417300739,-0.8480684840600825,-0.8302552786087976,-0.7755060793241587,-0.7074385803425429,-0.6843925773600394,-0.6727060968971506,-0.632000159285678,-0.6231014583384932,-0.6414998839641081,-0.6883079521267875,-0.7008025580853567,-0.7005054728748333,-0.6973003655516079,-0.7158063770098645,-0.7133833942150993,-0.7129825134882019,-0.7048639515200137,-0.6937395475698033,-0.6841468273051682,-0.7080145164001024,-0.7078390698631458,-0.7147061782058162,-0.7470819018731543,-0.760300268803579,-0.7592096773408104,-1.3119022454596208,0,0,0,0,0,0,0,0,0
