jsons/1312815600.json
{"header": {"parameterUnit": "m", "parameterNumber": 2, "dx": 0.1, "dy": 0.5, "parameterNumberName": "Eastward wave", "la1": 40.97354507446295, "la2": 16.46031188964855, "parameterCategory": 2, "lo2": 133.9931640625001, "nx": 191, "ny": 50, "refTime": "2011-08-05 8:00:00", "lo1": 114.97908020019554}, "data":
[rows 0 to 21 of 50, columns 98 to 146 of 191]
0,0,0,0,0,0,0,0,0,0,0,0,0,0,0,0,0,0,0,0,0,0,0,0,0,0,0,0,0,0,0,0,0,0,0,0,0,0,0,0,0,0,0,0,0,0,0,0,0
0,0,0,0,0,0,0,0,0,0,0,0,0,0,0,0,0,0,0,0,0,0,0,0,0,0,0,0,0,0,0,0,0,0,0,0,0,0,0,0,0,0,0,0,0,0,0,0,0
0,0,0,0,0,0,0,0,0,0,0,0,0,0,0,0,0,0,0,0,0,0,0,0,0,0,0,0,0,0,0,0,0,0,0,0,0,0,0,0,0,0,0,0,0,0,0,0,0
1.4502528554445078,1.534433064579711,1.533938528355762,1.5487628426647118,1.4237634751963053,1.244503611934231,0.8235853790994256,0,0,0,0,0,0,0,0,0,0,0,0,0,0,0,0,0,0,0,0,0,0,0,0,0,0,0,0,0,0,0,0,0,0,0,0,0,0,0,0,0,0
1.8759527088729584,1.7203386771795972,1.6441658445876077,1.438977084877572,1.036382627703571,0,0,0,0,0,0,0,0,0,0,0,0,0,0,0,0,0,0,0,0,0,0,0,0,0,0,0,0,0,0,0,0,0,0,0,0,0,0,0,0,0,0,0,0
1.7787271778781961,1.143543468255255,0,0,0,0,0,0,0,0,0,0,0,0,0,0,0,0,0,0,0,0,0,0,0,0,0,0,0,0,0,0,0,0,0,0,0,0,0,0,0,0,0,0,0,0,0,0,0
2.5506382878743907,2.4108031619573134,2.351962429088347,2.146223051097112,2.069781170693253,0,0,0,0,0,1.3190294352229281,0,0,0,0,0,0,0,0,0,0,0,0,0,0,0,0,0,0,0,0,0,0,0,0,0,0,0,0,0,0,0,0,0,0,0,0,0,0
2.1496163162456416,2.16393000308596,2.182613399897677,2.1621719081285997,2.1014971475143427,2.0922665048210347,2.035242220730461,2.020245830012801,1.984432426964286,1.8462650923196737,1.7416523152080927,1.6968323157524354,1.5771757521665408,1.5494984648373769,1.495657740570561,1.5434468919565643,1.52763077575301,1.5322665206891892,1.51630938716634,0,0,0,0,0,0,0,0,0,0,0,0,0,0,0,0,0,0,0,0,0,0,0,0,0,0,0,0,0,0
1.7506186706218292,1.7688042552362562,1.7802840777263267,1.7804195413519281,1.7579390681006062,1.7371285207335183,1.6850977436578134,1.6318494353942221,1.5688631919666567,1.5249132505952923,1.4888946174886213,1.4583461546715246,1.3999059303523955,1.4547325787274206,1.3252022732723567,1.6618328658992552,1.6068106537649256,-1.1155168119000678,-0.787599622707699,-0.7300430336330184,0.735836621841441,0,0,0,0,0,0,0,0,0,0,0,0,0,0,0,0,0,0,0,0,0,0,0,0,0,0,0,0
1.4396034977414436,1.4429295490815088,1.4585738543425102,1.4778728604323157,1.4818003426564736,1.4623635941256232,1.4245110363807076,1.3956626757082238,1.3819902871386267,1.3677386730158778,1.3353228686813348,1.2934402546866026,1.1819408660103596,1.1074998688951438,1.0999713471285077,1.0412164847919199,0.9922794502304602,0.9324914049898912,0,0,0,0,0,0,0,0,0,0,0,0,0,0,0,0,0,0,0,0,0,0,0,0,0,0,0,0,0,0,0
1.2924625703214006,1.2883497770948096,1.2884875090111707,1.2890057683979739,1.298333709077296,1.28115164678564,1.2627830469041605,1.2085719652875528,1.1856725327549105,1.1591241874470672,1.1257012470812433,1.0932244681585142,1.0359512627889276,0.9970594864813874,0.9212684453617245,0.8513665559346743,0.8040553798056551,0.8325880315461314,0.58279677921718,0.5684638044640805,0,0,0,0,0,0,0,0,0,0,0,0,0,0,0,0,0,0,0,0,0,0,0,0,0,0,0,0,0
1.1293568701994796,1.1575821373237278,1.1714327772342126,1.161625940631883,1.1559565696440914,1.151969166097731,1.130238516056596,1.1297955397532895,1.0921606278439557,1.0029020919364064,0.9815896463383329,0.9470040666181858,0.8987296557438982,0.8642869481593154,0.8638613322391376,0.7647997093982484,0.7695186705909316,-1.1118472513635551,0,0,0,0,0,0,0,0,0,0,0,0,0,0,0,0,0,0,0,0,0,0,0,0,0,0,0,0,0,0,0
0.9322474843526393,0.9713756211825035,0.9877530369434347,0.9888761671625713,1.0512069715802048,1.0322954809107512,1.0058828919525509,1.0207662765509047,0.9970644824683557,0.9598803013115842,0.9284512199890913,0.9358263620280508,0.91545514699988,0.8878262624253795,0.7678793763626786,0.6745135073528095,0.6942206609944073,0.6934842736217836,0,0,0,0,0,0,0,0,0,0,0,0,0,0,0,0,0,0,0,0,0,0,0,0,0,0,0,0,0,0,0
0.7751655945586119,0.8529105888542593,0.8896146384277448,0.9112509517910106,0.9561558114315423,0.9611747679974091,0.9745114827622633,1.0083726914238647,1.0239876315010712,1.0321747901203222,1.024655667970837,1.0408622598277988,1.0219353727059988,1.0299229682756765,0.9895494247349947,0.9528223095451627,0.9997162020344325,1.0362779802172446,1.0967434000011271,1.1336426666889434,1.0255678021009025,1.0721559586419993,1.1009371367181298,1.1146224022442832,1.0975522753138016,1.1233771170576734,1.1270756886978113,1.0851110154221766,1.1152862304185385,1.141100562439246,1.1260347196433338,1.1444066354967262,1.1521849193952685,1.1768872861674065,1.1903061767403218,1.2016709636335863,1.1723822160136446,1.167948004470985,1.1594931277124918,1.11827604900248,0,0,0,0,0,0,0,0,0
0.7246651755249279,0.7769265437984506,0.7945456400467564,0.828897167975763,0.8366496863808728,0.8542173818103127,0.8845193950269546,0.9222815923803068,0.926878012524011,0.9142863561950145,0.9183162687813878,0.9021817798843497,0.9112766586459654,0.9329845380189473,0.8724435120810988,0.8809984788870786,0.8920492658426435,0.8973845623762986,0.9224465114097766,0.9287609954039685,1.0277483738427597,1.0635991137455512,1.077712240088419,1.1168243479119524,1.148304396447372,1.143561886302779,1.1685047681616243,1.1705028751112163,1.1865704409233921,1.18806763310174,1.1882042814223037,1.1867683601842625,1.1803988770897667,1.1773734545055377,1.1768865820265364,1.1737294566557732,1.1548125284540358,1.1556904818457407,1.1468823216491315,1.137243677252835,1.1344932188153183,1.124750782652828,1.0918113520838504,1.0875401203335655,1.0593271245400784,0.9775513966987764,0.941501360395374,0.9399644086579179,0
0.5026077346198832,0.5734421146959481,0.6030012984877099,0.6452828870996037,0.7565439295274574,0.775576399205614,0.7745478024943331,0.7779899755790564,0.7819545400943847,0.7909448478010106,0.7690950826850645,0.7775622005194744,0.7319820688293694,0.7825021025416073,0.6020729141458808,-1.0293854654175982,-0.7995618460391384,-0.5508499468634218,-0.2461557451681265,-0.11563704450231789,0.5783530617229622,0.6183850120097512,0.9570242750493115,1.0918319835281314,1.1231919635920151,1.151241948024931,1.142138802653971,1.1411777336432776,1.1463051578320913,1.1386213282077964,1.1417314491544504,1.1277817160842993,1.1086402226351857,1.1018956625477605,1.115597660153771,1.1074795174906118,1.093001535696723,1.1029542972926907,1.1078633149759347,1.0987427426544776,1.0900206039555156,1.0956914497712165,1.0695655860800002,1.0605211088510993,1.013801030203863,0.9502420558990009,0.8978360326303997,0.8343544311743666,0.7983066114240178
0.3193509638110914,0.3132623166800273,0.3150508719567714,0.4057926851522727,0.5408831136413984,0.5542575956716616,0.5434989769699959,0.614633849000659,0.6659825187987171,0.7045973149551821,0.8075258251840324,0.8339682433166866,0.8631860450549556,0.8783891699322347,0.9374650211326209,0.9634854475240241,1.0141468206137076,1.0750559177681753,1.0892348707725146,1.0901024571496771,1.1240424609579918,1.1136921052410536,1.117428929549968,1.1218634601898454,1.1220441650467017,1.0987131597019983,1.099202741849187,1.0951596391268987,1.0989387474480026,1.0994104745706212,1.102171171460171,1.1013250360267879,1.1035941383676344,1.0981056959397324,1.0893945006514345,1.0884377137689372,1.0820832311777133,1.0814321172483767,1.070839813881668,1.0605129708667718,1.061660910620052,1.0699194376403076,1.0366117526041607,1.0228938281295425,1.0124525079226752,0.9740996368812225,0.938489016799325,0.9793631744066977,0.9446119154701526
0.17555727392938414,0.2824322229548901,0.3389030805798439,0.37259543079978863,0.43549568327081106,0.44116348575527364,0.5016928482685254,0.5712600473887793,0.6016165742478434,0.6401980806096613,0.6830306316580399,0.7072489498601534,0.7330198681800312,0.740942057906481,0.8299120939605592,0.8342498240187048,0.8625246310907708,0.9077725700529379,0.925540567313152,0.95643745769883,1.0064498682607896,1.0212644798806438,1.0344692248875804,1.0443282666542653,1.034620422822404,1.03290940316173,1.043662362600333,1.0468239693528578,1.0486542929812273,1.0548112505502838,1.0570316289405721,1.0617077423168888,1.0606203145854214,1.0561656206258623,1.0687232058768346,1.073245883570721,1.0681227300570248,1.0639489853571185,1.0620762166554856,1.0448472310799368,1.0441388643933098,1.0419462950054534,1.0318999384087242,1.0291202378039137,1.0217488749959556,0.9766037710329292,0.9748798050283597,0.9677676617393077,0.9478024648342106
0.7450390409230028,0.2806486776166187,0.32738778599486845,0.41961928271061705,0.4847193051814961,0.5177295442196079,0.5148605442008389,0.6059024110186758,0.6690135665613549,0.6682817545662233,0.706728150934558,0.7263375522752732,0.7755484646467405,0.7816424972480442,0.809972529513828,0.8281969393651153,0.858696579348647,0.8959604151712777,0.9176633950935376,0.9351412162816946,0.9881988319971574,1.0012415874927338,1.005245985034072,1.0369521043330712,1.037959769348342,1.036251552801769,1.0314391961312632,1.0228097522088184,1.0337160765623994,1.041817017143602,1.0475972661498762,1.0454161094634837,1.041832280026226,1.052303087876564,1.053732408449646,1.0542196637943575,1.0504159457037576,1.053299272922006,1.0487531090862598,1.0382030175787063,1.0387242524956513,1.0353700807742745,1.0230449812416378,1.003535148979771,0.9950544561022178,0.9656069380027428,0.9543165188116111,0.9535434770821332,0.9329030914908141
0.2895402879619912,0.3329703007473429,0.4267626459226564,0.4808374769127601,0.571551233153033,0.5822780230820274,0.5891761580757905,0.6811124567152909,0.7004086246637631,0.7369563590744278,0.793534890820582,0.8087250949894722,0.8187885217047003,0.8288688551639237,0.8651668564829069,0.8853732180589029,0.904646309565162,0.9342412493568732,0.9507117447689661,0.9646543769984449,0.9970983778770806,1.0155034304845951,1.0070893421429312,1.009613327890374,1.0200378259574545,1.037827821125716,1.0525361296374074,1.052551679470031,1.0498680615894374,1.0501928406900207,1.0533487277088616,1.0432958184241317,1.0291081514778,1.0577559612660512,1.065763211670456,1.06194693863502,1.056501468665783,1.060064694251221,1.0621378175584297,1.060989741223936,1.060795904706335,1.0638176952858185,1.046130739323807,1.0386902699313927,1.0232715767294134,0.9938355785999232,0.9908467597798173,0.9890197870953379,0.9861265795483221
0.298959890610833,0.41540812720419534,0.5379247956857056,0.6535491035989025,0.7654999823684159,0.8119270489349298,0.8559771375556858,0.9079227751893515,0.920591324906328,0.929706105146459,0.9330530472300508,0.9341687724786353,0.9472395900430752,0.9513186564300609,0.9615832593019306,0.9621444287870022,0.9636380630586009,0.975565847774286,0.9910333437902996,1.0067629017612079,1.0135796745926684,1.0177796993112787,1.0245524668973838,1.0362116620368875,1.0431673028724084,1.053834007703893,1.059163075262981,1.064979198314115,1.0730407255147798,1.0786507831732346,1.0807124798627619,1.07498617967342,1.073252641716828,1.0741397110504871,1.0689901371224824,1.068361708588,1.0619171266947776,1.0600894646452803,1.0600727617366197,1.0587538800695575,1.0482847867902023,1.0422530394585194,1.0304821626093994,1.0305162588936778,1.0301795300316685,1.0217147301828646,1.009502577743546,1.0050159164783121,1.0059203908311691
0.7231595609441854,0.6165422271835542,0.7157315979825509,0.7648933902858859,0.8228080602459471,0.8432058302885651,0.8554669316002043,0.9536521698606841,0.9470455487930459,0.9613286034025195,0.9528337755234997,0.9448669053089107,0.9548867660678333,0.9626254252161793,0.9726301843326493,0.9714769991534615,0.9649213726274372,0.9639735989171105,0.9771462803629574,0.9789875527284401,0.9986843503102781,1.006505387105492,1.0151612414149924,1.0279141428054286,1.0261130175173103,1.0383944855690015,1.0401768440912682,1.034642746370021,1.0469140686749523,1.0603737986512074,1.0651789887174405,1.0668716965018088,1.0671663018586817,1.0551985921736837,1.0526434260529314,1.050775208731047,1.0486398553938376,1.0539675897498102,1.0591910724791416,1.0713028219742693,1.0593722528669323,1.0626535679202431,1.0627055329273127,1.0816309156344228,1.1035266748255474,1.0645907631182356,1.0650132143111617,1.070959747762377,1.0746524713891275
