jsons/1312560000.json
{"header": {"parameterUnit": "m", "parameterNumber": 3, "dx": 0.1, "dy": 0.5, "parameterNumberName": "Northward wave", "la1": 40.97354507446295, "la2": 16.46031188964855, "parameterCategory": 2, "lo2": 133.9931640625001, "nx": 191, "ny": 50, "refTime": "2011-08-05 8:00:00", "lo1": 114.97908020019554}, "data":
[rows 22 to 43 of 50, columns 50 to 99 of 191]
0,0,0,0,0,0,0,0,0,0,0,0,0,0,0,0,0,0,0.12931663643161997,-0.11872299569178014,-0.2607245227031523,-0.15732418375792395,-0.10307620843849338,-0.4509824074811808,-0.9459672288344707,-1.0688899397131164,-1.140430843292212,-1.249351559045927,-1.388605921305937,-1.4477624728517078,-1.514481767796927,-1.6121152317715624,-1.6472520958927528,-1.673025362845483,-1.6947302899888088,-1.7651928901878515,-1.8201293046301164,-1.8664112648559477,-1.9707652441455514,-2.12343869500281,-2.1835454262574165,-2.309315554132405,-2.3651855665079395,-2.4169002555709365,-2.4955187497979057,-2.5492668384477906,-2.586407957455917,-2.6770259628065336,-2.7092819277155917,-2.749747749438709
0,0,0,0,0,0,0,0,0,0,0,0,0,0,0,-0.14536741827027966,0,0,0,0,-0.36606869789711877,-0.6483336988784125,-0.9622249107242629,-1.1002474455882316,-1.192176846822807,-1.34752976145105,-1.421660583139958,-1.4667189451229565,-1.549385494957431,-1.600436647159001,-1.6587066812084268,-1.7458302443869753,-1.7966149824319084,-1.8856361817342298,-1.989911215289648,-2.2351405389520833,-2.340992126865189,-2.4151537131220793,-2.5414779494638307,-2.592379762793242,-2.646732204456846,-2.757608212388164,-2.832728507515308,-2.906833441519851,-3.0325018373600887,-3.113757461108556,-3.1932459152461306,-3.3277690493796337,-3.398475672386559,-3.4770101919893075
0,0,0,0,0,0,0,0,0,0,0,0,0,0,0,0,0,0,-0.5516235052990208,-0.8235679224117286,-1.0280316952859532,-1.167671805337515,-1.4073153331132797,-1.5011750905005132,-1.565598677726897,-1.6675608393761594,-1.7007977915188204,-1.7594961862493794,-1.8688926754602453,-1.9317499156269995,-2.024334143048216,-2.162119334571896,-2.2349738771975454,-2.356354285910848,-2.435695667565823,-2.5681702403497466,-2.6128710684655516,-2.6687457544035875,-2.7780720582668468,-2.834315118332624,-2.8876254723563135,-3.131948874508419,-3.262702739103813,-3.413731541552757,-3.6514674813076056,-3.7160333707856186,-3.840573434498527,-3.9627799357895412,-4.052040686029588,-4.185018175792466
0,0,0,0,0,0,0,0,0,0,0,0,0,0,0,-8.1454825486999445e+37,0.14731026440061598,-0.7914116933826031,-1.0822663222623743,-1.4044034564741117,-1.5029918251656371,-1.591689881005255,-1.7240362657093458,-1.7722711210228566,-1.8141344198667724,-1.9722775271697068,-2.058053945584491,-2.2924906363190707,-2.441344569401218,-2.510870334761862,-2.5804647316548253,-2.7211170844132697,-2.8286522599824604,-2.9069764840462695,-2.9737436781520663,-3.1367253285089243,-3.2291904094048927,-3.309147740602807,-3.485156396502119,-3.6141864627111624,-3.6871204387056067,-3.8459884787415284,-3.9225963574310367,-4.017151630366318,-4.174073080268766,-4.278810297119033,-4.439772467722334,-4.6813200698394075,-4.851952245882152,-5.025031944686565
0,0,0,0,0,0,0,0,-0.21979021029251025,-0.4098481678499339,-0.5547638425770225,-0.6306704684884239,-0.8609567302354707,-1.0191413344437315,-1.2015450310989442,-1.3314341646382937,-1.5424074053640304,-1.6419084664486907,-1.703768711931675,-1.845156866295112,-1.8922368940445577,-1.9820348341277765,-2.216984316578778,-2.3357913169792837,-2.403896779703548,-2.5312907141788212,-2.58778932207957,-2.646553857975894,-2.776477780925525,-2.8387262575725605,-2.8911535194338973,-3.0400043412473914,-3.126787896217121,-3.2333859010905153,-3.2915729127616835,-3.4838201140934006,-3.589939430767852,-3.7084128211643796,-3.9711535238559583,-4.107731741838547,-4.225561067813749,-4.453232491633968,-4.575043228637887,-4.708891504265436,-4.947966743721411,-5.068639203945273,-5.212275747317783,-5.45435792772747,-5.55610185298386,-5.794499715446255
0,0,0,0,0,0,0,-0.6991237561704281,-0.8216488859449975,-1.0954782886645325,-1.1858991318548107,-1.2719066324425061,-1.4081501260472484,-1.4564013915855327,-1.4913666362760676,-1.5423673924790866,-1.63823728689703,-1.735521359732384,-1.8251851229686127,-2.015707563632916,-2.162888012038308,-2.2185857378716958,-2.3311794152166914,-2.366019484687611,-2.3911393864796353,-2.4873712195416395,-2.5416532783027153,-2.599216166388041,-2.734442243580481,-2.824007892823464,-2.8994208836135815,-3.0567713312371985,-3.1426870465696295,-3.193092757356956,-3.2623607685374107,-3.446640093519378,-3.56134845248038,-3.6797895011285315,-3.9186928367903566,-3.998464785765676,-4.099122564627592,-4.274772647193128,-4.4577088503726685,-4.552318100069735,-4.748247486017374,-4.890261429258319,-5.112235408022984,-5.369183278727096,-5.512246884601555,-5.73772070185622
0,0,0.1425350546424337,-0.7007544278915703,-0.8721222938473543,-1.0094282943004038,-1.250889917291008,-1.3218769988184877,-1.3724293625440676,-1.4551127320249806,-1.5013534040411642,-1.5248595871463184,-1.5992438147568007,-1.6379868289080846,-1.6510613869365192,-1.6810639255788398,-1.8261971639912749,-1.9589330707883506,-2.004562908094951,-2.090748490801766,-2.106884450507127,-2.1396103626166205,-2.2400694217223966,-2.276457484179621,-2.3146607776822696,-2.4058973415028517,-2.429281890142034,-2.4570493450812605,-2.5718585220130246,-2.622799505665041,-2.6729886903134874,-2.8076430509253374,-2.8474620150497074,-2.915246867287363,-2.994991219392258,-3.1518753396805206,-3.290239092533103,-3.390406680802709,-3.5570593312406964,-3.648779249216466,-3.732242440891113,-3.88157552577107,-4.032589402163216,-4.1234655559015545,-4.362620565106257,-4.530234915211362,-4.728103602247888,-5.018918691088984,-5.125613128170225,-5.484960747981197
-0.8209036855446631,-0.8912552187805324,-1.0017769191917825,-1.1572167799820567,-1.2233826599511723,-1.2670909937761718,-1.3466857383716404,-1.4535946430248365,-1.4380007995380084,-1.5281596911282045,-1.5540380039509774,-1.58834977984911,-1.6581515607449149,-1.6686934106411133,-1.757006506651719,-1.8604219086693865,-1.9453122809473307,-1.9610096426996204,-1.9940918029466814,-2.0889155673686424,-2.0843845099495866,-2.114259117667057,-2.2007661507292946,-2.208083742842524,-2.2065831939436626,-2.3053691557642173,-2.3095685308311644,-2.313757169931496,-2.405713785890371,-2.4227850864329272,-2.4224798370954024,-2.525878109038058,-2.5730813957393415,-2.5991263638890865,-2.586778877224366,-2.7117012420740076,-2.683104926954875,-2.717028463817785,-2.886053963642474,-2.7892929018666357,-2.8299195269063433,-2.9221648459932084,-2.981546949986408,-3.047351613671238,-3.1698938553041374,-3.2435909569944927,-3.4041911356455747,-3.652481990697099,-3.76403820444407,-4.000282174059538
-1.1508834831942019,-1.1867544920379995,-1.2626353560459154,-1.3601931741393347,-1.3799722515545396,-1.4001740100579232,-1.4561960107161513,-1.472697928634294,-1.4523676323541175,-1.5043965897446112,-1.525877125214213,-1.5466742792591008,-1.6743746862890974,-1.7468928838975712,-1.8135084883619481,-1.8502400274437678,-1.8991409727453015,-1.9014940247897059,-1.8904471412449129,-1.96375622180159,-1.9139316623563205,-1.9472697957425518,-1.9772497622450895,-1.9743689773033415,-1.9652349571686785,-2.0050349155455027,-2.018268180040565,-1.980819210838616,-2.025575228148619,-2.0345593614553246,-1.9897250041779146,-2.0040793367266496,-2.0061038914865867,-1.9762066997666319,-1.9214180423462093,-1.9849455847849473,-1.8665085371474355,-1.8908069408823756,-1.9335102002816151,-1.897206398677089,-1.891136828836162,-1.986679777682069,-1.9971809737103123,-1.9511141645765515,-2.0534497175758997,-2.072598336390771,-2.045213648441668,-2.0806612385429424,-2.040313023770377,-2.1006954112059084
-1.0964813904288162,-1.1145181707586165,-1.1576185012497937,-1.227676293085014,-1.2212198500734188,-1.2273731001116877,-1.2500197041395968,-1.268968213826366,-1.2655922500974088,-1.3025280184276002,-1.312100680866981,-1.3038529958976,-1.360805265400272,-1.382613637108649,-1.428256455701783,-1.4509422334847792,-1.5040906501533873,-1.5034084023208674,-1.5191911124826987,-1.6029356609875247,-1.5845939345582232,-1.5809082041945564,-1.622533397246634,-1.598317947439097,-1.5392082476406836,-1.5528145516735061,-1.531100448356181,-1.4950207628393053,-1.5066745910983375,-1.4691645888656766,-1.3452549893626655,-1.3371297864154266,-1.2769430136865558,-1.101529644785914,-1.070159760452967,-1.0667619211210007,-0.8931500905850445,-0.85088815647664,-0.8104280718354405,-0.6995842256951688,-0.6627566528136098,-0.6490555443982005,-0.5806371927750078,-0.46507938811612626,-0.41798669400428334,-0.3322303211112187,-0.22619740397249233,-0.18113924836083348,-0.08940070315121833,0.1621120735431477
-0.6783697583150242,-0.6018564655421077,-0.5857227791297294,-0.558478568534442,-0.4378989788394374,-0.3648944111130736,-0.30280984492682256,-0.12553981782579918,0.11944815725770058,0.37483538377188147,0.4741791255081867,0,0,0,0,0,0,0,0,0,-1.2843604409617202,-1.1435280407861435,-1.078731125527786,-0.9464001328149689,-0.8217911043550155,-0.7853629354146288,-0.740219129014756,-0.6346772775305185,-0.5508370194529636,-0.4900432241462749,-0.3255230904254677,-0.35606456305107975,-0.3386550898370691,-0.3950502221932419,-0.3844459118469139,-0.3750680304095186,-0.29618175360656496,-0.29003787938293124,-0.2089841465245722,-0.053364577325910316,0.03655015721538076,0.10107965699662312,0.24225314637911824,0.47161545923994147,0.6039857201198773,0.7285610487127009,0.95844712569958,1.1584083305420363,1.3027262253256346,1.4832570349547318
-0.047055331288716286,0.038136609572929685,0.10299326469346479,0.14114631167645617,0.2749332881272484,0.3113048024734446,0.4215160074626314,0,0,0,0,0,0,0,0,0,0,0,0,-1.2134919997055835,-0.8627004172872179,-0.7284447885551308,-0.6954311126376588,-0.649973195275039,-0.5176752991255962,-0.5048415321480333,-0.4638115927884426,-0.3358535445895622,-0.3055070935879926,-0.2073864364405918,-0.09280690649677532,-0.03902896715139969,0.059397705804820414,0.20217742228318744,0.27325064414275213,0.31778615207927363,0.3455775634700609,0.6540015529332283,0.8803273077159822,0.6827519735992719,0.9978163412505536,1.747017508200965,1.2902429031155085,-0.5591248010727942,-0.1580721599959597,0.6502506224737119,1.6637396760362986,2.0180418213019995,2.25401151717194,2.5618021974281167
0.2742271658371297,0.3282534284103779,0.35310489647592463,0.3891061237019909,0,0,0,0,0,0,0,0,0,0,0,0,0,-0.7118383922831351,-0.5941823822622189,-0.5556815457132456,-0.3566425803346198,-0.2864707286156468,-0.23377200281811453,-0.1579726570644738,-0.05799717947285999,0.013429686325284134,0.0698845703580014,0.22230380478305697,0.32788097159435736,0.4170180799295101,0.5944911676345047,0.7024709177959668,0.7667062619300496,1.0312498449037715,1.1870760601623942,1.3503870109413678,1.4319610557704017,1.4137801286044043,1.4397595686918174,1.2258615376070148,1.2221473441668282,1.3152217601165472,1.3679149256393055,1.4482580969231738,1.561009463866493,1.6509528650121725,1.759775844222414,1.9233013032435178,2.080331210583693,2.4242692973392708
0.3255599298900193,0.42036762641420433,0,0,0,0,0,0,0,0,0,0,0,0,0,0,-0.5507490669524818,-0.2771916679062267,-0.1729824358302804,-0.10322308108212314,0.01642979300653503,0.060978107765116356,0.10832376470298737,0.17923438078565126,0.29610797903978786,0.3483534643381254,0.3993902030623024,0.471877214117424,0.5547767510749813,0.6042089421814045,0.6831644781438049,0.7221680113510979,0.7466191136600475,0.7228139085663209,0.7618656446031896,0.7702144172171788,0.7239867727700138,0.7345476805818647,0.8002220895417963,0.8519917451652256,0.8995989942437458,0.9936704804359755,1.0409798702942548,1.1898150733675485,1.3136446803740305,1.4304901036319413,1.648312825715809,1.8219638876326603,1.95786537860095,2.28523673332873
0.34639548635817186,0.4391576942316281,0,0,0,0,0,0,0,0,0,0,0,0,-0.3164376668402643,-0.1698995252331615,-0.1526705186334057,-0.041369086801909136,-0.013455158987400255,0.0302605975054669,0.06771547039554301,0.09724884342556991,0.12379239312597881,0.13890976278585945,0.14235276068844654,0.18002533030420037,0.20281306317866807,0.1670755293619593,0.1604547295647118,0.15358075633194382,0.1316342371151851,0.12286385370846196,0.09380694304650311,0.12974769893091825,0.1482905423192113,0.16187474964018544,0.21058861936202475,0.2666979297624643,0.27694940713262234,0.37430026976748976,0.4747060683965821,0.622322067050188,0.6808960770557835,0.9189528962380865,1.047682156269157,1.1963528769010685,1.3977799863270397,1.584333454475806,1.6661307493938642,1.9604624947687572
0.31197842720485525,0.3447166746138342,0.3724605264763933,0.39963847732304386,0.1100044197036097,0,0,0,0,0,0.2084895040747421,-0.376374472142941,-0.2935576789487703,-0.27056117692008586,-0.20432323546771494,-0.17810941323253787,-0.18384557246087924,-0.15756446845767216,-0.14808167556750543,-0.15162202046250167,-0.14838558229601767,-0.14409835010167538,-0.16675805161483778,-0.1664094656171888,-0.1905674402119011,-0.23591173108475308,-0.25674900035412285,-0.28754547945193115,-0.3156715658132572,-0.3328154253517469,-0.35493413719095424,-0.32864458809774494,-0.30243528297334893,-0.24103198877726298,-0.2310225206917227,-0.15551624351116933,-0.06422872701755783,-0.002269137688035264,0.01985907355681704,0.23562147238277337,0.29994249392193306,0.42880450918265445,0.48791485210579794,0.6467095307327929,0.8150727047835907,0.9252027559794896,1.1338959081543778,1.1964974693858244,1.334332775511352,1.515970388172079
0.33181272914165433,0.3407216492720936,0.3687245328375662,0.38786131384385875,0.40057438214738855,0.4456167602126697,0.4859649513858561,0.5357289575345364,0,-0.629995882317241,-0.6203623992769722,-0.43086815819962715,-0.406776464502941,-0.3756619929713307,-0.3551730708773521,-0.36210920631597704,-0.40003035939561093,-0.44689639216180205,-0.4757679436922044,-0.5017310108944864,-0.5181910095651785,-0.5462178686543859,-0.5829641165834377,-0.62191647387559,-0.628521187957549,-0.6520077182477687,-0.6608364662764294,-0.6344310934547668,-0.6577557918281967,-0.6335729846282875,-0.5608016009151663,-0.5560936184136903,-0.5466519498584228,-0.44298769033819924,-0.42822230254968385,-0.3719336056150009,-0.28068063875816057,-0.1824011791216989,-0.13410603567941068,0.04393015004995607,0.08721424703888854,0.1850518920584559,0.2767605866713364,0.4311721507366117,0.5333239032529956,0.5993903970283727,0.806363064658122,0.9009930782564867,1.0716732602221395,1.2109628250369824
-0.07062511413622254,-0.18638814688047603,-0.24584539058424326,-0.31587996511473215,-0.35138247904624104,-0.38977147939180545,-0.4181608118671714,-0.42842939321981055,-0.45441971046753166,-0.4982581471268213,-0.528299043344257,-0.540178720418335,-0.569369984499929,-0.5810234965405604,-0.6022362886776625,-0.6406727091219024,-0.6904556453044662,-0.7116262715702683,-0.7207786814819918,-0.7598751180633112,-0.7596159620344263,-0.7599573843794366,-0.7849587885806802,-0.7781779634756238,-0.7480265746936671,-0.7592313651626835,-0.7598691225673339,-0.7427464671645773,-0.7493902846834667,-0.7175593614226987,-0.6570823126460119,-0.6422117303001229,-0.60085145426461,-0.5210314570853295,-0.45760330202043836,-0.43359403173996264,-0.3122518694300429,-0.25286193309412164,-0.2010417631517307,-0.08533530673364538,0.008897053976555748,0.06937464021593807,0.1063048593771971,0.236118500827255,0.3106881869426566,0.4119206423280338,0.5239912342671079,0.6154848946769692,0.731877676858264,0.8837956706733592
-0.43260014456059637,-0.4600337396839727,-0.4775947062808625,-0.5337832668906995,-0.5203104045244668,-0.5512865013517502,-0.6215926522502379,-0.6301775355221625,-0.6607968063781189,-0.703060613858585,-0.7199210586915388,-0.7393144732743192,-0.7780452552636008,-0.789272103988077,-0.7950889741117483,-0.8046230212392804,-0.8138011002032544,-0.8144228658203575,-0.7921241866545589,-0.8046436449784784,-0.7821081745100891,-0.771925020360992,-0.7874252114390697,-0.7825711789737272,-0.7578433790751766,-0.7707733265440656,-0.7658039392425093,-0.727806803709872,-0.7458816268306551,-0.7119261925980525,-0.651723300210019,-0.6265680427024882,-0.5802851963830141,-0.4879651696705203,-0.4458335197483403,-0.39306515272757314,-0.31238525305673204,-0.2544197650361493,-0.2345959600905258,-0.11966688107984311,-0.08808966908934455,-0.051677957547739094,0.02448053120309672,0.12717650456620463,0.2116240644158297,0.2612294773594438,0.38865415680858967,0.4528581931079865,0.5117694645419768,0.6078958583768141
-0.5864944340769521,-0.6156326496227951,-0.6279595504235717,-0.6750823516438645,-0.6975816738859307,-0.7226218917474379,-0.7482524988885656,-0.7695330211563061,-0.7823801676897969,-0.8157866987635735,-0.8196024624510931,-0.8030144118640868,-0.8274143683149034,-0.8193800738206449,-0.8033226450635795,-0.7961436589514266,-0.7976952893858587,-0.786158930524586,-0.7804685611432142,-0.7865265958960028,-0.7746057264460423,-0.7693699042164672,-0.7842585241207611,-0.7819971991703157,-0.7456635063697883,-0.760051755776788,-0.7371224314406194,-0.6893477341332047,-0.6719497792446656,-0.6283312050654491,-0.572521975634063,-0.53077606931648,-0.5137927623356355,-0.43722305122621463,-0.39316919206944345,-0.3586780044543964,-0.30958147909328765,-0.2548860685913326,-0.22477860686986778,-0.12565578590906026,-0.09565747085875326,-0.05926771227075504,-0.015727271805697097,0.0484159161973151,0.11083117558459644,0.16676514883398758,0.2840593662002802,0.3432944194052826,0.3562220395343967,0.48901827373931145
-0.6919905458342264,-0.7150707384445812,-0.725011816227291,-0.7522656474562845,-0.7483177595997244,-0.7559510992806044,-0.7754771862899252,-0.7782037601702347,-0.7716483880971051,-0.7853339190507607,-0.7759681017355459,-0.7555237539770242,-0.7633268111954509,-0.7610109214428408,-0.7371207317424533,-0.7422482239032645,-0.7608764297333749,-0.7545374529739323,-0.7517618263422764,-0.7669985651510728,-0.7516582539681441,-0.7403574922677092,-0.7403958857792384,-0.7383982747574346,-0.6903453544304521,-0.6754433238209882,-0.6606594954030016,-0.612777442156772,-0.5904489024723075,-0.5540467283160876,-0.5034049886217353,-0.4805057781606073,-0.448474751729161,-0.38509800952061585,-0.34129605066206953,-0.3382040074527383,-0.28477502773802804,-0.24950564771904435,-0.2006852628505384,-0.159575967443007,-0.11687942646707869,-0.08149702125463465,-0.02742772852405818,0.04715636476671178,0.08797986405041502,0.13700197550796617,0.21757498208706466,0.24771839909373813,0.3043954192222102,0.3886876861748495
-0.731641094360904,-0.7267700640178347,-0.7186506887486083,-0.7333873964841341,-0.7193149022144232,-0.7074634394222353,-0.7224509230553304,-0.7263500035385125,-0.6994524419492953,-0.7044276434435396,-0.7110116868141605,-0.707860570437054,-0.7357375359480244,-0.7356965422530262,-0.7248819626704648,-0.7345361348376914,-0.7530486307035299,-0.7379214997391486,-0.7377500667710337,-0.7396928607263338,-0.7197170001429396,-0.7247720755495917,-0.7111487636381899,-0.6746501594373838,-0.6349053953665362,-0.6229542754928225,-0.598340275994131,-0.531598012489922,-0.522600741312821,-0.5010108097214757,-0.4436600431877285,-0.43146294480119374,-0.4077893675787579,-0.3621338731783788,-0.351124781150081,-0.3340642119482544,-0.3017606748807163,-0.28040293817806733,-0.24457915378040765,-0.1733553527017197,-0.13839747198986938,-0.08509109953161544,-0.06448413305091594,0.0022527040893916685,0.036353162275032457,0.08052976662072278,0.1590133078585291,0.19184902383707364,0.1989247662030182,0.2859693364943381
