jsons/1312729200.json
{"header": {"parameterUnit": "m", "parameterNumber": 3, "dx": 0.1, "dy": 0.5, "parameterNumberName": "Northward wave", "la1": 40.97354507446295, "la2": 16.46031188964855, "parameterCategory": 2, "lo2": 133.9931640625001, "nx": 191, "ny": 50, "refTime": "2011-08-05 8:00:00", "lo1": 114.97908020019554}, "data":
[rows 22 to 43 of 50, columns 100 to 149 of 191]
1.7104266136866098,1.5563186619498053,1.2892290713675236,1.2204571417618373,1.1781477259262512,1.0754839765265631,1.0678912313111566,1.044789036884924,1.0359553417945158,1.0537888193537124,1.0549657294007482,1.0733560108873843,1.0249017927176731,1.0095690561197017,1.018590572365064,1.0102210068965898,1.0237011893570516,1.0408255045023513,1.022396830529079,1.007090914189855,0.9887643333651887,0.9304842314420138,0.9068933656932454,0.8860157940261434,0.8975688146438326,0.9208947824219265,0.9591530686600623,1.0234131396139814,1.057402138849676,1.0769455731573188,1.092732223659733,1.1033683444569966,1.0987567460244012,1.1025497002116191,1.0976155608480223,1.0856367621866454,1.0523777632929174,1.0384287511370331,1.0175903487486877,0.997408753746582,0.9262797621259936,0.9029126904139387,0.862465814863785,0.8022924297707027,0.7525559920837287,0.7202201401355331,0.6666951875378916,0.6083190209616337,0.5725431298390141,0.5395892168388638
1.9166830904249905,1.8560605362842981,1.6410271658575082,1.6010419968519851,1.5023072380333928,1.3989328228461098,1.3232618825060933,1.290101494501613,1.2219533414804702,1.217050841111324,1.2027820980990696,1.15877288506976,1.120619237085991,1.1190284533608421,1.1251814986000581,1.1002730815289132,1.1162735100431094,1.1427738076421026,1.141176007096495,1.1387019347675957,1.1138494393543803,1.0722481657971337,1.129251846651998,1.216313360147864,1.2160726136309734,1.2358829270354277,1.2484519423467524,1.2887813980758065,1.3171768477125148,1.3228911149334623,1.3203722431130775,1.3255425040875208,1.3112291575563702,1.3115835204447297,1.3219332960870207,1.290135958780367,1.277164291432565,1.232317673445643,1.2013403880169449,1.1690461277098307,1.0969996041104986,1.0684366496764295,1.0280666978158002,0.9474540375309493,0.9075036452952486,0.8485397168179667,0.8128814248849239,0.7307403157572364,0.6869947633670177,0.6633990714605327
2.0150868931846926,2.005973596748455,1.913626071555675,1.8871211717224143,1.831821779698455,1.7161505202922107,1.6765347952954304,1.6383078013679933,1.5381138521351287,1.4912277368067168,1.449072867409283,1.4311357446658473,1.4177491268164706,1.3963666238868555,1.3628358338429951,1.377609443043063,1.4000238596159558,1.4115088992839404,1.44407536182376,1.4710637594360483,1.515156250069989,1.5424012593945544,1.5491363891842458,1.5744397475262188,1.5982642359725918,1.589263937224039,1.5891411916353497,1.5904187463894761,1.5863967123647038,1.589921745000845,1.5796664645542042,1.5910543314358776,1.5585962525240733,1.5426701716204523,1.5395972091155274,1.5177267723782868,1.5097794451583282,1.504715626106472,1.4825102673389186,1.4552852571128072,1.456436509238836,1.417298621320904,1.3599809303117067,1.3071787637416303,1.2386177539114667,1.1930720888099455,1.1238853518686078,0.9809439267661229,0.891147316564374,0.8109118190747107
-1.635007658083113,0.9837586902968752,1.8647444668010862,1.9011927635508004,1.9269711813011348,1.8753317120088342,1.8413450931189492,1.8314952781963523,1.733583136406511,1.6989912031190484,1.7164207334926835,1.6495496655231396,1.593912894990276,1.5423282186021487,1.5976385251871719,1.6383445808019734,1.6957261028666772,1.710993837170744,1.7295108470603549,1.74524964456391,1.7402591865885086,1.7415902033996942,1.7346641901712085,1.7108897779277754,1.7464595675772259,1.7632216211386877,1.7939824874530534,1.8095340529154549,1.794779032958449,1.791264125896605,1.791891608987406,1.8016208099616924,1.7611093704081806,1.7275696821403268,1.6774070153505563,1.6513326442927745,1.6522228041667801,1.6535410688203036,1.6542247957567693,1.6410603831051975,1.73294740348331,1.5251187358605975,0.3425304310669699,-1.82052320805245,0.739785657332339,0.837855942705571,-1.010034126751556,-0.7365376793756041,-0.40981707582788446,-0.09173938493109385
1.49186361343166,1.9718842237674141,-1.9684438682347962,-1.0455970002331336,0.9918169782764394,1.9328487786852029,1.9426263243103918,2.012249618950731,1.9828022083767745,1.9771989805263162,1.970319632316625,1.9618364342154189,1.9104632221085447,1.9071372955859067,1.8849982759919834,1.8415107951453265,1.8237214686583059,1.813298582653932,1.7765920494714802,1.7745829288102102,1.7612393522301169,1.7438938223590958,1.728992301908523,1.726500909200958,1.7854681101263712,1.8092594260139339,1.8455014856362941,1.8510739887430052,1.865280156471454,1.8749461243193009,1.8892618113304593,1.890869441388241,1.8826119592982027,1.8862436599883827,1.8894330147888312,1.8939433255759892,1.897981531266302,1.90309276936253,1.8384494597019763,1.8230145971616523,1.4836151900062453,1.3782920415861994,1.2702162782935447,1.0700460285826945,0.9896900629042764,0.9305044623262284,0.8540822097562495,0.8310871086932592,0.748498814983124,0.736204447641951
1.8879651924670842,1.8986573497608903,1.912093160386779,1.8071473514273066,1.5136465684795841,-0.4095539855102008,-1.4137725717725735,1.0688972321643955,1.809424926048935,1.9712716100388767,1.9740446583177442,1.9593970976133046,1.9270884846769896,1.9202952094326657,1.9180080378050282,1.8634711221921505,1.8714055860053416,1.8478653514795436,1.828726241733331,1.8047226202489444,1.8175660483765106,1.825697891591325,1.8178397299639057,1.8261048999782092,1.8242204848691965,1.833290513592409,1.8626767064961818,1.8941454926572894,1.9110829150999464,1.913542169917093,1.8980484176185066,1.9013578819205876,1.9110696439545418,1.91350995045262,1.9116136612567483,1.8800925924724565,1.8726777963841328,1.840684389711775,1.8099959360255913,1.7652950460733152,1.705538017792856,1.6713306076053134,1.582130265641692,1.501402568833616,1.478563300901738,1.4223386236874702,1.3655718411504414,1.31320315435134,1.271927400331743,1.2352812870452443
1.8219908329315528,1.8253208152004434,1.844442892277203,1.8602642428896503,1.8766778714053236,1.6840165147014536,1.6644029293530318,0.72164528452229,1.820663564256025,1.7051587817708453,1.844789113351594,1.926067536065563,1.9115585548563772,1.910808784696278,1.897777404289157,1.8753257554545795,1.8691601053403792,1.868062791932659,1.8685725043357546,1.8668859730574419,1.8633580344096359,1.881813631916368,1.8951297967481306,1.8918699642273806,1.8921705298321712,1.8922829352754402,1.9054593994006017,1.936556547559582,1.9611563680723212,1.9283152265757957,1.8056428358262866,0.8452585878138075,-0.370868800592533,-0.5317196330415278,1.854577308594219,1.9657758407137769,1.9435825970677685,1.894191178599122,1.862520886734194,1.8119643657749385,1.7765373134766178,1.7368657590865306,1.6942161777961575,1.639470030113736,1.6161972419374855,1.5496629003313587,1.5336579394424632,1.4298504578012587,1.4018046782897506,1.3587967125829736
1.7727552515677207,1.791147788801094,1.8044817435873093,1.8151177548497412,1.8210266922146365,1.8275243834804002,1.7714031190357225,1.8087849357208017,1.8701136029384362,1.2602575401859748,0.7710632861775509,-1.7714561674961433,1.3374383847422562,1.7527064503909313,1.8397183010971114,1.8896443283015172,1.889182713457301,1.8977253315103344,1.9019576265993896,1.9127220209236526,1.9398161806765952,1.94857588133248,1.9634885694758055,1.9855989226781097,1.9679987755861454,1.536124522836294,-1.9058377123577137,1.3810339367996296,-1.213159778826728,-1.3190049414645144,-0.6754730307315813,-0.2934621084453961,-0.2170186881802277,-0.14521822681926455,-0.024080984404494705,0.01013535401598335,0.1197966380853565,0.2571812979399944,0.37474757804232595,0.4659187679031968,0.738508457660995,0.8758789863487709,0.9053542056974745,0.9642669866247493,0.9914407201221979,1.017305975190646,1.051752330966962,1.0676159146030162,1.050841894581196,1.0082801377171282
1.743597087859115,1.745288643344349,1.7501252881393168,1.7704916511747828,1.7675507001742108,1.801003009814864,1.8118906149846647,1.825667344993126,1.8382225507875836,1.8427532328538696,1.8572219579016909,1.8204553458591284,1.5361406497912418,1.8611112260034681,-1.6905703468860105,0.6585866669553861,1.4463247195598672,1.8241213133576561,1.8828047780447201,1.8927779218196206,1.911060068646488,1.9117273985717724,1.9194208429079953,1.9400413464516222,1.9691895477899468,1.9927710982166407,2.002377608614231,2.0072481368618225,1.8915697144356494,1.7509587847582282,1.5346678409136885,1.1764076208118979,1.0971558449709211,1.0712829289405346,0.9943278674840541,0.9405006685084646,0.8110615550569439,0.8266375105180651,0.8049904768763367,0.7925612611598607,0.7685129895822674,0.7855516468437734,0.7924912145763119,0.7838660444425931,0.7707797373073311,0.7786636975757317,0.8142004913545936,0.793433147813891,0.8525680082678938,0.8798957003121124
1.6804243084428396,1.679794739799172,1.7055455994853403,1.7174274765989006,1.7182570883619357,1.7406818926477894,1.7613993385539397,1.7725136171485196,1.797019773607398,1.8004275689746247,1.804762723824331,1.8090066332545924,1.8157173712735437,1.8268746490368661,1.8316466613812588,1.845791352181441,1.8470030827757888,1.818073184778205,1.749603858049348,1.0300415971889652,0.10918065031773387,1.1944323663784908,-1.508243227239088,1.4535577034252474,1.6888758755130644,1.8524891629432478,1.9242417637341698,1.9260416365101949,1.9429258601774222,1.9694636318644365,1.9782094462131552,1.9324139403511473,1.916084798100592,1.9364355106431816,1.9146116847836303,1.8665312914824528,1.8298757450538834,1.7772637812314296,1.733127562018309,1.6943309099593702,1.600142514130687,1.579185596804794,1.5204790952206482,1.4646906941706084,1.4527282349077764,1.4114831078775558,1.4034367868219522,1.3876427116358474,1.3370370714632311,1.2828936655480523
1.6623314826119249,1.6483727415753835,1.5296849497794507,1.3601110041771058,0.9376150179106606,1.4449946363145467,1.5518644186749604,1.6429413306598926,1.6932947021268292,1.7064129299317845,1.7241456212539097,1.729074896498809,1.7475717147494836,1.7594449827449075,1.7640411749208866,1.7765004396013617,1.7761302341758716,1.78246191117579,1.7944831941499193,1.7964183598912826,1.7969865679901147,1.804747578541891,1.8092970540309088,1.821615918141799,1.631263778941378,0.8336576588114867,-1.8687838044169274,1.0423915071788525,1.276742733524695,1.5345638200602043,1.7181141884310214,1.454086594316577,1.5297858583553956,1.2154288644320845,1.1103400919937954,1.1503270367860805,1.8636187200830994,1.8174376029886603,1.8241701052796058,1.8498741190657442,1.8226656338196754,1.7945744976710456,1.7806428979288509,1.7659221112410106,1.7572176894536453,1.7435559406603856,1.7255323775176994,1.6978047271187153,1.6797918086472556,1.667867159320953
1.606406808921458,1.6244111074261645,1.634027750173256,1.406135972001632,1.4273657721075252,1.5962915362030583,1.6466623249308303,1.64812356386599,1.646150516331302,1.6508841000569685,1.668838309997855,1.6750562708306642,1.6937217378245792,1.7036467825683763,1.7146541949372958,1.7341573558229229,1.7313858444391703,1.7370236058741269,1.750739277070299,1.759259189464898,1.7570027458378634,1.759455547624735,1.7621436063618638,1.770928495269682,1.775886414800987,1.7851514683267478,1.7972816829218397,1.8041334541141223,1.807906203439746,1.8093504876379776,1.809877502648999,1.8104218877981517,1.7855095348377814,1.7502555033056786,1.6052219637711431,1.3453901667403163,0.06550141604517447,0.42076025954766666,-1.3804515642137904,1.1979999450208967,1.5983441280172421,1.6032983429015322,1.7479393807634116,1.763116287925166,1.751726360027151,1.730516139063889,1.7241405318244922,1.7191146312840924,1.707165836220889,1.7021118932741144
1.446183664685318,1.4897074956487353,1.5742589389175259,1.6057276060959056,1.6071204124290082,1.6429047567160673,1.655928368202823,1.6435888074718412,1.6507633980414886,1.6533982662757352,1.663179349693317,1.6703558731668555,1.6649010040497014,1.6630162941022535,1.666055355222705,1.6858970533723603,1.6915328867689892,1.690793321017369,1.7030818793613909,1.7126994011842638,1.7159900535347665,1.7370515662426222,1.750710673961206,1.749325876585375,1.7552192873690011,1.7533800114676232,1.7560494924240564,1.7568695855021081,1.7618830470744034,1.7651173825506523,1.7650047675956904,1.76825921085475,1.7649933534584847,1.7385813916783073,1.6378778911458218,1.374021114135963,0.062193752731555134,-0.8898527743414371,-0.2701805660054639,0.5693419274953786,1.3835453505883495,1.5514194681086488,1.6926412110103009,1.723708102286718,1.7197063665991028,1.7147499729848674,1.7128177701667289,1.7069169581349413,1.7013648158304722,1.7024575504388466
1.3653045527851662,1.4117538065981332,1.4640670622177816,1.4922723271748308,1.501436538576062,1.5657766547315612,1.5708963547412904,1.5826875454134057,1.6143299073172501,1.6261173706994676,1.625057829245436,1.6250763207676793,1.6434896763256885,1.6433418642519864,1.6453277422605548,1.6685957995433027,1.6832588172563459,1.6886317864020313,1.6918683239210006,1.699070434916753,1.7049201162311556,1.7156237846832525,1.719357811815354,1.7192491323057828,1.73126991799645,1.73482885735327,1.7384601748498814,1.7409326348177294,1.7457001902658802,1.7439023244693432,1.743829070747961,1.743510119204903,1.7405481693515996,1.7401670083023877,1.7282687837133515,1.6925219524997732,1.6716063242571508,1.2256395819486687,1.02767326605968,-0.07486023218500726,1.3468687755578348,1.6805925112020315,0.9500438016218125,0.8587017826896217,1.1346339669581984,1.0356627587725906,0.9412277493686646,0.9963673856294151,1.641241742245229,1.6857652049726826
1.3480843747900118,1.3573780935980997,1.379128744774635,1.414062726960418,1.4274229238646499,1.4951987609284816,1.5243173560079093,1.525973240634889,1.5687458107365193,1.5790961556096241,1.5795084708105287,1.5788391993780906,1.6146833080809013,1.6127762774548602,1.6219293970285684,1.645702014194452,1.649885307963547,1.6572227857124877,1.6761459869894055,1.6930503852074072,1.6955556208143565,1.7036284553006942,1.713078498111196,1.725584206255157,1.7352983721850623,1.7379360920514733,1.7340368382625613,1.7363697690438111,1.7429402008841832,1.743208801348622,1.7528279719840523,1.7573268330578609,1.7395410072098116,1.7350899180649308,1.7350783521165105,1.7271661254673436,1.722036881856055,1.7134119221155006,1.6905453387450566,1.6921552844445,1.589761476661235,1.5260198275900774,1.4843993526892898,1.593860718763797,1.681455758917521,1.5132815560486648,1.3273152608211316,1.1920870643632409,-0.36558902244914404,-1.65058455364687
1.313354236679772,1.3694729957838379,1.4029173288876016,1.4071654561361722,1.4201053118230442,1.4830860469974447,1.5003798617891224,1.5169067119723818,1.5554292120193973,1.5820316944213966,1.5788751876457097,1.5836161554946182,1.5946438651569008,1.6051610583171065,1.6246369567654986,1.6384893628026564,1.643395371386515,1.6501843474205513,1.671067423955127,1.6859678379294682,1.697285881101949,1.7203104751462326,1.7240600070827683,1.7207984561305731,1.724674245860041,1.7281916995704896,1.720361351034085,1.7220498098746544,1.7412802968976968,1.7393487040951325,1.7365790008947972,1.7380558361973228,1.7406974528427304,1.7451169082533897,1.7374071064323433,1.7208244453043557,1.7177626164854785,1.71436722627919,1.7106407487895008,1.7027373478277312,1.6979894269074607,1.7000064084925481,1.6958076150604313,1.6958139747382832,1.6928404759163629,1.6845930632191044,1.6653328035374502,1.6398921389505676,1.639519284866672,1.6564824804066252
1.3018789075077493,1.3243532564143543,1.3905524827873197,1.4072289008220027,1.4166653171190802,1.451449043394219,1.486299113278374,1.491859976873764,1.531458872151594,1.528602680411324,1.5355977721531266,1.5476363427418556,1.5630106998305309,1.5684937679519966,1.5774922462719798,1.5860551951087059,1.5765288095104837,1.5974057470141163,1.637473631920819,1.656276203905499,1.6657235931420595,1.6893377986797786,1.703672401077919,1.693509263703453,1.7151903881109245,1.7248860795592535,1.7296659180277765,1.7324477427908098,1.7447282517113716,1.7466495353462126,1.754218518117048,1.7566253881477607,1.7384852654775849,1.7342970907354267,1.7319139794399494,1.7183978463568692,1.715948632327883,1.7223949091171473,1.723401617961606,1.7212620228763709,1.7223072360984044,1.721542562060267,1.7136051960469745,1.7106233424377082,1.7062873156319742,1.6975547014896293,1.6981852204089816,1.699314489446416,1.6981003121694407,1.6977881196693712
1.2571570572536526,1.2803553581079952,1.3317342345814345,1.35627794788046,1.360444998600506,1.3671950669621924,1.3832891608064144,1.4118088101745103,1.4554778979669638,1.4706776943154116,1.462251121428945,1.4817971603635631,1.5179582482743057,1.5287120438580566,1.5366917519111911,1.5625262035041982,1.567500820404427,1.574933167646833,1.5979245860197244,1.6127959184032092,1.6269971410385968,1.6710776942135979,1.6706365852437461,1.671792532979454,1.6943941418576063,1.7085903906441033,1.7069029199687524,1.7097776031207865,1.7257250695601414,1.7212010951661276,1.7166988424913574,1.72249713152254,1.7260705392523965,1.7332310327844764,1.7619833691495657,1.7639280264327304,1.7500647251498367,1.74263169662623,1.7384377773527122,1.7392102213668281,1.7396682285886764,1.73616386486147,1.720983510917702,1.7145707120329203,1.711737358709126,1.7062590796041375,1.7006060564189498,1.6853410333704648,1.6719191327209648,1.6594550798851222
1.2232907399952708,1.230494206216837,1.268173665760182,1.282165123945595,1.2860573205670764,1.3311870733393867,1.3601525024536527,1.3885548013669307,1.4149992628530694,1.4554758590827561,1.4775607267842887,1.5039493665612085,1.5344705743243925,1.5519211723059165,1.5747089887128116,1.5959474839809082,1.603402232421359,1.61724651214283,1.6355165961850227,1.6479808808227812,1.6698953401123733,1.6912685843812036,1.7004078575605641,1.700442281487564,1.7280086531761631,1.7299645945973803,1.7256870269319757,1.7244350319353348,1.7275567597199413,1.7172582355300903,1.7168930309456714,1.7382322916574666,1.7349161651270664,1.7400474406857953,1.7487541564492273,1.744637078334691,1.7444596621749924,1.7474352483511686,1.7451150748808673,1.7380973698989572,1.7476873668018698,1.7433753367038787,1.7332517151261306,1.7116225221469148,1.7031631860242251,1.6896967315801912,1.6911615148550803,1.673330225051512,1.631882116646674,1.5990681588914248
1.1669385069219171,1.1703736602313515,1.229991860921321,1.2525001846679495,1.2657205679169365,1.3238039106282724,1.3662127789828717,1.39647086227339,1.4499185190623554,1.4969402479479046,1.5246254510640522,1.5234229527736185,1.581520024980965,1.6067236194198347,1.6222908806555767,1.6208578348486344,1.6151814700524727,1.6237035516059761,1.6507622309179038,1.657353934553722,1.6551936140970904,1.6806246056109264,1.7198550985977792,1.7561582027841482,1.7908379772246734,1.775867626564956,1.7418907227706633,1.7392099599920414,1.7530829562468604,1.7448133649663784,1.7345089817009205,1.7282018927686769,1.7274593359398576,1.7264917320053081,1.7404204502673877,1.7458471404407654,1.7416125570291496,1.7346166916797234,1.7326629944051046,1.7270215399663804,1.712309081160917,1.6963816751804257,1.6626803550501443,1.6363781193166924,1.6014309767546666,1.534671818149477,1.4757065231708675,1.4890116958892234,0,0
1.1275173392264364,1.187021679672069,1.2602800614339826,1.27462184391147,1.284018140916053,1.3047934221062323,1.312711920792723,1.3275077068195666,1.3140281359588641,1.3540159368034914,1.4175082798926086,1.4505515725529141,1.495547098100832,1.5290878102626917,1.5775053838009074,1.6060485949815086,1.5994619576061864,1.6090099632807533,1.6162536792197872,1.6338163034007434,1.632648708342575,1.6418324823818804,1.648383166459194,1.6462092027174957,1.658877165945867,1.6513133527193387,1.6553213465276329,1.6710973150702666,1.6604891966176973,1.641070836653625,1.6551543537400357,1.6829872951330755,1.6794430651863925,1.683522251922095,1.6845973685104596,1.6749222023083743,1.6754345256293974,1.6649736684589858,1.6423265662284272,1.606840137099681,1.582661504698335,1.5503117627032452,-2.7909183238627465e+38,0,0,0,0,0,0,0
1.0326797802245098,1.0589277889844708,1.100723057063099,1.1075559365660061,1.1344141704173363,1.1992337599112908,1.2102167372294916,1.2331291131948647,1.2973456113915114,1.3221639542551045,1.3523607798352033,1.3698776847426244,1.4236847743864067,1.4241040486058616,1.4396407777297493,1.4637447031785273,1.4758152550261376,1.4927767664258664,1.541359980763074,1.56126341315154,1.5546600287086798,1.5478664433317877,1.540992710695165,1.5421059127009022,1.5882152735278317,1.600157551166619,1.6156284034748567,1.6090838439571338,1.6002807575286273,1.5896005397500317,1.5928232893130443,1.5812690471403343,1.5620070453737531,1.5514149448450483,1.507761115995896,1.4564382587817126,1.4488524019857432,0.45540003961941444,0,0,0,0,0,0,0,0,0,0,0,0
