jsons/1312894800.json
{"header": {"parameterUnit": "m", "parameterNumber": 2, "dx": 0.1, "dy": 0.5, "parameterNumberName": "Eastward wave", "la1": 40.97354507446295, "la2": 16.46031188964855, "parameterCategory": 2, "lo2": 133.9931640625001, "nx": 191, "ny": 50, "refTime": "2011-08-05 8:00:00", "lo1": 114.97908020019554}, "data":
[rows 22 to 43 of 50, columns 49 to 97 of 191]
0,0,0,0,0,0,0,0,0,0,0,0,0,0,0,0,0,0,0,-0.18176696133552464,-0.0411237490180841,-0.08456670386871042,0.06853660319345087,0.08752330183824521,-0.06951494692620165,-0.12556879449084876,0.026027083935597793,0.07990584151169437,0.12429464180590469,0.16064035121636397,0.1773127171470733,0.2008005726975173,0.22073923030056286,0.24089116456834822,0.26754672892971504,0.27667311565872965,0.3400246498947602,0.4743347540374985,0.4920596611235277,0.48974272691509874,0.48805740208445686,0.5274986070220501,0.552225212792829,0.5530770958840127,0.565176689410327,0.6112723347405891,0.6257153708852741,0.6730971541128505,0.6777337139304549
0,0,0,0,0,0,0,0,0,0,0,0,0,0,0,0,-0.0005021348080542283,0,0,0,0,0.00977810441171112,0.032617692963947474,0.03891349432200356,0.02487839245521843,0.07057040613901343,0.095528542669266,0.11026473540162947,0.17595615808862924,0.22033747133263754,0.24426957770246666,0.29815023220021675,0.3710752351710565,0.40689369333736414,0.4934378248777606,0.5033749316187032,0.5303216426159436,0.5739619311868397,0.534073939927423,0.5371130891483311,0.5532819551729319,0.5658226862327819,0.5400940847055177,0.5609946159940676,0.6325638248931006,0.6507294614893221,0.6624016939794771,0.6843062407082116,0.6885468835255396
0,0,0,0,0,0,0,0,0,0,0,0,0,0,0,0,0,0,0,0.06962373468105858,0.13156229982677775,0.13363403175493405,0.14453077648960067,0.16528921608845631,0.15235394069574862,0.19914624910201822,0.22111908673021383,0.23248921186565422,0.29815828358006413,0.3439279163309009,0.3870430933063249,0.46560932368227054,0.48732893332351435,0.495977040923612,0.5256598510494722,0.5222104636718127,0.5211426602499079,0.5806362463285036,0.6215175921806346,0.6231708180067042,0.6295866276536032,0.6325471089311623,0.6458454289130786,0.6511690353864491,0.6590673227228775,0.6643159872070554,0.6541454799921944,0.6293670107690343,0.623939226969308
0,0,0,0,0,0,0,0,0,0,0,0,0,0,0,0,3.3038944722661223e+38,-0.21216771712771937,0.14027568304377397,0.19615675015804274,0.23459343145304998,0.23894440992581104,0.2440611433658649,0.25987553026931887,0.26417765116740577,0.26030299553299635,0.3065590864003676,0.35343185548468997,0.4394486425532658,0.4981975366749928,0.5187800206628838,0.5630837987941866,0.594481423364536,0.5944170036112365,0.5964945786324986,0.603445822622557,0.606126769155496,0.6158477788512091,0.622497117011838,0.6431211858047643,0.64039425756406,0.6410748840790537,0.6364778976370467,0.6319564462829209,0.634700036973463,0.637190258092146,0.6248909947083754,0.6037222698397219,0.5891300791550768
0,0,0,0,0,0,0,0,0,0.05940754310403124,0.13585510972375595,0.187657671836736,0.2508365566760246,0.3161087796598941,0.3295331878880797,0.31491001413284747,0.3181209819709012,0.3259658067119658,0.29812924348478625,0.2555255866390077,0.2626880862971373,0.1928317102878063,0.1977391120511011,0.16963590069057086,0.1674680326983447,0.2610896234200512,0.35898312090078305,0.42655994333917663,0.5405854319966801,0.569480693284084,0.5885126780732619,0.6060396502933288,0.6112281163495683,0.6146792463889778,0.6212216278449757,0.6220507967200166,0.616007481244535,0.6031321372309524,0.6034051922358052,0.6012463327201739,0.5943582010535956,0.5908037143720707,0.5998708102831997,0.5995886076971986,0.5693069384299559,0.5581468490623046,0.5623938694167542,0.5517248455871957,0.529260769279865
0,0,0,0,0,0,0,0,0.1908865045047469,0.24242425147664534,0.29623417321573114,0.3117939018471944,0.3146353162313551,0.3113545445599013,0.30283658047591194,0.2747198401737027,0.25559186719059607,0.23098691808062294,0.19029329148551885,0.1746658306610862,0.17521266606950378,0.20284213050693567,0.23326440846839808,0.2566244738605467,0.295833767787464,0.4489719716636693,0.5337633213645517,0.5693149464831666,0.612682105385545,0.607508311296873,0.6099219180842296,0.6109939779294937,0.6150418435725328,0.6191178832409767,0.6039928554436528,0.6005994827665295,0.5894647174427339,0.5906952016972238,0.5880473899976085,0.592558573519571,0.604333245073727,0.6090156913572907,0.6026747785680386,0.6029280843742332,0.5523299109104981,0.4996501868051427,0.5279324448152091,0.5225411774039913,0.46567675585022944
0,0,0,-0.3138920582154524,0.24002418498800493,0.26085208556020534,0.2593685175981741,0.27058206741008717,0.2675309649999642,0.2730272093046603,0.2847758569905768,0.27931781838063335,0.25446363586312387,0.23127251766616652,0.19619867794130605,0.16243119573994955,0.1241970830059526,0.11785847436924829,0.08811763181565264,0.10862674868073321,0.1130008404996259,0.04084755055629408,0.1573584685895227,0.2717575111722378,0.3988840916992103,0.5604578676507401,0.6338156062260283,0.6309110831304117,0.6061401650030274,0.611076673400446,0.6122256075483904,0.6117049740427843,0.6183867689844679,0.6175940759575393,0.6122498823515257,0.6082690731489326,0.610336106880964,0.5994243053411,0.6030120832208695,0.6035855993074344,0.5947937239138988,0.5705089337624277,0.5487196502731458,0.5300280217179766,0.4997596319675688,0.5214558328530371,0.5331803140502347,0.5409828103951659,0.49201801994842187
0.12229999130844078,0.16613685040402507,0.16802330671912385,0.16718999662756903,0.16305327607101608,0.17330104228553786,0.16419049793090018,0.16362627380563954,0.18400019037659754,0.1545418684465877,0.14381440512841429,0.11012154761968243,0.0669646321873156,0.07533051617400734,0.028642565185920885,-0.05146735961757449,-0.0715450252856801,-0.12059323319201253,-0.17601296261124127,-0.16227164972529767,-0.1307570151637723,-0.22544923865251787,0.1287861905581653,0.42440277350579,0.6220786801447786,0.5356928584661991,0.5242772373020759,0.5466106079042629,0.5778098482789935,0.5718954301782432,0.573745744827947,0.5775097099338719,0.5502234465994883,0.5267915903909494,0.5516545940464612,0.5346947512830051,0.5080476951691586,0.546446706601953,0.5316385207855228,0.5093681033264085,0.5685343119938873,0.5503031269672812,0.5202360218779237,0.5122780378212871,0.5128346121949833,0.5222717589061073,0.5045351332256932,0.43393303610325257,0.41494196118651616
0.1295879001034297,0.13232480220591025,0.15470453860269343,0.11890590080270542,0.06844480210139792,0.05708960010244404,0.05362261752395834,0.0695491278147269,0.11724194780938692,-0.04398263259348555,-0.0989719794352705,-0.1958472053520147,-0.34020861068457403,-0.39314310782585243,-0.39688202947120566,-0.34495001147428284,-0.34535070142101043,-0.36401303056640977,-0.5144018642298803,-0.4950230695684941,-0.5147711000193781,-0.5096464021808661,-0.5951442278975182,-0.6091015761595446,-0.2681213467503067,0.5551104041711928,0.4711297070322534,0.3423959560994654,0.4789581577886618,0.564189622017938,0.4969484697502376,0.4199449308216185,0.3473497781395094,0.42816106605166043,0.47910348623927884,0.47585559334664757,0.4672422285887304,0.4730247253366559,0.5093174044715629,0.5082209305656566,0.4771045572939008,0.5163604099677023,0.5203547040319042,0.5262058866387717,0.5075567404531915,0.48142310196073534,0.44158191097750815,0.40746864724378773,0.38425958646866154
-0.008655786693724294,-0.02815114319161058,-0.08506328889403555,-0.09701592872039554,-0.11390815557142035,-0.24391853203577618,-0.3068558527029105,-0.39305053687605784,-0.46744763857916566,-0.5670029884450163,-0.6459923818913397,-0.6738547595925791,-0.7072372920590712,-0.6858913873845643,-0.680243705879133,-0.679060801762627,-0.6663303343845008,-0.66204400089705,-0.6557034511946493,-0.6423469470749623,-0.617290115013775,-0.6630452648322785,-0.6555084537685776,-0.6514383844339969,-0.5495349757913176,0.18266187557731567,0.6554815647795064,0.628052924214973,-0.5179383651747693,-0.5852787805231277,-0.4168453371222453,-0.34146450810464424,-0.2872406918897503,-0.46135400465915377,0.5679649232259671,0.539152886693183,0.15761340834089038,0.3049274443823737,0.3455011422699461,0.33661546438140894,0.3189906079964313,0.36018304593188594,0.3878635621704804,0.361432984766977,0.31819812111477597,0.30565326782287683,0.3033742839588884,0.35101376032766224,0.37486877341561864
-0.3694546410531016,-0.4016465606214724,-0.4874469691175853,-0.540075408957818,-0.6136015135632211,-0.6799227497508223,-0.7261071265123147,-0.7616584167347332,-0.7657703194742209,-0.7374647160673579,-0.662072358086438,-0.5943869227595677,0,0,0,0,0,0,0,0,0,-0.3406212714634773,-0.43828699031245194,-0.4576614519619363,-0.4271410137596275,-0.39472122455427283,-0.47813769807980605,-0.5819795524780313,-0.6513813522815043,-0.655679151178387,-0.6188971953601491,-0.5596981125967496,-0.40486032105532527,-0.25483735791154116,-0.4131229735471013,-0.6518887309837105,0.6514081950023994,0.6339074403332701,0.48333591423983346,-0.5164184004862278,-0.29821420505298485,-0.3985280774355159,-0.3305113294795069,-0.507925070821099,-0.06457408933905659,0.24876272986259826,0.2427839765100143,0.2937886486850794,0.3032555485319405
-0.6614309724497983,-0.6960719315371865,-0.7410417059791081,-0.7597915729187055,-0.776339721017566,-0.7320822400295459,-0.6880150965034458,-0.5387415821274021,0,0,0,0,0,0,0,0,0,0,0,0,-0.10304440188697313,-0.3651605714033722,-0.43458120553360013,-0.46795541565270143,-0.46892755210309056,-0.5365863715939956,-0.5170358221687247,-0.5038822095586454,-0.5816420302204401,-0.45410580773636244,-0.6850945900491383,-0.640003244380024,-0.5307964351321207,-0.4256518593932518,-0.1433189193535989,-0.1536046251981706,-0.13049779418474344,-0.2182403460219087,-0.44580511275774026,-0.47452132167696637,-0.5225994297997326,-0.42867602793018394,-0.5054036785529941,-0.4169160309895355,0.23796637295046036,0.5314377087899504,0.6109900647777332,0.5259240533048931,0.4672444593856917
-0.7195180110058542,-0.7288294350004554,-0.6705407330245691,-0.6160601682781984,-0.5219933465282143,0,0,0,0,0,0,0,0,0,0,0,0,0,0.06368338008907957,-0.10950229515090024,-0.218113102328201,-0.3268608435375162,-0.4549666016412467,-0.5149472219743251,-0.5248820690123318,-0.5998494420087858,-0.62941931804524,-0.6611138648926833,-0.6954147540637442,-0.7158278709057762,-0.7188556270778772,-0.7100892677999111,-0.6498930316328596,-0.5693124107973309,-0.3199841063848207,-0.3053951395937922,-0.48436223955102586,0.4566218651446899,0.32997936049562676,0.4078531624111975,0.5012450708527962,0.5102081552536317,0.5250070822751031,0.5433084590525081,0.5673985665745995,0.5820563434784232,0.5615177566289624,0.5238910189059031,0.5015246439925003
-0.5841419587825769,-0.40939213585356826,-0.1767256426007422,0,0,0,0,0,0,0,0,0,0,0,0,0,0,-0.03257928471100612,-0.2605288610135717,-0.33918781756326083,-0.4577920563721672,-0.4861467028536081,-0.5719116723598325,-0.5852202536892565,-0.6115049139978795,-0.6318435452584951,-0.6886686708955702,-0.7064024070759729,-0.7286404323691568,-0.7417690302775116,-0.7498744573412898,-0.7200504382217665,-0.6897665747213594,-0.6237216896766792,-0.4243581069244061,-0.3743037140074287,-0.37418058662666814,0.5906895626202547,0.5709597199200303,0.5159504646029457,0.38546711030387404,0.35698778922978225,0.3812239498974791,0.39689237843566977,0.4388823692621585,0.45825079409201147,0.49766286830349604,0.45549268688519445,0.4182517646320709
-0.36662593296547696,-0.37819535587758807,0.4682307600018611,0,0,0,0,0,0,0,0,0,0,0,0,-0.0995534111461739,-0.23154790885071697,-0.33579052119488817,-0.46871879997181043,-0.5141817052313389,-0.4773176444124704,-0.7340883692277028,-0.7474210046834495,-0.7397308765570775,-0.7491211198441794,-0.7390681147400852,-0.7422320673115097,-0.7488193483454787,-0.7551118136569169,-0.7707940184394187,-0.7795082248154945,-0.7907606487639933,-0.7617265521210164,-0.704454004008605,-0.5665556718304542,-0.4896359886815269,-0.4256648940264032,-0.2304219927193392,-0.28123450815945295,-0.17887837855825334,0.3017101524078595,0.49617615051874775,0.3119533179964059,0.1918247235977965,0.315171291509261,0.3007783242635116,0.30192999405765963,0.2838566346069671,0.264299673941163
-0.2591727765823439,-0.20964194357527532,-0.16573888054532146,-0.3206455735626767,-0.4184958779388288,-0.3972019890396236,0,0,0,0,0,-0.4669912197901871,-0.010004563018006613,-0.03420398595745541,-0.16051296553035094,-0.3473059227202826,-0.4856137136404391,-0.6136868241899192,-0.7758975927609234,-0.7883787330239118,-0.8001489623929117,-0.8016404127268938,-0.7844545764649815,-0.7570728561234011,-0.7524810607517932,-0.7315100163766642,-0.7446842547243762,-0.7515069513853301,-0.7691442378673563,-0.7783332321783473,-0.7809325312198401,-0.7711943852252294,-0.755095798932361,-0.7257006051585643,-0.5707352694625908,-0.550415819911963,-0.4737006447631569,-0.3737196605667381,-0.27797366000947565,-0.24919352601928013,-0.14430636820093018,-0.5409473890357401,0.5654610133616936,0.41563455967528085,0.14237273262207645,0.1275801763752312,0.14044292591422525,0.16394666736342414,0.16517292186671248
-0.2473687064111466,-0.20144345582054063,-0.3123884117285636,-0.3885557806267684,-0.15988525673090098,0.3279941787912777,0.2651013799812036,0.30363706751598324,0.41824147906037157,0,-0.06222539424108489,-0.13406502181008403,-0.30292095419287707,-0.44609106845764807,-0.5666910223836279,-0.7198273464231063,-0.765582198322846,-0.800116289914995,-0.8218886993170235,-0.821130249974927,-0.812887739999278,-0.7910619011176636,-0.7619334845462301,-0.7299640463624406,-0.6903981451248045,-0.727538920146031,-0.7315981661416683,-0.747383034421762,-0.7567129715797919,-0.7860918423535442,-0.7744799729337083,-0.7017939638403381,-0.6886950596577318,-0.6780372599623273,-0.5822003858349085,-0.5616162366347718,-0.5373337030483404,-0.48431700471532924,-0.43543182702344,-0.4233659083020116,-0.26534564689250034,-0.23427965917224625,-0.18738527697457702,-0.17329120515113358,-0.39257744600561373,-0.3186977766313264,-0.3105792668051672,-0.40062304708763535,-0.608776175036699
-0.48787872919612,-0.49465371982444384,-0.5034573246404648,-0.4570430300617766,-0.3834447771228769,-0.3339832473996348,-0.3523123700756097,-0.38734365712806346,-0.4005640583100675,-0.47737992223068454,-0.54395106780355,-0.588464428720731,-0.6817410994918662,-0.7741806115255845,-0.8175560032323047,-0.8417937143856061,-0.859419089014724,-0.8622347872654497,-0.8417029383695099,-0.8083414431182153,-0.7893464697286555,-0.7584550873048127,-0.7316643172287027,-0.7191137129457256,-0.716899872804376,-0.7071757005150592,-0.7307102985564682,-0.7288884818663134,-0.6970537868312625,-0.7207759431166455,-0.7258276870578694,-0.7277576067046742,-0.7268323193605453,-0.7201654541664747,-0.6883774392950868,-0.6399934996126195,-0.6083827051676826,-0.5061096243736906,-0.46562347459912506,-0.44847710896106574,-0.3994541677615238,-0.3543856681049275,-0.341424495964259,-0.3001791934528589,-0.22395899169677033,-0.22160210802960634,-0.20566669500582208,-0.35936223888212826,-0.4053058306737734
-0.534464980308587,-0.5380780177276132,-0.5238294084659938,-0.5235539163802369,-0.5574918373657944,-0.5630452973131277,-0.5824045712842221,-0.6400597101406515,-0.6463178853267036,-0.6764931207147606,-0.7290745911536513,-0.7725995726467996,-0.8095994713204635,-0.8639714887697272,-0.876768750678348,-0.8570636288132224,-0.8660262205254337,-0.8573596097958455,-0.8185893023378554,-0.8113167748061603,-0.7790154545886164,-0.75723837021094,-0.7443724132863232,-0.7422018627176594,-0.7482971991644861,-0.7442073943848728,-0.7504059449235906,-0.7489569257517262,-0.7243495881199199,-0.721517374394654,-0.7091981769091775,-0.6855565026160425,-0.6890748012158098,-0.6842024788139712,-0.6668204765652148,-0.6354258941107161,-0.573383565468496,-0.5397485574046615,-0.5114737727703323,-0.4930520248462302,-0.43756547903122045,-0.40195487387787254,-0.41093900692702484,-0.4144774824444904,-0.415956228234311,-0.3825014940730146,-0.3748413776700233,-0.3524172673164488,-0.33940264864918657
-0.5856077961918632,-0.6158397798843729,-0.6382887503555866,-0.6385762456555393,-0.6630683871275608,-0.6702667331633456,-0.6895737575126533,-0.7121992381517714,-0.7381998274154927,-0.7551401612584032,-0.8187239176756962,-0.8277134831045722,-0.8406019952071296,-0.87782634391131,-0.8702057730119696,-0.8204846243325385,-0.8410845308710009,-0.8229528538409506,-0.7994311209860757,-0.7813740732300634,-0.7628895520769506,-0.7454257862187088,-0.7374987798124489,-0.7369164829858865,-0.7365173920921558,-0.7285717530435087,-0.725680399377966,-0.7230859628427495,-0.712711033955332,-0.7095289110831849,-0.6986246953611441,-0.6999667640384999,-0.6917168532377215,-0.6917115302452688,-0.6814501504434959,-0.6727613519191613,-0.6527699757542726,-0.6374536340108579,-0.6209352517129629,-0.6052264742979713,-0.5437905451425796,-0.5185145356431551,-0.4984869289369462,-0.4792318735676646,-0.460194736016067,-0.46920571857361587,-0.46782256035499503,-0.4561985479331648,-0.45988354808908094
-0.6690221147511575,-0.6869617400872283,-0.6965015772867784,-0.6974024818417571,-0.721568516953924,-0.726183791375165,-0.7422739729862823,-0.7665339870813831,-0.7844657191333864,-0.8096599111506193,-0.83421059995396,-0.8497948837009383,-0.8532190618379715,-0.8657204958817857,-0.8594760245239182,-0.8492759469097519,-0.847623376498316,-0.8208096293048461,-0.7993988405875613,-0.7953396581142446,-0.7785336575774527,-0.7626152544247103,-0.7683332569999383,-0.7746444777904488,-0.7796832739853361,-0.7595336655931022,-0.7442692495334645,-0.7406045119013108,-0.7357642003136253,-0.7276186297988407,-0.7155181078177807,-0.6969806203167306,-0.7032444558562898,-0.7039740333190292,-0.7090155992219259,-0.723836228517554,-0.7257974432190722,-0.6752657609341463,-0.6462414879953985,-0.5825682694521578,-0.5620893329368273,-0.5714873131955867,-0.5653198224228548,-0.5484799452029537,-0.5286184339680593,-0.5211786195521952,-0.516543805963677,-0.506515749001315,-0.5048997831513619
-0.7053354814506667,-0.7326726373768854,-0.7424351560236545,-0.7466084335173163,-0.7755052112770462,-0.7858358373797949,-0.7985067290504562,-0.8401364785422241,-0.8469116891169142,-0.848204686242177,-0.8899058605420843,-0.8882960077157661,-0.8714660589340658,-0.8793498043816135,-0.8773827539420948,-0.8638370597344225,-0.8585548162989681,-0.8581016117127708,-0.8352223930038213,-0.8260724832849023,-0.818405008527823,-0.7973787252269628,-0.7920884678863185,-0.7933675249337961,-0.7822763294996122,-0.7443868738526966,-0.7505707064062552,-0.7585599868628186,-0.7423815720237185,-0.743520432141407,-0.7462378161276217,-0.743936348833619,-0.743454922885559,-0.7474647861386081,-0.7634997458667467,-0.751975895831846,-0.7349815665520707,-0.72487775433213,-0.7089834365389716,-0.6739623506045711,-0.6332137949710258,-0.6180551288570187,-0.5860921196135599,-0.5720901150177425,-0.5649993960065895,-0.5453733055957208,-0.5335897487785621,-0.5129930553923079,-0.5008486555362469
