jsons/1312642800.json
{"header": {"parameterUnit": "m", "parameterNumber": 3, "dx": 0.1, "dy": 0.5, "parameterNumberName": "Northward wave", "la1": 40.97354507446295, "la2": 16.46031188964855, "parameterCategory": 2, "lo2": 133.9931640625001, "nx": 191, "ny": 50, "refTime": "2011-08-05 8:00:00", "lo1": 114.97908020019554}, "data":
[rows 22 to 43 of 50, columns 50 to 99 of 191]
0,0,0,0,0,0,0,0,0,0,0,0,0,0,0,0,0,0,0.3638135870029483,-0.0316115016926042,0.11933990364111369,-0.08567036763291222,-0.025165231307313962,-0.6815989197002877,-3.068136421650158,-3.5230743522318844,-3.665980130647536,-3.8068788223565786,-4.193277726360892,-4.396422212795735,-4.679322743461262,-5.035021435258785,-5.176109794219458,-5.326191763256972,-5.4355456518834755,-5.908156642882681,-6.244493681642447,-6.542366684421902,-6.968662960170614,-7.061171315683929,-7.256568734873177,-7.726675815698716,-7.972526685412495,-8.24023047703385,-8.516776040368503,-8.657166260320377,-8.65134007607297,-8.844842197458801,-8.960218220793456,-8.63159222388223
0,0,0,0,0,0,0,0,0,0,0,0,0,0,0,-0.017312398516048374,0,0,0,0,-0.5943470898089768,-1.2219205835691413,-2.145548745209846,-2.4867545338446866,-2.690617263497704,-3.1737307441573934,-3.243877736104755,-3.2880873465903973,-3.5242134717951608,-3.621393629459499,-3.7620724858666907,-4.035801190634232,-4.1881002874078375,-4.41644320597843,-4.595648698860135,-4.648593072111502,-4.844198219356135,-5.054732826963512,-5.425915391282725,-5.853710652170349,-6.140981534645138,-6.617380012001063,-6.779600534525541,-7.375482510488622,-7.4637034831380635,-7.549629428068328,-7.545608347992802,-7.497126154015809,-7.39289231654983,-7.17680301719374
0,0,0,0,0,0,0,0,0,0,0,0,0,0,0,0,0,0,-0.7544285828185205,-1.1539825024077597,-1.7190233012679133,-1.9624880856408804,-2.365577380237818,-2.3630147528328553,-2.1444570389732185,-2.222813336540099,-2.139919984403101,-1.9228381847723846,-1.9378600173385039,-1.892773427540437,-1.5350950033095738,-1.4914620153691807,-1.5108951861078126,-1.7111387367377877,-1.923653482583145,-2.182860991151499,-2.5779964427384003,-2.8158386939556928,-3.2115181522287033,-3.677904884820374,-3.8817379082805696,-4.145211794624861,-4.447924908602733,-5.0072423732817075,-5.256532060969027,-5.727966259572337,-6.471278570929115,-6.632069926785166,-6.613238455107418,-6.4259947376825535
0,0,0,0,0,0,0,0,0,0,0,0,0,0,0,-8.1454825486999445e+37,0.2253523220122024,-1.3418743425061601,-1.6890093474613999,-2.015532904303718,-1.652129291653113,-1.5595495628763099,-1.622717724778992,-1.4862944858951341,-1.258216694156491,-1.0846380947196623,-0.867030628387391,-0.3615592103979472,-0.3290187447507004,-0.26456773038614223,-0.05591594315025494,-0.030546750548372213,0.01951012413684663,-0.02839802721145929,0.07351915423295778,0.09368691538351095,0.20841461508929035,0.24166719818856672,0.3191664205692464,0.47127415785913573,0.410163064000654,0.4393774861343687,0.31536285185240803,0.17505482007427356,0.09382374023208467,-0.014488611993884272,-0.2407010610519604,-0.034466658578062595,0.37873173041710706,-3.003026057300374
0,0,0,0,0,0,0,0,-0.22513796027846,-0.6190637598152228,-0.7620437251548086,-0.17890639345545856,-0.273145640344476,-0.5864035259294055,-1.2579502709061166,-1.3843107598429634,-1.5479521514236885,-1.458605770240451,-1.3907309868252875,-1.4256631285514783,-1.2179298864172554,-1.017373487926802,-0.7485796025012103,-0.4949026350298871,-0.15969916984434782,0.035405970373534455,0.2196786333335695,0.45781920721035696,0.6043075107473788,0.7343662679672361,0.9346903125399562,1.1053633667976583,1.238398490655785,1.4135766121657087,1.5245810598917928,1.7026722015489468,1.990560829697599,2.193244596767903,2.5647273383460027,2.7021576542330634,2.8189209543375284,3.1076931150001257,3.2671078598402237,3.642809787352505,3.822767281904395,3.984926036809854,4.411107070327508,4.621648065028757,4.801806348347096,5.096266258626909
0,0,0,0,0,0,0,-1.0891151844392661,-1.15617396917509,-1.458852622319498,-1.4958870100568615,-1.4523805141180293,-1.599993129659332,-1.628077840338735,-1.6363850891498557,-1.6056066465406946,-1.6656075224325821,-1.4923752231023546,-1.3774798689878984,-1.0820139464079783,-0.6365043330387615,-0.48142328548991853,-0.3715811284929897,-0.264569591352553,0.01149722922696502,0.15619091772312377,0.2930882431020424,0.629263083117616,0.8075960025362217,0.9750823519468684,1.356987359731772,1.5217733605535566,1.6931934302651845,2.0872168451879705,2.301670628631417,2.4429886462169677,2.7051314233019017,2.938996326278636,3.150286087609888,3.4268156669367698,3.5347939952745095,3.7389797567888143,3.9331425618440936,4.20369363192753,4.320639704289082,4.450207449519108,4.7457291154130665,4.985484843366926,5.159169930066313,5.424635391217529
0,0,0.2146769993401608,-1.3611944379378635,-1.5577381999845785,-1.5894129309832863,-1.8122150086052102,-1.8059005730611968,-1.703189416753947,-1.788593842778698,-1.77758484103904,-1.689125944220074,-1.7197616774531723,-1.669918192138506,-1.5416002113846108,-1.448520901678856,-1.3797932198309817,-1.1057337322291307,-1.0513303337545414,-0.9314527837997223,-0.7056087316963207,-0.5295442456246362,-0.43120748581113527,-0.2953377363481999,-0.07192244711965548,0.1028727759537259,0.15072685527701293,0.4001451914978758,0.6812794040219007,0.8346754898917503,1.102678729330177,1.2720995390818057,1.3808431069937235,1.737780512279272,1.9548382158575004,2.1741671857380545,2.6041587756221594,2.9460155453347725,3.0407621029153846,3.2290133461835815,3.4518441688978045,3.6164555866947903,3.798568196942095,4.0886263763669435,4.2816095613258485,4.449641023244109,4.676071709211517,4.807137317855981,4.864896500248749,5.076831478526747
-1.4399820486257093,-1.536533849514099,-1.6821937037729504,-1.8562090767073696,-1.7614929583386878,-1.7889864202585053,-1.8789517321684646,-1.9091532123059853,-1.8355050495904055,-1.9205955271223056,-1.9166036323162914,-1.8141324490198325,-1.786445937016552,-1.6388156304198604,-1.3414510110968931,-1.2147470836999368,-1.1405085149928078,-0.9558436049928445,-0.8700700081855478,-0.8057587751334657,-0.6429962621091266,-0.5230210808522201,-0.4014039233263106,-0.2736462514453879,-0.0041487674144811745,0.09524372954237326,0.1995089679322064,0.4048469999315394,0.5147940820399654,0.7213828676152082,0.9917816889854983,1.1461227022063423,1.257519399080397,1.588815651100763,1.7842229524373725,1.9426232655057967,2.18585830139831,2.3783301880461076,2.5498474009815504,2.8396657181190674,2.9300664445406706,3.1434339578751014,3.312349623420783,3.708144871438344,3.8833697785617245,3.9506796730200415,4.28459618652272,4.418527637277665,4.460737605295863,4.6498083368023355
-1.8978521445482552,-1.8800033659479076,-1.9252272385930802,-1.9833548467167637,-1.9470682649347377,-1.9433060672479154,-1.994626088720602,-1.9829683300490202,-1.8746649698929527,-1.8924966497421882,-1.8416412914569564,-1.6890416302769837,-1.5692331819110197,-1.4788016048167394,-1.2836432469368342,-1.266675417523574,-1.2170264668446,-1.0739791542263086,-0.9811129736513529,-0.9242446387574901,-0.7462159980956634,-0.6868301594596816,-0.6320411294788608,-0.585899988829584,-0.3728509478848159,-0.2639526587653903,-0.15730691332115473,0.055795145755869746,0.1265495964287924,0.26352800861320713,0.44217766797622415,0.4959118723415508,0.605064790426916,0.7902580599934488,0.857320203439248,0.9422260730008744,1.10236300507224,1.467120285505008,1.6259072678685904,2.01545564585015,2.3861492074216972,2.505022152288269,2.7914247471483526,3.163996256542957,3.3614391813571025,3.535421766972456,3.7942419520700286,3.8881923363764055,3.9268183588182177,4.10484236768116
-1.8789308142492216,-1.8078508096916432,-1.8116191655226723,-1.8767823450023142,-1.8191109388754505,-1.8033439989629048,-1.8232965102005128,-1.782969871325181,-1.6805295306971988,-1.6390105197642362,-1.5888537893677541,-1.4650032039974894,-1.4506608711044673,-1.4251319271571352,-1.385324250867189,-1.3447187243028365,-1.3503511316300865,-1.247142301669909,-1.180324654874179,-1.072257981857575,-0.9330830372196004,-0.8872202330810297,-0.8356509172536805,-0.7904625634193987,-0.6546482004272439,-0.5966693066550796,-0.5380426096939407,-0.37620410193220216,-0.27909359414464946,-0.1961125041117213,-0.09865188298214193,-0.04864374265764195,-0.02571305369313258,0.06719340013334801,0.1554584091177132,0.33337271275135233,0.6248906550667264,0.8049945829660967,1.0574348866728254,1.5856924762208342,1.8274207719389326,2.062916807890692,2.3239407901422435,2.7272709448352144,2.8676382272568923,3.1683014401994885,3.4612738017540874,3.5169540319449526,3.5438793900710523,3.6957737309988548
-1.3166262534728026,-1.17972530163764,-1.129621553978201,-1.0893380586186425,-0.9027869957909557,-0.7919905129144388,-0.7064221392610627,-0.44687907212671746,-0.05426685714162242,0.49286628981908304,0.6868743819593218,0,0,0,0,0,0,0,0,0,-1.6736472198166252,-1.5293127010532068,-1.445947799323385,-1.3463901794164148,-1.2130882912657557,-1.099368550843258,-1.0109237143803702,-0.8912725936785585,-0.8624056128256612,-0.8057368302362211,-0.6586773450582628,-0.609808596485386,-0.5535384075359131,-0.29612323728430684,-0.19501126230269528,-0.021921753283999264,0.309913644380299,0.46590648907735277,0.6714835644507254,1.0783612889105405,1.3441097353606104,1.5259595025801922,1.693316960543539,1.9346212823758482,2.093252556712199,2.4264634759958423,2.707282340504951,2.8272065835047546,2.961258225095804,3.252291673716884
-0.47680354107650214,-0.2835873701152095,-0.10942584132075871,-0.001890756361532571,0.3663029834026612,0.4645300195445606,0.6493720555082495,0,0,0,0,0,0,0,0,0,0,0,0,-2.0723899412458726,-1.7627583840485974,-1.6429004755261423,-1.5707465165719132,-1.4766427510121825,-1.19643059515989,-1.147742642863958,-1.0597395778880918,-0.8808432440493814,-0.8342623290359849,-0.7637844565528639,-0.6229022795554541,-0.6051702734317264,-0.5221801255096373,-0.4009364781499429,-0.3052850501133939,-0.2302671444777321,0.1440472344097863,0.5895142974899484,0.96791755599611,0.4699847972464524,0.5839773424739734,-0.5885784326624361,-1.4795223136938327,-0.28549094366158156,0.46008626710977923,1.1261514918317683,1.9004288770649727,2.158862102179107,2.3244179819369575,2.669727625183446
0.34793673016399884,0.5757568729962343,0.6324626426832538,0.6519718138871095,0,0,0,0,0,0,0,0,0,0,0,0,0,-1.7440512680260567,-1.703872866962355,-1.747200639556285,-1.4886964970154883,-1.4356419194557026,-1.3860123573888592,-1.287915761531128,-1.101073871866937,-1.038822855888167,-0.9490575951168619,-0.7661599118580317,-0.6371360677938881,-0.5225943536821216,-0.24367043735330096,-0.021850911858272027,0.09618331427980689,0.5957075637106455,0.8902124541961965,1.1061909387647468,1.5592519745809008,1.564637718909111,1.502440673172348,1.248243892265897,1.186590286977985,1.2030603596593499,1.1799394513931947,1.226721099218762,1.3214087789322386,1.3791550626736582,1.5962455419587394,1.7266827372115774,1.9740839368174368,2.2408517966416035
0.5317653723857102,0.6472989506677995,0,0,0,0,0,0,0,0,0,0,0,0,0,0,-1.7412556462517221,-1.54996772727522,-1.520630671242354,-1.444358521371744,-1.2131031921272033,-1.1535421247316744,-1.0903675878685855,-0.9635199119680783,-0.7383186133120382,-0.6186799682717663,-0.5322451922930036,-0.25924204937239104,-0.12585061597605193,0.00530054306857711,0.30579579516275474,0.3959194664552404,0.5099080464805588,0.7125851714783892,0.8126592675121107,0.8662848815773665,0.9184229423847071,0.9404649177679905,0.9839824807203827,0.9899132094056863,1.0107510241299493,1.0579509845365325,1.0844688690553617,1.178650218492444,1.2519252912657126,1.3463511584557253,1.5441630665675983,1.637501238300955,1.7311100733772744,1.9602932332609955
0.5060530385716597,0.5665812192435403,0,0,0,0,0,0,0,0,0,0,0,0,-1.440009759124893,-1.3807160553491322,-1.3807180959929646,-1.2083461188925886,-1.127686084614503,-1.0494826507119526,-0.8582463529576528,-0.7191725925427779,-0.638997012933476,-0.5431530338755258,-0.34320595343534943,-0.25226350551209004,-0.13978684897954835,0.011750146766384993,0.10699512050920024,0.15730549099573066,0.2981467604421411,0.3239780626027081,0.3468631969648826,0.46165633413240664,0.5183366438099144,0.5680586699734472,0.5850870375465052,0.6527533029413787,0.6893930649714998,0.7745641207511056,0.812602271444942,0.886225341456867,0.9251780972661834,1.0907341866933167,1.1770838095253404,1.2767046028852715,1.4403375236484897,1.545489051440132,1.5982090403703475,1.7390586818309193
0.41705026573990145,0.4461757408004149,0.38215654105534047,0.012830641676556481,0.10391722718525995,0,0,0,0,0,0.3752706433182199,-1.300107717248324,-1.3315374488409273,-1.2697313133701593,-1.1605190209140628,-1.0892839768238347,-1.0240819239456977,-0.8755602483126254,-0.8183101545298604,-0.7541749967695225,-0.6103785098997098,-0.541860998501109,-0.4661787185951613,-0.40824983788505464,-0.26357667444193916,-0.17641735494568528,-0.12436123987943075,-0.007951719211608083,0.0627948319262203,0.10299436519535997,0.17543884226690004,0.23660602935231942,0.3009272281910818,0.37356118024476165,0.3886456311717123,0.41961362327294205,0.4722406731313143,0.5339127968026349,0.5609956366932947,0.6656148944908916,0.7168688093089454,0.7864520546258961,0.828355292598682,0.9540984677211273,1.059890742822916,1.1261128881932414,1.2633218472905328,1.289756225532003,1.38917641699666,1.513387911350051
0.4969418524184377,0.40293032709614207,0.31824355705572244,-0.5066101255893118,0.0435257154488634,0.026721458865597143,0.11786340247077512,-0.3268225695632258,0,-1.291888942885415,-1.1750366148018032,-1.0457951434030175,-1.015329960290675,-0.9646298034732214,-0.8504328500612303,-0.8000590586290681,-0.7682100586439112,-0.6604917823160336,-0.5949818368869071,-0.5511733102135982,-0.4314449660037964,-0.37427629757132064,-0.3288472880333307,-0.2693380072993613,-0.19172897955778476,-0.16170162291381193,-0.1138494211198181,-0.0477157896999286,-0.006019255825241905,0.01218232516851419,0.07281674446950544,0.09679820679326341,0.10383650576368547,0.23605702121239203,0.27117715852827273,0.29946312429241706,0.34945697526594394,0.41470901289617385,0.44517860290149047,0.5940993163072498,0.6445648249259942,0.7345420810304953,0.8065998955349376,0.9148726233781339,0.9868749187423616,1.0307910837841507,1.1702060343362763,1.20962288347021,1.2836313544732953,1.3624367179189123
-0.33370211317040305,-0.4949888159352189,-0.5875189135492168,-0.7430553114850061,-0.7790946383461341,-0.8846110504307528,-0.9266212980610604,-0.9446892622840425,-0.8776489383107782,-0.8902581994261427,-0.8602650633470385,-0.8041543528679721,-0.7917561613172968,-0.7670705451335221,-0.6798049838814528,-0.637449785534216,-0.6112006510308812,-0.5289325781983787,-0.4994461471636558,-0.4773980617237472,-0.40220523384905676,-0.3591562170940768,-0.3517273661928348,-0.3089952416431036,-0.21534382314351838,-0.15694482850130526,-0.15328366942901248,-0.10196144077021284,-0.09159581999270891,-0.06678879878730708,-0.01327478108541952,0.018215140646350846,0.06813675704739136,0.13857887945271374,0.18331734356128038,0.20491843268950838,0.35259678343658324,0.4101116790976855,0.45910665134466594,0.5513546499928682,0.6143048611468643,0.6505211228280117,0.7003449317324161,0.826397857596411,0.8818708424108748,0.9541001576738548,1.0210978215490818,1.0736011930627978,1.1263993496778826,1.194700912468647
-0.8150081065639019,-0.8294938396406555,-0.8312443699133488,-0.882347372962314,-0.8579074375116409,-0.8487727770398041,-0.8343944671754775,-0.8294243419654861,-0.7775598083092676,-0.7754614861165975,-0.749157639922648,-0.693967543219838,-0.6727001958101512,-0.6520976469758294,-0.5957968773381808,-0.5888904480639294,-0.5801650728407732,-0.5432235981374889,-0.5099028611006404,-0.49283569583072584,-0.4446234262850719,-0.39991524332578277,-0.38267796946831506,-0.3489743605901425,-0.27902084332988525,-0.251312423028162,-0.22346893063432854,-0.1829134959895977,-0.18110253740806645,-0.14763147024941572,-0.10353922470766434,-0.0642798670926242,-0.021450260235352327,0.05894859786068758,0.11335583966338762,0.1765832433812808,0.2779749530117102,0.3594914446291702,0.39511053388938466,0.5265056980280531,0.5870304760031468,0.5991909195340318,0.6478855017291191,0.7285990981570163,0.78447392423812,0.8114519339373861,0.9288435896924432,0.9843551878345788,1.0175761075835215,1.1086408327690738
-0.8356117536341231,-0.8262861343562764,-0.8071777269421025,-0.821395780383955,-0.7807597334866498,-0.7817806967776474,-0.7766044797360669,-0.74788923438503,-0.725058202356052,-0.7080610112762973,-0.6945849683049081,-0.6479631664477147,-0.6577557000431982,-0.6520379517581072,-0.634504413811749,-0.6188077539313283,-0.6010942106470368,-0.5709134927945361,-0.5430974533783584,-0.5123060091120286,-0.46735995899339483,-0.4416121315575915,-0.41349189672926817,-0.4039883701064731,-0.3510251855532276,-0.35006614161562694,-0.31908535063300386,-0.2654933428339173,-0.2417932702977352,-0.19623910615730158,-0.1399380263696816,-0.08603186848671861,-0.06282924727373888,0.03165711003491484,0.08326554417395167,0.1259636754193227,0.1842464990008049,0.25188606393833757,0.29530909628207797,0.4129684881050052,0.4478225674999262,0.4780665378209623,0.5175603780901491,0.5805187459084628,0.6596014217369377,0.7202522058471827,0.7994045686856518,0.8211487896610702,0.8405707570625103,0.9876496491791735
-0.8329144386705282,-0.8041923650402152,-0.7938863838853466,-0.7899385933321837,-0.7649888622089587,-0.7520071849913899,-0.7560017337580458,-0.7499531730517321,-0.7137462968425199,-0.723926211282351,-0.7180204137970132,-0.6988173030605415,-0.695886705424327,-0.6773330051593508,-0.6541008005625841,-0.6368925884610055,-0.6149193738909696,-0.5764933059782023,-0.5545301102239805,-0.5386978163108986,-0.4936075140074704,-0.4718000108428587,-0.44622252467756646,-0.4380447334993166,-0.38725370388736496,-0.3695724306391226,-0.35004818819507827,-0.29140903956008196,-0.267987864439055,-0.2346749229631292,-0.18060004474782418,-0.13937661694274517,-0.09650967214334172,-0.015349400517122682,0.04093768649075793,0.05196690216226919,0.14018181665427262,0.18788711714440393,0.25418628560933976,0.30554626457420836,0.3612443396559727,0.40235635007777953,0.45758279947385555,0.5272730833826615,0.5607980728001514,0.6114137562310809,0.6932704046703045,0.7315258236660183,0.7983191463830843,0.8940460949052306
-0.8153049321030849,-0.8037650500635177,-0.7932445111346347,-0.8032813540309559,-0.7808608731149241,-0.765004080972145,-0.7751816949514262,-0.7778414467689707,-0.7483282556689979,-0.7558266330015602,-0.7513995901814716,-0.7089714875369004,-0.6979043060912485,-0.6920112563437072,-0.6486849504775632,-0.6259921497485554,-0.6190098853239167,-0.5836379087329627,-0.5655480246777078,-0.55385802886135,-0.5171280944050685,-0.5146839127172922,-0.5030915558395922,-0.4733237833196568,-0.44204952252508883,-0.428102711532144,-0.4003233789513572,-0.33215263802852624,-0.3217928133612673,-0.2949050188194344,-0.22229594070666475,-0.19736582394095323,-0.1582256050389944,-0.09364922351510294,-0.06940498365553499,-0.02854712795170377,0.03748100525084179,0.059758367225012834,0.1068932080691985,0.19246144972670576,0.22959140228967836,0.28842190304510096,0.30697401687956877,0.3859749801886267,0.4262592840839421,0.47505734696378316,0.5700050063463267,0.6111749144953587,0.6185871469523745,0.7105547128062205
