jsons/1312732800.json
{"header": {"parameterUnit": "m", "parameterNumber": 2, "dx": 0.1, "dy": 0.5, "parameterNumberName": "Eastward wave", "la1": 40.97354507446295, "la2": 16.46031188964855, "parameterCategory": 2, "lo2": 133.9931640625001, "nx": 191, "ny": 50, "refTime": "2011-08-05 8:00:00", "lo1": 114.97908020019554}, "data":
[rows 0 to 21 of 50, columns 98 to 146 of 191]
0,0,0,0,0,0,0,0,0,0,0,0,0,0,0,0,0,0,0,0,0,0,0,0,0,0,0,0,0,0,0,0,0,0,0,0,0,0,0,0,0,0,0,0,0,0,0,0,0
0,0,0,0,0,0,0,0,0,0,0,0,0,0,0,0,0,0,0,0,0,0,0,0,0,0,0,0,0,0,0,0,0,0,0,0,0,0,0,0,0,0,0,0,0,0,0,0,0
0,0,0,0,0,0,0,0,0,0,0,0,0,0,0,0,0,0,0,0,0,0,0,0,0,0,0,0,0,0,0,0,0,0,0,0,0,0,0,0,0,0,0,0,0,0,0,0,0
0.2638097965239629,0.19887708567080367,0.183810044223995,0.10298195980420953,0.28980706965564423,0.3252926658855292,0.06054120953091496,0,0,0,0,0,0,0,0,0,0,0,0,0,0,0,0,0,0,0,0,0,0,0,0,0,0,0,0,0,0,0,0,0,0,0,0,0,0,0,0,0,0
0.3812012977483583,0.26996799065793786,0.13623851210277235,0.2926626457487381,0.3132718468012594,0,0,0,0,0,0,0,0,0,0,0,0,0,0,0,0,0,0,0,0,0,0,0,0,0,0,0,0,0,0,0,0,0,0,0,0,0,0,0,0,0,0,0,0
0.8580148024691044,0.38886646791386376,0,0,0,0,0,0,0,0,0,0,0,0,0,0,0,0,0,0,0,0,0,0,0,0,0,0,0,0,0,0,0,0,0,0,0,0,0,0,0,0,0,0,0,0,0,0,0
1.9619071611383716,1.8388652089070685,1.710115717937475,1.0095438250919624,0.882178129332547,0,0,0,0,0,0.5675558985690707,0,0,0,0,0,0,0,0,0,0,0,0,0,0,0,0,0,0,0,0,0,0,0,0,0,0,0,0,0,0,0,0,0,0,0,0,0,0
3.0609076551918704,3.011885451414107,2.887799544145091,2.7455515474527896,2.6632012648871117,2.4926214434792913,2.239862595224574,2.0697724641975266,2.0202646713110353,1.812224991633871,1.7200707757860865,1.6543602774519393,1.5080117299753477,1.450594218607917,1.3267626778791857,1.2336813281228516,1.168756748256916,1.009785911580508,0.7670683068870406,0,0,0,0,0,0,0,0,0,0,0,0,0,0,0,0,0,0,0,0,0,0,0,0,0,0,0,0,0,0
3.906592977249888,3.9030184122670826,3.8422035033015205,3.7110234425726674,3.6840297363426404,3.5620554484475018,3.3215013800210094,3.296901814571398,3.145587681136857,2.9360864638673148,2.8127314265889707,2.78044290962845,2.4910514788853466,2.2227522243469333,1.9613505943352916,0.8417777500176186,0.36003527109558864,-0.7891868564940464,-0.09386973092530865,-0.6588227205317058,0.23220959637540076,0,0,0,0,0,0,0,0,0,0,0,0,0,0,0,0,0,0,0,0,0,0,0,0,0,0,0,0
5.205436336738615,5.229484424700381,5.177042308615802,4.959548142714505,4.8340591122369,4.779920310520096,4.514275053804844,4.357548053141941,4.3110835011950694,4.048658088900754,3.8526070735749607,3.713515232905933,3.234237570308538,2.9158393453233553,2.705240760248345,2.4340385785628587,2.2463877286496285,2.0990478324565,0,0,0,0,0,0,0,0,0,0,0,0,0,0,0,0,0,0,0,0,0,0,0,0,0,0,0,0,0,0,0
6.38912967189328,6.437759836733538,6.411247137367589,6.209250120761623,6.129125810194446,6.012313085119855,5.713194737908788,5.511851341851072,5.3385839133938005,4.853983783232156,4.738790601726146,4.39983262474002,3.9448319555502227,3.743703432963818,3.494345335043078,2.997153106495367,2.7402505359607536,2.4181075314446816,1.47554135952916,0.2647835905776506,0,0,0,0,0,0,0,0,0,0,0,0,0,0,0,0,0,0,0,0,0,0,0,0,0,0,0,0,0
7.592198024161907,7.620895725773621,7.539108546820788,7.290701304050836,7.305256192873296,7.022837392606425,6.6055959233227,6.432544541266915,6.144878466223536,5.563655537727701,5.238206731156859,4.931340503524637,4.551968671178343,4.371147573927764,4.132759512660951,3.4406489067059263,2.9266635219655157,-2.4621188352400125,0,0,0,0,0,0,0,0,0,0,0,0,0,0,0,0,0,0,0,0,0,0,0,0,0,0,0,0,0,0,0
7.556328052581871,7.650319462110344,7.556284788992023,7.352521116478805,7.29828030796321,7.09427599510555,6.7479894173191495,6.543351943654287,6.35321786649954,5.710963046490016,5.38160154815575,5.221221027510155,4.942957905482812,4.787089562297123,4.442618068922447,3.2042212685825633,2.795114496257513,2.0066723397742945,0,0,0,0,0,0,0,0,0,0,0,0,0,0,0,0,0,0,0,0,0,0,0,0,0,0,0,0,0,0,0
6.858483857047727,6.992145552948351,7.022559370859031,6.911240478233033,6.9269801580039045,6.779747055147952,6.510398131029717,6.39956695843873,6.214356691348941,5.854355584775556,5.614507984745679,5.468498559548629,5.0063810021535495,4.817208770973382,4.57757034465189,3.7531655632330527,3.1740644308684844,2.9304756148800513,3.024524640724567,3.3515477401229097,3.353138594114824,3.272065479622806,3.119086373564494,3.0939154350087352,2.9931537865574347,3.0181956864988275,3.043661944003118,2.947253491449164,2.9761771529275065,3.015587062720978,3.011222660512176,2.9932345697869254,3.0267149500230586,3.101308830771163,3.0945295118080125,3.100062127117883,3.0354267430835367,2.9469765831401586,2.9295290813712622,2.85901212227668,0,0,0,0,0,0,0,0,0
5.8931724190090025,6.05128253527091,6.10433991686255,6.096782808738062,6.10781373760659,6.070777823031622,5.9009702012257135,5.840541537973435,5.690574688639033,5.4391444869178,5.369459425032562,5.176247594313131,4.860632995556971,4.735326224351906,4.491593862092365,4.016992739901524,3.872914658660946,3.558610546433453,3.248515997153158,3.2018015879393404,3.1930678784756146,3.193502382415242,3.351802292339921,3.5782742349154306,3.607495889793036,3.6484089248263145,3.6465032135216764,3.6489987536815254,3.6025499252190745,3.587884846728059,3.5327256818822614,3.4597225515601178,3.4202659561066344,3.3980584661264275,3.2712967815525498,3.22759450722607,3.152875893309974,3.101894583665167,3.021774389116511,2.954561423160463,2.895888310138074,2.8026464754583227,2.7004616178583563,2.627045250290982,2.5062927197395575,2.2859411835103822,2.1473208132670423,2.0252299825355924,0
5.168103022284203,5.268984034124643,5.326501748774644,5.418573079226895,5.480149363037645,5.466654078980164,5.37811376531795,5.376085919334893,5.2687745994585695,5.082640251095484,4.998762771852608,4.898334382604066,4.599316803963439,4.3848569541895985,3.2156374524191094,2.408960027242714,-0.6336749281668866,-0.28366071066027,0.23674598417247728,0.8353976507578615,1.7533088255628737,2.232933439121078,3.4094318843971974,3.7084757017283057,3.7695918508055497,3.7314232785843977,3.6758031723704745,3.6337880608215136,3.484354719425707,3.442974494698757,3.4034400513691203,3.28812952027822,3.206201726591355,3.1914335771419875,3.1360407924682483,3.053989333077775,2.9508524310741637,2.910091157117195,2.894706443589137,2.854767579338934,2.783069212722998,2.6806398783514047,2.6014738597599454,2.5272079207978786,2.3652699188910433,2.2229775369249594,2.1559031457107816,1.7991636541777,1.520899835975089
4.390701925683506,4.43992419080964,4.45745903151378,4.46476062760204,4.471014019556934,4.4573893679282195,4.448631772087823,4.436062632712668,4.464153381485668,4.422737656861548,4.4221398039423985,4.4305108004058775,4.3937567442636745,4.350004451609417,4.290293475604791,4.166302340354663,4.158081374057885,4.1459496599023025,4.096097997431792,4.045400406768616,3.9747936016564096,3.904571973489963,3.7343678578701702,3.635088117079884,3.587017074412137,3.39807671110854,3.3559812513035405,3.288821939652515,3.2096679993705592,3.1735870289642247,3.119115074655807,3.048903583299653,2.9892388282208087,2.966693564155162,2.8564898157998835,2.822549303646201,2.7879916965789264,2.724286243072544,2.6576553556542817,2.6106155782839346,2.5823651983875506,2.5009640123615053,2.4610459512259815,2.4241267423998747,2.3391506591461177,2.2550187347439894,2.1639859758319364,2.058227489277338,1.8898579167867817
4.129144245002907,4.1481886069937595,4.103696076329273,4.157713600849605,4.143448101498744,4.079904384239707,3.9565441569975306,3.831680257120846,3.835222596587865,3.7524444024074075,3.702358295148414,3.658664761414569,3.6074787511058632,3.586659474704082,3.609896108544687,3.539348545580063,3.5097232647564867,3.4546773551108028,3.400511186529504,3.377708186001236,3.3139525643125065,3.2934950322632934,3.190884192392291,3.1371292015377037,3.062565087097712,2.968489142096463,2.916764369269377,2.8765498592038456,2.8119078709877896,2.74974958494451,2.7194196710634184,2.6733707141109533,2.644755802510164,2.5910449684492307,2.5543500362158333,2.5344472759464405,2.511857084790062,2.466783602443392,2.422648608425509,2.3906323741504285,2.3742720323525908,2.329978845416114,2.3166583678545605,2.2929965123989153,2.2411949567671416,2.2088828016389415,2.1820769504824504,2.1154216445555467,2.082136492608186
3.2568690876036603,3.320461833976809,3.3396276991536604,3.409887677754501,3.305342302391515,3.216190855602648,3.12958487604918,3.1230271768859637,3.1050391028449034,2.8908481960176777,2.9025026812228627,2.8979642107213284,2.8666011493402386,2.8379947572677913,2.834805000859316,2.871716591147675,2.8705335489776953,2.842644675593153,2.8239627544363097,2.8349331308670673,2.8099038958073037,2.7954615625154644,2.7272742162636203,2.7185315642461694,2.674435448867767,2.6107691948338,2.583696526055972,2.5600683117734313,2.527593560453872,2.5017836862762644,2.4798714369699804,2.4470572145697425,2.4252345496849492,2.411257761504392,2.388000636928907,2.355752441839332,2.3353704488975477,2.323693138359312,2.3081132389188617,2.2651881144396415,2.238077953621716,2.206254602770833,2.1593751196508593,2.1494911031859436,2.097830971419183,2.0852597362526297,2.07007255989736,2.0316584779998625,1.99268927379926
2.0316784550650504,2.206512446780337,2.32900355854783,2.4423987669504887,2.506810374727233,2.508260094233977,2.4618407509210334,2.4470246152350743,2.421100473048493,2.3844222505242043,2.378034521971832,2.381590048298774,2.3217094191244474,2.346926832844722,2.3698590282632424,2.3780954694913605,2.3762821719539144,2.3862025055282756,2.4104408321929562,2.4027228543637817,2.4186470043899155,2.4265303003904397,2.415032495307743,2.4195422435668132,2.4050366852154585,2.4165239508899305,2.4041399999863335,2.3900165674622356,2.361090058047613,2.3502743690820673,2.3362366810905244,2.281726141426507,2.2646602691911624,2.2625353788201843,2.2472289438610242,2.2210353467447415,2.205740141276043,2.185191997058389,2.168136200619993,2.1530054368973977,2.13267245695824,2.1085494481546534,2.0894703270112687,2.0718618462113327,2.0344073117322354,2.00918492716081,1.9922455353097197,1.9575980896814034,1.9336483932227684
1.4376309407299475,1.8850585990580522,1.9238741529179324,1.9699521193948595,2.072669661061071,2.10063626635763,2.1105564833991455,2.1337292872690803,2.1230290934500045,2.113448417490096,2.1226056073855992,2.123063964053498,2.132447111060211,2.1365661051926907,2.149181618489004,2.1520066826011095,2.1534370249298154,2.1650690738608342,2.2008503766809024,2.2185707798652445,2.236963061151969,2.240930044898365,2.252028667345198,2.260815058109342,2.258049197204472,2.2544125113785167,2.244852338023854,2.245441495140086,2.2380919316373458,2.2337178300175866,2.2203103269887388,2.201751678841147,2.1909403255149167,2.177298160910536,2.145656015175407,2.130189655025457,2.1145258762136256,2.0913321808944767,2.0746025794974075,2.059738390749811,2.0499815144668503,2.033490594559546,2.0049412456601945,1.990607312332458,1.9757087841043812,1.9665651325241889,1.9588063664619966,1.931446963723321,1.9072322288126062
1.0082781293110448,1.500360138035038,1.6112998178450495,1.7337320497214606,1.8000342744308695,1.8506565137505564,1.8829789046791205,1.9530937493847593,1.9315646905275317,1.9646633034242593,1.9556440398577426,1.9636573655524063,1.9891523379739018,1.9960954862347022,2.0216157107177914,2.039709812119376,2.0508639616546325,2.06075558038344,2.1046737462590284,2.115883398039768,2.1072412615954947,2.1157747194227947,2.11712912819994,2.111890082325896,2.1029958447657195,2.114318194836391,2.109194671218903,2.1133416147061683,2.1223326780774636,2.1126075378869373,2.099506767323581,2.0813726773460446,2.0671374188325804,2.0622698493114604,2.0551066291683586,2.05057393485846,2.0448748134649417,2.038208624937117,2.02143410419997,2.0224281257667407,2.0146760816376643,1.974795415838639,1.9686470105113105,1.9562532856170456,1.933191715613626,1.9335840082884972,1.9265514833247939,1.8973851444456142,1.8793714602245581
