jsons/1312700400.json
{"header": {"parameterUnit": "m", "parameterNumber": 2, "dx": 0.1, "dy": 0.5, "parameterNumberName": "Eastward wave", "la1": 40.97354507446295, "la2": 16.46031188964855, "parameterCategory": 2, "lo2": 133.9931640625001, "nx": 191, "ny": 50, "refTime": "2011-08-05 8:00:00", "lo1": 114.97908020019554}, "data":
[rows 0 to 21 of 50, columns 50 to 99 of 191]
0,0,0,0,0,0,0,0,0,0,0,0,0,0,0,0,0,0,0,0,0,0,0,0,0,0,0,0,0,0,0,0,0,0,0,0,0,0,0,0,0,0,0,0,0,0,0,0,0,0
0,0,0,0,0,0,0,-0.026484577273847346,-0.03853182092443627,-0.04449954162458549,-0.044520114137221435,-0.04623638863220341,-0.04662258864072532,-0.04643270663830108,-0.0460828682119855,-0.04569749925219166,-0.04502245466949144,-0.04453839546782048,-0.04704178666978833,-0.046655963737948954,-0.04067464239220441,-0.06012840625499102,-0.021808761711821965,0,0,0,0,0,0,0,0,0,0,0,0,0,0,0,0,0,0,0,0,0,0,0,0,0,0,0
-0.003965346384813793,-0.044938284712917,-0.04046521414049881,-0.047707538927651616,-0.05405998367790011,-0.05856228844683413,-0.06429573876544656,-0.06300344838163673,-0.06349700287114408,-0.0630435867783113,-0.06304410205855575,-0.06237201239796553,-0.06120056018986962,-0.06206342500620701,-0.065691215957967,-0.06686263467886441,-0.07393792346615963,-0.08140726631274496,-0.07315339894836763,0,0,0,0,0,0,0,0,0,0,0,0,0,0,0,0,0,0,0,0,0,0,0,0,0,0,0,0,0,0,0
-0.022467111981284985,-0.01726602747071896,-0.009222133458914898,-0.02257205777162607,-0.04105591246445139,-0.04339554339572717,-0.05465911010167143,-0.06632377214515899,-0.08204286411599233,-0.08392844746534717,-0.08646226827385461,-0.09194533856287261,-0.08470196750773107,-0.10164494093240571,-0.003440731484638132,-0.030450053800762572,-0.004869436530244466,0,0,0,0,0,0,0,0,-2.8715385801400952e+38,0.4271819351678805,0.4295072221943189,0.4201090784547129,0.4149730106824637,0.4110944205692663,0.38714603819672494,0.3869541581683991,0.3941606049717522,0.3905247427829581,0.3960811006664903,0.39809095637502473,0.4077215381821208,0.39211049517035756,0.36876339234311806,0.34474086394702946,0.3183297007702191,0.2861229345984999,0.2580918490409015,0.2210889419734636,0.19871603606002458,0.16149699008790055,0.11890079734007977,0.10801776244118583,0.07413040590368455
-0.07149876389631941,-0.05954365443258723,-0.05533608918463584,-0.05144756100584929,-0.02741286423884664,-0.02526280886055491,-0.023113582950526502,-0.007197424826470428,-0.05151704263336029,-0.08322222577211266,-0.10945381581060808,-0.19428879421112855,-0.12900827398255058,-0.14030766406915057,-0.11008979562445809,-0.1312764909437585,-0.01983536673485705,0.18921478695897445,0.29491421200388696,-0.5353297785919374,0.4261858534422712,0.4581720008334342,0.5052537721501451,0.5644261008230227,0.5889310354171855,0.6273768494573659,0.64846225082932,0.6574478343275525,0.6561956919422052,0.6634881740116754,0.6487278722598921,0.6340780601766359,0.6192319648312512,0.6063980484284758,0.6108117115556873,0.5937223363852111,0.5933163003687383,0.5755656145482246,0.5635125644331876,0.5400426046288859,0.5277087501909874,0.49115559389352004,0.45158885365607526,0.4062480806404482,0.3368655282258156,0.30884613155064444,0.2014958153535303,0.11729575262196665,0.06797204147018797,-0.01684428127878282
-0.15852483014847274,-0.15399001000931764,-0.1524992643321043,-0.15864092549091222,-0.15001359129897227,-0.1513128351404488,-0.14781840597428217,-0.14668607296009212,-0.11916354388444346,-0.11445944631793493,-0.09512134540780852,-0.05411506244345991,-0.03616994718292007,-0.011319463361636415,0.029094568685847175,0.04293599478258008,0.05973329185665794,0.1263885840097357,0.19289555654176005,0.2371753094658438,0.33858112804451945,0.3751945263375084,0.4468745579087484,0.5023656636976168,0.5919280297143535,0.6803649824116842,0.7267008637677093,0.7886610989486472,0.8330374590289409,0.8539605414487105,0.8841744289018868,0.8743607214531472,0.8614097503638605,0.8534197208082265,0.8481625275808592,0.8150065515586643,0.8004193051515995,0.7806605917403752,0.7691738418820899,0.7592052516127884,0.7440727519652163,0.7178985041278446,0.693204690485587,0.6763240841015352,0.6139065755048972,0.5650817151156036,0.4468533929576679,0.3027995991421063,0.2679341428531806,0.20925819927617598
-0.21681349274775796,-0.21523437643259402,-0.22370008108521047,-0.2352883362675771,-0.24001691537000902,-0.23829804138736707,-0.25848335744313106,-0.25577611302720793,-0.24792242536739956,-0.25086566749822753,-0.24663956994576075,-0.2428642252151324,-0.24490937279701053,-0.23291170047821533,-0.2188444477013874,-0.2064177330434432,-0.19411751137695604,-0.11779827527855066,-0.09884096190328942,-0.06886200438823793,0.043070556305822565,0.09746252806330809,0.15395069562381924,0.2851401874165274,0.44120359802570125,0.5377827408984992,0.6277387652380975,0.7468303184288362,0.8712226654134946,0.9029990024419147,0.983209072045151,1.0519071249709926,1.0519811303757474,1.0715546210419162,1.0570139524493947,1.0360681046765652,1.019135145104245,1.0118315154519084,0.9693944287344167,0.9698417044132757,0.9723850831255033,0.9686211364526414,0.9534134323741162,0.9458413601428571,0.9143116282916757,0.9034118842165149,0.880003828103908,0.7892405154843027,0.7555655748837067,0.7291913005959643
-0.30321905341709077,3.3547238258860228e+38,0,0,0,0,0,0,0,0,0,0,0,0,0,0,-0.3643387916119779,-0.41231872180823537,-0.3922806684709241,3.1676933380271484e+38,0,0,0,-0.3849668934561512,-0.3791736286133816,-0.025818456829038886,0.4832302264614934,0.7116022235872328,0.8506157351787252,0.9074864361772809,1.0509881957938227,1.1695553613012055,1.2172854575960923,1.2852587078816669,1.3162892819213856,1.328815848920316,1.3267192999804038,1.323508452779848,1.3050386513791983,1.2607675137401007,1.2666482056856263,1.2534455253808259,1.2550763024139395,1.2575033891405627,1.2555276819489583,1.243813126011125,1.222136648149964,1.1738109105676744,1.1470228529165631,1.0895510583394556
0,0,0,0,0,0,0,0,0,0,0,0,0,0,0,0,0,0,0,0,0,-2.090559085285756e+38,-2.476568481418554e+38,0,0,0,0.8232292293801381,0.8880437897117766,0.935493428365966,0.993463958391227,1.1325464100317109,1.2914754022130503,1.424880204693517,1.49610203363132,1.5423752863169296,1.5590775859606876,1.5955070118593,1.6079966181879757,1.5796137453917174,1.5786347258601956,1.5619030607082878,1.5372791139691468,1.5325400488935632,1.5693105238589067,1.543959600945879,1.5331736974063208,1.5508175067451553,1.5045929909330205,1.4761436401155346,1.4228511234105439
0,0,0,0,0,0,0,0,-0.6938098005460036,0.23636914397340558,0.19427582669691942,0.2779562420751595,0.3371938488291455,0.39361291281158445,0.4784433863166556,0.5115173422050427,0.5637185388302516,0.5951549326321293,0.65315829698275,0.7246097532801374,0.7653526471899715,0.7819161886939076,0.8321418884537602,0.8692360444423104,0.9452724787353765,1.0539748386021475,1.1022521235389098,1.1507462283697771,1.2801788919560078,1.3833608868665799,1.4692157261241188,1.5809103757746403,1.6291472883730131,1.7206269900129119,1.7736543189256972,1.8285194969947696,1.8963719850434104,1.918185567649447,1.9364910856173507,1.9661229924363224,1.9739424356172643,1.9617004277528334,1.9443237802197726,1.9671700443628766,1.9682936181619342,1.9593591607171574,1.9742096564152734,1.968140699452083,1.946437936662737,1.9245225148127025
0,0,-0.05325960460173633,-0.16411123059485802,-0.10664232581588586,-0.11134303827231784,-0.14135784562794892,-0.15473805008655442,-0.11245820420842814,-0.09564208452395302,-0.03213212280290141,0.06622715013735396,0.10668475147759145,0.15056792619475112,0.27909873084263687,0.35610818715217196,0.4176243948590615,0.5256742975479689,0.5712832522739255,0.6407543804066806,0.7263855156206248,0.770104100555108,0.8490070037667508,0.9267660541065144,1.0430837276576865,1.1129227069064862,1.1744550064757775,1.2408244494632963,1.3498750381087512,1.4117368486143753,1.5022415763154617,1.6124003005756442,1.6484004672309311,1.7532337008033199,1.8162614448778502,1.8972617364445914,2.000934110532775,2.046661811269622,2.137684422379547,2.1864971828359305,2.2234092247475594,2.259845497895243,2.289925698417368,2.3578988407445545,2.354802417743872,2.3789535139863425,2.4182717287802,2.4040631142346767,2.4001217891794813,2.406877902585873
-0.6013444838451186,-0.6294078510264953,-0.6417460227326495,-0.6801288314519901,-0.6497116332673837,-0.6523606119417106,-0.6732996361690028,-0.6674033680719613,-0.6276715793291671,-0.6314148641984816,-0.6299549980231871,-0.5223097879197953,-0.4970442818013455,-0.42314556061795544,-0.2603377436869917,-0.19558978709938057,-0.07852438044834051,0.0956375362807157,0.15769010615587947,0.2567121388719155,0.41417515258076787,0.5102109482565218,0.578058421013069,0.6539911065376793,0.7530911788067888,0.8418863150659972,0.9116654869369919,1.0564861724135006,1.1345269359554513,1.231184751890832,1.3680728619198137,1.4483779096640002,1.5235662700736816,1.7081034910632904,1.814545699661708,1.9180249765227158,2.113509003893654,2.2226567786450895,2.3178411552609592,2.4502629935018416,2.537782973703843,2.6911507801594006,2.7665979536923127,2.8939366747618784,2.9730242562812257,2.9909248145354286,3.0948900349650574,3.164727671967716,3.165483063720248,3.25770642396028
-0.8576378370417408,-0.876511407865985,-0.8883456094192558,-0.9338519314724834,-0.9159370062986969,-0.9287496656415664,-0.973974973303044,-1.0043575817426793,-0.9835140893406926,-1.015491985442868,-1.0352370700718283,-1.053173220965612,-1.1010700538610612,-1.092636590654809,-0.9731215050355402,-0.9295437933250288,-0.8713988616899476,-0.5910150510517941,-0.44519397094522356,-0.3805030330405015,-0.1941474553012003,-0.10272683522383451,0.005250734408350573,0.1166803975471026,0.2963870261238653,0.43167413268004384,0.5046154947385199,0.6658779253131081,0.7688028977215519,0.8528116475085495,1.0309292468377094,1.1190140186047086,1.2699953956791743,1.464383804740849,1.6646844872756077,1.8264339740846307,2.1710451248165277,2.426019294467397,2.6138758281718726,2.7889297376666473,2.967091456105837,3.266161242350658,3.419013419607389,3.920848135313573,4.162241377262496,4.274672297680005,4.555964043327937,4.612024788993815,4.666642256074022,4.840722196275041
-0.8784949077491784,-0.9207095009709259,-0.9843382922373844,-1.077073968485298,-1.1061894927073612,-1.1471073681841402,-1.2319120130377696,-1.2677252727062882,-1.2876314858710356,-1.3827418876444826,-1.4187375736636283,-1.4124516550481852,-1.5119172308936255,-1.52957233673378,-1.4712686707829792,-1.483811114485375,-1.596212300078316,-1.4615572723668675,-1.3903382961012059,-1.4134015254343097,-1.2197060263173392,-1.068238690136013,-1.0260756515263936,-0.8794186436032817,-0.5812975857892599,-0.46745203130624524,-0.28143293451609985,0.04410874911198235,0.14373675677604697,0.2834109051668462,0.5590467958181149,0.7825148346994272,0.9167096460284748,1.290788327600582,1.4416810771723285,1.737795614275647,2.152906843858165,2.3755459430100165,2.7244521917847684,3.0717472152864085,3.393933746491778,3.76773136470203,4.108573635714275,4.5435816656238766,4.851195109645343,5.072931869200025,5.4129342570471675,5.67485134265582,5.761422304787433,6.0057118695149905
0,0,0,0,0,-1.0783278415445694,-1.3233552822492072,-1.4023933717073827,-1.4592447281147443,-1.5505897330996987,-1.5854572919224508,-1.5998578249859732,-1.7199096996436005,-1.8017261698254874,-1.84045669603912,-1.8846954456048837,-1.9963728198093127,-1.9233128596843259,-1.9291973359165147,-2.010154788455094,-1.917414381858181,-1.8935794355340891,-1.8938595896390353,-1.8256453882745394,-1.6252024091479067,-1.65583363881427,-1.4781010582126162,-1.1716685847071917,-0.9979086934079316,-0.8531073692077568,-0.4581944457370296,-0.27830760784318825,-0.05176697819804864,0.2998187792405423,0.5706926004653904,0.7586372349171601,1.356372334334857,1.6555009174358082,2.0712765089275913,2.679079232512974,3.0847483725173066,3.609296706951178,4.127463905096199,4.870247553847029,5.479343665317294,5.856331137431399,6.335430371507193,6.6144323718377125,6.783856319156664,7.081766735783695
0,0,0,0,0,0,0,-1.2217989426364673,-1.4289878971322076,-1.6136371454233125,-1.627883425488763,-1.65663102291616,-1.8293136254158127,-1.9131550245648528,-2.0097739115571387,-2.1105492723802413,-2.265710286635074,-2.317122869958881,-2.4509309914953095,-2.635577833046511,-2.631602428252106,-2.632477890689455,-2.743972891761794,-2.7711956916268563,-2.6842721685488597,-2.8225648671037216,-2.780781807410402,-2.5988647494957897,-2.6770995528641106,-2.4916485747082344,-2.1450467344933632,-1.9422275173193446,-1.7288242282262445,-1.0606193966904454,-0.628862566175437,-0.3683703581211247,0.6393266221262701,1.011963693744026,1.501988160021743,2.239347722233464,2.6425532565287186,3.195755309136484,3.6342650509337076,4.545319896918584,5.264906423893598,5.817318230590195,6.4869043454428335,7.0212958151983536,7.241180619401927,7.497214195636611
0,0,0,0,0,0,0,0,0,0,0,-0.9786770853975146,-0.7899044623037093,-1.0926662424686686,-1.3995252773083615,-1.6376014995343164,-1.9622620141449871,-2.069405253933178,-2.193694737729783,-2.524100912494621,-2.658505168415214,-2.737135937132486,-2.8917620848344745,-2.9637853737465902,-2.9885701121747315,-3.203327358993442,-3.2396191208222045,-3.164976768837742,-3.24646894759067,-3.1991772251237314,-2.970077637602943,-2.7524259000074833,-2.5496178599471864,-1.7835769951938523,-1.320559370641341,-0.7829296098087873,0.21444164360493628,0.8047540143216757,1.1745901122703437,2.006057664600201,2.4409004849254496,2.789659655159355,3.1246262182490416,3.9632644453532144,4.521829166867106,4.947240350371022,5.637768224384787,6.272312281580441,6.625145534461344,7.060470530193933
0,0,0,0,0,0,0,0,0,0,0,0,0,-0.7092565105032521,-0.9077078104537649,-1.469028778210121,-1.8838155036775859,-2.06987680586366,-2.233961473598512,-2.482356577960388,-2.613958615052779,-2.6993426140783563,-2.926289100735779,-3.03306452951189,-3.130745308288093,-3.4265031173985094,-3.519620305450526,-3.5292880913364395,-3.7079946420997443,-3.707522907908195,-3.599253365648963,-3.3847210047519507,-3.0823329451322428,-2.2290977588977547,-1.8064761185174154,-1.3961206973533835,-0.2537606420700941,0.3087805103199439,0.918356719623234,1.850157830852967,2.3243358731312727,2.8122793175704706,3.284010532427503,4.02051799779812,4.4667205738739915,4.748535129874732,5.3571079801271555,5.71164625335681,6.008373658913609,6.347530039862365
0,0,0,0,-0.48752016367698764,0,0,0,-0.6126835901111845,0,0,0,0,0,0,0,0,0,0,-1.3390374036358412,-2.0855361743464815,-2.3148203481059135,-2.6932047436196633,-2.8135824921355326,-2.8438450108083804,-3.112389311705036,-3.227907455246675,-3.3032554367957863,-3.561236679990324,-3.572890057739263,-3.455934225260252,-3.4135242993306227,-3.2730846395716733,-2.8587355031851724,-2.6675234754497605,-2.389951038384256,-1.5648116631143298,-0.9894778421705256,-0.5377223878432075,0.8350614785200179,1.6923155581776468,2.3170562164263053,2.8300868007193993,3.664217271482741,4.022406776157721,4.336731176058789,4.823427166011752,5.264765605458668,5.4434138171400575,5.744732290346459
0,0,0,0,0,0,0,0,0,0,0,0,0,0,0,2.7828156585776052e+38,-0.4418623476251526,-0.712257277490531,-0.41522267274206626,-0.2687605739845364,-0.5842848910883144,-0.8104345815359628,-1.4927316535287778,-2.001925322150592,-2.5474051398659063,-3.10937193557542,-3.341097641163875,-3.47773799730704,-3.699698427635717,-3.789243303195601,-3.7478395905116986,-3.784351288791472,-3.6972139408716913,-3.333341552637603,-3.0826315051256405,-2.972942326385439,-2.3559498453101164,-1.8073914534728615,-1.3843624154853917,-0.09898312230047708,0.521028655069251,1.2292953910288311,2.031823033765884,3.188873108776692,3.6294468705458476,3.971373260164626,4.3721059872189105,4.711328870769435,4.920735887899737,5.199178707300602
0,0,0,0,0,0,0,0,0,0,0,0,0,0,0,0,0,0,0,0,-0.6796295101823501,-1.1170688729419922,-1.8886954253573656,-2.152682531361038,-2.188338108254384,-2.590584380816016,-2.7541186678805887,-3.0125563044869157,-3.2238213128088318,-3.544107477810595,-3.7622296620474853,-3.977080855351866,-4.059013121288506,-4.168140286703359,-4.205082262977626,-4.1326532905100315,-4.125285643522379,-4.124601273010065,-4.033333239989198,-3.22992554720425,-2.4571200665717607,-1.42324835442618,-0.21626132852541183,2.2833280199933994,3.007465916876789,3.5157197276299534,4.170506411571943,4.318792540436856,4.732123876807266,4.821680645013548
0,0,0,0,0,0,0,0,0,0,-0.4240093623711605,-0.5056356246165797,-0.646826772768155,-0.698153046248438,-0.7499779260234254,-0.8098383044902024,-0.9270610604698313,-0.9950315086074968,-1.0891067228977669,-1.2953371294905898,-1.546364637278304,-1.726516979721094,-1.9339363405522665,-1.0263167861585059,-1.6249336170447444,-2.854791643787453,-3.080885240114975,-3.223098872508014,-3.6250139294167636,-3.8107095040092407,-3.981667668509974,-4.009634087415164,-4.040831598609583,-4.06853311444644,-4.074260254637895,-4.137419452995774,-4.05519035102403,-3.910161647691177,-3.707216882335778,-3.6741985027974087,-3.6618513127153087,-3.6707030050217297,-3.612319863155901,-3.6589464018675275,-3.2064462019854814,2.8353218675059866,3.788936926326219,3.935142294009317,4.008182522903571,4.125906972300567
