jsons/1312660800.json
{"header": {"parameterUnit": "m", "parameterNumber": 3, "dx": 0.1, "dy": 0.5, "parameterNumberName": "Northward wave", "la1": 40.97354507446295, "la2": 16.46031188964855, "parameterCategory": 2, "lo2": 133.9931640625001, "nx": 191, "ny": 50, "refTime": "2011-08-05 8:00:00", "lo1": 114.97908020019554}, "data":
[rows 0 to 21 of 50, columns 50 to 99 of 191]
0,0,0,0,0,0,0,0,0,0,0,0,0,0,0,0,0,0,0,0,0,0,0,0,0,0,0,0,0,0,0,0,0,0,0,0,0,0,0,0,0,0,0,0,0,0,0,0,0,0
0,0,0,0,0,0,0,-0.003247977926797744,-0.003746822259758465,-0.003385804293271373,-0.004125406038555845,-0.00486996495071798,-0.005427751739871296,-0.005773124773126569,-0.005880113417922784,-0.005615164081138691,-0.0052730231572954206,-0.004881609799602862,-0.004664564479958854,-0.004176853076537129,-0.0035273528047294377,-0.003605127297152029,0.0009972466071022591,0,0,0,0,0,0,0,0,0,0,0,0,0,0,0,0,0,0,0,0,0,0,0,0,0,0,0
-0.022057490973951235,-0.01928768867869731,-0.017305732188522955,-0.013459979042787586,-0.013267809510075593,-0.012399710907055937,-0.009763760327509809,-0.011037878456374413,-0.013494239090673257,-0.011839856977275463,-0.01299658819062286,-0.012490086863471401,-0.011684075782554754,-0.010784899877138921,-0.009637641429817644,-0.009523468468141992,-0.007542007141418327,-0.005399983240987908,-0.0016947534268309486,0,0,0,0,0,0,0,0,0,0,0,0,0,0,0,0,0,0,0,0,0,0,0,0,0,0,0,0,0,0,0
-0.0481474886221999,-0.04644477269887854,-0.04515545537108849,-0.042118628398480316,-0.040191423479060615,-0.03953553338715638,-0.03446047673421405,-0.032690196962483584,-0.03526357219795813,-0.030893605099227603,-0.027755271418357826,-0.02331849081974643,-0.018178704196497242,-0.014885573114055016,-0.008590008265107483,-0.008746612828141877,-0.007292277823248818,0,0,0,0,0,0,0,0,1.4796471774531492e+38,-0.12098369674368095,-0.12333900270067914,-0.12137134779085822,-0.11662217013015695,-0.11181016359443681,-0.0963999974753316,-0.09387533856100545,-0.08332653149821517,-0.0737372369114288,-0.06821967755509922,-0.05168938019495313,-0.049651189385643064,-0.04011719739829478,-0.03535086947209304,-0.02925678348262311,-0.028624846291690327,-0.026597759205848774,-0.024670788296404123,-0.023367952193577374,-0.021045073824917392,-0.023491061458858552,-0.02107105875015116,-0.023485075977189816,-0.02619023793631375
-0.09256574216752173,-0.09528677531280771,-0.09631828982792802,-0.10686787086944041,-0.10596059671360508,-0.10661903741392798,-0.11587950039117233,-0.11689440237880114,-0.12176594576458147,-0.10036966902942564,-0.08758771283787994,-0.0651292235845617,-0.056671866264760534,-0.041251217988068065,-0.05218006343770686,-0.07331510319808468,-0.14145264799755086,-0.15161207021205977,-0.131340506993292,0.06620517063044054,-0.1742570959954355,-0.18057322066814066,-0.19171015640979278,-0.1962422135020016,-0.1905966971814596,-0.19812194794356047,-0.1966013740293637,-0.1964647696530322,-0.19357945602877116,-0.1960068403970507,-0.18906074689078523,-0.1812658078968186,-0.17050123879560772,-0.16271944276916112,-0.15807695889929488,-0.14646773201739396,-0.13786591348225877,-0.128683594777295,-0.11822965349169946,-0.10635425559903691,-0.10114719052744633,-0.09208043832610673,-0.09138597422183187,-0.09269680033699917,-0.09623727799718175,-0.10003060555554966,-0.11387247347201992,-0.1204933549387221,-0.12715811769894247,-0.13621745688104145
-0.13071356762514652,-0.13342985033428523,-0.1375687352784489,-0.14437903163344487,-0.15014413156381587,-0.1535232062581495,-0.16133576245746617,-0.16526344116255212,-0.168993234847869,-0.17960694589667567,-0.18291638138314092,-0.18487342949979577,-0.19476224651179996,-0.199946166146529,-0.19945682236036355,-0.20984562822396774,-0.22439657835852603,-0.2254785960613597,-0.2166725773198898,-0.235232873796988,-0.22910927065523784,-0.23606907522131734,-0.2517516648310646,-0.2539035546772131,-0.25383453297301106,-0.2644464137407745,-0.2680549512171903,-0.2678326681110757,-0.2775845483213276,-0.2817629981650948,-0.2696395532643678,-0.26876697142759126,-0.25959935282995295,-0.2546478274279402,-0.24924726600602665,-0.23033651102602132,-0.2172399811681825,-0.20378803879621138,-0.19237433434441764,-0.18161813694722015,-0.173644197229464,-0.16278728591678374,-0.1547480418352759,-0.15333414863451228,-0.1407850412379717,-0.1327519555640051,-0.1427762018558755,-0.13017638272011964,-0.11712201008372514,-0.1378226807992521
-0.10756840946522953,-0.11026805947086961,-0.11191888631696283,-0.11622689713442104,-0.12062554755448898,-0.12513209977632803,-0.12974591882921643,-0.13788917637910278,-0.14571680794273303,-0.15666715012743218,-0.16624295775864434,-0.1743915605669065,-0.19030144784283531,-0.19993454592044407,-0.21002507740288962,-0.22259913514040539,-0.24665272971147106,-0.25411265857544924,-0.2671862916634532,-0.2939449378823746,-0.2894579095846289,-0.3063753458638034,-0.33579694933212423,-0.3408272689787285,-0.31831534227680136,-0.35360811098325146,-0.35217918376711094,-0.3358108761198042,-0.34664506898174463,-0.35088460413665673,-0.33393472188193507,-0.3432307426733838,-0.33935360043910534,-0.33686230901223757,-0.32927561940015976,-0.31722204124447834,-0.3059510756198102,-0.3007337673890225,-0.2688636965122696,-0.2607766209403811,-0.2507893479435878,-0.2357217805659791,-0.22519085684388124,-0.20370850800906548,-0.18758775717836593,-0.17289922654220727,-0.15477515348134083,-0.13656339776666127,-0.13760459715765636,-0.0892505591425057
-0.037498010841642566,9.267188559861985e+37,0,0,0,0,0,0,0,0,0,0,0,0,0,0,-0.14219224178040127,-0.11037202686962594,-0.11760897058872384,1.3398074031878943e+38,0,0,0,-0.202219169546248,-0.29595364321035794,-0.42323684990519345,-0.4708409547700291,-0.4393591668983614,-0.45450463189687984,-0.4505098036163983,-0.42202901008567906,-0.44266271921512457,-0.43934000851040234,-0.4208410876898347,-0.4197926346885345,-0.42283628510685356,-0.4132616560417833,-0.40976087305121156,-0.39361265468619033,-0.37342735568225044,-0.36821257529812823,-0.34505762548156305,-0.3351445604126184,-0.30293197581317244,-0.2850750206354392,-0.27472648133966815,-0.26531638409809516,-0.2537771513277641,-0.24897680903602057,-0.252379862950144
0,0,0,0,0,0,0,0,0,0,0,0,0,0,0,0,0,0,0,0,0,2.333197838889154e+38,2.1595982853789122e+38,0,0,0,-0.5243088003852107,-0.5374631024226686,-0.5511264268462626,-0.5661631037897097,-0.5296650402897025,-0.552595796317893,-0.5405478220066757,-0.5190550323615141,-0.5242186402960944,-0.518226811944146,-0.5065626771675175,-0.5123026358289905,-0.4983911281572964,-0.5005595412115424,-0.48437045307781107,-0.46499240107562806,-0.4509892178926464,-0.43951080249936475,-0.4052213985339953,-0.38854897796242266,-0.37418588090641275,-0.354985824292178,-0.34268393154673416,-0.3492333610477368
0,0,0,0,0,0,0,0,0.09215852070234512,-0.4406089034419729,-0.45992358266221317,-0.47037241888454157,-0.5411610798293763,-0.5406506738703202,-0.5595035333637176,-0.5538237184445344,-0.5838078880651638,-0.5746518584851438,-0.5878705922246634,-0.6001971434700912,-0.5995264019203663,-0.6065260071154028,-0.6293783751853155,-0.6395548244811602,-0.6466736616734388,-0.6679435333949147,-0.6702702224435287,-0.6811243510892442,-0.6902755401160934,-0.6922314317516142,-0.6650239134765829,-0.6721768542545261,-0.6722908230409589,-0.6538736318284084,-0.6476935428938752,-0.6626674133089627,-0.6630413118544143,-0.6591613449708459,-0.6604269386067025,-0.6480082545959523,-0.6402152642269533,-0.6259877295622882,-0.6079308773669126,-0.6000440484789099,-0.5697371930798681,-0.5421201158941467,-0.5138286662668201,-0.4968589005987676,-0.48251690665485886,-0.4730522780769842
0,0,-0.4370255882442432,-0.47599584592802585,-0.4814770949933516,-0.49804536288721524,-0.5792684274779499,-0.612948297059147,-0.6179202890840567,-0.6539310332032386,-0.6706644113799055,-0.6733220321176604,-0.7028102485420845,-0.7125265156022877,-0.7243714354871401,-0.7242199990038886,-0.7586877955339725,-0.7722074137104386,-0.7781183288365363,-0.7927707319219814,-0.7989503428153517,-0.8050299278614133,-0.8326898587511935,-0.8473412688198639,-0.8345221632742978,-0.8504484847101526,-0.8525313198839584,-0.8446050577862247,-0.8573060900484627,-0.858998627051525,-0.8477156418729961,-0.854772182840997,-0.8589433484562525,-0.847769802383869,-0.8439631039681625,-0.8503731951725544,-0.8315588998497924,-0.8207239136760004,-0.8336275662924412,-0.8208700716554225,-0.8128206753223104,-0.8049289761278631,-0.7937290562380992,-0.7830209498808519,-0.7590587241891906,-0.7420510801885568,-0.7153664801315254,-0.6717225632436131,-0.6498849013291006,-0.6229952873514131
-0.5008566680145283,-0.5215727667824654,-0.5444186347328289,-0.5871638226494978,-0.6074660458793875,-0.6309417078873634,-0.6741657137675868,-0.694054358507081,-0.7162264517429342,-0.7628241193205976,-0.7948036314798557,-0.8053723736724901,-0.8518989319683207,-0.8706382201915497,-0.8813543602408679,-0.9016653158096725,-0.9407873216794885,-0.9559540437871688,-0.9776171763107987,-1.0121887533481708,-1.004037389246979,-1.0169644940111047,-1.0510534144409556,-1.0587186369324657,-1.0565338494959933,-1.0763875779892964,-1.07630935244001,-1.077323584955772,-1.0949363028165289,-1.0948423385684736,-1.085338827567836,-1.102447123163781,-1.0996910463850844,-1.097850343422532,-1.0875175970043898,-1.1071432196024342,-1.0871468269040867,-1.074539725093879,-1.0857294338911552,-1.0523029409046445,-1.0578004332356679,-1.0617155914201464,-1.0443354145742347,-1.0171657019876874,-1.0074476063423878,-0.982025149363138,-0.9512177890036408,-0.9114444109175571,-0.895290871582263,-0.8525739827000394
-0.44641081865667787,-0.4739686351888943,-0.49642381934236374,-0.5571143202898633,-0.5972403567644751,-0.6341719388010356,-0.680245668438868,-0.7238341493073346,-0.7651551432052018,-0.819227658540622,-0.8560185666466003,-0.8873813555199891,-0.937441203952852,-0.9650051402042599,-1.002403721984197,-1.0364154970697297,-1.110174691660998,-1.1175082487734986,-1.1644073480899995,-1.24549285390928,-1.2499382459023438,-1.2667145632600496,-1.3111925898620906,-1.3247862104142516,-1.327383532294677,-1.3664576182892607,-1.3684828248779342,-1.3694615259523217,-1.3848370746330019,-1.3985316246767174,-1.3873505866339526,-1.4056172984499484,-1.3914305990705373,-1.3856165404231877,-1.3818296012305038,-1.397360485154299,-1.3848507176256515,-1.3583723898581008,-1.400612747733007,-1.3476196271196366,-1.3549262445835595,-1.368122943956352,-1.3615736305811195,-1.348509956781358,-1.3398448148669186,-1.330386153473402,-1.2978453734053799,-1.258596392985171,-1.2284838822688227,-1.1857605950026087
-0.3466741271993067,-0.3934486810740951,-0.43479828539710597,-0.48998185452268495,-0.5248888378932322,-0.5553304814616302,-0.602819201974307,-0.6333323579809439,-0.6806702607172657,-0.7601022544187551,-0.8042524527372698,-0.8658333224522018,-0.9573252930251166,-0.997423928084153,-1.050051511712686,-1.1007821559830582,-1.2123301170338876,-1.2656077975096673,-1.3195791072935916,-1.4133024514552275,-1.4388231144903534,-1.4775193651728713,-1.5556494659387465,-1.576346007171493,-1.6055417994835013,-1.6861500972910342,-1.6826779228197812,-1.644741455773949,-1.7399232311246047,-1.7793304368966012,-1.8104274588503355,-1.8796309956426447,-1.870513463021609,-1.8640977507431662,-1.871464368044477,-1.8824703568750445,-1.8588918063040472,-1.8712935022602462,-1.8937760592364679,-1.8695026898564107,-1.8284463050534787,-1.8652939292426984,-1.8324541991038528,-1.7971566336426767,-1.794897907519542,-1.7665531605765894,-1.733564596536458,-1.7073230795964205,-1.6840222039294372,-1.6113489342973446
0,0,0,0,0,-0.4713536164182335,-0.547228309075329,-0.5872905918567166,-0.6351859108652561,-0.6928607916719497,-0.7357672460834027,-0.803334794317929,-0.8945471144254341,-0.9585471260804727,-1.044864356308884,-1.117808582799703,-1.25254934154007,-1.3628034155936133,-1.4531190833203147,-1.6333077195462744,-1.7049267979227631,-1.8215819706193994,-1.9292275180621075,-1.9832051523275522,-2.0284170123645437,-2.116489313001841,-2.1655410383195597,-2.1704892414727044,-2.240012806738371,-2.2750338933714427,-2.267633800557936,-2.3360370872758986,-2.340483866445297,-2.3457823639923956,-2.362969187724173,-2.425628017536749,-2.4085777817025007,-2.404539998271612,-2.430468566750687,-2.4081437053446555,-2.4130329184228754,-2.438135502594637,-2.4089312938814604,-2.3872236105754596,-2.3808505780172085,-2.377322030454514,-2.3118478600439287,-2.282994355206491,-2.260250094705438,-2.1595231407907507
0,0,0,0,0,0,0,-0.4865979648085547,-0.5145520991584602,-0.5584347993515701,-0.5949448639904292,-0.7031090976392184,-0.8491261821625945,-0.9364747271908538,-1.0604463559129735,-1.1379244532786619,-1.2588335330597444,-1.3660834202182601,-1.4682745080365456,-1.6152537754360956,-1.7290817628550057,-1.8242199277533608,-2.021994569222914,-2.1264430422565512,-2.2169017284112473,-2.368803081084538,-2.425625802311205,-2.4819810562614997,-2.639162592655513,-2.6779764305224494,-2.7365562714651914,-2.839481349933724,-2.8887147026176296,-2.900944269024217,-2.9506770236974864,-3.031275953136569,-3.0224496418149154,-3.031898914579176,-3.076762681394222,-3.0659512041584067,-3.0645989507439215,-3.09794131444115,-3.10371756421927,-3.031022783149842,-3.029298821839634,-3.0301393125794127,-2.9521737654830114,-2.920066568823458,-2.906089250481548,-2.7979820085191753
0,0,0,0,0,0,0,0,0,0,0,-0.3359616828936174,-0.386766790066046,-0.5908500575247767,-0.7910820297105949,-0.9258159751490127,-1.1176017520954777,-1.2907793807960797,-1.403062138451186,-1.5806651328858046,-1.7247994966408615,-1.8345278227056345,-2.0560203489104416,-2.179577775398608,-2.345415138341464,-2.592163604342372,-2.7336298924471003,-2.8302401118013143,-2.9932329700416513,-3.0473058498337715,-3.1043405376776576,-3.2943045726461486,-3.3322112652918503,-3.3763046899577445,-3.436394130836494,-3.5694924659516176,-3.5829216013728233,-3.625352830789909,-3.7781885522119945,-3.7912470582732665,-3.832636325315968,-3.978389282888849,-4.096065807870318,-4.011064791462924,-4.148404433610866,-4.1079995734018375,-4.056611707258054,-4.016880487343804,-3.978233131496811,-3.8975207430969707
0,0,0,0,0,0,0,0,0,0,0,0,0,-0.365430177558853,-0.738612368818894,-0.8324138910638039,-1.117299067189878,-1.3430765924722479,-1.5035338881942026,-1.764200085166177,-1.9453886481164036,-2.0461351232414304,-2.254169042413979,-2.3778991962325464,-2.5852132771170675,-2.917779258644655,-3.0379138899335896,-3.1707844257268407,-3.368451641484153,-3.4623290508221607,-3.572165046460657,-3.82500546081188,-3.989118091454613,-4.115045107126707,-4.2652143728644845,-4.457327205750397,-4.489306599939923,-4.56248841017696,-4.6872080077760145,-4.678279225018278,-4.764072697494457,-4.870625965944896,-4.901699969940229,-4.861954381243644,-4.940218676190595,-4.898319088423371,-4.904730317648061,-4.896340956871866,-4.82999926981899,-4.709184380288602
0,0,0,0,0.1232681524983055,0,0,0,-0.16029960694032216,0,0,0,0,0,0,0,0,0,0,-1.4246946722814255,-1.5214884884701603,-1.8406999295813329,-2.3241202659629603,-2.6485225350923267,-2.9346209769587897,-3.404960559932459,-3.6268762411109075,-3.8120328526714147,-4.221011284174998,-4.399722736808343,-4.537744732225605,-4.737184021745279,-4.803032570195502,-4.848590751864802,-4.958524640685367,-5.195435040121299,-5.296104658159376,-5.380977006071043,-5.627393745140204,-5.80342859740115,-5.8503177733419225,-6.1072603096754845,-6.1619404501009605,-6.080091891753724,-6.15762143729326,-6.088029351153706,-6.0271843904634945,-6.163397924045214,-6.078381355069855,-5.841442518476672
0,0,0,0,0,0,0,0,0,0,0,0,0,0,0,2.9878373914484613e+37,0.007671340851277446,-0.5034780053331892,-0.7207806485163232,-0.43210518078754245,-0.4144486707789674,-0.660023324849211,-1.512463951252358,-2.185670714241648,-2.6307464089331205,-3.202965001303906,-3.5414788076502477,-3.9780697533037164,-4.332247606968673,-4.522338487382341,-4.776292837346974,-5.186974530708767,-5.368860811934426,-5.615723885063017,-5.752437980225825,-6.069212152717566,-6.243291891766248,-6.4006359890438915,-6.636063957978175,-6.728656312198615,-6.923170682342326,-7.3000511682906355,-7.38306110067275,-7.322486249923141,-7.474320496302515,-7.470622427283996,-7.195773233953534,-7.233873864920559,-7.1450805260112356,-6.900127682402839
0,0,0,0,0,0,0,0,0,0,0,0,0,0,0,0,0,0,0,0,-0.5038364429028735,-0.787981001920128,-1.3079517920665678,-1.6350489591753816,-2.0387087974067075,-2.7985621354167183,-3.308239302186085,-4.121271911252637,-4.44649663643899,-4.555856100334231,-4.733792044581438,-5.075767876975145,-5.370342401743888,-5.735223246280743,-5.903876763465033,-6.147932648047285,-6.423030725328065,-6.61873480422449,-6.9796450166423165,-7.214006369639953,-7.367239246273366,-7.640397785946731,-7.712968233273829,-7.721656923347106,-8.03752657516404,-8.000993424086836,-7.801969198695308,-8.080553985159177,-7.785070471390428,-7.530418408697214
0,0,0,0,0,0,0,0,0,0,-0.18384027267527217,-0.09450665587171951,-0.06080811467753603,-0.07142691329242798,-0.05922001978067871,-0.07774193706927486,-0.1152338659328952,-0.2138793760001612,-0.254414449069224,-0.3651548783364598,-0.5234263185034266,-0.6550353300906755,-0.7846388016353595,0.8281644901635726,-1.5931773761129653,-2.3974280614065586,-2.411915126056452,-2.8150859162985484,-3.5634340897471795,-4.005472591740683,-4.277013740978826,-4.346884248501524,-4.33143427940521,-4.84856256261705,-5.2310449088541775,-5.6626537754080974,-5.953691597370533,-6.017289967383391,-6.206899518000952,-6.674496092493952,-6.876816130171599,-7.206978325891216,-7.327187887342234,-7.446532570771184,-7.748920129032349,-7.91280708077836,-7.7098008051823195,-7.808438665603666,-7.7687808600511605,-7.3202991514851865
