jsons/1312552800.json
{"header": {"parameterUnit": "m", "parameterNumber": 2, "dx": 0.1, "dy": 0.5, "parameterNumberName": "Eastward wave", "la1": 40.97354507446295, "la2": 16.46031188964855, "parameterCategory": 2, "lo2": 133.9931640625001, "nx": 191, "ny": 50, "refTime": "2011-08-05 8:00:00", "lo1": 114.97908020019554}, "data":
[rows 0 to 21 of 50, columns 50 to 99 of 191]
0,0,0,0,0,0,0,0,0,0,0,0,0,0,0,0,0,0,0,0,0,0,0,0,0,0,0,0,0,0,0,0,0,0,0,0,0,0,0,0,0,0,0,0,0,0,0,0,0,0
0,0,0,0,0,0,0,0.009222790467213091,0.008270712783721875,0.005911844229511896,0.005336731238323523,0.004264099850752073,0.003548675590264008,0.0032295391215160707,0.0029946939145839273,0.00280532610406289,0.0021847584387613577,0.0020205451693475923,0.0016396397301495955,0.0011197603536583394,0.0008140917696433361,0.0005506202253570572,0.000271601519069281,0,0,0,0,0,0,0,0,0,0,0,0,0,0,0,0,0,0,0,0,0,0,0,0,0,0,0
0.030580127689423205,0.02866029547505276,0.026248720455908262,0.02069271048770328,0.020142497227241936,0.018505330695908196,0.014141391522056821,0.013527353253342447,0.01224031428209365,0.008454013097015118,0.006921402199418904,0.00508318319795167,0.0037977385816962907,0.003299004958536272,0.0028254505684214026,0.0023276605278099312,0.0011225622557682236,0.000532439645807435,0.00015773944841602572,0,0,0,0,0,0,0,0,0,0,0,0,0,0,0,0,0,0,0,0,0,0,0,0,0,0,0,0,0,0,0
0.03533445870489739,0.03725574867522114,0.037081392095564214,0.03401970831070279,0.03367205534011946,0.03184435609147425,0.024429250212809214,0.02158361220839533,0.020810560292656037,0.014109150326859641,0.011225992286155671,0.007697885292708459,0.0037152411842654416,0.003263134579461818,0.0011377179366570383,0.0007954642594204739,0.0006073770672894674,0,0,0,0,0,0,0,0,-3.147487795376948e+38,0.12824087545510357,0.12957840567515527,0.12886688386754527,0.1284623585627776,0.1287524951203795,0.12638431569539862,0.12642141895006068,0.12562014954801362,0.12330210524140618,0.12108920474480922,0.11942084780362307,0.11975858918870795,0.11414547688540129,0.11155026375593413,0.1055049700552298,0.0962467773187978,0.08794231998486692,0.08432722364765578,0.07367427484699814,0.06543482134836992,0.0605101603036881,0.04768624506631602,0.04555221482433194,0.03870987679101955
0.025624869170450437,0.02871147223129396,0.030095322376936164,0.032404975005915625,0.03632733934824809,0.037948508270796794,0.040480313221598375,0.04372505742163966,0.048687158115787076,0.03891011012398629,0.03296202207499462,0.03161923228414822,0.0155705949475231,-0.0023323861014924807,-0.0002968352063809869,-0.0060324170013136506,0.021029488523996696,0.07512226607571369,0.09613556601458698,-0.14000399271106928,0.13092266152771279,0.13525241079542252,0.1391225129963392,0.14230991856680922,0.14468832368321888,0.14588676167208345,0.14716642091946083,0.14866191701599857,0.14734161102883345,0.14793716846993316,0.14845578178074684,0.14728737682552287,0.14512720571361687,0.1441805490823864,0.14394769730336038,0.1394367410782449,0.13893152835283237,0.13496268397056696,0.13036526946817223,0.12666591937539096,0.12468868249528019,0.11694473882747412,0.1095403081771776,0.1048434337944062,0.09008498466170556,0.08533444711541212,0.07574196017324307,0.05515188997633069,0.04715997654804563,0.03791332214956047
0.009926888173455762,0.01088364692839219,0.012491396113078857,0.01279783763733476,0.015230498119844312,0.01627555411337523,0.01925920133338555,0.02171192861711537,0.024663568741672397,0.0275518905199699,0.03048850365980578,0.03499661445508741,0.04017564173772666,0.04481500625124214,0.05092585296206029,0.0573330259151901,0.06378956299418968,0.07620978465996352,0.08440945852021246,0.10010160490833889,0.11216965445008074,0.12052207239665814,0.1299105454519138,0.13529968963668945,0.14321304043739902,0.14872773578483203,0.1513075403348116,0.15402889170605236,0.15635321177576333,0.15745751308335035,0.1600508712760555,0.15942719013497758,0.1590396443537481,0.15980795900817404,0.16029708345296614,0.15683475682789194,0.15625999343962946,0.15434842728115256,0.14963173967735985,0.14658083714780062,0.14124795852083263,0.13298635615475404,0.12781290306091483,0.1253421991743905,0.11330900941068235,0.10573552871158838,0.09686497296348026,0.06793481545614627,0.05570616728371409,0.03525305055363821
-0.0029540047664509024,-0.0027374079761251684,-0.002606621919114034,-0.00275572588035662,-0.0024713521597252933,-0.0013850808256866212,-0.002777305197440149,-0.0015232626129101676,2.3810771951871015e-05,0.0010185328000114201,0.0012379376878996092,0.0029827944968898847,0.0053058806100322485,0.008119012140443284,0.011478397447433644,0.015021953278260952,0.020324887736275568,0.029177401616928247,0.033995097866074,0.04725384323335535,0.06022774322109492,0.07407489772081768,0.09130731801336678,0.11061837320695804,0.12466193140655432,0.14453576152611583,0.14938174688279324,0.15515440472469977,0.16068000501653362,0.16221467082258334,0.1658003250112804,0.16888605528600792,0.1698061575515628,0.1725441634589951,0.1712877415761543,0.16987426357576718,0.17045635581525131,0.17098379556875548,0.16653488917615797,0.16456510733345991,0.16045164091147718,0.15332296191475805,0.14840508245405998,0.14492987069149457,0.13237117300199686,0.1284671246019931,0.12205323762334355,0.10524004666988064,0.09776088808534691,0.08834420121257373
-0.0017355769650613025,2.917910919821386e+38,0,0,0,0,0,0,0,0,0,0,0,0,0,0,-0.007189852584207457,-0.009102827497399636,-0.006620863023388113,2.4646799233981147e+38,0,0,0,-0.008479779189795781,-0.005128767813654171,0.05028104689308805,0.13186248745046678,0.15453030132104525,0.16700118923568413,0.16970796313133144,0.17309371639227458,0.1768552910888956,0.17809006629449955,0.1800801100953469,0.18214614694430775,0.1827679826876598,0.18337101599402778,0.18366475475636804,0.18264046706539666,0.18056015423238106,0.18045390529532457,0.17661452209489437,0.17525276961569594,0.17208946683465084,0.16344759378375934,0.15912421527762716,0.15476500704428378,0.14277246135010613,0.13609820962255242,0.13001580423658515
0,0,0,0,0,0,0,0,0,0,0,0,0,0,0,0,0,0,0,0,0,-2.961000081534057e+38,-2.9589056387641137e+38,0,0,0,0.17325744739189528,0.1765455866698322,0.1776545155497487,0.17873099125151956,0.18216127626568307,0.18702206846927538,0.19130674525290922,0.19205850711804398,0.19229377631026845,0.1922780229310898,0.19402593444867156,0.19566964941883017,0.1953335478142075,0.1967709656265381,0.19619927629618417,0.1919728928545234,0.1897800732522828,0.1892752468985781,0.1806971052972909,0.17591177084672746,0.17389777553118776,0.16406877100344672,0.1582485822000635,0.153663133065179
0,0,0,0,0,0,0,0,-0.2062434841232076,0.17381616892856225,0.17602669934525947,0.18429709434248745,0.19851391788476078,0.19983882250940121,0.20643093873758234,0.2049083796813225,0.20674355142253964,0.20538716572373306,0.20716453351184497,0.2049308489236247,0.20410328284140547,0.20057611686434199,0.1989449880387262,0.19919872108837913,0.19999591871088906,0.20162061405094397,0.20136217150873859,0.201266099947776,0.20256636448503065,0.2049906049359649,0.2037618949009934,0.20609298906308732,0.20713078837120966,0.20904413313010106,0.2096512711387132,0.2112909894844486,0.21276928671915019,0.21172543473822397,0.21255373549564802,0.21513483292057173,0.21552529059989906,0.215413243059985,0.21422255519397718,0.2135233106521953,0.21178429234654447,0.20746792015172869,0.20207478649566435,0.19300814821502624,0.18530902913510386,0.17727658578654484
0,0,0.16150886303368986,0.17317847834906516,0.17814852885475266,0.18359574968742753,0.19534366200899392,0.20019924832897942,0.20231566973937667,0.20675698283793917,0.2102080818986069,0.21396198220084484,0.21542035518374855,0.21614096636833616,0.21859551114794393,0.21915473622872989,0.2208348140596294,0.22242112733621483,0.22328060993800328,0.22216974159044808,0.22322099623341748,0.22385278892289387,0.2248277926593138,0.2262276796708902,0.22471149854247005,0.2231204601413981,0.22283789127685844,0.21788569721465675,0.21753296264179783,0.21633189445747097,0.21510491380825586,0.21713550401904455,0.21711936493323683,0.2173011969454116,0.21912579231567525,0.21942369117321656,0.22277411134954286,0.2239760090176514,0.22783930788689508,0.22756726183556727,0.22633616792242742,0.2267577636209759,0.22786683826719092,0.22939883128687588,0.22959935811323626,0.22989449636852166,0.230328277254415,0.22427237764090627,0.21818716253253032,0.20909852485355515
0.1269485623030854,0.13484555390731015,0.14249343029201425,0.1526453102650921,0.1604574890276028,0.1657591196388187,0.17413427122866892,0.17763185009201024,0.18274362447215947,0.19002155685485267,0.1932039857544094,0.198785002632528,0.2080452464227547,0.21359047066645298,0.21982913705086712,0.22274027370184704,0.22825709693299565,0.23199836959167067,0.23260967088961104,0.23331232611997615,0.23842090618755432,0.2401513849554271,0.2439123336116812,0.24690250254118448,0.24798450217185575,0.2472590028723389,0.24746757855608725,0.24540797693560082,0.24357700495234957,0.24391093203666608,0.23990691672702147,0.24019928800209747,0.2396827998188382,0.24019662424562402,0.23945896404893366,0.241133282106058,0.24234138326117566,0.23816465758284713,0.24337837714628527,0.24428955614625217,0.2474986050641874,0.25238873587719546,0.2536701816374444,0.2552496795503287,0.25443664560247803,0.2530312802009332,0.25514269358885755,0.2552675385422044,0.2597494199429072,0.25948561831820527
0.06924657217652092,0.08009473013375736,0.08579597546254016,0.0981063381558564,0.10969026057334931,0.11579882573605915,0.12382033518842618,0.13217767228750438,0.14675137063367208,0.15750692778926867,0.16593031234161043,0.17538277017472673,0.1837174114758309,0.19021170529792256,0.20274971408461917,0.21000940792176073,0.22090673238578923,0.23275053150688627,0.243520557774447,0.24682640849648993,0.2511895184836506,0.2532385227160305,0.2558484345342759,0.2564545877990515,0.26193873102686477,0.26397737399123733,0.2648863058832135,0.2651734569246058,0.26514300880302166,0.261628614436131,0.2569930496047377,0.2552740420636166,0.2533910923735237,0.25364882599882627,0.2544769816754572,0.25362101216177696,0.2542138542703582,0.2581813237885806,0.2597346379230508,0.2592096484056587,0.26318005240349396,0.27284343303848557,0.2767767178637536,0.29200327626913164,0.29975034942156054,0.3026159531456522,0.3079886900412295,0.31162221208606744,0.3141097125838191,0.3235696837986325
-0.07284098191217614,-0.02800605045744581,0.02097423161713377,0.03903991792516399,0.06520631429563917,0.07449808445117362,0.0840856053222682,0.0930476292943755,0.10564886020787527,0.11648054266149087,0.12447232597802188,0.14125467058762226,0.15396520550561832,0.16206169817088417,0.17340349322941212,0.17840367537781562,0.190058805342935,0.20331157104388514,0.2093035677507781,0.2163824146745425,0.2210174072359859,0.22748482304641934,0.2329707303245949,0.23904046961278855,0.2426089487476776,0.24450756167574053,0.24064505189802002,0.24033952807469264,0.24687366971745914,0.25107242945209607,0.25210818968952686,0.253769097382795,0.25167350158921087,0.2526191246440786,0.25644320818908467,0.2537227065298562,0.25421897934530563,0.256895299061119,0.26117008148370113,0.25885866744266117,0.26574443292532585,0.27566252439197964,0.2829525166974556,0.2940581691185628,0.30963633779814687,0.3183029942637163,0.334156293125238,0.34176007657224833,0.345487285484054,0.35359731131008143
0,0,0,0,0,-0.01525348246455974,-0.00122787158749655,0.020382950402697955,0.04197133608320231,0.04692030923208069,0.05767950356703426,0.08595253242232159,0.10296867975834689,0.11682023875443513,0.129471916290108,0.13215144609852497,0.14479696256992555,0.15565823650950153,0.16176661986714122,0.17232484229024525,0.18055200158636686,0.17533069890265474,0.18107716797950887,0.18712624878320774,0.1965938044245166,0.20299488308774755,0.20833162326172255,0.2123315151324958,0.2172846693893373,0.2183221088724144,0.22431733298564158,0.23134271187360603,0.23431745096152323,0.2364153146703241,0.2416262887223114,0.24323536879820723,0.2470021354689599,0.247892180851483,0.25562411473325564,0.2533935431207227,0.26379027523212717,0.2722185504764494,0.27964640104226485,0.30581384375511556,0.31788937910055426,0.32873934662305004,0.3510736413839534,0.3694182097248387,0.3791641091062179,0.39575063767893576
0,0,0,0,0,0,0,-0.12650538686823612,-0.1307122760356666,-0.14067769570437288,-0.13267277876496844,-0.07827930823561846,-0.056561413044772677,-0.024494831571526803,0.02478164870408472,0.03742955405308721,0.048467891091372554,0.06402656518158992,0.07343213945194042,0.08333055590669204,0.08524393677600697,0.0971132092704632,0.11104191286983628,0.12097880051680979,0.1339423780180105,0.13849597989964363,0.13968266800035434,0.1457027548175437,0.1522054211155156,0.16177825193312295,0.17221603158741688,0.18391891587462353,0.18966520011439286,0.201933785348517,0.21404955618477114,0.2248832798179964,0.23036915500879276,0.2363803644807287,0.24327636541146716,0.25288327951039996,0.25553220796939974,0.26237327638988484,0.26925660145222335,0.28000809797817733,0.29256821467870486,0.3053479187169166,0.32899916546899777,0.3488904435732252,0.3597451619268605,0.3825267640867285
0,0,0,0,0,0,0,0,0,0,0,-0.13904171279879912,-0.1320324821638817,-0.12524732970656643,-0.06912698533375031,-0.059707034033412654,-0.04442117106632943,-0.02360132854810449,-0.009301668171986589,-0.009272357072181069,0.0039001481970101187,0.00909707786227049,0.01564267557037514,0.025811711201745056,0.0553506528540657,0.06853885519250466,0.06863730485289209,0.0828256724958292,0.09451835192770075,0.10123894676141305,0.11428079581307715,0.14224144354197651,0.14585108278274017,0.1594413220440011,0.1717843664157548,0.18560217548727218,0.20742690302422104,0.21830483705511247,0.2312975642959419,0.2560064018611418,0.27049613882395007,0.28592556352253495,0.2977520914053361,0.30557917767253134,0.32070648782915767,0.32857758834322087,0.34633817980794657,0.36458880086376916,0.3823663537397292,0.4008814470523949
0,0,0,0,0,0,0,0,0,0,0,0,0,-0.139595701355326,-0.13326741803345682,-0.18731360256904966,-0.17869639854820643,-0.11577864972217115,-0.0969843288405078,-0.07737317658447979,-0.05673433302455106,-0.049147033001946075,-0.04850484159053102,-0.04689284305138372,-0.034317566861004796,-0.01942386594943016,-0.012658934862538176,0.00585800578138506,0.013327003548310701,0.028125958291893332,0.04856367383555491,0.060619056076985256,0.06633542146642883,0.10056067597314103,0.11783450053067282,0.14348107244865302,0.17040896175390075,0.182971298470598,0.2035247111823788,0.21626465468569886,0.2303303286392489,0.24998916793733733,0.2523392307781519,0.2763105098740158,0.28335273938458894,0.2777540196043512,0.29907034531274257,0.3019806368162286,0.308984725539842,0.3234039363396302
0,0,0,0,-0.15489583443765675,0,0,0,-0.1422847695784833,0,0,0,0,0,0,0,0,0,0,-0.17976083343264337,-0.14754254642559447,-0.10519044396748407,-0.08137392843839308,-0.05438531944319348,-0.045561966786684796,-0.02162597516523353,-0.030318259358060953,-0.02163752734181464,-0.020385589006394766,-0.016792104860845057,-0.011727345847355023,-0.034658892666346475,-0.039570802202370844,-0.03933857436066679,-0.03680012246197287,-0.032592431795724304,0.007529889086200067,0.024647291890525922,0.03769703626769404,0.06699577382566531,0.08772563051179635,0.10373942167364927,0.12927128701944865,0.16017038951524343,0.1841866536613499,0.19118118039042062,0.22102560971139112,0.23972280683717423,0.27101379284072263,0.3001516868467023
0,0,0,0,0,0,0,0,0,0,0,0,0,0,0,2.9003773030164226e+38,-0.119411484382746,-0.14462127229409646,0.038583186114886585,-0.06807005998592337,-0.16748165184787853,-0.20965381861175034,-0.26763096121095653,-0.2322111619736905,-0.11372824252773908,-0.0821768752314121,-0.0668806073319636,-0.05140024359053144,-0.06066054121982316,-0.0742261602784964,-0.06325236934000736,-0.07361625649924042,-0.08062697919006817,-0.0943552867175177,-0.08191648234074057,-0.10047046008597928,-0.08963060617474185,-0.08727534378931451,-0.08197251826091108,-0.0404704969826644,-0.014629897243440134,0.009938821868687617,0.04798149977816748,0.0944738520594093,0.1147616473974059,0.13547153118666955,0.1846102448151447,0.20568858535927886,0.22255818329336316,0.2637247708213844
0,0,0,0,0,0,0,0,0,0,0,0,0,0,0,0,0,0,0,0,-0.2095600500945914,-0.25507473720921103,-0.3157663969869911,-0.3046774664024784,-0.27702934548563074,-0.2782539462320298,-0.2513036556526364,-0.1667767545691663,-0.19412774470189764,-0.1779157700626375,-0.14476864690564864,-0.14972684491174598,-0.14666926161229354,-0.1236521173005901,-0.097424948379993,-0.08201032170371873,-0.07218423108788465,-0.05762147750376381,-0.06915538776167286,-0.07668782483365201,-0.09441670678748279,-0.09895887269153664,-0.10068044714463546,-0.08792171186989452,-0.08411632601874776,-0.07794192080771951,-0.03135585818059899,0.009992702819578246,0.1136897188609828,0.1581946953267107
0,0,0,0,0,0,0,0,0,0,-0.26726446320191016,-0.29421771741128977,-0.31526383798743557,-0.32844476508495746,-0.3406565942609953,-0.353285475771132,-0.3715434844220277,-0.38209751641758244,-0.39286408712992416,-0.41997771736829564,-0.3872439805464006,-0.40458866368037444,-0.47386755514434364,-0.38243868258296015,-0.20999000652183247,-0.28070097843617403,-0.31677978449900324,-0.3373314329846557,-0.30905908503355567,-0.26993030247783395,-0.2740300136640313,-0.25845421514230543,-0.21557489917976608,-0.22350585113332028,-0.21757048775567284,-0.22182479331854527,-0.16274057327891264,-0.14459364526541263,-0.14570325964568792,-0.11901699466565234,-0.10020953812476216,-0.09070394626565834,-0.08991234632541893,-0.09206229618039334,-0.09649178106233752,-0.11701760865298945,-0.10200187806008872,-0.06649497804297841,-0.041054199779041844,-0.04973337521510301
