jsons/1312851600.json
{"header": {"parameterUnit": "m", "parameterNumber": 3, "dx": 0.1, "dy": 0.5, "parameterNumberName": "Northward wave", "la1": 40.97354507446295, "la2": 16.46031188964855, "parameterCategory": 2, "lo2": 133.9931640625001, "nx": 191, "ny": 50, "refTime": "2011-08-05 8:00:00", "lo1": 114.97908020019554}, "data":
[rows 22 to 43 of 50, columns 50 to 99 of 191]
0,0,0,0,0,0,0,0,0,0,0,0,0,0,0,0,0,0,0.05235123178866928,0.02419069768550852,-0.011925479970632629,-0.07264583205660408,-0.03487679553516339,-0.40233986286543927,-0.5242066318933197,-0.6863363119295761,-0.6906458063500609,-0.610968309609613,-0.6095621583736472,-0.5474072761634778,-0.3830852792810034,-0.2517290096598893,0.03797260686376272,0.265292053961355,0.37260479697804905,0.5232407300723018,0.6973355635930566,0.7190044696653658,0.7095795667551418,0.6927260068988257,0.720570425012072,0.753954638876171,0.7278028580717751,0.618849805724937,-0.7071593440590463,0.38766904437994254,0.7271514218198476,0.6742864905485063,0.681461796964994,0.5560527687427806
0,0,0,0,0,0,0,0,0,0,0,0,0,0,0,-0.0032891833923475227,0,0,0,0,-0.23111751970190839,-0.4181060086665458,-0.563366480323068,-0.619255583584244,-0.6571255198499593,-0.690769741693021,-0.6740467274330849,-0.6074298633386588,-0.5516457386047416,-0.35886063550606717,0.31290640761070104,0.5148839280729742,0.3481286417863397,-0.3262568817064408,0.43979984648620557,0.704718795967767,0.7441996094530288,0.7456608270959493,0.6629748051939849,-0.11770856691921096,0.03626002280623354,0.5881902994290724,-0.7304036595103136,-0.604084725184279,-0.7914705282689884,0.51615323393583,0.7694259818994459,0.7575484265101974,0.7538413564478242,0.6813176379384365
0,0,0,0,0,0,0,0,0,0,0,0,0,0,0,0,0,0,-0.26439031925741724,-0.4011511533981388,-0.46811726476206517,-0.5353515520275705,-0.6464840162185608,-0.6864654587195672,-0.7059860844096676,-0.71265379420219,-0.6843895783065824,-0.4958471432416177,-0.11796688799031659,0.21692040607667112,0.675600603183031,0.7077952202208001,0.6858496796518421,-0.11607629571527346,-0.6077609574113223,0.7327682918314908,0.7156361540909578,0.7458216382407667,0.741967483163464,0.7333832918295503,0.7341386674112681,0.7456621598602585,0.7506510413784901,0.7438801170690842,0.7538973878366262,0.7545033229041106,0.7438614828210667,0.722598555970404,0.7138706998207996,0.6876494436509598
0,0,0,0,0,0,0,0,0,0,0,0,0,0,0,-8.1454825486999445e+37,0.057432404161906064,-0.3143465407018056,-0.42943955827956515,-0.5633239239644031,-0.6274240902835392,-0.6808239339264813,-0.7516771892703965,-0.7682310338219863,-0.7004337088494795,-0.6347479534240084,-0.5517966974551345,0.6677740821876025,-0.6313457973009645,0.5875644050227896,0.6747699402408625,0.6513506569560484,0.6578827402914332,0.6787677339194013,0.6804833635426415,0.688790528960604,0.6838736289109898,0.6863453238699923,0.6939619733411234,0.7096619789810177,0.7256907487377958,0.7333945852447975,0.7351627574691275,0.7504388824827364,0.7579737866088042,0.7702998460994658,0.7274481524176578,0.7146271206395944,0.6677925816129501,0.6873462094205561
0,0,0,0,0,0,0,0,-0.07314083813933689,-0.16511519582273895,-0.21186948439958256,-0.24137107466022945,-0.309734308110912,-0.338986385393594,-0.3906345639731821,-0.43865951933464,-0.509692830173687,-0.5976171308012324,-0.656886512373833,-0.7400654159142089,-0.7756485752212199,-0.7907300965327209,-0.7557293096774398,-0.6850365228660847,-0.4664614277692289,-0.19024213469107615,0.12770143184597904,0.7109609771947731,0.450420414150603,-0.6268412070818213,0.7272698338858216,0.7019026142384618,0.7158849214908272,0.7213333962905569,0.7189115573851359,0.7286672219695521,0.6918767247482629,0.6786873588471584,0.6688944558052254,0.6844700626483301,0.6826361112535889,0.6890595088591961,0.6912627682665059,0.6980435474287435,0.7105722091110962,0.7198464035603152,0.7232570262088714,0.7177387042867743,0.7160132592214172,0.7077130897612686
0,0,0,0,0,0,0,-0.2836904114690751,-0.3369119433119199,-0.42177686559807587,-0.4490912282752287,-0.49675467686330066,-0.5519004674870585,-0.584161122652459,-0.6344745254770243,-0.6773446598684015,-0.7381890265001604,-0.7689849300437757,-0.7910527123181874,-0.7823855639339795,-0.695820980505297,-0.6417361082791986,-0.5443880146635173,-0.4246639382252964,0.012317874389440318,0.44397007087535934,0.6341417266466673,0.7414601973597053,0.0673538857990604,0.3017563734217187,0.6110300325308756,0.7121008758759829,0.7255892744589947,0.7204241915733094,0.7232225132487996,0.7033707734608835,0.6809906266288019,0.6683573456687554,0.6597660785079976,0.6656027370637368,0.6738325788398396,0.6777317296525771,0.6778247982195142,0.6833995852835635,0.6862127299361266,0.7040403189955784,0.7355043867114516,0.7366034210087533,0.7401500038139416,0.736713678576978
0,0,0.08823988641666033,-0.3680835547561614,-0.43875950378109513,-0.4674277294633624,-0.5215348604317667,-0.5439212849979588,-0.5740272109125687,-0.609443127496464,-0.6504786536480832,-0.6930385159071273,-0.7345443941940514,-0.7716257741147377,-0.8020123343087502,-0.8040389476311794,-0.8167525265639717,-0.76321785688261,-0.7463503836700596,-0.7059605578006396,-0.5794347933281162,-0.4502941223106967,-0.3450708042769502,-0.2066490286625213,0.12084328347943667,0.3304348109055591,0.34501349261681635,0.713430506367126,0.5254362626173754,0.703507464763268,0.7194820250158125,0.7155905568430535,0.7059744848262626,0.6902189016939131,0.6775020794107208,0.6682459145653343,0.6334900682910379,0.6448582114982072,0.6470648677878165,0.6366136451724961,0.6566567958629448,0.6604409998533024,0.6744815265689144,0.6810723466931364,0.6822624269110854,0.6804737980536288,0.6793577045398577,0.6838256939798715,0.677658370283895,0.6907490344120564
-0.47106727397387466,-0.5185517792816051,-0.5547175826999933,-0.6011736410973293,-0.6322039244637361,-0.6513487239608778,-0.6861361565518636,-0.7093381501754136,-0.7346410274363845,-0.7764821615805871,-0.7900770322485962,-0.7927091274890216,-0.8283358291260412,-0.828674610827723,-0.7933067285362412,-0.7454137499175213,-0.7144381833213571,-0.622877221817952,-0.5517492419208696,-0.4485573021815867,-0.319602947517714,-0.2145529140146101,-0.08902690836824283,0.01843681245598501,0.3042818147749954,0.543970793966032,0.6161079810461976,0.5208588241212718,0.5793745895924077,-0.5473380240290305,0.613161806243116,0.67780549301948,0.7362091257726046,0.7020982816125796,0.7133937649904555,0.6989140516247991,0.6735045841245108,0.6754444547696309,0.6744159685832503,0.6782798234411632,0.6829982484714512,0.6859452973843861,0.6882196766191846,0.6784123208974951,0.6663565457268239,0.6689191592164437,0.6811577724281569,0.6795222741510244,0.6806261404213532,0.6865853595350707
-0.6407725697685923,-0.6623565073995492,-0.697563257630066,-0.7212560516699666,-0.727280361147685,-0.7433901825476374,-0.7860918071690184,-0.8042223592663637,-0.774925240074042,-0.7740144630381989,-0.7475070644647425,-0.6764933166413247,-0.6450976929803485,-0.609783409596047,-0.5306800255649843,-0.5088378163156612,-0.49098517670290076,-0.4091007163697199,-0.3604598591728111,-0.3113229540661029,-0.19840304473422804,-0.1843086047945308,-0.1263597496077584,-0.09147556965252286,0.30971126478505384,0.47762559426207724,0.6118711125450902,0.7628142432748767,0.766458817767836,0.5462626549103435,-0.4788452370976385,0.4405261787295186,0.3387754283573466,-0.7778373520050508,0.2663983516677608,0.6618125847316165,0.7394440196542764,0.7165772817902812,0.7106287840715327,0.7007323596735181,0.7083087696992197,0.707594023350263,0.7027377037421196,0.6958199136859365,0.6856591581056624,0.6829647978307551,0.6786768626088228,0.6705382422716788,0.6748169542911301,0.703200562965113
-0.6999644913207398,-0.6989845650902434,-0.6632481225382645,-0.656530763343363,-0.5899829440751829,-0.5663276091768942,-0.5594994244724779,-0.5010629349378913,-0.3944644602827864,-0.3038055248498889,-0.27560422450009686,-0.18379045934888621,-0.19054974958168366,-0.17493144331524188,-0.15813630838505852,-0.2099042045990961,-0.25836533911827203,-0.30713852648411516,-0.3275307003180399,-0.3853139458231154,-0.38997921426297066,-0.35775405184509496,-0.2727005117571594,-0.17374155905720473,0.09269065300907332,0.23560053405746023,0.3050018544785202,0.41701542249892326,0.47922098807088176,0.5233158611059491,0.5901823789307618,0.6293901941061653,0.6884597988573016,0.7587607882436356,0.731085141312684,0.7659878744548754,-0.7733854467761542,0.7208097807148393,0.5505058997716763,0.7359836106368948,0.7267399632646167,0.7130750649432324,0.7154704252816414,0.7172555806137703,0.71522698592752,0.7162850185185196,0.7143609332991558,0.7212725492192145,0.7193755626629289,0.7152211467960041
-0.5309060784397356,-0.4324589837620073,-0.3850243848195886,-0.34976792429727604,-0.2063854370278761,-0.15733726128228426,-0.11963916941449286,-0.024753459718571597,0.14752569165485735,0.28362981235113055,0.3119387156095171,0,0,0,0,0,0,0,0,0,-0.68183531136245,-0.6054307076932125,-0.5275728824335437,-0.48044369255589914,-0.38433342301859375,-0.21283887283382272,-0.08625531750073549,0.030069318090524804,0.19594278129984208,0.2827355607884279,0.43589120932512637,0.5052615323348966,0.5788211156579829,0.7478944914563105,0.7625803973902884,0.7813222027989718,0.7828496584364713,0.7734304178350224,0.7435440730990974,0.7071156345998305,0.691334184320154,0.704922266819106,0.6626573492170174,0.6396270212164621,0.6706166147794485,0.2784609905945218,0.4644637710979901,0.6836885215754807,0.710524574048494,0.7119703036426553
-0.21903725371858598,-0.12710860666855348,-0.024648253430029493,0.04604727063672607,0.24963654610955216,0.30535880692899386,0.427622487508164,0,0,0,0,0,0,0,0,0,0,0,0,-0.9128539482678703,-0.7442050366128196,-0.6992307811232785,-0.6228853543426398,-0.5804676040329745,-0.397051274251665,-0.33289938743853953,-0.2521494997498319,-0.07958216243619162,-0.03606900963435048,0.06046716226085855,0.19725405929545864,0.2729856559569683,0.4302558773292403,0.6553460710694835,0.7217153068393737,0.7408459229394059,0.7615889611695749,0.5707209403223914,0.40671932500850033,0.33082256596922666,0.4411095730770443,0.045302863778754206,-0.23598942988295593,-0.40711709165799315,-0.21073903624209295,0.3138522288770616,0.6724601570821455,0.7157653231883891,0.699342529476762,0.6976429429090171
0.21715310396898208,0.4037022933903456,0.46449981675652896,0.46327193203875666,0,0,0,0,0,0,0,0,0,0,0,0,0,-0.7882093619051563,-0.8214633485432463,-0.859518835845641,-0.7372152134862605,-0.6707093952286924,-0.5797320875436806,-0.4496594452798577,-0.36663748411537916,-0.2849498040072521,-0.22950542336513471,-0.14076252274312687,-0.0720724383869659,-0.03518843967934193,0.1250551316589642,0.31220634603915426,0.4403141716468793,0.6608409591330836,0.7381133025033589,0.8004066012433351,-0.7756451284297902,0.33737148756820245,0.65441133901564,0.605176815107798,0.6000136340913023,0.5912867311979009,0.5399869289922159,0.45436746027261105,0.44515657853683926,0.5454817798426778,0.6853187883541156,0.7306947256450761,0.761312005095603,0.7652582221387434
0.5346573062296006,0.6095961998668791,0,0,0,0,0,0,0,0,0,0,0,0,0,0,-0.8580582154072981,-0.7428312609895086,-0.6815380343959941,-0.6346634092062019,-0.5463161540038702,-0.4736406763543404,-0.4171437500009641,-0.33045600136679454,-0.1954646276355993,-0.15551283737068955,-0.12361262430212147,-0.03459220047477914,0.03487458571097327,0.06642530875388485,0.19653227146149657,0.2758113520719691,0.3853545646108521,0.6251937823921847,0.7042802955863785,0.7790449130080772,0.7757732591285617,0.5074514005459587,-0.39565542540646753,0.6812363049445234,0.7983329425425342,0.7640200575032057,0.7843161038423601,0.7610749520272806,0.7579668826699512,0.7604100971605868,0.7574142143354824,0.6998422504275542,0.7426210853884002,-0.3028394343838153
0.4167498784214922,0.18583148082280787,0,0,0,0,0,0,0,0,0,0,0,0,-0.717697800373305,-0.7071774317023979,-0.7325405623667339,-0.599997833263076,-0.5239123356628576,-0.4615469309220579,-0.3119922807813558,-0.24358094633937533,-0.18971589924665205,-0.1056154375275829,-0.0025662666728674946,-0.005960609071087037,-0.008348524953346124,0.06521311888352459,0.11113171224924515,0.145400629709039,0.23206651021631997,0.3409173293125107,0.41722043699132294,0.5726425295202326,0.7340729117070672,0.8117890157387084,0.8372381216558149,0.8502860967150151,0.831424359910398,0.8669091514047726,0.8266900450701679,0.8487013784880029,0.8063248048627888,0.7386898071245387,-0.3187527309912581,-0.8583012023498358,-0.04001633538921225,0.45702802049860636,0.8524529782245313,0.8485799136202081
0.5051690863075564,0.5068986859887531,0.3818710228997775,-0.13556820601370487,0.10615196668282952,0,0,0,0,0,0.14573501189807067,-0.6748575631286113,-0.757032546038073,-0.7330465664899528,-0.6346250286883252,-0.5574820420845668,-0.4911428509783849,-0.29776025453516514,-0.27394511330303134,-0.20580804968077557,-0.1379003089281327,-0.1098257250228873,-0.05105137184044992,-0.01307872894576825,0.06716166420368948,0.1122037816537133,0.13851975574070105,0.2070056035089493,0.2601816773743574,0.29863326609804086,0.3595927403405281,0.45571218571461314,0.5352063221215596,0.6599098685365633,0.6678253048989063,0.672139073227586,0.7180178628436377,0.783864314895043,0.783131893020647,0.8430536854656983,0.8680455895990409,0.8800876739082917,0.8828310429368791,0.8848883960198358,0.8932889853832496,0.8941497098540956,0.8893825615037775,0.8915086850260348,0.8964873710375808,0.8961590616231093
0.4848553361690376,0.34101516089867995,0.23381409396778122,-0.5150098194203652,0.367003965524259,0.35712236243674705,0.29967460192431616,0.12243359818904193,0,-0.6891939519448629,-0.6630600797362363,-0.5551197630366368,-0.5248414998328838,-0.4548032446475893,-0.29413934020305377,-0.2230615330850139,-0.1387204820027741,0.03245632480464404,0.06982353301352567,0.1102078643209139,0.1791566115970306,0.2014089777060771,0.23097979470394214,0.30229484667888895,0.36701779737659035,0.37582981050149,0.38367050991683394,0.3836473809500887,0.35589559845034063,0.39860040314244266,0.49750627651708823,0.5549633703098769,0.5924571512848109,0.5994779638943701,0.5975736845763391,0.6616284650330718,0.739046328970883,0.7850746758550711,0.8221473183256552,0.8956449220365369,0.8924879166895016,0.8960836053417573,0.9112793391272345,0.9162564590231179,0.9063515228780868,0.9094224066631903,0.932798761972833,0.9194966109563897,0.8981750666309513,0.8917210928258543
-0.06891886607944457,-0.27860683719762364,-0.3703954322685202,-0.4626161537235557,-0.45813415413594133,-0.46903283884680663,-0.44119928106888917,-0.4360504877577786,-0.26544207077125254,-0.24741563925808568,-0.20611844430587778,-0.11727825225684778,-0.08341654792540494,-0.0479559480554697,-0.011195609127590872,0.05423630591896784,0.09018068773238279,0.19303304240283703,0.23660313988196296,0.271375953756022,0.32440577449187197,0.3631914875785765,0.37567404279493183,0.40839130322453115,0.445593431896322,0.4730290400969546,0.4921562948011151,0.5718256045609845,0.5598664490474785,0.5676822467231484,0.5812610593223069,0.588114740688974,0.619270737372262,0.668655686265937,0.6779324582448605,0.6682439800910074,0.7564419398283967,0.7791232156254383,0.7894832509093215,0.8272916385107556,0.8701076986042642,0.8805321261058051,0.8686977105081254,0.8747483919193747,0.8785764352569679,0.8885837670545353,0.8974265301007137,0.9048793571686676,0.9192863639864783,0.9391401993307371
-0.224633908784059,-0.26381835119585617,-0.23287710449280705,-0.2027354331317716,-0.1911327854649853,-0.1522541795569194,-0.1026473379934021,-0.0941630637855659,-0.04487291253642249,-0.03358173282483477,0.00839304215662638,0.07372173728751147,0.10062294263372352,0.13654921553973243,0.28338332664394333,0.29385681639560357,0.3013841857437362,0.3498468566214366,0.38399764083056864,0.4356991032705217,0.48220247517889697,0.5422076321947132,0.5937665295054068,0.5670780539193793,0.6154609860201612,0.6249295807984591,0.6414088853506936,0.6953056934762843,0.7070006374594223,0.7083310673280944,0.7404600891999097,0.71216564203809,0.7034820782634682,0.706444742331839,0.7264868334896504,0.7476784951312128,0.7825046389839198,0.7990231535176194,0.7953514797838054,0.8384252597491758,0.8562820700496999,0.8500883443818329,0.8468975290634726,0.8477078776969986,0.849222262625278,0.8459472665323806,0.8725768075324628,0.8738437396967234,0.8783794229510727,0.9032970684420892
-0.03493001134965379,0.009659041226284889,0.023812383002339087,0.0375864288264312,0.1173513542843025,0.13172823053317087,0.12381112240972152,0.13141991893887137,0.15936707211854415,0.22164536636239426,0.2412684519973433,0.2387710870329946,0.24744298345327717,0.2988853057391093,0.36188195960439046,0.3795709905770402,0.4220953600084689,0.4563270670129611,0.47847425677229943,0.5046255648114494,0.5291513631122656,0.5601239539009741,0.6303076805395391,0.6371328999521856,0.6591096514629816,0.667715579659995,0.6875085743520984,0.7211334311208518,0.7229690394588958,0.7258526060947192,0.7364346477667151,0.7501625984411391,0.7548614860301963,0.7752785830321156,0.7952929041921847,0.822920252363026,0.8466772001026618,0.8489420131669331,0.840274854799504,0.8270854759922395,0.8158326204807037,0.8310110044153942,0.8320199138301464,0.8189717814297551,0.8196689395692036,0.8183555519337256,0.8312637034559098,0.820362260029974,0.824855467506858,0.8741352685335153
-0.012107088203355956,0.04988364177318673,0.07229752373229875,0.09608685524340195,0.12911399480487082,0.14492218742710763,0.1541262867572493,0.1739253728291626,0.200115867165064,0.20759907063107202,0.23619079189886094,0.28202119588545504,0.2907952170717584,0.31351717213439867,0.3447374586654693,0.3694703161614266,0.39907665567715694,0.43471307245274354,0.4579223439296098,0.49387390061939185,0.5395166198164696,0.5494583905968977,0.5848728336682557,0.597679215725116,0.6118837915484362,0.6147810482641668,0.6314813012358899,0.6882037631950747,0.7020520953395398,0.7157813061160553,0.7372181964286536,0.7512186951497639,0.7608586232025117,0.7822906531934803,0.7992990395198218,0.8098432646338073,0.8351354584994508,0.8587862487185204,0.9060194255377576,0.9240119148014404,0.8903571739499971,0.8553398788575245,0.8429349806618947,0.8420900844574525,0.8432530150003548,0.8601231741089805,0.8906251827303637,0.8759511095046334,0.8653827659402861,0.8294905537281406
-0.026095408533689052,-0.001354030052334514,0.010994165521222201,0.02467196086866417,0.05407950706267223,0.0669923093296031,0.06844054647383553,0.0773318551615783,0.1302230770767795,0.14291810747264355,0.15336651425893563,0.2102257912506314,0.24542158967048738,0.25197812197062247,0.28787921379898423,0.31141644689331255,0.32382122778516104,0.37504613900653466,0.4012936320304025,0.4242098756624265,0.47118018169988246,0.4813337832185779,0.4936375947540002,0.5290960548993948,0.5862689289513106,0.5887225199395985,0.5988391636316348,0.6621981742184252,0.6788681118596362,0.6907480136656597,0.7339351819890686,0.7495938767171406,0.7563743255611233,0.7618577936220778,0.7759404541255346,0.7931166754550022,0.8038381169454375,0.8099920980292757,0.8252866345751458,0.8470197865639106,0.8482181940653205,0.8415526081684283,0.8393861332456877,0.8692877099494783,0.8726108130351977,0.8863582667550259,0.9132378221216433,0.9197384678610799,0.9211418316254918,0.9470396236473686
