jsons/1312707600.json
{"header": {"parameterUnit": "m", "parameterNumber": 2, "dx": 0.1, "dy": 0.5, "parameterNumberName": "Eastward wave", "la1": 40.97354507446295, "la2": 16.46031188964855, "parameterCategory": 2, "lo2": 133.9931640625001, "nx": 191, "ny": 50, "refTime": "2011-08-05 8:00:00", "lo1": 114.97908020019554}, "data":
[rows 22 to 43 of 50, columns 100 to 149 of 191]
1.776371873175615,2.0885132022196093,2.4607275947495464,2.532381328081953,2.5852019448786856,2.610660903700591,2.6825116479459763,2.751986733070368,2.7725013820659767,2.769213726020202,2.7750931974541535,2.756799089977424,2.7780321719495324,2.7878620938682177,2.7872822542965747,2.803562803390499,2.8002162091435103,2.797965919693009,2.818077057413211,2.801041209343132,2.7657440643502715,2.774775074807103,2.7526337379716965,2.738663139144523,2.722500029847344,2.714310739823061,2.6808590545823954,2.658049476638769,2.6500408614694737,2.6241914783241747,2.5926388772396787,2.581053078578912,2.5449872452139135,2.5189543820205285,2.5073191779769783,2.4530160059904533,2.4307118488438424,2.434492169765345,2.4013233558351588,2.35261702034081,2.3429652494136666,2.314725935126492,2.263373004272494,2.258027214974984,2.2388588944789856,2.1984060527970612,2.1839898165706706,2.1686636962671866,2.1485136483878082,2.133232203717818
1.1981805138361776,1.3755722586638375,1.8193464331880633,1.9163326656010524,2.0753089850458997,2.2133876027556187,2.305250940499645,2.3592596287548453,2.441095866310641,2.461618877218327,2.4856219682272136,2.5115548520932682,2.519161714939729,2.52706781077998,2.5144724611017435,2.528495178633622,2.5158841237750833,2.5224687122761185,2.529255437874907,2.511650262536673,2.509070453053225,2.5210130448757546,2.4924555262295756,2.5020424808600334,2.517905883961818,2.5218803599934687,2.520801657184601,2.506830515905817,2.511668942409455,2.4840753307186048,2.4763791309536036,2.4693848843431807,2.4011601562994023,2.3938044086892996,2.385885397959954,2.326567614887038,2.3153304417852207,2.299315964684884,2.2810573463952335,2.230133962823506,2.2151726599936286,2.1990371408739344,2.1596550038026145,2.1445101456268434,2.1357931518803315,2.1006742141667205,2.093600248382366,2.0896361720585714,2.0712164970035,2.0751310617988397
0.6932645517312719,0.7854515017387332,1.153832381680214,1.2455134152528933,1.420593183847112,1.637748874195385,1.7278534743712297,1.7931222344504623,1.9360641907770517,1.9860807420954265,2.051766746339245,2.06287036753737,2.088488726396635,2.118118173384105,2.1345915403232367,2.14100121749154,2.176502940577708,2.178829310877118,2.1546318811015386,2.1605579353887916,2.1454741968125433,2.1968207209172346,2.228035940631848,2.2411590532281864,2.271334232243387,2.287002817024737,2.2744380469777785,2.296683598818812,2.316401095329634,2.2971400110106193,2.2921504297949955,2.3032042099505428,2.279340913116044,2.280485870707169,2.271768058583834,2.2303459558415923,2.191896388237663,2.1544814675414585,2.126989241700828,2.042726439577706,2.0119304492383754,1.9924627471119751,1.9492821068562294,1.9425661041906748,1.9659129090706713,1.9451133415145592,1.9709672501711524,2.002061890274065,2.005589926681009,1.995766196905762
2.441946612092659,1.5195473707698899,0.8976287393614899,0.8392851830994424,0.8129184429101586,0.9979371712261328,1.1086675181988603,1.1672345966549518,1.39523276414151,1.4408524898675252,1.4429930378697395,1.5587319942438411,1.617367523729193,1.7557539808954676,1.7435646087153107,1.7468768869890217,1.7906465578314323,1.8222261077374664,1.8787207671660544,1.8995256080729261,1.9182359931196005,1.9362279317418198,1.9493171901582818,1.987627860959354,2.0268923165981096,2.037558959387318,2.0336791380689654,2.0423420746873027,2.098599792220043,2.077619679035887,2.087649347554364,2.120499102348019,2.093625360428052,2.1034143854395033,2.125965132723199,2.0776139180031974,2.0669187356666483,2.0417505755022765,1.9974464624848307,1.9193406353789875,1.7548317478706572,1.8718032217614724,2.0088566638771965,-0.18132722318911365,-1.6188554574888863,-1.1341624923108609,-0.324277235554517,0.7354382898982181,1.7214997148973934,1.8400408102112185
-1.1642212194881298,-0.23419274761961875,-0.5197223788392383,1.8551994982093152,2.4376580898783367,0.7989016080891838,0.7742554262702258,0.4945949089449517,0.7078596404633933,0.7971060565386914,0.9016399315977831,0.9619319132427206,1.140017371620186,1.2043083765439604,1.289470028845686,1.4059384164181987,1.4741173206256877,1.4989433295292902,1.5909118772864488,1.6156922738511001,1.6441422099141743,1.681971582806405,1.7064610248135805,1.699068182403445,1.7344604367478833,1.7519510806729781,1.7782794009819611,1.7904947558551638,1.7773048981944226,1.786255244045043,1.8008473554333717,1.828348408365036,1.8118409839869056,1.8060692695490967,1.820041173824293,1.7584838228956319,1.7208509608447666,1.6589812699965816,1.7408238595222865,1.7414398370853088,1.9703026047735708,1.9336264457048864,1.9810146368655241,1.9521412827452973,1.954076862882085,1.9215675770381613,1.9348475913792633,1.91063762066487,1.9289349614245532,1.9238253052631498
-0.5901736476120049,-0.5111104369181884,-0.40654353508254265,-0.9487360225979102,-1.6227241749402495,-2.472106350480139,1.768929362484679,2.1410415663041396,1.0407604968465685,0.3708882879083768,0.4858885791571929,0.5851304519334236,0.7761380070734817,0.8577168424145578,0.9035808662889405,1.0995787269850497,1.10692888281125,1.1865002330658594,1.2491946547611865,1.3059073302889561,1.3097357425040517,1.3465739570682664,1.3648070727412478,1.3562630911373563,1.3803078053018383,1.3671146432243115,1.3716625423343904,1.3909012738901168,1.4129172606416227,1.411478739680278,1.481025817095932,1.5393659683389618,1.5237497372254762,1.546071803615458,1.6177328315812836,1.5951495037685983,1.6023936214385806,1.656739154327393,1.6823203388766674,1.6869592437065186,1.7361497816620513,1.7458301780248178,1.7688391166891315,1.7776926839296832,1.78002827169353,1.7862303372297592,1.7980134158685699,1.8103726090641548,1.7933221897820373,1.7818359354986437
-0.7209641415321478,-0.6962455289422532,-0.5808134270088388,-0.5144854876264803,-0.436807418117567,-0.6902488388521161,-0.5513559430828147,-0.9762495495872255,-1.1864016057254452,1.0769230952894413,2.324708191124961,1.8811660727562776,0.6558784539668275,0.4241851408464704,0.559175366828643,0.6978948435148091,0.7611896479396159,0.8017587195354191,0.8787392335719789,0.8968408784607476,0.8951647625596211,0.8588604476623072,0.812944933419583,0.8182383002489703,0.8414035562149497,0.8492056880148453,0.8380903579649965,0.8129834707756634,0.7408649071771322,0.6844545068060363,0.6289419265646841,1.5581689382040593,1.954940075149353,1.9512281417266166,1.2864167449217174,1.118549524698004,1.1791966323558885,1.2902894463187726,1.3325478749735729,1.3652170114573945,1.441735720322186,1.4624078182878333,1.4840027480485845,1.5761203184586343,1.6120806730373292,1.6238682459584903,1.6298702357808799,1.6664843441197628,1.6549744266345074,1.6688426349632628
-0.8268957726170241,-0.7666482738183895,-0.6968232378191921,-0.666078332126021,-0.6459131336864812,-0.5604924861527836,-0.4622935612087911,-0.3846791799984675,-0.26025461759911733,-0.5081334704919115,-0.6497895331844243,-1.3093451713862125,-2.2207595308879897,2.2811680474383795,2.1698417986019103,0.6824520978296896,0.3235027419244204,0.3553636647355948,0.40494570349654724,0.422614030499453,0.42782066813732467,0.4903681509143107,0.49246656770059666,0.47976724135544474,0.3787549754225693,0.3480267285230654,1.4408040250850291,0.654786060012787,-1.4425535385733723,0.4869105295463102,1.1205800167191735,1.386125614705586,1.4716913232288993,1.5189281618091899,1.5600152516592933,1.6257852457879411,1.6419697388949384,1.644704875449829,1.6772662366317932,1.7195873781705,1.6833312528545448,1.6662356280979707,1.6716964401605663,1.655849542470819,1.6528263515019976,1.655033154443601,1.640471917006549,1.6282288133670897,1.6290334721654067,1.6377247658403646
-0.9006303422028108,-0.8573979076943149,-0.7994262303010764,-0.7228350447377104,-0.6960434116713877,-0.5849676861197173,-0.5341481892403831,-0.4732916047606772,-0.39658257649318174,-0.36029064698605057,-0.2959361636832211,-0.2650841455683075,-0.2041730457603613,-0.21709255820286447,-1.1276485345388496,-1.4058820166894297,0.9410344856006335,1.633600750078639,0.5131967966331662,0.22695339733884587,0.27077810667213054,0.3421693852321345,0.3720956500245251,0.41162770753917854,0.4202389723467815,0.4281691114134703,0.5162995632051317,0.5874339621604368,0.9676878949905483,1.1368826306515494,1.324783342748292,1.5544949923043379,1.5105745920108309,1.5162615811887137,1.581716664174077,1.5485657647224902,1.5892608460119162,1.5613918719810604,1.5907178223231633,1.5854439474534716,1.5870633218596362,1.5748608858750606,1.5705591163659536,1.576519861163377,1.5884638989904696,1.587990478272414,1.5787436974132771,1.5879884258671686,1.563413962784511,1.5562669184950055
-1.0390585908280443,-1.019443910906216,-0.9038250407430893,-0.868404614745519,-0.8381760372095224,-0.7002175024481125,-0.6678321161284001,-0.599486393712734,-0.526615893678042,-0.5053333155449703,-0.4538555071108629,-0.43088622344663796,-0.3346750131492894,-0.28639878521335177,-0.21396413159978098,-0.16809391894520048,-0.15181718461917867,-0.8074314145397412,-1.8666297995915972,1.5415683861741656,1.2984610550224551,0.06839828804948267,0.09584967363068264,0.14084592897697895,0.19800642101704807,0.23592726971261602,0.26044153474850273,0.2843090723277598,0.3708058174648786,0.42990909554952267,0.4639526534078864,0.5176953630498077,0.5302538484761934,0.5986965517874819,0.6890085187476633,0.7726485182495285,0.7978623164785857,0.892820848619823,0.9394095533031452,0.9228967180869957,1.0332085163418718,1.0437477804907007,1.0739598607026941,1.160258876463123,1.1247992772146622,1.1171493299559345,1.1188335785022079,1.1233057964804283,1.1574392305414964,1.1969657457261367
-1.1233758872323516,-1.0777716338729817,-1.2028563799608025,-1.4176534918147068,-1.6757912846168739,-1.1728249504783632,-1.0293739109361466,-0.9186365929316369,-0.7781618754770567,-0.6955758729188479,-0.6252985618130408,-0.5923817040195831,-0.5024197133006999,-0.46910624051824434,-0.4452962003635544,-0.38357179348884607,-0.34533950791943263,-0.3097443311240382,-0.21967347648616936,-0.1698139174450433,-0.39344976426940126,-0.5951909362249918,-1.2977351290927586,-1.4244083874027806,2.059985683854697,1.0803741201190353,0.8102958372469171,0.10083744623961793,0.17101680951750076,0.1855219254806855,0.21232860914500318,0.26044435652223136,0.2874743137883696,0.29967303057770467,0.3559588324181475,0.4155517020030221,0.48911436362317184,0.513812601178332,0.552482703150909,0.5840720004588777,0.6317823006008217,0.6653695755802791,0.6736886695796438,0.6991088535966805,0.7121966344054529,0.7200803668130755,0.7258529432519518,0.7409254490598228,0.7453508125407122,0.7237540378193352
-1.2550981969122474,-1.1420513302122501,-1.0566533212298346,-1.4010428405015085,-1.2279992825115078,-0.7707942186950095,-0.5991758199962752,-0.6565034083808158,-0.6793820453539031,-0.6651153501162158,-0.626220914930376,-0.6266407534275683,-0.5874249534637962,-0.5610399137705623,-0.5275443584288335,-0.4645363393086213,-0.4223469133516905,-0.3904363636007144,-0.29983916049283676,-0.23882541377467095,-0.2230106450079309,-0.18447143351074594,-0.16187867636026168,-0.1456274439652008,-0.7153268069967784,-1.3219775955773603,0.2892651168007241,0.28458332919018353,1.6992717745539545,0.13191028514505931,0.5573267501491596,0.22984629700666923,0.17425000233723342,0.22032277607675316,0.29120896903357496,0.29710008020536555,0.3208584228350795,0.3420968427620315,0.3567225292480858,0.3599267154488903,0.3917686133440052,0.4398242010295745,0.46505011868361323,0.4914954154854452,0.519695402945382,0.5304162058064051,0.5350323065834481,0.5564634680353894,0.5515580723150364,0.5608776433318209
-1.496587919616558,-1.4019158447315851,-1.226209848671658,-1.1163776712803914,-1.0265234052693308,-0.8950621547606262,-0.8138624828699674,-0.7851060424193229,-0.7228712127513304,-0.6873415453357776,-0.6759935579658954,-0.6504053060389425,-0.6295827350407636,-0.622574384678816,-0.64068988443759,-0.5740407983395397,-0.5234378098063532,-0.47530698267900223,-0.41595470500980575,-0.373845007627892,-0.349291150258915,-0.27937684839644966,-0.26503179689579864,-0.24618402045535076,-0.17741415983510145,-0.4018750096452806,-0.8086219639344431,-0.8061473794405517,-1.731944014255557,1.8060280559330284,0.9707700768637109,1.316431249241575,0.29435241931747086,0.5903999744619068,0.3659441334939885,0.2041723336622312,0.2540617896488243,0.30401643693702285,0.31313751190110783,0.3284833863729575,0.3345786926151724,0.3400841110034511,0.34528826458976963,0.35461040841405417,0.3449318587589117,0.34051622512765656,0.3698833393076395,0.39051841393181835,0.3994757046547507,0.4038104594769054
-1.5718130125580303,-1.5173613395623202,-1.416801327907097,-1.3541115229837946,-1.2734142762348868,-1.1445239976067396,-1.0846857081097243,-0.9980492957178477,-0.9043734193774342,-0.8709979104321924,-0.8240977098870598,-0.8029907722296641,-0.7510772739491014,-0.7169859620072706,-0.7073927269538082,-0.6373681145098083,-0.5859963882901618,-0.5692680240327521,-0.4846826502507772,-0.4455690640640359,-0.4118364566964533,-0.356833069548253,-0.3294015519582248,-0.31699094668186734,-0.24950951719720654,-0.23743559788351615,-0.20559343649760742,-0.18242047818680826,-0.7682800595966494,-1.281433557280376,-1.685085595076946,0.1276718732196068,1.315689171572487,1.2262817064877967,0.25054028923601607,0.1247208914439136,0.1413408995540983,0.178835838569851,0.2006735784758415,0.208040735560048,0.22975093697919302,0.2311272959424291,0.23513543924502903,0.2402788707015638,0.2560092907722198,0.2656589343192383,0.27037814512932057,0.24276630362893195,0.24152395518742584,0.2414078236077336
-1.6393127865196293,-1.6091468404417621,-1.575695450061654,-1.5184307396092724,-1.4803862404687247,-1.3633594031897274,-1.3125936556725502,-1.2341419004773733,-1.1764136018678042,-1.1304732628506493,-1.0918243692119052,-1.084639012611158,-0.9901853260777744,-0.9929978572137962,-0.9281807411924459,-0.8224973277626796,-0.7913558646016307,-0.7495781426512301,-0.6726233766964711,-0.5914018551586618,-0.5737875168425548,-0.5360299971560749,-0.48596816219071265,-0.43792060227570023,-0.40627439444477026,-0.3723020485045729,-0.36368192019488493,-0.3253266283053439,-0.5389321366397618,-0.6046808705718203,-0.5944726916219031,-1.4582949921541704,-1.2064567031854245,-0.40043582569050773,-1.0640842924773144,0.06306418667618968,1.7416146248573496,1.381233632306592,1.751633908053888,1.4273410284075283,1.707930568028827,1.8870190732705083,1.8725647247069657,1.081268824564246,0.1535350924278759,0.8041370771943648,1.0692706277007167,0.542266819136278,0.8863011116491516,0.6900705480723268
-1.8220798048735387,-1.7689024294160187,-1.707259278515519,-1.6617625103804738,-1.6341878056786985,-1.5391990985155417,-1.5220797434633198,-1.4470784952852416,-1.3770867594978204,-1.3127036280075681,-1.2564920083992461,-1.2109346278001123,-1.1248425206340307,-1.1137342850997214,-1.0797196076774453,-1.0494536835532506,-1.0077034926069917,-0.9935557293511218,-0.9362246538052976,-0.8786043544462565,-0.8310530008535308,-0.7084214481922022,-0.6734636462038367,-0.6494212724652372,-0.599963362214659,-0.5649713126000535,-0.5208154920635765,-0.4822923986470812,-0.33601914042883013,-0.3224055821973125,-0.33410321663766596,-0.31654606794662815,-0.2671880453891967,-0.22805711263978792,-0.25843178618109197,-0.5252209563461337,-0.8761086388027508,-0.9501939835804103,-1.035407369650987,-0.820384901208112,-0.62291712771643,-1.1879148672483306,-1.3074460509777535,-1.5940962475344291,-1.4710187428366774,-1.309116805424706,-1.562390037917375,-1.5780095109482546,0.16053573123096562,1.8486060140692924
-1.9263986435710774,-1.8863713212685083,-1.8266853349364385,-1.7955678171748601,-1.7462377831519942,-1.6956715039284345,-1.650806350884409,-1.617421831767864,-1.532718045320372,-1.5087905482027153,-1.483049685783044,-1.4359767881124457,-1.4095702173805416,-1.3826691889766818,-1.3541326299061067,-1.3075794365979034,-1.2788794662561092,-1.251230173539553,-1.1854264780914263,-1.125782481044347,-1.058210131984302,-0.9737853305174667,-0.9066588182959024,-0.8799184745507657,-0.8115640327383208,-0.7569251426626757,-0.7141639889116019,-0.6971713135805939,-0.6751194661071859,-0.6339037187459624,-0.6130673949001322,-0.5728245081813408,-0.5461610737724444,-0.5175417018202333,-0.47463241496809166,-0.4394630872515558,-0.4311628460723401,-0.4157945556822195,-0.3984062659623448,-0.37079584391545817,-0.3492978949080756,-0.3476944352640226,-0.34209369142446966,-0.3121244013201958,-0.2989422849059825,-0.2972022836424964,-0.45030967136942013,-0.6509722581733297,-0.6805709096233725,-0.6505771093967025
-2.0028785998114604,-1.9816751951009215,-1.9091381306784674,-1.875981340702145,-1.8620089898737189,-1.8229620663450528,-1.8170194841009102,-1.7921061964306484,-1.7480533902451914,-1.7053961330291976,-1.6650491029632668,-1.6436649421569787,-1.5927707462262324,-1.5383572720071474,-1.5062540550763648,-1.4660626303540658,-1.4328747518635148,-1.4109601453163734,-1.3624425981166912,-1.3374635555412566,-1.2881219300821434,-1.172391960862718,-1.1496664571146553,-1.1334387460850264,-1.058839738407218,-1.0157986859787742,-1.0052607000990235,-0.9827413480856261,-0.9019673818302539,-0.8503444393675595,-0.8138939208323605,-0.7964141232610767,-0.7768957015076972,-0.7337549578108825,-0.6604937416923934,-0.6554277519729986,-0.6520308752037949,-0.6133800361764689,-0.5785484534190425,-0.5627760473993191,-0.55600965705454,-0.539173514290481,-0.5039876200191589,-0.4465383590965988,-0.4180977005066568,-0.42821964420592457,-0.45019387941765543,-0.5023546237644215,-0.5135887531833631,-0.528313881372855
-2.038887116177689,-2.0124772769976476,-1.9718535888495394,-1.9530389208486305,-1.9404068590023806,-1.9071803091608153,-1.8901249447486979,-1.853227571535,-1.8257308781507633,-1.7872764302891617,-1.7303619616862649,-1.6947132688036013,-1.6612080431258895,-1.6064941032836566,-1.5640043667361234,-1.5234172439908293,-1.4975228236806737,-1.4713114953953408,-1.437799004186548,-1.421008296121972,-1.3836937108483005,-1.35480111763186,-1.331416095616543,-1.2884904740169583,-1.1636084294984346,-1.1271482360460692,-1.1326463216233806,-1.1181396835102244,-1.0799524712912263,-1.0780477882648445,-1.075000531575115,-0.9835008938419633,-0.945960659603028,-0.9303062073795161,-0.9043165671046299,-0.8725653847694749,-0.842051668208232,-0.8070617227279712,-0.7928998848535584,-0.7840383841292171,-0.7232159377646338,-0.712174829054257,-0.701713709142024,-0.7286857521990119,-0.7235374613171969,-0.7245527786731657,-0.7270615154387875,-0.7452853173546293,-0.7732457242582692,-0.8162723743230691
-2.0506734228388974,-2.0401170670742057,-1.986350350664932,-1.9584702022330411,-1.9392136767325563,-1.9138964633422375,-1.900239987579506,-1.893112205481257,-1.8348003273953992,-1.7918851754183762,-1.7754914077080566,-1.7601138130446163,-1.6752239811897705,-1.6286031016483593,-1.6075369572094562,-1.5903175289519405,-1.5641430526696227,-1.5516530693138293,-1.513679746353267,-1.4950969641808218,-1.4807728292185804,-1.4443606374707236,-1.3909135742846164,-1.354209917055612,-1.318796574542498,-1.3114076651865452,-1.2775995275510885,-1.2550751580286017,-1.2159557079780088,-1.195076576482968,-1.1642214919889697,-1.1359014236686857,-1.1200018757823649,-1.1136393770120123,-1.0632923473040992,-1.0405818637070263,-1.0421441563687879,-1.0252224702204766,-1.0100981850981865,-1.0027097255563233,-0.9886189364805115,-0.9813403063264229,-0.9707771447880301,-0.9992192449054931,-1.0452542245860377,-1.0909110832386664,-1.1536194881921915,-1.1240932179173435,0,0
-2.054498586712508,-2.02269092972126,-1.9766833986659589,-1.9659965433880973,-1.940785977991013,-1.9151163920523178,-1.906638982600033,-1.8933668033181064,-1.8870617322228,-1.8567910329246766,-1.827911417947065,-1.8062473922961533,-1.7666954824943522,-1.7343769740335697,-1.686674431751791,-1.6563141695588883,-1.6438571872790202,-1.6233939434971063,-1.612424837992158,-1.6023801502000574,-1.5715637914245826,-1.547265521296076,-1.5276740061012573,-1.5109053692049796,-1.4592565666437796,-1.447340974147795,-1.4386794633042483,-1.4053684918049971,-1.3919307618338317,-1.3860096112086462,-1.3637480075951418,-1.3191011804678685,-1.2960691373515756,-1.2769615917433046,-1.2652467768193434,-1.2465732638795517,-1.2377356892767866,-1.2311422488078718,-1.229770736506515,-1.2129738736105993,-1.2157953730361841,-1.2285351500732924,2.0643914453599067e+38,0,0,0,0,0,0,0
-2.050768255714635,-2.033319555895935,-1.9960797763147355,-1.976204583841344,-1.967243238882383,-1.9409105473659916,-1.9388974927730172,-1.9355895753350536,-1.9074286666200322,-1.9072610705929782,-1.8848646868789263,-1.8645634410682284,-1.8220324367173715,-1.8178506979819435,-1.787527255478746,-1.749577508944039,-1.7220576334651874,-1.7064797236320786,-1.6618098984920402,-1.6518788385593963,-1.6445499811885576,-1.6281766707021423,-1.62385346371465,-1.6122224595675692,-1.5576398757746173,-1.5506122332319907,-1.5447490232135948,-1.5250786814042123,-1.4953651388828977,-1.4664131547868826,-1.455566611720118,-1.4568836592163519,-1.448503740319065,-1.4469853595539417,-1.4714655421675553,-1.462481616711512,-1.4547488437675549,-2.0447498613714674,0,0,0,0,0,0,0,0,0,0,0,0
