jsons/1312599600.json
{"header": {"parameterUnit": "m", "parameterNumber": 3, "dx": 0.1, "dy": 0.5, "parameterNumberName": "Northward wave", "la1": 40.97354507446295, "la2": 16.46031188964855, "parameterCategory": 2, "lo2": 133.9931640625001, "nx": 191, "ny": 50, "refTime": "2011-08-05 8:00:00", "lo1": 114.97908020019554}, "data":
[rows 22 to 43 of 50, columns 100 to 149 of 191]
-5.399599242823972,-5.455284831259961,-5.393009066476046,-5.47816168494184,-5.5376703892983485,-5.553816577364078,-5.554095013193913,-5.607988053217351,-5.5796424099386,-5.503006559074761,-5.463006347028865,-5.468186419682402,-5.32538174677595,-5.231954182926392,-5.150365947869184,-4.902932148949499,-4.87150123600173,-4.79019105848106,-4.557032261956814,-4.428268756570693,-4.346671636586201,-4.097097112609719,-3.910222966665798,-3.7558323958488686,-3.5440095911219096,-3.3882252640383546,-3.320885987302362,-3.1806958743224882,-2.985307521299722,-2.870269577174766,-2.7036065433354364,-2.53965672219194,-2.388652697608549,-2.219096924603111,-2.0091785632248054,-1.9028707302982895,-1.7878169177032193,-1.6254456440883742,-1.498235687109418,-1.391611182312469,-1.2148038753431034,-1.1711562057033091,-1.0787413592432693,-1.0506240762921084,-1.056162115852899,-1.0051324422222332,-1.023797610860741,-1.0087108660040158,-0.953965960719108,-0.8667753712334628
-6.9034444653251,-7.1054430279390886,-7.0631477931256414,-7.147073605874252,-7.21662006952115,-7.174220524017871,-7.18747263922,-7.207994831226562,-7.126261839891591,-7.063706049151191,-7.091864221443774,-6.945259381721286,-6.836830299709497,-6.685068750680937,-6.639674488008255,-6.355894444035289,-6.227223009439507,-5.984782477933729,-5.680818260603663,-5.620519312070214,-5.345563805966873,-5.035323576365415,-4.9124031626674975,-4.751199774479583,-4.471474930672777,-4.243564056668077,-4.035458928747656,-3.8785464199837723,-3.6776351888944774,-3.4485646399896566,-3.320071086915082,-3.073750749353322,-2.845166837896577,-2.7873784854560246,-2.5091775925085447,-2.283834868682772,-2.210374094424975,-1.960709625178151,-1.8146541913861174,-1.7113582335270832,-1.5256941601400593,-1.4612207055071786,-1.3951885295674673,-1.4210403527947468,-1.5406694947655737,-1.4969096705371312,-1.515390157963227,-1.4404386550937969,-1.4061240503650445,-1.2269336841233864
-8.20486899335829,-8.495706119636589,-8.562564144465998,-8.67798069902523,-8.77715729659587,-8.79644974757454,-8.758198269015008,-8.880969141426739,-8.662870394685301,-8.660158762424409,-8.469090856691734,-8.460579422762876,-8.197040671306226,-8.14501237359051,-7.936156787691664,-7.637431334331839,-7.271130053067132,-7.121277688069866,-6.8054297892910345,-6.483797944474367,-6.230842753949347,-5.83690606350748,-5.6648255436304895,-5.484672365068812,-5.241079282709793,-4.949980850599782,-4.728557670898949,-4.429491678045136,-4.145869528831543,-3.8906033671522677,-3.701316478741319,-3.464704065599392,-3.210624281833725,-3.0585114077444855,-2.7801001820892544,-2.5662514590300525,-2.4336252943132157,-2.0898783321459486,-1.9746801741777564,-1.745748557085634,-1.6145223980628582,-1.719434545153713,-1.7082481833841991,-2.098083717767358,-2.3692416331746897,-2.2338396172247537,-2.1966487665452905,-1.9492643421446842,-1.735908078814316,-1.4017870517003659
-9.426636826196843,-9.989053316676664,-10.10172458844796,-10.369346877480508,-10.619403815243082,-10.733361816815304,-10.664344360600872,-10.90356982447529,-10.646171528313063,-10.661552843851254,-10.58605837321377,-10.357365415119732,-10.04693802591888,-9.767459903859537,-9.53717841098036,-9.018066363009849,-8.552272265698356,-8.234806074832095,-7.748364972618347,-7.47699095257167,-7.09843695016755,-6.577974325970911,-6.3977607540106805,-5.951065538845092,-5.6181725060134164,-5.416787770556807,-5.0697013224181635,-4.80656435561578,-4.485414428936121,-4.218462286389462,-4.0350482647250825,-3.64675099567936,-3.37272108205936,-3.149114062676678,-2.8256229493276,-2.637223359259172,-2.4301308688541323,-2.14731129915577,-1.9383835951796025,-1.6518980925458568,-1.1684233102174602,-1.62794540403935,-2.5467072261668244,-2.8496467019470635,-1.5580871877745346,-0.3264552922483552,-1.8323558365509511,-1.177229121217416,-1.2287761630863718,-0.6768543076997581
-9.21298084058862,-9.691360614664706,-10.019789016994622,-10.286515228871233,-10.710360093425194,-10.838828822793644,-10.904089494617802,-11.21456099852575,-11.125650734759303,-11.243280172690435,-11.347301541095888,-11.264825473648854,-10.694654815660542,-10.552682251497803,-10.145538001981265,-9.469452050540967,-9.054949475351389,-8.694514256461309,-7.918562895825929,-7.589573276495541,-6.98096876384082,-6.556061910464092,-6.1642565956687445,-5.7993078801858795,-5.329604941980859,-5.171051746481159,-4.867760141098092,-4.64527532906243,-4.35891382669629,-4.105259000502708,-3.9694026235352857,-3.5805550677117584,-3.272245181063174,-3.0485764038602614,-2.6438454930986626,-2.257829612569344,-1.9410478303424124,-1.407461273699609,-1.7236095329471766,-1.8745638443998982,-2.685394212209896,-2.3543534247302107,-1.6121027089204683,-1.3138468641237335,-1.1600228378814221,-0.9244228914124816,-0.8445802537023053,-0.6166121877890661,-0.5125146774817331,-0.38822875829805076
-6.878019939691547,-7.225428129406063,-7.689783286763275,-8.029777893148125,-8.418570107004005,-8.965048943277925,-9.348441752132501,-9.505994049680611,-9.827883597716548,-9.93862902033005,-10.320361749212102,-10.104729760687984,-9.603426486561414,-9.408817645186796,-9.285818258103324,-8.302067150711222,-8.010290546641441,-7.3968933643550345,-6.565622198979471,-6.039822338520564,-5.6238289378660395,-4.765348037330372,-4.241422105555905,-3.8234647989462482,-3.298905973903281,-3.1954802729379006,-3.0741897479335227,-2.9807548871652645,-3.0761336003712736,-2.937687854982665,-2.8579568623598637,-2.8461216185842453,-2.7116254093477763,-2.643575108445996,-2.2420480619318908,-2.0237090736367236,-1.8487121792917498,-1.6579858624928765,-1.5171332539512972,-1.3998139489712595,-1.147644023966696,-1.0173336147272178,-0.8596058642956722,-0.6244116670251268,-0.5206746104539464,-0.4272968443832888,-0.34345871322753924,-0.1631664460519681,-0.06920711583808496,0.01952864045628762
-3.2291265278424612,-3.029660670081715,-3.4564592444612443,-3.454811804081589,-3.657733694136972,-4.278019056961038,-5.0153228938234236,-4.968829705716675,-5.937678580480698,-6.524358581858949,-6.8123989975139665,-7.0570749950721545,-6.758777393693348,-6.537846475465222,-6.38198838038567,-5.613275310179383,-5.482647582617447,-5.1555896333020135,-4.355001548282314,-3.8000731513621173,-3.4006678901111913,-2.242351495485269,-1.7258827235091476,-1.2772628065318925,-0.5195675179013535,-0.18366713351797337,0.156990980363299,0.4650293711149833,0.9205756909241807,0.7710644212356196,0.2942792404487311,-1.755398289413335,-2.952444112000934,-3.3587844406200515,-1.75208773227654,-1.324424982923693,-1.0458321982850358,-0.5424646193181989,-0.36333427832038195,-0.25855238314838425,-0.10143436958986861,-0.03490522173034823,0.047302278501822705,0.10309675806478308,0.1992140452627534,0.25974415609002666,0.2965953293733248,0.4693315257360644,0.48237577144891963,0.5567904960535445
2.1435357476543704,2.474009682108015,3.2691869029081437,3.5722630410169587,3.713033512172107,4.420694734874587,4.768888156672402,4.782651507759342,5.581934832093234,5.633623685164799,5.666838470264943,4.639506984419045,-3.7867936703238976,0.46913300588365775,2.257359659142228,3.8918178993386707,3.675003353347968,2.649577552864848,1.8188334431641533,1.5788513852735004,1.6489039744494027,1.0655448798474862,1.206325298847223,1.3588970659301858,1.746008122383863,2.15063070771879,2.6150941377817634,2.3319512360857746,-6.1043574579262625,-3.334354237576637,-1.9660326747255352,-0.02220649672963953,0.40075158278816086,0.6242375411916034,0.8732700731829247,0.886588516745072,1.1297384681210472,1.1272764210446626,1.1290897280167724,1.1232117620349076,1.1941083927590628,1.2277984035254073,1.2053538914211066,1.2711877968721836,1.315517864869595,1.2615802493571364,1.2593460217396402,1.2603156075551538,1.2714560633721974,1.3336858029438123
4.60656664747393,4.882151560116372,5.531614103201256,5.984996659097722,6.19454008501461,6.733000927304244,6.922948065378673,7.136816342239755,7.595665533557447,7.645694200251757,7.682155806444824,6.188147557665497,-7.7560401201381595,7.617934295311031,6.2461981312086206,7.054671150096061,6.87920559478382,6.5965999743588535,5.999905597203417,5.7748904910798435,5.576605554496549,4.944183840577381,4.724415359026672,4.3477428443089865,3.772013146736776,3.485071427178268,3.425571488570083,3.276770974650337,3.0635838239919084,2.9867138543204517,2.952239582444161,2.8272213832259516,2.7833941949023404,2.7841167768133177,2.7279907983796257,2.6418732158234315,2.497964775260549,2.5179018194953895,2.3858623621849127,2.3087780167682475,2.269534326106546,2.263052713042195,2.188869718518904,2.1028053596193272,2.0641075175299135,2.018917516934468,2.0116576467323606,1.9371110990110831,1.9587462638492081,1.943563090505079
5.142220731370712,5.356489878749315,5.991372042475137,6.390225061211702,6.543766811047697,7.157563788928717,7.2705356549166185,7.451719361340919,7.761927818399649,7.741795874885885,7.812704876492424,7.557151085861733,6.694119684683892,-6.825925819499275,6.810172859487045,7.692519212342809,7.644899023037274,7.580890354076672,7.379604165877678,7.215546176150291,7.059957221847127,6.810907235212479,6.654761173606172,6.464780480019232,6.246105538288636,6.013337357357429,5.802963329547258,5.6108230284749165,5.299199899714319,5.071554569350959,4.876594229448058,4.567475485487141,4.386114641204448,4.146365395828483,4.089690535075578,3.8745355658986838,3.7725744607828515,3.584892688871421,3.491423424663926,3.3794403100019728,3.2043433629873115,3.1847155021456297,3.018863466419624,2.9165663118463647,2.9217698929386744,2.7823072734271466,2.756638923668628,2.7314254740010626,2.622875741293992,2.566774926864757
4.6299643254712946,4.94302839596657,5.668183720146238,5.09612478385309,3.98003018766798,5.488169391422043,5.8957742620652285,6.355624090622035,6.74865567750587,6.86293148202498,7.003289650505084,7.044837384628491,6.8430904985405565,5.593368105259946,-1.939850046128274,4.107415217808021,6.400531741430483,6.844898822122183,6.9352103251337835,6.892808861616301,6.81463237330538,6.705264699148081,6.656722467011516,6.5833316670134,6.432593780409628,6.292763149590756,6.183407365380868,6.034184800158379,5.8045150591817825,5.630528197754667,5.454524759108877,5.243279784634213,5.0154225817897595,4.92498031829351,4.774932055810743,4.55209550766896,4.390274306637582,4.295967844424085,4.144117794966269,4.00975557956238,3.8676193545399857,3.7125242680141604,3.658455746442353,3.5714369077978994,3.481202329534301,3.4276438098688105,3.403863618911823,3.285505719631171,3.2287036333344745,3.222765634958443
4.213165013586754,4.431470014869399,5.07176579061044,5.277511340681285,5.351424991940883,5.441362671170256,5.549678811454058,5.6854385977646675,5.964506396729137,6.0004331620746925,6.085644743307353,6.13512630463249,6.242945137047889,6.31237645359378,6.085347279457405,2.1383078255661654,-1.2278859897041876,1.4520268481401524,5.575211023592161,6.1663104366171355,6.1833928292575795,6.096569018884448,6.043138045923755,5.9794196719319075,5.879530832844367,5.843413112840876,5.721550287075584,5.626712434388114,5.510282465518771,5.320883295965465,5.269441859109354,5.091708735632874,4.99299668644797,4.899402896355882,4.741366251340293,4.6588636828853565,4.525206285458419,4.417364729277794,4.353148588073588,4.194352178220081,4.123786188443229,4.048690688751406,3.9138200020737677,3.856427807689852,3.811694794581958,3.712182514161567,3.685429832678787,3.638562004101962,3.5656644436356593,3.5240430165889562
3.660750258525602,3.900005253058621,4.173111492300569,4.307540407849725,4.482078422613161,4.711873096108108,4.9088479062869546,4.968172400972003,5.217269584843887,5.330554921998084,5.375568123172084,5.4650106640854785,5.569980930054492,5.602048564485592,5.640346830195195,5.673118075953231,5.70551302159868,5.6987973368306415,5.174450713325383,4.299074528916471,2.291228835947833,0.2538190911628492,2.9314070493405895,4.179338907786007,5.381367006960783,5.4600682086038885,5.370410877518546,5.279005487157426,5.239802968664043,5.118867386790139,5.054461539357137,4.9995086106710165,4.896833157366165,4.8516621767343295,4.769173855385037,4.656264888045625,4.596262519272521,4.55104302254764,4.478012023174811,4.342849112089382,4.295423357226083,4.219985838732169,4.089657053265483,4.06834950077554,4.027886121871594,3.9552805579746533,3.9175093649514534,3.8599746551561047,3.77293780483548,3.7305342988929393
3.112846894157127,3.2676537029860624,3.490443043481209,3.6090021139447237,3.7528073225292524,3.9723003744104712,4.059411146575337,4.170896987754561,4.372572831990098,4.4362583932278525,4.548755761791135,4.579834882373691,4.737670482693837,4.815453997332227,4.834352624660663,4.950928488156899,4.992566306444129,5.001399919172943,5.000330633216874,4.994327027476428,5.018902069711937,4.519616673246589,4.977573796442087,3.110110928129014,3.9332095122836135,0.8618445085500666,-3.780148158727448,2.1060649058843524,4.547989706253272,4.626736668801087,4.6476645823638645,4.721307511264905,4.673637039744524,4.61846387058517,4.54823802871926,4.493529972180358,4.454042386755441,4.386460963702568,4.349824476648462,4.282386206737847,4.217646981634091,4.166361360770007,4.117261177222225,4.074728822610052,4.0130152672635715,3.9619310907364773,3.931978229458764,3.8931579119735074,3.8147088291476767,3.8084184339781024
2.5113077000399424,2.65563606209417,2.8197580634992274,2.953803565326286,3.0601955735944455,3.2781381655948607,3.3904442824522993,3.5215254199904797,3.6382850443490566,3.7360915084200697,3.855189527551186,3.8864332806022595,4.062835881771235,4.105471213248462,4.171953115423525,4.3065372514825295,4.312426083855607,4.34780157283813,4.41379156199579,4.475563778669758,4.463031395060686,4.519870710477398,4.566264965334062,4.556629847957974,4.256386301233029,4.208016116673665,4.3189723981537735,1.2927517604815588,-0.6897398682347825,0.5923999166834922,2.433816143905858,1.5764412478676815,3.0609906666166395,4.2687199832307,-3.513582725024918,-4.308090585005656,-2.1719060693226204,3.0192162257615074,2.2641891844988202,3.2582644137898984,3.287342205080417,3.554588665471463,3.855020023945978,3.949232338388369,3.9592610882551837,3.9442441749975305,3.9192022212466613,3.890969782601325,3.750408759605875,3.807467024857553
2.029728829800654,2.159934094397761,2.3305950423260113,2.4350744887895805,2.5280400683355984,2.7478134127641027,2.7981585466499537,2.9046911757030025,3.0029228062319944,3.1218445262825405,3.2106732773125355,3.285042124561007,3.4302029585605305,3.4830918624549967,3.5728874978606706,3.641580059160298,3.724942338344261,3.7432125095459017,3.819252485170143,3.9084568074862087,3.945352684754457,4.045962152946647,4.088023172948333,4.0772514774599395,4.082293160487375,4.095523810078662,4.105859082665535,4.1124477177419,4.131251325481872,4.101495031480298,4.085143782363265,4.060443351897845,4.046895273447747,4.0398577999075975,4.027089398227756,3.8902377877300007,3.6500519846723587,3.2717142704381392,2.9837651888178884,3.267859230425398,3.2291739792370024,-0.7063362905020121,-2.922004468439313,-3.5912889409854403,-1.6587721532041642,0.8701097147327838,-0.4201079146953543,-3.0267705148323274,-1.5412885759506414,1.1858795824239206
1.7133151425570978,1.8044882500783945,1.9928284191690422,2.05766931857695,2.1349318166340474,2.233107563969979,2.347206443427837,2.432842335233323,2.625550427897384,2.6677908495102782,2.7418596274953155,2.84792812710825,2.919814100884875,2.985760273531645,3.0570552703397964,3.153670602279185,3.229586591824784,3.250544135288048,3.317431658837423,3.374809881459004,3.4541543233288716,3.543768212867793,3.5850472114859406,3.570183233762693,3.6521165181798194,3.6862003161119126,3.642527325109611,3.6422034672969303,3.711133949746317,3.724493556254129,3.7137813941811095,3.7313528471297284,3.6980792297049847,3.6994640682574826,3.7068006597452383,3.6842438060544387,3.6832055985840277,3.6784251707231888,3.6652050218015284,3.63184647739476,3.624642630380234,3.6212694984962934,3.590784950436966,3.482709313350046,3.536553854772389,3.535625237538267,3.4067030798365954,3.119520683180477,3.07127447431981,3.0644291575259595
1.3689819102974363,1.439301344362481,1.5991630780415285,1.6682524008614386,1.7322619550148988,1.850366758497684,1.8915721795032594,2.021947788443323,2.1920071855988614,2.2849929594402574,2.322920740016052,2.3760378716513935,2.490938522846108,2.5638209817207382,2.6055296344584367,2.693997582828137,2.750372274196537,2.8004109277459017,2.9280251208890298,2.967164021303229,2.9939810857541036,3.102821271483661,3.105754037947327,3.1363751365894603,3.232673295894524,3.2760457793064313,3.258381391558055,3.2729477026569382,3.33082793163219,3.3467792266212903,3.358641561234334,3.3650752743840746,3.355278562826367,3.3700443987438566,3.387746196347413,3.367958933803649,3.374068267763819,3.390226913298917,3.3945975240915254,3.3453618895499537,3.3411817955987306,3.356107186191488,3.3542953248814107,3.3548131491859094,3.3347238906625347,3.30669410384576,3.3122246458933957,3.2898523996535824,3.2456550276496996,3.205914135333746
1.01263901348817,1.1409681403872733,1.2934371603371992,1.352355534430042,1.3751995411171087,1.5391782664918954,1.6179849458167688,1.7177864706873316,1.794336537555538,1.8651498749034674,1.9680575960454956,2.012941491121125,2.08682053996814,2.1894555063045287,2.267902912464907,2.35967346780711,2.409345599097639,2.459469692789431,2.518141305838154,2.5512072809307975,2.631117415178284,2.707765376144509,2.7304301820091013,2.7455523647473714,2.869877872108804,2.8836233930960136,2.8875564178436046,2.9230483600202617,3.006171859329422,3.0078781109533246,3.0141484494624646,3.0648823757004817,3.0573935799887093,3.0497199515255504,3.057040284425023,3.0802346488048538,3.0833964822561004,3.102111889505875,3.093235373955002,3.058031976323615,3.103749408807966,3.108974214083436,3.099546771570335,3.070396445341097,3.070871078057462,3.0525805001296065,3.0526285204721746,3.032055425653216,2.975123826317132,2.917352363645425
0.8266447840336605,0.8426173184269447,0.9895855645604265,1.0659771516974972,1.1128768173044037,1.2240676089346028,1.2963859217124354,1.3549894144820962,1.4639650535237347,1.5444622946807687,1.5568229470721728,1.60385211253167,1.7605109563046777,1.7941619778602396,1.8296536975484052,1.9677495040401254,2.0361670840011152,2.0628993669174984,2.157491193229865,2.236958833907063,2.2830951511469135,2.3182040315442642,2.3975331403717064,2.4414786949014684,2.4710596054598013,2.513290855537114,2.5632771025576955,2.596157557745175,2.6393301858557074,2.6543529292971475,2.701061927274034,2.742594147598228,2.7399295303277507,2.723793230466612,2.7624717929449845,2.7388474994046086,2.7384046347666016,2.74021797720832,2.715222749655223,2.6819973411037905,2.6922422022178822,2.703243129704235,2.6946336585994506,2.684496956898307,2.6466891712703338,2.568353716883062,2.486937791780909,2.509303479685968,0,0
0.6150976351603721,0.6902341709436446,0.7781060610189521,0.827836842398983,0.9068868822223595,0.9876766895620755,1.0330338049421965,1.1131954775573216,1.1635963955691502,1.2082383852875693,1.2912774998321677,1.3394388610135828,1.4114922904089815,1.4671065619414176,1.5444150744396852,1.6063619660265258,1.6633621533272933,1.751003339157232,1.8090746284726213,1.8441512620466358,1.900086840777842,1.9705916573018658,2.0188383001399046,2.0500057909171283,2.145693352485108,2.1727839451320303,2.1826768272542605,2.2347784831718904,2.2719900829557376,2.2650939130902366,2.2957636847634313,2.3544511745401797,2.34730910744791,2.3617254816268005,2.3955086323076404,2.426552475555465,2.4559161784693457,2.431859220489815,2.395620479528924,2.341468265074028,2.3382435413601366,2.31844379456133,-2.5386774053957875e+38,0,0,0,0,0,0,0
0.4485974649416462,0.5043844024633295,0.6130799577084272,0.6545911394931035,0.6844428555089869,0.7826643063969041,0.8051044966842019,0.8342874115283406,0.929084250520602,0.9621378781433995,1.0271649746398452,1.0800821224484571,1.1928389587478412,1.2007232520754527,1.2486190777449724,1.311837757852737,1.3722648405768183,1.413169885076348,1.5219026661962303,1.5648382459724697,1.5818060842872455,1.6527452621492502,1.667868685450927,1.6904522787914436,1.7837669326768855,1.8109846622074062,1.8383474574248388,1.8581125433965573,1.9201444737516333,1.9208265521959265,1.9258944722087221,1.93819776375347,1.948010919724383,1.9508373364947313,1.9218587454497167,1.8716230202733026,1.8701309105481512,0.7248114490373957,0,0,0,0,0,0,0,0,0,0,0,0
