jsons/1312866000.json
{"header": {"parameterUnit": "m", "parameterNumber": 2, "dx": 0.1, "dy": 0.5, "parameterNumberName": "Eastward wave", "la1": 40.97354507446295, "la2": 16.46031188964855, "parameterCategory": 2, "lo2": 133.9931640625001, "nx": 191, "ny": 50, "refTime": "2011-08-05 8:00:00", "lo1": 114.97908020019554}, "data":
[rows 0 to 21 of 50, columns 49 to 97 of 191]
0,0,0,0,0,0,0,0,0,0,0,0,0,0,0,0,0,0,0,0,0,0,0,0,0,0,0,0,0,0,0,0,0,0,0,0,0,0,0,0,0,0,0,0,0,0,0,0,0
0,0,0,0,0,0,0,0,-0.07620269324329237,-0.11929374083589421,-0.1184094866614154,-0.11461688167590948,-0.10119030791870094,-0.1056268405938221,-0.10337503809173147,-0.1037804342494548,-0.10128466173960127,-0.10066112856082758,-0.10231014832637937,-0.10329028696531795,-0.10485399590241684,-0.11088993349842642,-0.12275770417879218,-0.06652326361219608,0,0,0,0,0,0,0,0,0,0,0,0,0,0,0,0,0,0,0,0,0,0,0,0,0
-0.1816371404615,-0.05233232118259496,-0.17762523670693592,-0.1678718211517158,-0.17589525475180934,-0.20729847411335459,-0.22203871503773118,-0.2331972333077818,-0.2316288833615636,-0.2222449066411326,-0.2123544389721903,-0.20714211786362938,-0.1986341195486013,-0.19631729189427735,-0.18202516854671288,-0.17479256254788006,-0.17324792168418696,-0.16562333031506637,-0.16344104003002205,-0.1734673153916927,0,0,0,0,0,0,0,0,0,0,0,0,0,0,0,0,0,0,0,0,0,0,0,0,0,0,0,0,0
-0.23016233905067565,-0.26162549129153584,-0.31657604399216266,-0.33618839944681583,-0.33134086441179433,-0.3197330026510516,-0.31302642910222195,-0.28696588812329243,-0.2751134122043422,-0.2582286453277701,-0.24197535747792284,-0.23117211997956721,-0.2280912499474659,-0.2204757652023854,-0.19929757527083564,0.20606768787611038,0.00878740358035603,0.17371770822200694,0,0,0,0,0,0,0,0,-1.3129768443273492e+38,0.09722522945780891,0.06814429865302314,0.019401954065130244,0.05043320922197123,0.033264783591329804,0.011924699641300846,-0.009604064706776804,-0.029250919551404134,-0.038304615671770695,-0.024619465696073487,0.01801037884417652,0.11146773105603934,0.22009248063362988,0.42042425657904964,0.48483703241689036,0.4793683156151868,0.4965562779784678,0.515815215776785,0.5054015047663117,0.4984317708393677,0.49712185830403255,0.4655923890663537
-0.29313730050616477,-0.29836353864117676,-0.3092044311338819,-0.3023646554269861,-0.2932761097305065,-0.35988113793190396,-0.3883584175887784,-0.4326150268959906,-0.36951509605174737,-0.6122667774889872,-0.4761630876876986,-0.182536662685971,-0.26112314738565434,-0.33792291866620816,-0.2962018070879053,-0.3603669630991757,-0.39346828218134516,-0.28185762047744867,0.07417024967273028,0.21424399953867412,-0.6256534510485513,-0.0825767010456825,-0.14128703731790893,-0.2153019439395565,-0.3421202320766184,-0.3832185144271838,-0.42042078129675875,-0.4454822095341281,-0.4568672520731006,-0.457460077093618,-0.49159762798303125,-0.5214873347601938,-0.5250260131596086,-0.5384664736863363,-0.5310720969510392,-0.4996622590441771,-0.45919839236054466,-0.26825347763927204,-0.16592575985795704,-0.030335576086663818,0.2921062364063332,0.5465156476238697,0.5950465732132266,0.6320312307586293,0.6620425376640812,0.6490425294281501,0.6474683378532444,0.623321874567555,0.5600414186007215
-0.43899796520324624,-0.4665597816799615,-0.46878707706728845,-0.46168042651039953,-0.487561572360356,-0.48859196773006347,-0.49773648847068824,-0.5117565153833205,-0.5267704314470488,-0.5363507586238934,-0.5511828448855438,-0.5485974843010014,-0.5482678422848546,-0.547862124216023,-0.5565892124862255,-0.5524686082234275,-0.5704312697582216,-0.5994986594177479,-0.6408434830578615,-0.6460473500535626,-0.6630248675444514,-0.7329740332930652,-0.7339666895396563,-0.7682169516875191,-0.7712202381135541,-0.7856320492694693,-0.7788346461915302,-0.7842732062744712,-0.8000851302907094,-0.7924142667730089,-0.7995191221597657,-0.796823340205553,-0.7847116937179722,-0.7629151630420015,-0.751640980410925,-0.728627517981308,-0.7024240533975582,-0.5302931387400909,-0.3433782643918722,-0.12310921219487644,0.5489240303850783,0.6989583919652854,0.7227495856460459,0.7502807816794902,0.7542431010268115,0.7345835758923743,0.7179080294508619,0.6938420978485672,0.6081872691886524
-0.5641898920559704,-0.5937465764200158,-0.6212150920907094,-0.6362253426831812,-0.6701014474221644,-0.6786675614770105,-0.6858750361503856,-0.7021984941706007,-0.702626726733359,-0.7048802798864672,-0.7251762144857268,-0.7395037360167094,-0.7464127667593533,-0.7705414292351592,-0.7819822691035654,-0.811259510222175,-0.8224532428932769,-0.8416792604525771,-0.8571635865218673,-0.8660994242137794,-0.878347737358917,-0.8915909858635033,-0.8961452119609787,-0.8947406944742182,-0.8988294507456391,-0.8967391162169088,-0.8824508587965879,-0.8966328407519739,-0.9111122551225099,-0.8938688830448082,-0.8888466987090756,-0.885519237443691,-0.8668665331503955,-0.863758436195467,-0.855049432248657,-0.8377244479393834,-0.819196740913034,-0.7485315453062643,-0.09207441721484204,0.7909819269020332,0.7015730166271413,0.6844935665430052,0.7225675035142165,0.7335181068822358,0.7370898472442019,0.7416165477213775,0.7331723437648101,0.7276792060546167,0.6840123679990718
-0.46117108779193877,-0.4285723106673284,3.3219297785884608e+38,0,0,0,0,0,0,0,0,0,0,0,0,0,0,-0.7031469647715795,-0.7296779573948283,-0.7256004169908816,3.400718428383396e+38,0,0,0,-0.7430438545896861,-0.7885848397862529,-0.7860651426562494,-0.8179068108761882,-0.8578388830474788,-0.8882739723501881,-0.8951350108921906,-0.8941377456994614,-0.868877484783388,-0.8519683004650006,-0.8031011305527788,-0.7660381258694,-0.7600296346993269,-0.6855357877915779,0.7925792311015845,0.5980721097614256,0.5468090022804089,0.6093692008275059,0.651722655281304,0.6894293327868983,0.742778078472201,0.7474253006991076,0.7564916977630518,0.769593232111606,0.772925308023441
0,0,0,0,0,0,0,0,0,0,0,0,0,0,0,0,0,0,0,0,0,0,-3.373186736847628e+38,-3.40135226400377e+38,0,0,0,-0.5103448808567096,-0.7076573394576087,-0.7998851043417881,-0.8372905514941393,-0.8378590803673532,-0.8192715963032974,-0.7819427408473132,-0.7061039206659484,-0.6542367468298174,-0.5657904121774663,-0.518615348772437,-0.8083814830693923,-0.49774091860584396,0.40667790523024683,0.5486588166299624,0.5464083106592773,0.567357466297302,0.6428273895499689,0.6644735676968054,0.6878170075582595,0.7077496724232717,0.6964891530133595
0,0,0,0,0,0,0,0,0,-0.20207162313282,0.19919512989205487,0.23521067831512876,0.022470427448513918,-0.4123540873177623,-0.42122662321829757,-0.44406923635869394,-0.44951862013280675,-0.4618466242713242,-0.47364408739874997,-0.522768126221772,-0.5676685514667495,-0.5877062057267143,-0.5977962032352423,-0.6456611637839436,-0.6671201397852017,-0.7012991080469145,-0.7427345449144246,-0.7551424871806116,-0.765898119036481,-0.7843932163721445,-0.7936964316401729,-0.767944689023331,-0.7483856712188989,-0.7202301960035271,-0.6180848215791802,-0.5323791729041076,-0.5461930252190493,-0.8274220603626284,0.8246250865416663,0.7038776163328053,0.4041363623608796,0.5022707281579077,0.5559573836176162,0.6363902285202041,0.6138695148798301,0.6299428670783169,0.6449543365147861,0.6731510613434518,0.6520432121594498
0,0,0,0.14353396145691447,0.1412364890052177,0.0900913355482973,0.008057103039405145,-0.03509475542383473,-0.13171194689218493,-0.321421703592119,-0.41470376745836324,-0.5008587786587281,-0.527568695454915,-0.5611728822734281,-0.5824767586945242,-0.5990828136549425,-0.6026534879928549,-0.6225720109196667,-0.6403295661092057,-0.6490020593804247,-0.6765805393812977,-0.6961522767650252,-0.7065958592892502,-0.7268025499202779,-0.7356948918387998,-0.7271128444757353,-0.7378460017215311,-0.7382112463577954,-0.7197520621208516,-0.7089815112415965,-0.6939877313195746,-0.6516372177912544,-0.5941131589621703,-0.5668765183363738,-0.48300888816207355,-0.386795354676287,-0.3163074975381797,-0.7694097718326763,-0.02949120582168946,0.7008004498984992,0.41027746957798444,0.38280056088312386,0.44086367365780615,0.5038548748688958,0.5608862465294786,0.5810239838297983,0.5876925609864917,0.6005695096010678,0.6002956406025068
-0.18040938038692458,-0.203205980398434,-0.29301726075588164,-0.3601067920099615,-0.37723276561347474,-0.43547351970879355,-0.45486447358605503,-0.4924432084472271,-0.5294179606993888,-0.5781876339007148,-0.6101061696950706,-0.6429801871368616,-0.6682507142372556,-0.6695016675604075,-0.6816624394578407,-0.684947333035365,-0.6913295669378053,-0.6951141932631439,-0.7027606244458112,-0.7124830949946752,-0.7254932859366603,-0.7228479854401961,-0.7301938685695694,-0.7269836999161156,-0.7225220087908493,-0.7030158095013628,-0.6841660513203582,-0.659617506416681,-0.575366015018712,-0.5705788124086101,-0.5625662111086936,-0.5133461709085325,-0.47372501684208973,-0.4435897161472261,-0.3665587743282955,-0.30725123606245164,-0.3630053158779393,-0.7408465457936587,0.2844419522286041,0.6348038291053917,0.32711967713528667,0.37945141287921075,0.39210920951634876,0.4362345652654967,0.5126689145617599,0.5266625351626679,0.5312432460552804,0.5302948275324164,0.5336841903577071
-0.4179551743911248,-0.45059250794303063,-0.49344111192760187,-0.5151456795835256,-0.5356532213555207,-0.5626335541825536,-0.58932118022132,-0.6085412239238952,-0.6272036725804608,-0.6494009172601551,-0.6690902447461838,-0.6816277663229047,-0.6947811302165817,-0.7064438282615914,-0.7133354207083994,-0.7144629593890625,-0.7260992835392546,-0.7402148687871155,-0.7487116805235506,-0.7403668196992566,-0.7430789617783221,-0.7260184679948446,-0.7213652896619938,-0.7104389804364348,-0.6901491742342788,-0.6632638956766929,-0.6388590559057878,-0.6273144406831468,-0.5753157095288949,-0.5428675526696183,-0.5256367099277682,-0.4429932758690229,-0.4283259166442904,-0.4046210273667193,-0.31881268578490624,-0.24202828932625822,-0.24506128913478842,-0.8154297430883501,0.75678982801506,0.7475399363565879,0.19819731939392735,0.26544959804775187,0.3034447537075322,0.32865935332151597,0.4077848776036126,0.4666213889377808,0.4855951753844847,0.5093687468878781,0.5200559779341946
-0.3456492272922153,-0.3751826751155037,-0.39830307312048585,-0.43934569302120347,-0.4884210484314809,-0.5166489185809748,-0.5380955414117464,-0.5561391641751303,-0.5679181848177766,-0.5846525581370058,-0.6080876053178337,-0.6198459473723159,-0.6354588614570945,-0.6520466654158162,-0.6588763151086602,-0.6715624756431715,-0.6872254846008107,-0.7225612491027944,-0.7376464205783883,-0.7500222968857826,-0.7633291560805907,-0.7549988981246482,-0.7438898288235292,-0.7322612436858287,-0.7167226300891947,-0.6565012309747491,-0.6247349712429281,-0.5923096252800015,-0.5665634904600522,-0.5378838487686295,-0.517699291256177,-0.4740069543860463,-0.458506810097334,-0.4365487710311063,-0.3494053579581904,-0.31366969381188053,-0.2472710449487569,-0.18589041847571214,-0.394339713856272,-0.5998356297801173,0.27831119458393355,0.5095186884555373,0.21145433269136044,0.26092354491573433,0.33954336894303183,0.39511923146691524,0.438094032058726,0.48698949005024567,0.5293023864070096
0,0,0,0,0,0,-0.3573461118580519,-0.44566353610728965,-0.48700264669113535,-0.5254545948006476,-0.5456836656432309,-0.5580443608380762,-0.5705555761681862,-0.6011888149843674,-0.6182783757393387,-0.6442910487029833,-0.6551844106003166,-0.6800977951991861,-0.7006408620259037,-0.7094484153944488,-0.7221841643650684,-0.7091380498802315,-0.6992878100762373,-0.6879076864588388,-0.6726703183042858,-0.6394266525285938,-0.6373461836513311,-0.6308387304706088,-0.6060951104459777,-0.5886835776828773,-0.570924252398764,-0.5324371440296649,-0.5195259290853971,-0.49332168317127556,-0.4232316630859656,-0.389053445007869,-0.3667815655662513,-0.26772986754800004,-0.2221654776654919,-0.1619003067434968,-0.7754024850149152,0.805204476328472,0.7234963163194736,0.24540244061768818,0.37424695761081683,0.38994618400219644,0.42318293216787967,0.5077543565685152,0.5327851747699776
0,0,0,0,0,0,0,0,-0.31737592225346606,-0.4101095258026805,-0.47211686382587276,-0.48244300488702563,-0.477502458712086,-0.4972119826537827,-0.5073007397057763,-0.5433322307089918,-0.5757659834903693,-0.6207629386166574,-0.6465427821252593,-0.6596087086051753,-0.6858594413307406,-0.6983225772250298,-0.7085730176986452,-0.7184367051524541,-0.7164033309656802,-0.70056171682821,-0.6837374944942854,-0.6758962804500186,-0.6488332541176258,-0.6439234403956603,-0.6346814824675585,-0.5804972451718701,-0.5666563299322916,-0.5431372865371102,-0.4803567144217834,-0.4432299970893244,-0.42221164305469616,-0.3334277010972813,-0.3068974664308772,-0.27942019468465945,-0.37625826751220304,-0.7964791465857143,0.5458989931620977,0.8231729969433286,0.3193382806664607,0.23466484263811668,0.2757021454871182,0.3854574492579157,0.4226277278745022
0,0,0,0,0,0,0,0,0,0,0,0,-0.17059578956198662,-0.12910235035392384,-0.17073082063667788,-0.2682578020609686,-0.33528023546316876,-0.4320586773411049,-0.5014036463611401,-0.5403104070250555,-0.582273411961648,-0.610355080306878,-0.6170917525762849,-0.6368085356805324,-0.6502703027449315,-0.6609037569005964,-0.6768497769562457,-0.6786911110806909,-0.6733209683180884,-0.6785747690206998,-0.6683895348704361,-0.6414821357478164,-0.6233452040826217,-0.6188077872469276,-0.5808384946482903,-0.5571202292863284,-0.5003193458935941,-0.41561083745736926,-0.37366350264368614,-0.34054967057155683,-0.24897918547037431,-0.18008221880585631,-0.15612187562722202,-0.25250343347868537,-0.6885646388169006,-0.06710526552007803,0.31967135635449584,0.4456043724254042,0.2288807325535203
0,0,0,0,0,0,0,0,0,0,0,0,0,0,-0.17702370472004886,-0.11161315190625824,-0.27125940878871063,-0.3360729193077481,-0.3956263126182218,-0.4288473377996237,-0.4613980936649181,-0.4952459594686689,-0.5100484454998538,-0.5377696165180487,-0.5559652080490726,-0.5866088027116227,-0.6157595237840247,-0.6295356679203282,-0.6510258300896138,-0.6754461262559519,-0.6856210033707919,-0.6888812255126928,-0.6835426123032576,-0.6798201178116744,-0.6658548657257672,-0.6500660467670853,-0.6294850202627271,-0.5915676737165555,-0.5681535854573134,-0.5145965777797683,-0.3943314739864606,-0.36769079784075315,-0.32092680481795616,-0.24855462262517664,-0.5024733866565069,-0.202325780404214,0.3836184962100717,0.2859813266688772,0.33059981464948934
0,0,0,0,0,-0.0020772277999773717,0,0,0,-0.008727044053369878,0,0,0,0,0,0,0,0,0,0,-0.19781589034373795,-0.32353110038558114,-0.3490140899078156,-0.3779392584710344,-0.3913933642664383,-0.4042445849142706,-0.4360066346014954,-0.4552236853010897,-0.5137246000000218,-0.5650454050225955,-0.6023599398743789,-0.6539018116920411,-0.6801546475669691,-0.6921496384779909,-0.699249629238355,-0.7085963416041978,-0.722975083670302,-0.682864737328964,-0.6553195610898993,-0.6412505565902611,-0.5911781136076271,-0.5106487110229785,-0.4203626790492585,-0.4040050036337179,0.48326438418964934,0.5574034826491594,0.3709846379066291,0.4337748071434077,0.49519673538612974
0,0,0,0,0,0,0,0,0,0,0,0,0,0,0,0,-1.766554933824927e+38,-0.007870942024725451,0.026278836155539137,0.04065711836888992,0.045472290845250576,-0.02046192654727166,-0.07609021650382354,-0.15849715451247715,-0.20392528865814927,-0.26336048263652234,-0.32220939411349925,-0.35691158378578314,-0.4078664764297312,-0.44937439257909406,-0.46051035512730987,-0.5639470930850947,-0.6074349858819846,-0.6399636041171987,-0.6581417652034782,-0.6855537615678851,-0.7033526914423355,-0.6741936158685887,-0.6468883168044901,-0.620857817697397,-0.5336723665828186,-0.5105200416393298,-0.4572498888946609,-0.5430703905832243,0.7224824318188079,0.612805962109926,0.39432911109729935,0.5234246069511057,0.587838010085044
0,0,0,0,0,0,0,0,0,0,0,0,0,0,0,0,0,0,0,0,0,0.047556917932815496,0.027895999898015143,-0.021931088028405217,-0.10065629056819919,-0.2076245072930364,-0.27125222867093424,-0.2968395301081007,-0.3310752284514133,-0.3537962773633594,-0.3798272783890909,-0.42059305331012947,-0.4312830825949854,-0.4840715987018963,-0.5234036780184966,-0.5614101303661886,-0.5729465180141687,-0.582259478173965,-0.654910204951425,-0.6706763738477158,-0.5532931315133327,-0.586309402533309,-0.6107757563035071,-0.24303347375885312,0.7071620868825054,0.7194209980677801,0.7525583881535328,0.7739535852789222,0.7740668570796115
0,0,0,0,0,0,0,0,0,0,0,-0.02030401524966024,-0.024534808205586536,-0.026782427373812603,-0.024715004901685524,-0.02390081937370596,-0.026630079520179404,-0.030825394238297728,-0.0339075888576496,-0.03888974339317164,-0.04015878269094123,-0.13792986783718578,-0.1913364601630974,-0.2546763103518176,-0.12989658331558118,-0.14546829460470526,-0.1522500969897724,-0.1868939239437957,-0.14312565098562993,-0.18188421664858206,-0.27770752041134655,-0.36333853668335264,-0.4065770647132162,-0.45938865058673595,-0.5803312274525635,-0.5879682582998746,-0.6192261710068748,-0.647684400339407,-0.7090908621699009,-0.6767223130209825,-0.24954526831486956,-0.19185965064212562,0.7376058325258924,0.03642612285762345,0.35795292813714846,0.608969549982267,0.7012962957074889,0.7393107902898668,0.7638933660826396
