jsons/1312912800.json
{"header": {"parameterUnit": "m", "parameterNumber": 2, "dx": 0.1, "dy": 0.5, "parameterNumberName": "Eastward wave", "la1": 40.97354507446295, "la2": 16.46031188964855, "parameterCategory": 2, "lo2": 133.9931640625001, "nx": 191, "ny": 50, "refTime": "2011-08-05 8:00:00", "lo1": 114.97908020019554}, "data":
[rows 0 to 21 of 50, columns 98 to 146 of 191]
0,0,0,0,0,0,0,0,0,0,0,0,0,0,0,0,0,0,0,0,0,0,0,0,0,0,0,0,0,0,0,0,0,0,0,0,0,0,0,0,0,0,0,0,0,0,0,0,0
0,0,0,0,0,0,0,0,0,0,0,0,0,0,0,0,0,0,0,0,0,0,0,0,0,0,0,0,0,0,0,0,0,0,0,0,0,0,0,0,0,0,0,0,0,0,0,0,0
0,0,0,0,0,0,0,0,0,0,0,0,0,0,0,0,0,0,0,0,0,0,0,0,0,0,0,0,0,0,0,0,0,0,0,0,0,0,0,0,0,0,0,0,0,0,0,0,0
0.2241271690592723,0.20892479025651142,0.19483830192162396,0.18156402926208368,0.13816186251773285,0.1003675513823458,0.060635065199909265,0,0,0,0,0,0,0,0,0,0,0,0,0,0,0,0,0,0,0,0,0,0,0,0,0,0,0,0,0,0,0,0,0,0,0,0,0,0,0,0,0,0
0.24167509468177692,0.19651600925440896,0.18549853420828671,0.17277291667597444,0.13713612026647592,0,0,0,0,0,0,0,0,0,0,0,0,0,0,0,0,0,0,0,0,0,0,0,0,0,0,0,0,0,0,0,0,0,0,0,0,0,0,0,0,0,0,0,0
0.2701490537950718,0.24723283228154444,0,0,0,0,0,0,0,0,0,0,0,0,0,0,0,0,0,0,0,0,0,0,0,0,0,0,0,0,0,0,0,0,0,0,0,0,0,0,0,0,0,0,0,0,0,0,0
0.3714674585707814,0.3457167816153673,0.32308866385450763,0.27007026844281445,0.27856097311626893,0,0,0,0,0,0.21511942436346532,0,0,0,0,0,0,0,0,0,0,0,0,0,0,0,0,0,0,0,0,0,0,0,0,0,0,0,0,0,0,0,0,0,0,0,0,0,0
0.4235382081870267,0.42092695770650335,0.41633590904763207,0.4085667515123309,0.3991712547672634,0.39318330545589425,0.38376701291038323,0.37664225772312404,0.37857836621882796,0.3660857484680847,0.3601451727095928,0.35895979164910063,0.3478528341175693,0.33955157222254334,0.3174934761367986,0.3117351061235602,0.30055943676726854,0.2789079621998121,0.2941658322480025,0,0,0,0,0,0,0,0,0,0,0,0,0,0,0,0,0,0,0,0,0,0,0,0,0,0,0,0,0,0
0.4306943871561809,0.430831795701342,0.4318854289446779,0.4265972741076756,0.4075113800966335,0.39668746594938137,0.39191316563936257,0.37832863899318636,0.3791682230392135,0.3729106077776595,0.364029119160624,0.3455440310319894,0.3184885365261603,0.3265849322723359,0.26162588580866586,0.4434248166461524,0.4914390105865288,-0.3857164683907115,-0.291791962536563,-0.2867031139611041,-0.2929003086000114,0,0,0,0,0,0,0,0,0,0,0,0,0,0,0,0,0,0,0,0,0,0,0,0,0,0,0,0
0.4414560152147185,0.4277314260315742,0.4219780733428999,0.4244430184798313,0.41345029943871886,0.4016910348387779,0.39102880236708065,0.3727175465623206,0.35329285476572597,0.35656981629885715,0.34366672386199937,0.32644579365893195,0.30157981948775403,0.2758050554352576,0.26637130796276265,0.2570895710654414,0.2413817444171035,0.2614260055159079,0,0,0,0,0,0,0,0,0,0,0,0,0,0,0,0,0,0,0,0,0,0,0,0,0,0,0,0,0,0,0
0.4600286857861659,0.435388387425345,0.4336941718228676,0.433202383829012,0.4188994155628484,0.4136491166437426,0.41203078389214115,0.3741248057555786,0.35844397460201294,0.3429066389220501,0.3157013095576382,0.3062371362890226,0.2909230622709557,0.2679782851541648,0.21681990401567408,0.18392213088065817,0.2306057886261252,0.33273005066635675,0.16916198616391495,-0.05742494795321991,0,0,0,0,0,0,0,0,0,0,0,0,0,0,0,0,0,0,0,0,0,0,0,0,0,0,0,0,0
0.4794521344377849,0.4701242772441357,0.47023268422430975,0.4673033760081404,0.4406464654225857,0.43065589787236835,0.4216022217229479,0.3952898880929668,0.3764900369664595,0.3217784042065362,0.26735411962504485,0.2414512319430053,0.21186570743711783,0.1954950277164666,0.2833288609607691,0.20867652257669073,0.3175199704398756,-0.5217122011559683,0,0,0,0,0,0,0,0,0,0,0,0,0,0,0,0,0,0,0,0,0,0,0,0,0,0,0,0,0,0,0
0.5324724723171692,0.5092737647697579,0.49706878592152637,0.4785576866197463,0.44457876337882174,0.43535387502243006,0.41380460212997927,0.3696916258458575,0.3622342809165866,0.34209762652547765,0.296044688619793,0.265139563337199,0.24045594673969445,0.2051926822566599,0.20609629141557598,0.2175404286993787,0.4302090547334567,0.3626625539897026,0,0,0,0,0,0,0,0,0,0,0,0,0,0,0,0,0,0,0,0,0,0,0,0,0,0,0,0,0,0,0
0.5712494580516344,0.5622538804758348,0.5581711918392069,0.5486175790403824,0.5215358548263874,0.5156276230377508,0.5005936575694547,0.4468000873155149,0.42538641201993,0.3920599756574103,0.36302018520638024,0.3470575273543227,0.34487848385539266,0.3344031462052424,0.39734463219495053,0.3023545250616242,0.4734169687749578,0.5163226069026179,0.5331621568778895,0.5367637698158026,0.5133735213295072,0.5305221087780541,0.5430387817534514,0.5595880039162859,0.5445616261874588,0.5678684950840361,0.5713297943008158,0.5556549671033869,0.5679762182855161,0.5828639749103164,0.5662376260647475,0.5749956538240352,0.5720094362073892,0.5745584752111599,0.5818019582928002,0.5846915859840426,0.5592187003065554,0.5394833157418616,0.5390248815107611,0.530606758287848,0,0,0,0,0,0,0,0,0
0.6013566531795509,0.5807514505736839,0.5758241700199815,0.5710562714084887,0.5541317496468273,0.5429944200234343,0.534918531751727,0.4918790488426492,0.4804310164263331,0.44508649086990726,0.3717278370379701,0.34400749270849773,0.3017769079795753,0.2878808411911175,0.281027688741198,0.3525208206862279,0.4313762442666277,0.5795123604042381,0.4385072320687714,0.5391346279955483,0.4865057186096033,0.4764494805277536,0.4630809867730168,0.5303031727143326,0.5257026738679502,0.5396214020265033,0.5473677228681789,0.5493709162787239,0.5390534334066928,0.5411714449598474,0.5680484708983092,0.5635766647129624,0.5531507915422705,0.550420062242201,0.5418548113430417,0.5432412630772935,0.5543462202911139,0.5440393367449597,0.5189538376203093,0.49940411111282546,0.48749221514634694,0.4795360545393141,0.462267713450883,0.46081773122154,0.4539012186101608,0.42860628817030516,0.4345769231109493,0.4467054308137925,0
0.6149534800029035,0.6037490400450753,0.6114175594628135,0.6231047188150672,0.6273768305800933,0.6155922934961813,0.6090783491981432,0.5778813533779237,0.5668745584379159,0.528649692052177,0.48208142230529516,0.4407777197860617,0.47101324739927386,0.6488673649228857,-0.5688541177274526,-0.47540021421573636,-0.4624577897608629,-0.5109560696881067,-0.49321331122861384,-0.2357481772743111,0.24840603688016563,0.3687276744357733,0.5203955591721207,0.6446194287555497,0.6649119828783842,0.6735358826579506,0.6109497976458286,0.594963678609503,0.5707171158636892,0.5468582520114438,0.530976822947693,0.5089555921150237,0.49008471251875163,0.48297201183487726,0.4791854807470572,0.4680429301828962,0.4585252476384857,0.46039917237383304,0.45979809052226284,0.4523232840459617,0.44349191041535263,0.44091877414081376,0.42612557967591197,0.4149703166901611,0.39940068731887957,0.4444952756844545,0.44581813719021246,0.37349379591764514,0.5905142825754244
0.6012313208499455,0.6142262934783875,0.6123796056110229,0.6150989481116745,0.614997938769704,0.6109313508995662,0.6030083851516126,0.6066768483444065,0.5880391337902494,0.5971293212812115,0.6114966299074398,0.5986158608870616,0.6071389394530103,0.5911532748303824,0.5925018021696392,0.6028023775810885,0.6271129250866674,0.6536601241543154,0.654000079554799,0.6509239267640382,0.6456141792452473,0.622418228045838,0.6342248493164286,0.6258262167820727,0.6247521934165249,0.6129096760650181,0.6022036607402541,0.6094204780719187,0.595127457249051,0.5869705467691856,0.5745986301355805,0.5425968696504146,0.5141046783970398,0.4961368576231103,0.4935385633665573,0.48406773378498463,0.4629625578407578,0.45839287946130947,0.446725103933431,0.4389132489862764,0.4468115835788375,0.45201990028798644,0.4850960503382722,0.48154995834416237,0.42538381412217635,0.37605801194107563,0.3511065745403475,0.42369650527679326,0.4408483502980762
0.6525979560105373,0.6428082077752972,0.6452487343865839,0.6496172155250719,0.6529720768915784,0.6528414232524987,0.6542828075323962,0.6474131840128479,0.6447679415627574,0.6402398501489296,0.6281226852645589,0.6269703454950152,0.6256066903276721,0.6251892589404068,0.6035297991688369,0.5997548561883143,0.5960660504970064,0.5876398028517269,0.591025136769349,0.5897872804637915,0.5891221351941077,0.5869126393027586,0.5746125963648093,0.5497426382268847,0.5356333179445147,0.521619730761332,0.5213370774914694,0.5237756144641705,0.5145582635611848,0.48681752392460403,0.4957042853386963,0.48328449212799124,0.46901788395956945,0.4528961944557868,0.4405089450116442,0.4295557941432596,0.4333570619766422,0.42017150996236813,0.4001328852079504,0.3847589718669431,0.38630513070307865,0.37913927449612034,0.38683446771560465,0.3975964566988142,0.39246556743216876,0.3593622196055323,0.369208121918461,0.3700892883873041,0.36696162020671913
0.632344546863514,0.6405307119931096,0.6423196980891299,0.6508291611392701,0.65262141868046,0.654983540975199,0.6666325581846008,0.6613244752733108,0.6627654582355639,0.6610833777277648,0.6418043421737468,0.6425903938850246,0.6426909774045372,0.6477451744392073,0.6240708907155873,0.6170490286838255,0.6151319851684108,0.5973746397696349,0.5985079630006175,0.5912119048439459,0.5679395715531256,0.5598526877621768,0.5560730124487333,0.5603781526759675,0.5621342622189087,0.5767290528308204,0.5405207532249051,0.5188176150961862,0.5167314763392459,0.5024752149593894,0.4672322115444517,0.44708107362527777,0.42702584488422013,0.4388001716870193,0.4284880186354878,0.4280568058025234,0.4034440272814,0.37385151865287247,0.36938491649546196,0.3845309694231917,0.38774007461743554,0.3860552854553316,0.39715294309396704,0.383566708638819,0.3686642760759901,0.3508177787375487,0.348767199979349,0.3213903939555601,0.2570509396256396
0.6161456877745946,0.641502262225961,0.6391504203484569,0.645462017107035,0.6525781681129313,0.6563808044523282,0.657439778743503,0.657509701569395,0.6557786296812269,0.6619889942462853,0.6383920288688284,0.6525017828291767,0.6458772962535626,0.6470730141813313,0.6434124125855776,0.6382604896659673,0.6419084448591234,0.6421287643276138,0.6204834431694012,0.5985747051471086,0.6068610513333816,0.6204382515113117,0.6121578304466185,0.604791300338203,0.5958215358063298,0.5879536460439889,0.5693619443123549,0.5656569511928958,0.571098298004208,0.5731708520952259,0.5421389167434829,0.5242223835451703,0.5258026999312777,0.42985848475950506,0.4146194969945065,0.3979478060575999,0.3747628181477761,0.35826395978054737,0.3688560162346424,0.383999634668395,0.3909526349072389,0.4031000310819133,0.3893686299684389,0.37569011751596426,0.3726438831332945,0.3509345364992792,0.33214912681288844,0.32914865677961946,0.3637531826521896
0.5930231707345222,0.5791408899165656,0.5956933771488289,0.6066496659800731,0.6295332752421252,0.6403447649041475,0.6454123412195193,0.6547635489856042,0.660937304807603,0.6678409872633535,0.669236123734704,0.6721462382572168,0.6738660842735436,0.6743315523034155,0.6566854825291946,0.6539951209730646,0.6448103900166167,0.6244557909626353,0.6447996182018607,0.6525736853250145,0.6477610816342817,0.6409372003964653,0.6345889581622445,0.6427676870896568,0.644914823440612,0.6324884236316612,0.6139639249161705,0.600554399594704,0.5876188871999334,0.581043428712757,0.5655039468312959,0.5713690267435888,0.5635141937802678,0.45703592247257013,0.4686848162826814,0.48026924733038656,0.4823907668958244,0.4857302572588671,0.47106337135382037,0.4307586526518511,0.4610028701436826,0.4670832374296385,0.3969321657386771,0.3903979110611428,0.3726111033787822,0.3507638989222322,0.3711947015494456,0.3700261921168614,0.34188132674053123
0.5736850302723788,0.5959404327121723,0.6129593733471698,0.6195474203095952,0.6298255984956741,0.6393725775479009,0.6454104512491067,0.6519573942683135,0.6552758104433201,0.6622002357620912,0.6628738777973383,0.6695820394142427,0.6753356537614937,0.675064781687097,0.6746957594748475,0.6743827197789458,0.6681499679960253,0.6554605745814718,0.6487268714885525,0.6436462815024633,0.6506234326349706,0.6534431935166628,0.6586898347716947,0.6725908367816508,0.6595053529529193,0.6463264645132157,0.6213231848173284,0.6018673141455398,0.6046681806875697,0.6043598778755246,0.5714212916373496,0.5538348298763398,0.5313833080620124,0.4838942579332182,0.4671491717924004,0.43882730501461575,0.4243701032089045,0.4316105136286754,0.4134563661195563,0.4221226511887916,0.40870359947222545,0.40617232380110396,0.4344690997675087,0.447146623606059,0.44761433408427526,0.41331893357767097,0.3958547393978033,0.3693283201334232,0.33826382311720304
