jsons/1312689600.json
{"header": {"parameterUnit": "m", "parameterNumber": 2, "dx": 0.1, "dy": 0.5, "parameterNumberName": "Eastward wave", "la1": 40.97354507446295, "la2": 16.46031188964855, "parameterCategory": 2, "lo2": 133.9931640625001, "nx": 191, "ny": 50, "refTime": "2011-08-05 8:00:00", "lo1": 114.97908020019554}, "data":
[rows 22 to 43 of 50, columns 50 to 99 of 191]
0,0,0,0,0,0,0,0,0,0,0,0,0,0,0,0,0,0,-1.1592437775016018,-0.5033283686138449,-1.1772507432215897,-0.3894389936409693,-0.47310630076503873,-1.5244714064919958,-1.6730020332416982,-2.973954080492171,-3.3965374717798493,-3.81269311058596,-4.040110841654454,-4.1463097736639165,-4.276198908597498,-4.57354269472459,-4.69651031898433,-4.811938703217464,-4.892594818880695,-4.81546027198207,-4.7113621842275375,-4.620661764258273,-4.405235514682014,-3.887854013129113,-3.4776521422754447,-3.016388935440899,-2.635443479075123,-1.6739159060514768,-2.688227006213399,-2.581082469699834,2.209521591454779,2.892213865531364,2.918924643607977,3.6964116154270488
0,0,0,0,0,0,0,0,0,0,0,0,0,0,0,-0.25156945564394584,0,0,0,0,-0.6864261908250507,-1.5279676752363347,-2.0888753241151385,-2.436133525861635,-2.708818686131478,-3.2728690074139215,-3.617614701241904,-3.8775502546035536,-4.165612898379862,-4.314236458627021,-4.431027683335793,-4.531918919135278,-4.534920196290708,-4.404432481645327,-4.2800343002386665,-4.07564861865251,-3.8164642368012607,-3.6369783043686907,-3.470056270556652,-3.0196103950618642,-2.7355739577566713,-2.421610023897734,-2.149202852984601,-1.461177635869345,-1.1421675345325772,-2.2872283232155537,0.24776795849799982,2.3986337331419127,0.9823990580617883,1.5568304124311416
0,0,0,0,0,0,0,0,0,0,0,0,0,0,0,0,0,0,-0.9680742630272222,-1.531578917011651,-1.6563776896302376,-1.9125140902802853,-2.4914633528006096,-2.8115510840103632,-3.1581899528996598,-3.5331979860768308,-3.704143373328735,-3.8473743191837393,-4.100574834814893,-4.194182579914757,-4.221590101140808,-4.270638176248884,-4.269096943751002,-4.130171208040535,-4.022335494492453,-3.8442262205743845,-3.53671170562787,-3.282549350110546,-2.955846895075952,-2.3830274627738866,-2.18904062646084,-1.8308095032288205,-1.5834734071184586,-1.045900257594906,-0.8231355321256598,-1.7464899217288874,-2.409011478674963,0.4931563754272561,2.449148705268255,0.7862235373649252
0,0,0,0,0,0,0,0,0,0,0,0,0,0,0,3.3038944722661223e+38,-0.5993761899052905,-0.7102561626728815,-1.201711978667185,-1.8527899872450524,-2.17774039859078,-2.430811892750567,-2.8544985959989777,-3.056858215060067,-3.2548153099841906,-3.4727309349647233,-3.5399585198382253,-3.58933703279547,-3.7107512193292966,-3.738585766814093,-3.677789518133522,-3.67865790655734,-3.600482328147744,-3.4507828528667717,-3.3140803439328086,-3.1558724399485283,-2.8136964454721727,-2.6848088428708206,-2.384395924450503,-2.0776227733718406,-1.953353888988536,-1.7696163503852336,-1.5279230656299725,-1.2206653514766337,-1.0556290959680537,-0.8824488504648826,-0.5188922720593315,-1.5381802108533174,-1.2337279857997858,2.9239723239862196
0,0,0,0,0,0,0,0,-0.26709916423350594,-0.22835985900038716,-0.6217199083475515,-0.4970117603384563,-0.7113490149938703,-0.8874303887785686,-1.3219031641987575,-1.541747798326628,-1.855290923015768,-2.015740469029929,-2.1448190144632013,-2.472871204878823,-2.58949564145979,-2.7407466500124036,-2.918557051552161,-3.005835819600981,-3.07089870413767,-3.203789701145968,-3.235638373574595,-3.269387949147737,-3.328208826792823,-3.3287326293460064,-3.2581559761910155,-3.186040781966189,-3.1439048316148126,-3.022060230468578,-2.9121260754978975,-2.703974340280745,-2.3863508695098314,-2.2821884053144483,-2.1249083924617587,-1.9625520780253456,-1.8297697869576557,-1.781907731303189,-1.6601613757895166,-1.3904111005802797,-1.2726770023700797,-1.1140454707447942,-0.8551509353020367,-0.6640968601771802,-1.0843882712333788,-2.1863147095820468
0,0,0,0,0,0,0,-0.11852472313761633,-0.7156201600123829,-1.1653086493199167,-1.3638403282023885,-1.5345177533725902,-1.7687238367183296,-1.8771479244432336,-1.9821869043729383,-2.0725452456531714,-2.2649219809916055,-2.3966549006332665,-2.526260567560195,-2.644200924902789,-2.700608202266485,-2.757590086657763,-2.9017253587891747,-2.9390574443955133,-2.9764131803420346,-3.0662947990801217,-3.1113892942246073,-3.1145210609973937,-3.1595239649154565,-3.148521689618872,-3.033374369729995,-2.995615584439347,-2.949182336156943,-2.78637389981098,-2.69451799207714,-2.5531538805282756,-2.4084492363135435,-2.3250565187164156,-2.259407822208182,-2.1473931906695247,-2.066940175260198,-1.9903605463560134,-1.8617925448764467,-1.6251334440668965,-1.5035607207770065,-1.3984117048332847,-1.1124990519221638,-0.9885027368625147,-0.8839036197883721,-0.7357551284651627
0,0,-0.6177759441401677,0.12628777406476613,-0.2720041016521307,-0.6462118660202045,-1.0056525872353572,-1.2609368463378678,-1.526317375776381,-1.6999497696770667,-1.8398538715257973,-1.9557279532876863,-2.1076059220369734,-2.20068057561982,-2.2802703308329373,-2.3482272837989244,-2.4712501147307466,-2.5172736979154395,-2.5996147074043194,-2.6729232518023998,-2.7204336761481422,-2.754908617936471,-2.8728865750025743,-2.9111189480336623,-2.9478410622479623,-3.003105863041213,-3.0123687416856435,-3.0171973097491307,-2.986935236440196,-2.9620896464159836,-2.88346593090311,-2.8850007987098194,-2.85421187059813,-2.7463948885599665,-2.707678151367558,-2.6411332802385075,-2.5204509811971496,-2.4435297027854745,-2.4107306750609747,-2.3112728306293397,-2.189859676317885,-2.0927656965994546,-1.9589938694120976,-1.7567481888770544,-1.5920301933044234,-1.4557882862072078,-1.2744067557349212,-1.1415910107122316,-1.0801494569466548,-0.8862678649756929
-0.3462795907178198,-0.53561669703441,-0.7788889436708138,-1.0447151783461999,-1.353014063278873,-1.4647236792419935,-1.6503864501011292,-1.7727000795324306,-1.9161122468504521,-2.0734055127052455,-2.1400650610618848,-2.246592744370764,-2.3399658871980615,-2.3977457345761923,-2.4563316865796216,-2.4628164802196744,-2.516475848878913,-2.578290762981418,-2.607095050597702,-2.6856879120358914,-2.7281905805088997,-2.755464695651141,-2.8162368573200323,-2.839316949981559,-2.856197505396028,-2.898227621002949,-2.9207577713459374,-2.9007341538264573,-2.9066002458105964,-2.8839035547661895,-2.830603255666918,-2.813095537635334,-2.7924127770404956,-2.704270213131635,-2.644584734209565,-2.605892369967187,-2.5292740208223936,-2.471813565238879,-2.447285122205517,-2.340724870959971,-2.2908096167315954,-2.1353612368116672,-2.0292130461316082,-1.7897382206331904,-1.6119783394454625,-1.5556013385948944,-1.3586948890885708,-1.2490314723582818,-1.2083236660657144,-1.0176354308319775
-1.1074894589136854,-1.3943274440544051,-1.519996998485472,-1.650148580128364,-1.7692229632799674,-1.8483054303039803,-1.981018872333519,-2.0539422903918902,-2.1911529967738703,-2.2815380120884172,-2.3435295680017654,-2.4135045973036497,-2.449198719127669,-2.4613063533778576,-2.469982473192515,-2.502855960151731,-2.5721051996693345,-2.6031733501081074,-2.6302111598930606,-2.682716018962934,-2.7101988517030215,-2.7465201251867315,-2.805223394581077,-2.829951496484115,-2.8393540646242084,-2.8631142572710337,-2.857165725506583,-2.820394889444212,-2.8284793743117804,-2.829627442421192,-2.810846645169651,-2.820166807396533,-2.7997759419627912,-2.7362649098776126,-2.710838430833587,-2.7157549258634424,-2.6096485668107245,-2.532940535617305,-2.475043915633374,-2.335907892013566,-2.2318952860234393,-2.1527685636302127,-2.0161796244591565,-1.8648087790510797,-1.730662706489742,-1.6183448378394762,-1.4510923789937737,-1.3280798262676676,-1.284239017914226,-1.1370275016472058
-1.4644402157670968,-1.7090615054325504,-1.785606211817242,-1.9086464843738489,-2.0324422054268503,-2.0946057349531157,-2.1638015463331035,-2.2355874091831054,-2.3056348924406835,-2.380636506795134,-2.4141474958026543,-2.4440690196342443,-2.4689468649562145,-2.4879081995445214,-2.514353439323148,-2.53638605638601,-2.599833715017641,-2.6465633275577454,-2.6598143783067356,-2.7046405326052216,-2.7283878251582414,-2.7510133865597215,-2.7930636609856196,-2.8067803789757586,-2.8098867789157365,-2.824119922158539,-2.828179880900001,-2.828982758692312,-2.869219417539006,-2.8797343422496127,-2.886492298492326,-2.9417033766045884,-2.954070713431323,-2.9313397331427424,-2.916575788127433,-2.790691969320883,-2.621858186747516,-2.5180045526874753,-2.4115415661938924,-2.2916862925278747,-2.194219309876498,-2.0947877225267404,-2.000788658662413,-1.8546291099924566,-1.7681113384770033,-1.6176129283265672,-1.4610370666012626,-1.3770994988250185,-1.3310363856843561,-1.2473874591009448
-1.75826791501799,-1.8704830406064878,-1.92523314244563,-2.014046241497128,-2.087201648489332,-2.152485982009105,-2.194674600290596,-2.2404721054542147,-2.2737572937438624,-2.1622099906117427,-2.0690462412221002,0,0,0,0,0,0,0,0,0,-2.1574172856488856,-2.509752491525442,-2.78839398733816,-2.8495846605323742,-2.9215898339602986,-2.9865024753447615,-3.0063918185309144,-3.0323753928821207,-3.0943170361311245,-3.117541666666356,-3.186528104220995,-3.1966440134581435,-3.1774588057393065,-3.0883678675617405,-3.01566633648317,-2.852560324636565,-2.712489810965132,-2.626938761835777,-2.5211095142406927,-2.3328370705265344,-2.2105299809320695,-2.0967869105474186,-2.072435583957417,-2.0236724000045268,-1.9005504843744776,-1.7635795886817154,-1.6174162912577725,-1.5438743180890502,-1.4953126755070734,-1.3696493074043787
-1.6889482323821414,-1.7520040295471233,-1.7712088045895231,-1.7400586142675751,-1.6876530456527543,-1.5848154097261964,-1.3778769940206679,0,0,0,0,0,0,0,0,0,0,0,0,-2.0040846722537236,-2.335231170812539,-2.555482188839071,-2.7628827974727637,-2.836717524157358,-2.9783164191569744,-3.0664263306008475,-3.122133064456696,-3.187934944396802,-3.276374798392776,-3.293045874447229,-3.316538056652841,-3.3080239364283774,-3.3225939117802734,-3.309845248628796,-3.2578445417523865,-3.13959488064532,-2.9620716910424663,-2.82098363561001,-2.631085241754441,-2.696688860650063,-2.6339547698392476,-2.5077740405854776,-1.9458062557241753,-1.186799699332073,-2.1988390798639967,-2.1575236340744475,-1.9226435388359242,-1.8157981826225156,-1.7341744128055807,-1.561197666616697
-1.3583752329219807,-1.1901359666636793,-1.0870242634429326,-0.9628383592203755,0,0,0,0,0,0,0,0,0,0,0,0,0,-1.7747162092692246,-2.0236717533658455,-2.313140685562197,-2.516894358573526,-2.630719046146294,-2.766364322938455,-2.849580161990748,-2.9475664113309024,-3.041816467979226,-3.0835116263442726,-3.1470168968281884,-3.21876436481754,-3.262695563940243,-3.299194612400763,-3.296386837437285,-3.223094622239389,-3.141357700231339,-3.0310859935142984,-2.7431219865938505,-2.3489490709738323,-2.0508067067990208,-1.7315405935448414,-1.8183827922533005,-1.849845505167249,-1.8718204014079696,-1.7620841574925874,-1.7574894918937831,-1.8046385480025882,-1.9262938941176522,-1.936653851838088,-1.9724047389209252,-1.9040703348833163,-1.7920312624593162
-0.7465146777177422,-0.5024017426853451,0,0,0,0,0,0,0,0,0,0,0,0,0,0,-1.9387444189486718,-2.1434123029192493,-2.300622047762528,-2.4529684811331287,-2.587769437489913,-2.66413450130867,-2.7555686393901646,-2.8144324401377476,-2.886821574985596,-2.9683721876031175,-3.0148110498470477,-3.0410648240985427,-3.081830270347016,-3.088741877230128,-3.0904342542568175,-3.016344983040961,-2.959156254939269,-2.774462792400923,-2.6771809408633973,-2.514152288426657,-2.3967609684109332,-2.309450553587236,-2.2171836337612425,-2.1515283464836332,-2.133003174780645,-2.138604236873519,-2.1369514350189576,-2.102644509845616,-2.1200779846001137,-2.1461976960365203,-2.090484533446595,-2.057037157438418,-2.02180532352651,-1.9422418037356675
-0.5039183579518771,-0.12059464760213028,0,0,0,0,0,0,0,0,0,0,0,0,-1.847293429562203,-1.9872960280673804,-2.166684611567063,-2.3199797045210633,-2.4040511839967156,-2.4801517976378302,-2.5700994959234187,-2.6309830483650543,-2.7137334333149585,-2.7654209840742476,-2.824973188670383,-2.8697926013628257,-2.8790970352012977,-2.89660118837559,-2.876414324510944,-2.878439511318924,-2.82773985036268,-2.757106642598476,-2.7184271551738988,-2.621686787893892,-2.5613647219859197,-2.4747567661199104,-2.4371985001859082,-2.4019522889833738,-2.3750204618383113,-2.3331830230727917,-2.332298114163993,-2.3213306863302496,-2.3189699142206126,-2.2848409376469827,-2.2921796232426934,-2.2796192786178184,-2.1923784728961024,-2.113450001845141,-2.083591392092764,-2.0200190943635388
-0.4237035912726656,-0.3138598482947542,-0.36171091434736513,-0.5121131429282296,-0.4542789016975503,0,0,0,0,0,-1.6045346128022886,-1.6543390583980215,-1.8563354937987524,-1.970809980208301,-2.093950458570461,-2.159196524832197,-2.249545083869397,-2.348037274254172,-2.3955437900724608,-2.4546118298356814,-2.516747195266114,-2.544938462317801,-2.56420854215715,-2.5889788197140557,-2.618620625733133,-2.6225439941478497,-2.6281992907575646,-2.633673029803227,-2.622464381789242,-2.6088982993759275,-2.5833184043840864,-2.545381495181244,-2.523177026749899,-2.4772282720642886,-2.4689469754123823,-2.448802039183571,-2.420957102137373,-2.4360177548451625,-2.474124592396648,-2.475907145402386,-2.478996748343184,-2.4883262048461727,-2.4843620513816442,-2.4821847102020644,-2.4325160708997067,-2.4051820154339607,-2.3592634550553258,-2.351287873310991,-2.311077681508472,-2.2719625828412293
-0.4484577795482224,-0.2549892520310007,0.5715041269902273,0.49903272832573614,0.45473735778598895,0.5391136882619181,0.5924072042863229,0.834032306637934,0,-1.5615115629271346,-1.765395269944176,-1.902635350269715,-2.020706156778501,-2.0790606719595646,-2.162679318615576,-2.209062753655488,-2.254817657610136,-2.305614273199972,-2.3370947389584127,-2.369953615012998,-2.420937461260721,-2.4364980334172768,-2.4495264924041993,-2.4532217488115626,-2.471082847308174,-2.468898705279297,-2.465962369457392,-2.457704779812884,-2.4411405438048432,-2.4418873855362384,-2.4271106676210725,-2.4197633307675717,-2.408991180644643,-2.4153500758710345,-2.4356331720254527,-2.4686312438562337,-2.488411912391024,-2.4906743559114357,-2.5253601038082465,-2.516902843093063,-2.519720640126653,-2.5088811054337885,-2.492281439767389,-2.4598359883937126,-2.4619549440834785,-2.453319429672941,-2.4123979924949683,-2.4024712790513005,-2.369726196281474,-2.318254916796636
-0.9083509741141236,-0.8868671527486585,-0.931559109841147,-1.164544172509367,-1.249157230743558,-1.4838173712988902,-1.6759013267906677,-1.7725619029046211,-1.8896530366653805,-1.9434899896664803,-1.972271611677716,-2.03059295023973,-2.0674857554822643,-2.0875733482748284,-2.1429765953924034,-2.171141034387913,-2.1988971490266427,-2.229745717012726,-2.256251997782786,-2.2758180294351327,-2.299828467781997,-2.3105915436024467,-2.319285693517863,-2.324735578894692,-2.32252760124115,-2.337906300721875,-2.3475904714970146,-2.345392653458218,-2.3559811484216038,-2.358719504346131,-2.3751215901201146,-2.396812457391993,-2.4256873970979296,-2.4322585280864706,-2.438139515740462,-2.4695316140203447,-2.4666582332359597,-2.4760231404955038,-2.4909958037417703,-2.480984436863785,-2.463637082450802,-2.4740303199749833,-2.4704551228071843,-2.449439785582858,-2.435274276179959,-2.4144979025051665,-2.4068437657686443,-2.4053749524846295,-2.3785549617013317,-2.345110860597726
-1.3340219809353824,-1.3961104941096627,-1.4507590893492717,-1.6141591435430767,-1.659758509760972,-1.717297969569042,-1.8036968731543312,-1.8112413539103325,-1.8703443465410126,-1.895817820443497,-1.930334182883942,-1.965928654721316,-1.9962217112048943,-2.0165531540571346,-2.0566568008811092,-2.0706486407031592,-2.090602697583918,-2.1245807774127274,-2.135419181745486,-2.166987090793008,-2.1788960835873232,-2.1886914373563218,-2.1825366535551596,-2.203905424306483,-2.220474550565966,-2.2450776339343745,-2.25839370776908,-2.270426920768742,-2.2992500203098074,-2.3199998778971422,-2.3399738663769636,-2.3617228103933083,-2.3726800387691744,-2.3831228504150683,-2.3886487380037154,-2.415568106077964,-2.400652091771717,-2.4111819304236115,-2.4391434248951076,-2.4128646202796253,-2.4070229517851103,-2.4226702445311337,-2.412236591914719,-2.3906538870705702,-2.391077778101947,-2.387792704981067,-2.370023274372414,-2.3720575606707,-2.3520057234104668,-2.317273482603071
-1.5079932629480677,-1.5853003718435612,-1.6034300170721891,-1.6679379824023723,-1.7149935287086338,-1.7302971553258917,-1.7638084515018255,-1.7908391898083695,-1.8146427155631684,-1.845618504953426,-1.8532316061815257,-1.9032554533591222,-1.9285596548378083,-1.9507681486223627,-1.9759443634140772,-1.9841635202067718,-2.0167896333382087,-2.0335953062503056,-2.053517715540579,-2.073423244122426,-2.0878466889741056,-2.1005256297799337,-2.1131196602228304,-2.1197003539868757,-2.149845074120204,-2.185868087186631,-2.2064711726813573,-2.2332043498371976,-2.2622069358808994,-2.2804428174175184,-2.2832346270286754,-2.3149223118762103,-2.333623214938596,-2.345353589914735,-2.356000456619996,-2.3700702763818553,-2.3671101847239195,-2.3707161900525686,-2.3865717712863264,-2.38054607381617,-2.3882250865737276,-2.3791970173091608,-2.3659620079409427,-2.3404617508171017,-2.351870062384924,-2.3547437465254397,-2.33371840191723,-2.3212212311812874,-2.31597510325354,-2.279471220050037
-1.4970525295007526,-1.5537214143096938,-1.5868726091454544,-1.6190808008436155,-1.641774534651664,-1.666971496668117,-1.6815415099591258,-1.7101595178747855,-1.7542098906066703,-1.768111167215248,-1.7950154306628798,-1.8336878179520006,-1.849177448055863,-1.8687640610965353,-1.8896915790870328,-1.8979460921170506,-1.918608269255313,-1.932821572244652,-1.940437655346266,-1.9836154834206134,-2.0088580792896176,-2.023714886166768,-2.0775317554782657,-2.087089774868922,-2.1050136617301254,-2.1433935660501615,-2.1574125468031005,-2.177289004641726,-2.203500022833905,-2.2115761406435586,-2.2243892996821546,-2.2458777858037196,-2.2592017609225343,-2.2632761708877402,-2.2771887046360715,-2.300499088311904,-2.303284020427342,-2.309947548934589,-2.317582996106459,-2.308592628450143,-2.305845237438998,-2.3156655527136722,-2.307773300488828,-2.2931952070200388,-2.2904963215629803,-2.2893814583037404,-2.2795905093927145,-2.2726471976463225,-2.259310018201323,-2.245195221573015
-1.4956194900283368,-1.516948672432981,-1.5320091814492085,-1.5712787926282477,-1.5977630463860992,-1.6174117775041472,-1.6542259065382074,-1.6634825862898421,-1.6926289489765587,-1.7170976206643058,-1.7267762943309988,-1.7607096630858328,-1.7839387565751894,-1.7878948014687612,-1.815915478430411,-1.8398902275637992,-1.8634627775840957,-1.881353659653783,-1.9001712067716083,-1.927222955993949,-1.9575760020870714,-1.9740999999381996,-1.9997626519975737,-2.0279549380160797,-2.055249524593311,-2.0801046266593484,-2.098051351456455,-2.1203554638719795,-2.1292325656699824,-2.14360973252448,-2.166723546333588,-2.1906013455239126,-2.2058138535456284,-2.2166030468942366,-2.2221480012736667,-2.238755121158734,-2.2420023712448582,-2.2393434324253665,-2.2546434287847887,-2.2507499150746098,-2.2488525966169135,-2.246901439662476,-2.242218829366182,-2.2379729360347205,-2.250282569103708,-2.2406406874736224,-2.216853026385841,-2.216887342153898,-2.220105748150972,-2.2072332246968838
