jsons/1312570800.json
{"header": {"parameterUnit": "m", "parameterNumber": 2, "dx": 0.1, "dy": 0.5, "parameterNumberName": "Eastward wave", "la1": 40.97354507446295, "la2": 16.46031188964855, "parameterCategory": 2, "lo2": 133.9931640625001, "nx": 191, "ny": 50, "refTime": "2011-08-05 8:00:00", "lo1": 114.97908020019554}, "data":
[rows 22 to 43 of 50, columns 100 to 149 of 191]
0.8835003426716503,0.9535866879365976,1.0651335939013857,1.1250073207696485,1.1862083573015625,1.295212920195403,1.3466415849581466,1.4533359954987966,1.5527517656222436,1.604289412122659,1.671238430947674,1.8085456584609292,1.9325266245717627,2.0369440895341735,2.0718684273665477,2.2548887526798835,2.344330311851064,2.438284447962019,2.5469717547167408,2.628143302808852,2.709548940676045,2.8615596379691626,2.927839299878391,3.0189398089307447,3.179756499982924,3.3303648017001164,3.4500439435706793,3.515542209655199,3.684645592197472,3.7181225123303023,3.733844577592362,3.8410879767023056,3.8501550333285532,3.894499587241763,3.951038521452147,3.962240946017024,3.973128184029891,3.9785147561760414,3.91262490861156,3.7973740359041277,3.7525807969040255,3.6704175925958396,3.4526418495099005,3.379539556512505,3.265950121504737,3.112773149173453,3.038427426049879,3.0227283307471016,3.034575940656435,3.1400533909746198
0.7000140813916389,0.7769079426370321,0.948166393042808,1.005086408880371,1.1168388741050936,1.2402826158417743,1.372612308079514,1.4702423246836271,1.6628853171196158,1.717590580467042,1.8232589896575309,1.909800208357781,2.049825631262638,2.1654778833607295,2.266634933877526,2.4825759886407717,2.576820575115993,2.6989106649046617,2.8825839790670966,2.945586027073245,3.068071415583249,3.2221646958648473,3.3427286196819854,3.478846234633334,3.6828442523453955,3.7812344732457954,3.799902165579035,3.9593522076515226,4.164712374702228,4.20805925247246,4.255297948914723,4.3721410740502265,4.4306682147502086,4.44961403422907,4.58545062892747,4.523932624652343,4.524312604304675,4.5717599292223055,4.51241513233923,4.362870457498048,4.222352597736128,4.07892260792463,3.8104238783988653,3.5082215486722585,3.296813274124524,3.034844514384536,3.0174750860444832,3.1060044529294744,3.223597194195174,3.47484914891216
0.20773433839538108,0.27052693333831984,0.4861408393709773,0.5662774698254466,0.7036368002845147,0.889777227449948,0.9477600992872837,1.048277976505098,1.2538819815191478,1.404778011181067,1.5622315110376621,1.6964049987789203,1.9747512563090763,2.1131089479501832,2.3163449800861353,2.527493491877597,2.728929493459842,2.847924053224257,3.087020694308008,3.2755833446069778,3.345168565726366,3.5811732346138734,3.7015237938567926,3.798145487967463,3.9884521641761483,4.109257261436681,4.111926537711135,4.2582141635167,4.47511431392511,4.568863032205326,4.712743828467437,4.901359671441717,4.87709511107606,4.946616677856652,5.091205621482825,5.064623488789543,5.043074405956441,5.071847018989213,5.046245047673428,4.812815557395012,4.714566621314501,4.397151614207902,3.8408549443005797,3.0553807562164494,2.7145166640707914,2.5022200714857736,2.530266842403005,3.0599274184160934,3.625746167794734,4.075875704447571
-0.7917158070808575,-0.6619299627596811,-0.41036261209513575,-0.3124590885057948,-0.14233158976582652,0.11452974788707777,0.33980125559108043,0.46829750010041343,0.9546479817609521,1.0568487416550159,1.209312245290453,1.534496174875997,1.9146977832325025,2.2184895440399455,2.3523264662389702,2.711554879536113,2.9030844216380607,3.076539197874546,3.447889174372464,3.605257115776313,3.8134951391740444,4.069881546557356,4.1541165243780735,4.332272190921072,4.570818375400654,4.653044015217255,4.734210114082026,4.820959047160649,5.128245036862075,5.224366603358849,5.351629301386337,5.55942327901791,5.6037254265733,5.716059361422177,5.923835617670764,5.850186371542971,5.917278270193632,6.021698141360508,5.9753893959934965,5.725060241826093,5.567363345504918,5.032269424976911,2.1434199047892544,-1.0125402980875373,-1.6576420595435488,-1.8860133069883238,0.25731008714869624,1.730019358039244,5.013928612187697,5.363667613640499
-2.082952006646965,-2.1130468919160985,-1.774295022155193,-1.5616338290222243,-1.3395180391992758,-1.11083235170492,-0.8045025636589767,-0.6433163496251235,0.03386928240737958,0.29942675185910606,0.6508211240346204,0.8761786502486778,1.5955455146942168,1.876776558053883,2.2355177830757422,2.811677701654101,3.093262871832311,3.2745578421750765,3.791707402694442,3.9044214439892797,4.18962020206828,4.485253214604497,4.7777121383011,4.830584163201835,5.1000680792568645,5.187900593737443,5.190094870518839,5.398115189805658,5.762304317119298,5.847460877212115,5.945118146475002,6.322756415723944,6.462963562398925,6.603957550694983,6.948363675218823,6.833920795511766,6.856921575672928,6.940985270626774,6.614648057209274,6.228019678615467,4.873801781558077,5.647471534003261,6.705818700170255,6.5529678389907495,6.522061302998356,6.332684990799498,6.235493233468201,6.181678799937405,6.010669971408871,5.92499018162331
-4.325443301382502,-4.303688063982138,-4.163009651017745,-4.033437530659334,-3.861242781308659,-3.4003787355020627,-3.003467216311488,-2.833789310218331,-2.106822586350961,-1.76649874426486,-1.2483120188781465,-0.7484456909730214,0.35842139430144015,0.9370523259210165,1.227126295799827,2.43593784032511,2.6419619031921733,3.1787726606902313,3.8175193583675493,4.1939999215664585,4.285186201418656,4.783185820478092,5.040546039806147,5.023609277435432,5.235938854896046,5.258996798763497,5.156396658251993,5.291127257520791,5.660372363999899,5.819710002524093,6.194157861780398,6.7099934642396395,6.789919552241415,7.14903064028357,7.640318297261556,7.718834003272111,7.765138715999394,7.829468931323346,7.80001957068047,7.592261328724679,7.58264409071492,7.531144188206664,7.278611111890292,7.149562973181961,7.033072525715666,6.804320066293341,6.659064708106806,6.598691595234115,6.379061206411259,6.235520641728642
-6.5765819677346835,-6.788363603660745,-6.664460732437278,-6.720711316504542,-6.816792232513461,-6.546571667773391,-6.169115343258264,-6.149837194942245,-5.449223655521838,-4.6902057060837015,-4.1295028027051925,-3.45965360135216,-1.8095721487512286,-1.3419901667280743,-0.27363202894916383,1.387379376854398,2.3522369277494364,3.0061305749712153,4.2785604176533,4.892223765208962,5.159756281622768,6.055571487542037,6.356576564223393,6.319960802000218,6.6630867025644545,6.54849728082916,6.161699876962417,5.77331715867918,5.178147531559674,4.405364288106168,3.888250016344331,3.5219604834257576,4.708352175876713,5.79153246455661,8.330574693254214,8.825415181076028,8.816493656168063,8.743414440263342,8.600725333077758,8.194718227140891,8.130317436100412,7.91868876726858,7.596207328182473,7.4643781768252335,7.340543639786905,7.060387242866042,7.013715789456147,6.868298050694109,6.678257758476716,6.486153922335385
-8.648038802381642,-9.015093377327103,-9.173755745871311,-9.304137687084458,-9.482078428017891,-9.545594046021685,-9.481362142209901,-9.143136991769344,-8.747379732656142,-8.305062764624173,-7.475995972300034,-6.847994864329326,-5.593175813517796,-4.457483284560334,-3.9075279515795542,-1.809955086822432,-0.5804915906061674,1.5094004881823349,3.9100509244437616,5.004899308035586,6.143184103404574,7.209373562805228,7.764849885219902,8.118064837385681,8.58276367174109,8.507056369166405,7.799221327471674,6.867447566820239,-0.05616375293599636,1.6403119679772404,6.213858822343761,8.94777429906806,9.794827701216926,9.818112135387835,9.750594164178034,9.443474710124978,9.225199474309772,9.028243621348055,8.814297756450417,8.461597561224686,8.30736268595382,8.109127719830452,7.704599201589157,7.530748314957478,7.3711921122694655,7.113917006677189,7.012812264804037,6.8255378419491715,6.619603062452725,6.435319584762724
-9.110482529161828,-9.410234384162571,-9.5587216624095,-9.599418870731443,-9.680806626762465,-9.685325410215093,-9.681494725855101,-9.574038380864788,-9.361590713213186,-9.084522162132028,-8.578359431088995,-8.213698630392773,-7.680147873762514,-6.859389363757532,-6.468357186482388,-6.76466853663143,-5.1929589775893605,5.771522314846991,5.843247218059036,5.7542480382828325,6.007572636542917,6.45427277709707,6.73206751419745,7.490737228188767,7.86943388578531,8.18009519925311,8.868396824948038,9.068648494706833,9.253638939573676,9.50122409512013,9.540976325951798,9.581132727779915,9.334534457242647,9.188401194550302,8.964631113616278,8.664114342065705,8.574016201008693,8.372287465678928,8.214497518721457,7.9361017943198275,7.769194360131847,7.6660935627562425,7.306460711428837,7.1213712046839355,6.977493861768105,6.739230679578332,6.573567357732072,6.408275412255134,6.203496345505886,6.029444709383563
-8.55831905936869,-8.772374394377765,-8.76447337007409,-8.729386818264361,-8.82813982760726,-8.594204832138123,-8.403984512755656,-7.99339943488214,-7.244861007917188,-6.952600499859786,-6.201016338230213,-5.851734167721424,-4.63093540183804,-3.7871152595995774,-2.9931064782484973,-2.051462066791533,-3.436747950934035,-7.310311624762571,4.684904708322585,4.661718699142607,2.525137771903628,3.715548774230571,4.49226969031586,5.314364523863807,5.934263213566993,6.449603903345676,6.787835201645588,7.065250702889799,7.350635085449842,7.506965380042665,7.618268664159202,7.695743212432597,7.693815045132245,7.669824105366483,7.589796033232178,7.394040540181139,7.286747699456806,7.225751996789698,7.1617047260641264,6.884269450954483,6.804760582630151,6.728211451919724,6.388115259016094,6.279263676004598,6.205981651411498,5.943964817962963,5.87356720640649,5.749169331352039,5.602513125220273,5.5551011473505145
-7.357015879301687,-7.410062547541679,-7.101243676925562,-7.435273393387859,-7.776145051770124,-7.242692712416572,-7.061294670003566,-6.7612415872223295,-5.9764066852227495,-5.354712274484614,-4.67869564001352,-4.296683421433717,-3.283350198319184,-2.6517886327871136,-2.2327660426383615,-4.203870242396875,-7.392589607305038,-5.310464710259545,5.104387730263505,2.361263290080883,1.554668124432541,2.3873785770429654,2.5465334451830604,3.0150888455438083,3.713862567070577,3.967086823363819,4.222577541749604,4.481891641768167,5.025010051044659,5.064957232990992,5.185107437418489,5.424933137547704,5.43946407522388,5.4419554532703085,5.535232717710998,5.596905756086634,5.642649259606976,5.656263551105216,5.66091195371814,5.604573714751744,5.546674255193916,5.480140852559238,5.3654610441145225,5.280120158215982,5.213226098087666,5.071637445235986,4.930425808763001,4.872354445772275,4.7694598474706345,4.616660221922225
-5.838077543624744,-5.8813964896623325,-5.661954547000016,-5.530465013730194,-5.529859558915405,-5.409551413718128,-5.396386109158669,-5.293485665068024,-4.754139860922118,-4.505990602542411,-4.102108735417373,-3.86923842797627,-3.079542033432277,-2.750477437591904,-2.351154847267813,-1.6497508216434615,-1.7042131400857,-3.1973647128330076,-6.179262470012131,6.560034411147859,5.50946048408776,2.302399747881381,1.433049296552594,1.7111360494629217,2.198703366875153,2.323402673589881,2.6127539733669543,2.831590414992219,3.2246499429424684,3.3572571326577165,3.4287570666997635,3.867282467524497,3.909614118444189,3.9323918870329417,4.224178056326804,4.1724341311419035,4.185832670937548,4.207616062256374,4.317158606724789,4.252913780112464,4.26322191500089,4.302144931040433,4.140972489045604,4.125903914383416,4.13662011183827,3.9631387256999955,3.915292011956398,3.9322825698625965,3.776505771094475,3.750330740175649
-5.331055294111701,-5.33692118702218,-5.187576643116245,-5.182520667346642,-5.146897052972591,-4.896137158218502,-4.739798029867239,-4.691846150494935,-4.344881386852337,-4.105884316372743,-3.9816811614472623,-3.687668068753729,-3.2054945710916485,-2.9547570235664566,-2.687125572645035,-2.2285374342042967,-1.9988830775960638,-1.7039165167494048,-3.540113933845034,-4.259104124014345,-6.617496395285404,7.024759590799123,6.348256501344381,5.636424578237191,2.941217851581171,2.5263703749397592,2.5227364289901435,2.176529877732443,1.7882622180704184,2.0149179082611868,2.1122792252178386,2.3617549317830555,2.3546508099388896,2.4894852546663597,2.6767704495392346,2.7153091746945566,2.7975361395256253,2.8566876301832465,2.8752488167134636,2.888638439525625,2.9209211439104967,2.9704509697250807,2.971053122786115,2.9556348077728867,2.9119217654538327,2.827620899742808,2.8766492537401596,2.8312539502005794,2.800956278103747,2.794833656995132
-4.722484340397479,-4.755766159508363,-4.60844620508891,-4.579943463188231,-4.526790790639996,-4.346921450761054,-4.305482668608751,-4.215872637643985,-3.9354901423903197,-3.8092572416870905,-3.653720009915314,-3.5481826859479395,-3.1819370604953163,-3.017045169010578,-2.966928643778314,-2.5987282710173023,-2.3385551965572637,-2.2408707005340442,-1.8924907223992733,-1.6390792514735466,-1.428634622955348,-1.7430022436999486,-0.8543160347522883,-2.8828973167155123,-2.712774941365753,-5.595174038822411,1.8912242474028045,6.139659382006065,2.739489113690384,1.7727522598320897,1.197807887952664,1.407886485694618,1.4107082690822792,1.4076080021245232,1.377321561270082,1.479690073324233,1.5253566840090365,1.6674430466581887,1.7574334467523245,1.767380280327107,1.807619930926259,1.777569829453879,1.8319627638626084,1.849971213559236,1.9368590639958545,1.9634025504913826,1.9916475504360855,1.9456597584828634,1.9213639484490632,1.9233941419411416
-4.437939505730292,-4.482297841524053,-4.40690099060732,-4.394346727762587,-4.386941058496277,-4.254089521798479,-4.147243186628468,-4.123060413410469,-3.967208952873288,-3.8570613724037317,-3.757024760085744,-3.7311970566895742,-3.514558347933495,-3.495601221857946,-3.3475883654498775,-2.9775295205811045,-2.8489626836061666,-2.671493710513125,-2.4559105431849506,-2.2721517581527984,-2.222036901009372,-1.9547227397977707,-1.7291910790613534,-1.51223252894673,-2.457410771802347,-2.5240381664097398,-2.291038480222125,-5.812552739128981,-3.4528832272185723,0.3395347607420085,5.267073436933594,5.244914100206938,2.887523787788112,0.6129967892324193,3.6004000552560287,3.580451182351265,3.2894139247566243,1.9046188454439892,2.2237461981672086,1.799917560066451,1.7003698613265623,1.6887877397181357,0.8630721201193778,0.9378992983491791,0.9439707531853083,0.9608602767776125,0.9623786624199019,0.970645226997708,1.4950316876614849,1.0780728598287332
-4.155646886774473,-4.202026491504281,-4.115488596789093,-4.123178213245855,-4.1190941651695,-3.9695104108587884,-3.9672651238259333,-3.9297559830467415,-3.82091815392064,-3.734377970475947,-3.7160414732679694,-3.6508498945412806,-3.5125139092648023,-3.4410825828594214,-3.3236069428830177,-3.1954043454380274,-3.070742230717743,-2.9722638082282455,-2.7958346616416976,-2.6774432004533533,-2.5580582923798674,-2.2766718247238713,-2.199132991575667,-2.059228820864987,-1.8309255406132576,-1.6842386077855689,-1.5166792013682089,-1.3800803887761104,-1.0398324376778278,-1.0030314918552536,-1.9720994989718945,-2.3425450860874375,-2.3413268305751864,-1.6825022890105263,-3.824443536660765,-4.195475457042929,-4.663739382400827,-4.759679689220202,-2.7077059882307903,4.361869102471143,3.087502474833866,4.285557256563809,2.4709467658142428,3.3072843887948142,4.4312530275093724,4.257964745972478,4.487727471721378,2.5128270221216664,3.9380243926962932,4.167359351598745
-3.9085034297818475,-3.9305008020365104,-3.8703028859620106,-3.8899940131883772,-3.8787868943516006,-3.8093078056884146,-3.7781322336846577,-3.7864462154120346,-3.663944659153525,-3.6736047952647404,-3.6389325119717886,-3.5780948778042276,-3.4904928286744177,-3.4465349138904733,-3.3807709661068572,-3.240980817655918,-3.2027650171005684,-3.1506757002599377,-3.00581120128919,-2.895197565420573,-2.811737076595946,-2.6594112976788353,-2.531509306014001,-2.4990403056255617,-2.28182302211531,-2.1743182237037004,-2.116875598478499,-2.0910355992570087,-1.8226566162104376,-1.6910798729164929,-1.6200785765735215,-1.4755058952999334,-1.3814802110430946,-1.284156247427502,-1.120451604030166,-1.0013341791568737,-0.9703160294370181,-1.630545754701585,-1.666677350093793,-1.3804132266679638,-0.8839991302334584,-1.355375673727247,-1.523396498298593,-1.7429082435545036,-1.0551298944968877,-0.7128983747787029,-1.2139149576762622,-1.961488140786912,-1.9558417188999688,-1.9180316918125657
-3.684867198697481,-3.747728935730839,-3.713718972191372,-3.717161267692368,-3.73639682181773,-3.693024335259056,-3.6847349086436743,-3.692719823597346,-3.622694671840786,-3.567764855616961,-3.549938389291603,-3.556678506034002,-3.5132341774685125,-3.464985405632344,-3.409558555056358,-3.3356862120108786,-3.310227299635713,-3.27409517766062,-3.131087981143291,-3.0902188508320725,-3.031235577198759,-2.86196023920292,-2.8307831756883886,-2.8017433451001454,-2.6610453450338625,-2.5544552071555136,-2.5037441522536823,-2.4756182152879695,-2.3030960013502253,-2.1538986396185016,-2.036625943705773,-1.975482325314842,-1.9431010177263905,-1.8386519770836085,-1.6555028577937378,-1.6309035052248357,-1.6184383185330367,-1.512953619063062,-1.4415226974572095,-1.4001396316952686,-1.3657293010324711,-1.3062933488264283,-1.2205383366624603,-1.1453124974871483,-1.1153545429556655,-1.106325473862598,-1.0825794418262398,-1.104446709709341,-1.1236504080278826,-1.1479113759642285
-3.4395641698789166,-3.506526996318757,-3.500422600282052,-3.503818736319047,-3.5087929178319017,-3.4916083459290386,-3.4918507705374284,-3.5023194910776123,-3.4765782175621527,-3.4410835783050184,-3.468472709787604,-3.444240333372311,-3.393058874488536,-3.3971960264714083,-3.362813438916742,-3.300847844447293,-3.271732723241365,-3.2291813550609474,-3.1653425080763626,-3.130842934913017,-3.0730489303381945,-3.0212702265357256,-2.9867998517967895,-2.929565899492042,-2.7741081042637634,-2.744807668601447,-2.730508842256002,-2.667547249996574,-2.533542712923905,-2.479824751410524,-2.4657810715663677,-2.326158387825804,-2.2576893484183067,-2.2262580750296213,-2.1645428834265927,-2.091725787114615,-2.0098141945238672,-1.9268875865137973,-1.8958679617554373,-1.8608630329554932,-1.6908563706398247,-1.648141618932408,-1.619542298894122,-1.6484943845561297,-1.5969837542581533,-1.5755641080041312,-1.571416374451973,-1.5745836400790862,-1.589655549731083,-1.6252438921016017
-3.288777970634583,-3.315632694236463,-3.320093083798563,-3.3395261920435604,-3.3624871138266643,-3.3472161832400302,-3.3522471442224147,-3.367658526479287,-3.3485715714014246,-3.3469603586021495,-3.3393649391879365,-3.3541667512877034,-3.324218339591519,-3.336169201622869,-3.330605366416121,-3.2679211016475547,-3.281854175078513,-3.260057437780708,-3.1861022099194276,-3.1552079874950376,-3.122898838531779,-3.0917702329036243,-3.0358237247529947,-3.011669406718892,-2.9830679483639355,-2.9316834572045902,-2.8953803925752943,-2.8651998025918313,-2.815188343752648,-2.7621458151070852,-2.707880852846287,-2.6536825424486725,-2.5992000706737977,-2.564668613428644,-2.4454297338520545,-2.37608774816882,-2.381437398510629,-2.337757870713149,-2.3129255536364353,-2.2948006978272533,-2.2166191809339,-2.167879427108073,-2.122104217559882,-2.118249415850769,-2.148594422705246,-2.14626940926473,-2.192011956777673,-2.141638141469923,0,0
-3.0882727726798658,-3.12539963655388,-3.129641678380955,-3.1339547000916594,-3.174212658800484,-3.1762836740766103,-3.174236735201154,-3.197889106559244,-3.1846019094329923,-3.17235313902287,-3.2005335287064214,-3.201341585357123,-3.181684610896643,-3.1947131146541583,-3.1979555944749447,-3.1873626754164115,-3.1755483322952283,-3.1632916225294516,-3.1449615445343597,-3.1255117380729716,-3.107498761831286,-3.0704517159189,-3.0391536094898206,-3.032555465303117,-2.9677027287201243,-2.9699021109155765,-2.9610971745712944,-2.9151152909262863,-2.8687449859294034,-2.8426838983964005,-2.8206378355789044,-2.7579975675302957,-2.7149653072332276,-2.677223767613801,-2.6121226587402115,-2.562129861543974,-2.533664892130154,-2.5289782279128845,-2.51236628453367,-2.467461720254069,-2.43660298788827,-2.4237625481300213,2.415484236311211e+38,0,0,0,0,0,0,0
-2.9350160386995086,-2.9676933610643728,-2.97395716369539,-2.9991193653046104,-3.013414989210987,-3.0165213854623882,-3.0238965574283796,-3.047786932430391,-3.049261162901536,-3.066278614369864,-3.0783035075101135,-3.0897277281292257,-3.0678325723983053,-3.0833000087792604,-3.089596838698542,-3.07974316045474,-3.0891122395025947,-3.0831633353304904,-3.0578669643291523,-3.064180661419043,-3.057549823288028,-3.025236866915721,-3.0185505274078093,-3.0174269240907527,-2.9754947112623906,-2.9739448211772186,-2.974789270396918,-2.950550464616406,-2.8964059242906557,-2.8505435823286525,-2.8342826369001686,-2.818532717429621,-2.813962050653546,-2.798654990237847,-2.7870316499511154,-2.7476007478743836,-2.734557656578055,-3.223141096525933,0,0,0,0,0,0,0,0,0,0,0,0
