jsons/1312779600.json
{"header": {"parameterUnit": "m", "parameterNumber": 2, "dx": 0.1, "dy": 0.5, "parameterNumberName": "Eastward wave", "la1": 40.97354507446295, "la2": 16.46031188964855, "parameterCategory": 2, "lo2": 133.9931640625001, "nx": 191, "ny": 50, "refTime": "2011-08-05 8:00:00", "lo1": 114.97908020019554}, "data":
[rows 0 to 21 of 50, columns 49 to 97 of 191]
0,0,0,0,0,0,0,0,0,0,0,0,0,0,0,0,0,0,0,0,0,0,0,0,0,0,0,0,0,0,0,0,0,0,0,0,0,0,0,0,0,0,0,0,0,0,0,0,0
0,0,0,0,0,0,0,0,-0.2049502403632229,-0.3021989262626924,-0.35775969353428083,-0.36534018515605915,-0.38446383406772167,-0.3971294985124221,-0.3984425835024689,-0.39795231205283566,-0.3948204294148504,-0.3923282923331692,-0.39378141412230566,-0.40091947587554244,-0.3903518051984016,-0.346924722189692,-0.44014890493023595,-0.21304197599159494,0,0,0,0,0,0,0,0,0,0,0,0,0,0,0,0,0,0,0,0,0,0,0,0,0
-0.36585547812493746,-0.20724928618749627,-0.37830174378491566,-0.38800422925147837,-0.42203566742004806,-0.45298657003719334,-0.48048816995323246,-0.5206191705577542,-0.5326159929324317,-0.5459397034508122,-0.5577192909567248,-0.5735078070712888,-0.5837061591011552,-0.5926751500134675,-0.5903686710896459,-0.5901291782756707,-0.6038946749311569,-0.6238228697703562,-0.6649666248990566,-0.6094193040469321,0,0,0,0,0,0,0,0,0,0,0,0,0,0,0,0,0,0,0,0,0,0,0,0,0,0,0,0,0
-0.5803137890586131,-0.6176028200207914,-0.6323375143086137,-0.6386872817454256,-0.6684935992807205,-0.7162806958010689,-0.7377161979420681,-0.7335393081430628,-0.7367522548261506,-0.76392848410903,-0.7770750742588871,-0.7825729895740495,-0.7883376983110439,-0.7565713539886727,-0.7774130089434401,-0.07351405972754564,-0.29885392828494617,-0.10575797827460008,0,0,0,0,0,0,0,0,-1.9344663052974295e+38,1.037294558324923,1.1146897363919452,1.130299603410599,1.2257042840734866,1.317354247221434,1.4264249114341605,1.4861678487715788,1.6691784189659653,1.7854618630814556,1.8942328477163677,1.9916360651524585,2.104171613713178,2.0837221011570333,2.071416050710353,2.0186732022625375,1.9564141142610354,1.9087747278216876,1.9096654159792998,1.8017279409746736,1.7005696399542427,1.6472922925434632,1.4114658349543858
-0.742991658230249,-0.797397267935329,-0.8095079742493511,-0.819211224494116,-0.8680414102445286,-0.8634953863046106,-0.8777787252984928,-0.932748934370231,-0.9252563027220722,-1.1168716863866832,-1.1223945265887654,-1.1790685083820025,-1.1825448577381787,-1.0024533831229232,-1.013345248669616,-0.8628531190211004,-0.8969179128410275,-0.4198526830696638,0.4041775079521054,0.771106989714367,-2.1461879830954613,0.4795681256192219,0.4231174156477081,0.4418524797686985,0.4830129197023918,0.6173863429908784,0.7082453364775122,0.8362525477449363,0.9785267981931098,1.1255619878733196,1.229982230673993,1.5195918600285239,1.6399873666700997,1.8830175387519923,2.1285040460766744,2.334248961827074,2.5056458696131516,2.7486982269609515,2.823606571310684,2.958070984652518,3.1235822224445644,3.235831241656383,3.1871106954870934,3.258974323074355,3.3463613645498818,3.26233116108781,3.276636593905032,3.07454828792885,2.6307015262164546
-0.9278266372885345,-1.0152836454445497,-1.0305767258641365,-1.0579498221541397,-1.1420131718334718,-1.1661490437767585,-1.2126275379595919,-1.2851696359706988,-1.3351803968913623,-1.2998553435992968,-1.3599001504413766,-1.3577312455887045,-1.2771580726751321,-1.2917877398337583,-1.266219858710833,-1.1998161481490894,-1.2600080652444337,-1.345038325087101,-1.3022103102844373,-1.179698579813382,-1.2271964618315023,-1.10425472562985,-1.111943954257504,-1.023412468350774,-0.8813852888645606,-0.6533400761277709,-0.4134823387251422,-0.2542467765098555,0.12872957394987633,0.43257745522703545,0.5583115139736892,1.1757067034329964,1.291857400389447,1.6293424830418428,1.9702053280098764,2.1902594906044115,2.4272703882816624,2.943513612786829,3.1471004323835783,3.3541429118105657,3.7481244999060253,3.927693246492691,4.26849053068896,4.501704958194212,4.8697809446699285,4.946204136251889,4.993179331374403,4.903215399076061,3.9458751366429134
-0.9801849559112334,-1.0618226060852756,-1.113246355537416,-1.159040171374241,-1.255975504255258,-1.3056496106122064,-1.3459561426349258,-1.4436628802176767,-1.4828752199787247,-1.5303756365807721,-1.6329663060544555,-1.704491910992451,-1.7477334329723617,-1.8878299387524922,-1.9442637264095424,-2.0276935233489572,-2.0858896188382157,-2.2375535508904476,-2.1872786177826047,-2.2421261012803253,-2.386484744004698,-2.283962875877332,-2.309877159284384,-2.3698519067478903,-2.261702280097142,-2.005045779080437,-2.0638393796978725,-1.73469252969647,-1.2235138440437188,-0.8127483557358461,-0.6489868277791729,0.24227186722786057,0.7013697727313967,1.081017609176959,1.837764195070114,2.212953973249034,2.5355876550459593,2.9781361568631177,3.2180717377268935,3.5446994845455477,4.015891590278576,4.2644277586947,4.845837550885149,5.128715855143785,5.664397745792569,6.034785849238216,6.048329811874756,6.021944408818924,5.448864823938523
-0.8610050128781294,-0.8968716903443138,3.300670643533152e+38,0,0,0,0,0,0,0,0,0,0,0,0,0,0,-1.912800894721204,-2.0254799321845574,-2.014331078763002,3.4010151069019092e+38,0,0,0,-2.4142814948928084,-2.5708543528642402,-2.4057431978657764,-2.265373899219148,-1.9445413017241,-1.7971977908700523,-1.5425568391829512,-0.41376828035209023,0.2473916001254406,0.7282724065553822,1.7701226449895808,2.2640801895632294,2.442370228916774,3.025661001766528,3.368160615780566,3.66227228580774,4.1084250644677835,4.3394142006599585,4.779419147604275,5.029144922183977,5.469306611397314,5.8365699467834045,5.987712707353891,6.118870353865427,6.211504666081939
0,0,0,0,0,0,0,0,0,0,0,0,0,0,0,0,0,0,0,0,0,0,1.917304307072535e+38,-3.158047371684297e+38,0,0,0,-1.3080992770578728,-1.8216479086069066,-1.9420117957505942,-1.869556425425596,-1.0450825982790526,-0.32551219859754615,0.571776357195112,1.7632307981583466,2.164645699410758,2.6956425153984793,3.3507018309432226,3.585374003520101,3.910079305901435,4.095359094498366,4.273764359953021,4.596954923175409,4.716111873172522,4.914811432243277,5.213783887936371,5.3346891196190525,5.381641884122026,5.442895033106312
0,0,0,0,0,0,0,0,0,-0.6403545618510035,-0.37321327859226144,-1.1521840111056794,-1.3734984133607997,-1.7789734459133981,-1.8555241292764888,-2.0544500571389483,-2.0586177953631735,-2.2477973878474615,-2.278652107091887,-2.392033949426483,-2.5073463008714847,-2.557000786377786,-2.6127795527943314,-2.7488856181829378,-2.8089340911400535,-2.829759129399964,-2.9025177394636827,-2.8821149638646575,-2.691371140542171,-2.676293947582029,-2.5698080594308124,-1.8234932481238404,-0.9434166218192002,-0.29332920738711166,1.4996515301228004,2.317797222281547,2.6828611376885134,3.26524180630105,3.4503055871206314,3.620653639448331,3.834667347621125,3.9447209910586283,4.15510868874275,4.315765875044804,4.375696074238673,4.530136331221514,4.602869381728173,4.647981133320942,4.620019739303645
0,0,0,-0.14391317287923108,-0.8751329731965306,-1.0914138897205095,-1.041799145591268,-1.3047043127919464,-1.4752586429296146,-1.6377479688596281,-1.8567049881854987,-1.9826344377823437,-2.0806784076228246,-2.235017120693685,-2.307875109629133,-2.4262776975277602,-2.4799319063158514,-2.6029784524623456,-2.694715976485138,-2.7356065361340214,-2.842460149009656,-2.9108747904809937,-2.9597999120159164,-3.077209427197241,-3.142811113725164,-3.198961594852108,-3.3022931325570286,-3.3495022498325935,-3.3729549840692443,-3.399660455610542,-3.397291508273936,-3.330423910399245,-3.2293266907013787,-3.335325587388817,1.2984652057074297,3.3152254851258123,3.1725723134539066,3.293084523749627,3.3261583967952326,3.3827136982247676,3.4558636825463376,3.548057024141238,3.6957991168018087,3.8013825666855814,3.813804422103971,3.946820788937876,3.96556886568044,3.997182280548241,3.985772058182099
-0.9843527497413335,-1.1590644089042752,-1.2649536507170867,-1.3658561419173754,-1.510323243744104,-1.57664998145831,-1.64177281554774,-1.7748042990395567,-1.863240430957991,-1.9127584528904693,-2.0362373184325784,-2.1339426106720043,-2.1909366297305732,-2.30800218913051,-2.3436018161351426,-2.3947343202869065,-2.4585496445717245,-2.544310888950379,-2.627807139537094,-2.7017835000875206,-2.8409056212053607,-2.877778405590994,-2.930491967730325,-3.0097074325023097,-3.0322555952768844,-3.056455836747961,-3.0783433756067926,-3.0571001257572314,-2.9818679270343744,-2.9324941197387098,-2.8306642628926353,-2.5730564012642647,-2.218892732695157,-2.501429018634308,-2.7097029871464344,2.8314432853184335,2.1326108526660494,2.0477646414677655,2.570543306119531,2.6973774279880054,2.9438133250493492,2.983165987584079,3.084683868734449,3.123359615438579,3.163639555789809,3.206215824306895,3.2495167132668192,3.2564857957152413,3.2596328133061627
-1.1860279436769656,-1.292870974588706,-1.3424958663886437,-1.3769438701213423,-1.4898810658280646,-1.5481804908669063,-1.6150222358300812,-1.7284047646150498,-1.7896902178007492,-1.8615988408944373,-1.9666235605790716,-2.028288996100564,-2.0697009495135283,-2.143224918591468,-2.193754932263126,-2.219621748398081,-2.3074906987185453,-2.4033213284797106,-2.474780867401059,-2.5378623380532104,-2.6517756795833813,-2.705293592961409,-2.7304287526815743,-2.785881668249625,-2.8072583006547105,-2.8148596810103146,-2.8294518013664423,-2.8245189561837742,-2.7444919558565495,-2.67340341869574,-2.538888429811835,-2.1324857382817624,-1.9760193572271691,-1.6503096503405446,-2.1957914499608506,1.4578356183699517,1.4036135275857216,1.5363160782865886,1.4454282570581776,1.6354159174085336,2.2183662944751394,2.3530297032310012,2.414947800376741,2.455398302232113,2.4519124136057364,2.472341389593981,2.494925896781394,2.4851118340717235,2.5239159892548364
-0.6378883558790612,-0.8588018841801849,-0.9326063358438791,-1.0315031944558322,-1.1735114650783023,-1.217245212261748,-1.277933293410162,-1.3624453747052023,-1.4018881131011915,-1.4498850312437697,-1.5535749711870626,-1.5933154054494205,-1.6425153487743231,-1.7543731179632067,-1.7968577149637481,-1.852051097039676,-1.9178808446286744,-2.099234746967861,-2.173167375189312,-2.2588356673711942,-2.4252709304011923,-2.481883684613692,-2.5333059858789277,-2.605225367176779,-2.636137347867575,-2.6330559592097647,-2.641448149381934,-2.5925923832483138,-2.5107070375217018,-2.3267735176624633,-2.2133839295838547,-1.9038552576627183,-1.6885969992573333,-1.5802849283678717,-1.1735872276961532,-0.9959683818275565,-1.391560897009171,1.9500374662534041,2.0041808054026875,1.388615634189967,0.9467930948732142,1.2408019138654467,1.3931504134632715,1.6324634251625605,1.8890076491706256,1.9721115096482043,2.057801900200379,2.1399775242889905,2.1782196405981638
0,0,0,0,0,0,-0.7756857795314931,-1.0503169875653764,-1.132583612688013,-1.1772270716459015,-1.2536673833409755,-1.2872113625150279,-1.350688150528123,-1.4801424377381605,-1.5532478350766985,-1.6402681683816251,-1.7089456033330097,-1.814288372657294,-1.8917895436444605,-1.9452573907803927,-2.0659544812639923,-2.0812420766638446,-2.074868765690198,-2.1167360367758,-2.1483511823099875,-2.1583067347295812,-2.2232750876565315,-2.2234366323055177,-2.166190920977369,-2.1260118128814014,-2.084807403194402,-1.9533813478184296,-1.858853221309506,-1.7479569781871722,-1.443020589843768,-1.2309904845807034,-1.0632546091970276,-0.6031858414524477,-1.1598889126947238,-0.21276062616236627,1.8259860282872618,1.1969626723262867,0.8105180591954093,1.0273294004638893,1.309431758967759,1.4494709862243789,1.544643123486262,1.7473096040152447,1.8123143836718505
0,0,0,0,0,0,0,0,-0.7395107921054612,-0.8771221167968414,-1.0029056265205993,-1.0101647101845117,-1.0724840426236453,-1.204137623118081,-1.2754509148295738,-1.3628171820591326,-1.4448134760183002,-1.5829256076222036,-1.6400820381486128,-1.7059754175202846,-1.8318392382777995,-1.8817571213923108,-1.939301086584328,-2.0514216922057904,-2.100854303767956,-2.1435055642996783,-2.1460580694343285,-2.1337195929207224,-2.0994414762974105,-2.114628121933255,-2.0647857384941246,-1.9633823576033285,-1.9002292098111415,-1.82865010479153,-1.6114278527641168,-1.464096105890353,-1.3481107662037342,-1.0105632068857144,-0.8731578681126514,-0.6919979529081566,-1.1712787087753629,-2.1972536308441395,1.1184931922396277,1.6372632985720261,0.6705391214467511,0.8257583551922882,0.9733055028345127,1.2712519163414573,1.4131027238080989
0,0,0,0,0,0,0,0,0,0,0,0,-0.1723783463103468,-0.25524598322484565,-0.5320295717015207,-0.7325966579903457,-0.8786197856100246,-1.118041661701712,-1.2226759830548313,-1.3131464689673422,-1.4681213330526541,-1.530388085654483,-1.5674083775973306,-1.6435149425460558,-1.6886229112658653,-1.7222882029188615,-1.7857929901506855,-1.7919402683773011,-1.8059360226610275,-1.8125524249496452,-1.7882207850456222,-1.7237962023761704,-1.6697466146415187,-1.6442940190818733,-1.511589512980576,-1.4224401366410742,-1.2882828347051238,-1.0925910461146742,-0.9516085708058317,-0.8721345092552297,-0.6431649471959796,-0.49521109566930305,-0.4101117593755145,-0.5899414780132078,-1.3663632113318056,0.15260899779846784,1.2108960200123366,0.4929255517479941,0.63025896424123
0,0,0,0,0,0,0,0,0,0,0,0,0,0,-0.29660398899940543,-0.40352051310036346,-0.6617941097331099,-0.8866774393273928,-0.9783812464931017,-1.066338804822058,-1.1837052615530779,-1.2383820798416314,-1.2842823893454842,-1.389422339311037,-1.4443568727052751,-1.505195403186735,-1.608373627896975,-1.638662120771869,-1.6499920578816307,-1.6563245205886292,-1.626278181904361,-1.5074397582455434,-1.4298410890808808,-1.3952993358522607,-1.3212291945978742,-1.2727287718116445,-1.224353646223741,-1.088955196671176,-1.0250251357753535,-0.9469991737917287,-0.8146321743641132,-0.6931670107085924,-0.575224484879382,-0.48187966768068946,-0.8443529316685061,-1.1032716274294596,1.0157886256943256,0.2751909440887605,0.4554299106848343
0,0,0,0,0,-0.12527352644741174,0,0,0,-0.040026035906985793,0,0,0,0,0,0,0,0,0,0,-0.5164267638667485,-0.9041150256432803,-1.0286026507926849,-1.1858605472842216,-1.226367394737223,-1.2683170129471717,-1.3383437048323974,-1.378261736941932,-1.4219195528460273,-1.4518860846288788,-1.4305280874707036,-1.3903763566884755,-1.3861671802153246,-1.3675028408157632,-1.362555591264916,-1.354755502550486,-1.328114193726146,-1.177439620755344,-1.1113730032707547,-1.0397604499783202,-0.9033163452786982,-0.8287309227574622,-0.7444478202174463,-0.6503917419049517,-0.3952041229120669,-0.7478742602860317,-1.5547051574458037,1.1337424287863491,0.36702024461989796
0,0,0,0,0,0,0,0,0,0,0,0,0,0,0,0,4.462976649677669e+37,-0.10012780309724935,-0.1117484604520578,0.1396129354766252,0.12476691271925609,-0.1338185712297436,-0.28068514578873444,-0.5370837338576374,-0.7057979443286125,-0.9474819750031552,-1.1790043989025374,-1.2865549796336029,-1.4204142114731182,-1.4942602647361878,-1.5055852051816183,-1.4522503281735217,-1.394914874914826,-1.3317297833628672,-1.2179208988630266,-1.1841806644256263,-1.1205629859820672,-1.0070081353275575,-0.958537154338443,-0.9376330940580725,-0.8821497796529959,-0.8262865740628642,-0.7471188398410222,-0.6659059634452836,-0.4702430034050378,-0.34529420660620136,-0.5898606281653447,0.31707253730539064,1.0687190265800068
0,0,0,0,0,0,0,0,0,0,0,0,0,0,0,0,0,0,0,0,0,0.07552375942149835,-0.07021750520977214,-0.3433703827385623,-0.5242988995272733,-0.7593047202856641,-0.9816476276600128,-1.1347450628120974,-1.3668458666489183,-1.3829170848205758,-1.4048085001498245,-1.3818691360581836,-1.373144199208955,-1.3419152305296087,-1.259068876934483,-1.1922230252843653,-1.1234874005347804,-1.0876965116399986,-1.0063448003220665,-0.9833631296746244,-0.8802045941293786,-0.7983262834959041,-0.7125573629989738,-0.6426394697108984,-0.46903840547321696,-0.3797372789156814,-0.7713577037416667,0.5083890478888738,0.8573071868442321
0,0,0,0,0,0,0,0,0,0,0,0.08263581686531565,-0.08433848901250056,-0.10392744589382014,-0.15418459045565872,-0.2188280044146478,-0.2874762254326758,-0.4181842595933383,-0.3381497856310969,-0.31074495495970694,-0.39960910459265264,-0.6147468367050127,-0.707603511210352,-0.8792775186903953,-0.3260065348627012,-0.5980606261017329,-1.0759901539849333,-1.221023494708735,-1.3709363039557703,-1.4191808996004849,-1.4977210433717707,-1.4977658292094251,-1.4303602530415236,-1.373300447753397,-1.247071214377226,-1.1955291452134775,-1.1438988446732987,-1.0118894443312172,-0.9206433489895723,-0.8674373892931462,-0.8436874442862956,-0.8303758045770624,-0.7924783165443456,-0.7497859389034733,-0.569579431660589,-0.6284504009891466,-0.6106207896538749,1.1393439444661115,0.7789026264619334
