jsons/1312722000.json
{"header": {"parameterUnit": "m", "parameterNumber": 3, "dx": 0.1, "dy": 0.5, "parameterNumberName": "Northward wave", "la1": 40.97354507446295, "la2": 16.46031188964855, "parameterCategory": 2, "lo2": 133.9931640625001, "nx": 191, "ny": 50, "refTime": "2011-08-05 8:00:00", "lo1": 114.97908020019554}, "data":
[rows 22 to 43 of 50, columns 100 to 149 of 191]
1.8680806999678068,1.7045127116010275,1.4095590776441491,1.331412399581805,1.2838500999769904,1.1589582642733707,1.149366130369112,1.1219605144482032,1.1058014585751141,1.1240338912028467,1.122978917342703,1.1442122449883305,1.0810970266893236,1.0591303275551351,1.074894190953963,1.0814661666565495,1.0941810635396256,1.1038458889347056,1.0930336746942766,1.0796197112090806,1.0528184603271793,0.9811029973670843,0.949271000186219,0.9146231513401248,0.9234216030071106,0.9468332838540525,0.9836978007674987,1.0452469469697958,1.062830985454837,1.0746180316935456,1.0841455302776304,1.084963171965108,1.0677039770680725,1.0552892888209426,1.0314326619920178,1.008519312131545,0.9668125268734908,0.9348623013872808,0.9010902338040913,0.8686677149054058,0.7780228202497695,0.7580881972242032,0.715776247633902,0.6455262427776473,0.5954102661549999,0.5673128859872665,0.5206347233723123,0.4708707870324185,0.44033381149210515,0.41547486046964255
2.0865241352409862,2.025719393677119,1.7864455908500894,1.7458588740071335,1.6450218083452912,1.531077594877139,1.447590473949051,1.4104374131628894,1.3283924058040413,1.3127337569231705,1.2982330552164032,1.2620247142484806,1.2386566875446738,1.2392391281079307,1.2532569869931145,1.236748037494344,1.2486454328672605,1.2653883702810054,1.2628309907797803,1.2613622663183826,1.2237352066943499,1.1663001289441655,1.2249657264603877,1.3033157764611765,1.2891921232709898,1.2905179569067167,1.2889715717308816,1.3189350407234783,1.3247124128461654,1.311730453320112,1.2966571639884592,1.2771106033721702,1.2431294800032306,1.2393482812463208,1.229224193378468,1.1784121639673384,1.16222418180574,1.1047825626485648,1.0690908976829385,1.0342179166575214,0.9547895633056047,0.9170851747606442,0.875713423282207,0.7932204647591932,0.7540078037108493,0.6989525476285671,0.6640646271478486,0.5955349082740341,0.5642365417050633,0.5467634465397266
2.200684813422799,2.1885124907079017,2.092523459021911,2.061616814099554,1.9948149265912705,1.878233308523784,1.8344778012486045,1.7953505549104825,1.7015870199097403,1.6547606278480955,1.6168160602752408,1.595653277228576,1.5689286292643816,1.549880121502993,1.5238126005386183,1.5410669116911353,1.5634760022688714,1.5763573179723787,1.6073357704206588,1.6151743992941692,1.651326085124142,1.6559096618907752,1.6475297237023798,1.664441465867975,1.6738275625114758,1.6488301389604063,1.638429051272858,1.6335869488827526,1.6121928521352342,1.5963987438340348,1.568620452827075,1.553122978559352,1.5080449912851155,1.4824469861906275,1.456472705584196,1.4202200631626014,1.4074720933323854,1.3908899224045235,1.3667212952412833,1.3361760844033828,1.3345642995823517,1.294450372061743,1.2371560509988933,1.1789939559913138,1.086331799045056,1.0474428218739102,0.975581064685935,0.8217113740804227,0.7300233884738901,0.6626849009193594
1.3432766423209384,2.016101910687702,2.159236765671495,2.1387858546084133,2.1171362315596265,2.065395138952279,2.0265062736055284,2.012836899391843,1.9122662421169827,1.8762443623278526,1.894628296608633,1.8255914073955948,1.7587988870044995,1.6926323981027185,1.7621608261992354,1.8390254824793262,1.8729782111854443,1.8796267545537457,1.892323765402655,1.9024463168591057,1.8854516247004056,1.8852549594458063,1.8750931990386406,1.8433438099200914,1.8552502029097901,1.8642932345481553,1.8728603058636202,1.8674196983272935,1.8337574021004854,1.8175617291365946,1.8069902472287873,1.7783638787162745,1.7371571110386672,1.6999370679634211,1.6379184700285019,1.6048825946106058,1.5966348355283875,1.583545231378665,1.584429401788005,1.570466860722335,1.674597594235968,1.450012848739709,0.250343923173959,-1.8295519599423251,0.6818420236888086,0.76197355900649,-1.0971706797727738,-0.7417209284455092,-0.4371618505388172,-0.12164917659781786
1.1409600487938074,2.151261040472927,-1.0601545008078386,1.246287453908508,2.020744141309115,2.2029944483048878,2.196010651009616,2.202012132398207,2.1653198674370384,2.157862963448756,2.1466133083149317,2.136650393295492,2.0895320341625596,2.08538216752157,2.063075211852281,2.0182853365149303,1.9990315959721843,1.982831019631703,1.9329837251491093,1.9295084089670025,1.907772662541889,1.8904075107403506,1.8779066309754506,1.8742203954817154,1.9077849371386986,1.9274781164880432,1.9570330324261942,1.9546710409862555,1.9618687193974056,1.9558473697975793,1.9604016443535495,1.9522033779952714,1.9255290580518372,1.9192104428941947,1.905909162740272,1.8919766964880327,1.8865760796565243,1.892319577590043,1.807118803754803,1.7715953092825807,1.2968900023437369,1.17725349321035,1.0586874362931704,0.8898990438503436,0.8132753346418061,0.7626110693289307,0.71143349655569,0.7172254821014084,0.645610680296275,0.6511685409290305
2.0540998855590957,2.0698497312755433,2.08528134545328,1.9648907326687588,1.6402858712589556,-0.45181366902604847,-1.5336386947268101,1.1725620309068043,1.9780509176179082,2.1482239816092608,2.153286677032064,2.1367199399778904,2.0996837538193285,2.0889820589786217,2.086997314321301,2.02192615214655,2.030998645754359,2.0013486436313688,1.9826809343298757,1.9643041651185615,1.9665274713300405,1.959710777895969,1.9499145085907366,1.958523855095292,1.9472970228620206,1.9587123963497055,1.9858407767336956,2.0059053719772524,2.0195588903459933,2.018944715036832,1.9931454539728124,1.976138281355594,1.974097946843138,1.9677319922640388,1.9434687541175477,1.9034667638814091,1.8897006370242717,1.8384776681905788,1.7958923895769874,1.7499837560938476,1.6763518521008942,1.6363659561749602,1.5309119823868698,1.4500318366000242,1.4253717212545585,1.3670825154984851,1.3061112227010576,1.249421422437882,1.2102995914765962,1.1784989711649962
1.9716455284436243,1.9768649511982028,2.001735618734131,2.0166875912175044,2.036359354361816,1.9935489393613435,2.0188103564638746,1.9070141314290998,1.7972844135642057,-1.6953653544870444,0.9807840155387707,1.655021187922803,2.0760907138961135,2.0735526591271176,2.0596011019070897,2.038322910753794,2.0265195295411798,2.02193364667834,2.015577341662315,2.010089732081218,2.0027445792334024,2.013241082842436,2.0260363913611386,2.0196950630762576,2.0164056418491674,2.0149076905353116,2.020445544455496,2.045031309970104,2.073926751600322,2.0941667905478627,2.1041900050573235,1.750468206162016,1.404635452513975,1.4274408888059518,1.9974037636072794,2.018021835780531,1.9874570891062007,1.9230837621938364,1.878903740929792,1.812637027239865,1.7633456197702158,1.7140040022253342,1.6596307623876945,1.5950176347992362,1.552611798696444,1.466089744667903,1.443658357364449,1.351001838235089,1.3197518141526328,1.2713140050209033
1.9039848266379849,1.9264553705842917,1.9460507511782361,1.9537483884736282,1.9588761266761572,1.967755741677305,1.983953498954129,2.0104187953251302,2.026377481197585,1.9240047258082016,1.8417618249488283,1.1512425675320033,-1.7406219701803471,1.0482344771098915,1.7834071770574835,2.0326305218937395,2.0311567158430126,2.0385294628458843,2.0390327146608604,2.049408811253872,2.0742785272495707,2.081279342742394,2.094203322905058,2.1136447170587616,2.1353103005302514,2.1181172834285293,1.3291333832277883,-1.3195886743882497,-1.2645383525737715,-1.3917643548719392,-0.7096068019367602,-0.28592247117742337,-0.20451984221367078,-0.13410256577529178,-0.0069808216262072795,0.02929730867590753,0.14587453147157356,0.27044183232095553,0.3846065132434757,0.4686038892570518,0.6841336179832095,0.8007061514638671,0.8239289427864315,0.8743438761217579,0.8848129832586022,0.9088489565033635,0.9461315679759249,0.9612481977524814,0.9504401559926557,0.9162778523163485
1.8612500136023329,1.8651532286405226,1.8745722461449137,1.8924610706904093,1.8887387908444946,1.9276075448040726,1.9371130685165585,1.9524414842973459,1.9673741961357873,1.9724215158450213,1.9945774363653659,1.9931744891664525,1.9096956108766245,1.9910701730569702,-1.1739144337874179,-1.3622891876373782,-1.264652045317562,1.5606178588731798,1.9632739447636989,2.0207801320616263,2.035225886364628,2.035816874113421,2.040622937679762,2.0636912532682015,2.0902659359935054,2.113366508697725,2.1171026144158303,2.1175708980192396,1.985260466083748,1.8324761227442603,1.6096952877606214,1.2627751220865988,1.1857086871128488,1.157290939201821,1.0662933006256132,1.0040666167324275,0.8596690840842239,0.8813463831220468,0.8579355582215534,0.8436417564013415,0.8204405835349803,0.8345490419917542,0.8387480500999238,0.8169543912521465,0.799696142562747,0.8079184624906661,0.8395890352191928,0.8223828227261237,0.876834450478356,0.896846152710879
1.7828295359932536,1.7809407703502724,1.8151286943188587,1.8294427075538509,1.831486633236351,1.858726324616763,1.8768348752996076,1.8919332236712085,1.9147362750849832,1.9177363100658644,1.9215022331963616,1.9251966021960725,1.9366923555210886,1.9475368702173534,1.952459951082673,1.9674018161625877,1.9661243296683806,1.9678585168206204,1.9117970316502253,1.372631461306074,0.12107300375535725,1.3739689321910389,-1.3016917062857203,1.6872593284516992,1.954696164877911,2.00527970420766,2.0266478073013143,2.024564941796089,2.0374716318427835,2.057974982294971,2.062817621048197,2.0639856844932174,2.0514051090420002,2.015771341794868,1.9873802060219865,1.9336236032824794,1.8948504548461198,1.83902379989938,1.7961529972980037,1.7605912028761321,1.666123435812544,1.6458346451123305,1.5895325035255956,1.5375795721110452,1.5297703782168173,1.5030741337765998,1.4940374357019484,1.4638950721616837,1.4167600951918586,1.3653635376248672
1.7515986072097949,1.7483323772207011,1.6489407346978162,1.466780110699615,1.027233275094483,1.5359568150220748,1.6431432260013084,1.7328275344767983,1.7848137485775328,1.8041812884789779,1.8275340324569196,1.8364311206478157,1.8581285013741742,1.8673128255573135,1.869317042239472,1.8808937568422561,1.875230902496335,1.8818575630183625,1.8935966368473924,1.8964845206336105,1.894633230133532,1.903242708672992,1.9073889719749528,1.9128956272515094,1.7159579247292953,0.8833640905302848,-1.9575307476487533,1.0825569870628446,0.8054005461796758,0.36943343132567985,-1.7878530722188877,-1.8164951568093226,1.5155152642714742,1.9268321874385261,1.9372603903298136,1.9471364531755797,1.9295513125561334,1.9265320244644513,1.9157455124395062,1.9007641663821293,1.8690532336562145,1.8396128240737877,1.827673421153358,1.8191763909232035,1.8157040091529497,1.8063422467031605,1.7880679597780356,1.7706796527889046,1.759358729272242,1.7508381616927693
1.6873777577374751,1.7215455178668855,1.7147521254372715,1.4608270102261,1.477941306599493,1.6768986335007061,1.7299522885706615,1.7268914224844971,1.7308136058401518,1.73936758126549,1.765998604193889,1.768796747963554,1.7820286283957727,1.7934220960041904,1.8016506316475283,1.8154260948639054,1.8233709248620014,1.8285158748474957,1.8419108733136398,1.848181035422485,1.8446620126534494,1.850939664055611,1.852185714868985,1.8535554592756844,1.8585705039782217,1.8664324204021374,1.876483600510336,1.8827460956554896,1.8841080997226036,1.8818125696765822,1.855114303656724,1.7376302122594482,-0.09322086875112445,-1.8808412331335445,1.688123404457483,1.7733227332573498,1.810638327198107,1.8534259579050085,1.8526245007401902,1.8423214329450084,1.8334530467603978,1.8284651317867313,1.8165348764866875,1.8066629052100573,1.7970539472603957,1.7808585709682359,1.7748627664503398,1.772526168285684,1.7639627816956878,1.7613027604255813
1.5252781544818013,1.567310816766443,1.6500666286158066,1.683959065368767,1.6872395519319139,1.7277490665079698,1.7371250769096787,1.723063939444235,1.7381802942315157,1.7488513161090264,1.756378885846226,1.7602621650531192,1.7504834318162343,1.746283944551079,1.7468129418951068,1.7656850312297028,1.7713885453765081,1.7737654976143788,1.787494289228167,1.797662203675125,1.7950083998031992,1.8150100142472578,1.8277444250548813,1.8269205982108296,1.8307442473500264,1.8295242056105019,1.8320036296907076,1.8333291904082236,1.8370467078871793,1.83670694639026,1.8306395962046522,1.7689835609434168,1.8211703085712683,0.8046621029491656,0.1960875546586616,-0.9209533062977442,-0.8564554658109568,1.6720206553070203,1.7258540574645078,1.7516392389240323,1.7955769036366491,1.7909561422041043,1.7780177838761058,1.774828545896537,1.7709951439534526,1.766544679908323,1.7657634385475105,1.761637512824726,1.7600844788704653,1.7631008708356317
1.4350623792881592,1.4850785269797617,1.5405990060319326,1.5672030778163253,1.572574458148208,1.6389843985288648,1.6472397176070674,1.6625760071888458,1.6942567343617954,1.7035952126737226,1.709022803221228,1.7137056882461243,1.7197622139977307,1.71269332170622,1.714043430608982,1.7436458990989665,1.76357876355249,1.7704885250265963,1.7721094911468787,1.777346030299607,1.782562775418225,1.7940736542112319,1.798659944419527,1.8000178704229142,1.8113809592434642,1.8118678910422907,1.8132187072442965,1.8136245344278266,1.8179113246736607,1.8147967997441394,1.814579767619858,1.8137728737264438,1.7772310164574463,1.7176449751858298,1.5219131020916634,-0.39662778887241834,-1.27701931407288,-1.4396736370015464,0.5567321009037091,1.1163363293621213,1.7341291570949238,1.7612065624153659,1.6242639254470657,1.5767757662782387,1.5784364431081601,1.6101063552259824,1.6380317750134092,1.716349004491812,1.7467971675407015,1.7467409325050196
1.4171210226127091,1.424392148650165,1.4463601183254862,1.4849571644847068,1.5000391699751987,1.568579827925661,1.5964337573308893,1.5892989205523558,1.6370984723134996,1.6510595520333946,1.6526870224454837,1.6517195340588267,1.6816175210746807,1.6764692801682637,1.6894609064019879,1.7182988397177013,1.7252934202367498,1.7365627709074485,1.7577376265725007,1.7778788753818815,1.7814431339122574,1.786191912399545,1.794859799934596,1.805795886834942,1.8148518272503376,1.8182629208325913,1.8135891818790146,1.8136430493108238,1.8178861938018278,1.8171886936139627,1.8243271504922347,1.8279852016916136,1.810685359635319,1.8057662942886499,1.804486313354324,1.7425345160797059,1.7288383608335014,1.7333314190106364,1.5018392643927392,1.5364875476471407,1.2902968337034768,1.0320724060586839,0.7117429136201862,1.2522232030214981,1.7349406637592382,0.3973382818329521,-1.6983069860646416,1.169703403747144,0.7911591910293365,0.9378605890297044
1.3544338675559289,1.4118607615987038,1.4516622621041433,1.4579556160607827,1.4703788830716968,1.5409646655529958,1.562552253820439,1.5744607238670563,1.6127053755148324,1.6411068121242602,1.640626092241667,1.6491038550286148,1.6666781272035711,1.6740308816880884,1.6933461013486784,1.7081335332187653,1.7169241752850315,1.726043627477308,1.7512139112351892,1.7677457148869848,1.7810025716905022,1.8083557322922525,1.8113676563796337,1.8053777768486114,1.8060874922275345,1.8096422776623562,1.8029379786401165,1.8046098260395758,1.8232283176425608,1.821924661633415,1.815914269319273,1.8154602521526815,1.8183910677789896,1.823370099873449,1.8142770815854035,1.7961235407254763,1.7934280158713338,1.7912477895107715,1.7876302837676605,1.778478477312833,1.7733397780160243,1.7749046472254022,1.7696251554369675,1.6825196744677573,1.6822196297080407,1.6982025761814303,1.6081069983991,1.174523611574555,1.180048142225498,1.4078247906523855
1.3370813947451372,1.3618146663016895,1.426033099612781,1.446824059506396,1.4685569890381496,1.5119452079815634,1.5493080043018754,1.5555477371610156,1.5950244900999975,1.590711012821688,1.599306831930757,1.615615881723675,1.634167008628589,1.628311435871161,1.6348885014247214,1.6458482694874428,1.6362071200737391,1.6603577608679252,1.7055188352465456,1.7304527560372343,1.7446935004757433,1.772938039784396,1.7913265786247714,1.7838374370659413,1.8052985708523732,1.816342995409994,1.82889215730559,1.8333317827871933,1.8319252984451107,1.8254853111581884,1.831401729731026,1.8357452772283005,1.8158621569618953,1.8116006339924606,1.809880283716748,1.7956936603040874,1.79304841619588,1.7994720114417821,1.8001915959637722,1.7946146027774459,1.7926845073645274,1.792132824459077,1.7881877923184344,1.7858140880314268,1.78159270699618,1.7721802795792,1.7740348556928567,1.7772311121385447,1.7781441281387602,1.7784421651694726
1.2731677667715118,1.2955942048824138,1.363677726065834,1.3938548429022626,1.3974429888219588,1.3952430428260698,1.413707026764302,1.44743415316117,1.4936015984432207,1.5101328685912017,1.5002532540250109,1.5188980267321062,1.5548004812685177,1.5711333104616265,1.582750472814201,1.6107799712427857,1.6159196287007414,1.6246029784214,1.6495591712186097,1.6660804617306997,1.6795493495808749,1.7307842812398875,1.7292727924345124,1.733359664853839,1.7631065253464906,1.7795317110128128,1.7767463988823842,1.7813986276137246,1.8025943340348676,1.8023406905227741,1.8017832996790124,1.809284616147647,1.8094207393338622,1.8161001046112326,1.8462218679532671,1.849806640898166,1.8339689992454944,1.8261019051454628,1.8225596686491217,1.827385096698788,1.8282079012567758,1.8212707703513735,1.8011281391097362,1.7957536812622006,1.7948857401876328,1.790112536307145,1.7835510516709976,1.769300959282083,1.7579321531203491,1.747006983176108
1.2201324185100695,1.232294450796766,1.273953229887427,1.285910263130773,1.290424214627766,1.344612419906934,1.3741921384892903,1.4019115729057223,1.42674411536858,1.470464754642621,1.4981556063962784,1.5283419142970456,1.5612521337101677,1.5785064283336065,1.6026922406918402,1.6247546110518032,1.6315470349453451,1.6445427100139627,1.6645758188756257,1.6788096569506565,1.7076203032186843,1.736111820641633,1.7472325271000397,1.7477945864229376,1.7895413419999378,1.7968711227409233,1.7909658469456942,1.788015293050477,1.7913072780864496,1.7783252426624856,1.7779322655353043,1.8089847530686,1.8073446185199558,1.810633457780166,1.8178093063880592,1.816217616137041,1.817222614582976,1.8214123948994723,1.8180553001791775,1.80877883715137,1.8173353175222062,1.8120535124318722,1.8020248459623784,1.7808696787697382,1.7712376419595492,1.749894871284469,1.7476855683178096,1.7348687290353793,1.7016155062357656,1.6701028135143228
1.1614424880860263,1.1616434967642175,1.2324885502702472,1.2593985102731238,1.2741593367291315,1.3294344372485454,1.3691985431494715,1.3977104868270531,1.4537243194492553,1.501230801362836,1.526798057661706,1.5273254123396116,1.5899651430995678,1.6171365366926154,1.633717928661025,1.6335985183696013,1.6282046225074858,1.63786423809219,1.6667390622453846,1.6745046777487889,1.6716602981846516,1.6998080852974178,1.7434175304202777,1.7819594026635885,1.8169770419854074,1.8055287879117663,1.7771020543427154,1.7770666614807047,1.7945138914665844,1.7884087445302828,1.7824257591510406,1.779715258398219,1.77911523942573,1.7774602795092624,1.7941999463003635,1.7993429290154637,1.7950912049821766,1.7880052507931574,1.7842196992449046,1.776730210252827,1.7641447650318918,1.7508754091762224,1.7203539867191016,1.6951204074016255,1.6592380231271706,1.5925846366177308,1.533151197523663,1.5472330564665029,0,0
1.1118451794155209,1.1791572456512012,1.2600459396401265,1.2753520974921617,1.2843442273339603,1.3059734698952763,1.3140872041121445,1.3318324749003532,1.323446273907795,1.3611625208600462,1.4189961170622973,1.4497457705802013,1.494232159262004,1.5283160213975835,1.5778118825231202,1.6074816556201768,1.6023723790683344,1.6140513065143312,1.6229176035221375,1.6401673734683004,1.6417107051081576,1.6530641534349155,1.662278362989852,1.663339239676725,1.6828870216134924,1.6786140450281473,1.6829827642657762,1.70092317653383,1.6956842912581864,1.6789223413930823,1.6927494339821638,1.7199934428069694,1.7151829351868042,1.7192457055531938,1.7206137087900377,1.7104988267164922,1.7112636892866893,1.7028321208191946,1.6818195860584928,1.6474377695758042,1.6249332917177224,1.5931477490106318,-2.7617615852577906e+38,0,0,0,0,0,0,0
1.0076820319915183,1.0360262963397944,1.0822958018132225,1.0910787002099922,1.118901730671613,1.1869882813085262,1.1981481248327106,1.2209111527697096,1.2866717250276596,1.312134676402951,1.3431839512173511,1.360942794587294,1.414507942928303,1.4150708043378668,1.4318124765933344,1.45697111785851,1.4706382309763613,1.4886378269546061,1.5402620852528472,1.5607246073931085,1.5564599840187832,1.5543073795892548,1.5486485242668433,1.552416503842485,1.6062351726887276,1.6215206145286805,1.6385483870058906,1.6351630600473976,1.6302688926969209,1.6178513922438458,1.6199654350241985,1.6095839561904353,1.5915611518301003,1.5807366655851083,1.5368353924171443,1.4850731816691292,1.4779103353753247,0.4719952789340396,0,0,0,0,0,0,0,0,0,0,0,0
