jsons/1312700400.json
{"header": {"parameterUnit": "m", "parameterNumber": 3, "dx": 0.1, "dy": 0.5, "parameterNumberName": "Northward wave", "la1": 40.97354507446295, "la2": 16.46031188964855, "parameterCategory": 2, "lo2": 133.9931640625001, "nx": 191, "ny": 50, "refTime": "2011-08-05 8:00:00", "lo1": 114.97908020019554}, "data":
[rows 0 to 21 of 50, columns 50 to 99 of 191]
0,0,0,0,0,0,0,0,0,0,0,0,0,0,0,0,0,0,0,0,0,0,0,0,0,0,0,0,0,0,0,0,0,0,0,0,0,0,0,0,0,0,0,0,0,0,0,0,0,0
0,0,0,0,0,0,0,-0.0697319271939929,-0.07273901591967248,-0.07978504047818405,-0.07757381958997946,-0.07879178497125854,-0.08045438620102881,-0.0804289019729841,-0.08125623357548856,-0.08134555821733178,-0.08098282603204203,-0.08101267950174357,-0.08014666557350732,-0.07695118617734753,-0.06880063077596844,-0.047424630412653226,0.005394371473897815,0,0,0,0,0,0,0,0,0,0,0,0,0,0,0,0,0,0,0,0,0,0,0,0,0,0,0
-0.1217305498278034,-0.11330729047300088,-0.1207906577799522,-0.1107550265443424,-0.10845626737998575,-0.10797232614815477,-0.1014136831801255,-0.1030851377194816,-0.10290559460209109,-0.0998540916111595,-0.10025765573543659,-0.0996248155484301,-0.0995317320316354,-0.09484744137248295,-0.08909694659156253,-0.08793038348329109,-0.06392931302878796,-0.04221882666535433,-0.012797619815333004,0,0,0,0,0,0,0,0,0,0,0,0,0,0,0,0,0,0,0,0,0,0,0,0,0,0,0,0,0,0,0
-0.2038264448432922,-0.20304145566931303,-0.20438749721653696,-0.2001786754956607,-0.19544986409480852,-0.1923233826814382,-0.17567602275351224,-0.16554805872482276,-0.157872548176419,-0.14392681649528732,-0.1326348283217741,-0.11716321931960151,-0.09620438378757262,-0.06800041058267739,-0.091824776933368,-0.07558324574074006,-0.05317100913424529,0,0,0,0,0,0,0,0,1.825780306101859e+38,-0.2825872938349395,-0.30018259718647955,-0.30602809442078605,-0.30956694087036746,-0.31390168244004013,-0.3003277882097636,-0.29807295349691687,-0.28520578417955833,-0.27350370555940595,-0.27264304626106234,-0.25449686918432957,-0.2606697729050267,-0.2465289971396646,-0.25413750049088635,-0.2515490684787772,-0.24702533784415323,-0.2498728548718059,-0.27182718680779705,-0.2649489859781673,-0.26335470010264755,-0.2805693399217637,-0.2695238897805925,-0.2621161861879054,-0.2562376892891254
-0.26111496280377416,-0.27332994248150716,-0.2811445409283562,-0.3031644849254205,-0.31245734877463993,-0.31882756782053,-0.334346185450364,-0.3396921088605038,-0.34050171428804776,-0.2899139075712573,-0.26257500405927464,-0.15226229651107395,-0.14966254330635906,-0.1068863991968957,-0.14441469955372407,-0.17190086822427353,-0.31204046233231403,-0.31905834520486315,-0.30479538976105947,0.1319811938887133,-0.4407003547881618,-0.46164656548192184,-0.486735840716295,-0.4968555762405107,-0.4816360180111876,-0.49680041027141264,-0.4918784057412043,-0.49579220876540414,-0.4896322937102253,-0.4959451532864559,-0.48976198575708274,-0.4778392281956577,-0.4634587755910197,-0.45085286658616847,-0.4512147078243445,-0.4349425818346693,-0.430225738465994,-0.41446141486716204,-0.41316281649330966,-0.4113064698769229,-0.4224233113582829,-0.4037475351187816,-0.415663247395848,-0.43554028009774176,-0.43882317390337106,-0.4469851543525141,-0.4719560596505085,-0.4348875775748048,-0.4227497608764939,-0.392591879504567
-0.2751264408943136,-0.28858826854850755,-0.3013053741744463,-0.320390444885127,-0.3393713589184817,-0.3526587692628457,-0.38096293967990963,-0.4020392917982193,-0.41737597762235157,-0.4425230123229027,-0.4631343125735224,-0.4838744314016349,-0.5120666528420693,-0.530309464020957,-0.5418483891762216,-0.5642445266994378,-0.5978819969954506,-0.6143080442265951,-0.6083736704061204,-0.6436946442833752,-0.6375323575058223,-0.6513790433384457,-0.6765344254148968,-0.6745011355812253,-0.6620921786959794,-0.6731197718633175,-0.6733682762013445,-0.6588011072903044,-0.6716783299976612,-0.6779284844589192,-0.6502730652210973,-0.647208417137668,-0.6375236527498956,-0.6352968702048832,-0.632326419399834,-0.6085689022205902,-0.5939308242747425,-0.5744714277884212,-0.5670665056640625,-0.5588287803254477,-0.547701188763188,-0.538578752741141,-0.5308008104385028,-0.5477008996250832,-0.5282232699052521,-0.5287216897268437,-0.5687708277549717,-0.4873684699053899,-0.43528630198314266,-0.32198808089290865
-0.22822639390090713,-0.2423738118015429,-0.24688925621045082,-0.2633509408091913,-0.27397298512275714,-0.28705660750695366,-0.2972642577990801,-0.3154771917721158,-0.33518848495175724,-0.3632272300750157,-0.3902024603722441,-0.413856691435098,-0.46078248354196405,-0.48718180582021553,-0.5221686248786863,-0.5548928257685706,-0.6134777828039908,-0.6442569479962242,-0.6793511386027544,-0.7411548651814998,-0.7578048476432976,-0.7944682459564091,-0.8464501410951645,-0.8678088428555759,-0.8307298640308556,-0.894323610292047,-0.8929365295299905,-0.8546972205509445,-0.8692397551726883,-0.8702331321951673,-0.8220136892364163,-0.835440208368368,-0.8222253360965867,-0.8110275698935867,-0.7950563716562082,-0.7780370380170224,-0.7665696654084112,-0.759537360904203,-0.7259127032846382,-0.7128655053198011,-0.7071715553797999,-0.682059189103178,-0.6638412333159023,-0.6347108589617908,-0.6023499009656178,-0.5696929624709685,-0.5467661882080621,-0.49123244649194264,-0.5011291904383627,-0.36767772148600536
-0.07977323581822549,5.70118930939009e+37,0,0,0,0,0,0,0,0,0,0,0,0,0,0,-0.3624628138544869,-0.2965688415366254,-0.31244934680842007,1.2429507068266277e+38,0,0,0,-0.5232296128943573,-0.7137334721334819,-1.0066198051826711,-1.1483886266366456,-1.1061166147634596,-1.1379996104467358,-1.1279679362857074,-1.0694967763721432,-1.0961228569409645,-1.0819388814493833,-1.0313884855776119,-1.0205157575698178,-1.024073375847425,-1.0046704366696,-0.9961105401890813,-0.9803576795779765,-0.9458544465075878,-0.9365110310485828,-0.9161920328056654,-0.9054239386598153,-0.8507550653118355,-0.838359726059464,-0.8227420970810436,-0.8028289969121092,-0.7803776434164891,-0.7837183646528441,-0.7899387967428866
0,0,0,0,0,0,0,0,0,0,0,0,0,0,0,0,0,0,0,0,0,2.684915316041006e+38,2.3336272410619883e+38,0,0,0,-1.3426639305259276,-1.384418615561825,-1.4177973287657357,-1.4500917535316222,-1.3831329239604575,-1.4169397343335597,-1.401447470286423,-1.3415807882862003,-1.3433415850542487,-1.3094764111090076,-1.2656543116609846,-1.2864322741597716,-1.2672775334363038,-1.2670484548657543,-1.2354280075597988,-1.2176984019967039,-1.1830399780061316,-1.1477832255617875,-1.1133160891681373,-1.0875036511829619,-1.068409393615288,-1.0382167464110643,-1.0132510929278795,-1.0274400507981154
0,0,0,0,0,0,0,0,0.17105315166401752,-0.9879612460343938,-1.0584406389963656,-1.1090344429508037,-1.3046703559262005,-1.3165395091563838,-1.3779007714727973,-1.3770902297632084,-1.4663118963305677,-1.4679049665419301,-1.516390710179152,-1.549421873332151,-1.5618870285119046,-1.572344740848572,-1.6258398969184202,-1.6521502412182296,-1.6766814004660588,-1.7370761832509538,-1.7425708194434422,-1.757305950323549,-1.7970679095202462,-1.809307402434396,-1.7689782577454043,-1.7944451475857957,-1.7976448189908203,-1.761040008770489,-1.7383139876787377,-1.7582600214973063,-1.744224216338658,-1.7183496472137465,-1.714419525958928,-1.6785612926926563,-1.6464232914788477,-1.6166965812178484,-1.574731001170959,-1.555652391073248,-1.5239092719614389,-1.4744350916328788,-1.417607515365894,-1.405598102967383,-1.3838490678421098,-1.3624010656639294
0,0,-0.8577957734867605,-0.9436492881446236,-0.9781295580957475,-1.0185709854253224,-1.2387694557422315,-1.3244304438105778,-1.3579978659149272,-1.4608495940711395,-1.5196333662687687,-1.5614795595596669,-1.6542148012407276,-1.694371048100856,-1.7527510865766422,-1.7752245908453348,-1.8760487844502038,-1.914020918795943,-1.936571598459102,-1.9977409753123812,-2.0272039822066503,-2.053441234298156,-2.1242631965427465,-2.155673758041743,-2.1399966403374133,-2.1978021033397255,-2.2244119685536448,-2.2097465155409415,-2.2523222363060227,-2.2653494529289206,-2.2555706992709346,-2.2982465211495433,-2.314625058286889,-2.281100416151035,-2.290186127061778,-2.3038042305096735,-2.280993223961196,-2.263591561374662,-2.2978223521797374,-2.2577365055476863,-2.223721891209007,-2.205839859780546,-2.156298743296787,-2.1126250233111237,-2.0498430265145418,-2.02649464127556,-1.931821936117911,-1.8630410606265266,-1.815905228753175,-1.7369736991340794
-0.824564523434841,-0.8617992059922385,-0.9126758873406728,-1.0031923093275377,-1.0615442543494151,-1.130106600548876,-1.2306169241519607,-1.2857252666824122,-1.3576240131236137,-1.4807658902844032,-1.5587702191986748,-1.6433633677461648,-1.7792769627076521,-1.8546110125604616,-1.9414438435213515,-2.015065331974166,-2.128405936143521,-2.214781827750267,-2.296554943668168,-2.420063227335748,-2.4533698649374625,-2.510162079884514,-2.622098815351223,-2.661699037363856,-2.6909534430073063,-2.7770417297298753,-2.7960775469536987,-2.8262857242842427,-2.8904487555505125,-2.904389797037533,-2.8955351778132825,-2.961613391511794,-2.96362722792061,-2.9740750591494702,-2.96003599157847,-3.0320803841475046,-2.9955839032119633,-2.9513080369755453,-2.981962161366908,-2.888144947615385,-2.915349878794667,-2.8804120880176427,-2.8186209667906446,-2.716382156281569,-2.70502712520298,-2.626625353324756,-2.509671704974577,-2.390165952197413,-2.35905978978032,-2.200646864877061
-0.6245789697967067,-0.6646341527749803,-0.7029247950275247,-0.809666321724862,-0.8891694993234875,-0.9644237970256789,-1.0467784882344426,-1.1279296294245174,-1.2365778007588595,-1.3380523281615961,-1.4131459849458694,-1.4736352149695477,-1.579886320819073,-1.66017355839215,-1.8123855235381996,-1.938679834944416,-2.1480749748308012,-2.3230582737611463,-2.487540719859582,-2.7098389356738646,-2.796267441819649,-2.884641045948555,-3.039801592681316,-3.118733508865851,-3.1901222588226594,-3.337389608461489,-3.371786456188717,-3.4146710751126825,-3.5101542637001395,-3.5707274681737156,-3.5831877028300334,-3.6662367411591337,-3.662138425981289,-3.681267070161084,-3.6920355171058015,-3.810589185142806,-3.7992315875966107,-3.7442502421379333,-3.8899032469315435,-3.7116297089308987,-3.7700961371159574,-3.8483402548103407,-3.824228552137311,-3.8096917465772,-3.790660867295095,-3.7338030524281587,-3.5657562464502,-3.4151581372087576,-3.29348937872245,-3.0939002292276876
-0.31352818699781293,-0.3714458308560773,-0.3954327836024545,-0.4603552686562811,-0.4963142583845751,-0.5267112392802895,-0.5856527808634444,-0.6295839854097743,-0.7174387365836555,-0.8219177051894643,-0.8926769892871488,-1.021563976897606,-1.1591826366178914,-1.2387089158671993,-1.4157478999206803,-1.5284528006610028,-1.7539392636325406,-1.995214061819911,-2.1819361575325598,-2.4266697223011273,-2.6218507754096323,-2.8094144853442042,-3.049866766235018,-3.2068901580883047,-3.4132920331052623,-3.628772441097179,-3.7528941261999638,-3.843186227995941,-4.121967740732207,-4.2630210063898994,-4.4542157082813905,-4.755277854972787,-4.781010967057818,-4.874706540029975,-4.9139776559767,-5.067538950954347,-5.08096875228769,-5.208461428718846,-5.372732475097482,-5.301035080510946,-5.195061535853157,-5.418350475534434,-5.336466173129416,-5.138498785454568,-5.150031435709224,-4.993656178296527,-4.761361972238347,-4.607881586280025,-4.475057768390579,-4.12438363760956
0,0,0,0,0,-0.3398281355410052,-0.3854491261549618,-0.41121468600283506,-0.44207868131276673,-0.48408549906701037,-0.517335592086176,-0.6372248405548249,-0.7547088676215359,-0.8368424122241968,-1.038636835740903,-1.176903423031284,-1.3968407570325525,-1.7086794854202734,-1.8847566732128387,-2.1847509029359764,-2.415591987891273,-2.5675989043376117,-2.7987288112278805,-2.9809374613946704,-3.2402981759098157,-3.515722081376294,-3.8049437423057872,-4.028885319342911,-4.344752296000149,-4.4826633747867035,-4.6519738693143315,-4.895808301832948,-5.021826485872336,-5.171113741546807,-5.268567375689147,-5.534107118096965,-5.570582063042186,-5.669564031610559,-5.937111980756847,-5.889015276156195,-5.926891023085237,-6.1977936753185565,-6.250088204035707,-5.9463686100234945,-6.011927845316797,-5.906711329064074,-5.576586191396458,-5.466407151408493,-5.2924875967054215,-4.895891500009691
0,0,0,0,0,0,0,-0.31360115605603506,-0.21134262781261015,-0.1671968984515857,-0.1427009334092738,-0.2789287484720206,-0.3867902215579421,-0.46454465991443916,-0.5746139602312481,-0.6306318585206815,-0.7127925367849961,-0.8414005608188257,-0.9043748997551333,-1.073372054132113,-1.3242157359953308,-1.561352049595905,-1.8667103876367528,-2.087575859375186,-2.4101487784540896,-2.6329585868425456,-2.8124593464128353,-3.1176953759668278,-3.4716627043948236,-3.7181999924438287,-4.107132766692338,-4.502508157346723,-4.75406111988531,-5.0735290428119875,-5.294303392460098,-5.528798890689182,-5.5994975240576395,-5.642795768996152,-5.702193557307931,-5.57141590838702,-5.519596665192087,-5.5885409291690165,-5.599459968055598,-5.287628921933691,-5.466664282657932,-5.384108481145524,-5.1425445557154985,-5.1294516548126445,-5.0599239952814585,-4.8218917813853
0,0,0,0,0,0,0,0,0,0,0,0.21127960571758414,0.021976955171080805,-0.1469114306903023,-0.1980475105479832,-0.2299782168965601,-0.29615082451913155,-0.41622708832982097,-0.4840263102048765,-0.5749372988883704,-0.6811903243142584,-0.784870566726955,-0.9826903607247409,-1.1687646699427123,-1.5170705257013746,-1.806769270211369,-2.0250381576184933,-2.3804870291061433,-2.667923088342638,-2.9070633062454347,-3.3001763337186856,-3.927669337277051,-4.2046012003227435,-4.737794041595128,-5.02060901142027,-5.33002241923024,-5.46009122483997,-5.495003598144597,-5.6069935243822995,-5.474827299286384,-5.42285136066156,-5.522097044208583,-5.381244088162898,-5.141588459355371,-5.11786559737036,-5.031190127000878,-4.610778315693615,-4.676288138095455,-4.561518959522064,-4.244785158918169
0,0,0,0,0,0,0,0,0,0,0,0,0,-0.11291381932286972,-0.5290281984322549,-0.17435422093792693,-0.15115536643949187,-0.09405574790571516,-0.10273278168127549,-0.15533533928454035,-0.2695266337943838,-0.37984730856365395,-0.5425619882433037,-0.7101503472914613,-1.0637445059794663,-1.357515685533387,-1.5453840728248307,-1.8795130015860295,-2.174786098450882,-2.4089543169533516,-2.7540165679760564,-3.276192545180617,-3.6752593976792016,-4.365333452475596,-4.664553931076286,-4.956348167932768,-5.2240931547744625,-5.316712646282011,-5.43452349058625,-5.2791818622021704,-5.211255773666465,-5.222998812749213,-5.163280556238805,-4.817351793999025,-4.947178905064044,-4.844286773119202,-4.50930557647708,-4.473298664658873,-4.504060181852642,-4.174216656786036
0,0,0,0,0.12019412298742392,0,0,0,0.17602363595974377,0,0,0,0,0,0,0,0,0,0,-1.1654826812979047,-0.5915327484626088,-0.7120975789455122,-0.9116617073337604,-1.1363140008622972,-1.4681029254745288,-1.7987838135088752,-1.9690509019047522,-2.2265255289718273,-2.4651620883143406,-2.5956312440789273,-2.8615708631580516,-3.1739414406871056,-3.414381903918579,-3.871059642968275,-4.1270821143449785,-4.48511715015638,-4.901923768084446,-5.107675355998884,-5.2078458042782625,-5.109371343765454,-4.954960631675643,-4.796538217233183,-4.639466573424797,-4.092249198032503,-4.023591732962154,-3.944034692091127,-3.640087247860768,-3.615274341280784,-3.556393273408347,-3.4635974455315846
0,0,0,0,0,0,0,0,0,0,0,0,0,0,0,-1.9583525100853726e+38,0.13103613243819048,0.11416030808691237,0.6518150079410011,-0.26403811360394425,0.048345400474904536,-0.2487995809829495,-0.9688600758226427,-1.2857958709846555,-1.1606048043331796,-1.395901298606449,-1.5125942038922047,-1.7847393280539736,-2.067412015623714,-2.178532345560595,-2.3680108531343596,-2.663670138861187,-2.843935109187804,-3.2874021239572646,-3.589849812556243,-3.7148821478377814,-4.093267951356979,-4.364148865188558,-4.556396453187882,-4.780321640209277,-4.719531448206878,-4.524526314711879,-4.2311504553725,-3.495272816460927,-3.216519489659067,-2.9870442627079643,-2.598188078067041,-2.5693182770865244,-2.426583004364764,-2.2974833474476504
0,0,0,0,0,0,0,0,0,0,0,0,0,0,0,0,0,0,0,0,0.057036400666898524,-0.08918572289463624,-0.41443388982351276,-0.8730122915253418,-1.5694837864492397,-2.1454248166761887,-2.379094476589294,-2.429718758904321,-2.474785144634557,-2.1525586613122476,-1.937150796900565,-1.9531943797094886,-1.8098190904554587,-1.506329675132121,-1.2225829427400083,-1.116627519446108,-1.3075843966159162,-1.3929337452845905,-1.6828825147550683,-2.9497904739265715,-3.627666370863379,-4.18167277997826,-4.4446319607647204,-3.929849944568532,-3.6276716529262654,-3.217179196609004,-2.358409635301709,-2.1538966950324245,-1.4441548120263012,-1.6055943881500794
0,0,0,0,0,0,0,0,0,0,0.3316686649412255,0.5018080600540418,0.5822763215000422,0.5986135240075707,0.6504717230427671,0.6853514358582108,0.7363468169620874,0.7564028552817585,0.7581923567090351,0.7830282297899868,0.5754092707607972,0.45119158679515287,0.523256469124688,1.2840671292696142,-1.0228715238373505,-1.2215677234970233,-1.1924400519652376,-1.3381879153215994,-1.4105133142559596,-1.3870733272966782,-1.169677990194945,-0.8829114973590478,-0.6312577045710023,-0.4770209857983928,-0.3318354894654991,-0.1305830629082493,0.37679557691416027,0.6543858951660074,0.7217247859274196,0.7314884575270282,0.698437661885199,0.560948971623399,0.7001613340354085,-0.189629168359734,-1.9149505545406973,-2.6007997073480613,-0.8475310285576857,-0.4781384436834593,-0.6059446654361759,-0.6749173878810759
