jsons/1312567200.json
{"header": {"parameterUnit": "m", "parameterNumber": 2, "dx": 0.1, "dy": 0.5, "parameterNumberName": "Eastward wave", "la1": 40.97354507446295, "la2": 16.46031188964855, "parameterCategory": 2, "lo2": 133.9931640625001, "nx": 191, "ny": 50, "refTime": "2011-08-05 8:00:00", "lo1": 114.97908020019554}, "data":
[rows 22 to 43 of 50, columns 50 to 99 of 191]
0,0,0,0,0,0,0,0,0,0,0,0,0,0,0,0,0,0,-0.5662375345945907,-0.32610105385963506,-0.43131906131768244,-0.19109899144738685,-0.1464904230770854,-0.5029228641300734,-0.46422919671200835,-0.5845556602233278,-0.5556977150929457,-0.43957395933106047,-0.508249954722482,-0.52308823197866,-0.43009584317055216,-0.3883608326520369,-0.3589759629308623,-0.3235361837039097,-0.32060496781549025,-0.3253044668243074,-0.3091618959642828,-0.25763493995486725,-0.19149879794067481,0.047710571726045425,0.07435193005925445,0.13244563970089374,0.16678496135358092,0.26561515063077906,0.32312101455948544,0.3739808052823945,0.47719130179165103,0.5339970374356874,0.5639405745906295,0.6381771242936468
0,0,0,0,0,0,0,0,0,0,0,0,0,0,0,-0.32849520987473063,0,0,0,0,-0.41522499999376744,-0.5633171552673207,-0.6789678573813979,-0.6758114485112108,-0.7012831739385337,-0.7303656692378127,-0.7332765596299065,-0.7612236172621243,-0.7753672705974901,-0.7896702917571627,-0.773536614819962,-0.7854788395611647,-0.7776753106335422,-0.7090535062453552,-0.6247028905553037,-0.497777355628967,-0.34129058207471635,-0.3066076993097462,-0.262226853511082,-0.23419692751576085,-0.20093376109675717,-0.12068407576358099,-0.12287984738080672,0.0011049958961065365,0.046158500939198245,0.09842344350440682,0.22357538593796755,0.26814090605154306,0.2901304530175164,0.4188105520724171
0,0,0,0,0,0,0,0,0,0,0,0,0,0,0,0,0,0,-0.562510942445701,-0.6904317317841692,-0.6410986319382981,-0.696624688305081,-0.7939279093510084,-0.809329180578901,-0.8634469499508339,-0.9547375644924051,-0.9643602679275924,-0.9779863437008752,-1.0056196680084892,-0.9977545078702714,-0.8855297043678659,-0.8630981098583003,-0.8573987531698918,-0.8307959046929401,-0.8294276139736503,-0.8086493952404517,-0.8139639234513871,-0.8075197445407675,-0.8917835735911658,-0.9270011027261811,-0.9247218344537483,-0.9495357986298658,-0.803670066295514,-0.6170730891901256,-0.5720924596822914,-0.4807565337240809,-0.3588454060543008,-0.26674245527283375,-0.21851035882910316,-0.054425118480236206
0,0,0,0,0,0,0,0,0,0,0,0,0,0,0,3.3038944722661223e+38,-0.6421183780099347,-0.5264453247935627,-0.6937626198256082,-0.9338680601450615,-0.990025232428071,-1.039001300946112,-1.1423900167369476,-1.2047801728799437,-1.2625659501485387,-1.2484322763419657,-1.257969651019864,-1.1861130305240621,-1.238411511666336,-1.2469602862918427,-1.313350805911271,-1.3694738122638408,-1.413918816070047,-1.3403882760578218,-1.3851745548477297,-1.4106689335979439,-1.3825102401826712,-1.3556345873915598,-1.3983165295512863,-1.3888048588814772,-1.3648742888470897,-1.3960485908478375,-1.34815996124714,-1.3190156202869712,-1.345737807116402,-1.3260780951868034,-1.3105216926391747,-1.290663177895064,-1.1855260059237218,-1.009867900801
0,0,0,0,0,0,0,0,-0.2979239540101237,-0.35103725255981066,-0.48308188045608685,-0.7316884430746361,-0.9202469919729361,-0.9205256206608942,-0.8357485435785491,-0.885992621458578,-1.0046011084220001,-1.078896567194906,-1.1395654689172363,-1.269994608264639,-1.3071361711413698,-1.311057647281712,-1.3849169322765285,-1.4064555902442262,-1.4564876725231286,-1.5519366989074046,-1.606685337312191,-1.6811263579659075,-1.7705305507717004,-1.8249357346123776,-1.8927804102049683,-1.9991987516131784,-2.0270555852844936,-2.0591668134031242,-2.0966295976732416,-2.2182605622520715,-2.2250147777099403,-2.2443225852278923,-2.385687305742975,-2.2741552108641514,-2.2685043254261905,-2.3674311633569767,-2.346029523689583,-2.2697356688527237,-2.3723143943934653,-2.3193215031933927,-2.2596286808471446,-2.2956497930057727,-2.272051541040899,-2.1924956282131487
0,0,0,0,0,0,0,-0.473707313228525,-0.7263812218224222,-0.9338329915858867,-0.9940528068877105,-1.068467118505831,-1.1857216915159525,-1.248196433187844,-1.3271683899704005,-1.38256602255337,-1.5158219641076354,-1.5197448702870608,-1.5524015771651796,-1.6333229297491736,-1.6873090844282785,-1.7431898309198368,-1.8722809507402964,-1.9392420824552694,-2.0517343562026804,-2.189329654865975,-2.2786226690017437,-2.3405107571077113,-2.4857267645945162,-2.5448176062761667,-2.628484589662384,-2.7499568406532537,-2.850363434662983,-2.932914985878512,-3.0378981387330026,-3.1772397466645885,-3.2385724366271327,-3.3058916474684925,-3.4486029572599075,-3.508414368498435,-3.5338884137377926,-3.7157460181753343,-3.774361175655083,-3.819607587716162,-4.022041957229867,-4.039280635257334,-4.019740901842455,-4.211655170045578,-4.234244327572364,-4.117610813352618
0,0,-0.6096638250292673,-0.6181380060277916,-0.7204038726936385,-0.7566342348069087,-0.9335150596691272,-1.0018516783739106,-1.1086701350728485,-1.1995721680944988,-1.2781092775926706,-1.3504019164974839,-1.4652561844531204,-1.5419234518903615,-1.6166364482162123,-1.6746872536082706,-1.7811416795286403,-1.8193486385909712,-1.9020375494586088,-2.0505849104744014,-2.1607043304614493,-2.220109036452275,-2.3449899234426237,-2.413089162104066,-2.5182284937387944,-2.7079097534321104,-2.7598585604361325,-2.9346644599842517,-3.124852259048787,-3.2237911139936686,-3.3376206119482115,-3.5437284946341214,-3.6338663101351867,-3.7383633246951082,-3.8447107912672864,-4.088645932305982,-4.145808071119792,-4.248668135200803,-4.481827393292806,-4.654524650175184,-4.673770888693827,-4.993721899016456,-5.108731549361405,-5.264070998000428,-5.495264619528607,-5.609295676991392,-5.776627998824066,-6.08051082115876,-6.2216763114696745,-6.070544449606507
-0.6471377990000122,-0.7048764125215493,-0.8071065399913185,-0.9427983407347623,-1.0279068616979594,-1.1111972246133401,-1.2250284503324103,-1.326851999376427,-1.3584323374426088,-1.4441916310778704,-1.4962476152015423,-1.5788268181704168,-1.6448994747254868,-1.7243663549067987,-1.7813771132890173,-1.8785979024269064,-2.0034361292885787,-2.1340453495756915,-2.2097220340243995,-2.3600021110623906,-2.4887188890991943,-2.5810282485281077,-2.753590926185988,-2.8353576703510814,-2.9774383831494995,-3.151038147084058,-3.254999471006534,-3.399141701121918,-3.6308005534122016,-3.7396987556165042,-3.8959113171120796,-4.120204948257828,-4.228777857463051,-4.4078454492685815,-4.55866220042375,-4.778345569105887,-4.9959050401260985,-5.090364781737923,-5.32895795170806,-5.565200096358146,-5.692223934923936,-6.045550064513483,-6.203305112241764,-6.437212960052376,-6.796982981822749,-7.014701189696079,-7.25177937738819,-7.588956104982923,-7.736740522671218,-7.9314080586953555
-0.9844522080062006,-1.0261250658795145,-1.0754968759518708,-1.1686054062300788,-1.2299757666050348,-1.2845804575776323,-1.3693901446409373,-1.4093361366350268,-1.5216655268245343,-1.6094266846872656,-1.6737655336478163,-1.7535473422213064,-1.887329624030369,-1.9586553035113354,-2.05379876526087,-2.132679769707638,-2.2884710594180095,-2.3736150651905605,-2.4613534336737843,-2.613185373143045,-2.7741684417278023,-2.867490172266703,-3.0395412162405275,-3.1502037280850543,-3.2853347445784546,-3.482059407154231,-3.5981561187083515,-3.7642222908860488,-4.005730552354553,-4.096044661011805,-4.258581874378255,-4.479738356570787,-4.586263614330345,-4.7877727455627115,-4.922367056823067,-5.200378986940592,-5.4109084110959795,-5.503648939472098,-5.827710877464136,-6.0663170139174545,-6.172692317543239,-6.5182008730372285,-6.754212667571001,-6.995392255998949,-7.370883874310514,-7.59522801385617,-7.884174605995302,-8.277179512645692,-8.412590367964322,-8.697460986180248
-1.107648479304439,-1.1755729775482207,-1.2367021012172206,-1.3203163802062694,-1.38691286569428,-1.4351477683951472,-1.5383376126567132,-1.6085940830293353,-1.6688672576536863,-1.7906354457939733,-1.8645233867440756,-1.9621459419919596,-2.092877247761033,-2.1779819445152224,-2.213880505049043,-2.327752439754677,-2.4483724258220807,-2.556245628442824,-2.6318179338422265,-2.819254939708136,-2.916730447723502,-3.039570377554511,-3.210313075490433,-3.3502779758929893,-3.4946283693236513,-3.6887128057868552,-3.800606012919458,-3.9374413684964256,-4.116718825216112,-4.213790717694587,-4.380441883421221,-4.545411325589131,-4.708700989748318,-4.856165928186734,-5.001526842657041,-5.263276015776614,-5.47791326496599,-5.609763828102172,-5.974757071870917,-6.083031040601352,-6.294033761148632,-6.626866654884546,-6.807002457835447,-6.941304626153118,-7.2574162743255854,-7.47622939211357,-7.676345999025283,-8.038287636552889,-8.228977583289238,-8.377795053080826
-1.311154321790365,-1.3703795261725822,-1.3977957147421112,-1.4654141307056043,-1.5268011536846149,-1.5715057488499873,-1.6160840788795392,-1.6738759940433292,-1.6558680657535059,-1.5818695404875693,-1.4873091719533016,0,0,0,0,0,0,0,0,0,-2.354916619560661,-2.7126264527251447,-3.0333334403879646,-3.197153768934601,-3.342391126916857,-3.5296478789665175,-3.6659552374460045,-3.757459700606487,-3.9526892658859683,-4.01381145586402,-4.093932688064843,-4.29856289372207,-4.437904077958152,-4.523069408562192,-4.709654166144297,-5.005788096495656,-5.166080224223342,-5.286267411494491,-5.557060677013231,-5.74816531824137,-5.891520487799739,-6.214314064090127,-6.353395384067837,-6.4501458301872745,-6.781631959505212,-6.8824047502917205,-6.998374480536745,-7.271528720944711,-7.334540143410941,-7.38175813009811
-1.1258010646341858,-1.1295875027371187,-1.1172422432895643,-1.0962439444265188,-1.0576617224898832,-1.0204835361113493,-0.9066403891963054,0,0,0,0,0,0,0,0,0,0,0,0,-1.9261668518822237,-2.2972715217444617,-2.5430388144512754,-2.8178900825762123,-2.906466992383561,-3.059406007210523,-3.2165073462026683,-3.309244565032597,-3.405834009593476,-3.5572069512279882,-3.6388490774248865,-3.7372587394348917,-3.9273354357918526,-4.025475807516298,-4.084087224901984,-4.222603981531579,-4.41699185447016,-4.549211283691584,-4.636232129879907,-4.661337649848017,-4.886280346945445,-4.927978195867323,-4.481565038250209,-4.145271512551464,-2.8704478068685706,-5.24180581179185,-5.610623277149785,-5.593376241572365,-5.81021075631208,-5.832831269853249,-5.831925236061932
-0.7984697437420291,-0.7535120915123896,-0.7348322375871079,-0.6998027615520344,0,0,0,0,0,0,0,0,0,0,0,0,0,-1.6474483447691013,-1.9571275149089706,-2.2820597634096025,-2.410519324379817,-2.5134050780167114,-2.674449888189512,-2.7476583030900565,-2.815928343299391,-2.939311882159483,-2.973261802877329,-3.0339181911505593,-3.1068245890199497,-3.150462894264044,-3.1383170227736,-3.2247800754708065,-3.2545135533035596,-3.2171043569100366,-3.146650013077837,-3.147288491485887,-3.1052282230950072,-3.1623560854666284,-3.310912149074242,-3.6226422362722928,-3.8010739908062368,-4.2548835967154375,-4.379582221282096,-4.504769848336472,-4.7487967429461015,-4.895027980196006,-4.990835620644378,-5.302656530311043,-5.413364104295322,-5.397178249298561
-0.5438138089351022,-0.45407954535530176,0,0,0,0,0,0,0,0,0,0,0,0,0,0,-1.6164270045784659,-1.7972742988436023,-1.9700091607177899,-2.107306015907497,-2.1747013962228268,-2.230972172866381,-2.3277668528787503,-2.372958972934546,-2.407001429472539,-2.5048774726929857,-2.534379568955139,-2.5664465781242534,-2.6542972773363274,-2.6878901180940122,-2.716159247662047,-2.862696530729349,-2.948924940740453,-3.0912647896017598,-3.1602656888342935,-3.3760996371840215,-3.451388467928785,-3.610653119135069,-3.8471824524351153,-3.922383062175942,-4.06767640735874,-4.295357353810678,-4.3714844503657,-4.47008628083594,-4.659283186360421,-4.736675114128172,-4.727981013203583,-4.8765653082826965,-4.8817228834766855,-4.854956756790424
-0.4316407698354255,-0.21846190095649026,0,0,0,0,0,0,0,0,0,0,0,0,-1.2632351898163434,-1.466029306242652,-1.695479922256128,-1.7900522313460048,-1.8714873768994607,-1.9859836998842817,-2.0430858583696763,-2.089957918888803,-2.203134626460914,-2.2720281009996732,-2.3092185240605105,-2.427724702061053,-2.496853086192237,-2.5714029335127204,-2.7084556704206664,-2.777069572279609,-2.866687066007797,-3.0643482903549146,-3.1426271221089697,-3.2703176189263936,-3.348924440646722,-3.5439976296648514,-3.625520567897006,-3.7326034449967187,-3.9217628667131965,-3.9781822173109,-4.0645223223316895,-4.221939160695947,-4.280412737808907,-4.326096611456643,-4.446414872845997,-4.4714035037503495,-4.467257588426308,-4.551325963928405,-4.566058250869107,-4.531663978594875
-0.3910325181857504,-0.3711726057969764,-0.34985256336912,-0.3022607169840296,-0.4578046821184022,0,0,0,0,0,-0.9074299981157105,-1.1404629959877342,-1.396976468181134,-1.5018736132325294,-1.5939246861462004,-1.663959376553845,-1.7825840530774864,-1.8448033095632124,-1.9006710646677163,-2.005098244048781,-2.0623525712002557,-2.1193348785937127,-2.2448391694069953,-2.293894687865161,-2.377771692029448,-2.507119087546649,-2.5665747210358125,-2.6466516039947257,-2.7997347440882283,-2.8631706630546896,-2.952780138520968,-3.0995722348117196,-3.1844522601917036,-3.261090176124055,-3.3573832351457393,-3.5011840108313987,-3.5689489568691255,-3.6207129775420963,-3.7242133284638705,-3.8134283503481368,-3.86805511676511,-3.968794835112781,-4.0009566017566955,-4.046277528819515,-4.134564489072326,-4.171095547867675,-4.154719232036152,-4.222987472477701,-4.2569103862052025,-4.26414709674391
-0.37253407299224633,-0.3722785455917919,-0.3774796109846798,-0.40661038608834976,-0.3797604056072312,-0.398320707477566,-0.36559880505017384,-0.44287682227489894,0,-1.0340067468230432,-1.155608229125755,-1.3366235505537107,-1.4858357508692286,-1.5495796199007437,-1.6213294524095954,-1.6807407622692283,-1.795003904327807,-1.8494392647910323,-1.8819024654467482,-1.986461456892791,-2.0629188757479993,-2.1152396835141696,-2.244611860659229,-2.3068091345943746,-2.346377303788423,-2.472951895425191,-2.546388643928996,-2.606053283890182,-2.748314495360371,-2.800634900123594,-2.8976012287615136,-3.026976145812363,-3.0677467403067786,-3.1411465669301797,-3.2320656795209812,-3.3258044080578437,-3.381129805753567,-3.414786970454729,-3.505454391616871,-3.5609718559286314,-3.6153352757119253,-3.6894468808305283,-3.738610712367889,-3.7362140107181814,-3.8405553296267034,-3.865890789298872,-3.891837918409238,-3.955062586058508,-3.979673964204238,-3.955043969169505
-0.91451161043111,-0.9321033068090567,-0.9393117044835801,-1.0450055770294633,-1.0770077718397983,-1.1687371472384351,-1.2261615371001209,-1.2666615124984704,-1.2949397539040457,-1.3669834716895601,-1.3926386634368595,-1.446896661846047,-1.5443093932223453,-1.5880429549647144,-1.640167851313201,-1.690791601533874,-1.79686677246571,-1.8566941300139,-1.9128990179814054,-2.0102933990382947,-2.0896046237294454,-2.116476737176499,-2.2136853992314967,-2.2834280460522884,-2.344552115330783,-2.452318215907669,-2.486663411533679,-2.5447910695148956,-2.67648684449999,-2.7170191523535565,-2.814259760250841,-2.9061029022772207,-2.968526511512725,-3.0095976453407007,-3.0567139273430004,-3.1450720563317978,-3.196112033513481,-3.2423558477314582,-3.321709661467551,-3.3593681211048745,-3.3849787958028825,-3.474279864567187,-3.5065852173134178,-3.551298099073137,-3.6065497486812785,-3.6359743016457546,-3.649539179171565,-3.7369081411425746,-3.74308723893515,-3.7293902585491088
-1.0382320490918049,-1.0603522450528464,-1.077841180303965,-1.1489695418838757,-1.187674191842865,-1.2103758146103207,-1.2998979749957413,-1.3064172818181927,-1.3395128846394728,-1.4258090155298058,-1.4761764599761218,-1.5183306083405708,-1.61013993682289,-1.6505866079637854,-1.7008715782200015,-1.7480477427287882,-1.8112820114253527,-1.871570003746716,-1.8988719329723467,-2.0084505059201674,-2.04018197463212,-2.0899722421853077,-2.171747750004857,-2.223558423694904,-2.2893499786690787,-2.3781430836547477,-2.425720497542047,-2.485181784207868,-2.565431874359909,-2.616569074620621,-2.67844596648799,-2.7439293558478304,-2.7864132245552633,-2.8467477762398747,-2.885509109026163,-2.9601613682282935,-2.979978934537477,-3.0308091047525605,-3.097248822213617,-3.146614177939009,-3.18888843099149,-3.2357877002908,-3.2891672576154605,-3.3217159890245687,-3.3684326544613143,-3.37494135598495,-3.399210165631027,-3.449540503555844,-3.46307456431068,-3.4744517444456204
-1.097152784022296,-1.137671998804491,-1.136980588963997,-1.2123007218290853,-1.230686434967406,-1.2711911017750153,-1.3328118593305478,-1.3826932368513094,-1.4213784436699188,-1.4957847701829268,-1.5118999942837805,-1.5605691909469774,-1.6192438194682575,-1.6577275736697608,-1.6997755982911145,-1.7300897938107098,-1.8094744344285099,-1.8644641379982982,-1.9044324447974903,-1.9876744300923594,-2.042202296402901,-2.075682676971768,-2.1647299307348655,-2.182724860093254,-2.2543541531848708,-2.328637458686905,-2.372650633576983,-2.438905851553296,-2.4910212037884327,-2.536371537873559,-2.559805446621614,-2.6296587314615985,-2.669306587119378,-2.7225238592670564,-2.7634427662354586,-2.810903949861086,-2.831998603811969,-2.875270412659175,-2.9385958981258646,-2.9871944643601642,-3.0254531995458582,-3.0516159214222482,-3.0841949926232908,-3.1104516633705668,-3.148318094359735,-3.1806460537998285,-3.185853900461218,-3.22557398751055,-3.2412121499326534,-3.2792139795776674
-1.1320091175659714,-1.1761583934270716,-1.2048899274368297,-1.2618400065474131,-1.2811663991049935,-1.3118188008578715,-1.355198787004399,-1.387505226511739,-1.434624550891387,-1.4706287530273232,-1.5164693924687518,-1.573635525125112,-1.6087008376061969,-1.658920367389127,-1.7174243324040637,-1.7260699290382624,-1.8026185674849093,-1.8527960478681718,-1.8781149218570352,-1.9574123639894307,-2.011512213349386,-2.045170894925193,-2.1361247432156487,-2.1546172675080326,-2.1908627333189488,-2.2440612934784836,-2.2695546108174875,-2.313806497818366,-2.359991378607814,-2.3859917799269708,-2.423188366887862,-2.4744068722709365,-2.5114108045385857,-2.5423083243616076,-2.583855017861246,-2.62340008114242,-2.6674444775790134,-2.7051416510825153,-2.777768946295668,-2.7939861197754454,-2.8195148354440867,-2.878646936767591,-2.910760703484666,-2.929946580894853,-2.953783741333826,-2.981146325842615,-3.012661965648793,-3.029932555833773,-3.052168399458911,-3.0800299703250813
-1.1653276420905652,-1.1871470471904084,-1.2025380781143427,-1.2561631061976002,-1.2854063417174844,-1.308018683917744,-1.3626354728281271,-1.3790693561439429,-1.4224515044914219,-1.4777077255670452,-1.4940072384802017,-1.5449483149967964,-1.6363934098951243,-1.6470116938380923,-1.683475497707317,-1.7402043622123193,-1.803926210310278,-1.8360896026418945,-1.8754539330534092,-1.9242665043860148,-1.9645004240202395,-1.9854720370451628,-2.022935827510999,-2.065555346090959,-2.106197674869521,-2.141953106280351,-2.1736173617044003,-2.2200981778261286,-2.2322122845741807,-2.2639582249575665,-2.3188671085091785,-2.3659666801040853,-2.4014997483940204,-2.4362883491595797,-2.4516476842730515,-2.500707235132601,-2.5316226670515443,-2.5401411602118733,-2.606135186230332,-2.647421758747017,-2.6663241505808553,-2.7101857787437242,-2.716207315948753,-2.7480968554533507,-2.8113595438343237,-2.817561163335122,-2.8289109818704916,-2.8547098990088817,-2.869371173472637,-2.899473157680165
