jsons/1312588800.json
{"header": {"parameterUnit": "m", "parameterNumber": 2, "dx": 0.1, "dy": 0.5, "parameterNumberName": "Eastward wave", "la1": 40.97354507446295, "la2": 16.46031188964855, "parameterCategory": 2, "lo2": 133.9931640625001, "nx": 191, "ny": 50, "refTime": "2011-08-05 8:00:00", "lo1": 114.97908020019554}, "data":
[rows 22 to 43 of 50, columns 50 to 99 of 191]
0,0,0,0,0,0,0,0,0,0,0,0,0,0,0,0,0,0,-0.7105401853694847,-0.40393020935323054,-0.5426396239764539,-0.2304297817371335,-0.19550582156238747,-0.6871123997855146,-0.44225770027379235,-0.478188967296437,-0.35587353498689595,-0.10756280858701323,-0.1355117763788024,-0.10616114644365404,0.07343560088058175,0.19202130038606774,0.25564912929871614,0.3074074776763973,0.3094390789375386,0.36655677557000926,0.41936404404271993,0.534124547066718,0.6354586491861944,0.8497581223865307,0.8554317454406883,0.9613057527353577,1.0035757337189994,1.1037496806237372,1.1913654951605501,1.249943490124869,1.3792667870605362,1.4809658013375129,1.5218420860763386,1.625036675662135
0,0,0,0,0,0,0,0,0,0,0,0,0,0,0,-0.3975539855442846,0,0,0,0,-0.4542109179186825,-0.5612888321303838,-0.5968852918628753,-0.5648711979651153,-0.5655998694433958,-0.5508250006764775,-0.5316235534352989,-0.49933042982080367,-0.4996936057997579,-0.4916053235819211,-0.4245028732187705,-0.3952944841374118,-0.3701104746593182,-0.2958303677432686,-0.1731987353891656,0.011373317345002102,0.2102651563039042,0.240636707726783,0.33014269356315123,0.37868859636643976,0.4177460184449373,0.5319033288532191,0.526434684745879,0.6791916420516675,0.7568453742398378,0.8407018516270697,0.9912382680214821,1.1112029627854823,1.170234766398504,1.3104317114933874
0,0,0,0,0,0,0,0,0,0,0,0,0,0,0,0,0,0,-0.5696834923047959,-0.677386993828397,-0.5434253320837875,-0.5911578662573941,-0.7040485256125333,-0.7214126604260543,-0.7619677503631873,-0.8319698472489608,-0.8484708002214199,-0.8489589518967686,-0.877896198195566,-0.8342724834091331,-0.7753980591948516,-0.775868649316129,-0.7696203991527265,-0.7292698115449695,-0.7077994039799123,-0.6835252638525822,-0.6612210735665556,-0.6892394405463469,-0.7348900087130193,-0.7866477361463888,-0.7804891022956577,-0.7870680523984357,-0.591997632011881,-0.3897342585812246,-0.30128368168126174,-0.18371657113584203,0.011667161237402069,0.16204408799444217,0.240297591902743,0.4865611849097026
0,0,0,0,0,0,0,0,0,0,0,0,0,0,0,3.3038944722661223e+38,-0.8184808962151349,-0.4130239477250142,-0.6057016885587251,-0.8904301713335826,-1.0550074286068034,-1.1402397273934235,-1.279553768268002,-1.3422895011780926,-1.4150500674565765,-1.4151432886109305,-1.4669666497688632,-1.4324767456702985,-1.4904893483696622,-1.526794497236234,-1.6334740060529365,-1.7144941630784474,-1.7704254555420138,-1.6956492045538758,-1.7695841601327984,-1.7842581283986412,-1.7767787577968683,-1.7606014489595376,-1.8033351801721345,-1.7986247240063382,-1.7480877463451163,-1.8064889123456997,-1.7460054104925318,-1.6709562035251315,-1.6742736480321547,-1.598201396643585,-1.5248722938568449,-1.4852663846693432,-1.3390532975243468,-1.0120406995120474
0,0,0,0,0,0,0,0,-0.34285829283099056,-0.37827148746309325,-0.4884867903470095,-0.7920221781264978,-1.0032860672760955,-0.9595777421041282,-0.8370787327769138,-0.9003201723306125,-1.0495686081649738,-1.2186963568172904,-1.3189883527884774,-1.4851178769091231,-1.5435734139290456,-1.6006820157477297,-1.732873376355194,-1.7980739555197787,-1.888865785604462,-2.026017360962078,-2.126031443388505,-2.2437093865275295,-2.399991492719743,-2.4840326287979244,-2.5772332290077005,-2.779363505197179,-2.840589840537237,-2.9002634378106817,-2.947331983709897,-3.1430538419141727,-3.1516296974001983,-3.1812411249582726,-3.418996038400904,-3.255737047034314,-3.2463092093186954,-3.403925483132609,-3.371829605535098,-3.2539511147541647,-3.396033693084701,-3.3110744323842076,-3.212148778541026,-3.235515927019688,-3.167818916328889,-2.964035341383725
0,0,0,0,0,0,0,-0.4519407231713105,-0.7952191452519564,-1.0686689081725105,-1.1628879490211361,-1.2724088717709303,-1.4369446354574684,-1.5418180471067189,-1.6682124853113818,-1.72259172441367,-1.900366854380809,-1.9279859515693913,-1.9972259777975399,-2.1427393798124745,-2.2744237954714315,-2.3821285996520016,-2.549492599237227,-2.657117122689575,-2.8155464699448887,-3.0295837423871856,-3.164361655517187,-3.287289045906106,-3.5027528762578366,-3.5956126731218485,-3.743281000957483,-3.927096371084789,-4.061408277899135,-4.193063969579485,-4.327341189796335,-4.531300273803117,-4.644334878927233,-4.763585941708046,-4.924980953160629,-5.086155955041688,-5.144591927800819,-5.408892526910804,-5.482377042414132,-5.570101680622831,-5.915009527777894,-5.921911822038846,-5.84511506539228,-6.122169431103355,-6.175844588753931,-5.928499418117347
0,0,-0.7486504896919787,-0.6317548587311665,-0.7731649367049744,-0.8431660602771417,-1.0701164891658286,-1.1772884627809432,-1.3363807791284577,-1.4615269593629494,-1.5728480443694388,-1.6921667117355743,-1.8511047949393822,-1.9480887466017398,-2.048504420874149,-2.1511201069872423,-2.3136519781566536,-2.4274683446588905,-2.545364088824598,-2.7251388480784606,-2.9000348613784777,-3.0147324740220873,-3.179195745994932,-3.27498377145177,-3.4180899868068977,-3.672063876722032,-3.749361965253927,-4.0019288041895225,-4.270539027388164,-4.41129708850047,-4.582115494056748,-4.820551795069846,-4.92171728662589,-5.106939961906156,-5.261927128708433,-5.574845674061539,-5.684801062554657,-5.814791758871186,-6.098062524533743,-6.339112960736625,-6.40377493143093,-6.826549849361443,-6.985529957633799,-7.182182248985798,-7.494141462453223,-7.652124753480741,-7.881211930629023,-8.234563603301025,-8.418383153079617,-8.294717584543868
-0.7098350983934769,-0.7763802634614096,-0.9094032818020971,-1.0871933871776245,-1.23969495545051,-1.3292411775447646,-1.4532487897962763,-1.5505805775922874,-1.6270384118156886,-1.7685688556085668,-1.854616885866931,-1.9825800565973482,-2.074306716240142,-2.189609752723378,-2.335412906115737,-2.467809477919286,-2.6393949356666875,-2.817442910528771,-2.915948860546791,-3.1220489757665946,-3.297964826320247,-3.423090676572668,-3.64454850134998,-3.7629614502648363,-3.9527240238093673,-4.174230289804331,-4.308692422962411,-4.490521921659502,-4.77223710954137,-4.907335626742249,-5.094173562159011,-5.376505014498498,-5.516316143133563,-5.7203631190769855,-5.892236214097853,-6.15406737861833,-6.402727880130574,-6.527366030645403,-6.808759411947371,-7.055999492945535,-7.204786570670285,-7.649882014872134,-7.799043227223438,-8.047284420516455,-8.422168509592836,-8.640082468667138,-8.94289293097263,-9.245710482439243,-9.363357710140574,-9.514716415684196
-1.1107468692517901,-1.1746509640791285,-1.2447004668526076,-1.384384222922267,-1.466663382421218,-1.5428469368080562,-1.6550117965655462,-1.7113968550383927,-1.8392523651942427,-1.9551938599827972,-2.0654475728624466,-2.1870844327320076,-2.3563838371859203,-2.4537299947414746,-2.6078769530177066,-2.7148909393533653,-2.904017793208671,-3.022951682581207,-3.1467741567906735,-3.3336343720840294,-3.527523765114425,-3.637440250102334,-3.8517712433035562,-3.9758048662419307,-4.140216023220561,-4.372268498914404,-4.499193324762269,-4.669980651746864,-4.917786588302307,-5.0433052282388875,-5.225800751610715,-5.462403563924411,-5.5815497253240025,-5.776472883532236,-5.904816776127362,-6.197674627689312,-6.384730284810042,-6.471586220343349,-6.804624323192791,-7.021683501251206,-7.115676497683041,-7.48375539071747,-7.71087018631552,-7.92210163840057,-8.28560088438181,-8.4522993144248,-8.643530151602597,-8.85247760298914,-8.878561475302195,-8.858657235208543
-1.2634567518690945,-1.349106725776728,-1.4425988268349805,-1.5683151644248758,-1.6602506331785598,-1.7243991560007685,-1.83701697354574,-1.922574976643703,-2.0182936599005212,-2.1825472215767237,-2.2720186066649743,-2.395532604802374,-2.5586031713612867,-2.6607856069051548,-2.7215876169245714,-2.8601062606291516,-2.997180839588849,-3.1315064621224193,-3.222009653242694,-3.440907980804132,-3.574946396428242,-3.6953277744668616,-3.8803046329200206,-4.037733413439621,-4.187782650030453,-4.398003211038966,-4.5177321997128495,-4.667497415244816,-4.854646601981882,-4.947696393731171,-5.0889626736961775,-5.259160618962248,-5.4120408506301,-5.5263261293345725,-5.672903195789601,-5.942650268439104,-6.124218203835445,-6.244922007460161,-6.606338847900691,-6.6818076854217345,-6.850807830386799,-7.124806114838189,-7.250482129157853,-7.31027607299186,-7.56500602820314,-7.686359591291048,-7.740671929778887,-7.9084146575796614,-7.9383859861054535,-7.772718333505633
-1.5224942610259735,-1.5994758422655166,-1.6423260281588246,-1.7345099255655028,-1.815475374397531,-1.885302887624087,-1.9381708989259707,-2.0162070670945966,-2.004313599783448,-1.9071180582867042,-1.7890483448234722,0,0,0,0,0,0,0,0,0,-2.756020722042551,-3.1880077775941027,-3.559065974391515,-3.7359012633263595,-3.900116811401374,-4.101879770587848,-4.253872289757175,-4.350329512009793,-4.536622830308094,-4.59412064417407,-4.662813520593088,-4.858421621726797,-4.973105996068645,-5.042851822894932,-5.209522403105556,-5.455428564506169,-5.5834809573078665,-5.6835338620466445,-5.9314809505465425,-6.07364492298302,-6.181127176127879,-6.423417703269961,-6.502552726930947,-6.542888718009335,-6.78064236644139,-6.799996484767106,-6.800699958367432,-6.91657503062326,-6.878853185443443,-6.761129521835607
-1.3250618711159374,-1.326945952186613,-1.3127934446014315,-1.2869445600525604,-1.2325237948186996,-1.1782774852944378,-1.0348659464754777,0,0,0,0,0,0,0,0,0,0,0,0,-2.210255281819913,-2.664060461872344,-2.9515660074391743,-3.270739959971338,-3.374699260408775,-3.554165470546029,-3.719513774700303,-3.816400426596155,-3.921867265813109,-4.061931165465476,-4.144541377048581,-4.233918497970321,-4.439043606472735,-4.521490872219479,-4.571484902496252,-4.702490070668744,-4.870784955046799,-4.972018522709763,-4.954067992237521,-4.877417932815607,-5.140754568020981,-5.126289485478445,-4.578171313493769,-4.292196074084708,-2.866654703631457,-5.3382427342936145,-5.644654007781358,-5.51808318679537,-5.666885235581469,-5.614826341945713,-5.480620945068781
-0.9175704872415547,-0.8492645821881046,-0.8192937978488456,-0.7645480262477016,0,0,0,0,0,0,0,0,0,0,0,0,0,-1.9133953323819897,-2.2535009272231252,-2.611723162404536,-2.8044245159438494,-2.940986297857453,-3.144379715635873,-3.2370032713524304,-3.3219247273853427,-3.4487000529794747,-3.485704559175237,-3.5406853560541465,-3.5976251729192654,-3.6400239110036092,-3.610365227388293,-3.6061791899073072,-3.5711094722542165,-3.46546311338275,-3.332076987249334,-3.258871429978409,-3.1447495630243774,-3.138143603342359,-3.2117664651957534,-3.554092951452335,-3.7428517166729836,-4.1812041613510305,-4.278083319969442,-4.3713796736499635,-4.562135738890865,-4.668999275156425,-4.7053537596254955,-4.913044965654644,-4.918228315380572,-4.762805796520375
-0.5885581433876802,-0.48373581840867524,0,0,0,0,0,0,0,0,0,0,0,0,0,0,-1.8690646940633093,-2.1242706753607923,-2.3312603039875945,-2.494147908641388,-2.6003327045801696,-2.66146275972667,-2.755358437046339,-2.7953296085042973,-2.825364426317113,-2.8934254411200246,-2.9134901802732376,-2.9030477152789484,-2.949129665678457,-2.946417014206546,-2.919852553950685,-2.9903386789148576,-3.0323313258566436,-3.0992283306055226,-3.1362188564402205,-3.316066021990494,-3.3669490773037554,-3.5009684169320576,-3.702248134353531,-3.7631542750842235,-3.885369510759384,-4.074866809137851,-4.13148297472605,-4.192355685950011,-4.3192109897993785,-4.359001102995855,-4.284776141783117,-4.362575431284576,-4.320840953650059,-4.215199064025411
-0.44682911627785904,-0.21705498757490208,0,0,0,0,0,0,0,0,0,0,0,0,-1.5425760689040187,-1.7611080413822442,-1.995764611613669,-2.1262508940250884,-2.218417124045503,-2.3168615117501172,-2.37459235287798,-2.4132794195277807,-2.4968324248512492,-2.552533122543963,-2.5788953464823963,-2.668939479961108,-2.7111390596998826,-2.7584389104058973,-2.8451123709701234,-2.89089139549859,-2.9378331618742033,-3.0872593449152403,-3.1443459508798908,-3.230429574662163,-3.286831412188825,-3.431232823405546,-3.500804821471582,-3.585384759195839,-3.748609352480408,-3.798498817400187,-3.8605685200727806,-3.9876726135924514,-4.033779209220062,-4.040992423747895,-4.107538862708483,-4.0955613185172615,-4.054971318494455,-4.078289316598934,-4.069851902378967,-3.9885060270590693
-0.39400950061727713,-0.3674223178134761,-0.3439202254674135,-0.29527471552451734,-0.4768759226349278,0,0,0,0,0,-1.1409024737661182,-1.2880636368194018,-1.5488941278077986,-1.672584577298991,-1.7945500379281978,-1.864994468307991,-1.9751048159449243,-2.0588934171832434,-2.1154718511509256,-2.207993876710271,-2.2689095077386723,-2.316873312463472,-2.4108331513449817,-2.4527322935322444,-2.5128051069840076,-2.6115938211953593,-2.657613727044211,-2.718831197711766,-2.836367400785094,-2.8853833738873655,-2.959973746346603,-3.0728694911315366,-3.1370398184542307,-3.1941599047894464,-3.27486434661936,-3.3918050134888236,-3.440033488914508,-3.482778841912979,-3.575506593057331,-3.6342713635454817,-3.677000058746375,-3.748809256868465,-3.7675675496303107,-3.7789506032743443,-3.8203711702768564,-3.829909272943199,-3.79345935915781,-3.8323784097821356,-3.841049352730871,-3.818520328667243
-0.3684906974109069,-0.36411446686617144,-0.3632924094371476,-0.39194859833620327,-0.35658667189460713,-0.3722866620232373,-0.3276499016903807,-0.4316281882258853,0,-1.1782180937829032,-1.283006068551122,-1.4726054644269544,-1.6185036661140815,-1.6858489583753875,-1.7695621446027392,-1.833694449945811,-1.9401744787603779,-1.9980783450166013,-2.0299155923027783,-2.115714076767906,-2.189422759676936,-2.2370540074056073,-2.348014517197386,-2.4113722718684265,-2.4435601385761556,-2.5443467229579015,-2.60850591680769,-2.656832919969918,-2.777304011613295,-2.8214047272523937,-2.899300507874925,-3.005999587750306,-3.03804707156771,-3.0982891431321926,-3.1766088434160213,-3.2559833191951384,-3.2996665636924143,-3.3200453002717967,-3.391295353724645,-3.4221800746599005,-3.4651078134757247,-3.5136913344757748,-3.541383354935841,-3.523990564153523,-3.6006637769527265,-3.6140325953708703,-3.610703782340726,-3.6513345354741698,-3.650563105856669,-3.616935667427057
-0.9751395367183222,-0.979745874236523,-0.9805650945083247,-1.0926074691911927,-1.1282072468434565,-1.2312108812927727,-1.3158714515622174,-1.3702599681161458,-1.4090121657490926,-1.4796952537003702,-1.5107766030866534,-1.5664134286551017,-1.660978578728277,-1.7062912067650553,-1.7667164100982848,-1.8233173942802006,-1.9190507494130618,-1.9786973768414664,-2.0314543779000136,-2.1160573062759234,-2.1894855624626035,-2.2162398552870544,-2.308255516558214,-2.370765956407577,-2.4272812842056286,-2.5221128679474987,-2.548969827691563,-2.598627073501712,-2.71146911455562,-2.747026292108643,-2.8311261718684433,-2.9102934788694395,-2.9641519882067056,-2.997623509964726,-3.034424048210157,-3.108116422136055,-3.1459665488178827,-3.1836566673280524,-3.240962802737303,-3.2625777741920468,-3.2776756850375763,-3.3466540190851455,-3.371368603673022,-3.399190229005282,-3.4362593794584364,-3.4492987948016816,-3.449623379532844,-3.5091350359596682,-3.500886522174845,-3.4719628222909815
-1.100571465956932,-1.1294005548922896,-1.151177537532474,-1.229714743336723,-1.271085449399261,-1.2988467497174743,-1.391219318718994,-1.3981593849351894,-1.439901659503167,-1.5226403809551596,-1.5748975280372537,-1.6230830803119283,-1.7108045432121732,-1.7522170149009317,-1.809851518614381,-1.8533524669826476,-1.9166080632505664,-1.977490571382924,-2.0048955022952835,-2.1121662876585012,-2.1456151275354736,-2.1904210344542894,-2.2623430433692477,-2.3115349584119538,-2.3733840982207193,-2.4507801262567264,-2.4923450704434713,-2.548256443431723,-2.6192410029220374,-2.6619753772038757,-2.715127868706417,-2.772310167317506,-2.808824920718184,-2.8595789292207745,-2.890907986400761,-2.9519710895395193,-2.966321373176673,-3.0072938167353196,-3.061717522705129,-3.0976085249419842,-3.1305500452712645,-3.1670095901252524,-3.206186458952029,-3.2258971127135623,-3.2543642754687983,-3.254686151682568,-3.2599493610603782,-3.291111643547174,-3.295055719350499,-3.2914752906396694
-1.1717770120869568,-1.2155693326957482,-1.2194955165061077,-1.2967590632083603,-1.3212538163671286,-1.3620939117732365,-1.4246919061488321,-1.4776763384698552,-1.5191069737544476,-1.5924984488130296,-1.608438703732459,-1.6710498232545798,-1.736879923387468,-1.770632686747803,-1.8121968332441705,-1.8438020946552336,-1.9204043593345763,-1.9759533460544711,-2.0165641230403253,-2.0948830136016277,-2.1482671170244463,-2.180425866718274,-2.2560607337328378,-2.2723601765609978,-2.339805466192507,-2.4025908439520887,-2.443202006193854,-2.504403363599391,-2.5509017157338185,-2.5923091917605237,-2.6138013782430733,-2.677175507475868,-2.7124984008593382,-2.7605622165374752,-2.796441757414979,-2.834378523527303,-2.852362989444822,-2.888370067233211,-2.941134411214491,-2.9787603303381327,-3.009873491783866,-3.0272951076813457,-3.0483850808455206,-3.0630818213278608,-3.087718399124271,-3.1071721974115936,-3.1014982145474335,-3.1245189852336566,-3.1364963987015377,-3.1548936824812284
-1.2099192964588812,-1.2583127706665054,-1.2889801905484721,-1.348443603854447,-1.3710857774250578,-1.4051124869030396,-1.4513617581232106,-1.486115641394623,-1.539673333544278,-1.5771754081845788,-1.6275409882680756,-1.6905929242986868,-1.728097437370882,-1.778184087805585,-1.8371103973571807,-1.8497210860591238,-1.9190788301022588,-1.967337045731568,-1.9927001154869304,-2.0649055971256427,-2.117149766790891,-2.1492822002660756,-2.231212215664441,-2.2478118298443115,-2.2856551799166653,-2.335243378031316,-2.359524589520093,-2.402832437406646,-2.4468150002336686,-2.4730834482469697,-2.509802386584349,-2.5546739857629484,-2.5879197385861485,-2.616676370051809,-2.653119104668467,-2.6887339380767896,-2.7255821077890476,-2.7561085207469187,-2.81579501453201,-2.8300417335323043,-2.848691498691447,-2.891776254525104,-2.9139800240362748,-2.9255489953212988,-2.941822543799512,-2.9601612315377657,-2.979688984916022,-2.9903585721245487,-3.003453764909885,-3.01919605725724
-1.2479394371373915,-1.2726252413883916,-1.2892200095763777,-1.3484690822533039,-1.380546044866603,-1.4054046460682064,-1.4678910489620476,-1.4855572360314768,-1.5307257864715416,-1.5935729207671734,-1.6099356097396322,-1.663142861956946,-1.7561197209595412,-1.7670069760012022,-1.8050650964094639,-1.8599007333123667,-1.9192233998618786,-1.952017900415728,-1.9890072775182692,-2.0345214543833587,-2.075318476951214,-2.0942355198722247,-2.1299357578542795,-2.172564521865235,-2.2142943296781894,-2.249730898816064,-2.2812483593205504,-2.3279307464966377,-2.3434621122717685,-2.372537484289938,-2.425387256283526,-2.4688945025856657,-2.5012634270989422,-2.534175475130041,-2.5494063887057004,-2.58974211901313,-2.6162627559349914,-2.623324895613372,-2.674191275987502,-2.7059407680220535,-2.720630563157347,-2.757492772343225,-2.7626686511855607,-2.786106358288451,-2.83222613616789,-2.8361920600255712,-2.8435313248336587,-2.8642316205057847,-2.875052544713423,-2.892811392497661
