jsons/1312524000.json
{"header": {"parameterUnit": "m", "parameterNumber": 2, "dx": 0.1, "dy": 0.5, "parameterNumberName": "Eastward wave", "la1": 40.97354507446295, "la2": 16.46031188964855, "parameterCategory": 2, "lo2": 133.9931640625001, "nx": 191, "ny": 50, "refTime": "2011-08-05 8:00:00", "lo1": 114.97908020019554}, "data":
[rows 0 to 21 of 50, columns 50 to 99 of 191]
0,0,0,0,0,0,0,0,0,0,0,0,0,0,0,0,0,0,0,0,0,0,0,0,0,0,0,0,0,0,0,0,0,0,0,0,0,0,0,0,0,0,0,0,0,0,0,0,0,0
0,0,0,0,0,0,0,0.00911670431058603,0.008177367917462569,0.005822015811920615,0.005258564722519272,0.004199704966597201,0.003502907869886553,0.003196078519333799,0.002967726779089922,0.0027882374670244355,0.0021746578638143508,0.0020130892588084907,0.00163348891953033,0.0011171837189957222,0.0008114710304502919,0.0005487826015101297,0.00026837805207094787,0,0,0,0,0,0,0,0,0,0,0,0,0,0,0,0,0,0,0,0,0,0,0,0,0,0,0
0.03077994624747666,0.02873428848602983,0.026218262834286046,0.020658745862371108,0.020108519135189355,0.018490431222679876,0.014145431234538125,0.013492893770100678,0.01216641849726426,0.008294393657625515,0.006735889737744066,0.004835435648275009,0.003663987611269488,0.003188925449711155,0.0027392023848894073,0.0022632506096465265,0.001092452762999349,0.0005169999900177956,0.00015411887902557373,0,0,0,0,0,0,0,0,0,0,0,0,0,0,0,0,0,0,0,0,0,0,0,0,0,0,0,0,0,0,0
0.03622216019662817,0.03812256953943804,0.0378735472874991,0.034509106445269395,0.03394123666780402,0.03207394339242831,0.02444863427577788,0.021520217740428362,0.020788753288906885,0.01400980957325578,0.011049348863290983,0.007405007168942651,0.0034039815148295,0.002975712466946995,0.0010011916120035824,0.0006338261250059628,0.00043370273595516324,0,0,0,0,0,0,0,0,-3.1436520644174027e+38,0.12727185990851134,0.12863012238159494,0.12794187397574697,0.1273520791351045,0.12732373967140698,0.12518883947988751,0.12520629567443306,0.12472497640918785,0.12313477864665895,0.1220730824040086,0.12151702783508322,0.12263355488883466,0.11752856222260923,0.11446410447996322,0.10757192399574109,0.09765001596578565,0.08896830420971805,0.08513072669350591,0.07415995582129453,0.06584976837837847,0.06085290164754688,0.047555108058865266,0.04524607965306336,0.03791692798639332
0.026024854521542264,0.029132061438784707,0.030729393108830733,0.03338224313798437,0.0374038242312079,0.03917969050635034,0.041824618782513825,0.04526642839095875,0.0502381278871363,0.0399981285710344,0.03401025763445673,0.032210505565989485,0.017639930667861247,0.005499300680159946,0.008896994221547555,0.023478043103824262,0.07389206511271548,0.10476341149017664,0.1007479527864574,-0.1388894834734967,0.1298547281255758,0.1336650590712237,0.13688351927329415,0.1398753819248348,0.1415341121607655,0.14172231595197748,0.14256508246136523,0.14411836636750477,0.14289710741300274,0.14346086546060993,0.14364748608704753,0.14229316055939895,0.13987941615014846,0.138905007293483,0.1389463180046655,0.13558981366377043,0.13534313766053216,0.13235316383396561,0.12894328361597027,0.12652909005999574,0.12473827210193758,0.11801271177893081,0.10958776212161611,0.10434232610653264,0.08815777835808587,0.08282844145556992,0.07304132257850734,0.051981685255513777,0.04396975397727271,0.03526489589135947
0.009740627833713163,0.010871374757554427,0.012493024305462317,0.01290381448743991,0.015698473606837668,0.016865942690898358,0.020105356521049715,0.022889851429297225,0.0258896702249363,0.029026400490231526,0.03217965708849996,0.03709126162364166,0.042404884680535944,0.04733163470427314,0.05405404945848873,0.060365265943464176,0.06645633719989709,0.07817166908455894,0.08518698778484897,0.10039704201562037,0.11129429754180271,0.11914922220091395,0.1279502500669887,0.13264986153173974,0.13930146052727804,0.1440809095996302,0.14625540500135342,0.14861617060107465,0.14990942962697373,0.1505991001204754,0.15239963709120127,0.15135472737786845,0.1505910653011456,0.15106959588861976,0.1511967213469713,0.14769062592424206,0.1467471205104286,0.14479043621351254,0.14113757230552249,0.13908149695131675,0.13525894960106374,0.12834281462291064,0.12391934978770362,0.12137106865633655,0.10979129522687539,0.1021585307001386,0.0929889986842421,0.06330898484499979,0.05117245361967267,0.03244727887686121
-0.0019762903193766322,-0.001918032242209673,-0.0017175479156772255,-0.0016014037959543156,-0.0013129589404445054,-0.00015991153613701645,-0.0015176722482818873,-0.0003786298671167612,0.001023712866724019,0.0019609766598186174,0.0021367722849758622,0.0037340580319659648,0.0061399251606422305,0.008862440259404218,0.01302515810242623,0.016985905580251974,0.02277388837943194,0.032489160238649645,0.03746328508660592,0.051234845383109344,0.0639778577382184,0.07708260164575949,0.09308289185799144,0.11014549561496283,0.12179140119076312,0.1380424985153282,0.1426059361831042,0.14793805094293633,0.15197893789441136,0.1529086115369491,0.1554323143574922,0.15754026397728063,0.1579279560600072,0.15955398562126039,0.15822321865509903,0.15659805216188846,0.15701212396208117,0.15747049105853658,0.15249699882943932,0.15134863726603126,0.1481053156230893,0.14155974708506847,0.13718452605994993,0.13366229350051215,0.12334667642465849,0.11954553523646659,0.11356802387008638,0.09792962711122383,0.09094558729585792,0.08236173649019765
-0.0009645208103584539,2.8927192876319615e+38,0,0,0,0,0,0,0,0,0,0,0,0,0,0,-0.005096684753845516,-0.006538236182270104,-0.0045632784163128935,2.3969491064279705e+38,0,0,0,-0.004438484449222503,0.0009061896449767489,0.050627565429259155,0.12428275231379063,0.14403570091022294,0.1537373884930112,0.15516043507934232,0.1578387762535326,0.1599056811299293,0.16051531726340015,0.1615528074006595,0.16285225189149768,0.1631871513127769,0.16377681179045864,0.16382533609607902,0.16238386947103844,0.1615200666484895,0.16120500285735884,0.15822217387049714,0.15709846184045545,0.1540688079262623,0.14619887002672483,0.1420433412455481,0.13760494440209126,0.1265713414808369,0.12039131603346231,0.11533970216095148
0,0,0,0,0,0,0,0,0,0,0,0,0,0,0,0,0,0,0,0,0,-2.910282740859613e+38,-2.910911367538392e+38,0,0,0,0.15472540609205157,0.15672252165226638,0.15754742335462302,0.15797554872744704,0.1599824604461169,0.16279161210198556,0.166410159074653,0.16696931416280955,0.16671753121645283,0.16558678462674514,0.16662237319997636,0.1674827663404117,0.16741681438046505,0.16848431450519402,0.16866431891098058,0.16548932738823685,0.16399356952368568,0.16317765873339074,0.1562365999898789,0.15211876000142718,0.14892328974959304,0.13966737918867825,0.1344391032923092,0.12969007944102368
0,0,0,0,0,0,0,0,-0.20290635124235423,0.1697443352486665,0.1712121257003243,0.17805792907852583,0.18974707642462504,0.18932374662792723,0.19388833880863515,0.19042133664692196,0.18756324697085072,0.18511177130137935,0.18401734232601366,0.17840941015405212,0.17630933368704035,0.17216670333774875,0.16863081601905064,0.1679374816307821,0.16722793714041484,0.1673464088275628,0.166742502305362,0.16634737734322008,0.16722608045986903,0.16883309830873172,0.16796673812116406,0.169824419409857,0.1706278064965263,0.17312697322747725,0.17347601451583086,0.17454450916759273,0.17465962858841005,0.17360924604125447,0.17383239227104838,0.17518280294540917,0.17524098000379398,0.17563846674986236,0.17575878156928254,0.17420626586212695,0.17361415871676508,0.17019854635358758,0.16443106199390561,0.1551013805485112,0.14693306337704637,0.1375497139565736
0,0,0.16057076390696956,0.17232344030155036,0.17788932120264633,0.1839478231223104,0.19487548466949736,0.1992480690491327,0.20139744849945623,0.204032185502351,0.20617902002696203,0.20762544754891013,0.20801258545330256,0.20786413995995798,0.20792031955358245,0.20720760857838427,0.20609035201950673,0.20392344729299233,0.20313749213424293,0.19534285816097968,0.19150838753960478,0.1890270785045364,0.18506366442345412,0.18349843883822925,0.1787385524214175,0.17497157171113698,0.17219456861479202,0.16590464960624543,0.16545515687799459,0.16385430089822764,0.16150327622755833,0.16327265592504056,0.16320497700717085,0.16274154724295337,0.1647742622374784,0.16466000648747997,0.16889980185073575,0.17073920109568325,0.1713823330466624,0.16856460792092057,0.1675222219685237,0.16695878420590213,0.16828026271605537,0.16994693010147896,0.17072391923083446,0.17186021899825388,0.17540592123854049,0.17080738459470837,0.16499827861216868,0.1546583603311292
0.12483596043363035,0.13234512556101585,0.13928349059020867,0.1501747640174636,0.15855955227577062,0.1641499507871049,0.17343894728859935,0.17797822611139488,0.18320493237880506,0.19013575370929972,0.19222849606098885,0.19529486231890059,0.20291569442291382,0.20684790861310298,0.2108196011768075,0.21264510683199325,0.21612597996609384,0.21748715207863017,0.2165519938107519,0.21281914567855428,0.21456849241216186,0.2130597168075709,0.2111832212852517,0.2113677513619472,0.20765071965712306,0.2007833784745649,0.19883085954790794,0.19494358530004263,0.18959471363518018,0.186235801247474,0.18388062180753856,0.18281092853150654,0.18237363160539832,0.18337124773075697,0.1841796943922046,0.18716138208555,0.19188382197447768,0.1938592246750239,0.19460889483424018,0.19164997009754609,0.1910580895632065,0.19159315844063893,0.1923231829553889,0.19414620420629464,0.19542115850131242,0.19583386918318543,0.19903682065009293,0.20306177650024973,0.20198822620712334,0.20251595087683966
0.06191994839101942,0.07261257444777537,0.07860380862971343,0.0883877349311267,0.10084921437873726,0.10552906127371817,0.11313946887478606,0.1224784897860963,0.13894812343251958,0.15069696483528255,0.15927303906320062,0.1679446006249079,0.17683315878119396,0.18392658718789587,0.19775610956042786,0.2066450465713399,0.21687959358934625,0.23037125930112515,0.23456463192353386,0.23664847711420542,0.23967851759009168,0.24299673797102797,0.2439038699048358,0.24404552585108566,0.24589885317037052,0.248078026170855,0.24871090202642898,0.24942237674238998,0.24786918203814826,0.24672993906900145,0.24127641038812972,0.2398731218531489,0.23688776563326802,0.23596641828005535,0.23624374080535168,0.23262163234657293,0.23403729918654603,0.2343085766834051,0.23419646602126667,0.2289737039560272,0.2252884314606705,0.2231625643239551,0.22212165336513962,0.22257390618730888,0.22255633427098992,0.21968585180864517,0.2161735354388923,0.2147760712831575,0.21704227578837898,0.2182005872801894
-0.05907712723066448,-0.022510994179518642,0.015158859579716582,0.026025340921977592,0.04783266335907377,0.054692284681967886,0.06510715416307782,0.07514111440162756,0.08852989143672002,0.10180232072337049,0.11165780799569827,0.1306237911250166,0.14887958694555958,0.15819717024161417,0.17114337804539984,0.18016933940383298,0.197146950344643,0.21309926918958866,0.2255309976398196,0.2369404327202909,0.24668761286175572,0.2557890291147777,0.26195885650295214,0.26677842306331884,0.27074978908022934,0.27200744607678745,0.2760208056825262,0.2692417601987029,0.2747054057401813,0.2758277795567926,0.2749417371092003,0.27297899291802996,0.2702303396051893,0.26444971142623674,0.26166040988877554,0.2521922150690243,0.24168733110982973,0.2379957148798195,0.23099332036036258,0.2240893125470345,0.2170106265039095,0.21431996302113626,0.210618919426823,0.20677936255909554,0.20472235279015688,0.20247493683336223,0.20057507538473154,0.19859113550412755,0.19449789997674719,0.1863258953816255
0,0,0,0,0,-0.01325726641043428,0.003789071802254563,0.026890602290075828,0.06010781994505657,0.07519177968625704,0.09079106223061292,0.11371874148775955,0.13619785817732397,0.15164036729851568,0.17460200726659247,0.18246525537836225,0.1981750356533368,0.2108323470831152,0.21894338405120436,0.2316073951899299,0.23871846794079682,0.23984928327930427,0.24386022470941743,0.24820246672167529,0.25753225968609195,0.26076348658093557,0.2628041668700974,0.26390304706188167,0.26715776928011326,0.2674808213029726,0.2680526060169975,0.2678749070718001,0.2672460364559158,0.2588434799028916,0.25421386428370174,0.2475760164661745,0.2360923633156201,0.22838713598150875,0.22240165499522505,0.20721550957341814,0.204164410821968,0.2013521215251458,0.2016097514218956,0.19538854733247163,0.1948216961982181,0.19412889071705638,0.19615949999383986,0.19866262096152013,0.1997776392778387,0.19663981471360786
0,0,0,0,0,0,0,-0.08699205573140274,-0.08073601171631647,-0.07472879226558897,-0.054511010715850655,0.001856769071395392,0.034447593382312056,0.0619984652340532,0.10706833095550798,0.12071850353082313,0.1376034662233483,0.15395358369800305,0.1626806407876679,0.17520629506035548,0.18003608570988722,0.19128751198145613,0.2053262051854468,0.2092889116413431,0.22139840911894756,0.21923688292045526,0.21751090362476322,0.21234604282848912,0.2111131136901824,0.20880799058949495,0.20467208352167326,0.2072214763900247,0.20580216673799495,0.20748490731206115,0.20831174933330093,0.20775927487559315,0.19285625625523464,0.18891692153893888,0.1800591115986365,0.17411359618486835,0.16587180096193233,0.16259605489408283,0.15749267851851714,0.1518023678426039,0.15238267268803218,0.15440686355718247,0.1630324196629269,0.16847992720337712,0.17881846362475676,0.20521906851015417
0,0,0,0,0,0,0,0,0,0,0,-0.11182683205578048,-0.10809531763730296,-0.07455717095243332,0.015047484905933236,0.03589688519670926,0.056659312343063775,0.08684500497136519,0.09694715100179233,0.10636108699781095,0.11875069635920088,0.12828898628121296,0.1371976450478432,0.13936098718541903,0.14400306932427326,0.1491444512721885,0.1449635130788577,0.14591430745284656,0.14201921798744938,0.1352832897446196,0.12608694112382635,0.12496167250616763,0.12166720352152528,0.115519752414413,0.10710418464979052,0.1138183530368076,0.13017706187427924,0.13200388458957008,0.13880641873763888,0.15167153852397078,0.1594125214037243,0.16371512316334108,0.16660600141942286,0.16137422190969306,0.16686348057735342,0.1748163753289953,0.19206140053548632,0.20707764687297045,0.22180196356218354,0.24766900808588954
0,0,0,0,0,0,0,0,0,0,0,0,0,-0.1321032556058935,-0.1111056110144188,-0.13858175428993572,-0.09525983489536144,-0.022118624400675958,-0.0017474103081690634,0.020685592950762305,0.052675429963039866,0.05667047833367764,0.05914640340498114,0.06019013269050945,0.06138878559318423,0.07482039268390317,0.07026935467803054,0.0648928231790225,0.05724072424561082,0.051264198939696866,0.045300893271614635,0.04604136930765973,0.04481924037684587,0.05557120997491229,0.06657520378022945,0.0731037270683711,0.08326154957067967,0.09118213219805295,0.10741631250609057,0.13016114698836806,0.14878958735687234,0.17357966408793019,0.18354052276330876,0.2104858697557659,0.21849491038559918,0.22194431044239338,0.2258123619358038,0.22303122470704048,0.22809111565100407,0.25286677811933006
0,0,0,0,-0.11558620254771519,0,0,0,-0.11176860487477644,0,0,0,0,0,0,0,0,0,0,-0.1441447675839795,-0.08595210623478586,-0.05499188181635879,-0.036791289426571505,-0.015279645723237784,-0.0017132186975200529,0.009428096859526546,0.02237634584685255,0.01950888136333739,0.02226636357978088,0.017314437742830535,0.01613773986437444,0.0023397218429337197,-0.010749291431022807,-0.016628448786487733,-0.015621188104071941,-0.004500719507289029,0.010844358824262166,0.03479894473152383,0.044991780670072826,0.07849649163611146,0.09374585873201242,0.10951080450679058,0.127203222969398,0.1703539128698913,0.19600194706281085,0.21061886260955928,0.23833189330515253,0.2519322763026754,0.27427283685811643,0.2956466262782162
0,0,0,0,0,0,0,0,0,0,0,0,0,0,0,2.8835130709481524e+38,-0.10409070281009351,-0.10626383893560737,0.03346104414593397,-0.050296317756971576,-0.13507412215712414,-0.16458046676893842,-0.19386697534707836,-0.14368879183531905,-0.03474787942460564,-0.0066421845624443365,0.013253213122664155,0.01791566457315358,0.01273588138898108,0.023732235541277263,0.011383627715903118,0.0033140568986967443,-0.005543246106763824,-0.025337378122280055,-0.032429384633089996,-0.03827949150341137,-0.03837728171150125,-0.037362630627015815,-0.03291559256827522,-0.0056409791484751315,0.01048028237349889,0.017416007179834003,0.03767848900906804,0.06621983125909787,0.08149858773031012,0.09206255032937043,0.12066420692314046,0.14494665432055073,0.16466115705130574,0.18581923016367285
0,0,0,0,0,0,0,0,0,0,0,0,0,0,0,0,0,0,0,0,-0.15921350017437033,-0.1929302717998661,-0.2334898690688569,-0.20789738622636164,-0.17626839715470125,-0.17187940205187263,-0.14141126190687656,-0.08758075108710181,-0.11800434716170735,-0.08831056808943667,-0.02665032616881811,-0.019942536925184915,-0.017042855915981245,-0.005870632047771034,-0.003777284027500727,-0.007940130402011457,-0.04242773553131627,-0.06368375328956169,-0.07570643653007349,-0.09553903824020378,-0.10575211728750598,-0.11030460198918432,-0.11627070854808827,-0.11516499748470993,-0.12801403978940554,-0.1330414645397463,-0.10646555047370518,-0.08524239727368628,-0.020196268608732408,0.022840401612449313
0,0,0,0,0,0,0,0,0,0,-0.20487408238800253,-0.22130249603634153,-0.2381848949634437,-0.24901864034463508,-0.25706650352083193,-0.26705448768991025,-0.2875879595513117,-0.29223882245193694,-0.30173211948987655,-0.3162516976462806,-0.27836719977943075,-0.28864166416645515,-0.345982336401582,-0.304253807284089,-0.128036189381473,-0.14746969776954233,-0.17539386268797563,-0.20568603266098615,-0.18850594585030261,-0.15779655285907793,-0.14683430864111865,-0.11788481577548511,-0.07891461358071754,-0.09720740823222654,-0.08941631749928879,-0.0936536609800879,-0.0851825573911418,-0.09509239157353133,-0.10687648915736271,-0.11063305080968014,-0.10895274086862539,-0.11748844400284125,-0.1319610497497273,-0.14545142436882783,-0.15013325454234663,-0.154784475522134,-0.17362300175266165,-0.17923832836917558,-0.17685980644512114,-0.15997551293686968
