jsons/1312606800.json
{"header": {"parameterUnit": "m", "parameterNumber": 3, "dx": 0.1, "dy": 0.5, "parameterNumberName": "Northward wave", "la1": 40.97354507446295, "la2": 16.46031188964855, "parameterCategory": 2, "lo2": 133.9931640625001, "nx": 191, "ny": 50, "refTime": "2011-08-05 8:00:00", "lo1": 114.97908020019554}, "data":
[rows 22 to 43 of 50, columns 100 to 149 of 191]
-6.376981919799591,-6.435938668639388,-6.345041514660047,-6.448077672337839,-6.520300737346024,-6.533277287474878,-6.511180762566102,-6.56114537502101,-6.49830529503139,-6.380126199895244,-6.319474682147338,-6.307311158056776,-6.103569860117271,-5.984651881327718,-5.856776202305102,-5.504443086382221,-5.446955347635265,-5.309725989973488,-5.012539744228452,-4.849876394834872,-4.7349037040094215,-4.43722166313321,-4.209256086226447,-3.9743181180290637,-3.7088434432284325,-3.5104431326681858,-3.4043239405606327,-3.2315055183795187,-3.0398900284528985,-2.898210399838736,-2.7149082773815927,-2.553128724472714,-2.3935695652059437,-2.2213615756736003,-2.0285729548522684,-1.915959570741084,-1.8056118681290718,-1.6492186950015657,-1.5174149043267597,-1.4054562124919612,-1.248700733982003,-1.1961925942636382,-1.0984312884387157,-1.06828128981796,-1.062477323598924,-1.0059243489462406,-1.0190955357423428,-1.0025997938150593,-0.9481681709409289,-0.8672061451686425
-8.096468309796741,-8.383648587331585,-8.300316532258929,-8.41341937631614,-8.480509670022691,-8.389258918929118,-8.362220487725459,-8.352103698488602,-8.173744630638001,-8.060386179521135,-8.035564164008646,-7.832269191081845,-7.630584679249913,-7.392629977295423,-7.271339789421057,-6.871948772011658,-6.675923592600542,-6.373877269036111,-5.978174935311059,-5.882431894894072,-5.547428321426265,-5.151088098539891,-5.019507513570695,-4.7741796413764135,-4.447937249050998,-4.196036615302797,-3.9652388928280238,-3.748525665294044,-3.5168754379816476,-3.254460523710715,-3.1213457801676334,-2.876638362142184,-2.615344344139738,-2.560632098763108,-2.3267773727115943,-2.109403433031201,-2.0437268190813587,-1.8349216632787468,-1.7174732173474938,-1.6105158650321236,-1.4414688809260376,-1.3753187968208858,-1.3053186007240998,-1.3282944285515434,-1.424044331880883,-1.3840586337143057,-1.407132990093059,-1.3678872737212402,-1.3363597162075607,-1.185917213889083
-9.357589839661152,-9.763391227774148,-9.804293497434394,-9.915646140237444,-10.011894415053604,-9.938528696290119,-9.872503451369179,-9.9349907811282,-9.584354761550992,-9.473140726581482,-9.226590529295462,-9.08736793828283,-8.654856866386995,-8.528864098820453,-8.218524073011277,-7.817079810872113,-7.378900667952762,-7.174110781179494,-6.710606494229379,-6.295219503297738,-5.981108576538561,-5.546855008521081,-5.348994228575551,-5.1451715255348045,-4.879134078925418,-4.5564483979942025,-4.314095450304037,-3.979602242039249,-3.6567077196039173,-3.392996128152525,-3.209050515682304,-3.002306164126301,-2.744240599112136,-2.609300605766858,-2.3652166833199098,-2.176875123828575,-2.042784665891284,-1.731336864165291,-1.625084100345082,-1.4054483610182924,-1.2928495779553313,-1.3761063519297085,-1.379243260504867,-1.7659465150747884,-2.0761340295116666,-1.996943262906753,-2.009725209027845,-1.8348014309484422,-1.6541217880019707,-1.343428195840881
-9.753616177678577,-10.171312575881059,-10.31103674890785,-10.527300558672982,-10.810337180722602,-10.787150218240761,-10.789843890194197,-11.047697860698326,-10.646252833864743,-10.506525736635064,-10.436299004126242,-10.16301778287944,-9.74740902725924,-9.37127145777167,-9.09707086046343,-8.481050546222658,-7.933265435376514,-7.515595232134216,-6.929698718140172,-6.602405354836962,-6.122243789738967,-5.574194996884759,-5.388424192195085,-4.966837961174774,-4.59872773296877,-4.399442348749162,-4.0823255705782255,-3.8505441706730816,-3.5685563576845136,-3.346935607239294,-3.21787003846744,-2.818538296654202,-2.5885115494852173,-2.4052120821496183,-2.126610485404243,-1.9757837181293185,-1.826883480769994,-1.642167391701946,-1.4599186538820323,-1.2189268744234727,-0.7906869430418667,-1.3079822811864337,-2.4716277848231236,-2.9264048499883275,-1.5169197880418173,-0.2825395549080385,-1.7686710220789155,-1.121702992750069,-1.1393335669756988,-0.605743360411476
-8.737972385452569,-8.817145248746998,-9.19776591264618,-9.451948095889213,-9.719538745685925,-9.7902776987315,-9.800562866736207,-10.048416229107072,-9.85484531637608,-9.965125839312874,-10.00722757111505,-9.871561442251027,-9.252813818905564,-9.132111742921904,-8.686988756763467,-7.923152382472865,-7.546631084510296,-7.154448988519907,-6.326366753302057,-6.025914513006968,-5.40315000155262,-4.935410347172262,-4.496678022545349,-4.149443613881891,-3.684331286859813,-3.5757324357818523,-3.358499848359318,-3.1935770037413818,-2.927426441829305,-2.7791279503220827,-2.737494782436286,-2.4394979119180813,-2.248788425245231,-2.0992073395678355,-1.7671918164043345,-1.4799845515686136,-1.2327948735003964,-0.7749205543858169,-1.1211381334968884,-1.3156850025549927,-2.357639420197135,-2.0184580615865833,-1.2530914413905836,-0.9942709395675802,-0.8747616374793538,-0.6686483412035001,-0.6135915332479642,-0.42309863511844936,-0.3708045048617486,-0.27803510198718356
-5.853826963459961,-6.161953120613736,-6.605935541274017,-6.941710102837984,-7.28476682902818,-7.84549097370928,-8.24653337258599,-8.3517093975394,-8.575856209625544,-8.574982612569372,-8.779917908262304,-8.43671715474307,-7.820924525465759,-7.590427924894635,-7.478917612415621,-6.508822697201561,-6.277597168818209,-5.701474368374756,-4.8902472501206145,-4.396608402385652,-4.055395825752058,-3.2119252365544373,-2.6724557002278466,-2.297428449649402,-1.7728240118472043,-1.6074308821039665,-1.500781856308728,-1.3786129071712796,-1.3909536766532795,-1.2977089505533557,-1.2778175394745326,-1.3815275552468025,-1.3655759828770715,-1.4825263762417982,-1.3064482292255573,-1.1683840502570606,-1.0826588792383312,-1.029295221537008,-0.9805967804194875,-0.9110632455765978,-0.6991046400144985,-0.5947994103871069,-0.4904908340745603,-0.2989673290579771,-0.22293508631851155,-0.15674287697919123,-0.10590262114631302,0.041559085056776676,0.11529939088058666,0.19098126662059914
-1.4806502341799523,-1.1964991306954507,-1.4927416457888922,-1.3154123309406511,-1.502078066634294,-1.832448223462984,-2.532717824946931,-2.6487387848163846,-4.138851014884663,-5.366695530070476,-6.1795301983312,-6.357188536343454,-4.705602211694056,-4.109802646958678,-3.7725608783552693,-3.316137442573722,-3.389862743330421,-3.1625258165077956,-2.598149734707625,-2.141075096693766,-1.8523206645400712,-0.882398388855119,-0.42460398623051077,-0.10450643983323338,0.5170699004955105,0.7765118329302391,1.0220673146833696,1.2594964027394715,1.8135197169427753,1.7794098839835975,1.530555341758248,0.37981585591270817,-0.78810718327121,-1.4696485368821355,-1.225428871503593,-0.8773663672041673,-0.6178847074064959,-0.15948929996943415,-0.005822691703665179,0.07369162835276448,0.2039395939280565,0.27047974266871977,0.3457597090172269,0.4180346782096734,0.4919760109161526,0.5377807433228361,0.5722796434039255,0.7046634920027317,0.7017356258187291,0.7389680339568007
3.706753761242602,4.040657791945206,4.7801839507621535,5.03684411650044,5.127633440468714,5.7488561132609775,6.085787408508645,6.054060159689524,6.483114610604679,5.034317222733943,3.1150679015929126,-6.042338909599457,4.4645227667416805,5.45141962604593,5.557002638847585,4.768760229495016,4.605531946129733,4.082317121635984,3.421690809054619,3.1595399909386623,3.160086500423839,2.4657294485210457,2.4188534684503002,2.428520028071206,2.506791924391267,2.76901625372045,3.099577845007015,2.6730909665223868,-5.6202678005733455,-3.206926901495096,-1.586748769998677,0.18773539888395757,0.5931667268161056,0.819203000189114,1.0887564880883325,1.1234043393024724,1.3698601206189502,1.3705927530641302,1.3713097511343264,1.3587708341707836,1.4399140286666297,1.487484478060406,1.4580494556156114,1.4965229868945369,1.5068944589462248,1.460370498261572,1.4694530215460853,1.4744009443089878,1.471361313190355,1.5140575645649978
5.316616991104992,5.528859153677898,6.043297819136389,6.360983269346496,6.492145731180948,6.876049851317996,7.000078725672958,7.109823593220886,7.3281675113733575,6.598614113822435,5.667785880334074,-5.6524910199654785,5.414458932892914,7.099326970033411,6.982928746280317,6.64369484948375,6.534333612926549,6.389132150751953,6.035209998041118,5.924875518469763,5.833731868250418,5.387585351347143,5.247368710307052,4.9219494328479065,4.408771216741555,4.114050315296517,3.913327281968174,3.71190545721705,3.3793374754529304,3.2637605291758987,3.2027509504456932,3.0354267110401922,2.9613926540642894,2.9491545522995866,2.87968103848215,2.798099328283809,2.6629101767891554,2.7096773664144487,2.5649624667776894,2.488250393189983,2.42727046859223,2.4302796773433437,2.359352637576416,2.2845592564258044,2.2585860630180754,2.2108051216588227,2.195785722357588,2.1378017202968107,2.125191692603388,2.0867438204290685
5.2934174970160655,5.433733033910138,5.939383332362912,6.249204510675997,6.34505797074554,6.761956402758856,6.8309540743720385,6.925355726369143,7.106039339137374,6.8545123711373845,6.3244547434153455,5.243534108743885,6.11099974360706,4.922441538906009,6.899280483555562,7.0115959092342335,6.986722748490382,6.935994998904042,6.773247060654554,6.655238945952574,6.547005185289962,6.39518904903206,6.298156998903887,6.186461721205471,6.056541254423017,5.8979703459492425,5.730688790426417,5.56321965562463,5.298914338591747,5.064589581346985,4.885141745576216,4.603854250017002,4.4089017993050215,4.187423348639988,4.131888522395333,3.9311744006374396,3.8315302420424047,3.6624449465447557,3.57068743360013,3.4640714577042218,3.312878463578354,3.291513939187372,3.131559235693087,3.0284371549224174,3.02092775588508,2.8872350428812696,2.8604409550971064,2.816684962211791,2.7176130905232196,2.6647727758266972
4.554584776042531,4.787515982982985,5.425097861122407,4.900973613775905,3.7791735459842557,5.127766666058984,5.466858502742058,5.8246365433344796,6.156969750122339,6.240547483312348,6.361793004206634,6.396006999796532,6.209567746179709,5.081100189474806,-1.7215627738949513,3.7222905208872925,5.79914077463915,6.198166313130358,6.275459047295504,6.249464993617697,6.1826818042238205,6.131455695557324,6.111223700675385,6.095872928363368,5.9903021563018495,5.891970709198924,5.827915993555298,5.713567013761444,5.536105817498979,5.384438782326554,5.240363851711346,5.066513229482957,4.877491046891595,4.8000888265999775,4.6632822513879955,4.4674761868486135,4.328201450599211,4.236581021124974,4.105955840556765,3.9843744560117336,3.8481881897503922,3.7046911242426765,3.650313262111122,3.5602889445966293,3.475888831097079,3.4214403944305634,3.3939823597501206,3.2838984460638097,3.226591086623322,3.2142103892058493
3.982481713870708,4.194757227896013,4.836492262868609,5.012579640334398,5.044646715247641,5.080988264347502,5.170746595824789,5.2645782156681395,5.47863164455806,5.507217165375275,5.559164593837417,5.599490955241049,5.6857649668524886,5.744732440566313,5.757739719446548,5.168203422067852,3.886237333047066,-4.790957268201737,4.015184693516056,5.568938632636044,5.657897887875886,5.596664878416134,5.561090609123112,5.514401469346871,5.455677664769905,5.460537354621596,5.367099910529687,5.286268994059749,5.204621938050759,5.045381299023494,5.003856993940028,4.861943871434886,4.780188227311031,4.702886716663265,4.564557171333515,4.497657299657044,4.388392078845378,4.295852713170292,4.23837700036047,4.1023537882221355,4.0329792848387545,3.966509057593703,3.85156211710121,3.7983569392629053,3.7481604818469894,3.64715993119624,3.6196648088185825,3.577760723920932,3.512780349237357,3.474577722174893
3.4016182481010664,3.60962982652005,3.8784429342907116,4.00622670288338,4.158543222635133,4.3817028087851995,4.549537109441225,4.596535174163382,4.816018710210645,4.931975152228582,4.9724716333983565,5.035896143901102,5.131148001345321,5.1558088018958985,5.197309112664679,5.224672787277577,5.245397161781457,5.245521749835231,4.716588541351266,3.8718801080246212,2.794491790428458,-2.3539682368728836,-2.7641108841342468,-5.106767882855639,2.5538397848172174,3.8123950018285213,4.285048040048949,4.709313741701463,4.953198493496638,4.838927163497038,4.783948117170448,4.740987948248259,4.655246134553466,4.622969014014891,4.561411866905525,4.461792270157249,4.409092768188857,4.3681246437707975,4.3059361035904615,4.184311045729969,4.140140524987487,4.0748166098402265,3.9568451220571625,3.933004020119944,3.8885579964819383,3.8231310806923635,3.795574924337308,3.747762625879916,3.670393770586804,3.6319643515956
2.9294856968536895,3.0611953168415615,3.274502250210997,3.377891328729497,3.4734750615104675,3.7049198033182424,3.7869537093213244,3.8964842404757447,4.0974335586469195,4.1589070613617825,4.2443947948723775,4.267106927165317,4.42092533190062,4.4745741713484195,4.490806878508226,4.613550262406584,4.654376917336052,4.663582748518328,4.671804559810244,4.673932441817288,4.695110864836069,4.721023830706308,4.713242680418973,4.594964178431652,4.506630237435249,3.5357604163979546,-2.554009377018066,-4.254007198735527,1.6298123427113573,3.2924954159011426,3.4855030126187523,4.49220944165388,4.452709056733765,4.405795849303744,4.34833531026191,4.298665722364403,4.264033602593722,4.2069701457588256,4.177023801575195,4.122268082918133,4.0616134858371336,4.01041473273748,3.9672743907433583,3.927449177007223,3.872763803026438,3.8269644633738427,3.799417287804919,3.759892320333188,3.6893321498284988,3.6834673265417184
2.408020063488257,2.5245750583114965,2.6720946852978025,2.7928999105651813,2.8907627419832056,3.0993794815573943,3.206393683143518,3.331772639702824,3.444777177741989,3.5422153530006475,3.646598606368659,3.669857085087245,3.8394216555451712,3.8802824607186706,3.936764514854544,4.059209669349476,4.06617264996607,4.109477935016511,4.165345917981107,4.21067406689433,4.1931811449160525,4.25324754837788,4.303567059788778,4.331352319057374,4.356044205392172,4.362327974944779,4.298401604845303,4.213546772210179,3.9032395862904394,3.669305761752698,3.7194385157157357,2.236812604992329,3.1199036075354227,4.077439316880885,-3.4294092440407704,-4.104151112717078,-1.953744917144172,2.965023199771065,2.2552234729527187,3.1756290975513295,3.204728702577938,3.4554136800460467,3.7299032523107063,3.809639346657245,3.8116946186090215,3.7956334793687474,3.772392153350778,3.7457984091688394,3.6226214673118204,3.671129992167782
1.9889620968327162,2.121949792231696,2.2724540698887803,2.3631150585534137,2.452620658240279,2.664826295592695,2.7052724876475884,2.7898671650210365,2.8752554759198317,2.9984290561474047,3.084140198790866,3.150962072496877,3.2788180583147426,3.330601051622874,3.4092853750783525,3.467913466718664,3.550594989149649,3.5743454377640616,3.6454500528577567,3.7234317001731783,3.753944208054259,3.837534640372323,3.866806371472837,3.865976461412877,3.8818162389197783,3.8967223066342735,3.907218319899596,3.916932074419418,3.948548773784529,3.9293969102589936,3.9116743185577607,3.8896364900442046,3.873171954011196,3.8651872515098034,3.852203844101585,3.7086828281790156,3.463965229543348,3.08775926079576,2.807997426153761,3.0973745957743817,3.0638782520951877,-0.7558173987199783,-2.858397494671795,-3.4227794459191268,-1.5287100646720178,0.9058339263863747,-0.33725419911864923,-2.879131036932994,-1.4320873199147235,1.1935637019804126
1.716467779462262,1.8025196445993952,1.973255854240407,2.0310088924420913,2.095996623475521,2.1838820936347445,2.2865986439534853,2.361678308502138,2.548762817273908,2.591558574934498,2.6494337924108584,2.7510482576240323,2.8239303082510827,2.882200585087628,2.9473574122738766,3.026873398438534,3.0795790389328865,3.112795712471742,3.1905682276830434,3.244073866791901,3.3173712607887365,3.4000015482861943,3.43482230031484,3.413670493474214,3.4920937776199104,3.524052246233767,3.4847364183187617,3.4846156852369945,3.5482670188491827,3.5648149711147266,3.559673480618891,3.5760762540688606,3.540653228674302,3.5420299852774146,3.551316735938174,3.5314621002308773,3.530333304362795,3.528826073425928,3.517050984647872,3.484703877104471,3.475077511764934,3.473700898610089,3.453424694232099,3.3497513876500746,3.4075811297657106,3.4115139129945864,3.2828856096222565,2.9981547879754524,2.95097974581266,2.942336324794095
1.401537021949834,1.4682614163326517,1.6148372314648372,1.676640851973551,1.7330775875914124,1.830359146589402,1.8681885200315187,1.9903250396279788,2.1497183706572245,2.238662020670194,2.277716983813474,2.325949917577248,2.4380116528628335,2.5112699454853566,2.5566655557138582,2.63732054764207,2.688248515152328,2.732490384943325,2.8410305388784938,2.8776225608691015,2.9077463412205886,3.0076795060223036,3.008796175253527,3.0395182721613447,3.1297699799165697,3.1686738016191205,3.152625578564349,3.1638415939559916,3.2143998383963472,3.2307365674526967,3.2466479218697297,3.2543182402730637,3.240394084783369,3.252760180568515,3.2729224632271463,3.2550927649347154,3.2577858842985883,3.269314838646118,3.2714291259627344,3.2240767325627986,3.2201314921337008,3.2353590079068817,3.2347014554677576,3.2327221758304012,3.211394114286624,3.1850863219695333,3.194153883409315,3.179052671125322,3.1423269281562733,3.1070074560537333
1.07343802484803,1.1949759270635303,1.3409667468274558,1.3979175890202682,1.4179869242144114,1.5715962056057398,1.6471834879935043,1.7467182894184758,1.82556341720243,1.8810095882989004,1.968294292155334,2.0076097669217687,2.077931325097323,2.177074495866666,2.2519608718631887,2.3432955570461655,2.3940551095274167,2.4463165763610593,2.4978085533516357,2.524780947348375,2.5961382631995833,2.6633565721991515,2.6860508090591053,2.7001256105289726,2.8233668474092104,2.843283420152943,2.8415576368019653,2.862897742017005,2.9287784724248547,2.923121489726577,2.9280564872286603,2.9787704132407162,2.974597878546059,2.9701294227044333,2.9788867415905997,2.9968053881037124,2.9965025220596666,3.0140875544040204,3.0074080258944944,2.975036064803421,3.01343281906226,3.015998762383553,3.0050550546207755,2.9747271071780736,2.9721359209305356,2.947931770973139,2.945138362507437,2.9291681388542368,2.883825779362864,2.8324212910164057
0.8932860848393038,0.9101753520865117,1.052598389329713,1.1278888940588596,1.1730174268096234,1.2788338038886484,1.3468479019497082,1.4024865221896547,1.5087249119519521,1.5878566552370224,1.602885167793968,1.6448779223707848,1.7952189383603427,1.830901294520977,1.8653527453970478,1.9948897774067393,2.0611686567920735,2.087614836530527,2.1768871909211067,2.2509674733635525,2.2960370232740224,2.3252879342970725,2.396895762076432,2.4393387434747043,2.4720745930833696,2.5036345250263805,2.5394854224321284,2.5683206750593266,2.6124102648253373,2.6262946824660913,2.6685662344344765,2.706251064961343,2.699066220221202,2.6792356982126955,2.707025153297065,2.6792833673773284,2.679553500331537,2.681992615682223,2.6585407849057647,2.625967044554535,2.632072499701708,2.6402294044764423,2.629152129171744,2.618034275576627,2.5820158218541236,2.5088447762743025,2.4328332531231722,2.4538249238459864,0,0
0.6792982523857074,0.7543709237911246,0.8422041837305205,0.8915168123965332,0.9696379669826416,1.0491372312697884,1.092381380820975,1.1703059817754675,1.2205310846933515,1.2613516079796918,1.3377795708089322,1.3823006587570716,1.455259763172877,1.512130479841534,1.5898096392684724,1.6514440597429443,1.7072048750243876,1.7937061090845745,1.8539814272777566,1.886235822003811,1.9368967954380518,2.0013667004668436,2.04531774825781,2.0712261687952918,2.151701282958284,2.173438914856034,2.1845773671407103,2.2363569126651344,2.2755593410118538,2.2693360706781083,2.295355614100019,2.3418705438456677,2.329011776835923,2.338850388298502,2.3652042915305977,2.3898683098143856,2.415586579904996,2.3923805553272075,2.356501580620921,2.3028508156115888,2.2971302243830376,2.2760320039793123,-2.567406102485953e+38,0,0,0,0,0,0,0
0.5048974923803906,0.5613780737408796,0.6715264373813846,0.7135838812808429,0.7427678837940854,0.8398192110752795,0.8620449337750873,0.8910188913587249,0.9838576166715647,1.0165088049073596,1.0802792740685692,1.1321545802406348,1.243603559985221,1.2512669294883514,1.2976634801175835,1.3593084992268512,1.4178754248054104,1.4577260327581503,1.5634465663901502,1.6050561646221904,1.6208850728866493,1.687865530947008,1.702037402572401,1.723278398717408,1.8121271270527874,1.836576475583266,1.8624961886871758,1.879795472668127,1.9361597480600674,1.9358598418288238,1.94133354735639,1.9467223627061168,1.949123949113046,1.9470207457985207,1.9105971338672063,1.857088125352529,1.8549301249648966,0.7042991805663952,0,0,0,0,0,0,0,0,0,0,0,0
