jsons/1312891200.json
{"header": {"parameterUnit": "m", "parameterNumber": 2, "dx": 0.1, "dy": 0.5, "parameterNumberName": "Eastward wave", "la1": 40.97354507446295, "la2": 16.46031188964855, "parameterCategory": 2, "lo2": 133.9931640625001, "nx": 191, "ny": 50, "refTime": "2011-08-05 8:00:00", "lo1": 114.97908020019554}, "data":
[rows 22 to 43 of 50, columns 49 to 97 of 191]
0,0,0,0,0,0,0,0,0,0,0,0,0,0,0,0,0,0,0,-0.18399933637400132,-0.04167772653617232,-0.08677925866861008,0.06950085770291645,0.0888561689704285,-0.07302370135715731,-0.1360040657402791,0.01119300403436172,0.06548537012491713,0.11236282520465528,0.14847079604159388,0.1680898700022046,0.1843393945030492,0.20744536295245308,0.2315697799400341,0.2559988706608403,0.2612740016724201,0.3406955580806538,0.4889586596995939,0.5199241859023018,0.5034147175137195,0.5150960981333643,0.5498004454812604,0.5741657616440385,0.5737039038963433,0.5899314864651511,0.6332365039603347,0.6492851310501634,0.6821353169064513,0.6904438488093524
0,0,0,0,0,0,0,0,0,0,0,0,0,0,0,0,-0.0005083749025530719,0,0,0,0,0.007271430609126966,0.027768848092123547,0.03109293053513398,0.014069018074400476,0.05680863557989028,0.08154491028211022,0.09950958952895013,0.16429505897019708,0.21349953852186723,0.23484108915425497,0.28947634809756717,0.3712716336105293,0.4120485903977362,0.5110319502656923,0.5196014726247709,0.5470418105942831,0.5954199718257555,0.5596872901855857,0.5615114658746609,0.5824969595452201,0.5903367614869043,0.5588888764026797,0.5848857264502638,0.6598666983836746,0.6754064353357889,0.6832050376310099,0.6917271298325516,0.6950548666700317
0,0,0,0,0,0,0,0,0,0,0,0,0,0,0,0,0,0,0,0.07145314889711031,0.13209160586866536,0.13068155531973835,0.1428113253433561,0.1584612985757005,0.14493801467656967,0.18823496789157906,0.21478266001129026,0.22287745428026579,0.2949702250233722,0.3524702705712154,0.4035164911912657,0.4893057326973598,0.5124546194282497,0.5193562626564026,0.5378689079173387,0.5348122708666078,0.545968112635355,0.6042678904194357,0.634407956912924,0.6388777212443261,0.6447434729607106,0.6471663803127887,0.6586355486858264,0.6636361545931728,0.6634452218197427,0.6643841431163423,0.6503292042197794,0.618052431402229,0.6095204768927341
0,0,0,0,0,0,0,0,0,0,0,0,0,0,0,0,3.3038944722661223e+38,-0.21284010042198218,0.14022041801792748,0.19634916532100666,0.2341431128882364,0.23633501897335243,0.2392186172219563,0.2544520987561746,0.25766483796267536,0.2503918853462593,0.30130453095953386,0.35536984537106364,0.46135392533328784,0.521680973770789,0.5439625867937362,0.5803902542958732,0.606517004981427,0.6099822602003161,0.6146956638922778,0.6199850626288443,0.621017859973447,0.6282462976287161,0.633948062855607,0.6494047207115619,0.6444544709422867,0.6432048796369056,0.631184432544614,0.6250045408009679,0.6261474459582225,0.6258191996143088,0.599240383708409,0.5897826804093858,0.5743307417072782
0,0,0,0,0,0,0,0,0,0.05926530754846966,0.13626995650158974,0.188949175937353,0.2531738541697289,0.31928965576833535,0.3330796971256114,0.31811588245276884,0.32124929280622805,0.3304603902729627,0.2982936915727057,0.25365506502893526,0.25959187382196497,0.17423908395095722,0.17378738203195102,0.14236257037731687,0.13601031640977435,0.2354189140846177,0.3527713577514331,0.4427849301752889,0.5664045133313098,0.5915643912486787,0.6078143378840216,0.6189871988171315,0.6202926600950924,0.6237513777608422,0.6222283354099678,0.624312038264961,0.6128891729098593,0.5971290193976875,0.5993423853400305,0.5981623051923569,0.5873408974630238,0.583334076383713,0.591049997771242,0.5900356511720224,0.5536646216893205,0.5386702806555378,0.5421031943493256,0.5295854558661828,0.5061141567976569
0,0,0,0,0,0,0,0,0.193132299772697,0.24437271750843173,0.29883949997227904,0.3149903034860363,0.3183894934870789,0.31311865919137183,0.30659178458280456,0.2751796420157015,0.2534726798313067,0.22700243058618183,0.1794264943593673,0.15748472839984617,0.1597932435602362,0.177582616847369,0.20533236787348577,0.2279962825520036,0.2712516584370818,0.4508770468102375,0.5438077695976674,0.5830553385971587,0.6241094371423357,0.6182707658342663,0.6193549944567455,0.6157473808799598,0.6168907870532359,0.6218104223752101,0.5993330661812476,0.599758496145067,0.5823759205325248,0.5858740504067087,0.5826462281561413,0.5882502070638074,0.5996711730974393,0.6048370400867267,0.5972489185319518,0.5941304795983331,0.5371232751878879,0.4817631522173012,0.5063914320242445,0.4934353192109924,0.4420042008633992
0,0,0,-0.31753390049425884,0.24188000880094443,0.2624151347426926,0.26146328680640335,0.2730571743602294,0.26949947534638785,0.27439755918341735,0.28483157067756504,0.27791271388437855,0.25156358246674393,0.2321225981843119,0.19558356942211652,0.1538236823313689,0.09535502081167976,0.08893633762939016,0.06470144852907116,0.08163890793603598,0.07564800882159387,-0.00016340432421596958,0.0869849660227267,0.20198063382347714,0.3367982083420739,0.564686972928003,0.6456643025623593,0.6262083118171409,0.6080518915620091,0.6158556680283743,0.6165885332694997,0.6159836715803131,0.6219239164375308,0.6213157787160202,0.6108393877565822,0.6045142731227982,0.6050941197507328,0.5985251306404313,0.6014711128566246,0.6022433034681014,0.5917668755468382,0.563591275458729,0.5407692311818781,0.5217611646671197,0.4936072073932704,0.5133557935950605,0.5243749509393577,0.5306848737559224,0.48243054443846384
0.12185239496818273,0.1668185602675826,0.16797672833673646,0.1682473712214166,0.16514073878151864,0.1721149550904199,0.16205627536393066,0.1606638259463963,0.17696735429489469,0.14923641286976147,0.13813362470440507,0.10270099298423428,0.055431880842109274,0.06351334874402509,0.013221003762862348,-0.07063375911667329,-0.10259284112025419,-0.15048432821947788,-0.23669938708196117,-0.23824385032553777,-0.21712774474036528,-0.29590176380337674,-0.08081579579889699,0.2654201759429056,0.46878291656577276,0.5929133192851787,0.5195772404869307,0.5122349560855326,0.5657323845118265,0.5619352948835719,0.562426391097958,0.5676745712360467,0.5356745962944476,0.5099751362751923,0.5376672567056848,0.5203254338544753,0.491600511103027,0.5376507042296901,0.5239480957345993,0.5029965085024595,0.5624167488463363,0.5425278399930761,0.5064487663544522,0.4991735167270792,0.5073391434616941,0.5222664903499209,0.5042630951565223,0.4297644283748041,0.41281981261851824
0.1256573447596829,0.1281466535604964,0.14971516450445027,0.11218323455968107,0.0608068418587778,0.046685636268710175,0.046430848570929883,0.062316835577549225,0.11023335642275578,-0.061865362792243764,-0.1192233853599458,-0.21968327469594034,-0.3563185258339441,-0.4218739699427398,-0.4235073208621074,-0.38273581294657,-0.3842147008815612,-0.40578485834975336,-0.5502325566141586,-0.5361114774663143,-0.552416519374874,-0.571572878833503,-0.6478268813926777,-0.6668375279621268,-0.5724205474303521,0.5869395096039808,0.6432634187300462,0.48846751377621056,0.5542318694367443,0.5557569753038999,0.4789420228360405,0.4039438842119661,0.33833403401855994,0.41211621387204816,0.461802842205639,0.4626868359873091,0.45890314756516665,0.45916378240206573,0.5016768460636161,0.5024130875780344,0.4714438995007486,0.5068338340163792,0.5095221542462259,0.5145649717551177,0.4905727370463884,0.4692979846668641,0.43184518438386893,0.401399538725847,0.3811758551392106
-0.020264543198404057,-0.03891002167375783,-0.09970411864555179,-0.11886752402340997,-0.14010155056954124,-0.2668501869536278,-0.32990095364426697,-0.4149709891205783,-0.48621760704583356,-0.5870757472759485,-0.6639295039865634,-0.6923535171838817,-0.7266087731937095,-0.7054392652624591,-0.6992852620021598,-0.6968232502828451,-0.6821934037629563,-0.6775535751155747,-0.67048570296768,-0.6573333540854291,-0.6353940474377899,-0.6733384265380669,-0.6671089601184292,-0.6656623866346569,-0.5967641619358605,0.20276954038073772,0.6695287087193468,0.640381998480904,-0.5962289279732057,-0.5617523374617739,-0.46386907374641834,-0.373301530458036,-0.3746673738213951,-0.5585986359983496,0.6469428044723178,0.4394321577408314,0.12322140064008849,0.2874364731567766,0.33208661868113204,0.32604895807445805,0.3144428512428325,0.3517809680055925,0.37831501957552427,0.3494778995193083,0.3166510738275795,0.3077856331613857,0.29912878511653,0.3366049619427157,0.3485770002669471
-0.3922933980123641,-0.4233067490423899,-0.5096178125844385,-0.5610550107977642,-0.6333647511469949,-0.69943002502476,-0.7472021892165823,-0.7835106592495176,-0.7879258119596666,-0.7610771052797044,-0.6813353389880086,-0.6127665014242657,0,0,0,0,0,0,0,0,0,-0.3616813682762095,-0.4604583147612369,-0.48143574183077514,-0.4606792706288513,-0.4672353386433128,-0.5783369729977912,-0.6491516695353533,-0.677560085338216,-0.6616191998799131,-0.6249188517977305,-0.5553580528997809,-0.4158604880140103,-0.2762946048542647,-0.4255532295822311,-0.664522863539166,0.6620906562729796,0.643549932432548,0.49137128393058055,-0.5266064611546015,-0.3059153071132957,-0.40381830509813393,-0.32995704297388784,-0.5076046758041257,-0.08456790210937724,0.2463995249325163,0.23952936551090173,0.2786344567423347,0.2944116867468251
-0.6823058347723389,-0.717717685688097,-0.7619396835838448,-0.7804295349795285,-0.7955049762305857,-0.7530814552817887,-0.7081026474474341,-0.556374919113295,0,0,0,0,0,0,0,0,0,0,0,0,-0.11925087318740596,-0.39168987926940035,-0.45960384168881174,-0.5028086868292352,-0.5033384354057743,-0.5678092529404372,-0.5574789497070315,-0.5554304994947997,-0.6248390581532216,-0.5321254968291207,-0.7042716756062016,-0.662789346203372,-0.5834528451644001,-0.46029008253253983,-0.17610808176059334,-0.17861617706610886,-0.14704340729674673,-0.22655414341502936,-0.45425129722812724,-0.481909547407611,-0.5284295323409698,-0.4375464213943376,-0.5139488885479883,-0.42390479315706,0.24371676947194945,0.5439378330540403,0.6193857456430625,0.5198262837830984,0.4574659848344226
-0.7346671043044483,-0.7409714945575253,-0.6817468037866458,-0.6259286904453353,-0.5317799748254093,0,0,0,0,0,0,0,0,0,0,0,0,0,0.0562274860200904,-0.11031000010140429,-0.2420111227700853,-0.3848305654111061,-0.4919797042495616,-0.5492798412358084,-0.5550877691294609,-0.6514851386957343,-0.6688976714361862,-0.6919621253246744,-0.7153955558362868,-0.7325752022702916,-0.7364123935755299,-0.7297210100685818,-0.6666091251011343,-0.5837441034810134,-0.3449802240022735,-0.3445531482017826,-0.5114438147631409,0.45326247797588026,0.32778689987939014,0.40962982643890755,0.5074859364889786,0.5123504288050004,0.5268456455227497,0.5460408258450922,0.5723701902545115,0.5874388099196095,0.5661902637364269,0.5271958114074935,0.5017770915691008
-0.5902620756361334,-0.4146477292261284,-0.18045026882724569,0,0,0,0,0,0,0,0,0,0,0,0,0,0,-0.04019375313615735,-0.28136633065647715,-0.363139023692739,-0.4892401187137308,-0.5123553025402167,-0.5962846395231928,-0.6112140976587191,-0.6378748050892123,-0.6705514494135173,-0.7170855770241495,-0.7311564170707894,-0.7471728584295053,-0.7598362575339298,-0.7683346643629538,-0.7480724058367353,-0.7201629521709152,-0.6570395349660216,-0.4546129495100316,-0.40888355305063256,-0.40124288014677745,0.6183231811346882,0.5674456642029851,0.5148553055822828,0.38018980058111984,0.35037914445140295,0.3748499399944544,0.3906714875810578,0.43427730390930114,0.4537459846850335,0.49176172126196205,0.45069928590210934,0.41254133060812986
-0.36954578871551136,-0.3817126201305153,0.47199021748949255,0,0,0,0,0,0,0,0,0,0,0,0,-0.11765349425095194,-0.24747775470905375,-0.3638351096166024,-0.5015579991920784,-0.5667051631071122,-0.5668769220219196,-0.7556338682989435,-0.765926098294073,-0.7583803748328088,-0.7718887787138355,-0.7576685108095638,-0.7614156868254401,-0.7696717831755898,-0.7753427409009654,-0.7895744363480948,-0.7976238643554536,-0.810998539246836,-0.7818526747156486,-0.7297962798776049,-0.6019265295033425,-0.5182950068281631,-0.44451605453436394,-0.2583175655132715,-0.3117003997984713,-0.2121329129222623,0.28302944963140425,0.48831833426344023,0.300097894778278,0.17603052230803257,0.2971878222248974,0.28535724318260836,0.2885687116723885,0.2723648899614435,0.252226886142531
-0.2642531065382774,-0.21354715023663576,-0.16901060216350744,-0.3237304286580303,-0.42219328160618635,-0.4001446823251874,0,0,0,0,0,-0.4756861656133586,-0.02072267879332479,-0.04723332838758081,-0.18047793695936803,-0.3689263361782366,-0.5098731999054135,-0.642038745937411,-0.7962659673103607,-0.8091135465038967,-0.8211585385704923,-0.8226824348697669,-0.8079152705534359,-0.7848448899228744,-0.7798479072152906,-0.7599081862523444,-0.7690468608655685,-0.774016616919138,-0.7874450219894406,-0.7946085114306144,-0.79698767049894,-0.7886230098976356,-0.7768353969994792,-0.7537374982491544,-0.587278655767072,-0.569159751870407,-0.4906972784333831,-0.39025510979756817,-0.3019673311935961,-0.2724646736727817,-0.1260222476887114,-0.6257394554852113,-0.5181997337831228,-0.6957732162339685,0.3579876870396235,0.49044899736679265,0.2987329461278914,0.15345828665501174,0.15465850009938872
-0.2536392774774955,-0.2062910124412037,-0.3156142519689157,-0.39096542038589677,-0.1670159549767629,0.33464251859489047,0.2724153454474919,0.30886185877163314,0.4249955103894736,0,-0.08343869947554858,-0.161168729185513,-0.3271518023625345,-0.4705649626210235,-0.5899748863579475,-0.7437019131240487,-0.7883189627530537,-0.8240996188984572,-0.8462568075136276,-0.8448771632791631,-0.8368181040483998,-0.8194230857615871,-0.7909618792341431,-0.7572573354774806,-0.7176686537859439,-0.7497292454625504,-0.7534298202378614,-0.7705399366570473,-0.7795889779653299,-0.8114347458617209,-0.7981168567148532,-0.7243793734774051,-0.7064997820934478,-0.6908239916002149,-0.604253378867877,-0.5822401013174853,-0.5562548019163863,-0.5010736108500458,-0.4490620965471208,-0.4395807424042015,-0.2785251639515339,-0.24944831454344313,-0.20059262423920793,-0.14855731823027324,-0.27709067825314054,-0.2536915367772336,-0.26239627871044774,-0.4200163267220083,-0.5338854638919568
-0.497968886431017,-0.5038985861507395,-0.5073150215180638,-0.45976903607347214,-0.38867993089745523,-0.34294880172903874,-0.36168787157587556,-0.40114275305002867,-0.41870447003724004,-0.5011137665417322,-0.566695060194178,-0.610332683099051,-0.7024178146414013,-0.7972318090553919,-0.8404866123300733,-0.8620330349459926,-0.8802439022480882,-0.8863304066982349,-0.8709274812877733,-0.8377927288735271,-0.8168986869834631,-0.7874386179545947,-0.7594352065210099,-0.7460569648318085,-0.7437148075671622,-0.7289153646068329,-0.7530330974494133,-0.7484508642475916,-0.709720921583092,-0.7305848744886325,-0.7342184874331142,-0.7409622313452208,-0.743848610263103,-0.7402539868259175,-0.7118214756874088,-0.6638839108549343,-0.6337727746314971,-0.529133599805194,-0.48727588307748393,-0.46980195916275447,-0.41991413292053864,-0.3730454055573877,-0.3561828096535874,-0.3175662097091021,-0.24299146535402047,-0.23936638205484567,-0.2193343177889497,-0.37967055149548506,-0.4261865996285753
-0.5396648772505762,-0.5433786386842847,-0.5305382559233243,-0.5314482440151085,-0.5739326491572,-0.5791243626197878,-0.5991814403098098,-0.6593126261499723,-0.6657078417200952,-0.6951633021535337,-0.7477239057547851,-0.7947691416193235,-0.8330449436864906,-0.885541096946934,-0.898562810683367,-0.8782270871138949,-0.8885672171591037,-0.8785553726811047,-0.840217712599521,-0.8333331784289958,-0.8033226972337242,-0.7829225088666912,-0.7694390030074192,-0.7683623244510599,-0.77362464652873,-0.7685772529576095,-0.7760039459713047,-0.7744545524069449,-0.7435821158071564,-0.7397412851102064,-0.7277088017589152,-0.7034961938826697,-0.7073631672496747,-0.7050206378600798,-0.6903179275157155,-0.6616847342523006,-0.6067855048049573,-0.5725969443877765,-0.5451484955839638,-0.5261750282805744,-0.4498501460241296,-0.39831112526426077,-0.4215522310138711,-0.43789326381431554,-0.446102961721106,-0.4068744986189688,-0.396470317835645,-0.37155817144190834,-0.3565162583808996
-0.5972322075625428,-0.6288741823807801,-0.6530233475636243,-0.6532916222824148,-0.6784475254382165,-0.6857104442804561,-0.705180314563657,-0.7292813322592103,-0.7561640809246654,-0.7733132708265679,-0.8382238355929719,-0.8479383239873374,-0.860037725056047,-0.8963875065916207,-0.8890487775141446,-0.8413662342053972,-0.8598790561165202,-0.8411188284468729,-0.8179913179986781,-0.8038497955841426,-0.7862392157357148,-0.768209064047704,-0.7598780970927009,-0.756315323775311,-0.7565561367522973,-0.7587393847349296,-0.7566444587010207,-0.7508399921649007,-0.7382944084433426,-0.735930895006823,-0.7272989561026905,-0.7276044922365376,-0.7206888965144679,-0.721475901511432,-0.7066734659156846,-0.697272779606218,-0.676617492959435,-0.6611552713503654,-0.6423150207756934,-0.6247554505080974,-0.5685803799469313,-0.544553614125899,-0.5232903081908139,-0.5031046386838044,-0.4839710110905696,-0.4916519815662735,-0.489371817905804,-0.4783785383741551,-0.48231335811795306
-0.6861935556067443,-0.7045735940207029,-0.713288289092737,-0.7143374979369728,-0.7392184240944546,-0.7431599706284518,-0.75885259088425,-0.7827738962515264,-0.8009626450274642,-0.8279838697336906,-0.8538064604752572,-0.8682480284316888,-0.8693475061942676,-0.8841314051086845,-0.8801883283791537,-0.8728450525836453,-0.8701154589989374,-0.8451210992113798,-0.8251778957396507,-0.8197330302886454,-0.804800166890988,-0.7890695635001043,-0.7955245990886702,-0.8028469532743483,-0.8090740909703998,-0.787490096639625,-0.7699428302552633,-0.7658283181892395,-0.7591001111072031,-0.7503792040119673,-0.7378380004360403,-0.7188199635239241,-0.7251624047144757,-0.7256411262771117,-0.7294418230998839,-0.7434713594226938,-0.7459682011897643,-0.6930243493711001,-0.6623758299725577,-0.5951263813819977,-0.5757491538459473,-0.5896564448688892,-0.5845216356285786,-0.5691460405557784,-0.5507713710561593,-0.5427940917426909,-0.5373857515752372,-0.525899816034557,-0.5250387487149738
-0.7250962574545531,-0.7514325224740265,-0.7613822309162058,-0.7660209265208539,-0.7941477549018862,-0.8040252671078559,-0.8159541070323644,-0.8565879661037239,-0.8637068395122106,-0.8662201471278539,-0.9086021411757214,-0.9072066559832687,-0.8921795154115093,-0.9005398586339847,-0.8988732769599321,-0.8872260107598035,-0.8837479851619905,-0.8850468748451952,-0.8610524952383249,-0.8517297091369537,-0.8440475715741159,-0.8224658536408253,-0.8165811453473966,-0.818104143225247,-0.8070489130643972,-0.7694515380415266,-0.7754551698384538,-0.7832575428574643,-0.7683618351641254,-0.7688286725194702,-0.7702050066813331,-0.7650241244698771,-0.7643915737941611,-0.7670543752872893,-0.7785991284214285,-0.7690833098246772,-0.753548713918376,-0.7437867337914165,-0.7269525203170323,-0.6928512520898049,-0.6525590953779875,-0.6383149662231123,-0.6071960607864104,-0.5937463273504664,-0.5866702610788835,-0.5673222905399377,-0.555267381629242,-0.5327349565323457,-0.5194169119025964
