jsons/1312653600.json
{"header": {"parameterUnit": "m", "parameterNumber": 3, "dx": 0.1, "dy": 0.5, "parameterNumberName": "Northward wave", "la1": 40.97354507446295, "la2": 16.46031188964855, "parameterCategory": 2, "lo2": 133.9931640625001, "nx": 191, "ny": 50, "refTime": "2011-08-05 8:00:00", "lo1": 114.97908020019554}, "data":
[rows 22 to 43 of 50, columns 50 to 99 of 191]
0,0,0,0,0,0,0,0,0,0,0,0,0,0,0,0,0,0,0.39626308087170387,0.04994084764725832,0.47621917668194585,0.06195948353615583,0.1533156003775787,-0.27073318610864006,-2.9648150722297415,-2.980281078940599,-3.023326865605962,-3.042554942351894,-3.3156994836538707,-3.3962212786075887,-3.5175644979693375,-3.745759214174184,-3.855422977106551,-4.01832725169744,-4.15364035126647,-4.619523541343375,-5.090863608523526,-5.470882463104791,-5.865870068745765,-6.08298321037986,-6.35577693099051,-6.685256462618875,-6.892277104069606,-7.213288986306074,-7.322499558582158,-7.423491743968107,-7.3180684150471915,-7.41789406120162,-7.524065760811158,-7.03133192062575
0,0,0,0,0,0,0,0,0,0,0,0,0,0,0,0.03684658937025251,0,0,0,0,-0.4782074262291089,-0.8838295416824563,-1.6434451776468053,-1.8691463015029626,-2.0608024552856357,-2.3648591522599753,-2.3014626300949597,-2.1833967656745905,-2.2350335895330318,-2.2170308966919183,-2.2845043871177766,-2.441519743047929,-2.5420563123161424,-2.6841869122588577,-2.7071628959286307,-2.5620511713927354,-2.6751379604874073,-2.9144383796854556,-3.211503357826304,-3.829287072031082,-4.172342580986585,-4.703147766667514,-4.9236001280763695,-5.9219027157374295,-6.028805791002453,-6.217934411886758,-6.289270373859698,-6.155047688731666,-5.9456720708579125,-5.41627882269187
0,0,0,0,0,0,0,0,0,0,0,0,0,0,0,0,0,0,-0.35282378858136637,-0.4761135820986427,-1.0021397792662745,-1.187493045831246,-1.3724849190717345,-1.246086324983947,-0.9948338819771861,-0.9412309426020982,-0.8254724797360253,-0.49596134755647514,-0.3828296292431302,-0.308153495683654,-0.02777178555135727,0.0714529241027954,0.08950535443269686,0.01708830987241887,-0.10121112521708296,-0.17970885189391894,-0.35900104007456324,-0.45952676554252936,-0.6319110074297924,-0.4597236952438012,-0.42684213876361476,-0.363035760067074,-0.2278741300603223,0.34725435388360304,0.026553252741361496,-0.31925868886574876,-1.689063696430548,-3.0025428119426034,-4.336155379399973,-3.4492777867088407
0,0,0,0,0,0,0,0,0,0,0,0,0,0,0,-8.1454825486999445e+37,0.2111504660421823,-1.0165533034626424,-1.093247358276663,-1.1312122592053266,-0.6944790011282823,-0.5676896699803785,-0.5056255957624753,-0.3352033555683855,-0.07389389699058221,0.16855340463919338,0.41363502300395827,0.8908199264582891,0.9959156484625681,1.1505372086566628,1.4277745359479976,1.5331996908597416,1.6518034617174837,1.6866066755512068,1.868019922964007,2.04409478642449,2.371507033462922,2.5248398753179133,2.8072979635658553,3.1951971831200363,3.295531394053699,3.4660002863864805,3.6714287636100504,4.176280581073888,4.445401326256248,4.79696315329421,5.4081871359386176,4.438509074994169,5.057078284753545,-3.152933513794943
0,0,0,0,0,0,0,0,-0.20555690959101264,-0.5605585873861255,-0.5243069423089831,0.3627387219557752,0.4916177179235095,0.39941148860229414,-0.11738212307585554,-0.258676253754656,-0.3428084297475204,-0.32391301352453966,-0.28122322507442277,-0.2853110292513097,-0.11962258648027105,0.10799692705895554,0.39022885162917137,0.6260450824130569,0.8871966152485583,1.083826078323499,1.2533286678915034,1.448996370584381,1.6308278603827482,1.7588232227271656,1.9682429508215407,2.2281213674863953,2.3481493303762173,2.5965688408235033,2.742903956243196,2.9805291018209115,3.3763919220149874,3.597895415106568,3.861138838680699,4.086075205650684,4.226766543854332,4.422681666535073,4.577535179738131,4.92050614705267,4.996746888492523,5.142044247821477,5.403964108944809,5.4591115799315455,5.176571261102099,4.052955437802848
0,0,0,0,0,0,0,-1.0093014084153373,-0.8952565946733851,-1.0396164406208799,-1.0096414834614418,-0.8997127812828477,-0.9525779766819792,-0.947223887030971,-0.9646005094890006,-0.9013991480352769,-0.9259524805191931,-0.6852210170353491,-0.5303983741097555,-0.1801043114933655,0.24077111755694428,0.3504555258895094,0.519945949467421,0.629518293710172,0.8887025216331058,1.0810597698184485,1.204337699327144,1.5192316427424901,1.682397314648115,1.83731203999369,2.193549980739484,2.3793014065314497,2.5114208927626884,2.8315412148854904,2.9762876806035043,3.1671697689354783,3.408482760589997,3.61481463815961,3.7920754127309397,4.056202645838776,4.173948374333428,4.323147045976607,4.466595672637741,4.687447389551959,4.778693415555828,4.858225479764094,5.046614038717894,5.101901623877634,5.161620004048139,5.224058825129621
0,0,0.207114914137599,-1.321559400597589,-1.4650070502728978,-1.4368611984819124,-1.5744775780282632,-1.5263876963260552,-1.3703388414776696,-1.4103454340668504,-1.3683532137067882,-1.232405202542372,-1.2316603119469525,-1.1716286060803582,-1.0255246958753297,-0.9211336933429484,-0.7933808256168018,-0.44491677149269415,-0.38179197903194656,-0.2512748244992077,-0.00891341980492006,0.18896487823748742,0.28379906229349594,0.39611681905325913,0.6048286788239161,0.7718382182374324,0.8238614715527647,1.052001512307328,1.3356876842624796,1.4939151927934495,1.7615437117706665,1.9260090742115816,2.0266991942692103,2.3061811877571965,2.5009713088113963,2.6824363294044367,3.0507209757633595,3.2827366299986984,3.3610227021586336,3.565693806599721,3.7264388107187876,3.816689133083221,3.9617561143550373,4.1615683225365805,4.254589759544838,4.359115725675151,4.471843371556026,4.518022383557316,4.531645353648477,4.654258804942623
-1.3846188858034756,-1.474639543599839,-1.5947529779387164,-1.7344658997190772,-1.5851670610700486,-1.6001063570240497,-1.6754626088326283,-1.6624495206505596,-1.5662127279984621,-1.6227327742948074,-1.6123110366913136,-1.4811622847321755,-1.4291375354488547,-1.2679657134895557,-0.9356338260073219,-0.7928367370293459,-0.7159811593493832,-0.5248806524819994,-0.42439603667540454,-0.3363336460807405,-0.1335117437486732,-0.039009931255777286,0.08714257809608152,0.2045879662442502,0.4534227024089081,0.5796112610229192,0.6869941571614085,0.9024598140473485,1.0200230930409018,1.1687670399111318,1.4273447616480353,1.582727593012529,1.690453301714511,2.0241440836030336,2.1945771712292537,2.3284296033661183,2.511931376694003,2.653063743502321,2.774703697285958,3.0297931634746016,3.1098172070364853,3.2771092154629606,3.3934210609119617,3.6467732353084084,3.750412995146081,3.780948558861955,3.976552853989408,4.039490951380199,4.054801365944748,4.167293046814481
-1.798240858912633,-1.7512783689320792,-1.7744852100247348,-1.8056534399910964,-1.7599378716737084,-1.744219075930676,-1.7822658979115458,-1.7620547886558846,-1.636205773913068,-1.6373478795029104,-1.573375137608858,-1.3913448861356164,-1.2327702078486802,-1.1195057837109093,-0.8956256064219688,-0.869440167364323,-0.7917616556762546,-0.6940833322777263,-0.5852041125887121,-0.5241127039970703,-0.3567894370108382,-0.29703645772135345,-0.2408240662500369,-0.17714911903693273,0.0006531621237581306,0.11404856382364295,0.23704359480335055,0.47977965286773616,0.5889834698731063,0.6667029905390034,0.8414805001229722,0.9113824875988661,1.0170263793823742,1.203084733583982,1.2652026596761867,1.3627724620126946,1.545864877746355,1.8832517239792639,2.0112194778609513,2.316476952551185,2.6033223021136767,2.678403395228418,2.8830394581713965,3.136415136739924,3.2499249929369003,3.356795691746071,3.511492365145939,3.5699774160075326,3.587540085820547,3.6927438382838447
-1.82533512874784,-1.7176139520852682,-1.7147405791971388,-1.762935967796452,-1.6881423205412787,-1.6626121926174595,-1.6717833668105577,-1.6278661881667533,-1.5135213823693558,-1.4604976494181667,-1.4013556508013696,-1.2621697949665311,-1.2204113804855568,-1.1831480309350975,-1.133084141266087,-1.114187805622649,-1.122742810484716,-1.0095799036759658,-0.9419841852472134,-0.8343561374038434,-0.6851556918144461,-0.6324952468187623,-0.566193489437273,-0.5179600312318788,-0.38792023229638567,-0.32905019684199427,-0.2760376733945946,-0.10773796674721169,-0.02492352231981139,0.02962116375927719,0.08953023117006698,0.13003423288348592,0.16491433018483953,0.2853927666534215,0.4058578943387567,0.6453481413190868,1.008424517934557,1.2358719771710456,1.4351482212148603,1.914772634313415,2.108463172685355,2.2720984307593266,2.4660166785940603,2.745160590833261,2.8279297633496956,3.0291333756691574,3.2179147248083875,3.235550761008259,3.243514143228589,3.3307168877968527
-1.2939019473108833,-1.154578216862433,-1.101130897825809,-1.0607510883144273,-0.8828416543715111,-0.7758901226244659,-0.6956821931403027,-0.44942880703320953,-0.08065590610797173,0.4709324764484005,0.6638869262815985,0,0,0,0,0,0,0,0,0,-1.5922165216461477,-1.4579739083290988,-1.3937820601680995,-1.3074922944838783,-1.1708220817095,-1.0660926390696939,-0.9871074887141263,-0.8635809968249002,-0.8432474409254342,-0.792077508706237,-0.6914433022466775,-0.6129810733068749,-0.5458735879434601,-0.21530386996241585,-0.08738818286824004,0.1709112373668766,0.5496146412861851,0.7218842714955986,0.9408035911884304,1.3393124987015324,1.5932591660234134,1.7496898432841825,1.8745228606151956,2.0552856987514354,2.184851134474818,2.4488785694902635,2.6466209300091257,2.709274300183366,2.800173443188395,3.0008955272905444
-0.5218878526936455,-0.3307911146574512,-0.15868829143196614,-0.043870045791439424,0.3415679030385199,0.4473352229352056,0.6355726860401015,0,0,0,0,0,0,0,0,0,0,0,0,-2.0551485928790636,-1.761991530722704,-1.653363182726682,-1.5918027549050537,-1.506906930284494,-1.2401313485580707,-1.2054651188790542,-1.1284430788094655,-0.9596579582816586,-0.9182237182809843,-0.8241008133635902,-0.6692344870228506,-0.634737655683436,-0.5632863978975282,-0.42501861613049824,-0.30711054737870075,-0.2076083209201827,0.25233876624945767,0.6427578261162038,0.9588261202841617,0.5596431397928822,0.6919261136592054,-0.41579931238212325,-1.3732199385202932,-0.2384266049902041,0.6283522788705952,1.2611937455302051,1.9487397453713018,2.166354001810905,2.289478889478377,2.5673363938988665
0.3286415858675732,0.5827764321563832,0.6455572051269924,0.6642927725393245,0,0,0,0,0,0,0,0,0,0,0,0,0,-1.7383840393248977,-1.7193328144586524,-1.7642787447223354,-1.5166480045380435,-1.4768554826821292,-1.4341053644535495,-1.3389019839320075,-1.1765245070329764,-1.1114519894278687,-1.0234072981336533,-0.8430032596350999,-0.720448462314984,-0.6185004944881778,-0.36129892026669075,-0.1464529729782465,-0.02107839097741156,0.476468986407048,0.7820442292346789,1.019941526096641,1.5294522689797982,1.557261041573194,1.4974867228395552,1.2741765446562079,1.2607162182385643,1.2988847321154455,1.2902516523417584,1.3206767051040211,1.39826624535573,1.4460995974262274,1.6266734009631547,1.7341759641607668,1.929087794834601,2.1718291571481743
0.5463342669974977,0.6667378473020552,0,0,0,0,0,0,0,0,0,0,0,0,0,0,-1.7615947350659902,-1.5858425307777515,-1.5578276328717648,-1.505165421779313,-1.3205018527285053,-1.247898418326618,-1.1881647244062432,-1.0689927795505856,-0.8539907137634529,-0.7370494966998365,-0.6499749109466368,-0.3991932367794784,-0.27539661370928536,-0.13444552589314343,0.18606901243170929,0.29045120194490415,0.41843468059307243,0.6649453160154998,0.7788500982280495,0.8553925793336006,0.9651373413739226,0.9987867270496112,1.0521516241257889,1.072215602906297,1.086276628087217,1.1248427210367842,1.1445530023621078,1.2175691466681648,1.274991461417462,1.3474018976221713,1.5509450543667433,1.6322149336109721,1.7142292036323932,1.9036883047868063
0.5194296490899094,0.5812370195702947,0,0,0,0,0,0,0,0,0,0,0,0,-1.4961328490088015,-1.4527050619365256,-1.4506249159059128,-1.293457809666073,-1.2171905492943902,-1.1442786277195662,-0.9674415330810571,-0.8354842540365948,-0.7586739843320845,-0.6578521205866898,-0.44923454406437935,-0.35498909312856397,-0.2403379652203499,-0.06893299515517834,0.047553821488369494,0.10636431616359893,0.2570210481546566,0.2937586285340254,0.3283801298910028,0.4573382543061461,0.5339926879329578,0.5893395553402477,0.6275935759801559,0.7026382696244858,0.7523744261746218,0.8492838037264897,0.8756076510437145,0.9411951995886236,0.9746063345814512,1.1231007512214481,1.1930857567439697,1.2814340746476878,1.4428196285207293,1.5500887120641582,1.6070674147784645,1.7080592431965351
0.4345836191835354,0.4667690799754888,0.4028771582466321,0.032534358380357446,0.10559260408717315,0,0,0,0,0,0.3884723111129513,-1.3622248734187268,-1.3960722367772824,-1.3346918384198692,-1.2269271231055188,-1.1607743493044487,-1.095400308902039,-0.945380055975192,-0.8919777135239403,-0.8306211367544227,-0.6882857967893845,-0.6199822762899856,-0.5381495189319639,-0.4763281791559425,-0.32543597384590756,-0.2235571505509313,-0.16379900386985746,-0.023102776437689806,0.05636536691959059,0.10186691805519098,0.18050433018351422,0.24975197677018296,0.33147452916778436,0.4385222015488002,0.45344946377229,0.4701643733179521,0.5189667557872824,0.5729541910865819,0.5991628707793063,0.6986633024244504,0.7447405417312271,0.8022568016367162,0.8401357622062204,0.9484929346006988,1.0528061506428228,1.1143181482407212,1.2510418868284894,1.2767254274821278,1.366136155444585,1.4992362323697013
0.3969978773005945,-0.459140696339641,0.13614750990179073,0.27494095025579346,0.41209589334591973,0.4396709181410728,0.32397748240882857,-0.2679894498157696,0,-1.3332267371359696,-1.2172010718181987,-1.0931754413425394,-1.0621601953980861,-1.0108660305925496,-0.8967437249579296,-0.8463119340896178,-0.8149098346838105,-0.7039677670514553,-0.6311461656182576,-0.5846881681202483,-0.4571512796280545,-0.3964020548350356,-0.34703330423814954,-0.2826856681251613,-0.18315203767967217,-0.14903865158346605,-0.09216058114159631,-0.016753785539090918,0.034558388344355484,0.05057985929344605,0.1113546269694704,0.1373310048575356,0.1445379229654718,0.2891438469506571,0.328545235052078,0.3455503628574748,0.38389361597739985,0.44267348451222277,0.47292794864708015,0.6009115501470115,0.647627367060137,0.7322071305056308,0.8075294689137132,0.9038581081730238,0.9793259139056473,1.022843717369832,1.15078089472686,1.1900919939037191,1.2646381191299296,1.3395690007597527
-0.3324416892901961,-0.5043052019101593,-0.600811866447675,-0.764072139710256,-0.7976295773442988,-0.9117080857186216,-0.9564014534583183,-0.9733102283013081,-0.9113212138235632,-0.9200966598217433,-0.8888719699510089,-0.8258380003070033,-0.8097254523861934,-0.7824458989228356,-0.6900182421687224,-0.6471069912570573,-0.6205062441849419,-0.5345446320838955,-0.5010476980377051,-0.4718176354269035,-0.3885296039406864,-0.33645029694747647,-0.3250681903175602,-0.2760205032166461,-0.17180811361362425,-0.10597841441754562,-0.10051163663698306,-0.040999908699327264,-0.030604985914952643,-0.007159283034270589,0.0456256597063853,0.07887191614463868,0.12853084268189474,0.19523692582939786,0.23395409342877235,0.25251286506908643,0.38437566819717534,0.4367518703783228,0.4869670914011807,0.5788799664946178,0.6413922456538508,0.6805877055578753,0.7227866139498151,0.841734494980866,0.8981929800354792,0.979510143970523,1.0286065291274924,1.074491382009265,1.1259856493973899,1.1947529701688338
-0.8294282441856998,-0.8445568547752528,-0.8466971538904061,-0.8989914091522342,-0.8739709785327302,-0.8628436520795156,-0.8423003500095427,-0.8363689045699206,-0.7782264437996805,-0.7733778960683674,-0.7468099985714867,-0.6876560291423229,-0.6619843237848556,-0.6391082229533446,-0.579226691737266,-0.569981801376502,-0.5561353682900979,-0.5127627685479617,-0.4765553687208271,-0.4543710087767572,-0.3965919636437716,-0.3407312123132117,-0.31701945378809204,-0.28605020441354606,-0.21513426516924455,-0.1882869362435817,-0.16088620457015299,-0.12068369782547249,-0.11756125305582403,-0.08237578515610611,-0.03519033906416198,0.0017779366840235441,0.04278603248534117,0.12045145138082818,0.17037190931018872,0.22496866876697866,0.32352101168369124,0.4035392362604579,0.4388875508890502,0.5732209805965541,0.6450462203786492,0.6433720024583824,0.6720605319819424,0.7373387393416235,0.8008329113456583,0.8303826649307338,0.925303853342818,0.9705737896545662,1.00360650953695,1.075225989040248
-0.8377223986628121,-0.8270335119830436,-0.8043596279242795,-0.8151895958196668,-0.7659993731832352,-0.7638865543771057,-0.7590996628264973,-0.7287302632583257,-0.703460893520986,-0.682919052741069,-0.66890027802076,-0.6199314128375348,-0.6273733737029491,-0.6164821805351475,-0.5911178427525178,-0.5736261432335357,-0.5510614331614653,-0.5162193238734228,-0.48411572573418454,-0.4465602967428336,-0.39816232009303476,-0.3736515914371214,-0.3450607220423148,-0.33590241536450377,-0.2882837975951633,-0.28671683552261057,-0.25720250028519853,-0.20618900184085043,-0.18093656063140223,-0.13339034399149174,-0.07912309324085584,-0.026655332522473322,-0.0037387215464839,0.09201983245080315,0.14304623050686227,0.18168475260988937,0.23658671898985986,0.30423315056969596,0.3481502780191681,0.4622463194796845,0.4969553291220083,0.5254433408542705,0.5633199639725883,0.625884361282099,0.7088974515256437,0.7709234459872638,0.8468906547105068,0.8685909394738779,0.885922823662105,1.0241111315833766
-0.8127610721934182,-0.7792676299078201,-0.7686061565381843,-0.7609579252122084,-0.7361728810949153,-0.7223902440470907,-0.7236919087472194,-0.7162950230713114,-0.6765490385720428,-0.6851346359880647,-0.675215640394271,-0.6512452374091044,-0.6456767197026088,-0.6234785886291773,-0.5952008123376413,-0.5763430589119456,-0.5514686003567477,-0.5090759375044774,-0.4871278102998069,-0.47057629330868617,-0.4263133223416232,-0.4068703376401909,-0.3834417207118086,-0.37614625397465784,-0.32869221568277357,-0.3113775550058181,-0.2919319743214243,-0.23263040509155877,-0.2080384296667637,-0.17347025168663469,-0.1176136848149268,-0.07618473965536439,-0.03299020184560411,0.048858901357949715,0.10735784625607565,0.11897305998083861,0.20070017597843612,0.24580108781887977,0.3067083001360167,0.35567333357678177,0.41257082632716685,0.45368419411349054,0.5071423469546801,0.573595604332128,0.6064452918709855,0.6597178234346324,0.7452180836818706,0.7838829568506872,0.8512308680384786,0.9495035510775983
-0.7835384631816702,-0.7699961855540908,-0.7605873215989772,-0.768788549967102,-0.7461332474438368,-0.7298384161778461,-0.7375245622244638,-0.7390856863522426,-0.7056658100282096,-0.7090192234145892,-0.7031639106402571,-0.6537380886198058,-0.6370465161393378,-0.6304007027860147,-0.5863608587836191,-0.5627358846940916,-0.5551555170942494,-0.5198236243202674,-0.5021809754466873,-0.49156564621443666,-0.4567838427816149,-0.454284635979926,-0.44398893774441567,-0.4161523669150028,-0.3875492450465284,-0.37319341775722,-0.3452455624806611,-0.27591551682947507,-0.2649906689784217,-0.236016816299891,-0.15956621786791186,-0.13335077158269443,-0.0937256241194691,-0.027379753521503247,-0.00457102219525896,0.034583152824204745,0.09622037648848869,0.1191940258231606,0.16836691194281833,0.2557864985383624,0.2941420686658595,0.35592105727699425,0.3779573331601355,0.4501815160838081,0.48951381274859584,0.5368399781643741,0.6314288892624199,0.6746357379838874,0.6808698838610178,0.7618562522979518
