jsons/1312898400.json
{"header": {"parameterUnit": "m", "parameterNumber": 2, "dx": 0.1, "dy": 0.5, "parameterNumberName": "Eastward wave", "la1": 40.97354507446295, "la2": 16.46031188964855, "parameterCategory": 2, "lo2": 133.9931640625001, "nx": 191, "ny": 50, "refTime": "2011-08-05 8:00:00", "lo1": 114.97908020019554}, "data":
[rows 22 to 43 of 50, columns 98 to 146 of 191]
0.6677019700678897,0.6643879776425313,0.6682674083699027,0.6859046033488507,0.6967490717665275,0.7046676845873076,0.7028628314705037,0.6871626070933802,0.6838117010452078,0.6822672831574605,0.6651240722092336,0.6459634295237782,0.6497089049546106,0.6606338705215485,0.6571312175721546,0.6836937755227678,0.6787491691699753,0.6775582077983349,0.6782964105884532,0.6872206545628682,0.6633570818583846,0.6294101636801441,0.6367046816140581,0.6501014527421537,0.641295067219139,0.6175809012121284,0.5812490200538548,0.5436941141127981,0.5525587702363124,0.5597692562422049,0.5681661050917767,0.5633521459193364,0.5573744064920572,0.5320828769342365,0.5159745516640518,0.5062218656810543,0.4654127656326193,0.4684157229314741,0.4361762710245208,0.4304332047097913,0.4182447006222319,0.4215201666534087,0.381155407278355,0.37458797682628486,0.3661576912486214,0.346420839059962,0.3273890471554794,0.33997462754722435,0.3684326052976196
0.6806137926177891,0.6828954202079506,0.6842687600074592,0.6892820037581759,0.6836081710188654,0.6828916849095517,0.6801472627994771,0.673903409810744,0.677088246121972,0.6821448414289011,0.6898491712261284,0.6820976243956283,0.6742613123216933,0.6693648915011807,0.656049076165456,0.639095414027364,0.6242869554943258,0.6337973689117623,0.6382495084730514,0.6445230083896839,0.6458315493007231,0.6468792783922156,0.6465571891328904,0.6557659293808422,0.6016842865291289,0.5136722111670396,0.5510097688153118,0.5678741532594294,0.5814316247242882,0.5834279508274797,0.555516339638577,0.5172780972003981,0.503225851347809,0.4794660555753919,0.46956517252173957,0.46577108117052624,0.44291279352864305,0.4367939894677473,0.4339817689478601,0.3954442101684952,0.33092363826535626,0.32636111919081523,0.2938322284912901,0.23313937429500955,0.28054632943516805,0.4019932760824481,0.5144847723299588,0.6032872252694097,0.6318182770024011
0.6417798819495164,0.6502600244923953,0.6504313021271437,0.6499578751001934,0.6484567338142729,0.6486655495110848,0.6458895216568531,0.6530809743036328,0.6572859139408186,0.6579008790112307,0.650379571885593,0.6364183121077721,0.634022710544318,0.6352985678263249,0.6544618910866281,0.6452989597176917,0.6107253758702429,0.5959557507810248,0.5963731809960721,0.5924406929175982,0.5840932746407913,0.56776465786717,0.5643578020577465,0.5371797160890357,0.5105357428541233,0.5083338206191866,0.4972203483036458,0.4722709214832074,0.4740388412209484,0.4251793108784731,0.3961979154425048,0.385828180970305,0.3881848812007403,0.43065973631446747,0.42846652312297107,0.4195516749244183,0.36483855974873663,0.3597600094621855,0.44884659133696536,0.6986466895352783,0.6940079149626627,-0.5617423451812789,-0.47553525675691516,-0.5644609318689436,-0.3938287258695071,-0.29267455211797616,-0.3766512244341694,-0.34762307086419253,-0.5126721497828136
0.602291176840568,0.5828607365736527,0.583155248002918,0.5719399625137221,0.577393866066259,0.5779539446391799,0.5740581738992858,0.5469838629549107,0.48708167962472493,0.4464976973097241,0.583721424476918,0.6298314650151619,0.5619827368838048,0.5468185673908909,0.5168122356428612,0.515194773358185,0.49096585227717615,0.3565137177446929,0.4016005196313,0.4129426297327904,0.4156347560725236,0.4277926977452102,0.4522240115609242,0.4138956897834363,0.411061961739443,0.4156237593213047,0.3267770150723166,0.2793008379441773,0.29820005594009197,0.29246902197308716,0.23696428180470483,0.24067520349930044,0.2525246132842448,0.1711941750569931,0.2078972033760948,0.2214870235330831,0.2464577487471982,0.23495679572433226,0.2157626988250999,0.1373332515619688,0.25255046988081425,0.40221243001442764,-0.5359633445187414,-0.342499135334012,-0.3710336971704312,-0.5166221610829109,-0.5489949786330426,-0.502426719903694,-0.3497796782725031
0.5257847974970729,0.4870065258069131,0.4886743947040748,0.4857126339079095,0.4941773890204064,0.49507430742414593,0.4938942337444798,0.4583106529757498,0.3933356867304239,0.36083411278504,0.2756364222183103,0.2713320815131557,0.29214788749344983,0.3004319780402378,0.25352219263582715,0.2739064032601098,0.33824120555348025,0.3423030003953255,0.35869080331533526,0.3364001861477783,0.37052502604138227,0.37576842368665087,0.39071944352214105,0.38044205705786494,0.33176297566227947,0.2958953994584688,0.24190109803535903,0.27311618634268325,0.2789632395982223,0.31187930392906543,0.21110806269059423,0.17103180904567983,0.15244927849517623,0.10689547636750965,0.1173033533768993,0.18600295144652704,0.46596999762366464,0.5588621507659008,-0.023371730027671157,-0.1469946188312892,0.696569189367666,0.4269124525588019,-0.6776385263009779,-0.3249396393492457,0.42639419111297455,0.5246438509643934,0.5801947275930089,0.5870115547077273,0.6245792543641766
0.45642442529222915,0.3655976064903061,0.3816779281374774,0.30211842213937173,0.2948725474486586,0.2870353058581804,0.2695077784660367,0.26588945222212473,0.3337055558780001,0.3347382579434709,0.30815805226063786,0.2783550607022853,0.2775659216342396,0.2815828584214624,0.23445569118425555,0.16379668140113005,0.19588326976035664,0.30892245702657906,0.2671517356945135,0.2485830056685884,0.2137922522738011,0.19291425941628695,0.20318426714795243,0.2559448989619306,0.27835996830996607,0.31948727869108867,0.23919398232101666,0.15868747761260218,0.10351745214898714,0.09776711301000249,0.31515849941407137,0.423964473277693,0.501444936075516,0.6802538759644028,0.6108109691960687,0.5210681953376446,0.11686157752958762,0.1915809246777749,0.22648393023353836,0.2742163592844311,0.3395040498412654,0.3545138885036777,0.397279568307311,0.4179857067726762,0.4306786241027521,0.5124398556476505,0.5065622491342949,0.5055770938842257,0.47965440669249243
0.48786593429669384,0.42783494034320413,0.4211630046621742,0.4012636712520542,0.3456983482517825,0.3657067685705241,0.39064508122136155,0.395456693096343,0.40508284464614996,0.40335932413655484,0.39634992143807335,0.30517772972024326,0.2771306804794874,0.2807446275025659,0.31660996126804786,0.3593870223988569,0.3201616279525381,0.3021471342198116,0.27680025841860373,0.24391335598130315,0.15692230703831406,0.11787500145800184,0.10199915608981841,0.23323695343384815,0.3483457877467108,0.6556914526394335,-0.610658363704608,-0.22425697708443076,-0.11084224532921506,-0.108650468597811,-0.20535645695717328,-0.2379023052716802,-0.3091460593022518,-0.4068821398392475,-0.45332827482991706,-0.5239908577092779,0.21332664158442158,0.06129220112100641,0.6299652790937177,0.22059913816948803,0.20544370165932782,0.168046098480669,0.1968963246558116,0.22943260712494853,0.2907107127942011,0.3502110994202008,0.36169376580855706,0.37735744795059695,0.37963690801700506
0.4170979274650561,0.38955999315795325,0.3804237525182537,0.3618316922807064,0.34251099476607244,0.3148312309158943,0.313402969608553,0.3484981382768049,0.36524153575623036,0.3799879297044661,0.389836858713448,0.37879299477147027,0.36297994504224673,0.34832473801228786,0.3290317367251248,0.3597050610106859,0.33261861730333586,0.2719458526723681,0.24730464643061295,0.22713397155105922,0.2043532693923885,0.18550112905890837,0.16955998148129514,0.11351178177104107,0.08754804869037991,0.1301648369115827,0.6461790434627562,-0.5904001446151427,-0.17202477438170066,-0.09345813521367417,-0.4455791117769975,0.09036983026383494,0.28543704178147805,0.3960211929394208,0.4388072837388781,0.4555070120123608,0.4701812459169471,0.4971609350557134,0.5469931601931167,0.5796164119922986,0.6252060689983259,0.641640258813478,0.6187373301199153,0.6021807805617571,0.6168224191556922,0.5879288293806023,0.4545645000152319,0.48208210860935535,0.4999484193371935
0.3761608448265237,0.28880728998880545,0.26481533679228486,0.2532903694429971,0.2056471071821202,0.20015523648228872,0.18499066509665976,0.2204501421990885,0.27861423094999016,0.3439964098312411,0.40213750097814466,0.4034605423990266,0.3926507833935683,0.40431640822852455,0.40330367262427436,0.391059132480353,0.3766925164212018,0.3429133583471194,0.33395624783445,0.30676670053416627,0.27877764062472155,0.26907125262405873,0.25796684377779167,0.2211419407271627,0.2067796189958878,0.2042460585736932,0.24875377285727077,0.29512324376228516,0.35360555440590985,0.3902905581397281,0.5235043062829425,0.5493379261064074,0.571187562041448,0.5812605274066588,0.5747685751338849,0.5758282343723956,0.5831330932391868,0.586054192416017,0.5889591732050322,0.5870200185080728,0.5871711265358299,0.5884303729839047,0.5867386424483705,0.5749367425827981,0.5796275467831058,0.5554540906115529,0.5243616539636632,0.5203647869250039,0.4837163981399294
0.3841116620118913,0.3740759658073772,0.40191494802573335,0.5732875709865878,-0.4294217891528782,-0.5510760555716969,-0.6261776490618586,0.44059879393960627,0.38271280155292065,0.3084727860036219,0.3832305009072451,0.3788356580652468,0.38534432877704566,0.39059123241750976,0.4298435683180215,0.40630132393272417,0.3985596018471483,0.32532011681394135,0.34662103883911044,0.37686779529455705,0.3121279381964716,0.2835501562349938,0.25095033851502674,0.2683609206829357,0.25776337057052223,0.24621743311928276,0.25834807196559617,0.27850031221354565,0.27181265513352604,0.2774446416949885,0.29829765237647304,0.3264040067372466,0.3388079530018207,0.3697870837306653,0.38465961867432164,0.41223389044401,0.4328586280848118,0.4399096939063872,0.44251407383831665,0.45510053464056577,0.4541912724111844,0.4541700388909864,0.43434017218922466,0.41391005449626084,0.4146663034058284,0.4024690343395619,0.3922586163464505,0.4218802068163941,0.4107120184833548
0.35691583068537214,0.2783967618483041,0.2976618730116489,0.3818001801656776,-0.5720756780619204,-0.609439042313281,-0.5399743652314783,0.4340975607849694,0.6124734481968298,0.5246657759889535,0.45217300488252093,0.4417162867933213,0.4221295411827323,0.4135173810556689,0.3632625353814938,0.37580810416157245,0.3822912501463252,0.3856137618940278,0.3730500425639517,0.36281504904464235,0.3286212604831972,0.2799556816932863,0.281835447311137,0.2178361883684392,0.2162822164009118,0.2346064064866309,0.24531764288100055,0.23924873271092367,0.20921478165503815,0.1961939447811565,0.20917116311507228,0.21778669428242917,0.23220352847088363,0.2601052783731695,0.27406052626119204,0.2820778495059399,0.33817730197470564,0.32541649605245504,0.30511992431897167,0.3196966561302421,0.3277122526615113,0.3311623342075828,0.3344965622002806,0.3417154771850542,0.3445804355088448,0.34760066752643276,0.3468222653361846,0.3493037105186705,0.35311792111975937
0.465727818861027,0.4349894597777254,0.40052121447261213,0.40947884000808416,0.39639900252992094,0.43582652512767084,0.45076526043968096,0.458275723537312,0.44592744686241903,0.43031110157990327,0.4138906410112264,0.41449242750365584,0.3967575698686314,0.3881151026657506,0.36719811693163684,0.3604055040281003,0.3512361475489855,0.3537723692304272,0.3564768254287822,0.35249958193631414,0.311449224648511,0.2511903706159769,0.2507202545413235,0.2577270855422668,0.2441290048977574,0.2344186471170461,0.22434990054060594,0.22012471648635973,0.17591591241919402,0.11594845841805569,0.1658975216190856,0.16857153714334971,0.16435239089061232,0.14410993297540356,0.17156269159037968,0.19271221531828384,0.20310111488536328,0.20081058209574443,0.19474251016898064,0.1827983879772195,0.2183027159825151,0.24753928775610093,0.2698290109026349,0.29162878623779676,0.31178472306219535,0.32321553064183195,0.32849617708564544,0.3201470780277933,0.31670572102646305
0.4307218633244943,0.40123157422490824,0.39431965693690485,0.3737907876186566,0.36849455795908237,0.38293248071108993,0.3839874169210436,0.38922361001148337,0.36870194927165717,0.3625399765859808,0.335125834704382,0.32884892535348004,0.3157620695568,0.2788561578192605,0.30686925364702256,0.3185783938719216,0.339369061131613,0.35292743847019314,0.3371261671804105,0.29760655806215675,0.290551053539431,0.3023441395290912,0.29009373271388605,0.2301789392764522,0.229572155925428,0.23585495074062962,0.2432706252347947,0.2314941190230179,0.20999858163311402,0.1844368489670914,0.147236961547645,0.15314035625204278,0.16251187996639424,0.16208554445866907,0.1759969436798724,0.15693825278268667,0.1223017589190152,0.11779515689760102,0.10278274223732997,0.07268917199620913,0.0903516848151425,0.1196445421553579,0.149382765873327,0.16053612169523243,0.16562452630689092,0.22212427053031128,0.2538025983539017,0.2602468270226732,0.2517963299656552
0.3567997304483339,0.3185573600564603,0.28837215353840795,0.2735966569786636,0.2758144646078742,0.2754270945750669,0.28801527618093764,0.2964523026618931,0.2968568873363254,0.30110723397103767,0.29401403219549965,0.29205447053788697,0.2800690988965666,0.26553440170358716,0.2865764726794037,0.2844243772091427,0.28392778806772745,0.2666765930954994,0.250191045603057,0.24395514514020142,0.26812057360250674,0.2620637498195616,0.25421759283363465,0.23814967030880121,0.23668731292723927,0.2343551648643841,0.24980017056905873,0.24314480180078843,0.20818429485933626,0.17986107669347606,0.1592839556503917,0.15583996520059648,0.15257041625335838,0.1277994728121418,0.14345110122258797,0.16188628943687802,0.1784608744342309,0.13721875360138788,0.11004062711975553,0.08231301703416663,0.07174200312687504,0.08170122039757717,0.16277546011635244,0.174049799945782,0.1551749359945281,0.13478996636840168,0.14189808281961566,0.2237380051656372,0.24037407359736895
0.25291258200445477,0.22559098813236342,0.17702566954154955,0.16440880267442895,0.14620984469555823,0.1379849829176006,0.13854974074373252,0.16582173432944822,0.17783503458890054,0.19498718585348887,0.1758607523590376,0.20085140122016162,0.2331470447311369,0.24420942960988704,0.2089981120872118,0.1826761767907742,0.2140159752615135,0.24134335463533405,0.2368850784746578,0.22634270211388977,0.24067534638632548,0.2746623135189073,0.2858586945896634,0.24225246811653628,0.236026319528637,0.23050195221816996,0.2352410328323626,0.22790317434885746,0.22481082843281933,0.2414312606127102,0.2610293479507136,0.2501978095837948,0.23094871898266386,0.2004559462122879,0.1696006623940546,0.16073536497593294,0.26356002595750794,0.28579109095981764,0.2846008204653642,0.2441625056927157,0.37828347382260763,0.33679596830580133,0.48743234769881955,0.6743380251780954,0.6836660235170665,0.5258191218776758,0.15339807677561854,0.665278678492624,-0.0840163748858619
0.2365072406248606,0.14985108468729222,0.11846802170953666,0.12265669022086079,0.1255319849622488,0.12485850462980402,0.09774829424031516,0.05425703082155387,0.06264737545982302,0.06436818010010889,0.07165212689573063,0.12498534879845229,0.14955276187759298,0.15657002024253192,0.1620214466986801,0.1563224015939096,0.1364704834461059,0.130769945602687,0.14968045986585804,0.1591765650062907,0.16893023883385933,0.16825666816578244,0.16622233596464905,0.16143291156015777,0.1579046397084685,0.15975837883899538,0.13397181280595138,0.1698206949353953,0.1995341393990895,0.22545094787807804,0.403249991617412,0.42834184773229655,0.3039511604278225,0.20500639812940558,0.25481298236340894,0.21717513061925603,0.3890663147289985,0.5029144433686348,0.6896633440541994,0.08238961018919007,0.5164630936080951,0.6344855691512059,0.4040006953180056,0.6715506921871279,0.36406327694726826,-0.4577232197985439,-0.7049361942393955,-0.5383624900825269,-0.46609603452477005
-0.578299052463005,-0.7380494179890018,-0.6648129526446672,-0.6977075855805622,-0.6646509741847021,-0.6720545613419227,0.6680391640194479,0.7119758788152897,0.7242397132522647,0.6841873534279999,0.3664319455119862,0.16064568522359804,0.283774534924679,0.24575180861963566,0.13816802070875833,0.32249667041137914,0.2612748079208162,0.29737820573301904,0.11791096853317005,0.39271383031838053,0.4811445005037256,0.5688181261911909,0.6018413929143454,0.6105982138915829,0.3227817165721857,0.07887478106721839,0.23410758666408224,0.20071388506577253,0.14770708731414672,0.11060125128262886,0.3487833378157963,0.3816016217650583,0.3473767488570104,0.614280561856172,0.71391491651987,0.629500927502687,0.6895485304041544,0.5330805032730475,0.30184159757433715,0.3866894173822341,-0.16938308915925113,-0.7088290061956505,-0.345561960251516,-0.7082983010844638,-0.416294105154378,-0.7102869080876265,-0.4761282634774098,-0.2161017523120496,-0.3443588128384578
-0.4086067512545201,-0.3370091642887607,-0.4060286010313893,-0.36392428365669954,-0.2907146214997372,-0.2530705315501034,-0.30173348493073326,-0.2138083797811954,-0.4315973182502846,-0.7525367087628119,-0.7581632851705646,-0.5955005085359152,-0.25253195706629833,-0.692240438891825,-0.7326417665220485,-0.6453722324962717,-0.26941632143679467,-0.4205293755574684,-0.3341315679222883,-0.26205255547783857,-0.1680319330684161,-0.2553851093935584,-0.3882895966062934,-0.3590123939519741,-0.3201971296312433,-0.7109893511097004,0.344322603249146,0.6780864269805451,0.20408493428955005,0.5944030566495518,0.5527785342199075,-0.1945756779706828,-0.7346936725167686,-0.6157523847152955,-0.6423716319812439,-0.5824790358564561,-0.1364946199555017,-0.09968308622809587,-0.1594691782021536,-0.3472411195975065,-0.30472839699536053,-0.14298064888557854,-0.2965277547898704,-0.5206545601412855,-0.6312920139441213,-0.35925076026086755,-0.09962634513765727,-0.16232106724524265,-0.30782837318168677
-0.3155405979776543,-0.30021721285914726,-0.28408711375569495,-0.25049538654024855,-0.219629157957447,-0.19766288908274987,-0.20340337393344174,-0.24497241681168302,-0.2326977987637533,-0.19823517297975346,-0.16629341985121385,-0.15319934992524725,-0.13106426844924046,-0.11014467516282828,-0.09676438467782733,-0.08729503030707139,-0.08105643921895081,-0.08187617786561398,-0.07882702276651318,-0.0790393135932575,-0.07861495291514506,-0.08492636701505768,-0.10331467371196003,-0.13188699984809385,-0.19005603811391739,-0.23344065728669783,-0.28006035628562737,-0.0878116831843053,-0.33104167540015417,-0.6613811373203844,-0.6711546291869377,-0.3546733005037603,-0.26457986154098145,-0.4535534376280924,-0.3127299938221281,-0.24101442181126742,-0.17241216653145827,-0.17604320335224163,-0.08853489252792575,-0.08805729505057847,-0.0970379084158258,-0.1044276739821293,-0.1790230420276518,-0.16277873836957069,-0.17508446699747607,-0.26698544911494,-0.28159414035891506,-0.2699226429178827,-0.2546383856457183
-0.4279324808942704,-0.3545324055298388,-0.29820011789753564,-0.2789781487826614,-0.32121810342049323,-0.31843665443971786,-0.30806100689153126,-0.277609583337148,-0.25281218677538686,-0.23946145170327263,-0.2097145139219164,-0.19469144623097911,-0.1965126927753479,-0.1754456795280559,-0.11313375491002896,-0.08523506948578241,-0.07555468579469159,-0.11773612028455181,-0.1318092185731339,-0.14836472688008612,-0.16088312135232594,-0.1552703492990082,-0.15192755627879626,-0.15608902816373602,-0.1461956658946118,-0.14298726659778344,-0.13502941980091385,-0.1417602435151324,-0.15254350121124255,-0.16153034910484793,-0.17572156640871456,-0.17153244706625922,-0.16718708809831992,-0.17170036440093311,-0.19403521089953946,-0.21433590521852866,-0.2431990576532915,-0.2523898764715208,-0.2506911393941695,-0.23724723330353123,-0.23758182079386725,-0.24468905623966755,-0.23938615402405825,-0.2343203126695001,-0.23647567443882714,-0.2633248770942899,-0.2973212663331175,-0.33571865929087685,-0.3742114832011513
-0.4826182924679223,-0.4971367922263331,-0.4701034598587973,-0.4221091053168707,-0.384271407955144,-0.3649257057300929,-0.3336491828830958,-0.3056814155291212,-0.2877469821233108,-0.2624224443048541,-0.21128563858624894,-0.22099866250661404,-0.2187472704806236,-0.21745301725195043,-0.22292081309539988,-0.20969639409591811,-0.1891894281036956,-0.1883034900956288,-0.20584425913095533,-0.22555252229812708,-0.26591158766174416,-0.25214555097860336,-0.24479762346783832,-0.2405588121193979,-0.24253299898342767,-0.23238287282974682,-0.1840190943199518,-0.17452667334873265,-0.19284311255058087,-0.21467003939682333,-0.25420579233095725,-0.26513123799587257,-0.2665852179855786,-0.29832903994117393,-0.3092653202533171,-0.31658257010164736,-0.3353417287558698,-0.3437671608680837,-0.34823004020526466,-0.34636859103275097,-0.3544364498090901,-0.35567855776089424,-0.3610090054846805,-0.3710996200370924,1.6860251357518543e+38,0,0,0,0
-0.47847702829303357,-0.4320262584521287,-0.41490068693330273,-0.39166289987183683,-0.28218409608010897,-0.24696663033524877,-0.2861302891493085,-0.3648313945334513,-0.38254686679470756,-0.37315752044716216,-0.35333916324286735,-0.3485121463921488,-0.33900548965002625,-0.32320175478744223,-0.2846078508820826,-0.28672797498594216,-0.2892614338310754,-0.29454765715914577,-0.29220444866977213,-0.2861493465084177,-0.26571364496895405,-0.261494885075676,-0.2831499591105574,-0.3482707866418452,-0.37542641305417856,-0.3772929238494737,-0.3346095265197538,-0.3313587639914804,-0.3245039956224335,-0.3296770196275443,-0.3523275976046421,-0.3567116751690266,-0.35767380275456473,-0.36836592108210836,-0.37778593367745456,-0.38949821559191167,-0.4268227123410988,-0.4401013884728909,-0.4412128481277162,-0.7760333912222853,0,0,0,0,0,0,0,0,0
