jsons/1312732800.json
{"header": {"parameterUnit": "m", "parameterNumber": 2, "dx": 0.1, "dy": 0.5, "parameterNumberName": "Eastward wave", "la1": 40.97354507446295, "la2": 16.46031188964855, "parameterCategory": 2, "lo2": 133.9931640625001, "nx": 191, "ny": 50, "refTime": "2011-08-05 8:00:00", "lo1": 114.97908020019554}, "data":
[rows 22 to 43 of 50, columns 98 to 146 of 191]
0.737292228288858,0.9761210550302836,1.155145841206538,1.3737769515248806,1.624368356791465,1.6796690924851916,1.729606498568254,1.7822447208417558,1.8210870972993203,1.8767270026089913,1.9004467145972663,1.8972259531974807,1.9143606964816422,1.908662429148178,1.9386726471561757,1.9654957374383233,1.9649248254100011,1.984709845398946,2.0028025931773583,2.003028853035078,2.0194613625870863,2.018934921678427,2.0166841670417015,2.0288696910027832,2.0230849659033403,2.0278456665438935,2.019692508465379,2.0192575020056593,2.014846995489739,2.0058357102244897,2.0060743444177027,2.0186918322125744,2.0017508213739506,1.9897107838595305,1.9771191811747564,1.9574482184712247,1.9476868640392044,1.9278841141179999,1.926769406000311,1.9236921340416409,1.9072118775206417,1.8762868760087066,1.8840148392590952,1.8704112953248755,1.8497574154072733,1.8544979223997355,1.8443514310014564,1.8131489329686021,1.8140826532392123
0.5254213610441257,0.6234769611792756,0.8289171136863098,0.974335322137158,1.2986347365578637,1.3689930409759938,1.4960239179735442,1.5990372749993782,1.662385179629182,1.7010975841639067,1.7571278412342506,1.765489449187026,1.7810113575886157,1.8152698179754072,1.8370511156457445,1.850920702345226,1.8530078050077037,1.8690983873041227,1.8752475663719321,1.8881727146912233,1.9020743985846025,1.9070384989657232,1.9179143085827144,1.929335451721102,1.8904142170523028,1.9262352481413514,1.9328972744188162,1.9341514840215022,1.9576348774400394,1.9489268840850937,1.9400941551269304,1.932323706068065,1.9290226441497995,1.9105732611725788,1.8809302748653813,1.8749044277200644,1.8523491549069933,1.8223833109378031,1.8171395230450056,1.8151392143951877,1.8068100270124423,1.7770004794762695,1.775949372560306,1.763904929427125,1.734469669786686,1.7373818700871146,1.7336083998803726,1.704801699183164,1.7020995379066313
1.659366957981579,0.33690229890499007,0.4912681909717271,0.5641623599200939,0.8242560232106103,0.894664311677276,1.0250369151051009,1.2153781073069554,1.293355427195138,1.3439404719751324,1.4537182361668508,1.4997085582031897,1.5554330831113858,1.5721530970945856,1.587704479096736,1.62042089813339,1.6562387025353165,1.6586009369030668,1.6890957495575203,1.6858276331043953,1.6707082710411598,1.660822218360833,1.6628698716985142,1.6645349601111914,1.6819189616845938,1.7063110668768893,1.7284247149610061,1.7545364229140983,1.7782598915036254,1.7676210431523263,1.7574333206110784,1.7411402702195087,1.7452010501993591,1.72435734082702,1.7301393433477084,1.7335041768202701,1.7135508921901252,1.6672796312548155,1.6383691086364687,1.6012496227739879,1.5813377938582098,1.5155426395400216,1.4772732932283528,1.472213569007074,1.442862563567095,1.4292587421980272,1.46780444128965,1.447314403470679,1.4867950380757664
-0.49557294618026193,-0.6534266943509311,1.1463209790025473,1.6773357643945346,0.7613317689650138,0.6773838780734964,0.64170237137883,0.7811017048082936,0.877667624036732,0.9251516909547483,1.1078048139034817,1.1630358231323792,1.1558989607013719,1.2457764491789733,1.2898728347392685,1.4080616492758438,1.3945439618063582,1.4107501343927185,1.407044796686626,1.4115460580818788,1.4338744746906193,1.4403802794381333,1.4397872741313078,1.4545328620953755,1.4737484772299503,1.5314494298733228,1.5070455827475622,1.5077685996530035,1.5106712458603324,1.5136169787414449,1.508009915218965,1.495651407797507,1.5002103768200448,1.4582089841893369,1.473034020118771,1.4853982510461927,1.5237176839046038,1.4883712426332754,1.462971478227862,1.4282014965513308,1.3991232422553213,1.339873014447993,1.1638602788568813,1.3929812517123186,1.8785189146563748,-0.16759928000682206,-1.5164607873814233,-1.082248955627945,-0.5915091956748537
-0.3039634605289681,-0.6140984405397534,-1.2174222713147507,-0.17639937032889888,0.24244517543213373,1.6167694763160871,1.6837922378989858,0.582171132393685,0.5812757329975375,0.37056658107101553,0.5247353102834655,0.5917494239757645,0.6602265770617922,0.7052461252588572,0.8719965222722955,0.9300883537745077,1.000457012614933,1.0800078320736832,1.1346098594071365,1.148811515020145,1.2089943487317862,1.2300755022523124,1.2467410175867266,1.267723002198066,1.299975628358754,1.3078787350411072,1.2795093856543924,1.280310065190347,1.2898898559904424,1.2918211349045523,1.2649435325630207,1.2521134208963596,1.2494245108899102,1.2098200144204785,1.2090366725563846,1.1984196112965229,1.183059438943172,1.1393201491733118,1.0859488651256535,1.0214118876644978,1.066988898974363,1.0387536858168245,1.2221982454604952,1.240331230161534,1.3355859951686948,1.4651526779987476,1.501000583237277,1.4776476934928255,1.5191027115565336
-0.42420197933556525,-0.36181962222050346,-0.34172687559156995,-0.307097569401325,-0.2418654971663521,-0.8590435155650336,-1.4227309727604953,-1.6758030612040242,1.6539272414239812,1.313388717919151,0.5236033063401385,0.29237776317359676,0.38944348276623153,0.4769851039056272,0.609860124668752,0.6644774724140787,0.7051663048285741,0.8681718685410854,0.8564687506534022,0.8979629551600086,0.9231904914428638,0.9680288672356879,0.9612772541186326,0.957551944181177,0.9698356974279001,0.962972720165349,0.9847878368095104,0.9625634889431008,0.9678801197892464,0.9590647210072019,0.9504128230591745,0.9486157039696366,0.9774246981365932,0.9837457421086325,0.9687318544070188,0.9592700108842752,0.9461549764983344,0.9524993885086313,0.9565163694108058,0.9982588006160882,1.0156517080581282,1.0516434371989425,1.1178032965530282,1.135902296170282,1.1664539842472625,1.210429335437226,1.226447225288293,1.2324781293263964,1.254379605845355
-0.5632812734490701,-0.4491828938116903,-0.4301882484959615,-0.41407963539231735,-0.3349283983292517,-0.5566756168974868,-0.5801523607092711,-1.3554867551794587,-1.146310335717299,-1.7817594689775884,0.5546829635085856,0.8785012557367163,0.5737622531536279,0.2503144343269776,0.3683530186628175,0.3950111129773395,0.47702709053919656,0.5646959690745988,0.634254219964542,0.6375609705945562,0.6444754415592573,0.6344541403446186,0.6311209127934087,0.56186052636322,0.5239118629766915,0.5344778416665442,0.5454185962219261,0.5407515982213797,0.5195912466124354,0.4514525228402722,0.3726389762608007,0.9105485142891389,1.444247861300442,1.744980847620999,1.9386405401222138,1.9123359477845658,0.8261189151821035,0.4683086570993184,0.5251014665502208,0.6144721790529151,0.6429128091904691,0.6863442430746243,0.7247267590096028,0.7483351130324785,0.7807650850989553,0.8789108828475285,0.9128860315127614,0.9262520913199422,0.9303014358892913
-0.5932488288258451,-0.5094196897669775,-0.4867960716597616,-0.4576783527183469,-0.42207046501367906,-0.3635536493172453,-0.3481479097572446,-0.30883553024116583,-0.5260788650560023,-0.5939910928681243,-0.21398389259171935,-1.8041876058823725,-0.4045767429712205,1.65359308505748,0.4937566373237222,0.15650846275427185,0.19136047924342348,0.26317756695456473,0.2858893844536431,0.2920452825549168,0.31119066121607464,0.3114210979825071,0.3043801767356183,0.3068945363130348,0.2878553679647168,0.25955448631889444,0.39108310228168663,1.2844966722480282,0.5101280219896931,-1.2008899452992243,-1.5151495037036427,0.41875365434763534,0.8947499607567589,1.1065499331127657,1.174192857989065,1.2163658230950405,1.2548436095303084,1.318954038411757,1.3539418220155022,1.3434138536695985,1.3912600852322132,1.4460721047065954,1.3333428158357592,1.260964532719462,1.261535468040472,1.212986071231359,1.1954572306626863,1.1929624973807302,1.1768535089215153
-0.63781505265312,-0.5735121633217816,-0.5371484893717234,-0.5149464863522055,-0.5271169984707588,-0.4508368984882859,-0.4271702918827024,-0.3388548472714833,-0.30901553578040936,-0.2688946684511951,-0.19795104839856922,-0.17535319106509384,-0.13390518653597158,-0.3633271065825101,-1.2021206533990718,-0.11297863078252876,-0.7757022928060924,1.6980429803955783,1.166837391447267,0.47597934750133836,0.1672591702408558,0.1780320886186669,0.1821566186249835,0.23689015739711353,0.23369904593994337,0.2583288035462654,0.21584219111951694,0.20927608432331377,0.2964175524172354,0.349891979051546,0.6325309777858538,0.816762823072974,1.037289010895763,1.2966610483628631,1.2437052247012519,1.2436265429715645,1.2905443499542963,1.259160057238472,1.2867533925055976,1.2760721102610006,1.2896297240009127,1.2755393077596773,1.2757558439955559,1.2592394054922664,1.2599006880806065,1.2628687625381254,1.274540214548964,1.2712971336306544,1.2588833656179044
-0.7545643502227818,-0.718335547306523,-0.6752984182384981,-0.6586819133943201,-0.5794143360663615,-0.5613268029809075,-0.5466743441009038,-0.4614698621213561,-0.4279631021784183,-0.3933164561791911,-0.2901462707329315,-0.2890535650225253,-0.27077646741786443,-0.25806201552152136,-0.22049733804976224,-0.18006498917726035,-0.1501440464252625,-0.06044656850896428,-0.07091122386071179,-0.6338722134975342,-1.2248589115386797,-1.6512843103398849,-1.7216627743015331,1.3117492647643376,1.0573300186528511,1.1644761485433979,0.8185765309846756,0.4140274502969741,0.07025652143690858,0.06724369940010101,0.08819177480061613,0.08668640950883222,0.11315748694660517,0.4287617348252172,0.4672215960776714,0.2756991311167845,0.340108873603134,0.41694980968356765,0.47033836786030436,0.5910717659886195,0.6385334256048467,0.618298240941241,0.7518675892226545,0.7622763280182616,0.7948450663613218,0.8995314509428335,0.8910545974434625,0.9193729520999109,0.918011182162656
-0.9445105330387211,-0.8435844399824767,-0.8079829638657189,-0.7958911537858769,-1.003427532189298,-1.1868761060876878,-1.4199132020744443,-0.9410715267089281,-0.7959019959650775,-0.6585195435845836,-0.5443067641076057,-0.4911550904959859,-0.4436055256686795,-0.4211895624660799,-0.3712118277090173,-0.3558772406909612,-0.34330763107125734,-0.3025322711456706,-0.2907067281703741,-0.26124425282641106,-0.18652299425759605,-0.16461708881528836,-0.13689619350759163,-0.11130681318232358,-0.23894770844274887,-0.48585927169362203,-1.1896984441551017,-1.7326191629243815,0.27759704312027367,1.4678532635305692,-1.3591475229856742,-1.084658092147621,-0.8082729090254326,-0.33667234831687826,-0.300927036953737,-0.5829527842620528,-1.8271707778093886,1.4020470215055492,0.341764891333581,0.7615743248490779,0.37746251926710256,0.17402255161270563,0.24530367505899162,0.29170429216431837,0.30711244208732835,0.3645479938832596,0.39582605680083316,0.42087743499931835,0.43903156778559366
-1.256414605475605,-1.0540215447618908,-0.9736184670540395,-0.8853835711614865,-0.7947490538278909,-1.0742496667854486,-0.9319850147480288,-0.6137321056293198,-0.48664689361357505,-0.544168568485173,-0.5789198836054134,-0.5827778957077472,-0.5738534110481466,-0.5660230518047012,-0.5171096002304729,-0.49641651489126454,-0.46615368602903945,-0.3935254839482388,-0.3655679745368898,-0.34286078772715184,-0.2783165087668254,-0.22544774986292793,-0.21880815790979935,-0.21619835408663782,-0.21424919952380755,-0.21924977853955602,-0.2400220939256203,-0.23971532864570355,-0.214503132522976,-0.21502262543036577,-0.174217148562076,-0.1668637699531708,-0.16016281829499618,-0.17517015324632587,-0.14256635762873215,-0.1123474203281176,-0.3341974055278335,-0.6745785167341593,-1.5237034344108076,-1.6456052608370604,0.8366437564508541,1.401628869664346,0.7279988923496048,0.7203470983097124,0.2617699381891016,0.14945258198130784,0.20080275557870342,0.2243543122645364,0.2348140656780159
-1.4179559343616324,-1.3224263841153587,-1.2733739108494768,-1.192223427988686,-1.0443550741537864,-0.9490399679863702,-0.8745542920036785,-0.762598607180197,-0.6885624232710569,-0.6786138570705601,-0.6666154417896253,-0.6682241492893678,-0.6615238188843326,-0.6438136772418039,-0.6355599923396895,-0.6202867108679729,-0.6200756880834015,-0.550362035912146,-0.5228315159690977,-0.5186287410703874,-0.4762285432245394,-0.4379945773805505,-0.4234293767848992,-0.35853555642942836,-0.350546663740731,-0.3456755973109324,-0.30382804704275157,-0.29672076405215936,-0.2792250397298799,-0.2547839576768029,-0.207991559092984,-0.1660624706198697,-0.13929307739881494,-0.12169333829200492,-0.10284171986194904,-0.10392198870860984,-0.10054321840201648,-0.2912867429509403,-0.4756819636644179,-1.2773217358653746,-1.7093023417498978,-0.06708586306483759,0.7063848721530445,1.676652340748476,1.1136764330769395,0.7431628352652353,0.2407307195525262,0.16605781702843322,0.13439124489985954
-1.3922674023293227,-1.355394979989721,-1.329232466561469,-1.2876269073594684,-1.2136494686783228,-1.1630179840127484,-1.0880709021336616,-0.9822939221536707,-0.939410624793786,-0.8813114783113868,-0.81144864786043,-0.7852931734733436,-0.7541231417549347,-0.7466439300294435,-0.7032038963233421,-0.689989448619012,-0.6845481434719588,-0.6255523093878509,-0.583862408153771,-0.5692460872794395,-0.5476288419459198,-0.5145044779842857,-0.4843165684422033,-0.4344619609622599,-0.39899681679493804,-0.39964446959705624,-0.37415717883465854,-0.3617489186119182,-0.3179531415404521,-0.28621391744285174,-0.23233370364628014,-0.217247149477042,-0.19840511684971676,-0.14903685371000108,-0.1482955730238218,-0.14068256189944892,-0.12677628706746757,-0.10571524733624599,-0.09331758667078728,-0.06262699920634586,-0.22697290428696498,-0.5351512458272768,-0.5768623296431498,-0.3770882774787779,-1.577075804583551,1.5954306151961273,1.6417479909972605,1.6398853988450195,1.5916179631934846
-1.3693861138501133,-1.3567721306902754,-1.3389559405632616,-1.3303600927650492,-1.309626070438531,-1.268130210006624,-1.2399539067532446,-1.1302693125846643,-1.0785876550063402,-1.0168084604467904,-0.9590231818818896,-0.9219969441340143,-0.8968966315455268,-0.8940926356364144,-0.8044856010533007,-0.7891547990866672,-0.7637898245804046,-0.7066960707847884,-0.6871480910832267,-0.6594583147453565,-0.6139778816461972,-0.5734322601493634,-0.5638373311611232,-0.5384556166396637,-0.5046895382347636,-0.47160770822595016,-0.44288784576675694,-0.4090581607236631,-0.39844503539430576,-0.37079129894657054,-0.32085093027982126,-0.2982302440839464,-0.2646792014757999,-0.2345714654134601,-0.22042992574877038,-0.21917781281413745,-0.18696571336115186,-0.17342956465009732,-0.1550106878173227,-0.13234129355011803,-0.12332661535937559,-0.10350671587741253,-0.3815795457921873,-0.4826151780319843,-0.5497230620578942,-0.34201948788011605,-0.10224422711640634,-0.5334089000389273,-0.5919449682041126
-1.4832732830188584,-1.4440914912938885,-1.417563159380183,-1.3781022196673225,-1.348720905859244,-1.3208946321335284,-1.2963057035758883,-1.2311127791089231,-1.2078792889140435,-1.1399666712176444,-1.0760235685552795,-1.0218898349746555,-0.9772778355287481,-0.9558524129270535,-0.9179325039766818,-0.8897056364594516,-0.8502713195206002,-0.8242875833598083,-0.7938519312021683,-0.7771209689701654,-0.7380718320411274,-0.7017910230356751,-0.6732169437251352,-0.615618037852797,-0.5969541947081151,-0.5758404825994421,-0.5361707649653532,-0.5160082950980623,-0.4858556795377267,-0.4573914715492762,-0.3562145725407997,-0.3460307875385976,-0.3319623592167862,-0.2989621191962285,-0.26857064916978624,-0.24345030417247074,-0.258802166937114,-0.2567385581033184,-0.2492140068199228,-0.2387824861623921,-0.23681178718734464,-0.2349674959685512,-0.23095317704106905,-0.22017538335376055,-0.213298065627184,-0.1879688275372003,-0.17171938593720124,-0.15793417633464324,-0.15601483743466413
-1.5574867570620672,-1.5167077012462187,-1.4946675594666825,-1.474937883056916,-1.4118923642733092,-1.3987710635462278,-1.36976275102293,-1.330712121682907,-1.2877991070575248,-1.2613061293693837,-1.1965168105906598,-1.1758991898676572,-1.1472194156316728,-1.10720405498237,-1.077716022333276,-1.0414058422583237,-1.0118853519662394,-0.9910546107265982,-0.9757086196243194,-0.9462143703091949,-0.8828343123052328,-0.8505639397832082,-0.811426475208454,-0.7552583101053342,-0.7108502327286704,-0.691596942813519,-0.6378735931228982,-0.6030954686390017,-0.5834577543809177,-0.5746416797801536,-0.5088202251617341,-0.4680768714166024,-0.43733188261166017,-0.42464120513331627,-0.41481584787974146,-0.4033548803942297,-0.3841275549043142,-0.3659241178535962,-0.3621430661135395,-0.33733826442590664,-0.3227029705213141,-0.304446536268138,-0.28962658310055645,-0.29155236741257706,-0.2885507600361138,-0.2698452542092245,-0.2608690231976501,-0.2574288161589006,-0.2584099884074864
-1.6335971218355914,-1.6146226405762358,-1.5786147511881305,-1.5534593388229314,-1.5103681512385374,-1.492000491963868,-1.4828019939321075,-1.4725575763054999,-1.4549976698871159,-1.4054499356851504,-1.3477338341271836,-1.3178822548833011,-1.2964359952601585,-1.263230154669904,-1.2032882072807802,-1.159538216795567,-1.1350661434811764,-1.094184827291685,-1.0686351902563174,-1.0489843418679226,-1.0049137559296686,-0.9808627658335075,-0.9396197266956902,-0.8453896139599483,-0.8281368758490799,-0.8212612516651301,-0.7733726253604931,-0.7422249169170761,-0.7298297483861039,-0.7171776165046451,-0.673845157454831,-0.6444740148023999,-0.6328066225860759,-0.6102949733624377,-0.5843967876370268,-0.5414549752046013,-0.4462322241468875,-0.4396888910604085,-0.45673745296178553,-0.44739261032236666,-0.4309627451002371,-0.4243387365035202,-0.4176890945744892,-0.40435315871029487,-0.3889502847367617,-0.38194376280796205,-0.37821237901011073,-0.37963683841565576,-0.3850526574879378
-1.709271901719313,-1.6542188832614624,-1.6532990064542863,-1.6282067296809326,-1.5934913709048084,-1.578349038834941,-1.573521944583978,-1.5438001405927195,-1.521423331809011,-1.4766582647557727,-1.44316357146287,-1.4003131486546774,-1.3440621676490503,-1.309368414923511,-1.2747504860394754,-1.2186063785731975,-1.1757310762171875,-1.1348657994442735,-1.1058962650240518,-1.0742397744202123,-1.0450289297291557,-1.0328388246272189,-1.0014647318555003,-0.976284962351368,-0.9582822311169753,-0.9313610886665287,-0.8581427462476564,-0.8413444925477442,-0.8367881985458413,-0.8168815085023966,-0.777370913449961,-0.7709604515195289,-0.7672961695267662,-0.7084281956875468,-0.6774882202831535,-0.6606897355165375,-0.6367093520592902,-0.6214909692770133,-0.6041772571165047,-0.5813844976479016,-0.5699935680358064,-0.5617064659194786,-0.5070838223382995,-0.4960028472401679,-0.49339595299805805,-0.5416541425224489,-0.547782693760359,-0.5521932521842885,-0.5518826463840399
-1.7630299445760687,-1.719135556312801,-1.6954614173490825,-1.6905642016117282,-1.6465612129822966,-1.6234755925022235,-1.6086311717173827,-1.5677547994336596,-1.5440730599350727,-1.5369813103188734,-1.4661412183287397,-1.4105874268397292,-1.3930824398214894,-1.3776087169328288,-1.2876682925040002,-1.2391515572141731,-1.2160648749975929,-1.209674829616713,-1.186781769522928,-1.175506081477293,-1.1358910237556377,-1.1144444371587807,-1.1038077332744698,-1.0660128471561319,-1.0049250645684102,-0.9507293503001568,-0.8968844314836221,-0.9175652779848836,-0.9027964664830482,-0.8892952220200143,-0.859412904988313,-0.8485223721503314,-0.8290295994184838,-0.8118814355486406,-0.8039449718977065,-0.8024603860842949,-0.7613237742313957,-0.7435745535786131,-0.7462588246487476,-0.7366213116487461,-0.719779287978307,-0.7115534632658118,-0.71854960587395,-0.7272972297792805,-0.7303863185510964,-0.7728426380406102,-0.8250302654745441,-0.8810719343778254,-0.9460257817178068
-1.7737839302781506,-1.7484330693799834,-1.7307835524485677,-1.6979117570315267,-1.652844993871728,-1.6424372298461922,-1.6205368318883568,-1.5975148992634713,-1.5897206145041045,-1.5729249614412528,-1.5725120526049077,-1.5316765350117543,-1.4952497800860856,-1.4677595270066397,-1.4223186875285112,-1.3849958775892792,-1.3280328944773123,-1.2951885798891944,-1.2912400398246124,-1.277090404331419,-1.2800808643104271,-1.264690098907729,-1.227139625612906,-1.1992388282435862,-1.1845125323110621,-1.170523792463968,-1.1434694876009717,-1.1340910621269205,-1.1195022259410474,-1.0848955701938297,-1.0871930227757063,-1.0895809046679958,-1.0643125655453956,-1.0166817615931145,-0.9963650211638791,-0.9787045210909352,-0.9716588057471716,-0.9578858356973673,-0.9508006807241809,-0.9527399494131044,-0.9600717661779813,-0.9520628053311531,-0.9670828721739684,-0.9913146538263565,1.9253993206077998e+38,0,0,0,0
-1.8016875551023037,-1.7787256339321889,-1.7702137055606886,-1.7498076177343544,-1.7124831732495578,-1.6884169616234739,-1.6802192559538631,-1.6578059629512776,-1.6612987322231498,-1.6578966364857128,-1.6216843823593987,-1.6182001635232368,-1.590847637062779,-1.5644001504142133,-1.5075178766727462,-1.5044294495329966,-1.4746141816603666,-1.4371290816460947,-1.4082017795358994,-1.3932642226603773,-1.3499914949794036,-1.3400729414209793,-1.335761764719276,-1.3239681538585808,-1.3199593455794698,-1.3078167345741358,-1.2586900508675813,-1.2554682696827018,-1.2503173827158818,-1.2358126510261602,-1.2135965930771886,-1.1878650879958097,-1.1764086759373105,-1.1861746940367355,-1.1783886670594201,-1.1799689789409682,-1.214633187210445,-1.2155831143448315,-1.2090760993638963,-1.8145418171763057,0,0,0,0,0,0,0,0,0
