jsons/1312570800.json
{"header": {"parameterUnit": "m", "parameterNumber": 3, "dx": 0.1, "dy": 0.5, "parameterNumberName": "Northward wave", "la1": 40.97354507446295, "la2": 16.46031188964855, "parameterCategory": 2, "lo2": 133.9931640625001, "nx": 191, "ny": 50, "refTime": "2011-08-05 8:00:00", "lo1": 114.97908020019554}, "data":
[rows 0 to 21 of 50, columns 50 to 99 of 191]
0,0,0,0,0,0,0,0,0,0,0,0,0,0,0,0,0,0,0,0,0,0,0,0,0,0,0,0,0,0,0,0,0,0,0,0,0,0,0,0,0,0,0,0,0,0,0,0,0,0
0,0,0,0,0,0,0,-0.0012373762508491115,-0.00045556417648311387,-6.093267063392603e-05,0.00023067202273257013,0.0006563983945266628,0.0006554221627995157,0.0007162713725048034,0.0006935366038316683,0.0006565293242532847,0.0005207175754264032,0.0005050566134251426,0.0004559650960352731,0.0003324050656976762,0.00026795450050525545,0.00026230358551910605,0.00021609904019527287,0,0,0,0,0,0,0,0,0,0,0,0,0,0,0,0,0,0,0,0,0,0,0,0,0,0,0
-0.020843442339725942,-0.01700742262404865,-0.01457441463262041,-0.010138026419075494,-0.008255580454320026,-0.006422650187564393,-0.003914695964123551,-0.003402605032013703,-0.0016513718902274163,-0.000768338089217031,-7.615769336062388e-05,0.0005924214528376429,0.0006922154321831464,0.0007019184232780393,0.0007433331002713121,0.0006708971022532401,0.000647729824050873,0.0005986259923298336,0.0005313022399740462,0,0,0,0,0,0,0,0,0,0,0,0,0,0,0,0,0,0,0,0,0,0,0,0,0,0,0,0,0,0,0
-0.03758783560105549,-0.035395373188778,-0.033513024081656934,-0.029170784338161615,-0.024876540514784384,-0.02279615716387552,-0.01558911839972782,-0.012096538834256067,-0.009065824748502408,-0.005216112065849824,-0.0021079952640393105,0.0007081443895125673,0.0005561769534484938,0.0005513024463026951,-0.0004616191512904868,-0.00037976452272572614,-0.00014781498700718767,0,0,0,0,0,0,0,0,1.2925882048685358e+38,-0.05176209766473552,-0.04926648392024969,-0.04766537136607467,-0.0449118006133249,-0.04130340313563188,-0.03639701893723668,-0.03433526989503482,-0.02914144655903629,-0.02525839649481085,-0.023833103148720013,-0.019253734517062502,-0.017876165253866535,-0.014668760189520928,-0.010935820388333137,-0.007915527437948365,-0.006325783847614803,-0.003717958366388685,0.0010290797842341583,0.0036065655921946388,0.005829196951137125,0.010602525998221785,0.01146589614359435,0.012358749388430068,0.013933258095764775
-0.04693634700107714,-0.04677629204830411,-0.04772284847037338,-0.04965651614384966,-0.048201601617826224,-0.04871354132654939,-0.049012440493117454,-0.04942345448650944,-0.04625937416128294,-0.029394925213912633,-0.023928075096318193,0.0006562539129660387,-0.009609257728989752,-0.008756248011206176,-0.011275782199672959,-0.029443425129882447,-0.07456823912773168,-0.08593942739695756,-0.06910431175689312,0.03519317706689546,-0.07909300098807993,-0.07796627898315554,-0.07874759060054266,-0.07827513742856541,-0.07245135041776467,-0.07099683490066727,-0.06839817453664153,-0.06528854340958258,-0.06245942561469611,-0.0614199792369107,-0.056215149299666665,-0.054142590127637516,-0.049323422029315465,-0.04412317825329667,-0.040522624380654904,-0.036385568776462346,-0.030480112807366632,-0.0275076154672548,-0.024563845074762582,-0.02005352004050402,-0.01754111220689423,-0.015285327822789659,-0.011750789857661089,-0.007850827725186613,-0.0035323073956275474,-0.0018780012738489095,0.0068413112856801905,0.009873994798750374,0.011733017209889698,0.01734491715148207
-0.04428574533403156,-0.044226256432986416,-0.04560684721230352,-0.04760886370303493,-0.04865366361877818,-0.05017535599956558,-0.05311159463179655,-0.054979015234948185,-0.05503362915563609,-0.05873034601664277,-0.06056381814070149,-0.06099844152721433,-0.06636349173340213,-0.0689945141333036,-0.06820110733363809,-0.07343787270860605,-0.07942627405801375,-0.08257942464590871,-0.08008307910657923,-0.0896113241660595,-0.08531406587009165,-0.08679966343702553,-0.09084308877965568,-0.09003150871730409,-0.08645517622128825,-0.08569120716188572,-0.08416516979488804,-0.08041499671494383,-0.07916362106878773,-0.07872540843769503,-0.07349513072574032,-0.07209557895146367,-0.06835826507143133,-0.06487831332711758,-0.06182236717752635,-0.05721233176501087,-0.047889701116815286,-0.04294629481387647,-0.03920078728338956,-0.031508110109454285,-0.028056296766081887,-0.02417015823285094,-0.020933744202973108,-0.016562501172862627,-0.01265508918682132,-0.008667506202277754,0.006182603434240505,0.012059728201713128,0.015329222178929553,0.02445141901849024
-0.027626426467886205,-0.028860208565628945,-0.02992369811159204,-0.03171649838943213,-0.03366540686702666,-0.03388365100931075,-0.03607519391552241,-0.038116391521777204,-0.03999452510511109,-0.042565948181451645,-0.0445628826003221,-0.04688211899929957,-0.05133170714435602,-0.05209245441876149,-0.05572773419214401,-0.059644085991705446,-0.0650625224771178,-0.06808322629973435,-0.07188511717992212,-0.08600989508430167,-0.08076335015096003,-0.08847814042692251,-0.1019431896004725,-0.10355283973042037,-0.09448854667247762,-0.10242616882676589,-0.10206947821060577,-0.0973403197389873,-0.09627786636287541,-0.0963369541456043,-0.09234447184313956,-0.09172343791355539,-0.0900401936269485,-0.0861984571990967,-0.08261697571209274,-0.0795485449338059,-0.07341582165342359,-0.0700623910019829,-0.06392005960358467,-0.05476359799209,-0.05166611658815447,-0.04540834775663899,-0.041945357721814694,-0.0330118593661812,-0.027261564790802915,-0.022864920730924224,-0.01564215602654988,-0.010639423958812563,-0.00611161446635781,0.00020670141781705195
-0.0017197621338260576,1.735453417558041e+38,0,0,0,0,0,0,0,0,0,0,0,0,0,0,-0.02098887098059828,-0.015981028542456466,-0.015337906286048841,2.298119677945604e+38,0,0,0,-0.04877451362912508,-0.08764915770142188,-0.12542790026024708,-0.1267443503671288,-0.11454034292065551,-0.11330062297674404,-0.11151944599439995,-0.10910329602453638,-0.10968067780246586,-0.10856584594868852,-0.10528686336424702,-0.10297587934333591,-0.10284972122186932,-0.09875674186214753,-0.09656055501889088,-0.09403787659890694,-0.08743021270847828,-0.08453995270005317,-0.08107802764392281,-0.0786496077687733,-0.06320572795625341,-0.05813225253864516,-0.053599310032003286,-0.04484795656013941,-0.04030204611035704,-0.03853625851582016,-0.026906513737756592
0,0,0,0,0,0,0,0,0,0,0,0,0,0,0,0,0,0,0,0,0,1.6611458236530411e+38,1.6561433410009728e+38,0,0,0,-0.13436355622215024,-0.1360225256383609,-0.1365962936592234,-0.13787336666248476,-0.13258389627610595,-0.13472864414774866,-0.1340704706950944,-0.1310648924474515,-0.13144211819750018,-0.1308698348216314,-0.12713413420040667,-0.12827489082075197,-0.1274688041701996,-0.12546357517390996,-0.12282810222077917,-0.12023574996232207,-0.11692615136983209,-0.11407168981770555,-0.10646783099532296,-0.10299445023751201,-0.09602318806566858,-0.08973604791952901,-0.0861532649590939,-0.0830998869973891
0,0,0,0,0,0,0,0,0.051948540514474825,-0.15511731996483089,-0.15772720073103097,-0.15870494436107271,-0.17116748927073877,-0.1681838221474065,-0.16967113565038672,-0.16645403131150452,-0.16611308489327664,-0.1647452708137954,-0.16531705047493375,-0.1627905196377169,-0.16364099655750064,-0.16196867612772614,-0.1617281009013481,-0.16237091447768331,-0.16241690867008318,-0.1647375369781804,-0.16477881362231833,-0.16541674664961403,-0.16625766517640325,-0.16693725097204545,-0.16466129142239302,-0.16562388944208228,-0.16610892256849283,-0.16554796075301267,-0.16599867526371587,-0.1681853762878331,-0.16928268596249435,-0.16895681904684168,-0.16930210344653498,-0.16779881230583368,-0.1656075586461015,-0.16344275260768978,-0.15864218269339875,-0.16007561301932122,-0.15608632014138932,-0.15139714898518536,-0.14790974217408548,-0.14493552644143587,-0.14119627498273063,-0.13853483511100356
0,0,-0.17223954675001016,-0.18322544424800635,-0.18391439387572742,-0.18793496497485185,-0.19990796534001884,-0.2035275735375294,-0.2035314279439782,-0.20771939213459625,-0.20896474112835273,-0.2070692666216903,-0.20792808362421422,-0.20775843259498983,-0.206421979632004,-0.20586915611961554,-0.20757825527141247,-0.2042618059849427,-0.20351485430759284,-0.2026157453020369,-0.20259851952351376,-0.20216262420607195,-0.20520640410271207,-0.20576789832140624,-0.20535204765023182,-0.2061363667668981,-0.2078306766709566,-0.2089656282251407,-0.21056802923915033,-0.2112849090822413,-0.20982881428702368,-0.20921056013079875,-0.20989023964908282,-0.2090987465092734,-0.2101856806319097,-0.2126457758803369,-0.21290709823212461,-0.21255151122888388,-0.2164869543143766,-0.214429196182218,-0.2142597099875988,-0.2149384931803395,-0.21188512595379863,-0.21183824252737246,-0.20858158529239318,-0.20729312914401563,-0.20559993004198845,-0.19715179833768423,-0.19181971374522608,-0.19250941591095924
-0.20643826654123085,-0.20917374013950807,-0.21180329515231341,-0.22394818138535644,-0.22476233591802394,-0.2264178137559199,-0.23213873853297193,-0.23350863838603939,-0.23396793312442488,-0.2380987320219553,-0.2436238050045595,-0.24360401345571955,-0.2519622059107113,-0.2511023572329716,-0.24951688966719685,-0.25112878726997906,-0.25398321703766763,-0.25358241563502565,-0.2556149249662689,-0.25177996543094566,-0.2490797008637978,-0.24816479704586936,-0.25014382284917164,-0.24905203720134686,-0.248656480372665,-0.2517654624310749,-0.2537763334832144,-0.25791786072884126,-0.2579799738397348,-0.2583090034253977,-0.2610892970326366,-0.26176327687261974,-0.2613032693115407,-0.26172634792290855,-0.26221780930981875,-0.2675213234063678,-0.2695271163442637,-0.2704768587649321,-0.26932275124495936,-0.26190445504883153,-0.2647909338025485,-0.2687263110439046,-0.26620519929563274,-0.2619482667749679,-0.26304212710668456,-0.26564145419546725,-0.2681148265988925,-0.2645511540591699,-0.2599824149100637,-0.25734446920011883
-0.2183571448132472,-0.22232923885180855,-0.22575454150040128,-0.23967564431087032,-0.24346478006586778,-0.2466832645376258,-0.2570562203351951,-0.2640350816960613,-0.26673609777526636,-0.27507846815174697,-0.28089023098393273,-0.28355633499110744,-0.2914176632623549,-0.2946193623214864,-0.2948042247507911,-0.29533250288626617,-0.30056630106558146,-0.29772276098654205,-0.2953370963033384,-0.3026680572375349,-0.3040977893318362,-0.3047690781300154,-0.30766943032814986,-0.3201683055744179,-0.31361522727007307,-0.31782324792435324,-0.3187232050084614,-0.31601676122133554,-0.3170812369629634,-0.32458032813669385,-0.330745237799152,-0.33161040890317656,-0.3287807639973237,-0.3265940107080382,-0.3229033971799458,-0.32004295683871653,-0.32180857881132646,-0.3225366640676501,-0.3273682915354996,-0.31594262172196025,-0.32215777828950853,-0.332959045554193,-0.33543013554846346,-0.33737476938405336,-0.3447988124326852,-0.3413865687078177,-0.33452069791528205,-0.3356552164644353,-0.33718813760491917,-0.3333408531531007
-0.16149005956667314,-0.1981396143123433,-0.221092003080492,-0.25078482067429564,-0.25643411727650367,-0.26000576165016676,-0.27508100035331173,-0.27901222195178765,-0.28401923118073963,-0.29915990534645714,-0.30628303448211625,-0.30997789855499414,-0.3222684124524808,-0.3254962859306023,-0.3287223048300895,-0.33051457898693426,-0.34443618130881903,-0.34650176633785346,-0.3515588810227652,-0.3608219507923555,-0.35690490333870467,-0.36202385513153623,-0.3710087688410298,-0.37836150756263764,-0.37758380277830067,-0.3840268517978258,-0.3873249445567557,-0.38095570825010827,-0.3955953474942635,-0.39823997237456965,-0.3976369863604399,-0.40513932706553324,-0.4058288566021009,-0.4075485096265393,-0.40606802938939496,-0.4082284231417359,-0.4049190817881803,-0.40584599201884286,-0.4124005413475515,-0.41763872915319944,-0.4101092552986566,-0.42395200628208096,-0.4212224801357069,-0.4225343693246366,-0.43054644009395876,-0.42448256102874327,-0.41800309946803843,-0.42100184573830624,-0.41688604919469013,-0.4048706554733632
0,0,0,0,0,-0.2327076166172424,-0.26627382956604156,-0.27935131731992385,-0.2885598422464045,-0.30945896735869916,-0.3159427615441094,-0.3194005142165754,-0.33439665199629737,-0.3397959886679786,-0.34471803781585636,-0.35121428535959254,-0.37113429818595717,-0.3782700718625293,-0.38849532463854386,-0.4076154840955445,-0.41371723483529055,-0.4267536480774567,-0.43908197601130483,-0.44544923965604877,-0.4485027527748726,-0.4586371901241982,-0.46354109578822905,-0.46724437842821565,-0.48002467448084435,-0.4859811564185912,-0.48554346642464663,-0.49722419819411784,-0.5010737801031309,-0.4968446220928143,-0.4945827744715429,-0.4992730884129836,-0.49833786611473696,-0.5011057721499167,-0.5117957382368185,-0.518114156007213,-0.522667574699225,-0.5287838522515386,-0.5375241840779409,-0.510825570035632,-0.5230517892532776,-0.5261330766224601,-0.5206620482612784,-0.5240505081021534,-0.5272958555315229,-0.5202289627637255
0,0,0,0,0,0,0,-0.1775697419510182,-0.19103892455289564,-0.21737362207634126,-0.23586480203182084,-0.2759129279722986,-0.3128779395165473,-0.33298451120669836,-0.35445375699054826,-0.3664732467231042,-0.38873613733899315,-0.3986102957897135,-0.41064446091217244,-0.43194969997462174,-0.44281845064623726,-0.45066526111455096,-0.4779301883393753,-0.4892264434490831,-0.4930160685179758,-0.5153151154276273,-0.5210161556154997,-0.528111519122616,-0.5556456179438471,-0.5607382158038055,-0.5660620941774117,-0.5801252906832534,-0.586496966667284,-0.5867777470640515,-0.5878566145141071,-0.5979266203839072,-0.6071370591898151,-0.6104135744867388,-0.6189949134657048,-0.6201308521529296,-0.6239030863969756,-0.6305673746500159,-0.6328029636962796,-0.6323824811505021,-0.6436362714926466,-0.6537056401411595,-0.6499526574865438,-0.6552607640702875,-0.6634698830201579,-0.6575055688352669
0,0,0,0,0,0,0,0,0,0,0,-0.13137436830147659,-0.15510746328618466,-0.2324646924143385,-0.30418771150395363,-0.3338981983561131,-0.3723631662581508,-0.396700361312174,-0.4134614286473263,-0.4431812617984019,-0.46121614958059964,-0.47458842151077657,-0.50659392535862,-0.5237826691418935,-0.5397869818493032,-0.5678117334089965,-0.5897956536862181,-0.603960229012959,-0.6285414016365265,-0.6359982574086911,-0.6441436315325832,-0.6612933965678023,-0.6734796873551555,-0.685445701384962,-0.6939008088664255,-0.7149227752535726,-0.7202880039680652,-0.7287046218507442,-0.7486770109856539,-0.7549187009290376,-0.7603162481876747,-0.7787805171615015,-0.7925180620441568,-0.7942486445049134,-0.8093341482418724,-0.8140336094601542,-0.8136899267205165,-0.8261917900987877,-0.8265375334143511,-0.8439720951681948
0,0,0,0,0,0,0,0,0,0,0,0,0,-0.13925292777643014,-0.2334507568021646,-0.2701370163608826,-0.3565006530462144,-0.4099886397964263,-0.4465492223059447,-0.48232277931176104,-0.5044850508719179,-0.5118172973621368,-0.5517303873948275,-0.5646566005255952,-0.5844454297991071,-0.6244015242923364,-0.6392900991312742,-0.6593444146140186,-0.6889687817087786,-0.708212542785633,-0.722527700165263,-0.7585833239869761,-0.782397410605956,-0.7997776491624493,-0.8179875736110394,-0.848458782411687,-0.8574678297458805,-0.868903951294029,-0.8929261779415664,-0.9022516439181806,-0.9153769315850031,-0.9395150795245987,-0.9535616994510115,-0.9572026603061642,-0.9755754034163665,-0.9737741164131867,-0.9749663480569946,-0.9739086768389598,-0.9717684139444533,-0.9698321428297768
0,0,0,0,0.04523148455424473,0,0,0,-0.0928160332899203,0,0,0,0,0,0,0,0,0,0,-0.42705861601168743,-0.4982598495196984,-0.556185496444638,-0.6374472781600964,-0.677812373855771,-0.7002905223471573,-0.7575181769269833,-0.7787816042110494,-0.7912996609499675,-0.8325695852008159,-0.8453147132936687,-0.8597025145587005,-0.875512269981431,-0.8868058573421114,-0.8974937730243919,-0.9131515350972194,-0.9525110006664225,-0.9692078203902651,-0.987869549056564,-1.0272270284893015,-1.0669175567933906,-1.081944970530748,-1.1225107000991117,-1.136040182622781,-1.1477962365241043,-1.1764523655133965,-1.1858326718327428,-1.2050221550171234,-1.2660884656316107,-1.267648549351056,-1.262129957362261
0,0,0,0,0,0,0,0,0,0,0,0,0,0,0,1.7270853148033863e+38,-0.049782997165157224,-0.2167165660415063,-0.2281365254221901,-0.20882058608808066,-0.2062534833952137,-0.282403302868053,-0.506204692899534,-0.6659417395830677,-0.8052756324423294,-0.9012410190849546,-0.9349473003627197,-0.9554239083228167,-0.9943182466872418,-1.0119755914458852,-1.068066073370453,-1.1075127334300143,-1.124681651476769,-1.1423062181379726,-1.1509795948511945,-1.1712435396851457,-1.18841791682071,-1.2090018017838597,-1.2571627273932302,-1.2866147262368626,-1.3379999908972535,-1.435230804617912,-1.4673560972039779,-1.4896049472330928,-1.5481872540101826,-1.5724032203174332,-1.56543571650455,-1.6026934625914313,-1.6108975396020058,-1.6237561367396363
0,0,0,0,0,0,0,0,0,0,0,0,0,0,0,0,0,0,0,0,-0.2929986319693532,-0.403946353869587,-0.5845034824128377,-0.6894224057297879,-0.7620931089628823,-0.9069680355772493,-0.9930016859145441,-1.125152853150881,-1.1795968728388204,-1.2717897201716808,-1.335060171554799,-1.3829938489816478,-1.4231532933575388,-1.4452704283067885,-1.480970515058236,-1.6025653191266838,-1.6093205153038486,-1.6324647925403124,-1.6666550184983653,-1.682101194443655,-1.6976711609379058,-1.7364193658751668,-1.770419999540035,-1.7881273620641032,-1.836180521455085,-1.8635412966888503,-1.9115253045929037,-2.0419673776117744,-2.038282451453251,-2.0526620255779724
0,0,0,0,0,0,0,0,0,0,-0.27391457771714284,-0.2834991489689017,-0.2857757762747703,-0.29841941278745787,-0.3302890691764441,-0.33705237764963086,-0.3492640824431672,-0.3785005669878092,-0.4153382036028149,-0.47305652855825076,-0.569213240811584,-0.6023022110471475,-0.6159236057226432,0.08808778743894519,-0.6639188476474566,-1.2868733592559158,-1.2728296867974505,-1.2743448748324409,-1.3726539958839137,-1.3938402159108385,-1.4380607632660944,-1.6414316167117309,-1.7599571159054959,-1.8045237082150851,-1.854722991571486,-1.936583823060451,-1.9838705736447941,-2.087980538493466,-2.229818227006357,-2.263908574029435,-2.3015740675514538,-2.3681443558472965,-2.408945548878537,-2.4471801097969155,-2.4685707772118524,-2.452221327771341,-2.458600084911998,-2.571201544917729,-2.5817942389575728,-2.589875786552525
