jsons/1312844400.json
{"header": {"parameterUnit": "m", "parameterNumber": 3, "dx": 0.1, "dy": 0.5, "parameterNumberName": "Northward wave", "la1": 40.97354507446295, "la2": 16.46031188964855, "parameterCategory": 2, "lo2": 133.9931640625001, "nx": 191, "ny": 50, "refTime": "2011-08-05 8:00:00", "lo1": 114.97908020019554}, "data":
[rows 22 to 43 of 50, columns 50 to 99 of 191]
0,0,0,0,0,0,0,0,0,0,0,0,0,0,0,0,0,0,0.05392545700845656,0.02486460609019979,-0.008500786414627672,-0.07632463936084613,-0.029853237546756534,-0.43733129145403926,-0.5560263929240753,-0.7151332481040467,-0.7038457746992758,-0.5696084059391398,-0.5028964865829818,-0.3970633426639769,-0.19964597341710189,0.041437129749182997,0.2649041351091975,0.4130631049472186,0.4942099975924524,0.559857752635462,0.6964615644429708,0.7318617761567986,0.7010205134065421,0.6826094692689865,0.7175889005058526,0.7450670471920036,0.7662825253377269,0.7948849720555758,0.75203980983161,0.7059247548321768,0.5648645321962044,0.6163615103764706,0.7395677562022439,0.6913053478500246
0,0,0,0,0,0,0,0,0,0,0,0,0,0,0,-0.0033893732106613454,0,0,0,0,-0.24100984399932515,-0.43728766450384066,-0.5909385842273194,-0.6460296514542853,-0.6806081683507627,-0.70539557036754,-0.6633353940254326,-0.5104061958504025,-0.3666404642424583,-0.10465936138803357,0.42721841439156527,0.5802454907044619,0.6626683053530096,0.7354503608579117,0.7349272585728663,0.7399179327652616,0.7448869105485036,0.7515043196266629,0.7640099271592635,0.7578658339878478,0.7807573570399654,0.7703369399091776,0.7921996161237044,0.5611209434654527,-0.5267153379103452,-0.04569208188624626,0.8106464875795507,0.7800836217821286,0.8157265941943636,0.7402403095214118
0,0,0,0,0,0,0,0,0,0,0,0,0,0,0,0,0,0,-0.2701274046734006,-0.4139200014592212,-0.48642283709207684,-0.559795944254148,-0.6795577249771948,-0.7200924299785388,-0.7192560735663276,-0.6923109245997575,-0.6123021429482245,-0.23818649105707987,0.0802866962572977,-0.0798612835307137,-0.04144843786070317,0.49545389272062956,0.6903562178466099,0.7057163294950436,0.7027297236341885,0.7503660598632297,0.7028834289023929,0.6346107592570788,-0.6731649494341398,0.7612932612502666,0.7835995729650567,0.7916920217555304,0.793789516111377,0.7907250353062348,0.7968859926991432,0.7955085816382133,0.786325259134151,0.7635501056588514,0.7626241133894134,0.7368287640315314
0,0,0,0,0,0,0,0,0,0,0,0,0,0,0,-8.1454825486999445e+37,0.0584250803320267,-0.3233231042607897,-0.44597351631766646,-0.5903840734476508,-0.6623805389087959,-0.7178787438867217,-0.7917559895221647,-0.7999102177894042,-0.6482464250155541,-0.5058349544343717,-0.2889643857983481,0.6264848446557023,0.130428401478054,0.6990245453422078,0.7134615428845177,0.7153760914028419,0.7438318668538417,0.7457532348289756,0.7476775613262557,0.7496290778631944,0.7497919754062129,0.7502123961499545,0.7249811133240306,0.7627158199565988,0.774232881814357,0.7771368485063593,0.7795813666698655,0.7896818624046672,0.7955453405736643,0.8018289526134923,0.7693040255572774,0.759111507632569,0.724514867097559,0.7350250220874158
0,0,0,0,0,0,0,0,-0.07402440310368451,-0.1680314650607439,-0.21683800931065647,-0.24854588110833023,-0.3207376756278351,-0.3522855064213314,-0.40739537552725313,-0.4589899228057074,-0.5385611030490444,-0.6328465081999873,-0.693395475369073,-0.7865290508351074,-0.8107547837832368,-0.8100336281617457,-0.7535494003433958,-0.6432243504787574,-0.3510003533057941,-0.06332027899092206,0.20691052685091543,0.6472873146527939,0.728361102425533,0.6658746974231209,0.05142678620029102,0.44706776021273015,-0.3733300849486039,0.6055836312269718,0.7268720739908674,0.765057640160443,0.74356297351937,0.733999178616752,0.7260001475569412,0.7388654741220156,0.7398789014956515,0.7425561902197321,0.7419365150834442,0.7422037205210583,0.7521401611090492,0.7593937696653764,0.7604897145918372,0.7515409056505525,0.7496683192324853,0.7440550469050207
0,0,0,0,0,0,0,-0.29060605701206355,-0.34777549163215293,-0.43864880230942294,-0.46850292615596656,-0.5204230413208945,-0.5815784859181874,-0.6168806078291457,-0.6685882798115381,-0.7169492307904156,-0.7821343921104633,-0.8019590725297614,-0.8193060597412262,-0.7952493236019043,-0.663908421046007,-0.5522547081865323,-0.46558465611505423,-0.3467575100603877,0.02687022960627794,0.41610530775802845,0.570841583995275,0.762202040491829,0.7475360936166859,0.7096043036244676,-0.7693252249730813,0.5370272704941587,0.5862050100030743,0.7685419969711658,0.7667384016366924,0.7523910577277948,0.7336143037539886,0.7253124528498684,0.7253459152167143,0.7186735713038184,0.7272403549993004,0.7295143751410216,0.7285981903000445,0.7287835503139779,0.7284502440740747,0.7426550705423274,0.7651752613747731,0.7665802880726514,0.7708569161351714,0.7675489075815864
0,0,0.08989978273812264,-0.37849157992326765,-0.45364447847905404,-0.48615704431079787,-0.5471848698602193,-0.5730624128676491,-0.6071765738629289,-0.6466343016640593,-0.6918352414966122,-0.7378473512924956,-0.7831406096846235,-0.8196338745558613,-0.8406576969108684,-0.8341212433399433,-0.8414841564984267,-0.7660336263263332,-0.7455406762277575,-0.7099496704105696,-0.5441215126709051,-0.386845188061444,-0.29888528677007364,-0.18320136867161976,0.1110299002866121,0.3931157088650651,0.422689851178212,0.7634551491894203,-0.3353925702331258,0.3472285996880995,0.7352846332140098,0.7548621298362366,0.7679767298364091,0.7539971084844844,0.7409822993031294,0.7258711367160173,0.7081731227574584,0.7167162330930515,0.7184425041265431,0.7038232548799231,0.7147059134931856,0.7154992467057927,0.7250031913922884,0.7276471382681299,0.7269525390239981,0.7250744617257335,0.7268611600468284,0.7255585820015256,0.7206440919806328,0.7263295414899957
-0.48592233508706256,-0.5354827290865648,-0.5760215848019342,-0.6267198277050965,-0.6610092903323753,-0.6839332965481806,-0.7236739886978969,-0.7481090387101985,-0.7745263459310073,-0.8193994566755158,-0.8285857818526884,-0.8245848134216537,-0.8571172412043296,-0.8527232737271927,-0.8046435081294174,-0.7516157245163099,-0.7180034482706233,-0.6159641273741181,-0.5436353727155027,-0.4422570248450737,-0.29949663294204953,-0.22040034776823214,-0.11445149160955422,-0.017503080055009584,0.24467913779808528,0.46572082458806097,0.5517071492032931,0.7404686844153232,0.7715125697414456,0.745126242201261,-0.6291975550232082,-0.06871155999542258,0.0006605527518573165,0.7050615667196597,0.764804213840563,0.7414061981906237,0.7229364404957688,0.7264013317681113,0.7256981545592125,0.7422330535187847,0.7426342670229692,0.734970018952211,0.7345740400266534,0.7231659049396676,0.7102383792585922,0.7122855043471702,0.7219075287534312,0.7154160286562776,0.7142702792234186,0.7205154422496014
-0.6655440295146576,-0.6865795304245498,-0.7253437589268149,-0.7525886822693117,-0.7566406931581616,-0.7724537737532289,-0.8138593729134139,-0.831718167149988,-0.8006117037482846,-0.8013447114125076,-0.7670622028093436,-0.6829295815890215,-0.6643334086136415,-0.6315276559567832,-0.5463302619761579,-0.523655058028805,-0.5120309061082997,-0.4326197213301983,-0.3692374730217472,-0.3081561336713357,-0.19915113163181744,-0.19181116891094716,-0.13471399606966336,-0.07550119679168575,0.27263276841767003,0.4241001840083568,0.5558769478955476,0.7226575454675005,0.7481195487703682,0.7604038447220188,0.8034184607089663,0.8007518793465938,0.8025047691428389,0.1519189244388416,-0.5504494499613792,0.49060120756630543,0.7697193416576722,0.7692656739312531,0.7622440997053933,0.7553063118578885,0.75785185971883,0.7537720396526177,0.7471754708980289,0.7369762081073395,0.7267874691642993,0.723571373144696,0.7186007150470024,0.7111339835639657,0.7134414609251081,0.7306614604432539
-0.715560072223072,-0.7125931770534143,-0.6754638690709462,-0.671847233462576,-0.6005654806228808,-0.5821626747501026,-0.5762026533600351,-0.515962654801389,-0.40669418544427965,-0.31624402322710415,-0.29368560607006494,-0.21572754887913717,-0.2304559217575213,-0.21529130133134405,-0.2048176829219494,-0.24693876999902717,-0.2950463923798758,-0.3346955001803391,-0.3479953390684317,-0.3922611150734323,-0.38351706355097287,-0.352457664989966,-0.27416826807666406,-0.18369120624917293,0.05745974702954869,0.18966556900855783,0.2651410001184358,0.38235154151521206,0.44814583937684827,0.5002151119288399,0.5907256645758359,0.6313298361284739,0.682680095824053,0.7631144908973659,0.7308660294270265,0.7837068212841576,-0.8002072550754576,0.7668393653312164,0.6102772902154966,0.7708853845331073,0.7676090864812886,0.7560986361658804,0.7539005027614797,0.7528259718651877,0.7483636987223923,0.7502919904721979,0.746438353569269,0.7506945714710102,0.7490938971912782,0.7461341797009817
-0.5431331011048876,-0.44773186554920674,-0.4037153896931019,-0.3693520098052531,-0.2311689342933648,-0.18393135893114895,-0.1488080610015589,-0.0474487975832467,0.12195481729660478,0.2659248718764004,0.2981241962426095,0,0,0,0,0,0,0,0,0,-0.7030997834497652,-0.622769324500778,-0.543843510239002,-0.4773792117400333,-0.3857549114454953,-0.23577980113658728,-0.11219661657036809,0.0212797777510698,0.1685989292591988,0.2577872312575557,0.429722133563056,0.48994231918000847,0.5597166967569791,0.7528635953053716,0.7727850927618648,0.7985343599829031,0.8091744774214954,0.8010058498656716,0.7717811226599346,0.7304640719845927,0.7142206646725584,0.7316668193457723,0.6946613167798845,0.7227005712045017,0.7087585955747042,0.261095757724363,0.5145598369212292,0.7238621529173499,0.7483080739483554,0.7452602305900121
-0.2393075782127796,-0.1438881318652439,-0.03965533249334242,0.02940588528890938,0.23939636044813012,0.2976166279497827,0.42434254768136226,0,0,0,0,0,0,0,0,0,0,0,0,-0.9583143807154727,-0.7661834096702855,-0.7069048661108818,-0.6222147501010111,-0.5741248227302342,-0.38662574119247856,-0.3198661826702071,-0.2482036252988145,-0.05569439514103108,-0.003049042688753242,0.08843961630669203,0.2129961113991701,0.271376741500981,0.41833074904379236,0.6477264204203511,0.7223094174178276,0.7508804445372763,0.788728871634999,0.5918798182760345,0.4310158067430776,0.4002007980760666,0.5436112333413381,0.15172096001134758,-0.2508133340566173,-0.4271087931032509,-0.3147652657510354,0.1785643281808011,0.7393733786018322,0.7678041698213514,0.7507090557680257,0.7395434237363973
0.21164301878658484,0.4053944591030391,0.46679447402171487,0.46592744638589856,0,0,0,0,0,0,0,0,0,0,0,0,0,-0.8111417846683688,-0.834536431572769,-0.8684095244719412,-0.7321159479445006,-0.6660276451520284,-0.5771111141988301,-0.4539449580449659,-0.37421721961653037,-0.2966432576947537,-0.23751764247408774,-0.14183083570789937,-0.06366533745233229,-0.0233529185896621,0.13365315486121646,0.3128383228882437,0.4373814496659492,0.648913158695834,0.7342576990713061,0.8447697982179817,0.2236037659005539,-0.4846507048622606,0.5793796169415041,0.6653836078361973,0.6596520748229532,0.6532247864789139,0.6010156536040965,0.5057732361315412,0.502246104876759,0.6116576077353717,0.7550483792109489,0.7960752828678097,0.8150869829393393,0.8165424685521241
0.5394742121852245,0.6176194539849795,0,0,0,0,0,0,0,0,0,0,0,0,0,0,-0.8819946875683692,-0.7491837408894351,-0.6768929272432395,-0.6380358022522973,-0.530333768371317,-0.4700928679182851,-0.41841943388884517,-0.32885359507622125,-0.19180982399703758,-0.14854826112643704,-0.11102028440797802,-0.03346268605778789,0.02409883677385367,0.0677721949629589,0.2224393410268089,0.292313741524864,0.3856529683026845,0.61098389477945,0.6930152765186801,0.7766533953845158,0.8894593527592108,0.7792347729910806,0.5324988869882075,0.29320412546493707,0.5377953602830752,0.5811655301085498,0.6941909003214215,0.8190703555926889,0.8188093948610753,0.827533157668797,0.5701568632020385,-0.6238123748076989,-0.09357969707915274,-0.5186726972212363
0.41752594589253417,0.19055721221273894,0,0,0,0,0,0,0,0,0,0,0,0,-0.7360346791686014,-0.7164693804161211,-0.7385198016969513,-0.5815705207858192,-0.5135919044102015,-0.4482879468104074,-0.3116284905872018,-0.24241185038126886,-0.18975460155157986,-0.11336845806509246,-0.02574600075603794,-0.016004839840252204,-0.023663325813912665,0.06545081871245917,0.10597623036271833,0.13969952407846176,0.2521655430523262,0.35228578103692704,0.4256254514093141,0.5843338767692839,0.7317743733957035,0.8030188622763805,0.8331691166377566,0.8535837917583152,0.8427122250342591,0.8858473345324182,0.8890300702232107,0.8927679224421188,0.8910796870513507,0.8985286508571702,0.851054102211609,0.8182661117624412,0.5732052738353184,0.6978906580194807,0.8805482839389919,0.8572632761654215
0.5100911932775606,0.5136753721897432,0.3864727625772585,-0.1373573679190998,0.10750374238205465,0,0,0,0,0,0.1510804919973054,-0.6905056994131193,-0.7721603544336406,-0.7378067305936746,-0.6329392702201521,-0.558065268151466,-0.4934771705089156,-0.30927634032251916,-0.28159053200454637,-0.21694177171083828,-0.14681997379118306,-0.11856111003318909,-0.06250745701692129,-0.025114415693484347,0.04645402112445918,0.1049766257280513,0.1344388648136697,0.21299618682208735,0.2772710885094823,0.3229874611543075,0.38730433047228685,0.47533304875852994,0.5511974580244987,0.6608564521802868,0.6655977234950465,0.6669825036663386,0.7072358879361726,0.7742227527390895,0.7732088695119016,0.8356545254994399,0.8695023695946428,0.8869468375120595,0.8911153333946787,0.8935284953118092,0.9066338591510976,0.909093167219738,0.9043242287987545,0.9054399336472592,0.9075142434612705,0.8919856902546384
0.4893937273308882,0.34560605943865924,0.2419582079056721,-0.5235462458678803,0.36105513781043513,0.35051798213160446,0.29143861560504863,0.11160807709271661,0,-0.709430626357363,-0.6769651339867535,-0.5502823819209695,-0.5147145674730902,-0.4418970550574094,-0.2841469227505106,-0.20943359571413855,-0.1307195958898275,0.029278243342779234,0.0724355547756272,0.107186434073243,0.16937996433054425,0.194799469010177,0.22119787912446792,0.2853544411440866,0.35531300176049435,0.36772074072419036,0.38522378013333275,0.38669945977645653,0.3612644040242348,0.3993464178855213,0.4924431624341299,0.5499235197616842,0.5881703918016186,0.6050289022962059,0.6114444945940405,0.6653485332368426,0.7395166662912405,0.7854087613170048,0.824196571719215,0.8999947418595031,0.8994193370922438,0.9064512107279108,0.9216303166624457,0.9277168016511307,0.9191840447528027,0.9232810769928116,0.9539678769543336,0.9346384371184698,0.9063416240071024,0.8988728659776621
-0.11123815898454087,-0.3085307934515495,-0.38963153561843716,-0.4776533704417828,-0.4634037034128848,-0.4727246102631665,-0.4398089836816811,-0.42619441864119323,-0.2398876821879645,-0.2232316166678919,-0.1874036037351508,-0.0942079944706792,-0.0669171004540558,-0.03766219499083071,0.005680753930654708,0.07320424806114777,0.10960869275047193,0.21173536334065235,0.24862105576964105,0.28442221364877857,0.3388553956443818,0.39682370445322884,0.4068847954732164,0.4278263539871329,0.46053386125891727,0.48697068001810634,0.5055857867451802,0.5848275347349599,0.5699304910258268,0.5750017784325272,0.5969320831698495,0.6062456579785485,0.6365251507215605,0.6878451163294365,0.6929861274247914,0.6827249245662079,0.7633156075275046,0.785909998182534,0.8016787342722022,0.8430414184096188,0.8845228034894974,0.8975567110048538,0.8805616072566089,0.8805633176179851,0.8810214139873975,0.8856172391480875,0.9018823659452028,0.9108198771123103,0.924724583025019,0.9436149477028349
-0.23835388632941648,-0.2695066751773657,-0.22953588539413133,-0.18410870156132833,-0.19038037028558846,-0.1525053873319853,-0.11262349517086923,-0.10674658730037963,-0.02647471187685124,-0.013529461345578444,0.027800222591907918,0.0923700391822627,0.11482558273166607,0.14916849922291622,0.2817747706625342,0.29228569271976307,0.29927593831636556,0.3385037981530372,0.3780959978903486,0.4341887716626543,0.4804587784436037,0.5351367092155809,0.5825766455238762,0.5690005318748981,0.6220362412256274,0.631570604645807,0.6474855360889407,0.6999259237432254,0.7072068632400874,0.7124006779436227,0.7427785544725687,0.7170978190472492,0.7094245013057247,0.7117708938016142,0.7326646108629536,0.7556624366196986,0.7878020413289419,0.8019563615058294,0.7975486862360788,0.840635589909475,0.8575609646201535,0.8516922386359488,0.8508628682948839,0.8530513044026432,0.8559054538874878,0.8542466125276587,0.883790547612339,0.888132414795687,0.8954817055498386,0.928735322805422
-0.054445342911958634,-0.01180095718699449,0.00686552463190989,0.021808451339182116,0.09502396061122434,0.10752690590008807,0.10904257193500769,0.12111399050555133,0.1491114848709288,0.20641933762007664,0.22474725703607062,0.22312326020446607,0.23038065691820214,0.2803856837542797,0.3361601777651887,0.3553322343167995,0.3972599242949375,0.4311839640722138,0.45404470181094436,0.48328999827044467,0.510985286546716,0.5435963426478716,0.6118776497058828,0.6215017072576696,0.66268067207943,0.6748234618916363,0.6973103741849088,0.7345415652932183,0.7322719200564852,0.731434638852298,0.7485412799521759,0.7789340253271011,0.790844282830054,0.7939548874648802,0.81388654823575,0.8500233852625034,0.8742322458858228,0.8662244296318142,0.852793637449694,0.8328965944144024,0.8195362580554101,0.8346351250570373,0.8362757982184894,0.8248525952003335,0.8301242517552712,0.8317974525617027,0.8495453354095155,0.8408960682763207,0.8459004936133838,0.9048571078045293
-0.054087173430027495,0.008255178290504485,0.030724652970311246,0.05288710133026472,0.09184059256845002,0.11310953267354722,0.12371333711354002,0.14353969576992412,0.17579574612659904,0.18197089057257043,0.20903078304600045,0.25378031346111474,0.262283734968886,0.28476761166572984,0.3151513694977296,0.33942979927168576,0.36916133596676726,0.4049289885423818,0.4289335746633694,0.46523165263508104,0.5122473375111746,0.524696994930554,0.5622604335607699,0.5748604672884525,0.5961014987647891,0.6016634264892822,0.6224874930382078,0.693584631747561,0.7085177014518421,0.7204605455216208,0.7445590713207653,0.7588443455199504,0.7690462267138105,0.7952510403918933,0.8193484256379381,0.8315283538796987,0.8481246864197431,0.8692879897338509,0.9129163271721195,0.9307174286055379,0.8986173688830782,0.8649843817601127,0.8529938671886997,0.8510435216932746,0.852538693725928,0.8715318154194774,0.9054294224279258,0.8894456818019625,0.8791304065682913,0.8429595721234694
-0.07145158074364084,-0.04692453071556572,-0.032231854164431396,-0.017085102035114697,0.016697983949844893,0.03402347174295275,0.03859268414889451,0.047019692712275185,0.1018229836662677,0.11494024013848508,0.12516619381008545,0.18177978294585073,0.2163957318807352,0.22294524175091127,0.25890850748528677,0.2823845953832682,0.29479627867127794,0.34628687727835705,0.37307510642858477,0.3965913545148172,0.4455907359154771,0.4558328951527619,0.470529466242877,0.5094984244552738,0.5673306659635042,0.5739813722687034,0.588438250414854,0.6539522209382338,0.6697923218022188,0.6816440195123232,0.7246934485550925,0.7405811867478468,0.7492384077359145,0.7535879446737094,0.7720943265061083,0.7989287831060738,0.8274853336837348,0.832335226252032,0.8399824135698435,0.8588196135006332,0.8615773512684168,0.8601594234779056,0.8611784044725449,0.8839482207655518,0.8830042672308305,0.8960617143685614,0.9242836828452218,0.9326633517515932,0.9335406109183874,0.9565690871702953
