jsons/1312567200.json
{"header": {"parameterUnit": "m", "parameterNumber": 3, "dx": 0.1, "dy": 0.5, "parameterNumberName": "Northward wave", "la1": 40.97354507446295, "la2": 16.46031188964855, "parameterCategory": 2, "lo2": 133.9931640625001, "nx": 191, "ny": 50, "refTime": "2011-08-05 8:00:00", "lo1": 114.97908020019554}, "data":
[rows 22 to 43 of 50, columns 50 to 99 of 191]
0,0,0,0,0,0,0,0,0,0,0,0,0,0,0,0,0,0,0.13960124922802347,-0.12648054796299835,-0.2787152836792175,-0.16634752843947348,-0.10964703001878343,-0.4923915739126959,-1.0381657011484309,-1.1871767159465823,-1.2810295563367669,-1.4171399262411133,-1.5978835772139772,-1.6805144725931194,-1.770781088555944,-1.8989330328130398,-1.9442431603952268,-1.9772556783029396,-2.0013258827605815,-2.0941848133082868,-2.1659559706860825,-2.2182838812175936,-2.3496353634231135,-2.51158296584738,-2.5824595944420876,-2.7321434126547484,-2.792429564286799,-2.8421411225384223,-2.9243001682034353,-2.9847874646143935,-3.018063921369537,-3.114920890517004,-3.1466883489284707,-3.182408654882581
0,0,0,0,0,0,0,0,0,0,0,0,0,0,0,-0.15450158954871743,0,0,0,0,-0.401680733081608,-0.7239612805904809,-1.099268782810789,-1.2582597837047742,-1.3701571750663994,-1.5501009507872703,-1.636306899639385,-1.694991057349709,-1.7943927869836103,-1.8599334570038792,-1.934974467898691,-2.048201813542821,-2.113934428987976,-2.2256421326119065,-2.352256134507924,-2.65958183493353,-2.781413594324524,-2.86811563519052,-3.019885404803971,-3.078452910101823,-3.1400309711600785,-3.2619267288214693,-3.3466279908156937,-3.4206009510521262,-3.566101809901442,-3.6537394095992877,-3.733114366821782,-3.8870436033251394,-3.971636454779024,-4.04498525512041
0,0,0,0,0,0,0,0,0,0,0,0,0,0,0,0,0,0,-0.6148315251807271,-0.9307109507905716,-1.1680351169071128,-1.3350092397626323,-1.6266080619292493,-1.7362288705043623,-1.8201441545216357,-1.9432478087344631,-1.9942011069925285,-2.074700310740728,-2.2145578693206414,-2.2947183776717632,-2.4042504968397425,-2.560039303177446,-2.644686656713189,-2.7936161703348033,-2.8869219001294204,-3.046588891272152,-3.10162354304114,-3.1693513869056913,-3.3017564282678618,-3.3667078903684584,-3.423765624806233,-3.7249071131557434,-3.859966943556506,-4.017299798181314,-4.281723827141655,-4.347513169536769,-4.478433203963465,-4.614944895482384,-4.711474554299848,-4.851715964486795
0,0,0,0,0,0,0,0,0,0,0,0,0,0,0,-8.1454825486999445e+37,0.15830905273109286,-0.893816078847487,-1.2249490490364496,-1.6015417034386208,-1.7170268200819458,-1.8258521075359317,-1.9842421974384923,-2.0520859444302504,-2.1110857075657887,-2.31161979618869,-2.4307553694669033,-2.6961260523949755,-2.87347961542452,-2.954078233673963,-3.027336764466804,-3.184938052401806,-3.323999203993863,-3.4100343315016852,-3.4895818525860234,-3.6782204885421965,-3.7780320699388636,-3.862445706705045,-4.0626333306363,-4.199195893514552,-4.282362833533177,-4.477067106690809,-4.565313960243874,-4.669787645236182,-4.851725803640151,-4.977725089916302,-5.153897174451823,-5.421065557844825,-5.61062576366555,-5.797086911805081
0,0,0,0,0,0,0,0,-0.2323682452919937,-0.4394012905627937,-0.6060419837224721,-0.6903620433211172,-0.9513568902308636,-1.1314694773166503,-1.3392956658583235,-1.4891411844267413,-1.7313617652318256,-1.8474528167159117,-1.9216502703144593,-2.0966955433906977,-2.162360284167813,-2.2796737397496782,-2.555811976891307,-2.6910023663293714,-2.7667932817266765,-2.9114412902942948,-2.9751912572866184,-3.0350373420688768,-3.1900712158005375,-3.260958737140909,-3.3245852316148854,-3.4923607728444477,-3.5860211359105443,-3.7044236931532506,-3.7690198247069757,-3.990647018741201,-4.111273904713571,-4.2437806646006795,-4.522101994199152,-4.6798892073792135,-4.8160095715255835,-5.073864122006266,-5.2123696087841465,-5.361960944543711,-5.639320180311423,-5.780377226664616,-5.941729499624055,-6.221758480853983,-6.3362672404769915,-6.597251423884566
0,0,0,0,0,0,0,-0.7522603052680857,-0.8870405992232322,-1.192027712407712,-1.2928743136385035,-1.3842916945946737,-1.542317894212771,-1.6003937475781784,-1.6441473229123464,-1.7134500350686275,-1.8295619382002868,-1.9435540022684141,-2.0497090159193645,-2.2717301541358577,-2.434076739032761,-2.4967819606528727,-2.618522630677267,-2.6592599546826143,-2.6789991497970873,-2.8020095949585753,-2.861899741462976,-2.9233254610567063,-3.0669222081260252,-3.1598051454259575,-3.2453001947687437,-3.420571386474284,-3.5019308780445733,-3.5451825458002344,-3.608801156588536,-3.8117234769818666,-3.9342026743320573,-4.060897291052809,-4.32404312684477,-4.415967882419264,-4.525334187750286,-4.720934855268664,-4.9328423474144145,-5.041609364920932,-5.262478157678747,-5.422886940219213,-5.6698421554142975,-5.9483197995997354,-6.117883697851741,-6.386523555063532
0,0,0.15030764720349551,-0.7486898377982406,-0.9394519715349116,-1.0927019428469198,-1.3694733503324412,-1.4516500776389996,-1.5098502278813537,-1.6037921964036905,-1.6601265730535957,-1.6878311743035237,-1.7756655501178353,-1.8162782313811658,-1.8369703992739925,-1.8661528777141558,-2.0307780764910195,-2.164981520068986,-2.216975168648842,-2.3061344248274684,-2.3172424505084197,-2.3500620357060567,-2.451305517486637,-2.4869118077233128,-2.521293864188006,-2.6152391696564825,-2.637166922848215,-2.6458458722475093,-2.764963632610792,-2.8171890490827054,-2.8580473154409956,-3.0045397647435217,-3.042097951858152,-3.1194129108003956,-3.1949334836745984,-3.3433156028119497,-3.4943308874799413,-3.5753761267166078,-3.7517813595627567,-3.8502327966824845,-3.949838491241428,-4.0947842101110625,-4.244844779072875,-4.331532701836567,-4.58054559126379,-4.760756916546516,-4.966443536521262,-5.261583619520316,-5.3701096944173825,-5.76790410056215
-0.8659951384014978,-0.9434612087967611,-1.0674783711960687,-1.2450952932253239,-1.330689948059808,-1.3894866577842342,-1.4862710751019477,-1.5750280171033109,-1.590953988777252,-1.6998930577425326,-1.7319799827256577,-1.768796090176821,-1.8508867482749256,-1.8503150444715135,-1.9350812085939841,-2.039034594459273,-2.123375865380992,-2.1256913484587776,-2.1560640148742323,-2.249869053243327,-2.236656835759827,-2.2600753278099015,-2.3410004030894855,-2.344696759942326,-2.3213161904595303,-2.413787371455383,-2.4143731313191408,-2.3979741377835735,-2.4735310728400446,-2.4809899838582328,-2.468682605520989,-2.565307550310712,-2.606515400392053,-2.5993027223019656,-2.5798898265700205,-2.7053581298573195,-2.6375902107355595,-2.6736665787443052,-2.838290396563554,-2.708618596604195,-2.7380445189415346,-2.794966647315314,-2.847334775321625,-2.9020650450742917,-2.996004509125427,-3.060360220909588,-3.230431296995045,-3.4705758197574057,-3.5832960903986835,-3.7581932144751398
-1.2154834338104705,-1.2625213009212741,-1.3532481083885843,-1.4744327606990237,-1.5007662375131188,-1.5241331389481036,-1.5938584091841665,-1.6190033797718786,-1.5931262097747976,-1.6548124314173687,-1.682000946580958,-1.7075913686772353,-1.8371596933899468,-1.9077752485344688,-1.9647140126942515,-2.0023154183717393,-2.0376874755560994,-2.029812861077181,-2.011776466355582,-2.073784249721764,-1.9936571286654865,-2.0276022241624307,-2.0436804764524727,-2.0209732374929215,-1.980234039295529,-2.018152667354551,-2.0157541163228605,-1.9534132299495812,-1.9761385031932999,-1.9817006006504436,-1.916127934882232,-1.9081050140241738,-1.8973305141915071,-1.8353203955561441,-1.7511401764299563,-1.7881155490300238,-1.6706440995867937,-1.662599940938543,-1.6824528800323941,-1.5909483905219612,-1.5871011215017576,-1.663611736110782,-1.6513498625884364,-1.558320921548587,-1.643854327281938,-1.6310611095809946,-1.552820401926826,-1.5447622913672499,-1.4763912499507685,-1.425032562975977
-1.1579039669776372,-1.1919602523008967,-1.2366401842731984,-1.3147051891874004,-1.3203423808750614,-1.329357037878933,-1.3591514174458301,-1.3803484868582163,-1.3753460085412743,-1.419045753754481,-1.4285426280328446,-1.4120638184196748,-1.478805237448897,-1.499329274422584,-1.5450079177692162,-1.5700157882668115,-1.6238901604491283,-1.6074679899833813,-1.6121795313773006,-1.6813594473357838,-1.635898373470958,-1.626039534264865,-1.659384803989135,-1.6168710041981975,-1.538616500847701,-1.5416276022637703,-1.5059705812420812,-1.443591961216194,-1.43574455248956,-1.3821664016810438,-1.2359514100301048,-1.2154797041459937,-1.1381172161187039,-0.937851147751326,-0.895168975844755,-0.8748376048748228,-0.6909584137756964,-0.6225587507744749,-0.5597878063451569,-0.4092371145763183,-0.34682482336867293,-0.29691415696453927,-0.18010886879958926,0.006865632962325629,0.10250144157051246,0.21146502782519536,0.372381028921907,0.4883165773583614,0.6220176692326851,0.9640454370773254
-0.7202645353560253,-0.6305083603876765,-0.6152945631001506,-0.5870390228726284,-0.4582492505811307,-0.3820476993336659,-0.32882112142452374,-0.1225617933883237,0.14118309359278788,0.4173653672696569,0.5245548956973953,0,0,0,0,0,0,0,0,0,-1.4276790775616504,-1.2784446782361893,-1.1990201120125612,-1.0488792248156071,-0.8905412595369274,-0.8274775368750862,-0.7655249760809753,-0.6362250355784689,-0.5471115325657011,-0.4775070467625242,-0.29165779993760477,-0.305138317600664,-0.271025754192291,-0.26884265330973783,-0.2413116018080966,-0.20141534577142003,-0.08139142075870288,-0.04756301241063803,0.04422730465400709,0.22717378693553547,0.3391097700875774,0.435960798020677,0.6109222169634222,0.8548195426135934,1.008717858279057,1.1622399243531845,1.421929491343992,1.6521469147276178,1.834819604506555,2.0548721171186712
-0.040457583626075655,0.04690666423450869,0.13042201531571374,0.16503598427672822,0.3054737901133145,0.34504717249723166,0.45839507693468273,0,0,0,0,0,0,0,0,0,0,0,0,-1.4038633737764006,-1.0300544063628292,-0.8856297785943604,-0.8352244237390699,-0.777314766477542,-0.6090043117577536,-0.5853837472220806,-0.5271127204662915,-0.37934167766871046,-0.33332631001882207,-0.22812401830062515,-0.08220647547631134,-0.027786180190134433,0.08837891127873011,0.26616254709004905,0.3467228775202204,0.4017509752922406,0.5053246597343497,0.8546371794792293,1.1072548634174646,0.8947902467179292,1.2266618784424488,1.9577833196356522,1.4225888646661415,-0.5007745183300402,0.026308809632211116,0.9002462431205707,1.9560357216807804,2.326997667469638,2.5681649451869557,2.913828933667993
0.30005427972891036,0.3609475966317087,0.3871428210370259,0.42178267895558824,0,0,0,0,0,0,0,0,0,0,0,0,0,-0.9037794442928028,-0.7848613342889795,-0.7536291817810739,-0.5304753902938113,-0.4381514941056585,-0.37545252251517014,-0.2879397485091875,-0.16249121168906228,-0.06755224024231105,0.006201602086195487,0.19540346342030757,0.32053026481114194,0.4262026186802373,0.6571579821174722,0.8053416671828377,0.883249752664919,1.1943960157091824,1.3667876558747534,1.5310010877120066,1.6377118218855982,1.6295260740185071,1.6633892901271718,1.4574288824995763,1.4588331180839829,1.5719111988499852,1.6299836863699764,1.720055322980844,1.835576957570479,1.941394592823302,2.051717080741747,2.230569139136872,2.409134772099092,2.7812245375743494
0.3505672374374139,0.44516662658237083,0,0,0,0,0,0,0,0,0,0,0,0,0,0,-0.744565655993104,-0.44421541227824096,-0.3290214600538435,-0.2507808394855009,-0.10383960033378382,-0.03931024660384312,0.026385002167470514,0.10944148327736175,0.2644100684580102,0.3321408019455519,0.3958606824733469,0.4989064007557116,0.5958240863638946,0.6574827862597974,0.773495903793735,0.8228620536726343,0.8624327339149291,0.880610525929601,0.9301603052601095,0.9515568131036098,0.9286714633017179,0.9519527357010248,1.0237500140126636,1.0757210806469821,1.1276488724979494,1.2371426657361504,1.2809597465925633,1.4107295577884233,1.5381458451905663,1.668698311229856,1.8927975407088384,2.0703531539427966,2.204929320714853,2.5277249319179447
0.3650644998290982,0.4586044118318451,0,0,0,0,0,0,0,0,0,0,0,0,-0.44384731199889726,-0.28619106194629756,-0.27816441849936374,-0.15754027399518675,-0.12104508085439053,-0.06776772583358713,-0.017429247838917212,0.025317153296650678,0.05945841702764313,0.09101723028213059,0.11474787749786046,0.1593474483662719,0.18402384088800522,0.19453566048204676,0.19809943406781585,0.1991463780388271,0.20921981584601917,0.209466784083273,0.1845493769127703,0.2612971550542935,0.29781954522304654,0.3360002113911576,0.38044061879806435,0.43930934442839875,0.4506418400613685,0.5377535318098066,0.6438702730648833,0.7867754192159045,0.8455768008784182,1.092284016788048,1.2219948048568052,1.3700380562543142,1.5785282042811983,1.765544917576082,1.8471586244835263,2.123319884304623
0.3272891344105136,0.3609201236725034,0.3875776833909605,0.41311458686839,0.11286801319507168,0,0,0,0,0,0.22371947033612688,-0.47598319954778606,-0.4100631106504406,-0.38913644261508284,-0.3143171549460537,-0.283209457536507,-0.28734718429412964,-0.2425550872103495,-0.22915374914736067,-0.22891080168722744,-0.2138481748828047,-0.20443445704052518,-0.22701090545313457,-0.218626683358085,-0.22090060270803327,-0.24543851482236886,-0.25584465112812976,-0.2667615468437579,-0.2811397037224803,-0.2878778788222487,-0.2859458981424558,-0.25218270083295363,-0.2169864815419427,-0.14966081285538468,-0.135719807055215,-0.05307004779112891,0.04211341621074448,0.10288660257154833,0.1279293444017383,0.3553951074823342,0.42140683942080187,0.5574845719327719,0.617686724442478,0.7742580418762224,0.9448647663198015,1.0549232426887791,1.2523184787129522,1.3127671110492924,1.4505460208895344,1.6275564563303782
0.34781010336895213,0.3568601875096744,0.3875617983731324,0.4075448921885184,0.4204025012344709,0.46682104621405957,0.508661987549977,0.5601493265536843,0,-0.6843977000088757,-0.6841205237266091,-0.49928505624035774,-0.48036051751932923,-0.44819785611354074,-0.4234565638000022,-0.42679469284196386,-0.4670920522828715,-0.5075337368487185,-0.5330196221128596,-0.557410153536722,-0.5642941728318168,-0.5848392789561503,-0.6156810219289818,-0.6463761235750565,-0.645866784904366,-0.6621807843426455,-0.6628250304926144,-0.6248095549047732,-0.6396549718953898,-0.611327249656753,-0.5282713170262058,-0.5213729571577412,-0.5119874589313077,-0.4010155215443242,-0.38361028740628783,-0.32410788931873524,-0.2295719970728648,-0.12452101903090786,-0.07315869861743278,0.11734693327899928,0.16099577975257362,0.2607540460760325,0.3553271691433965,0.5095101610785289,0.6084876092025023,0.6744784948116996,0.8835991925703645,0.9773233327368749,1.1492116780552375,1.2870609296592128
-0.1103170777315901,-0.23111160356262042,-0.2937695942926671,-0.3715828135748301,-0.40180504220563934,-0.4433744454993337,-0.4696271867586891,-0.4748022372314319,-0.5055495102338449,-0.5527173060631768,-0.5814571697313636,-0.5931217328209053,-0.6248860772432292,-0.6366117735135165,-0.6539297746645881,-0.6897333918407695,-0.7380694185133919,-0.7540591703774709,-0.7615547147501887,-0.798926926033001,-0.7931004437460998,-0.7897850754384694,-0.8145283759860349,-0.8047813422286172,-0.7677405618159328,-0.7738656915068184,-0.7740715032597089,-0.756197918218996,-0.7586823818673277,-0.7234694877346205,-0.6576285611550374,-0.6396018205027811,-0.5943139644285607,-0.5109568008127153,-0.4440851610751995,-0.4176700368391717,-0.28776144543121435,-0.22582173193797506,-0.1710782274888083,-0.053322268028069886,0.04047452259794304,0.10038125949609396,0.13994780280553512,0.27335225268929303,0.3506585869271435,0.4544268927680239,0.5683898294490695,0.660153273092699,0.7758618063829893,0.9251947244350253
-0.4797410252264823,-0.5029271285091778,-0.5211090587033522,-0.5786134545455034,-0.5640001797376114,-0.5949545768617408,-0.6645635273801486,-0.6727390650572191,-0.7030542203191795,-0.7468747745675876,-0.7649091855205756,-0.7829905891664936,-0.822200778829985,-0.8333664632684861,-0.8365240203114568,-0.8470119429088752,-0.8572021302306151,-0.8570274448443109,-0.8347113184713856,-0.8499061863459932,-0.8264139275414387,-0.8143288499448033,-0.8297867434993267,-0.8228808980162841,-0.7944436306165753,-0.8049738242382877,-0.797868340367295,-0.7536273708210485,-0.7700461168302187,-0.7340423256710421,-0.6713479040811094,-0.6422544563453193,-0.5937100673469725,-0.49604926895274243,-0.45212918874228847,-0.39730211382416114,-0.3145099320625094,-0.2544417249435254,-0.2334019253004198,-0.11384084139257192,-0.08063670678463129,-0.04318619857979312,0.03635374658310606,0.14142212826444897,0.22911543059437522,0.2793464013811261,0.41312395492220033,0.4794064148562311,0.5396893654436649,0.639532744608163
-0.6232256240018187,-0.6520133649343358,-0.6626710969338714,-0.7105725456743659,-0.7321459878728745,-0.7575957966541633,-0.7841450806045666,-0.8049610381915564,-0.8180067747520379,-0.8531910233747164,-0.8571414582189131,-0.8369474107980609,-0.8630293218992529,-0.8591922790318959,-0.8460010450086972,-0.8399199839223958,-0.843659733514475,-0.8333373182814764,-0.8273864002089879,-0.8338135412167498,-0.8211006929713613,-0.8153741200893773,-0.8290747350518604,-0.8263562866812095,-0.7871526562186888,-0.8010893521849465,-0.7754628797800008,-0.7235122641449756,-0.7046896214176721,-0.6585012991158522,-0.6015929913380643,-0.5594123703092678,-0.5422741198757413,-0.4623588635446728,-0.41817111373629395,-0.38304284509543823,-0.3323200363692895,-0.2759034088190495,-0.24547400672907982,-0.14240720912146454,-0.11144049439746184,-0.07331263994290814,-0.026779004055638902,0.0426285916410658,0.10797569363304559,0.16680271523161305,0.2914349516139074,0.3534664441289864,0.3663553153265071,0.5039487076790625
-0.718873885328824,-0.7420993664165194,-0.7526627830336903,-0.7805538204314593,-0.7773192871819528,-0.785709895992448,-0.8061925861718646,-0.8103124357097407,-0.8058426709448548,-0.8208762961459389,-0.8134044565940688,-0.7964108662577482,-0.8048044945359534,-0.8036247635595137,-0.7819297842571683,-0.7868202449138308,-0.8058602496228023,-0.7994462604752022,-0.7964092214197334,-0.8120518587727834,-0.7956627051345888,-0.7833907299062307,-0.7830658274953637,-0.7808326737892166,-0.730736348562617,-0.7152447844520027,-0.6996807948546012,-0.6494268618519615,-0.6272988471238711,-0.591109620221027,-0.5401538586536476,-0.5169368550741196,-0.48470336702541084,-0.4207731855059191,-0.37759390533927706,-0.37480966096028034,-0.317097426689246,-0.28041684776294773,-0.23009973789429014,-0.1866519900676605,-0.14038965770790465,-0.1028948752246656,-0.04567129678015346,0.032614430269963704,0.07495299933236849,0.12660104112406972,0.2111915239143075,0.24256960640597636,0.301636649345119,0.3883489440633739
-0.7507328409068716,-0.7443578044086296,-0.738047568563368,-0.7547183859382567,-0.7424259517019092,-0.7320406821454161,-0.7498304397699435,-0.7542070242293286,-0.7293060852806873,-0.7366375137046829,-0.7436325573422848,-0.7418045532795713,-0.7731961158723332,-0.7733833201854079,-0.7611571378472665,-0.7705739831122328,-0.7893396924638812,-0.7748154365776443,-0.7749946773170026,-0.777110791604053,-0.7556237373742991,-0.7604427893683591,-0.7476882856752548,-0.7119372701843363,-0.6724928391923531,-0.6611915354742738,-0.6371124033526281,-0.5708875651595966,-0.5622481537077785,-0.5411426525729647,-0.48460750328241897,-0.47288421663769875,-0.4491123186445613,-0.40374462679309464,-0.3915027090612227,-0.37259352721268835,-0.33681648149463866,-0.3147319810492559,-0.27745864591199315,-0.20290489406703138,-0.16650650217222526,-0.11113337303791526,-0.09001144576171326,-0.019740133826714638,0.015378663664391388,0.06144637165342589,0.1432623376301412,0.1768024192395108,0.18414110024403324,0.2756481783597944
