jsons/1312758000.json
{"header": {"parameterUnit": "m", "parameterNumber": 2, "dx": 0.1, "dy": 0.5, "parameterNumberName": "Eastward wave", "la1": 40.97354507446295, "la2": 16.46031188964855, "parameterCategory": 2, "lo2": 133.9931640625001, "nx": 191, "ny": 50, "refTime": "2011-08-05 8:00:00", "lo1": 114.97908020019554}, "data":
[rows 22 to 43 of 50, columns 49 to 97 of 191]
0,0,0,0,0,0,0,0,0,0,0,0,0,0,0,0,0,0,0,-0.37386797096385155,-0.1404982893432143,-0.20974383187972892,-0.04584374219891894,0.06809044868187429,-0.9791554773908875,-0.8985745169776996,-1.2124617200582408,-1.461655620265632,-1.8300968073228114,-1.8318361316098064,-1.8552196553824374,-1.8971233201963178,-1.8489887119486188,-1.7972253825550064,-1.6980908647218085,-1.625300057965597,-1.4763401294021905,-1.2593041821520021,-1.171885697345402,-1.075161317854717,-0.9408032155884741,-0.8711326580338502,-0.7788303005584661,-0.7158788229042615,-0.5115536390843753,-0.46359698664711085,-0.5605417713266804,-1.2724609929570398,1.4744237030698335
0,0,0,0,0,0,0,0,0,0,0,0,0,0,0,0,-0.02882011334844923,0,0,0,0,-0.23561546997434762,-0.5091540010262162,-0.6988111951010231,-0.8676773027545645,-1.0333580190868727,-1.3361027939375447,-1.578820884640204,-1.8138374380643258,-1.8677373513687197,-1.886903536564505,-1.8176794196383401,-1.6588073703457455,-1.526311145445231,-1.2795830566515585,-1.206186911656367,-1.1109804998315176,-1.0455515397553952,-0.9718709639778189,-0.929997989422367,-0.8122935079085286,-0.7375837510841385,-0.6665228338542377,-0.6187461293740997,-0.49449392986289514,-0.44058913614525663,-0.33367718127055773,-0.0806554213984717,0.8241222158643305
0,0,0,0,0,0,0,0,0,0,0,0,0,0,0,0,0,0,0,-0.021546475394910558,-0.007673566012060813,-0.19383382950793565,-0.3480595243093784,-0.6617656654919295,-0.9618989566516937,-1.4236180710189823,-1.6592751732835063,-1.7641023363015833,-1.8630209369973483,-1.8485475043851394,-1.802467361198012,-1.6183310876984622,-1.475518844660468,-1.4144728471131653,-1.2974152915602866,-1.2204505083168322,-1.1388928418692637,-0.9800803796454794,-0.8808913484703172,-0.7728681208717681,-0.6400832231103178,-0.6028743810918,-0.5192700369389671,-0.511942267035804,-0.3826927602463434,-0.3345974192148099,-0.5075735196237097,-1.3372792224122,0.18010000740507512
0,0,0,0,0,0,0,0,0,0,0,0,0,0,0,0,3.3038944722661223e+38,-0.3621407752731245,0.06554137061486523,-0.006574330647563867,-0.21899375825832362,-0.6934258600891882,-0.9815064371944761,-1.2973262886400245,-1.5036614356368008,-1.719430236575109,-1.830672435896887,-1.867530528545436,-1.8487974604680553,-1.763302193219586,-1.6798016977626211,-1.453311192960323,-1.2935445598703286,-1.2078952994982122,-1.0907198377579506,-1.0060465800787302,-0.9411653381431788,-0.8464715305614946,-0.8159326372315039,-0.7367084579245214,-0.6358703522566026,-0.6082893365218128,-0.5503981584861503,-0.4831004341665494,-0.40077999027730504,-0.3539457083439398,-0.3033102588329844,-0.18803856209758657,-0.6147983592539805
0,0,0,0,0,0,0,0,0,0.06929715362891975,0.18442720142492025,0.2775124281296357,0.3574512797858781,0.49663356047339735,0.5061250702928023,0.34933793093584176,0.22315937015801052,0.052123921783145066,-0.43533590623902907,-0.7477559612658539,-1.0561063203522778,-1.3638121821979534,-1.5477396166531252,-1.6646788128979921,-1.7367030656479778,-1.8229715564548612,-1.839182873183396,-1.8336428015985884,-1.7649450195894467,-1.6405403266179879,-1.542833666304888,-1.337653512339898,-1.1920416099325517,-1.1657350285202088,-1.0800264567865605,-0.9731358004488418,-0.8262337562513881,-0.6661711067553153,-0.6682835613533051,-0.6050727970196249,-0.5384465800923883,-0.49392861006873084,-0.4707096973873929,-0.43215814873889546,-0.36410118778836453,-0.34161615121377126,-0.3002432793519306,-0.2261427321319682,-0.1678335285249988
0,0,0,0,0,0,0,0,0.2026513747230184,0.24164473077559165,0.2581150958789216,0.19711644837731981,-0.04252979186330668,-0.183941179341429,-0.34113842814048917,-0.6703761300200838,-0.804782851048819,-1.0136167594404772,-1.2707749120885359,-1.4267044543838165,-1.5558364686652775,-1.6857610163639911,-1.7410134141485338,-1.7937568564619908,-1.81101526161096,-1.8450230855886618,-1.8413890643579145,-1.8151551898584999,-1.7546647561954933,-1.6506452393383853,-1.5628707651652758,-1.3942347428736157,-1.3038348385673566,-1.2389864334431007,-1.065350341151006,-0.959642681982529,-0.8234158114090471,-0.6939493271755408,-0.6305636350265515,-0.5912537297846236,-0.5317307641813191,-0.507338468285717,-0.48267149518202335,-0.4308109976804654,-0.34333315641656464,-0.2997271041062108,-0.2776335064212026,-0.2109557874408196,-0.20508047227650678
0,0,0,-0.4086055367918763,0.28514728228995306,0.26210170183223036,0.19626958485763843,0.14305772448286988,0.0324231428914081,-0.20341585589545902,-0.30664079995722876,-0.48585157015723823,-0.7197917581916196,-0.8689606565252432,-1.004120874946407,-1.1685550197588745,-1.278628066436661,-1.3962402571324555,-1.5158067752993751,-1.5920597744400729,-1.6640636632272408,-1.7167743013666994,-1.7566670376421987,-1.7922501125654524,-1.8089320830694324,-1.8249844074091046,-1.8111891852783784,-1.8054535667609328,-1.7051358269762829,-1.6006537981786424,-1.5401142452564978,-1.409201159009931,-1.331102064906086,-1.2738746719511083,-1.0498679204019696,-0.9754689295412371,-0.8659767785038764,-0.7747826145685051,-0.7405013750150117,-0.7172575547685904,-0.6501138343622055,-0.5660186576621,-0.49381207742529776,-0.45638226098165574,-0.38640163907700353,-0.348896662336529,-0.3117665746012124,-0.266973787578576,-0.237974638629441
0.08462208907125271,0.10276511996841212,0.009808213557624047,-0.0758785413058535,-0.17231880354552884,-0.406555805080982,-0.48480749212401464,-0.6005455026854893,-0.7095318941047422,-0.8797637968088224,-1.0117681342105673,-1.0896801781960563,-1.222778603398088,-1.322948209233178,-1.3881916273335724,-1.4746298502711523,-1.5177608685896076,-1.5714541619619167,-1.630065299645274,-1.653342512339816,-1.700840589121773,-1.7521995706778215,-1.7747859243908382,-1.7881555308129504,-1.7937278876607299,-1.801734066005792,-1.7918688928564719,-1.773265085286221,-1.7337652137185,-1.6654261784815416,-1.6226690124363756,-1.5385926390462117,-1.459420777924645,-1.4039651747375923,-1.2528874848771503,-1.1207644826459362,-1.0042884687192248,-0.9460354301352151,-0.8964096537040662,-0.8545121242369207,-0.8340600584267458,-0.7828457498203034,-0.6590197518042176,-0.5906469533549985,-0.4507836888746749,-0.35762051320014115,-0.33201199550034133,-0.24136276052998995,-0.22443967997426495
-0.2611666452437124,-0.38671140258894515,-0.5504853729041612,-0.6229125151703764,-0.7375269701418242,-0.8563936443567103,-0.9303736497198586,-1.0278370501761376,-1.0901884658506902,-1.205413552197726,-1.2836016276773974,-1.341259396146277,-1.420638089418175,-1.4845088026196922,-1.521855338496099,-1.5665390357111586,-1.5881190003866728,-1.6250447394127552,-1.6545464668385217,-1.6798827905048759,-1.7139859833627444,-1.7436547929034252,-1.7642349818891725,-1.8068392312759134,-1.830210993540169,-1.8371080509806696,-1.8336516592317376,-1.8152808326521763,-1.7769931007313524,-1.7389095023470396,-1.711287144836723,-1.6517815717895798,-1.5788289087365397,-1.5256033054727849,-1.4063775632015734,-1.3434642675859279,-1.28864642137239,-1.1447348962733772,-1.0779359914520168,-1.0397057310855746,-0.9794266673564782,-0.9162417450947757,-0.8537950321667271,-0.7289506994373549,-0.6050536952165328,-0.5272970435398177,-0.4647810455885422,-0.37226691638874315,-0.2975900108605807
-0.6201580016341594,-0.7979609585808025,-0.9391713757814685,-0.9947392430464428,-1.0696454265769413,-1.1589201742568123,-1.2109256183452282,-1.2767321040138597,-1.341442486427412,-1.3973968585225562,-1.4693124354168514,-1.4976370085342288,-1.5328456349405217,-1.5569001212511426,-1.5717727269717194,-1.585331162790472,-1.599928765809332,-1.6467537902614184,-1.680513068927309,-1.691683417781203,-1.7320452709888956,-1.7643281917067166,-1.7955434938726844,-1.832627243996718,-1.8386441214167382,-1.8356580104376172,-1.811334377644036,-1.7970585868769566,-1.7749114777652244,-1.760416499081501,-1.7476372739979738,-1.7151727032909019,-1.700004746386543,-1.6744475277249324,-1.6162302322726414,-1.5591088198060332,-1.4251309348521914,-1.2660832935801403,-1.194745687369788,-1.1074593547788092,-1.0160716986351186,-0.9527585784772268,-0.8769639590969104,-0.800232872486685,-0.7228632085498982,-0.6751043052285663,-0.5314659036622859,-0.4266744047761979,-0.39471377452499207
-1.066295558986937,-1.1316114868031344,-1.2132365069176214,-1.246898715392877,-1.313420282743353,-1.3571345772869676,-1.4019881646473311,-1.434422670850976,-1.4735141151385152,-1.4987753242315547,-1.440966055541266,-1.372672267891564,0,0,0,0,0,0,0,0,0,-1.394681757360615,-1.6404236734862376,-1.763400988582717,-1.7851389519743832,-1.8122867580369086,-1.8106486993853717,-1.8194954008612798,-1.8242218760026914,-1.841535206670191,-1.8437597042568992,-1.846138729119399,-1.8474459546848463,-1.7914659249681262,-1.6884948746883865,-1.619269775087026,-1.4954253415078664,-1.4079433083772523,-1.3679793470008204,-1.2916119386917448,-1.195505502437099,-1.1348780635123468,-1.081819098214518,-1.100728302154556,-1.0830909213537971,-0.9917281792195212,-0.8460528918988163,-0.6814155719972503,-0.6373051173938017
-1.2487194013369296,-1.2680462377040245,-1.3270280599779452,-1.3504688530730964,-1.328513664889423,-1.2917006860963944,-1.216516073887692,-1.0411289076856514,0,0,0,0,0,0,0,0,0,0,0,0,-1.1403680294526668,-1.4524739009991934,-1.6115648355224113,-1.7249365358356643,-1.7539601486859486,-1.8070382255280344,-1.8266935903934067,-1.8406039451869838,-1.8622762117334843,-1.879941635034039,-1.8904652750530042,-1.8873735937565772,-1.8871723105091411,-1.8503164715579217,-1.7968641334013937,-1.7437773610066225,-1.6574919832649688,-1.538518230866434,-1.5366504595459678,-1.4615763292884747,-1.4922062764402202,-1.4457688135867304,-1.410986455839746,-1.1259689136329443,-0.42381040173485224,-1.4103099692480139,-1.3964013177809271,-1.1196858573905408,-0.9835499845393129
-1.2053544205823563,-1.1761040331518644,-1.06376227522392,-0.9657177389965794,-0.8369920834696505,0,0,0,0,0,0,0,0,0,0,0,0,0,-0.8707140602182423,-1.1230259072487982,-1.4008171459649275,-1.589791362892113,-1.653712992259887,-1.7299981031961154,-1.7612980195608194,-1.7984456711130008,-1.831457709278152,-1.8549174864318065,-1.8616509479070629,-1.8895148000869417,-1.8959731403990996,-1.892152383196275,-1.883397307661108,-1.8536134852750694,-1.7903659456664078,-1.7493240357606876,-1.6209581185163868,-1.3432860028149356,-1.050434518456384,-0.831404333786677,-0.8153011241182663,-1.0156218936902996,-0.8879208161029691,-0.7179990434974646,-0.6754626997210198,-0.842807381549156,-1.0464868904236173,-1.1674483720352615,-1.1969774463880563
-0.9496256729305775,-0.7052859125559181,-0.4200952259487484,0,0,0,0,0,0,0,0,0,0,0,0,0,0,-1.00220905963106,-1.2579438424537028,-1.4068850854593087,-1.5454203491184695,-1.643350615890671,-1.690931536448825,-1.7372643226447706,-1.7708531342142015,-1.801511330282869,-1.8443577228711208,-1.8646204651055518,-1.8618961585946616,-1.8780102884292962,-1.8909001169794022,-1.8909819633398683,-1.880532563566676,-1.8511873732284294,-1.765625282097141,-1.7205560806454883,-1.6256084830915147,-1.48026641334502,-1.377904790907359,-1.2367782059763064,-1.1791028687762082,-1.1486796371066088,-1.0815233004615878,-1.0675706436926033,-1.0574932800096566,-1.0850770271180037,-1.147973725539998,-1.1977029925472005,-1.2283786586168033
-0.6644499621774869,-0.6326289520603686,0.6231130885350549,0,0,0,0,0,0,0,0,0,0,0,0,-0.9624045949134861,-1.1269849652464659,-1.3063215076139718,-1.462753699587669,-1.5435534175889392,-1.6265143430019064,-1.6952738819061703,-1.7233934116154241,-1.7724771134704156,-1.7958341925065913,-1.8095748372893299,-1.8458652695705624,-1.856078231263382,-1.8656136086135704,-1.887243106558503,-1.8984683765989585,-1.881032349959562,-1.8508031083426013,-1.8213228944061908,-1.7405436107158565,-1.6987967298190896,-1.6140100731216036,-1.5464659139630788,-1.510944004164964,-1.4442017341887403,-1.3668067598830524,-1.3357045705751402,-1.287002858527418,-1.2706439899450679,-1.2353892625626925,-1.2231540914939798,-1.2152215861937279,-1.2028572947177025,-1.2112890539987866
-0.5023331598666987,-0.42039405500411386,-0.25645165137246284,-0.3134231296720848,-0.5415068437514842,-0.47751447987285833,0,0,0,0,0,-0.9424853668322702,-0.8086721019869525,-1.0279922355942812,-1.1716687595217326,-1.3263395904644695,-1.4215329249540494,-1.5286359595714218,-1.59564249365244,-1.6307515643764974,-1.6927254858521363,-1.7381849587066158,-1.765262103414254,-1.811438435913945,-1.8226452982222492,-1.8458051735653558,-1.8523428799527182,-1.8568403538989795,-1.8598735107041642,-1.8616938067729738,-1.8535822894927463,-1.8224163212334363,-1.785817035527609,-1.7510770172420764,-1.6626481389829482,-1.6543892176033193,-1.6043485603030958,-1.566083820678697,-1.5452303701380414,-1.5264745427751973,-1.4830937283148453,-1.4424512071330302,-1.3805736939691506,-1.3626025047240065,-1.317372218917784,-1.2958523342261727,-1.2846944774330067,-1.2617205126158613,-1.2581703336957073
-0.4965640107974314,-0.49069327975963706,-0.6190958566866521,0.614088697056403,0.6064903422036987,0.5136457020649969,0.5738560524380508,0.598383983987026,0.7161122324921445,0,-0.9600085247399986,-1.1199658231400684,-1.2761393327044326,-1.4166828580228852,-1.4951160003713353,-1.596446403604455,-1.6462389040102765,-1.6793676424600168,-1.6971250594220484,-1.7201570572684275,-1.7587846904501179,-1.7779965868660745,-1.7973925946487053,-1.8409698410398565,-1.8602574200040207,-1.8487854889748403,-1.8504561873673897,-1.8439930388835095,-1.831908797695794,-1.810804733312079,-1.7978914767863652,-1.7538788303447204,-1.718811663622746,-1.7007592944167396,-1.6635386559098695,-1.6517565309057993,-1.6189245359571889,-1.579845074122509,-1.5604923375709694,-1.5418217732268809,-1.50037266632964,-1.4798014966278141,-1.441318323833651,-1.3978834136475946,-1.3942299791634576,-1.3939753113879605,-1.3850181054994235,-1.3246374498637894,-1.304764380411698
-0.6576411931060909,-0.7724005306235759,-0.7502757028098359,-0.7757706869924035,-0.9312923436666108,-0.9688250350171365,-1.1311256046925309,-1.2539201525257033,-1.336049558812096,-1.4091445741489248,-1.492920106940528,-1.530217927513164,-1.5952281627262288,-1.6510697935491139,-1.6773206870397315,-1.7098348327642752,-1.7371736428648155,-1.7566652441991126,-1.7683233838929564,-1.7842821532786193,-1.809418275368196,-1.822115376865617,-1.8230837514199199,-1.8281526544781312,-1.8231129141997895,-1.7997385334990437,-1.796601824074404,-1.7897688677833163,-1.7446649212318865,-1.7361023473982333,-1.7255161837513142,-1.7028886743642202,-1.6809037391865849,-1.673709774011049,-1.6548132747038338,-1.6300524400847214,-1.607229559923053,-1.5761507111521043,-1.5573551563882169,-1.5449332261849882,-1.530189897004488,-1.5085382575971515,-1.4869549662348986,-1.4680622025181045,-1.4272476880363856,-1.420779297664693,-1.4198046327161955,-1.3727842794143061,-1.3350469707281964
-1.0328588036560367,-1.1312942425571983,-1.1704306010452754,-1.2071798132749223,-1.3564427864960071,-1.3864139252156333,-1.4233507656114903,-1.5147011708134965,-1.5229085790506824,-1.5652297241486344,-1.5983077470708755,-1.6300677409723516,-1.663949978481721,-1.7053581081797278,-1.7225821229273643,-1.7444459532353975,-1.7532980546910326,-1.7688265456819932,-1.7845885517959184,-1.7879618686297212,-1.8054539538062733,-1.8059368200078132,-1.805449733309856,-1.8128456721314443,-1.8118679923864842,-1.7994017226866181,-1.790703076267932,-1.7794392106054475,-1.7473912924319177,-1.7196803392716582,-1.7086112775900484,-1.6829533365794107,-1.6693114278541863,-1.6550326405745734,-1.6314678627037351,-1.6191421229576497,-1.593637846611602,-1.5675537620946345,-1.5466179378782725,-1.5356289580771165,-1.5036795781749943,-1.4905140627798565,-1.4914849566500674,-1.479016103956388,-1.4606161792704229,-1.469684685654105,-1.477350809875808,-1.4328495251726319,-1.4064966434853539
-1.2502456611855606,-1.3212716680081134,-1.3842846548244165,-1.3975947314280464,-1.473024461751445,-1.5121693387897066,-1.5321971437675044,-1.5611549444545472,-1.5873497152559006,-1.6081429819863526,-1.639765328993453,-1.6485926115671687,-1.67764897494474,-1.7012834915728694,-1.7150642388784227,-1.7298759378110358,-1.737123763616495,-1.753452417251712,-1.76101722580863,-1.769831999366782,-1.7718459110288025,-1.7680291572280766,-1.7673411140885744,-1.7681114662360011,-1.7672804172225254,-1.7562715357351915,-1.7553394503452207,-1.744691633665869,-1.7232174114338703,-1.7064510514667484,-1.682053233656322,-1.6634973372785549,-1.6407730649293126,-1.6269810452978521,-1.6206912562824713,-1.6011409665210956,-1.5919242949163648,-1.580484897768414,-1.5637637874925263,-1.5491733528464062,-1.5254400191108055,-1.517355023719939,-1.5058605787569166,-1.4967321086772576,-1.483681236657946,-1.48352403157943,-1.4777536992369182,-1.4551846438292737,-1.4384339121772296
-1.4058697682728447,-1.4437244557021824,-1.4846804673388572,-1.5037896505907993,-1.5377561898443015,-1.5576079817149793,-1.572478364660338,-1.5795274861656055,-1.5913957510750758,-1.6125453287214513,-1.6137581166681565,-1.6391490131878248,-1.66861623469895,-1.678337684054954,-1.6881655644066182,-1.7020502667972401,-1.7087184681638412,-1.704363435294336,-1.7042123861477998,-1.70446215621095,-1.7208457575555893,-1.7242435991397584,-1.723981426119087,-1.7352165222685967,-1.7387844724042592,-1.722125118969477,-1.7098886245077989,-1.705010309015436,-1.6875122003145486,-1.6804978754519801,-1.6676231306736875,-1.6488458899118972,-1.6447312710401827,-1.6368536283263948,-1.621498480300762,-1.6161364319109923,-1.6211590979266841,-1.6029888926553884,-1.5900903069194305,-1.577769565181901,-1.5662982192191075,-1.5523970843793735,-1.545744928865761,-1.5328152347878612,-1.519602448399214,-1.5175953345972835,-1.5091015808195838,-1.4929216836669714,-1.479634157506006
-1.4548599569274379,-1.4901117401359123,-1.5140255010128707,-1.5263782268126354,-1.5431627059921236,-1.5620932821834739,-1.5736642692318998,-1.5810395148458536,-1.5859477650928884,-1.609030424353059,-1.6282272821808859,-1.6295104269576046,-1.6431755868118523,-1.642654283018321,-1.6435902494681542,-1.6572366622069028,-1.6610152936118052,-1.6623273038031374,-1.667040212751052,-1.6698414037820262,-1.6726535618807945,-1.675488730254817,-1.6705021521891572,-1.6763478208667,-1.68072034108529,-1.6785337748592142,-1.6804723198395586,-1.6787373545573223,-1.6673259037418466,-1.6613088514855194,-1.6613388392048505,-1.6502912736748778,-1.6521903450972528,-1.6500915894599024,-1.6365873835078695,-1.634445714674093,-1.6284845275052144,-1.6071002942462043,-1.604195064960163,-1.5970747456032026,-1.574856989286417,-1.571146321693628,-1.570484884084511,-1.5720189147244752,-1.5480737981623294,-1.5522048249103313,-1.5375795188036896,-1.4896694854980443,-1.4735553147670108
