jsons/1312556400.json
{"header": {"parameterUnit": "m", "parameterNumber": 2, "dx": 0.1, "dy": 0.5, "parameterNumberName": "Eastward wave", "la1": 40.97354507446295, "la2": 16.46031188964855, "parameterCategory": 2, "lo2": 133.9931640625001, "nx": 191, "ny": 50, "refTime": "2011-08-05 8:00:00", "lo1": 114.97908020019554}, "data":
[rows 22 to 43 of 50, columns 50 to 99 of 191]
0,0,0,0,0,0,0,0,0,0,0,0,0,0,0,0,0,0,-0.5060129178648606,-0.2961547136398004,-0.38839373884463946,-0.17349215889363945,-0.13393212720146752,-0.4442157018748025,-0.40864897067336703,-0.5312129421925501,-0.5251487920970592,-0.4541912587464614,-0.5162831871614201,-0.5359383051466164,-0.48872445352415306,-0.4828748534246505,-0.47640968297697683,-0.46169697817405525,-0.45938525398847446,-0.470996975208838,-0.4847337784390983,-0.44839191921354793,-0.4296615892309328,-0.28208764974573275,-0.25963318185433276,-0.22654537917544484,-0.20109622777480285,-0.12578250842246727,-0.08383935786817695,-0.04420651605981976,0.02776390522513541,0.06322739919150824,0.08286862246160709,0.14056795564617067
0,0,0,0,0,0,0,0,0,0,0,0,0,0,0,-0.3002230814681948,0,0,0,0,-0.38058365202498556,-0.5218029573548741,-0.6256802127468057,-0.6230351837843051,-0.6581326515041114,-0.7017015678825481,-0.7066393756664726,-0.7300258718579045,-0.746681552059435,-0.7575638382817927,-0.7785468619449094,-0.787152620372703,-0.7885757068464943,-0.7608267186280582,-0.7109352005356485,-0.6475815014942655,-0.5637172335722094,-0.5497386229878686,-0.5317990410457046,-0.517988342209535,-0.4980275258291765,-0.48182809923951875,-0.4788023526755035,-0.377991511434712,-0.35642808563718964,-0.32323917946740993,-0.24362305547382096,-0.20224982344593992,-0.17869979668719677,-0.09683452039359212
0,0,0,0,0,0,0,0,0,0,0,0,0,0,0,0,0,0,-0.5217343438767813,-0.6320005652597852,-0.6094964324553925,-0.6581126568995688,-0.7469160485491292,-0.767014524195234,-0.8228877142917643,-0.9022727193601979,-0.9199310386576166,-0.9417269822611992,-0.982518174800727,-0.9909197298080642,-0.9367801011973215,-0.9334018726467552,-0.9429933209544404,-0.9326343207543298,-0.9415545036057271,-0.9319904013091506,-0.9490180107865249,-0.945832801484887,-1.0166366488500391,-1.0553630741585402,-1.057520244505432,-1.0961622676846754,-0.9857908039660661,-0.8441316160535068,-0.8240995369808485,-0.748858646021828,-0.6688342856875102,-0.6104617496733203,-0.5865185701706089,-0.4761787438532472
0,0,0,0,0,0,0,0,0,0,0,0,0,0,0,3.3038944722661223e+38,-0.5776202195695845,-0.5135936450741516,-0.6659637706315096,-0.8640790739843169,-0.9083261798088631,-0.9551965275153701,-1.0413257506834255,-1.1098715601902767,-1.1642269194356432,-1.1779316248656324,-1.210509557675821,-1.1600927036331155,-1.2152015598018553,-1.2392964326478078,-1.2785114679652165,-1.331284919465338,-1.3740385652693272,-1.3332755529397626,-1.3757284134943055,-1.404350920912054,-1.381493959785176,-1.3603593440208592,-1.4012995220728468,-1.3849897526504682,-1.3637698967709346,-1.3941129189091606,-1.3739677822721446,-1.3620691796353024,-1.3983484124820256,-1.387657538908002,-1.3979529637476844,-1.3912983168941775,-1.315064745512247,-1.1914141761163097
0,0,0,0,0,0,0,0,-0.27341838562834153,-0.3250623647795694,-0.445642987712122,-0.6570429361075828,-0.8252318370139784,-0.8317989860352262,-0.7787166799103007,-0.825783867436264,-0.9284690877207478,-0.9819221082686345,-1.0272225410930418,-1.1376234250032735,-1.1893829332721377,-1.2112170655637609,-1.2801295472081167,-1.2970119953412893,-1.3323297991231198,-1.4159241300914172,-1.4490504921710696,-1.5194779974056853,-1.5939829041150906,-1.6428763987703812,-1.7014855646539513,-1.8107512662375966,-1.8368001121864008,-1.8730147416091227,-1.9003675580094008,-1.999008735640119,-2.005006001710482,-2.024607644083896,-2.1473269122828182,-2.0662307105416886,-2.0724375764485354,-2.1546510904134792,-2.1401359391853454,-2.088636177755503,-2.1940715715911554,-2.164537733175005,-2.1321775246718553,-2.1716527578720535,-2.1631400203198545,-2.1336230252745674
0,0,0,0,0,0,0,-0.45090387337636945,-0.6643116646613224,-0.8463843527114199,-0.896344327885893,-0.9499154406516607,-1.0472179358211644,-1.0999352751323006,-1.1825871786695912,-1.2307233956859622,-1.3346438941094905,-1.3451313787631085,-1.3787989492596662,-1.4513345381487306,-1.4919105478363166,-1.5395990971721039,-1.6530901415188155,-1.70571365565252,-1.7870535111205275,-1.908320596779498,-1.9824015045582135,-2.0240133970202554,-2.1459570262621663,-2.196201663555291,-2.2753765180403223,-2.395477082341427,-2.478550865974911,-2.526130803321654,-2.600512011839152,-2.7226076541896598,-2.7727593326524023,-2.816836257923824,-2.92477517054494,-2.980035392350761,-3.0101589064904277,-3.159950498943656,-3.2210679581664565,-3.2701627080599365,-3.4465704431698554,-3.46602178746336,-3.466577093252485,-3.6133658788040157,-3.6243186907744933,-3.5966465869730095
0,0,-0.5672682888962747,-0.5779881162921562,-0.6736796518763635,-0.7114796478347739,-0.866019553007736,-0.9247975787008627,-1.0033765311142693,-1.079816852684811,-1.147748611850719,-1.2114290534562275,-1.307007212751652,-1.3568004990267089,-1.430901848310785,-1.4805921970045803,-1.5758631515184833,-1.5988499529038742,-1.6636198788849883,-1.7945145473232198,-1.8863399430096368,-1.934301743095257,-2.0389132699831327,-2.096475583940217,-2.186410235275099,-2.3395256957488457,-2.37980000636337,-2.533788965299212,-2.675527135240377,-2.7602944711879536,-2.8677093941246476,-3.0318420802763235,-3.0991046550608665,-3.2012304957626316,-3.287054297937667,-3.4817031221496135,-3.5299908683845307,-3.598969185474434,-3.800167724774129,-3.9554580380671385,-3.9829927639856555,-4.283477359939865,-4.353758155335986,-4.462827586693101,-4.6732475072122694,-4.766013845614577,-4.89987465790418,-5.163103965763043,-5.284468453077922,-5.168595135018978
-0.606868357161298,-0.6640631219311635,-0.7513494948704791,-0.8606707758028866,-0.9380137115925035,-1.0142425222909859,-1.1142262101763092,-1.2200691395273406,-1.2644371641590326,-1.3183324739705229,-1.350594779543766,-1.4216618238722096,-1.4852357791073738,-1.53716072227344,-1.5732706047997878,-1.6599513624987432,-1.7621906171330364,-1.8535431025229812,-1.920006037821011,-2.049207534570704,-2.1443738616611814,-2.2288221487224544,-2.3863061837758166,-2.4536585603439085,-2.5657211719545954,-2.725884115820479,-2.805671124798652,-2.915506862939287,-3.095886436908135,-3.202730867645933,-3.3288285918795446,-3.516700742669649,-3.6117676844747084,-3.771218812363351,-3.9131791010390082,-4.122405725251493,-4.3024512787844085,-4.381714559469952,-4.591114021381925,-4.779518260968426,-4.887254550379281,-5.199752814456453,-5.342377599620662,-5.563799716158505,-5.869752100875381,-6.0622389406646,-6.262090836242007,-6.565948790612883,-6.704447656859647,-6.835724499478467
-0.9006094089305776,-0.9420269328633083,-0.9878271709011155,-1.0727982265567002,-1.1294622086799195,-1.1747636915973199,-1.2461848920741327,-1.2843684664423334,-1.3764926307689556,-1.4496128442629692,-1.5129109660829345,-1.5878292120797814,-1.6960038241704793,-1.7547086300520327,-1.8367410555121353,-1.897771979895764,-2.007629378530852,-2.0762321072887797,-2.153438513159091,-2.2883363568642823,-2.4131416834112502,-2.499088112455833,-2.6522395540082755,-2.7378649483185304,-2.843682848075117,-3.0368315880457577,-3.133089873210165,-3.2718593746604174,-3.491509397872362,-3.578717667801005,-3.7325200007551103,-3.9332261306121454,-4.0271190284869025,-4.210972573576923,-4.331423117202667,-4.582850253721301,-4.804724574706969,-4.891897858181621,-5.195859319609161,-5.39997474616341,-5.497601990298277,-5.811500033010432,-6.015835775349099,-6.231716038563542,-6.596945570373075,-6.81098541955141,-7.07510958566113,-7.478437811093679,-7.619231204633294,-7.8944177497493735
-1.030016431541507,-1.0886508382318298,-1.1328071912014193,-1.1998415532511895,-1.2688141784315448,-1.312593528864922,-1.398174469970133,-1.4610642208864566,-1.5095583721714898,-1.6105409146126854,-1.6779459567014998,-1.756164263377502,-1.8785306965929274,-1.9545013892408227,-1.9871991855070112,-2.0835107815793865,-2.1869913238937886,-2.274730284167914,-2.339736605185243,-2.5163073450185403,-2.5885877690259242,-2.693900100750166,-2.854640163324068,-2.9745068641370125,-3.1053968758228327,-3.2892167656164744,-3.394309744589963,-3.506172178737625,-3.6759279794771054,-3.7649562368397707,-3.9207988046354614,-4.089788789895305,-4.241946975486997,-4.38614916963133,-4.523777687973513,-4.7798284683809955,-4.993417129517714,-5.1189864720756875,-5.457493618545046,-5.555015651377696,-5.763001224964963,-6.103217496642664,-6.286689706287423,-6.4308707604844635,-6.768140624203552,-6.987012419508313,-7.197062852332067,-7.580569241202532,-7.797898226465858,-7.98872939121829
-1.210087176804115,-1.2587849180195922,-1.2821835229557774,-1.3313183241983197,-1.3820751378033116,-1.4246568697447362,-1.4680305099881215,-1.51654696324152,-1.5049118615082049,-1.4315866737729508,-1.3482702602329548,0,0,0,0,0,0,0,0,0,-2.13855791881576,-2.4527077419830183,-2.736534052677842,-2.8723182640507843,-2.995873474194188,-3.169704348571364,-3.2933341913788547,-3.375384996972422,-3.575219238668969,-3.6338646682151,-3.706630651901457,-3.9027324625834448,-4.04629995556691,-4.132181536497488,-4.324140924312982,-4.634251695162668,-4.797187107807281,-4.922886586382899,-5.191951268411851,-5.391382803585639,-5.5414890632395535,-5.881034116608533,-6.035780744159988,-6.1450343851991125,-6.4998952778363766,-6.6176182970455155,-6.766525435836883,-7.085548818426737,-7.179357144545847,-7.2548600267769485
-1.0377092310360676,-1.0451652044225386,-1.0370964181408762,-1.0120151075731607,-0.9857287805421912,-0.9505595980543335,-0.8415718928657595,0,0,0,0,0,0,0,0,0,0,0,0,-1.753928250138783,-2.0582910567983,-2.2716761343980925,-2.5199893122605417,-2.593342582578395,-2.717639450685059,-2.8732627964912156,-2.95762319617702,-3.0469282278915557,-3.1928002603046437,-3.2686902397027495,-3.3637653739077265,-3.557311055509918,-3.6514052853641954,-3.707671826125324,-3.8473401744873263,-4.071698878453557,-4.223876888684217,-4.349875678173515,-4.431566948046614,-4.638318556993258,-4.706284156121516,-4.334826584699825,-3.987090034798953,-2.796458651640355,-5.071969899245373,-5.45701932568384,-5.509173373705835,-5.7530193063068324,-5.815197283508118,-5.852950338571435
-0.7437222229826829,-0.7018787474938631,-0.6881623938810342,-0.6594820591368536,0,0,0,0,0,0,0,0,0,0,0,0,0,-1.4526456228490325,-1.7356496163543547,-2.0343160768311135,-2.128809097360496,-2.2122875266443605,-2.3681121803668246,-2.42004300652223,-2.473913524248734,-2.5915072817836307,-2.618618355140424,-2.6898614640327594,-2.7664081267822325,-2.820486418279532,-2.822785243838274,-2.9497345154975836,-3.0190612224120925,-3.0226462642568492,-2.9932513059909196,-3.0394812051327644,-3.0275676202790347,-3.111405055027798,-3.294556990812071,-3.602224359235445,-3.7690053182812755,-4.226797366233986,-4.374759471200756,-4.5257420690633765,-4.802663518892608,-4.970207029414043,-5.07813733942665,-5.431714526436051,-5.586243514895753,-5.646102006099433
-0.5174153477602478,-0.4357971344677474,0,0,0,0,0,0,0,0,0,0,0,0,0,0,-1.4610602422885235,-1.5793831174915627,-1.7256532401966234,-1.8497252047578652,-1.9016750692875786,-1.9581657160809498,-2.0400969449686874,-2.092657531243151,-2.129437458987328,-2.2359859335063814,-2.2698065471840967,-2.3180296140457273,-2.421078563222757,-2.469971668518019,-2.5211444146377193,-2.705692615546063,-2.815005738149675,-2.995603906124547,-3.0836753165900475,-3.333348639563191,-3.4237698281786098,-3.5968767281861327,-3.8611265995198027,-3.948455367528031,-4.113881569908072,-4.365212978819903,-4.450378263482741,-4.5633644005119685,-4.782328229480451,-4.8847200739411525,-4.905832864585639,-5.088074544850346,-5.115858048954131,-5.14678395130425
-0.422666911210003,-0.2184200575015412,0,0,0,0,0,0,0,0,0,0,0,0,-1.107514505190021,-1.2908596492802218,-1.5095627703504677,-1.592263985134335,-1.6681447281459845,-1.77764115154828,-1.8346036823400005,-1.8843237190406312,-1.9998523817727265,-2.0641056883591324,-2.1056244450898625,-2.2405793556713496,-2.3165581549575225,-2.3991753189670955,-2.5568514253612746,-2.6389385898017874,-2.7415703091837313,-2.9615991295411774,-3.049025712432559,-3.1989540131939593,-3.287473674014618,-3.517645051211544,-3.606796448048269,-3.7211961800747786,-3.9329796500478182,-3.998666067870412,-4.102388504948901,-4.278739865919443,-4.344069459587771,-4.414205995453082,-4.562831227689606,-4.614112818726826,-4.63036916909819,-4.7465639558761445,-4.777009766429886,-4.775848544542596
-0.3885318163096932,-0.3711633356252063,-0.3504714016214441,-0.30318179994002226,-0.4445207644391205,0,0,0,0,0,-0.8205895703204887,-1.087895092131798,-1.310527698006132,-1.4071322314450425,-1.4837935549101464,-1.550653685867016,-1.666210487979125,-1.7193343404543822,-1.7735456472991917,-1.8713979086958816,-1.9269234464884852,-1.9867240549569223,-2.1251252746809444,-2.172482315546297,-2.2563866248344,-2.3929320626938924,-2.456305363636077,-2.542114570794526,-2.7073547338236836,-2.774660439177604,-2.8669894076572002,-3.032946717652689,-3.1288211907317947,-3.2147630860950795,-3.321230338505495,-3.4770599990558817,-3.551223866048714,-3.611192419372497,-3.7272309814599214,-3.8292490999492554,-3.8846578878573528,-4.008329690497174,-4.049485476033452,-4.119335837638202,-4.230583130681733,-4.280571678342707,-4.279360779641716,-4.35739913983963,-4.406246023538263,-4.426684139157406
-0.3680153693231467,-0.36814296845164346,-0.37507479678576333,-0.4033821621364134,-0.3808857654745864,-0.4035747899737362,-0.37262497693434327,-0.44301511695655826,0,-0.9870886581443705,-1.109890203458047,-1.2749522308985723,-1.4200272525375235,-1.4773592963521958,-1.5438216247604313,-1.5992644451610607,-1.7093720300594006,-1.7614937249153118,-1.7929829450750168,-1.8985302187615538,-1.974370056716696,-2.0245715285948247,-2.1550959269265726,-2.2161751834320875,-2.253981357342625,-2.3856695319863226,-2.460426886853871,-2.5206052867989617,-2.662646687912681,-2.7187481206945265,-2.8218322736811348,-2.965806947561263,-3.012518093919545,-3.087301875045881,-3.184014418074195,-3.2858032740613083,-3.3462898452221332,-3.3838119380656866,-3.487334121548159,-3.5519026412143284,-3.612723697000466,-3.7007119572459723,-3.7625357122159033,-3.764813749726384,-3.884694157234244,-3.9159107194031124,-3.952984577512239,-4.028260525492437,-4.065873186010943,-4.04583589848153
-0.870333599361125,-0.8950234007405709,-0.9085070095911,-1.015454563488643,-1.0436560435371527,-1.130655695738074,-1.180799459753201,-1.2141473738685826,-1.2451676838792616,-1.316661134627734,-1.3410185390844382,-1.3922858249606758,-1.48459534552826,-1.5236489181647268,-1.572101021216544,-1.6198239487847224,-1.7225249372361062,-1.7800946337468486,-1.8343319226241794,-1.9312514459614134,-2.0095859077145803,-2.036515057938334,-2.130359934708666,-2.197398692096933,-2.2558656671379387,-2.3638440795698124,-2.401278374856201,-2.464179076983896,-2.601878753071492,-2.6418642425696266,-2.7416153306089357,-2.838676050438236,-2.9036278377852893,-2.94514448215786,-2.9957177850210317,-3.0922697460868185,-3.146548894934531,-3.196729061453213,-3.285850758947651,-3.328108061727226,-3.357323364376929,-3.4578141460036176,-3.4933911954811676,-3.5445074182460266,-3.605740685430833,-3.6400471418186884,-3.6584466078807725,-3.759957945849114,-3.7756665113727093,-3.7720386340510337
-1.0020760487408602,-1.0201575475027995,-1.0373513688749856,-1.1082647351427182,-1.1439839593836685,-1.1658636434944125,-1.2540885702185038,-1.2601658153690949,-1.2931236386832403,-1.3784718025168288,-1.427574923269528,-1.4680404095564903,-1.5558667002883748,-1.5940678832761828,-1.6403542293081435,-1.6854100708561168,-1.7437706051478439,-1.8011642894786275,-1.827199979030453,-1.936038748922587,-1.9654950978965908,-2.0107422197135,-2.0899934478906226,-2.1406157997241495,-2.203983263454817,-2.2951587944684957,-2.3438795638581835,-2.399823572136004,-2.4798388639099618,-2.5350203256666433,-2.597653927702783,-2.667372500653898,-2.7119584523404385,-2.772830781983246,-2.8135859761921265,-2.8944628530198417,-2.9146730534650476,-2.967902264082851,-3.039259042178935,-3.090542814544125,-3.1350382034535684,-3.18647343635929,-3.2469122443044984,-3.284205800044768,-3.338320493066227,-3.346659419993474,-3.3789167486406377,-3.4433177955509624,-3.460095094517017,-3.477617275880899
-1.0567985224613576,-1.095884230084339,-1.093712782761758,-1.1688917720344905,-1.1852676543802871,-1.2246634013413251,-1.2859078864373394,-1.3340142870321008,-1.371329832493278,-1.4435288308288696,-1.4595447097924383,-1.49981498298716,-1.5513817455475927,-1.5934210963073538,-1.6362863768171594,-1.6649491317740341,-1.7414581911141824,-1.7938834923430438,-1.8314225141726086,-1.9107191515425608,-1.9612667196718512,-1.9931022518188226,-2.0839764384286,-2.1019091199979685,-2.1723921554158285,-2.248692445062017,-2.2918787120023736,-2.35639568306494,-2.4091338942969696,-2.453697700390548,-2.476953832140942,-2.547725193522612,-2.58792965530292,-2.6379158819175936,-2.677615116170376,-2.7312852725181864,-2.7525773051805205,-2.796350686954261,-2.8614519958813593,-2.912383480991932,-2.9525531363040707,-2.9818672578384002,-3.0196589384368235,-3.0509192345550455,-3.0932810049556405,-3.1311470716383694,-3.138917081357363,-3.1843173858632077,-3.2022393405065523,-3.249467275542395
-1.0939087740011078,-1.1342916013705162,-1.1617512823213645,-1.2198774856892745,-1.2392591090705931,-1.2689996181744652,-1.3111691562075671,-1.3408684538582814,-1.3860953638258549,-1.419400635021438,-1.4627518053212263,-1.5179118632193231,-1.550077312977527,-1.5964349144902645,-1.6506611687995163,-1.6581817264407277,-1.733853845462794,-1.782129881541296,-1.8068878734881177,-1.8848873748737656,-1.9374249093958347,-1.9703994392161206,-2.0601639617657925,-2.0783188985113403,-2.1127358839153985,-2.164602001696297,-2.188979062767887,-2.23048865012314,-2.2745578341691663,-2.2991274979326137,-2.334310027601755,-2.3855278498872448,-2.4221883580468355,-2.451279227734506,-2.49169878048646,-2.53025443811959,-2.5748120646578414,-2.613290722364329,-2.6885616422973166,-2.7042724563517915,-2.731211875848694,-2.7960854094210643,-2.8309240800125344,-2.851329183818312,-2.878776757584639,-2.909016648269009,-2.943996860985756,-2.963809617795913,-2.9887345824861407,-3.019235419850548
-1.1237825997925166,-1.1421248066486196,-1.1610392046360543,-1.217265079655003,-1.2481589376263449,-1.2714785887379438,-1.324567501694403,-1.3396193141880999,-1.3820351744006754,-1.4369845365670249,-1.4504902326944993,-1.4951808064548135,-1.5802592878573867,-1.590069441624422,-1.6237467788844242,-1.6784136550751994,-1.7403694972028219,-1.7701980050686816,-1.8071986936313067,-1.853940325073644,-1.8915459758737463,-1.9110605399761995,-1.9475872215964538,-1.988980954175183,-2.0271558138095234,-2.0607443204682325,-2.0907153976276063,-2.13512007275606,-2.145889094283496,-2.175447669253851,-2.2262174636958303,-2.2705411749477658,-2.305120253037288,-2.3385535696655966,-2.3528161448761558,-2.4015958010739316,-2.432404046598498,-2.440655036210258,-2.5093502249605364,-2.5506980700013084,-2.5699288114281837,-2.616817097687734,-2.622783421758901,-2.656479668263737,-2.7241560978446073,-2.730487626511121,-2.742574808694857,-2.7703706477564474,-2.7863304674067133,-2.819283466844482
