jsons/1312678800.json
{"header": {"parameterUnit": "m", "parameterNumber": 2, "dx": 0.1, "dy": 0.5, "parameterNumberName": "Eastward wave", "la1": 40.97354507446295, "la2": 16.46031188964855, "parameterCategory": 2, "lo2": 133.9931640625001, "nx": 191, "ny": 50, "refTime": "2011-08-05 8:00:00", "lo1": 114.97908020019554}, "data":
[rows 22 to 43 of 50, columns 50 to 99 of 191]
0,0,0,0,0,0,0,0,0,0,0,0,0,0,0,0,0,0,-1.401979904972747,-0.5977760879059303,-1.5329696882997834,-0.41963147088125546,-0.5737747811185124,-1.7277514043263067,-1.9018580926349742,-3.495785256875629,-3.9056329208696265,-4.309402534504505,-4.613539563816437,-4.7789738498359835,-4.943701351167934,-5.274845482142076,-5.404351241721678,-5.536937889493759,-5.6324123928804815,-5.5859338733380826,-5.578270933935188,-5.5674890023949395,-5.554439212760179,-5.36315760583325,-5.1505045362915665,-4.8266343780124075,-4.595874159824325,-3.9059434642827076,-4.347410613659747,-3.8949368567546077,4.131771624555858,4.445887580588353,4.795529635776394,5.062468648057311
0,0,0,0,0,0,0,0,0,0,0,0,0,0,0,-0.33151873970289236,0,0,0,0,-0.7562529217596674,-1.6862893382484063,-2.4235747505828353,-2.848421833397508,-3.150004080886138,-3.8217012532508265,-4.176433717898638,-4.449728854921954,-4.811966917500849,-5.008841031117001,-5.153942710426932,-5.343844339032538,-5.403189563889406,-5.377315151995771,-5.3073464644539765,-5.177662417271476,-4.975364020173986,-4.851618931857032,-4.708298268635964,-4.3002636338181155,-4.037372166437819,-3.7048254875848636,-3.345443247363549,-2.4924822759149965,-2.02859069272055,-3.14857881941017,0.24029925551969608,3.141505289191936,1.6211914188133303,2.7034623121686496
0,0,0,0,0,0,0,0,0,0,0,0,0,0,0,0,0,0,-1.1020628554081415,-1.6953242400239668,-1.9902352800892085,-2.297187463097957,-2.971236670084783,-3.296276107812447,-3.608860435592685,-4.028024543199657,-4.205322370355651,-4.345260823197414,-4.6230689796382975,-4.74353315679109,-4.783385849504065,-4.910442622046113,-4.952980650655444,-4.874139473803101,-4.856942571395429,-4.763735217653136,-4.522668798520642,-4.27977175626094,-3.983098535101175,-3.2973367411077987,-3.0520599727404925,-2.609317816908688,-2.2498037390100287,-1.4784985476066461,-1.1809076397665716,-2.2599692464263947,-2.364961118088439,0.5614455665441664,2.391057573618497,1.123490238131954
0,0,0,0,0,0,0,0,0,0,0,0,0,0,0,3.3038944722661223e+38,-0.6707527568168633,-1.0149507315784727,-1.5670135776250638,-2.299329321620822,-2.568794936673427,-2.811484854372989,-3.263666799579255,-3.4740104470210915,-3.6392296704800007,-3.8584856076995315,-3.9034886718620516,-3.939449857115496,-4.097950644592491,-4.131596162023789,-4.064856986052119,-4.127339691667369,-4.104954219758391,-4.017032388289304,-3.9220924971023194,-3.812787324310448,-3.4624588333981525,-3.3305909230132924,-3.002880751428571,-2.635744783752935,-2.4760694376077765,-2.248308702550384,-1.9473639961427942,-1.5365903405649028,-1.2995383955187219,-1.0314158472358288,-2.718676813446118,-3.8956322270291346,3.3052274048355064,2.9911359868038803
0,0,0,0,0,0,0,0,-0.333664711550421,-0.28116809434063983,-0.7148058944473378,-0.6845229113819611,-0.93463024271824,-1.0786142328482924,-1.4168460125251823,-1.6804030901006972,-2.070994242281195,-2.306898584186936,-2.4501445982574883,-2.813656360973154,-2.923374906994577,-3.067595418474321,-3.217124869359215,-3.282081104706361,-3.3284630870651086,-3.4777034247112146,-3.5133797251912147,-3.563043731959529,-3.6492826924205466,-3.6641114655230274,-3.60090900217643,-3.5622695838400418,-3.5571697405977027,-3.4739538067856155,-3.373909984322365,-3.186822106779485,-2.843508665588267,-2.7160350302881375,-2.5202269540341375,-2.3515920246761355,-2.2129829335317344,-2.116135374165937,-1.9600309133428442,-1.6489787695383924,-1.5256843119372216,-1.3039145191402979,-0.9454345868893217,-0.6817446348685454,-1.1626815439285483,-2.444794066531827
0,0,0,0,0,0,0,-0.24966783902238998,-0.9603203839624775,-1.4277132358943883,-1.6117026773867236,-1.7841436827459156,-2.050357571705606,-2.162624719541845,-2.282167691851583,-2.3754491849787414,-2.5825155604603607,-2.7211185016832315,-2.8532083995958755,-2.9493613783415906,-2.9710906924131013,-3.038838588884182,-3.189930193593082,-3.2238178478075064,-3.2506717250556476,-3.3371654856645048,-3.379282783075031,-3.367003208530131,-3.4287841113154034,-3.4179147843677518,-3.3104591556127536,-3.2917269640549476,-3.2547557165764855,-3.105298190299594,-3.0250668788155997,-2.895957838201415,-2.7473230880995203,-2.6699422918824207,-2.5871671576747457,-2.476017714675798,-2.3796733679304185,-2.3004022016480197,-2.147328563850578,-1.8950679439738927,-1.7827292471227263,-1.6456859910081498,-1.3011043951312404,-1.1148747311509204,-0.9608166718928183,-0.7503870583569399
0,0,-0.6919540261261451,0.023268852882404118,-0.43593760193652265,-0.8163727023545808,-1.2002060032799404,-1.4565468526916971,-1.7438297783165408,-1.9392844982447137,-2.098622834179212,-2.224157425804114,-2.389933516792915,-2.4883247261416575,-2.571820636410436,-2.6433793574137545,-2.766244167881458,-2.805891042717586,-2.885442179393126,-2.962195518227479,-3.0047118199759573,-3.036099348385211,-3.1535023159110556,-3.1897241654636077,-3.216580647195373,-3.2784826062439865,-3.2930622910888743,-3.2998783322507657,-3.2744819483018115,-3.250943660865737,-3.1731351592372983,-3.1874160717183146,-3.1614005981604087,-3.072598163834705,-3.0473567837863826,-2.9789202131849186,-2.8346319022434656,-2.7416893080547524,-2.7088985158806476,-2.604971646017453,-2.4697513695085513,-2.376019789282223,-2.2232318203126193,-1.9931260743492465,-1.8097845845914013,-1.6495387778896407,-1.428785524297164,-1.2502572876088203,-1.1633201349275046,-0.92802329148416
-0.44155956605141367,-0.6282849192951022,-0.890485227686332,-1.176575510386033,-1.514858046724299,-1.6421488243408549,-1.8494492248472192,-1.9893881766310375,-2.1356982419986865,-2.3077988066819604,-2.3734456543495472,-2.4885247503131924,-2.587684273002469,-2.652783481420262,-2.7213169713108676,-2.721629043617678,-2.781264983417704,-2.8434843203780917,-2.871537083916971,-2.9503976291509755,-2.9955812874976315,-3.025685623669661,-3.0840361669344984,-3.1059607162545384,-3.1203480631543616,-3.1622181883531963,-3.183368853874163,-3.164105048805257,-3.1841376454326102,-3.156113553993635,-3.101797709283693,-3.0903246267808617,-3.0719875954539213,-2.97825875678544,-2.9125676434213847,-2.875027991083144,-2.7783602523037207,-2.7162699549225664,-2.681843743452229,-2.574462052784431,-2.5262007451092456,-2.369957676904664,-2.2537219249493465,-2.014468525439958,-1.8385455869652008,-1.770496034618063,-1.522651725050615,-1.3894709747775142,-1.3373779724508836,-1.0958284795650557
-1.2251150179958001,-1.5035373637362137,-1.6274765631877504,-1.7774154873758252,-1.9128011340685112,-2.0052204893805863,-2.1596071199995146,-2.2526070405227805,-2.3929214403422843,-2.4959768613681144,-2.5614774806024183,-2.648343665048594,-2.682318013982043,-2.693497642749595,-2.6983534882081357,-2.741436615231135,-2.827134938236783,-2.846388003574986,-2.86954963648297,-2.930385354207195,-2.956158288373662,-2.993688641169451,-3.059287854410359,-3.090912778928493,-3.10226774267732,-3.1325413282310017,-3.1242625157234305,-3.085573246985464,-3.108839491449717,-3.1118382085366867,-3.1010829204957755,-3.119770945493908,-3.105827873337054,-3.0487701777191534,-3.027511074038165,-3.0390882921639,-2.935621340877994,-2.8270476241939937,-2.7486705762147383,-2.606323186623546,-2.4700060814744997,-2.3835434821255728,-2.2292913810912083,-2.040346708571449,-1.9044591099355495,-1.7860178998607532,-1.6004707013127788,-1.4478814342920514,-1.3922918669541302,-1.2080573367468332
-1.5382022365788093,-1.789759674250836,-1.8671513782290603,-1.9975939877793676,-2.1231288286394405,-2.1917218335062887,-2.277602771407014,-2.3755778416508804,-2.463628172783446,-2.5500405669114548,-2.5945361479681304,-2.6409877545818756,-2.6905633967085523,-2.7117335389677346,-2.7321320302710634,-2.757646758218469,-2.8256509775178658,-2.883905969819063,-2.899819792974094,-2.945559424825502,-2.9731593424023757,-2.9923524505826755,-3.038618515921064,-3.0543553527872205,-3.0715113340020603,-3.097783168752912,-3.113557432823061,-3.1304501966208074,-3.1850442465104654,-3.2036603389540956,-3.218824819212474,-3.300890655707713,-3.3266908577659797,-3.3213201034722646,-3.3130295519358417,-3.170948602073383,-2.9903887395518782,-2.8726411386423445,-2.734582273358498,-2.5721909518644956,-2.4548206397453374,-2.3260066091997005,-2.2156106979544687,-2.05813944670997,-1.9727949794924544,-1.8086516206728067,-1.6013535350972343,-1.5008692591534005,-1.4440351156057227,-1.3391950621371218
-1.8225884082195367,-1.9340016997291023,-1.990654150460764,-2.085098226922707,-2.1708966720538947,-2.2371011085374963,-2.2938242455117197,-2.356463300036031,-2.39767222567468,-2.2789868145334644,-2.1762803000777144,0,0,0,0,0,0,0,0,0,-2.3409344190765173,-2.717182717578881,-3.034034954756891,-3.101284201527506,-3.1802830529230173,-3.2676033697886524,-3.306587899265505,-3.3478152488273976,-3.4230519653489426,-3.455255402819923,-3.5428901149213217,-3.5767274297494485,-3.5685752573571174,-3.515114055500383,-3.4536323188319775,-3.2802603266898416,-3.1291610211436987,-3.0340653243676527,-2.906686766062902,-2.6866713711663457,-2.530360037432118,-2.3868032758174245,-2.33508158864466,-2.2731968135458778,-2.1284436110153475,-1.964682348623329,-1.7943093581095757,-1.6970219031361744,-1.62817149435235,-1.4904006196173254
-1.7268523683848762,-1.783204552284015,-1.800952961263796,-1.763365306031496,-1.706008064205108,-1.5996230369409132,-1.3842742928406135,0,0,0,0,0,0,0,0,0,0,0,0,-2.151744487508774,-2.496335112373739,-2.719419262810828,-2.9545949945834327,-3.037340705190988,-3.2021688427158153,-3.3032160794828282,-3.372526269307945,-3.448907345464547,-3.547459958538881,-3.578285672424647,-3.6211578172622216,-3.6263106865948633,-3.66154116452246,-3.675503882888793,-3.6462340752691875,-3.553741897326297,-3.401878376103316,-3.2236077952148876,-2.9935942417760804,-3.087419184382449,-3.0098582310359725,-2.800268059099795,-2.1565890696763157,-1.3046765687756223,-2.4461546631791986,-2.4135511605678786,-2.16213167408941,-2.0396603252346743,-1.9482812660710902,-1.7469572049503879
-1.346565717332572,-1.1769420052638289,-1.0761121584829718,-0.9498839281220954,0,0,0,0,0,0,0,0,0,0,0,0,0,-1.9082192976732204,-2.1571392966892633,-2.4534798202800467,-2.6648046077984695,-2.781887527274533,-2.9250513248465135,-3.017633426538576,-3.1286130184726937,-3.241361411132957,-3.287800739479627,-3.3699789425479563,-3.461759540274576,-3.507187569142377,-3.5541527787695246,-3.5493691866598653,-3.4839931602613334,-3.414312556323265,-3.2939729258824255,-2.9748729598498884,-2.5800630494515624,-2.284022516266781,-2.0018332515538515,-2.1220831623044623,-2.1534627945937284,-2.1955984149322516,-2.1152332896412296,-2.1151397539461465,-2.1503763327004943,-2.26999137086255,-2.252236390338596,-2.274859904567769,-2.184166134270045,-2.051672265122155
-0.7341640476418343,-0.4995446293282537,0,0,0,0,0,0,0,0,0,0,0,0,0,0,-2.0458780085140584,-2.2538701184728174,-2.4157118344848283,-2.564814775752758,-2.6977703814200926,-2.7796276356105944,-2.8843991643249987,-2.9557466792056712,-3.033595469211171,-3.110468108141648,-3.1567085693662835,-3.184603708354166,-3.226585495822298,-3.2204699236437087,-3.213447696399274,-3.1267525937790173,-3.0793083110226824,-2.9150925224053967,-2.82967333413006,-2.688602535178366,-2.5918890185099435,-2.5252921744350587,-2.470647651586841,-2.420023397304423,-2.4123353395477145,-2.4445260146578067,-2.4480573058348623,-2.425586929227961,-2.45262799253342,-2.470396335768269,-2.409150990656012,-2.3700032293629687,-2.329857334721604,-2.2295191909867946
-0.5019880410196655,-0.12331770023898515,0,0,0,0,0,0,0,0,0,0,0,0,-1.924148558574225,-2.0678834931053633,-2.2476690545280102,-2.4002389700648448,-2.486651196353277,-2.5636271074636516,-2.657199677846482,-2.7219584833874237,-2.801639767827106,-2.84923262853684,-2.908463642368216,-2.952512086910415,-2.9571655836388584,-2.972790907442139,-2.946883311094171,-2.9463754152013055,-2.9009934089088074,-2.8438363349132794,-2.813090200196722,-2.7452260947768004,-2.6997665265009245,-2.6438535474337717,-2.6238144796622844,-2.606935474936031,-2.6102907134917626,-2.579760153107033,-2.585074818396224,-2.5971435441493953,-2.6021459365181645,-2.576588975703847,-2.5779674077045946,-2.556084976678175,-2.4691329203240104,-2.393771790890786,-2.364239845535293,-2.2906599756147683
-0.40845608542745954,-0.3098910248255689,-0.3612766245476361,-0.5043710219047233,-0.44800044998594557,0,0,0,0,0,-1.6344935609459723,-1.6810437357071986,-1.8785258788308923,-2.001883566401234,-2.1322678036536296,-2.195934413514095,-2.2917077941040684,-2.3850080980977313,-2.429040896264793,-2.48659390785302,-2.55002033317239,-2.5786991289390144,-2.597600715181955,-2.6220243115327477,-2.64854195517468,-2.6517547675911937,-2.6593100100008575,-2.6700617279183483,-2.6776913410502594,-2.6713455642633934,-2.6534241609368605,-2.637464479540338,-2.6301815139373885,-2.5997449766208947,-2.6150666429272365,-2.6183545414689755,-2.6062057034125607,-2.6236743391817776,-2.6743220954169598,-2.687097743323746,-2.699937256473706,-2.7198550464971136,-2.7191441911615994,-2.718946975261938,-2.676135038077316,-2.6505979857279742,-2.6081254494468435,-2.600284088899707,-2.5596102162244385,-2.5149554581773503
-0.4141243458644039,-0.33970431979097887,0.588093469637197,0.5795454061317505,0.4871933064429564,0.5030484713478469,0.5673156014825737,0.8296446622252007,0,-1.5445037461203646,-1.7537981970075986,-1.8932537458752472,-2.008429655298956,-2.065356856216167,-2.1483170979273103,-2.196557109953952,-2.2517341430725732,-2.3103780288918654,-2.338584689993837,-2.3700081447685637,-2.4222167017845404,-2.439512955292152,-2.457832527310417,-2.4617761323499754,-2.4844866265353738,-2.493057624957452,-2.499390954075307,-2.4989611942053807,-2.5044565201309767,-2.5109344594480767,-2.5111729497822552,-2.5292367951796426,-2.528901317805311,-2.546239683119915,-2.580636903669827,-2.6234046606209094,-2.648700146074639,-2.654655690390575,-2.694860998162774,-2.6917669220165994,-2.699636318273399,-2.691183995482684,-2.6765317801197055,-2.6473743131846765,-2.65405011215433,-2.6465759742268142,-2.603861747786153,-2.5929722887596665,-2.561460937051389,-2.5173326264457727
-0.9327000690466288,-0.9067958968727226,-0.9420188599474183,-1.167019872274382,-1.2474364420890918,-1.47114004935144,-1.6529290307101845,-1.7425820302811394,-1.8598974691879668,-1.9088757321307563,-1.9387299624650367,-1.9954909480037588,-2.032959515720803,-2.0528973186368082,-2.111476148748265,-2.1402441506442553,-2.178642540439295,-2.2162479901710515,-2.2436148062392096,-2.2679159393154245,-2.296583912488223,-2.310032042987559,-2.3298348133571762,-2.3420602627014295,-2.3466092011160318,-2.376146539978131,-2.388321314951012,-2.3972215185204373,-2.4286616799506775,-2.437355422791173,-2.468177871533662,-2.50387613513054,-2.541433839449136,-2.553581985449339,-2.5655993766297343,-2.606203869209402,-2.6090293337185044,-2.626948678176179,-2.638668371385957,-2.6303510278712605,-2.617862575628448,-2.628765738060543,-2.6259809586801173,-2.6061451591038454,-2.592537663190343,-2.570053804135027,-2.5604581453142705,-2.562943156304138,-2.536422058181395,-2.5019960391854563
-1.315812532608746,-1.3733794786876876,-1.425842873582653,-1.576137916800523,-1.6206779915329506,-1.6759307471151748,-1.755607988229943,-1.7623653825165202,-1.8227730867010956,-1.850984301529839,-1.8891463898993321,-1.925359924578521,-1.9615727075995797,-1.9843010371338938,-2.026438984681114,-2.044293671268426,-2.0701265632435675,-2.108755542032071,-2.121225470288332,-2.1657270403751636,-2.1808456072542937,-2.1918650245113613,-2.1917078799889724,-2.2197475768240706,-2.244913803577314,-2.2830663561000355,-2.303871639816592,-2.3266709036237465,-2.3705206518239,-2.3960215186078133,-2.4239636474602144,-2.4531224218219676,-2.4676766574016895,-2.483409582581009,-2.4924668471803,-2.52220429199476,-2.51075478758433,-2.524562678261862,-2.5546178393069994,-2.5358155255605155,-2.5342623494594316,-2.547667721912441,-2.538241994349971,-2.5153510745909986,-2.510548566217052,-2.501977278239859,-2.4848218924823002,-2.4886398712283637,-2.4716006036923104,-2.4422149384170284
-1.4706143808662193,-1.5422938819317098,-1.560481072401132,-1.6222253278739682,-1.6667264297154822,-1.6834672288153927,-1.7195088128597589,-1.7495865129253267,-1.7745926629240802,-1.8102909133430367,-1.8185704722954807,-1.869544038757056,-1.9016986438369212,-1.9257116304459179,-1.9531715698643972,-1.9650111278333764,-2.0030921651839333,-2.025018060136458,-2.048156451505772,-2.0762779631052686,-2.095932387944963,-2.111614623660705,-2.1352189417988785,-2.1440890772255212,-2.183103136782615,-2.230402366484714,-2.2570329732281715,-2.293204927977083,-2.3275813340746123,-2.351799530128437,-2.3576672420491525,-2.392081187534465,-2.4131520774019237,-2.4303278373494717,-2.446156190762529,-2.453213122999105,-2.449662515250316,-2.4562978897538907,-2.474691774437585,-2.4722407100972608,-2.484672100834038,-2.4758655057758623,-2.463109252336594,-2.4402319129317345,-2.445697125001077,-2.446347370179846,-2.4258155791732046,-2.412920666486596,-2.409557012606142,-2.3747393693653494
-1.4536683808256803,-1.5098883985506424,-1.5418622342364217,-1.5790706878876426,-1.6026899340797935,-1.6303191856496548,-1.651243696260846,-1.6807003059364376,-1.7255468677594417,-1.7434992668881486,-1.7738571236874885,-1.8157750728360025,-1.8339152308406201,-1.8553357743223267,-1.8786157815569644,-1.8875767211627585,-1.9159532067208693,-1.9343500471666744,-1.9443654282987546,-1.99455337804526,-2.0246027550373813,-2.0432178208535836,-2.1084958822436586,-2.120334941090044,-2.1418782100491702,-2.187363370703911,-2.203703443153133,-2.2271229785311415,-2.256751661865879,-2.267480259218137,-2.2847166737668183,-2.305915096088445,-2.3196527048483073,-2.3249494475644457,-2.3396465586292354,-2.361404076163426,-2.3677579341667485,-2.3768092046945966,-2.3871996180329287,-2.3790076197587866,-2.3792219381256894,-2.391937753108859,-2.384747698221733,-2.37032717513138,-2.3645580466348775,-2.3632200338054674,-2.3534984360575377,-2.3484570618987477,-2.337698070903412,-2.321222741805544
-1.4615555923130197,-1.4851905937705903,-1.500489963166965,-1.5449271695020277,-1.5728873140296744,-1.5942643469129805,-1.6380159584758094,-1.647832961257298,-1.6786344052075042,-1.710530882871291,-1.7190247015100772,-1.7519866088819973,-1.77798648556179,-1.7823597621038187,-1.8121320521024125,-1.840642995536039,-1.8697701780104434,-1.8898603223755017,-1.9118816761582171,-1.9437119206587448,-1.9775742822846913,-1.9976379283865737,-2.0265832479316335,-2.0582165058801642,-2.089224203671766,-2.116992341688877,-2.136715257949789,-2.162521705864764,-2.1723682145134293,-2.1871777610835212,-2.211290132520367,-2.2353073277428996,-2.251567507166,-2.2633369507038483,-2.269332947154797,-2.2879134384281694,-2.292648165939988,-2.2904766771137766,-2.3101746423984966,-2.3098118499062763,-2.3094201722863605,-2.3112796126432027,-2.3073035510930042,-2.3032542021382683,-2.312982729228078,-2.30364337397624,-2.2812515622811333,-2.2807519629345063,-2.2848715508472432,-2.2756354671109933
