jsons/1312923600.json
{"header": {"parameterUnit": "m", "parameterNumber": 3, "dx": 0.1, "dy": 0.5, "parameterNumberName": "Northward wave", "la1": 40.97354507446295, "la2": 16.46031188964855, "parameterCategory": 2, "lo2": 133.9931640625001, "nx": 191, "ny": 50, "refTime": "2011-08-05 8:00:00", "lo1": 114.97908020019554}, "data":
[rows 0 to 21 of 50, columns 98 to 146 of 191]
0,0,0,0,0,0,0,0,0,0,0,0,0,0,0,0,0,0,0,0,0,0,0,0,0,0,0,0,0,0,0,0,0,0,0,0,0,0,0,0,0,0,0,0,0,0,0,0,0
0,0,0,0,0,0,0,0,0,0,0,0,0,0,0,0,0,0,0,0,0,0,0,0,0,0,0,0,0,0,0,0,0,0,0,0,0,0,0,0,0,0,0,0,0,0,0,0,0
0,0,0,0,0,0,0,0,0,0,0,0,0,0,0,0,0,0,0,0,0,0,0,0,0,0,0,0,0,0,0,0,0,0,0,0,0,0,0,0,0,0,0,0,0,0,0,0,0
0.07029636081804155,0.09979082055623975,0.11918567281473377,0.12135030231907251,0.1537376695331372,0.1703419985532034,0.1583059889504683,0,0,0,0,0,0,0,0,0,0,0,0,0,0,0,0,0,0,0,0,0,0,0,0,0,0,0,0,0,0,0,0,0,0,0,0,0,0,0,0,0,0
0.13795728285985695,0.1784756962861688,0.17079405566375735,0.15732791172939428,0.15927145715422153,0,0,0,0,0,0,0,0,0,0,0,0,0,0,0,0,0,0,0,0,0,0,0,0,0,0,0,0,0,0,0,0,0,0,0,0,0,0,0,0,0,0,0,0
0.1738586956007764,0.1530669898063416,0,0,0,0,0,0,0,0,0,0,0,0,0,0,0,0,0,0,0,0,0,0,0,0,0,0,0,0,0,0,0,0,0,0,0,0,0,0,0,0,0,0,0,0,0,0,0
0.17164288467254635,0.17449564909976117,0.18122078256300939,0.1639419688984192,0.14418944754327,0,0,0,0,0,0.05018911040852672,0,0,0,0,0,0,0,0,0,0,0,0,0,0,0,0,0,0,0,0,0,0,0,0,0,0,0,0,0,0,0,0,0,0,0,0,0,0
0.18094928974797422,0.19356970417156188,0.20015942878221474,0.20968788885625275,0.2260563507231808,0.2276503529092771,0.2251855110863735,0.22315251177371973,0.22082252661801838,0.20928670119387094,0.21169273959639956,0.2141465664931731,0.2137720867647033,0.23079588358237477,0.2425852795314191,0.26267965501290846,0.2756709555562855,0.2937644299989307,0.256351212962535,0,0,0,0,0,0,0,0,0,0,0,0,0,0,0,0,0,0,0,0,0,0,0,0,0,0,0,0,0,0
0.22041934350746917,0.2291384031647876,0.23819062833233443,0.2535690028710357,0.2874015613400941,0.29804194874868234,0.302318824913918,0.31403376214197865,0.31331997395650574,0.3225322382896042,0.3403071343911043,0.3582017984036314,0.3684310412951359,0.36028587829346737,0.4039818893453986,0.16926591972461033,-0.011736922133003173,0.08720958479318384,-0.07967565938918154,0.06502852523973571,0.07957477905209114,0,0,0,0,0,0,0,0,0,0,0,0,0,0,0,0,0,0,0,0,0,0,0,0,0,0,0,0
0.24566198953238522,0.26397246245005507,0.27812786686516083,0.28736101647845935,0.3040885635001701,0.32017003848830217,0.33951852928343634,0.36159878737506373,0.37549004641909006,0.3854041983656705,0.4100162850437582,0.42143523066009353,0.43847975472643574,0.4511081617497921,0.4549258869351512,0.45505655455600935,0.45969303326542166,0.4369797119871101,0,0,0,0,0,0,0,0,0,0,0,0,0,0,0,0,0,0,0,0,0,0,0,0,0,0,0,0,0,0,0
0.24633820757047092,0.28481897447839405,0.2886988064955083,0.2960746417565997,0.3059119917078658,0.3185825979022038,0.32355068235089557,0.3668784113992645,0.3804519911036502,0.3994827807038694,0.42000703910075393,0.429648082506432,0.441931301080839,0.45862477527563195,0.4737237210319922,0.47675412706024656,0.4569905893813281,0.37742499101250687,0.42097076066455985,-0.39761727843682443,0,0,0,0,0,0,0,0,0,0,0,0,0,0,0,0,0,0,0,0,0,0,0,0,0,0,0,0,0
0.2549257122888573,0.2754130995289596,0.278916930262163,0.28777040499031714,0.32415168366097086,0.3386262838820487,0.34723466384629803,0.3775813714789997,0.39545481477867667,0.4327042175034136,0.46212537574047075,0.4748580205579351,0.4798627660750571,0.48241088499957857,0.44506205791009323,0.4738653891452267,-0.41117931734801694,0.11788727394736695,0,0,0,0,0,0,0,0,0,0,0,0,0,0,0,0,0,0,0,0,0,0,0,0,0,0,0,0,0,0,0
0.18891403153663872,0.2319534684951255,0.25690394199349287,0.29265508831348597,0.3312666443411198,0.3507629751911217,0.3789661941106767,0.4141410447884021,0.4309523612959488,0.4483953958740777,0.4800197870805969,0.49556750820801815,0.5038016849369874,0.5183692502453253,0.5172863429414346,0.47905596678883905,0.30171664057780484,0.18534013648503472,0,0,0,0,0,0,0,0,0,0,0,0,0,0,0,0,0,0,0,0,0,0,0,0,0,0,0,0,0,0,0
0.1377547359498701,0.17553305734687866,0.2031715007019148,0.22319029815000851,0.26251302136840615,0.28021249871227927,0.3175796429960933,0.3768260541515122,0.4061167145606663,0.4389413182091746,0.47184699060489044,0.48671951390686674,0.5011150368312379,0.5116952489240856,0.47847230052766876,0.5059339104265603,0.3366602097582946,0.20495565833987134,0.09984836621537996,-0.07952430683697698,0.0022352042937170895,0.036628820604513626,0.043346094384303924,0.06597426473192819,0.07392844432563536,0.07938946709096022,0.08735690575438522,0.06168911239356153,0.07127715367041994,0.09820819585261108,0.14744038665711537,0.16380745119414633,0.18758667686279398,0.22320312180423835,0.2562684084338996,0.27019700798751983,0.3048732040670962,0.3162865479489168,0.34018987957432023,0.3811008319362162,0,0,0,0,0,0,0,0,0
0.09543935768780383,0.1582962577240808,0.1784865314176435,0.19786585163226147,0.23506627180151898,0.26170938802670235,0.29158630421997106,0.3520137541028364,0.36836466326500855,0.40547416350034216,0.4666229930977477,0.4836248217748546,0.5119920481100716,0.5232321989554505,0.5243873077147697,0.49855778467461537,0.4502301396664726,0.2887733963126176,0.46097543388950785,0.36258387679414034,0.4238167992006899,0.4419064578670731,0.4716614114695527,0.4162348563770568,0.42558168499491145,0.4213385549949548,0.4165270424644675,0.41801376541643614,0.4495165648202006,0.44893678182202723,0.4150345167043802,0.4240199003253062,0.4362408440574973,0.4474647361646976,0.45219189618647465,0.4507920339408947,0.4487397320873996,0.46490533412871426,0.4861242627891185,0.5032131704542291,0.5027732700446951,0.5076514755796732,0.5210821068450008,0.5219137554591867,0.5219475331215543,0.5363992713301535,0.528049547634722,0.5118747964981104,0
0.07992781578319841,0.13936443424401804,0.13896757714786656,0.13799143109724443,0.13935545136519814,0.18186658186484717,0.2021838972277805,0.2619578167045333,0.28593091011290517,0.3498724157030544,0.40935702727643225,0.4541007491652336,0.40830618917183537,0.08982086557531552,0.22178632815933866,0.29765661951527633,0.2578062341412432,-0.032610275211731606,-0.2441861579317277,-0.48029191957758155,-0.45029259179522546,-0.3852304882987269,-0.3253740389360308,-0.07657978531810859,0.06882489778156894,0.13043511567093663,0.29463971800293104,0.33486722991893847,0.39516400669386054,0.4309242475234263,0.46354569869105355,0.5019391451001852,0.523372096804632,0.5374551337536735,0.5468398175161739,0.5570321252057825,0.5631583385386538,0.5688871848238254,0.5729383846701875,0.5827745198412827,0.5911042156964535,0.58903686578873,0.5917050825641064,0.5942894833660212,0.5958025716347296,0.5602735803481633,0.5583864712899271,0.561354573677163,0.30433298656967506
0.08387295629589861,0.10463101434885201,0.1387698506208963,0.14745271023625212,0.16816490466954986,0.18876855429738987,0.23017397942521226,0.23860572611469044,0.27470537719186183,0.28969152518376773,0.2813948846750753,0.31048274294134837,0.31414511923869864,0.3575503742424019,0.3649957344869254,0.33683302441751517,0.3115445745687641,0.26498062963667474,0.24586354832670432,0.2557439507906494,0.2562944625226335,0.2985114103440258,0.27796147862109943,0.30140053614327506,0.3069828343323207,0.34125944759547405,0.3729940476368296,0.3901295727161444,0.4128764206131008,0.42567943430623034,0.4507814381024425,0.48405088702482435,0.5103685623438573,0.5281761183193985,0.5494430461900915,0.563787186830269,0.5898037721219366,0.5940026494975015,0.5956126774994144,0.5947297806984003,0.5937161183724725,0.5959614656138159,0.5715083361073781,0.5825020967406778,0.6126313400504507,0.6389891028394021,0.6483078625146216,0.5719762085480881,0.5301958888358141
-0.08246822398485423,0.02069806062224856,0.0413153044065567,0.05965054279979873,0.06752190654998838,0.08912739679683854,0.09394785806135877,0.13779369628621285,0.1582817469175206,0.20163146902268073,0.2119464333959978,0.21957797204253368,0.24313801571618257,0.255355022152172,0.3115277363633138,0.3387287988939023,0.3452784971509361,0.35819872605559305,0.36119629911331075,0.3637135961783205,0.36922070687126773,0.3748408836247667,0.39864553595853675,0.43239159655981196,0.44723389583015694,0.46507929306532897,0.4714318264906502,0.4739806573490012,0.4863931220536994,0.5098828626859873,0.5157311772603591,0.5423236325775338,0.5611875169917352,0.5825022538855974,0.5884717436731647,0.598228742258646,0.6037756156558891,0.6143546473330899,0.6189086859518396,0.6216027767419342,0.6331164611563607,0.6431936756412897,0.6455158561825877,0.6431082919964038,0.6420668449062903,0.6597703307501165,0.656475500954625,0.6428720948250052,0.6401920346784591
-0.15467666124028964,-0.10221186709442465,-0.09785038175722148,-0.09710138805310387,-0.05494416273689791,-0.046592675651251865,-0.0509693560314842,0.03315540098443659,0.027769492716444875,0.06811471320727527,0.14773209882969315,0.152649553962131,0.16754313599420784,0.17967341828583272,0.24556507729875474,0.28180470555927717,0.30443741751939496,0.3342219731736727,0.330628674028794,0.3470468354275195,0.3780071422094164,0.39176072726095285,0.3985595121029673,0.4070476538972226,0.4108405710466237,0.4172415381063079,0.465510601290591,0.4930785814830964,0.4968139950198076,0.5157469161591376,0.5427522838644313,0.5624861235110805,0.5827685085831131,0.5716396579666436,0.5874987222609167,0.5976187687788634,0.6210659644189096,0.6479983912710918,0.6526351239202516,0.6512408363365887,0.6603168302267752,0.6535649185794916,0.6441256198098237,0.6569088536644258,0.6594179847025942,0.6716573837653216,0.67545876836112,0.6865396590388781,0.7119760504579085
-0.21839423127509894,-0.12805886421839677,-0.14847244881710522,-0.13773176649948607,-0.09107892883158591,-0.06970333015190579,-0.043382181510706774,-0.024904260885121,0.007966554558741937,0.03719678592801749,0.13432815338430987,0.14926323048458834,0.19453472884306183,0.19062667363948127,0.20250000499384688,0.22392717800410958,0.22350003393311493,0.2293258372054915,0.2868710126084028,0.3291837039038395,0.3144893698861929,0.2985214215570221,0.32382482060371565,0.37941315900164724,0.3740087408474079,0.38315948331391786,0.39989518246222233,0.41605318738114255,0.42381170572156895,0.42681212419797543,0.47406518019605004,0.5043378425969373,0.5092188930389647,0.5835005030928028,0.5955601881108731,0.6148448085215907,0.6360700057295894,0.6502389629851518,0.6464841136532378,0.6413314858638144,0.6355531071448677,0.6403600158863941,0.6499595274904261,0.653535173064506,0.6618314019461543,0.6793914585672618,0.6911344307416285,0.6976899832766249,0.6850396709298223
-0.24255534896339195,-0.28825581281575124,-0.2654651243464181,-0.242770013463085,-0.1798514695111048,-0.14566459077056593,-0.1279344013573599,-0.0799325349911815,-0.04360440897512056,-0.03420617433805604,0.015487092574227165,0.034070187326729395,0.05156807205619912,0.06380787937341954,0.13925040641952455,0.16263705165258868,0.18814218470689598,0.2566212291454699,0.22577612873016792,0.21068269690139696,0.21797469025685995,0.23585910823906872,0.27031486461319054,0.2563979821858928,0.2547589344512894,0.2813126184764762,0.31132778780754833,0.3548456883523514,0.3804713503565068,0.40214908338833105,0.42520394680107615,0.43090995822491834,0.4438737481460451,0.5501801862935219,0.5488335233051449,0.5426661944896305,0.5493692315178313,0.5569166451964948,0.5702290550676965,0.6089939142064282,0.5845844258858476,0.5872483697310804,0.6358866621242529,0.6382572576938481,0.6506837450477351,0.6619504837377621,0.6523597775059614,0.6567158612668884,0.6741409429823819
-0.29349612261801217,-0.25795125943767316,-0.23024352579995386,-0.22510529637841145,-0.20293231064715955,-0.17926098253691866,-0.16610619282655847,-0.11977793807082107,-0.09520069067255728,-0.07387152015618224,-0.047148828685326265,-0.04012623497007816,-0.01286234134685374,0.014919282916938384,0.06619548718893618,0.08253993913205845,0.13341425122862552,0.18151856007916642,0.2152551549853757,0.23516126341951574,0.20825050001117043,0.20094143491289135,0.1990425327606118,0.1404387717808872,0.21615124195472113,0.27656829807126515,0.3345399109241843,0.36103037677297944,0.3568175688669511,0.3650900909699158,0.41313994853056835,0.43804522352570224,0.4613814552347448,0.5144932145708004,0.5325382094456992,0.5559377047705021,0.5787137369877963,0.5836166009579294,0.5972213753160937,0.5929610341198972,0.6046126305072227,0.6118000944054187,0.5966101223590743,0.5903703232089051,0.5938091217668598,0.6276060429691184,0.6384003299669245,0.6613298212693933,0.6766464800913528
