jsons/1312812000.json
{"header": {"parameterUnit": "m", "parameterNumber": 2, "dx": 0.1, "dy": 0.5, "parameterNumberName": "Eastward wave", "la1": 40.97354507446295, "la2": 16.46031188964855, "parameterCategory": 2, "lo2": 133.9931640625001, "nx": 191, "ny": 50, "refTime": "2011-08-05 8:00:00", "lo1": 114.97908020019554}, "data":
[rows 0 to 21 of 50, columns 49 to 97 of 191]
0,0,0,0,0,0,0,0,0,0,0,0,0,0,0,0,0,0,0,0,0,0,0,0,0,0,0,0,0,0,0,0,0,0,0,0,0,0,0,0,0,0,0,0,0,0,0,0,0
0,0,0,0,0,0,0,0,-0.20503792603774237,-0.35057782946927957,-0.45958688529333364,-0.47111212328731183,-0.5280412384242847,-0.5557613650642093,-0.5600591343468889,-0.5697724788915529,-0.5699960660744273,-0.5750236871702357,-0.5751438836504412,-0.601233941444956,-0.6110215938107485,-0.5824345686150078,-0.592386284997715,-0.38520128826204486,0,0,0,0,0,0,0,0,0,0,0,0,0,0,0,0,0,0,0,0,0,0,0,0,0
-0.3197272410160612,-0.24884720407061986,-0.3927453426374421,-0.40376326169304727,-0.4367740719249798,-0.46537377077451597,-0.50510434601732,-0.5681315355905017,-0.5831258737468283,-0.6102291829909514,-0.6471828364274653,-0.670142403467981,-0.6951438373860233,-0.733084333536152,-0.7453404976744605,-0.7631367414832221,-0.7858049899500243,-0.8025402257539044,-0.8071514581191136,-0.7650691131491019,0,0,0,0,0,0,0,0,0,0,0,0,0,0,0,0,0,0,0,0,0,0,0,0,0,0,0,0,0
-0.6434419988956299,-0.6749881733491518,-0.6878027980943576,-0.6995911703258874,-0.6975857225438735,-0.7060049866342575,-0.7203125401011523,-0.7186264643677728,-0.7191591825299978,-0.7378360763215772,-0.7543945556030327,-0.7666981825213315,-0.7827084435595997,-0.7899583293687418,-0.7845346490346684,0.5318658928626091,0.024799378410813883,0.25164623682366494,0,0,0,0,0,0,0,0,-9.948606989452088e+37,0.13964034020266516,0.012198012402266326,-0.13724098473303076,-0.14613039917627216,-0.16538680010684964,-0.169829889554939,-0.16512733440788527,-0.13174027780649836,-0.1538410470673416,-0.11366331362818857,0.10374314362407475,0.27005403860320504,0.4091823009808952,0.7039087452249545,0.7942603289375334,0.9091815293976042,1.1099617384565696,1.2758570367810576,1.348170774980223,1.3482162994954945,1.4678229914882324,1.453317278810282
-0.7718586610749116,-0.8099353332093184,-0.8318616702261646,-0.8393098106362092,-0.8735878973678988,-0.9210891618708045,-0.938921986751118,-0.9963857822610317,-1.007837893458017,-1.167504995260101,-1.0724253993288584,-0.9869775976550662,-0.9736618558943088,-0.9185570900326109,-0.8611044614804693,-0.8438276258504187,-0.8758439033393627,-0.5389129971586557,0.12213360779874961,0.3058798236058939,-1.4758648085132509,-0.29859932600846556,-0.4911245076134956,-0.6681479356680917,-0.9562467071040378,-1.0749707154743866,-1.1832442632402724,-1.2279593946633658,-1.2030129117375712,-1.18154839734699,-1.1881670692960626,-1.0155135476921033,-1.0066124344043914,-0.9471938599305706,-0.75607450717586,-0.5466535039812126,-0.3593561301873584,0.2672250530731299,0.5435775095083428,0.8569372381625752,1.4241534382821646,1.7184513796101228,1.7817300339289466,2.0272775292517977,2.2150201869226906,2.293308585976821,2.3304222707140037,2.2968565469063402,2.1866266077442424
-0.8773562471742256,-0.9432399776206654,-0.9617126964752607,-0.9872852136997882,-1.0468836514268716,-1.0721338555716273,-1.0999987175833372,-1.1640753870240865,-1.2204369856628927,-1.2157070795019214,-1.269419180659103,-1.2962191829873266,-1.28532516862476,-1.327584902417191,-1.3604877940877027,-1.325016501079105,-1.3715288672978954,-1.4525275165183282,-1.5128536119229314,-1.541730324405281,-1.6428787350252154,-1.708545333726044,-1.752808166251435,-1.8663074246748579,-1.8800733076683942,-1.86932918890877,-1.950838129824469,-1.9855024410939603,-2.021887345740219,-2.0040850498420504,-2.015855610405403,-1.8573531608298293,-1.8412523056088002,-1.7183203664940216,-1.5034129563957228,-1.1946165446995105,-0.878522019266332,0.18523831487564113,0.6152793314305027,1.0408512062167898,1.8907733535279394,2.1166851218774725,2.3332918228300317,2.4850037224528134,2.6059583445945416,2.6542314583696367,2.6627528271811483,2.5150224792793465,2.2490602091798944
-0.8940049855622186,-0.9500176960261905,-0.987453708201863,-1.0150688872146592,-1.0739231143626073,-1.1140013745633115,-1.1380760730717967,-1.20244955574443,-1.2275965479819155,-1.2614766366511234,-1.3313988982224347,-1.3900721355664276,-1.4189763901044816,-1.513877187725633,-1.5528730716319965,-1.6215441906196695,-1.6813906988426353,-1.7856497806395424,-1.8070484288970534,-1.8650175330840029,-1.9656903103067167,-1.9715255449293654,-2.0071512918445755,-2.0828135599603246,-2.1176732498477255,-2.144329903300417,-2.216812041701246,-2.24865648617031,-2.298762936728106,-2.2945616707041068,-2.3147016168389065,-2.349817285695338,-2.306509301792847,-2.317589492505225,-2.256032847408551,-2.169914591535482,-2.0768740956107976,0.10751484894042491,1.6606888471047365,2.1702214293653257,2.3644758627536056,2.3715957464560953,2.4405138858946973,2.487723388957143,2.505216952014415,2.687364277737808,2.687729772117387,2.690181374338948,2.7215722849694313
-0.6473849830317143,-0.6278264829358471,3.180212768682083e+38,0,0,0,0,0,0,0,0,0,0,0,0,0,0,-1.3149433896220066,-1.3814107272047405,-1.372838859828893,3.381636024583063e+38,0,0,0,-1.5938878564601442,-1.7329727364588396,-1.7756821436852104,-1.9050805275462444,-1.9840233220510064,-2.1336023816934,-2.190474000490405,-2.2108737987159284,-2.2293580783498026,-2.220116353488019,-2.132795057937049,-1.9589221747782615,-2.0260090708934153,-1.6029502601616474,2.1383399199867337,1.6182144793622193,1.6397129797975303,1.866557703680475,1.998911044792776,2.085936831272446,2.1917411535766993,2.2768686993446985,2.3295807558934083,2.368367577532719,2.450451062665226
0,0,0,0,0,0,0,0,0,0,0,0,0,0,0,0,0,0,0,0,0,0,2.7660893688462534e+38,-3.2399984047950956e+38,0,0,0,-1.2689987534127887,-1.626743723866144,-1.8084569930661778,-1.8773530967954137,-1.853130632713745,-1.8628490863517633,-1.7983064194091465,-1.4978542956542769,-1.3215260984439876,-1.2398360544008142,-1.0761277653675136,-0.2228913942648585,1.7909632241959395,0.8952132436831314,1.135309181912693,1.431258164729789,1.5055890803767586,1.6936052222324232,1.7760771222275344,1.8290730314309496,1.890491503309989,1.933560647766584
0,0,0,0,0,0,0,0,0,-0.3749547162142121,-0.13852452973629897,-0.6805415424516236,-0.7762818078166732,-0.9396920579502849,-0.9499674627538958,-0.9838144292415385,-0.9431523406367242,-0.9803522320890673,-1.0272201763837978,-1.0693413764066892,-1.0913121662171947,-1.1631049868051502,-1.2078276269637707,-1.2931467523999414,-1.3452925683585608,-1.428810942295369,-1.5113526926481633,-1.5351000258373033,-1.533045945709244,-1.585079350536938,-1.5989740422946783,-1.4257319957499002,-1.3225514715876738,-1.2118605581532147,-0.9428108387001228,-0.7267994678865514,-1.0270021001066312,-1.872402634910284,1.827402263592403,1.3863484953208263,0.797501933862544,1.0046740804628786,1.1282154397466455,1.3076119988827755,1.4259618246030317,1.4717869380221649,1.5289003655061215,1.574386870864923,1.5813226701977938
0,0,0,0.04584970341963344,-0.3120734612720559,-0.5520524652073867,-0.5901047282728313,-0.7469268695918952,-0.9036775986749058,-1.0258883026413927,-1.1236725092012794,-1.1932420020661751,-1.2483778079019894,-1.3185078792747251,-1.3472356831183352,-1.388727660306442,-1.4016633572138684,-1.456111095566449,-1.480162608475357,-1.4996695927084829,-1.5432059560795441,-1.5720045674268777,-1.6015156677237106,-1.6308813906422348,-1.6519222006642007,-1.629559789164243,-1.6318649742706426,-1.6101835988559248,-1.5522940794148354,-1.5002351530640428,-1.4559932335290238,-1.2692631969115975,-1.0752059613525917,-1.0024879119376262,-0.6983805566303736,-0.5756786658746557,-0.394969754322673,-1.788720030336432,0.27964030033349,1.3804598771371224,0.7983033840690625,0.7756908870996156,0.9003757507531709,1.0505733733150275,1.2010345091241976,1.2803628045654603,1.3161022157946831,1.3658786792219482,1.4008985898554893
-0.6240679449905258,-0.7310577485675369,-0.8489564569639417,-0.9301002348694783,-1.0069807085625377,-1.069110345236641,-1.1105501734914411,-1.1838901738506609,-1.2325913376116546,-1.2735846295665105,-1.3497830705433487,-1.4072256150694586,-1.4338349642574928,-1.4688061077680115,-1.4944589111731683,-1.5142950128075416,-1.5348818808736775,-1.5609313763604336,-1.591319972467117,-1.6177232483338317,-1.6685367069349337,-1.6660636281022758,-1.66851206169463,-1.680491607085676,-1.677304565798681,-1.6246326362691381,-1.5939366864025577,-1.5490901010534415,-1.4182016326718563,-1.3732275222580208,-1.3265645407887454,-1.141661462900538,-1.027402455174796,-0.929386030427107,-0.6933740392493355,-0.48143520753817726,-0.8176929059959943,-1.1338152116815086,0.4868225641223894,0.8469523885801041,0.5210726185669949,0.6064364652462585,0.7554798270789087,0.8754441357287276,1.0725635409991405,1.1058997240712314,1.1599277135067563,1.2043044912626453,1.2061111561141689
-0.8924288856202642,-0.9626890922493604,-1.0050440023781946,-1.0220429317506308,-1.1016935688332037,-1.1462762940843993,-1.191474441105335,-1.2502591009421509,-1.2797791790140707,-1.3214122640005963,-1.3700146434957508,-1.401461184877949,-1.427443489127244,-1.4626773471754266,-1.4878690744485188,-1.4967958280474254,-1.534316617969177,-1.5785770617495951,-1.6117811184729296,-1.6307093337028253,-1.6621968088847145,-1.6661538004502199,-1.6575713854757002,-1.6493274962271258,-1.6366910450949173,-1.5654888024288873,-1.5171516525609845,-1.4922449775876443,-1.3960319995464385,-1.3210945025836478,-1.231059915582435,-1.0137930508116044,-0.9600295937254102,-0.8698096106665042,-0.6820546923696409,-0.5065038897944318,-0.42330593991937976,-1.4012875869154708,-1.5678578057961616,0.4993229999000887,0.636500787410395,0.44246351525399097,0.5348636425167129,0.5992635404687098,0.6926544117576835,0.7742979723759328,0.8237796813498297,0.9287233338500772,0.9710884426561841
-0.5190474949732139,-0.6623506226945488,-0.7153596237965363,-0.8070275263306971,-0.9142924900883828,-0.9626195502918966,-1.0056632180988365,-1.055697998859006,-1.0780079067182178,-1.1069527849110354,-1.1597150199473991,-1.1812414086775918,-1.2112676044196744,-1.2716667059061044,-1.2962664525722232,-1.3277136651154258,-1.3628224767263892,-1.4611701809359656,-1.5021584438270381,-1.549254683214707,-1.612590388328207,-1.629260761183456,-1.6292780825317335,-1.6254895259746711,-1.6158241744537447,-1.5532787405369741,-1.5101475009498433,-1.449507886209257,-1.3397955669673878,-1.2513661289814955,-1.2003269320993144,-1.049735263436952,-0.9689040198272815,-0.9194051940362867,-0.7583878713257346,-0.6974475464989714,-0.5632981693774408,-0.38217745285479765,-0.5113642114884697,-0.7104135842022813,-0.7196814883061876,1.4872969510938252,0.47707043764633095,0.5783487668651224,0.5107439066051143,0.5776473967869874,0.6413166385782003,0.7365128251795228,0.8214445014283167
0,0,0,0,0,0,-0.6040043045949155,-0.8078255779408919,-0.8755719747428902,-0.9156838684981704,-0.9633478790190975,-0.9844826828404929,-1.0104077474694226,-1.089908373529168,-1.1316121422717906,-1.1879092472869246,-1.2273375719799924,-1.2855915353775016,-1.3313124673591066,-1.3639688990791654,-1.4258075282705014,-1.4255943778199347,-1.4153370756361274,-1.4075695478169485,-1.3987609045007403,-1.3570111230880086,-1.3512804018634998,-1.320014026326179,-1.25524544925831,-1.204372689873334,-1.171396207011461,-1.083884740766314,-1.0261625853023295,-0.9791896253395377,-0.8519791706090917,-0.7712587683366904,-0.7107681808380085,-0.5505080693962221,-0.4720892437689581,-0.3773886825370335,-1.4395512795998162,1.4419390636675555,1.1443748919564547,0.25034666752464757,0.4183299135539904,0.48991109394545407,0.5543111316492071,0.6795655628247033,0.7382107268957867
0,0,0,0,0,0,0,0,-0.5384279145991494,-0.6946624383355381,-0.8040924384471247,-0.8148971329824899,-0.8328552349809529,-0.9043031010751784,-0.9420606636408289,-0.9975876058813758,-1.0580723964749839,-1.1508223248348821,-1.185590064435546,-1.2235469401658867,-1.297633941769597,-1.328141926849379,-1.3608620875557595,-1.3959349628621764,-1.3929322073789756,-1.3924405961746325,-1.3535523647655523,-1.3271707215331479,-1.2821066463327906,-1.263255589999106,-1.2155526618582106,-1.1366053548391766,-1.0856960649872143,-1.0378099682790929,-0.9255220299441402,-0.8629883068937951,-0.8130713795574823,-0.6540974389074238,-0.5965001209546824,-0.5228014807540157,-0.3639773356051384,-0.28288781116311,-0.23843251401579396,-0.9433854968131612,1.4557534758823882,0.781622457657311,0.34615319165515107,0.3812690750048997,0.4627794599145438
0,0,0,0,0,0,0,0,0,0,0,0,-0.20565682649588943,-0.2728653583253633,-0.3962519190030468,-0.5256907090046431,-0.6396191957280044,-0.8228648211784996,-0.9032958941995408,-0.9684839255147252,-1.0763504954004017,-1.1150986981163746,-1.1328573650157716,-1.1713725645242163,-1.1906098712638837,-1.2027269334168305,-1.2275806489380536,-1.2187194044361114,-1.20837095072757,-1.1937731193928227,-1.165573832001931,-1.1139115667242099,-1.0434755211443925,-1.0301880510816919,-0.9580133881832573,-0.9104051700586392,-0.8361413279268394,-0.7277172344036997,-0.6546174090865332,-0.6175887990159593,-0.4979852581769716,-0.42312447276220105,-0.3825627703379856,-0.3488727701855048,-0.19443600739860292,-0.18414503186772313,-0.8917521150269069,1.350526505760927,0.9779883734828678
0,0,0,0,0,0,0,0,0,0,0,0,0,0,-0.2352379064761979,-0.28270443477691676,-0.46914514548512526,-0.6263081078195258,-0.7338251468187768,-0.7963362358698144,-0.8663748673563909,-0.9057336282823661,-0.9341990882421108,-0.9930799173926314,-1.0263284177862806,-1.0593083087651884,-1.1171438405937595,-1.1338226497713992,-1.1356973197464229,-1.138617053195158,-1.1174859340448506,-1.0435897249355162,-0.9936315874599381,-0.9684906532090337,-0.9167471089253094,-0.886618460216472,-0.8532551881558457,-0.7800282958122955,-0.7435214193661775,-0.6915172063986941,-0.5995521115289729,-0.528320700290443,-0.44751607992578335,-0.39837094887627866,-0.26032824640367913,-0.43760442937286526,-0.6784199745977708,1.254122392718099,0.4661243557415618
0,0,0,0,0,-0.022197673091612885,0,0,0,-0.021762973268388334,0,0,0,0,0,0,0,0,0,0,-0.336653987124754,-0.613694744041815,-0.7037426098894347,-0.8071063416722478,-0.8438600332479069,-0.8804769239692939,-0.9275615560492596,-0.9611500125799981,-0.9944638935915507,-1.0193560405085376,-1.0076857513834703,-0.9788835437249007,-0.9802080617302926,-0.9699370464352494,-0.9632632114881349,-0.9574332636119266,-0.9494626863994645,-0.8675610581993404,-0.8214481176878086,-0.7854804444631284,-0.6888673807342142,-0.6344651817009976,-0.585535137853524,-0.5296976420681945,-0.37901381882992585,-0.43844386226654214,-0.5402078461544066,0.375760786398838,0.6142656249199462
0,0,0,0,0,0,0,0,0,0,0,0,0,0,0,0,1.94730946578464e+38,-0.03497960948324309,-0.06194976077391538,0.06423558063657284,0.11170451692032297,-0.00925610174158631,-0.14431009639467013,-0.3179096832854787,-0.4313003269454412,-0.6034964932714802,-0.7666829130295825,-0.858815975133071,-0.9809767204563714,-1.0368280642500163,-1.0398182329243657,-1.0101694662061615,-0.9764078239166688,-0.9362766840705928,-0.86622457362549,-0.8472299208984148,-0.8141882673226848,-0.7340078056853926,-0.7248136366695028,-0.7166136541392133,-0.6641440776900459,-0.6442798305273715,-0.6206055661932733,-0.5515596659992495,-0.4204896473421521,-0.3404755682087703,-0.3448615265303429,-0.2371942406343607,0.9560911828615013
0,0,0,0,0,0,0,0,0,0,0,0,0,0,0,0,0,0,0,0,0,0.07789595731092988,0.04781932550960478,-0.10363540158626976,-0.27960114590154045,-0.4966966089402609,-0.6599933511103212,-0.7599759934264663,-0.9439172882343523,-0.9629121727022069,-0.9750199177132853,-0.9558858290321394,-0.9514493763364017,-0.9270599296561916,-0.8552008747968034,-0.8018795446499885,-0.7798562011993659,-0.7658309008898119,-0.7373200540624714,-0.7284514895389655,-0.6686176250553394,-0.6455639193616973,-0.5812655139990109,-0.5375588540625662,-0.4302884605460727,-0.3812923276063143,-0.30526822712287993,-0.3343190059969197,0.1503964516037611
0,0,0,0,0,0,0,0,0,0,0,-0.0325824671462399,-0.04953354565821824,-0.10012522486254333,-0.11214788801476644,-0.08322614932779437,-0.06571274900266137,-0.059295087601835744,-0.0293639572571737,-0.048313085866046976,-0.08182814675566566,-0.32950603297490383,-0.42900203419027577,-0.5697124081666842,-0.22628251136079094,-0.387337807682675,-0.6777463458430585,-0.803633768318766,-0.9242168705682661,-0.9812393749730277,-1.0361725511676336,-0.9880708372447553,-0.9216682593240424,-0.8744276051354444,-0.8129887074478892,-0.7760357894163906,-0.7575589578651094,-0.6800879506211863,-0.6410317322605414,-0.639179403645699,-0.6478134492112412,-0.638133773908047,-0.6209238962021362,-0.6328035641462108,-0.5292211134493158,-0.46597652296278325,-0.4298762125428958,-0.9859287161039028,0.8285519582628298
