jsons/1312873200.json
{"header": {"parameterUnit": "m", "parameterNumber": 2, "dx": 0.1, "dy": 0.5, "parameterNumberName": "Eastward wave", "la1": 40.97354507446295, "la2": 16.46031188964855, "parameterCategory": 2, "lo2": 133.9931640625001, "nx": 191, "ny": 50, "refTime": "2011-08-05 8:00:00", "lo1": 114.97908020019554}, "data":
[rows 22 to 43 of 50, columns 49 to 97 of 191]
0,0,0,0,0,0,0,0,0,0,0,0,0,0,0,0,0,0,0,-0.19528880437681853,-0.04571557847040327,-0.09854532555767195,0.07540148320640509,0.09664618541348241,-0.09370338263982879,-0.1990426666119303,-0.09352759596611931,-0.03330682610380923,-0.044087145609196805,0.030761063513528353,0.039475379398927785,0.01078694334511353,0.06481624130301966,0.08608680383782019,0.09286196495403573,0.061845257247704934,0.2816690433963999,0.6500247337094408,0.6737192093233463,0.6674241122092487,0.6865686991269395,0.649228649767157,0.6811706032550718,0.6877801629405873,0.7140484981202992,0.7140541156587525,0.7117802919877811,0.6233819514773422,0.6896896729543565
0,0,0,0,0,0,0,0,0,0,0,0,0,0,0,0,-0.0005530936934302846,0,0,0,0,-0.0033651312840724864,-0.0015529570310657272,-0.020729292356401773,-0.0597590450946904,-0.026510771419604277,-0.015864206084646757,-0.019296879091828686,0.02512484995685001,0.10166810297206487,0.12332113075926406,0.19829073723255086,0.3996197515584912,0.4919266102744781,0.6552300130959056,0.6642461360310693,0.677670386025898,0.6581948847479675,0.6573577663936806,0.6579440028083311,0.6671058089100581,0.6527537045419132,0.5364696766317947,0.6480204476277323,0.6065302926255296,0.5923717294719685,0.6192767451823104,0.5643966659098976,0.6096180940337435
0,0,0,0,0,0,0,0,0,0,0,0,0,0,0,0,0,0,0,0.07099240507489991,0.13361337433097284,0.1173484547075388,0.1190284344104248,0.1217374751876254,0.10118236677486904,0.12612266131858005,0.11929754224130287,0.10369660907891984,0.22764254823651783,0.35766024203221025,0.4800161592861316,0.5991751625746378,0.6259144527911746,0.6352873146487279,0.6564651092371363,0.6665055271025133,0.6695877609279545,0.6430388441073033,0.6064027942945674,0.636764292596473,0.6356495565357774,0.6389136370498023,0.6366761119893269,0.6154450700657605,0.555335028806383,0.5277480209743726,0.4975640819683499,0.4761778145492533,0.5055620943264161
0,0,0,0,0,0,0,0,0,0,0,0,0,0,0,0,3.3038944722661223e+38,-0.22217292348965062,0.1431506656447804,0.2008702712003234,0.23337505747502005,0.21379796045034088,0.19462310459512064,0.18791504409418996,0.19570755496270814,0.10645742422890868,0.1617782545211539,0.23740058634548222,0.6015501378436935,0.649984443770877,0.6567345887119889,0.6562633451718547,0.6573018655550447,0.6534803610310163,0.6221659821520026,0.6240336668862033,0.636752465888528,0.6243305904850557,0.6093098934263237,0.5997995998082064,0.5728816786501383,0.5545859305760347,0.4931253430749891,0.4804432523354484,0.46731156496535586,0.4545531108531217,0.35326705004488695,0.4635556372234015,0.46984259230137915
0,0,0,0,0,0,0,0,0,0.06097922729812011,0.1418547120669748,0.1965061165239559,0.2626454571644411,0.334396257812545,0.3500317533329602,0.3347252264116802,0.3375916060945748,0.3524448350543547,0.302289423659291,0.2408090939945552,0.22804800969417943,0.10255370091547689,0.06522750593728606,0.005878722642001682,-0.047899149847157714,-0.023986009850757845,0.19656795294209617,0.4432573391584346,0.6717559186773164,0.6299430427687404,0.5897123722048657,0.5613210569385529,0.5914315945585547,0.5667309056662723,0.5277437503035959,0.5354336919627951,0.5058467214459564,0.5104158245190599,0.5178015811555172,0.518744505250684,0.49132219774645175,0.4831843306505059,0.4844647037534907,0.479330834917263,0.4397002695249254,0.4302524576483066,0.42505848734187063,0.41423486146722827,0.40543240386713164
0,0,0,0,0,0,0,0,0.20325172009103726,0.2576911785325121,0.3179636824048292,0.3341251360141706,0.3305949211812979,0.32193616597987973,0.309720507303673,0.25895511832911344,0.23314378951083156,0.2036199296237992,0.09685593045919715,0.040463236105591695,0.026561736471003915,-0.048797856273023625,-0.0796442251312355,-0.1209463767911109,-0.11781579901304776,0.24153879453353927,0.6599807677055608,0.6804641193238884,0.6249391583931538,0.5921213960358722,0.5890194134729462,0.5630768515388762,0.5594605033869976,0.5548292488376487,0.5022702431569216,0.49532722262822865,0.4825663514828643,0.49891866926067197,0.5059606472211926,0.5231142664615508,0.5178337839072066,0.5211228637583564,0.509233945550176,0.4927307997288644,0.44555121009231957,0.4136410746401677,0.40888179184935713,0.3585758856918964,0.3373471586610467
0,0,0,-0.33633650020069983,0.25220637775123533,0.26746933539443024,0.2712657846365697,0.28580989241641563,0.2825064665104918,0.2820912353891403,0.28811963841717136,0.27630136025185353,0.24394783334351922,0.22570348728958442,0.1819046243830024,0.08547305547997902,-0.011604397410747664,-0.04609938457570139,-0.11159651655798021,-0.12639540189177287,-0.18319583959504418,-0.27981382541698036,-0.35853100608940125,-0.39183510747676353,-0.4235280540826252,-0.24554552815333128,-0.4717344042497535,-0.6491213221307276,0.5061436848876484,0.5300680046276189,0.5458600664887495,0.5593293564483893,0.5642317218325239,0.5684260462631802,0.550451748315093,0.5419173408707564,0.5388518895885327,0.5513568571824352,0.5506467376790333,0.55169694801429,0.5472521744448727,0.5099400278831953,0.486854661499457,0.45999019246345985,0.4348628448071018,0.4456342166063007,0.45531193324170616,0.4658693407870913,0.4227074341155509
0.12402937109153891,0.16888224958847686,0.1715482800034407,0.17104377499683482,0.16720875156071338,0.14605833240159213,0.14251863810388385,0.14149464618569382,0.13948699419389948,0.1055188124343111,0.08514235675846753,0.039085116083222245,-0.030598452129402567,-0.03545048488455101,-0.08648735938189911,-0.19540046152133822,-0.265904571417072,-0.3204223447441936,-0.44866807566560657,-0.483667125019458,-0.5188789353113442,-0.6378415455080414,-0.698489003128505,-0.7346626464236472,-0.7323231825720934,-0.7029365195329079,-0.6650061303087429,0.4060267188915119,0.44051673264179925,0.38684630816825794,0.3996566356365208,0.4166069529386313,0.3918637990400603,0.3763974621169455,0.39986697401450183,0.4073860563526781,0.3946672363693284,0.4376725502059132,0.4403435147442579,0.4284223496030132,0.4906249407759365,0.4674031659457778,0.4186292701452879,0.4130627530851359,0.4422451830123382,0.47684903747355456,0.4614222798426993,0.39464923725297335,0.38541746915670755
0.09539941703227851,0.09445638371755802,0.09571712324283106,0.06346458726103626,0.011582048671938079,-0.021037855278604314,-0.008222501956866038,-0.001414713082526503,0.026452824236617097,-0.17332394941242948,-0.23926480801955613,-0.33459319604461873,-0.47978910084992843,-0.542601201247583,-0.5565553090283123,-0.5769930559156643,-0.5789991985259514,-0.6112584122033995,-0.6609824779173488,-0.6715485202952414,-0.7028655020657338,-0.7447811724635148,-0.7652197608640637,-0.7732662786112413,-0.7472311809216335,-0.6381149252996786,-0.6902824050789816,-0.5184327261912274,0.5736626569665765,0.39387728276902856,0.3531499230753616,0.3235565381395014,0.23055411199316908,0.3263284783070493,0.32513286067527253,0.34065358772421767,0.3458259261705122,0.37632226966903426,0.4283115132649594,0.43096823446335103,0.4142439234541999,0.4228670848856198,0.42056075101034773,0.4186044235190336,0.3998299986884351,0.38680162176799254,0.3756251516906054,0.37297754448693293,0.35449949218828053
-0.08768842691404553,-0.1133571050680198,-0.17859614720537478,-0.24534616527416683,-0.2963394260656593,-0.41452122240385675,-0.4760543067724255,-0.53982481388165,-0.6193817810104258,-0.7020580019073595,-0.7775191173639838,-0.7975876006588705,-0.8285611569218057,-0.8048215167969764,-0.7956644427894713,-0.7905869467901158,-0.7760874087306099,-0.7690606228053383,-0.7573716338749307,-0.7470971660968229,-0.7221966170223588,-0.7518771856940324,-0.7515826405308486,-0.7659752592273903,-0.7633786244089772,-0.7590847532352513,-0.616141603804364,-0.5151254189900639,-0.472225994284437,-0.42094745404884304,-0.3965044824724188,-0.3755974069316619,-0.3390359620213761,-0.26997193548268045,-0.2546883200967576,-0.542274636833384,-0.24176639050403517,0.5458357558604394,0.27151264416559096,0.25357166732199365,0.266308321411006,0.29397046522233206,0.32192767146699136,0.2936171320199154,0.26338622193984956,0.25532287359415995,0.2559080314216723,0.2639202372847378,0.251186439282329
-0.49967448159780853,-0.5479074534446744,-0.6380465138817788,-0.6835243835860011,-0.7477013138580783,-0.805802496578386,-0.8600377932052313,-0.8909375452835805,-0.8963361105508176,-0.8640312322339652,-0.7804635172909493,-0.7127255008648371,0,0,0,0,0,0,0,0,0,-0.4873675435519535,-0.6054874330862816,-0.6482576624421171,-0.6559625511341866,-0.6964134721390989,-0.7468095414299659,-0.7658377491698442,-0.7637835097191851,-0.7178928232037729,-0.6685929442663924,-0.5827789238793291,-0.5147493336998,-0.42804183410566754,-0.3969757672995515,-0.5835324153733294,0.17397757695408214,-0.6825372662073406,-0.195548173774226,-0.4045356263748399,-0.6802183014300842,-0.6626632800762425,-0.4088990119513422,-0.4361136502657998,-0.5625432412749859,-0.5586527561285287,0.6187310436584779,0.3505889649291837,0.2525898004349458
-0.7831602690272774,-0.8261044595938896,-0.8542780632541017,-0.8691099220222236,-0.8808473152854759,-0.8401356927467408,-0.7932024170706559,-0.6241827403931142,0,0,0,0,0,0,0,0,0,0,0,0,-0.22431029877730504,-0.5242214251149636,-0.6023772122719694,-0.6420913689295329,-0.6476265044686492,-0.7087538024916922,-0.7187900522945784,-0.7466643318404882,-0.7829529154726012,-0.7723486641505473,-0.7998722317504124,-0.7668111455856056,-0.7364819564834549,-0.619614811966142,-0.4027372379280365,-0.31983617654746926,-0.2598461934892887,-0.26271737072152024,-0.49845533578046813,-0.520038073823987,-0.5712430030969695,-0.48633917957816264,-0.5650043368323991,-0.4625862420881699,0.26583209933033586,0.6065101706992709,0.6564457370129197,0.48184522023523346,0.4203976959419719
-0.8095244078742909,-0.8028793844666297,-0.7321768735962946,-0.6698152436139772,-0.5721110566132063,0,0,0,0,0,0,0,0,0,0,0,0,0,-0.011978714669006262,-0.16007728822082515,-0.3689871324796993,-0.5532387301726903,-0.6265432854424372,-0.658523057270159,-0.6665302853946079,-0.7371592184839839,-0.7662354941004268,-0.7858158574521793,-0.8068646767572308,-0.8195267352012566,-0.826094464912389,-0.8248138254477537,-0.780810897318279,-0.7098455685300162,-0.4872834169980995,-0.512211700536845,-0.6387003262147207,0.4249984666296987,0.2876743681605448,0.39778500311742065,0.5069336758558655,0.5149015629459871,0.5298425151467773,0.5506273556901877,0.5856032406760664,0.6011884425453207,0.5733200028159263,0.4996054781579763,0.4665377251459286
-0.635654688252609,-0.44408819884020295,-0.20109159302717575,0,0,0,0,0,0,0,0,0,0,0,0,0,0,-0.11217423007170325,-0.39623770363213584,-0.5236102731051371,-0.6441115073517347,-0.6876868102610015,-0.7416976388241155,-0.7539583881031954,-0.7902169069715089,-0.8351895364275058,-0.8390925500542835,-0.8404927106572551,-0.8491491040411885,-0.862269344346613,-0.8705444700765825,-0.8639259788881577,-0.845498773184273,-0.7937979496042556,-0.578365749305406,-0.5156580290872996,-0.38179009710074213,-0.7044897376731617,-0.7969844654969482,0.7335613048865172,0.3886585421530745,0.29670322696881496,0.34279675566570417,0.35414155355097454,0.39066510256369225,0.4087111564123852,0.4456933721453231,0.40258733376062766,0.3583066350319152
-0.40015247268544907,-0.4084977220270439,0.49119782041745064,0,0,0,0,0,0,0,0,0,0,0,0,-0.2109084661774636,-0.3479110148892902,-0.49684453241004045,-0.6627956381947625,-0.7311355383258824,-0.7571665513773835,-0.8501249570091354,-0.8720090295512559,-0.8683220757664032,-0.8873705170670513,-0.8807849404601603,-0.8746865153115758,-0.8803609308099715,-0.8849273007253234,-0.8966863564762788,-0.8997583186144327,-0.9124120396020412,-0.8822204960066685,-0.843643084838078,-0.7264548456837371,-0.6023632418018305,-0.458617741757131,-0.3433469425225289,-0.2910018131374767,-0.24868892786635652,-0.32404934545566194,-0.6259261688025279,0.6097884947701544,0.2835227422482788,0.23949384462599085,0.17204283486428346,0.179758332489556,0.177108244835042,0.16249429021599088
-0.28727175650074804,-0.23163236493974868,-0.17868619079106668,-0.337458677845279,-0.4379986708906842,-0.41394797030824004,0,0,0,0,0,-0.5237275859494186,-0.09213301168840224,-0.14229448528182248,-0.2994648708543318,-0.49259303077830346,-0.6261302277728324,-0.7584817717943029,-0.8890741684364928,-0.9108304821459615,-0.9216783766771713,-0.9267014734658554,-0.923351679563554,-0.9095428217842466,-0.9058603651327733,-0.8899948484001365,-0.8893890930943209,-0.890750629789914,-0.896469063451306,-0.9020177057719543,-0.9022755860444155,-0.8975249163050105,-0.8864916067723078,-0.8749032900426775,-0.7022151233786974,-0.6891906998258036,-0.6322480028123536,-0.5409846276677531,-0.45549133206140874,-0.4243033386109721,-0.23001777380750207,-0.21240095086055893,-0.23018523057486823,-0.5119357366620738,-0.5552745584235178,0.4528366005294191,0.7181370651327542,-0.7045558237013345,-0.793725284253663
-0.27717274589997326,-0.225096901942005,-0.3304285322472284,-0.4042428305959069,-0.1865122413329563,0.36645466232920876,0.3082452392663577,0.3484585887814123,0.46311815849597066,0,-0.20940662844565505,-0.3163381311274066,-0.469813828505804,-0.6135469125637143,-0.7206999012165148,-0.8587408858488889,-0.9007286108880664,-0.9436513798641386,-0.9660086822041043,-0.9620453763217331,-0.9537317344199427,-0.9455268702933106,-0.9295690760422228,-0.9010896715214701,-0.8680829762277462,-0.8707488351692193,-0.8744832305489428,-0.8906761462649722,-0.8954437547763445,-0.9366342022472021,-0.9176969384609189,-0.8615741993472528,-0.8252585363430038,-0.7939453246802199,-0.7782953898141274,-0.7647827798478821,-0.7022568333712647,-0.6292473977066606,-0.5793776881500953,-0.5603563879584903,-0.39727449480991495,-0.37211903817608066,-0.32395393260817057,-0.268497577410835,-0.251971714245825,-0.2372857577293998,-0.2256685719626064,-0.18292588536477902,-0.1852837220989147
-0.5374408488001765,-0.5419336823627571,-0.5099267268612687,-0.4545715875177126,-0.38801543899793695,-0.37734990353286124,-0.4120334005751319,-0.4767237374187643,-0.5123492515922181,-0.6185163325074241,-0.6952798648083179,-0.7362529361866296,-0.815956565463731,-0.9110662086750229,-0.951960984999353,-0.9645817936261037,-0.9824859058667665,-0.9925961613394603,-0.984893118721179,-0.9649347379807307,-0.9495218011266487,-0.9235965443316606,-0.9114183182002427,-0.8974188639902296,-0.8813481404996848,-0.8552226797374601,-0.8865245604172719,-0.8839340797895228,-0.8426420982057933,-0.8513828366426901,-0.8500172826480212,-0.856061996102628,-0.8597741546895473,-0.8665788857885619,-0.8505099640801446,-0.8129099732984251,-0.7916859615413815,-0.6776320256239813,-0.6301338515904109,-0.6093251678090608,-0.5571868585894979,-0.5023422010107298,-0.4650762892025215,-0.4435849519018682,-0.38784587823152505,-0.3733951721234561,-0.34434919517285995,-0.35688666815806597,-0.35710658923109095
-0.5704122301754261,-0.5760058705709022,-0.5669113975274167,-0.5782708389012361,-0.6477971920409852,-0.663846449362715,-0.6918087863139359,-0.7727730370844632,-0.7812459679699727,-0.790905006041926,-0.8374870578906228,-0.8899300251035192,-0.929366194484929,-0.9793771209043516,-0.9945751763775673,-0.977125871775445,-0.9984898527369976,-0.9877606594028623,-0.9570166826932909,-0.9488512997954053,-0.9371124141276208,-0.9228322187306158,-0.9040412054005548,-0.9057334743595806,-0.9077794172872692,-0.8921113099798373,-0.9005185688640513,-0.896885094085635,-0.8474410305554786,-0.8392834923388955,-0.832860279677155,-0.7954150784817321,-0.8171631340255107,-0.8271278707033418,-0.8220030315317206,-0.7978625489789305,-0.7561500905254155,-0.722138323255189,-0.6949815988160277,-0.6768766008375394,-0.6144761878727305,-0.5828752284197924,-0.5850437152962223,-0.5694361634560151,-0.5559937101420063,-0.5218763711384866,-0.511857776503569,-0.4791664463759131,-0.45781633542126254
-0.6588252767766563,-0.7015358450729398,-0.7340014750591654,-0.7343116182291026,-0.7683246303850969,-0.7750488560444014,-0.7954689706934261,-0.8187653747012971,-0.8461879323713575,-0.8620517252841883,-0.9319605325776517,-0.9441689486607276,-0.9560693727107505,-0.9964595213062659,-0.9949821141853784,-0.9704724506193363,-0.9804031335891089,-0.9695426887269564,-0.9538505800157491,-0.9472667470639896,-0.9341137628484787,-0.9180919141821334,-0.9030314547283756,-0.8914914620754235,-0.8909552351151921,-0.8973441668164848,-0.8904815027512798,-0.8839367938082876,-0.8664221911075871,-0.8644813705497737,-0.8569468813809816,-0.851438126064926,-0.8449551097268032,-0.843844347198399,-0.8295616204207847,-0.819166938839189,-0.8019012064687968,-0.7862793177313622,-0.7567496831950791,-0.7334524528486819,-0.7011886398703598,-0.6827242680227692,-0.6525721400361645,-0.6268879868157066,-0.609191018330243,-0.6190006314290275,-0.6175150624390797,-0.6078456787532361,-0.6106392832352003
-0.7782736501476621,-0.7980316434513006,-0.8063100058499364,-0.8085531647602293,-0.8365269103148201,-0.8397899976907015,-0.8530258278932235,-0.8717648012550975,-0.8903441095689822,-0.9137733797037355,-0.9407488461480717,-0.9617282593043202,-0.9771757814479232,-0.9925835769912521,-0.9945581312092154,-0.9979931252864377,-0.9939017088816703,-0.9770771995765258,-0.9615237335736622,-0.9534129311135121,-0.9497113452241962,-0.934903690388732,-0.9357243889927779,-0.9400238450700463,-0.9435121340852882,-0.9252843519149992,-0.9002360630053117,-0.8941268725981675,-0.880598158698928,-0.871963912710587,-0.8608129616341736,-0.8446840109389112,-0.8440014849817208,-0.8415044346738171,-0.8359108004182557,-0.8393319916893189,-0.8447533128489473,-0.7998905904780972,-0.7653087747450235,-0.6897055519989888,-0.6763504639843583,-0.7022557823096328,-0.6970610540875579,-0.6899182420171692,-0.6791871185417719,-0.6639859673280741,-0.6530565145302791,-0.633633790617471,-0.6331414218230756
-0.8257569043340314,-0.8531372097193498,-0.8658457296503258,-0.8700217757634485,-0.8904967172318575,-0.8968858630849953,-0.9058701234538934,-0.9393004513941969,-0.9472910847053534,-0.955531446954367,-0.9971114986998849,-0.9975971400352679,-0.9922592722817525,-1.0078310393794518,-1.007523486192209,-1.0000976301251543,-1.0008970883615724,-1.0059911331252527,-0.9883124883607372,-0.9816383988470037,-0.9775702700421725,-0.9611675218003829,-0.9553033077980301,-0.9545104395821605,-0.9422512274310989,-0.9096717435389151,-0.9115308355276145,-0.9137207731833095,-0.8949224934593435,-0.8951315551129262,-0.8897053893350472,-0.8663795924568165,-0.8661031176433504,-0.8642841714472526,-0.8556662698594288,-0.855898869946326,-0.8494284735295151,-0.8495418864092932,-0.8291623658540704,-0.7998766396018357,-0.7681057854436212,-0.7623841231549592,-0.7425234642261086,-0.7400279152643455,-0.7065369216076153,-0.6850071492445454,-0.669253107707608,-0.6323621905565405,-0.6086841412086562
