jsons/1312887600.json
{"header": {"parameterUnit": "m", "parameterNumber": 3, "dx": 0.1, "dy": 0.5, "parameterNumberName": "Northward wave", "la1": 40.97354507446295, "la2": 16.46031188964855, "parameterCategory": 2, "lo2": 133.9931640625001, "nx": 191, "ny": 50, "refTime": "2011-08-05 8:00:00", "lo1": 114.97908020019554}, "data":
[rows 0 to 21 of 50, columns 49 to 97 of 191]
0,0,0,0,0,0,0,0,0,0,0,0,0,0,0,0,0,0,0,0,0,0,0,0,0,0,0,0,0,0,0,0,0,0,0,0,0,0,0,0,0,0,0,0,0,0,0,0,0
0,0,0,0,0,0,0,0,-0.04561954206680228,0.030351993091938624,0.05195221109761564,0.061659849057269206,0.08120356061392427,0.08809773996755836,0.08864489046837842,0.09337550098902042,0.09473691828353276,0.09963855453799558,0.0984761533154908,0.10263649711412266,0.10699588288282556,0.1052328598127487,0.09891292937177193,0.1248626267979635,0,0,0,0,0,0,0,0,0,0,0,0,0,0,0,0,0,0,0,0,0,0,0,0,0
0.03757548145231148,-0.13732401445278217,-0.1423850646064976,-0.15436135531377598,-0.1461633721805442,-0.05328725626973316,-0.001986402040193243,0.07794161928591442,0.07630390644901795,0.1120772318653898,0.12074432413590197,0.12459441413251986,0.13206932180190092,0.13461815953973755,0.13447376983910636,0.13411608831501318,0.13487421346946366,0.136231566303463,0.13152551022898237,0.11965695519007391,0,0,0,0,0,0,0,0,0,0,0,0,0,0,0,0,0,0,0,0,0,0,0,0,0,0,0,0,0
-0.2790095363041654,-0.2771216956057956,-0.23110484848833684,-0.1475332912520125,-0.17851890824349248,0.07616343304375049,0.20648780231167052,0.17913951229318367,0.19334061349091428,0.20702553654999079,0.2028651738033008,0.20122477765383318,0.1928765914882735,0.187428492515189,0.18872062536249726,-0.13052601480449513,-0.18874049919190006,-0.025243437892854204,0,0,0,0,0,0,0,0,3.0431360331010276e+38,-0.349047892149423,-0.3758935479235817,-0.3871891340333891,-0.389845285122029,-0.39375893049654276,-0.3903420626260152,-0.39181996343894054,-0.3967260588987263,-0.3963576461515736,-0.40753959063470885,-0.4052422884378142,-0.40454334742060727,-0.3697922319028917,-0.25911546685099845,-0.1842253666677355,-0.16602037897969268,-0.12472085624967819,-0.08178471682467683,-0.05044895862923804,-0.028254902721014725,0.012599256629657428,0.038925783473414355
-0.4311516568751215,-0.4345650980713316,-0.4394501955664651,-0.4368286068728718,-0.4468241254866283,-0.4474426534653731,-0.42094624591712415,-0.4050604800801453,-0.38130225056544687,-0.15572519762473808,-0.09508914335675842,0.31266988094868603,0.23193563808643478,0.1326576194062382,0.16086083681300453,0.045567249938047505,0.01697541162689498,-0.28002194391902335,-0.28108288269517456,-0.3028706801851745,0.10814238409778051,-0.46768742787172446,-0.4770765888798854,-0.4681513832450713,-0.4477721856529336,-0.4173073578437993,-0.40073129053035483,-0.38094451462816253,-0.374044987444379,-0.36772481733714185,-0.35939561810376536,-0.32980852905565294,-0.3333329254325159,-0.3336284155379779,-0.3484552957265049,-0.3764014200913088,-0.4046621321496241,-0.4767372262540629,-0.4844226668924802,-0.4838891905428511,-0.3894553483883724,-0.27082214566290574,-0.2100373032521797,-0.16643169955630313,-0.10081864212652149,-0.04767743582233807,-0.014957916184752389,0.07093225502714452,0.12278030348376016
-0.44639701078620353,-0.4525811458362912,-0.45936797502439647,-0.4739597392447794,-0.48207253300295977,-0.49285939675850926,-0.49823939039821835,-0.5117497681824085,-0.5153754249905911,-0.5176154160415125,-0.5238262205128217,-0.5208261925402029,-0.5171296142589358,-0.5125875385362315,-0.5005816397846381,-0.49491888465724865,-0.47511845874327635,-0.4575202605218522,-0.39667386970181345,-0.4081955816580904,-0.3666916964557356,-0.2672913291053549,-0.22628023035104539,-0.18980034109530333,-0.18189752248572483,-0.15922124144614694,-0.1850079480132014,-0.1804510187408715,-0.15971127887768377,-0.17210596718925356,-0.16364242694048475,-0.18111592538422616,-0.18864785139080276,-0.21481861374913014,-0.24776423491759617,-0.28383493210878347,-0.3003038951028942,-0.4817097178580713,-0.532321047424266,-0.5004073859735283,-0.2636106627620553,-0.15558361120591513,-0.10576484970265614,-0.04633026725222309,0.01838677190937396,0.05851642718279267,0.10768660804704042,0.1331802307233846,0.18756822381191432
-0.303655659883181,-0.3014780273279384,-0.28303232215702356,-0.28001670215142604,-0.2684460751889393,-0.29206551179053875,-0.29689259925741995,-0.3118904555355999,-0.3337818113383833,-0.3435425268296586,-0.3533611218301686,-0.34441785072759795,-0.3435034698751589,-0.3327369558466094,-0.32238852978166954,-0.2857333728419258,-0.2694788833062299,-0.2543011828228881,-0.19696919822902928,-0.1891641050588318,-0.17953598285081654,-0.16281419752796716,-0.15076789202109375,-0.13697921253928694,-0.11723757703197014,-0.12034963749092895,-0.1302165316051287,-0.09271770188057155,-0.057145560834199326,-0.024691992743069047,-0.020023439602144078,-0.004417609311347216,-0.003783051735461015,0.0381189495476809,0.1338279212121029,0.14298585234000663,0.18272308320195402,-0.47214115757680275,-0.3620063659332837,0.08627831799186246,0.2187448292948754,0.20067625864065422,0.1831602315570323,0.17028075165330184,0.1735907937424204,0.17959481048930734,0.19245198866517588,0.19436809621544826,0.2129642101421561
-0.03154039778156073,0.05852271433163425,-6.310451986129575e+37,0,0,0,0,0,0,0,0,0,0,0,0,0,0,-0.19413818513237044,-0.09585036165863711,-0.06629221703577308,-2.512978633753401e+37,0,0,0,-0.18440062117727807,-0.1361122822956905,-0.18468846085658092,-0.21988930730505993,-0.14868204298682594,-0.08505637694355302,-0.03779057606035617,0.06970660421408895,0.1379923296865093,0.18667169468400552,0.28433976010162654,0.3603973096436601,0.32823774171374187,-0.25576067533157554,-0.22924775702383074,0.293773862535139,0.38296736596731057,0.3250659800625945,0.292536791021431,0.2572222265231687,0.22611568785290528,0.23540509359514578,0.22632077828497202,0.21220753129050537,0.21755935595391654
0,0,0,0,0,0,0,0,0,0,0,0,0,0,0,0,0,0,0,0,0,0,2.012627155039794e+36,1.856131681489086e+37,0,0,0,-0.4378321593963954,-0.275034375833523,-0.17904758611623137,-0.07956611391247714,0.12633932666815254,0.17738661274595627,0.2579482974581928,0.42094291747524715,0.4806945806714262,0.5107974170928892,0.5231216739420916,-0.5903944086335339,0.16936158221610012,0.4805584382903403,0.445949173846556,0.40154635289734736,0.3898113166219133,0.3552740231540824,0.35263173403825215,0.35009493460190677,0.33326853632679515,0.3711532187280596
0,0,0,0,0,0,0,0,0,0.044295394542712356,-0.1647582581046135,-0.1607649577465648,-0.18983140150821168,-0.2523526850513468,-0.2531990702926189,-0.3259846715790154,-0.36472536916374854,-0.37086736445251417,-0.33677538661467155,-0.3459989590129021,-0.23559013068693757,-0.22168960471912597,-0.2110980863475012,-0.21087442855634647,-0.19657063562398402,-0.1732073460291666,-0.12037727579354827,-0.08795856889758288,-0.03361845217595163,-0.0021382022458943557,0.01743368013954224,0.1964299804532126,0.2803240418101698,0.33694430390309676,0.4133960577867205,0.48954192997949325,0.05757490686382081,0.31830458460950434,0.4240482873605054,0.4866222039353769,0.4289413586997642,0.3994675094250862,0.383377982075481,0.33127988081815773,0.36888237899466775,0.37807493927752767,0.3873087998363446,0.3866322682902562,0.41146361728660796
0,0,0,-0.20577635141695058,-0.24686506293477248,-0.2665903379176001,-0.29889672448023236,-0.3485846910568426,-0.37743158217674816,-0.3863304332245782,-0.3973734127075892,-0.3667283790005954,-0.3475541783344432,-0.3295523786280111,-0.2589047437842702,-0.22603335319250548,-0.14246164104024217,-0.11641211390053186,-0.07954827555023812,-0.0641365015824103,-0.07637299788660373,-0.06549639607007879,-0.04524160308404792,-0.022373523292727567,-0.004752620686220941,0.09137192468283323,0.10376742877704345,0.13129188596961883,0.24525311503523275,0.26312354058020465,0.29099770577864437,0.39974618400820205,0.47583527556326166,0.5025545708338484,0.5558296445631269,0.3844571310494896,0.5298057694050273,0.25373937338706826,0.5050977713913195,0.5546187188289651,0.5028030924094925,0.48144027137470935,0.4682764950397688,0.4365388912912098,0.4217232530103778,0.4177412884936936,0.42178111797226103,0.4251996408165727,0.43899239794154665
-0.36039372796366925,-0.38780973785411516,-0.38696120568377357,-0.3886966741334782,-0.3931349467197924,-0.3775574655329763,-0.364415059567523,-0.3646148922518712,-0.3481412766549643,-0.29706439902339743,-0.28919327374627135,-0.2570792998416088,-0.2012879752756276,-0.16737709959496044,-0.13224170046345618,-0.043885538031796754,-0.03932788649013313,-0.03714195309275893,-0.0022971794240482283,0.02632777399748784,0.042593053047170724,0.068333689385529,0.05804171754027304,0.11666319913360974,0.13311292916591905,0.1990019239690146,0.23813839720581817,0.28440936141630224,0.4120923563825495,0.4357117564497026,0.4654057831126948,0.508063194717204,0.529470046608081,0.5592229636574381,0.586177025899787,0.5149851006411398,-0.143784591137731,0.42680511727021925,0.6139491345740132,0.5990402306294187,0.49616532326688817,0.46818164002517904,0.4741525521746484,0.45747867639397666,0.43300363532030833,0.44184028784284407,0.45378151267228223,0.4735961575975993,0.47868446799482817
-0.3333050009176326,-0.33122854273149804,-0.30125774265527433,-0.2818943602873949,-0.28517486089957406,-0.2623857185016647,-0.24603491516548032,-0.23575041614910688,-0.21793085261382092,-0.19686106414686166,-0.19037923916320526,-0.1662920888096926,-0.1358715694623167,-0.12153495380517261,-0.10819946640355192,-0.07923479097705292,-0.06961689233759913,-0.07410185997125275,-0.029327677146938312,0.024506534581150034,0.061065248430038264,0.12360055604174847,0.15543138937737058,0.19172051215129893,0.2304424723330595,0.2985023363223031,0.3214384280576483,0.338172203944009,0.4150429078043283,0.45056325841615946,0.4670719934947997,0.5457647228563218,0.5643454890937483,0.5901759438881329,0.6012184632997799,0.32532593722201775,0.47765856049556016,0.5090862069155241,0.6110335989033754,0.6226412906127496,0.572881271279281,0.535135004932565,0.5257839859716991,0.5190921360402283,0.4728577069502308,0.4538568179140095,0.4596083867086014,0.4620832769876657,0.47766930651608547
0.07375375847898709,-0.20101932887718668,-0.22071522563716325,-0.23538910524638862,-0.24716375801723425,-0.2249311385002883,-0.21810951492474362,-0.21485207775096385,-0.2083288398359134,-0.18559444839247502,-0.17587417088421184,-0.16911345901420144,-0.15879174969964582,-0.15640392713465542,-0.15169091059594655,-0.13519670654156368,-0.12815902503742463,-0.11531153979014828,-0.08035470153647066,-0.03270394590144877,-0.013051257665005481,0.019792003042580508,0.09001666241181426,0.1303818914396303,0.18029183445611874,0.25723137919983,0.2890725540750237,0.3457470816880176,0.3780609652386394,0.4186545427555217,0.44124628577625247,0.4866927278592972,0.5175357970892536,0.5443432739249077,0.6052337457304532,0.6104783774874872,0.5632882860951812,-0.6461135489689711,-0.6644096937035265,0.37780522529102883,0.6112479707396825,0.5821449846978396,0.5619419675847118,0.550904365023195,0.5092486565659752,0.49978269443024403,0.488098493375458,0.4844320011168195,0.4882843039561052
0,0,0,0,0,0,-0.2541826300058574,-0.26857462150029515,-0.25605215246932306,-0.2231526804083758,-0.21171400558640527,-0.20197923069122423,-0.18749036421019186,-0.18571700690909135,-0.1798171891651411,-0.15209583677698085,-0.1377946634244311,-0.15016024478643722,-0.12392639626774958,-0.08925050454466814,-0.051668259020078024,0.0071244381057020065,0.05047427079714709,0.09735821590735284,0.1377712954446876,0.18431685386121502,0.19734080270395404,0.23399683295997528,0.2817549622785261,0.31510161584433205,0.34141585252461437,0.4113548511228923,0.4490085230751535,0.4838505971781443,0.5452176995958418,0.5668424470372522,0.5963101965860528,0.2961549930546193,-0.5301108030441634,0.67736051066501,0.6564156783381652,0.6244285675542207,0.6012555805711907,0.536363384617771,0.4503328628962284,0.4708641941363225,0.46567563071722207,0.43235245520357973,0.42981417456856924
0,0,0,0,0,0,0,0,-0.2562223642122249,-0.22205294021459135,-0.2091393291864772,-0.19680683817657363,-0.21212922257231173,-0.23271455489545334,-0.24209703465487015,-0.23503951606268073,-0.21597751773845317,-0.20015278724573884,-0.1692429770075791,-0.15302403860059088,-0.14897578330277406,-0.11713468902609894,-0.10844416455652796,-0.07466455733907319,-0.08752628015269646,0.017251777458102475,0.07028036772962148,0.089397095174541,0.1498907666240752,0.18202350417788624,0.2039856529294216,0.2651578520448065,0.3130513423843275,0.35275837666884835,0.4586835005910428,0.5145786557629459,0.5482725876587189,0.6245461434849929,0.5957003798396601,0.3820466545466024,0.01240429833752338,0.4584959335063424,0.6515270965091033,0.6232374741571126,0.6244598121144674,0.6076975944233916,0.5947352661467084,0.5522604770783537,0.5531047542153664
0,0,0,0,0,0,0,0,0,0,0,0,-0.06595826839287822,-0.12978048057503327,-0.21820972544057676,-0.2451569718576525,-0.25908836528294266,-0.27404546130326607,-0.24519538644000985,-0.23913133195867775,-0.2370164583449939,-0.2040913333129188,-0.1998304186963722,-0.20261129528035918,-0.19631170474047338,-0.17097668107848474,-0.15716271972060794,-0.1270877920262198,-0.07343757986853751,-0.06150735833471275,-0.018957652489355912,0.04422417371382397,0.09657264191958881,0.1363673006309293,0.27171499195611215,0.2923862225775282,0.39258444489496325,0.5381412056215088,0.5724988641502617,0.6160101846288725,0.6723568140377651,0.661491102131561,0.3714877268291668,-0.16447353849282664,0.5913094263957777,0.7068741581508875,0.6933791924083015,0.6544503344676418,0.6405181892872317
0,0,0,0,0,0,0,0,0,0,0,0,0,0,-0.05647089591612806,-0.24999186276873642,-0.252736660656134,-0.3065452812318686,-0.29436234729577404,-0.2994034150611657,-0.30649859466574925,-0.30433982286597405,-0.30817283293477665,-0.3212663287284454,-0.3173927390443926,-0.3194322659904056,-0.34348421655862066,-0.36322536007503825,-0.35583211401080495,-0.3453352694842215,-0.3311634124803389,-0.32062581864191414,-0.2975565439499704,-0.28739118317327006,-0.2726666178465771,-0.24617627187976765,-0.232393774376075,-0.18264313340588614,-0.1787953387446015,-0.04833930223778567,-0.5343453888914419,-0.028554577168554137,0.30192938317447404,-0.3069521481561779,0.48267237477355984,0.4974875071543152,0.4727398349902696,0.43879667578566345,0.4674241410293977
0,0,0,0,0,0.00023919349940715984,0,0,0,-0.008521274244096988,0,0,0,0,0,0,0,0,0,0,-0.33291171488987703,-0.33661257441407155,-0.35683427072265633,-0.3872688212268677,-0.40750599101434504,-0.42511434385599417,-0.4564945461212385,-0.4712353483682185,-0.48282685579710916,-0.49377045228873445,-0.4884834217128285,-0.475971975749676,-0.4851426920942186,-0.4831377644901546,-0.5141715093337376,-0.5256608315207176,-0.5537526525354277,-0.5648842367198775,-0.5620164677250837,-0.5942394637510078,-0.6569543170385475,-0.6435608502645664,-0.4860933111629835,-0.20602471449229834,0.025922094186531037,0.04335394426377127,0.06963558361726263,0.1460398064641407,0.18517439110082456
0,0,0,0,0,0,0,0,0,0,0,0,0,0,0,0,2.8863782446574484e+38,-0.01933978443348113,-0.050458838358138365,-0.05505850920847149,-0.07567053199652614,-0.11464034739513727,-0.17357700375238683,-0.3244197278311333,-0.3912023242292772,-0.4356925553434586,-0.49088370788594576,-0.5044953164083025,-0.524039501013613,-0.5454902169629767,-0.5483142864588673,-0.5418330225088045,-0.5459714507429481,-0.5548972226123119,-0.5943279577652906,-0.6096630390793898,-0.6203629572192754,-0.6378392760559347,-0.6455037579836124,-0.6545650308341376,-0.6065013596275618,-0.6167093796966225,-0.5478023344882338,-0.43524676539509827,-0.18335328758126662,-0.09012137839663037,-0.040462228866975286,0.09321232424803465,0.05630245839826817
0,0,0,0,0,0,0,0,0,0,0,0,0,0,0,0,0,0,0,0,0,-0.1515284750504716,-0.246190959401471,-0.3702508827195597,-0.39996087882313125,-0.4193435812467758,-0.47445282877541,-0.512023880213553,-0.5362642653271688,-0.5479484675577686,-0.5569371796428387,-0.5829137728888389,-0.6007869280687156,-0.6104461243467927,-0.6211573891176115,-0.6239371207972632,-0.6229195324758123,-0.6165359591359068,-0.6134490649301882,-0.6137262965516863,-0.582273830153687,-0.5437164492650394,-0.5110280692140416,-0.468989396854913,-0.3962464763042471,-0.38753077486161785,-0.37985198514842583,-0.2851853128833253,-0.26862189372353973
0,0,0,0,0,0,0,0,0,0,0,-0.11896226914504443,-0.13798976511697938,-0.1597873215975396,-0.17802288958955445,-0.1987069273657365,-0.21517416342126394,-0.24738026366623758,-0.2632008663578361,-0.27868495915548763,-0.31193970873139665,-0.3266071466704714,-0.33587269578712137,-0.3315527144002739,0.17453903937325105,-0.28738825227742887,-0.5256698929040002,-0.5458592339872365,-0.5567104965208048,-0.5756805556815648,-0.5966247674642073,-0.6091662236483661,-0.6170452011742746,-0.6183557503387401,-0.622967803818479,-0.620701512758235,-0.6193019795996011,-0.5868857852317093,-0.5473990123658633,-0.5204471446315113,-0.5379582361705308,-0.5663489966204808,-0.5226658576798776,-0.5110419227596756,-0.4698068108110463,-0.44455809088986603,-0.40803039524918105,-0.3257231433033999,-0.2776750927925824
