jsons/1312538400.json
{"header": {"parameterUnit": "m", "parameterNumber": 2, "dx": 0.1, "dy": 0.5, "parameterNumberName": "Eastward wave", "la1": 40.97354507446295, "la2": 16.46031188964855, "parameterCategory": 2, "lo2": 133.9931640625001, "nx": 191, "ny": 50, "refTime": "2011-08-05 8:00:00", "lo1": 114.97908020019554}, "data":
[rows 22 to 43 of 50, columns 100 to 149 of 191]
-0.2580652707311458,-0.24884674322247344,-0.20163876825822658,-0.1896100828182156,-0.17401070123884202,-0.1331645690483266,-0.11398069374285694,-0.07419365980144808,-0.023074981858760755,0.010596177447794996,0.04584850482307655,0.1151336470408894,0.1771359572973605,0.2225062331422794,0.24866807348662567,0.383373542013857,0.4271841252331213,0.4846958048595948,0.6010981608663881,0.6863033598206549,0.7400304908697113,0.8694050757788914,0.9405944134573727,1.0137262281652721,1.1543615804978877,1.2888749781705469,1.3970532188127363,1.4982197329287246,1.71035007247084,1.79229658759109,1.8880333617437306,2.031745822045214,2.118307932520693,2.2089968455465843,2.331717312466016,2.3911851719930564,2.455925304530045,2.4976258160877687,2.493792387247623,2.4396304639456594,2.402981218454696,2.3385889346337114,2.2032930723466384,2.1848030279381137,2.1641631510539603,2.163782597770824,2.213803619250694,2.3400254763657586,2.4693833492288433,2.6221198270066783
-0.48827974005522246,-0.4730326028295472,-0.399945945777192,-0.3859530955580173,-0.3397723748469608,-0.299735318501018,-0.2662318634305599,-0.23795200899169358,-0.14138166455498122,-0.1209458650527149,-0.09002092600131788,-0.036471798335769495,0.0386718990264515,0.09801423538762684,0.14674655201255493,0.28607032002443517,0.3390000300047445,0.42601068023871846,0.5677500306243106,0.6078134449822986,0.7027147861352337,0.7885711390960741,0.9267870105726487,1.0635914984315247,1.2631765799356016,1.384597468658165,1.4552760543855117,1.6374655875173982,1.870575494892324,1.9927994666516298,2.0739888169536833,2.2419184730659483,2.4025152683442514,2.440683356789557,2.642773001405674,2.688607028233945,2.7147971010303102,2.8272189359847557,2.8396460648110655,2.76006057186952,2.63500933409887,2.5136218935806984,2.355033291732932,2.1740431671715372,2.1052940741661645,2.107225148359702,2.2160829161948077,2.4813220724837524,2.6990031085088386,2.9450466679083735
-0.8285200497592216,-0.8424095301129666,-0.7623224174322422,-0.7409656101470469,-0.6989989857470158,-0.6350151354891297,-0.6040139773560943,-0.5935541284453063,-0.49547337720369666,-0.4435669315510772,-0.367177750487302,-0.308851928916028,-0.16162514908193124,-0.11328956661021096,-0.031205580068561476,0.09558321118666852,0.22918541442484758,0.2969741754638364,0.424497787179093,0.5430514233161489,0.5952302365774342,0.7943333845387287,0.8990182760578636,1.0205324759853651,1.2588332901481094,1.4413196838950708,1.522924137249757,1.6797711880759105,1.9399262070949814,2.1149826391923656,2.3290116059498285,2.4943143759333637,2.6087725716276986,2.733368164445148,2.9549840398982403,2.9780981250276612,2.9944506809054836,3.0825249704804274,3.132224649280838,3.0609341872407367,2.974771842020354,2.64268939510696,2.2576571905382368,1.709348893559697,1.6457689378204934,1.7192479038213702,1.9446045394484492,2.5788589779707873,3.165042612407662,3.5761999756265452
-1.3292225870563397,-1.3363312744924074,-1.2398591168326158,-1.2371637956330883,-1.18730393694586,-1.1118086854283018,-1.050911263224067,-1.0511673406327997,-0.8832058653818705,-0.8758232570452033,-0.8371171552940491,-0.7151661345997763,-0.5618293320615467,-0.4307472717198276,-0.3789043270233257,-0.240119437629584,-0.0988654165084975,-0.011115013860629006,0.2360190747617486,0.3489485762062103,0.4986863247613262,0.7446767980124266,0.823814423053292,1.0455396179732799,1.3527426103531122,1.4870859231492863,1.6689334754631635,1.849249946327272,2.2803854586037797,2.5205838691419533,2.7521885705620153,3.209412342022755,3.3583746874166893,3.5065423337218067,3.89711701717787,3.8860274657149545,3.977012303707359,4.165120937540454,4.209197563990936,4.143685026265903,4.153984909887955,3.444326441765764,0.8221176510708819,-1.1001080138217243,-1.389143538295194,-1.849319213589308,0.19748364098295268,1.509842795783951,4.386933566082871,4.813077676168188
-1.9795049527229558,-2.0184771430042296,-1.934388801028923,-1.8721379793854893,-1.8568675676030917,-1.8163057336560766,-1.7389033473851414,-1.742427217348774,-1.584765185021442,-1.5285435910916791,-1.4908740616970775,-1.4395304088088081,-1.1972818622779016,-1.1185191997527784,-0.9574147580676896,-0.6956851564648003,-0.5325096081257935,-0.4602082914728058,-0.13505462080910963,-0.009052814717526895,0.23173527935487664,0.4944164988399933,0.7716635464468824,0.8918283714032723,1.3646980316574029,1.6131929310775581,1.7990508590248009,2.1707685586109604,2.7429115040914356,3.0592265161616883,3.312258673825716,3.9741249844644373,4.409327468956077,4.720966906526016,5.236727005998558,5.415612769063133,5.578305381459619,5.77697472655851,5.365571830234389,4.59586207529852,4.113832997700997,4.88103473476818,5.743656161110172,5.83080202433383,5.862945880967805,5.953897197930637,5.870907092407528,5.906673521092233,5.7670555748370385,5.704414164551275
-3.0518346200536555,-3.069139705835462,-3.0657242495516375,-3.0467853249234893,-3.055243714220706,-2.938260068196519,-2.8135816180503217,-2.832539708024611,-2.7128425534862344,-2.6464744157289832,-2.609486660322178,-2.5140335220488463,-2.2007262373555854,-2.0715894460592397,-1.9838746880593998,-1.4956111927371059,-1.444559624284193,-1.2009729646878022,-0.8805495913995185,-0.5798724961379856,-0.4956405066021658,-0.09993768381830842,0.19888345532691054,0.28341130488370286,0.7172950839059147,0.9563211160537718,1.1461305161754882,1.5786780147939012,2.432584077772178,2.849620351491649,3.482975890952593,4.475867011974002,4.895312044718397,5.54899102100836,6.237314922635003,6.582949658839275,6.738328799987111,6.975851492693745,7.086896377084669,6.990952308010182,7.102152832514872,7.132967481386499,6.9873689983107266,6.969117585100462,6.970803160626039,6.8386220653035155,6.718328881637163,6.711201150818196,6.509986457113126,6.37264063475434
-4.258705227213224,-4.39552115308394,-4.3685065164763195,-4.384253955310676,-4.559092632896991,-4.441159400927667,-4.403256904981407,-4.501286344879841,-4.436422256345476,-4.252136455605059,-4.251833389510485,-4.205177877060744,-3.8261546466792242,-3.8074211949594754,-3.493806677869395,-3.021534233311622,-2.7048700138860315,-2.5226201551099585,-2.0341297031572845,-1.8480667701867988,-1.625797777544331,-1.0479864126049816,-0.846967641672123,-0.5218776410658326,-0.16192668362424537,0.0008543889677165542,0.09934243397880796,0.23111451514876524,0.48130552677532484,0.7022415602798118,1.0030100095242158,2.0982684304982224,3.5535011513182515,4.882343932383169,7.574862585717593,8.243804558187268,8.35622703648684,8.56480297184548,8.595913065250006,8.403580929648097,8.476506807009379,8.37839609576947,8.157129036106632,8.095349221202495,7.973117788627239,7.726595666829174,7.699674772682868,7.584800250509859,7.348447005249524,7.1469468777006515
-5.564060519302544,-5.861307059010159,-5.854825069553349,-6.065685891791069,-6.323977715194447,-6.462275486333403,-6.408217226420395,-6.6827183977682445,-6.709220230043886,-6.759205495684651,-6.874376997355972,-6.776252222065877,-6.5166823951947785,-6.414737891037942,-6.224448099245313,-5.641129230228432,-5.281790683378776,-4.5890915169365085,-3.4423329840180354,-2.6643377864103073,-1.7774803715838383,-0.09526154815651987,0.5941548849709868,1.2070357746760232,1.4112163185472348,1.7193525567410146,1.0469255331152731,-1.191678100550219,-1.2933345396745737,1.0811899891784151,4.759758700350648,8.080752574957378,9.222205330844094,9.559488646281848,9.927304237639438,9.871430395022296,9.872189691401202,9.969253971067578,9.859105100226792,9.580991792202347,9.54345222285125,9.431028545430914,9.054569637528713,8.937344532810226,8.780365713483468,8.430147928196785,8.313662123196659,8.113425944754097,7.862030438064795,7.648254562359281
-6.6184593339398194,-7.000613556896111,-7.244211537067254,-7.335208522315876,-7.765401598931215,-7.91242755418628,-8.065859997438714,-8.407368229923865,-8.560089137402407,-8.765426378455098,-8.96319365647539,-9.037830467449771,-9.01112075538324,-8.953849469996456,-8.704715352639125,-8.209905596432527,-7.378270065009104,-6.5147200654870705,-5.225504222862632,-4.553489216243608,-3.721121057431553,-1.580938039244755,-0.40802664014766626,1.143743164092895,3.6510079241384097,4.572509262041921,5.861039335625098,6.605799734765833,7.858227786465344,8.5583937763814,9.176475037706606,9.923004280497112,10.299451164421486,10.455441838523761,10.659306200184105,10.643656689197703,10.620957344522092,10.532600789369381,10.395990902288117,10.09644354664801,9.922498230927937,9.828863111649797,9.43566793955886,9.182940910635287,9.005960928545829,8.706897310524505,8.475242586643828,8.225122565017891,7.923711456243341,7.65122259650773
-7.132978433517985,-7.530934757794754,-7.719857047691934,-7.950177028575747,-8.383331594168434,-8.588597301892532,-8.81704885219147,-9.29320247452272,-9.42891416066683,-9.625703356027705,-9.844519123525961,-9.912883633634953,-9.912474989042252,-9.758053968891168,-9.591960194228108,-9.340699099037268,-8.849115901292496,-8.454540012155634,-8.196545483799508,-7.798295811773233,-7.259055775765716,-7.319495884336881,-7.487154262148074,-6.632943411150198,6.432916869239844,6.681817802277016,7.170482093167537,7.493856905292836,8.056280459293376,8.902452710218506,9.21063955563496,9.490814562226404,9.952177990445975,10.123629964417063,10.123975595639445,10.121735890848331,10.007966927523919,9.926337225669135,9.853450016209061,9.528834206684934,9.404466333959865,9.301918084304512,8.821670691971246,8.657167817720364,8.551107553427702,8.158649580341272,8.041168860780077,7.829646178816278,7.532489486920285,7.401135549847813
-6.784961685987059,-7.088888528849595,-7.123628648777521,-7.31595263224028,-7.824111729153191,-8.13362839986757,-8.381185702145364,-8.789893611086306,-8.858183787455312,-8.937281395184518,-9.005300406211026,-8.969038268284296,-8.620539256078652,-8.327015871258872,-8.041005259488488,-7.295086036398017,-6.699472218487738,-6.209846344745963,-4.9674819897197855,-3.8906715045197693,-4.10626181681389,-3.74931336340976,-7.155528935071103,6.245103134110914,4.446886652521366,2.7734178150365087,3.6210510891036707,4.420301257714763,5.6454909780868405,6.033057888922508,6.51668964088415,7.128465506359803,7.51630362341679,7.622749495083266,7.777222045579081,7.934512317793893,8.01447214937975,7.985361808732933,7.994797303631274,7.940062700640486,7.871403557371355,7.7945734774061535,7.638392927727479,7.498758162772007,7.394402415840991,7.188487706064208,6.98643436565058,6.855425972793796,6.697275540650101,6.48984460533911
-5.804752010481205,-6.056742288366326,-6.541403399607324,-6.7295596356134215,-7.168801153397066,-7.311857772626059,-7.468520641073668,-7.692831073321964,-7.675054389524468,-7.678753568325855,-7.645639488298799,-7.572709652550129,-7.129561391042184,-7.018984719441424,-6.676361177078048,-5.978026675391659,-5.22485472443076,-4.785301590333667,-3.6234727123075694,-2.9331882401846423,-2.5870163918673827,-2.442660367407805,-4.834881328819727,-6.944086257799224,8.173523848899958,4.482583186086264,4.922924824150905,2.260564095679223,3.1266607760584377,3.517095904352046,3.753936487578656,4.785553082489122,4.962763249602845,5.094007852752345,5.715565492943679,5.697396700724354,5.779438658799815,5.869492875993113,6.0373676822614,5.932239237068926,5.953490411379422,6.053031474030625,5.85415077670031,5.847754302659339,5.877396104657357,5.6441867666566035,5.583223407271319,5.623950466303052,5.39581631413357,5.3497387787106305
-5.908914822328629,-6.196448561675691,-6.285887805359531,-6.378140973426513,-6.603972818480352,-6.565814220323332,-6.574075622696929,-6.712340206984257,-6.566915942374762,-6.440527020044341,-6.5171634157251805,-6.4313212399757544,-5.976438866532698,-5.814124336426664,-5.546443629068108,-5.044874224947818,-4.845482809088478,-4.46957749469289,-3.866182076040401,-3.4840026486722837,-3.1698734887483475,-2.226107354559919,-1.9753983865865967,-2.782430555599768,-5.083321857810324,-8.623394492067927,-2.505839520205867,8.561055383496544,5.063808090446788,2.762520965907709,1.7678096520063806,2.4382796504934894,2.526161608926364,2.7801268522948885,3.157922289353539,3.2792988888487726,3.5116783628865234,3.7122584650743815,3.7918715535253855,3.896124716759173,4.0104968513978125,4.098868885931926,4.109697788275814,4.113478879971332,4.06898078715936,3.9394094749110145,4.003737592079054,3.922066639223112,3.868993229491378,3.8761641462168397
-5.42868912301064,-5.609347178828082,-5.616133995592093,-5.677229196448389,-5.798638388022006,-5.72374789044641,-5.7722653358954075,-5.798713937512947,-5.641750274401625,-5.585078073041126,-5.586490408818739,-5.526127301209498,-5.208294045159282,-5.117773444410321,-5.071003350720409,-4.678516337646716,-4.426458127774776,-4.318743013139048,-3.917026145726856,-3.624918966807646,-3.399706827897395,-2.7997815904783776,-2.553104188062071,-3.163229484369838,-2.8596116638667337,-5.258817409488742,-6.53369835230076,2.9077337073115133,6.093500096357241,4.046652291249342,3.7668271309218166,1.3935234536259267,1.3634521118554122,1.3749469612119558,1.3823016587755277,1.5862446492809616,1.7026384426439265,2.013861844529474,2.2109798734774793,2.2539679209926873,2.355202036694173,2.313742883593966,2.3974631677032017,2.4203499368650183,2.54145647993016,2.5682026668714077,2.6059920370853114,2.590414338329492,2.6000783782836794,2.614132055572497
-4.987135540466781,-5.125179968126374,-5.090532793275771,-5.127694046941206,-5.1833302399572965,-5.172000103383268,-5.113249418120778,-5.240934211672984,-5.1165063821140375,-5.085150033910796,-5.082831975985249,-5.082403529405526,-4.890458938762317,-4.896560382356205,-4.83127265938837,-4.516045742396062,-4.42451358132535,-4.26571405365859,-4.010729640874982,-3.8393313923499703,-3.813105069468669,-3.505114254419442,-3.249297003748798,-2.986446775616243,-3.940651090017264,-4.006860769708404,-3.565504592738184,-7.447382973029454,-7.941529024072103,-7.263212011971099,-5.9169853527196725,-6.516382833014113,-5.03111106634442,-1.4500722608436494,-3.818853995447558,-0.042510100978631365,5.7014440401564395,4.579213112040682,5.51801820916386,4.020708451064941,3.9491521867899557,3.352884916863661,2.2838795563506133,1.5712086422271192,1.15396941010805,1.106369756073493,1.0879047333483698,1.0786817388544485,1.7606078808511598,1.2950339503785362
-4.390694403018889,-4.508036720943092,-4.469444634159457,-4.538003856198869,-4.602160907808869,-4.5450495929591614,-4.589484161746723,-4.618135931077081,-4.54604346922551,-4.515736966016596,-4.578992393001381,-4.55576781980572,-4.485360660294947,-4.446765845976337,-4.368954050267094,-4.251198721385226,-4.184984223928858,-4.087871707175007,-3.9190381461370953,-3.8378060633282094,-3.7567573211885223,-3.4937573773763537,-3.4440546494187254,-3.2977661766388646,-3.0465457373828064,-2.8610542076840098,-2.658147539672837,-2.471603357120425,-1.9448870568928545,-1.88199794900939,-1.7415360378680724,-1.5279443341164904,-1.298723454695754,-1.1493604176569867,-1.0614694870127943,-1.7346767151047513,-2.6899596786702085,-3.5785588014307663,-4.0285580556639475,-3.334535256416844,-3.3388711969257474,-5.591231803189456,-3.5553315813877457,2.0461043732273128,4.989981436867205,5.296760571588445,5.388558054666839,3.153569801471838,4.77111029211569,4.9643657721688434
-3.9652748370347872,-4.041047048946816,-4.0384288819269925,-4.08920761134814,-4.135016053039536,-4.09065040810333,-4.101035417780135,-4.1738937718387525,-4.103087892421194,-4.159178050620106,-4.162124187470167,-4.147763264070467,-4.077332029367784,-4.081068633877949,-4.052437205049088,-3.94060454171036,-3.9500896693758487,-3.9154440099178873,-3.7933606789698837,-3.7116193167617197,-3.696467400375611,-3.5648037278172766,-3.442433718289607,-3.4205242038492183,-3.224653294401384,-3.117340728969629,-3.028159939660388,-2.9921604691802757,-2.7068006414182606,-2.5677715034852486,-2.4826534465260144,-2.279811718911636,-2.144569945245386,-2.0189176640770667,-1.8039444969576284,-1.6495995306148412,-1.6110146887189891,-1.4959937145170887,-1.4059843881455547,-1.27936173451124,-1.2003695039103432,-1.1775817116766136,-1.1213193185069725,-1.654556607326143,-1.2076819305054387,-0.9806779355888144,-1.692913892419339,-2.548043777184947,-2.5088059510151424,-2.4421433712733553
-3.620567085471,-3.7286281601732743,-3.730966419076631,-3.7597182972884378,-3.812449545408986,-3.8063611633971144,-3.8136043912938393,-3.885132504872326,-3.8662884078609214,-3.8415217135650295,-3.849904326060456,-3.8748052563412463,-3.860715652989437,-3.859588376544248,-3.819767210678861,-3.788428496431258,-3.811113794071464,-3.804372309195888,-3.7024093702767233,-3.68855969615548,-3.649371259287002,-3.5289805174673425,-3.5043087037791762,-3.4873969752830316,-3.366637715285711,-3.2689809508878476,-3.217001686153243,-3.1966660778581586,-3.020228961526244,-2.87842132095714,-2.757197152787657,-2.682972331107302,-2.6396411305346237,-2.526547751180356,-2.3083192486087967,-2.278295016764762,-2.257672638154825,-2.103500572245609,-2.00408736865398,-1.9138349359456595,-1.8772658637692468,-1.8305550726190283,-1.7429151148440183,-1.7108502017889977,-1.6977228550789467,-1.6610475095153598,-1.5947238383662035,-1.537412074237438,-1.5207067372241232,-1.5148808707752097
-3.276335714611714,-3.37935994936875,-3.3945399972343897,-3.413558748846952,-3.4353693463775823,-3.4511099340890126,-3.472904585693649,-3.5276785123636385,-3.5212707712353337,-3.5011797392249457,-3.5827778578574785,-3.569697161539485,-3.5331983100303974,-3.5894490867980773,-3.581937985466439,-3.5429974581386117,-3.5569809776234953,-3.5457024972369395,-3.501086498119394,-3.472232671757354,-3.4462918854026867,-3.408672177516833,-3.391641730173766,-3.3463600104788425,-3.2438607456076087,-3.2263944795431025,-3.209627771318243,-3.1531583676122223,-3.0277267297306283,-2.9670377010102365,-2.9531542018882795,-2.8308700860641753,-2.7701628908558513,-2.7261817563158495,-2.6500330935026866,-2.5957412219374203,-2.513206117821784,-2.428395477041111,-2.39224181845561,-2.344082635771348,-2.186408270630503,-2.148876711824355,-2.108940429774973,-2.092945806143084,-2.024287167103456,-1.9837998076794976,-1.9751115763062803,-1.9510509949717214,-1.9379865898106756,-1.939794774327991
-3.0646023089493744,-3.101459024980146,-3.1228856168110752,-3.1598641953505213,-3.202541297888514,-3.2053245934017625,-3.229366470349827,-3.264945125083178,-3.2671768693086842,-3.2924333269162487,-3.2984170957139085,-3.3283440054434656,-3.32858896470645,-3.3648908052705027,-3.3731274567012224,-3.3385750110406844,-3.391545820132368,-3.376420617340057,-3.323632454132379,-3.3256566286687725,-3.308712695829961,-3.2804208715492065,-3.245202599642347,-3.2340142304260833,-3.203669915056785,-3.166241739843555,-3.1601221327229747,-3.142548152695497,-3.1022433779178447,-3.0613102957519303,-3.024391568275465,-2.9788750550104615,-2.9248941540047553,-2.8893652832889702,-2.782697198631223,-2.720658481256635,-2.7252873944387077,-2.675465822715823,-2.640019112508521,-2.6118893198668167,-2.533828024068542,-2.488061098804884,-2.449068219857028,-2.436602785137931,-2.4465926099804514,-2.3956717377799692,-2.4062083579127953,-2.3556064060025474,0,0
-2.7945112522254885,-2.8543421443738954,-2.8679228465043654,-2.8801759840322303,-2.947888263579488,-2.962268588902595,-2.965198709478005,-3.009308095809604,-3.001349811698659,-2.992248698302177,-3.0387656629239506,-3.045061057316707,-3.0321029810673874,-3.0618255841119573,-3.0828117099390493,-3.081769304855078,-3.0925215595405007,-3.1021083484142924,-3.080677370343776,-3.0628822957155473,-3.086691737285917,-3.071932819752518,-3.0476277108710876,-3.048775192227697,-2.9899955257147934,-2.9970044865706584,-2.9976379661181833,-2.977433474987341,-2.941056041735679,-2.907947462079859,-2.903403222338887,-2.867380801025448,-2.838997707992406,-2.8119820358396934,-2.749430742111097,-2.719925759455366,-2.6986998984246906,-2.6988639765496054,-2.68264387717446,-2.6412857019193092,-2.6130633974828843,-2.598666210186136,2.4746870713166852e+38,0,0,0,0,0,0,0
-2.626727893804406,-2.6700674186927453,-2.6828381990429357,-2.718111784690126,-2.739331182054045,-2.7496581066259353,-2.7614819365761805,-2.793221717240619,-2.7977163019227222,-2.8172804373170934,-2.840056778507242,-2.8621803018800023,-2.8474367458234138,-2.868165010705584,-2.8915050678439993,-2.8982988369212905,-2.9274961926907452,-2.929502975309628,-2.9226169814292104,-2.940826699973558,-2.939324428792363,-2.9170151869586043,-2.914903239038116,-2.922466612612583,-2.8851751227755487,-2.883716770860822,-2.8837831471308717,-2.873230875145692,-2.8521958967258834,-2.828327304674919,-2.8184554334626135,-2.8064212388071264,-2.823178508828051,-2.814225086978761,-2.8070755114136756,-2.771036046687367,-2.7623429718429278,-3.231406575858015,0,0,0,0,0,0,0,0,0,0,0,0
