jsons/1312664400.json
{"header": {"parameterUnit": "m", "parameterNumber": 2, "dx": 0.1, "dy": 0.5, "parameterNumberName": "Eastward wave", "la1": 40.97354507446295, "la2": 16.46031188964855, "parameterCategory": 2, "lo2": 133.9931640625001, "nx": 191, "ny": 50, "refTime": "2011-08-05 8:00:00", "lo1": 114.97908020019554}, "data":
[rows 22 to 43 of 50, columns 100 to 149 of 191]
5.614626517426294,6.4542473959595625,7.153129803740599,7.4190378234272165,7.742400386090523,7.990966804879275,8.04297267289039,8.007235740124306,8.050904560512093,8.095652646988823,8.03190555333657,7.887572863463575,7.855678537648488,7.5302318376972055,7.474033008911515,7.279191566358739,6.995097311712612,6.791043690269941,6.662135142413172,6.47845230677867,6.19402965557243,6.022668462912727,5.8430837490137035,5.626847702607948,5.513588028374997,5.355604857618089,5.11515288927217,4.970070006172624,4.822897479297596,4.618770607022889,4.491562830267957,4.416365508529683,4.243458922168352,4.148326009024274,4.063413264901624,3.9222966632591216,3.84365131709848,3.8207510760763577,3.7336278844029938,3.6459531764270587,3.6015569232257674,3.5513950591129335,3.4518698432266364,3.418519193115708,3.3687749084916128,3.2668615174565945,3.2199091174574126,3.1715735278754207,3.102563283663096,3.047335014095251
5.122674958283799,5.527035405706872,5.806598170651525,6.099840497763884,6.482258731804368,6.711499416994339,6.746420637251152,6.940429979311425,6.961056880054243,7.008581138554764,6.876564429750528,6.868198866787451,6.7686355990697145,6.610260997724478,6.44707943752917,6.376145485653725,6.130385301860405,6.025809968672963,5.9203952258269315,5.767511920411068,5.598076502940902,5.480486806417854,5.441659554326511,5.167985907783936,5.072801746586658,4.974057493145144,4.780087862342361,4.645041860014358,4.559614584827574,4.388838715999516,4.3199286422907965,4.23050145240336,4.03524507337125,4.006233971525528,3.9279656483501655,3.791719443461568,3.7620521246565204,3.6933290217671173,3.6392104379473817,3.548482525543968,3.493758340239191,3.4474380837830796,3.3614985107727473,3.284878164040013,3.2539985813092898,3.1361248576616343,3.1001376780793546,3.0664957920877822,3.0164630473669676,2.9965335628169547
3.58852555394805,3.556417820037948,4.387828909353464,4.662300231152459,5.015413063192255,5.317175739438745,5.444722873914713,5.5574597807760675,5.698877267648475,5.680479618688598,5.762486351593333,5.675162010367783,5.650330664753977,5.558549953062613,5.483036995967178,5.413112895393181,5.276696074431278,5.257189185671321,5.121864619978266,5.04179433091491,4.885829204079627,4.857072752504409,4.782051247471538,4.641560703154542,4.573266194683499,4.509086434654682,4.368243021030497,4.315200400184998,4.223923379825915,4.090383127987397,3.9937421783163383,3.9701652482166,3.890098305670224,3.862619969525581,3.797426082226627,3.6935071139571143,3.622063391376998,3.5676103062759954,3.4968583627319667,3.3585910940913988,3.310822034666853,3.2484198014047703,3.127669241340442,3.0726685788490067,3.0563347558385305,2.9464961845177213,2.9256835796265723,2.883205648552551,2.8403607139942437,2.814137142019448
4.478308977591152,2.676680909282122,1.9027877995690758,2.093073102094853,2.4955831272897377,2.895251585575601,3.1610954337948467,3.2382142550335686,3.8424078462718545,3.868714903247579,3.9109939178764956,4.101602973725704,4.233473283082468,4.223995230155225,4.243181859916743,4.289284992020989,4.223273613655088,4.174508661215357,4.164531208251192,4.15020422744695,4.041385376400282,4.049033672414164,3.9947222677476977,3.9573016891156163,3.9594486725968556,3.920653904203882,3.8487905662579402,3.82510587484842,3.7953176659577044,3.6969662333258384,3.6697851455973995,3.6430931654199648,3.561110916975823,3.5368153931389825,3.4983898957140886,3.433890119846878,3.4079426888798476,3.362717180110816,3.327357072758352,3.2389384473713525,3.0651290341589896,2.954151354944885,2.6294865429317227,0.2549683549230185,-2.1694663404637797,-1.458136124408465,-0.13611552132656027,1.063271978152359,2.6224638065345847,2.7755231860057843
3.7404343593346168,0.7167346836774303,1.706979746512879,1.0748564980809285,1.305296409164541,1.5839630002122094,1.8227473234727554,1.950939815876208,2.376822103445251,2.531374194391696,2.668992176877112,2.7615793814219787,3.065675463038307,3.116264216825246,3.2271521155953002,3.360330964266342,3.3655201881267938,3.378049062851385,3.473115845257886,3.4755552367002633,3.461892058086558,3.4886581401776167,3.535508511906956,3.4764593892996785,3.5369465595767293,3.531036744614357,3.520943925989688,3.5026872000026295,3.4868019954728076,3.4167873352823723,3.4087210128770353,3.359318267936205,3.3025152682922125,3.2733585919339956,3.2332689306754703,3.154342909913828,3.1071912727605246,3.0154445000904446,3.0785157272954997,3.112840211178055,2.7056536683892602,2.701152077421127,2.9066619334357466,2.9122289737090816,2.9170664894844567,2.8874515199613633,2.8864379121527417,2.8584487977389204,2.8545859557809905,2.8357540055888255
-2.677227907940388,-2.874630870406596,1.648011003190561,4.059862471078149,3.3974376567526914,1.431058378898345,0.9225781376575235,1.0900575537579902,1.4483210949636887,1.6075523065892932,1.7883678911126402,1.965332458651557,2.2725935016567296,2.3944603665398776,2.448830156783692,2.706998166145644,2.7286813931724327,2.857314622240452,2.954936711515836,3.0320633698487303,3.013489768100135,3.0576547372535,3.114004957315178,3.0927416910166072,3.1691934232887267,3.2426351922538124,3.287689512465482,3.384033849500922,3.4380241157592315,3.3112216159411414,3.226824944066683,3.2034745300981093,3.145458587015004,3.161079694633334,3.131461426394879,3.0871376956718244,3.0696452641197114,3.065046498198753,3.0491528191050548,3.0144292705773807,3.0060359325043553,2.983003783682838,2.9457625926395457,2.9185214523437892,2.88231477956261,2.8332631769635364,2.8180148261383224,2.8053470251095995,2.7719913700452574,2.7512238395197994
-0.8804620734416548,-0.7699792377115297,-0.8102271789532458,-2.3386315255820533,-2.9105857029220643,1.115767555339437,2.5431494143587723,1.648376490641079,0.6978387900680704,0.9483423482710047,1.0756208298354848,1.2446983382283747,1.6149832805584055,1.6938717010833164,1.8793656194267214,2.12383981795119,2.224203774197164,2.2780188231717062,2.399560434556864,2.4208147140074647,2.4012720487481474,2.409476929277499,2.376008613607095,2.3896930959651934,2.404423545419522,2.4217403984129375,2.416922207857474,2.402403323926947,2.3049648260780384,2.2303767144702817,2.1593986392958033,2.3436066848242803,2.6530653307085807,2.7395779063087087,2.8618712452952173,2.8013406114147554,2.799624172560268,2.799133487937668,2.7742060645475193,2.7045950462313577,2.7209745826518943,2.711668448591547,2.7014284108651907,2.70576114844247,2.704064072736567,2.7019887178287716,2.6986506334842493,2.682168205286877,2.6739633553332474,2.6528365056890997
-1.0989586362501125,-0.9415983614159316,-0.7820902618561624,-0.6400120382924624,-0.5713467556878017,-1.523527546426268,-2.944379203093159,-3.0214782270602254,0.4812692807330495,1.713345864707762,1.3502825563397318,0.5714715469272439,0.8146726529651617,0.9807241090541869,1.095384404743043,1.3454541266386497,1.44298347150929,1.5361713593519333,1.6525749558137393,1.7090887516560729,1.7576702914161388,1.8611586773651174,1.880170413937187,1.8783488731783586,1.8031659985920472,1.762983402109253,1.6164628381059085,1.863177203553461,-1.2538205329853782,0.7002164627732326,1.8288144265353032,2.2756351558158237,2.463175018284493,2.538574223440603,2.574464766360869,2.6795600650976086,2.652930667733759,2.6819544263133293,2.6729912778817067,2.681181068691787,2.6489686766892913,2.6126548749445893,2.6035500071479043,2.563535851863791,2.538232595775446,2.5330838722526843,2.5178247417336586,2.509356164014452,2.491868255652596,2.4560983163824703
-1.1786577933796265,-1.0727654608315171,-0.8922214759977849,-0.7580117836175257,-0.6876013863464968,-0.455722222404187,-0.8857609135456069,-0.773388287844984,-3.0786470689663226,-2.184986323403682,2.768834547087529,1.5038817175444588,0.35642717192170204,0.4289939279916042,0.5573219947122897,0.7887302143386933,0.8664295175768527,0.9824231664010752,1.1613211800228354,1.2386029673008003,1.3145073228896558,1.472183902300575,1.5369116015114472,1.6218416970187146,1.6791208932585837,1.6995120164210586,1.7675565964226283,1.817853489502576,2.0447758074814026,2.1446829883737406,2.2590949048521347,2.41535406286354,2.3747388574437673,2.3632132912132744,2.39995717560901,2.3445807290296394,2.3818248781693327,2.307969545649129,2.368350295330843,2.342617174533374,2.306336767183145,2.277171566044245,2.249833081691632,2.2519689898252166,2.235382861686325,2.216592927259925,2.2088554643439875,2.2203207414811943,2.166913801931754,2.1393514520070767
-1.3774063889442003,-1.320413350009549,-1.1033831175534288,-0.9814250842802488,-0.9239889979735191,-0.7134253305184637,-0.6333901975217379,-0.5403809151138779,-0.3592389561255275,-0.3064998227926814,-0.6998467256230694,-1.445426564610824,1.7974657125737143,2.53007942569101,0.6049078201848934,0.40347302918206934,0.43279030011006114,0.49707531518515696,0.6221050732606542,0.7078286674802914,0.7802638393219745,0.8944458917793696,0.9617013105620156,1.0351080636647927,1.1294302322333776,1.205700391909049,1.259046476344888,1.3054070402705482,1.4057407079818887,1.4571618157477073,1.4839105973265667,1.492015293401744,1.5008253786505106,1.505441914395516,1.4904596107103618,1.5264217138245695,1.497424792387671,1.5402848555940816,1.562963258258185,1.5379364618643465,1.6030584458247465,1.590854869961204,1.5754907175255188,1.6118312290642893,1.5923383124803416,1.5807513477968442,1.580220641701244,1.5965448812095948,1.6110970412043424,1.642504921868538
-1.6238222131727824,-1.5288031832389373,-1.5544216005539073,-1.8193860888073918,-2.057413627969886,-1.3164843368826002,-1.116979215583662,-0.933540892778855,-0.7094731920701155,-0.5888856677087532,-0.4706751578952272,-0.41044774455042143,-0.5897348337877691,-1.251775763081892,-2.6328699678615717,0.39502235950423237,2.475287071237832,1.480616273048835,0.3030113752516321,0.3670537701338118,0.42779583045326364,0.5319911135171419,0.5559752878729297,0.6182095071411802,0.7408526785920589,0.7752516086635243,0.8056327276560391,0.8536726428369324,0.9004922440510307,0.9071223522846436,0.9102196488748944,0.9321569880444618,0.9586296572218854,0.9654486743119011,0.9629522966449086,1.0241945302528916,1.0999567158601797,1.0780327356716581,1.1108190082903235,1.1251257407887216,1.1377180485309284,1.1709977910601117,1.166845987879972,1.1801740271551175,1.1918155792578262,1.1909615274903456,1.1866425122740991,1.2077546069844607,1.2113175972766095,1.1934267886563155
-1.981022735149052,-1.7829431272883474,-1.2702808270372767,-1.4144238063437868,-1.0882652599742604,-0.8123572866556782,-0.83588866420986,-0.8109362846236228,-0.6836917088846438,-0.6448675040112696,-0.6067766740996345,-0.5766130383185305,-0.4598254569743917,-0.3906588116037679,-0.32691110491605485,-0.8855167261744219,-1.3942273617634404,-2.5714914655854195,0.7230031178647579,1.9848404414124554,1.8515963911130922,1.164808702143089,0.8164240252740981,0.667856601921849,0.4239740721811255,0.4455536046827924,0.47519044226005025,0.4982540857205282,0.6017371867354133,0.6671484111479897,0.6512581939024145,0.6930051002036992,0.6939522859879462,0.6859686269887414,0.7288413863654163,0.7332820974596584,0.7413608256099695,0.7464928307160608,0.7655600271507166,0.7750965596289663,0.7930445030895502,0.8269604415185686,0.8384189755642381,0.8556591869713527,0.8664543032304926,0.8350691192295342,0.820205404050877,0.8541834318151772,0.8282919479760553,0.8337001844978661
-2.449036763136959,-2.2954938089043084,-2.0382338003513683,-1.8890831438511841,-1.7588058627963692,-1.5708864670280729,-1.403313174627891,-1.349847972882909,-1.235008540971706,-1.1752579218048949,-1.11895550951888,-1.0175980530062896,-0.8656135256296063,-0.7798978657478128,-0.7070201070181598,-0.618530706913852,-0.5490535323249195,-0.5048202846164352,-0.42347667640140774,-0.36110461778914266,-0.7299657896268996,-1.5136439287568904,-2.0364243937187965,-2.8252666138308715,2.5884245098073255,1.185802374476335,1.8185283717392127,2.469695268859977,1.8990955277394126,1.0155077678641609,0.4285846296071816,0.37323758170455695,0.38552195646502624,0.4058797961010052,0.4054099237510545,0.42815265792752977,0.4700272836560858,0.5086083448280181,0.5180440563989381,0.5334854142310186,0.5414089691381175,0.5614814016533708,0.5801125800007734,0.5622739643681722,0.5399089212447724,0.530869630923189,0.5609861040729536,0.5781542892337993,0.582746732890076,0.577563692031182
-2.6084208333883847,-2.5219166356013774,-2.3734557112903576,-2.298018096168079,-2.1801791400643795,-1.9784018966334533,-1.915653626231013,-1.8165829482476743,-1.676995383381651,-1.6169388589212896,-1.521033365652603,-1.4793181591406648,-1.3119773430976855,-1.2210631067638822,-1.2004203075138233,-1.093804348614964,-0.9775128903192839,-0.9415556533017945,-0.8578481322620765,-0.7662131250407022,-0.699398821250115,-0.6124605018856301,-0.5389185176407515,-0.5410816120475749,-0.4577547540555605,-0.6375726923396688,-0.8740797334230251,-1.3005950551865044,-1.850605415735654,-2.4160067659611566,-1.597502821114173,0.1438432386374685,2.347741679133107,2.4738907036196034,0.8613909937437013,1.7292750938976253,1.6705685931186738,1.1050270817535544,1.184743564056857,0.9881504311048516,0.498252345847024,0.365934248568445,1.1928220296055905,1.309256071395501,1.2907738279912733,1.1669655849687952,1.0533572796879531,0.9530457919770035,0.42369108002115924,0.33210269340064874
-2.6591067711235947,-2.621426368244089,-2.5582152968831053,-2.503954253561763,-2.4582650393665877,-2.342887913367195,-2.2920400311413553,-2.1852546283072702,-2.133439653876945,-2.04884683890276,-1.9826228214312995,-1.96877899147163,-1.8198827434848757,-1.8142148006821002,-1.7116076001324003,-1.5389089944939465,-1.4846719190058406,-1.4116147264609773,-1.3239176976354354,-1.2401528313801788,-1.2228628604061658,-1.15962372344679,-1.0844743157012746,-1.0219164697859333,-0.9476453590325908,-0.8561997812928724,-0.8337966095702402,-0.7570762316291169,-0.6412528752809487,-0.5863415155390185,-0.5103926602119244,-0.7810587952430239,-0.6385235897847529,-0.48743085022486465,-1.3411602230746322,-1.4366603332180952,-1.7700051085390944,-1.0951420816902655,-2.0107477338808404,-1.8328873549585514,-2.2006718258217393,-2.0161939942396025,-2.2618885031770577,-1.5345180715181772,-0.3366710100246995,-1.8229752208179286,-2.509807407199401,-2.4325232860359822,-2.177437690871443,0.8670796124960825
-2.770910164289058,-2.6946274943410615,-2.633636312760204,-2.5969494506216453,-2.558555502254469,-2.4727063623618957,-2.4377401605403275,-2.35710305804285,-2.275301423251017,-2.2120059613861374,-2.1568264636395167,-2.1065047071119114,-2.0081905045936574,-1.9675167605955317,-1.894275528644139,-1.845349932772707,-1.802792455259009,-1.7959191477038687,-1.7184244773217474,-1.6424969801838023,-1.5859877729585687,-1.4454368675369733,-1.4009400331984811,-1.3345151070787855,-1.2283069737810388,-1.1835189786562292,-1.119559445342973,-1.0657637186467648,-0.9172104364418425,-0.9025050238993547,-0.8622219299636904,-0.8014859022282632,-0.7105970910002749,-0.6457677813903403,-0.6555762310128201,-0.6348394605675857,-0.5984622723397369,-0.518995867635927,-0.50090237319445,-0.4686790488151019,-0.43638026292576826,-0.41072650802620875,-0.3901822835204138,-0.349885386417846,-0.3232625275133207,-0.2929212018815895,-0.5272279535983527,-0.7256040765096968,-0.7270049788640913,-0.6168801078561607
-2.70134912339465,-2.670758906856299,-2.6089341992885844,-2.592962198464037,-2.5519675969568874,-2.5016685074726794,-2.4599493958213334,-2.4191454884125267,-2.3091216554591854,-2.287596206565612,-2.254670799552237,-2.2053643851863303,-2.158927023469251,-2.122669813292269,-2.085486534770982,-2.0175830462840945,-1.996963340265625,-1.9668638969042078,-1.8896656575559083,-1.8235391472582516,-1.7519219681016858,-1.6602752187982894,-1.587458231116259,-1.555441240535082,-1.4773232773771607,-1.430512588839699,-1.4015878814027443,-1.3900565795881363,-1.281626727976904,-1.2218971021892984,-1.1906406351068675,-1.126122080585371,-1.079802921563075,-1.0329179398792343,-0.9538370242836792,-0.8968514715701192,-0.8836664156153835,-0.836055946949694,-0.8014949103763533,-0.7532309226779464,-0.7217257123480736,-0.7139190498752414,-0.6925870229751366,-0.620689914382925,-0.581065788371649,-0.5696562928949942,-0.566958691512528,-0.5543966354892075,-0.5367113242364173,-0.5178388557183754
-2.649763271583194,-2.6413381042751807,-2.5850773998769303,-2.556637517425929,-2.5350481768135777,-2.4738573736565233,-2.4604685567914837,-2.433683700175328,-2.3732141306076784,-2.333174355984103,-2.3036907755371367,-2.2750107158215207,-2.208133485381443,-2.1651015849643693,-2.1333253063700823,-2.09289019490128,-2.0647756126104695,-2.040635216932506,-1.9646825342871002,-1.9399455117044773,-1.8912240922842962,-1.7771378719737545,-1.7559085710938471,-1.7310204916878542,-1.6562399297632364,-1.6089800462384722,-1.5912189695239674,-1.5661999080418163,-1.4688885559700195,-1.401378906931607,-1.3466167483695266,-1.3149896235286043,-1.2920257045631105,-1.241945758467459,-1.167324123124083,-1.1568622061260723,-1.1354087384492118,-1.0674016008589104,-1.0349692689297443,-1.0203290092446244,-0.9986730181394016,-0.9575964264746184,-0.9075171043405447,-0.8553481226673748,-0.8365680483407923,-0.8333709211303917,-0.8242596069728955,-0.8280758916121109,-0.8273719140174602,-0.8324881052242976
-2.5496430873092013,-2.540524134901998,-2.493875783462381,-2.459989314278466,-2.4507658417929576,-2.4224605317115775,-2.4021479638341523,-2.3709374664331486,-2.343213197139476,-2.309853539619195,-2.2657736823169743,-2.2301529774777182,-2.189446617586833,-2.1547203295746313,-2.116196849620168,-2.070657489645548,-2.0446418932287944,-2.0127146942304615,-1.9773494900429671,-1.9574875810146335,-1.9165336920688536,-1.8896875863679405,-1.848987021704029,-1.7966449556698454,-1.6594603499393479,-1.622171688460937,-1.626594321923158,-1.607490635989613,-1.5413690177280819,-1.5211305896828715,-1.5143381050184967,-1.444463167958532,-1.3962080087703537,-1.3685418901194013,-1.3276118502011933,-1.2963947095728756,-1.2574076221232733,-1.2174280830497228,-1.1982716084776175,-1.1797040296640136,-1.0980901123591202,-1.075934768094602,-1.0624278581120814,-1.090236140130061,-1.0718712029952273,-1.0577249668606121,-1.0538206045945349,-1.067143044895324,-1.0910271854335851,-1.1228402706470748
-2.456952025962879,-2.459987423012046,-2.433306998911043,-2.41329580057825,-2.399721021827105,-2.3671722117113934,-2.3491711999319262,-2.333993070809634,-2.284858707048755,-2.255523382789166,-2.2352874166214862,-2.225209571111724,-2.1565212563091483,-2.1224378413925895,-2.1058528934689913,-2.0670167925422698,-2.0465974577751935,-2.029854778591657,-1.9755282415956985,-1.9479431740412123,-1.925363355049587,-1.8917105528439577,-1.8429286051573326,-1.8160053023024798,-1.7899811951362192,-1.7632214752589683,-1.729219482217733,-1.7090257013599748,-1.6796864036405357,-1.6499827843139485,-1.6162952275455946,-1.585326382700168,-1.5583564702886197,-1.5426469532622862,-1.4939592298738893,-1.4630496550826417,-1.4627212927552025,-1.4249719627049726,-1.4048191501731422,-1.391298781990394,-1.362470140188141,-1.3470153774111244,-1.3302051901671135,-1.3463871753824517,-1.3806963446152638,-1.413762506718622,-1.4657075818690721,-1.4367215346210278,0,0
-2.410823275934609,-2.3961616304529563,-2.367948537180528,-2.355906682830946,-2.3402422135830583,-2.3156245647799008,-2.3050352951912223,-2.277290551781034,-2.2508597177151097,-2.2307439627443135,-2.2114966492589287,-2.1942666148534786,-2.158869529502772,-2.13648251832023,-2.103667101939874,-2.076918272031981,-2.060152883961433,-2.037514298623299,-2.020619652293154,-2.0015814090097668,-1.9732187818882583,-1.9371966631951498,-1.9121918297047789,-1.8958276351029253,-1.8154074165772103,-1.8060931348601672,-1.806429927870046,-1.776710657679415,-1.7480243193945608,-1.7302084197303524,-1.7142267269799114,-1.6823174009048225,-1.653310473346633,-1.630822783669635,-1.606364157463881,-1.5779843802000308,-1.5635949098033333,-1.5648239439769798,-1.5606606718851757,-1.537133053432735,-1.5317542655078298,-1.5354043764306322,2.1669964262704256e+38,0,0,0,0,0,0,0
-2.356383253201192,-2.3514605544280562,-2.325343948331893,-2.319249331427987,-2.312229105391295,-2.2835440395752395,-2.2775135337239827,-2.2720121366006176,-2.240306961362305,-2.2360686006847725,-2.2151116079191904,-2.1992543785159393,-2.1567653022065074,-2.154726468779642,-2.1316746913778775,-2.095193387853322,-2.074146842732818,-2.061066494657559,-2.0238027518356727,-2.0151713339019888,-2.00606790563811,-1.9808492607003028,-1.975650823515602,-1.9644788848389967,-1.9119161011825494,-1.9040333997443575,-1.8933909320265603,-1.8722126952342024,-1.8293593973728997,-1.7898370140740745,-1.7747739041756245,-1.772492138033694,-1.7688818428592044,-1.7642443931462728,-1.779523031181859,-1.7613222401579578,-1.7525697917765521,-2.3507688977416086,0,0,0,0,0,0,0,0,0,0,0,0
