jsons/1312718400.json
{"header": {"parameterUnit": "m", "parameterNumber": 3, "dx": 0.1, "dy": 0.5, "parameterNumberName": "Northward wave", "la1": 40.97354507446295, "la2": 16.46031188964855, "parameterCategory": 2, "lo2": 133.9931640625001, "nx": 191, "ny": 50, "refTime": "2011-08-05 8:00:00", "lo1": 114.97908020019554}, "data":
[rows 22 to 43 of 50, columns 50 to 99 of 191]
0,0,0,0,0,0,0,0,0,0,0,0,0,0,0,0,0,0,0.16004556009101698,0.21518427882335064,0.602595790282185,0.3754697041096454,0.6417449121563837,1.0770090399343146,-1.894928447596101,-1.9913281439409425,-1.8467019569907315,-1.444880238915697,-1.3312788885409153,-1.1628469569393234,-0.7434252904040624,-0.4165061555992387,-0.11981692340320055,0.3088217783881326,0.5402270303164873,0.8313951398750281,1.3768897222750283,1.5522661559606572,1.7024370207973034,1.9891640944190112,2.09813436501724,2.1211166873637577,2.157339727465755,2.3097696388158067,2.1630014477397723,2.0967518624129493,1.836509918279563,1.8863639501582612,2.182625386369511,2.073053563448497
0,0,0,0,0,0,0,0,0,0,0,0,0,0,0,0.028970835326051932,0,0,0,0,-0.43327724187519995,-0.8426159824427898,-1.3352608796535694,-1.4682648562705014,-1.5763147366837444,-1.623103058229915,-1.4246307298646912,-1.0328095985854147,-0.8298127750959304,-0.5485673622517364,-0.0020121836839363436,0.30978357609638335,0.6215817201843604,1.2479273244044318,1.3660314717955664,1.500877167509778,1.7224298543043643,1.8096670761951272,1.8613604653545615,2.062771338141616,2.1436536070283223,2.198352337026663,2.2365114370128296,2.335309001304948,2.348684122755111,1.9348334276470835,2.4005076171214723,1.8855697818066817,2.3431089813521186,2.266150936478972
0,0,0,0,0,0,0,0,0,0,0,0,0,0,0,0,0,0,-0.47314539601241384,-0.8862941975327322,-1.1809486111308327,-1.3217143425152462,-1.5469350543424776,-1.51699979732688,-1.1787804796565176,-1.122084024425604,-0.9772046351084758,-0.6675963489753527,-0.48067064840108453,-0.3096145092582305,0.23932771304640732,0.49840443332161166,0.6652508999882434,1.1642507734609269,1.366583701790048,1.5073613818920686,1.8182418994205558,1.9657449764858248,2.015682674773975,2.184725684119442,2.204124351165516,2.2053851883541626,2.2359447538702444,2.320159845887074,2.3276156525674203,2.0797198248152187,-1.8359926412829923,2.363302164830082,1.8217318398170315,2.3414627145035696
0,0,0,0,0,0,0,0,0,0,0,0,0,0,0,-8.1454825486999445e+37,0.11874196606814139,-0.7917367369619073,-1.0882708682323319,-1.42154488359059,-1.2617459666975697,-1.20300832566334,-1.2507968228790287,-1.1340098040976418,-0.8944047355818703,-0.7979796532076989,-0.633058571692854,-0.2890037908873438,-0.09425087908521125,0.06449761301688775,0.6536012342779672,0.8677646853073407,1.0281557007899027,1.3424480757956259,1.5294703347544232,1.6035755070583968,1.820600114915587,1.8832149509011162,1.9407189839407037,2.0553753870366602,2.087242342029898,2.152720638913061,2.209812255950676,2.25937756267988,2.276124973630719,2.2864921705241588,2.321036413270425,2.085696694541496,2.158181385984203,-1.5467006095923643
0,0,0,0,0,0,0,0,-0.17089104411734052,-0.24205733600807644,0.1812832149384875,0.05751947189560485,-0.18500867869106769,-0.7235155636217112,-1.0930397725580867,-1.1647120488428095,-1.3071733567959802,-1.152039213748705,-1.0576804731725635,-1.1115021275751273,-0.9001992444822148,-0.8385096225937402,-0.7469157528192791,-0.622834431825041,-0.3929684290678566,-0.2585590250880995,-0.14814921410254964,0.16119369524394156,0.33791663184541354,0.49334819722613293,0.8445911772499191,1.0387445108099838,1.1366514308333366,1.367926839412313,1.5433762578023944,1.6823972271731447,1.843588185430711,1.8555180242361538,1.8838484111600138,1.9761819822295372,2.022246646154974,2.0302735764629025,2.058884805820693,2.1162034085556107,2.1290291692130694,2.154838068559375,2.189878574543342,2.2106101232268753,2.2213963845518787,2.1661044174715607
0,0,0,0,0,0,0,-0.4903623782208367,-0.7060965650417451,-0.9689524162455205,-0.9841609185992812,-0.8528893793228611,-0.9043144894559171,-0.8768312522805743,-0.826879389211961,-0.8184467050564944,-0.8473988496798635,-0.729180993498671,-0.6875387842171474,-0.6253469922721893,-0.46463742645912737,-0.4144863829844951,-0.3541545164640473,-0.2994665215110696,-0.1509997493215184,-0.027037572793859686,0.050122278813229004,0.259627035517735,0.4232989835396893,0.557069114529824,0.8871984633926733,0.9924035200025124,1.1275016491105443,1.409198396883158,1.528595209911492,1.5975730801666925,1.6920319702969144,1.7356606819085816,1.775122788227345,1.8635049813093334,1.9190880473678298,1.934417080998278,1.9653583661114844,2.0280105722418966,2.0318495182774448,2.0518667891756524,2.0994249865504675,2.112866075578362,2.1307601685684325,2.1473009622035883
0,0,0.11685474063301629,-0.6328850489711512,-0.8452561590521429,-0.9248316280868857,-1.0701873139578293,-1.052096665726247,-0.9305372758532475,-0.9263418813689207,-0.9014477617592085,-0.7729895976013768,-0.7940531412362213,-0.7596428085211614,-0.6827566211510553,-0.6331317154224096,-0.6054526210729563,-0.4990732465377188,-0.47141509542728394,-0.4147052718139736,-0.31906127441135135,-0.22398015098991586,-0.17967436078127585,-0.11774992546130014,0.0240480188817435,0.15946392671880052,0.21364273009297496,0.3823231733654064,0.5264153781858363,0.6297061277489121,0.8587195789200405,0.9611021575126711,1.0311547485488441,1.3157133568159172,1.3678729463794945,1.4247820419958521,1.536130507198707,1.6072485970485662,1.6363759341146664,1.7121460849100094,1.7923780419502697,1.7996304803925818,1.8716240967038862,1.9544395799676175,1.968704132924811,1.9892356775564863,2.013067903821402,2.008713732327118,2.0018602915271404,2.0443368833776714
-0.8605326177992322,-0.9144988568598867,-0.9614089360424569,-1.0030195103419772,-0.8453191811278897,-0.8658011602773824,-0.8997803385553884,-0.8740329798020331,-0.770697863520369,-0.7834929175164069,-0.7585225332261268,-0.6690533688819155,-0.6457288610044138,-0.590490058376841,-0.4720446833397205,-0.4170472605540224,-0.3881392074100936,-0.294220612253655,-0.2625713148996392,-0.21302105579047936,-0.11750023134403684,-0.04531172418561341,0.012687511623009674,0.05660044712766882,0.18448704463528687,0.2569209518847201,0.31137744212757923,0.45569296271830084,0.5193384624603504,0.6117273458865348,0.7812057742746222,0.8845336889673892,0.9519316393753413,1.1497056559566774,1.2553548114039679,1.3366841773647842,1.3984473220359035,1.4600896821376812,1.512796207553277,1.6293093364442883,1.664881717412318,1.7171660356868206,1.757682288026694,1.8512525367080601,1.8959770934667974,1.8970766453674495,1.9421283040307822,1.9448649049063578,1.9432577060625977,1.976784590364588
-1.02796306777126,-0.9201784237904126,-0.9156357134102352,-0.8916042680180924,-0.8205676348738233,-0.7903136993533718,-0.7913072741527225,-0.7550029217873118,-0.6725728936714135,-0.6588999041486621,-0.6092416147651869,-0.4843672169829195,-0.4301613851372902,-0.3810540444913147,-0.2855671135753253,-0.27087440866908963,-0.22465547016011053,-0.19531308394627522,-0.15675502495722557,-0.13876733344175515,-0.06851973458099841,-0.04078610511605718,-0.00647848720401316,0.028610612507400268,0.13947914005586207,0.1944518076884824,0.2683460434333251,0.4431727921299573,0.539189879236215,0.5735294271192478,0.6929316688555034,0.7611380781523227,0.8177379049383366,0.9673485821566372,1.0427628558800734,1.0891184756079655,1.2426014844513484,1.3334759862488041,1.3667654490148444,1.4668309463630067,1.5614167054104726,1.5763214016437002,1.651656770828101,1.7343553889798673,1.7696546366376065,1.8102472341798301,1.8633032450683467,1.878975008508029,1.8835797655834596,1.9083788649334568
-0.997328935468175,-0.8299446612846197,-0.7840642126379899,-0.7601708115185521,-0.6823073665200526,-0.6464278845054511,-0.6173073806235108,-0.5932467372273521,-0.49444093938249645,-0.45737476039676156,-0.41789569310262725,-0.33349863559656995,-0.30964249860845533,-0.2874520954142703,-0.2515663067834544,-0.2624565620752091,-0.27903900161789097,-0.26916841921610574,-0.2515355145636943,-0.22316696696158358,-0.14807338483891652,-0.11036318857568862,-0.07162280824006433,-0.019633363015347582,0.08743829781412514,0.1662545889432196,0.23662897874764158,0.37465482083481216,0.4475314156561276,0.5165873669406003,0.6220110037794762,0.6794290392501665,0.7437656036437558,0.8424012926070397,0.9181185882722581,1.0438212368284976,1.2042749455470618,1.2790047435576863,1.3230937111133343,1.4436537707919785,1.5014234967425486,1.5429532571241689,1.6037204169734074,1.6949674999120696,1.714111601890005,1.771373609001672,1.838444359465839,1.8259434457759038,1.8211858379052035,1.830270307575166
-0.7092803775660926,-0.5945680153881627,-0.5522170448062446,-0.5234735764468329,-0.42580993120351995,-0.36420865462368995,-0.3208304047707479,-0.14590419364738244,0.06558665449979952,0.37608754702362107,0.4787215511839687,0,0,0,0,0,0,0,0,0,-0.8180748801477004,-0.647377112988722,-0.5493701124088571,-0.44648403587132546,-0.26944816331192717,-0.14382510151684594,-0.05179102312331324,0.09185287293068815,0.14935736845514347,0.2122642645751071,0.3458726022784502,0.47200558145793126,0.5791981233800554,0.8461108885538252,0.9193621066388045,1.0264697295002243,1.1674429480811614,1.2126014604088537,1.2619714874117638,1.3521939626321064,1.3964250680734458,1.417800943968308,1.3992474736393197,1.4355827911038694,1.4798540354209677,1.567130989749173,1.6637856183399382,1.697084942243611,1.7153083506218612,1.7913950389377262
-0.34582057074770994,-0.21910712601020907,-0.1163771531145887,-0.01826702560431937,0.26791086459781877,0.34702261893992264,0.4959720662870488,0,0,0,0,0,0,0,0,0,0,0,0,-1.3202836713955803,-1.0059319141781273,-0.8457358009144257,-0.7404060735590111,-0.6502116716491789,-0.3903862969846228,-0.32674447612749613,-0.24082958482503858,-0.051977339548460885,0.01072490590588729,0.11951141288852628,0.31803883965688556,0.38989152438521935,0.48089986954331987,0.7122220594334976,0.8111584169730112,0.8848715349106595,1.0926777541514268,1.0336926276317764,0.9816010442739155,0.8503388356605742,0.908832970339849,0.16265034254763505,-0.6876869173615794,-0.35866603375631306,0.3636533662435416,0.8995947903541017,1.347238743867282,1.4621702287244285,1.5368038555809187,1.6651407843626904
0.248266367905322,0.5323753911889231,0.5997199794105198,0.5664280114292055,0,0,0,0,0,0,0,0,0,0,0,0,0,-1.1334636069443569,-1.09081060125768,-1.1074126374841569,-0.8104885791948668,-0.7556525691612509,-0.67080079065266,-0.5623025300163175,-0.38193310766642946,-0.28771936071788545,-0.1951415841337207,-0.042856698747929155,0.03724197440100204,0.10596822815390575,0.2754883372395362,0.40652166142690505,0.5179011205421186,0.782664481190443,0.9082193541284644,1.0188141207805892,1.3965737210428986,1.532255719730687,1.5055480457589816,1.4047381203042386,1.3961684731295263,1.4439562614328965,1.473978209440216,1.473142921030216,1.4314197306420806,1.3529138508610494,1.2839452400619276,1.3437125470619697,1.4018684765237963,1.521014922891473
0.5501477798973908,0.7017006566202993,0,0,0,0,0,0,0,0,0,0,0,0,0,0,-1.2503158688045577,-1.0571100272598184,-0.9871466094587326,-0.9268168069768605,-0.6934216251919489,-0.6331003673533422,-0.5691272368101535,-0.4706228942561773,-0.2988563648958938,-0.2069907938829895,-0.14766262953874054,0.0077695103935129465,0.10063255289095088,0.16208149821243528,0.3377216521999835,0.43620017065673194,0.5615149670212127,0.8205717736914604,0.8997399562316196,0.9807208035308167,1.1378022964250858,1.1585245067713645,1.2140612133640358,1.305703014831988,1.3091482807130597,1.3141756911402782,1.327008946669517,1.3562115846556275,1.346799782424501,1.3221932986096918,1.3220548860488972,1.3439739506042228,1.360705735329302,1.4264848807524468
0.5571245497718141,0.6246406553883581,0,0,0,0,0,0,0,0,0,0,0,0,-1.1213193927896128,-1.0873595533690992,-1.0779455136045863,-0.9250603871524963,-0.8439147679427038,-0.7806102541321973,-0.6154603593598386,-0.5084543715438682,-0.44207622836084637,-0.3550035970410486,-0.17535671550568688,-0.09759881798615078,-0.005413873471898166,0.10755368112815047,0.16483092601833887,0.20186967055247332,0.3414992926142466,0.47186734716176987,0.5684198664692842,0.7931679134435213,0.8783945839394234,0.9102106050006407,0.9913190523869485,1.0190589630034441,1.0342903908323215,1.0876581411411077,1.0994648117164587,1.1239351001887288,1.1359062597259175,1.1989828885871117,1.2168356816924357,1.2587107331642189,1.3164657776255957,1.3464304026871265,1.3669167318456341,1.4188539740511832
0.48639030615969603,0.5535252654498226,0.4866485764285953,-0.050004348988473536,0.11520574492304199,0,0,0,0,0,0.3309828000171699,-1.1671424619688535,-1.1933542722781718,-1.1243676626116899,-1.010292523276813,-0.943879246845109,-0.8997396375224594,-0.7523381493114574,-0.706215578264787,-0.6472446013603246,-0.5193430546333297,-0.45360741256290144,-0.38132685604318983,-0.32413338485352317,-0.1891726480952338,-0.09724267368750827,-0.03630941563076391,0.11190139541852975,0.2007310296856384,0.26254313404174084,0.3961249192048625,0.47737521195446725,0.5457334605960771,0.7319537153188655,0.7398456732705743,0.776198997380754,0.8241073666393839,0.8742273450496527,0.88679690106963,0.9307885691916692,0.9632680147909451,1.0078591564812733,1.0307222851186,1.1048479280815977,1.1435053313349135,1.1634629623443642,1.241761733965977,1.2547003752228552,1.2859492591431192,1.3273252676908842
0.31751312173947777,-0.5889494456415448,0.21524446869479832,0.3485496111900908,0.353709872134754,0.28195653928981285,0.2473328226396916,0.021713174748549856,0,-1.2488380553814988,-1.146393940712906,-1.0477608275261718,-1.0365487457686953,-0.9932247026826067,-0.8672508805500904,-0.7907444691956049,-0.7311399192712258,-0.5952146200468614,-0.5114223398467935,-0.4631759208898235,-0.3312831946435414,-0.27358691708376165,-0.21545263354312347,-0.15091413089460942,-0.0007171326819085483,0.04236998946196573,0.10994503646617688,0.2149368069731475,0.2793310075628668,0.3244802708580676,0.4540045931201422,0.5382599312349609,0.5898884410482294,0.663985088731015,0.6941535069850034,0.7193353336562736,0.784417102871613,0.8043135285299762,0.8479762243442149,0.9030381765392609,0.9307961220534707,0.9897029441522756,1.0385870470068366,1.0867913582195983,1.0983281591018812,1.1122540233382052,1.1850325493993346,1.2182439330999073,1.2510798194708679,1.3048440949371343
-0.40977987165250096,-0.5313911918385735,-0.585897900143343,-0.7362087819419401,-0.7647774408971004,-0.8887150513169673,-0.9484368527293835,-0.9735936060770514,-0.9452928761561854,-0.9494197797588682,-0.9246831897575883,-0.8439276205449713,-0.8200739692781863,-0.7871262144861423,-0.6885834089578156,-0.6216410861042272,-0.5656077389235259,-0.4468317314502695,-0.4014701860917716,-0.35278936410783074,-0.24710174581961902,-0.19451886341327487,-0.16512928520342351,-0.08347360006347301,0.05366899515922325,0.12052009747027957,0.15779464984673758,0.3305672986147431,0.34186673791511535,0.38970746263111616,0.4569279142497753,0.48260768089817907,0.5273959659206652,0.5863791936311266,0.6263680021002072,0.6435008293193889,0.7405135931149336,0.7784368842456331,0.8087179743420233,0.8798733301291847,0.9492822399679888,0.9963427423895963,1.0252520118038826,1.1155251524255387,1.1396852327443607,1.1775989622151506,1.187270641948978,1.1890822899922175,1.203679749684747,1.2216417496410827
-0.81935871859151,-0.8434418926013911,-0.8545071892333774,-0.936796295905065,-0.9205590514309993,-0.91536322551253,-0.9119955079189798,-0.9080365149094571,-0.8213599398728406,-0.8055160382161205,-0.7660290014339788,-0.6856759365214764,-0.6358398245014659,-0.5966614986655638,-0.4972671930792056,-0.4746602397836619,-0.43851704931850183,-0.3591438826626829,-0.3108852279551641,-0.26403012601089176,-0.1717266633896349,-0.0805084449982409,-0.03813352813081797,0.00655217537502753,0.12162516179413538,0.17154229159242626,0.22457374170548025,0.3262781932169678,0.34429637599851454,0.38138015668229625,0.4349882492949302,0.469875364962981,0.5057444742568438,0.556801173894659,0.5878688933429217,0.6203959977251035,0.7024244539160098,0.7691509229703168,0.7980141931012004,0.9006919720579093,0.9522293344354793,0.9518608986486242,0.9785159672577685,1.0178937462819304,1.0248286205499826,1.0194229182374759,1.0802808660772278,1.1058511150727586,1.132250941029236,1.201451416869353
-0.8843748079791057,-0.8868313249901103,-0.861662677108289,-0.8772100328122877,-0.8205439460571107,-0.8118531136683783,-0.7910903363368201,-0.7442264891544053,-0.6965125353158567,-0.6448236390183029,-0.6221330124851557,-0.5354527864553221,-0.5267588430579071,-0.4944016180723458,-0.4285337425956658,-0.40429586916422233,-0.35513050308727345,-0.297997577602433,-0.2533638694308448,-0.19394734460004082,-0.12774108345840937,-0.0826971186750926,-0.021624100671937707,-0.005258805565658175,0.08686636693834753,0.10430163721919157,0.15163687546820698,0.23273124427554504,0.2703774205754247,0.33153450184863303,0.3819344813081011,0.43638727893937557,0.46146692949770446,0.4972803883189766,0.533963517779113,0.5734770887290709,0.6172213367189677,0.6663339213653832,0.6962452322300267,0.7525619467260145,0.7685299101199935,0.80713346594115,0.8363398706764947,0.8632527787498855,0.9278799168284481,0.9775845528315813,1.0451503221937504,1.0861677178107318,1.088058722521829,1.13990270000643
-0.8592705640368711,-0.8154942994603184,-0.7981646003463775,-0.7678805925784163,-0.7258723016631561,-0.6918664284256104,-0.6721140233077899,-0.6513456298467114,-0.5740553954080767,-0.5715797664467291,-0.5400863170649733,-0.4848763051623376,-0.47054687532790573,-0.43418286281096957,-0.38478106338439716,-0.36067255441399615,-0.3157299640653909,-0.254253857982724,-0.2261017810390955,-0.19127449341389452,-0.12364997672880329,-0.09112819683314444,-0.04198110393428955,-0.027438442201469636,0.04338852557617903,0.0799876113107239,0.10809937991453461,0.1860976615466022,0.21163755178416518,0.23905492231211323,0.2875134337504002,0.3292094718439729,0.3666287295181196,0.42024814113203657,0.45115383568531564,0.4609828280632517,0.5383935747519286,0.5748219125237125,0.6226145550605747,0.6597955652439877,0.7042099642992519,0.7365901439537321,0.773792916494948,0.8175543226034954,0.8513678042948264,0.9033860736266518,0.9831847098130642,0.9978487650809392,1.0351285176023766,1.0697001997375992
-0.7493878752817438,-0.7200428053157508,-0.6978124406393971,-0.6806725863520791,-0.63978253258642,-0.60704322600697,-0.5903467624075686,-0.5879196805623249,-0.5383194276920393,-0.5243207153934559,-0.515327980552235,-0.44841023093283117,-0.4187057109877146,-0.409217151712323,-0.3533867188679325,-0.3186958441792195,-0.3007162957724575,-0.24986919222534304,-0.22158795220239513,-0.19858383629257353,-0.14062074354348433,-0.1290589991159028,-0.1121074891932465,-0.072141700327573,-0.02589167521961987,-0.0067537230333049435,0.024169464503674506,0.10012034251559344,0.11295479693284435,0.13801963052347235,0.20687176193436854,0.23213394555846792,0.26521642517938415,0.323101303831641,0.34253017321572565,0.37882386575413207,0.43874913029485535,0.45999252550036507,0.5091334332333398,0.5890103724104231,0.6151265691800522,0.6595149267906715,0.6758172658373248,0.7309761325304951,0.7664532563901364,0.8021430254467851,0.8854590651156053,0.9370321948656739,0.9379323172581313,0.9815590138215717
