jsons/1312909200.json
{"header": {"parameterUnit": "m", "parameterNumber": 2, "dx": 0.1, "dy": 0.5, "parameterNumberName": "Eastward wave", "la1": 40.97354507446295, "la2": 16.46031188964855, "parameterCategory": 2, "lo2": 133.9931640625001, "nx": 191, "ny": 50, "refTime": "2011-08-05 8:00:00", "lo1": 114.97908020019554}, "data":
[rows 0 to 21 of 50, columns 49 to 97 of 191]
0,0,0,0,0,0,0,0,0,0,0,0,0,0,0,0,0,0,0,0,0,0,0,0,0,0,0,0,0,0,0,0,0,0,0,0,0,0,0,0,0,0,0,0,0,0,0,0,0
0,0,0,0,0,0,0,0,0.05391901699267027,0.052023820013869376,0.048264376087343575,0.040355671390843686,0.027106324941135386,0.022967935338224443,0.017218778658149265,0.054343058855927474,0.07338098591516297,0.06501482611426024,-0.08322044860286473,-0.07575424644979394,-0.07731093882069663,-0.0338035874352382,-0.09027913933961591,-0.032663320794716844,0,0,0,0,0,0,0,0,0,0,0,0,0,0,0,0,0,0,0,0,0,0,0,0,0
-0.13638856890055318,0.12565844277881819,0.1275469229860467,0.12593660902474216,0.12171348110603694,0.1160080372661301,0.10880540983983647,0.08513115865708935,0.07914386365540226,0.04603310559916245,0.036071809564494094,0.045962860009792474,0.06540571437486699,0.08222914413944388,0.1253897129746355,-0.09591929599444002,-0.045481248567832616,-0.06577539292550362,-0.05179080189312863,-0.07708808690231635,0,0,0,0,0,0,0,0,0,0,0,0,0,0,0,0,0,0,0,0,0,0,0,0,0,0,0,0,0
0.14880483529820496,0.16940879555319005,0.2000606083893666,0.20488728909231385,0.19517594008127853,0.1462426469545828,0.1254286422708947,0.0977683247387031,0.07553819613883027,0.04936005879845985,0.037220403941491044,0.06946821675388648,0.1453948593348224,0.15887466148850818,-0.09730447077210891,0.14586707574938418,0.10523610005346551,0.13361711850401134,0,0,0,0,0,0,0,0,-2.0277888439469906e+38,0.1242296825358113,0.11479323305964519,0.0998224958281203,0.11497383707189694,0.10745066618151916,0.10014475702381478,0.09315195356431213,0.09904865795959077,0.11787616283801748,0.12134642229613345,0.10081920812068353,0.14862196112545306,0.2042494663979973,0.25631729529829184,0.267687907318913,0.26034876231064813,0.2597414544781788,0.26438125171978116,0.25819145348864714,0.25555792164944197,0.25196258405637606,0.2391923363268261
0.07207285017176478,0.0737203747771156,0.10765346672365246,0.11556265452782627,0.12614565309881276,0.21828424975964603,0.23805988034502196,0.2770456458754424,0.3123418083232967,0.3289182579978573,0.270128264306619,0.11535039480116098,-0.256937677300867,-0.1879397783875415,-0.2029473677809787,-0.21531927011266253,-0.22975832422680437,-0.07962782853681395,0.10088885093629002,0.18134942539340185,-0.31768040290932326,0.036362450395472826,0.008602579085501378,-0.03165353913833504,-0.09485547490277232,-0.11737804086380622,-0.14301879022655525,-0.13558822634740159,-0.16812130018712268,-0.1831295900383628,-0.19949146218101632,-0.2237179315115582,-0.21854077934539093,-0.18808385145240195,-0.17620234366420967,-0.15165210469665896,-0.09284882812418925,0.03074818375226528,0.07044043381246776,0.1763651542330253,0.2919202832205883,0.3277268310984563,0.3295372278230557,0.331891585377492,0.3366420848707851,0.3250880539188977,0.32082694687781604,0.30242747666813935,0.2704840111922216
-0.2124824416487345,-0.21143027316262822,-0.21360425559764015,-0.20597601919351055,-0.22402734186110498,-0.22149548168141137,-0.22687892904213908,-0.2321939243651587,-0.2629714642800859,-0.2463915952238804,-0.24123644715660336,-0.24526585642562124,-0.2547733048827425,-0.2584338502328209,-0.2856697871967743,-0.2944217927490558,-0.3139457292708972,-0.32979190213775883,-0.3674862958133773,-0.35567393122682445,-0.3622563976523612,-0.3947276147686105,-0.3990158353336358,-0.4020342943190898,-0.4014640074448118,-0.4094512866266662,-0.3915424082807151,-0.38965192606892,-0.39989917539028347,-0.3901817449351707,-0.3929090501745018,-0.3950454456530372,-0.3845914055812305,-0.36425361511118337,-0.3216825791541066,-0.23977486693869526,-0.1642806922137375,0.16624706807908857,0.2498177617284522,0.329697078479167,0.38547419720612663,0.3912436329821428,0.393842500555841,0.39366882139479165,0.3928279614488136,0.3847768887522129,0.3762642380759223,0.36539013450390473,0.31693517174626873
-0.36556305475805617,-0.37470935498471597,-0.3894250239652003,-0.3984996916852952,-0.41473937656405707,-0.41848955120371945,-0.4231585244765025,-0.4245519308706615,-0.42983294424102875,-0.42076565240712566,-0.42046286242282943,-0.4236119914882987,-0.42223700761629485,-0.42245329797404146,-0.42664053602213525,-0.43670337148977506,-0.43710355902827386,-0.4412611406039341,-0.4507190051678551,-0.45091736809364547,-0.44591701986140897,-0.44747653165137985,-0.4454482390420238,-0.4429547689999717,-0.4458848499051445,-0.44544867263067894,-0.44586305137490423,-0.44727210231043657,-0.4487106689737286,-0.4497441516111584,-0.44889915401877006,-0.4477319379317227,-0.44503196495915504,-0.4429740012089632,-0.4381708398230179,-0.29081332487138895,0.40447935631120724,0.41975410684110115,0.4062745989650814,0.39898928786662397,0.4127072171641325,0.41396478899463857,0.4144785557532633,0.4137802747848527,0.41120305765379167,0.41727138713947637,0.41580596278647164,0.4189156939393821,0.39793241501521265
-0.34376200831104775,-0.3079373059168073,3.3373875331007703e+38,0,0,0,0,0,0,0,0,0,0,0,0,0,0,-0.3992070011728562,-0.4021991097220701,-0.39836675510411845,3.3785065863986892e+38,0,0,0,-0.39541962787421986,-0.4140325548806289,-0.4082820602834819,-0.41512375907128074,-0.4391245843730683,-0.4571185862616033,-0.4710300488426766,-0.46977455760374676,-0.45626187825109626,-0.43540476361107316,-0.4106923781456076,-0.302535083708911,-0.46159225313037416,0.4469559048478759,0.3898022332167592,0.3831558237109352,0.42099375510629594,0.43741041727825525,0.440135521266192,0.4428292239056168,0.442190585109861,0.4458903518601411,0.448393280897301,0.44878283309017875,0.44928340347520684
0,0,0,0,0,0,0,0,0,0,0,0,0,0,0,0,0,0,0,0,0,0,-3.3651608721524707e+38,-3.364688270979262e+38,0,0,0,-0.10073087274805982,-0.2693703002483811,-0.37166711165162064,-0.4363822653617779,-0.4652293765949813,-0.4518620495995304,-0.4128821307751473,-0.45460059906393,-0.23536178425172163,0.48243389609785703,0.3268943199047444,0.35444176965010354,0.3964347043981956,0.4104943011115086,0.42036507539195805,0.41667182573768863,0.4276328265481795,0.4326922232544063,0.44167991502957243,0.44266943997794495,0.44925882599291267,0.446249491292632
0,0,0,0,0,0,0,0,0,-0.1720450084085264,0.1614502384713523,0.17211706672709787,0.1811300044883818,0.20356733914867073,0.21862591146913046,0.22782994844579868,0.21451316074156496,0.19143832821636142,0.20138700848142607,0.19500308307168332,0.15327861403228946,0.11292250016924811,0.03491764391193354,-0.10041056787942836,-0.1623826890139836,-0.27902065147738686,-0.36326877218470577,-0.39712557835086054,-0.43748853223216394,-0.46821075681948165,-0.4803529013575812,-0.45418816666010287,-0.45931472793671047,-0.48887509237619275,0.49335364157128203,0.4065763608291007,0.36657775621360733,0.3968508017212993,0.4396733270864021,0.45087255333748916,0.467518090899196,0.4752075821568951,0.4799536245067792,0.4777874093221179,0.4738226140889302,0.47381766935160236,0.47086130511498614,0.46865767605465763,0.46081855742337907
0,0,0,0.12154772512024233,0.1362248716250835,0.13137839429733383,0.12111012875982606,0.1271884682369343,0.11318875853478631,0.10309399951780943,0.0767456028855826,0.04404561905193154,0.03713841441844158,-0.018098675610612673,-0.11474653060141078,-0.15697981165258795,-0.19837443074639674,-0.22399265546243394,-0.26982251108297467,-0.2870732513371371,-0.31050082548695074,-0.3388268666823882,-0.32171099155311955,-0.4018393687452286,-0.4403158544288109,-0.4784966661828333,-0.4908698905759427,-0.5003201344636223,-0.4661687463249675,-0.44320995762945053,-0.4261090246939339,-0.5073396727383764,0.5102538223330231,0.3912176821200735,0.15233006370593152,0.2518928472670973,0.34063491518339833,0.38723302619349714,0.4073073204899419,0.4323650531753239,0.4554359142072141,0.46277667446825604,0.469246044910956,0.4726598812077488,0.4747507114346046,0.4786666714430917,0.47869238724694774,0.47237724078933746,0.46617410245856855
-0.003481694395065327,-0.012587551348200322,-0.04920334035388292,-0.07005416462197604,-0.07975666197191676,-0.09265841436475167,-0.11306664891390149,-0.13257329672193655,-0.160944454346161,-0.21047091392223,-0.2410327957449319,-0.25766726426746817,-0.2864678039022148,-0.3044623125543524,-0.3203013819802578,-0.3638319063814759,-0.3720445110625739,-0.38395310898704876,-0.4128317060970657,-0.44088642384296234,-0.46570752262064236,-0.4862759574359283,-0.49382542755239783,-0.5104686976534265,-0.5141142478960115,-0.5185881992433872,-0.5151833326754555,-0.49789469707410483,-0.37638265560444867,-0.3737848340577731,-0.24475821237708334,-0.5176706237559557,0.533597232407946,0.38820588784897714,0.32198681488042263,0.3864392862664899,0.40448525530531626,0.4307824926949487,0.47348123274088655,0.481009278367839,0.5065770614580698,0.5163578517437541,0.5213260096766223,0.5242325044145242,0.5289062024538186,0.5275333938549298,0.521341062279495,0.5043265104925606,0.49644555657799194
-0.19819020308449775,-0.2106969833740748,-0.22876413236704235,-0.2442340137100514,-0.25546468653801835,-0.27579763580192973,-0.2914077591684975,-0.3095600605902359,-0.31509670138914153,-0.32747600515324365,-0.339651766703505,-0.35187481925247144,-0.3714936922331436,-0.3800440296213285,-0.38195139398636396,-0.40007865725437486,-0.41262292356486807,-0.42626232286894344,-0.4445950246804353,-0.47221211682251635,-0.49329976591926206,-0.5085754145385948,-0.5159581762583844,-0.5267173048433799,-0.5257480847529276,-0.5239320200608242,-0.5140393577789987,-0.5025260869435612,-0.42814902899824303,-0.3634738820306238,-0.4264922024223146,0.5343108543136802,0.40736939039348785,0.31344792605006244,0.36068352056034436,0.40610321671658567,0.43763681583161657,0.45197608060189537,0.45418820144079936,0.48129375100252575,0.5299710201312254,0.5352449066718683,0.5389659137458253,0.5399661162031154,0.5469196494625905,0.5494467803746775,0.549672452845909,0.5407166637610674,0.5393748674826025
-0.26311694853299716,-0.25986446954100023,-0.2568246188273591,-0.27112815615935315,-0.2850552635286994,-0.29587458596105226,-0.3071521344940422,-0.31342746824886564,-0.31573225294065005,-0.32595980900355664,-0.3375435879350838,-0.34207149280152244,-0.35258351126982596,-0.3665057914640866,-0.3740378624486785,-0.3864092875641213,-0.39497029483863905,-0.4221302363528464,-0.4373648897580677,-0.4518437744484622,-0.4751307317930505,-0.48838745123910954,-0.5125312413741181,-0.524425867541048,-0.530107327963004,-0.5330603331310875,-0.5403143273636181,-0.5305477916691812,-0.5332223895030612,-0.509952573126895,-0.4936113197697158,-0.48946679387502817,-0.3819131826639005,-0.5602576489830929,0.5498809357256209,0.23262658100073028,0.44333492825220433,0.5056738311655479,0.5224109098377696,0.5296886732220837,0.5331081253544513,0.5482468689587665,0.5560809280643076,0.5590487553790355,0.5531079354370623,0.5674286788014995,0.570671760458502,0.5707556883634581,0.5761219574770667
0,0,0,0,0,0,-0.2371246174968852,-0.2762942038559815,-0.2958787638797431,-0.31273169209391394,-0.32252394250595984,-0.3315661153865641,-0.34113997725331446,-0.3508446235439905,-0.3573672654435775,-0.3692885302014335,-0.3805064087670858,-0.39080441913127073,-0.4042821978343315,-0.4174962790211111,-0.4435539252685207,-0.45696188210697203,-0.47624994550485833,-0.49410073219763356,-0.5046723064728222,-0.5067460545973614,-0.5137343132696658,-0.5208878109389062,-0.5247808141027227,-0.5390718485549711,-0.5476545689583707,-0.5565691455386163,-0.5622454669939358,-0.5316265631827671,-0.5113708181088404,0.4292791961022744,0.43861563157937067,0.46789361955725794,0.543218056384933,0.5826891571200848,0.5759900196530019,0.5851813373319882,0.5890429263979781,0.585637888270285,0.596554992151529,0.6003678842390421,0.6040891297674046,0.6089379806285236,0.6115453056512
0,0,0,0,0,0,0,0,-0.2358291011374357,-0.2840771896121736,-0.3126587015317112,-0.31668112441293966,-0.30376836816688196,-0.31400703984138284,-0.3117979352130605,-0.3180553997238509,-0.3335213981651246,-0.35738632315832775,-0.3772177037332914,-0.3947256333537539,-0.4053583492866864,-0.41700519059465513,-0.42927460235108217,-0.44235754751503326,-0.4464671999286803,-0.46185924652569876,-0.47429976004565905,-0.48078409640854064,-0.4910865029843273,-0.5096824913278393,-0.5060230116181681,-0.502780147689132,-0.5207382596688234,-0.5344335582641992,-0.5495221266941571,-0.5576698569836465,-0.5068065611587652,0.5875519244579072,0.5733240594802673,0.5679182762335045,0.5822341696522566,0.5903683039971647,0.6107931526152528,0.6096526163277423,0.6108090041308862,0.608203438439946,0.6040190630614652,0.6122199535245268,0.6207864923720394
0,0,0,0,0,0,0,0,0,0,0,0,-0.1409602060323109,-0.09784960327056984,-0.12424260037076806,-0.17645925063160794,-0.21568253113138922,-0.27335078226937826,-0.31137360631238237,-0.32787580926420923,-0.3446488650468418,-0.34680966246565037,-0.3488865235976479,-0.3570219091242248,-0.353631292763725,-0.3429684217181334,-0.35467245709114953,-0.3588134759556375,-0.37673817673152976,-0.374244676390447,-0.3910397058807978,-0.3574621549703779,-0.36245164460454743,-0.3441986472921702,-0.28379380651194025,-0.276283696400843,-0.02595981779541485,0.15673570287119695,0.20467202342320134,0.39235621065885495,0.5949338503685307,0.6179343846499292,0.6183301636328496,0.5926463235450106,0.597710487204755,0.5949022647535355,0.6000466058720112,0.5889211673886661,0.5888617498576195
0,0,0,0,0,0,0,0,0,0,0,0,0,0,-0.16455906544927773,0.004859018349665245,-0.18656589450935418,-0.22914869646955313,-0.2459560456279444,-0.25302238199374816,-0.2618621477590975,-0.2638427676159211,-0.2569231339188243,-0.26223548253757173,-0.2640092733458285,-0.2467247989299751,-0.2428629043360892,-0.22471030464714473,-0.2165678715308958,-0.22765518694833067,-0.22124022107740288,-0.18443262752011627,-0.19543990935046757,-0.20810315022303796,-0.11153374393567275,-0.08207282861962978,-0.02308443870662738,0.1100089245175805,0.1702542774004609,0.18373840282494786,0.32978613920794064,0.3858381388595723,0.39832234447357096,0.4701362859969471,0.5871013791601214,0.6160463493218679,0.6347551896691714,0.6471901453780373,0.6540101485004922
0,0,0,0,0,-0.0003181134407223088,0,0,0,0.004536447893788539,0,0,0,0,0,0,0,0,0,0,-0.1418044228784701,-0.1946924600016304,-0.18378846488179126,-0.18006328890651982,-0.16389491524773528,-0.1372562396772999,-0.1247541235880171,-0.11122252944341411,-0.09622739764106929,-0.10371636039871666,-0.10005776633229191,-0.08392651593253035,-0.0848182702388578,-0.06239190532449846,-0.0007057405773633887,0.023859090848483096,0.06387275120192178,0.13943579606259998,0.1415689683043915,0.21058007251708502,0.2900425506505279,0.36213400289260217,0.4112648656218207,0.4408406249828961,0.5477251314441176,0.577718686005404,0.6060668224499264,0.633047811204494,0.6405166805255039
0,0,0,0,0,0,0,0,0,0,0,0,0,0,0,0,-1.7997205247768013e+38,0.0029004907710376074,0.02426056581962351,0.03627886666131784,0.04274552045302957,-0.015252169860686044,-0.06050805907106823,-0.11408564359432617,-0.13193695914659495,-0.12811804807323152,-0.11750987116972851,-0.10363907197322403,-0.06815285858625919,-0.052972050919436124,-0.06269807214920164,-0.03269211965893088,-0.019354499927533336,-0.0012274779038809025,0.08182177782901429,0.12346728810229167,0.12888157726595093,0.2050180546443356,0.2504051136102655,0.2857474509755538,0.3449733157535096,0.3537738980764998,0.4035146291266806,0.4486051187023725,0.5321205783544041,0.5659692982227531,0.5870371353113779,0.6229872151494223,0.6347849918181332
0,0,0,0,0,0,0,0,0,0,0,0,0,0,0,0,0,0,0,0,0,0.03170431916968239,0.013608753791662724,-0.019159926944310218,-0.06295954028641865,-0.11453158555674328,-0.13271356898758105,-0.09076248360779375,-0.05196637016339008,-0.04756933738001081,-0.04198153133149702,0.04844382966393024,0.061759678202282106,0.08741203735508411,0.13074977137740498,0.18981095007726895,0.21371754483602634,0.28050474618866783,0.29035957247817884,0.29850589450696197,0.29797761465849876,0.3515480715379945,0.3743397618055981,0.41615080169164786,0.4743987765433843,0.4922931706985217,0.49821602656593966,0.5875388485325407,0.5795622401648972
0,0,0,0,0,0,0,0,0,0,0,-0.020977104201150763,-0.02412062847747421,-0.025577849270083036,-0.023129572822110953,-0.019902799864958114,-0.021077969631631777,-0.028190939584934998,-0.037041808669582024,-0.043268360264037936,-0.03542151800372925,-0.08588557394900695,-0.11315042230277246,-0.1425380720679169,-0.10838378382618405,-0.03224835562138504,0.029148156389198238,0.04781374871805252,0.10548353298157166,0.111620406963688,0.09958319101443286,0.13306572750314027,0.13577987596076369,0.14840009341985308,0.18248913465297933,0.24199045984515677,0.270697867932417,0.3107425606992791,0.3464599382864113,0.37788729120012793,0.37857522642185654,0.3831928397798316,0.39968424415465276,0.4399898103743672,0.476610354985222,0.4996197561791095,0.5148590275771915,0.5400252390778553,0.574042513838841
