jsons/1312527600.json
{"header": {"parameterUnit": "m", "parameterNumber": 3, "dx": 0.1, "dy": 0.5, "parameterNumberName": "Northward wave", "la1": 40.97354507446295, "la2": 16.46031188964855, "parameterCategory": 2, "lo2": 133.9931640625001, "nx": 191, "ny": 50, "refTime": "2011-08-05 8:00:00", "lo1": 114.97908020019554}, "data":
[rows 22 to 43 of 50, columns 50 to 99 of 191]
0,0,0,0,0,0,0,0,0,0,0,0,0,0,0,0,0,0,0.09196726062774212,-0.09108968157767842,-0.19558534669938663,-0.14910492874915138,-0.08910990167518186,-0.31136309285787944,-0.6870010886668446,-0.7723672743505168,-0.8213411967828733,-0.8844244674513133,-0.965465087961086,-1.0010160348548776,-1.0345866508928687,-1.0863735325407937,-1.105838264439702,-1.1231183478795033,-1.1381997582482077,-1.185958489670268,-1.2186837025630344,-1.2465890655642424,-1.289646395509623,-1.316898253358791,-1.3341647973431268,-1.3795525346951463,-1.3956459991142403,-1.414279924777697,-1.4401476694890876,-1.4580616743407113,-1.4743963329352412,-1.509087825562122,-1.52147996338956,-1.5406318676862578
0,0,0,0,0,0,0,0,0,0,0,0,0,0,0,-0.10159812657041431,0,0,0,0,-0.2930168258300645,-0.4931646605972577,-0.6839506819764235,-0.7670466281774774,-0.8077289739730403,-0.8930638872608968,-0.9304756162891689,-0.9507164634826545,-1.001238648964808,-1.0302265956613552,-1.0673141426588144,-1.1180086171288308,-1.1446802763405821,-1.1903279597401846,-1.2468034890284103,-1.3420058230904415,-1.3838723899584449,-1.4103530420695027,-1.4691151226539532,-1.4954265345640745,-1.5198285376425296,-1.5741352667914537,-1.6033418868114806,-1.632264386397775,-1.6836914751999161,-1.7092441056340075,-1.7416909537623944,-1.7870650780522261,-1.8120595448713628,-1.843615362701956
0,0,0,0,0,0,0,0,0,0,0,0,0,0,0,0,0,0,-0.43624913286001543,-0.6441037159816967,-0.769469240250404,-0.8707530392733143,-1.0156934821470505,-1.0617244082144934,-1.0861997776155738,-1.1375104439165669,-1.141288698296485,-1.1461868782386722,-1.1814991790594072,-1.1905714730414563,-1.2010999328147103,-1.2541256722793763,-1.2866913201534327,-1.33932695510225,-1.382678628988466,-1.460609601709209,-1.4886130567849494,-1.5220530197060123,-1.5810767250367102,-1.6153798636550474,-1.640174193790619,-1.7285398806732608,-1.782317198854282,-1.8364008774599103,-1.9198219891244297,-1.9473759313897403,-2.007421509565632,-2.0578528541852883,-2.0864404749459795,-2.150253176018215
0,0,0,0,0,0,0,0,0,0,0,0,0,0,0,-8.1454825486999445e+37,0.11697167965363892,-0.6222781953837232,-0.8397087854234486,-1.0617940374213282,-1.1310107941472423,-1.184078041330786,-1.2637681538059942,-1.295522688479648,-1.3005037527796803,-1.3557391772075813,-1.3640275840791274,-1.4118077624110725,-1.4590636834342285,-1.4688686322225513,-1.4927277476349985,-1.544599669343823,-1.5952885598080266,-1.6204312165066788,-1.643676640769653,-1.7189246325574623,-1.7546652947299999,-1.7883264917864785,-1.870549929689588,-1.9314652765047577,-1.9698232676401575,-2.0462989334057067,-2.0872753077358452,-2.135137180469948,-2.2075940153640645,-2.253512310298549,-2.3347723885543292,-2.429949858525565,-2.494347483084353,-2.5715720243289226
0,0,0,0,0,0,0,0,-0.19548751540702286,-0.34952343467681796,-0.4730492738593089,-0.5683156992116323,-0.7517167537765516,-0.86032343576862,-0.9740528444261469,-1.066844311687275,-1.2081152958235148,-1.2702893129563366,-1.3002765748228475,-1.3918685831797426,-1.4081138050673232,-1.4334299677529854,-1.499525552403365,-1.5275115686000018,-1.539085997848624,-1.5873935583987433,-1.609687872486845,-1.6111094107328476,-1.670610386677004,-1.6962308079342139,-1.7100724852097307,-1.7680042238478326,-1.8079036638978156,-1.84801547430164,-1.867020468022906,-1.9498478065989473,-1.9848363858509115,-2.0417693304288846,-2.1556385862449265,-2.214685569374562,-2.2645025588837617,-2.370756966672543,-2.4206208940003235,-2.4704674848748,-2.595387856821657,-2.6534771305384592,-2.7179099162847167,-2.8440087750365945,-2.895218387894184,-3.0194229983744796
0,0,0,0,0,0,0,-0.5713855961854991,-0.6918738044779095,-0.9142642527525828,-0.9861789773765132,-1.0559112349662487,-1.1602756716963383,-1.2010282958515575,-1.2330863197052873,-1.2626144751567179,-1.3260549803958788,-1.357089870204858,-1.392169324644413,-1.4458855069579668,-1.474675846683487,-1.4894016700451504,-1.5327263477468753,-1.5425399106643956,-1.5324782965462105,-1.5790462818712387,-1.594321496848225,-1.60629306068846,-1.653524235611663,-1.6873636974257957,-1.7190954817784039,-1.7974071295043805,-1.8378625451138093,-1.8581370820324288,-1.880338593850508,-1.9806335212240285,-2.033973026411963,-2.1058676538721284,-2.231996848891698,-2.274750470099296,-2.324426496567534,-2.416098014877532,-2.5105187616996143,-2.543066243302286,-2.63442092045791,-2.711335539310513,-2.8139708056076977,-2.9622999671851247,-3.0286814072219403,-3.1561106433537174
0,0,0.11629941582931162,-0.5844692488395631,-0.7133533777440414,-0.8170894348585255,-0.9935915661722216,-1.0433822756615947,-1.083140837471725,-1.1400078918951995,-1.1680362971080147,-1.1793534490930015,-1.2210564465372356,-1.2365781506985198,-1.2305917451601867,-1.2384216639901247,-1.2899318892488778,-1.3045486856783428,-1.3245438960760072,-1.3616032290665623,-1.352136607508082,-1.3727183753007548,-1.4143001880121944,-1.4251299893567726,-1.4348440158401277,-1.4742691199362634,-1.479770648474643,-1.4897758788716253,-1.5546016076225657,-1.5856180901094252,-1.6165437617085068,-1.701990014580323,-1.7251079180104765,-1.7684164597227208,-1.8287824018206695,-1.9305243023791865,-2.0198545126255927,-2.077418393041121,-2.195648450416085,-2.286887115503296,-2.338184747453536,-2.4720098572306335,-2.5566642798176007,-2.6248178870167225,-2.7823005607293534,-2.8832516837406885,-3.0124104619310876,-3.2125564552402084,-3.2891508099365354,-3.4698967140728447
-0.6399459078248734,-0.6932488444338534,-0.783447256211723,-0.9090635162929045,-0.9689004717065138,-1.0024504461948316,-1.0507464846444035,-1.233016472796393,-1.135887187838018,-1.1825583918691915,-1.203310008819341,-1.2141770982557014,-1.245512909829621,-1.2417394343515196,-1.254036744241434,-1.2795691689224657,-1.310429783060164,-1.2993435301003307,-1.3083445468392125,-1.3538657278916237,-1.3658774870746877,-1.3687801885356283,-1.4167955896013054,-1.4162644040349956,-1.4056660570012713,-1.4591105740481882,-1.4797564531631826,-1.4949664812903873,-1.5620632930680245,-1.5848532205916144,-1.6095664860734715,-1.7007733606645712,-1.7388863701451036,-1.779641938890345,-1.8171627285054537,-1.9266328939756596,-1.9623964236838662,-2.017972560159919,-2.1610380804376157,-2.2054596505289386,-2.240339905141696,-2.3409181165937634,-2.4108443562037865,-2.492525675948348,-2.6124463269029126,-2.687493662226768,-2.8006531075512613,-2.9771873032877263,-3.055125541546519,-3.250821060555242
-0.8658801142879545,-0.9188779544376575,-0.9953446007071097,-1.0942212914580174,-1.1202493741759265,-1.1376327526486483,-1.189749621985532,-1.2103798559004952,-1.2140518276833137,-1.2528497268167949,-1.2640264623257715,-1.262844447690341,-1.2908342544904223,-1.307302725575266,-1.3106995477970562,-1.3229324922844146,-1.3403602929119103,-1.3232443172651975,-1.3112871003009408,-1.3525098303178245,-1.3250457289688666,-1.344794038343637,-1.3641500205590285,-1.3726906600600688,-1.3484646315445088,-1.386170030967486,-1.4020460287586702,-1.410345898893593,-1.4558469191025296,-1.4668325721164726,-1.4623896086175334,-1.4988747325247813,-1.5205000578862262,-1.5476887602804552,-1.5558862219926561,-1.6450260653189155,-1.6400987427810085,-1.7151223151076442,-1.8091940738657757,-1.863015264410728,-1.9086873125740957,-2.033310274244149,-2.0866396787392567,-2.101507415288975,-2.2530344426399727,-2.306658196447393,-2.3514569222295028,-2.4650931408206653,-2.4841253871361575,-2.66600927007516
-0.8108257310613838,-0.8786304612302698,-0.9166437055413675,-0.9896455860225662,-1.003973986266036,-1.0179101486829025,-1.0447031787329706,-1.0534942973582617,-1.0521776671472491,-1.069234393228293,-1.0623094526289871,-1.0321711326938217,-1.0449482420413216,-1.0431238282756736,-1.04317980012072,-1.0407458182133822,-1.0546766058881514,-1.023288891368942,-1.018651567537639,-1.0568892379476251,-1.0275340534094255,-1.0018392186025142,-1.0217658623591834,-0.9876917179615807,-0.9703955976859878,-0.9824532867727491,-0.9731614584953144,-0.9641986242919155,-0.9906512711420955,-0.9847348913215414,-0.9240825600897495,-0.941840844141539,-0.9286695996776478,-0.8589673012623251,-0.8689964073996762,-0.9328938230022604,-0.8753442604291922,-0.8647213839061342,-0.9305651386534758,-0.9616044647339441,-0.9973883922252764,-1.0809752504582162,-1.1252794974165121,-1.174180746850758,-1.2388048795266424,-1.2570729956437399,-1.2582484031477368,-1.313459189439535,-1.3297384695405776,-1.347047684429805
-0.49014387055426356,-0.4478400554107195,-0.4315986889434058,-0.41017408149910695,-0.32617573203888367,-0.2743501028381802,-0.22615693906954507,-0.10994878015847208,0.03971503254014628,0.24381561139087907,0.3210145231131498,0,0,0,0,0,0,0,0,0,-0.5507347838561143,-0.41117108149397397,-0.34348689467907717,-0.24515053890807775,-0.13828806461634982,-0.11856119378244871,-0.0742962346248504,0.014451606226991673,0.056690399263751266,0.0882613492363176,0.197377220331446,0.13769234420626858,0.11119282250741938,-0.07553602101566882,-0.1161257763402941,-0.20236330990499415,-0.2958005298434179,-0.3939058552129129,-0.3939296745094963,-0.3673059350943717,-0.35706187851018484,-0.37262447866944703,-0.37500413992796594,-0.2840674544138317,-0.22405940240408292,-0.2459028903844227,-0.21525915184527175,-0.1902287218688531,-0.15038201128538783,-0.12195929929676773
0.0017863844797797116,0.044384989942913414,0.09347203790625946,0.11177294660959082,0.19674685408871373,0.22410599094100037,0.30656546110249006,0,0,0,0,0,0,0,0,0,0,0,0,-0.40624858304808315,-0.16700861696083438,-0.07738625955125729,-0.02811256766666837,0.0037290701968506986,0.07117761143089481,0.09761429527434487,0.13320743643544763,0.21941848879035267,0.2668586847784396,0.31420244031309263,0.3602574420202866,0.40928444579719475,0.4631754503358521,0.5100410173173225,0.5186097189977431,0.531031734547534,0.34236062955693725,0.40237894731563634,0.4515971921004125,0.36579809454836093,0.48057518758533346,1.0314476367947898,0.8023349440880134,-0.5613995592947919,-0.4835050200296447,0.004025819375921208,0.6023801964335684,0.8010027417437205,0.957368098728157,1.2031503578784173
0.21145885551793114,0.23979479785662772,0.2587273297516332,0.2996793632668205,0,0,0,0,0,0,0,0,0,0,0,0,0,-0.1525956266760798,-0.034224145232687166,0.017068131399206314,0.11680587762673582,0.15280107133250273,0.194929228061073,0.24333820899004202,0.2917652886669779,0.3521208636021165,0.38577178572550813,0.4549009226839006,0.5145903655775698,0.5661265524962408,0.6484959802697129,0.7039981323240518,0.7109940185622142,0.756039837339892,0.8091128886700422,0.9152941598237526,0.9351435280582922,0.927703517211105,0.9356401507514187,0.6802701927650308,0.6105653785732805,0.6016780418226892,0.5925790440454405,0.55082374116525,0.5808533064354843,0.5950914918359047,0.595281011029967,0.654493849802821,0.7165536219408102,0.8683725084245358
0.2576740394322287,0.34502471076967417,0,0,0,0,0,0,0,0,0,0,0,0,0,0,-0.10617595377400177,0.06308178424093328,0.14221744919324816,0.1886293232657679,0.24809381774020609,0.2790512219181372,0.3187879017384779,0.3548478385018676,0.4088005871692341,0.4467170395767853,0.4691794588251503,0.5240019071914117,0.5942938595432643,0.6222621015396697,0.6512577780447224,0.6837120179789306,0.6761724829554323,0.5781467954638195,0.5663177949942234,0.5636190575844882,0.46812462773509655,0.4578616826711377,0.46552877957837474,0.39535937433597423,0.40036922133223757,0.42519749922859285,0.4383608277212201,0.49685032593817974,0.563305569963239,0.6422231569065392,0.7461967009750218,0.8612021427967752,0.9608832711465702,1.1917973744656127
0.28177726849760715,0.371347004309051,0,0,0,0,0,0,0,0,0,0,0,0,-0.11295533302960961,0.012007641338492752,0.03286988325780755,0.11162163751229656,0.13959835611238106,0.16717548845146385,0.21661371577695787,0.23430271194630878,0.26055929828035906,0.2693057995426322,0.25870274660860987,0.2888953671052603,0.2873313782436992,0.2886392824491007,0.3038271422305338,0.3036439526895012,0.27023138663650226,0.2588897509546928,0.22081601903088327,0.17205423176440288,0.1422270609088498,0.12798238798433365,0.13939484262642007,0.15669844589841547,0.16929587472085378,0.2249761356775334,0.27978090503156217,0.37585245289542263,0.4183584076704341,0.5864806974331946,0.6887090523903483,0.7938348640757312,0.9409667937878324,1.0946434693798865,1.1708410036280288,1.441550563718243
0.2576855406478916,0.2920953696736683,0.31677778686742675,0.343035210007167,0.09745562577114779,0,0,0,0,0,0.16255516906544049,-0.21993408668394354,-0.1450340064918031,-0.11260564764928857,-0.06628504788980247,-0.05138901142332819,-0.0401742510050038,-0.015180871035880825,-0.0058288217909242745,-0.0017483472476209996,-0.0017571354467334258,0.00852080153129442,0.002413921363440302,0.001439551452979606,-0.03393054399303939,-0.0695510063121477,-0.0773496070627512,-0.0729868320050291,-0.09385051548126111,-0.11072732604312567,-0.16448170531158512,-0.1503330372339979,-0.14577902634691312,-0.12123956969003231,-0.11544933534340844,-0.06829958240274908,-0.005554883488209841,0.044051335796480275,0.06420367069456827,0.24656975362896122,0.3106514343405798,0.4397360486612832,0.48120658648478043,0.6057338639949155,0.7189769781722046,0.8000703500896279,0.9888035942091342,1.0510877016309566,1.1797882450090689,1.3605628067240985
0.2675830662960069,0.2778380682937611,0.2997040221535904,0.31576732732589596,0.3232354017358857,0.3565770799556074,0.38805075770256187,0.42386667324328037,0,-0.4288186425358199,-0.4069333105050067,-0.25078041395985423,-0.22888613796744875,-0.21121396830723618,-0.20413485562774858,-0.22327702224403564,-0.23772015206840366,-0.2632553851775914,-0.2832266688106892,-0.30355573868994107,-0.32258986392735767,-0.34090679849013455,-0.3655782122520081,-0.3893271789281505,-0.40718524667735967,-0.41843327511716,-0.4156920983084471,-0.3997592242264759,-0.4174757927376552,-0.3982554575992656,-0.3424404477619603,-0.309886950527951,-0.28436307674992306,-0.20384142628775112,-0.18681602452528356,-0.1361961954103243,-0.05607032591415946,0.023809551224718017,0.07529166266725214,0.2137320905787332,0.25387672492683766,0.3468640383040038,0.4314722430107103,0.56886280945667,0.6897895821420875,0.7528664001394588,0.9175547754894142,1.0159400557501659,1.1768097421711368,1.29611505754633
0.11875756491311838,0.033667582034527625,-0.009632165341037535,-0.036343523233247015,-0.13560351214868738,-0.16488144209922462,-0.20866941901599004,-0.23789040581557772,-0.2580335079353138,-0.2979847516380119,-0.3264165952380996,-0.36495571139392924,-0.3993906697590203,-0.41997470335759723,-0.45814800778132175,-0.48603723584669056,-0.5194927792410158,-0.5274678899951372,-0.5255307339835836,-0.5513584058893328,-0.5391061852436669,-0.5231368934233696,-0.5397476867394654,-0.5331478334752642,-0.5022452994350689,-0.5007576786271788,-0.5010142358004971,-0.4827751556746418,-0.4826174830778243,-0.4562848260527971,-0.400925864744503,-0.3789865367306222,-0.33860638985688163,-0.26474988371342,-0.2005764393327009,-0.17208546817665937,-0.0525712224040453,0.009287613954268607,0.070855239375102,0.192135172176063,0.28813323722149675,0.36368544088759464,0.3909232303569693,0.5029811944600697,0.5670754465530046,0.6489126276241741,0.7516442276844244,0.8486285330656269,0.9478596496979983,1.0778335960970549
-0.22247015316262106,-0.2514178526539455,-0.2791760955167308,-0.3375428786315603,-0.33614213565723977,-0.3727206557341284,-0.45458131138621116,-0.4658044974282289,-0.5147479693209367,-0.5581703137716709,-0.5772638717609195,-0.6067354336263201,-0.6445632941191372,-0.6538882506334541,-0.6475781975643464,-0.6551080421100702,-0.6560389693238837,-0.6377945100917919,-0.6107805231899006,-0.6006262964235339,-0.5742227909787168,-0.5582862591775677,-0.564608833773053,-0.5562082051361709,-0.5329542636885455,-0.5373635976332349,-0.5293454765834821,-0.5018758944067576,-0.5158350622598741,-0.47010971177093835,-0.40672314784694313,-0.3738465315014207,-0.32355499752318506,-0.22890895837976993,-0.17882595580331612,-0.10851916185501075,-0.02569445221190327,0.03950521830241088,0.06669411485648358,0.1806989760400734,0.2127862416860169,0.2533034711645093,0.32952188894818063,0.4266903732326032,0.4975935140267278,0.538906917561092,0.6437356111321879,0.7048396265453106,0.7527963619906933,0.8275649858729583
-0.4418615489022407,-0.4768420415839773,-0.49592946515511077,-0.5468442539666633,-0.5843108929745316,-0.6140519287687247,-0.638456837843934,-0.6676874698691438,-0.6801487160898733,-0.706068806355934,-0.707146327691598,-0.6947653165023129,-0.7174548276874083,-0.6996225608532688,-0.6725060404638743,-0.6624736614217291,-0.6520639900150609,-0.63166261638496,-0.6224167697583824,-0.6224688224378385,-0.6050284213773423,-0.5955700039573176,-0.6021600018888676,-0.598125551781146,-0.5586311004249556,-0.56661385135944,-0.5392678571110925,-0.48760170994361934,-0.4634636348675697,-0.414627324557362,-0.35051620839669173,-0.29433173146316455,-0.2706735554461533,-0.18656793770345778,-0.13328118204467684,-0.08751393755635573,-0.030071950804130214,0.033596977022357206,0.07390586624767406,0.18192852868833476,0.21413496771020227,0.24564239260998297,0.2885972900915405,0.35308227206354337,0.39992078444728474,0.4449723857222809,0.5393695216201624,0.5938794600162858,0.6064647334624196,0.7147101587538375
-0.5797781593917085,-0.617619535467534,-0.631937860130734,-0.6689022784437134,-0.6681640248522409,-0.6792972746692945,-0.704594784350382,-0.7031685623639575,-0.690986270556632,-0.7039619514664988,-0.6900496689990716,-0.6579428457535466,-0.6647080417405585,-0.6588009613591556,-0.6319038918857706,-0.632708341612811,-0.644778039453093,-0.635044722659932,-0.6294251501634806,-0.6367514511777992,-0.6188379548429664,-0.6068739565748188,-0.5987727306475669,-0.5965932339467671,-0.539984331073294,-0.5193497045463656,-0.5005909080268058,-0.4427475789832116,-0.4138507765994621,-0.3723412665537066,-0.3132430007589677,-0.2790572514600269,-0.2377242521044927,-0.16395789059140978,-0.11030411099595297,-0.10196864750145097,-0.037304301654329776,0.003113847149158359,0.061495509363391966,0.10492246895423257,0.14772703517856547,0.18385139425573982,0.23483628413307467,0.300373132843589,0.3370149596896622,0.3832766389822969,0.45838065478028034,0.48346041071726437,0.5315140862895044,0.6036511502877066
-0.6529099802807403,-0.6594103122372319,-0.650315017090562,-0.6725896658655358,-0.6628801100978413,-0.6540744301249045,-0.6734692767229955,-0.6767244668127026,-0.6481020536387256,-0.654733542741152,-0.6581231972587813,-0.6443676558414448,-0.6618478376100485,-0.6607302470016007,-0.6507373817289903,-0.6568773445278288,-0.6716466274650944,-0.6545890260833912,-0.6511940399707399,-0.649137878651133,-0.6290342411942081,-0.6334798064940277,-0.6124926227301883,-0.5668796966436492,-0.5185515870770523,-0.5013723801240805,-0.4705882513585006,-0.3902212113193399,-0.3778244363427898,-0.35180702476578585,-0.28239564098589515,-0.26320485989920067,-0.23316158429812014,-0.17545829170827643,-0.16472811081464053,-0.14478068136324576,-0.11064114666469331,-0.08948515279807613,-0.05076352503853866,0.02074404686997975,0.05587797790774916,0.11045913221772517,0.12918407693501177,0.19660982562419665,0.23407483185272085,0.27527304870983016,0.3470657555885385,0.37886322032525294,0.3866978327457957,0.4670543305758373
