jsons/1312754400.json
{"header": {"parameterUnit": "m", "parameterNumber": 2, "dx": 0.1, "dy": 0.5, "parameterNumberName": "Eastward wave", "la1": 40.97354507446295, "la2": 16.46031188964855, "parameterCategory": 2, "lo2": 133.9931640625001, "nx": 191, "ny": 50, "refTime": "2011-08-05 8:00:00", "lo1": 114.97908020019554}, "data":
[rows 0 to 21 of 50, columns 98 to 146 of 191]
0,0,0,0,0,0,0,0,0,0,0,0,0,0,0,0,0,0,0,0,0,0,0,0,0,0,0,0,0,0,0,0,0,0,0,0,0,0,0,0,0,0,0,0,0,0,0,0,0
0,0,0,0,0,0,0,0,0,0,0,0,0,0,0,0,0,0,0,0,0,0,0,0,0,0,0,0,0,0,0,0,0,0,0,0,0,0,0,0,0,0,0,0,0,0,0,0,0
0,0,0,0,0,0,0,0,0,0,0,0,0,0,0,0,0,0,0,0,0,0,0,0,0,0,0,0,0,0,0,0,0,0,0,0,0,0,0,0,0,0,0,0,0,0,0,0,0
0.6544737390809912,0.5387053598429525,0.48241383505715185,0.31220763407539265,0.5457276984209221,0.5673940502742825,0.1203342518584679,0,0,0,0,0,0,0,0,0,0,0,0,0,0,0,0,0,0,0,0,0,0,0,0,0,0,0,0,0,0,0,0,0,0,0,0,0,0,0,0,0,0
1.041280711462518,0.8077326796477916,0.5485009938612045,0.6498219523299048,0.5762696820370665,0,0,0,0,0,0,0,0,0,0,0,0,0,0,0,0,0,0,0,0,0,0,0,0,0,0,0,0,0,0,0,0,0,0,0,0,0,0,0,0,0,0,0,0
1.8344772026791651,1.4001994599358831,0,0,0,0,0,0,0,0,0,0,0,0,0,0,0,0,0,0,0,0,0,0,0,0,0,0,0,0,0,0,0,0,0,0,0,0,0,0,0,0,0,0,0,0,0,0,0
3.4970666920900846,3.228774195618577,2.9555473635263483,1.8746638886085465,1.6910601719868066,0,0,0,0,0,1.0924012026694268,0,0,0,0,0,0,0,0,0,0,0,0,0,0,0,0,0,0,0,0,0,0,0,0,0,0,0,0,0,0,0,0,0,0,0,0,0,0
5.521988197304362,5.426113942805642,5.203424538483296,4.878030829419039,4.746621639561775,4.399387664138318,3.9336379083989885,3.661926121247462,3.5739472856432872,3.1959868016926936,3.049380492311633,2.966403109771789,2.717112988723864,2.6451266098895565,2.4676141190726346,2.3680738341616268,2.253081853116321,1.9947039324838172,1.4724589904668002,0,0,0,0,0,0,0,0,0,0,0,0,0,0,0,0,0,0,0,0,0,0,0,0,0,0,0,0,0,0
6.646720096412422,6.593762650852371,6.44940749897547,6.147184070041503,6.056034298193108,5.825131192213228,5.363892680510598,5.280336265634394,4.974601759348943,4.59096398437378,4.333567719802333,4.245191321988257,3.827655164525375,3.487256302594332,3.178975527414153,2.0320306217895028,1.4926363351443743,-1.2207050835572024,-0.057282965613668885,-0.7568931675421188,0.37433401107273634,0,0,0,0,0,0,0,0,0,0,0,0,0,0,0,0,0,0,0,0,0,0,0,0,0,0,0,0
7.283887768999196,7.2433912538483245,7.146655787226938,6.834063692994983,6.685815268268709,6.489388165719436,6.00683060837281,5.795614605146733,5.630850288676008,5.257480807812463,4.93992637205243,4.7644580200690285,4.106813488084219,3.719706699296197,3.4991999414736625,3.1427832497482573,2.9241643783367195,2.713531673815134,0,0,0,0,0,0,0,0,0,0,0,0,0,0,0,0,0,0,0,0,0,0,0,0,0,0,0,0,0,0,0
7.086248632360926,7.068391965956553,6.960216433251349,6.690228197340479,6.56751868460656,6.378494148092433,6.057147031058839,5.769476229763931,5.590473979862126,5.081177527250795,4.914390217270783,4.571934427843673,4.104523888212579,3.8919568066305597,3.5893147816939237,3.1255856131720496,2.8970518770347384,2.6359133233108025,1.879820426496617,0.42309025398975164,0,0,0,0,0,0,0,0,0,0,0,0,0,0,0,0,0,0,0,0,0,0,0,0,0,0,0,0,0
6.34656986243458,6.303504936134696,6.216711644062738,5.996419227928755,5.9286491462646085,5.83593880716916,5.487235249429252,5.306302315618277,5.061531235197535,4.5616082909574684,4.297543567974876,4.032204697200688,3.6749376430417944,3.5145434799245403,3.267732981018993,2.8831426944180016,2.473179954501406,-2.507403967298971,0,0,0,0,0,0,0,0,0,0,0,0,0,0,0,0,0,0,0,0,0,0,0,0,0,0,0,0,0,0,0
5.075216559552502,5.04381698207969,4.988377620903703,4.842987593753635,4.748382144516259,4.608555944767195,4.393968867710707,4.216358513366882,4.06107635696451,3.6784982705325264,3.470791303418462,3.3904802530982816,3.293904572653246,3.2789616687386522,3.030417824606693,2.31456216535467,2.0405610710518856,1.6418862539710175,0,0,0,0,0,0,0,0,0,0,0,0,0,0,0,0,0,0,0,0,0,0,0,0,0,0,0,0,0,0,0
4.311674648950529,4.307356580454049,4.304042728979701,4.249292735813323,4.217479630495244,4.126678737405088,3.98440780148384,3.888947396978591,3.801339718091143,3.624348441076177,3.477542911779833,3.396656467478419,3.196973901915326,3.1316563617106405,2.9984983419479447,2.621782806318269,2.2874001484979023,2.1848469566762203,2.280389963272292,2.495195691218822,2.4531691766689137,2.4458053161093893,2.419977858963909,2.4024555476406735,2.3414102717009944,2.3550909835453355,2.3748507942834167,2.27768244592267,2.3195346923235403,2.360480472874675,2.360118781762851,2.38547558514403,2.408785850855953,2.472354541826917,2.483748683952449,2.4980655553222975,2.444054161715304,2.39233847888276,2.3766498234485947,2.3143620782349976,0,0,0,0,0,0,0,0,0
3.723106745056585,3.7449238191580423,3.7362799443425447,3.7455050880338776,3.7321171796040638,3.7084880211470654,3.6572223352643456,3.6096935576627343,3.551617594814747,3.4175060934302195,3.37327047407369,3.2781788102643903,3.1138381788498224,3.049616780118835,2.899754951622307,2.710140251733443,2.6547250745970405,2.5402091813176417,2.4422601307289145,2.4407131839227474,2.5028340316859077,2.4860690575173425,2.5206825715040004,2.6286977887461234,2.631851006335081,2.6557204283235865,2.6593252582191966,2.660589614626666,2.6772751217445165,2.6732181260863364,2.651088091302064,2.6309172913760843,2.61916688365541,2.6060846585040975,2.549579829682043,2.527943260044653,2.481460937412629,2.4563164580664494,2.403709035974953,2.3579032766744175,2.328293751622606,2.272368697446724,2.208060138802767,2.1685898152635765,2.073613769706683,1.8887690080764359,1.7886039897838537,1.7294144817223671,0
3.375375532266044,3.412449811115519,3.4103514267766295,3.430475350544868,3.4332944336361786,3.4015908229230294,3.340765380115297,3.3225675434489714,3.253819412242607,3.1581853849788804,3.098608860763977,3.0454300685925055,2.8737847492812865,2.704112703678027,2.017054713477316,2.0051067826249693,-0.6720605417099628,-0.6073546412657667,-0.1340384693695907,0.4166882496331464,1.302464644593585,1.5274961019681266,2.325888192719352,2.5455100763709497,2.6012048952528777,2.6219785877600423,2.598227091315325,2.5799662765477995,2.524937201905442,2.502716696086556,2.491462457329507,2.440181503946819,2.3918578643249178,2.387322483125551,2.3843309799316375,2.3404669127411637,2.2863829920848646,2.273777878619229,2.273263854094423,2.2407854468413926,2.1908925172951035,2.142730595506719,2.0895934295065435,2.0508949102999017,1.934925224097758,1.8217250589369463,1.7544603150079372,1.5015484799145582,1.2742690090336553
2.649102096479086,2.7133048542630087,2.7197417641832202,2.6958156390438486,2.6959438378648977,2.670400994822546,2.6901059708466386,2.6904489423995486,2.700242999740051,2.703012178950715,2.7341648370900486,2.7397391628740744,2.7324554569792308,2.7248409838767236,2.7156103978008055,2.673378939226321,2.700574161465178,2.7110756930110433,2.713126338524269,2.6958487017873,2.652848215003569,2.6097805725892846,2.5454632230279644,2.495588637032321,2.474541736663152,2.373505268944574,2.3596333161537486,2.322339674008742,2.294503063859752,2.2808764533958974,2.262333932932373,2.2373560973588673,2.2142466713947813,2.204529445568309,2.1530366790452806,2.140275965625012,2.1197508458964744,2.1007887134355583,2.070277912378809,2.040666786231027,2.030907033104949,2.0081453776140927,1.9797844001469291,1.9583557104253502,1.9228414898995063,1.8650611651131372,1.7899645535631528,1.7496924976764932,1.6340069724283566
2.0680753363466153,2.162990325476626,2.1797277650388533,2.191573507380612,2.2160750369551705,2.1933576163530497,2.178409582434911,2.177744437706396,2.195792269736611,2.1954608199995436,2.2046696134627326,2.205320623414437,2.213809525382023,2.233565603919118,2.2279761936643663,2.237337392172402,2.2514487149054343,2.2462926575874738,2.25894307710212,2.255626195205305,2.248409344432328,2.24383927788132,2.2021361733462133,2.1709697493054723,2.136246390326703,2.090182863134174,2.068174672981645,2.058412590011346,2.0364136795959142,2.0124545919624532,2.0001939168591907,1.9890907517878988,1.9769755474339457,1.949353395467391,1.9506724804766642,1.9455423316419291,1.937585846064768,1.921681435936152,1.9106744826862447,1.8879372788413662,1.8808385002970458,1.8619712969007904,1.8558527695050984,1.8476457445143208,1.8197210898877092,1.7913925702466165,1.7736043943327189,1.7405963060787442,1.713040754886521
1.2834403251654043,1.5008597339619376,1.544755705870036,1.6078960788992467,1.6552865600941815,1.6769225250764128,1.6780279868681591,1.7394782929756734,1.7704164773557116,1.7416648901473897,1.81147671544287,1.8209550612508576,1.8337473488319482,1.8359848920397444,1.8445762424029224,1.882237478056523,1.9063274533349037,1.9104638993360012,1.9329663197911404,1.9521771369212455,1.956548093937953,1.9638953376376211,1.9396258127682304,1.9421473017693587,1.9265181853635127,1.899907371612248,1.890917763270428,1.8830948810256511,1.8843199459995759,1.882464760391902,1.8710185080333288,1.8697038199087785,1.8660167404961645,1.869242309172709,1.8622945735927467,1.8444892311252505,1.8293751230495747,1.8380636170095714,1.824423561804369,1.794892729604099,1.783046016572008,1.7694791537248395,1.7471290442590246,1.7358237406369588,1.7096961828997181,1.6896383456230948,1.6788290353322628,1.6599473149203372,1.6279346199645026
0.7956197827572676,1.121437499245029,1.2373741501999933,1.3243590848239277,1.4266023250485602,1.4312366742503013,1.4573423080842276,1.5263244798555171,1.5508886346026125,1.5823723867505264,1.615886761711934,1.626752517880628,1.6183801644946403,1.6444557878755832,1.6739192861172807,1.6891852217992287,1.7004344411122714,1.7207486314638571,1.7487807451373452,1.7530343302480194,1.7728310938942435,1.7879619366766626,1.792646864921988,1.8093350610280445,1.7960343806884556,1.8199099021111262,1.8160206822504459,1.8197165829188495,1.8220301603695526,1.8228881677025448,1.8167042838538376,1.7991606021533075,1.79132125477281,1.7822207856017804,1.7882759326257545,1.7786278938261746,1.7697401331288651,1.7614389976868183,1.7554134699008785,1.74755920176224,1.742737331399371,1.7331963749341674,1.722572470369211,1.7155690871300848,1.6907745783628239,1.6643733516872254,1.6507439413024247,1.629227677403881,1.6140741774013945
0.7654855327054393,1.004880784617385,1.1704768746719805,1.3008995623802615,1.4417809119605194,1.4985919904649911,1.5217724198110973,1.567634220701275,1.5752005453527427,1.574024039022632,1.595436780398171,1.599842656335607,1.6092119667985108,1.6146053983775934,1.6210299654978648,1.6353880145068778,1.6425893164787306,1.6363020743309322,1.6741886864148172,1.694988852051183,1.708057444146508,1.710395959169978,1.7304010063486015,1.7387253536271758,1.740481661274982,1.7533414526573738,1.767483782793719,1.7685377549716574,1.7773465481292188,1.7757546839852296,1.7670371390459951,1.7590475917267212,1.7547871129713022,1.7504504214944498,1.7353032734016771,1.7203530061194527,1.7215243033962258,1.7155320281248188,1.7087501813816062,1.6994279143703057,1.6977802382927252,1.695557150407786,1.6686114312692313,1.660747580518768,1.6562947868001225,1.6511722654763812,1.6566663657795317,1.6446034161954106,1.628209996190986
0.6704087674106303,1.0624556372403262,1.1942601764943601,1.3234155931624618,1.3903473670112685,1.437202296379277,1.4652208309930903,1.5633440930948588,1.5476887251115488,1.5605954412710783,1.5573283481664812,1.5662308875133362,1.5832468071566497,1.5962607576916201,1.607134391976073,1.6174508286787175,1.6204916980846136,1.626421259937619,1.6690817376223488,1.6829295552174222,1.671977579638392,1.6810648722200137,1.6937572383518813,1.7195563988046016,1.709497669286713,1.710379662471751,1.7045589907645458,1.7019923436726183,1.7145066440061254,1.722599414956208,1.7248379606778452,1.7161979849511473,1.708675627539732,1.6978332881910925,1.7035510348731286,1.7004138124770019,1.6911336238025396,1.6936969699744104,1.6874572605733116,1.6914414660984827,1.6755030516903868,1.6537618939768919,1.6375157929996353,1.6322766425517374,1.6291258716671422,1.6209987466389757,1.6183348948569336,1.6034752670756647,1.5936047337928125
