jsons/1312783200.json
{"header": {"parameterUnit": "m", "parameterNumber": 2, "dx": 0.1, "dy": 0.5, "parameterNumberName": "Eastward wave", "la1": 40.97354507446295, "la2": 16.46031188964855, "parameterCategory": 2, "lo2": 133.9931640625001, "nx": 191, "ny": 50, "refTime": "2011-08-05 8:00:00", "lo1": 114.97908020019554}, "data":
[rows 22 to 43 of 50, columns 98 to 146 of 191]
0.5916364897693214,0.5428170698699243,0.6617516500883774,0.7875265687401226,0.9707412074238245,1.0113859894921517,1.0374362626901927,1.085543527298044,1.111180344247726,1.1505635394874032,1.1713375463832663,1.1682344655680885,1.1767026041441797,1.177794943789345,1.1952199686355995,1.2102977757470978,1.2141125009852625,1.224895424235181,1.234479401480313,1.2392038218970005,1.2544508485425496,1.2534013743833485,1.260106412196845,1.2898814543659698,1.293342984950004,1.304655314214569,1.3044804273400576,1.3015778581394888,1.3049307205975698,1.3097229965236568,1.2992793994668184,1.3165518920587613,1.3191753955975973,1.3012580212116427,1.2935535930278166,1.2892702572002956,1.2849723916248832,1.2908288212772423,1.2819083980364816,1.2512568493262732,1.2395614765058893,1.2370990257522987,1.2122751477138638,1.206269228094567,1.202258600993002,1.1716218428884613,1.161453313341293,1.1670075910224738,1.1712840027678493
0.375111983837927,0.40252930082434646,0.3999784249827807,0.5130471134883807,0.7962701297748165,0.840851458895149,0.8940724076670181,0.9426024202658441,0.9856338284313386,1.013242516530393,1.0570781363498754,1.0743514109379104,1.0929408910215828,1.1138310283663384,1.1324201345698774,1.1548357281568142,1.1664273881388123,1.1821112195637535,1.1821345389721551,1.1857990829042275,1.2108355464633007,1.2226961127535747,1.2274495350536117,1.2429457515916738,1.2165865173941925,1.223111270807164,1.2438263253093864,1.2466507725943237,1.2638669458325478,1.2714626543486198,1.2615974065366284,1.272731293925079,1.2761687265035964,1.264255841470936,1.270858986353524,1.2652839728263845,1.2152798440828438,1.246919225848359,1.2294511785680144,1.161151125009083,1.1416963691417101,1.1341701573834924,1.0837725525170316,1.0586913433710063,1.0547611234698633,1.0454037880511384,1.0176158961066681,1.002777869156055,0.993555357585634
-0.8422292959841432,0.6718758155341562,0.563697248833672,0.3076563322627226,0.45290525548362637,0.5052290144302976,0.598449771168759,0.7265771304924603,0.7957519884505535,0.8315253863704019,0.9172849710158717,0.9443480875444443,0.9733680115617244,0.97431686196789,0.9976681617514201,1.0166543579853973,1.0369731066192356,1.0531371032639567,1.081242974518533,1.0878028652336609,1.098055557693122,1.0992178969086293,1.1073266616073736,1.1190488081659185,1.124327791965532,1.1378114520547356,1.1395638563106296,1.1627317365311622,1.1844870423780447,1.1832274946614971,1.1675763149905827,1.1584827995716842,1.1685408918128843,1.1543690477330348,1.1552392778692009,1.1364593112732344,1.0749986408295635,1.0426919549151787,1.024087382974292,0.9363880850821334,0.9022369939563816,0.8605513290553858,0.7777555704761034,0.7354913275279101,0.7166387298877333,0.6741711080789752,0.6981778404343847,0.6856125342630215,0.6996624265293607
0.9102631397665042,0.8065756388476314,0.37898513684424723,0.29505762411821185,0.2898231508279566,0.33098509671748383,0.38481137586723907,0.4677435644945007,0.5435452404458716,0.5780465884975847,0.7249140944691873,0.7573440328259515,0.7589292388436114,0.8188572787654294,0.8557127975411183,0.924425873557565,0.9229535882499702,0.9426575584155013,0.9434763680144393,0.9450309149167034,0.9706684680155252,0.9841635512356379,1.008247254712895,0.9896329936637506,0.9996065360571694,1.022843444687978,1.0104683064959856,1.009619972870073,0.9936377075888178,0.9839229105559668,0.9487153959086102,0.9497390294292998,0.953101608486409,0.9036873706254688,0.9155137205724081,0.905195442521289,0.934011093281847,0.9194717024144741,0.8680629874544957,0.7671775000819315,0.7306859251035871,0.6909454988258169,0.48342097106401694,0.9199516992890672,-0.2863525920135189,-0.658379820458115,-0.6491056662684643,-0.7409056137106839,-0.7275688825125892
-1.1050228737320051,0.6042285830460575,0.6466158968733503,0.13614740681230744,0.15665874328947438,0.19198884400230107,0.2175642165164078,0.22373163212059416,0.26257928031992983,0.2961057326188849,0.4256928842354544,0.4736687433560962,0.5492853403692836,0.5853038029586817,0.6463611462268463,0.6821615201388116,0.716566380547613,0.7621157155375723,0.7927655031580098,0.8160539451788271,0.8975095713624897,0.9040648408883971,0.9331411336316152,0.9419666401992831,0.9242605139574979,0.9189218755706501,0.8722924182793391,0.8767972780579973,0.8815309157863542,0.8826617456751963,0.8546169839821082,0.8472306961608168,0.8395742780059344,0.7959688105405447,0.7720551294216976,0.7411789139925848,0.6503654950254525,0.5937412152317488,0.5329634375266311,0.44505346900586673,0.6559255427623123,0.656495718566746,0.8294189673587168,0.6295715162295624,0.5801498278195751,0.691227509128359,0.7520297087745742,0.7095499693291003,0.8312260897237294
-0.12771868871046016,-0.033620803004048544,0.16722940444676007,0.6639815482599184,0.3037008437873752,0.12211103664291358,0.15041162631578767,0.19212281629440783,0.22279700394799432,0.26480350917173356,0.3376425999169379,0.37543553354713455,0.437856909243349,0.4861332420936426,0.5631279590941162,0.583421288179707,0.6071331174124505,0.676932205215144,0.6832607848397496,0.7102727587877732,0.7121851460600567,0.7110132810575194,0.7165661816995429,0.7222615470583503,0.7179900923208995,0.7031482002835282,0.7317983263130308,0.6897911719924541,0.6712640615420485,0.6771792238883558,0.676535681218535,0.683160021109287,0.7206942082656792,0.7004194737568636,0.6900350352193809,0.675196173675512,0.628990750202669,0.6598407247239272,0.6599840805514348,0.6682545638611228,0.6651324271483489,0.6595701829187012,0.640539619087121,0.6311526272441933,0.6436946685768594,0.6842913525634493,0.7057248424557695,0.7334993379480267,0.7355178512342891
-0.6207196695754027,0.01867521024036316,-1.0792221929726113,0.6467732637334497,0.28803756351910337,0.3062318855290664,0.264275344399135,0.20845297721748893,0.2611636076777458,0.27028602798558415,0.27816914403295556,0.35863887162025176,0.39615812408933543,0.45260976910856415,0.5095147966202228,0.5192892579727207,0.5566341595427771,0.577126544018596,0.6049534541462528,0.5984484900372053,0.5849857884569435,0.5510400204003238,0.5203833081035479,0.4732869250440403,0.4381301919099909,0.41728996391027123,0.38870906621979623,0.37899298494999767,0.352295375361718,0.271049855711506,0.22951503898723094,0.9861219298231823,-0.28749540363702053,-1.15673171407696,0.4631781098552648,0.8822377137245512,0.9799501036271121,0.5323881445775203,0.3995873106126738,0.35884874242302633,0.32693119543094484,0.3697059178561693,0.3988133117825129,0.4103796192120414,0.4184865002598268,0.44610080437559374,0.4417330349904384,0.4268333223709315,0.41497472394215457
0.3243664247822392,0.3035791887027928,0.6036907785805501,1.0727868072878575,0.6829055235073488,0.398853580524678,0.27370489778447044,0.09744687882811817,0.15603665351219687,0.2040048447096129,0.26512240064453646,0.2947919841426148,0.3309654825901029,0.3521677609047882,0.38566068032657536,0.42305960323680963,0.4455483927262977,0.47255113873770743,0.47292855884630836,0.44281330606742536,0.4396752224716632,0.4333519007438321,0.4222611236956906,0.4040188074713188,0.34214316647861687,0.28355018595504355,0.440488725532205,1.0688865458817272,-0.5461584388957842,-0.43548636048461975,-0.9113579607136165,0.2304450218589115,0.5737866791503439,0.7420231435167319,0.801521100002804,0.8398351047310718,0.88366067552436,0.9325540744726547,0.9888497870907084,1.0081245579479483,1.0417090814821959,1.0735095272394286,0.8454318610226159,0.6765650093023236,0.6507735158092617,0.541038130478703,0.44262653409927677,0.4455950615479136,0.4145748794342202
-1.0916375191544414,1.0785782962570512,-0.5481427653914176,0.42291771375718773,0.31134005201355436,0.19578298427066826,0.03061404942442882,0.10466252912766795,0.13518643568606947,0.16142942549295444,0.22533438207840972,0.23438193846274713,0.2337960325845659,0.2506048074910665,0.2992773955798277,0.3423658958935481,0.36452215109160235,0.40955736461407594,0.420853232957257,0.42379186467811275,0.39992117469576527,0.4006659201056245,0.40304403103414993,0.4113077841863393,0.3952496701445439,0.3938835682477942,0.35971868232219256,0.34925954757287014,0.43328874314241533,0.4667162133210085,0.6086805201859234,0.7325843720060246,0.8598780904136206,0.9979883922368353,0.9611747887237765,0.9570289655317318,0.9691377544193439,0.9514853992012312,0.9590445776540995,0.9393579138272404,0.9487967827038744,0.9459020824761937,0.945265106322517,0.9176427350571075,0.9193946998666417,0.857448661575191,0.8433644778115065,0.8375338346758142,0.7765871042986181
-0.14681131042072762,-0.11897709099008205,-0.12072565612549112,-0.123820046659978,-0.17222649183300717,-0.25631295977006313,-0.40288802695347325,0.031118379136997026,0.910600758417383,0.5619544505589193,0.1298225709184362,0.14358463346857295,0.16992791827282883,0.18306691219562155,0.25778865766502534,0.2568982751847084,0.25039679993129016,0.28233268732379496,0.27220834576518077,0.2658723486863061,0.29142876554277913,0.2932082771270681,0.28503515104219446,0.29826759417040566,0.31011856164003115,0.3296058251616186,0.3115359456364091,0.31176539442604395,0.3034075949058609,0.29572148381971,0.27652882314859245,0.2594016718788542,0.2612591189178315,0.25742918895971484,0.2787194363116897,0.30193616830540215,0.35045647482386266,0.4086463389997669,0.41647481378091017,0.4944042427456246,0.5073126307348312,0.4730734585268048,0.5740591603795209,0.5676419373118228,0.5887804927595055,0.6468160188873271,0.6370490278731866,0.6820098393876791,0.6770902670271426
-0.29763586886471416,-0.20384248742396557,-0.1494520515117334,-0.16414964166955892,-0.5839992125412244,-0.829159857226907,-0.9781224826957242,-0.5144927271190776,-0.3535375977993029,-0.1075057254120411,1.0284943406287157,1.027513992254471,0.5648390533586757,0.1902757463314827,0.10509534190998561,0.13071594786531476,0.13055698550794623,0.12519406456501106,0.11817564296359882,0.1398789605085722,0.1932607153288138,0.20680746824677537,0.20591778589582596,0.177725100168154,0.1798322406359911,0.19931970140114333,0.1896345329053275,0.18530124413927423,0.16408277481668293,0.21766865610111846,0.5179338095531361,0.8709392716545357,1.2864354119687043,-1.168285996062592,-0.7685881668825966,-0.4551209164658708,-0.9082899516659227,-0.589722590962144,0.46490865105021284,-0.5391266272429396,-0.171772796255128,0.294165763988973,0.8725992455122523,1.1770956206782661,1.0183909291855588,0.6653766380955297,0.5611805813562073,0.3483441697470477,0.2041857217487494
-0.4688949180950453,-0.2486895898571483,-0.2047528560323547,-0.31601850785537566,0.3600596892464707,0.9659010988684134,0.3654079961762095,0.35054387707886603,1.0184484700333758,0.7105655273034813,1.1342750334459077,1.0449615555699088,0.9179957750368433,0.5389510189268294,-1.079642204546066,-1.106648711027908,-1.1161359427428204,0.8073922973129063,0.6543117037259394,0.4920430867804394,0.3479535776737538,0.2128510894159025,0.13508351198562926,0.12401818286107713,0.10947735402272335,0.1004428804898067,0.26661986447176267,0.6273531721837948,0.21063235466572716,-0.15978556509980624,-0.831144462947398,-0.12902008570217297,-0.2492898718936741,-0.1359795579663101,-0.13789522791084763,-0.1424487694731866,-0.12783460749894418,-0.13135871406524224,-0.14344777468939882,-0.14419003830151772,-0.1307811401777707,-0.1275911013629291,-0.4517582584362439,-0.8550277382781524,-0.726416601373217,-1.3567511690421847,0.6926234103300514,1.1609905986889535,0.45473355984302993
-0.8187041097505472,-0.6803685089581739,-0.6138268899255308,-0.5179981053965838,-0.3688388167528723,-0.2755012082320331,-0.2371674079801633,-0.15960382259040182,-0.12061094920246698,-0.13516896963544725,-0.17764029840073403,-0.191049400924694,-0.18813723046122924,-0.17566390373373955,-0.19881535904519804,-0.20206241762771882,-0.2154976894739773,-0.19500986857635044,-0.17162156704947307,-0.16473084326141899,-0.32576406390483326,-0.5106813705294393,-0.5485657319913237,-0.8501589740342155,-1.025599731109782,-1.2161113796051586,0.9076146851353135,-0.5202494076205448,-1.2209833902802374,-0.8151186625871235,-0.37414976039010345,-0.24467398980458513,-0.13009689107336486,-0.10855359299541198,-0.11599633463429976,-0.1312586547843702,-0.15119954817824025,-0.15969478420888394,-0.18175831728443423,-0.1924454728962232,-0.1878231514925817,-0.18342508577778943,-0.1962042188993709,-0.19339558285112707,-0.19048127489364344,-0.17099476350120202,-0.23535293899761286,-0.22328627435300866,-0.49008861743408993
-0.9911897746559682,-0.9147530832978208,-0.8667071822957717,-0.8071911741813775,-0.6693014792932039,-0.6243239429283274,-0.5480720735253318,-0.43889881215246157,-0.39880031987978665,-0.3479105813858355,-0.3245169501490616,-0.3281692785489012,-0.3267585710146965,-0.3236324205709028,-0.3421370015071866,-0.33995972161402965,-0.33664921648331697,-0.2907858201825241,-0.23357581841069514,-0.21350273370602485,-0.30258793121148303,-0.2707641061747041,-0.25023118737877725,-0.22117203607919034,-0.18901527612914407,-0.2010405128196131,-0.18932007674839205,-0.1804024563872955,-0.14730043168437026,-0.12783844493275132,-0.11256652319757501,-0.11504173446071636,-0.13173751899912395,-0.1537789538104926,-0.1563994833156372,-0.16457588700905684,-0.17637171126326573,-0.18239329769151688,-0.18911958128261164,-0.20503326461735016,-0.21529488367056343,-0.2105749826827327,-0.15023945901989733,-0.14090244778077557,-0.1727292626176855,-0.1933482359388958,-0.19242782270753536,-0.1948816697919171,-0.19199395236336594
-1.0619927018884814,-1.0435420534015278,-1.0222101142224975,-0.9853622918527055,-0.9277320815526977,-0.8667020726289878,-0.8246283093031344,-0.7255648947130597,-0.6948932630627893,-0.6334352715697749,-0.5974985634649408,-0.5701325297761578,-0.5426517283303922,-0.5365921991652952,-0.5148910881607186,-0.5297208651419829,-0.4866594074935146,-0.432687423694247,-0.43056102114024686,-0.4297080797449199,-0.42850631377759163,-0.429074220603361,-0.4306835264614632,-0.4099404203823568,-0.3874337144846061,-0.36674642898698134,-0.3335489213121917,-0.2906259024993251,-0.27930106533347954,-0.27043332837936995,-0.24723951839949293,-0.24674358954898626,-0.24767219285948144,-0.238192771136663,-0.22668880948376416,-0.22228461171328004,-0.22205765078176892,-0.22143709658526167,-0.21908203818593505,-0.2207684481514804,-0.22339966774198158,-0.22827293909322624,-0.2331741106703791,-0.23852264611946558,-0.24036326266709584,-0.2534178065201182,-0.2597996079035494,-0.25056530707222263,-0.23775164621937275
-1.0821486133367855,-1.0852224381609896,-1.0642456350720326,-1.0491191611993975,-1.013242218766209,-0.986982826844491,-0.9621860090921167,-0.8710117230455678,-0.8470628156793889,-0.7608721373615472,-0.6862267464218882,-0.6756286548824095,-0.6444999352086559,-0.6161739415231847,-0.5632871996903152,-0.5709913995296697,-0.5692162420226738,-0.5649944436676337,-0.5615014746223629,-0.5807921232021322,-0.5673795457376558,-0.5380197994825476,-0.5207273727443574,-0.4661330079204426,-0.4503252601424511,-0.4478762139219124,-0.44339853749756236,-0.41166366464353793,-0.37616820897242303,-0.3600307949747741,-0.32463505877438437,-0.31920655937250536,-0.3156350930097886,-0.30319173712634234,-0.2782597398864341,-0.2580346581991724,-0.2549607852090188,-0.25046401104491195,-0.25354118258259356,-0.27104377225791815,-0.2831999569913442,-0.29813791739669526,-0.3054989681329031,-0.3061034355802968,-0.30885959073899805,-0.3043429791899875,-0.2982903437017647,-0.29363221284788565,-0.2917464495424228
-1.112330925030472,-1.0971464950306256,-1.0951039855522484,-1.0927134736676765,-1.0535442658365228,-1.046840161106994,-1.0354826034113933,-0.9973719861943978,-0.9424250069570544,-0.9107295064983794,-0.8638475831893133,-0.8529204703141594,-0.8241167344678423,-0.7950968644933415,-0.7773113869023432,-0.7321404291453646,-0.7002648006981178,-0.6333773675095378,-0.6010103752233906,-0.6167750386028182,-0.6331373450512442,-0.6317990731003916,-0.6262149692030676,-0.5798601733216517,-0.5522683722455777,-0.5523411089197828,-0.4829169815303583,-0.45390845132457347,-0.4260840538330218,-0.4190134900114108,-0.42425361455851374,-0.4218606043348006,-0.43354725592988297,-0.400761135840706,-0.37210458907137867,-0.35593014726879346,-0.3482041372228665,-0.3415265558171998,-0.3406892836825948,-0.3386448120274243,-0.33676028933232616,-0.3316004784324951,-0.32228777179357154,-0.3361663325529106,-0.34735372967840894,-0.3540807501896936,-0.35724592820785966,-0.357608479444366,-0.36025347039772926
-1.1374740869639337,-1.117914636950981,-1.1082075116227241,-1.1114020255688493,-1.0908750512712408,-1.0847950351210065,-1.0695762156638793,-1.0226802481600967,-1.0147978881925805,-0.9744754873481885,-0.9195163618516801,-0.8917174288871594,-0.8783231052987355,-0.8478653534197126,-0.7873804375024325,-0.7491333565381235,-0.7201252796257737,-0.7098318980503722,-0.7034266696476005,-0.6879611052162083,-0.6528729764466424,-0.6284141740176591,-0.5975752954369267,-0.5112076934102019,-0.49696148962811104,-0.5025018247720033,-0.48547525606840614,-0.4709777830574124,-0.4639408118574955,-0.4616072865068285,-0.45480979374913766,-0.44589018447846296,-0.44069837545172613,-0.43516763764139227,-0.42579272129299445,-0.4114264994965716,-0.38748038376927507,-0.384696032383707,-0.38482733964114907,-0.3816221228781237,-0.3819633728399614,-0.3852465678755503,-0.38714644230103945,-0.3904650022873756,-0.3911802287842828,-0.39483982920513055,-0.39155397309895196,-0.3948251501517214,-0.40802100163398236
-1.1726714709523889,-1.1295751399819702,-1.1248052747027668,-1.1099242194035601,-1.0861035805462949,-1.0719030012696256,-1.0741591658596579,-1.0505383761438298,-1.0276410084555816,-0.9829214185379063,-0.9465248603437533,-0.8972125133775668,-0.8544429797293939,-0.8164426157456571,-0.7936551056883117,-0.7641210398410431,-0.7431598578607592,-0.7249462119460832,-0.6995441529897133,-0.6733578288168205,-0.6493491106144569,-0.6348462383955037,-0.6013672230386315,-0.5750464127123799,-0.5577156629619182,-0.5433196332038072,-0.4983154635367215,-0.48728131446136597,-0.48815284340841797,-0.48374773280443606,-0.4755100195616003,-0.4742946914175939,-0.47346969612572426,-0.45517778826182864,-0.44655095133622025,-0.44336902428048414,-0.4393705315967073,-0.4320033237343083,-0.42849642608749045,-0.4302985734872609,-0.43786539187298934,-0.4444072721940068,-0.4444666134208148,-0.44833280115900415,-0.4497083367277225,-0.4740851080517238,-0.47772457455601425,-0.4756167628865487,-0.4735289738713607
-1.208759555062317,-1.1575434858516447,-1.1260083203782747,-1.128180133512908,-1.1057919332584338,-1.0787549846241204,-1.061396698714773,-1.0099113432209692,-0.9771938169734041,-0.9759713496511049,-0.9271886087184897,-0.8868306450018303,-0.8703107690049806,-0.8550120916213764,-0.7933572317441994,-0.776177796006161,-0.7622065272988765,-0.7158032414820737,-0.6859035526405934,-0.6701519841442743,-0.6314161032165434,-0.6036751428048891,-0.5823927663149845,-0.5712416044523062,-0.5511869064887792,-0.5301384635177001,-0.5091438251665356,-0.5206074231921518,-0.5271372569551896,-0.5355400663639897,-0.5485002415743554,-0.5311892688684925,-0.5107142828770934,-0.4933191134421296,-0.4960071002787491,-0.5006003559985689,-0.4938752560023034,-0.48341711623051314,-0.4903544350849272,-0.5216838098147136,-0.5314646318568715,-0.5405676569125086,-0.5521243337395279,-0.5603059621325844,-0.5674181389539241,-0.593302104523956,-0.6185504025977757,-0.6421776658223975,-0.6716425965619596
-1.2125488755504514,-1.1875985179061233,-1.1829120587282986,-1.1557085880924105,-1.1279512324154208,-1.1081885815508603,-1.0843176708344124,-1.0527314670755288,-1.0496711639176832,-1.040593869242807,-1.0620322793549557,-1.011870134452229,-0.955123055493426,-0.9177456573341437,-0.8558592349185142,-0.8216217224041121,-0.7685411772124487,-0.73077756332301,-0.726654364779018,-0.7070235147373144,-0.6953262148250168,-0.6848219270325966,-0.6675182538290215,-0.6597931395080174,-0.666352390646923,-0.6664553393638274,-0.6665798045469647,-0.6658394159021269,-0.6629535950493802,-0.6551778901193067,-0.6719904553517573,-0.6811646310218094,-0.6646387616217218,-0.6396165085189336,-0.6262675859001681,-0.6225654369057075,-0.63049059606399,-0.6175672122560663,-0.6103402961680687,-0.6347208137916034,-0.6580693868807903,-0.6661237176115846,-0.6897925435306118,-0.7127426249967671,1.800404978279082e+38,0,0,0,0
-1.228658922040235,-1.2052886949533523,-1.1989214957965453,-1.1820353881971983,-1.137054987360417,-1.1180529026697952,-1.1157710670049559,-1.091441799605015,-1.089301390934416,-1.0866575708772972,-1.0316002938628952,-1.0210647813625489,-0.9919624935061716,-0.9721239127605751,-0.938071061745856,-0.92681179348584,-0.8842057535105067,-0.8324951173171058,-0.8078177226848177,-0.7910002905686127,-0.7368078050162624,-0.724551588385195,-0.738566832367508,-0.7688056746137593,-0.7739444500072772,-0.7710326090908172,-0.7714842272086407,-0.7916726340244183,-0.7881279597616471,-0.7886918958957381,-0.785096488309711,-0.7737340432815438,-0.7647021657631076,-0.7872624112391214,-0.7858994989365897,-0.7929568867007767,-0.827914110532154,-0.8402155877074139,-0.8380989584464508,-1.4139395716100727,0,0,0,0,0,0,0,0,0
