jsons/1312668000.json
{"header": {"parameterUnit": "m", "parameterNumber": 2, "dx": 0.1, "dy": 0.5, "parameterNumberName": "Eastward wave", "la1": 40.97354507446295, "la2": 16.46031188964855, "parameterCategory": 2, "lo2": 133.9931640625001, "nx": 191, "ny": 50, "refTime": "2011-08-05 8:00:00", "lo1": 114.97908020019554}, "data":
[rows 0 to 21 of 50, columns 50 to 99 of 191]
0,0,0,0,0,0,0,0,0,0,0,0,0,0,0,0,0,0,0,0,0,0,0,0,0,0,0,0,0,0,0,0,0,0,0,0,0,0,0,0,0,0,0,0,0,0,0,0,0,0
0,0,0,0,0,0,0,0.00629014745447434,0.003406023005277409,0.0020153618521700526,2.4537943281091867e-05,-0.0017757171700863445,-0.002569413734036806,-0.003543402192368275,-0.003919637311144195,-0.003813830641941205,-0.00403820041305836,-0.004387768562959709,-0.004700992947383892,-0.004487823673106763,-0.0031376109894606812,0.0020095352371191882,0.0010065412520726185,0,0,0,0,0,0,0,0,0,0,0,0,0,0,0,0,0,0,0,0,0,0,0,0,0,0,0
0.027041031075970955,0.021707423627395597,0.019522367262754164,0.013314034951850687,0.008129885608029089,0.004733948816435796,-0.00012865718924110967,-0.0016405209642819632,-0.0070290927152813895,-0.008364744404969508,-0.00967320802734912,-0.01144643432004828,-0.011950178959297175,-0.011762014135144563,-0.011905340109492884,-0.012357794806732733,-0.0104866692076699,-0.013001401048898801,-0.010788192001469124,0,0,0,0,0,0,0,0,0,0,0,0,0,0,0,0,0,0,0,0,0,0,0,0,0,0,0,0,0,0,0
0.02589311650642862,0.027490973993669735,0.02931570317283935,0.025396056443197337,0.019405091813246275,0.017444397690530185,0.008293707496427659,0.001172680489151636,-0.009529913766322192,-0.01521865498440516,-0.017717293081684748,-0.021905933979937807,-0.020140190640432133,-0.024153037530346182,0.006338682023273676,0.0014139049776451884,0.0012141805663274724,0,0,0,0,0,0,0,0,-3.044394107716469e+38,0.2802237137197607,0.28343823838573506,0.27723729279225434,0.2717183024474142,0.2686431774294683,0.24417303150844324,0.242183492246697,0.2375378811621076,0.22614121608773596,0.22013417848147995,0.214152045508424,0.21700700481578608,0.2048121170339282,0.19844374647825042,0.1883439385357603,0.17414056203829478,0.16077463164142658,0.15694227014008033,0.14047000222522227,0.1330365720361081,0.12585343436589294,0.10592897516165686,0.09943461853261178,0.0810078640645875
0.01873904664445893,0.024851818987426604,0.02809381024901908,0.03488524656678367,0.04220801195873983,0.04352815879308299,0.04839025562196502,0.05680417658405728,0.04506151418845486,0.020535223251063706,0.01579483375927015,-0.07124367858443914,-0.044044035719765465,-0.049445171980576616,-0.034186245959896305,-0.04189485880889801,0.014386391561632404,0.13008732230895323,0.18306923555080604,-0.2996090420990098,0.2774743163673919,0.2974451170732349,0.32836945575512416,0.3626248473477122,0.3750301112557689,0.40035917611069,0.4133625870031639,0.4203882551317464,0.4214571314421925,0.42568188919225713,0.4169194132879558,0.4015012087587632,0.38360937729705014,0.37090879323098874,0.36571305190595843,0.3394097433433231,0.33613723766684966,0.31812427820402905,0.30605193847074197,0.2945915896332592,0.293939001027254,0.2747590079033752,0.262591586492519,0.2511996732927456,0.22614138310654994,0.21817214894890588,0.184505732617843,0.13455945905131703,0.1051253925027851,0.06005106082261029
-0.041409954456637026,-0.04011000646309267,-0.036780694598853254,-0.03926431938229802,-0.034937015192946196,-0.03579523287029858,-0.027857528052792877,-0.02210606760371353,-0.011487707076746087,-0.0072878495394267965,0.0018575911739725553,0.020709193616376725,0.0326295581945872,0.046420735415761694,0.071554639886623,0.0838549053368523,0.09684703637822345,0.13357424508932927,0.16301758056518387,0.19308441838421112,0.23982422903376416,0.2643849828820775,0.30521838279050034,0.3350661883889764,0.38173706719497413,0.43394858574315326,0.46047237592684387,0.4945108859731722,0.5258799756245395,0.5392488671126314,0.5566193918094121,0.5526752342706192,0.5386367674506956,0.530566617840895,0.5211022752281497,0.4818499797024959,0.4576713841771931,0.43300931619486044,0.41064677116839554,0.3987169150958073,0.3852399446357224,0.3703393026831193,0.35996373091855993,0.35813497574284037,0.332254955313255,0.31526884878225725,0.2787517252724264,0.20469386858412497,0.1800155165279519,0.08531943515206596
-0.08331680432523214,-0.08537504767859933,-0.08847751007023301,-0.09240459745251185,-0.09506585501992496,-0.09332588244587041,-0.10105460328863279,-0.09734265128123724,-0.09250524468525671,-0.0930095327875372,-0.09197008886717872,-0.0852354302406787,-0.08189662115431215,-0.07325045912071267,-0.0717663093469117,-0.06099004207155631,-0.04691094249154121,-0.012676219828473534,0.0006419214478883853,0.02463462996129058,0.08637527613887634,0.12083764954311066,0.15552063930359147,0.2253007102955597,0.2970920363864311,0.36178919120499864,0.4098777383094116,0.47077663464096625,0.546153223569024,0.5676385000243074,0.612061466368161,0.6584264678220854,0.6578174796511459,0.6674075880198804,0.6507509499862011,0.6252960975368246,0.5990697157343241,0.5878018208803292,0.5290851245885128,0.5155965913626913,0.5010331752518319,0.4826712667177898,0.46842629366972455,0.4624207151522109,0.44276238109905486,0.43705132253110196,0.4274427187778153,0.38403329366251326,0.37136793671475077,0.3506644423332386
-0.12885909002768198,3.2889702874789484e+38,0,0,0,0,0,0,0,0,0,0,0,0,0,0,-0.15338036279444917,-0.17625178510403208,-0.16268280949409591,3.127246104216908e+38,0,0,0,-0.16269854546791723,-0.149904397074663,0.03945761116317762,0.3197406909409718,0.4390611743441453,0.5254208027051579,0.5576675048788895,0.6371383498141782,0.718278094223607,0.7474071452090952,0.7850330227904605,0.7996327117224271,0.8070066507759982,0.7944240828779842,0.7824934923057337,0.7482935796873809,0.6986511476928181,0.6865840495543201,0.6498177365067985,0.6365743427210627,0.6197938041585314,0.6052966192491139,0.5958089230388759,0.5838073991162012,0.5543271311291702,0.5377032966166005,0.5092514045842946
0,0,0,0,0,0,0,0,0,0,0,0,0,0,0,0,0,0,0,0,0,-2.4237289215501805e+38,-2.5995304677466727e+38,0,0,0,0.5041100746094075,0.5447405684778645,0.5718819933856463,0.6101101792514213,0.6782119427457219,0.7781941559690909,0.8533887056501772,0.8904541278474097,0.9210379732344273,0.9348473385395726,0.9476843626035972,0.9533905311909499,0.9257587670549414,0.914466700745671,0.8815533809224043,0.8362167373852477,0.8163271333910225,0.8050458458829708,0.7632744590054787,0.745139188786157,0.7429078278427027,0.7058320175445564,0.6858522204820061,0.6561488617892027
0,0,0,0,0,0,0,0,-0.4183349117748619,0.2381846628041033,0.23608417053192138,0.2791350072981041,0.32525748747415717,0.3519760405228798,0.3959735930158899,0.40878388017533973,0.43882635976941214,0.45664104862568844,0.4869601708725076,0.5218055379564046,0.545205397704263,0.5535329936410612,0.5775213355921843,0.5942476821950466,0.6237167954419747,0.6724456558929729,0.6906414636985184,0.7067749390243221,0.7737410076762892,0.8240527472782104,0.8691826782184706,0.93415836735065,0.9621531478873507,1.0116984379612755,1.0420207578689218,1.0814672099246474,1.1184562988442814,1.1226185058240863,1.1324655884753563,1.1345308104976723,1.127645742531623,1.103210717551697,1.0702518541559245,1.0681554331354968,1.0302425718394925,0.9997075259162289,0.9796056425248348,0.9508554274851182,0.9237995292197887,0.8956327868760162
0,0,0.07728880653299944,0.06581780791646288,0.09662422876061726,0.10437095867656646,0.12302845568013955,0.135216825903325,0.16920865108402297,0.19081837513572578,0.22134461150657803,0.2724464879596831,0.302148963128613,0.32771939765153507,0.385161733196724,0.42086075968605363,0.46132401245144544,0.508555590735524,0.532687055436776,0.5660563082685477,0.6049790932151118,0.6259715314635426,0.6642908587558208,0.6938242661711251,0.7471310014625345,0.7880677061432098,0.8206559116310256,0.8484967487641164,0.9009040595851868,0.9296439882764397,0.9655619789771727,1.0168359678952668,1.0350474821034898,1.0738307014229838,1.1095351901210952,1.1514731302259549,1.2022278401863347,1.2226692719954093,1.2758381101868044,1.289474550968803,1.297307273945319,1.299644294013618,1.2967352535677152,1.304503212471887,1.2818476976806445,1.2694714822101798,1.258446041163832,1.2098120703102986,1.185494944966248,1.1604558842508
-0.17470413732315174,-0.16762301680714214,-0.16459361321767438,-0.15600514815337613,-0.11400574716902634,-0.09830683758557952,-0.08267203816949882,-0.06166822580288311,-0.02056327295132304,0.010510665892839867,0.033744436873210375,0.10398122867039744,0.14677588997620902,0.1911294504978333,0.26833553498621965,0.2988616087891954,0.35342177043487494,0.425541184937172,0.46981722926699565,0.5348082319771349,0.6149977178689479,0.6662283686086867,0.7127594507218488,0.751865306171269,0.7950896333807269,0.8401953075817815,0.8708210673315383,0.9227950406234211,0.9623848762022312,1.0017510853392304,1.0517778765820025,1.0828603956487266,1.109674915992173,1.1799842292204084,1.2179831991234589,1.2630675622870315,1.3295294385474559,1.368538053675435,1.4076376881877295,1.447306201253738,1.4824771049967322,1.5322301196854289,1.5465340397398548,1.5690599727198171,1.5793251807319804,1.5709724387904422,1.5889133680502034,1.5732499695985456,1.5640866057621423,1.57197302373722
-0.3398232217466646,-0.3278423515848805,-0.32084871609895876,-0.3192521392733845,-0.28556197601229555,-0.27012375336404193,-0.2706078670331733,-0.26017126691004344,-0.20095977630055029,-0.18443852633785335,-0.16563032892421328,-0.1285480749508427,-0.11911133087733561,-0.0912697633672852,-0.010292479951908566,0.04310168923012025,0.11338837285547047,0.2555129810792903,0.3488536146720482,0.4115063215036994,0.5036059855979769,0.5691888275133842,0.6340608786262218,0.6843930655613215,0.7823352459305357,0.8631098719350534,0.90126032052512,0.9547699891097793,1.0008738904075865,1.0331004183044192,1.094389617483125,1.1314126256714234,1.1798543868225628,1.237894612063395,1.2962484481249885,1.3438099417711271,1.4508509136217873,1.5337949254000571,1.6083482194023457,1.6515056836173365,1.70048058375339,1.786930929874324,1.828437817653272,1.958811446022274,2.0143383552969802,2.0382087532065944,2.1020009876255727,2.099717698446349,2.102008741250276,2.1357181576041553
-0.42596000822625246,-0.42037849747014316,-0.4195311592904146,-0.44482875924696363,-0.43580577359917066,-0.4421699189488692,-0.4626492273187392,-0.46537325887135256,-0.4417916220025668,-0.45439949256690615,-0.44287116616157807,-0.3787950606664939,-0.3766149555979463,-0.35307506606068756,-0.2679489531246796,-0.23878150546285226,-0.22324795073278286,-0.10244964087426187,-0.020332138027430235,0.030980295683610527,0.13640152723689247,0.2453797874102879,0.312848534776775,0.3926004831367812,0.544870847277729,0.6358225096563314,0.7444977938445784,0.8874985904026602,0.9726511394394741,1.0481614364606315,1.2007885058416936,1.3078780596115929,1.3403130338005582,1.4446647896878309,1.4884476689146522,1.5792012487082348,1.6781958676292652,1.7322953009792237,1.8278729675288599,1.8886435017919765,1.9434796417412608,2.0380085708785303,2.1022565938868985,2.187864463691455,2.2413830549364406,2.277484286718996,2.351334205291938,2.422289168312765,2.4412034643922023,2.5076339683818607
0,0,0,0,0,-0.5417271672809424,-0.60387124316091,-0.6144565284057949,-0.6098763330159713,-0.6378537990410564,-0.6448627585558429,-0.6144804102024932,-0.6434585568776485,-0.6458093185853466,-0.5849295486109521,-0.5594372130588822,-0.5399266583137254,-0.3786720804105083,-0.2892213319092709,-0.20232826317090982,0.0013303554893934766,0.011639999008777376,0.06281186941864317,0.13314866384653545,0.30754268070259044,0.3719564226094554,0.5337532368935358,0.7199345655739688,0.8495321185157604,0.9327305172815238,1.0864971659358065,1.1923603203241553,1.2765339926107029,1.399640264857842,1.4786311047251162,1.5593792150381347,1.7151993937451009,1.7788976853477212,1.881410420130169,1.9878693997424133,2.081338314025249,2.1686720912368402,2.2517860015584064,2.3744831881886754,2.4723415471081207,2.5313983149554193,2.616906234734568,2.666149920995595,2.7113811422472205,2.8096944170682376
0,0,0,0,0,0,0,-0.7020533837095462,-0.7722940687001324,-0.8306700293786221,-0.830344436104893,-0.7978329787043373,-0.878980118090393,-0.8904925564955674,-0.8491762543063955,-0.8571375443493074,-0.883870425946735,-0.8115176171395608,-0.8293101989585867,-0.8261083123791912,-0.6871220655171693,-0.5610366572402198,-0.48722131027136834,-0.37473070952942716,-0.1373096858655181,-0.1012968386706582,-0.03858556148124293,0.09792637788938659,0.20251089303893663,0.342734445625566,0.5402161150519131,0.703184466991607,0.8115137643177729,1.0378413568865201,1.1661380089661488,1.2579844652073966,1.463515138296402,1.547315029119292,1.6506464637717544,1.8436537690235804,1.9581968695057606,2.105632780124508,2.201973698079269,2.379209558463862,2.4820566035818836,2.590590281119158,2.690935544863979,2.7664739410969856,2.8038252560290253,2.9182235744288287
0,0,0,0,0,0,0,0,0,0,0,-0.6990161227138724,-0.5693068470991597,-0.7520573580756104,-0.8922800207142699,-0.9856380592362017,-1.1025940971241897,-1.025245407732588,-1.0590596879753158,-1.1691469320928103,-1.0920438146588545,-1.0165076300359053,-0.9896310076557124,-0.9382337142663001,-0.7205132501699694,-0.6198709416457334,-0.491527093671884,-0.24396998972498812,-0.19099702204463817,-0.15299308153552404,-0.04946748139419214,0.16397726839482166,0.29841160125755456,0.6078057858325415,0.7007795091014347,0.8803335312857142,1.128379574762277,1.3021224142240715,1.461222356631185,1.7581392687135884,1.9857258357653869,2.1878719683518284,2.359574929987012,2.630406465517672,2.8692521357413017,2.9847321491285586,3.216276428643672,3.3349858637923306,3.4527663011929426,3.6352935220497344
0,0,0,0,0,0,0,0,0,0,0,0,0,-0.5946049015593075,-0.6556012773756211,-1.1147386723199184,-1.3463709142556899,-1.3416412222946499,-1.3645299275828056,-1.4287015865059918,-1.3436161919378962,-1.292939656616173,-1.3266536405578466,-1.305886487730107,-1.2076888978923934,-1.1592328876409637,-1.058460928339033,-0.7844398461069689,-0.7597820323237624,-0.6654694330168616,-0.4456290131035956,-0.28419047089274563,-0.11872742516183521,0.27479456071799985,0.4513922110463423,0.6084341591454737,0.95311709528151,1.1693881691876464,1.4589938291037827,1.7298720554681715,1.9494465323532904,2.2988821086385878,2.448277074277654,2.8808996931945345,3.0904970109250742,3.281214146120398,3.4444809846192777,3.5883521535674143,3.6059340332493663,3.8468686637543223
0,0,0,0,-0.5307750378946304,0,0,0,-0.613652032175051,0,0,0,0,0,0,0,0,0,0,-1.0507033832010262,-1.5731979228373183,-1.6081601454086558,-1.7622534094351885,-1.7168489226457349,-1.4727933947918441,-1.4733066692078731,-1.4380158298006829,-1.3527795586223266,-1.2923891100198914,-1.1176590949033924,-0.8896913010907258,-0.7975522778141665,-0.7675508528525287,-0.6221702996924598,-0.472825458020583,-0.2436503767235545,0.12115393964931818,0.4835936014197931,0.6623692727892273,1.2327092927303416,1.6169569613555823,2.0133262539231387,2.339013401788696,3.119985987949412,3.528353683341895,3.756907806733015,4.1989546753945035,4.520641729647541,4.886941977976007,5.418038149325144
0,0,0,0,0,0,0,0,0,0,0,0,0,0,0,3.4011649466835603e+38,-0.4364651002855278,-0.8484628723452657,-0.2595407239316006,-0.27514282810476487,-0.598868492104461,-0.7998281800409508,-1.305938683979719,-1.7865285486779565,-2.2036944691747387,-2.494833294263356,-2.5190042791929086,-2.2738508852292525,-2.2100855730521616,-2.1036882498711194,-1.9981170254815899,-1.9632635618074394,-1.8535236619388142,-1.4779234919604234,-1.2527592432951136,-1.0614620664180179,-0.5465423484458829,-0.25690455665185696,0.007568810636550539,0.8084721903822403,1.1832316689678664,1.648192699233941,2.1596339629722716,3.0935286303851237,3.720185985270707,4.399445499219957,5.3915060251159375,6.0258281322386855,6.480261415883291,6.8455592127581815
0,0,0,0,0,0,0,0,0,0,0,0,0,0,0,0,0,0,0,0,-0.7892663834739461,-1.2262194148624508,-2.0062667526081506,-2.3126016288566964,-2.422846969824735,-2.9432973245026646,-3.064567744216866,-2.9249229957811247,-3.2910962617673487,-3.515460618205885,-3.727769853474558,-3.8057922106803015,-3.676575783602292,-3.301371920239239,-3.244415502298195,-3.210465471949377,-2.5387905695009607,-2.181631939701729,-1.6919087651517686,-0.23151925598753473,0.3878335110890002,0.9781185576109384,1.4285907690790873,2.416397593631257,3.004752532141047,3.614857916574256,4.860952003201643,5.503996622514889,6.3128492999230845,7.027338824785651
0,0,0,0,0,0,0,0,0,0,-0.933780356144224,-1.1801253990748035,-1.306456640376023,-1.3792535446082623,-1.4817286026444023,-1.5580264632857217,-1.7067574404938057,-1.8119067314159525,-1.9082280458810024,-2.0829459100748924,-2.2141019300472764,-2.302151229079551,-2.7308685397927004,-1.7399267169553447,-2.0649314598774455,-3.7429549670794717,-3.870492637427216,-3.9378143572418733,-4.418134186550682,-4.3711858707324955,-4.4274603050637555,-4.863870638214075,-5.036860426958589,-4.802773059658495,-4.737586520687537,-4.639998962745632,-4.3788287470587015,-4.239375459144626,-3.7384818609409387,-2.6092577878847747,-1.9865163137471096,-1.1537933382858048,-0.6279306792364775,0.8233402963676217,1.4435980304422897,2.3522425592702656,3.747699728781113,4.556846931255397,5.00685021251469,6.113495980569516
