jsons/1312617600.json
{"header": {"parameterUnit": "m", "parameterNumber": 3, "dx": 0.1, "dy": 0.5, "parameterNumberName": "Northward wave", "la1": 40.97354507446295, "la2": 16.46031188964855, "parameterCategory": 2, "lo2": 133.9931640625001, "nx": 191, "ny": 50, "refTime": "2011-08-05 8:00:00", "lo1": 114.97908020019554}, "data":
[rows 22 to 43 of 50, columns 50 to 99 of 191]
0,0,0,0,0,0,0,0,0,0,0,0,0,0,0,0,0,0,0.2800282055084472,-0.1707283397301796,-0.4073766362432642,-0.30827672898752495,-0.2552683811923288,-1.0446239944753515,-2.6535887524819097,-3.2673200905715256,-3.482857955755027,-3.7203522896664523,-4.183742317947629,-4.455917317547448,-4.673962788112257,-5.009603138520248,-5.111012594492928,-5.182779520117083,-5.253675100688192,-5.508964302753216,-5.672887316278821,-5.8147003170325835,-6.149614647081202,-6.394622211616143,-6.550527366777748,-6.9230846739320695,-7.1050678187241125,-7.203566208397145,-7.466204336706642,-7.619987988375186,-7.619171839217899,-7.8197627757938655,-7.861521052717084,-7.795390695726549
0,0,0,0,0,0,0,0,0,0,0,0,0,0,0,-0.15571600783045922,0,0,0,0,-0.7360787975943862,-1.5842458021000545,-2.537356689586269,-2.936581633683811,-3.2002650456059563,-3.7646240434083547,-3.9901103059823386,-4.181686159716654,-4.49049464237188,-4.639613353494323,-4.823655578635682,-5.1210649117867115,-5.257682682724096,-5.460187357975206,-5.705423598938693,-6.092146217680272,-6.276319631119268,-6.478525939366591,-6.838336792608213,-7.033323959723883,-7.212368560802746,-7.640440679821034,-7.823462799350445,-8.063358498305583,-8.485014354163265,-8.710235630121687,-8.850582265433285,-9.260034497090787,-9.421117967938542,-9.513145881539367
0,0,0,0,0,0,0,0,0,0,0,0,0,0,0,0,0,0,-1.1863052291750156,-1.8815414612171195,-2.3898110458143003,-2.766538137938085,-3.4677512215939017,-3.7105510442732186,-3.845971128307701,-4.159508805140907,-4.249670609503725,-4.355047739745981,-4.563351974791929,-4.63374280346789,-4.571624655282314,-4.691431347808779,-4.788914325477142,-4.951231227491083,-5.142101575322567,-5.507365084006847,-5.673478886294376,-5.838134861224479,-6.2414660890813805,-6.536469788618623,-6.746523197896687,-7.282095905740565,-7.582083260694637,-7.961554229456072,-8.464067205979912,-8.685230839418876,-8.997383495350267,-9.384640336531323,-9.618713786390549,-9.689292640354454
0,0,0,0,0,0,0,0,0,0,0,0,0,0,0,-8.1454825486999445e+37,0.2400147145497746,-1.5795754852571977,-2.2444464025133657,-3.030902008434666,-3.07880301199862,-3.2061954055698596,-3.4880916903099095,-3.588517434570945,-3.626931697409586,-3.7767671109122825,-3.75025488402527,-3.6716303007726605,-3.830472358372464,-3.8443551745056292,-3.8265389279921367,-3.9865379223435213,-4.136452736978723,-4.320941648139539,-4.341054313539578,-4.611128553744031,-4.776565462239541,-4.9398133967163,-5.208375384747051,-5.509366249328798,-5.768800704263412,-6.050753710086669,-6.352323131348581,-6.8192045534031065,-7.220637946273353,-7.554318311866251,-8.044538066061445,-8.243097234776153,-8.495314413588295,-8.690483652298653
0,0,0,0,0,0,0,0,-0.2735333393411347,-0.680055351879298,-0.9902446094782625,-1.0188179658440917,-1.4876038055139307,-1.8766468227481132,-2.271994932950376,-2.503406776647547,-2.910538910371378,-2.99322491218292,-3.0575951746338177,-3.320114319447172,-3.2952751863301035,-3.3114843278527455,-3.3616086471452595,-3.313388688261185,-3.1962205935999073,-3.2226543530264227,-3.172200015236141,-3.0109377086825733,-3.0715752600462696,-3.051144365907122,-2.9865754664838193,-3.0582419346304626,-3.0709259839543877,-3.14961009231089,-3.1965301508366193,-3.318853876748122,-3.4634485857185933,-3.5582871459814154,-3.5743957844313643,-3.901492349134345,-4.081122145131357,-4.234877949301293,-4.492924137107518,-4.974035320765071,-5.126457484204232,-5.533887984625176,-6.07709488451748,-6.408519900865051,-6.627111031069874,-7.088744179112601
0,0,0,0,0,0,0,-1.143487181162045,-1.299906099569576,-1.7280788213824878,-1.8433457696055386,-1.9305931030457892,-2.1991800394543914,-2.2814814982777656,-2.3664883211167873,-2.4530280670468456,-2.6216903564712997,-2.6841782331197357,-2.734725176340699,-2.789333529600473,-2.6435000497310606,-2.5698051334100316,-2.6123015202958446,-2.5654292369825047,-2.3974018200237843,-2.3710168518232004,-2.314251534542447,-2.118828917899852,-2.1423906228131204,-2.1261998240697477,-1.965782512202468,-1.9871673617211911,-1.9069457764962716,-1.70217643164701,-1.5914516882077185,-1.6509738117499781,-1.6533801062316609,-1.6484635058039048,-1.660381978383461,-1.6499485498662134,-1.740979193855522,-1.7272536785098294,-1.8529788988557392,-2.0532253327602006,-2.131011553398513,-2.3143296154708226,-2.863715273158491,-2.7899774336987333,-2.9628453834933683,-3.365307470574133
0,0,0.21616008175080492,-1.2922746878864686,-1.5221721590843789,-1.6340517560698633,-1.9540666236536801,-2.010069974041256,-2.0206580563543,-2.139847352607518,-2.1906284927766397,-2.1672047805581025,-2.253930898425928,-2.2603756014176737,-2.1936641657460743,-2.167197815632685,-2.23986787303543,-2.108651815696809,-2.120645470727614,-2.110698882381066,-1.9775353397192739,-1.86521775083295,-1.838489642449685,-1.7482816307475963,-1.5988725046678713,-1.5053345740804949,-1.4714261156750406,-1.2915413351071698,-1.1689697379813744,-1.1189311115719298,-1.0151317291292363,-1.0203594026024616,-0.9967100183387958,-0.8446315983626286,-0.7613252266178601,-0.6671756184960329,-0.5037062961290639,-0.32888276545449574,-0.27910317714476685,-0.19352523416926679,-0.11209674432429224,0.08824412622053895,0.08362785135695408,0.29495790370248365,0.44735562879824514,0.5376495439453473,0.8364287009855313,1.3152348849314113,1.6038092161225566,1.8141128090812193
-1.3772112836739387,-1.4871905228652447,-1.6645493718343034,-1.8843113105373537,-1.890565042899407,-1.9497204900113987,-2.0643802285140653,-2.132456996241019,-2.1172130189014435,-2.2366280420192868,-2.2649284733612847,-2.1996716764241127,-2.2081231012048814,-2.100156164407176,-1.912259972867903,-1.8566570544078254,-1.817897963598477,-1.6748729689497563,-1.6346744262449207,-1.6063690819578897,-1.4409935005314274,-1.3723718273861096,-1.31441284881763,-1.218897041003037,-1.0381906094302407,-1.0171387254995636,-0.9250404653161473,-0.7192020019971175,-0.6408109804350921,-0.5566906305495192,-0.38029239845412605,-0.28273610901939855,-0.21292130626434352,0.03032607896213386,0.1861303936753196,0.2575168356385884,0.47298154842770546,0.6176433917609081,0.6995317049631673,1.053425683065214,1.1181913099963965,1.3190263772556514,1.4725170764363424,1.9322525582280439,2.217864995571745,2.430233628047827,3.229936984936105,3.6852424973899467,3.8733700898444736,4.681415253608711
-1.9049558714498094,-1.9374850485862152,-2.0144518705997445,-2.1283396655607296,-2.1158461921562073,-2.135744685456871,-2.2017960159753973,-2.207700573480377,-2.1314745535968833,-2.1698026713250727,-2.1461837824704273,-2.0610915626270443,-2.0136377087117454,-1.9687533492346703,-1.7984824721119936,-1.7918399540464813,-1.720983562480712,-1.5975779266842445,-1.4960332571604298,-1.4591714500357569,-1.2619637684153873,-1.2047077929299952,-1.1296070860550753,-1.039680435154963,-0.8871286469297699,-0.8039857241734065,-0.7122172324299255,-0.525175829242909,-0.466671751208948,-0.3509867811014201,-0.14129490558490193,-0.02407215364798744,0.05347648794940328,0.24675586109566303,0.3997490603562305,0.4993350219063183,0.6493014010571373,0.8100330765810996,0.9626009990768234,1.2928489162044088,1.5438145578587286,1.6750530591752328,1.9240602128604367,2.37814254167858,2.704402632677161,3.0477320953824822,3.6771160970189287,4.150134602413943,4.343559863578615,4.959264224941177
-1.7920471144853627,-1.7814833341567946,-1.8147260715479165,-1.9061925095135281,-1.865315969754029,-1.8560959070211878,-1.8585140084430833,-1.8449801410604707,-1.777974960733545,-1.7537122937127103,-1.7261290374519322,-1.6189821295762923,-1.62598992097117,-1.608565819250553,-1.5603778019806451,-1.5225738755652227,-1.5182089980640217,-1.41696866320789,-1.352360896570879,-1.2737282389759754,-1.1316038902280392,-1.0594747185018638,-1.0225082705328172,-0.9199517918166559,-0.7523263086252706,-0.6625089948915631,-0.5681968542543463,-0.39308608631029757,-0.31062429510871187,-0.22521973007755672,-0.020209118249098355,0.07156078963505572,0.17359066376755294,0.33576245494499535,0.40244152621013085,0.5098937369967464,0.6265948561111134,0.7003680055838495,0.8675557649130948,1.1711075147134649,1.379816275049851,1.5955358456918962,1.8699369891112716,2.3456578608867678,2.5942328503276118,3.0388266591767517,3.638555691923145,3.937135679639411,4.099892249866559,4.571732295219619
-1.2084787427207964,-1.072692847251573,-1.0320352655792362,-0.9927371571727681,-0.8097590023187177,-0.6892044643509577,-0.5990946117942121,-0.31195118441985953,0.09319418009007707,0.5838617318399509,0.7645456422395424,0,0,0,0,0,0,0,0,0,-1.6673154402633457,-1.4632590377332406,-1.3132306404037242,-1.1414215625045918,-0.9513507376267513,-0.8305867476099082,-0.7246870449553198,-0.5190246787458842,-0.43458058777166253,-0.34789978272043576,-0.1251833186706667,-0.07446028324389045,-0.00010747662361676642,0.22622313088758084,0.30422847096560063,0.43141376390276276,0.6451542908160046,0.7672355370817057,0.8945206668121274,1.1338795710292824,1.3142823819624765,1.4988153226872434,1.6781241927570034,1.9388404302812756,2.120668697192609,2.481556659477549,2.872919266236214,3.095589579677349,3.3431207945089567,3.859736215558431
-0.2833934369328925,-0.1272073186857324,0.031242312820991554,0.11432922092941057,0.42234121874048336,0.5024027851229419,0.6695577326383274,0,0,0,0,0,0,0,0,0,0,0,0,-1.9949488232637367,-1.5744335815097852,-1.4007782975303622,-1.2741449025283054,-1.1608747111664715,-0.8333266914463133,-0.7613792232246713,-0.6504235308157575,-0.43348715403019555,-0.36079484774572557,-0.2642776280205126,-0.09068561364213533,-0.06877676770435064,0.029266284249769257,0.10238687937795277,0.20610229925340193,0.2721331459590151,0.5697660949138421,1.0178770045027021,1.35697140324835,0.8331130827496463,0.8717159505414812,-0.6020042304149389,-1.6181159406286185,-0.34554710323415666,0.38537719093070427,1.1719859520361333,2.0974340363011614,2.426036816746965,2.65799009906742,3.0806774617361414
0.39395153478935985,0.5543331723063742,0.6007587550818607,0.6437900668860272,0,0,0,0,0,0,0,0,0,0,0,0,0,-1.6678969163846178,-1.5797502045080112,-1.5967827025203103,-1.328112740945951,-1.1932338600190393,-1.0959704236719585,-0.9358321701533834,-0.7304386086911505,-0.6274667897020708,-0.5216509213310196,-0.29271215478052776,-0.13131466468435504,0.020573574173143823,0.369839547815814,0.6005007778956687,0.7318113847101655,1.180311232299578,1.4287607841679182,1.6079555622512964,1.9127155464687173,1.8923704428524395,1.8432316423585384,1.473387225938535,1.4203000909990549,1.4599205319146646,1.4356795372602134,1.4974632761533082,1.621507192912264,1.7225110269564874,1.963381204730296,2.1326586437672805,2.404201775506647,2.794522898667614
0.5038243137876015,0.6032950982921707,0,0,0,0,0,0,0,0,0,0,0,0,0,0,-1.6306796513720285,-1.3623300567350518,-1.274271319710826,-1.1516766063274846,-0.8716858071054432,-0.7772393039054803,-0.684587424696928,-0.5343231643319245,-0.25600426476690497,-0.1312201633032665,-0.04031418112910322,0.2452662210517452,0.39283066871060485,0.512049975268294,0.7744981523628153,0.8431193843711751,0.9304075414487455,1.0478274274437835,1.12507729558974,1.1514285661401156,1.1436978557078727,1.1676310121714175,1.2218573114096403,1.2423323839023444,1.2759308453249019,1.3269778705891693,1.3502980896675614,1.4641407803118114,1.564207616693632,1.6685920807092032,1.9043711454976395,2.0328243115987106,2.1401775453398826,2.422066324654997
0.48089317165921236,0.5470358642224219,0,0,0,0,0,0,0,0,0,0,0,0,-1.2250984874482869,-1.1255952153890778,-1.1038632592532676,-0.8831979240414903,-0.7942186590557582,-0.7110862987475138,-0.5297757044464804,-0.39374239798273214,-0.31578745612420606,-0.22262560419575614,-0.0437885652353083,0.051125832011332396,0.15136645868430484,0.2949087636293166,0.38620722893019777,0.4311003697796322,0.5577872721502696,0.5748663462118925,0.5944660218593361,0.6581196723998104,0.7034771747635636,0.759500323027846,0.7726196342073445,0.8133951077574901,0.8358891285760999,0.8750196770518852,0.9429426603015256,1.032028936820341,1.0751580722911545,1.2466296645677508,1.3645586414398843,1.4765624566453917,1.6745037562259628,1.8131023047033294,1.8794659898435173,2.091495737606519
0.39810740645388826,0.4246701165224441,0.441790887966878,0.4018147710355758,0.11013856571042936,0,0,0,0,0,0.3409353436620396,-1.114835174953114,-1.1279531077819578,-1.0638149225979459,-0.9379039514066831,-0.8627346854761562,-0.8133879463889511,-0.6572518039645912,-0.6005295804002058,-0.539941666994064,-0.41671919132275587,-0.3437547914116057,-0.28690194748198444,-0.23388359128856503,-0.1179495656798907,-0.03490516132181332,0.011015427445232711,0.10199386194077613,0.1442854822475242,0.17371323720520573,0.2419288482812002,0.281269971585508,0.3267328490813325,0.3777653941997168,0.3986438484588243,0.4735696468476442,0.5488746199483165,0.6049939671706333,0.6338827822900285,0.7543646470540633,0.816476719818027,0.9293145499172669,0.9762274710171431,1.1202998233711234,1.2378577513985558,1.3137002204804036,1.4604133524052212,1.4973244318567849,1.6219545105914366,1.7611625522483128
0.45360093586909966,0.4690498372889588,0.5109353994499269,0.5385785741940334,0.5506334675681792,0.5702795308581131,0.5950218246539906,-0.7874388197488353,0,-1.1958388188078368,-1.0731317202764112,-0.9317813645298513,-0.9076581778540982,-0.8594655841014671,-0.7551565948717817,-0.6986907918819659,-0.6804725839384048,-0.5975364410203379,-0.5487788310336097,-0.5192980002626366,-0.42219698208586626,-0.3783505647061195,-0.3437725656628681,-0.2935336679654172,-0.25426648206510977,-0.22776516139248043,-0.1895767527299218,-0.1202880129067631,-0.10021282420326894,-0.06310323229506723,0.0340852473215065,0.0599570527410321,0.07451389305519371,0.1736314602454835,0.20300314633782668,0.24252784446450706,0.307133550612306,0.3997046967877365,0.4512306281627145,0.6418606471564584,0.6954436868930637,0.8034695612398693,0.9173382404857644,0.9997487468135204,1.0582096923281312,1.1039126057775837,1.2607739909784512,1.3204853160196008,1.4293900155960069,1.5268337825884402
-0.32673510979424764,-0.47355287246144867,-0.5554220182777039,-0.6868370982874711,-0.7193455881764309,-0.8025077930227946,-0.8374789867678623,-0.8520546077794573,-0.8227829293890536,-0.8468476842433726,-0.8319471832671851,-0.8011022292183432,-0.8013978171356603,-0.7845490761466954,-0.7182876917049873,-0.686126689103821,-0.6659503225679375,-0.5940384693811841,-0.5678772765164578,-0.5620783205537413,-0.5062942199250315,-0.4832547308099362,-0.4849936577415254,-0.4517855063223223,-0.3757758040108472,-0.34354621573667243,-0.3338781281216756,-0.2936347647075798,-0.2691403430531257,-0.226139235438685,-0.14530174741957014,-0.11623799313403617,-0.06544719839845253,0.012697912784582849,0.0736374435165518,0.10586396236448359,0.24174166799520538,0.3046434840892099,0.35856825332157816,0.46596524841374,0.5543140872428585,0.611974225165917,0.6585349291318715,0.7921781658226846,0.863701631421194,0.9549946242838114,1.039479612898707,1.1101609254421367,1.1809496780415487,1.2699943912691587
-0.761834791823492,-0.7762783032112474,-0.7843037872795163,-0.8404838375107812,-0.8204641593785413,-0.8257294651983095,-0.8433113587116514,-0.8428229763688866,-0.8193850201008239,-0.8342626246775118,-0.8227992572227482,-0.786561017829544,-0.7762680879199091,-0.7611813890792712,-0.7119579820354291,-0.7073586579642067,-0.705661819022249,-0.6823790991593542,-0.6528659133286399,-0.6501131164433344,-0.6140657312998552,-0.5834692928372824,-0.5782932139867706,-0.5469826708981832,-0.48412673422062885,-0.46268474474431814,-0.43624987787507086,-0.37195069492814176,-0.3708764781555747,-0.32941135037242425,-0.26740444474710057,-0.22246666415265381,-0.17295489859621055,-0.07108116183667126,-0.02178571746753546,0.03706271595920327,0.13060798108276675,0.20413523915270498,0.23619366296678687,0.3706030817457947,0.416940540512469,0.44983626716341935,0.5265292972298888,0.6234241172107539,0.6985979910209635,0.734719124454014,0.8796890755227221,0.9504671601975376,0.9916380769595319,1.0780926449358483
-0.8312608126926371,-0.8359493321877911,-0.8277799507233624,-0.8576047294885543,-0.8345627498674383,-0.8455743604980741,-0.8531997293696294,-0.8403682499559572,-0.8277601756395807,-0.8248708015095385,-0.8156659846595551,-0.7730605509639861,-0.790393540219706,-0.7883900783155593,-0.7779592607382553,-0.7671192508341779,-0.762769922761195,-0.7445486422455896,-0.7235692152748395,-0.70513127429697,-0.6692209103370542,-0.6480150598467918,-0.6303109120244617,-0.6204185786918567,-0.5537461082948603,-0.5535499782698946,-0.5142942539675422,-0.44503760261173936,-0.42029485525159704,-0.3695269006418661,-0.31128959649943916,-0.26139094133188684,-0.24048962169747237,-0.1450008400137359,-0.09502974920506452,-0.049448114505382966,0.012490300045830072,0.08098300347356491,0.12128091261110824,0.2459618223324087,0.28279107276969073,0.3198921373810217,0.36921477564781086,0.4454813338886102,0.5152054716706264,0.5766151354140175,0.6941109336696288,0.7487468132328111,0.7629964375822381,0.9085919945735488
-0.8715653924260972,-0.8634650900769274,-0.8609909181953282,-0.8708215438878961,-0.8526896978249326,-0.8471883741177739,-0.8587980582229837,-0.854330651993917,-0.8239659523730167,-0.8378644923927979,-0.8362101337135058,-0.8209890294183635,-0.825633110494203,-0.8176427388867609,-0.8029313143896029,-0.7937795379048722,-0.785407157604222,-0.7602794325448299,-0.7414934609610235,-0.7315572096901367,-0.6899043527098964,-0.665195837234556,-0.6401099277453918,-0.6322124519811931,-0.5690448433046452,-0.5470147428587481,-0.5253580494145235,-0.46192896221524504,-0.4389882590186665,-0.40554497166815295,-0.35220871292276695,-0.3159041103650729,-0.2770046368553389,-0.2023560388502237,-0.15268602030484726,-0.1441417974569822,-0.0575151750457595,-0.009883701295106576,0.05755079207193431,0.11224842023179538,0.17106434324968228,0.21545244418617726,0.28001241436046703,0.36255344650899995,0.4046727713779717,0.45811267792328325,0.5427913596026291,0.5793495026255182,0.6454584561005652,0.7398838124037628
-0.8732774391394296,-0.8645822881627915,-0.8547783297127612,-0.8695610337076889,-0.8514676135152636,-0.8387090063963971,-0.8567220422269846,-0.8611799878922908,-0.838299167929867,-0.8546059696853874,-0.8536135426508705,-0.8274175204772533,-0.8378944303668756,-0.8347049480853194,-0.7984123003868198,-0.7866575743204901,-0.7877608514672988,-0.7520416191800066,-0.7357822164909905,-0.724054418009608,-0.6814481031941617,-0.6787194387329393,-0.6644056271463884,-0.628827613065581,-0.5893756753319489,-0.5762101546949207,-0.5498337137735596,-0.4826713919794532,-0.47397244098316177,-0.4510670025641276,-0.38834268245366577,-0.36795414732811066,-0.33419787206827617,-0.2801744020614831,-0.25521163163701505,-0.21557993045844967,-0.1544839283623513,-0.12872822093108877,-0.07818283898153457,0.014112241348488638,0.05476439551459121,0.11896317409305382,0.1405690344668859,0.2198958220984562,0.260371929809069,0.3105161752602721,0.3993745438606109,0.43315295472311943,0.4430804265866885,0.5574823344898318
