jsons/1312660800.json
{"header": {"parameterUnit": "m", "parameterNumber": 3, "dx": 0.1, "dy": 0.5, "parameterNumberName": "Northward wave", "la1": 40.97354507446295, "la2": 16.46031188964855, "parameterCategory": 2, "lo2": 133.9931640625001, "nx": 191, "ny": 50, "refTime": "2011-08-05 8:00:00", "lo1": 114.97908020019554}, "data":
[rows 22 to 43 of 50, columns 100 to 149 of 191]
-5.558480981049923,-5.5350257750018566,-4.991209357427648,-4.876134578883512,-4.61984967421392,-4.133765021422174,-3.8858024442571844,-3.5519990847965177,-3.1139294352950486,-2.821728001009215,-2.612696452209529,-2.2844666635199347,-1.993504728362012,-1.7469218013507408,-1.6316657339867289,-1.4334107257758388,-1.3255545432283855,-1.2222575928367556,-1.1359022132889522,-1.093181130952728,-1.0168067875079059,-0.92371515697913,-0.8836267901912825,-0.7963385473494774,-0.7676267849814351,-0.7636060794613748,-0.7300260686011882,-0.7021902150113346,-0.703259337599742,-0.6664177744241596,-0.6250830636800478,-0.5941596239707901,-0.5736401310664495,-0.5393409790632132,-0.5180435593035092,-0.489710800775486,-0.44710200709597125,-0.41086781478671713,-0.37003369380498996,-0.3324123649501878,-0.2525656936350221,-0.2207553909242973,-0.17818164672023007,-0.13340467744963255,-0.13468800086332736,-0.12499488246210178,-0.11713262678356785,-0.0949135335394845,-0.08781400368925485,-0.06052648144257019
-3.266037062299789,-3.232178721025214,-2.8841600116091106,-2.944270428799573,-2.858531360040159,-2.5215578511827013,-2.3794029560161807,-2.232040035434905,-1.8193686177733457,-1.616530963259362,-1.4004263346139214,-1.2511094855551916,-0.9431692055586423,-0.7871640574439684,-0.599512540528441,-0.4394934790597946,-0.3984486073478669,-0.40395242849544605,-0.3207346754697284,-0.28509423724987726,-0.3384276798011265,-0.3737394254235854,-0.3099714352602464,-0.2390305732312815,-0.30979460395589775,-0.34432214268258204,-0.3598651000008877,-0.3391213047420922,-0.3431647671151686,-0.32829890447057974,-0.3320444698809217,-0.341981980265229,-0.38007575464884946,-0.3671554740336881,-0.2533756296585784,-0.2348937703647526,-0.21313455746239454,-0.1398012631201271,-0.10722073892003005,-0.09290473448797633,-0.04942638586668987,-0.016952265476145083,-0.005969451196918723,-0.01287050926111302,-0.010567048028422673,-0.013779489573001031,-0.002678805811815814,-0.0036574760328889778,-0.0072551274371394,-0.015196448583370915
2.8190356762449884,2.8952161159383176,1.943334900907173,1.666637954589966,1.3295170672330654,0.9013939980298239,0.8935731430704486,0.7977607625391214,0.7093942451960585,0.6545792733954362,0.5922146455864609,0.6557233339487093,0.6276365391405397,0.5642841240066964,0.6162390279966605,0.614335671993573,0.5230409349421027,0.5271811413519392,0.5670967700887868,0.46009913168569294,0.4384680172732425,0.2670752730767658,0.17203238728872985,0.16001726985878786,0.15929317909933013,0.2036169294073976,0.223859529002326,0.14907321025318518,0.0901344736440914,0.06155475179580777,0.011783888860747806,-0.002001006580920947,0.003500174816945697,0.017190995141799184,0.05682369664737937,0.08341195588787671,0.10725940935356992,0.1818525679269763,0.19767157523343618,0.28340965894146625,0.4238285441236515,0.47724295427853136,0.4736034005745196,0.4447429742460446,0.3783378127791554,0.2732188827054748,0.1412127718208066,-0.11809968927214647,-0.21230668097378508,-0.1905749895857919
2.7617010594758917,4.495489853798657,4.857879611928728,4.717388526290264,4.448070996616742,4.105716114655251,3.8906986530021106,3.7852975589608677,3.056436162478121,2.937176762547399,2.8167862169352094,2.4667486599808033,2.2017250921198106,1.947335971499222,1.844810832584486,1.5924627777422369,1.4852170128899984,1.4205071382651182,1.1786282718022218,1.1403513250372184,0.9909036495628277,0.8953355519540176,0.8621302609572645,0.7543134883394835,0.6633193747711447,0.6269568176781876,0.5736964233767917,0.5262380770454037,0.4123206064352046,0.42016956588813276,0.43053109171994525,0.3638528788161197,0.31947939795778524,0.23773233800603355,0.20500582693820307,0.2204108694820188,0.27828414457398404,0.45461183720827125,0.5231745900869001,0.6166668994842726,1.0641840028026865,1.2595157759247742,0.7283815710783544,-2.5347741306997693,0.14906488804247484,0.622518597181683,-1.3766926149895606,-0.8062338131907175,-0.5613500142985934,-0.15219552993143506
-5.063748727290882,4.93340652334288,3.124115141334631,4.422122940046439,4.447311473939711,4.503245589145318,4.336926072912751,4.181457046261949,3.867918888584869,3.7165583107725,3.4921745413017455,3.366348645983515,3.007421236445697,2.838133791197284,2.641889836071512,2.3954027524182187,2.2216359803245784,2.1539191235717983,1.897833065101173,1.835279203851077,1.6878084336565085,1.5520674452767858,1.4044739334091012,1.3456800368441963,1.1123435733433618,1.0086092823207091,0.9355962087793461,0.8784564200768779,0.8401167514621037,0.7349556973069041,0.6779784849567815,0.5753099537972193,0.5477398288066061,0.5621070507195182,0.6827305668364978,0.7653875550448381,0.8587542183917041,1.0371335606046066,0.7454083222271328,0.6939035257078715,-0.714381389433622,-0.5378118496447586,-0.1920049295630325,0.10653640368699119,0.18989139929247917,0.31343655736612075,0.30738471994050004,0.45119561027792426,0.4456340676878961,0.5127090975660653
4.151048207879738,3.861695052711051,-4.117385489513148,2.941253891981465,3.913330836393149,4.501311422278891,4.434950185427656,4.309432996288397,4.115254651285103,4.018113882503023,3.8304245167917035,3.700973421264856,3.454481975684094,3.3038341564655243,3.2200731860030856,2.94814003756059,2.8439824767206963,2.6727175721611753,2.5120371222530684,2.3760550358079358,2.3388910098332696,2.263918207336551,2.1363497115231174,2.0875166848366473,1.9017413016723856,1.7448639016505214,1.5994352734437771,1.4804227794725247,1.325706050035204,1.299378293297168,1.241521995928151,1.2458560149017146,1.2016741709676455,1.0944879997922412,1.1070368498287493,1.100749667738598,1.1058843927364348,1.0667199002723773,1.0257072023094007,0.976806159487087,0.9131818429239114,0.8935371599503079,0.8343904993345802,0.8098990079756588,0.7798825638836321,0.7494469120817249,0.7369067417570924,0.7435740983166731,0.7447227518356134,0.7538367582099998
4.208176492602615,4.196531792033131,3.508944727911843,-0.882641716104716,-3.5075223797473982,2.8423149450516143,3.9172451181883075,3.917443687715977,3.9518929549614983,3.8796649747734704,3.8013788106156854,3.691923162630952,3.489146299586821,3.3946186633765003,3.274706706975091,3.104514277660657,2.963718654472535,2.888898204556951,2.748900912521239,2.6928004864520676,2.596518261300666,2.5149058254281176,2.5052716389529683,2.3975587220343866,2.332044205089016,2.313644198265897,2.297837815590771,2.303964121564222,2.3925337908383177,2.485444717168859,2.535572237551003,2.5505142380582844,2.3039873588471713,2.072617282337572,1.4760517842843628,1.1492468666291686,1.0991600973509783,0.9815892545103916,0.9050211334219228,0.8227848847234784,0.7716384769543738,0.778085380873025,0.8059690845116925,0.8020946910321672,0.8353008578213074,0.8515577542906088,0.8640658180208445,0.9367845711239834,0.9476842624319457,0.9778763576902787
3.783350243153778,3.8008764461950304,3.846177821180301,3.82777167835833,3.6950650927468303,2.3063861289592174,-3.635493979415042,0.3761860841471369,3.6817207514030392,3.521534808759248,3.5311996760484736,3.5880508050145696,3.4961524257800516,3.40342270035385,3.3671984465285254,3.2474748567570098,3.179551110210209,3.1188435342908214,3.0362507491007094,2.9989414916539547,2.969705390569901,2.891436891032656,2.890583958583931,2.907919584368228,2.966775517880313,3.0231290585362673,3.0939887472685577,2.876689214807577,-3.156226730017649,-2.2532250509907343,-1.1863847330871624,-0.25668960997401497,-0.052805634493544265,0.12133564808248204,0.4349878866426463,0.5664733554023087,0.8159756872007727,0.9422677959328506,1.0257814733293966,1.0860894632713598,1.201814575750979,1.2926540610930526,1.3258675652603111,1.4061604089379784,1.4431361478205773,1.4399342893105127,1.4649087145527018,1.4876475314173085,1.5187525101130168,1.5814889081767716
3.423256465417794,3.412425737595629,3.455175082277383,3.4768643354542497,3.450659695097619,3.48753945554871,3.3789344659938,3.372381562970069,1.369362586997321,-2.795930714153722,2.0776778795367767,3.1595578030545894,3.3240066151629,3.293640846232332,3.2619915618361257,3.204002296130754,3.1617172367815503,3.135045688269953,3.068297100332264,3.0653871475304135,3.0748283293709324,3.016315451756684,3.005496121702803,3.045710555638838,3.0784616699791543,3.1291367474842655,3.159331894274254,3.153608728576318,2.945204971437075,2.848376287668645,2.698828650641614,2.484014017341266,2.4318964519587953,2.419574749526273,2.3577048249154724,2.3173787611181687,2.220328338407874,2.2819229371734004,2.2224135706210895,2.1998776553413673,2.2094669694345987,2.234322057521501,2.2293751835163897,2.1900470626216997,2.180071596653536,2.177137442729452,2.179466974803982,2.1532426929860655,2.178676649783753,2.18211556085381
3.1061746728269046,3.090470887046956,3.165625505327582,3.191774661829495,3.1707772289911604,3.216806219730442,3.215903686948013,3.2103021577738793,3.2295573003825986,2.8269630551402143,2.192052982319866,1.3119294101882313,3.0081975165980275,2.859563149128641,3.137027060764375,3.1342392662698075,3.1122102751970124,3.099116943747983,3.0646982076544678,3.034073798784276,3.0087378636168887,2.976109840932058,2.958308900039584,2.9666449034603466,2.962774021163712,2.978016921733013,3.013859665621875,2.9876286413113218,2.9840525032517538,3.02385815899065,3.036902025939064,3.071894503602737,3.1060092953912624,3.0820113173675354,3.0891026613909327,3.065187021949816,3.0804294100921172,3.0535648172468792,3.034711840393686,3.011218935282817,2.950893864971548,2.9511299392796078,2.889958907827535,2.8609082832012405,2.853013480296314,2.80945819613114,2.7954104149212147,2.756713606986289,2.712945722513115,2.6836448841360827
2.889789777191524,2.9053042866737395,2.8839946359648647,2.6462695329872377,2.12770851550815,2.687917102537779,2.802402446792843,2.8937767679078052,2.9689699848939917,2.9710776189922963,2.9798646746521658,2.980853403530296,2.9413749135791503,2.7078097266977728,1.2417272202128862,-2.9509692957971856,1.4605570155285803,2.5136445295998677,2.922435773472585,2.915493207485674,2.9010689516984076,2.8939921833786704,2.895514400786269,2.9126638548585295,2.8958506479586448,2.8899339439553873,2.95987586191178,2.970902326142214,2.9853655331762123,3.007878920205439,3.0390831487554064,3.0386915534413,3.045790719235873,3.044726803020975,3.0622713458016237,3.050862460887193,3.0178822670882384,3.0369016646800704,3.036041821952535,3.0333190761739637,3.014956605520749,2.9903539010352023,2.979955383587645,2.9720927149243805,2.9581630226681512,2.936317341619268,2.913352038406604,2.8834004959814177,2.8638318515872356,2.8441182437467787
2.6233332013108224,2.6835169928638747,2.889139837154757,2.7317713679625744,2.74508442941068,2.8243213066116515,2.8250347549400754,2.8128250989737795,2.8419411901579443,2.8411310831928485,2.8435045420160496,2.851427024970233,2.868804725398176,2.8792116875418383,2.886634337864597,2.742258263352767,2.524896158801367,1.137542031472993,-2.7928793734104578,2.013058358768512,2.1335254151756655,2.6095982308803354,2.7461312423800264,2.79656804010455,2.875185471583045,2.896200007073764,2.9194420208074314,2.9399181236638956,2.9168055010629192,2.920277580053531,2.922454403591179,2.9164885738842274,2.9336014040881113,2.939611127160959,2.947537347322919,2.959857523449374,2.960819415090232,2.9479207396909506,2.9504765292142117,2.96580871845644,2.9542990354250027,2.944625780689725,2.932802657264194,2.9231677322909517,2.9177952266468976,2.9023855030050534,2.896768293138606,2.892787186532009,2.877565813128902,2.868262418999989
2.223190368118099,2.31890319527602,2.494457019358427,2.56167940467267,2.5719555741254543,2.6694362215840197,2.7342938844366422,2.713036513661446,2.7732004070000174,2.7922028363422045,2.7879962333525508,2.7923482363104246,2.825921495340791,2.8183756753619966,2.840950562908096,2.853651397013681,2.841540017238957,2.8548480629224717,2.877002387930857,2.886060258384927,2.810364407655045,2.6836826638661937,2.558188683009638,2.1032204144541837,1.69210924460188,-0.4043573664853695,-2.9175746334368924,0.6607968915743804,2.1744949747708486,2.737720909518599,2.890870169077751,2.902505771708421,2.9078458783574077,2.9046970409434385,2.902457319900668,2.9003160881675183,2.8967696465528117,2.8897314924143425,2.8902221561592794,2.891896008011213,2.887700818319932,2.8812329735336704,2.865135931040649,2.8733762831027603,2.8815380026816615,2.8785469188675643,2.877886730483908,2.8692592278257334,2.8595461375412623,2.8579795265282937
1.962098519825676,2.0418756045624153,2.1829738002352075,2.243346133045902,2.2793007221180077,2.4437406690629606,2.4734205986460274,2.4931169939399522,2.576435941010987,2.608563138136447,2.6405650171850965,2.6594714477276895,2.73261544804273,2.744302476299746,2.7514098775454,2.7950786371566987,2.8245956145808706,2.835659820765462,2.853139540714402,2.875568052005075,2.8776863343675694,2.903830175127558,2.918730038265924,2.917459759548946,2.9446895259764982,2.911273275925853,2.826003137543073,2.631259774859051,2.6484293982807676,2.4501260408795527,1.3358022215723373,2.9269604895046366,-1.0592951973200146,-1.874399100874531,2.567676992261944,1.8358199947723812,2.0119785700537824,2.6524265051124973,2.6155775748836985,2.6948793497359396,2.8309838546250727,2.852613735393698,2.5984694506200596,2.5314851515292,2.5347766976865627,2.59180838553409,2.639182580862765,2.672874138459624,2.79697574284588,2.808952156800678
1.7460202912057239,1.8116215961907052,1.9088112431582036,1.9748243957472222,2.0130732615532563,2.140479082755232,2.187706981409201,2.2040620460089477,2.2486788507396955,2.307152248464405,2.3362814965296543,2.3400242878307176,2.444729848457091,2.438147230165939,2.499569186663455,2.6032108438119343,2.629536292098846,2.670286254402445,2.7168557112452136,2.7572531327339997,2.7672162968645524,2.7956159357483292,2.8291211233441387,2.867728721890962,2.8992154030172093,2.902254570908739,2.876757120410832,2.8899527220883043,2.908917350694543,2.883564436472075,2.874989101272314,2.8822791971493884,2.8280245827516137,2.853127946057316,2.5363742489230456,2.4671262536376997,2.2094367285799508,2.6240434290470516,1.967733947899016,2.132375480765691,1.7175376001170712,1.9347317359874896,1.6043754970466042,2.333709730965658,2.7816199473720347,2.074478423581361,1.0768816314936351,1.2388875892383344,-1.6648630751237399,-2.6281300907608904
1.5621573003025246,1.6439265572518238,1.7393809938934057,1.7786595274660317,1.8109905886515396,1.9165318572159633,1.9491325249882745,2.0081958800299584,2.0798715693527807,2.1411114209323223,2.175026964061989,2.225084854623222,2.3276432679038135,2.3452329870414546,2.4047813676534004,2.4519825309934853,2.4738974348656964,2.483490913160215,2.5412139640829707,2.590287605859477,2.6195703074756884,2.6918532773721036,2.7046136373587646,2.722329064693549,2.7590841970518243,2.7770356027736773,2.766812551749046,2.774692851294647,2.8196594504400414,2.8174143466609616,2.8009768482593653,2.796989568208987,2.8057723354517443,2.8165961021243864,2.8073573233328752,2.7838133705087955,2.7843521720666464,2.7924592812578015,2.786291464761582,2.782837005408282,2.7861195109203494,2.787431436881892,2.766198080642083,2.7638343835788275,2.758703531681186,2.75087005052732,2.708685406689836,2.650363071993005,2.638384813790993,2.6652528136063314
1.3984121639345628,1.4544835193436547,1.5719215270162046,1.6078788363326273,1.6574296819734455,1.7222927813723854,1.7780773294137424,1.8132166727236292,1.9484895599733991,1.971005170869253,1.9850376428098961,2.0234360401997553,2.054787148251134,2.1005587977567006,2.143746567616311,2.2176822717052422,2.2658145151705726,2.2812453982958982,2.337851672581231,2.3811787039419534,2.4343948011340473,2.4961659767745594,2.526889107141801,2.5166364526147538,2.5670096307134855,2.583515615111887,2.562126719572922,2.5629078869299113,2.614980957409684,2.625807665197389,2.627989170773026,2.652913506432681,2.653853898399572,2.665274147171693,2.6846398600288346,2.6755027710816233,2.6755465805508396,2.686713481748917,2.687350786079019,2.6830547919114918,2.6901364535980776,2.6895444317676582,2.6682040559168287,2.6767191329479965,2.6803742411581664,2.676411884162547,2.66562179932311,2.653256126338731,2.6291793420944582,2.6214886184452957
1.2496958673483585,1.2798478442594847,1.3844130904581173,1.4259564008691263,1.4653881438469705,1.566955596438519,1.5779569316017514,1.6313206959646873,1.7229937953435703,1.768751134440117,1.7729502989552184,1.8192481413684365,1.9077197238914643,1.9477426349799734,1.9760418011289862,2.0266559487908813,2.0542701836108415,2.0838563879129937,2.1592947222196974,2.1876251611767303,2.2182588361219056,2.3119498458568617,2.3234445253668157,2.334911297041685,2.384945496994939,2.408303890694479,2.403139792405106,2.41524438397297,2.464777432740875,2.4856768282020396,2.5088251504070347,2.5247962586209374,2.5149621615304465,2.5263210982775375,2.5414899718848765,2.5294712259332353,2.5379052570405403,2.558128439493233,2.5589847037619937,2.527230790555586,2.5278154945509534,2.5431595997088126,2.544886157774234,2.5518993476638347,2.545196691921199,2.5308479300110998,2.529853128337771,2.5158101720877983,2.4887488206610784,2.4651426117300765
1.0963562698124782,1.1746775817639892,1.2845423477627809,1.3405108851788572,1.3472794838181759,1.419811790807509,1.465508755121205,1.5245673559332231,1.572332016914647,1.6179896416580053,1.662061487768372,1.6845702018872777,1.727293979152818,1.7874055400699376,1.8287371220174156,1.8746777973127335,1.9101820719684726,1.9485735851023696,1.9864690483823177,2.005222403724061,2.0533118139380484,2.087538595446632,2.125884024270023,2.1697410232993155,2.2838819605243876,2.309965188401876,2.303655209789263,2.3102859657008596,2.3506124619853175,2.3527439290453533,2.356143685279062,2.3946487635234024,2.401038880948112,2.4142370990931394,2.435203917386279,2.425449379796413,2.411738557482443,2.415384334337526,2.4098819769512474,2.3907792054931427,2.4255406478551045,2.4331368341630317,2.426896544340926,2.3916738856567905,2.3777010047274785,2.3348085088413204,2.323446968971643,2.3218255023718615,2.3089943632701697,2.2792248937680886
1.1122550096505879,1.1400513338742522,1.1922113055802042,1.2353723361713582,1.2592857646689188,1.3233098537864405,1.3627748006101037,1.3935590354770535,1.4800650989598363,1.5281804803891321,1.536920340354407,1.5555010596421892,1.6421564043395362,1.670448642541897,1.69283681120377,1.741731679142613,1.7717548172406339,1.7922153576647235,1.8570244700695029,1.8996730719261392,1.9221810471116783,1.963557002753405,2.0249212636217337,2.0626150446703617,2.082723844986701,2.1063137755029744,2.1331158907110113,2.1471087382151146,2.16435254303271,2.1652661636030524,2.1836987797337923,2.199663468283373,2.2036773932007367,2.199915012266981,2.21475417346454,2.1891842578206586,2.193084083268777,2.2122054076023456,2.204127459094341,2.188822916510743,2.1852234002564956,2.184649163069357,2.1714673809146325,2.1573922971088786,2.1266500748218045,2.0722991953156993,2.0175429743226467,2.03435548897235,0,0
0.9981429932633197,1.050631724528197,1.1235438312788155,1.1548541555234288,1.1998876027751086,1.2539486632868715,1.2712455106256735,1.3072631162020585,1.3320502899635842,1.3588892615165302,1.4049284716800854,1.4298123921083137,1.4748255138929474,1.5134811736130114,1.569568499275901,1.612133054613349,1.6299522516858824,1.6689542250214584,1.6934482435990934,1.7166155006104566,1.7631564181390815,1.8124917332710677,1.8407549846747497,1.8656504501009945,1.9597135579605576,1.993345285837677,1.9847066656198553,1.990799155869261,1.9986123976298515,1.9894488640015302,2.0029973062514523,2.0283932644736744,2.0169898172652383,2.0240466861100277,2.032293854094635,2.034772214492925,2.0463544024212594,2.032478848789208,2.007809174179518,1.9660164513047238,1.9524609364077228,1.928116896471824,-2.6257448949807807e+38,0,0,0,0,0,0,0
0.8054804086232212,0.8472662937059331,0.9201108288135896,0.9466262692633172,0.9758083609406839,1.0561228945576693,1.068262060554763,1.0923751481164212,1.1826942374256453,1.211966386791218,1.2590199585474253,1.2906360253068838,1.3593621279835055,1.364281354974789,1.401436380285599,1.4527058136618083,1.4854652234853185,1.5061973317920356,1.561912984765516,1.5855010728133638,1.5955490106623704,1.6276979371964218,1.6306267131373247,1.6419197977200068,1.7083267037375687,1.725262567695625,1.7397141433558443,1.7513051176960157,1.782534757538354,1.7717490005267413,1.771190076929046,1.7764697247145638,1.7822644560104004,1.780457952079815,1.7429630857386096,1.6908754039816212,1.6858014180061405,0.585337040694357,0,0,0,0,0,0,0,0,0,0,0,0
