jsons/1312642800.json
{"header": {"parameterUnit": "m", "parameterNumber": 2, "dx": 0.1, "dy": 0.5, "parameterNumberName": "Eastward wave", "la1": 40.97354507446295, "la2": 16.46031188964855, "parameterCategory": 2, "lo2": 133.9931640625001, "nx": 191, "ny": 50, "refTime": "2011-08-05 8:00:00", "lo1": 114.97908020019554}, "data":
[rows 22 to 43 of 50, columns 100 to 149 of 191]
5.339394160195952,6.1999405344745355,7.191347778282372,7.538795843979087,7.962534469537305,8.439596389660514,8.522523498548189,8.617614346577458,8.849958004457198,8.913034498034971,8.810674304275153,8.73476969696807,8.75949323669149,8.453389497507354,8.391962575882573,8.21568115326218,7.972321700426575,7.801655356094042,7.661113310756679,7.471082147060205,7.19933683979101,7.010172867535652,6.777815682792002,6.581536016275899,6.501757138446798,6.373331759860988,6.168793548513398,6.007380676088554,5.873352714452066,5.637643046245239,5.463459690613183,5.385688619120774,5.159980161475928,5.016195467014019,4.8948514027046555,4.720199140781756,4.620328252271952,4.593882238445143,4.468117559383892,4.331682419506771,4.268249903653279,4.192848581574409,4.034519038980073,3.972407862788464,3.8837128626059245,3.7076558866018203,3.622082143914089,3.5403604063871414,3.418761974225304,3.3421432018729
3.7516206327300186,4.556347063494728,5.9773625920726055,6.495610586532387,7.2205678518170195,7.779345288938524,7.977704412418211,8.245553215746982,8.483353812161669,8.587859788424044,8.497239921289818,8.491758592862203,8.473495507732032,8.300742370816987,8.189867406652445,8.190280678632549,7.922057544461851,7.762917313081111,7.669997394561853,7.507598190087153,7.257719849350763,7.1072878025726824,7.101109509843037,6.790803027366421,6.648905085940821,6.4911707059355415,6.2016230277253115,6.010748673370146,5.898542431267538,5.598967649319233,5.487780193515049,5.356114534534921,5.08817775170438,5.050232485535816,4.963670359343192,4.736253928392143,4.691372706388846,4.596968947067427,4.508667786325934,4.363661577192445,4.279843180039165,4.204800818632984,4.0538324803008985,3.917129291128018,3.8467101409276334,3.630727623599439,3.5539585762080645,3.4798969023323494,3.3693414558201087,3.3528756832173863
2.656856375234733,3.284735562773697,4.725859971403974,5.05986702350699,5.80556852209369,6.383659556158644,6.837224298173778,7.088621411608175,7.55408148482348,7.603652311471048,7.845827547206781,7.79066110031755,7.8552328125087465,7.726205536391492,7.711640910516778,7.663048447883418,7.472280011611027,7.4768574533529355,7.342200962890673,7.2055115530175105,6.960625450394328,6.864298063616885,6.743086441106507,6.5355373569179855,6.416116022829655,6.308444924433651,6.026837916007861,5.885999089964386,5.724991386192198,5.499393058783,5.346828741598484,5.3079409768850265,5.123241376372721,5.065331192739191,4.938952283440626,4.76789325669921,4.6626944308177265,4.576142126269929,4.495235651072552,4.305306978502977,4.237709757249525,4.128884403021871,3.9050712518799497,3.7524078070491416,3.69716796031047,3.412514468863497,3.3082325982913896,3.208979852408047,3.1577984011232663,3.1918806870441045
-3.333054570705659,2.6356175829763377,5.792224108225017,5.998003293060034,6.263337910841088,6.28058379897098,6.443141703174709,6.6419799059704205,6.690812905909157,6.72618477977618,6.865375814765135,6.951724566755277,6.997168743878676,6.918970558712303,6.883694679691152,6.812455643672392,6.707606538349621,6.6064693969394455,6.4605689212335315,6.433056920113167,6.147881195728653,6.082449550411695,5.957369422495897,5.829169622955603,5.779999539363147,5.680101452779771,5.511172480558675,5.416153997195204,5.339799201629878,5.175629492396152,5.1021041852834,5.015031596343266,4.840024645810638,4.769462600718015,4.6911765104368275,4.568456043680322,4.528310113631092,4.470903245760599,4.40530850749072,4.228149662330931,4.0355151320312475,3.843906332452644,3.167216518039373,0.3952365879279445,-2.379605150629412,-1.653359692463919,0.048189165757767265,1.2438835771663603,3.2745568436898935,3.4323081369348967
-4.113490193393739,-1.3013838750028268,3.203974689576462,5.631504527530526,4.648031124513899,3.6622293391845755,4.413842077888665,4.643642017339004,5.22806833325162,5.424709302632714,5.5648853641221905,5.617050853536575,5.737437484392533,5.743004308044756,5.756164604771594,5.73982599075296,5.70954033409068,5.617414974724868,5.512064970055743,5.481266967278589,5.356108969920046,5.332534006695005,5.271796227116293,5.1293967751960805,5.0893711049780705,5.022927518324325,5.001078832504027,4.928411464743698,4.888002293261274,4.725286303250208,4.69620088389056,4.581834165749215,4.469350250725084,4.414348863761101,4.3587344678520346,4.221583502597661,4.1432034436167005,4.0287420545261154,4.041312490912164,4.0481996369302795,3.2323776922574443,3.330647182593253,3.73422713575297,3.6968693899113605,3.6870869494835516,3.5775981155950674,3.5780691546283525,3.536296275179994,3.50388979550824,3.4828344642965314
-2.0921863308489197,-1.4526994758978193,-3.1684565848449573,-5.161915707170825,-0.5315609890109438,3.8226574993667684,3.0174572910206203,1.6723850115914953,2.4365775378652224,2.7135525242279277,3.0945082347987065,3.373522583006436,3.870180389550589,4.039322306476904,4.151455828770742,4.497301333646207,4.533747404711081,4.625527815226944,4.646719017156993,4.697410402378601,4.660094878591756,4.64739561040243,4.659105509601738,4.612867152361622,4.640431443806404,4.658311477690994,4.676741407715065,4.754474496517486,4.756211763174822,4.597119147996027,4.465775133721052,4.410531643474386,4.300253042418345,4.268580380187069,4.2169303887301,4.1043281227169635,4.072000771141102,4.035942657324003,3.9867921890010853,3.907606725582974,3.8669857759341664,3.8150439371188587,3.73208347852206,3.6759117449659104,3.6117252829125275,3.541292392012739,3.504852473499641,3.4748815647308664,3.414853247477577,3.3846006442813525
-1.6254963308762818,-1.436322342756622,-1.3344340767231042,-3.107788504127045,-3.684760600764464,1.2897975802613546,3.3028673548040874,2.255359632806983,1.3105938310729457,1.7381150766365443,1.9375692835223002,2.219946907565012,2.765969531572782,2.8881987490068997,3.133135850653386,3.456146323987486,3.637414890364641,3.7099161832838012,3.8508448366931796,3.866430886938646,3.8411625370033695,3.8127664058860717,3.7754454119971115,3.754830966716784,3.722157330388011,3.718256574923872,3.6878859217513176,3.6458233821301147,3.510230061849506,3.3730289160703255,3.249146262073495,3.213338870913756,3.3959386315389697,3.5616290688583296,3.8399211144313945,3.671742015024781,3.6528143253394467,3.5838509281499418,3.548171386743595,3.479405644831953,3.4623838878435573,3.4457439138034935,3.4329109960263295,3.4189609747633094,3.4083489892857606,3.3967966424125597,3.389748188890241,3.3371588953560765,3.3143319365267034,3.275585279207468
-1.5906308517656884,-1.3214181407174068,-1.0249534457553275,-0.7817067862440709,-1.2664256044902422,-4.4726391650719695,2.6707147325341816,2.7879988604958132,0.743685182611258,0.866811019736096,1.0653747818761545,1.28985117209382,1.6642176653574547,1.898190090478879,2.0510065224916696,2.390272257983899,2.5270577403866286,2.6395914625775716,2.77988993435158,2.834273013302581,2.877005817269258,2.9764752894417112,2.9487354561649037,2.9117539043107588,2.8146198533456737,2.7465313719480045,2.5607769251047183,2.8164634247269267,-1.6985962009085995,1.3792395805499829,2.6347259499933013,3.007457706299003,3.288317311084525,3.3754043732409227,3.408424827090438,3.511926635412218,3.4551975597753852,3.475635286903916,3.4468835826800612,3.4316345658997616,3.3683434384669924,3.3125436325519435,3.2596036300992663,3.2179154356339463,3.169380508173886,3.1477619596340634,3.122745452948194,3.0885687210936092,3.053177198334526,2.998285820261447
-1.5739795344528076,-1.40222028495553,-1.1278792073161423,-0.9016010656685336,-0.7990815883844764,-0.9639844461426851,-2.6396460840636182,-2.709015785196771,3.6256175361140754,2.092306657892205,1.3362543365407997,0.6534302802453176,0.9369233302546358,1.057282141969376,1.2260459066304032,1.546409373444628,1.6521158718222673,1.8130962572538625,2.0106766589412777,2.087891983573243,2.1777220553795917,2.328235520844884,2.4046121563155682,2.4918825379371734,2.493849813471688,2.5109815294256723,2.546140289038927,2.610979972021516,2.8687164659309325,2.9358672154662213,3.0109480920298406,3.1461609948974933,3.0866681870181774,3.061258381919361,3.080966639764554,2.9957576851181518,3.0191939354583806,2.944277819783422,3.004871122582974,2.9539821761565617,2.911642106469923,2.8745605778157377,2.8134247882544243,2.801980744253273,2.783953775949654,2.7450336266417836,2.7141311612155525,2.710984116888596,2.6497192519342883,2.6191449538352205
-1.8894031794828858,-1.7930573304424366,-1.4664606467554628,-1.2702053558833768,-1.178441381510121,-0.836783385849056,-0.7055463198538713,-0.5424357166857359,-0.5195713573048033,-3.40749782040329,3.576055754253515,2.6887876313829064,0.7881505699792871,0.48955349589469255,0.6287995139159966,0.835683419101797,0.8720633235981621,0.9585700857380776,1.1489612925931516,1.2522331489174519,1.3538371694621405,1.4591768930294655,1.5183635002952756,1.585200738100517,1.6738594364881643,1.7368432713590964,1.7831326445980356,1.8165991322114898,1.8995315675419604,1.9165866181111568,1.9536483536557412,1.9921795769550381,2.001387064998324,2.0396313104951957,2.0264325561575864,2.056250982680356,2.040990747597951,2.102172935871905,2.121695841039322,2.0615589938149808,2.1684675609317594,2.1677427801934464,2.1171628832894496,2.1419771054592127,2.1217032596713468,2.073795430644321,2.070777619250484,2.113145993771541,2.103079210580274,2.1229720996260917
-2.4922746475640416,-2.3753232201597343,-2.1694976276270372,-2.4443090600053208,-2.6806807908577603,-1.772933857412231,-1.5276547277841666,-1.2801404619518069,-0.9381529205722122,-0.7688475014406779,-0.5706879055523372,-0.6321012901153995,-2.2980704307661544,-3.583576531047794,-2.720384262612197,2.492708621353864,1.4381713029708627,0.850778889771155,0.49326107058116403,0.5365217367918922,0.6242847778975119,0.7429522170576947,0.777041074512789,0.8862036283113335,0.9869354878941582,1.0175703440195147,1.0415975906137243,1.0835651185014583,1.1196816498447126,1.1311263495441144,1.1602364768886593,1.2105265694564142,1.2455292162405722,1.2561118227714307,1.2520793263566,1.3267017645011865,1.378188401729655,1.422631723884458,1.4737362255163882,1.4911663799355108,1.5329395530981207,1.5811252588062017,1.565336747677702,1.5793088704943994,1.5885712274676993,1.5694104830287459,1.543989036952282,1.5975273491804507,1.6072243689985228,1.5927019367099458
-2.9867407005952793,-2.7208649160274154,-1.983297967501987,-2.1461232914197987,-1.7624833724838649,-1.5046036576390627,-1.510137392507351,-1.4209187223954773,-1.1817460667155844,-1.0990668724745685,-1.0042648633612887,-0.9500386781591765,-0.7571328354680998,-0.6687787658602007,-0.5955145390223127,-0.9479261282741988,-1.2615008853119924,-2.253910810888211,-2.364474643754391,3.0418913642294054,3.034154932400496,2.103724945207074,2.4453616570151313,2.032533865362801,1.0647855341321648,0.7414966870670122,0.5026111487880227,0.5163894476897846,0.6181485295068925,0.6621128212064537,0.674115334292771,0.763985704241979,0.7828272950426538,0.7911632694612446,0.8653355103604762,0.8672453497415221,0.8815639451102764,0.8920801173893718,0.9422524731169127,0.9473901277817603,0.9766638045713968,1.0379782212418511,1.0453623208624923,1.0771907811425916,1.1148923088241796,1.0954062679029761,1.090302677246009,1.1515227720384291,1.1323232815423787,1.1447246833248024
-3.3189310884629797,-3.151637806218832,-2.864003188099083,-2.699554370217421,-2.5448731995547638,-2.3334689885195363,-2.1533037730814963,-2.089258007017564,-1.933720491041342,-1.8266142297107395,-1.747073221291892,-1.6124717354709854,-1.3939033280486015,-1.2680229315282954,-1.135365680148721,-1.0497017948384062,-0.9541831966830927,-0.9052896148832625,-0.7905767998827948,-0.7008109041324406,-0.6506221810958028,-0.43823064850513027,-0.4157226194397619,-0.9041667087862584,-1.7276252072049267,-3.4046863204401716,-2.082067444903696,3.3957300044480045,3.1861323902385514,2.967605953535848,0.8921457780792472,0.8620049120617517,0.3872998672939644,0.35461598899313035,0.38182508808855325,0.4112352282186185,0.4574191721137417,0.4980721219741696,0.5202664340359343,0.5561646985419205,0.5942869502899466,0.6280691055843706,0.6527011118961213,0.6706031128915376,0.6646541540421764,0.6538685522464245,0.6994886404590299,0.7218351544385839,0.7378396151384494,0.7539024419553056
-3.2392795599483284,-3.1628825572172596,-3.006394230693129,-2.925212097633964,-2.7782569930429784,-2.5964397119272125,-2.5246889643353367,-2.425611878203405,-2.2702436500677243,-2.2054065964723857,-2.103094638027816,-2.054214351324978,-1.8512890621607492,-1.7421284843968277,-1.7146135472880137,-1.5414521952620692,-1.4052196483747643,-1.360718522394578,-1.2667879751234146,-1.177434502543876,-1.111298783226603,-0.9672313718629233,-0.8737705060735929,-0.8662356880254055,-0.7741538715306359,-0.7324849252537186,-0.6092845092122867,-1.008121242234975,-1.0415046342013003,-1.5253283957816846,-2.341308143924615,-0.27051632980302354,-3.1992572894935174,-3.404850825898231,-3.0042546066330647,-2.7015243356668983,-1.7051938572646699,1.6053330135894097,3.315301641645271,3.322922049828651,1.315381705485333,0.6184396094182584,2.018729831194718,1.9718305966698197,1.5062758334766504,1.364549989586398,1.2386963913986555,1.1436018984212413,0.537901321417645,0.4342723020035219
-3.141201060771741,-3.1086420662785614,-3.0389057736746494,-2.9973967415728135,-2.9527639880332126,-2.836532190155185,-2.769657946849808,-2.6700307291864562,-2.588433680280729,-2.5059490841218666,-2.4317298820370543,-2.412478495152163,-2.258074566324566,-2.245817754809717,-2.1398930745697227,-1.9337356746226761,-1.8757591027175884,-1.7997344488140201,-1.6983507207391,-1.6088050958102167,-1.587552873661662,-1.4779400896041774,-1.3744377275116653,-1.273633774120165,-1.1917871119121761,-1.098208312861172,-1.0727741690279728,-0.9861258827556579,-0.8528652310861513,-0.7945321838585017,-0.7191921314512465,-0.633905511739884,-0.5910712021131141,-0.5902334434064331,-0.47410532856594517,-0.44146077392242683,-0.3866953963716347,-0.3375408186039448,-0.6715463380311822,-0.6357468916022259,-1.247690044130886,-1.4481008006863871,-2.025530881361372,-1.5424020104635525,-0.354331554135392,-2.108922997945061,-3.0129278511856343,-2.948313661163063,-1.9324905005048845,2.1640173519268218
-3.0629723590241023,-3.0228306714450177,-2.9606829760428246,-2.939257501740773,-2.90894690902992,-2.812845741060256,-2.784424147367227,-2.7084820042675366,-2.6183993188569508,-2.5500273201284522,-2.5035251192546832,-2.44886067061644,-2.34329281494335,-2.29822130810387,-2.228928957457063,-2.1603181522926,-2.0956662396767882,-2.055382483165637,-1.9619389115029244,-1.8849770506378722,-1.8146657602255958,-1.6738818705990945,-1.6317452060922926,-1.5677810858040329,-1.4760465054869538,-1.4033527325472972,-1.3174568290330324,-1.2484326361362752,-1.0399966474633122,-1.0189930143834556,-0.9937708795882958,-0.9370560951219494,-0.8663461309272663,-0.8193103548650269,-0.7949663833204023,-0.76116735460018,-0.7169383064731166,-0.62707072290231,-0.6098010095481265,-0.579763478547527,-0.5457508672475068,-0.49909798082782386,-0.46522659658807064,-0.4019634534281116,-0.36497823906480864,-0.3260950506821062,-0.586604191895076,-1.2445596493197095,-1.3155161644777276,-1.1535928932764938
-2.930353978594635,-2.9142626169413575,-2.8592408143183894,-2.843082160194626,-2.802352680069119,-2.740436778383789,-2.696710665068261,-2.662652174602561,-2.5378399074198468,-2.5193802950308712,-2.4901447681446833,-2.43715394961369,-2.376589979470954,-2.3360731789992677,-2.2906061570277045,-2.2044512927524993,-2.1732825319119233,-2.1404523159451796,-2.0491179267740303,-1.9891412894619365,-1.9265994748425792,-1.8333858164319772,-1.7561001013754989,-1.7235427731227728,-1.6235403065829204,-1.5720961805227391,-1.5371358833541193,-1.5239688392670272,-1.401471031255815,-1.3373376789782574,-1.3026543013033547,-1.2366913350242044,-1.1867127202099716,-1.1402034990537568,-1.053164658047536,-0.9934769338366412,-0.978688495021444,-0.9263703072582773,-0.8845147223670439,-0.822236333397503,-0.7792255551554103,-0.7733405686033824,-0.7495569965826239,-0.6585710424946836,-0.6037550680723924,-0.5871915394925867,-0.5825663590032768,-0.56224481244859,-0.5380539972489532,-0.512531886094359
-2.833288494108552,-2.834730719542381,-2.781485547765339,-2.758331615240327,-2.7388867355055755,-2.6870801911045143,-2.6634362412272115,-2.63029064376113,-2.561134087556778,-2.5188682596395577,-2.4924543991965153,-2.4692484269909074,-2.4035160224658636,-2.3526680558163364,-2.3124877134421804,-2.250237194650205,-2.216568738360032,-2.1886906807880893,-2.104574316254006,-2.072430403355241,-2.0225341520527054,-1.9046455383826042,-1.8814342169826015,-1.8557312221290811,-1.7641544755875687,-1.6975251988376332,-1.666212959431849,-1.6537523680686759,-1.574799999062274,-1.5020358036711194,-1.444028033587433,-1.4065750190319937,-1.382589277669173,-1.326601525860566,-1.22611809210876,-1.2119854097345701,-1.197426491274933,-1.130612137196813,-1.0946490690426065,-1.0713017440267067,-1.049210978217766,-1.0097591555472925,-0.9583960454805429,-0.9119374581234321,-0.8980652600788258,-0.8903617413636536,-0.8649743197449125,-0.8336194545598745,-0.818638644558207,-0.8137068980926883
-2.716842587748603,-2.7075545755578823,-2.670144404677014,-2.6443274330921245,-2.6323931695561313,-2.5928598944535874,-2.5708408585028857,-2.5383747401310512,-2.505488364102524,-2.466837725127666,-2.4303097213137828,-2.385327911075115,-2.344335617552202,-2.3100435732065634,-2.266436596889325,-2.209694428939149,-2.1845963382427573,-2.1487803787066664,-2.110106928482387,-2.0863601279805906,-2.0385740415502323,-2.003173003885373,-1.9656306107791597,-1.9118916900996954,-1.7781559757011058,-1.7428407481105586,-1.7435551485880039,-1.718304495966212,-1.6409788361858524,-1.6111070706758925,-1.6028471008685694,-1.5267674307866304,-1.4744626082222736,-1.439873740660817,-1.389790012990342,-1.3588831100509327,-1.3181212331694854,-1.2770805432793866,-1.2591166136977476,-1.2395258122104484,-1.1588126854503153,-1.1368488577637066,-1.1195889557159386,-1.138489679762952,-1.1095971747125568,-1.0867824990710095,-1.0783204788316767,-1.0920879452623284,-1.1176997859594133,-1.149027872187314
-2.6127468780653706,-2.621629633942111,-2.5962913282582414,-2.5830442704474756,-2.5764031577155384,-2.5303313889684897,-2.50767096388659,-2.5002633539291232,-2.45072786031256,-2.416523054399272,-2.392352204341973,-2.3860281116260067,-2.3236515877705575,-2.2993709045311013,-2.283462331666254,-2.2242671363691118,-2.2005912445896287,-2.177468981165326,-2.107851921327821,-2.075471392820865,-2.048860031483094,-2.012974543914667,-1.9628455282615473,-1.9379064086001445,-1.9156077278751875,-1.8797804758665828,-1.8402605039711664,-1.814663213978378,-1.7767259029759659,-1.7442853305472243,-1.706514505371123,-1.6688974603438504,-1.6374309382641785,-1.6201525271974702,-1.5661711352782046,-1.5307536947862534,-1.532826814978624,-1.5084093375888272,-1.4956300153211564,-1.4864182314169556,-1.4513769837080697,-1.4312289041549242,-1.4137036321436882,-1.4271722201414871,-1.459181240400107,-1.4861782487341997,-1.5372845237988184,-1.505512761570326,0,0
-2.547175665126888,-2.5418134377971877,-2.517568602462647,-2.5057404267202155,-2.49622209400984,-2.4713810532304565,-2.4603208510038588,-2.4341649824162177,-2.403602575033537,-2.385147153452297,-2.371963732993075,-2.3570085327772685,-2.3223021050547135,-2.3035649893513783,-2.27330342201406,-2.2414846073329557,-2.223659490270577,-2.1940582300349702,-2.1712457047372213,-2.1468427511527803,-2.1158048870894874,-2.0719661417099324,-2.046867292269755,-2.031331533073374,-1.9600538186760523,-1.9506299762497712,-1.9453360767908188,-1.905111339906586,-1.8630336905187692,-1.8426756367865236,-1.8241523044503662,-1.7852910962701793,-1.753814095216374,-1.7300742005098102,-1.7028535828991338,-1.667959418481761,-1.6492908426169202,-1.6622307119298512,-1.6633530714386804,-1.639112623456266,-1.635557724720769,-1.6397407017817425,2.1756639262304525e+38,0,0,0,0,0,0,0
-2.48630327903228,-2.486196950350307,-2.463439585598745,-2.4596679915879585,-2.4566508391079354,-2.4282531440763306,-2.4238991136730252,-2.4258094927794986,-2.4042589594418926,-2.4010935092293018,-2.3826685877180203,-2.369851560713122,-2.329771250347253,-2.3290084719741704,-2.3057677441278264,-2.263237328544193,-2.2434316881674254,-2.2302670804057096,-2.1933643394456332,-2.181436193513985,-2.172946024436297,-2.1450250851705444,-2.1412384254648136,-2.130957909207337,-2.0739200226969614,-2.069513561127932,-2.0598033273930043,-2.03511062437366,-1.979327629906356,-1.9314824735949847,-1.9123474227780535,-1.914298786347526,-1.9085735447309495,-1.9032698556329013,-1.9206779143438861,-1.9009765952655344,-1.8912033507833852,-2.4988014427109797,0,0,0,0,0,0,0,0,0,0,0,0
