jsons/1312549200.json
{"header": {"parameterUnit": "m", "parameterNumber": 3, "dx": 0.1, "dy": 0.5, "parameterNumberName": "Northward wave", "la1": 40.97354507446295, "la2": 16.46031188964855, "parameterCategory": 2, "lo2": 133.9931640625001, "nx": 191, "ny": 50, "refTime": "2011-08-05 8:00:00", "lo1": 114.97908020019554}, "data":
[rows 0 to 21 of 50, columns 50 to 99 of 191]
0,0,0,0,0,0,0,0,0,0,0,0,0,0,0,0,0,0,0,0,0,0,0,0,0,0,0,0,0,0,0,0,0,0,0,0,0,0,0,0,0,0,0,0,0,0,0,0,0,0
0,0,0,0,0,0,0,-0.001317130011759921,-0.000542581068872904,-0.0001268620647584674,0.00017041748933046275,0.0006105803114466695,0.0006189160572067452,0.0006852068607764001,0.0006689433240341456,0.000636969524915936,0.0005077226680820036,0.0004944348226406941,0.00044721044407081996,0.00032707844297113147,0.00026386096940414657,0.0002584905577328963,0.00021168697966429808,0,0,0,0,0,0,0,0,0,0,0,0,0,0,0,0,0,0,0,0,0,0,0,0,0,0,0
-0.021205803427525108,-0.017283638081226786,-0.01475200022686169,-0.010207299637569214,-0.008293505679028323,-0.006457748335897723,-0.0039365874831339045,-0.003446004041888328,-0.001758852725197138,-0.0008575506515034138,-0.00015123398925039107,0.000520311995547261,0.0006453312637597202,0.0006543013479376397,0.0006980593783145564,0.0006320764941070968,0.0006184468228533471,0.0005731501801062545,0.0005121820000726805,0,0,0,0,0,0,0,0,0,0,0,0,0,0,0,0,0,0,0,0,0,0,0,0,0,0,0,0,0,0,0
-0.03839227064526736,-0.03617069080248016,-0.03422166674855866,-0.029713545252922482,-0.02532378515079393,-0.02320063920735306,-0.01577461540397185,-0.012181891554475582,-0.00918303404755296,-0.00528900093422422,-0.002186607121031142,0.0006426971651566236,0.0005010572530997117,0.0005160297512336758,-0.0003936678188538243,-0.00016773425074729262,2.6582662664717455e-05,0,0,0,0,0,0,0,0,1.2961656545053084e+38,-0.050611397527521564,-0.047878163706840914,-0.04628457200655331,-0.04370807262869786,-0.04041642738140752,-0.036288810265580666,-0.03451118421712309,-0.02994558632535592,-0.026515455276250544,-0.025176675993387566,-0.02066081505923538,-0.01935460708724225,-0.01608396970471006,-0.012354210021975306,-0.0091599945045472,-0.0074325847123992254,-0.004675299000088624,0.00013771037842604878,0.0028563559685073326,0.00514087735078603,0.010025762796972289,0.010980177367388367,0.01184160035854328,0.013229629037065531
-0.04719990290544882,-0.04717894560855166,-0.04827100957543999,-0.05034743961964394,-0.04883553476458594,-0.04935490536096363,-0.04961668207570267,-0.049943089261966646,-0.046730308080086595,-0.029771012217466288,-0.024304185926231965,0.0007062181598326929,-0.008815134249679439,-0.008729704139132132,-0.011226238658578023,-0.029946311300310387,-0.0714605328392856,-0.08447258041167315,-0.06806458719664876,0.03449555576643328,-0.07691296639864963,-0.07562642489274261,-0.07598011513202457,-0.07520220101907849,-0.06988503512117776,-0.06790123655489218,-0.06514937457419136,-0.06196152517697967,-0.05895364256971772,-0.05773119624896346,-0.05332891640580113,-0.05169599316350859,-0.04737850020512084,-0.043104204442290496,-0.04016479692610873,-0.0369222006389742,-0.03160701042182585,-0.028824927329771658,-0.02610340818643478,-0.02188192248119762,-0.019237768364628857,-0.016907319438042207,-0.013131692901646208,-0.009120162228378892,-0.00470238418575125,-0.0030576028423576003,0.005528709710473087,0.008481975986247515,0.010271493809829297,0.015343795695464813
-0.04481898173571753,-0.04481486372841977,-0.04613527895172833,-0.04815969938589679,-0.04920704350953438,-0.05077930094270387,-0.053840973899364104,-0.055792561571243966,-0.05577230788643864,-0.059433786735010465,-0.06107456042168619,-0.06117478243675068,-0.06597261484837827,-0.06810050822220634,-0.06679810018778314,-0.07120338472057791,-0.07618633423312028,-0.07816104338403339,-0.07599124971633724,-0.08497442857626177,-0.08114553695229673,-0.08262137284943295,-0.08562358771696675,-0.08476369310528788,-0.08205049509053441,-0.08009906250861361,-0.07822972564210737,-0.0740518359032164,-0.07229903063277567,-0.071653372410218,-0.06704896720322172,-0.06557863366981471,-0.062191305393576965,-0.05896892695768142,-0.056419550645186875,-0.052647657453773006,-0.04510372565207483,-0.04126979070237433,-0.03836158216689365,-0.03171511811717353,-0.02861401611299365,-0.025164202489560535,-0.0223317518294081,-0.018532682978170602,-0.014791030681452502,-0.01110530294296236,0.00263635856053762,0.008532260471476559,0.011677322438967602,0.02014732580842301
-0.025789644378880688,-0.02703875131697737,-0.028113396823357426,-0.02991276910162725,-0.03193431846161208,-0.03205316875785366,-0.03450229349496717,-0.03640768375535024,-0.03883043469822404,-0.042027354035416485,-0.04435426892424288,-0.04696936187152491,-0.05164473001491447,-0.052409527843490546,-0.055554297777658315,-0.05920840741697181,-0.06371310820273843,-0.06596227324889761,-0.06892721142451765,-0.08138602309132248,-0.07596428448837664,-0.08255033514323294,-0.09438756205857557,-0.0958213900736403,-0.08754609115711688,-0.09398309269302299,-0.09338681477719024,-0.08898124257391478,-0.08707228537899782,-0.08694727476880558,-0.08324927892966091,-0.08172195801943105,-0.08024741192134932,-0.07682848136982068,-0.07418407209036952,-0.07160100024339862,-0.06599771536582652,-0.063073462863607,-0.05820509192678566,-0.050485227804584844,-0.048008027131805596,-0.04272815908889004,-0.03981773279076046,-0.03297303276161583,-0.02789858333359137,-0.02448283339225589,-0.018907685462318302,-0.013948791052592266,-0.009921509633607144,-0.003811754067834026
-0.001167874849805948,1.7552682600228976e+38,0,0,0,0,0,0,0,0,0,0,0,0,0,0,-0.018558114632270223,-0.013625960672471418,-0.01255740396916707,2.3583762027842187e+38,0,0,0,-0.042013170427912166,-0.07811106009118673,-0.11065186660482529,-0.11186395581973119,-0.10149709216141505,-0.0995490437568783,-0.09757452259796251,-0.09592031536154944,-0.09552007273726182,-0.094484708317589,-0.09184948567649949,-0.08902949744154623,-0.08858592520680249,-0.0843831248027368,-0.08247665565252692,-0.08067769938788966,-0.07544405255489685,-0.07335174221333801,-0.07118005873303117,-0.06937046863309665,-0.056665787219970246,-0.05250379418267643,-0.04835537725519246,-0.04009757285360488,-0.035084760953054385,-0.03134492157637007,-0.02267761607873351
0,0,0,0,0,0,0,0,0,0,0,0,0,0,0,0,0,0,0,0,0,1.6859066657738816e+38,1.6890021321032088e+38,0,0,0,-0.12076384533773517,-0.12192906323677279,-0.12178616672577315,-0.12213706966991977,-0.11751758220702968,-0.11784171522136759,-0.11686112880922885,-0.11370284873513921,-0.11306913966464695,-0.1117733634535888,-0.10859721343899292,-0.10907940127116632,-0.10855897272676933,-0.10604147519426013,-0.10467126140291787,-0.10403456232830809,-0.10123115411211196,-0.09972693862450226,-0.09585843901977076,-0.09434407637670293,-0.08998217606054196,-0.08381060203330903,-0.08075373379451953,-0.07713507257671505
0,0,0,0,0,0,0,0,0.05067589412325031,-0.14801224325894738,-0.15065776256635754,-0.151421236869311,-0.1617990512952357,-0.1583972115181922,-0.1592608304173805,-0.15574457878081058,-0.15316933715992959,-0.15125117723771217,-0.1510442023308782,-0.14709590390245939,-0.14897226260210034,-0.14694156789746549,-0.14647609454363977,-0.1467962329561941,-0.1472581637766961,-0.14849865531391632,-0.1486059627264645,-0.14848121566069022,-0.14835322099566758,-0.14818684696290343,-0.14710044820853285,-0.1469558987012016,-0.14719472428844063,-0.14662506228333688,-0.14665922405086376,-0.1473892040144947,-0.14850093222730507,-0.14897220622470725,-0.1487954734169819,-0.1477113097325177,-0.14598055811813593,-0.14458159511942786,-0.14027028583267237,-0.14273191873801785,-0.14139128125412162,-0.1389851356826562,-0.13807381244004782,-0.1386261043659225,-0.13764159041611765,-0.13806406463523604
0,0,-0.16240493527957517,-0.1718601581183979,-0.1728748689689147,-0.17779855890585158,-0.18863779566242997,-0.19246286624522613,-0.19251130352752321,-0.19523476822791158,-0.19509312412379776,-0.1937278315088248,-0.19417445333260147,-0.1938987847938464,-0.19216002695533752,-0.1908870424583982,-0.1908130176495099,-0.1864167349651277,-0.1851705586506339,-0.1818415727685364,-0.1815675506950976,-0.18101574620155875,-0.1831602265682189,-0.18428876749447187,-0.18411739508949768,-0.18466352537493352,-0.18640882947970583,-0.18929767963170216,-0.19129960962616777,-0.19253207405686254,-0.19190811981979974,-0.19058954275894924,-0.19054175834672246,-0.19099624813387217,-0.19190308318735672,-0.19301462235961073,-0.19415860427209933,-0.19417584555010334,-0.19627473315560107,-0.194746796391485,-0.19475179807751614,-0.1954293533491457,-0.19362914719197177,-0.19441676372844677,-0.1916133421752927,-0.19123391187390074,-0.1876137571675394,-0.1841658397323527,-0.17985353692620826,-0.17882135066844573
-0.18882291100507662,-0.1925314160764745,-0.19504341609966852,-0.20836077392955113,-0.20917224152839842,-0.21178009933927358,-0.21854485441828844,-0.21991752752295327,-0.22055195413280446,-0.22469637079526686,-0.23055783147448472,-0.23207950578327738,-0.2402670869635678,-0.23915209415504507,-0.23635253974436551,-0.23694531170429742,-0.23856461834244058,-0.2367267165924972,-0.23615065801556273,-0.23014504435795105,-0.22674719714614197,-0.22552534957123943,-0.22350996174189153,-0.22167067508627541,-0.21732792228813128,-0.2160429129056621,-0.21644663542703044,-0.21679569587495046,-0.21857704713255036,-0.2229415048102142,-0.22888759767158998,-0.22625356029676508,-0.22584066070687286,-0.22692426603251242,-0.22658129723132106,-0.22863235334531626,-0.23240372505119217,-0.2370764715461203,-0.23271210724080563,-0.2292493922978049,-0.23334127220542933,-0.2320546194707355,-0.2295898353356944,-0.2259773992881289,-0.2284295663897658,-0.2310924540850096,-0.2339008568819259,-0.23466848892724793,-0.22658857868716462,-0.2243237339323281
-0.20019704405080158,-0.2020098881259326,-0.20532213324497828,-0.2197195149323414,-0.22199189205888079,-0.22611973316525022,-0.23868121477968812,-0.24514306734193977,-0.24716021521603634,-0.25726194547157133,-0.2632219701984493,-0.2646662635794158,-0.27229727151943467,-0.2731354854792355,-0.2705094693049388,-0.27291055553309346,-0.2780621364979758,-0.2751438560189977,-0.270439377164476,-0.27267858461986455,-0.26938005593692677,-0.27009086313421604,-0.2671107204707113,-0.2641807594597549,-0.26171995096164674,-0.26321083672558576,-0.2631965100707397,-0.2652989379612206,-0.2636840844200258,-0.2721717135945656,-0.2792503376832885,-0.2786499157098417,-0.27802981938206034,-0.27586636479280807,-0.27492141830754685,-0.2727272025092226,-0.2732908096171608,-0.2709487861109235,-0.27290801866600267,-0.26847789478369466,-0.2741855871927897,-0.27989339031877936,-0.2815439392127015,-0.2848260891647961,-0.28728488370389754,-0.2861045069713666,-0.2825925769608875,-0.2850601929734269,-0.2851027689290446,-0.28186227214964454
-0.14223213070284155,-0.17234425260355327,-0.1902475949913665,-0.2202422434538975,-0.22371312006579433,-0.2294567796040158,-0.24347889804858242,-0.24901923711806814,-0.25288788488895886,-0.26901844616657633,-0.27516558698033966,-0.2778128662572654,-0.2911100418883608,-0.2960314979630381,-0.2999750300942417,-0.3007956802693558,-0.3166264096712469,-0.3133585902171473,-0.31306250503018795,-0.31937796095121646,-0.319884943700994,-0.3197395844125352,-0.3205524742915944,-0.3212762982562973,-0.3192717127347377,-0.31787242042246816,-0.3234898993497367,-0.3290365326394321,-0.32758805000696734,-0.3257138398277518,-0.3328086396950136,-0.33213273008325067,-0.334406199548774,-0.3374780552828845,-0.33340900877958995,-0.3353069797397239,-0.33628445083878006,-0.3392001121311333,-0.34326716382867656,-0.3441445523665439,-0.33982321131844184,-0.3467295912699685,-0.3447674003111402,-0.34577340699570486,-0.3551104076746228,-0.3540612635525846,-0.3446987692014392,-0.34948774034516394,-0.34621337406982716,-0.34003107233786467
0,0,0,0,0,-0.21180696761082146,-0.25067131239050106,-0.26025503844976355,-0.2678453473542699,-0.2916675316261062,-0.29970394303153824,-0.3005912349966972,-0.31300032519650883,-0.31439487079636197,-0.32545534205701737,-0.3329431284099637,-0.3436801074214005,-0.3475054286389801,-0.3501692425052775,-0.3557923634061375,-0.356299337502325,-0.3608008892426565,-0.36824442517744077,-0.36900674421595453,-0.3671690037787822,-0.3735798364916207,-0.37965995553166404,-0.3838024210821206,-0.3929953602503423,-0.39893475324084476,-0.39815646085179596,-0.40188784839336056,-0.4020830821112285,-0.40630402108939484,-0.40825735092014176,-0.4117671694793026,-0.4141941445439455,-0.4148402295106032,-0.41514737103065136,-0.4223218116131737,-0.42624953587402087,-0.43146205382141867,-0.4361040052843037,-0.4262377245595233,-0.4309250965324878,-0.43349775915622474,-0.42770166168784723,-0.4276900035410303,-0.43042582673564883,-0.42465348215417237
0,0,0,0,0,0,0,-0.16946943043286322,-0.18767462624030026,-0.21689009338773535,-0.23921289783627991,-0.277197197246027,-0.3130416034461685,-0.32828032623996306,-0.33884291736790345,-0.3465944186200809,-0.36355597772288184,-0.3672442381450911,-0.3730137463433047,-0.38265529107276613,-0.38949666609753153,-0.3941025872453692,-0.40756424792689516,-0.41577727255975316,-0.417799679828594,-0.4238614300049316,-0.4306599216663671,-0.4364164876394969,-0.450183644503309,-0.4528374143795184,-0.4572145906796075,-0.4680858511366577,-0.4749939771663284,-0.4782684619956303,-0.47873296020803785,-0.48897555207432664,-0.49220621503748413,-0.49560606035428595,-0.500663118405621,-0.5015674397620825,-0.5036762418407246,-0.5094953136854353,-0.5151934120072224,-0.5159680804566104,-0.523741925048298,-0.5291193552963708,-0.5246117129922292,-0.5353676863089545,-0.5429567221981328,-0.5345713495308118
0,0,0,0,0,0,0,0,0,0,0,-0.1113905315053054,-0.14144751293874744,-0.22650260396103847,-0.2927576127407977,-0.32265455725973696,-0.35354885296056043,-0.3672542695558206,-0.38311487369933667,-0.40277378458766305,-0.4131096176901929,-0.42149810389397235,-0.44116389086839747,-0.4502655615493767,-0.45722451116260937,-0.4752505436745348,-0.48958854149311803,-0.496483291554915,-0.5137857781145291,-0.5168678516727279,-0.5226090524837459,-0.5383051046464686,-0.5482469036979231,-0.5619908456888548,-0.5670616956081194,-0.5877895607654925,-0.5899669008722401,-0.5959740582661223,-0.6158578610604669,-0.6224465236186405,-0.6302265433290368,-0.6476479074631051,-0.6529980733940415,-0.6520137541171311,-0.6664506636646154,-0.6707984573094397,-0.6721829093275785,-0.6838937006073703,-0.6858247400460025,-0.6863553200801193
0,0,0,0,0,0,0,0,0,0,0,0,0,-0.1192386780407769,-0.20367753567557528,-0.24242773513243968,-0.3270346737488849,-0.3749530727254582,-0.3971597130117763,-0.43463967706346485,-0.44973862964935224,-0.45857462877028726,-0.4787020385382695,-0.48791501633426576,-0.5027447754078138,-0.5329089559480553,-0.5435964804630382,-0.5542850404375554,-0.5736451535104664,-0.5861798908324856,-0.5953445864229613,-0.6212219903385764,-0.642498816341797,-0.655879550757799,-0.6716969360450447,-0.6951538706005026,-0.6996621290782475,-0.711416983214838,-0.7418730613557777,-0.7463711461846729,-0.7606624941317909,-0.7792775778723945,-0.7899694880441218,-0.7884487341629346,-0.8013504073743618,-0.8076042839458268,-0.8076008824211879,-0.8094180230391357,-0.8073865455684492,-0.8051604631206954
0,0,0,0,0.03667047387811761,0,0,0,-0.07359995517643407,0,0,0,0,0,0,0,0,0,0,-0.36677867247918305,-0.4360379487916974,-0.4851854660860778,-0.5526485497141571,-0.5796842843721738,-0.5935808405283567,-0.6397575713242536,-0.6547487302721108,-0.6643394080020204,-0.6924718024357881,-0.6984792851322416,-0.7065352165354883,-0.7198228765454576,-0.7258928673970483,-0.7322976727946132,-0.747258771196151,-0.7748690054122395,-0.7865963719181613,-0.7999052281127839,-0.8312637339890663,-0.8618797074919856,-0.8716559651109108,-0.8965314985050419,-0.9141679349915479,-0.9267201136923937,-0.9410970898154051,-0.9555881265949456,-0.9616797157440178,-0.9909516048934083,-0.9935406703578045,-0.9938389251815567
0,0,0,0,0,0,0,0,0,0,0,0,0,0,0,1.7695948119798315e+38,-0.043542709938475546,-0.1789124065750587,-0.19049760472542618,-0.17744035864452634,-0.17946050709031264,-0.2513381564015933,-0.44029038267867276,-0.576309316784263,-0.6850780040812859,-0.7573350302325553,-0.7836886633515915,-0.8018528343856138,-0.815906277108236,-0.8255658390975578,-0.8417935201905757,-0.8614507511459921,-0.8696598020154953,-0.8853466737375484,-0.8844346448211035,-0.8945704525899174,-0.8950878995941325,-0.9030434900103415,-0.9298248372174162,-0.9506461222172107,-0.97285507173703,-1.0290089692429323,-1.0524312697822353,-1.0765660574257367,-1.1177339913294466,-1.135791860982698,-1.1372823535586813,-1.167302454914891,-1.1862430291729567,-1.191588421254197
0,0,0,0,0,0,0,0,0,0,0,0,0,0,0,0,0,0,0,0,-0.254869272711507,-0.3482138033008641,-0.5024425707867884,-0.5890433521199514,-0.6560970053695707,-0.7691625557193035,-0.833878662260628,-0.9049070819872477,-0.9452938689085886,-0.9819980826188435,-1.007710062386472,-1.0255779286233395,-1.0454673505452796,-1.0569799593903466,-1.0741229120799607,-1.1083384957919065,-1.1158567903213317,-1.1253379433241453,-1.1379172274219194,-1.1395780222242984,-1.147196798975985,-1.1699129425022778,-1.1888917198301574,-1.2010535910512268,-1.2305799512416706,-1.251437688035633,-1.285589351524271,-1.3557597329283986,-1.3779865672511147,-1.3935148952255318
0,0,0,0,0,0,0,0,0,0,-0.2150834086787995,-0.22215168363270232,-0.22667978806216144,-0.23677485421263703,-0.25833612584716065,-0.26069307212278336,-0.27626433416932905,-0.3056411494461585,-0.33481617746090114,-0.3885914355518109,-0.4744736763292865,-0.5022244089603758,-0.5160514020573198,0.07443785574607736,-0.5413190800852488,-0.9780562242462927,-0.9724431737036169,-0.998319600326901,-1.082296725410042,-1.0995287360139894,-1.122284633771926,-1.1831157012207387,-1.2192248112461184,-1.2371435910727755,-1.2626993548917702,-1.2954785023366495,-1.320422942715927,-1.3609743782809014,-1.4250355389164602,-1.4482596203098144,-1.4723332856513762,-1.5019831526508371,-1.5261460237966114,-1.5498200963138768,-1.5595702387989512,-1.5469450086601184,-1.571623547409376,-1.6432322479656805,-1.6552424725667119,-1.6696257599428834
