jsons/1312804800.json
{"header": {"parameterUnit": "m", "parameterNumber": 2, "dx": 0.1, "dy": 0.5, "parameterNumberName": "Eastward wave", "la1": 40.97354507446295, "la2": 16.46031188964855, "parameterCategory": 2, "lo2": 133.9931640625001, "nx": 191, "ny": 50, "refTime": "2011-08-05 8:00:00", "lo1": 114.97908020019554}, "data":
[rows 22 to 43 of 50, columns 49 to 97 of 191]
0,0,0,0,0,0,0,0,0,0,0,0,0,0,0,0,0,0,0,-0.2624008431077522,-0.07658937611954315,-0.1800463443660772,0.15453766658756074,0.19847521797301765,-0.351329543651813,-0.5369079351068828,-0.674036197442623,-0.8437998405002466,-1.1192228130643902,-1.1212844152476826,-1.106339926359182,-1.0563537780162462,-0.9718657248555965,-0.913107505571402,-0.847736639660531,-0.8185581494015088,-0.7218505542080065,-0.611393470389998,-0.5683723044868342,-0.5643399341645243,-0.5626502957789505,-0.5471407247164105,-0.5173928072830712,-0.49204270044947146,-0.3304878974087604,-0.31776288668600955,-0.3096488136829785,-0.6498589606156686,0.9942834208646388
0,0,0,0,0,0,0,0,0,0,0,0,0,0,0,0,-0.005171480525695926,0,0,0,0,-0.100757851224968,-0.2125797752001136,-0.33432275268811495,-0.4766345806478435,-0.5879422613436845,-0.7747779079473763,-0.9385918772816216,-1.1184725380963867,-1.1222496844257637,-1.0943504675318185,-0.9434583861274686,-0.8062892933036827,-0.6984877088379988,-0.5751303595841581,-0.5586780894032812,-0.5430395983430188,-0.5317542766749341,-0.5054679726119958,-0.4974767880129506,-0.4500572085601614,-0.41246920334670983,-0.3778971552118447,-0.3617746676183418,-0.3144726392134762,-0.27928006817914114,-0.18996491275181163,-0.0294210245560873,0.5509342318462427
0,0,0,0,0,0,0,0,0,0,0,0,0,0,0,0,0,0,0,0.0632768683945147,0.12715265843477389,0.02951331705865766,-0.06062046131017934,-0.2060756250767596,-0.378807080436228,-0.7904524255789096,-0.9837853674003728,-1.0838976048671738,-1.132448938728789,-1.0656225943057884,-0.9584081505322504,-0.697993526118303,-0.6168558073873209,-0.5956541817705518,-0.5664206748761585,-0.5473996980760794,-0.5231311162275268,-0.4583742276574298,-0.4287560515966136,-0.37200670960688725,-0.3161679970039266,-0.30269068806991833,-0.23276276303953744,-0.22037918068301549,-0.1579148547675762,-0.14519122840060303,-0.28126398754723425,-0.8483457645455298,0.15471428436382398
0,0,0,0,0,0,0,0,0,0,0,0,0,0,0,0,3.3038944722661223e+38,-0.26985808513831716,0.1324146911649613,0.1568545084122772,0.14300844083214925,-0.14345502891519182,-0.3554202942293922,-0.6136167152074489,-0.8126454746192696,-1.0555656185590292,-1.1502419047799677,-1.1649023200580102,-1.03476589267677,-0.8826572358212417,-0.7332279099512042,-0.5605218912950448,-0.49218154908612183,-0.4330472454646322,-0.36452678584487136,-0.3508738827281461,-0.3397507279921224,-0.3342371205846102,-0.32026469307937394,-0.27479049128899585,-0.24687376187515941,-0.2270736753144294,-0.21790261240427858,-0.20406920104247112,-0.153614822931704,-0.30100535175912446,-0.1463589236677977,0.2826058888957583,0.5427500284733385
0,0,0,0,0,0,0,0,0,0.06387275324273467,0.1535389673794499,0.21854323059923245,0.29472913893408115,0.39629043127097796,0.4215692711150461,0.38299599707844345,0.3669033943016711,0.35633962242888984,0.12804250377024717,-0.03521106598538166,-0.2887011425846551,-0.6540218364990347,-0.8403008515781548,-0.9819091704811764,-1.0789004708252592,-1.177739135167675,-1.1610319897856392,-1.123379429692157,-0.9768114442336129,-0.8178765211154614,-0.706739094232637,-0.49928429164450033,-0.3719846775277461,-0.3741263685423603,-0.35493542272669815,-0.309697939981048,-0.24168678591124773,-0.17645512244163766,-0.16531992786739697,-0.12488891727226914,-0.11568300052947779,-0.15559425212333355,-0.608711874675961,-0.7850357715674332,-0.6234994212427811,-0.6933588264248343,-0.9252790080627057,-0.31464967775914554,0.8733118306154496
0,0,0,0,0,0,0,0,0.21710845817594784,0.27325687694016687,0.34469426838320544,0.3504098070383827,0.29278194424990006,0.2620950335931111,0.20178313240757356,0.034002672237766526,-0.0976725637343247,-0.22695745517677765,-0.5941936348530106,-0.7637781950844675,-0.8682274462562066,-1.0360845099249316,-1.1155161507707232,-1.1523732298979978,-1.1693603541121333,-1.1958074570414314,-1.14325146946463,-1.0884923276915859,-0.9640439495701404,-0.8269664536347998,-0.7140621921607404,-0.5742524544226606,-0.5272356280479733,-0.4871372172593997,-0.36348949899002386,-0.30057488439851726,-0.21490252323367207,-0.1291278144384736,-0.0950415524095729,-0.07764822357430558,-0.38029477054961636,-0.5909776946685081,-0.958322709562163,0.926931195369398,0.6287453735711619,0.3468902381761732,0.39366420347910713,0.08973541890737019,0.06803671332990578
0,0,0,-0.3939665802828388,0.2748049000135618,0.273132529193741,0.2604929258874701,0.2769339678673513,0.25422623481101464,0.14479816641751442,0.09515884708999008,0.03387349436247822,-0.09571343621203791,-0.21928275507441242,-0.36170626265256334,-0.5700667630601894,-0.7368751018303029,-0.8200555924936244,-0.9753457980894064,-1.0197413477725794,-1.068360928202574,-1.1365128985118953,-1.1892124170567622,-1.2001158526504132,-1.2077388599320327,-1.1992502835750927,-1.1499767190081573,-1.1344141445529525,-0.9517030536159405,-0.8298348532281905,-0.7439835717286165,-0.5630997850081927,-0.488814294030384,-0.4366079597890724,-0.22076295374972502,-0.1992774837121681,-0.1611655731137111,-0.11760227341513756,-0.11119186796283055,-0.09927045310736432,-0.15813761800535975,-0.4611681792797727,-0.4722055959911227,-0.49886857263752404,0.9101283430071648,0.677162716866202,0.4824917245335473,0.15510927521687562,0.06831946625320631
0.1069768833720852,0.1440177209872777,0.11701431701409998,0.08503819766012008,0.053175866690732924,-0.06418432903918285,-0.10681311962541531,-0.17238287725947957,-0.28650044854323625,-0.41714864120670764,-0.5064582348655634,-0.5628145300849465,-0.6861086301323771,-0.7591264428767767,-0.8532629171400332,-0.9611607611001015,-1.0033378391622552,-1.046467981474398,-1.1043451269817666,-1.128657574759572,-1.1666585501816322,-1.2158532701316773,-1.2274137950979205,-1.2236867294972003,-1.2215564567183486,-1.2112326895125283,-1.1624316637642975,-1.1196125994717794,-1.0183633468921887,-0.9297161367658885,-0.8469585419512503,-0.7145889402491317,-0.6463850082840341,-0.5985643933630059,-0.4599055093556384,-0.32042328823150235,-0.22487854743573693,-0.12736344184441326,-0.1311274327149976,-0.10791001187807886,-0.14263585497436504,-0.25082078733271557,-0.396572613329643,-0.9515875013367449,0.8053647161023895,0.6842669333695469,0.6149099644941127,0.3023197499184978,0.20455148578330087
-0.07438551395834812,-0.12715755618764352,-0.24497340518060481,-0.2913018247394484,-0.36619296760751735,-0.4642502178496652,-0.539801402926316,-0.6178818870620634,-0.6684371574209488,-0.8087945428709977,-0.8785015390693419,-0.9469729713785342,-1.0373475987754897,-1.0820015374479466,-1.0990511968009404,-1.1318323895262108,-1.1463066856712207,-1.1670956270847066,-1.193821949015874,-1.2033828760343117,-1.2234213908442364,-1.2552697845413547,-1.2642181505646066,-1.2770868414170702,-1.2920422682419277,-1.2822504503544374,-1.2422101181886274,-1.204996017891934,-1.1303751599954497,-1.0834125840847701,-1.022747933270736,-0.9205699931174365,-0.846384089955954,-0.7572675525978577,-0.6133469539605616,-0.5349548270197261,-0.477592284507963,-0.36982137918404184,-0.3024856731858933,-0.27932031358101683,-0.22146956994382208,-0.2386677842606712,-0.21944489853680457,-0.34511719053441287,-0.9374904034917403,0.11510464759027376,0.36833355778406723,0.4383250226602164,0.21083792723212552
-0.3911191008227019,-0.5116554155364172,-0.6175932868280126,-0.6948574900038864,-0.7804382102731365,-0.8834468256673345,-0.9199219255826573,-0.987200540460445,-1.0489754442299866,-1.1156347579911,-1.1778523264540997,-1.194497671814827,-1.2199490867295935,-1.2128785594491867,-1.2194500565366952,-1.2186605651218356,-1.2131493323308984,-1.2196828926902725,-1.2261884844913347,-1.2262578366767218,-1.2241670530871724,-1.2480092701504713,-1.2908843816628532,-1.3104427361713624,-1.3025431391873208,-1.299324657027584,-1.2611296689428788,-1.2379264817021693,-1.1997219649355564,-1.1670269389772001,-1.1411465891306796,-1.0903182084877003,-1.0543611333084484,-1.0063669157011406,-0.9065486082975616,-0.8350896675199971,-0.6962214590903104,-0.49630376856627995,-0.3857028109572565,-0.35881130424902596,-0.2855631588294445,-0.23544372773286967,-0.17951973636853558,-0.1521103020612971,-0.11833370294292611,-0.2067079070111309,-0.2256815772442604,-0.8921871766128651,-0.7732941633551678
-0.8265791550237902,-0.8856579864910034,-0.9617159846228728,-0.9964378413128789,-1.055702011268012,-1.1146991629583622,-1.16049829350387,-1.1864615245448231,-1.2191346220782688,-1.2330224665114753,-1.1835069483686533,-1.12328857022471,0,0,0,0,0,0,0,0,0,-0.9995248519745278,-1.1885734314202843,-1.2648689233137866,-1.2740625793181035,-1.2947755114990713,-1.3014045716450586,-1.3000290282807496,-1.2974675228310204,-1.277924803672381,-1.2701848929038926,-1.2493457209811718,-1.217509940917488,-1.1653323340648885,-1.0197419937839436,-0.9389878999363778,-0.7886529726420358,-0.6737778089485854,-0.6345469116136917,-0.5892662129119862,-0.5302365140683192,-0.4974823763811819,-0.47353473733649176,-0.5164437381490642,-0.5133025962883428,-0.4316523814939517,-0.32184263519179507,-0.19086631917442654,-0.13828983527866162
-1.0289477701230012,-1.0619844016211943,-1.1167029430731819,-1.1380904320143808,-1.1250184755984605,-1.0857054940237008,-1.0192342768744795,-0.8494467604698572,0,0,0,0,0,0,0,0,0,0,0,0,-0.7626429878415567,-1.076190225563719,-1.2001795533714852,-1.2491286247417515,-1.2676522286025866,-1.3224579191733878,-1.3189488588453198,-1.3210876050105775,-1.3440678681893496,-1.3536284152277973,-1.3516622815796178,-1.3375579478646284,-1.3277320143144684,-1.2835023845905804,-1.1970692766027442,-1.1022501738085635,-0.9902051013571423,-0.8494076482488502,-0.955014691944242,-0.9251900733302403,-0.954930269054092,-0.8639173232174205,-0.9026858979442002,-0.7626625361434004,0.24895090294263264,0.6801134189112308,-0.993989863918304,-0.3353616306414025,-0.24134754518149182
-1.0357460856505092,-1.00192133403375,-0.9067733832656761,-0.8225277689253117,-0.7031626503982847,0,0,0,0,0,0,0,0,0,0,0,0,0,-0.5223043184755086,-0.7769876468197919,-1.0186127763311874,-1.1906052150837843,-1.2406478853978835,-1.2742243015731736,-1.303025505037012,-1.34248773403374,-1.354098854652724,-1.3628967185223853,-1.3806129655686614,-1.3907451848570118,-1.4014931155868318,-1.3999877272496524,-1.3874558085201485,-1.3432635862920692,-1.2537864600096982,-1.1903859381989945,-1.0709892483145262,-0.8304727913803378,-1.0140075014517047,-0.8593406647804673,0.5381926370369742,-1.0200513711534858,-1.0514660442369903,0.9103347403711545,0.895667232278608,0.7465298211013385,-0.9764534045352743,-0.6186939138089228,-0.5592010641685793
-0.8185919783925824,-0.5841919135884674,-0.3060958518622071,0,0,0,0,0,0,0,0,0,0,0,0,0,0,-0.6096474567972103,-0.9217439213003964,-1.0926515842897953,-1.190944451840094,-1.2656758364268819,-1.2930596495680968,-1.3246465999389079,-1.3483487124142002,-1.3759692070063287,-1.393176602234037,-1.3990359897705176,-1.4113360682621074,-1.4325358865483135,-1.4444013610558812,-1.4382978689097834,-1.4364744375183396,-1.4081785932717852,-1.3176231179575686,-1.2720556800247447,-1.2001890135488473,-0.9948916512686858,-0.8616912339929957,-0.6721600515726137,-0.5625198345964016,-0.5283343275295627,-0.4667985321349905,-0.4551894710539794,-0.4301597726414056,-0.4771109662362119,-0.5635090982979468,-0.6445126217057097,-0.68936739269686
-0.5538706929579854,-0.5397829336748499,0.5906427428817206,0,0,0,0,0,0,0,0,0,0,0,0,-0.6244684191559927,-0.8078675589884123,-0.9745890180737623,-1.142621324911712,-1.2053182994451646,-1.2617754937848256,-1.316029430586808,-1.344063466607585,-1.381371147338942,-1.3900006656079291,-1.4009773094292846,-1.4238066793078061,-1.4284613745388066,-1.4395198563695968,-1.4615741529176878,-1.4740262334705483,-1.4631280670652986,-1.4499793608276152,-1.4321077003261642,-1.3678644753047946,-1.314997459619627,-1.2347699362742524,-1.1270142970969774,-1.0659366975797955,-0.9536053816825296,-0.8523849078820924,-0.8405323602703014,-0.8010011079120761,-0.7853003860430112,-0.7549982637675942,-0.7586346393351366,-0.758857229568928,-0.7695840378595665,-0.7805149952947077
-0.4193273168392297,-0.33915047763392525,-0.1786493694957857,-0.24750659305736572,-0.5184218755089192,-0.4631268315753229,0,0,0,0,0,-0.7226648444560888,-0.46505284957314247,-0.6601820490402714,-0.8116190077300071,-0.980544888430031,-1.0742246433573572,-1.1842366793251509,-1.2683518239330165,-1.305643999245961,-1.3407653750415236,-1.3665870766955823,-1.3820931331938906,-1.40326073789949,-1.4114057807240266,-1.4191036000432977,-1.4342229961460415,-1.442188796183651,-1.4531153784078736,-1.4608597398814982,-1.4561290815798298,-1.4368665768321516,-1.4194632248309595,-1.4027480414110647,-1.3244503343883332,-1.3140656230153553,-1.2559013199127427,-1.2140049296705124,-1.1623616380096917,-1.1255397041787865,-1.0558459846780672,-1.0280766978007214,-0.9795925690448581,-0.9580634414840423,-0.913311361326286,-0.8949792618208047,-0.8864461455749606,-0.8948423857282675,-0.8986672343611471
-0.4249437953183721,-0.4233064276694971,-0.5838443046422378,0.582456432926202,0.5322682955146159,0.4219651329660093,0.49267008057068157,0.5229441098071568,0.6174662464793574,0,-0.5729398403926607,-0.7322228037936913,-0.9341742083674696,-1.0811964643514596,-1.1623572971135399,-1.2510323334888338,-1.2983765624694372,-1.3496297118066558,-1.3729650415921049,-1.3792309479596185,-1.3980609734089453,-1.407039437903285,-1.4143044823567266,-1.430630406128493,-1.4294803322996177,-1.4231884758092153,-1.4427558439360004,-1.4410929078969106,-1.4434370658793565,-1.4388395136376273,-1.43354588554182,-1.4102226351387106,-1.388412122481251,-1.3715730614429535,-1.3475377018339705,-1.3401152902117608,-1.2952606843588288,-1.2373214521079923,-1.2116055325555115,-1.179658584019966,-1.1285561180241306,-1.1051159194497626,-1.0622637915414797,-1.0167572456279583,-1.0023583980723048,-0.9933823832923616,-0.9833637066940542,-0.9318920247271153,-0.9378230716211846
-0.5921269381451617,-0.5868347708483171,-0.5061618295887844,-0.5136225770194413,-0.5579145347629294,-0.6406360919140683,-0.7501545978638423,-0.8946393867187205,-0.9952913230220712,-1.0841073078953196,-1.1680890317269255,-1.2010522086694055,-1.2555237772515337,-1.3108854072243872,-1.3308313347381164,-1.3595257874386732,-1.3825478962836055,-1.398903390573096,-1.3909424973985571,-1.399532977266243,-1.408495144523036,-1.4123935461423343,-1.4030690085575082,-1.4186578504124914,-1.4107989165566426,-1.3746577332949774,-1.3953054392336846,-1.39512756435071,-1.3619853618028892,-1.3635989717194368,-1.3585730937807106,-1.3477924502541387,-1.335306967251462,-1.3344529630814221,-1.3250884731269539,-1.2968646765686747,-1.266261893799729,-1.2170679555616948,-1.1925833508430617,-1.1605409418331751,-1.138934288326117,-1.1369940157697636,-1.1129164290288251,-1.09760020776418,-1.0754245149759392,-1.0602753399987488,-1.0593888385057126,-1.0242537477538978,-1.0060235016080312
-0.835585779210621,-0.8726951669249072,-0.8961243290575273,-0.9264116967450399,-1.0668010816523017,-1.0682008397593206,-1.090305833935977,-1.1661023008664975,-1.1712432071632033,-1.2068014138306336,-1.2510960393279957,-1.2888993290468516,-1.3148243059231273,-1.3656415092528817,-1.3820469404586169,-1.3899718477353469,-1.405373724805773,-1.410945144078176,-1.4088996607287814,-1.4032063434275557,-1.4336879217938847,-1.4285347136801285,-1.4216815702825094,-1.4387689057473223,-1.4379358620171583,-1.4247006421395427,-1.4198376394622272,-1.4100039289452708,-1.378910696511914,-1.3672207768291087,-1.354376981759852,-1.33523436147448,-1.3287292630932213,-1.320809212182123,-1.307119025628811,-1.2912780485112318,-1.2595019074788272,-1.23537487502024,-1.2138892250867566,-1.198382500795208,-1.1630620678921133,-1.1492572340580267,-1.1411829587151978,-1.1199977606711018,-1.0945709985633107,-1.0881868712127385,-1.0867482260476453,-1.0503255807066478,-1.0347465872091648
-0.9973244721819173,-1.0477446574646285,-1.0921510764041957,-1.0988217112945033,-1.1676123174091757,-1.1915093272095283,-1.212728476793288,-1.2384268956079245,-1.2597056998351355,-1.2748205356589972,-1.3127796431325922,-1.3196488326870943,-1.3373059285375517,-1.3746820208621906,-1.3854490961389276,-1.3923926395842086,-1.3975729865992095,-1.4132633334894236,-1.4172808156730463,-1.4210051917280457,-1.425673911597207,-1.4187922377827191,-1.4126000973258062,-1.4257916516547413,-1.4243507133100048,-1.4026068582025553,-1.4028745045494269,-1.3895774999373094,-1.364711582081847,-1.344797529971852,-1.3156866439568362,-1.2964047857793146,-1.2651769082428534,-1.2469796987564437,-1.2617268747800365,-1.241464195334415,-1.2246031621212394,-1.2143118383694498,-1.205163489516553,-1.1839720726744234,-1.1781731897222247,-1.1646099589631278,-1.155488927990111,-1.1437261278028237,-1.1192329558361869,-1.1124446971290558,-1.0995127816451438,-1.0748965432163444,-1.0555883441047091
-1.1219848813587203,-1.154497708867214,-1.1890554556836783,-1.204819864668359,-1.2394622536808824,-1.2508743089023133,-1.261012347343336,-1.2720380856918365,-1.2836378773298125,-1.2968636623103271,-1.3067543896901697,-1.330206695786756,-1.3529777376746126,-1.3663902169296824,-1.3777824557261416,-1.3923714595487788,-1.396348895934785,-1.3969125821210977,-1.3967841733660762,-1.3961431226119476,-1.412215193927921,-1.4116694241780792,-1.41042194397154,-1.4230986494146982,-1.4280108602181318,-1.4028250703882958,-1.3788730526715058,-1.371442441662844,-1.340666182508079,-1.336425547746095,-1.3192928774624821,-1.294129153810701,-1.2890442975454024,-1.2810800277714258,-1.2610738973474451,-1.2490652756525873,-1.2580468540468293,-1.24278732212764,-1.2233787609520093,-1.1962386059612913,-1.196776743828303,-1.1933238964676167,-1.1700561842333974,-1.1581909403306323,-1.143352182365044,-1.1311049374091884,-1.1142060156588836,-1.0865389816020015,-1.0798596165336165
-1.1713131852975016,-1.2128193934939338,-1.2381862002004846,-1.2462019898472452,-1.2585936362878127,-1.2709255723102688,-1.2782964991583554,-1.2865160425065305,-1.2927532385159919,-1.3115023329021303,-1.3382225319529761,-1.3398892722638607,-1.3472601719156359,-1.3603350378066235,-1.361262268860343,-1.3683510641400678,-1.3776631714901175,-1.388672834977736,-1.3873846548752578,-1.3896987529518297,-1.3943283079025954,-1.3900999766584472,-1.387698885075274,-1.3908205656696404,-1.3866086986431603,-1.3739946575406465,-1.3725088574289828,-1.3660295212453597,-1.3412038696180255,-1.3342502531402396,-1.3288131568045694,-1.3078013166986984,-1.3064877799883616,-1.3005044272575195,-1.2880540927743729,-1.2796571113343826,-1.2664501432884523,-1.235946378696194,-1.2358138811979962,-1.2217619486562254,-1.1972409116441942,-1.187783462424625,-1.176160155889987,-1.1726249955896153,-1.1438218934407376,-1.1253605063135417,-1.1111410109842121,-1.0836005301122977,-1.0707401749608716
