jsons/1312714800.json
{"header": {"parameterUnit": "m", "parameterNumber": 2, "dx": 0.1, "dy": 0.5, "parameterNumberName": "Eastward wave", "la1": 40.97354507446295, "la2": 16.46031188964855, "parameterCategory": 2, "lo2": 133.9931640625001, "nx": 191, "ny": 50, "refTime": "2011-08-05 8:00:00", "lo1": 114.97908020019554}, "data":
[rows 22 to 43 of 50, columns 49 to 97 of 191]
0,0,0,0,0,0,0,0,0,0,0,0,0,0,0,0,0,0,0,-0.6992959296960253,-0.3309395368048187,-0.5595120737820471,-0.24159222753732287,-0.1966443275962194,-1.1082604022112053,-1.2850113112152832,-1.9744847188197157,-2.3284865677235387,-2.7721709966495736,-2.896586390147183,-2.9788149051524564,-3.103672058291262,-3.2337282997568484,-3.2789577756369037,-3.2946435039901885,-3.269725370984421,-3.083279714596539,-2.770137316478543,-2.5759088681940807,-2.314656220238834,-1.9132593764580095,-1.6622801097804223,-1.4122302263504074,-1.2322895004780723,-0.7293717433413268,-0.9952756921667958,-1.1261740458105953,1.5473132573998507,1.4829302863163791
0,0,0,0,0,0,0,0,0,0,0,0,0,0,0,0,-0.1126065892846434,0,0,0,0,-0.47633821262408566,-1.0501804343558452,-1.3465291843269496,-1.5957315690684342,-1.7592760212524823,-2.201880019506872,-2.5343365037152767,-2.812966063408964,-3.0004934092557463,-3.09497607899339,-3.1504927413992267,-3.112260949538298,-3.038165573118934,-2.7718503862795902,-2.628363509399113,-2.442235637367652,-2.2185687962803065,-2.0693168119780694,-1.9242505572265998,-1.6081326685443114,-1.4178387617830477,-1.2363416276867294,-1.0926109593090854,-0.7561352576982707,-0.6140022498083205,-1.5068023354212663,0.06244463539467591,1.5507206430458667
0,0,0,0,0,0,0,0,0,0,0,0,0,0,0,0,0,0,0,-0.5646333685750199,-0.8254295107061085,-0.7394304874280987,-0.9850422683852128,-1.4666257968913143,-1.7664785597091406,-2.2575664375759805,-2.5809687141825703,-2.7398480049577216,-2.8944788977110987,-3.0245501923705884,-3.0635326207829205,-3.0477222324830184,-2.9713788970780977,-2.9092574450018986,-2.7198789419797484,-2.579438113995276,-2.4027964608901,-2.1024673833052776,-1.893467425058396,-1.680151522246622,-1.3350864292097675,-1.2293461040183442,-1.0738505527786029,-0.958083718261582,-0.6372631468431489,-0.5367373933945853,-1.2059272108965708,-1.581713523173004,0.25006922322396125
0,0,0,0,0,0,0,0,0,0,0,0,0,0,0,0,3.3038944722661223e+38,-0.4937968213633634,-0.20548698077389588,-0.4932702424255882,-0.9331842325858148,-1.404167772875248,-1.695545590949482,-2.091600149915499,-2.321630807091401,-2.5562366033361683,-2.759514955756678,-2.835146648691519,-2.8862991680760723,-2.918105270264278,-2.9060529066965626,-2.8029025258757376,-2.649328447941297,-2.513654717321733,-2.354976735847242,-2.198879344820103,-2.054279010859922,-1.8012436268383423,-1.7102185167410182,-1.533305078649304,-1.3291950419770153,-1.2445004694174064,-1.1198863977824787,-0.9752511706883423,-0.8171429595679763,-0.7300961259799568,-0.6440720276380659,-0.3847811749984215,-1.1030186188080084
0,0,0,0,0,0,0,0,0,-0.06422958263471003,0.2834230192858345,0.4017716810158936,0.3772819313298023,0.8957679324137616,0.6115346630931322,-0.20289165511653853,-0.5184355888685689,-0.8505051401795108,-1.28442569857849,-1.5048319372716739,-1.8322195131893662,-2.03477893694553,-2.1969666556439282,-2.377945975074637,-2.4753799083855155,-2.571228053455928,-2.65973949377281,-2.6827367363333874,-2.699447140526677,-2.6790730231150977,-2.6387226204200402,-2.526286113990527,-2.3758556493150937,-2.3282893908838,-2.189086546998332,-2.052489261077481,-1.827649670654668,-1.5555793328384229,-1.4841972779854586,-1.3937297058018254,-1.2740204122752743,-1.1933887411319846,-1.1407066469367355,-1.054737661236626,-0.8921164704298521,-0.8261031251743647,-0.7559063556277915,-0.6265384623243361,-0.5278841982274255
0,0,0,0,0,0,0,0,0.13848625220249425,-0.010479553400300004,-0.3350905030941967,-0.6199283634079378,-0.9266413767867314,-1.147595938048426,-1.2869023830349138,-1.432882819572859,-1.5239839365034547,-1.7210862256779438,-1.878360361534021,-2.010899626071271,-2.155727714468225,-2.2481819442172637,-2.3169672528080447,-2.430349503623019,-2.474906018310186,-2.5226817625233475,-2.5821807995700734,-2.600969074322722,-2.598464314183138,-2.5867932996881127,-2.5486314448573277,-2.4210362434591386,-2.3464941486402586,-2.2802646245102416,-2.0980308591709145,-1.9895085736174103,-1.8210142185084364,-1.6755409587377716,-1.6137292689569458,-1.5554680756912704,-1.4462476222681666,-1.3593685017189303,-1.3026545391211115,-1.2069901930987594,-1.0622685138415011,-0.9868952427043285,-0.9228262962357325,-0.7506374197356882,-0.7021766277541269
0,0,0,-0.48773295821784957,0.28997954256567404,0.10128052734768975,-0.17267646246323995,-0.4321018118481499,-0.6789083490075101,-0.9810200504488574,-1.1428243656970305,-1.28409929906195,-1.4283992783376214,-1.578957163683758,-1.677106851596822,-1.7653257731884109,-1.8435855295935513,-1.9787943532712735,-2.053601451807475,-2.1299294231448145,-2.2173164371887344,-2.2747813331379914,-2.3184606162554044,-2.4106475086311927,-2.445454564482122,-2.484301137761021,-2.5162715897866406,-2.520070492512029,-2.5041555319980615,-2.4473240957977667,-2.4110913982749396,-2.3202446538600294,-2.2899230226104645,-2.2457153479335354,-2.083116099367432,-2.0257620918289176,-1.9176880960787432,-1.8378574658603752,-1.7691286795419758,-1.7446104291384397,-1.6589607189431452,-1.559214033147818,-1.4848806934302878,-1.355050366656287,-1.1830025174848655,-1.061394595761473,-0.9774778595194856,-0.8804552309572559,-0.8195152521657137
-0.059521955336656,-0.13229857480690838,-0.3141784390699713,-0.5170201017196342,-0.7387718079981187,-1.010955854302531,-1.083549562325552,-1.2184645319737413,-1.3221415450619272,-1.4504395352679007,-1.5925600348403943,-1.6453233687163396,-1.748819516065092,-1.8490776879643436,-1.9013323673121147,-1.9705385025177473,-2.0076737411586425,-2.071232416657136,-2.132865167862906,-2.1628050098652554,-2.237205707441615,-2.287373050211587,-2.3216131069671353,-2.3825138470057157,-2.4019801880115135,-2.419909472921714,-2.4489275861921502,-2.460439457069398,-2.447055730594145,-2.4303523925169297,-2.4036611733873774,-2.3516982492810454,-2.3090831513044816,-2.275341816685388,-2.168403476693882,-2.09458915133852,-2.022410292297061,-1.9557240031261232,-1.908005836725928,-1.8833395997076745,-1.7807067046571867,-1.7318413123976129,-1.583307670512073,-1.4925941562825051,-1.2840645750839226,-1.1341634409336043,-1.0920776195478312,-0.9483834318882085,-0.8983939570179584
-0.6297744543445619,-0.8370192586573219,-1.0524301195161994,-1.1629597042512514,-1.2858595675331843,-1.392589486429191,-1.461684643509906,-1.5728158552391915,-1.6327088949404165,-1.7361396500895458,-1.8184629930847773,-1.873673213703999,-1.937419739734242,-1.9782664601719566,-1.9991396415098865,-2.0249240420378847,-2.0653968192295964,-2.1324140937531704,-2.1609668407401705,-2.1847353774916978,-2.2429169336252586,-2.2724310165823427,-2.3066230766507063,-2.3671433593484172,-2.3932609558663445,-2.4076027493278893,-2.4322194138045488,-2.4293715065504955,-2.402938309296147,-2.375020569327669,-2.3732954628879,-2.3458276728951426,-2.3283016799711755,-2.301361998837853,-2.2262842784196666,-2.1944688869059634,-2.1731528457921163,-2.0637673771673293,-2.0030729065188493,-1.9532650282241397,-1.85217999656577,-1.7638549139225184,-1.6949606685334795,-1.5768829422408688,-1.4447684790870101,-1.313074680620934,-1.201805790055519,-1.050476579563867,-0.9569588636044211
-0.9717772296946628,-1.208172421410991,-1.3857019049066306,-1.4500177338093119,-1.5433311562985061,-1.6370575826010478,-1.6981225834189833,-1.7890067564897874,-1.8517843104303264,-1.9049957271732476,-1.961806936218375,-1.986742547496683,-2.014588282568062,-2.0319651874175815,-2.053180926889827,-2.0799083874214004,-2.1065901301021874,-2.167846731691253,-2.204298297714325,-2.219253719155434,-2.267286548674452,-2.2917995332261776,-2.317639883757205,-2.352877201116109,-2.3592124426753807,-2.3624401526499796,-2.3705589178998263,-2.3712351183893863,-2.363460700439497,-2.379031221544531,-2.3762015255546904,-2.3660471973909494,-2.3744538124117915,-2.3699823296276605,-2.34216259942929,-2.3183933766883595,-2.210871939638146,-2.0683703152100725,-1.9888784869952925,-1.9036189270832566,-1.801775759629648,-1.7412941763098544,-1.661713647529171,-1.5750593819309329,-1.4471015947747723,-1.3712783879516706,-1.255959102573903,-1.1043494383799708,-1.03123607002729
-1.4394480393131766,-1.5255692835711712,-1.609257183018994,-1.6578848918794584,-1.7292089067451766,-1.7764754466531,-1.8312658169720992,-1.8793292309096736,-1.9216664782684927,-1.9421433410175746,-1.8430205396069126,-1.7619492208563647,0,0,0,0,0,0,0,0,0,-1.800422738630198,-2.1070892210185375,-2.303980601829095,-2.34540734069133,-2.383867101635779,-2.4076135295935828,-2.4186883879514225,-2.4239539527520315,-2.459690131253322,-2.4686756268784977,-2.4870186699300554,-2.5009078472642154,-2.461506935076294,-2.364743269448439,-2.3112036519488797,-2.1936099747790867,-2.0887840621851526,-2.036442037977158,-1.974578398788731,-1.8567747903437877,-1.7832003821395461,-1.7124710789458633,-1.7093324455217125,-1.6754495570825365,-1.579824809893326,-1.4649340908350037,-1.321160232566251,-1.2358839933529118
-1.5495643335794222,-1.573859179194683,-1.619284167882473,-1.640545326334524,-1.6244821813575143,-1.576220343138543,-1.4786971155303337,-1.2761530672590584,0,0,0,0,0,0,0,0,0,0,0,0,-1.6122993036021998,-1.9336049130682873,-2.1335892774451906,-2.2923149776768965,-2.3416325981394124,-2.4288459834487925,-2.48471248748707,-2.518653217102224,-2.554438446729148,-2.5970391851390873,-2.6056592100665856,-2.5909747533038714,-2.5642912638269735,-2.557602623419048,-2.5044949508532874,-2.4460424349294305,-2.3469847719807913,-2.209520877605095,-2.164593851721351,-2.0398150705343934,-2.0866147486843283,-2.052998429581997,-2.0019989556703406,-1.5785516217655424,-0.9714573758097942,-1.8790958136995242,-1.8484628423085065,-1.6275272857603007,-1.5455758491467992
-1.3893586631704096,-1.3351287697077168,-1.1809154922606424,-1.0746205300118667,-0.9479538758919512,0,0,0,0,0,0,0,0,0,0,0,0,0,-1.3706300312294977,-1.625036950878738,-1.913992385031329,-2.11652944934917,-2.2067419191444513,-2.300089744176467,-2.377426721580775,-2.4424547027825927,-2.50374969525317,-2.527330324962349,-2.5560565812620655,-2.5838702214435534,-2.6204781689534586,-2.6298184951608805,-2.6172266176324324,-2.5529628098357775,-2.460377268931249,-2.3778259375716497,-2.1735574933180293,-1.8421693856131935,-1.557576248730581,-1.2093685760808206,-1.253403633824787,-1.3227973552991807,-1.3494314670997236,-1.228098817755523,-1.1746601312951934,-1.2793261401134852,-1.4388203815426726,-1.5517807381026527,-1.594852855470839
-0.9887755548585798,-0.7587653096733123,-0.4935118690676213,0,0,0,0,0,0,0,0,0,0,0,0,0,0,-1.5566879634045843,-1.776128862733325,-1.9403844902437681,-2.0851332357955137,-2.2145629827452744,-2.280270745700046,-2.348783327910738,-2.3951272261897327,-2.447244830843599,-2.508899185697964,-2.5313381609451207,-2.556583577479231,-2.605339977835176,-2.622128497754771,-2.621926692093103,-2.577833735306084,-2.51421906449634,-2.330534379384097,-2.2486707097949714,-2.098094219238314,-1.9732883893111677,-1.88294534871165,-1.7468785299261023,-1.6512230427759929,-1.6135768032598377,-1.575645214257581,-1.5583092728691479,-1.5144112898147515,-1.5285209634936956,-1.570497854727243,-1.5669357217358637,-1.574297601001099
-0.6331620893022171,-0.5027197621055892,-0.10571823602935096,0,0,0,0,0,0,0,0,0,0,0,0,-1.5089094432959782,-1.653043847971372,-1.8273019971547406,-1.978706290418424,-2.070555798743231,-2.1622983652055945,-2.246289465983934,-2.2965582582944535,-2.3730985737140577,-2.424547192255397,-2.462711903403198,-2.50617565183445,-2.5346630453814627,-2.550167204304026,-2.555684132447468,-2.5580157762596514,-2.5145987657297817,-2.448887405823972,-2.4078195535975997,-2.263350207315744,-2.1834713835310686,-2.080245383462634,-2.022900339180871,-1.9856019802677192,-1.9147030823283333,-1.8676677598523963,-1.8430849846965789,-1.806005419717197,-1.793128871384267,-1.7383813534770773,-1.7293282524063822,-1.7107983851495736,-1.6512029565090962,-1.6135532453258452
-0.5189195284110649,-0.444268062610265,-0.3048658685262529,-0.35090037662675977,-0.5310243728900819,-0.46542107154830636,0,0,0,0,0,-1.3845316785705737,-1.3979891755761717,-1.6177313606293937,-1.7219299583618115,-1.8369060665246915,-1.9091668702587012,-1.9943162233255245,-2.0947189281743412,-2.145685856898622,-2.211732915414841,-2.2681988692630544,-2.299381099683076,-2.336502155364636,-2.3588933327328223,-2.391549431262205,-2.4099376497823624,-2.4156323345993167,-2.417032385135771,-2.3983521045182643,-2.3799482341652096,-2.3423575260036777,-2.2813377829636385,-2.2409181600224914,-2.1622632876191794,-2.1258727281268603,-2.0751184035936583,-2.0263090156426022,-2.0221754430867405,-2.027301324367012,-2.005201087482892,-1.9902119954218325,-1.9643466769455915,-1.9506164936673895,-1.9141845510890592,-1.8781842256021604,-1.8572280313844087,-1.8102854698216555,-1.8025529799750606
-0.4877885013401761,-0.5385852872968376,-0.2151901982739564,0.5894736756474223,0.5265568586759987,0.504666926514978,0.5755249847548387,0.613237201168502,0.8114207565953998,0,-1.4430964878055477,-1.6263540617512173,-1.7619034637823543,-1.8914220449556745,-1.9571648197014448,-2.0455568093343275,-2.0868479181669466,-2.1141465367636045,-2.149135034170908,-2.1810029254307106,-2.2228618167413003,-2.2743747794870894,-2.2927999037889553,-2.316672425044154,-2.3263074969636284,-2.331238657430795,-2.3215809103343674,-2.3039285667403346,-2.2834250512762573,-2.2494273947873173,-2.2391639824701963,-2.198362398291821,-2.155946619577313,-2.132136484543802,-2.106241094072587,-2.0929365428603814,-2.0934722901326093,-2.086826934955444,-2.0820091861627654,-2.095952270127409,-2.074280613442776,-2.0583114361946233,-2.038771899783109,-2.0214213786008273,-1.9912289992973597,-1.9789889474323799,-1.9694611126468515,-1.9297405807758687,-1.9090101710323435
-0.6951848579917472,-0.8716470319437046,-0.8573083471964821,-0.9040695566415626,-1.1253266032693756,-1.2000438950289571,-1.4303681128315036,-1.6127375282806446,-1.7133171278362547,-1.8127556424965126,-1.8849381130791605,-1.915964133070854,-1.9800801300212976,-2.0207220355330393,-2.0418800826231047,-2.0900454466580234,-2.119310406047457,-2.1315661312403424,-2.1491381310023385,-2.1740595287811577,-2.193808563783719,-2.216860884933469,-2.22367712057729,-2.2177326081362083,-2.2157240913094816,-2.2047533238250625,-2.200003211605016,-2.20063484670756,-2.1763098062040833,-2.155806826588733,-2.1458738684211394,-2.132305768811085,-2.1224533165833552,-2.1255707310335112,-2.1181282298890856,-2.110728510719639,-2.115028962779102,-2.0913495138524345,-2.0903669341257376,-2.0898654792192173,-2.0636907168818035,-2.0366395226231653,-2.0317185415817365,-2.0302880719079734,-2.0084402840529374,-1.998656961824155,-1.9862387548957456,-1.9763578166246631,-1.9604950624056665
-1.184714247571852,-1.3279399811386512,-1.389527141118291,-1.4435127047401481,-1.6235217301421516,-1.6648423927642277,-1.719816889067526,-1.818052646076313,-1.8270853257597068,-1.877823369840547,-1.899633727854471,-1.9327085341047814,-1.969996827342925,-1.9937184617778128,-2.0105751609248594,-2.0443006699599566,-2.052204924309737,-2.067451816000707,-2.095731656773022,-2.1045462060295566,-2.1200125655753377,-2.1290717486360204,-2.1314112573463277,-2.1168406459547424,-2.1263270322929992,-2.1255680734196964,-2.1270000807827625,-2.125480187720558,-2.107474034226677,-2.1016541872990637,-2.104757263903353,-2.097662736440384,-2.1017056392317572,-2.1024872533593806,-2.0981299083713343,-2.094159094324442,-2.1018560316120727,-2.0788937423108917,-2.0750305961007243,-2.0863704179658993,-2.051987569872665,-2.041480326482278,-2.0521148948686796,-2.0402811671296344,-2.0241990441218283,-2.0342637421435534,-2.0410134215967233,-2.0138973649681815,-2.0134678092860483
-1.4348611686308936,-1.5421887968639245,-1.624364319578683,-1.641658041704816,-1.7126480036384972,-1.759727300733964,-1.7725576920705546,-1.8018385196024398,-1.8246537968040915,-1.8452949297876087,-1.8694780841292051,-1.8768461642506515,-1.9203333042294082,-1.9365628176704888,-1.9552099407733918,-1.9771693696678472,-1.9827124563098222,-2.0040544975326036,-2.0132817039952298,-2.0278095701564984,-2.0296812419162644,-2.030935049350962,-2.036544808995788,-2.0304244109581457,-2.0323841292526263,-2.0425177973089492,-2.0546530380498824,-2.060303010445308,-2.064120857959485,-2.0739478817956014,-2.075544747419738,-2.0697826342091794,-2.0830128168513364,-2.0903998711933953,-2.0892338543344486,-2.085730462206841,-2.104064264402664,-2.099490639159522,-2.0930193598925926,-2.0970526838714334,-2.0844329275697553,-2.080502061650722,-2.0712151076709158,-2.059250145574583,-2.0346004594812874,-2.0523587314756386,-2.0561461499493916,-2.0319488291940804,-2.0231175917894353
-1.537516309637065,-1.5780874644539014,-1.629219913702675,-1.6594778411893747,-1.684924370683072,-1.7075434349778238,-1.7278251057519285,-1.7315035020678038,-1.753781050976331,-1.7898828764798758,-1.794398714989827,-1.818771756571751,-1.8532887333904693,-1.8638682377344415,-1.8768941691996124,-1.8915979671173482,-1.8996155258041627,-1.902045338942278,-1.9062890871866267,-1.9083657764977613,-1.933637587345016,-1.9462283357707715,-1.9516874264769597,-1.9776413303602909,-1.9821984764772473,-1.988070767347483,-2.0051412661963846,-2.0113626076308386,-2.0176706184738515,-2.0312827978687267,-2.0342154250011437,-2.037797651417799,-2.051454987274906,-2.058616327078097,-2.057279267156024,-2.0650027706377503,-2.0778213750752883,-2.0734821077590393,-2.076509742673412,-2.0819669434044905,-2.074613331189892,-2.064833940526044,-2.0676611953605555,-2.0601291699759745,-2.0471918857024294,-2.049420335259364,-2.0466953504360306,-2.034045029330853,-2.0249313523325236
-1.5405357742627979,-1.5694679459474965,-1.5865827379788195,-1.6018424787923198,-1.6307322005884606,-1.6552454729801764,-1.6724579291966426,-1.6972138463323792,-1.7044737085482107,-1.73056657671654,-1.7488175841635423,-1.7556276307805103,-1.7816283107335267,-1.7917523592661033,-1.794279006313712,-1.8157272523302321,-1.8263482144044074,-1.8340339715178506,-1.8454882506324202,-1.8546830404140489,-1.8668396776733538,-1.8835720783886807,-1.8862408655516576,-1.9021443544607128,-1.9211964418660528,-1.937585999291449,-1.9537077071215985,-1.9651959454995749,-1.977885714056855,-1.9841794868199867,-1.9945848428332107,-2.009201676293339,-2.0271397679037815,-2.0380176612431424,-2.0441346624298835,-2.0479166160365287,-2.0564349251216663,-2.053926060268596,-2.052143786673854,-2.0585570817307195,-2.048632636301813,-2.0459286044797325,-2.044059010974802,-2.0418864091023248,-2.032707725901429,-2.0464077757229133,-2.0359915465697895,-2.007107072891472,-2.0067199553775574
