jsons/1312822800.json
{"header": {"parameterUnit": "m", "parameterNumber": 3, "dx": 0.1, "dy": 0.5, "parameterNumberName": "Northward wave", "la1": 40.97354507446295, "la2": 16.46031188964855, "parameterCategory": 2, "lo2": 133.9931640625001, "nx": 191, "ny": 50, "refTime": "2011-08-05 8:00:00", "lo1": 114.97908020019554}, "data":
[rows 0 to 21 of 50, columns 50 to 99 of 191]
0,0,0,0,0,0,0,0,0,0,0,0,0,0,0,0,0,0,0,0,0,0,0,0,0,0,0,0,0,0,0,0,0,0,0,0,0,0,0,0,0,0,0,0,0,0,0,0,0,0
0,0,0,0,0,0,0,-0.22772207901633723,-0.16737778073266668,-0.17310280933828287,-0.14204706383748947,-0.09608927562783824,-0.0890190315188845,-0.07687805519235023,-0.06488482687240912,-0.05756942174265292,-0.046730049139869036,-0.03763018226082582,-0.018167190781202984,-0.002318173384034988,0.029334449945458325,0.09997535080674366,0.2849988516563897,0,0,0,0,0,0,0,0,0,0,0,0,0,0,0,0,0,0,0,0,0,0,0,0,0,0,0
-0.2834937891856548,-0.1595378508539299,-0.21640926236562708,-0.2093583898972623,-0.18174897753435756,-0.1785585263279457,-0.15381631254239836,-0.15011226946338316,-0.13290312197572557,-0.13294665819868984,-0.12378249953634364,-0.10883744410738991,-0.09831176298639398,-0.07563028649333041,-0.02850090730994882,-0.019537461733237404,0.055985951131974,0.15844919253543924,0.27323180196735625,0,0,0,0,0,0,0,0,0,0,0,0,0,0,0,0,0,0,0,0,0,0,0,0,0,0,0,0,0,0,0
-0.3045677128576773,-0.23736522644956723,-0.20003987982434937,-0.18875238459274873,-0.10921969836912161,-0.07356308618205804,-0.06051175569296913,-0.050604544471695136,-0.02569396388029456,-0.020335813698739397,0.010443105021942262,0.028001735176366022,0.04415435047857761,0.14438440423916363,-0.27009478356031363,-0.5108940562971535,-0.10690662595369896,0,0,0,0,0,0,0,0,3.2209281772659967e+38,-1.0955644019613666,-1.2292437003022298,-1.3134614257199955,-1.3902739896840544,-1.4427709232265182,-1.4852271338618968,-1.4933740515387397,-1.5296719969850234,-1.5532975316203592,-1.6245798985769346,-1.6023240170847879,-1.619951954448497,-1.5207981481753217,-1.3389689439445773,-1.1917470023929295,-1.0326876432187744,-0.7677760191159426,-0.5500215189823014,-0.3616000298556921,-0.2600362586516026,-0.05213807971715348,0.0453062097280331,0.117538921660217,0.267788212916161
-0.5651835747497999,-0.571592835416824,-0.5954445468890178,-0.645884814418108,-0.624224814729022,-0.624196258088621,-0.6281736102338006,-0.6430773881219831,-0.3979482118053708,-0.13686962139200026,0.17071365013492093,0.24452755241332613,0.07713934692464663,0.17027170188682128,-0.1006705319402985,-0.14261796428079895,-0.692779975033043,-0.8041268873036068,-0.967791297167922,0.3061487529831295,-1.4045661633220023,-1.485610287294543,-1.5601572848632528,-1.6113939820932477,-1.567892304940903,-1.6080413724368863,-1.615401773397506,-1.651292121373662,-1.7004924886102901,-1.7186154409740204,-1.788653620619793,-1.829411245135,-1.8202472965216192,-1.8645078525409,-1.92176870611007,-1.9539763113269855,-2.0437431649179856,-2.0090181248311527,-1.923267080930529,-1.634461795765886,-1.3309070640152771,-1.1507680489210679,-0.8539246738634341,-0.49807320805300814,-0.22351199786273926,-0.05377897242557421,0.28142347985871213,0.47159747590026246,0.5849070901139332,0.7349972254081726
-0.5681883199041395,-0.5887849517169528,-0.6217463153915379,-0.6514295518932439,-0.7014781435166609,-0.7339291669203244,-0.7869725877003406,-0.832991971984052,-0.8664608241205085,-0.9237963619523144,-0.9628347270892391,-1.0494182783108799,-1.1131834572584507,-1.1571925283155704,-1.2133492277363507,-1.2327189591894172,-1.2585525535858701,-1.2805683823175416,-1.291684856374628,-1.2974109369102935,-1.245413806603852,-1.2384079461562743,-1.2076290649757095,-1.2206189799476,-1.2363995567380965,-1.2227817839019677,-1.2130776015372255,-1.2220501458882713,-1.2147325020153634,-1.1872893731151812,-1.2779201825993842,-1.2939967152736376,-1.3273231200233297,-1.4046874132872729,-1.5393170511775165,-1.6344433197603956,-1.9390176180216774,-1.9944698369158926,-1.9470965454225884,-1.4458098932090255,-1.1364195147392446,-0.8400121496147696,-0.5228589756220978,-0.04552583702506413,0.1569319757719774,0.40475998931581963,0.5099896738341321,0.7048211109912127,0.8362962458535553,0.9347374059082797
-0.256567842009958,-0.25585566438225543,-0.2553861135052246,-0.23971398546030895,-0.2708486234189507,-0.2735661575956104,-0.3202696973706818,-0.35317698601081554,-0.41393900416856527,-0.45545218698119555,-0.445163760843116,-0.5100302244596172,-0.5523669436976174,-0.5784260142425467,-0.5584558325008006,-0.5927389847762838,-0.6407284727366576,-0.6690524365169168,-0.6915274505165475,-0.7067408183035628,-0.7267829787797093,-0.7362314947052363,-0.7342181532261357,-0.7505879754184683,-0.7262146965290699,-0.7401638765087443,-0.6974382814563254,-0.654785507389916,-0.6058726183736607,-0.5842076901621281,-0.4958480999687522,-0.4473723397797242,-0.42695544395985013,-0.39378051123242147,-0.31758082180266756,-0.2893943119357366,-0.7865253744792307,-1.4588264708031542,-1.7404149144922199,-0.11305257033749823,0.12654079133642948,0.24993344430298567,0.2695940865614931,0.4091550142089978,0.4841039965831195,0.6040263013222195,0.7705309948291923,0.8501160313681323,1.0013515104856385,1.026893606818111
0.20682220847087304,-1.1406649162768842e+38,0,0,0,0,0,0,0,0,0,0,0,0,0,0,-0.37717309414548955,-0.19784678044497603,-0.1532092586831492,-1.7986014597350826e+37,0,0,0,-0.5226159973900444,-0.4526394865151084,-0.5691586605162328,-0.6075325042901283,-0.4783989269859356,-0.36547817434051194,-0.27561249380136427,-0.07127816693017534,0.05940903731060843,0.17108462036432182,0.49567420733588147,0.7607597128025181,0.8676576386822692,0.8975129673612326,0.6839503550063826,-0.4034004541920018,0.5442468825835519,0.965166480187841,1.0379573323940574,0.9133923515226875,0.7031023635619463,0.7514817322876151,0.7376978971976718,0.7880012435619911,0.8323594339951633,0.8782346803328466,0.9480737858075461
0,0,0,0,0,0,0,0,0,0,0,0,0,0,0,0,0,0,0,0,0,1.7836894224401352e+38,-5.783396298690289e+36,0,0,0,-0.7787539518893623,-0.33480390470056903,-0.14504911127558764,0.02766296380868252,0.2782696942429595,0.4555515059932761,0.6073522228495665,0.9612020490223206,1.109242634674644,1.3061420868453826,1.4302275776682158,0.19023106108588625,-1.0962348575679166,1.4817207019634753,1.3903351685654304,1.4210931349373335,1.3860223991618565,1.2188576058641554,1.200284308087091,1.172517218712047,1.1164049636728226,1.1275905022931265,1.148670878051537,1.1039967287622376
0,0,0,0,0,0,0,0,0.0797356545146386,-0.5132767179158946,-0.17782480328692793,0.044689871492567416,0.16058314716420075,0.24059768596669198,0.37338208765146375,0.42284948808226697,0.5165661023905418,0.4552557979026472,0.4979259984001752,0.5609107324934978,0.4854394675858182,0.4319094584855423,0.36905913597353374,0.33398160621061457,0.26917803821415875,0.29275876974631165,0.3010917698783325,0.3283247885860941,0.4068762695925431,0.4722903912769527,0.7849490189880219,0.9416201566649688,1.045085600263555,1.2577928251891843,1.362806801760338,1.3420561125659525,0.20868086675692735,0.12058805176955964,0.8211349716113705,1.5345683465864541,1.4683727869729786,1.4298955190550457,1.3341505766394866,1.2624888065011304,1.2312066643907493,1.185691862599465,1.1505310394175257,1.1609353395100543,1.1584285439781967,1.141607465536087
0,0,-0.4972694436944202,-0.6215616973260012,-0.5323277542930823,-0.5438165418596587,-0.6048854160518052,-0.5086213659264439,-0.3312214038874354,-0.2972422748908735,-0.2120042163144307,-0.126464541633082,-0.0898107454939068,-0.026079366604836143,0.04247730009305243,0.10812783551205002,0.14321522496504605,0.222735625605055,0.2343373871011646,0.2604968905675347,0.2750521039914319,0.2557536656847428,0.3133516041714323,0.314355908655631,0.45495579263884545,0.5256201044668153,0.5958533869931373,0.7246817802161576,0.8003792096957016,0.8520210956166008,1.017608225463224,1.1566965896676584,1.2092989229334195,1.366301586551565,1.4152301340609177,1.4730490228020252,0.8022819674592059,-1.5037080678328134,0.7188147661334816,1.391655167731564,1.4743318934357739,1.4351835360055623,1.3650378528782026,1.2854964062914207,1.2309076738944424,1.203389313189528,1.1476622936190435,1.1312935313039125,1.1076156538144233,1.1037064441482876
-0.6299185755323291,-0.5672440964961134,-0.5515637310223223,-0.5518889036459866,-0.48001991632682905,-0.4568830552242445,-0.4495055900691292,-0.4305975283412911,-0.38009881091428177,-0.3640627170519087,-0.32061036765135603,-0.23410874511229862,-0.18418103563047855,-0.10570718940244578,0.027286969260438915,0.056164343103220736,0.092468588626907,0.13761212236400786,0.17079852135820017,0.20799199300086463,0.2938363981488911,0.3554093845101115,0.3950189607531346,0.4231451561720537,0.5691708516853882,0.6415993638123381,0.715485801579563,0.886333537269059,0.9158143487480872,0.9489097599128016,1.0895698559801037,1.14897688447325,1.2006360741936974,1.3026927216747108,1.3768442338872302,1.4095113402875834,1.2780669799778606,1.4477162630819291,-1.1569032619894237,1.3059823214409143,1.4474122636802753,1.4463781681243457,1.41053412697948,1.3304297703014192,1.2951139531166869,1.2649490864988218,1.220008329084621,1.1832201539057021,1.142865214278309,1.0998604811598096
-0.3927026422912233,-0.35938358653947067,-0.3594407311769055,-0.357642843179985,-0.3352785504738199,-0.3234805963493076,-0.32189754165948004,-0.2841012761640098,-0.2474868236816438,-0.2412068620282482,-0.20521658593907743,-0.13845651985046512,-0.13041670591738017,-0.12502336407103917,-0.06786031179037402,-0.06281465514770689,-0.058183374102222817,0.022987873258121832,0.12223857062683781,0.167199276495099,0.2598502748898519,0.322017695026383,0.3789655999227428,0.4132097812594766,0.6106063689468202,0.6750255061920608,0.7124447136860248,0.828559423519564,0.8893319942210282,0.9619094742294177,1.122534582886728,1.1458227788394169,1.1877521369769992,1.2582976745352747,1.3038128712510524,1.3301417620242748,1.3380254886177736,1.3139638984009958,-0.09599658144148376,0.7312886253841587,1.157781033311518,1.3193652292185587,1.3800732644050864,1.329726494029395,1.2941327965338298,1.2820018391754366,1.2451279221023221,1.2194566627476153,1.183756672419819,1.151360615150753
-0.24278200776046704,-0.2377988092762176,-0.22488189551413484,-0.23650937077858916,-0.17081474946020653,-0.13529131822892143,-0.11630323572315644,-0.10360826122377657,-0.07964868280808313,-0.07257499278064822,-0.06625044847746776,-0.050369503451501804,-0.06843563384374705,-0.08044842895645753,-0.09738271955288784,-0.09857387324759065,-0.09228177900993931,-0.05895483494558722,0.009487838834786702,0.05684501059453894,0.20811000485465544,0.2600114084044708,0.3153132111858451,0.3844777300772746,0.5327769222796204,0.6004843889720589,0.6807099566653683,0.8075596379349006,0.8619129538082682,0.8955456244247184,0.9846644583195238,1.016341268758425,1.0462070520128959,1.1153863300419693,1.1440982200679763,1.1860674308368377,1.2380730558722686,1.2543824947684454,1.2805998356899018,1.2627152353322724,-0.615474759131559,1.1499170963895176,1.1957096682252581,1.315331409649913,1.3227595326129646,1.311650376199922,1.2729345183267704,1.2537042082847079,1.2402863814417469,1.1990836170081365
0,0,0,0,0,-0.24418189575973087,-0.21992985242312518,-0.17253746452453853,-0.093415510049745,-0.07366287594567879,-0.06980549221809944,-0.09501873748615092,-0.1099426237562354,-0.11628447868798564,-0.0906944115511437,-0.08083161554709223,-0.0867775995702106,-0.039853752611164375,0.02286737282679419,0.08636862302451405,0.2213563990128449,0.28440447176941575,0.3391172692011231,0.39612569765646366,0.5195024295520264,0.555353322367802,0.6199049635018564,0.7172469884494694,0.7738872757854168,0.8133032332354323,0.8914145316897034,0.928408112197587,0.9575928061807871,1.0315771467160078,1.0655678956405366,1.0899838397629333,1.146980639431534,1.1760105815205135,1.1985304519560374,0.5947262481577155,-0.8461593845538998,-0.5469887433250955,1.2326952129645612,1.216717083121307,1.2368737546008297,1.224830684310071,1.186278887084677,1.1743632640497015,1.1659704053240278,1.149111476465817
0,0,0,0,0,0,0,-0.2810081009337286,-0.16631114347852044,-0.10089938345641754,-0.05202137646182408,-0.12476907823292034,-0.17016468491780942,-0.20150115019780812,-0.19317853900568807,-0.1686588847964856,-0.1375598007192391,-0.07738373158177196,-0.0586542212878718,-0.049052099366724534,-0.016583779022444154,0.057599625243145276,0.11352812607716735,0.159859862941353,0.30400536791577676,0.40168511337867036,0.4651003779873892,0.5508617830254101,0.6115752923727094,0.6822012848724518,0.7860076909604404,0.8302908263495535,0.8681794241123735,0.9516869216170929,0.9962605399035791,1.0176711752704422,1.1128774070969625,1.1379424980690551,1.1652206599711332,1.207896572124712,1.2318324414008337,1.2516229074427212,0.9733134032591841,-0.09838946019968708,1.0933508747746659,1.2676516369625856,1.263388050769471,1.2560294515599606,1.2483378137881513,1.2268659186666389
0,0,0,0,0,0,0,0,0,0,0,0.07924353712168461,-0.05824986697612623,-0.2084597858387289,-0.23171881527022617,-0.23910561270488156,-0.2531318406196427,-0.21613590625632204,-0.1986859148088045,-0.16415506179071876,-0.08695986421051909,-0.06668814015696468,-0.02001369421838527,0.02682728099316349,0.1217923646791903,0.18375604421590402,0.27292893086439657,0.36227584107551536,0.40723694045928627,0.4866791633261897,0.5838686761229291,0.6771468619508202,0.7042628951018047,0.7900710570810682,0.8341659855448906,0.9011200941133976,0.9663985110357327,1.0187051980799058,1.0505817317432264,1.109316413912704,1.1384136200538006,1.161800743019064,1.1669526747052374,1.2155914099511012,1.2348473877169852,0.9583561583717042,-0.34244355133818377,0.9427186880141826,1.253951088199173,1.2603432051639627
0,0,0,0,0,0,0,0,0,0,0,0,0,0.014083895502842994,-0.27449482651563895,-0.2847975997014694,-0.3459033230470617,-0.24913694754748314,-0.22953709940833122,-0.22218690637337882,-0.17954114524856357,-0.16179092256567362,-0.14037230232593004,-0.1105442263811284,-0.04085843380412442,-0.004712524000534406,0.042974340878387564,0.1405971596497477,0.22687179391026033,0.31044111533558755,0.47645731094521926,0.51943659236594,0.5464130504525392,0.62339961520655,0.6715154043657048,0.7327566929974079,0.8057569374575573,0.8424042993075573,0.8962620947343158,0.9424182756209872,0.9939893412486122,1.0473688358715774,1.0826875374495641,1.1253208348106656,1.026130814389795,0.9048504958780648,0.6816468248092659,1.1427221363022302,1.192655413969616,1.1809203372584565
0,0,0,0,0.0028371220109994176,0,0,0,0.010916133206513856,0,0,0,0,0,0,0,0,0,0,-0.47802949117317745,-0.38223224637739167,-0.347493604605194,-0.3280357570992101,-0.27101774854908145,-0.18906249046738233,-0.15187407491865085,-0.11923280834889767,0.026472018425729847,0.13404319471644474,0.20955572493354144,0.34020905431067855,0.3876108237321779,0.417604197072112,0.46044502051033276,0.4842537233418157,0.5317206555346495,0.6495773525385212,0.6818234570700797,0.729829142910809,0.8198358246134326,0.8581258770217439,0.8946952211800216,0.9316392549429982,1.0039602165981514,0.9998644853120777,0.9589409640251688,-0.9375668515779001,0.9864549825313772,0.9559593487410171,1.0706661342549288
0,0,0,0,0,0,0,0,0,0,0,0,0,0,0,-2.4934841506144264e+38,0.020377357841517646,0.013351578575655781,0.005931625240115043,-0.058153483088755856,-0.13827512318334834,-0.2033116646911471,-0.4219787315304698,-0.5082795582800461,-0.5039456909020293,-0.5291786286602992,-0.479835904125674,-0.2679665064258208,-0.15320934187767152,-0.07261071356337871,0.15108657997760078,0.25713706375765766,0.3473818893198194,0.45755323954753463,0.4818148163634108,0.5604935488150806,0.6649594910092448,0.6996320724193942,0.732908114729344,0.7933810186334186,0.8131086371136309,0.8386901501563806,0.8679714242243818,0.9358929220302284,0.9713161213165014,0.9683680371177772,1.0189865214608076,-0.5788869191638055,1.005044679753882,0.9969750062914238
0,0,0,0,0,0,0,0,0,0,0,0,0,0,0,0,0,0,0,0,-0.17226045085390274,-0.3251757853766465,-0.556384936518828,-0.5971887290522426,-0.5924171034420382,-0.6365544723015096,-0.6148520906868354,-0.40405151510766846,-0.2650439763602131,-0.13983554494327793,0.12587280051494615,0.2332989611576824,0.3200197992430487,0.45520542088258803,0.5319354967664474,0.5769234914474028,0.5885472636969007,0.6168522741525067,0.6616180329354528,0.7181804318021761,0.7499865572032236,0.8042012328410874,0.8268684198395371,0.8917877208988855,0.9221103094624659,0.949294331103221,0.9386522447000201,-0.9964714682016361,0.9580463156248348,0.9327089940963058
0,0,0,0,0,0,0,0,0,0,-0.10462096763707197,-0.1350620463361716,-0.17380268756074838,-0.20360082181738343,-0.2447855451884704,-0.2799485822464347,-0.3472888969844747,-0.38481713542159607,-0.42182356769409757,-0.4969997350199738,-0.4949432882429478,-0.5024533563367714,-0.47119999611179514,0.3825153797118999,-0.4480786059515148,-0.7023972550777444,-0.6162371884956707,-0.42521256979256894,-0.2819405147424914,-0.07168588878306546,0.2968288774940652,0.4015352990020601,0.48481410831327093,0.5417617684625512,0.557562210244776,0.5888771275538206,0.6683057321588451,0.6910224220323249,0.6921748246198239,0.6888896265848344,0.7136550609715158,0.7034085934036878,0.7005206739443816,0.7495092051527987,0.786317113743869,0.8385107674676311,0.199425877460266,-0.5731554269004054,0.741862660432161,0.7644293358687935
