jsons/1312603200.json
{"header": {"parameterUnit": "m", "parameterNumber": 2, "dx": 0.1, "dy": 0.5, "parameterNumberName": "Eastward wave", "la1": 40.97354507446295, "la2": 16.46031188964855, "parameterCategory": 2, "lo2": 133.9931640625001, "nx": 191, "ny": 50, "refTime": "2011-08-05 8:00:00", "lo1": 114.97908020019554}, "data":
[rows 22 to 43 of 50, columns 50 to 99 of 191]
0,0,0,0,0,0,0,0,0,0,0,0,0,0,0,0,0,0,-0.9051939482191036,-0.5091926680855071,-0.7378034791907137,-0.29852271838605543,-0.2714835743350717,-0.9192912991240572,-0.3917839298332608,-0.4145651368387979,-0.3468829649687736,-0.11239022309655526,-0.1663649216592379,-0.17679135991707498,0.0521500921287793,0.18535907523827452,0.2723760480544896,0.3145730264304402,0.3240424037081063,0.38441263229624884,0.42797493657997393,0.5765423607133445,0.699869742734305,0.870653348139505,0.8448744366123262,0.9711939153422862,1.0344638122366372,1.1663551194281696,1.3165496323821684,1.4060176130855266,1.6382522767802856,1.7930430752581525,1.8663177042785735,2.0647218130446565
0,0,0,0,0,0,0,0,0,0,0,0,0,0,0,-0.4797051780486003,0,0,0,0,-0.47706803896230915,-0.6315301557507517,-0.6311067591470291,-0.6011951553110424,-0.6515650371260302,-0.692252646323644,-0.6821868863396776,-0.6348586959964848,-0.653311595836606,-0.6552441038338752,-0.5964840850224759,-0.572642755542618,-0.5592120890556107,-0.5357226828597409,-0.42096364956044635,-0.2938598231464049,-0.1420324418680758,-0.10516820406383563,-0.010099247434008272,0.07617359304857087,0.12668115164070354,0.27526607310138196,0.27563681883459357,0.5301974627960185,0.6461899973165894,0.7897548916951108,1.0605042889914222,1.2403556185301865,1.3476349567687642,1.62875555170614
0,0,0,0,0,0,0,0,0,0,0,0,0,0,0,0,0,0,-0.645877935915052,-0.7615289053428624,-0.5833842986540672,-0.691400598857746,-0.9008895727023817,-0.9634859254824144,-1.103598521336461,-1.1941370516826535,-1.2182990737731154,-1.2511207153200146,-1.2894033831133946,-1.2729020405836637,-1.376857954511076,-1.4779599679980702,-1.5144684212863682,-1.4949316287024719,-1.4591838013689926,-1.4143634073221172,-1.4196954366717234,-1.447234455295591,-1.5476032762031215,-1.595697732836955,-1.578242911729295,-1.6074923060987916,-1.3766478058115812,-1.09395737101988,-0.9648140211172372,-0.7549102876418061,-0.3983438106222719,-0.15335427547775743,0.02311843190705659,0.563792965043401
0,0,0,0,0,0,0,0,0,0,0,0,0,0,0,3.3038944722661223e+38,-0.9465265533398549,-0.40418836737980834,-0.6734228104466983,-1.0709077316704092,-1.3913053359628424,-1.5550673857105595,-1.775534124549227,-1.8764428995774391,-1.9801317411705128,-2.086365736234048,-2.222501441916135,-2.325543119079429,-2.43082150760489,-2.517679110856297,-2.649335996096009,-2.822225069865983,-2.926359804068731,-2.8452245964358207,-2.979444432114257,-3.028391595366711,-3.0436720171722293,-3.0311172579490173,-3.1546189836748404,-3.123113751861618,-3.034540732820698,-3.1535102762763993,-3.0465129502564103,-2.9457572482434458,-2.971167697651437,-2.8762331844836937,-2.6539090458600945,-2.586126041125342,-2.275000181630247,-1.66995289618302
0,0,0,0,0,0,0,0,-0.4041665895748418,-0.42682963080975656,-0.5458517744655595,-0.9537782775220112,-1.21246354589183,-1.1463600568197705,-0.9775186715800542,-1.0858442225286518,-1.3091626559317302,-1.5714401130721274,-1.732712044519802,-1.9752156550879914,-2.1056185970379264,-2.2502507225199637,-2.4801690178847147,-2.602608220370445,-2.764660399613051,-2.9643364010795517,-3.0968121729946176,-3.3090372946584465,-3.4786720289681443,-3.6089675351413892,-3.786893793474116,-4.036486646708862,-4.120365663670189,-4.209572407404433,-4.285461542705668,-4.568546249990962,-4.631507189145394,-4.692136557821155,-4.962984512367702,-4.813520147622184,-4.809547039552107,-5.0128693951018635,-4.994766604635816,-4.88407905910397,-5.060810482887541,-4.941083160457599,-4.76922189460124,-4.71601949538804,-4.572742110164721,-4.131736473838748
0,0,0,0,0,0,0,-0.4688628427340842,-0.9296304690634917,-1.3004487277479524,-1.439851872985959,-1.6015194666509174,-1.8368347933032108,-1.956576381590554,-2.1409111938490573,-2.223712039000809,-2.4509090616297478,-2.5093099233825393,-2.638463654269383,-2.8324397101390355,-3.019521453351378,-3.1480094953545295,-3.3716461162099916,-3.516016543754825,-3.7026269353237464,-3.982824815348619,-4.154891734601203,-4.348546542270647,-4.59680424732371,-4.713185411797854,-4.937326216304247,-5.174246429580306,-5.335015843709844,-5.496308627602922,-5.678272892988758,-5.879758721433253,-6.0116940601639675,-6.163969887797312,-6.36539874007281,-6.5425756637774874,-6.603525039978139,-6.882723012064126,-6.968925135309816,-7.0335647227274,-7.363636595958196,-7.384006721308577,-7.307116683164111,-7.447290112522689,-7.462836784990366,-7.076635729371328
0,0,-0.8399284099550305,-0.6840019917314809,-0.8952009219646196,-1.0254429285049833,-1.3239682279582317,-1.4730412884436177,-1.664966656276641,-1.8309297078995306,-1.9718471136888254,-2.1136857315376614,-2.3125119479313625,-2.4416435111783072,-2.58079463476898,-2.704574147230619,-2.9003902863307824,-3.0552291995325547,-3.1998247938208326,-3.416911455891538,-3.5986428104889168,-3.7422712326134793,-3.9474365427852143,-4.072709943975187,-4.256358821418114,-4.52352821898564,-4.599442750866439,-4.850480476093544,-5.1572932527185245,-5.30410301145296,-5.47533131930283,-5.760847543329025,-5.885644228766628,-6.07789659296425,-6.268948355876254,-6.544163077586606,-6.696614663523128,-6.832615837938237,-7.085871275549453,-7.307492917349002,-7.387794860157372,-7.754045317191757,-7.905620608357426,-8.079924865744047,-8.281895074437925,-8.389792190428688,-8.526178023138241,-8.687841958791163,-8.78065409943011,-8.720825332599112
-0.8248729237193361,-0.9034162342708837,-1.0704298342718233,-1.2926682218797,-1.4854774349327418,-1.6046645366894479,-1.7637384271802674,-1.8636979588201172,-1.9787903622053977,-2.1486931091945523,-2.247331755391256,-2.4241295111694976,-2.5553746051963606,-2.690222185261023,-2.880773588004793,-3.020467288506742,-3.1975868623510677,-3.39298889182655,-3.5129895871812225,-3.7377200169471636,-3.9319930530601312,-4.064632384416085,-4.305145567062567,-4.4195654286527235,-4.596115778551611,-4.814383266739662,-4.958701745776154,-5.128357950204686,-5.412798791162776,-5.539270894651457,-5.711011919402569,-5.991213449002887,-6.134262900167537,-6.308016972645272,-6.458341796049586,-6.7090359731621465,-6.899036952147588,-7.009726685671195,-7.292745979395219,-7.486078844969842,-7.614541988244254,-7.956609107986183,-8.036226201429287,-8.176970209656158,-8.407057808598813,-8.50494198282645,-8.62522300959388,-8.614784911948608,-8.597357552556385,-8.321987050680262
-1.272710257889322,-1.3758780690823953,-1.4702134455058056,-1.6354680244356248,-1.7452811918440534,-1.8395762906374429,-1.976178619331544,-2.049314535009538,-2.1949790297458462,-2.3214032992289617,-2.4383161479328908,-2.590913440748332,-2.778144716057952,-2.8936670505738458,-3.081567349884896,-3.1869308144020043,-3.3684664121964474,-3.495770047169318,-3.6192065179515023,-3.817960579747933,-3.9999233333896647,-4.108212400727605,-4.31976708169795,-4.4490584108317535,-4.5904484837992205,-4.816660484603947,-4.933390597767492,-5.08149026711729,-5.320187839719833,-5.41685746436152,-5.565680693611063,-5.774530452281992,-5.875329533481896,-6.023714630637522,-6.1252150248273765,-6.374901821961711,-6.507658509365828,-6.563697579898928,-6.831352161961033,-6.9852638999688335,-7.042387729602585,-7.318393214817353,-7.455780875782747,-7.5361369262907685,-7.717118779090996,-7.726312602929344,-7.653184433830204,-7.446145301114088,-7.308786343072953,-6.817227153413191
-1.4294161282493436,-1.5559401162665902,-1.6516656762887043,-1.7893579911347124,-1.9093456346070428,-1.9835760353782796,-2.1084314869236627,-2.2025108877409787,-2.3072855040064817,-2.482442487692933,-2.5798054468698757,-2.7133668008906366,-2.8874923462057938,-2.990799356176558,-3.069019717207603,-3.2041839933035083,-3.3470911048965943,-3.474560234058044,-3.561063349666694,-3.7842725364628316,-3.90611827762523,-4.009388238470429,-4.18570983874888,-4.328579967143479,-4.461380747135626,-4.661110542301194,-4.779006799637697,-4.900687466751423,-5.076074787085913,-5.152646076067867,-5.245317281617091,-5.40858096672836,-5.5407646783993085,-5.6207649147393,-5.754100727356424,-5.966464776148518,-6.109897930183125,-6.2070459675934355,-6.485813485704765,-6.5113869510258615,-6.614064460615231,-6.791948824258164,-6.845045765799646,-6.814489828021279,-6.9388594148316916,-6.87604633866462,-6.679052108876714,-6.5771499048673565,-6.447905004587464,-5.991353695851453
-1.681589394906352,-1.7780791704552126,-1.8291046710748622,-1.926601022405894,-2.0167056228430136,-2.09841089116027,-2.1553070183730676,-2.2391904136423832,-2.228889884897216,-2.101885011414118,-1.9756776850945403,0,0,0,0,0,0,0,0,0,-2.935999992181401,-3.3925736937301934,-3.7796796439687257,-3.953863037370025,-4.105525111353035,-4.290805753795555,-4.43401463641748,-4.520312226939931,-4.69708479721576,-4.746273823708328,-4.79715871592034,-4.9707727973933515,-5.068155645733053,-5.113956365407749,-5.251550208887432,-5.460094649637416,-5.5537652160609365,-5.628021987187814,-5.837949379766112,-5.924714776615422,-5.985734291492429,-6.120319253786431,-6.125507075907919,-6.149523627389673,-6.269284037307273,-6.197300351954604,-6.076006266514762,-6.068379644910261,-5.954419167243053,-5.695035800207578
-1.4707710058370738,-1.4793434896298014,-1.4655854639536867,-1.4324077093627856,-1.3640466057624123,-1.2931457807699496,-1.1224913198151996,0,0,0,0,0,0,0,0,0,0,0,0,-2.331781538446336,-2.8187923546886413,-3.1123790645947302,-3.4417658383159373,-3.548294130298038,-3.7275806674424823,-3.890619279109658,-3.9848094514326573,-4.077819249965685,-4.216796272685676,-4.286133851735589,-4.359299306925105,-4.5524405057157065,-4.625610050541703,-4.672639700364806,-4.786374156060808,-4.944329387388045,-5.018614092373698,-4.950977754297319,-4.832248339407034,-5.124355316823557,-5.181258116903493,-5.078112067643905,-4.432362247125147,-2.728583197557282,-5.158523377749065,-5.416408413946888,-5.2542973282792245,-5.336060962894862,-5.244785943408624,-5.002164446392935
-1.0047939241388837,-0.9115425203797789,-0.867290951577927,-0.7936432968129609,0,0,0,0,0,0,0,0,0,0,0,0,0,-2.0044657301742377,-2.352371841735377,-2.7156475529565562,-2.9250341572419294,-3.07818191837571,-3.29182524209972,-3.4038590806027686,-3.4998853790612143,-3.634520483878658,-3.679935156915365,-3.7282205727724897,-3.7878256095020073,-3.824216469224372,-3.7941760403741536,-3.770448179757613,-3.704895911674945,-3.5753803015770003,-3.414557888260894,-3.287734132773602,-3.107417957937542,-3.0573409932033973,-3.081019377904517,-3.443710889721353,-3.64670884865664,-4.08011153940334,-4.169444430802603,-4.260055017538632,-4.417055503266679,-4.508469706853436,-4.5094855496024175,-4.652770775591156,-4.608571106179641,-4.399658262635343
-0.6147433587704424,-0.4948661213880802,0,0,0,0,0,0,0,0,0,0,0,0,0,0,-1.9704196295900072,-2.249271668392227,-2.468844934764375,-2.6398804951877204,-2.7677264219492668,-2.8359098462312944,-2.92349194843219,-2.9689234981197994,-3.0060542008979088,-3.061300513239133,-3.08065544802616,-3.0507208257827716,-3.0765385866998085,-3.054082732142039,-3.000179371693021,-3.0297716386073983,-3.0530430022519965,-3.0848762847588804,-3.1043713730694336,-3.2624615711957072,-3.307883937143102,-3.434865456363569,-3.6291814686749126,-3.690638225906893,-3.8022835038197074,-3.9750242187554607,-4.019480075327966,-4.0608422805013635,-4.137565954460613,-4.1433194063745304,-4.059255495560553,-4.083290991296463,-4.018172638155434,-3.8966267973117596
-0.45018668423884883,-0.20935166425624965,0,0,0,0,0,0,0,0,0,0,0,0,-1.664594518438958,-1.882793831373819,-2.1090367096949683,-2.2535691553328085,-2.3510244249197405,-2.442070575677475,-2.5054266047969187,-2.5443400950673496,-2.61916897787035,-2.6632950254655228,-2.684666841189066,-2.754981414380277,-2.780906862629817,-2.8108758774669975,-2.865724034189977,-2.898100104269383,-2.921661666381899,-3.0453785213291025,-3.0915431362546046,-3.1660335600465026,-3.2121903469577835,-3.3526755345817296,-3.4128530785977484,-3.492206549170942,-3.6282780802031382,-3.673149624501053,-3.7290358488932065,-3.833504394122359,-3.8686329438904954,-3.860866171644901,-3.897024954586189,-3.8657198396857835,-3.808235329896283,-3.8090575791838344,-3.7896556206206804,-3.6942399699377853
-0.3881863665224997,-0.3579951972743968,-0.3320056810063433,-0.28127088133265005,-0.4869247787881142,0,0,0,0,0,-1.2815454866893707,-1.3901031518066722,-1.6386305805124148,-1.7581289818013977,-1.8874055734770074,-1.9561071415574167,-2.0568195941380862,-2.148544063957896,-2.201907586914173,-2.28631089412555,-2.3437474169382604,-2.3849026886025615,-2.457347061174543,-2.492897833326331,-2.53925663763097,-2.614524098865907,-2.651002811314024,-2.69746768308795,-2.7956783322011587,-2.836020672657514,-2.8999982691728317,-3.001119562723247,-3.0589167749600388,-3.109261884280617,-3.1815270129283593,-3.288070281144054,-3.330598856663877,-3.3670371550541023,-3.4526014293030833,-3.500184749059226,-3.539455971526274,-3.5954664290996985,-3.607493465271329,-3.603192528535143,-3.613851315788897,-3.6060415865223887,-3.5651115065734134,-3.584844283969689,-3.582401349530065,-3.546194066220825
-0.34879582484598254,-0.3381347458440416,-0.3310067733316265,-0.35691025903789264,-0.3134579749472091,-0.4065069780621127,-0.4267667590082171,-0.04618473633241478,0,-1.1409590666906286,-1.3817746518227665,-1.562776692476508,-1.699093989428193,-1.7649661856937757,-1.8518578139335702,-1.9138576332273203,-2.0046891901825203,-2.058883364204072,-2.0889194066308554,-2.1587584713995054,-2.226784316981101,-2.2676816896775644,-2.3610707027569773,-2.4162904208071287,-2.4454279178791944,-2.5323127199814004,-2.5893442020050514,-2.627604359297593,-2.736074680827408,-2.775188682877715,-2.840556488344784,-2.938711857288111,-2.967540800505807,-3.0189804617784897,-3.093971791769846,-3.167477158996415,-3.20704778262129,-3.2199989547677736,-3.2827166285164147,-3.299490980434709,-3.335375048528866,-3.3677613899403758,-3.384028079931017,-3.3611297904271926,-3.4131128505644814,-3.420078589606931,-3.402172045110743,-3.4319369821615835,-3.4192641165351105,-3.3807098813571534
-1.0016594559142984,-0.9997171446231804,-0.9991124624131178,-1.1206137216390302,-1.160786125267075,-1.2803265927613974,-1.3822438968326551,-1.4402605785916867,-1.4979826869528945,-1.5620099587307903,-1.5957474494653676,-1.6495281902671863,-1.7310459131652414,-1.772168618893512,-1.8356333698603617,-1.8893093871769517,-1.9682211136070589,-2.0196242160892797,-2.0706777815210997,-2.1435161622162924,-2.2080996075375396,-2.231858286400659,-2.31727935563682,-2.373682288579284,-2.424921553580493,-2.5089895248919922,-2.5317893061561185,-2.575090740748183,-2.67617697465553,-2.7073153477499607,-2.782570209050353,-2.8561643643722956,-2.9054102212755817,-2.932529999040522,-2.964371829308763,-3.0347839422424756,-3.06222485906005,-3.0944449885241103,-3.140029287995687,-3.1512969799607498,-3.1583726366509275,-3.2135116394969567,-3.232951674811505,-3.2482723470397192,-3.274626099815688,-3.27775673409944,-3.2727374800174256,-3.3212323160059034,-3.3057767033412935,-3.2713766725004776
-1.1409562145500727,-1.1755303952452998,-1.2025996478841727,-1.2918950170981651,-1.3315733642351202,-1.3628656213990331,-1.4504059301952668,-1.4570051737469434,-1.5071353682255575,-1.579840230094235,-1.6306145149421238,-1.6799046908557735,-1.7582599315299323,-1.796872537115109,-1.8535251572408253,-1.8898924318570776,-1.94997265139182,-2.0068950580716916,-2.0320852048192073,-2.132239524628701,-2.163711115864671,-2.2029999223685524,-2.2656746250854938,-2.310851124129234,-2.366400426619302,-2.434940297528938,-2.4720052381839475,-2.52300723986534,-2.5900588902313575,-2.629462051342987,-2.6776356549037827,-2.731142312722314,-2.7642062557312346,-2.807853517460837,-2.8350343969429224,-2.8877101012702187,-2.8965427943503546,-2.9294185655396707,-2.975717413859888,-3.000029258527643,-3.02588126811543,-3.055615888104239,-3.0859931930136297,-3.096391468157197,-3.116205346660889,-3.1133159804277803,-3.1083657865833136,-3.131382481680435,-3.131494584313716,-3.1226341998372686
-1.2195742842922659,-1.266559601472586,-1.2741223981446694,-1.3486153365297837,-1.379519623487614,-1.4178945792293653,-1.4768922081340945,-1.5290026313364238,-1.5696762697467979,-1.6364936024792518,-1.6511154257614082,-1.7153029337325683,-1.779822893523055,-1.811641719761097,-1.851008980159931,-1.882462621197918,-1.953303888592365,-2.0058254295614053,-2.0443300937603768,-2.1138243641316214,-2.1618347011779884,-2.191020076403478,-2.254134618754075,-2.2688535200827835,-2.331466139581918,-2.387912436821736,-2.4259021756201853,-2.4822523652510706,-2.5275783915994894,-2.56662262198376,-2.585353242249946,-2.6445674994780686,-2.6769857667974075,-2.7190979835461646,-2.750797408053377,-2.780838144766928,-2.7941178682731236,-2.823970076329484,-2.8692409634174676,-2.896898985578364,-2.922464235140061,-2.935949036595959,-2.9521415921806162,-2.960753414573265,-2.978319766481711,-2.9915285500669717,-2.978008173050134,-2.9923466370280885,-3.0022588833852737,-3.0079905051446767
-1.2557479975347001,-1.3073634748889371,-1.3381107562018806,-1.3964450691826649,-1.4216749394861257,-1.4572925300606119,-1.5027981503299597,-1.537253898564409,-1.5928770768549505,-1.6281576469704664,-1.6787392401080958,-1.741891615550326,-1.7782075716946872,-1.8244419676270052,-1.8802673863964452,-1.8945655458381379,-1.9523964094968145,-1.9951911964218114,-2.0189483323579194,-2.0823235986865125,-2.129862052911254,-2.1594930929468794,-2.2341196388944327,-2.249016977114549,-2.285727515942516,-2.333818476895794,-2.356796549715531,-2.3970773252766038,-2.4391656670595103,-2.463928552334173,-2.4981189280294074,-2.537091371629486,-2.5660497867551473,-2.590635276417168,-2.6215241094483495,-2.6522732700886933,-2.6829729194360854,-2.7081192967581207,-2.7581271131391496,-2.7688233652856638,-2.783228187701372,-2.819388895834588,-2.8360407232860303,-2.842194771845546,-2.8546347456788204,-2.867448001109568,-2.87919945933606,-2.88559206443043,-2.892354912589571,-2.8998381512054276
-1.2990784499203016,-1.3261338324257244,-1.3442449721884075,-1.4043595826386144,-1.4383570502420424,-1.4649593635878713,-1.5300298069184324,-1.5468654051978867,-1.5906514501594227,-1.6558038313536987,-1.6700181266877696,-1.7195453694111131,-1.8027856034370888,-1.812598407194114,-1.8498890770105627,-1.8988030243774725,-1.9494536766983497,-1.9809604916919186,-2.0135575105153443,-2.0539580205361494,-2.0937074579246437,-2.111118233615188,-2.1444060092998267,-2.1854776124764776,-2.2262322195820547,-2.26067465175984,-2.290681199665257,-2.33441414783619,-2.351300403949505,-2.376733781665212,-2.4242855107405767,-2.462657197343817,-2.4905050058971865,-2.5190571285962706,-2.532500635629211,-2.565995654457093,-2.5876571988100205,-2.5924502159190905,-2.635968351921446,-2.6611496376231534,-2.6728030687172093,-2.705416504369442,-2.709816084438957,-2.7271688105707192,-2.7645047887877734,-2.7657719336914357,-2.7679167247881047,-2.783067027374993,-2.7917616811865287,-2.8004767622118263
