jsons/1312534800.json
{"header": {"parameterUnit": "m", "parameterNumber": 3, "dx": 0.1, "dy": 0.5, "parameterNumberName": "Northward wave", "la1": 40.97354507446295, "la2": 16.46031188964855, "parameterCategory": 2, "lo2": 133.9931640625001, "nx": 191, "ny": 50, "refTime": "2011-08-05 8:00:00", "lo1": 114.97908020019554}, "data":
[rows 22 to 43 of 50, columns 100 to 149 of 191]
-1.6926806330534236,-1.726573981595717,-1.7432225902466878,-1.7787886855595736,-1.8260333853094988,-1.8650651291850717,-1.8883605595617285,-1.9583809726502865,-1.9940239711689052,-2.008311566436012,-2.0459478773697906,-2.112753983753405,-2.12918063117752,-2.1917683684240807,-2.1925546999787207,-2.1995741449536306,-2.250744083811653,-2.2881851907550113,-2.269355228936083,-2.2818516968510236,-2.3329881988797045,-2.328395253542237,-2.3259634315059334,-2.3520197112684,-2.3223196496816403,-2.3177505845390143,-2.3711397113562467,-2.3509091532904165,-2.283618813183321,-2.2901986588558034,-2.220631241572631,-2.1400549463579535,-2.1086664350091513,-2.0317090351334457,-1.9080799283933871,-1.8841022491209352,-1.8112655882223008,-1.7304021353157877,-1.699959909906957,-1.652860698476211,-1.6189289976262051,-1.6199234921744865,-1.5615391992412364,-1.5509456987441366,-1.501727500699145,-1.470535868159203,-1.3989242424974613,-1.2662506567055225,-1.1678284660040212,-1.0537073303703517
-2.081623942605053,-2.1601700990255623,-2.193501000626124,-2.2332073371900742,-2.2974161290696653,-2.3205110542019933,-2.3863429729144365,-2.4525705457448144,-2.5085499477532704,-2.532516311630791,-2.6259223095765414,-2.652315462823051,-2.7180746332384556,-2.776037433682134,-2.8479232831405827,-2.845649947282527,-2.9055787675166016,-2.9041557973933045,-2.9096523916298227,-2.96699212395804,-2.9856524618656572,-3.001786450534464,-2.9928199550515724,-3.116552908694751,-3.0718885916063687,-3.0262051204706735,-3.023774705048077,-3.0505979619339088,-2.994207212305464,-2.975744499314021,-2.930537519470593,-2.8065189421720573,-2.755259367383966,-2.7314992044437947,-2.5827923066883263,-2.449559309629785,-2.4170455949275054,-2.292492225596458,-2.1852955009528516,-2.155144694016356,-2.133073694771874,-2.1326244219424586,-2.0560963068479197,-2.051075923283019,-2.0008881944607633,-1.941766898936177,-1.8938560474665813,-1.6304219422068649,-1.5866149427451088,-1.4298615137366213
-2.466795783182229,-2.560436182955603,-2.621532112835261,-2.685494316592229,-2.7549200387829114,-2.830492674177091,-2.8515792861029325,-2.9647833810334077,-2.9856951675244803,-3.086080887853344,-3.1370504930617624,-3.261258709869779,-3.358474994790333,-3.452350746868968,-3.5003115813583268,-3.5392921581643058,-3.577366160022665,-3.5869124249712248,-3.6686463999517365,-3.689550681663609,-3.7342769693608613,-3.698117215254478,-3.731318324454917,-3.8077217473179887,-3.8408900079783392,-3.8176108473712995,-3.8567597342884192,-3.79974355580721,-3.7464744341715353,-3.7243183786932557,-3.7101526732665686,-3.6292427993843024,-3.5269157100234336,-3.4254468711877943,-3.302322927289263,-3.1520390485700966,-3.0918312739020424,-2.873773896319641,-2.81999966804661,-2.6827403410652937,-2.652736848847751,-2.7422529380433582,-2.608235851649164,-2.626260136997511,-2.5726289206364794,-2.5210574253211244,-2.4192296608898047,-2.058923933608332,-1.8839809750405394,-1.644513825919997
-2.9958413421076373,-3.217004280172669,-3.279511856323744,-3.3950590777280145,-3.526842677441425,-3.647425257586692,-3.6567366693962002,-3.8364905259847712,-3.918557847727482,-4.015832155248327,-4.115343584838972,-4.210842734910146,-4.281425642051397,-4.4039471856605985,-4.436337551245636,-4.49586923402419,-4.5692475426764885,-4.64452218689362,-4.719404413950218,-4.7277821531388,-4.867226493418043,-4.848274269561076,-4.901357682662613,-4.908689924706584,-4.87006546253683,-4.905749316708696,-4.896804774837719,-4.823484555184171,-4.733871046379849,-4.753632433674276,-4.7267391212627485,-4.485777375144359,-4.410446364072107,-4.292313246814375,-3.9074093983062768,-3.7762547926224665,-3.600854062971763,-3.3154392861274373,-3.1601774510783303,-2.9309023683514654,-2.526460637493862,-3.2019941141502275,-2.900453568676451,-2.2647192856489964,-1.7365818488173788,-0.5902580433547551,-1.9331744166365963,-1.40053991184548,-1.923718094594202,-1.4750335282565608
-3.572889896185765,-3.9071105839980937,-3.933551130612873,-4.0121407545354595,-4.2241314972000215,-4.350646377289176,-4.486030670156712,-4.677193115065259,-4.805633260898497,-4.903419489203275,-5.1205094050373985,-5.2024006420375635,-5.314042770963909,-5.474297293317489,-5.559202776147052,-5.659625090398995,-5.730759093681499,-5.833829136508648,-5.914705880401147,-5.882124198043341,-5.999823606262722,-5.978439318376592,-6.020672075736836,-6.060615892310046,-5.993598750599555,-5.978622150445434,-5.97718022683394,-5.941658596864249,-5.782272887268921,-5.831912641287633,-5.697980362402186,-5.505959948435109,-5.306004757357504,-5.107057714357308,-4.665327212826904,-4.376590654410987,-4.0434501732836114,-3.4974243780063663,-3.6960250816600126,-3.8771660086255375,-3.61997708912074,-3.4536915390774188,-3.1371899923599935,-2.8127116543842505,-2.650600562147505,-2.378808840110432,-2.2348509671841374,-1.9503276152612914,-1.7476176652696807,-1.567089690837722
-3.8107512102696717,-4.120097469778041,-4.30190564879895,-4.426106784338338,-4.704216641034421,-4.914219333144367,-5.019540884706506,-5.2733907661035175,-5.535135515466163,-5.631079963071073,-5.936576622665649,-6.072060727917198,-6.306422091143319,-6.50468729815192,-6.591140190460642,-6.736800215007339,-6.87212085411585,-6.9575980660356604,-7.079169056264944,-7.096198622375327,-7.1558332508207085,-7.173100508030013,-7.207448761257974,-7.196614028054251,-7.201009978843088,-7.225082263867157,-7.39460839882235,-7.536908013263651,-7.384898470019205,-7.183913687848034,-6.866405076096013,-6.429382275979416,-6.4456846628602396,-6.1039386211644855,-5.547141442549161,-5.408466134508829,-5.121304738952339,-4.669044446139948,-4.391256745743504,-4.103089085091208,-3.737927066176451,-3.5820719475176928,-3.2633029791795507,-2.893693557859629,-2.7168623219237724,-2.4881470681054103,-2.2947939715843657,-1.952292693811723,-1.731559256066826,-1.5609560814260692
-4.104273294969907,-4.273848694071712,-4.607890583842722,-4.731761989977738,-5.100134990686106,-5.329986875618742,-5.642681949627538,-5.876526215804556,-6.18354321420102,-6.352682064651668,-6.672912851498465,-6.9061346872471665,-7.211441768403288,-7.473249271231935,-7.637809472087507,-7.824859440082566,-8.074625494910887,-8.176546542427644,-8.32226984798664,-8.368200059509258,-8.38503080588362,-8.486213733465103,-8.390914448473673,-8.198155141211458,-8.154341517593107,-7.9387558972732535,-7.617465869341272,-7.492296971811065,-7.348158441187133,-7.129696135873314,-7.125188352111508,-6.936996362396823,-7.529392939674785,-7.49736380680032,-6.172070347346722,-5.969422383757556,-5.6422552201398775,-4.956577280745515,-4.589235600832386,-4.184789146572742,-3.7672575726064137,-3.4971498820733857,-3.162347564375826,-2.7650628097853027,-2.5107225417321337,-2.2029242795163375,-2.108575808632633,-1.62500561190051,-1.5113774459444607,-1.275416076798829
-3.6158065858010007,-3.9514119552830147,-4.044872134758188,-4.244378752680113,-4.477002278378163,-4.774783951478622,-4.94682861673495,-5.392098301238614,-5.52541961608803,-5.736883191788331,-6.062918759333714,-6.296959585868771,-6.725222257012964,-7.233503393602841,-7.378196329193991,-7.917119316234113,-8.307472223770464,-8.645651272047658,-9.113014838375644,-9.351058737940669,-9.34489627219817,-9.46191549367341,-9.235533938143012,-8.356863803523401,-7.909459067906356,-7.269189744935089,-5.84070435046991,-4.26252598209192,-3.7471569870151087,-4.252956395585335,-7.599569478369358,-6.841986021727105,-6.999467622248682,-6.502393342817751,-5.563759849930612,-5.082398032970818,-4.504258869282592,-3.858957047329643,-3.4570716936574986,-3.1492300540790006,-2.6632735304952027,-2.2853171993591075,-2.07680267724884,-1.6831334149400274,-1.3700781193212317,-1.2771014041250233,-1.0650260125688336,-0.7738847221084991,-0.603873978980607,-0.33852801335634064
-2.70857639069021,-2.9182623242351955,-3.026465518312733,-3.101824673792645,-3.2511135802737092,-3.35610029927235,-3.5413718465925257,-3.7558549998716826,-3.741547579171561,-3.89799054351213,-4.252002805980093,-4.345000750174123,-4.658351109675814,-4.938875999752046,-5.008972445690589,-5.593490364984581,-5.553832547644913,-5.88269907083544,-6.766319304476192,-6.903086058127865,-6.819353428858869,-7.6837114561658595,-7.877503593445101,-8.356546645039753,-8.196875879510273,-8.19803450110606,-8.467091392161258,-8.238613128719244,-7.3558281930447995,-7.087611640415404,-6.432382714425115,-5.173399232238561,-4.477032238004852,-3.9980803987112354,-2.9747359732902154,-2.5384346955078496,-2.3053018859150125,-1.5201966285823594,-1.4267632184369246,-1.1370147098748178,-0.7638518397397426,-0.5232076551187754,-0.38398387912308213,-0.1274203599735179,0.042306016648685676,0.11086091955565439,0.25933759472306156,0.3973131963955679,0.5570552632940133,0.6866755685625076
-1.2431171944021937,-1.255401689801911,-1.213820513118391,-1.1591110045794764,-1.181792230337997,-1.123489770548278,-1.1686948105308779,-1.0424503621323415,-0.9263170930784683,-0.9162702670912468,-0.7746099446296338,-0.7367616109290566,-0.45706200233307803,-0.1930056677207415,-0.11446382068263085,0.1514596243853261,0.36424874794903356,0.4954555854090543,0.40497682544364366,0.10743282733230254,-0.1020215872665194,-1.5922500437195415,-1.1659675287294229,-1.778021926606894,-2.9762830987773032,-2.8662043770941317,-0.9282563023950284,-0.7634686662202831,-0.1466878454262726,0.24250228525638076,0.31321200658900467,0.7908333091022247,1.038392171902019,1.0572435287364972,1.4753443768995191,1.3901157016827217,1.6588061140409716,1.6418262379571702,1.7694124960422324,1.9554211586849208,1.7998767201556665,1.9778353983169388,1.9149688208101383,1.889900215378813,2.042817383574211,1.918657073180136,1.9309802630721582,2.123531126909245,1.9988141799805392,1.9760730193386935
0.4160451615107728,0.760351711596662,1.2736070170080955,1.1871353889572889,0.03640829252864309,0.3284961079406766,0.5695731332444002,0.8627657839052758,1.3319537928421696,1.740674196359035,2.1567994366048056,2.3843781122614347,3.3008919288089116,3.8842328204651215,4.296479071436286,5.28599533934491,5.80874563916967,6.1151193343991395,7.009069485659914,7.604566176028797,7.627565579058221,7.902828059506065,6.251665339194983,-7.331819592089194,4.957707724202509,7.282014553937239,7.140977988050398,7.492182621779498,6.670213497254467,6.720363965537243,6.5801443473943815,6.137431132189905,5.850976450383567,5.739976923618892,5.5869868587454645,5.270849782012563,5.011247883495934,4.983754620970254,4.757836897896984,4.602234250410157,4.382144035221826,4.114182401186577,4.0891876923239225,3.9872782331595293,3.8402180564729784,3.81094432406153,3.82104991352725,3.655775651754041,3.5853385132652167,3.624205264273861
1.5495992606647593,1.780174652124488,1.416191534396014,1.337552585820547,1.4145711055021404,1.677959438804499,1.8573664526413434,2.1260271889940197,2.778823478865986,3.058933283853589,3.5581730305815062,3.860720037668856,4.696744661075809,5.160765832754656,5.651519359879921,6.490223735059009,7.060336518203355,7.394731632932785,8.104678259942174,8.460031929351175,8.625073480351796,8.712777209900368,7.547219520595309,5.696837730100657,4.539414494757417,8.319502909634867,8.029312156128475,9.157845150885748,8.82718637298202,8.644041051030726,8.494999254534692,7.911727819521504,7.748750022795022,7.565008128532727,7.0148781324185805,6.92389254060834,6.65599600505259,6.4283446579673,6.223403688284139,5.956943757656715,5.802854299725214,5.604114286835903,5.404215704465707,5.296633029684421,5.156573240831278,4.98351833670846,4.939487185369257,4.801006652893682,4.666300474697209,4.579153426673612
1.205550842194615,1.4333218399995697,1.7188265692144733,1.9049385426922134,2.1658627759814206,2.584453471101554,2.863409593960265,3.1155471114254474,3.7312038224845034,4.0656379206064965,4.443937542002556,4.950248492227217,5.550541852526434,5.900720326175142,6.199503075171787,6.670278156462062,7.025844981982442,7.266977495119139,7.661722638687882,7.953191712940154,8.191662480918003,8.519701377151046,8.549206121779227,8.293637158188421,6.981390232907545,0.6369520721308151,-8.530214552605566,1.1407991994533593,7.21953976796755,8.29948268385442,8.503041728123273,8.325359785963615,8.165270075068667,8.052762647625608,7.821881576761133,7.6035815041059776,7.447194396076375,7.278933872387405,7.105984157258591,6.826189796639714,6.688618336847815,6.497173939954983,6.215971466328929,6.164213852748791,6.052612407672987,5.882542024190358,5.802997292949191,5.69542933192831,5.478506004093785,5.3749580330394195
1.4725282225980958,1.6852397042471547,2.0147627460893345,2.221842990945848,2.507369999015833,2.7922233404266277,2.981453086251606,3.2614407891239,3.7029582920413184,3.909552306333067,4.24677952044,4.3903688210880265,4.861450594937889,5.2359444423149935,5.314026822388616,5.780677512464349,6.1197485486980066,6.219946918360667,6.529992851641491,6.71785806172091,6.998175138957291,7.300907041619277,7.434022634189027,7.207590297866486,7.389280474488446,5.742889466578479,-4.812162109343596,-7.498304251099954,5.449266702124294,7.058532637891148,7.143063148739652,7.845869474315775,7.7364331247912155,7.577477230250529,7.396099857228345,7.2746368162780595,7.182059353122815,7.011313428981291,6.9226732833367155,6.795721553831875,6.648681107244844,6.53266234342776,6.411318517089909,6.304987978513151,6.138332454091254,6.007502131899653,5.926651582072283,5.844389888526642,5.624097166946171,5.606998772741343
1.610300915702355,1.7823155636435088,2.0384417463834907,2.1984559947417655,2.389809517651939,2.6773921674092547,2.8731113030593893,3.151978358281218,3.3841794821198463,3.547840964049641,3.810214634219498,3.8874892856215353,4.270759291585464,4.416322117951415,4.611579872204613,5.028900905277779,5.176495097595985,5.376111182708293,5.591129692004413,5.798263996258604,5.868082580789554,6.153562246873896,6.3599065272099,6.478434949013561,5.896667058622285,5.941069805203321,6.396043862496064,1.5897452674586647,-1.2768673053826787,0.7705197711834559,3.6080452629128255,2.187480788224981,4.6174624705010014,6.671320724841446,-5.732304868524596,-6.802215171403901,-3.309997525694283,4.76794240965397,3.557618532062399,5.056738488849438,5.0600608072462085,5.463526619299354,5.9111064405453355,6.037633413936973,6.010964762390349,5.956162661592742,5.887073871449572,5.808747067037507,5.539566954624768,5.614723743043386
1.429411641710422,1.639340202664169,1.8535554586007987,1.9980413519828026,2.1398475076017465,2.4475394400400208,2.517962560574821,2.6962129614241412,2.8630041696243063,3.0231500096802173,3.2052035451123806,3.354554273196756,3.6147900121773184,3.760348646743622,3.9559908319795865,4.104504866873653,4.346119670211129,4.457798543447264,4.60352376668739,4.76695529035479,4.902258618642276,5.129513956155869,5.269028746162838,5.345077228478449,5.459151187853896,5.532259297157472,5.65623521057727,5.735396938624265,5.910977285790745,5.8876331746775685,5.897636420123201,5.89565460685738,5.966779547814428,6.005234572150741,5.982659217631669,5.693448307875708,5.295016166504316,4.746843721906637,4.300108935211381,4.744710620598203,4.695990135915492,-1.206216180553603,-4.410579050039026,-5.245540370156056,-2.364423879988107,1.3124300340838688,-0.5779216258633653,-4.384313158213125,-2.2486636311216492,1.6359814793656986
1.3166905626180943,1.4328864450727643,1.6381688552105338,1.7269388928108755,1.8610651262526328,1.983737809322504,2.107115995402427,2.2349284321751726,2.47308247198219,2.558736898744709,2.6655076273429668,2.8227443927601974,2.936347238943365,3.098013781957283,3.2375856840129353,3.399953701907716,3.5361020368016707,3.6015811333354977,3.748609046224798,3.8424309443263045,4.02209980360946,4.177547110063654,4.261723216030097,4.288968033623508,4.4846934755727945,4.600929411638219,4.60596247764873,4.622965575416576,4.785786130878048,4.854834753566563,4.83930657764371,4.924213935303744,4.965293726947966,5.018714586164859,5.0855574940051715,5.079932728678053,5.085228436245254,5.088503735100674,5.079985791653658,5.0409624223085965,5.0418216442191435,5.038513412581312,4.965082956020603,4.7792176738404235,4.886140755483747,4.898631644088652,4.657189940762605,4.18856605609678,4.101526040454408,4.095399574247021
1.0783724194152193,1.174047683889922,1.3506810441648844,1.4391094600772651,1.5221284894597236,1.6663658058367172,1.7097894369472695,1.858070378559898,2.0395242304502474,2.1456122268115516,2.2070384392908884,2.281418814771472,2.444848023790105,2.5685190000786267,2.646901313055257,2.7398209514084177,2.8324083621930582,2.915367836203338,3.108831666432455,3.174689498599539,3.235001663032566,3.4049531832392095,3.4250762206243097,3.497937015283143,3.6702269894898545,3.754816337786706,3.7519483718942976,3.804571700417095,3.9580449407832274,4.061675897826789,4.124634298842185,4.157218250519785,4.163243670767328,4.23570432672318,4.302541718640376,4.278266970998662,4.3019641683867516,4.362987956504189,4.399624871955371,4.321355528825434,4.315822265084186,4.344344176576163,4.345989741169231,4.335069746320269,4.278954828560321,4.2261859101582715,4.26380197043154,4.2465511469057855,4.163204014797211,4.088319410264411
0.791619047184007,0.9123821871026496,1.0464456379542761,1.1001268927403325,1.130031216022553,1.2968261007161797,1.3747158758961588,1.478703583636019,1.5470372032869402,1.6326249258561165,1.773283764086704,1.8299990623251552,1.904088132503249,2.034356293790123,2.1213644067020145,2.21176906006422,2.3025192769041927,2.3770884901239326,2.4715788459607775,2.5268248465577074,2.6523535509646994,2.7632612860360117,2.7908730915823887,2.8266133310038377,3.009303624596983,3.034911697770973,3.0499339736580104,3.1211897936014847,3.2643299756222,3.2610238212995415,3.2716319918650862,3.4114986753424175,3.468967508161345,3.470396211427916,3.493397188410962,3.5639298510811814,3.596078009774286,3.651770458473312,3.6606546542798117,3.6197715027906483,3.7259510243364398,3.750634799839149,3.746476383437593,3.7013561751127733,3.687697501815871,3.6144508689602546,3.5914257660258535,3.606484551797435,3.556882900882982,3.4775694009756655
0.683821158390845,0.7000510029134096,0.8153664203927392,0.8836991281175017,0.9333688564626241,1.016313254689277,1.0783355665185341,1.1347088883554588,1.2391194969908523,1.3121652839377373,1.325737768955908,1.3792261606659826,1.527105806210122,1.571762463305562,1.608472857794236,1.7414009832207202,1.8261966082697851,1.8566721978239495,1.9575639194028256,2.0493103976269267,2.091946766872177,2.150772432784031,2.2519182230249046,2.3120230733533376,2.3319354236681535,2.3960033094769306,2.487705072551381,2.5329629612410423,2.589715406943667,2.6291173605915534,2.7147969147623905,2.7913990666904978,2.8234310976733523,2.839217597441286,2.957529174257504,2.963201379090512,2.969706975915878,3.0117956288531866,2.9973353266436247,2.9805448904268084,3.018258357123068,3.052423408798684,3.0853713363907658,3.0910923195337037,3.0393198410104647,2.9084975061698,2.7974468429360755,2.812804005874182,0,0
0.5594391500092286,0.6176309477005242,0.6821935258829591,0.7193812756610745,0.7856976524956968,0.8491840717109854,0.8928374775458079,0.971573795936608,1.0259308298348055,1.0592273736099354,1.1333915071671656,1.1760437147646396,1.2398407279432138,1.2884404804542156,1.3540050060596434,1.4024410441763802,1.4533984847986348,1.5279518805813186,1.574858236058351,1.5971033580648175,1.6717603214330976,1.7480350267542872,1.8025684069649353,1.851102465407925,1.9816769560275347,2.0253663771392914,2.0318977105302447,2.088948922777697,2.1291362896539696,2.122376467751717,2.1686524113772623,2.268299213577589,2.291940457278581,2.3339586590402774,2.3987897471876334,2.462002672066933,2.5054502757061115,2.49802829763987,2.4824325539667336,2.4490347304355407,2.47356659376001,2.4736779335571804,-2.3388377840237465e+38,0,0,0,0,0,0,0
0.45577486620694657,0.4995438411703031,0.5739653026926061,0.6088228637787011,0.6336159451674068,0.7077069698521483,0.7268219105718874,0.756967841166784,0.853966779063263,0.8881256339319527,0.9427440792319636,0.9874029015501679,1.0800117875820612,1.085319803843483,1.1148620902372264,1.147846815067387,1.1995239621612752,1.231419803063863,1.3116797056782314,1.3524787084559842,1.3722171094501892,1.4436448055495532,1.4604963644381128,1.488816109071151,1.5877216850557985,1.6256051973665475,1.6529765577145108,1.6818037522837945,1.7517100994820178,1.764448844645523,1.7694699953416426,1.8025595042883877,1.849689865795198,1.8700658810842459,1.8576469192048206,1.8122820344861288,1.8145308329786003,0.7923680743411995,0,0,0,0,0,0,0,0,0,0,0,0
