jsons/1312531200.json
{"header": {"parameterUnit": "m", "parameterNumber": 2, "dx": 0.1, "dy": 0.5, "parameterNumberName": "Eastward wave", "la1": 40.97354507446295, "la2": 16.46031188964855, "parameterCategory": 2, "lo2": 133.9931640625001, "nx": 191, "ny": 50, "refTime": "2011-08-05 8:00:00", "lo1": 114.97908020019554}, "data":
[rows 22 to 43 of 50, columns 100 to 149 of 191]
-0.2909084671054176,-0.28737842536361524,-0.24461033540570107,-0.2365404881335469,-0.24016622826319306,-0.21460557720731913,-0.20329041140791068,-0.16920559452223474,-0.1315094809002816,-0.11227835646118882,-0.08771785049839345,-0.04164145863067259,0.007693828532690303,0.03814522251308548,0.05771245122172123,0.16729045650079455,0.1967164234086663,0.2369099741682913,0.3368237388383188,0.4076604066058516,0.4514009363655665,0.5714160984387303,0.6372597027959981,0.6995925989890515,0.8351870919089561,0.9640763046454082,1.0595173237062872,1.15685031173885,1.3752801020075214,1.46350686558564,1.5781012038687354,1.7361052349640123,1.830418764941412,1.9310329457396416,2.0680883545522155,2.133678686238207,2.208347400996993,2.2613884908363198,2.268882454341744,2.2258610691031313,2.196455609760548,2.1385235287120263,2.019485875635589,2.0079633849352883,1.9970955849705567,2.0096675114592646,2.0747378517901804,2.2141585488941846,2.353504328245726,2.513286103901581
-0.5425388481248912,-0.5377714104052992,-0.48296419368607474,-0.4753636398298209,-0.45529015640417325,-0.42700003740977954,-0.4053290783590053,-0.39235444527277363,-0.3259049113227306,-0.31122819080658837,-0.2952958067515919,-0.25309070147979645,-0.2038087674203728,-0.15513096641607504,-0.11964670139629231,-0.005484906744159244,0.03444005907948785,0.11201334143908107,0.2290065926921743,0.25587838350313064,0.33269684413688866,0.4012411489410101,0.5202062412034091,0.625532298840496,0.81023022258174,0.9292917506067372,1.0017416464871811,1.1619599620976777,1.3832896676856272,1.50675533856666,1.6021712017817031,1.8034495444844973,1.9814373833872359,2.0245972890793977,2.248053355357111,2.3279360522143464,2.3633746769408037,2.500417936845674,2.5314713063401872,2.470670853612825,2.3626717929961507,2.250336568095634,2.115913185839331,1.9566256563313544,1.9050548737957682,1.9382719988500174,2.0614804112236746,2.350778027579936,2.581927428917572,2.823644536902365
-0.8631212179622848,-0.8738088040881199,-0.8419848945392616,-0.8272473628146725,-0.8004362864098347,-0.7562025704669904,-0.7341283932107688,-0.7382454964342219,-0.6779494679781242,-0.6462042029470056,-0.5856069722623642,-0.5436467688043306,-0.4360503205217551,-0.40357369647524927,-0.3376192534068523,-0.24125493008688953,-0.13894590352301756,-0.0856663300372736,0.005522377989433365,0.10131975199627208,0.13949796685775395,0.3123360216656245,0.4011042592533996,0.4933942851531838,0.6808218950174428,0.8510639932832906,0.9192291703592665,1.0762048297647853,1.3259532706305757,1.49679475400116,1.7041057230181709,1.883789518702647,2.014172563154357,2.1448707792544655,2.388544176555036,2.4484338174682145,2.4851433639225493,2.6318569034806187,2.700315774516183,2.6738909961217265,2.601115567022675,2.292577340630056,1.9543255170656813,1.470233274515281,1.4531244666675027,1.5499027132061938,1.7917695736000487,2.4371444080037397,3.0182207017935103,3.412788276096415
-1.3440228907391185,-1.3686854961607384,-1.3026312593940181,-1.3121348481825545,-1.2750429383550879,-1.2233246576653733,-1.1824331030436663,-1.200223260134623,-1.0708657094011984,-1.0737831846912422,-1.055144894570442,-0.9667763639578313,-0.8549262613960774,-0.7618945942399309,-0.7285239120671156,-0.6373168405331746,-0.5224241362331931,-0.45765662751326186,-0.2540430029346787,-0.1638775269977223,-0.0620012931660949,0.1384379281285351,0.2032012810996553,0.3932065595789874,0.6574926121069233,0.7693046692283756,0.9484687406986246,1.1164130092318358,1.5031744892874332,1.7278483229756385,1.935672779228261,2.430059013711536,2.5820204363039045,2.7184819736594066,3.154992033645503,3.1752498957484603,3.298863530392414,3.5295216830771556,3.6057520630691275,3.588330156864062,3.685776111054253,2.9089560784173125,0.5345423365556118,-1.1112350455028153,-1.3563647872464246,-1.8385948911304641,0.1724985181967491,1.4278852709758578,4.1121038755793435,4.521100204227039
-1.9467670227985274,-1.9783512635019576,-1.9345859548517603,-1.8938764308660645,-1.8964925684482266,-1.885667196851899,-1.837854550105411,-1.8603584175251955,-1.7426627702260895,-1.7028143479115674,-1.6904631435490773,-1.6572704186307312,-1.4593362868282012,-1.4127405755002365,-1.2997793575278587,-1.096188324753831,-0.9613813658063649,-0.9099080754329572,-0.6530528256668738,-0.5370059424353352,-0.3480034257444583,-0.13088812906280836,0.08372233367910695,0.17250061595339775,0.5865396369574931,0.8154820478838029,0.9839496784104438,1.3340016693104748,1.9116856014010055,2.218568452715565,2.477600904897456,3.140663706641095,3.585360037813937,3.9136304847460477,4.469006001257052,4.72460557857717,4.891340358863261,5.08582934718267,4.648147981587025,3.8286695192714078,3.6596512739954568,4.38491155305879,5.177949045628665,5.349092962817153,5.398850535606814,5.5376869452758815,5.469522578019717,5.532325918326629,5.41815474283144,5.375046093705243
-2.8820754611770036,-2.9194589015398624,-2.927593339675292,-2.917558446479846,-2.930684982986833,-2.835535960193862,-2.7415974709472226,-2.7795287246771925,-2.701113867994193,-2.6518124531539544,-2.6482899808151,-2.575324146453071,-2.3502017996102227,-2.272840236366371,-2.2147019548582274,-1.8315231512918109,-1.8085527349743749,-1.6159912854450444,-1.3598561119302968,-1.1283107220463302,-1.0555055439566912,-0.7336645656369997,-0.48109598288345545,-0.4128935243217441,-0.06642414016173365,0.13746391015718198,0.28226177088364407,0.6879804157015748,1.5405326642436332,1.954040914361466,2.5666369551791077,3.5805880589617853,4.023045017802623,4.69219309111064,5.427221092819069,5.862589025902608,6.041462350808839,6.291054002861726,6.4354430743738655,6.362780217425577,6.4937045219271,6.544493180347429,6.441339555096441,6.478691365393164,6.528803728759363,6.437650257199712,6.350134162923086,6.370535545825675,6.196381613691289,6.071729213156764
-3.9219556368741637,-4.043570431275307,-4.02979348755718,-4.038052717635633,-4.201149305869621,-4.105835828268637,-4.117135957204054,-4.235340257156279,-4.197848038970767,-4.049838350605058,-4.07376520326993,-4.060070302901034,-3.778605601796415,-3.78576044928896,-3.5792580783081167,-3.2255490755037064,-2.984225169818935,-2.869530757003188,-2.5255774031172304,-2.3835384080982926,-2.195014550522096,-1.723703401531583,-1.5313191490580291,-1.237164715336302,-0.88730914904997,-0.684269900397016,-0.5369762606946102,-0.3584174371400616,-0.04154615838068324,0.20882123787829493,0.5466580690736347,1.6167224527280555,2.874859718088242,4.062050562954378,6.595619904674873,7.3777460738914895,7.551335395458135,7.922642300904505,8.030761522469014,7.914434648160056,8.05813790020641,8.030736585498689,7.873593559718245,7.846840128550966,7.733189942953147,7.50073028729916,7.479640422411176,7.380548190810761,7.145701627473539,6.962097988970877
-5.0571394913501795,-5.325094774700855,-5.311538756734196,-5.502308356556808,-5.739526090144284,-5.882043977182792,-5.8361911724162425,-6.107217085172187,-6.147098241380071,-6.209260335584452,-6.3127645728760164,-6.2710783656212135,-6.121219605217963,-6.146735983760294,-6.01232078043028,-5.580131626771444,-5.405732154683248,-4.956313558998635,-4.219347677891042,-3.7115154923026403,-3.1265027390625146,-1.8532291567844572,-1.4402641523496287,-1.0465269253236107,-1.279599011379873,-1.182422939606126,-1.4971720854354325,-2.755939766684716,-1.3627489168737703,0.8786415620415097,3.9222620502223946,6.99908131860607,8.183614891664236,8.633536860210187,9.172866178866979,9.24476915163738,9.376540851197296,9.630777672816414,9.57781114289236,9.360670794964042,9.405487354566636,9.34461563192541,9.027240881974492,8.953816255434441,8.80375798676693,8.427850589450937,8.312952123238707,8.126987657561328,7.880382692570912,7.690977896207984
-6.044414640146876,-6.400435666369856,-6.629464257197143,-6.709411327039948,-7.12774128722401,-7.252226573684989,-7.407641913342647,-7.726199863503376,-7.895835637454762,-8.124382521781099,-8.340422809734571,-8.457084496299753,-8.481407815597306,-8.580247176383722,-8.470602662234096,-8.12738323948007,-7.6592481164089605,-7.086095798588686,-6.071349445424078,-5.474122266691012,-4.688668697304391,-2.843269025891565,-1.9112127224747006,-0.5405711063870323,2.010330542946712,3.0543465556384435,4.226364076314344,5.062120514091682,6.492716901349185,7.211057443584306,7.981802311855421,9.0222111813288,9.603400012412,9.926463065901128,10.462219690883574,10.597460455702938,10.635180148507757,10.67709867471392,10.584424845697434,10.310306406431968,10.161215877944775,10.089209172337643,9.749235190322212,9.513296638690809,9.348564503045598,9.059253171833724,8.810666144346726,8.549462698884723,8.236626791397482,7.957786192277045
-6.630223141561441,-7.011860970929493,-7.191538401827044,-7.429281303017769,-7.868887669470233,-8.069838159112814,-8.305131253867346,-8.820821778290473,-8.96507111508622,-9.209208367876432,-9.531071177002726,-9.675643187951453,-9.765415863859294,-9.842074537269996,-9.817797862622784,-9.716785619302849,-9.40948745924965,-9.140720466606261,-8.9284015056164,-8.507419794104546,-7.9542786014543685,-7.597230043528973,-8.016807559829969,-6.8748962088597585,-5.220193791357649,0.36800158289747215,5.600896283063996,6.624086924821934,7.695042221267847,8.688757499948972,9.043594926041573,9.419891644552639,10.077824319512459,10.350292998841311,10.41826945700427,10.586829768168041,10.496626845378788,10.437401727133144,10.376572113198396,10.074691541086782,9.940546734972335,9.836793661836532,9.343254442557145,9.182262996794458,9.059979217971014,8.629651731597761,8.499934474338241,8.26586002362824,7.928018754011853,7.77633324647741
-6.468664688705877,-6.793624167719863,-6.863806566932141,-7.045254664987512,-7.548023889730256,-7.893954933387052,-8.171297227984688,-8.657745901470031,-8.806666977496437,-8.9945210408017,-9.2294678256592,-9.290305507087625,-9.169190927516807,-9.083365451825111,-8.92343191650087,-8.464457064118122,-8.042603529264298,-7.669353964512155,-6.71048383109486,-5.768734146370043,-5.050494166844596,-3.1811782808859426,-4.545683799767666,-7.4782996633102226,8.027489556415178,5.605317064003521,5.2595023190876,3.77241592102981,5.411380575262193,5.9460246506888765,6.545574582272396,7.303964683750353,7.8829001645734404,8.04560585374629,8.2228724149273,8.41854762665026,8.503173629346378,8.479551019791861,8.509581497147519,8.472524709306578,8.404168507270919,8.333546185873063,8.17093667252788,8.01771942409807,7.897952066219066,7.673051288163852,7.452519771097976,7.303801444661293,7.131167574001046,6.911599596995004
-5.647460508210015,-5.929774876114447,-6.459373866026954,-6.672666864440823,-7.171003125770336,-7.362712020265411,-7.574963506937013,-7.865801656521842,-7.96659916989333,-8.02677457977551,-8.125292983104476,-8.122667499621796,-7.866364017096592,-7.875350390254916,-7.637010035413063,-7.098523898683774,-6.429434322850852,-6.0182525655156,-4.8861916197843716,-4.175157792662672,-3.8298296042179767,-3.603869334933837,-5.877128395241328,-7.771216437267739,7.991238803320958,3.8901737187540544,4.467092966109084,1.7131612551886062,2.800990694625,3.2855332101790093,3.575152209661369,4.788785702783135,5.042695333649253,5.242839351150515,5.993506284511557,5.9975132234645745,6.1091362793640425,6.231182178827134,6.425055700457036,6.3226739459563515,6.355946196632405,6.47448882086761,6.269041920073145,6.272564661597495,6.3104478499703776,6.059687237970541,5.994600128949432,6.029010883740335,5.771198518601384,5.713692851808248
-5.849050621583254,-6.177591211934445,-6.311059372255141,-6.424742859142696,-6.692557750128876,-6.698200691162106,-6.744832049145996,-6.936173647045088,-6.869921829350989,-6.793414464946297,-6.9524892446963324,-6.975304797592549,-6.5531042295077455,-6.45670785035053,-6.219629251270727,-5.7732874990947165,-5.638930622251975,-5.273784741126124,-4.707756529785156,-4.359541532956736,-4.0581092302222395,-3.091122131619865,-2.819111747938441,-3.6153535463800495,-5.903724027269158,-9.09835029771041,-2.0018547855573154,8.893894086381406,4.867122474616739,2.44131675443534,1.4115096225810573,2.202393754445481,2.3183982240902483,2.624276198835473,3.0921446358684874,3.2520528326168088,3.5502452128366446,3.8233157099063693,3.9246855259668516,4.075393376282425,4.231005892214106,4.336811973522662,4.3640496238893975,4.38831441642299,4.350639749059198,4.210501488577376,4.290952503196613,4.2196269321914555,4.158831245711012,4.162144974207188
-5.393981560321818,-5.595574685143364,-5.630713622836755,-5.707038132717565,-5.865624949833742,-5.81896383444617,-5.903307096888403,-5.968857914464836,-5.864556520801968,-5.8404836432572,-5.905699974190743,-5.869217656559494,-5.599609394064093,-5.566996037495192,-5.529861181949102,-5.188291083865871,-4.989923554106001,-4.895428031779639,-4.47771056717187,-4.2157857844690385,-4.009011991315944,-3.374635333367357,-3.116528718914827,-2.9495607430229884,-2.6122477069433816,-3.8733455179803613,-7.121238907529216,-8.354781789730325,8.349235239582221,6.217738076475656,5.669472936064117,0.992222280380055,1.004456955381332,1.1040822393327472,1.193494652347395,1.4348563797124703,1.5815850651905083,1.9641123125109867,2.200461257764831,2.266511503091358,2.4486600786056942,2.4153126725697875,2.5125796487190297,2.5680443186520527,2.7114028565574144,2.7542385283738415,2.801883409836995,2.7781052303349107,2.7675901377065326,2.7800010639866057
-4.904501133163512,-5.060885401808719,-5.029733301465292,-5.074284127448866,-5.141796104944757,-5.1546304980088085,-5.107597660335158,-5.274368537958536,-5.16073197848302,-5.158971106101651,-5.1795955261394795,-5.1834521267286355,-5.035652011752656,-5.0562117325434315,-5.032481939960662,-4.768084150118725,-4.709498408189014,-4.581431063910159,-4.327523035212864,-4.156261250058958,-4.143493207620364,-3.8552713315908758,-3.607907947531449,-3.3542908078139373,-4.329416297614085,-3.9082826912143362,-3.7207735959571786,-7.471554730613128,-8.311966673156581,-7.410107081182236,-5.904797025287981,-6.909805711295266,-5.401964393045225,-1.735169145817362,-3.820836570935039,0.12028696880950221,6.000548132945319,4.659061113568698,5.67208397172305,4.119178170965652,4.0620187145683655,3.4574109176879526,2.362299749637711,1.6760813209011032,1.2576340856731492,1.2028163405786703,1.178263246025782,1.1651648124743053,1.8696870935678336,1.3931471998974692
-4.269810027789713,-4.398086574494323,-4.366408143958433,-4.443912638582678,-4.522150682707866,-4.484541380111648,-4.539189713216632,-4.587049726193301,-4.527028622446495,-4.507603221786718,-4.587228354739773,-4.573589752059272,-4.518768323561006,-4.494202655085492,-4.430875879715288,-4.32027906379928,-4.286542356920311,-4.195253977986464,-4.0372647818817065,-3.9747639520249067,-3.915097625179397,-3.677189770770434,-3.64183134701459,-3.501581145150737,-3.2547724653803622,-3.0725032649513673,-2.881774517863653,-2.699536722185384,-2.1809300436473427,-2.1181173275656504,-1.9606301112486473,-1.722162862395479,-1.4818312736435137,-1.3250909440776444,-1.2005200434327574,-1.876107770696519,-2.847907631442848,-3.74119932256059,-4.1928234398106525,-3.4575649105590682,-3.4481979359662502,-5.764427886040931,-3.6581345374590715,2.0807198097122184,5.109602841637445,5.45595583462281,5.528160984516582,3.1854885171897798,4.857452221400213,5.096037633961406
-3.8364416391443297,-3.9186562227558928,-3.920960316414091,-3.9777270286042747,-4.030781106093638,-3.9899263883587572,-4.007452443083567,-4.090757704562413,-4.027562084499077,-4.090045985525226,-4.1003425306193515,-4.093097627907722,-4.025568053525189,-4.041778385952813,-4.0232583977606735,-3.919163783068288,-3.942372594775691,-3.914616321962957,-3.801316690254381,-3.7328579356794664,-3.739237295984982,-3.624045723979353,-3.51283160305624,-3.496687936363237,-3.31479641342433,-3.216530424606823,-3.1270018829007795,-3.0914846024291993,-2.8173363918337975,-2.689084934603827,-2.602436633744192,-2.396097340131133,-2.25483922197109,-2.127029181765752,-1.8929555203139246,-1.7286679632263162,-1.6871220428219873,-1.556469251414498,-1.4585969043549656,-1.3207655370675409,-1.2347538759685497,-1.2100753272722409,-1.148037704639378,-1.683372595215438,-1.2240887666510463,-0.9913654871150495,-1.7124852478630315,-2.575096991982232,-2.52688028377578,-2.4529167217713717
-3.4887472952591154,-3.599718423882486,-3.6020015537330767,-3.632452427296481,-3.6888582598052984,-3.6857395792727528,-3.6950390319983124,-3.7732502217866934,-3.7587773571573937,-3.7370100279417913,-3.7502859757340103,-3.779411772395112,-3.7722734598226326,-3.780070702307437,-3.743790662014983,-3.721289914190058,-3.7531082550517083,-3.752753678065665,-3.6613089225199906,-3.6507020065765046,-3.6195947166539395,-3.5100629441217706,-3.4882242509996515,-3.477857038741782,-3.370518626922938,-3.281577750975228,-3.2322862212242987,-3.21609980103056,-3.0489152457606568,-2.9197068878433523,-2.8043950009551097,-2.730433725094788,-2.6879290885066824,-2.5785273949673404,-2.3638918390932617,-2.3336559374215438,-2.309942821568694,-2.148192696222708,-2.0477866450004965,-1.953785743438923,-1.913430111546646,-1.8615932491896696,-1.768950131884536,-1.726333890018601,-1.7087551956426086,-1.6709064641171045,-1.6045890371107503,-1.5450238091960262,-1.5262178356822547,-1.5182983558546856
-3.146598640242651,-3.2506936068013466,-3.2650751209813755,-3.2847805052451644,-3.308369195885905,-3.325873734814596,-3.3488158030639896,-3.409050786120955,-3.404489517199488,-3.3860189916645216,-3.4749516327705545,-3.465688054941282,-3.4310219672781224,-3.493064253643422,-3.4890759921368653,-3.453980863100748,-3.4747533475283667,-3.468844630192364,-3.4262325560270357,-3.3985467077299427,-3.3779639731804942,-3.34061245129854,-3.3276112103926496,-3.2886703648392417,-3.1947819420169417,-3.1784826003952076,-3.165543179326683,-3.1173647515203218,-2.999301364153228,-2.938772405795623,-2.925071360563943,-2.82267098898509,-2.77261406288742,-2.733357943447712,-2.661515489204538,-2.611127060547248,-2.5304453055673384,-2.4483003035131983,-2.4136926598530097,-2.3638155187266876,-2.206999204387569,-2.1696495877945186,-2.128246924919225,-2.1008901121529964,-2.023779277621216,-1.975796013889192,-1.962240153509594,-1.9470067002513793,-1.9345428208821926,-1.935646725287054
-2.9415991474581915,-2.979282449705273,-3.000566024631128,-3.037667487344375,-3.0821069919704387,-3.0864491973853347,-3.112135843570095,-3.14955267319717,-3.1550951672988923,-3.1833432733806806,-3.192959246188789,-3.22409126732907,-3.2286719652208027,-3.269749592818014,-3.2798942953171952,-3.2473579357140085,-3.3049612809147177,-3.2917090725167086,-3.241477828945028,-3.245227564627758,-3.229459779645545,-3.204058280797018,-3.1714191226710096,-3.163777789602888,-3.134061725120819,-3.099994888059998,-3.1024010191994185,-3.088455760321045,-3.052995148859194,-3.018084381703067,-2.987281102445465,-2.9472436580675008,-2.898129076786251,-2.866517415197434,-2.7716169252259903,-2.7130511363422074,-2.718038446238149,-2.66952461435339,-2.6350478210855877,-2.6087028837743484,-2.531844816268523,-2.487179101422997,-2.450153768036127,-2.4368284866071317,-2.4457306191235206,-2.3925589651262618,-2.401483890797897,-2.349873183787911,0,0
-2.6900864290039856,-2.7492202996520247,-2.7627143901643643,-2.775153515273934,-2.8421857566524418,-2.85614039957494,-2.8596132462873953,-2.906360308914759,-2.9003080728111312,-2.8913953362649814,-2.9422999463629687,-2.9506678769209196,-2.940964927122186,-2.973953694342769,-2.997803770314111,-2.9990883966903534,-3.0118728088898457,-3.0237429307644637,-3.006014097949295,-2.9881318600917965,-3.0135560455471313,-3.000027800626175,-2.976917335894796,-2.9801324028323517,-2.920442401194156,-2.928218680339167,-2.9319016768527897,-2.917125476959715,-2.8877113464285498,-2.857102911749122,-2.8543513311543496,-2.8219790229273998,-2.798449175058163,-2.774321062583895,-2.7142577995704302,-2.69084110781725,-2.671488053287764,-2.6751832785972525,-2.6609729439201044,-2.621556502693872,-2.5955072611316408,-2.581758424520232,2.4658355514249518e+38,0,0,0,0,0,0,0
-2.5400502676662433,-2.5828790111459234,-2.59524840076265,-2.6304488050798116,-2.6519175493344638,-2.6618084179747115,-2.674009747060541,-2.70681752875526,-2.711973564348509,-2.732436481772209,-2.75670975352992,-2.7800174213094335,-2.7663896752657515,-2.788573632438458,-2.813694766693256,-2.8235775898119253,-2.854491269939559,-2.8572662156355566,-2.8522793005801415,-2.8716750235757944,-2.8711997621362437,-2.8509359978935005,-2.8501208671507907,-2.859315650099339,-2.821839852294221,-2.8215308338702543,-2.8226941447382288,-2.8130574356269715,-2.794337746205661,-2.7736215318559587,-2.7643896040116025,-2.7552401826610167,-2.7753368031653776,-2.768298425520881,-2.7641761717961844,-2.7297252848434472,-2.721942489432721,-3.195523061947075,0,0,0,0,0,0,0,0,0,0,0,0
