jsons/1312516800.json
{"header": {"parameterUnit": "m", "parameterNumber": 2, "dx": 0.1, "dy": 0.5, "parameterNumberName": "Eastward wave", "la1": 40.97354507446295, "la2": 16.46031188964855, "parameterCategory": 2, "lo2": 133.9931640625001, "nx": 191, "ny": 50, "refTime": "2011-08-05 8:00:00", "lo1": 114.97908020019554}, "data":
[rows 22 to 43 of 50, columns 50 to 99 of 191]
0,0,0,0,0,0,0,0,0,0,0,0,0,0,0,0,0,0,-0.33123860389739346,-0.21693308287569468,-0.30268284870502277,-0.11857884794701294,-0.08845301495667772,-0.2833787643705903,-0.16476889131087216,-0.296486610952688,-0.29877764536099394,-0.249996291963272,-0.29360314790574266,-0.31768668022275615,-0.31364290704282366,-0.314488384447297,-0.32080733429400393,-0.3358058870501386,-0.34136068377826384,-0.3571563063877879,-0.3413754045708818,-0.32812112184193465,-0.3090408835660786,-0.26908551126461444,-0.2532414721746203,-0.24113351448743398,-0.23943765333770853,-0.22016163440029096,-0.21644085891575296,-0.21629715431744478,-0.1924754292543276,-0.19436653489663927,-0.19466104859995806,-0.19253142156570016
0,0,0,0,0,0,0,0,0,0,0,0,0,0,0,-0.18874911540408487,0,0,0,0,-0.24486665396001053,-0.31870265293382377,-0.3555109661326231,-0.33724184111378125,-0.369154232087269,-0.3894244473571806,-0.4005465377180019,-0.44156666724746557,-0.4625852436075009,-0.481129565011555,-0.5172364323881101,-0.5294595556546764,-0.5315060651236673,-0.5238100654620068,-0.5047099757550713,-0.4958253751388452,-0.47944791374924184,-0.49463970561307535,-0.49395457094548445,-0.47601165085749314,-0.46858500355831384,-0.44528647154984674,-0.46180381765722756,-0.4395407642015961,-0.44466481123296786,-0.4389209235681858,-0.4310496394084619,-0.4305745607257752,-0.43511159574190933,-0.44622093552264147
0,0,0,0,0,0,0,0,0,0,0,0,0,0,0,0,0,0,-0.34943054685186303,-0.3904042405675719,-0.3618888460505315,-0.36227529195191616,-0.3831071650726714,-0.3874326942945317,-0.41579262183969895,-0.45285886358745836,-0.4777331812190017,-0.5260870248902473,-0.5498400595446622,-0.5685684039704596,-0.6273304656873948,-0.6554272001006516,-0.6700723729856259,-0.689628075527079,-0.7037827940267709,-0.7237250807311648,-0.7262702488508358,-0.7451815330031427,-0.7923257655638244,-0.7812527628781428,-0.7782134360282025,-0.8112853786025054,-0.7828687049099002,-0.7609994128160118,-0.7704178213997566,-0.7535211995693458,-0.7419507475673022,-0.7408165999395375,-0.7437316510688636,-0.7419207445043372
0,0,0,0,0,0,0,0,0,0,0,0,0,0,0,3.3038944722661223e+38,-0.42404604641165844,-0.3367819900295405,-0.40129446787710304,-0.47952122505701156,-0.48176126052768137,-0.49516797272870505,-0.5292475053175204,-0.5481028045890813,-0.5921770908467324,-0.6026506179493359,-0.6373942366713142,-0.6693245627794162,-0.7062263254313843,-0.7318097021156532,-0.7962459667954472,-0.8368112095618642,-0.8653053699350164,-0.8807904415137905,-0.9188098178719939,-0.9504077198542152,-0.9686607962590796,-0.9764158177004737,-1.0162430067731347,-1.0439594804339203,-1.0395529269319193,-1.073804373820541,-1.0774805193196377,-1.0908452515382185,-1.1200548437636635,-1.1204734111404135,-1.1389789887678468,-1.1738580625882082,-1.1822383878231222,-1.1783965462362356
0,0,0,0,0,0,0,0,-0.1714329947234274,-0.214199182757526,-0.28969061239896804,-0.3956356507627031,-0.47509801895476356,-0.4679069149009526,-0.4184684346615286,-0.43225493380864227,-0.47415164845670077,-0.4964468927464451,-0.5366455712095557,-0.5875532498969545,-0.6210200753677043,-0.6420937759863352,-0.6841014400028129,-0.7084123180136869,-0.7494056955377608,-0.8011747891325173,-0.8430165403179724,-0.8874140783212019,-0.9423138521848056,-0.9844151512287537,-1.0401497538830902,-1.0925325759327504,-1.1134372367338097,-1.1592942574055267,-1.1873578545122399,-1.2718015186727274,-1.2972009237131665,-1.3125188421179768,-1.4020003327581478,-1.4002989991940686,-1.4199483232646641,-1.4911065534314967,-1.5138203509755184,-1.5337007818973556,-1.6156297034998757,-1.6222357182425415,-1.6387024510006263,-1.6999014935203263,-1.713259113847103,-1.750350168511112
0,0,0,0,0,0,0,-0.31228673116752836,-0.42339042044512615,-0.5163271452690201,-0.532094322986509,-0.5470126473403979,-0.5989141930998636,-0.6288505359250429,-0.6581452739538531,-0.6720806243306674,-0.7256176636226577,-0.7389164902378866,-0.7675494102153507,-0.8110447218475683,-0.8619747962605535,-0.9097519486301309,-0.9594202314397305,-0.9941084067849655,-1.0568044770224654,-1.1291097849644485,-1.179501259824341,-1.2361261149708307,-1.3087601316481414,-1.3388598961632603,-1.3983938005810512,-1.457550388779069,-1.507981081528665,-1.5461045212216595,-1.5977742178673269,-1.6611879027003023,-1.707700983960694,-1.7470986176725052,-1.810203409464547,-1.850471596234589,-1.8692434339774326,-1.9533430399721678,-2.0173302336353673,-2.069804098669219,-2.175602534622537,-2.196516659815453,-2.2463200599870774,-2.356900384250197,-2.39086052036112,-2.4185815443866123
0,0,-0.42373544855992984,-0.37484581654679877,-0.42573237225915167,-0.4487178434658311,-0.543999149322906,-0.5800130441327893,-0.6258997167524244,-0.6711190479758797,-0.7041880452407214,-0.731197822459238,-0.7803288347778872,-0.8100570569893827,-0.8478973340157011,-0.879756146520577,-0.9343351005952142,-0.993347773348213,-1.0276512859554412,-1.0865508087548896,-1.1371841702105514,-1.1654502916749674,-1.2232714754870613,-1.2639541981317997,-1.344015193912812,-1.4246821730606898,-1.4502985718015478,-1.53828030179781,-1.632899337714285,-1.6809849050963543,-1.7387337765974247,-1.8321655682275697,-1.8699496067072625,-1.9373689741574525,-1.983373903935933,-2.1027788171828825,-2.1286563287382347,-2.1660143597089183,-2.2727104283848463,-2.3465989254114885,-2.363479752006049,-2.538785176516163,-2.572663718648463,-2.6223111962579155,-2.755921194195922,-2.820521091855417,-2.907422818482153,-3.1088401785435944,-3.203767700760159,-3.15500483945937
-0.4190355199735803,-0.4713858873439805,-0.5301259753499853,-0.6014469162429883,-0.6433636505081237,-0.6909076966666032,-0.7601114829303798,-0.9257939683548907,-0.9069674616856207,-0.8776083208677615,-0.8729085989413765,-0.8837731259976963,-0.9141555566480903,-0.9511709744435837,-0.9936358785661218,-1.0377352358486323,-1.082968736403279,-1.1520397228137547,-1.1941143947544923,-1.2663034736454357,-1.32717181812592,-1.3841672405750058,-1.471253724125727,-1.5167248676820164,-1.5892055196274535,-1.6686786219713523,-1.7136531763029774,-1.7905011610836177,-1.9024759528293416,-1.9569984773886335,-2.033508827190579,-2.138100936635935,-2.177276775046155,-2.2773187354310678,-2.3471263467582344,-2.4779543797973096,-2.5458719679667263,-2.5745314857765424,-2.695842470946859,-2.764562836401269,-2.8308100282432918,-3.017728728171444,-3.1137690022690703,-3.2380675534073897,-3.418065519583499,-3.541017562340559,-3.654668177193445,-3.858512987230451,-3.948367528427021,-4.0245787184897885
-0.6552661365926628,-0.661843036622029,-0.6826849395531008,-0.7344589565323829,-0.7614956429585908,-0.7859185626268819,-0.8298679407952161,-0.8357390580828049,-0.8738566984348406,-0.9237360161648202,-0.9573328725598383,-0.999931180067353,-1.0675124061953385,-1.1060798060219876,-1.169776562247591,-1.204291036773811,-1.2682140384205454,-1.3243348468128207,-1.3776140454536336,-1.4513855340686643,-1.5254334389581308,-1.5817363065794823,-1.6800863417707939,-1.7317419664921694,-1.8116618859040317,-1.9157970198458019,-1.973390007941496,-2.065293077692295,-2.18385078919152,-2.233922153465602,-2.3314848244107607,-2.4668527373718296,-2.519008056096555,-2.6288809415100327,-2.691464837264865,-2.8410888570141037,-2.971096686805175,-3.010182861631318,-3.2155602733344626,-3.347494938818882,-3.3883187037640363,-3.617199447877597,-3.7745279354585475,-3.9308915311745847,-4.164197759613655,-4.304931070117493,-4.463996508574846,-4.746045659268686,-4.848354367897457,-5.010405042232732
-0.7346219594914658,-0.747752039066889,-0.8009755503670263,-0.8704368521437725,-0.8989104141779256,-0.9167691975193459,-0.9697803256187947,-1.0105066992044673,-1.0311836398305838,-1.0995756954009768,-1.1507243893594568,-1.2165312862809838,-1.272378893337107,-1.3094943723428218,-1.3275822390260328,-1.3904897893663277,-1.4456791133900606,-1.5120864521459572,-1.5575979323917513,-1.651751744089608,-1.720296981551741,-1.78669271063698,-1.8746677179565114,-1.9530650952092468,-2.0235879255037106,-2.1248884345564814,-2.1897642369191335,-2.259681639226803,-2.3543480274067528,-2.405893387331649,-2.4986039037004364,-2.5880687173165233,-2.673370951750525,-2.7422630944005646,-2.814462092903408,-3.0172866615089897,-3.169956636382806,-3.266371251415036,-3.5076648095984626,-3.5583574321126457,-3.738942217268863,-4.0254128344898366,-4.182565654386897,-4.293806449173258,-4.585176560602975,-4.763637494105952,-4.926602353650857,-5.248566949000778,-5.429837734137515,-5.560236109804568
-0.8553377957513006,-0.8819866166825203,-0.9010887093553523,-0.9492906787428741,-0.9718623069465419,-0.9995670177127969,-1.0158028696556414,-1.0387692087570624,-1.0305642887755606,-0.9968825125225951,-0.9556656961395517,0,0,0,0,0,0,0,0,0,-1.4112008621206622,-1.5936857177641657,-1.7240232555962227,-1.7942001222788535,-1.847875009129129,-1.9257500583835732,-1.9963820143582112,-2.0294083696452314,-2.1024540693280667,-2.124879019055076,-2.1477529916701963,-2.2688376629290783,-2.3838830951395193,-2.4749275350989572,-2.633720560365491,-2.9012056224714597,-3.038072763954931,-3.1427097931905768,-3.4529866714181643,-3.6480722254622284,-3.79181289272249,-4.106360025084142,-4.264090687220667,-4.389353270654072,-4.745304848670317,-4.854876962505296,-5.0064499550972,-5.352261262076731,-5.476702367784465,-5.646760048888964
-0.705791723592927,-0.7005213970328359,-0.6910566693949891,-0.6950975034068443,-0.6825568284590806,-0.6698655881589445,-0.628502537808548,0,0,0,0,0,0,0,0,0,0,0,0,-1.1149791994137868,-1.2300236869702474,-1.3406309807818289,-1.4832832232365598,-1.5271636753523274,-1.5950123846820985,-1.6828812471252104,-1.72532500580938,-1.75841415373595,-1.84085260403264,-1.8720971093892145,-1.9195678481755392,-2.0447470550354647,-2.1147855846245154,-2.166919124632479,-2.275041576270621,-2.4870665401262047,-2.649994703938583,-2.777059814327004,-2.957323580863855,-3.1153962038852594,-3.260485702674688,-3.1998624382912566,-3.012443071480456,-2.0167343295761375,-4.0079167700753215,-4.33953096647757,-4.507162699237228,-4.822707143705974,-4.957090531267974,-5.074465797850087
-0.5400127498310879,-0.5269717707076752,-0.5246997552341163,-0.5175291758071733,0,0,0,0,0,0,0,0,0,0,0,0,0,-0.8411139893272013,-1.0195184433189284,-1.2083300405500774,-1.2445527602606616,-1.2938644937897958,-1.3815021479901706,-1.4200401616421345,-1.4483865496943458,-1.520721333581054,-1.5415348546199996,-1.579130735489302,-1.650111901737204,-1.6751218905254783,-1.6706053485616257,-1.7801463134495692,-1.8779707581762275,-1.9463554465098645,-2.00349327228825,-2.196003274816483,-2.2789653226283955,-2.353199935976293,-2.477753611524396,-2.7299272031621764,-2.9096506029772975,-3.3987283245226254,-3.5713231774884253,-3.7671895099708728,-4.091643834059127,-4.278265576835375,-4.42064364605991,-4.825551264914827,-5.068599165271025,-5.2694172627175275
-0.43482127503933654,-0.3725684398318413,0,0,0,0,0,0,0,0,0,0,0,0,0,0,-0.9730351589957306,-1.036120287744229,-1.138275673373322,-1.2174905809015175,-1.239987123439907,-1.2664864605760109,-1.330109938570802,-1.3714229938495524,-1.401453788938149,-1.4929294629589045,-1.522113170239791,-1.566367731139098,-1.652235677814861,-1.6978749604870274,-1.7547005750285427,-1.931871205586513,-2.030344544010321,-2.222025537865296,-2.312424211531402,-2.564186954072482,-2.662317037587837,-2.8573918166341716,-3.1575575478178286,-3.274407784349347,-3.4527946135751564,-3.729825289869782,-3.82853517314571,-3.966833988258267,-4.225041654293815,-4.362343949522345,-4.444339507377182,-4.7395898380294,-4.843377420441924,-4.976835891027555
-0.37602591647852573,-0.18394998093251475,0,0,0,0,0,0,0,0,0,0,0,0,-0.7997519980991359,-0.9350663658835466,-1.1036951851007322,-1.1698699756254736,-1.220425833326694,-1.287308041234354,-1.3190425431219892,-1.3503094001108586,-1.432040142533877,-1.4830781475233374,-1.5168610715039361,-1.6287389896110152,-1.7010394603900314,-1.7683847175643674,-1.906990289619412,-1.9729080305525346,-2.078049222860533,-2.2945612590887796,-2.383531361209477,-2.54119786527845,-2.633175334214312,-2.87465157882026,-2.9641157930315147,-3.0792173317079037,-3.3021735223786597,-3.3705955800875627,-3.4939032933875502,-3.686098109874062,-3.760586681818447,-3.8569390117421047,-4.043436584478755,-4.13833940714847,-4.196416713582625,-4.403061928425444,-4.468037199262157,-4.515383360892876
-0.3521121418351839,-0.33529810507239016,-0.31966219470864893,-0.277644315645415,-0.37964855173854156,0,0,0,0,0,-0.6030785950035181,-0.8278819456916582,-0.9932925714082785,-1.0674729320277527,-1.1216972613155152,-1.171527381586445,-1.2651133208199812,-1.303839865683283,-1.3514256315504611,-1.430979646714365,-1.4728790476000209,-1.517207217524987,-1.6321142367096424,-1.6741317556702304,-1.748958797222565,-1.8771826597642658,-1.9369403823028368,-2.0223828724570327,-2.178415063342638,-2.2469483980230875,-2.343820450928409,-2.5008010052944756,-2.5865641625982936,-2.6725831958731727,-2.7892544172216187,-2.9282622329036108,-2.9971003702465557,-3.047943589978703,-3.149472844371632,-3.2492467709931843,-3.303744818001881,-3.4379432173369273,-3.4871135755282427,-3.5826898329447348,-3.7313881231613455,-3.8034915718077618,-3.7997467073947364,-3.9000337812251895,-3.9509097444941714,-3.9664059168984913
-0.3397107881345668,-0.3383545134281883,-0.3431016872320376,-0.36378498695107214,-0.3599844588872897,-0.37825659066032236,-0.3704070547556004,-0.399518755326901,0,-0.8025042437560013,-0.9047637683315701,-1.0145223058165707,-1.1332473006815929,-1.1768352298372053,-1.226907941262639,-1.2733224694184275,-1.3753946370453347,-1.4323438222730995,-1.4655230885277717,-1.5568150079139857,-1.615531149418116,-1.661769116314999,-1.778497521394882,-1.840299559005919,-1.8733023230961616,-1.9914722542157175,-2.0543661829331463,-2.1061377431825212,-2.23982944128014,-2.2878829315015548,-2.381146716673752,-2.5250617829437525,-2.5749630754730872,-2.632920444771599,-2.7209348720648214,-2.8048978822709874,-2.8482471374359672,-2.873299240235331,-2.965909056071795,-3.0107609008780822,-3.0597112795961383,-3.1430174596403275,-3.195949453494893,-3.1844042165654955,-3.290801376500932,-3.3173881453420853,-3.3487277002001097,-3.429502994455763,-3.4667249798425117,-3.440945867796722
-0.5944795231370587,-0.6383221191151238,-0.6633476820597074,-0.7548915679417084,-0.7927655516838565,-0.8730752337461827,-0.932902322904647,-0.9678960074407139,-0.9980571598399127,-1.074218278714106,-1.0993326097788574,-1.1424222399103225,-1.2350373984892187,-1.2734317774727837,-1.314800362841244,-1.3737681703549867,-1.4800594865862073,-1.5441651763406354,-1.57918367034065,-1.6625183741369796,-1.7248950362859927,-1.7479814665192444,-1.8316635152076874,-1.888491191473201,-1.9391174361721917,-2.035910155410951,-2.067179352002136,-2.121022185630162,-2.2464899060577133,-2.280888916410271,-2.362861223447314,-2.444241456947596,-2.500043749675616,-2.5316876059718534,-2.56870463321736,-2.6463537878599337,-2.6833274142548835,-2.7207445975447273,-2.7915987263192448,-2.8119519498388614,-2.8262251668580793,-2.9029436069843197,-2.9295989621717116,-2.9545886818499723,-2.9961267696436664,-3.0062227468887213,-3.016354253973914,-3.1338431528468433,-3.154114310023886,-3.15722690129551
-0.7967080901897242,-0.8226387681466435,-0.8386039529796194,-0.9172144748886721,-0.9431296795750315,-0.9656772573850586,-1.0709441752193707,-1.0786189272245388,-1.0960420314242292,-1.1929286459392612,-1.235518233210892,-1.2711131689597552,-1.3648440718153871,-1.402657562692124,-1.4481932402318838,-1.4954831619709499,-1.5485834611249036,-1.6055089300600724,-1.6310308213427867,-1.7146931948446162,-1.7414676597054313,-1.7818074316913608,-1.8496124235150824,-1.8926063975862082,-1.9466554898105035,-2.028084142709173,-2.070995913469568,-2.1178132644174843,-2.1860048015381133,-2.2277774740937226,-2.278311838929581,-2.327602611322694,-2.358620336299852,-2.4014703855582984,-2.429664980087133,-2.4913244041311464,-2.4999882808637293,-2.532491831432179,-2.5824536019545925,-2.606517817440083,-2.6330238271928663,-2.6682227498099538,-2.710374968446939,-2.726266738238315,-2.7627527924361863,-2.764638700370429,-2.780559738479336,-2.843577129130427,-2.865814097114927,-2.893531719835513
-0.8684896311085362,-0.9068825733610583,-0.9023426967125944,-0.9899366632148089,-0.9978403827651093,-1.0431576270954395,-1.1105328007821391,-1.1619359562640201,-1.2038806188726099,-1.2866623586688686,-1.304263281538292,-1.3447238777081152,-1.4020572069450183,-1.438807356175373,-1.4779023093981913,-1.504876884611662,-1.5689741667772132,-1.6155515897214578,-1.646330976131483,-1.715475890577227,-1.7591804661403843,-1.7849659597770253,-1.8735573904655618,-1.8885052693440734,-1.94417862586267,-2.0047960525168698,-2.035169334923697,-2.081373350794634,-2.125851065801975,-2.163900570792808,-2.1825968863510017,-2.231622069949819,-2.2607110663333283,-2.297218300172418,-2.3256706296936227,-2.3549220465594907,-2.364173476901682,-2.3933445476290536,-2.438899963834039,-2.462176049095528,-2.4859060782810762,-2.50738032223065,-2.5367092336732933,-2.5578790391723123,-2.5837759963380114,-2.6088468844271,-2.6022460748349023,-2.638818795207288,-2.6574253374094576,-2.698096320175299
-0.9271764368492681,-0.975027338418246,-1.006981616439341,-1.0773648273142526,-1.0959088652343887,-1.1300681174134652,-1.1917831609581624,-1.2172274198606665,-1.2603384854652575,-1.3001793576763627,-1.3405819393590164,-1.39462367438774,-1.4245282703558926,-1.4659067650181543,-1.5137858920517402,-1.521832365662363,-1.592113948163363,-1.6373343158576008,-1.6599655481314288,-1.7214028396605314,-1.7662014186708406,-1.7937085057478108,-1.8657635788881417,-1.8808616459444112,-1.9117363811133017,-1.9542802672873678,-1.9728779755308974,-2.0058005737374196,-2.0357043897613623,-2.0510209001245703,-2.0761081898126323,-2.104911615313597,-2.1261007878869433,-2.14393707079388,-2.169379393634521,-2.193520660508961,-2.220905864495388,-2.244894464655579,-2.2936957516285013,-2.2990015036331277,-2.317542535444512,-2.3702550695000553,-2.396386558687896,-2.407197040842865,-2.4293036079251555,-2.450682157266988,-2.4715733974827114,-2.489832038078913,-2.509485457513949,-2.5269893755383595
-0.9672210262362982,-0.9825776225904502,-0.9995052934840691,-1.0813092279711107,-1.1125658126664735,-1.1358160451712185,-1.2072370324791286,-1.2249920761538886,-1.265038242579146,-1.3250797831986858,-1.33900421968993,-1.3872159634563501,-1.4775847400776205,-1.4880225579142925,-1.5118200304810123,-1.5590481654357835,-1.612459855981787,-1.6400127587541757,-1.6716567548711385,-1.7101598440714045,-1.7406595816967976,-1.7589155085114576,-1.787231231710171,-1.8197576174524135,-1.851237614985146,-1.8749623524992154,-1.897614973544869,-1.9330836254613668,-1.9405433182126146,-1.96155554840675,-1.9968051661497341,-2.025179595401974,-2.0458356054847653,-2.0647560141555314,-2.071835251836826,-2.0978708724190542,-2.1142734253669215,-2.1157169308598553,-2.1718543243641397,-2.2012007796194677,-2.21433379574169,-2.2553259529702663,-2.261774464694787,-2.2828351651421843,-2.337859541230703,-2.339031342933935,-2.3405715707556243,-2.3577996302131097,-2.371980749751839,-2.395531199104254
