jsons/1312578000.json
{"header": {"parameterUnit": "m", "parameterNumber": 2, "dx": 0.1, "dy": 0.5, "parameterNumberName": "Eastward wave", "la1": 40.97354507446295, "la2": 16.46031188964855, "parameterCategory": 2, "lo2": 133.9931640625001, "nx": 191, "ny": 50, "refTime": "2011-08-05 8:00:00", "lo1": 114.97908020019554}, "data":
[rows 22 to 43 of 50, columns 50 to 99 of 191]
0,0,0,0,0,0,0,0,0,0,0,0,0,0,0,0,0,0,-0.6288133660662678,-0.36031788288784194,-0.47459772105429365,-0.20839200865868487,-0.16483576525055427,-0.5784000221140175,-0.4773497560317236,-0.5664348506349988,-0.4821809282081305,-0.29985451373869915,-0.35511923856892014,-0.3358839853532794,-0.19031905666307206,-0.10089032264403423,-0.051525238199858506,-0.01348487360873257,0.007016617960855771,0.027603593849550086,0.06457006196607944,0.15877219981134516,0.24514379542344794,0.5009979850371816,0.5242884228111412,0.6084251138227537,0.6509498799316773,0.7489186922521912,0.818708044198228,0.8608071320348983,0.9829219258714126,1.0606869673485253,1.0968396826850944,1.191287895846319
0,0,0,0,0,0,0,0,0,0,0,0,0,0,0,-0.3594316607914807,0,0,0,0,-0.4382478803382159,-0.5652625553752254,-0.6640294368234013,-0.6464802752775891,-0.6511133124412944,-0.6697465054845676,-0.6596947436509365,-0.6479559820486813,-0.6574980042114857,-0.660166709799215,-0.6223326164102915,-0.6201733333282614,-0.5927220736802282,-0.4960733088016921,-0.374459783679819,-0.19669130513271335,-0.006472203386935401,0.04026064781775583,0.11061279770131335,0.15447930060472004,0.18544611243210332,0.30193582646577793,0.29419869446711777,0.42039505098606844,0.4867646259775427,0.5643436335577638,0.679873718449111,0.7724865842325512,0.8189121746578483,0.9504934627949033
0,0,0,0,0,0,0,0,0,0,0,0,0,0,0,0,0,0,-0.5787669507384733,-0.6941865118870043,-0.613865445320386,-0.6527149904580464,-0.7550992121829523,-0.7651753510654088,-0.8228007136840596,-0.8838489267788093,-0.9023967104991474,-0.9013918597761084,-0.9205813561941112,-0.8976554397138792,-0.770354246024049,-0.742111187755074,-0.7336103169600324,-0.6958533447390336,-0.6766176951831059,-0.6464614603301699,-0.6363232910858697,-0.6485762374819086,-0.7070173431083294,-0.7504418180110842,-0.7419258288667215,-0.7341949973918718,-0.5642178130402825,-0.392942733947914,-0.327226522333372,-0.23392493993199193,-0.08422113266609511,0.03977801911880805,0.10192178045137186,0.29643043303539013
0,0,0,0,0,0,0,0,0,0,0,0,0,0,0,3.3038944722661223e+38,-0.7206872499360089,-0.4825762158625756,-0.6594779497281175,-0.9177479672730162,-1.0121819544172659,-1.0764009010496447,-1.1764029180412297,-1.2438346013318349,-1.3038323494342359,-1.2837104460886708,-1.3082490216394849,-1.2184722970365145,-1.2637206870979618,-1.2742487931955324,-1.3502143275351648,-1.409419202333189,-1.4697910549093145,-1.3974535303860793,-1.4562012491256666,-1.4705661925997409,-1.45578961074616,-1.4308269628472858,-1.468302198249345,-1.4394332989532161,-1.4135616410618304,-1.467267437968149,-1.4086493714683406,-1.3580756842684634,-1.3710446789358193,-1.3244312965676732,-1.2982459499952448,-1.262931207371165,-1.133360786054687,-0.8948367075568564
0,0,0,0,0,0,0,0,-0.3208287290951934,-0.3684662557892947,-0.4947196863200111,-0.7736538356245188,-0.9770483649529585,-0.9562229373192078,-0.845010624024218,-0.9001924519944118,-1.0296811667577697,-1.1388396175644886,-1.2138650116750727,-1.3473792819539858,-1.381775269939258,-1.4075676189290596,-1.501319495639598,-1.5345716361882882,-1.5840389933118948,-1.6957575361917367,-1.756166214699472,-1.8702928701713242,-1.969858550066082,-2.038376901093013,-2.146066333996214,-2.268339291220841,-2.3135218808613915,-2.360856815186351,-2.4027944302141555,-2.5434555244966304,-2.565627514131126,-2.5973400575724805,-2.7712299819610653,-2.629107572047372,-2.611796735897057,-2.736407794661966,-2.715746891348632,-2.627669970770611,-2.7460005423856995,-2.6622920315293173,-2.575841249885542,-2.606152849928699,-2.5633636876290216,-2.4306798192860937
0,0,0,0,0,0,0,-0.47357585191916546,-0.7605969867760646,-0.9981262779791374,-1.0736693156780521,-1.1642149104064867,-1.3035102261743912,-1.3806209334632886,-1.4756694983546028,-1.527813470463333,-1.6790214213728296,-1.6875869214252799,-1.729638434743885,-1.8441782777375344,-1.9307471478210871,-2.0183101220196686,-2.152051962434315,-2.237705220875507,-2.3731024757541284,-2.5562661856170292,-2.655660288371261,-2.7413449358826636,-2.9139586708042793,-2.976090123211965,-3.1075620198854588,-3.2621303097661425,-3.37625911498778,-3.47891347170925,-3.600054660185951,-3.7626606668509903,-3.847534864133831,-3.9299611587216168,-4.081148480401169,-4.189738279406589,-4.22369972094435,-4.448598703978811,-4.525617437352341,-4.584971765972591,-4.845240678792764,-4.844215426019656,-4.766757348705538,-5.006853733994286,-5.0346954228018985,-4.837888415742693
0,0,-0.673980092460118,-0.6404470879271214,-0.7496012069099999,-0.789823360869529,-0.9873308030010218,-1.0711728083494596,-1.197476666845834,-1.3079316054640215,-1.3993015684614334,-1.5041847279359897,-1.630623070239243,-1.714268751386897,-1.80134268201045,-1.8838963577698469,-2.021508641282308,-2.0906117953922103,-2.1875635757670553,-2.353392919350746,-2.505721452662959,-2.5839983306618155,-2.7229751434013933,-2.8046915229598643,-2.939810440686227,-3.147018563076296,-3.2045574431940373,-3.421175490655555,-3.665882165507701,-3.786941712252361,-3.9230257283578496,-4.13480536323065,-4.2240754437427395,-4.391562763974498,-4.524618408590753,-4.799249101347781,-4.865549080996575,-4.979176022049219,-5.243565482913551,-5.453425766305765,-5.49159040178568,-5.870041795069305,-5.992967959253032,-6.1636832868981575,-6.444344180990063,-6.582415617590704,-6.782363410349848,-7.116840275606978,-7.284755040320826,-7.112308786295597
-0.6805341600373557,-0.7372269782175073,-0.8496361566010557,-1.0043966911527058,-1.1154708462043463,-1.1979961969026842,-1.3207351669188772,-1.4279626917020578,-1.4736227599390344,-1.5795639481467638,-1.640697283398591,-1.7486241160910627,-1.8286408350508556,-1.938386832415241,-2.0386099655080776,-2.1522003284053515,-2.292179546722439,-2.447507682780883,-2.542459372806642,-2.723023812867389,-2.8736668462072346,-2.9832846904421277,-3.18233704711644,-3.282997572566578,-3.445949414304672,-3.6370681036997308,-3.7675838599802893,-3.93238946118213,-4.1922199364412105,-4.309217496488089,-4.485866617664452,-4.7438418004535245,-4.864773505070836,-5.060504084143926,-5.2401752530841925,-5.508875446437885,-5.742173433448681,-5.845184519259867,-6.091317040793139,-6.344297291064307,-6.48470028774317,-6.911126971467046,-7.063855918643733,-7.306986750411998,-7.700330609986041,-7.9317843126271095,-8.210459706175486,-8.570152907037766,-8.720551993730947,-8.932097128478468
-1.0474547531416278,-1.0892871916795974,-1.148407756889091,-1.2623265232304388,-1.338191708160804,-1.403525047489611,-1.499550201458802,-1.5431087038887779,-1.6725276643423541,-1.7713552587948935,-1.8505889466388075,-1.94741812262314,-2.1045645271728706,-2.1908752617789267,-2.3142812177580603,-2.405311251985713,-2.574778267900844,-2.686989152416096,-2.792526170562526,-2.963706900499005,-3.1490773681583883,-3.2539485753132418,-3.4451157834553174,-3.556840111529676,-3.720170551179652,-3.940400570321932,-4.066097351872536,-4.243220689893753,-4.482855366825807,-4.5962525766298254,-4.771445370809318,-5.026903673460776,-5.140110695115606,-5.337679988586249,-5.471399329068564,-5.756464787296401,-5.962602915014574,-6.052489994190056,-6.398033878416397,-6.631780801748957,-6.730688440699717,-7.091226538200959,-7.345675552952055,-7.590546205505464,-7.982921173715404,-8.204055658661156,-8.479286765903366,-8.844554152646928,-8.949763819248911,-9.14898706393142
-1.1878294360468844,-1.2574931021303235,-1.3366959450680687,-1.4415484640928304,-1.5195741908702498,-1.5774624388834142,-1.676944685041928,-1.7587581583509748,-1.8375301942527167,-1.9822602839490675,-2.0656996411994046,-2.179539745071622,-2.3322408872394114,-2.425420744467995,-2.469260813479151,-2.5947029473515437,-2.725118040477481,-2.848242874559162,-2.9396712788877415,-3.145678927011061,-3.2611823379040152,-3.3914233667984726,-3.5795777759118654,-3.731712697453567,-3.8767565219161417,-4.080388542050743,-4.19486953308484,-4.336052165627747,-4.528799287001288,-4.631462502845343,-4.802301775536512,-4.966100706344067,-5.1201657085550805,-5.252466372579278,-5.401151392220591,-5.67420764549299,-5.884110234355151,-6.017893168776152,-6.384327192755188,-6.48478307050103,-6.677396018480352,-6.995515233225893,-7.148924420216896,-7.24622224705947,-7.5619805555483905,-7.747838496243062,-7.904947508698821,-8.205534320940309,-8.335918730360245,-8.37041845750813
-1.4172785933980399,-1.4827293446313878,-1.5170804874735337,-1.5929078524880198,-1.6633349739794714,-1.7274839262947106,-1.7798325218029727,-1.84634588253737,-1.8276484479965054,-1.7466468782245494,-1.641016248575261,0,0,0,0,0,0,0,0,0,-2.5662985471873174,-2.9627561853314934,-3.3126450191897234,-3.4979560089873676,-3.6629075763631103,-3.8703520195661008,-4.008043725589616,-4.099997840778171,-4.2926182133898285,-4.35691658705137,-4.448121450797208,-4.634592789209022,-4.763921396610976,-4.8396831341435345,-5.018437917166005,-5.288685717752158,-5.443467534623543,-5.561679018117589,-5.806140673181073,-5.9718393021156615,-6.106359637006426,-6.412882633536668,-6.524728845706833,-6.595334027303045,-6.884625445167021,-6.958470192701886,-7.01986744781618,-7.231441334346434,-7.253993738471521,-7.2256057288328766
-1.2262942345803987,-1.2226973855947254,-1.2073618524909415,-1.1852357749853597,-1.1410487822776578,-1.0939834136982527,-0.966130862091841,0,0,0,0,0,0,0,0,0,0,0,0,-2.0792285942101767,-2.4998586503146316,-2.775572244143084,-3.072434851064758,-3.166560340175351,-3.3324813279481127,-3.5053683643418694,-3.6128873271941955,-3.7065461757857405,-3.8609542704291204,-3.9342725170901636,-4.032893880215278,-4.2283560244987966,-4.322862505846752,-4.376572637781336,-4.517041314981149,-4.695547435288961,-4.81538659552031,-4.838323608591544,-4.81710741660398,-5.049585727533563,-5.07401776403623,-4.572266725526175,-4.257600310381087,-2.897119209221255,-5.34620101649101,-5.688625058098825,-5.614880092128643,-5.805032637487599,-5.785247606952616,-5.72424854829684
-0.8592338857746805,-0.8006536604824418,-0.7771501069839201,-0.7327819529369198,0,0,0,0,0,0,0,0,0,0,0,0,0,-1.8056763967201548,-2.13906371688565,-2.482177699851239,-2.6477133548007794,-2.7654191497398495,-2.9480996352217694,-3.0270343242466398,-3.106357553949492,-3.2330491950126867,-3.2636779852687523,-3.3241051479621033,-3.388766836950302,-3.431224788991879,-3.410005278757938,-3.4429473206695724,-3.432059428703587,-3.3545375843472365,-3.2473916134646497,-3.226309582304019,-3.1529548759197263,-3.174160155765849,-3.281892610261731,-3.6123270399735388,-3.794635288380596,-4.233210914060162,-4.340894050169912,-4.447877198677953,-4.665070886916124,-4.787086234003873,-4.856104537622034,-5.118545936080901,-5.177047763608759,-5.090175478146785
-0.5681545316131431,-0.47019434204928573,0,0,0,0,0,0,0,0,0,0,0,0,0,0,-1.759399065024725,-1.9867763989460547,-2.176077597298177,-2.331959151614598,-2.4170346716677806,-2.475697617915242,-2.5635621046338417,-2.60913311402317,-2.641000123071269,-2.7239190678532457,-2.747552613408147,-2.7605749792821923,-2.825478715202941,-2.8414542120594493,-2.837498640548311,-2.949780176620276,-3.00858802848747,-3.109802072343706,-3.161108107767597,-3.359453968557409,-3.42259585115956,-3.568090245842449,-3.778210544566215,-3.8445007335316213,-3.9762014906208014,-4.187070845992299,-4.2517269798369925,-4.331972742976961,-4.491205314345131,-4.554692096844868,-4.517204595705331,-4.618362676383796,-4.59287771688709,-4.524340261068841
-0.44288110059562524,-0.22130743664760483,0,0,0,0,0,0,0,0,0,0,0,0,-1.4184561996588108,-1.6328242153401027,-1.8662759381243257,-1.9779709558556178,-2.0648201167881557,-2.1723881649780603,-2.2293503961886953,-2.272814632762678,-2.3690741892141554,-2.431696940996529,-2.4643082621915533,-2.5699896433022045,-2.6269713256425455,-2.690802772098104,-2.8085498921478584,-2.8715766520271506,-2.93641681135699,-3.1007659302900232,-3.1646126751998094,-3.2682104373903775,-3.330752554784603,-3.5029101201762134,-3.5799592955827095,-3.67459578238331,-3.84852371842864,-3.9017493728112793,-3.9734055149404632,-4.113729037023062,-4.166648798432179,-4.193612099831166,-4.28795384338777,-4.2958400523694475,-4.267739591659186,-4.316850488611568,-4.318518071522607,-4.254539635268709
-0.3959009817898449,-0.3727742084865882,-0.3503524641783863,-0.3020729726135897,-0.47045962033960453,0,0,0,0,0,-1.0220136950251244,-1.214163987645507,-1.472622732407019,-1.5907531435254125,-1.7014344510198294,-1.7754257122528498,-1.891016742731245,-1.9665388164638682,-2.024445506900491,-2.1235072491793114,-2.185270267904824,-2.238336878466563,-2.3508350549706565,-2.3958416150932376,-2.4674882297048537,-2.583852667945779,-2.6372480641890603,-2.708321741032949,-2.845125455739448,-2.9020706118689983,-2.98505353895447,-3.11209454940279,-3.184968163563882,-3.2495183992753076,-3.333208506301954,-3.462889661103163,-3.5194410279918626,-3.568055228519379,-3.6680443948781134,-3.740839634156995,-3.786767108790691,-3.8734751556332854,-3.8981896072244164,-3.9257290049565685,-3.988557820412261,-4.010170607958748,-3.987175581723275,-4.034226177898047,-4.053504285017131,-4.043434676643842
-0.37284226700570444,-0.37059665673610304,-0.3731892835932599,-0.4030306873267914,-0.37343871015140684,-0.39372055313877313,-0.3533534823875694,-0.44660289839729794,0,-1.0977790283489324,-1.2137034660292974,-1.4012405838271762,-1.5517249408761251,-1.6191351169777521,-1.697220672750128,-1.7608317185807958,-1.8745001808274455,-1.9320343197072265,-1.9640429667151054,-2.062283206686312,-2.14107218246184,-2.1920551243142095,-2.3152576128523354,-2.3800469042703956,-2.414295663601813,-2.5267240159579574,-2.597412117797424,-2.6531497448920254,-2.7802974330479366,-2.829376975988236,-2.9177688031671005,-3.0356055981049668,-3.0723099102187903,-3.138857835466954,-3.22169898554611,-3.307634777671021,-3.3552808430612804,-3.383609438958541,-3.467543300869597,-3.5114929617356685,-3.5603461040555224,-3.620856466243911,-3.6586351581978622,-3.648224704969787,-3.7399983935968684,-3.759272756050853,-3.767679700847769,-3.8185926326230204,-3.8289520051525567,-3.795604517267268
-0.9510238850794126,-0.9657017379698393,-0.9678314822822596,-1.0731843925125073,-1.1069447992037575,-1.2020059530662766,-1.2702325894356208,-1.3164311792715437,-1.3505075102957576,-1.422967247416065,-1.4523290764013326,-1.5074543969237004,-1.604915705143988,-1.6489787231058366,-1.7026436502302214,-1.7563361928948935,-1.861768823427958,-1.9248556804721118,-1.9784038154436607,-2.072203627327402,-2.1547991474622283,-2.1842829671143917,-2.280869128579021,-2.3465436515451032,-2.4035097534961616,-2.5081470639441985,-2.5383773482217356,-2.591571708529574,-2.7130426428856174,-2.7512788554129544,-2.843231205342735,-2.9293290852674385,-2.9867491454113297,-3.0246535888600046,-3.0670627847091385,-3.1476744306149387,-3.19383785499551,-3.237350467676269,-3.3031842199951718,-3.332774709570486,-3.353163206580571,-3.4327538630244865,-3.460253824671121,-3.495535061291622,-3.5416399122119175,-3.5640689596678703,-3.5692526368258646,-3.6414692169459397,-3.6400646867263564,-3.6182945300708003
-1.0717135360811476,-1.0969838411598178,-1.1157698461953807,-1.1881727069572368,-1.2296874626588015,-1.2541032807021304,-1.3440718585889748,-1.350567950856241,-1.3872462928418188,-1.4738258992086608,-1.5279173691915522,-1.5743052443577972,-1.665146175932663,-1.7068548739731728,-1.7622982117410788,-1.809348538740289,-1.8717254681867788,-1.9337021352003734,-1.961931164742367,-2.0741939909706897,-2.1077572330352896,-2.1541850339992954,-2.231359676188465,-2.28299898150182,-2.347662028008124,-2.43126241734634,-2.476059638220169,-2.5343416991711005,-2.6095430661716414,-2.656485018070275,-2.712666409551663,-2.7760146782602595,-2.8164807122617446,-2.872125467275,-2.9074839845124676,-2.975771308465986,-2.9936110963976734,-3.0402928329390146,-3.1010665336941607,-3.144239418946389,-3.1819093875978526,-3.2239276376006645,-3.270844458817021,-3.2977689816475415,-3.336152087432772,-3.3400792233286625,-3.3549331928598596,-3.3961179983722403,-3.4026570097721254,-3.403591708792952
-1.1368400523637565,-1.1787196344981536,-1.1801033891446457,-1.2566384457264603,-1.2750199246110636,-1.3151564528205155,-1.378748416867619,-1.4307317001443278,-1.4711762611436128,-1.5472476515628772,-1.5639885964207378,-1.621919061149537,-1.6863726193203776,-1.7212677468104058,-1.7631225949995977,-1.7945520568705708,-1.874256247002987,-1.9306194311301224,-1.971444196823158,-2.05279874447455,-2.1070489558923815,-2.140645738862108,-2.225082773047848,-2.242518580310626,-2.3133585587210437,-2.382791216402755,-2.425174110297549,-2.4892262638597074,-2.5377870639107356,-2.580655127910157,-2.6041637278288725,-2.6716476303021133,-2.709455247508928,-2.759919252831465,-2.7981116939281767,-2.8438023831313095,-2.8644323432398395,-2.9038615293567016,-2.9614412042773774,-3.006105458265624,-3.04122021526992,-3.0629151415180935,-3.090339747625532,-3.112547017286876,-3.1416048798634946,-3.1667895104228156,-3.16700059326749,-3.1961934415825493,-3.20993226949919,-3.2385868330515795
-1.1717356423913918,-1.215966703611416,-1.2453423912402255,-1.3053542583933955,-1.3263625217828594,-1.3591347717370557,-1.404840254047028,-1.437940715925078,-1.4880766227817417,-1.5255317668003645,-1.5742225734815514,-1.6353591154095708,-1.6722872518512115,-1.7227429562072905,-1.7805183898887087,-1.7917702698435654,-1.867976278974536,-1.918209655834623,-1.9440083945468736,-2.022132643831447,-2.0767896005324693,-2.110270626268564,-2.197478145804048,-2.2149960004138483,-2.253334226656227,-2.3053197665581573,-2.330424079008946,-2.3747368301634295,-2.420326654559857,-2.447270008206589,-2.484920905838053,-2.5346309196701164,-2.5710919208939145,-2.601646932607413,-2.6411258253514,-2.679423166383964,-2.720569010738028,-2.7550424037170305,-2.8220868575621396,-2.8381289864497035,-2.8603512763403445,-2.9108913263702396,-2.9374010912657913,-2.9524679123134163,-2.9725747461792675,-2.995098275706774,-3.0204658583559723,-3.0346833636483046,-3.0525270584675552,-3.0746058194559174
-1.2041999251242288,-1.2263830105556428,-1.2430645485514782,-1.3013027847190766,-1.3325494724434699,-1.3566838581390683,-1.4167887391375202,-1.4340729385148316,-1.4794247617668246,-1.5405616537383175,-1.556391224982778,-1.6073172666720994,-1.7010295526621777,-1.7119811129459632,-1.7495809417562722,-1.8070732686212696,-1.8708866205874002,-1.9023425903411832,-1.9403846944012628,-1.9883335878664246,-2.029077448999058,-2.0486172971166443,-2.0862419963897265,-2.130311403699351,-2.172647264008187,-2.2091972512807527,-2.2416373183421356,-2.289942568514227,-2.30480666049763,-2.3351698673328154,-2.389672371143385,-2.4355485671937203,-2.470818672072744,-2.5062212196320863,-2.522197231510191,-2.5673328207536152,-2.596744723285711,-2.6048391609817534,-2.6628136375750366,-2.698984926462325,-2.7158372331784526,-2.7564222883349148,-2.761652604333089,-2.7903938460372895,-2.8451564017949194,-2.8507038115901233,-2.8610691758990328,-2.885196587287995,-2.8977854401717322,-2.9217484301812635
