jsons/1312660800.json
{"header": {"parameterUnit": "m", "parameterNumber": 2, "dx": 0.1, "dy": 0.5, "parameterNumberName": "Eastward wave", "la1": 40.97354507446295, "la2": 16.46031188964855, "parameterCategory": 2, "lo2": 133.9931640625001, "nx": 191, "ny": 50, "refTime": "2011-08-05 8:00:00", "lo1": 114.97908020019554}, "data":
[rows 0 to 21 of 50, columns 50 to 99 of 191]
0,0,0,0,0,0,0,0,0,0,0,0,0,0,0,0,0,0,0,0,0,0,0,0,0,0,0,0,0,0,0,0,0,0,0,0,0,0,0,0,0,0,0,0,0,0,0,0,0,0
0,0,0,0,0,0,0,0.009285432388607911,0.00852493173899493,0.006976847415511237,0.006090339537211135,0.004624570403247552,0.0031371725129486195,0.0015810359201247528,0.0003287883357614351,-5.090372437447014e-06,-0.0006158373946597827,-0.0017734737838713745,-0.002007112192293233,-0.0019569613150396126,-0.001584119217092788,0.0005985815050860746,0.0008766905462924578,0,0,0,0,0,0,0,0,0,0,0,0,0,0,0,0,0,0,0,0,0,0,0,0,0,0,0
0.02855818629791971,0.026556884777197493,0.02433806100461116,0.019459661836815693,0.01835260559605179,0.016928196570272582,0.0131703783129462,0.012125751598294023,0.007968607724146584,0.005428635143192116,0.0021534581123582894,-0.0019760668721156916,-0.0034994383897122825,-0.003905702315408059,-0.005042991895506739,-0.0052850072138282455,-0.004480093556145355,-0.0058565519794259195,-0.0050747746485279716,0,0,0,0,0,0,0,0,0,0,0,0,0,0,0,0,0,0,0,0,0,0,0,0,0,0,0,0,0,0,0
0.032288027610166053,0.0338206054386949,0.03462172386306408,0.031898867878153485,0.029383303227267198,0.02760781242368438,0.01955361091976509,0.014594574511548126,0.00536519666906002,-0.0015033472362630063,-0.00637174084821751,-0.012644918884112183,-0.011493049770255795,-0.013195502777225762,0.0069383992502786195,0.0018849016386766262,0.0009621053551017592,0,0,0,0,0,0,0,0,-3.064286503190803e+38,0.2540413237164865,0.25665570092415235,0.25084698802375005,0.24578356375863347,0.24335262665654314,0.21915183520549492,0.2174931184550699,0.21355474937432153,0.20214780876707567,0.19526285499807247,0.18884383348236142,0.1896621941217034,0.1781218013710636,0.17330415877200822,0.16446559814270947,0.15136096155094028,0.13948650239691016,0.13653102043223542,0.12195479047363551,0.11496593683095095,0.1103484688134551,0.09429918537412083,0.09044538067541179,0.07999360098535649
0.020806893988190037,0.02620429988912597,0.02780752622508528,0.03227152980331345,0.04012458268799792,0.04184784246922777,0.048218978133677634,0.05406184730817581,0.05118428619167549,0.029976731164051425,0.026673990416179957,-0.04934378095235744,-0.029981316446199103,-0.034028337832582876,-0.022674064043446653,-0.028860327269307918,0.018329570241283243,0.12069878012423954,0.16707911323600683,-0.26853522301911875,0.2523566245621076,0.27037160393938175,0.29786798970339945,0.32781410453249127,0.33821945157803596,0.360825037427155,0.3722066847117926,0.3786033846682168,0.3798117928594256,0.3839139814586054,0.3764473151065209,0.3634753292857144,0.3476034702323733,0.3369636312587073,0.33175384586933826,0.3075357711562184,0.30405746028083247,0.2870442012088762,0.27639646380459365,0.2660250659056369,0.26543886205313866,0.24759298227962528,0.23678208122911124,0.22722280295012726,0.2053218894084426,0.19865988651221006,0.17329998658110934,0.1297449453237457,0.10594565268295561,0.06537773068735268
-0.025137119819545656,-0.025117657313648827,-0.022806111447553082,-0.025247609665819678,-0.0201570921523132,-0.02024340928305056,-0.013656752630582053,-0.00885899569537981,0.0006656815795521856,0.004862232593011272,0.011806845047601109,0.02774726244165282,0.038215056625043396,0.050970186727396144,0.07204923333334133,0.08266510389717749,0.09470078027280947,0.1264494141813185,0.15273041997948697,0.1810460802442906,0.22092750860527074,0.24344510618127488,0.2792990900394499,0.3053295045341572,0.3458645214309697,0.3916247071545059,0.4147262109718697,0.4439080495189996,0.47181594036496116,0.4835711156350987,0.49844752333436276,0.49631134300169455,0.4843555232475762,0.47777029956965045,0.469667018418174,0.43463170338448437,0.41333060627153767,0.3906704960053316,0.3692119744114164,0.3587590831588051,0.3458932385905893,0.33195953282989027,0.3232518191486228,0.3216143308945007,0.2999420026079672,0.28588650972562946,0.2561044502572206,0.1897350838523078,0.1671509089643122,0.07182933231458365
-0.06698618958201775,-0.068987846755376,-0.07153561855400997,-0.07541716666991631,-0.07696681923208866,-0.07473691738565098,-0.08088780903388636,-0.0773541684892785,-0.07096494202470785,-0.07076481494569468,-0.0707070154808279,-0.06624780738938356,-0.06340764310560563,-0.05542456650836715,-0.05591860669148234,-0.04589060905574814,-0.03295906685652114,-0.0036135771537449905,0.009767593221573593,0.035593057302226276,0.08871697378704445,0.11911326845629057,0.15036459966789031,0.21131786393676347,0.27114573837778155,0.3299905891800062,0.3724248859562754,0.4242832703307833,0.49016439948480406,0.5092029228529843,0.5468473660593115,0.5885847544323041,0.5885650950107896,0.5974033989085589,0.5831155983835362,0.56085916563583,0.5386443030213995,0.5295229657255662,0.47300132758789015,0.4614435478529921,0.4456165544287075,0.4260820219292625,0.4123052913624622,0.4058470199810418,0.39023636986809945,0.38413767284461453,0.3759776525732078,0.3378369772845229,0.3271841867615893,0.30782616490967674
-0.10549923654618612,3.274202147904436e+38,0,0,0,0,0,0,0,0,0,0,0,0,0,0,-0.12600515843874616,-0.14472120569461022,-0.1331776231921052,3.1279583861914314e+38,0,0,0,-0.14251228510607147,-0.12727404715493082,0.041406379118621495,0.2920282407386509,0.39564844417870726,0.47306574824120873,0.5018142783730951,0.5689667724414421,0.641137216597431,0.6667976206979126,0.6998796827537537,0.7138619078541407,0.722144004427913,0.711301419257315,0.7010073040251571,0.6705623661601496,0.6251912380647469,0.6132308292196843,0.5762967011245468,0.5624766353146037,0.544317999989305,0.5281746656265698,0.5188735121362543,0.5064944375963987,0.48096378268718476,0.4660857046576668,0.4415320979969062
0,0,0,0,0,0,0,0,0,0,0,0,0,0,0,0,0,0,0,0,0,-2.476973029321347e+38,-2.629703935649573e+38,0,0,0,0.4494982749133288,0.4838409139660231,0.5089975756859227,0.5422176531868312,0.6027350183578107,0.6912345198659853,0.7572867243310716,0.7887893725642887,0.8174978845481735,0.8338052665260416,0.8441948134999784,0.8523005924812419,0.8294120942483303,0.8191668133084462,0.789275183573659,0.7471224260945178,0.7274348616300276,0.7110049152167688,0.6677719673840685,0.648700374515968,0.6440424528924471,0.6101917758796915,0.5932396403582467,0.5669091546902015
0,0,0,0,0,0,0,0,-0.3738047749783685,0.22657362824548447,0.22815045674731707,0.2641999441686915,0.30425291674633453,0.3265791059977071,0.36454075290330856,0.3738999045103709,0.3984445697944763,0.414601414091444,0.43979271867307346,0.4660631847299784,0.4879602498866326,0.49411101095593485,0.5134161652632804,0.5273402013665672,0.5518755830135569,0.5927263338850313,0.6075349105412761,0.6194079111836526,0.6781490619119162,0.7203668372719043,0.7625163312455333,0.8203436730667603,0.8455509497275148,0.8896016142762275,0.9173318016978762,0.9553764460061523,0.9912821488569411,0.9958239427653262,1.007635947865424,1.0120451843263198,1.0060100035312114,0.9851468582341115,0.954796121052661,0.9505564319801807,0.9123339089740624,0.8810720155726001,0.8582382525476098,0.8269632062023345,0.8000296814859935,0.7718367277242554
0,0,0.08534722181884856,0.078269397409574,0.10914247197691296,0.11667819017564232,0.13607807507448175,0.14423937211890542,0.17031631822391138,0.18993708893376868,0.21907534415321306,0.2603613769651543,0.28688072250117846,0.30745312096419386,0.3556710564609265,0.3889960256735941,0.4242395174767386,0.45935638471081963,0.4794175646891528,0.5068491300451665,0.5399374485627255,0.5585618678634443,0.5905423783578118,0.6160653745142861,0.657971440098684,0.694130149714565,0.7207721090655742,0.7453708438243966,0.7892871964601514,0.8127526664824858,0.8446414005411171,0.8900746177396792,0.9062794482673477,0.9392861518858822,0.9713809217556637,1.0113577141363062,1.0570490695163206,1.075820366738197,1.1286727858828687,1.143564354456822,1.1530348783778834,1.1569287893455138,1.156517574952914,1.1618498362076155,1.1402975427515143,1.1254593609656414,1.111995121536168,1.0610568420736761,1.0367139234155451,1.0127427065895442
-0.12364159895745942,-0.11643663322136072,-0.10683604554356685,-0.10093666478174332,-0.06403732308174925,-0.05207311446861096,-0.03597050154546828,-0.018225688289877157,0.01570139698347725,0.04373411078416738,0.06460254070643051,0.12831643460987294,0.16589212099089579,0.20058558119936232,0.2600167389337124,0.28682646505246145,0.3351332327183179,0.39440771379248624,0.4338442222417172,0.4893378330136849,0.555706993619307,0.5982341115687259,0.6369151003120824,0.6685667370434811,0.7054996400829704,0.745231015021153,0.7711361610082724,0.8162692705205641,0.8511141712408107,0.8850574605909366,0.9262498261502748,0.9559997842749661,0.9782081812023846,1.036011926742298,1.0683385445847828,1.1100956534945496,1.168213281756227,1.1978741377453817,1.2383910369853377,1.2791218524129884,1.3120052569283103,1.3607168161036087,1.3736262586098726,1.3936026970315136,1.4042771475330238,1.3974304363175007,1.4108376317950029,1.3927992140434418,1.3846389171891031,1.3892753457972504
-0.27821980438530747,-0.26997597373132515,-0.2636646675134233,-0.2586456247239525,-0.22570155468659572,-0.21000725010529817,-0.20976088685600786,-0.19356281627392208,-0.1423692147762216,-0.1266945101812144,-0.10591634924722722,-0.07558137002211279,-0.06391274420323625,-0.03688974330259844,0.043530792207050355,0.08270365661949151,0.14668216739686676,0.2638118091089987,0.34167003366639626,0.39734925351434053,0.47592081043512346,0.5298012054478523,0.5849353282403491,0.6253295230313153,0.7051784695342528,0.7816569103840075,0.8155365793173762,0.8599311111400644,0.8992004966236458,0.9252287445562446,0.9729593540906452,1.006330734194631,1.0477549558673283,1.097839618847967,1.1485335694496357,1.1900034821043053,1.2810644270421534,1.3502945582416472,1.4200924043938028,1.4563909456848687,1.5011087122664546,1.5825035865308286,1.6207238507503448,1.7363705078783587,1.7885999598373379,1.8094295328730015,1.8657250315444727,1.8633104633045523,1.866729291909638,1.8988714588255096
-0.3570603417647486,-0.3503436239811434,-0.34674306603506794,-0.3669018423150892,-0.35498994338266676,-0.35674117925601423,-0.3714022209943949,-0.3727530385984904,-0.3480291817089698,-0.3552385754893775,-0.34273150850155404,-0.2778470499345807,-0.26901850007865213,-0.24430993478797247,-0.16962035937887765,-0.1394697138541052,-0.12262152724168156,-0.027490892127384075,0.03739602197690032,0.08679452304055266,0.18963984319585833,0.2745746998467302,0.3351851024658885,0.40324467336320796,0.5290604297644733,0.6072158449516613,0.7037898074768106,0.8189027757076806,0.9014594382013946,0.9690816024835573,1.0984756110833387,1.1928933567628306,1.2187069461946074,1.3004049274725127,1.3361136205979847,1.4201575064636789,1.5018016183427703,1.5502165594755235,1.6317519712051802,1.678315474374004,1.7263360268056511,1.8100808913854265,1.8642550995549367,1.9405689177763654,1.9922524801062056,2.0244899539875783,2.0899217129289696,2.157718328467769,2.175506689712059,2.234468583450682
0,0,0,0,0,-0.45359314000185413,-0.49864565152805645,-0.506197582953515,-0.49480173445423714,-0.5157900330428495,-0.5167825949257892,-0.4872524952936997,-0.5059122961316586,-0.4943187359346358,-0.44690410554422866,-0.41787212645173866,-0.3907750126580926,-0.249456727259918,-0.16709966385233385,-0.08330568313725979,0.0995643149645496,0.11110644943968404,0.1593328667304914,0.22174864578970238,0.37418562122287186,0.434504201937042,0.5691965511380837,0.7311430650656621,0.8502513768796709,0.921886475413295,1.0401997507155711,1.135555628542207,1.20163593110669,1.3095371330060972,1.3773835030447514,1.4456503757766845,1.57107043278045,1.6262831825694455,1.7239190641568667,1.806427849770838,1.878709144189874,1.950643438693075,2.018692434901868,2.1172767257288374,2.2071748772577884,2.259509292790953,2.3365661916212592,2.380245166177036,2.425825721015824,2.513512817844188
0,0,0,0,0,0,0,-0.5942009866933895,-0.6418627673180445,-0.6878840403678144,-0.6923531302110767,-0.6505309915389221,-0.7127045726260289,-0.7195873252393454,-0.6635907167268761,-0.6645397265294203,-0.6815595645209791,-0.6046614382034781,-0.6062940126830619,-0.5878010204485694,-0.44960263612142415,-0.3483587477578088,-0.27396224758965654,-0.15733643313249804,0.04612312531162176,0.09372383991731575,0.1516537204787779,0.2718284920386502,0.3753957732394673,0.5027261804693923,0.6561550914779877,0.788668139775642,0.8792156515622017,1.0588785788594979,1.1659914185794262,1.245245130771514,1.414617043731337,1.486415864171462,1.578911165872133,1.7360407930864596,1.8259763796335198,1.9393769953706246,2.018389898676204,2.1658145453295234,2.2522595219310624,2.344085158221649,2.429107244417447,2.492961243507804,2.522052304798092,2.61887891571592
0,0,0,0,0,0,0,0,0,0,0,-0.6066043909712941,-0.4967625150465858,-0.6519329350885961,-0.7529670868098465,-0.8164955757131116,-0.8989700185478715,-0.8087664688165201,-0.8257160009889903,-0.8981607172053557,-0.8064597233863376,-0.7328256625814223,-0.6960177461824392,-0.6389174600165193,-0.4263065670927413,-0.31101341556051854,-0.18435232288507838,0.054486197199485185,0.11505930298977546,0.14625709107248208,0.2268096993766916,0.4255919811755362,0.5454529245055303,0.8080774054589656,0.858782275960425,1.0051341246233139,1.1809646824222544,1.3195795626233988,1.4649856296107377,1.7242030111813056,1.9173144701559004,2.086415869218531,2.2230897014166713,2.4236480951721107,2.6187026598398657,2.699612282451758,2.8631310136369095,2.9534619107612397,3.0476782901668096,3.199104229423955
0,0,0,0,0,0,0,0,0,0,0,0,0,-0.5345511669313615,-0.5771717699639535,-0.9742236832179921,-1.1526207778878421,-1.097322902566066,-1.0911264373516334,-1.1138336267667235,-1.0089107777530935,-0.961423323078744,-0.9752669178397535,-0.9407527762792154,-0.8229495927599859,-0.7220729124589063,-0.5994516043287558,-0.319392945426239,-0.2552114173939385,-0.1471944239698357,0.047073338974775086,0.1873080130437617,0.32832115521571603,0.6543858712598289,0.8066215722580536,0.9320243988028439,1.1977204138756006,1.3734566121439769,1.6183738086802177,1.7997982436370568,1.9593232034447998,2.2189265123288204,2.324716313499927,2.6356393825118123,2.791938417129521,2.9285627637784946,3.027238281025529,3.0980623600557626,3.106959964289933,3.2795368000368272
0,0,0,0,-0.49998875476150917,0,0,0,-0.5591761677662962,0,0,0,0,0,0,0,0,0,0,-0.9067512599190856,-1.308468594923647,-1.2673947801151306,-1.3349287227631552,-1.2145805538473375,-0.9587057239370802,-0.8689645296771128,-0.7900859494824074,-0.6667485225929608,-0.5432220906772385,-0.35501859065017344,-0.13149222721335616,-0.02836210806623007,-0.028844614284557944,0.03663239017986768,0.16095708325280883,0.3809346316609472,0.6364997680623443,0.9133236980255757,1.0807056216106057,1.524907751482283,1.7925237610393312,2.0794625098825343,2.312335715312205,2.846011481261709,3.1248069578208892,3.230263018438488,3.517921281073543,3.7508997117547005,4.043182877734389,4.45756157207063
0,0,0,0,0,0,0,0,0,0,0,0,0,0,0,3.3896807844699795e+38,-0.4192457253146784,-0.6453575503200926,0.15962285542542676,-0.2534720047337226,-0.5526560591933264,-0.7436640428836341,-1.174072172786873,-1.4983514927679837,-1.7385178876290377,-1.8740278319202872,-1.77872545392282,-1.3869829991900102,-1.2530734144548785,-1.137740182293941,-1.000504371266567,-0.8975511214722937,-0.8025409558758991,-0.5471258151275401,-0.383098542464994,-0.21833893608550503,0.18932856717419536,0.4041389591610621,0.6308672811764237,1.2895393800147117,1.6177235160732737,2.075614932002817,2.531096831093566,3.283830635104774,3.767227883506923,4.2435973642177,4.857043385232211,5.2645789344779645,5.553673125623615,5.878401876032853
0,0,0,0,0,0,0,0,0,0,0,0,0,0,0,0,0,0,0,0,-0.7392027692180589,-1.1284932097092262,-1.8216323844613336,-2.0793910250275243,-2.1142953596366088,-2.5067657379944803,-2.522143332956082,-2.0891787074955896,-2.395134614264789,-2.573173384697367,-2.707716243979003,-2.7329360692546185,-2.5716221943720754,-2.085413169405108,-2.012249679501567,-2.020950608476361,-1.5529158538674026,-1.36023376661071,-1.012119930370033,0.08203327273051172,0.5845979538167476,1.123985553415029,1.5624156390939001,2.5281140023113733,3.121343549156742,3.729583432968468,4.963931873463307,5.525343520925638,6.202310205492202,6.759770388803164
0,0,0,0,0,0,0,0,0,0,-0.9461340460506107,-1.1957803636647302,-1.2998441592225065,-1.3721779567743042,-1.4799223689771797,-1.5415252410270832,-1.6779855674256707,-1.779571747846982,-1.8777622310104791,-2.040641585195432,-2.1541237694040656,-2.2194842047671615,-2.633995378913443,-1.6955859965628217,-1.7860975959466088,-3.363419045215802,-3.4633838961852335,-3.5063860022871927,-3.8098140751888705,-3.615103750849907,-3.631697723961872,-4.086551028121047,-4.249594133879866,-3.8764149383770996,-3.745387785793826,-3.61037324737977,-3.379744400462831,-3.307200975742875,-2.8873567175189754,-1.8048030195021199,-1.2727998414081698,-0.6075531610973856,-0.19812180972922674,0.9563905158396392,1.4990385640560133,2.3311915248013313,3.792822160402346,4.715567035573576,5.231155150349421,6.395644599065944
