jsons/1312725600.json
{"header": {"parameterUnit": "m", "parameterNumber": 2, "dx": 0.1, "dy": 0.5, "parameterNumberName": "Eastward wave", "la1": 40.97354507446295, "la2": 16.46031188964855, "parameterCategory": 2, "lo2": 133.9931640625001, "nx": 191, "ny": 50, "refTime": "2011-08-05 8:00:00", "lo1": 114.97908020019554}, "data":
[rows 22 to 43 of 50, columns 49 to 97 of 191]
0,0,0,0,0,0,0,0,0,0,0,0,0,0,0,0,0,0,0,-0.5607214278617116,-0.26695784362347125,-0.38632581245916037,-0.19019684938987017,-0.37916607587366585,-1.3815598428862574,-1.1849372241937495,-1.7244305628219565,-2.044075294235456,-2.471974613751995,-2.5558842404924205,-2.6234149665830313,-2.7405817306943847,-2.7990846348265155,-2.8104474047100623,-2.7766581850694103,-2.7211562158746454,-2.5189215302992607,-2.212481220522189,-2.04598538540874,-1.844084970084865,-1.5422305191212171,-1.3420062740321246,-1.151748377336815,-1.017275716567202,-0.6242300648274471,-0.8583961596127138,-0.9908900055754936,1.5899507596668683,1.4852091055751049
0,0,0,0,0,0,0,0,0,0,0,0,0,0,0,0,-0.07726451762999934,0,0,0,0,-0.3846512473847035,-0.852563683063419,-1.0991236199045473,-1.3295842496021109,-1.5060166509784028,-1.9219538913693226,-2.234919320274978,-2.5103240369856765,-2.654865247899443,-2.730615540556501,-2.7516132067385826,-2.6698478575970213,-2.5650896637461615,-2.2840627801048616,-2.1615477582703204,-2.004259026017826,-1.8072140304170123,-1.6772427004668742,-1.5635682176696553,-1.305972603976719,-1.1484442990584518,-0.9882724108829505,-0.8886079309835878,-0.6126323351265239,-0.508993624425802,-1.3108920268446391,0.057872762422320055,1.5256472697469172
0,0,0,0,0,0,0,0,0,0,0,0,0,0,0,0,0,0,0,-0.3228019020730222,-0.4585066619054913,-0.5342657414579355,-0.7706770668204571,-1.2059422433229527,-1.5173002941893297,-2.005320090966284,-2.3058821193576016,-2.4493627296773703,-2.5922883111704413,-2.6687745911868745,-2.6883704154857755,-2.6306210683335585,-2.519576723488895,-2.450400612829569,-2.2594522978325724,-2.1384084791026132,-1.9835430464426045,-1.7295548854001699,-1.5521017191072144,-1.3754033245541963,-1.1005343018512943,-1.0188482458591195,-0.8848997919772352,-0.8024427120519715,-0.5556892202107074,-0.47114650157931576,-1.0512352415355513,-1.3773703031000035,0.20095816110745945
0,0,0,0,0,0,0,0,0,0,0,0,0,0,0,0,3.3038944722661223e+38,-0.45498566083007036,-0.1087777672659507,-0.34155467674269985,-0.7231223216676527,-1.2003185854998386,-1.4909295422469064,-1.8706369789265664,-2.1014598687639774,-2.331424003454418,-2.4962972070170646,-2.561183231004826,-2.6046062722064844,-2.604412790264954,-2.5756800709695646,-2.4377113054362365,-2.2692465350500344,-2.1281221211550525,-1.9551223270160187,-1.816231153551858,-1.693796278532744,-1.4811972250132104,-1.4008270664495475,-1.2673291240561169,-1.1081030742220124,-1.0499601886212615,-0.9361485107122914,-0.8097841847974862,-0.680542287847216,-0.6075044867543068,-0.5317391258573898,-0.30954841898842783,-0.9378645148103287
0,0,0,0,0,0,0,0,0,-0.02751704626138574,0.19648200215448414,0.4601849459390159,0.5252102547576846,0.7044918289192554,0.5981176396389098,0.056025463690143606,-0.21918668721167844,-0.5383280589445596,-1.0327191264225069,-1.2854371430012679,-1.6273652829044432,-1.862597987938578,-2.0328928221829523,-2.1954095068185215,-2.2883932530017237,-2.3852603905122667,-2.452876360531761,-2.47506106699409,-2.471537649192661,-2.4162393481204947,-2.3565523714853156,-2.2145841337137737,-2.049398325321729,-2.007569919701989,-1.8798330735798356,-1.7434003796046316,-1.519755680007486,-1.2656076768653495,-1.2134746421981626,-1.13500429659243,-1.0391028725127156,-0.9673513383492645,-0.9249007698604083,-0.8542639401939239,-0.7140605876799329,-0.6515756868282166,-0.6032223845875008,-0.5043557867741507,-0.42613088488736456
0,0,0,0,0,0,0,0,0.17942243071249403,0.1515174633463909,-0.007753520479183502,-0.24159132262937016,-0.6322225308370425,-0.8447718049801541,-1.002800925749139,-1.204187463819426,-1.3213676156043876,-1.5303427384688346,-1.713784137729043,-1.8502906232055871,-1.9993818887057826,-2.1084702481835675,-2.176997470924906,-2.2760896142994094,-2.312269478174188,-2.358546580042643,-2.403056058569385,-2.4057451623126473,-2.3908367562134143,-2.357676842608243,-2.3077880736521745,-2.168933422134262,-2.0857030551029685,-2.0202527125631593,-1.828901994870639,-1.7066831045893205,-1.5380564947249489,-1.3902111238419765,-1.3254511656010644,-1.2757097807709816,-1.1590959604196363,-1.089432863576243,-1.0384968449694982,-0.945329285107734,-0.8282929724737923,-0.7674155119637828,-0.7143160897713909,-0.5771842230941221,-0.5493279564159569
0,0,0,-0.4513959610264657,0.30938485132257526,0.20280931848959374,0.004363582875228702,-0.18266859977398903,-0.4038657742907689,-0.7279837411019018,-0.9033645739442532,-1.0603339546429473,-1.2424009922347443,-1.3928657062066336,-1.4918459555277563,-1.598012944920182,-1.6828398605342236,-1.8239092348818806,-1.9125689949302251,-1.983736470373697,-2.0738531211007594,-2.131225073180195,-2.1785191142238762,-2.253068908758006,-2.2829369945981277,-2.318408229274198,-2.332435146941866,-2.331501450281592,-2.2998352943546405,-2.234747957721138,-2.191712630896388,-2.0878204270909038,-2.045177484484764,-1.9977713919964426,-1.8055545929949717,-1.7320834088004633,-1.6130422589215148,-1.5427204776691084,-1.490194577360696,-1.4652034240991056,-1.3884760999977726,-1.2834685841662636,-1.2180287125644556,-1.0954449866611,-0.9428672063001783,-0.8456886966610146,-0.7696113181835772,-0.678146243148391,-0.6583094864980884
0.001030620920633288,-0.043452439753225255,-0.19722934478450901,-0.3692511043155119,-0.5588995387119007,-0.84212407132621,-0.9183592262526098,-1.0541466912640824,-1.1656567981139825,-1.2982263384963917,-1.4353827503587233,-1.4946550794190712,-1.589808685726194,-1.6878125779829114,-1.7491770137743168,-1.8175749283587344,-1.8594126621135965,-1.9262144532566647,-1.9929738075624936,-2.0234265824142637,-2.0942278132772243,-2.1470593485186966,-2.1781309689279347,-2.2264145663483426,-2.2447882229033356,-2.2639402682123424,-2.283387094453694,-2.287399809315819,-2.2675564974530724,-2.2348003509018506,-2.214514817209864,-2.156954025743925,-2.1003253716573704,-2.060894027733919,-1.9323043241054132,-1.8483974001079353,-1.759873335715043,-1.708971603076507,-1.6617613692444004,-1.6355326542144704,-1.5309463778715153,-1.4833407337676654,-1.3344046160620422,-1.2494792489064594,-1.0593609006423148,-0.9158769283036526,-0.8795174604734021,-0.7556583086752594,-0.7108498156807863
-0.5213881517170789,-0.708773730109646,-0.9161513877757114,-1.0143211016741762,-1.1304187046193208,-1.2394557811563438,-1.310112561603919,-1.4173860227415052,-1.47485928455789,-1.5784904133300015,-1.6586826985321539,-1.7113664341058208,-1.784152689706268,-1.8330757463653702,-1.8574388437135976,-1.8805357253638835,-1.9245413799131397,-1.9887441667863122,-2.01651220108815,-2.0402120462890236,-2.093972118684037,-2.1242327688659133,-2.1577009201106496,-2.2169509310351962,-2.240122721214593,-2.2627154833311085,-2.283096638741819,-2.275532500141366,-2.2459910788729385,-2.2157746774182843,-2.2104281723862758,-2.184167064664007,-2.1489002023290844,-2.116607211322918,-2.0310704510448017,-1.99211042937261,-1.9557621363936606,-1.8482521037155908,-1.771014028718502,-1.728543523513172,-1.6492984385146345,-1.5538506573961108,-1.478918626449978,-1.3641010525696913,-1.2297316135540852,-1.1075069487543487,-1.0089299969855139,-0.8609790764404636,-0.7858854117184447
-0.8799806316412445,-1.094354803446081,-1.2558306092295823,-1.3134669281434215,-1.3962769845279837,-1.4850691806446068,-1.5425626724291195,-1.6263142861953763,-1.6865034903826805,-1.7439926176815328,-1.809223615628835,-1.83334025668341,-1.8618045032907755,-1.8811824711179148,-1.9025173190101097,-1.928731358449986,-1.9555960731262216,-2.0138754745388763,-2.048187775122297,-2.0652801250563315,-2.117978564813061,-2.143375277782814,-2.1742327487071496,-2.20876725263117,-2.220577908599562,-2.2219355515389196,-2.224341730473671,-2.2195743086556354,-2.213315049185102,-2.218527491957749,-2.2117854689463394,-2.1934379872216643,-2.1990267698066064,-2.1833394497093974,-2.152017722179504,-2.1258181184155305,-2.004859892123786,-1.8719883518855065,-1.8108791853880835,-1.723407926625316,-1.6122754445616427,-1.5518910541446922,-1.4722614457201455,-1.3841038814325675,-1.2637849123035847,-1.1901844058352056,-1.0824260694098025,-0.9319903236393943,-0.8730218965449793
-1.3386238337012153,-1.418028973668341,-1.5000016489406227,-1.5457862910093472,-1.6138651863806786,-1.6545871032604655,-1.7031776073698124,-1.7503043066388047,-1.7878370034478432,-1.8065613344070122,-1.71928319482442,-1.6443644704995024,0,0,0,0,0,0,0,0,0,-1.6811786442980534,-1.9709443012861045,-2.148073195450228,-2.180403563342927,-2.21055008300176,-2.2226979170803616,-2.236519267440089,-2.2426113389367983,-2.2732392839626203,-2.2796443286257144,-2.2898180638145855,-2.3070707019518273,-2.2627099823230363,-2.170645219564914,-2.1200027928531773,-2.012314669255796,-1.9116024020062923,-1.8580567201761877,-1.7981551393532473,-1.6900575864665346,-1.6251793265218337,-1.554758377515373,-1.5628009848788005,-1.5322824410614178,-1.4327779515062051,-1.3163165481346455,-1.1700534677363104,-1.0839249240951356
-1.4853306004524056,-1.49675639199478,-1.5455645786942338,-1.5678121252281525,-1.5491502816564784,-1.5047687364539517,-1.4129907977381662,-1.2145359192559153,0,0,0,0,0,0,0,0,0,0,0,0,-1.4570168002513284,-1.787474844915353,-1.9804409803187542,-2.1198076508120938,-2.1603170337542594,-2.228542007241013,-2.273636005751254,-2.300964449661747,-2.331006725422896,-2.3671189782691604,-2.3726588797858086,-2.356373958744782,-2.3363392543501056,-2.3222469757715865,-2.261975799902569,-2.2093367317585866,-2.1240523550443866,-2.0089528281892948,-1.9764966395920163,-1.8699114759664144,-1.9214424319725307,-1.8901595641600473,-1.837144026406674,-1.453182290165947,-0.8878311816597052,-1.7628480508079516,-1.743060814695412,-1.519376773026739,-1.4368844693578517
-1.34783389046404,-1.3084014717235957,-1.1611423879791607,-1.054860893273173,-0.9277805096144222,0,0,0,0,0,0,0,0,0,0,0,0,0,-1.2109359638554626,-1.4700677575313972,-1.757105639432778,-1.9565834985289186,-2.0357654800643292,-2.122296439701599,-2.1852254879481534,-2.240787680387925,-2.2974979175485943,-2.3189668924449673,-2.337146600086661,-2.358208000665855,-2.3834467194812192,-2.3841906813173446,-2.3673101450527625,-2.3092643455005617,-2.226172183242779,-2.159740367726042,-1.9920828270409792,-1.6936775130296315,-1.4043777780980353,-1.0488879747029347,-1.0968681382116459,-1.1913075580311867,-1.2229089080103455,-1.0878931157479341,-1.0350642845269622,-1.1590885208493942,-1.3409154037537834,-1.4525983298664107,-1.4977674105792291
-0.9910058841922192,-0.7545930745150385,-0.4833387375590009,0,0,0,0,0,0,0,0,0,0,0,0,0,0,-1.3944718740587128,-1.6164594899229803,-1.7713718380429686,-1.9203237197436138,-2.049392491734099,-2.1118886487385855,-2.163017603232242,-2.20542478616379,-2.2489634663733447,-2.303842912283294,-2.3231247314943966,-2.338556030595246,-2.3789463298131763,-2.399844617226344,-2.4021620348932977,-2.3647673583013953,-2.305607516399224,-2.1452938714346894,-2.0762750497816946,-1.9444480139860543,-1.826650436211657,-1.7370412023134494,-1.6011889458776016,-1.5136399168597232,-1.4783478772182144,-1.423523419120655,-1.4045184161243118,-1.3717433235499303,-1.388254910968672,-1.4305008241304669,-1.448153213225505,-1.456633030437559
-0.6315387287798553,-0.49563138743857527,-0.09631286120722966,0,0,0,0,0,0,0,0,0,0,0,0,-1.3475308075499555,-1.4985180647271887,-1.6771334741855857,-1.833835943848992,-1.9215271726840155,-2.0131038533949477,-2.093264165619183,-2.135723597700391,-2.2024563292623625,-2.2447426188060304,-2.2721348760092273,-2.3134957715567626,-2.3449460305126424,-2.359600553529119,-2.37553148280483,-2.3781500893489254,-2.342148749181729,-2.2877753899858577,-2.251263957862847,-2.1032387794889016,-2.0378926758036053,-1.9421685647206366,-1.8820796668912723,-1.844294927619218,-1.7719785133954942,-1.717322367572998,-1.679288789304476,-1.620876897442279,-1.6056753855489516,-1.570531477575829,-1.5564258588037707,-1.536655810518043,-1.4862106246957691,-1.460443869372964
-0.5223478499650216,-0.4450016396721488,-0.2960335410785536,-0.3454628194806601,-0.5369471983512293,-0.470466825376411,0,0,0,0,0,-1.257067806466056,-1.2382376875366485,-1.4584932709033174,-1.573564752274253,-1.6975321910951071,-1.7752294392152326,-1.864308997636867,-1.960371654501347,-2.00841743056383,-2.0735051732978893,-2.1276461807979894,-2.1614366046369176,-2.2059624863664085,-2.225541624572337,-2.257221442043133,-2.274441628058422,-2.280051601952837,-2.2817270294850895,-2.2660213655630588,-2.249016944045564,-2.21193003161605,-2.153045816213684,-2.111728567021907,-2.027517701286859,-1.9883283228972544,-1.937398690360428,-1.888422650339141,-1.8741712637668344,-1.8719471197957258,-1.8346518556784,-1.812877739586327,-1.7737297715178117,-1.7576197853153703,-1.714636476990967,-1.6829393573507305,-1.6646662630199556,-1.6237007642600085,-1.6139410357006287
-0.5161312353340866,-0.5609588798299594,-0.1967795445925235,0.5921602962250485,0.5279677842218163,0.514246879875367,0.5814526053867752,0.6135672937308025,0.7894383417615485,0,-1.3317143251776151,-1.5047466528236786,-1.6418477370388336,-1.775514817064401,-1.8454929947971435,-1.9380262313949908,-1.9808566539665007,-2.0060270275704357,-2.0334119943089224,-2.067380061827695,-2.1166763932308816,-2.1673863933745334,-2.185008458355759,-2.2118607580284855,-2.224178086757166,-2.2236402883114095,-2.2164764553652185,-2.1990589844624857,-2.177548294315353,-2.1433748402498547,-2.131607940399166,-2.0867107854422913,-2.039419560456586,-2.0146086967857437,-1.9795477039654785,-1.9606183509307356,-1.9477401199560358,-1.9251549578841662,-1.9192921576808157,-1.926145519811267,-1.8972004400153593,-1.875974695347181,-1.8494374505021345,-1.8253902303119136,-1.8053699398733851,-1.788739109678361,-1.778652362084011,-1.741432167477409,-1.7137902628112192
-0.691726284982055,-0.8644584621128357,-0.8450330976141642,-0.8821140981524193,-1.0851133954560117,-1.151563437111629,-1.3666424966425472,-1.5344995698571422,-1.631453026101609,-1.7231587723651043,-1.8000760325988527,-1.831781741775437,-1.8978735004725251,-1.9437226888419592,-1.9675746474357527,-2.0126885555152243,-2.0431800009617898,-2.0521293617899654,-2.064255151691752,-2.0908363484152837,-2.114435657128574,-2.135695979503637,-2.1410870941077627,-2.1379936779419237,-2.1353782681337083,-2.122528923384362,-2.113846918696513,-2.110444819236597,-2.0789100467052957,-2.0556387640798235,-2.042927218545072,-2.0208100157290416,-2.0010230240404905,-1.998088531459328,-1.9817379294558486,-1.9686505587310377,-1.965435345450697,-1.9396462839586308,-1.9351096100560699,-1.926146917041574,-1.8992028758153823,-1.8754116258926574,-1.8677347141398108,-1.856011854246341,-1.8191507210759457,-1.810636307918936,-1.7977599059407536,-1.7918808178867724,-1.7695676575626886
-1.155781084290448,-1.2925499542767602,-1.350819730521038,-1.4014560945011334,-1.5777695292605125,-1.6175273769356784,-1.6690655933135365,-1.7702917529016209,-1.7797806593898544,-1.8269412539646466,-1.8499852284711378,-1.881083814029956,-1.9180417600892665,-1.9452379708523708,-1.9620795565032627,-1.9936286820010451,-2.000579507142467,-2.0161428042339256,-2.0409174590391386,-2.0488329546130966,-2.059876775029156,-2.065965484678184,-2.0708058649261285,-2.0632437466200537,-2.067884048830733,-2.0616558101001874,-2.057654287425438,-2.0517653083876968,-2.0258871538114587,-2.0068907041625272,-2.0048911897297317,-1.988053809028173,-1.9855610338857448,-1.9806110754627198,-1.9684367876994475,-1.959608362202885,-1.9578533273648837,-1.931950243641,-1.9224923869473798,-1.92656411163105,-1.892162342874952,-1.878022212616784,-1.883435995723717,-1.873352606981829,-1.8590691570862465,-1.8711515136657841,-1.8809399748382627,-1.8511899297087442,-1.8435663086339524
-1.4163666819385319,-1.5140851079398217,-1.5930888810291663,-1.6095146986567392,-1.6820740394081584,-1.7294262926540227,-1.7439946656934275,-1.7717464595572534,-1.7948065326176945,-1.8154375731120271,-1.8397567507259445,-1.8472560812874825,-1.888272148491402,-1.905543977276655,-1.9223556988936943,-1.9422775196843356,-1.948041765630962,-1.9668034810999329,-1.9747293822214962,-1.9872090795364676,-1.9865989433400773,-1.9852064965364389,-1.9884996295833126,-1.9800575604979225,-1.9806029952325293,-1.982870844336267,-1.9876715480364555,-1.9878330344279167,-1.9825445324325404,-1.9841718930878003,-1.9772353340404476,-1.9677282991593033,-1.9712633155328236,-1.9726894420560153,-1.9666446965158733,-1.9575147572473897,-1.9715100799068404,-1.9645999716219984,-1.9547508618331806,-1.9549834675924245,-1.9383145885095356,-1.9324939417891245,-1.922504598013947,-1.910969750026566,-1.8887107563064989,-1.9039336520131875,-1.9041562818019058,-1.8756228473010177,-1.8717974981291503
-1.5409720889530454,-1.5811396755303695,-1.6289228635713626,-1.6559876411581103,-1.6810206063523632,-1.7028643855826802,-1.7210586403441361,-1.723184445954005,-1.74231082909018,-1.774546137596213,-1.7768298246060799,-1.8009514160696134,-1.8337433727174932,-1.8434420301567354,-1.8552942535263248,-1.8699334758661952,-1.8779427655020566,-1.8745637056341204,-1.8763491057806978,-1.8771518690805375,-1.8965678186360448,-1.9046719283044762,-1.9074228390523096,-1.9258607332016753,-1.9291279666838217,-1.9291035232527531,-1.936629891254494,-1.9396634627923526,-1.9403115671916267,-1.9472462884246244,-1.9446384497720912,-1.9408623692342415,-1.9501668655842805,-1.953293633804554,-1.9483940385493936,-1.9530833298531223,-1.9651489370545085,-1.9563084689205548,-1.9550111834384631,-1.9569864009167897,-1.9476022849620507,-1.9360800594716823,-1.9385291740224586,-1.930575377268449,-1.9183488711609107,-1.9209324984047633,-1.9160163758548907,-1.9002019448057277,-1.891090516186763
-1.5546936872911346,-1.5821636356721056,-1.6001310043507828,-1.6145076005181584,-1.6378981436594402,-1.6607270917270773,-1.6760813386113063,-1.6943493188560252,-1.7010475768237774,-1.7273834649944244,-1.7462851469953955,-1.751065666066631,-1.7726304084431304,-1.776980198521839,-1.7788904859291832,-1.7985160209921869,-1.8045995855192252,-1.807025477813907,-1.8161301378563333,-1.822075360259056,-1.8295388453416788,-1.8421995363795183,-1.8417031631717624,-1.854086822231053,-1.868725293926442,-1.8796746468035692,-1.89148140133793,-1.899360141336166,-1.9055879983976016,-1.9069880765877285,-1.915442558166753,-1.9245092909003931,-1.9384878957772258,-1.9456288042270538,-1.9465887420804933,-1.9485194075151102,-1.9539166485538855,-1.9484180331405674,-1.9457121776900885,-1.9496543217196534,-1.936755547740805,-1.9336355571307442,-1.9320336978502954,-1.9305988801740748,-1.9199840485977375,-1.9339676128354166,-1.922924790117955,-1.8908939634070705,-1.8880948646252969
