jsons/1312614000.json
{"header": {"parameterUnit": "m", "parameterNumber": 3, "dx": 0.1, "dy": 0.5, "parameterNumberName": "Northward wave", "la1": 40.97354507446295, "la2": 16.46031188964855, "parameterCategory": 2, "lo2": 133.9931640625001, "nx": 191, "ny": 50, "refTime": "2011-08-05 8:00:00", "lo1": 114.97908020019554}, "data":
[rows 22 to 43 of 50, columns 100 to 149 of 191]
-7.341653975081714,-7.391713427965551,-7.239700068921431,-7.328279562203713,-7.3586932125499755,-7.305574956708502,-7.240831632424412,-7.230314041005883,-7.087478603519845,-6.9023653951777195,-6.776834711264452,-6.651536021399278,-6.3499440792272885,-6.112995230949542,-5.944663531312289,-5.498297115666014,-5.379287520704948,-5.1821873708035735,-4.850404579524714,-4.647065711558983,-4.483833549426961,-4.15643151711996,-3.899956978562057,-3.648789480113601,-3.386433763833635,-3.191841119789521,-3.0640599167862947,-2.869593011230406,-2.694366554990583,-2.5402330493535668,-2.3364964879577714,-2.159797581014469,-2.0084150751767145,-1.858385351726119,-1.6907995521302006,-1.5925687827781863,-1.4852538907744302,-1.3493573890434754,-1.2279402704658302,-1.128075841451358,-1.0137186534581806,-0.9513181029912389,-0.862187999052768,-0.8410579854250105,-0.8483709304015667,-0.8062512700077357,-0.8300023201374809,-0.8347183495120413,-0.8054900035730327,-0.7481385168055389
-9.155310335694782,-9.442929418827784,-9.269183632249623,-9.37587146468586,-9.356794683051634,-9.166627326043697,-9.04073805102089,-8.923232458386874,-8.585282146620221,-8.388585360951852,-8.238337977150568,-7.951432073927553,-7.617752528189614,-7.22288978050243,-6.9744085772723245,-6.528197885375499,-6.266189238527668,-5.935404523336675,-5.511728266011764,-5.371510209294459,-5.010789314956629,-4.612288118628187,-4.431251254423323,-4.117428948013553,-3.8170094173299893,-3.582855820401079,-3.357437197000639,-3.1698944991261606,-2.968597258486261,-2.7292404877561744,-2.60815264531613,-2.3798083422983725,-2.137035370422609,-2.087336270004841,-1.8757788025082338,-1.6981467733547164,-1.636814880294155,-1.4382523646494456,-1.3299041351920518,-1.2404506823391606,-1.0858391872328972,-1.0224689708493606,-0.9699068921620284,-1.0043454248006092,-1.104322694012232,-1.0986911546970415,-1.134703971608308,-1.1463212228001587,-1.121215762198099,-1.0166765563790467
-9.914650976540825,-10.360212513666388,-10.30930995167849,-10.382670915747795,-10.430466538943529,-10.205119559369342,-10.106247281159828,-10.031597426903437,-9.57385655415371,-9.325625735313368,-9.042782769333751,-8.714115185946618,-8.096180767948445,-7.871054021913522,-7.50908886691639,-7.052429161321627,-6.542666067131419,-6.318947556534606,-5.811014076680813,-5.366817067424294,-5.033505734354949,-4.57422459231773,-4.356342203950504,-4.1542183930462615,-3.913856079583304,-3.7131796431522095,-3.494899625196872,-3.1920460343364687,-2.9041005149056,-2.664141234387896,-2.5064440204548504,-2.345542080800196,-2.1497719905542416,-2.047664976692538,-1.8346929665108016,-1.6893309403243606,-1.5630044501738298,-1.2486720036374228,-1.1488904405020464,-0.9271815659678317,-0.795720093767608,-0.8624771739992239,-0.8932771599792234,-1.2576993633072144,-1.6072315581260963,-1.620147094270215,-1.7119100555693463,-1.645491755895235,-1.5012769671682622,-1.2281349873745413
-9.218948411001149,-9.4517919607753,-9.574559257888115,-9.680471497218358,-9.92777109604334,-9.761073044836527,-9.813198126671555,-10.024866241232301,-9.49025735027362,-9.26199139480323,-9.243430093089325,-8.955874087587407,-8.52008621278194,-8.094867620896437,-7.832807328758563,-7.236819883831354,-6.681398953702949,-6.260991824766461,-5.637007031116038,-5.311263576726571,-4.846229714252998,-4.312741784968271,-4.130925062453651,-3.740737275640788,-3.4083341930415485,-3.247009112542752,-2.9859795327760112,-2.815050569261961,-2.6245238071454007,-2.4479881354635267,-2.3615358409407063,-2.0640837894366153,-1.8773878556509966,-1.7460042123325512,-1.5178211709331468,-1.3988994764992049,-1.2277938271078264,-1.0030939806716697,-0.8726465101107906,-0.6942234152787246,-0.2956278653763147,-0.029109708918558776,-0.3784307287426645,-2.934287759304814,-1.3830967977022066,-0.217532047572301,-1.663193866281975,-1.0351465643862412,-0.9960311780967585,-0.4771544577436622
-7.901045192593631,-7.776201012386682,-8.183905373998655,-8.410071468121508,-8.568371303207826,-8.57646903433722,-8.51785656712028,-8.634358485223835,-8.339700526897534,-8.377863971573769,-8.324939540178017,-8.168123310434305,-7.581033086888612,-7.447441823811497,-7.036189015745288,-6.316060514982527,-5.992697464214612,-5.637687565859362,-4.900869838645041,-4.622942467412878,-4.0697389230661765,-3.644803123332678,-3.262508476285925,-2.979122116543956,-2.50121858305519,-2.3357728215143347,-2.164516242871801,-2.028556862542739,-1.8634753511958004,-1.7834770593170672,-1.7878990530966488,-1.5623761813913026,-1.4377527914749804,-1.3206855296756195,-1.0276143304133147,-0.8120580709900816,-0.6179535218380727,-0.22965611095465063,-0.5917177946786628,-0.7802530882068254,-2.05434185980254,-1.7276159325452294,-0.9565053197504513,-0.6984723304636213,-0.5851645297145467,-0.37248810797043874,-0.35395700215195236,-0.2061783184359949,-0.19690703373011018,-0.1132709508859459
-4.466018100258258,-4.690814862380231,-5.121631409843443,-5.474216796266523,-5.8873681971500105,-6.596748200898734,-7.122684885456326,-7.215384673460657,-7.329448082547925,-7.149508109014761,-7.089641928522379,-6.571977534631755,-5.939058393799593,-5.687742221903445,-5.568036792236085,-4.846987488082612,-4.637322082690087,-4.194638225767092,-3.5193174678929946,-3.127763659510781,-2.8486673206759594,-2.126682454873876,-1.707826096257435,-1.4176772750501911,-1.011670239902831,-0.8749141458247961,-0.8108206915170795,-0.604881924959689,-0.5212275121367542,-0.4402348632984902,-0.4324963204815502,-0.5285460616541223,-0.5567210930925539,-0.7384311243107414,-0.6558855926788766,-0.5794809560721841,-0.5502806535653091,-0.5729190037418407,-0.5877029419650939,-0.5465390782635657,-0.4059715043452835,-0.33271391839389064,-0.2440657666122167,-0.07747441160706092,-0.007728251320174386,0.057810424654231404,0.09349579972812354,0.21702010883334727,0.2802077814093432,0.3480383522067561
0.5598133504443239,0.8816419125748141,0.8904099041285571,1.2826861285589723,1.253886408850647,1.5553449291868997,1.6122189094444797,1.3389860703590115,0.7532309048917343,-5.605239494709487,-4.919166722948342,-2.023800575101834,-0.15821164322184997,-0.19137600209117075,-0.5422188049735898,-0.891784181387548,-1.2652113994634502,-1.1825557168690424,-1.0185121312737688,-0.7319563932154298,-0.6008117577322533,0.03183902671940513,0.38747937194194293,0.5544806647418413,1.0502731528231382,1.2726762835684038,1.4413621818417974,1.6010477740922735,2.1248104899789477,2.1881474941530454,2.0533588795784756,1.241195168339409,-0.04341513278565175,-0.8185437673865747,-0.9236412306671962,-0.6993261278749366,-0.4839409220873654,-0.05336731315870177,0.11643930907203372,0.21486582366074897,0.36222043897927714,0.4310498643914843,0.5088945949021824,0.6045645673722487,0.6680700251925863,0.7130945454444506,0.7472505691156309,0.8722477777915951,0.8661434837781052,0.891125325867547
4.581827223041291,4.846763594886518,5.407028293173415,5.586128718351128,5.608293682863507,5.980811466994703,6.183930556627041,5.6912405893826845,6.151049713111287,-4.298200172471592,0.3057528254451398,4.232368713160592,5.643735530481665,5.359454375450201,5.182358635270991,4.690857033461949,4.561864109940187,4.337073345548354,3.951320284415239,3.761919313686541,3.7160713859002876,3.104840840295146,2.9850828425633247,2.9366481754625657,2.8365913016587645,2.9955681562624026,3.2347519259346216,2.847664997564679,-5.020105362142851,-2.992574730954846,-1.430863190099556,0.06683686318176596,0.4428219532264327,0.6732134661504703,0.9991410274049336,1.0811022171563018,1.3240360796235975,1.39125138527562,1.418312234171394,1.4281601974505362,1.5448472643195812,1.6016356376509875,1.5791409592202275,1.6033206508261229,1.639110287815682,1.5980347225116163,1.6020538302730496,1.6274066825182025,1.631052888198182,1.6836033969813473
5.3086182133064534,5.450188489864673,5.8124967800595835,6.043923549204032,6.132543027693817,6.393814444936403,6.45826818463203,6.459576585358955,5.232690814530587,-2.2026980012026973,2.080286321076142,4.955410641426688,6.289131469410497,6.197372426190119,6.118945353719866,5.8847773438533615,5.817152322588903,5.766127086548456,5.58309947745516,5.5737311833991665,5.585963553141518,5.325063418004836,5.281895151556999,5.073436292715199,4.710565189335811,4.4663513151179,4.1868072828743115,3.9633627737326185,3.5555156682774878,3.3866392823921028,3.2931561150898974,3.0898919606955326,3.026337322592912,3.013804610614985,2.9430230262346964,2.867238497710603,2.744574914030416,2.810676220695868,2.666621220675364,2.5906136515570104,2.5395951236624965,2.5558646540886993,2.4963942372168098,2.4179975636057534,2.3844655144092486,2.341144425016946,2.3223276177209136,2.263322274457186,2.2545279237694866,2.219998232635518
4.9706253187692715,5.049087157590227,5.450376204451801,5.655507076381893,5.701262048381816,6.001291564040664,6.062046922623973,6.103462030747608,6.224514821325891,5.727335615206873,4.743968493539864,2.977516375489351,5.997418621288311,5.984282601365086,6.161963996504819,6.145161459493865,6.140390165152931,6.091010338624378,5.974948978789006,5.8831034156624975,5.819389746217571,5.742084167129429,5.701885632068615,5.69456512192684,5.654564898624819,5.574702026430677,5.480209637636984,5.340691119730277,5.141184612032137,4.940108429530314,4.794168586732558,4.576018269092965,4.404622667162843,4.211285385723651,4.156426873351858,3.9695345453436683,3.875645541272637,3.7191280252219276,3.623517453613809,3.523100888202774,3.374016971514158,3.356012290395432,3.2093529794919693,3.117711283888646,3.1094616558541417,2.9846113718498866,2.9572513469454993,2.899989927890564,2.8101135773339467,2.7581829074920368
4.196883988190221,4.346038218166585,4.89671115811702,4.46730870340891,3.4069531547698237,4.569238031956107,4.8481914006155655,5.149373177400064,5.430887030907615,5.50860861476843,5.6130589350672535,5.648734222510612,5.2956927273906516,4.031671230892899,-1.6128289306773238,3.409693763667556,5.177271142795204,5.517715659262014,5.577851220981834,5.566762724258041,5.521740317263814,5.496193181665034,5.502195780959934,5.521843348629956,5.4619596404037205,5.398039342730045,5.414906746399643,5.349638596780148,5.228933908123725,5.122106096257707,5.009040930105439,4.878384339857934,4.726264374050495,4.663807997420955,4.546560785933708,4.384692891060937,4.272270046802698,4.175391449946339,4.055032614274268,3.944419258860438,3.8178213651124717,3.686467994544526,3.6397331301180613,3.5572965504819134,3.4779123721624368,3.426124719430765,3.3998456353128135,3.2915045489749,3.2318852875640345,3.2174061415058635
3.587668022217808,3.7817394235197597,4.413054662827003,4.56827398259321,4.567662914481912,4.547484399498675,4.622663261408189,4.718148966354184,4.923025578271338,4.945036615323311,4.995877297792276,5.030788833917237,5.113025738330749,5.162931494334969,5.180258147445525,4.902760482284172,4.465386777103095,1.9452570779316525,-5.0137649652182725,3.620515513850533,3.8114788319722335,4.628312503163074,4.875163628151705,4.935808172929381,5.024892039382066,5.046963672254075,4.9868657745016485,4.932719349914834,4.870303197462056,4.7611322974813275,4.730844408486824,4.624722006259923,4.564296140545065,4.504295173168784,4.397695179987334,4.340273234592466,4.252851394502083,4.180418326167504,4.132340052891396,4.008419181449208,3.9470285068024697,3.888487510866155,3.7767746817634054,3.7268171583127354,3.6842167441207776,3.594139099523615,3.568159575751737,3.534792697095554,3.471365719553092,3.4361500946930734
3.0975630038153383,3.2993156692825405,3.5686666626345254,3.6911961325422826,3.7942579487855452,3.9973600664536213,4.149739340217707,4.186147504419033,4.384694434756818,4.489544880605764,4.519386807842602,4.570442997050649,4.6640114174913,4.680174897118077,4.709044648654552,4.746757393638737,4.774622871452766,4.791799766108057,4.818909260162984,4.853307571406793,4.7161151959116605,4.11437005098347,2.8404870651761107,-0.8896648978846939,1.1527599114424298,2.3877692202798193,3.455459875348295,4.166103648726171,4.461229251994561,4.569951074894488,4.526700848351608,4.498513815283693,4.429775048523068,4.404168468125683,4.35507656703764,4.271104613943079,4.227338512664073,4.191101801017853,4.139829832077932,4.040868074681553,4.004032057192464,3.9463418414043985,3.847179903573338,3.824347992400554,3.7830298291886697,3.7260672549719374,3.7016988625716043,3.6610423862678494,3.5895731931181984,3.553190809928011
2.670303605682421,2.8082300808326317,3.024293967953594,3.1239546948734613,3.2123773671775053,3.4293001830217333,3.500353754421375,3.598579042318615,3.7784604545759537,3.838175049567006,3.911808234050767,3.934424936691174,4.075871657135566,4.1306691077516415,4.1478142663502435,4.2622710082742525,4.317888199809054,4.333279037191971,4.341481441598926,4.351343620590127,4.370360829635411,4.40530680141387,4.406812023820463,4.40443470938351,4.368418009374352,4.123059261703136,2.9918197668438915,1.3109313609396367,-1.87420294392476,0.10617190470093917,-0.681107585297965,4.270201558755242,4.0637919348556935,4.047657610259467,4.158144515548523,4.113878005873301,4.083363045109559,4.036540200251142,4.010622028860616,3.9613477396756487,3.910322117938789,3.867845013423148,3.8319207988340054,3.797763922705592,3.751026132440158,3.7086834734287297,3.6835375488482605,3.648468394494136,3.579261582480748,3.5737219160313023
2.2392696795736646,2.350865417557522,2.500701446029483,2.614303269783988,2.6983744512651544,2.894183579888992,2.9953663889719206,3.108624150588736,3.2143495115899463,3.308212497810667,3.412341343125549,3.4366483428440664,3.578859556367174,3.60479996256957,3.6655510083898095,3.793351389837252,3.8031499825234034,3.8485565116628337,3.90344858998902,3.9459203355575707,3.931487658603144,3.9949226110958893,4.04487004341092,4.077051640868354,4.102117811342956,4.111203793211272,4.076501720533541,4.106390006857224,4.010787131308082,3.895029850942384,3.8527763922885754,2.7190858894998873,3.148201036939513,3.880980870491081,-2.9889363472707142,-3.8714316251244782,-2.6701642993680488,1.2922371597271618,-3.5360188210029677,-1.9960213492109857,-3.4237174148092575,-3.0383501520613447,-1.15844091483467,2.937363484912624,3.6500340650816554,3.4010215518861115,3.297935724662671,3.5640730760631545,3.393719944471426,3.5490218369473636
1.8936533731954948,2.0269898723203523,2.164955946890548,2.244583104449029,2.3203504201793104,2.5089542154401356,2.549438134156091,2.633562760759936,2.722751951551041,2.8298283202554417,2.900404234497192,2.9690486930351967,3.0990397427828946,3.1436422081885866,3.2222358898738714,3.284767487583236,3.35566268892242,3.3845700047352145,3.453142634393622,3.520029367294681,3.544909950880303,3.629651251266033,3.66061825640528,3.661299875193708,3.6790349600045835,3.6955114710212476,3.7076669146906314,3.719044722923694,3.7547512437877413,3.736280049052331,3.72706426558467,3.7141980226880857,3.70668779775413,3.705062213777993,3.690166619767807,3.5352256303793363,3.516340627218613,3.550558308440941,3.5381372131899225,3.557135275054447,3.494217247894393,2.9189448880616458,2.1193132033073776,-2.53054259285148,-3.172878866056018,-0.3127211380791358,-1.294633791146091,-3.1085514513699732,-1.80013316187488,0.8992273702346358
1.664583905475716,1.7477863203347077,1.903769282501039,1.957215614231392,2.022182335945132,2.104608838822008,2.1896805547031746,2.253814590244333,2.4420624220926617,2.4854892401601125,2.532608801696952,2.6252916414770255,2.6954265411755256,2.7514852182142264,2.8136617811786384,2.902109764858713,2.9596738427565574,2.986766992186098,3.0604624315194484,3.1097436058029158,3.1789031844366287,3.255211306738402,3.289532397450927,3.2738660156159085,3.339122614096381,3.3668826231836952,3.334861325348479,3.335972850073641,3.3912608399105526,3.401051279136646,3.3934543983325702,3.412390928020966,3.3879577892213186,3.3925356046605137,3.4041224988314833,3.3900864458645037,3.389981508323967,3.38785261583338,3.3775505219619593,3.353105168169378,3.3495549373710825,3.347908073985035,3.3250181964242325,3.2176784724850664,3.2781639659948656,3.2829516873057827,3.154105698192648,2.876148331472075,2.835049517114568,2.827890950307732
1.377501303756221,1.4290443219392528,1.58253181446766,1.6480567988920451,1.6995377005328365,1.7886420730855361,1.8225873422526817,1.9311424786318523,2.080514900521634,2.168682704506891,2.207502912812021,2.2553709476232977,2.369100729791825,2.4438928561283713,2.494634427151202,2.5623837569754815,2.604696148419674,2.6442093523630055,2.7396884337869873,2.7749106257608696,2.8070551164661803,2.9024832105386786,2.903540698929136,2.935252474576605,3.023010007029753,3.0594825835106887,3.0447233072790225,3.0543278152130955,3.0983683349808935,3.1086017568224587,3.1200329472987627,3.1276478429817347,3.11833172776674,3.1328946015868504,3.1586323380519823,3.1451973128075488,3.1429786233337476,3.149091494817042,3.148752221740812,3.1024060304784147,3.09956094169045,3.117801577043561,3.122234752355357,3.1242281814086503,3.106568184746158,3.083554035127934,3.092145761729016,3.0805483623153513,3.0488510413743195,3.017532101740163
1.116999396445049,1.22643152234496,1.3614445957550323,1.4126896048591235,1.4298428610528005,1.5769565595462858,1.6482117337879474,1.741927618680017,1.8178932441937878,1.8683296265867129,1.947421410513923,1.9865601917322098,2.053114829701395,2.1442557224376855,2.2135197890893306,2.2996722811942116,2.3552724393111797,2.413607729540621,2.461288653822867,2.483307209416191,2.5457702429249998,2.602722627369906,2.6273946551792355,2.6443325112734106,2.766581087108743,2.7929725433794705,2.786700279363503,2.79341614203494,2.8411539093075286,2.825023670019013,2.8283068225097523,2.8830247710786723,2.8856906316211033,2.8868410403641662,2.8988738390127606,2.9093592343893393,2.904265704658649,2.919649837985606,2.9158789015878854,2.888488621151485,2.9229162128210415,2.9249447222526976,2.9138708292723488,2.8823746773002417,2.8766069111106876,2.8435027853378814,2.836336671819379,2.8269853025774587,2.795797292639163,2.7511988087479637
0.9480652299453234,0.9661053898847841,1.099962796627611,1.1727490762455,1.214464899146587,1.3169161733064005,1.3832238604296163,1.4362925621738805,1.5373338868049318,1.6131558470740905,1.629302876601277,1.6650943027084977,1.8066862896453533,1.84646470493089,1.8804359135633928,1.99104290993279,2.0494429357080803,2.0813713871945416,2.17693953598609,2.251345089406046,2.3010777733315404,2.3226083164855624,2.3836191745907667,2.418121787864986,2.4469127141516465,2.4739031447386663,2.5047845506383575,2.5321706961201866,2.576307632703069,2.585428562450373,2.6179621149094014,2.6468694337589262,2.6407603123258596,2.62313086575269,2.6457714617217216,2.6183619934380884,2.6184019983062377,2.6177380320964443,2.593709483288372,2.5609773176241197,2.5648878063014333,2.5728023546791214,2.563358672723845,2.5526209928096657,2.51785202787152,2.4487406078257528,2.3774509814528777,2.3972743049772562,0,0
0.7385697311984237,0.8126406070477838,0.9002181412909118,0.9479959886306354,1.022467315940921,1.0982677103544234,1.1411689787824983,1.218480647217797,1.2711957329062138,1.306348479022529,1.3725696321981014,1.411820326902327,1.4852794475285649,1.541418971263819,1.6148122110262322,1.675176311676405,1.734011076612173,1.8219599785030667,1.8865865950180245,1.9158180371994005,1.9614927684972654,2.0194106341348936,2.05908235733085,2.0810461120761,2.1525410154799496,2.171746471322674,2.1831689692882605,2.232798899603305,2.2750018541038517,2.2706424051718668,2.2920388347686074,2.32719420250063,2.3092568901494936,2.313526604992119,2.3277868703456512,2.340247832527741,2.359787304704896,2.3396273822578366,2.3063639133941125,2.2548928667100627,2.2476925128540532,2.2265006319743414,-2.5884628217110688e+38,0,0,0,0,0,0,0
0.5603852492374716,0.617306162182615,0.7271528300845863,0.7691448364319892,0.7980372359922638,0.8962293350928012,0.9197130158833872,0.9473676958391496,1.0347910978403723,1.066138223350423,1.128878795544515,1.1801459392364873,1.2911140852258416,1.2983097448220384,1.342551829956295,1.4028507069024496,1.4587281628774005,1.4962523473438742,1.5958769852984165,1.6355059662948106,1.6499729513266068,1.7108761150738825,1.7228340150026193,1.742659665981487,1.8293841956217198,1.852221499957097,1.8773526968088536,1.8931652747242589,1.9463998662588478,1.9462826724512752,1.952381315404812,1.9512214669737955,1.9469281951192436,1.9401440134956978,1.895722867366599,1.8380785759300742,1.8348474854708594,0.6839623491619607,0,0,0,0,0,0,0,0,0,0,0,0
