jsons/1312603200.json
{"header": {"parameterUnit": "m", "parameterNumber": 3, "dx": 0.1, "dy": 0.5, "parameterNumberName": "Northward wave", "la1": 40.97354507446295, "la2": 16.46031188964855, "parameterCategory": 2, "lo2": 133.9931640625001, "nx": 191, "ny": 50, "refTime": "2011-08-05 8:00:00", "lo1": 114.97908020019554}, "data":
[rows 0 to 21 of 50, columns 50 to 99 of 191]
0,0,0,0,0,0,0,0,0,0,0,0,0,0,0,0,0,0,0,0,0,0,0,0,0,0,0,0,0,0,0,0,0,0,0,0,0,0,0,0,0,0,0,0,0,0,0,0,0,0
0,0,0,0,0,0,0,-0.0011596329636313638,-0.0003776418571528526,-5.963318192312564e-06,0.000265010081515345,0.0006723092805456727,0.0006645982659269676,0.0007205536932913998,0.0006490508384440927,0.0005894577666064334,0.0003622663698823836,4.2381203538503326e-05,-0.00038759259062363943,-0.0005870978388888481,-0.0009762344752806676,-0.00044957151972554635,0.0002706167675595826,0,0,0,0,0,0,0,0,0,0,0,0,0,0,0,0,0,0,0,0,0,0,0,0,0,0,0
-0.020371175147843083,-0.016695626569986934,-0.014364429796668361,-0.010075387291771501,-0.008264995473947856,-0.006454090216182439,-0.003964745278485749,-0.003424826418416663,-0.0016281081561714914,-0.0007442359676039341,-0.00013062657594556574,0.0005072102980656384,0.0006030535444366942,0.000618214548945346,0.0002513287387288775,-2.4998982433426352e-05,-0.0013949534754571329,-0.0013571176760864814,-0.000322478026037986,0,0,0,0,0,0,0,0,0,0,0,0,0,0,0,0,0,0,0,0,0,0,0,0,0,0,0,0,0,0,0
-0.036949149297357264,-0.03477662324051475,-0.03298539075594013,-0.028740001681276533,-0.02449069840057281,-0.022501650546749984,-0.015466746313711158,-0.012045400365573658,-0.009104591870813377,-0.005307872187334981,-0.0023462774685366027,0.00017812041329933267,0.0002777556865295093,0.00042096950022336397,-0.0007764413013769824,-0.0011303840254270334,-0.0009354755621196097,0,0,0,0,0,0,0,0,1.3062921623530931e+38,-0.059068969110343886,-0.05658926732176617,-0.05458951136928213,-0.05087869375166691,-0.04646852026902518,-0.039604243615965984,-0.03725121615252753,-0.031105923101084752,-0.026276503770827356,-0.024376294796370015,-0.018212655322654533,-0.016579121718265775,-0.012988938196166101,-0.009059074992763157,-0.006052772946928529,-0.00458116516589125,-0.0020860891569645258,0.0027344498757841842,0.005246459174085608,0.007431240852693872,0.012297807199917207,0.013055879746136605,0.013996340662423312,0.01573501065998513
-0.046959793969801454,-0.046812233503911525,-0.04774591288384892,-0.04983484813380242,-0.04857133102004341,-0.04920245311856335,-0.04985491124302395,-0.05048474941681641,-0.04749523345942468,-0.03078280646568839,-0.02493858202271007,-0.00408116110556145,-0.012323521572305847,-0.010279187399570303,-0.013006656333556592,-0.03198271321028372,-0.08189905994663282,-0.09279173351118526,-0.0751417831182868,0.03905637732014076,-0.08892926579780805,-0.08877517966291776,-0.09133966022800669,-0.09261263612530837,-0.08732161996183986,-0.08742124288546403,-0.08500017169588256,-0.08224859177804018,-0.07917762305533307,-0.07845490844473976,-0.07259937657843686,-0.06898136730193358,-0.062189666194478015,-0.055190884615273904,-0.0498358571104967,-0.043055072809787834,-0.03452360981076535,-0.029794532743201887,-0.025781741321665694,-0.019470342922439605,-0.016231242283109987,-0.013613868862448591,-0.00983888473964698,-0.005445849588580151,-0.0009453527607644227,0.000874230430485724,0.01036432270806192,0.013565944508210038,0.015611177787528897,0.022277529793781035
-0.045097283176872636,-0.04520122201037594,-0.04671914695921262,-0.049063199930334374,-0.05045857076361841,-0.052270455051691464,-0.055867816726254176,-0.05830800818855267,-0.05893081105618557,-0.06381088563412769,-0.0669160762200187,-0.06853977677991417,-0.07639002650098954,-0.08072854885428223,-0.08095016925016886,-0.08812013107476212,-0.09638729916651971,-0.09932126281248115,-0.0960608873265498,-0.10735455450035103,-0.10267393679546642,-0.10569362252509207,-0.11145016710111846,-0.11137757059125591,-0.10898135830793836,-0.11094043934069248,-0.11074861657040065,-0.10859560610844557,-0.10940356322233927,-0.10997293199808998,-0.10419649341000542,-0.10252212911828236,-0.097246088204541,-0.09291523398975594,-0.08881365849245866,-0.0807371248086259,-0.06756356902780566,-0.059316453608616405,-0.05297299054647649,-0.03968215123047332,-0.03363527396653072,-0.02825595419892187,-0.02280822522903588,-0.016415009105599752,-0.011110732239337891,-0.005675514202395065,0.012792009773170776,0.01928506528917545,0.02306085151633553,0.033696483828487285
-0.032114986651103475,-0.03345138744751685,-0.0345763107770282,-0.03659791410597729,-0.038768236570176653,-0.039692578401327824,-0.04249570935350992,-0.045049634164036435,-0.04700577796754448,-0.050599012680508974,-0.05374875772864851,-0.0569114778489414,-0.06413228586602987,-0.06688797979159851,-0.07276736068469375,-0.07842992282092164,-0.08779016732212823,-0.09346429446698645,-0.10046095094971323,-0.11875254556846486,-0.1132601954612857,-0.12261591738887127,-0.13918277610850366,-0.13944878184067191,-0.12622753073087173,-0.13882787896138682,-0.1389512795373331,-0.1329809053034068,-0.13536609622097504,-0.13600213364397024,-0.1303772222456528,-0.13185940244283398,-0.12997107561443283,-0.12652703038581442,-0.12224458775576964,-0.11750697460348758,-0.11102642679537374,-0.10772589235349261,-0.09746214464805601,-0.08709867806979682,-0.08246447533606631,-0.07359751782568674,-0.06814478247875029,-0.058076392698306695,-0.04725956113889442,-0.041846588983429404,-0.027750666293318252,-0.022086538556056957,-0.014002028740245387,-0.0063155586883572425
-0.00896755285677503,1.741859169090984e+38,0,0,0,0,0,0,0,0,0,0,0,0,0,0,-0.05289220435339223,-0.04074571417885441,-0.047235556983480226,1.6117048442019814e+38,0,0,0,-0.0868508771248272,-0.12760475287009032,-0.1801386241099392,-0.18045946426235407,-0.16242148227709838,-0.16379784235572972,-0.16191305111526405,-0.15588773176185158,-0.16132123130635456,-0.16074986452088771,-0.15659991638616205,-0.1555738424679438,-0.15659568453064815,-0.1533638054071921,-0.15114345643706809,-0.14619125232315394,-0.13719233829857383,-0.1335736901624829,-0.12469207102263037,-0.12017511197289259,-0.10831563189287637,-0.1022972621052096,-0.09878160154119667,-0.09780666812480152,-0.0947983957556613,-0.09516844873858399,-0.09657766317545294
0,0,0,0,0,0,0,0,0,0,0,0,0,0,0,0,0,0,0,0,0,1.8968339710776417e+38,1.7365200629297225e+38,0,0,0,-0.1861760879390121,-0.18842615553093675,-0.1919573328289013,-0.19662123207166304,-0.18861923909545325,-0.19544377949647446,-0.1936257718717559,-0.18941924561541076,-0.19152761200746352,-0.19201551169948816,-0.1882093030008245,-0.1906648679817161,-0.18838347495789023,-0.18743258906313964,-0.18234518736295113,-0.17435912365212078,-0.16893809693617656,-0.1630628755162951,-0.15043752505430097,-0.1446105170664356,-0.13858904941675765,-0.13214455647725518,-0.12814946196426427,-0.13130765287401128
0,0,0,0,0,0,0,0,0.05623240949018014,-0.19367650160411118,-0.1984706549776325,-0.19825597294655398,-0.2133697338506534,-0.2127492510601701,-0.21647981181806636,-0.21420694332300821,-0.21712253230817172,-0.2157020812651879,-0.21726594084382575,-0.2165948314945088,-0.21814097934935547,-0.21824731916381596,-0.2205980701291392,-0.22262807074175572,-0.22431451316320988,-0.2280654837588366,-0.22828290200658544,-0.2286726060499304,-0.23184907496338616,-0.23227980387715405,-0.22938679463441217,-0.2328394447793122,-0.2333431860038765,-0.23047749036712536,-0.2304499814104169,-0.2367975251008184,-0.23974296746499216,-0.23923535218432235,-0.24213633880613714,-0.2387262763424661,-0.2368934163568825,-0.2343666173059186,-0.22971508586064468,-0.23038288560250839,-0.22150836079352337,-0.21312500768990322,-0.20739182508669113,-0.19883956554705431,-0.1932225421214062,-0.19220340534296043
0,0,-0.21294842647926013,-0.22628777578510526,-0.22459578450577217,-0.22811715454968465,-0.24574527683365407,-0.2514763777876048,-0.25146155482064864,-0.26065574950150944,-0.26207824262622975,-0.2638369374553031,-0.269425094947852,-0.2710267352580935,-0.26995822186415286,-0.26881671693408665,-0.27358320326940994,-0.2742220549757456,-0.274627130728643,-0.27743843980541744,-0.2797458176616478,-0.2814892342301326,-0.2863138673865825,-0.28797695486424024,-0.28637901409728206,-0.289053601048573,-0.2905269507603926,-0.29269793600305216,-0.29529374240397266,-0.2960326395942847,-0.2932291096591696,-0.29568535293099035,-0.2982047687253803,-0.2928653592430429,-0.29651176228597587,-0.30396514998092505,-0.29726667654306516,-0.29520330301028846,-0.30427686536676757,-0.2998184562539888,-0.30108185260391684,-0.30068218310892436,-0.2968780469887283,-0.29737432784149975,-0.29459302966882156,-0.2927341604055216,-0.28938100670315664,-0.2732789685733283,-0.2651535197173412,-0.26818418836695274
-0.2621022107284913,-0.2670006057111036,-0.2710739279825588,-0.28220635671159633,-0.28148766638877104,-0.28464212863995847,-0.292126471085476,-0.2959440681789069,-0.2997476972572906,-0.3082565819970204,-0.31703037848870846,-0.3188360096365844,-0.32807504702581813,-0.3293910523057581,-0.3305153272746817,-0.33388732892914386,-0.3368619904914611,-0.33963866696656697,-0.34391492090716547,-0.3521015411290324,-0.3537149857622108,-0.3568369146753901,-0.3675279743489608,-0.3709698765403178,-0.3679386107288295,-0.3697134213887848,-0.3703182479905156,-0.3723766689624991,-0.37792758817597977,-0.3832693633468976,-0.3783120898785238,-0.388360417562015,-0.38884248960496826,-0.3881021111450397,-0.3864071508240974,-0.39454589042868227,-0.38898370846338337,-0.38611274707870624,-0.3928506541571377,-0.38137206400966056,-0.38261876552373103,-0.3908819997097042,-0.38609714217738855,-0.3782800784139115,-0.37493353344503505,-0.3757988287979437,-0.37526553819163455,-0.36875952907645165,-0.3700469990959103,-0.368252487416752
-0.2736375188195999,-0.2815983266541366,-0.28683378611446414,-0.30079460342309594,-0.3047883416163383,-0.31363381259878437,-0.32441728145195464,-0.33400836787945015,-0.3392038236506525,-0.3522778738485062,-0.3610699668940015,-0.36599453169669605,-0.3811471176168992,-0.3885470868343532,-0.3928846067786517,-0.39485675863740355,-0.4108625199020914,-0.40868270899781156,-0.4165226182510601,-0.4323684281463561,-0.4352195431989331,-0.44261867157337853,-0.4537803640402544,-0.46444884493458166,-0.4504756711595138,-0.46513127044556846,-0.4669852511054551,-0.47104841535661895,-0.47586857938060667,-0.47653773437251756,-0.4729331463864132,-0.4783729046956116,-0.47909544568723,-0.48628600759237706,-0.48546750515400844,-0.48480598467420727,-0.48998005513097365,-0.4854386729182976,-0.5002649463318412,-0.4813955590339602,-0.4851642279982502,-0.4975835577169667,-0.4977030225553576,-0.49340015188969166,-0.5056830130371304,-0.5046537214076325,-0.49920958766982465,-0.49188721666514557,-0.4836636232892689,-0.476609753133813
-0.19750569258632103,-0.22805719504250768,-0.25897376692855095,-0.28832598267785986,-0.29776173081427393,-0.3059305544027622,-0.3250633146803254,-0.3346552545704308,-0.3463794225203349,-0.3652465677484452,-0.376145012035428,-0.3862137469824373,-0.41209334087457755,-0.41992544272843063,-0.4280565404923314,-0.44174763372040743,-0.46853320797832715,-0.4782381292363464,-0.48987014824869735,-0.5091644820087435,-0.510931206978536,-0.5157188516395144,-0.5350980100841695,-0.5421449134960923,-0.5497876979279681,-0.5656107409480323,-0.5657488990923671,-0.5581518550180802,-0.5809056231798166,-0.5881239388739122,-0.6014486164821556,-0.6261914389431866,-0.624389474294078,-0.623892440478549,-0.6272951927632286,-0.6362427006054479,-0.6353912155642211,-0.6412222628000127,-0.6517944217575115,-0.6431740672350582,-0.6315469413875637,-0.6497435544208904,-0.6415184310320587,-0.6326049342421135,-0.6462925068575122,-0.6365208688608206,-0.6272492515131334,-0.6273904949373926,-0.6262932745843008,-0.6161116678453855
0,0,0,0,0,-0.2558352747110739,-0.28758544515828643,-0.30381068706837244,-0.3222068632168593,-0.34460699742617845,-0.3595198980764267,-0.378344963648744,-0.40663664274009004,-0.4268072480871084,-0.4442669463870189,-0.46283107660384804,-0.49719676378454297,-0.5186202900054225,-0.5379055080800286,-0.58055596090253,-0.5896184788686623,-0.6210181154672572,-0.6494679557325749,-0.6632405005673913,-0.6751680176755347,-0.6979166562870476,-0.7132715654424153,-0.7179349813946913,-0.7374865094105302,-0.7466886924903193,-0.7441918775096035,-0.7614459360600674,-0.7623412711497443,-0.7713536630640634,-0.7797309302842979,-0.7982163430909092,-0.7966041805205906,-0.795815515123682,-0.7996857238433291,-0.8033539427409575,-0.8122316682653693,-0.8257916418617242,-0.8248085089272694,-0.8107658143232019,-0.8238165205354037,-0.829142967357739,-0.8121453495356137,-0.8197494277369332,-0.8154600894789393,-0.7892142428218437
0,0,0,0,0,0,0,-0.2270707156555263,-0.24012467443851473,-0.26238276116654796,-0.28254201005978574,-0.32501846568084514,-0.38139610362563203,-0.41390513667300155,-0.45375312672532153,-0.4797015233308378,-0.5128690295309427,-0.5398223197897322,-0.568435981098167,-0.6089623711337109,-0.6350529562508019,-0.6553136595708794,-0.7009216391317775,-0.7309143968339473,-0.7488135373361187,-0.7862958034805981,-0.7989313631643877,-0.8119456167202694,-0.8537444355231538,-0.8641873165826512,-0.8793441292432271,-0.9076346136352257,-0.9216081960321924,-0.9261564096837566,-0.9392789580045656,-0.9638986023137465,-0.9675391837403527,-0.9706758633207618,-0.9808366104579045,-0.9828200479492717,-0.9860181160936319,-1.0114545688364711,-1.0199107588285197,-1.013073054583626,-1.0289310509863328,-1.0455094814048755,-1.0242499225661248,-1.03387378160481,-1.0392133306476805,-1.0056074559291606
0,0,0,0,0,0,0,0,0,0,0,-0.195708161084307,-0.21464048374799816,-0.30372201135919347,-0.38603772856895135,-0.42892374024022467,-0.4850395233045568,-0.5338647280061926,-0.5690075365577637,-0.6195519523275104,-0.6549043255096462,-0.6825264090995679,-0.7433109220384052,-0.7751835878983985,-0.8141486880641045,-0.8777103011326001,-0.9137345695200529,-0.9356328055492477,-0.9736610262837749,-0.9899377474384043,-1.006991308874543,-1.0561645263473942,-1.0666986006208234,-1.0829259592499079,-1.094594064318382,-1.1350208248327454,-1.1402573940470833,-1.1539986177720294,-1.2062960497440662,-1.221975297951144,-1.2427487520576574,-1.3019876475086694,-1.3469175670907227,-1.3252768815784053,-1.3656146035655379,-1.370793150268314,-1.3683951039779,-1.3848213102008657,-1.3918014494482234,-1.3856407363898608
0,0,0,0,0,0,0,0,0,0,0,0,0,-0.20245591303825008,-0.33792174861948704,-0.38082307887962463,-0.4872959821546928,-0.5644246507229057,-0.6078354010174062,-0.6912615629647878,-0.7370906949922034,-0.7650527269594027,-0.8258773533184085,-0.8594941647102123,-0.9103004123834733,-0.9990295169235104,-1.0294362548405316,-1.0558967347695514,-1.1173894480238789,-1.1389237078617116,-1.1684518800837438,-1.261371022805278,-1.3275477345034603,-1.3615745432843946,-1.4047218014052205,-1.4656693419652047,-1.469382469210834,-1.489637913802027,-1.5353228411245927,-1.5295134028557034,-1.5580201285984758,-1.5985815199977638,-1.614424955852854,-1.6116946972454573,-1.6558406135465469,-1.6443161513920814,-1.6718008006668135,-1.6773879339624886,-1.6628306398386006,-1.6385600612671354
0,0,0,0,0.066525261950372,0,0,0,-0.13724836875659965,0,0,0,0,0,0,0,0,0,0,-0.6382622567700836,-0.7374191259248616,-0.8593156521846785,-1.029448662158785,-1.1602456249043323,-1.2355697010804798,-1.3703298287053767,-1.4199998993683778,-1.4354393420256624,-1.5345203752765437,-1.579753005862469,-1.614407583814604,-1.6733109849214083,-1.6916155532574113,-1.6956892597689024,-1.715179882607131,-1.7705007351571755,-1.7747552384084746,-1.7849634390758002,-1.853137062369483,-1.945955102134049,-1.96382286792521,-2.041794585843708,-2.0742156734770716,-2.080843810828644,-2.1360390810784073,-2.1339769964381,-2.1513138422839213,-2.232809744698082,-2.2298715319026403,-2.1982856648464186
0,0,0,0,0,0,0,0,0,0,0,0,0,0,0,1.566253458790463e+38,-0.12416490095780097,-0.3131531121519806,-0.34052917722678994,-0.29691316507020804,-0.29955842895323437,-0.4360230153375507,-0.8307212486106532,-1.13189351756485,-1.455149333595783,-1.6635593836625857,-1.7363970216520008,-1.7733185497595512,-1.8783623533099694,-1.9148594403607468,-2.0249656898175012,-2.1395783488244295,-2.1936612449734283,-2.265906887937349,-2.289167172003459,-2.3397654566806017,-2.3640211547890577,-2.443338978398311,-2.474582828639162,-2.464964265984835,-2.5502885530010326,-2.7012436936738986,-2.7279936948831494,-2.7335682825003116,-2.8019556179225114,-2.8389395728630187,-2.811155181679792,-2.847795170541982,-2.850102099135892,-2.842927912799241
0,0,0,0,0,0,0,0,0,0,0,0,0,0,0,0,0,0,0,0,-0.4221652301777253,-0.5978591301392681,-0.9337881755328397,-1.1761445391143313,-1.3665630032043583,-1.728497790669456,-1.9705189169472361,-2.2848271143219385,-2.429956536518299,-2.62366549485077,-2.6647472622742825,-2.7426449522851897,-2.8012810556556116,-2.817807896059212,-2.872118449258443,-3.0616637961014845,-3.071242133878806,-3.1257479818333542,-3.1892142936599805,-3.201132461850465,-3.2466356258471962,-3.320217676541292,-3.364689510588794,-3.3735854675489496,-3.431024462575972,-3.454693166331933,-3.488512464310318,-3.6200535942770546,-3.6266394539301814,-3.6202985797929035
0,0,0,0,0,0,0,0,0,0,-0.3833075738751023,-0.40596173895639553,-0.40364998038241806,-0.42835368666509127,-0.4877615040365935,-0.48442369827202825,-0.49917315653840827,-0.5447380861940685,-0.6086228035750505,-0.7201919165160623,-0.9404340178573493,-1.038555321133953,-1.080249581560427,0.1488280797692945,-1.2006444097205358,-2.5937965532785388,-2.572925517216152,-2.5691521749030515,-2.8151013367577336,-2.853449068877367,-2.9248350827194067,-3.2558649004638176,-3.406482784826102,-3.4624778789898456,-3.5395972031854193,-3.664471456005401,-3.7197219225187466,-3.869787746879817,-4.075936799320671,-4.111263193060957,-4.16032809684685,-4.276179748240594,-4.343473725912701,-4.40009197930992,-4.447365435739721,-4.43050526147604,-4.465641255628812,-4.589739678216773,-4.584504906744733,-4.626663427735042
