jsons/1312758000.json
{"header": {"parameterUnit": "m", "parameterNumber": 2, "dx": 0.1, "dy": 0.5, "parameterNumberName": "Eastward wave", "la1": 40.97354507446295, "la2": 16.46031188964855, "parameterCategory": 2, "lo2": 133.9931640625001, "nx": 191, "ny": 50, "refTime": "2011-08-05 8:00:00", "lo1": 114.97908020019554}, "data":
[rows 22 to 43 of 50, columns 98 to 146 of 191]
0.7763371260052109,0.7038109376123921,0.8447086677528434,0.9974952319769153,1.2053381090893849,1.2530323903321403,1.3123175256618151,1.358241659027081,1.387593544615718,1.4280947834389932,1.454522382092745,1.4590829309100721,1.4718045789293177,1.465559670404702,1.4891229615891064,1.5189347043449672,1.5229016094338268,1.5419406468231078,1.5561073195040918,1.5548712129626352,1.5665137704633316,1.5661423798403329,1.5756661762390258,1.5955404634016324,1.5926523377895596,1.6093289320339637,1.6088564154817682,1.6120252434300308,1.6176917738079346,1.6134836358844642,1.6019441265906706,1.6194183023005086,1.6115971407890666,1.5911168247022134,1.5912283703196348,1.5782218131497228,1.5750230392378777,1.5739416909340576,1.5497218355961782,1.5226729384037698,1.510506379830412,1.498836019119939,1.496557345846047,1.4880099275211982,1.4737895712618874,1.4664183412090235,1.4580077661261417,1.450462650868882,1.4643680309118097
0.4171424869085667,0.4893815876596987,0.5692530199938634,0.6905784664459045,0.9568542079800502,1.0126215799035434,1.115747582599959,1.2007930136048908,1.2567814963234196,1.2911589263407466,1.3414806755418391,1.3507244260861233,1.3648912884960434,1.3933787179008024,1.4158198219110187,1.4354799144811967,1.4471826523793152,1.4641795234540353,1.4717402964186754,1.4794016347062098,1.5033981940391652,1.51265759713635,1.5190741565589458,1.5373355011065593,1.5061746187176859,1.534275475132013,1.5394448430411212,1.5414136507390854,1.5678906159721129,1.5589342437888498,1.546137069477231,1.561051956173519,1.563095988980116,1.5444025537638357,1.5247382186285263,1.5183201515324773,1.4752395611267564,1.4718763833175832,1.4631639667556098,1.4243038751621901,1.3948776829353742,1.3864250309100714,1.3572149053859868,1.3443767346588338,1.3321423450840664,1.3384039108192114,1.322693743586196,1.2990203153499793,1.30081689644309
1.2465376298625856,0.24908064751612366,0.36943231930248305,0.4323279824685934,0.5808637596520212,0.6603009238761154,0.7791260987721141,0.93699289528351,1.00666142498146,1.0465927524095202,1.1533578143749097,1.1843031179993866,1.2216278584646274,1.2321787118920071,1.2540703569597202,1.2793812672618567,1.3129366913104308,1.3256239194162687,1.3462311646860157,1.3461802169361394,1.3537656343968774,1.3433838675256062,1.351375319487691,1.3516419267865745,1.3652505817807972,1.3801744420826019,1.3743515516114255,1.4094357675100213,1.4432786995319467,1.4365404033728826,1.4195600238259583,1.4088730894814139,1.4238938327445534,1.3801683162217693,1.391218624376375,1.3781362664960015,1.3288382052064183,1.277317033561699,1.2578360035666587,1.1923219857644258,1.1589335838060775,1.1199143817002806,1.0586829775101572,1.0303138110922068,1.0036314880546342,0.9685420372305817,0.9998581100583697,0.977848620271055,0.9993900690942021
-0.5207967385519156,1.2174238831453885,1.1785734862621113,0.6211542476364144,0.36389695188954885,0.41680350727210513,0.48785457475769306,0.5902927827334615,0.6780671079490281,0.718375722584587,0.8835169960745856,0.928702139803147,0.9302466528360097,1.0007976354032222,1.0369178677797615,1.1170384906426944,1.112374544518679,1.124642825859115,1.1321332312608914,1.138431226695447,1.158790434161271,1.1746784514858097,1.2038701550639463,1.2028424000621336,1.207330704823499,1.24548530508453,1.2058096474813873,1.2031980012556305,1.184859544559246,1.1806032849959858,1.1231455450222212,1.1214403860806488,1.1264968161908187,1.057242101397706,1.085927416490583,1.0859801619977942,1.1148859163174738,1.0966436502243226,1.0665681871644612,0.9895719841705812,0.9571560246992772,0.9125027752281232,0.7348180274855538,0.9636585736407167,1.6271946357357265,-1.53077326939065,-0.8748386403668419,-0.8048565961152786,-0.7785595692125101
-0.3606558574591945,-0.8785701843286634,-0.21795127616019697,0.2746572700063504,1.2029660421804862,0.7363994539778994,0.3876279749228854,0.23522811994624948,0.32344225902006524,0.36194780028607787,0.5050830368367311,0.5437674783892406,0.5492781342798754,0.5681245615726904,0.7370680940796986,0.7857294419289744,0.8481168257561044,0.9048843746849099,0.9379495094005067,0.9584268877648565,1.0525897566134548,1.045441660983917,1.0698494861590653,1.0783614484573156,1.0765671585014895,1.0812811542897245,1.041366192351938,1.047369995463808,1.0466366500197426,1.0431568729136622,1.0030896851328102,0.9935073377939939,0.9951851172820644,0.9096228119359197,0.8953463452135442,0.8870017173225805,0.8266821490857803,0.7726256969566959,0.7140503106016639,0.6254185485124554,0.8751145777173867,0.8629325057804694,1.1377721877892266,0.8837812291824239,0.7995067122497623,0.9511754014073903,1.0025946403332189,0.9867522704414109,1.0624587061466177
-0.19561240551958975,-0.161730908650611,-0.140878074281881,-0.27580700640434636,-1.3433140917950137,-1.1015093902644375,1.2430995382368946,0.4204168525545585,0.38589000316115396,0.19003003048371991,0.31329281556126004,0.3569554553752869,0.4216179034955076,0.48202586658013213,0.5727542102942037,0.598860469927478,0.6363009433904271,0.7806622776798396,0.7662676359623846,0.7814178393896829,0.8036584268718259,0.8227548138667973,0.8285213722370879,0.8367765787060608,0.8278647087697795,0.8237820543629425,0.8434520992818335,0.7936069148480993,0.7759306416287752,0.7740880742069898,0.7686716728012145,0.775245208868751,0.7969573618896683,0.786097793619443,0.7648369334384694,0.7424369816055416,0.7219237248333729,0.7043090614382899,0.6918510157220732,0.7438370023422217,0.7077237307866665,0.7347623790244592,0.7488150961171135,0.7474551810544023,0.764906430064444,0.802037033984397,0.8374276097465383,0.8821921476806713,0.8874556757017302
-0.23130252594565667,-0.16844348619972332,-0.15045761709691877,-0.14330277358587293,-0.7336937586676763,-1.3479757460325579,0.7245980541148032,1.0010125217360324,0.3868984113162126,0.3383695552506975,0.1680662778227116,0.25476169208012833,0.2994956912556986,0.3680867689791281,0.4702596476205421,0.5026052395162589,0.5184592052606736,0.5506697287231356,0.5684222405454734,0.5809657104730663,0.6067510353564561,0.5818104313702606,0.5633222925580451,0.5190914728900486,0.48754036125913597,0.46720437193030606,0.44893441289367825,0.43965064084055505,0.4052265503852449,0.32067141109582475,0.31373703480437176,0.9787462178474766,1.4096192060114012,-1.3297654545339643,0.5048310840265975,1.0767047055977461,1.1592225888420267,0.5201016822164561,0.3292755519125342,0.3460857248306174,0.33578403081364494,0.4033638329079499,0.4281879447117798,0.4484026226787294,0.46826591822486635,0.5196621266157757,0.5357724875989164,0.5343215590626088,0.5288574616535383
-0.22251417316599492,-0.1766104325492426,-0.18451690743108345,-0.1747789282059043,-0.15363147686167752,-0.1137741728755932,-0.2864266352970002,-1.073048971141917,-0.38988187630032534,1.369927616738757,0.2094918156819843,0.4284519554838203,0.37298808438640163,0.21680050829817107,0.26021015534183595,0.3149309314539823,0.33199836571525754,0.38406041058278384,0.40764764693290373,0.3883375435026773,0.3714664943101354,0.3669030367253703,0.3768732312866767,0.33273619442798325,0.30156748329999583,0.2453984315085254,0.888706517616464,0.28204374357696976,-0.9946616270162729,-0.196638213809288,-1.1825946498013444,0.3148672687369264,0.7119964700031162,0.9048773828834038,0.9682082351439301,1.0089759733447219,1.05385944991673,1.110666748586519,1.1621773690499293,1.1558819007545276,1.1894410110865439,1.2300935100654415,1.0050680146940698,0.886354594768391,0.8712111382064798,0.7404667424842694,0.6588903004857762,0.6635210448526261,0.648735656254726
-0.27864706594449795,-0.23327795815025773,-0.21770621875734558,-0.20126614038714288,-0.19733952548100914,-0.1651056753974508,-0.16282179766278834,-0.6669899243363451,-1.2357751653877869,1.2997620320664534,0.533506317385035,0.2527826051442751,0.08816238725350746,0.10892987798749529,0.14776712512695483,0.1458590605371672,0.2038772652374541,0.2546956608914771,0.2650822063829579,0.2822035870381271,0.28777671162456187,0.28969379791594113,0.290579698797755,0.31895461341921316,0.33470280124121254,0.29900922353758785,0.25829781042189714,0.24310426774889074,0.324528444580635,0.3575919566954206,0.5613289392697399,0.7244242883772742,0.918226147469383,1.1267758032396349,1.080623707437774,1.0789610257218918,1.1100936473910918,1.0843339423793636,1.099870261984155,1.072021865243123,1.0867225589407465,1.0737672509943093,1.0698230547027647,1.051638489443265,1.0543642819117864,1.0233254722766691,1.0248204778761636,1.0204931497692997,0.9741223584637265
-0.38052877022514225,-0.3495379527750369,-0.3446842429406534,-0.33846108155934035,-0.3032972294305429,-0.275796403208846,-0.2668910995266965,-0.2020897983412766,-0.17266002162059554,-0.1378426370663423,-0.08187947205999463,-0.4448690846090795,-0.7266102739654831,-0.9822222373565991,0.700740945309819,0.9689310885916999,0.2272042133830593,0.23558745357507715,0.3935926836850958,0.43687307530388186,0.22428603338340908,0.12048416597982642,0.128024512624625,0.11558241283516447,0.138549427694615,0.17207895260783104,0.14283365320437752,0.132550137323966,0.11854364904179836,0.11708173879354479,0.12720859697492282,0.12667049313259943,0.13161873232136415,0.3583839327248427,0.38833599396817087,0.44143810772370007,0.5812260562850957,0.5857025480977845,0.5868186711186052,0.4710022047960084,0.5066595562858561,0.4761576635811366,0.6084413817180137,0.6105242994296919,0.6346044493979469,0.7200921717641374,0.715100444874451,0.7510081752312613,0.7503393350270371
-0.6048147746187479,-0.5016681140253664,-0.46214209078592805,-0.4554130115796057,-0.8040521554648082,-1.040046949993278,-1.1650570995940954,-0.6888455960267524,-0.541043035767784,-0.3892713395499677,-0.291407500104907,-0.22683658934952644,-0.17394344821341887,-0.14162613676203803,-0.1250983212771338,-0.2931309093640305,-0.32987540806163607,-0.38937321263022406,-0.5359252849424643,-0.8775943887591101,-1.3993813608516725,1.3284610241844028,1.4159739910793643,0.8206033684918842,0.5322756643532652,0.8013173906127058,0.9042433482664235,1.189248447697352,-0.2023895756706329,-0.9522126369380902,-0.794187231892304,-0.6111676987442805,-0.45290269416231016,-0.12538521210505954,-0.13889412358440656,-0.14051285369191138,-0.3661198036460028,-0.760530448965462,-0.1668611362461947,-1.6178527093604653,-0.9174672269119071,-0.10238635316145146,0.8988339321204898,1.3668071674087878,1.1803966469600027,0.7837488338026785,0.6645159750305664,0.4117418777494566,0.23500209215854184
-0.8839546890132362,-0.681573012227326,-0.60983225875785,-0.5146768688673142,-0.5854701627946881,-0.9037551298278692,-0.95776553274455,-1.0811213839970242,-0.6151315628511272,-0.508825083844864,-0.2955823225199508,-0.3096213603327834,-0.34864631088244663,-0.33955891461938315,-0.3021765309153235,-0.278828927121745,-0.25027240194591943,-0.17698627575352088,-0.17345585855196805,-0.15823777925185215,-0.10557997909406219,-0.05083497690815509,-0.050271641320421404,-0.058072187674101695,-0.38687869929545204,-0.44768359065990704,-0.4075599521015167,-0.43785716183494267,-0.662025669042617,-0.1664109007299473,-0.19111860092302976,-0.21184493297356152,-0.21365286307503387,-0.26141971991959706,-0.24180144292866043,-0.22770288865185614,-0.21232617908831153,-0.21288835994013172,-0.21589122266399335,-0.225643367480903,-0.18473034935911833,-0.16423675853638192,-0.5311577111389006,-0.9845665240417817,-0.8030930604885225,-1.5090297701362172,1.0462006006339934,1.179774353139487,0.3830815467176768
-1.1447929671490926,-1.0305235233093293,-0.9790995350020749,-0.8995977921035436,-0.7548766473625942,-0.6576138348881762,-0.5940217536139842,-0.5056730448105207,-0.47488275925212253,-0.46731098858077996,-0.46190872774635816,-0.46442097055974935,-0.4741008555364596,-0.4843535426112905,-0.46859332929683833,-0.45228980077200304,-0.439064803134397,-0.41110327265277163,-0.3895959189786485,-0.3924970278299406,-0.35620829444040414,-0.3158602272288932,-0.3078264029439133,-0.26276651160110437,-0.26153359199327886,-0.2678628366092046,-0.24310124961725374,-0.23626012246731246,-0.22790072888336996,-0.21931591873590553,-0.20494895792055629,-0.19072586197181432,-0.17744334712188756,-0.16495268115232534,-0.137103684978618,-0.17283169826653244,-0.20535131300836212,-0.20662902530723237,-0.21089908510521677,-0.20328818355822675,-0.19214244935137198,-0.17505882459137076,-0.16492863742751698,-0.1538488696557745,-0.1429977372705824,-0.49675992614687214,-0.3899282275753937,-0.3353059568349637,-1.3992953564693176
-1.2487040831804384,-1.18356014243489,-1.1432234627448303,-1.0906653525641943,-0.9874154601666112,-0.9396152395547189,-0.8835132294568164,-0.7736088034947342,-0.7373138304936908,-0.6920377080709675,-0.642651938173201,-0.6344803589945872,-0.6118695936584927,-0.6006323381455014,-0.5963399442574205,-0.5982084353745827,-0.5953955787625633,-0.5455282128377436,-0.5241461815685501,-0.5194094564334688,-0.47750271298983116,-0.44747892999411315,-0.42469285199952317,-0.3973821686738384,-0.37558891675170847,-0.36973683244766264,-0.29987743747051077,-0.29609672295994727,-0.2817056105753151,-0.2679672196017281,-0.24799160633769302,-0.24446094260526186,-0.2488943290862422,-0.25296615606356226,-0.24465694187181572,-0.24094137565409587,-0.2430039919918645,-0.22631453746822378,-0.2148472471786468,-0.19179929238942525,-0.17592526139618236,-0.16966680174276672,-0.14343964562632058,-0.13877306206430137,-0.14144146888825854,-0.1306157008284406,-0.1311962838810297,-0.14040845348112194,-0.14105660178725135
-1.2219783993453353,-1.2108448537750796,-1.1988289382663093,-1.1854429442402703,-1.1381551941216776,-1.0927258584981503,-1.0533934653936559,-0.9669567926422159,-0.9251576962474208,-0.8722934759824441,-0.8269703273584091,-0.7954484852579381,-0.7648116387737092,-0.7582867393550902,-0.7085550814441148,-0.7008807280543414,-0.6809183804181399,-0.6447523241863055,-0.6301196360679189,-0.6084905186463195,-0.5776477770266457,-0.5493013583177921,-0.5432126455758848,-0.49949302806003476,-0.4758543051156955,-0.45810283688738473,-0.444024633720519,-0.43372952376104174,-0.43463449466209997,-0.4011842214158987,-0.3572282637404384,-0.34386276030745194,-0.32678534310794466,-0.32002824965640253,-0.3286012229135107,-0.3384294953661713,-0.2902499146977452,-0.2766770173898262,-0.2645385623857247,-0.24911975434298975,-0.23493322349578327,-0.21576256661408164,-0.21341016646361377,-0.21637877714687082,-0.21296436333730123,-0.211528657825157,-0.21373863435562673,-0.20546620418441838,-0.19408778696953644
-1.2523991735725208,-1.23887522319856,-1.227456166347702,-1.2135775058276208,-1.1956804761776372,-1.1763242027548704,-1.1444709345892063,-1.0609926535682728,-1.0321140723797269,-0.9543608131535579,-0.8894692624807579,-0.871932629055563,-0.8407694158969633,-0.8197819812993697,-0.7838212579878422,-0.7723243923893104,-0.7463193186954155,-0.7289962947496744,-0.7092879632322917,-0.6920255003862421,-0.6674629795144721,-0.6465110844745835,-0.6274073880749034,-0.5617307469664858,-0.5444720885523529,-0.5296502096934915,-0.5046124199429087,-0.4905193135716384,-0.47189107089223076,-0.4570367034733698,-0.40118965845452265,-0.39384110547276663,-0.38826317317184605,-0.37358622926727686,-0.35269007023316523,-0.33827576518631525,-0.3253126958474498,-0.3165268515064305,-0.3107999825046277,-0.30227661121837684,-0.2957718479295897,-0.281935932324116,-0.2717996997582008,-0.2753383143927281,-0.2770429672935261,-0.2708150030165001,-0.26661663812064307,-0.26285620452411407,-0.261130632917065
-1.2817327282945907,-1.2618204096927432,-1.2551758599744491,-1.2462031882967497,-1.1980306372598368,-1.1911308479381952,-1.1712002121523755,-1.13390235370647,-1.0936599666478393,-1.0696468784966533,-1.0254314030746132,-1.0147548624111211,-0.9817416216053266,-0.9438203238197291,-0.917710489333825,-0.8901174883162114,-0.8636814045382246,-0.8059950061384928,-0.7772101189724986,-0.7688160467651314,-0.7368956982450282,-0.7252650643559052,-0.7107737568471056,-0.6653780186803872,-0.6413789052370507,-0.6410152041406997,-0.5692544627288937,-0.5399099891213852,-0.5186151050879572,-0.5122898496203697,-0.4893199239597688,-0.46906805368886545,-0.4575228472939062,-0.44485372020704983,-0.4336623633592833,-0.42582806785595206,-0.4009133209475113,-0.3762055025495991,-0.36919953359991076,-0.3620119595152569,-0.35421863034049916,-0.34254125734883545,-0.33066246532924853,-0.336611095577362,-0.33883868076122725,-0.3320581303676564,-0.32848462680374463,-0.32583836910079833,-0.32829898113309075
-1.317193637701152,-1.2919724749387378,-1.2733040444983341,-1.2585063685686393,-1.2425862679124529,-1.2348005137124278,-1.2252713878236294,-1.2112704840116792,-1.1955194162703768,-1.143627510451489,-1.0757489937000742,-1.033551571467502,-1.0079750930534237,-0.9897656425516819,-0.9483644816425166,-0.9195023461717503,-0.9023743971164135,-0.8752404094549716,-0.8609817766737912,-0.8401169672214778,-0.7865152413221164,-0.7616522810476708,-0.7290956900390461,-0.6372114953308444,-0.6208149572405166,-0.6277574777027659,-0.6121247673808028,-0.5995513312382126,-0.5953112183478351,-0.5839166517716244,-0.5581897830878396,-0.5428049287836861,-0.5335987501206441,-0.5217312464570509,-0.5081758628509147,-0.48786618349578925,-0.455528214430334,-0.4515145832892684,-0.44950839499252815,-0.4331356816445616,-0.42670611392961505,-0.4291681676562953,-0.4240223901992434,-0.41304578231200795,-0.4007904673871389,-0.38647519940649194,-0.37953791216449473,-0.38265255743250565,-0.3936277558099215
-1.3879754227209244,-1.3326847263266934,-1.3373580300045096,-1.312319857409795,-1.2829461379204345,-1.2684381304461296,-1.2658308853218345,-1.2387399190961237,-1.2145002697038672,-1.1617036533268943,-1.1187021203561167,-1.0745709335635922,-1.0244625480171998,-0.9844556683971003,-0.9614116375483247,-0.93300105961155,-0.9069101490676544,-0.876062372116022,-0.8493784925871312,-0.821901525439813,-0.7875617615216355,-0.7708156821782897,-0.7354967628062482,-0.7084887802661491,-0.6889593967692178,-0.669622280268874,-0.6031991696709075,-0.582310304788614,-0.5879216542100262,-0.5881198234754244,-0.5782860724207901,-0.5750364558650186,-0.5735435438185347,-0.5432382994801928,-0.5302319110503861,-0.5272954130081122,-0.5228126796355744,-0.512374428796974,-0.5007127007906801,-0.4955720838089377,-0.49718247510903335,-0.495362652558641,-0.4695652236036149,-0.46500183173191373,-0.4619447173963988,-0.4864107774238827,-0.48723769351182317,-0.48113504412641506,-0.4748434429195837
-1.4343312021807277,-1.3927688895221226,-1.3694328267885503,-1.3717918510665534,-1.337873745170541,-1.311437427304778,-1.2927920669341164,-1.245261068366629,-1.2158660146251197,-1.2093810764481034,-1.141079486026568,-1.0877788434413662,-1.0739007423790041,-1.0567164073371458,-0.9731892168018185,-0.937221421772781,-0.9170027997301786,-0.891683510809068,-0.8645909850585376,-0.856289505662847,-0.8221439255304931,-0.7969611737957528,-0.7866933159412122,-0.7626788383005537,-0.7199451795080822,-0.6827676707065412,-0.6507858401586792,-0.6591499725100725,-0.6540577039207807,-0.6529166021667485,-0.6515038862710641,-0.6350205167871907,-0.6128976590685826,-0.5933462720122132,-0.5933356414254402,-0.5978851199832482,-0.581823822901808,-0.5684111373830484,-0.5718558520268984,-0.5696756790138525,-0.5546375557325641,-0.5467864902520844,-0.5691587544577386,-0.5890657642344478,-0.6003666207025684,-0.6420654244269851,-0.6845947212298501,-0.7275933747577162,-0.7760754991226563
-1.4571821307996582,-1.428420433594635,-1.4189095524989697,-1.3884402722576112,-1.3511427728034981,-1.3364103945843278,-1.3146126740699704,-1.2887330061394142,-1.2818808831028794,-1.2697508004237987,-1.2835263113856068,-1.2290620024178298,-1.1813318140991387,-1.145288927451056,-1.0893155885828456,-1.0516569427333196,-0.99097104095302,-0.9560453068637705,-0.9548577544368229,-0.9405723215656222,-0.9367582973842269,-0.9248869005358883,-0.9007663784329543,-0.8847282438615114,-0.8795507546636379,-0.8687430764726818,-0.84916257247926,-0.8427385355211445,-0.8337362020105894,-0.8120490396405267,-0.8249490165948081,-0.8315507828694615,-0.8098864975278712,-0.7713821796624297,-0.754514702513274,-0.7406601287384939,-0.7369274128932368,-0.7199000376214194,-0.7112723876973926,-0.7290510623722164,-0.7493816241133887,-0.7538714535219656,-0.7805008826953295,-0.8094744962304969,1.814106491880095e+38,0,0,0,0
-1.4745839148777342,-1.4588562769833742,-1.451443056322729,-1.431650524433805,-1.3946935682350547,-1.3728017899998248,-1.367134006102626,-1.3483666194586763,-1.3529734362200614,-1.348726214794023,-1.300679851858825,-1.2925723561053115,-1.261907340291324,-1.2328699687297593,-1.1667896796312598,-1.1639595857382565,-1.1353118600969854,-1.098219347363695,-1.0713076907569279,-1.0564840641114825,-1.012876480267185,-1.001797666455934,-1.0041770569350976,-1.005333929455764,-1.0040404519014354,-0.9957749959470357,-0.961725604051788,-0.9663048262943634,-0.9633078699317472,-0.958711036418964,-0.9642085173325515,-0.953946236459796,-0.9499504344987133,-0.9519801985841289,-0.9423560312369954,-0.944033963230277,-0.9843288449377757,-0.9929593180645689,-0.9882365129604067,-1.5962339474270073,0,0,0,0,0,0,0,0,0
