jsons/1312812000.json
{"header": {"parameterUnit": "m", "parameterNumber": 2, "dx": 0.1, "dy": 0.5, "parameterNumberName": "Eastward wave", "la1": 40.97354507446295, "la2": 16.46031188964855, "parameterCategory": 2, "lo2": 133.9931640625001, "nx": 191, "ny": 50, "refTime": "2011-08-05 8:00:00", "lo1": 114.97908020019554}, "data":
[rows 22 to 43 of 50, columns 98 to 146 of 191]
0.44081403822902443,0.41502556539116886,0.4854377157389545,0.6101754768822393,0.7588415552947914,0.7900585765820686,0.8196105337371126,0.8629927203565033,0.8820116459332962,0.9060472586296401,0.920048385907016,0.9239694740830187,0.932878626727025,0.9380467891135936,0.9539187196246033,0.9705076417660904,0.9717078616888106,0.9718498655244495,0.9775574469966621,0.9875897066925393,1.0050052516933285,1.011027917251482,1.014536528889214,1.0323637767179743,1.0332716203206203,1.0491884870835286,1.0542230029130937,1.057222852362893,1.0600726165497134,1.0648249685168938,1.0589785555931137,1.0691195495976464,1.0654731420574384,1.0510982024079436,1.0491901950415776,1.046691585153433,1.0344454619367105,1.0436566262593958,1.030879759408702,1.0144403578180263,1.0152954262585534,1.0215828754955787,1.0163739777573793,0.9981253325486974,0.9901799312317823,0.9520145982570761,0.95830656478804,0.9726161616458503,0.9669201243500025
0.25415937718607323,0.2982122781619569,0.3405215163594346,0.4334089716106835,0.620261589155983,0.6574149529886066,0.7302684259391328,0.7814941865164624,0.8223879478233385,0.8395883664936306,0.8569933248178645,0.877365500758345,0.8931335852747156,0.9087247001443908,0.9289518926567993,0.9287700184238357,0.9273428677683514,0.9509257899575542,0.9551043000021152,0.9621697895545612,0.9794027893598551,0.9864250900478004,0.9973294693644396,1.020930042075396,1.000522227360566,1.0030798613937575,1.0129654193697497,1.017327848085543,1.0277992541762713,1.037262790467406,1.0334902780076618,1.035701102443945,1.0352658574376115,1.0261953620719722,1.0269171484544928,1.025249782653245,1.0055867409848134,1.0293589918967485,1.0158661595611729,0.9594712398785933,0.9273396440971605,0.9343509450361708,0.9023458869762294,0.8662757392293073,0.8542378880428604,0.8037054646673151,0.7903276790521337,0.7931472565389512,0.796409240885322
0.7386620881213822,0.21170046858099575,0.3020224915101489,0.3430550063251017,0.43960927373741804,0.4671085264103863,0.5293269036550728,0.6104799259581581,0.6652246846706023,0.686851702533462,0.7403874332363711,0.7621483276497609,0.7854851467724082,0.7930342963251478,0.8038428367972943,0.8181833432330763,0.8322601852665394,0.8479827561686926,0.87029665325162,0.8761390759044283,0.8792739666756952,0.875528318969454,0.8775694108804627,0.9093187068499079,0.9197129299599022,0.9273343820473501,0.9221588881639254,0.9343691760062831,0.9430451573376513,0.9442316627012995,0.9401333809092772,0.9400329805687693,0.9485209265689177,0.9444887362938249,0.9458193813414407,0.9340670765481116,0.8945326887747391,0.851308731294843,0.8352036368170287,0.7458919602512067,0.7070239651131718,0.6532626477390622,0.5485531168297865,0.5352338198273009,0.5197494239168623,0.47490409584065835,0.445736859494873,0.46131794361105977,0.4993061823350661
0.24644092079556382,0.16643730754078787,0.1906549464617745,0.21215456995090132,0.25575954135122203,0.27036266097472517,0.342632059950173,0.40271918300403425,0.44360548309523484,0.4588553110627941,0.5736904676694011,0.6037151920825837,0.603333826056976,0.6452830369219038,0.6821303692073694,0.7357172612493379,0.7399134481551802,0.7703902823427458,0.7713816505137443,0.7703957021567911,0.7889673338817433,0.8058515391978007,0.8262832799216784,0.8510855666550939,0.8506981828032455,0.8709453644240729,0.8333228563995088,0.8229620901923379,0.8153418065424441,0.8103080155743428,0.7958193304611192,0.796156844453038,0.8052114192575985,0.759277555037947,0.781754463389324,0.8024812140499452,0.8148794771962464,0.8000727504621064,0.7567986108057033,0.6598006033338646,0.617274126362289,0.5534378504267673,0.7048599406918656,-1.1139469082756392,-0.7835429929847715,-0.5674473333001137,-0.6887606307238381,-0.6884808807315524,-0.5925340559340067
0.10948406580374917,0.1567394917872915,0.13813031038246362,0.10364494718780767,0.1915178048753323,0.22758283832259413,0.2573965154059383,0.2513860228592732,0.2682965746411545,0.28421834609086016,0.3613166245942011,0.3898026328270295,0.42256443363905183,0.44435711986319315,0.531207664470897,0.5564442819036584,0.5880821316653235,0.6363020494284494,0.6541434470569152,0.6821959758011621,0.7505753470775228,0.738801561865809,0.736993958171845,0.7380664214614844,0.7432346256891007,0.7425728030359305,0.7524429349040987,0.7490893673608954,0.7506277377490941,0.7628227367951815,0.7351883888331755,0.7285323755305781,0.724254218125792,0.6731833727553794,0.6572998209547525,0.6334399184334258,0.539853509037292,0.4840758052239613,0.42929316866514267,0.5070508587085865,0.7282165178968552,0.6870175253015682,0.6794285936773837,0.5790144341636873,0.6348000458595864,0.6662108185099597,0.7093021947265427,0.6702596998940925,0.770858947809008
0.09525014648039551,0.07540378969431258,0.11364999782176263,0.162353168136652,0.19974706780170873,0.22481570791534075,0.23018112042547906,0.24270775294473254,0.23827791612441507,0.25061425585184155,0.3166523038364574,0.3527591557765938,0.39453976255591194,0.4262452486189693,0.4738256797320004,0.4777509664930165,0.5037875282787971,0.60882852470308,0.5983670916237394,0.6190952480270295,0.6180424983457977,0.6354561533281959,0.6135287521672066,0.5836806405514948,0.5824401960343075,0.567289183750288,0.5908763927923074,0.5825008681571937,0.5851077783857661,0.6264562993532542,0.6330483722561957,0.6281425815662727,0.6594420482263277,0.6388885986982729,0.6359881465835993,0.657018054363538,0.6480633134026677,0.6518094790313003,0.6523960576090372,0.6944004198065843,0.649904353086054,0.6526326623574197,0.6381068050619558,0.6324683033210244,0.6526007199064531,0.6953685081736,0.7035568771991905,0.7148535064960103,0.7080723085188406
0.09681601298683304,0.15500671589452286,0.16677385070318745,0.16463506819209126,0.17532122456437693,0.208175392429066,0.24048704275887184,0.2908405182869562,0.3408776428474919,0.34354695473147573,0.30950009017157926,0.3700395965346343,0.3977219461539945,0.4393755768911549,0.47669189918319377,0.48309422671732716,0.49936336219784017,0.5141511952581066,0.538557474840315,0.5319497935659655,0.5135823787966646,0.4744403759670325,0.4470860663861021,0.394848397253992,0.3713280667985252,0.3304226239684554,0.2603414045580295,0.24636797828989676,0.33789402612842695,0.3741301165244376,0.2734570670998538,-0.2710142729417502,-0.9489448014760429,-0.5639099900982059,-0.7845389056972151,-0.8306243253761196,0.8226736566865552,0.6341689639970103,0.5489373253620045,0.4743327848295406,0.4030153655413804,0.44675284586863784,0.4767920947151398,0.49633324707410637,0.5132049823388363,0.46941798309162297,0.4786938709844886,0.42676164304358466,0.40590423831708955
0.1212001100819896,0.1732113765599907,0.1744430305026136,0.1842381652647266,0.20474218589671306,0.22254582131269532,0.22801895033087996,0.24875423634922847,0.26822240171591966,0.28043380063653645,0.3537478959065038,0.3795581779831699,0.4131192020955131,0.4221389235180591,0.4363032279802653,0.4678500544529594,0.47874427974524286,0.483992074935763,0.4753003543635528,0.4417721361174017,0.43494132124727125,0.4335392336405571,0.4314415880246658,0.37457344034659823,0.33122722432719676,0.30404503458078064,0.14251430034019022,0.4619804908019565,0.44636441928258414,-0.6772455479355075,-0.6977170506425914,0.16441445185635006,0.4532054178898104,0.5943926099631321,0.6490882469884722,0.6791393248241197,0.7155236276212046,0.7544287587898124,0.8107981032751543,0.8457546301290322,0.8859281425622769,0.9220993795209746,0.8338010493372382,0.6930561669129102,0.6701342322261795,0.5400087903913434,0.4790031312806809,0.47160004980813564,0.3843118728690867
0.14837081519563147,0.1871298555659605,0.1765788641772149,0.18387167844383767,0.18994869330288894,0.18207945811953521,0.1743548089225403,0.22211496426092975,0.2560073523037831,0.28669009780540217,0.30690851752325066,0.329068316329728,0.3707418924996192,0.38656801739275665,0.4086309881400354,0.4059199853608162,0.4251453393777691,0.4481328903559308,0.45896051702484364,0.4566818255625535,0.46579240476460226,0.4599675526291313,0.46171428105065265,0.454329863159276,0.4530053020498882,0.4518157844877945,0.43360841915551696,0.4305433549036512,0.5109585023279679,0.5372221965589875,0.6587514990017656,0.7338975516355034,0.8038235113642895,0.8615631599835087,0.8379795842799264,0.8374798110075585,0.8471744404291768,0.8330275202001194,0.8258679404653068,0.8161812200890011,0.8229934159286951,0.8250827078332278,0.818540186853173,0.7966148416480896,0.7993107324844273,0.7468431588237212,0.7323496431118673,0.7269083450220419,0.6477813007595618
-0.14899501007301771,0.21945920250155226,0.15237558865956174,0.27339753366012054,0.4916690896094294,0.5916146043932115,0.3924391978245057,0.15450558003310114,0.21590483209040992,0.2472564739440754,0.3246400269212632,0.31971288337392473,0.30817985974164336,0.31350565626999427,0.39777839095286827,0.3835284161330779,0.37559552530551216,0.370987037616323,0.37597990471124904,0.38630769148524174,0.4208230249457664,0.4187533214557829,0.41096399857658245,0.404108884081451,0.405600027481191,0.43359481030634417,0.45612156346819127,0.4594922368003868,0.4609740449247075,0.4528268880887816,0.42512480962442584,0.4101821118756656,0.41794466205618547,0.41896599145922914,0.43571852783270626,0.46692271527192775,0.47768461300936793,0.49902929551871905,0.5028531773353023,0.5426511405577321,0.527068833246749,0.4860846174539102,0.5640487604064219,0.5555660463744808,0.569426388968188,0.6047924202480813,0.5947178607227678,0.6444272663299901,0.6346407237456243
-0.9286894523603967,0.19950301880691024,0.22723591742218954,0.2898622428834401,-0.8253056805327457,-0.9043365504207265,-0.8591606349265821,0.7656299312680744,0.6531646797203763,0.22116605438021741,0.2521328587880685,0.2733983838178708,0.27655068412722467,0.27414647444338136,0.29605471230220337,0.298928664528796,0.2942403581464683,0.27546074403610965,0.26905235953738627,0.28582904904452283,0.32521981121467075,0.326681034683024,0.32707731336843804,0.3150537748847582,0.3173674607227564,0.33053978401921363,0.30597585061725446,0.3043584101071914,0.3019591018830972,0.29404366961642137,0.2428760381602718,0.2344310420760386,0.21238913140122545,0.1599757968013441,0.10632284961873552,0.1482723694905374,0.09957864241404431,0.13039708672850883,0.16756172940766295,0.1685273188995059,0.18305472748194762,0.18914697525146804,0.21515606456874542,0.23475006575265975,0.22451315443053035,0.2174494943409973,0.2269884100883293,0.2387515108906399,0.2489711834135225
0.5818270827684854,0.1448703717936708,0.12728717392830827,0.15755343739723823,0.2849017958485439,0.37403063144868987,0.42088045106814864,0.4179792710370619,0.38550392372030956,0.3540731718270737,0.3313156832619842,0.33190526548795335,0.3280312552857521,0.32113801536071385,0.28889514479391704,0.27385834843759543,0.27053966589322154,0.27894315614968024,0.2890349589442822,0.285919266734587,0.27837481878805254,0.2764173667455411,0.2768822365743279,0.29292824156378694,0.2813152246101425,0.2762087675005882,0.30297640535135145,0.29948817110260206,0.24301888369550836,0.20784850063796484,0.11042410750129238,0.044461027985402995,0.19499755897505383,0.24592154573169414,0.8553036795440379,1.0016500609455528,0.720075848281983,0.7385614109774946,0.9937919100752522,0.5720675647018432,0.9140032647581255,0.6118106715004549,0.52074733011793,0.5092261605549178,0.4219687294861467,0.7059748536907295,0.7983857262627079,0.5148774088698932,0.28939663748422567
-0.37371967349530916,-0.41344356496549933,-0.4978415231746329,-0.7381704612028471,0.3155781904584259,0.16630354045832493,0.3442573268878685,0.20318104785921595,0.19672617538132098,0.182216619309839,0.14036900769710303,0.10071104576672477,0.09820329603193963,0.06951075924542885,0.08203230748369873,0.09257511244666333,0.10682162597200197,0.0982320043046499,0.11753350105621199,0.13870863978288803,0.1391128094166557,0.13329657243182247,0.12230312620167154,0.10963022659848722,0.11204608972266175,0.12214725120034171,0.18686689018398997,0.17502097892676008,0.16383060201933894,0.15344144278456473,0.12965929664068132,0.11472702061362873,0.1525076872955615,0.42272942366726296,0.125413576250942,1.022195819815561,-1.039956394042174,-0.8677667231294347,-0.6990499835023399,-0.3968632233617927,-0.4339411800491686,-0.3730482269821743,-0.5256112210336984,-0.47009009748148706,-0.30627773714097095,-0.45830355623017205,-0.22017130832872345,-0.13425022325330077,-0.5638255866660599
-0.6004997593925736,-0.5406723967208259,-0.491389956738049,-0.4214060545736691,-0.2982773256087067,-0.3513457018857899,-0.2043047101310552,-0.39352054508944423,-0.5137960535542117,-0.7156074778527477,-0.9874021914393252,-0.649098233756611,1.0044963339982995,0.34977551587582856,-0.5268184687534248,-0.6856797552924512,-0.5342094421918651,-0.9257886508926292,1.01733470228564,0.6515233459787245,-0.6207358977099987,0.7363793306554691,0.9938189303673831,0.7789873215349258,0.1861486172923081,0.7157028859021831,0.30216652260684884,0.38443971308549835,0.5812008855706912,0.4900300631513847,0.3201264790369512,0.42657660217929133,0.7986694823755043,0.15595126057343855,0.9589226428080895,-0.8579095794284947,-0.49740465626906755,-0.5508913719976569,-0.5007097529840432,-0.28863259211899994,-0.24434750415692882,-0.12015118729535353,-0.10499845626993048,-0.10007260293730254,-0.1303925061897945,-0.16301781938319043,-0.16445232993485,-0.16963734812693762,-0.16340835228987102
-0.6845391121895875,-0.6915734612249249,-0.6718166998152193,-0.6326465763792674,-0.5785499396643754,-0.5063075272515771,-0.47113156971254705,-0.3678766625263442,-0.3318821714575597,-0.27667979400995646,-0.25915858723096563,-0.22862963999143857,-0.2247568655442922,-0.22834867926455676,-0.1893242879095742,-0.20581993268986642,-0.17261438752433012,-0.1468916136223493,-0.14886687369891274,-0.15311778074319263,-0.3140522166922404,-0.28836781034712355,-0.2739501928418063,-0.40063607882582397,-0.34866917900188826,-0.22496718643295655,-0.33220278149574495,-0.40657921070022757,-0.24300247421624419,-0.9990542333900465,-1.0701808344482344,-1.00517525598187,-0.750993187797809,-0.7999568862626042,-0.48297506227408066,-0.19164875748350732,-0.9995893764454626,-1.0114569455406381,-0.7956615206347747,-0.27548054753059437,-0.3331565473803429,-0.24549449540840795,-0.10190011420809965,-0.12549923589233886,-0.14272323656788866,-0.18672714013897143,-0.199085193268092,-0.19028648406846882,-0.17840446260286438
-0.804923408965357,-0.807339966470423,-0.7802102417946384,-0.7574415498858055,-0.7005603200841103,-0.6634051522060561,-0.6392449170974985,-0.5068228555338324,-0.49171382289460797,-0.4223427343693377,-0.34897518427935,-0.3087088772398245,-0.2817258240512928,-0.26461258198948057,-0.22186380240977496,-0.2464597689287595,-0.270552074234733,-0.28379927595977383,-0.2779676414266035,-0.27759205261144415,-0.2885252376984673,-0.2998346353097913,-0.30558292903859974,-0.29727268603083556,-0.2901304289543021,-0.27429987936751965,-0.24949992707216334,-0.21008892281741592,-0.16230902183681406,-0.13955810099280944,-0.06846888007774511,-0.061533669622949407,-0.08711561916381526,-0.09712900424802537,-0.08679893938312891,-0.07581571887500271,-0.07567048773406983,-0.0742941104881159,-0.07887711655085379,-0.10832631992646675,-0.13571252204233247,-0.179765096523457,-0.20705268710381486,-0.20823371735711751,-0.21516380643585972,-0.22909030600958183,-0.23128172727785745,-0.2333447740704004,-0.2400181300997956
-0.883177325827631,-0.8776373633242721,-0.8866841163675778,-0.8943461178684475,-0.8424485465105821,-0.8297507843768994,-0.8181048194893109,-0.7695592155753128,-0.6894629175086009,-0.6444750069748448,-0.5295154244253872,-0.504369192681197,-0.5061999505482799,-0.48545892327985374,-0.4670902643067423,-0.4178117396640025,-0.3919343230802572,-0.37616659094403027,-0.36352408047430756,-0.38931554923973327,-0.4467704342031102,-0.4455768149762529,-0.4542719399280432,-0.4052387325231548,-0.3485981687372786,-0.32352841435444596,-0.33105006145569754,-0.3267534487827153,-0.32672512817902993,-0.32505364046276153,-0.2900820303829798,-0.2842920124977044,-0.2990166790595581,-0.24904317253803232,-0.21493207716359675,-0.19447338397198022,-0.20231651179131882,-0.20467123907345866,-0.20711618883470534,-0.2160080747153826,-0.22323811531856513,-0.23754416153259422,-0.243554893173844,-0.256582079600486,-0.2727867221507872,-0.31463521502467756,-0.34622701418638213,-0.3593219908942161,-0.3526048124792828
-0.9354146191928556,-0.9223640359560183,-0.9196588135786823,-0.9240802729226977,-0.9102144809616286,-0.9059330416013155,-0.8805501816651391,-0.8000226040686469,-0.7986682903399496,-0.7604842057084369,-0.7035971369297861,-0.6792679559104506,-0.670251287256691,-0.6365911839354697,-0.5805873890192176,-0.5323005290709906,-0.49901154622045757,-0.5262036915774799,-0.5400630664898374,-0.5319907255012999,-0.5117082052800472,-0.4896981540633713,-0.45765641848550437,-0.3982784127265002,-0.38723571744392093,-0.37626891518465105,-0.351665321372207,-0.34481742139829713,-0.3457852347312476,-0.3357947858500415,-0.3097238029515522,-0.30279155327498947,-0.2962600940708341,-0.2950821215509081,-0.2934407988485878,-0.2867904401242459,-0.2839900722247649,-0.28377324259411707,-0.2794774803267755,-0.2811757840083036,-0.2915970178857999,-0.30600611853058624,-0.30772110912458256,-0.31038360007332405,-0.3151895406921041,-0.3295994502660364,-0.3294301231088969,-0.33434138298910404,-0.3529381519837698
-0.9706566913007542,-0.9313203611474791,-0.9352628060688152,-0.9304993270467236,-0.9025269861396654,-0.8763536999871858,-0.8841683760311895,-0.8634866957557699,-0.8390746143548565,-0.7922775112878179,-0.7596709828097603,-0.7076926859849098,-0.6523008298300409,-0.5961646274766722,-0.5849772886563691,-0.5784944022570662,-0.5692455293108584,-0.5673155196308033,-0.5516017708109365,-0.5383274870945509,-0.5082971736474018,-0.48757609022784093,-0.4545923165396894,-0.43008692676336024,-0.40942707569405956,-0.3877272339822233,-0.33636000889668377,-0.3205370577159803,-0.32829809397341475,-0.3356379921730564,-0.35211619926026344,-0.3689172444976019,-0.37154870805783635,-0.3393445961460526,-0.32780175560994773,-0.32048964735999314,-0.3141353546433253,-0.31174365212082616,-0.3172188608873739,-0.32299176500975446,-0.33262070287684065,-0.34278352233755377,-0.34517904789295417,-0.3485058231472797,-0.3541759859204687,-0.4005593356748879,-0.417795761378094,-0.4304673558917671,-0.436660135704196
-1.0040233642830336,-0.9402486117312443,-0.8878098371048483,-0.8785980938732829,-0.8931453144174253,-0.87824636815806,-0.8705376010034859,-0.8142533989990925,-0.7769160698994219,-0.7818343668173876,-0.7664448129128004,-0.7394605459793852,-0.7309743615052512,-0.7110284932285825,-0.6462154197763113,-0.6257619300533529,-0.6124514282330266,-0.5719141904584547,-0.5493238097405023,-0.5331765476644867,-0.49574199130812024,-0.47223795200115376,-0.45457613463073393,-0.44911912537818244,-0.4288633228496505,-0.41291978594078943,-0.39620966028620624,-0.4071783730029482,-0.41453734004771386,-0.4216999273593974,-0.4315036097273089,-0.42410847252569994,-0.4191114422428901,-0.4171911089554911,-0.42109186576995566,-0.42459899961858244,-0.42159892753444334,-0.4150241361940119,-0.42177196983370846,-0.46149171429225705,-0.48299588603277793,-0.5008076747331539,-0.4991517651628728,-0.49444460240561716,-0.4942329144524437,-0.5130226365598755,-0.5350345207417266,-0.5574260955161107,-0.5839893366501057
-1.0237116218715,-1.012496094667707,-1.004205092965207,-0.9744999254550051,-0.9489401463449848,-0.9303363355363871,-0.9055007583790263,-0.8759025226108889,-0.8847467469787654,-0.88372332819538,-0.9207478871915569,-0.8716823330095856,-0.8034596841030507,-0.7627418520100102,-0.6974070636531947,-0.6617579559378182,-0.609444269370721,-0.5741028975661497,-0.5770980745949641,-0.5680070507319906,-0.5686674766162818,-0.5641802578811943,-0.5524103670450814,-0.5542607446679237,-0.5586114816417385,-0.5582926559787932,-0.5486796235637234,-0.5497795850102208,-0.5505531928992765,-0.5455267235353224,-0.5628884901613744,-0.5748953656120205,-0.5604873638134209,-0.5426815799037839,-0.5314288126549201,-0.5325567109180486,-0.5530032381610089,-0.5524085987374343,-0.5524711557929392,-0.5664120178963461,-0.5838289026895139,-0.5895840188853236,-0.6035736369519367,-0.6187678516171216,1.7748616176011875e+38,0,0,0,0
-1.0136462030121043,-0.9943802440479992,-0.9846330225894933,-0.9730017596596405,-0.9340377982970599,-0.9230626947009696,-0.927966761814797,-0.923904540372768,-0.9225199849642243,-0.9193202149775643,-0.8817237143257598,-0.8694985526156372,-0.8370938282343773,-0.8110551416117259,-0.7707444497557301,-0.7582341027941749,-0.7159858691682749,-0.6605239510419789,-0.6411731387633782,-0.6361605282587237,-0.6189873028445105,-0.6143024892237204,-0.6270419756421457,-0.6608990943145362,-0.6719499428061743,-0.6718396983171049,-0.6644772011316832,-0.6799144509969902,-0.6782299213473615,-0.6770448784323095,-0.6690095092177896,-0.6560552068093255,-0.6468575845574667,-0.6671501134939964,-0.6697131062459584,-0.6767041846139263,-0.7086025478851756,-0.7228174839267468,-0.7221083889514105,-1.252565613346422,0,0,0,0,0,0,0,0,0
