jsons/1312567200.json
{"header": {"parameterUnit": "m", "parameterNumber": 2, "dx": 0.1, "dy": 0.5, "parameterNumberName": "Eastward wave", "la1": 40.97354507446295, "la2": 16.46031188964855, "parameterCategory": 2, "lo2": 133.9931640625001, "nx": 191, "ny": 50, "refTime": "2011-08-05 8:00:00", "lo1": 114.97908020019554}, "data":
[rows 22 to 43 of 50, columns 100 to 149 of 191]
0.6757841038301272,0.7385621901995156,0.8426063391756051,0.8960804931678545,0.9515829567225321,1.0538180238254211,1.1035157573267735,1.2032149637292466,1.2965433514073688,1.3470194200482168,1.4104826104425192,1.5361323619172487,1.6651463568889269,1.7689718749152594,1.8058597368871996,1.992605463292548,2.08469594314155,2.182516814407869,2.2983586428003386,2.383755805660822,2.473101357175137,2.641401593781416,2.7110843700333906,2.806274795257869,2.9693521713281257,3.1234402265338215,3.2529296575877824,3.326504916275661,3.500668391833368,3.5393428752181064,3.5638409138477103,3.6747537911950867,3.6868061208823146,3.7386553631671613,3.80272392027974,3.8157501070833177,3.828677144498299,3.83723680534589,3.774143518202018,3.66160636014566,3.616077012607668,3.5330342230711635,3.3221886576422825,3.2490025900427435,3.1377211728040866,3.006159965463863,2.9467883042265677,2.948657017617026,2.9770037688869024,3.093764025348509
0.47703022984456944,0.5479189248372068,0.7151900085754022,0.7678351706439376,0.8772144220217423,0.9933638258533343,1.114139897313404,1.209352373841551,1.4037023949637764,1.4591102570456538,1.5575291620665972,1.6331050454289477,1.7589458947533656,1.8786475184544515,1.9795409772527561,2.196503035418376,2.2949025096368336,2.4201671914815885,2.6213711060548532,2.687628911128919,2.8031065991521276,2.944494179858574,3.087818522878417,3.255257706618087,3.4665869875163455,3.572534938863751,3.6028237512501082,3.768294528416258,3.9834269530772226,4.038652387701273,4.090031163240644,4.209371803122239,4.282967693095555,4.3037312152361205,4.445370107431272,4.388858166657332,4.390830236614755,4.441456878877365,4.380483642373928,4.23520410616268,4.089271388208346,3.943804337643905,3.6811077888252104,3.3821316857130945,3.178793122154928,2.945277384727342,2.94284221507025,3.0524678110418098,3.1804178654818327,3.4432926642336277
0.027800893586554905,0.07179287953776764,0.28344877876757435,0.3570646260255396,0.4922265827090188,0.655368207525234,0.7078576132007954,0.7978182723447963,0.9967129533193042,1.1371785537021941,1.2836028166208235,1.4162622814425117,1.7046819657495356,1.8395863151831815,2.038221936639337,2.2476744437224063,2.4533094024504023,2.5723209640446885,2.8139289921534445,3.006273380753119,3.07963077581945,3.30844719647635,3.4243400798099946,3.531363218007774,3.7441224831704605,3.8940753978244262,3.922740607395838,4.07002016360119,4.294613094830242,4.396689892359233,4.555944402619868,4.753783784539089,4.738890293227662,4.8160553101481485,4.97820366466065,4.947317842735628,4.926583955369695,4.952466741146896,4.930391897191895,4.703802835967886,4.6018446888317825,4.280047483916102,3.7309168459800133,2.9394487134564753,2.623234778400223,2.441387423717155,2.4892247015581352,3.04286335826215,3.6256025530951552,4.0767973974707505
-0.8845620844300635,-0.7695811456155961,-0.5207763032946671,-0.4320455438117573,-0.25988476638251573,-0.022167778287512825,0.16600138407236964,0.2788684212135163,0.7057586371318034,0.7912867318444571,0.9428094518862575,1.2559690476413052,1.6281592558045759,1.9293426779208693,2.0571162261604448,2.406174314394049,2.602011811590772,2.778018920154176,3.155350027639242,3.316787547546845,3.5411087561428385,3.8347939865773117,3.9283557687985464,4.119586833123466,4.37606669381389,4.470224250592243,4.565559842388141,4.660955815554337,4.968822694517472,5.074931839141976,5.204851090413828,5.4490010555011406,5.508770317969878,5.627980727397646,5.858062859101245,5.774222589496023,5.840895049137761,5.947633792697094,5.9171169709098015,5.679414604041477,5.530523528071106,4.987828482541176,2.052131713363615,-1.0279689984979248,-1.6362342716711058,-1.898086991627302,0.26280556348074446,1.7287570432444697,5.0275892821507036,5.394630023035532
-2.0549807719016764,-2.092359606549937,-1.7761147232341543,-1.5791476861536724,-1.3914686035228814,-1.1760633272598393,-0.8997231414104044,-0.7636166259185726,-0.14585467634718555,0.09469667705322467,0.40892244825746943,0.6166345875935821,1.293261647962017,1.5634205020491017,1.9151568690416338,2.467441170997652,2.7371134264307817,2.9209354805252628,3.459116042426851,3.5737245850625503,3.878711860373167,4.1939617032943985,4.520393629404686,4.613766551044207,4.9189271476711856,5.0289334578034,5.052336592336649,5.280691796457328,5.658130295639602,5.784897607820456,5.903886314877765,6.297224516464775,6.454408310644786,6.603179025623121,6.964751996302768,6.868988784500475,6.901470249675911,6.994575314992046,6.655299947615437,6.208398480154805,4.897720625743068,5.6881737586639805,6.7338398651660745,6.6065448600285865,6.580128267444425,6.408842930324997,6.308147094981994,6.262977799080413,6.0876816163992045,5.99956837377193
-4.1188046347107035,-4.100366027196764,-3.967652601466228,-3.8497148450391854,-3.7101108634321016,-3.3002298798499266,-2.936882653782231,-2.787326686798708,-2.139383849142963,-1.8305625098779588,-1.36170805109355,-0.9074271385682802,0.10704887583841148,0.6325723254036694,0.9041626563263648,2.0471578268510755,2.223733192548178,2.721586870024335,3.3176363353044978,3.707541422837183,3.805699467976214,4.295578233525076,4.577874875928613,4.599572238859252,4.836134018945849,4.89411454772584,4.844804805295083,5.0294307063614445,5.4829488465750185,5.679286524028914,6.090863035128063,6.678312417147155,6.803083708215496,7.198421824481183,7.717231980520792,7.834136045795694,7.891205187424552,7.959298058137145,7.93728683013873,7.715418385937409,7.703578368055808,7.650658752508388,7.396402836916896,7.267044646548553,7.158755913334066,6.925061981827883,6.777741819415101,6.718376650713013,6.49115664012545,6.346182522431424
-6.22056937461307,-6.415257856074589,-6.292592346190236,-6.331817371565218,-6.432533086395328,-6.17309823355029,-5.8491523620505905,-5.853360479427515,-5.243736672323639,-4.5521615484428475,-4.091977719620668,-3.5242523455899915,-2.046741627294332,-1.6325368587089713,-0.6663253728588374,0.8354631018552666,1.7510820652741748,2.354129533544636,3.567514906011351,4.13050904847147,4.386924533132315,5.2940404186429815,5.596894838457486,5.594621477325492,5.93805080693763,5.811669809432309,5.442888087321806,5.039274995199223,4.452976932768393,3.883286648681627,3.5157123620612643,3.4176352875197242,4.743482543825465,5.909879804757163,8.521715242950894,9.050025938691133,9.035594314354134,8.962082326143442,8.81564411877599,8.394232182820287,8.331576057128157,8.115358693264143,7.7891732436416845,7.65507413427813,7.525709056531012,7.228509412285128,7.180000530694993,7.033391657785842,6.836842751512901,6.645566226770173
-8.24958681932471,-8.615503804507846,-8.746057148703827,-8.892990786355567,-9.102450213672187,-9.18318672944121,-9.102855968882947,-8.826682678487783,-8.458971213040128,-8.093740159046206,-7.423260985720404,-6.848449849903894,-5.719510625602091,-4.6769146659372245,-4.17769438493981,-2.3292403142389,-1.244584996497521,0.6933660607928566,3.1377299281807294,4.326049187100261,5.512630302737407,6.815598121662085,7.454058384410538,7.8195019386523095,8.38930442616537,8.350942790447894,7.614732868082785,6.654450298164323,-0.07132567991719085,1.6328357549029022,6.26097554081326,9.17760056953742,10.079677946100178,10.11653635195456,10.0621598381576,9.749978196299478,9.526146734085227,9.327880584893498,9.101576100722372,8.725165367616084,8.569413815629915,8.373919008786354,7.956194988755351,7.77520818760334,7.604812027636759,7.326279471358722,7.220987357298945,7.033894871781963,6.823103128991586,6.630397039500722
-8.879581027717968,-9.200400645575566,-9.378275764236587,-9.4427888244098,-9.570286692434339,-9.627683352238217,-9.647507620689442,-9.617923690580994,-9.51149278110002,-9.30618848495877,-8.875675097109252,-8.593295959442505,-8.235165682452068,-7.527510567066297,-7.204389249168734,-6.773771768939022,-6.157535021664632,-5.76828415036399,2.0450223331409365,5.09259972900035,5.752116251034322,6.18464717250068,6.41386318874635,7.295551809998776,7.77596308307795,8.14416452246092,8.96405869635015,9.198083242785687,9.443133682400877,9.750261497503702,9.82673577177383,9.896501647479905,9.683760093024565,9.548719885549012,9.33566193607269,9.035900811773638,8.949874550869898,8.730483613706227,8.555033793045327,8.267698594480764,8.093290417135998,7.991375421023005,7.625608572000974,7.417362984857712,7.26349096799371,7.012460299743677,6.836620619452263,6.6632025570792,6.440247674016585,6.244073799474554
-8.50489905356491,-8.755227424409057,-8.800835381538205,-8.819960035605787,-8.962390601247844,-8.833519201008786,-8.710906009972872,-8.417252527438793,-7.843523523801751,-7.585002259847956,-6.910558504752974,-6.586058287984912,-5.497180219619302,-4.636664920998586,-3.853790532595151,-2.8495333322330607,-3.21159341734275,-6.338888251823087,5.487889285362673,6.193349411681505,2.077968754955958,3.415590229995392,4.350557086492837,5.320157846466251,5.991372885162835,6.568817664405085,6.970378929767709,7.287203103758381,7.591153551189283,7.818017910126512,7.9443942949873145,8.020376097070377,8.047641602686593,8.006013221117747,7.921622617020177,7.750631127554085,7.636850110145068,7.572070978668,7.508032468140393,7.220607477277464,7.1316939978308005,7.04691385552155,6.680995189031264,6.564200472905145,6.488481832184586,6.216503733965639,6.141219939840869,6.005945917731387,5.844706908627388,5.789853517185367
-7.385000147519771,-7.479370729338609,-7.249482159589958,-7.552193363182057,-7.868928844898448,-7.491633079677095,-7.374051024265878,-7.170681629571593,-6.452203596347553,-5.870285639404307,-5.2360444760860565,-4.880847352114524,-3.8268312640290745,-3.1690150981189364,-2.717788332011984,-3.223440886549894,-4.984562180508638,-8.293397462166451,8.094077400539382,5.731445661439026,3.1240629896388037,2.3137948824266936,2.4907590466872573,2.9883579791000408,3.7316280079852007,4.004730708197848,4.286762684170713,4.571856042523497,5.166787617867017,5.23139951587376,5.38539965697624,5.650207618422805,5.701623542284247,5.710430427553016,5.803400018220728,5.8628583817077935,5.903694272599856,5.9261105363969255,5.935348786697975,5.8859542663983975,5.812570009090007,5.738344749531552,5.618823172455983,5.538793786458922,5.473088095499679,5.324052384345654,5.173586151057279,5.099713921963542,4.983601167058761,4.823247966469741
-5.899421155675272,-5.954724367086596,-5.857202197016248,-5.7867282434223295,-5.839365016825723,-5.73658509859375,-5.728303547063668,-5.6447536063425074,-5.13627811852015,-4.903285840483387,-4.504858120402061,-4.278119388501302,-3.4861181715330134,-3.1538040167870993,-2.7426724005624035,-2.0182170805920143,-2.0255675431743,-2.590551728503826,-6.8591875650327525,7.1029635911280335,6.255234031222731,3.4970071977177053,2.738365052201941,2.4827922783365692,2.1285576238452717,2.267239400009138,2.6205589068093897,2.893132846685205,3.30604355225781,3.4626435695328217,3.538309817421085,3.9988414478311505,4.0562828270783,4.093504941547069,4.429089793303484,4.383347895263737,4.385794512539393,4.396027852288412,4.5188761077284765,4.459221068617716,4.473602886805599,4.506242801143765,4.321887497367941,4.307314647720089,4.325611031977466,4.138067368313443,4.0843139557068096,4.109848779092435,3.9481058388890706,3.9183421407041723
-5.433969857397204,-5.477390163573667,-5.353059569065833,-5.348134328266125,-5.3386955584468225,-5.111369333932485,-4.9731349190530905,-4.941790900917091,-4.605695720397291,-4.368761943711317,-4.250326143910387,-3.9641708328576217,-3.4946698408839922,-3.2478775156210955,-2.9776072024175084,-2.5137161906212873,-2.263190324936322,-1.9573881834750004,-1.452975559089565,-1.1178565607504347,-3.094486696533874,-5.9436535863600675,-6.774071112093477,5.839427568775513,4.206321209985895,3.612974505495108,2.5430677616371957,2.1899784441601517,1.820707724161645,2.0684297775704095,2.172943041939976,2.4626537482696715,2.4585011865995394,2.610327233944937,2.8297210613095274,2.8710204438548654,2.9503940211993824,2.999336893204187,3.0242902301500747,3.049338825027593,3.0792540334627034,3.115418326071825,3.096455569282109,3.08540361085782,3.029434812245909,2.936153301911092,2.9999629363745615,2.9641376020942394,2.9331823035884645,2.930110043146587
-4.837824897364507,-4.880225366861315,-4.742255394708552,-4.725009277058345,-4.682759061414301,-4.50851153825766,-4.481956844597984,-4.399332784652871,-4.126933061980558,-3.996155244149003,-3.8544938071143506,-3.7537418423493687,-3.3674167026907558,-3.2006125459704937,-3.1481498579120784,-2.7537195252457267,-2.477275050466856,-2.3744642723286207,-2.0237120101849704,-1.7656063816012075,-1.556639222708207,-1.8726967470692955,-0.9626676336547284,-3.0296687633076473,-2.8582446393135545,-5.774649434050378,1.9674593746537004,6.3343746230440665,2.8469256837162615,1.8554974122285117,1.2834370122646592,1.527061616048713,1.5221233469796438,1.514171404764875,1.4798256590537688,1.5806597518386065,1.6240209099255585,1.7651562628642412,1.854419951131227,1.866941538476812,1.9268560353721198,1.8980788015499304,1.9462789587373721,1.959938023404122,2.0468169535248943,2.0708165484329846,2.0959864886529336,2.0374723065793123,2.006762173505314,2.0084067969641994
-4.534820045816277,-4.584877084556448,-4.514864087513858,-4.507032466371532,-4.505789530560088,-4.381613717834659,-4.282103639888644,-4.271516349799599,-4.116980354013842,-4.005900747206397,-3.907980229941213,-3.8819110488388593,-3.6593219223296103,-3.6395960180650686,-3.4957757188052607,-3.1208998563081853,-2.9903635280792544,-2.8095555575476365,-2.5883975342611105,-2.40236528602274,-2.3534672737283167,-2.078897040692995,-1.8388833550040888,-1.5990600357989655,-2.5517457401494936,-2.613282506873916,-2.376341610579165,-5.995359774372482,-3.6115734219296614,0.3147998416073364,5.40768012644397,5.394092202363649,2.9839346366527253,0.6403510487595806,3.7123894136879896,3.6864300750903363,3.3846552105280105,2.37970744409151,3.0908898225815227,2.657147021907282,2.7954658551964973,2.839965342243955,1.9702421035745985,1.377262463147125,1.028929760771525,1.0038309450476466,1.0163389373358198,1.0379307018528847,1.5652503847710721,1.1300602672952298
-4.231724012030065,-4.282512161235254,-4.199074042744263,-4.212663699986176,-4.213644983159913,-4.074420154505358,-4.073260096832993,-4.033724430078476,-3.9230846819310874,-3.8456380991920978,-3.8340401359931193,-3.7710848935158365,-3.6393874560004322,-3.5662921688398392,-3.4503030621234894,-3.3169133672214337,-3.1942678419231774,-3.0975800806998675,-2.9180980363894924,-2.7960516727529576,-2.674275249784406,-2.3985418330929993,-2.320990019317524,-2.169585127457284,-1.9191531474145456,-1.7733630888777232,-1.6007927321446058,-1.4563635070617453,-1.0724119307162756,-1.0325761337758796,-2.0323111898246062,-2.409714397148785,-2.403356709579847,-1.7215097164148323,-3.4626589053985413,-3.7971155822437157,-4.286215699027971,-3.828714102362538,-3.9480710831093444,-3.0889451588184635,-2.7881597343924933,-4.696033988154138,-3.138664418555056,1.5269841923246503,4.118508555609946,4.538629443218979,4.555637758962132,2.569266967351575,4.02726437395778,4.266040846683436
-3.958715827570048,-3.9860780834024188,-3.9350826392242637,-3.9554024051814602,-3.949292958494786,-3.8835049183344807,-3.8564171309835378,-3.86788240951098,-3.749000379454778,-3.7644736617118335,-3.7309261263537175,-3.6724325713973274,-3.58509502397559,-3.541923038499895,-3.4771212231209967,-3.332466643337025,-3.2965810203249686,-3.24825748293956,-3.106899725199476,-2.996478398102415,-2.916443896336568,-2.760031942371417,-2.625295341290853,-2.5907483887541765,-2.3828637835778648,-2.276320870092405,-2.217489076928219,-2.1910033761048684,-1.9189525889824623,-1.7841476494103765,-1.711420881296026,-1.5584728013269467,-1.4601750424963722,-1.3575720068685508,-1.1842266180762355,-1.0600158459528384,-1.0285002179508522,-0.9636956842225403,-0.8993528676045969,-0.8029382956373042,-0.7360512218552816,-0.7357833379960614,-0.709032723709073,-1.1985504100209754,-0.812840018999205,-0.617285039580308,-1.249559658974323,-2.018322016923411,-2.0123265258112277,-1.9737687279956355
-3.7183799812751714,-3.7890344960508964,-3.759263299197119,-3.7649352710288047,-3.7879314925673184,-3.7476458137848057,-3.7414233340241174,-3.757839931365858,-3.6963328137481333,-3.646673180275044,-3.6312983122052187,-3.6355245235389098,-3.588572900941626,-3.543218206937696,-3.487806202298934,-3.416277702480619,-3.3915095017453076,-3.3574765075279847,-3.21901743464402,-3.1795983153399203,-3.123834087874602,-2.9490287226953686,-2.9190530874091705,-2.89453486580832,-2.75788049055856,-2.650446087911313,-2.5998388360931437,-2.5704891262718323,-2.3915655757400405,-2.2408107071467422,-2.122124402754605,-2.061571259671446,-2.0272535425060756,-1.921884663059721,-1.7399743571695512,-1.7137694885154025,-1.6968262289463056,-1.579083875883318,-1.5002070789138195,-1.4493716617165697,-1.4168321351381223,-1.3631884891315615,-1.2799268674275224,-1.2186859815661577,-1.1954854074256704,-1.1821773060161203,-1.148335813960787,-1.155719669968455,-1.1702695549179942,-1.1914247711906658
-3.457823351346642,-3.53094728978724,-3.52810535973123,-3.5334739296976507,-3.5405989728312983,-3.5277243314258655,-3.5311682545657392,-3.5466788036938954,-3.523325808930455,-3.4889197457826584,-3.52256349491476,-3.49822963158692,-3.449272735243978,-3.457400167619398,-3.425654731995276,-3.3655926664988476,-3.338919137516807,-3.2968931425482486,-3.2393434064522513,-3.206494406001475,-3.1516076046010126,-3.1038023478829873,-3.0684951664917706,-3.0117039994008024,-2.863757195681376,-2.8377790806064533,-2.8199525926934745,-2.753540860820316,-2.622948768009571,-2.572159992585903,-2.5590956375070713,-2.406254334260787,-2.3360148132231027,-2.3014833970177357,-2.2366996845342357,-2.1645266226072875,-2.081692181293418,-1.9958355702899389,-1.9635271660768636,-1.9271697252508875,-1.758749719126249,-1.716742158725183,-1.6862653543899733,-1.711092248341718,-1.6591097711586127,-1.638038732808038,-1.6348235568795186,-1.6319470641219938,-1.642917122446116,-1.6751736310654988
-3.298161460210266,-3.3253846758400574,-3.332922843607365,-3.3544306123794336,-3.3795613053736555,-3.3673773358465264,-3.3749311235004904,-3.392950165911696,-3.3765614152775183,-3.3787169220989153,-3.371827307382856,-3.388191042637672,-3.361789766378031,-3.3769949502662455,-3.372861665866016,-3.3140666282923226,-3.3309678307071,-3.310139990281867,-3.239646478831154,-3.2133136997476317,-3.182671112052237,-3.1512616177628456,-3.0978403951516604,-3.074912190929871,-3.045637804160974,-2.9954017776992092,-2.9624518856602666,-2.9338802243025124,-2.885468171259585,-2.831162722506366,-2.7762454693797927,-2.7204546092856274,-2.664976871884677,-2.6297660553673303,-2.511303452049588,-2.441009752842644,-2.4456406380242566,-2.396670306976101,-2.369582899389445,-2.350015515217471,-2.2706281480153674,-2.221475559217498,-2.1760072914299426,-2.1716698099487615,-2.2003377018492833,-2.1927743929982593,-2.2352825780441448,-2.1848355567462185,0,0
-3.0856044706754866,-3.1241944212770316,-3.1300469636282413,-3.135501802884287,-3.17950625078582,-3.183391005008399,-3.181009328628878,-3.2054282389586066,-3.1893466986096635,-3.1775157615041563,-3.209754465814261,-3.2118095453669793,-3.1951520631435026,-3.2120275523837534,-3.219024205561292,-3.2104590058999523,-3.2007991205451445,-3.1912386501755,-3.1731255256753275,-3.1537967850993227,-3.140237305869093,-3.1052695778652737,-3.0746472719328373,-3.069286035103691,-3.006497871245075,-3.0103593477711623,-3.002134756223077,-2.9575232405087784,-2.9103601403245176,-2.882466878499245,-2.8624199979107563,-2.802365887389067,-2.7602027346535594,-2.7226854340690005,-2.65545487024304,-2.606071739637872,-2.5775343090974916,-2.5728601757713663,-2.555560649289081,-2.5101430785941194,-2.478543568583871,-2.4648070761695484,2.429283643069206e+38,0,0,0,0,0,0,0
-2.923773140320287,-2.958642141566876,-2.9658471064299614,-2.992718083446739,-3.0079316419835576,-3.011784403390067,-3.0196113850056867,-3.0451185974890347,-3.0480370363428446,-3.0663224064356815,-3.079637864563253,-3.0922279590151787,-3.073172720073781,-3.088000473356773,-3.0960354769120175,-3.087583889771882,-3.0990747446489895,-3.093922419988457,-3.071711731790894,-3.078827937636739,-3.0724917600726243,-3.041150086941775,-3.0352591597022727,-3.035501320804066,-2.9942716901115802,-2.992440368408123,-2.993095018105526,-2.9704696070582406,-2.9210410513063607,-2.87798607206197,-2.862967827950482,-2.8455148043142136,-2.842424096030997,-2.8267017113939237,-2.8127674542461234,-2.772370885295228,-2.759751337112116,-3.244495320953925,0,0,0,0,0,0,0,0,0,0,0,0
