jsons/1312563600.json
{"header": {"parameterUnit": "m", "parameterNumber": 2, "dx": 0.1, "dy": 0.5, "parameterNumberName": "Eastward wave", "la1": 40.97354507446295, "la2": 16.46031188964855, "parameterCategory": 2, "lo2": 133.9931640625001, "nx": 191, "ny": 50, "refTime": "2011-08-05 8:00:00", "lo1": 114.97908020019554}, "data":
[rows 22 to 43 of 50, columns 50 to 99 of 191]
0,0,0,0,0,0,0,0,0,0,0,0,0,0,0,0,0,0,-0.5434930563577527,-0.31439382735052335,-0.416214323518104,-0.1841145088078881,-0.14182469168286976,-0.4816839888832551,-0.44611987971281564,-0.5712584121043595,-0.5511121894503764,-0.45595382062607637,-0.5203806669357139,-0.5346131735091052,-0.46210701496016887,-0.43669270857466663,-0.41439578737856386,-0.3897202312935706,-0.3891343716183029,-0.39415819993887335,-0.3847118063184255,-0.34318406400475066,-0.2850688737779888,-0.07472522562648579,-0.05600059992579446,-0.004682761093004732,0.02827437838709822,0.11510311785987679,0.17114868730358143,0.21606293830101442,0.30981829907429975,0.36017465966219453,0.3860330264228397,0.45958260915561633
0,0,0,0,0,0,0,0,0,0,0,0,0,0,0,-0.31678126834312736,0,0,0,0,-0.40268112155974906,-0.548942357235752,-0.6610981857026413,-0.6617642846091365,-0.6823265248432858,-0.7238706402670225,-0.7301886943275799,-0.7625257613390488,-0.776109336293303,-0.7826641333554388,-0.7889560235232244,-0.8029115295780858,-0.8013346705101099,-0.7398633543907611,-0.6656065784614024,-0.5561331819013704,-0.4218000925534898,-0.3999513363822221,-0.36751490444410573,-0.3364335865125997,-0.3073697731913759,-0.2509710205070964,-0.25671240727263595,-0.14454311843121143,-0.10593673373308339,-0.05275933987461202,0.03618603191893419,0.09991233905689287,0.13174143063031843,0.25348762763274124
0,0,0,0,0,0,0,0,0,0,0,0,0,0,0,0,0,0,-0.5466595227357606,-0.6694649306693969,-0.637385647592336,-0.686024576618612,-0.7753937192085556,-0.7960894328132718,-0.8574926641646777,-0.9349631418527276,-0.9524164386270435,-0.9747106224535954,-1.0071823172879648,-1.0021645616527688,-0.910391232500453,-0.8950818922802974,-0.8912603488009625,-0.8669557939140242,-0.868855731592969,-0.8563692388536887,-0.873694065657698,-0.8646410925870327,-0.9520312964723522,-0.9805747304192858,-0.9767015329292447,-1.0093127688670676,-0.8676027066349083,-0.7023514283202729,-0.6673787738693578,-0.580952445569613,-0.4699750163038153,-0.3928852040629423,-0.3480418226375037,-0.19550117919347296
0,0,0,0,0,0,0,0,0,0,0,0,0,0,0,3.3038944722661223e+38,-0.6172589755153324,-0.5271597819649173,-0.6872798983227401,-0.9106502038462484,-0.9642427511412509,-1.0121407871382475,-1.1075136221946118,-1.1697907998456398,-1.2278228297390748,-1.2263479989690165,-1.2366342696345056,-1.1647924751046026,-1.2307158119458632,-1.2439996752430196,-1.285137857664412,-1.3411396448687296,-1.387980359903424,-1.337783423635692,-1.3824894724243106,-1.4092799925826964,-1.381884053321002,-1.3462543785524814,-1.3924230933887198,-1.3790615248558609,-1.3626630471680483,-1.3875827332044335,-1.3510315870024185,-1.3262411211494238,-1.3563224588952305,-1.3457576274148713,-1.3383164572017419,-1.3247129500073571,-1.2463140917558364,-1.0763784970827102
0,0,0,0,0,0,0,0,-0.2880753548863627,-0.3414594702202123,-0.46967111595988087,-0.7016375919550565,-0.8852036782433577,-0.8857024269290015,-0.817310182914492,-0.8706818099914723,-0.9882216837147426,-1.0544609823519022,-1.111011852164898,-1.2307395194115194,-1.277630894424736,-1.2863072477254296,-1.3501203529037715,-1.3605157686777074,-1.4041418068209626,-1.4913218497184215,-1.532232579823305,-1.6111811038644144,-1.7031520536710367,-1.7560572761525033,-1.8259142206130214,-1.917241608139568,-1.951440525363088,-1.9903922420602544,-2.0188907841948915,-2.148120140724779,-2.148422559782724,-2.1647688492727473,-2.3072474661754003,-2.1941031944108627,-2.1929215035456573,-2.289318221243955,-2.2719389433375716,-2.2046587809156453,-2.304435365652424,-2.259474580398805,-2.2103087387442852,-2.245437323124328,-2.226212318706921,-2.1548411403201686
0,0,0,0,0,0,0,-0.4650865723575379,-0.7020993729186643,-0.9022950995758078,-0.9601815133431888,-1.0275317332708054,-1.143666688816521,-1.2020402457885782,-1.2815076518251995,-1.3307682259254026,-1.4516713216656054,-1.4515115104099583,-1.4822767000002264,-1.5691540781119306,-1.614988236522906,-1.6636300160172295,-1.7853522330064817,-1.8522735483115917,-1.9548331474383018,-2.093918124470452,-2.1744807613055936,-2.237569169433738,-2.3665750695052314,-2.4158061680343756,-2.497920118033689,-2.6196268767926134,-2.7077115600597086,-2.7767287968084515,-2.867635566383142,-3.0080593363357506,-3.0645840224504726,-3.1201402355809207,-3.2543539940138575,-3.310100317332795,-3.329892643948252,-3.510561144993966,-3.5813707128587895,-3.625714676101368,-3.814799184379337,-3.8310607834937067,-3.814000426872038,-3.993676767014643,-4.018463556642272,-3.9190518424095897
0,0,-0.5921822644809049,-0.6044166718495544,-0.7015005961430901,-0.7368575024170503,-0.9029524330920828,-0.9666732759210601,-1.0644084693250753,-1.1471225984579783,-1.232036851030519,-1.2971285047267533,-1.4024917812777136,-1.4668039361288339,-1.5425020380883352,-1.6012277024772987,-1.7059859771169361,-1.736163968065796,-1.8133399990128098,-1.9549007315912637,-2.0551731659169885,-2.1144965296842293,-2.233320222817226,-2.2974928880989696,-2.3962381755784508,-2.5670803620687415,-2.6118584194674406,-2.791086545941237,-2.9687015470589366,-3.065965348877416,-3.179279766853097,-3.358843119729341,-3.4360668010893636,-3.553295195766245,-3.65494120931323,-3.88337907248804,-3.9298366682047665,-4.019545692622882,-4.241683368259429,-4.403553757655885,-4.430687999303437,-4.764253400014219,-4.857808810328403,-4.994621157110876,-5.222184026208101,-5.328884756957459,-5.486878763852037,-5.778234927717662,-5.91763421495735,-5.763996786679994
-0.6336974124777854,-0.6955574023097659,-0.7912113415150934,-0.9171979082607186,-0.997774280972473,-1.0782522835683208,-1.1870580951357599,-1.2812989035585947,-1.3203327211934515,-1.3955871996333882,-1.4457567078744546,-1.519323641213666,-1.5831076379737272,-1.6491248400705232,-1.7016053380164233,-1.7965915360099105,-1.9164722497936628,-2.034527100149086,-2.1078294328889617,-2.2534975910812287,-2.3783936833933614,-2.4585623297331916,-2.62064048454746,-2.6939497142034465,-2.8227322731023134,-2.9944609991034414,-3.1017547478116634,-3.235895154567872,-3.4430024029745194,-3.554474776809966,-3.7064668895090773,-3.9132720143171644,-4.014827436517688,-4.18605080683,-4.334030158091705,-4.561383971005804,-4.767537901934504,-4.8587705735592674,-5.082417649649601,-5.306666865940086,-5.426017618995859,-5.765958554423311,-5.921901809730337,-6.164278599536429,-6.505036456175003,-6.713687080823387,-6.936321830935849,-7.261118435182923,-7.404169085663517,-7.588331539638987
-0.9515260767157862,-0.9922446634170393,-1.0418752887993532,-1.132101932476106,-1.19225867473594,-1.2402074797777585,-1.3218765920289604,-1.3669051259508713,-1.467670500435512,-1.5474592814704218,-1.614917170765483,-1.6935104331010769,-1.8228082107400572,-1.8832567416310826,-1.9706806664795815,-2.042634916715579,-2.1842926137308143,-2.260302227825364,-2.3424151146206142,-2.4893670163874497,-2.6405866659592983,-2.7341893671596513,-2.903453746714736,-3.0115511977591893,-3.1320600261106106,-3.3278326029925362,-3.4353372021924566,-3.590878380902629,-3.830697499093,-3.9183234725731118,-4.0807881490756035,-4.30275312716545,-4.400306688190006,-4.59982118043376,-4.727802444426289,-4.995376578561994,-5.217251606435332,-5.3107742666767015,-5.627451488913123,-5.858130083061673,-5.957355932974953,-6.289667927215896,-6.5277756358857815,-6.76081272459667,-7.131077890810741,-7.352753201776944,-7.633723159380208,-8.046068776431467,-8.190040167419133,-8.490042010540723
-1.0825536315976527,-1.1446382200605376,-1.1982751221346255,-1.2750557403830285,-1.3411033277083482,-1.3887055617501256,-1.4866007974535034,-1.5518754473678038,-1.6063030569650163,-1.7213138563460173,-1.795926962234065,-1.8882762390344232,-2.0136930679118255,-2.098079314241201,-2.132320695886177,-2.240309907096485,-2.349626516686361,-2.452586325533139,-2.5285890194336025,-2.715267516601193,-2.7993108896019465,-2.912709465753935,-3.085599894671274,-3.2183435949619135,-3.3634759328005503,-3.5553015066451934,-3.6661584885412823,-3.7868338887997934,-3.971299833256684,-4.06810897822857,-4.222677590831469,-4.400560187028647,-4.558930275814574,-4.706693100518819,-4.84748890815152,-5.112787213629226,-5.328657178357507,-5.45881378772125,-5.812638645022883,-5.921834119380428,-6.134546083214573,-6.464045642398572,-6.650265692474721,-6.78413458343981,-7.131709865219995,-7.347741405816908,-7.555457807055618,-7.933454947438112,-8.137701502810394,-8.306046309131554
-1.2771727360626266,-1.3323805949421803,-1.3561434736336924,-1.4102590307606164,-1.466289864858852,-1.5130008684701863,-1.5609941559706315,-1.619136428043238,-1.602715264956597,-1.5275057863113852,-1.4349220295055618,0,0,0,0,0,0,0,0,0,-2.279675603186087,-2.6221529441384215,-2.931038008537834,-3.090592625576169,-3.233953551448716,-3.4146591311681793,-3.540044809524382,-3.6221612951542514,-3.825489093579537,-3.887514508718679,-3.959213533793175,-4.185966271026695,-4.320124200746216,-4.413269611623454,-4.592638101757681,-4.8860423982310435,-5.05065095799504,-5.175076628362603,-5.441346970239147,-5.638931154783362,-5.787551906401584,-6.12251258709881,-6.2759280262985815,-6.373632463604829,-6.704725281392421,-6.819332352121399,-6.949462272487697,-7.241729226012254,-7.316907598485664,-7.371209564301375
-1.0925872360498594,-1.0993654852400987,-1.0887374408791881,-1.0638494705352812,-1.0323948548037623,-0.9947191829989247,-0.8787577759595162,0,0,0,0,0,0,0,0,0,0,0,0,-1.8643454078245063,-2.21583334308474,-2.452945211151342,-2.718620332977857,-2.8019768626068338,-2.945312049340052,-3.1077226361857013,-3.1978572260598117,-3.2939142028269495,-3.4480245569900903,-3.5179975249661264,-3.6157575548283605,-3.8074211441485026,-3.9073635609006008,-3.9665664421695057,-4.104412251422746,-4.312663733684507,-4.4546044582162345,-4.552876456624645,-4.593489193617279,-4.817327012112023,-4.8644104300632565,-4.4445859515868955,-4.1014719545873985,-2.852203485023828,-5.194717856441706,-5.567641691382571,-5.573348926985562,-5.800307073883235,-5.841121254111723,-5.844762123447351
-0.7787878313671509,-0.7350964189281843,-0.7180900766763577,-0.6859970350182261,0,0,0,0,0,0,0,0,0,0,0,0,0,-1.5834191119762389,-1.8841551625888684,-2.203765206046562,-2.3261609098382303,-2.420802449737878,-2.5774176148848964,-2.641385657217007,-2.7052604406358527,-2.8294705119917802,-2.8599757658695233,-2.9272057653026673,-2.998106985046306,-3.048344268179661,-3.044109038156774,-3.1418358620422837,-3.182028355166078,-3.158963128201802,-3.1013484604242856,-3.119706214883051,-3.085604141613008,-3.153167389118376,-3.313297280659197,-3.6278733101085803,-3.802696030393988,-4.254215944382813,-4.38661975263121,-4.520321726248019,-4.779149573042537,-4.926065307937973,-5.023438139628979,-5.351558563068143,-5.480698055988849,-5.500510815960012
-0.5338173612083692,-0.4466138386211775,0,0,0,0,0,0,0,0,0,0,0,0,0,0,-1.5662963957567961,-1.7252620870149082,-1.8875512075768492,-2.02532902107559,-2.086741313563383,-2.143193483557633,-2.2300038981034707,-2.2810920422543206,-2.316113506845977,-2.417255525718894,-2.44770850633782,-2.4878554676789273,-2.5794839193060164,-2.6200663844583043,-2.6553348996530963,-2.818238239925177,-2.9106464551201165,-3.0652463559372514,-3.1419690959367492,-3.370677207560446,-3.452722065571485,-3.615507805708826,-3.8565546426652397,-3.936601405062235,-4.088709387882295,-4.327282115046571,-4.405784108104541,-4.50713147037364,-4.707372530685359,-4.797856761653135,-4.801905691331758,-4.952835513391535,-4.962044124886566,-4.959228871964635
-0.42959044044599565,-0.2175767743902181,0,0,0,0,0,0,0,0,0,0,0,0,-1.207794553691615,-1.4051530505762209,-1.6320843914082235,-1.7220976034105342,-1.8004490292346744,-1.9140040523943758,-1.9719487091211012,-2.021222724349605,-2.135163400003638,-2.20022701828988,-2.239057094907654,-2.366812226827877,-2.4396897685333236,-2.517259211140401,-2.663711773249162,-2.7397168324694685,-2.833416404835796,-3.038528072236915,-3.1194725816924103,-3.2550326293697487,-3.3370415315650743,-3.5419445981256827,-3.6260123028892552,-3.7338459723342505,-3.9331893244425773,-3.994549742008754,-4.0844661207965895,-4.245553666085579,-4.305449217672033,-4.359612590733181,-4.489726379652909,-4.525972421574525,-4.527575185713673,-4.619925896989252,-4.6404395223462895,-4.6155852216595425
-0.39074362606942403,-0.37164345509437824,-0.3505779606079356,-0.3020624024782862,-0.45173555264076476,0,0,0,0,0,-0.8746133413977102,-1.1186527538511466,-1.3600687259238797,-1.4652999297297646,-1.5542899308031821,-1.6250109051666637,-1.7432212011389963,-1.8040470910364825,-1.8603527448301589,-1.9591693066614044,-2.016157640969164,-2.075563291821506,-2.209214947035864,-2.257123647442166,-2.340731645663382,-2.472696315035522,-2.5340683914573403,-2.616814622025465,-2.773512563712311,-2.837914279839407,-2.9273256426705414,-3.0808079242366833,-3.1684326467707558,-3.2486960153597746,-3.348355587245678,-3.497391183797205,-3.568271845740904,-3.6237532735087385,-3.73282233503045,-3.8263641818167278,-3.8798826810765905,-3.988707290575821,-4.023527432893859,-4.076523463492839,-4.172243008437565,-4.2130353407040895,-4.205001006694758,-4.2736953303474445,-4.31261806433081,-4.323478471639298
-0.37024215108903014,-0.36989861323142154,-0.37538744148190617,-0.4046289220353664,-0.38016999813936275,-0.40159059358039073,-0.36864010275645637,-0.44332793547336985,0,-1.016372391581226,-1.1388720852008287,-1.314689725746251,-1.4635865313170564,-1.5256985763135698,-1.5946700499774094,-1.6516793784640578,-1.7645525286528865,-1.8206752104365613,-1.8517414705387585,-1.9576302658276787,-2.0357022803588416,-2.087066945020653,-2.217992867428931,-2.2812668965108935,-2.318513968002285,-2.4463407872384195,-2.5215340660002017,-2.5819650341577405,-2.7213692265999025,-2.775389170720229,-2.875045262351896,-3.0104619911887305,-3.0540388121973803,-3.1266261727323643,-3.217812624794907,-3.3150767477833547,-3.3718845200295733,-3.4080527583667597,-3.505719159676732,-3.5650265360168936,-3.621621386217435,-3.7011188635164447,-3.7551375431350493,-3.754559411004452,-3.8645088334555773,-3.8921450519929617,-3.9216795121222234,-3.9889993674304374,-4.017905387313811,-3.993859295708037
-0.8998156733306384,-0.9210027528884754,-0.9309020604005388,-1.0366569918825417,-1.0668694937527163,-1.1557132804344266,-1.2105414030728967,-1.2476621696195074,-1.2779162633607515,-1.350206567532532,-1.375152001386618,-1.4289075611818514,-1.5245382560464897,-1.5659536368189522,-1.6144359723268584,-1.6640351741405983,-1.769992412902568,-1.8296060898582966,-1.884899634287287,-1.9837022672311873,-2.0657393140928537,-2.0936162474981406,-2.1901257250399935,-2.2585094629127576,-2.3174677261043213,-2.427683799469923,-2.4632080578954088,-2.5235233089069222,-2.6565689010470073,-2.696547256692038,-2.794901634191362,-2.888862529592254,-2.951543438020649,-2.9926457356312497,-3.0416582579488334,-3.1335862435629425,-3.186482380098029,-3.234901484245096,-3.316717010421649,-3.3560415943225363,-3.3833205971435607,-3.4776870304796477,-3.510571905037954,-3.557201930879465,-3.6142571199832156,-3.6457506784031035,-3.6606410790267443,-3.7515658274850017,-3.7615804935455786,-3.751612870068207
-1.0285474131229533,-1.0478640294173318,-1.0651443997728385,-1.135482062170652,-1.1733091524682298,-1.1954499189636003,-1.283042080737795,-1.2890656539204193,-1.323148528072496,-1.4094144432921871,-1.4603353268624044,-1.5024053391219918,-1.5923540856557656,-1.6321056437710004,-1.681262393001811,-1.7282049683563188,-1.7889785082413492,-1.8487619170373766,-1.8757720579180661,-1.9870995029301735,-2.018288362817149,-2.065189561673689,-2.1459165843622845,-2.197979789191404,-2.263185145409114,-2.352901303358882,-2.4009951041607747,-2.4588124449372275,-2.538613750987443,-2.591574525365493,-2.653056628350928,-2.7215531879286865,-2.7655672733829832,-2.8261693142706097,-2.8659321430723934,-2.943159501882195,-2.9634101650603277,-3.015541706245002,-3.0841282757164064,-3.1343569084109313,-3.177416431831602,-3.2263056731316895,-3.2828697461613907,-3.317597187659458,-3.3674193507519856,-3.374790813828059,-3.402280443415708,-3.4584767987223266,-3.4719330342462964,-3.483877773097714
-1.0851115805061118,-1.1249471536774887,-1.123336594420973,-1.1979892511484205,-1.2147350634332228,-1.254298653667918,-1.3162476962205327,-1.3656896231149886,-1.4039358239064268,-1.47834745375802,-1.4948250118850708,-1.5394955978340912,-1.5951852130625261,-1.6357249202891542,-1.678724657747614,-1.7086438765480116,-1.7875873167474114,-1.8418064079413021,-1.8807788068988176,-1.962206067017363,-2.014870424580864,-2.0479902899357807,-2.138541542432839,-2.156641065059555,-2.228505948928826,-2.3041194979210893,-2.3476938919022703,-2.413123646391665,-2.465299424252317,-2.509945198924804,-2.5339348507065442,-2.6052588334884046,-2.6455782589866987,-2.697560261130432,-2.738046754093247,-2.789526826179673,-2.8112257478748557,-2.8543215595779947,-2.917892078653349,-2.9682120243933707,-3.0075513664518327,-3.034837829383248,-3.069683447317721,-3.098683188666912,-3.1372273249773857,-3.1712996689178325,-3.1776294057009284,-3.218634893284553,-3.2349912831139185,-3.2763402300405233
-1.119247901550886,-1.160760580855473,-1.188617841737536,-1.2465186095445475,-1.2661814165529013,-1.2970011597060465,-1.340299932123321,-1.371129058341948,-1.417648439243193,-1.452615378244616,-1.497563551042425,-1.5545197494532292,-1.5884410177471289,-1.6367675114980964,-1.692852551600524,-1.7011562618686509,-1.7784714259839705,-1.8279485235561594,-1.8532551763247556,-1.93302132629807,-1.9870871185399381,-2.0207926745740834,-2.111919099162846,-2.130331753911292,-2.1663115383053295,-2.219339516463981,-2.2445477193639203,-2.2880712456377754,-2.3337698206391626,-2.359491929631124,-2.396154099167061,-2.44830665865969,-2.4859232986673803,-2.516384510486303,-2.5577000517756483,-2.5972107187327285,-2.6419372523895155,-2.6802080914320325,-2.7544521197500633,-2.7708740654075417,-2.796989108759688,-2.85822765808315,-2.890997035863074,-2.9103949204039656,-2.9356707001858875,-2.9639208144685383,-2.9966043998823735,-3.014884329371013,-3.038043626418716,-3.0668009773322953
-1.1497427909170757,-1.1697095386289702,-1.187039271392929,-1.242398919255747,-1.2727441711716987,-1.2959999235712127,-1.3508374267126797,-1.3666802627257406,-1.4101726873356426,-1.4667989742688237,-1.4813055294363775,-1.5282698427740473,-1.6170748709700185,-1.6273791463224094,-1.6627591423682082,-1.7192342968046195,-1.7830958400842016,-1.8134085245978673,-1.8513025966428136,-1.8994740612582786,-1.9389151468823957,-1.9590867615496002,-1.9967676416251965,-2.039712339043388,-2.0799627543892916,-2.115375602361994,-2.1468036766960124,-2.1933494272415985,-2.205698003511438,-2.236359312778134,-2.2897080752754126,-2.335860087944971,-2.371697371735779,-2.4068189941970966,-2.422030900463743,-2.471213025228915,-2.5025332078254663,-2.511111691169515,-2.577989104836469,-2.619051057769219,-2.638091405657669,-2.683321127780909,-2.689062254316257,-2.722315701819343,-2.7876191703468627,-2.794038428146721,-2.8060697183776373,-2.833042165978813,-2.848083881980028,-2.8789869390219147
