jsons/1312621200.json
{"header": {"parameterUnit": "m", "parameterNumber": 2, "dx": 0.1, "dy": 0.5, "parameterNumberName": "Eastward wave", "la1": 40.97354507446295, "la2": 16.46031188964855, "parameterCategory": 2, "lo2": 133.9931640625001, "nx": 191, "ny": 50, "refTime": "2011-08-05 8:00:00", "lo1": 114.97908020019554}, "data":
[rows 0 to 21 of 50, columns 50 to 99 of 191]
0,0,0,0,0,0,0,0,0,0,0,0,0,0,0,0,0,0,0,0,0,0,0,0,0,0,0,0,0,0,0,0,0,0,0,0,0,0,0,0,0,0,0,0,0,0,0,0,0,0
0,0,0,0,0,0,0,0.009464221378610548,0.008583528033292764,0.006480047761834662,0.005912535424954239,0.004916900155858108,0.00416475079291312,0.003800496444438381,0.0035686340277739335,0.0033325791272148736,0.002693822154385033,0.0022757035153168383,0.0016567773478415424,0.0009235020927538712,-0.00013212563773501372,0.0007585325688490876,0.00038373057773401036,0,0,0,0,0,0,0,0,0,0,0,0,0,0,0,0,0,0,0,0,0,0,0,0,0,0,0
0.029032499371510197,0.027340335851724375,0.02516921481951516,0.020036124915987743,0.01951057586423508,0.017927507545782935,0.013613957595717482,0.013102388250077538,0.011960804994292477,0.008709591004364371,0.0075483922071922826,0.0062132010628820405,0.004930002456133666,0.004368755760750329,0.0038348015695041484,0.003270584689746324,0.0009764200404937661,-0.0007785315823726574,-0.0013447563028946095,0,0,0,0,0,0,0,0,0,0,0,0,0,0,0,0,0,0,0,0,0,0,0,0,0,0,0,0,0,0,0
0.03351283360696033,0.035233193182625314,0.03514462636927351,0.03240733601155207,0.03206870993182622,0.030484433787596077,0.023505167796166786,0.020762306442370863,0.02007021533032753,0.013868625999545789,0.011355232981345866,0.008454659795875875,0.004835131505237824,0.004391458826731479,0.0020714447727097317,0.001104217177283381,0.0005326906140234776,0,0,0,0,0,0,0,0,-3.1351608621196544e+38,0.16700617287866065,0.1689372085261442,0.16627208078809935,0.1638606787216652,0.16289144237435146,0.15020544247037837,0.14960651754135523,0.14732733336692178,0.1415995230403132,0.13652705702136853,0.1325154981252409,0.13232057247341622,0.12476404519197241,0.12188394418262165,0.11574596850979267,0.10646449262186089,0.09799144298266903,0.09459655094961089,0.08378547712971761,0.07584039910168737,0.07102225512470106,0.05764165268985699,0.05504511394398324,0.047073387559244305
0.02497723598492852,0.02794827105448265,0.029187178966697785,0.031580103297769356,0.035724089801946496,0.037611137307250374,0.04099091531882348,0.045088180626289824,0.05058214626206827,0.03712725112108459,0.03395705800496611,0.0044413871083334696,0.0019870506326361516,-0.006258473532237436,-0.005734000089838804,-0.013984910018179976,0.013416481690243749,0.08785199124399644,0.11650278402113713,-0.17660733030922007,0.16863640003593797,0.17828708363057075,0.19129610880920217,0.20441441517422335,0.20939434334907361,0.21935117571331567,0.22425734886394313,0.2277363259193684,0.22797238860790614,0.2305042083193654,0.2276289826886874,0.22161165375017455,0.21385904337093609,0.2088385355440512,0.2069942275816538,0.19077686724596277,0.1886488777674914,0.17647338818736674,0.1656879407388921,0.1556539757654179,0.15486148336798822,0.14233613348419405,0.134940760077396,0.12914366736981656,0.11408012789657412,0.10939242395664647,0.09897252864260546,0.07620794160819837,0.06713966002410166,0.05485577609162035
0.0053121895354443635,0.0052195374267287355,0.007483812152704549,0.005892245324060746,0.008138452970395652,0.007785951620450051,0.011371212555391799,0.012795560605607931,0.015367888072124223,0.018218304121970442,0.021453228101714336,0.02911177062787005,0.03530351883596135,0.04204798552449568,0.05289109094665398,0.060508826392803576,0.06859922246878035,0.08832838962569309,0.10278395681041526,0.12343660589312239,0.14705056650149362,0.16088939810260236,0.18112601610552734,0.19486506757884808,0.2156908924884385,0.23711795224974347,0.24764545467729215,0.26001794916706983,0.2724884851110375,0.2778385882856942,0.28531983167273595,0.28362910536438135,0.2791761430089431,0.27669574769287153,0.274355046408317,0.2582628862293664,0.25016915556070213,0.2396638637083022,0.22646280189844148,0.2202977196797789,0.2100711928458583,0.1960529656690183,0.18691507152027498,0.18590832258871515,0.16745755725320519,0.15732492050905078,0.1468240498649813,0.1093573501415798,0.09264929134548588,0.06266629100721766
-0.031129200956062253,-0.03106353201677713,-0.03192334385576543,-0.03298716373383266,-0.03308683484268162,-0.031051184192386058,-0.0349319635928441,-0.03188269758245579,-0.029168465747986618,-0.02824894870945041,-0.025725254379149888,-0.02521218580404135,-0.02393387427197452,-0.02095433012239202,-0.015301100082047622,-0.01094701301890842,-0.005743612771974076,0.009649556493810723,0.01700745951029437,0.03196009486718215,0.0634763885308294,0.08163462994115554,0.10291895854420023,0.14098309700247635,0.1765133276038632,0.2149584472443538,0.23332499374825094,0.25646019611595383,0.28501091293717645,0.2928819781673819,0.30781465885363374,0.3261825724120982,0.3267859103412091,0.3317037599239194,0.32586273659970444,0.3165874145416839,0.30817695720572547,0.30442863757410726,0.27985784292252064,0.2726944859850502,0.26435591304617917,0.2511535087717658,0.24199009873268337,0.23664483540676234,0.22226365900530662,0.21737463527481862,0.21386938053822754,0.1914588297998123,0.18690927464420362,0.1720047633077423
-0.04463450005499262,3.1375240009470642e+38,0,0,0,0,0,0,0,0,0,0,0,0,0,0,-0.0629397322149344,-0.07416086567638569,-0.06688807712414309,3.159071299951116e+38,0,0,0,-0.059533414148357784,-0.05921532405893516,0.04136438872261953,0.19024816919969414,0.24094905488527943,0.2798815872647221,0.29304364603931626,0.3176951347562645,0.3496478480928304,0.36058081698467054,0.3750166951455503,0.3817650936512141,0.38706733211745514,0.3835076684295778,0.37962127854211636,0.3678141408279631,0.34754705319815454,0.3413819619181346,0.31931943832060594,0.3108764857837755,0.2964856498328179,0.28174460572596066,0.27517132530926364,0.26818226373104115,0.2527935297118445,0.24448057302025353,0.23262802456323517
0,0,0,0,0,0,0,0,0,0,0,0,0,0,0,0,0,0,0,0,0,-2.7131611212731917e+38,-2.8302851996097138e+38,0,0,0,0.2600719224789278,0.27299756039330175,0.28560747336264986,0.2992826638839021,0.32536068043869654,0.36188447579482436,0.3897071072635088,0.40423142958763797,0.4178890540352049,0.42848034889602116,0.4363817397846465,0.4412622181384456,0.43562464384549926,0.43395908936644434,0.42212477740843946,0.3982030424981112,0.38751363212388606,0.37564892821269114,0.34553769479048285,0.3304866480328206,0.32224380108057316,0.2990886163662466,0.28734297304750767,0.2716180315535483
0,0,0,0,0,0,0,0,-0.25134629113430507,0.18213129269607709,0.18491083044424797,0.19854763879259663,0.21824611533694768,0.22520759744451832,0.2377833138681586,0.2395497559215415,0.250903500297409,0.2479599941543177,0.2585403690637835,0.2622250480892666,0.26710751749040734,0.2676438790375772,0.27246819997745303,0.27637091982188977,0.28433988804275684,0.29985640903459027,0.3056069309346879,0.3142486452454941,0.33536505388046595,0.3520914978705376,0.3695880634958314,0.397454087172537,0.40929838826986104,0.43075807953476664,0.4464899769275485,0.4653243854429164,0.48463378110578603,0.49074182189194004,0.5018073687592529,0.5090562094380118,0.5098739610302049,0.5053617147340659,0.4943188771755,0.49029898026456287,0.46914066775723073,0.44886047100476506,0.42846236314275776,0.40454750147859025,0.38394747434006465,0.35907921117803565
0,0,0.1305279509936626,0.13233572264950424,0.13676064039804195,0.13939464855302605,0.1537509525599967,0.15623381187480928,0.16227473784264962,0.17219045571570618,0.18684757892443307,0.1928229510247494,0.20513831488159232,0.21141509535322062,0.22931015622401824,0.23702894667942578,0.2496928721272448,0.2579871789852951,0.26457952428705206,0.27075063566406,0.2780509909359585,0.2809780289410008,0.29507644319089615,0.3066910802094111,0.3121836417430549,0.32300521509351476,0.33105107669003536,0.3389460686752906,0.35618018046793043,0.3663315717254158,0.3798007636119605,0.39906383341752105,0.40719427615701526,0.4296589395744859,0.44384255095720737,0.4664271636052585,0.4930239430800138,0.5051100000115432,0.5375076780952911,0.5508924314287947,0.561850536195545,0.5699273244235642,0.5751056609699419,0.5803618921907943,0.576549380573776,0.5691355314639235,0.5593573483988807,0.526121073639955,0.5085553453033554,0.48240299997308306
0.032221474051148384,0.03600775503103035,0.03693585289456122,0.04504688704229893,0.05812025038400659,0.06274617146407906,0.07118842596642114,0.07690057696114172,0.0848378241208378,0.09574259343501479,0.10164326788223917,0.11726967184199302,0.1330221780685219,0.14914979656492422,0.17854356241757535,0.1869879534826586,0.20331082999960232,0.2237471915145064,0.23817266769299125,0.2533786027214896,0.27071926283259734,0.28547728419768303,0.2964662882561633,0.3067475417165576,0.3142122914824701,0.32636776948827334,0.33498565840657685,0.35061491527288974,0.3609834469363015,0.3709687687371784,0.3920934230784719,0.4024205362727983,0.4134705838733236,0.44249440388112493,0.4586276366716542,0.47942349625302094,0.513281254597413,0.5318223419315329,0.5568409308648385,0.5866871599317818,0.6074524013097445,0.6411672460678691,0.6517234030832537,0.6671970979741997,0.6801659710653433,0.6830369181830193,0.6940922698909168,0.6946528089420233,0.6892007422220731,0.6832647965120184
-0.08601689638777534,-0.07939597391328625,-0.07262856195527861,-0.06394176580160184,-0.04979027330654825,-0.03854713930937715,-0.03453975581336107,-0.028859690529880733,-0.005090516858880068,0.004069281077626622,0.011664264687269636,0.027504875155956402,0.03318430819766726,0.0443890478674937,0.06912692704140708,0.0856235040255236,0.11260628674465109,0.1533232267525334,0.18453427339712924,0.2049304031430458,0.23348384165528993,0.25161215428121625,0.2713049152016138,0.2829340923243635,0.31137997817148716,0.33812240353314943,0.34963205955276483,0.3616870013183359,0.3723194597196767,0.38109662380321147,0.3934687463993173,0.4062183065044067,0.4220334434089876,0.4406749149846099,0.46618283457249016,0.4853188243142698,0.536559952318464,0.5744688330468121,0.6078151949155047,0.6320268813826755,0.662068525550929,0.7168752307156636,0.7432241449426269,0.8208817435932172,0.8663488247977232,0.8807774913001728,0.9170515179249822,0.9227598933778252,0.9275860188050747,0.9402011408430965
-0.1869812872268574,-0.174687946718751,-0.1644794808549002,-0.16661843201842705,-0.15857741410638188,-0.15844004270587655,-0.15772481328896648,-0.15415283496257431,-0.14038409826168982,-0.1363413986081119,-0.1272886925749318,-0.09984415122147185,-0.09183597457316253,-0.07914602711497104,-0.04263047797697983,-0.0263981817163583,-0.01722895620998128,0.022295006310032128,0.057878875569979865,0.07800666357715094,0.11562152937839767,0.14443061900964727,0.1666662964221216,0.19083778135393195,0.237503104456677,0.2662341578521684,0.3073549423511445,0.3413186670829838,0.38571188494221037,0.4124363573351493,0.47503467471662236,0.5159555506986918,0.5248973861155087,0.5616487230737978,0.5794843403648712,0.6154773437765712,0.6517715603467169,0.6720786720674139,0.7137178580627499,0.7413020928380283,0.7664493008350868,0.8129622293306142,0.84751444018871,0.8961484644485087,0.941140910999955,0.9671126947469072,1.0190911337854884,1.0651148966598942,1.0768843750283836,1.1059689876749286
0,0,0,0,0,-0.22649660010379863,-0.23988170231934045,-0.24048003433538537,-0.2316612227725069,-0.23693754190370642,-0.22753922031678536,-0.207413625107817,-0.20487191888942646,-0.20362477079752525,-0.1779030001169933,-0.16486591888790222,-0.1502923758075818,-0.08657170702955626,-0.047550851871446635,-0.004917177299292019,0.0854237575641705,0.0935494809441412,0.11791346170077208,0.14653241832749728,0.21021936646735276,0.23625160059154804,0.2889646369041237,0.3494832295255845,0.39642223160453816,0.42931490089959257,0.48199377793625986,0.5210825793676593,0.545134025856548,0.5852801411371162,0.6141391737788678,0.6446972640116733,0.7022539797201238,0.7247577308091907,0.7672537459584352,0.8061057106073839,0.8363383896696676,0.8733981221638004,0.9058441712763544,0.9586815129321833,1.0173821694808878,1.0529558450924696,1.1096545273526848,1.1592897519010323,1.1953553658491416,1.2505368709900218
0,0,0,0,0,0,0,-0.30016674805453936,-0.31303402119927937,-0.32826794007350407,-0.32972828796442344,-0.30263091575846635,-0.3172202813382399,-0.3099599063005141,-0.27661614605042767,-0.2655681217309407,-0.26868270401802985,-0.2206040988686174,-0.2111373931963974,-0.19180920615468852,-0.13297278613423813,-0.08258369385975876,-0.044581709708326644,0.014240976444189792,0.09928967926336912,0.12876247575377234,0.15830136450373547,0.2098680721222658,0.25978868428957147,0.3098402913310132,0.3724083935791,0.4271982172687803,0.46663583177178974,0.5358113111414001,0.5775112096274296,0.6114109217780195,0.6804062184938938,0.7098409299766945,0.7504662818873248,0.8097697831722516,0.844987080227218,0.8922673984789641,0.9267990903219115,0.9906084063789484,1.0307874522948686,1.0728350585039284,1.130373820896903,1.1827384150970843,1.216104209361676,1.2870037531716387
0,0,0,0,0,0,0,0,0,0,0,-0.3226669057804186,-0.2786154585025244,-0.3441216527976702,-0.3542880318923064,-0.3646946805825078,-0.37805737444407034,-0.32107357601328124,-0.3122932557145167,-0.32002331967539305,-0.26105820601156404,-0.2156179148651585,-0.18093400111675678,-0.1529642789689387,-0.04545746206156702,0.018126943057123607,0.08295145626022735,0.19208127026517643,0.2260837881632471,0.23822459213292488,0.27758632281931717,0.3734181431683464,0.41456159417994426,0.5057580217417997,0.5148073833480495,0.5798707438104831,0.6473524125873931,0.6874876114713794,0.7705819770147543,0.9226460798479101,1.016554195726728,1.1033068694575427,1.1807470749682212,1.2377938686359276,1.3351954692340864,1.3558311932911178,1.411342765223873,1.4662683462391377,1.524894147129936,1.6089201074155857
0,0,0,0,0,0,0,0,0,0,0,0,0,-0.2945068415206525,-0.30003155066557197,-0.4750441209804901,-0.5164723674025118,-0.4393671089086993,-0.4164973001303244,-0.3966463005964569,-0.32916839439795964,-0.302486761807089,-0.2901976264576438,-0.26486499931161644,-0.1917659178490919,-0.12047148671403705,-0.03938921385007091,0.09893313135314412,0.1920035596738829,0.2767568116220801,0.44411738579978904,0.5037193436037642,0.5680632163068484,0.7095173268078242,0.7779443586467493,0.824664541717601,0.9354812102979386,1.009977632754703,1.0904487816254762,1.1454070641031417,1.1980846378992454,1.3199113468437835,1.3348379307640996,1.4475596092666694,1.512675488324306,1.5622368012078323,1.555122216544239,1.5647959413839834,1.5526819855722984,1.6141455607133153
0,0,0,0,-0.33554851802273516,0,0,0,-0.32070123552047197,0,0,0,0,0,0,0,0,0,0,-0.45674138957334975,-0.49936890372097303,-0.3574383391963583,-0.2778929977588996,-0.13787232803777086,0.04008248645478336,0.1927518629699444,0.26274035122337575,0.3646607055009377,0.4967621721725715,0.6042728510059759,0.7052668726681671,0.7652242341937123,0.7275194102426503,0.6817234456060632,0.7134008134496017,0.8059343540489052,0.9168256007609384,0.9975517967347692,1.1044247616006133,1.3043609162889045,1.377017794414843,1.4683930760403785,1.536921604185427,1.6942545894054424,1.7951377130903055,1.7774142066566372,1.832373222933558,1.9263851357847233,2.0640205766447814,2.235418215677432
0,0,0,0,0,0,0,0,0,0,0,0,0,0,0,3.1206246170909975e+38,-0.2887057572713731,-0.34241808249649075,0.08902593083613036,-0.1313493740150828,-0.32319610718001934,-0.4393217896780554,-0.6262897860512646,-0.6098500674252622,-0.3153841748860008,-0.12763876083227987,0.08019105167613177,0.40925695051056804,0.5867348231369801,0.7135407457081723,0.9254598204399225,1.0089425494048485,1.0281013063331554,1.040850523072665,1.032281101652094,1.0735894450528005,1.2082420036247041,1.2577477963626096,1.3333849128656754,1.5841843333587342,1.7191912916496763,1.9174585012023002,2.0624827043919938,2.2537937964017503,2.389907516194546,2.510848751327737,2.6505711739136024,2.7486484939022255,2.8017590934345242,2.893537263156132
0,0,0,0,0,0,0,0,0,0,0,0,0,0,0,0,0,0,0,0,-0.42561829745224766,-0.5777859315059095,-0.821786369277003,-0.8421118594720534,-0.696920865390808,-0.6965780935345504,-0.507478909344032,0.4158895432635888,0.36782072870780946,0.4322057718078507,0.8367905896765312,0.8897335986225183,0.9926210442095285,1.1771608254449226,1.3061027337531486,1.4838360380213083,1.604123369979387,1.5680502955021618,1.6250588135010822,1.7993776029590063,1.891082648066079,1.9836646073248492,2.10514658554644,2.3249155752162203,2.4606247051331187,2.5588197536299595,2.7173252530146366,2.9245145786279676,3.154816841317791,3.315872814713911
0,0,0,0,0,0,0,0,0,0,-0.6375184254248558,-0.7667970543728727,-0.8203896121299005,-0.8653430141941415,-0.9114955288102509,-0.9364016794274374,-0.9979040467715407,-1.0419900589530102,-1.07475374666339,-1.1549772403296612,-1.092113726858717,-1.1031884907630898,-1.3283252055887838,-1.0395809025536036,-0.32823966686609035,-0.19524693879763869,-0.37889034033579744,-0.5917414436575656,-0.27223767834527857,0.009809368313264982,0.12066714629533654,0.3333963613228578,0.5945315368116458,0.835734044807292,1.0430014430591874,1.1858336253063049,1.3589619281102765,1.386122296542991,1.4708604781969512,1.7553204482394893,1.940256269013853,2.1650783957856907,2.2726871199783503,2.497450298763831,2.588596564480089,2.6823582451799344,2.93951815598578,3.239275067072133,3.370074503914616,3.5453419162804356
