jsons/1312502400.json
{"header": {"parameterUnit": "m", "parameterNumber": 2, "dx": 0.1, "dy": 0.5, "parameterNumberName": "Eastward wave", "la1": 40.97354507446295, "la2": 16.46031188964855, "parameterCategory": 2, "lo2": 133.9931640625001, "nx": 191, "ny": 50, "refTime": "2011-08-05 8:00:00", "lo1": 114.97908020019554}, "data":
[rows 22 to 43 of 50, columns 50 to 99 of 191]
0,0,0,0,0,0,0,0,0,0,0,0,0,0,0,0,0,0,-0.2940216662671176,-0.17144527676207627,-0.24920115986858885,-0.06335764364374194,-0.04625938917196463,-0.2162914549346657,0.05289822020937342,-0.07770142923393886,-0.20033621685031358,-0.19473708793065847,-0.26588023688100365,-0.32534605851040677,-0.3348725513301247,-0.31931725312080433,-0.31686701475802426,-0.33159999318519384,-0.3495144175598283,-0.4200051923327551,-0.4627552183501284,-0.4754265610760226,-0.43179546126660145,-0.27716458138558847,-0.23914270178491237,-0.20566554602532308,-0.19227204292162542,-0.1340168943836807,-0.12451697375612422,-0.10339270368545235,-0.08583524160353777,-0.08847615243098407,-0.08935123094732668,-0.0890037706267853
0,0,0,0,0,0,0,0,0,0,0,0,0,0,0,-0.14200640395423664,0,0,0,0,-0.1788781664169967,-0.22912126236122832,-0.262775626212262,-0.23354823968436966,-0.2773986981510221,-0.29396262578149057,-0.3134768739671161,-0.3595173427965679,-0.3744232565982195,-0.40033910244752396,-0.47047050636769855,-0.5022344990359918,-0.5202359066807204,-0.5318905901473445,-0.5034121489574296,-0.4365229142808953,-0.39829579265753773,-0.43116080722920125,-0.4352525673910747,-0.4818989526354642,-0.4805593543720308,-0.43718136508981315,-0.4618840520097722,-0.41908137735698775,-0.4217552933398326,-0.41996995348581323,-0.4022933853982778,-0.3788256855468635,-0.36693478223251375,-0.36952695723475887
0,0,0,0,0,0,0,0,0,0,0,0,0,0,0,0,0,0,-0.2987624131888243,-0.33297195877882674,-0.31793559375200375,-0.330934860901696,-0.36427611443640784,-0.3596878004611332,-0.40646738280217315,-0.45905374354500406,-0.4741260594549538,-0.5153010540935046,-0.5408586555832648,-0.5713972396395969,-0.5665017232975398,-0.5421803918408729,-0.5479839725621282,-0.5805752550717217,-0.5990050681712857,-0.5994027103727418,-0.6195686624879537,-0.6690305888347143,-0.7708905115307326,-0.8108202301205703,-0.8130817056673912,-0.8660914724964104,-0.8088757121880923,-0.7369483024303496,-0.7487906285517173,-0.7119784167857122,-0.6885878163575314,-0.6879436613785134,-0.6833428466124032,-0.6720682802955866
0,0,0,0,0,0,0,0,0,0,0,0,0,0,0,3.3038944722661223e+38,-0.3602259427001658,-0.3042027604957869,-0.3789920964382814,-0.4635904428572201,-0.4870807058466885,-0.509311207114361,-0.5624953168020115,-0.5813817047078307,-0.6475862586537278,-0.6027029075301675,-0.6156053283278315,-0.5224176502737656,-0.5499523564593551,-0.585887154504011,-0.6457352809625033,-0.6870662197333303,-0.716851564399693,-0.7309138788322556,-0.7656795954147143,-0.800026670824777,-0.8090758291091817,-0.8091143813347916,-0.8281427175338693,-0.8481243806312595,-0.872602993491503,-0.9009131537321802,-0.9216397030005656,-0.9662649918112324,-1.004168842774237,-1.0216721841265664,-1.0440643628032715,-1.0815193149570774,-1.0844295942041484,-1.0783225277813528
0,0,0,0,0,0,0,0,-0.12199803003134865,-0.16639380222282574,-0.23794041492370335,-0.3346215644795424,-0.4039531155716828,-0.411372303937115,-0.3927686384418837,-0.41703230792017193,-0.4641607104416401,-0.5003234424485974,-0.5491286087413941,-0.6022257379095968,-0.6270660560595249,-0.6002381147058425,-0.6068979435078852,-0.5870199709421502,-0.5889315582461323,-0.6380301847788671,-0.6777089617878235,-0.7350085752377405,-0.7669499920025558,-0.7944744625276239,-0.834371221940376,-0.8990099723314126,-0.9293729363882041,-0.9727569645099591,-0.995629965221851,-1.0579258999749714,-1.103664537052887,-1.1230529239595501,-1.155910742909116,-1.1501565785953671,-1.1643135288089559,-1.2148439778271682,-1.2392010605659616,-1.2797184730874853,-1.3476643962185644,-1.3713660007083013,-1.4238032912413918,-1.501901302113273,-1.5256662491910433,-1.5847947860957978
0,0,0,0,0,0,0,-0.26600952431584785,-0.3756854827875907,-0.4761931151410003,-0.5038783224825749,-0.5453226100325291,-0.5931499873459125,-0.6395733235934937,-0.7082594008653085,-0.7289440607371258,-0.7864618476747748,-0.757181204573313,-0.7249187701655131,-0.7215226603776543,-0.6950365179723931,-0.7388222019964021,-0.7792370201394687,-0.8136409841392437,-0.8881854866656448,-0.9490320063932516,-0.9971156119501912,-1.0545116711322673,-1.1160209551732996,-1.1334326999944428,-1.1918277889315643,-1.2425487080022677,-1.2803997017732616,-1.3238651272271547,-1.371624146812734,-1.421858101621469,-1.4572453074663931,-1.4767191895644698,-1.5323696704739258,-1.5619093429637103,-1.5787685670690073,-1.646446492685574,-1.7134129661969932,-1.7763268550230433,-1.85163170425175,-1.8639438338225445,-1.9104349184776517,-2.0400102665857864,-2.080104066698316,-2.123048063720507
0,0,-0.34834906164638746,-0.31427807937763313,-0.3579181585266502,-0.37941589156921807,-0.4897475593670468,-0.5332959397951402,-0.5915852347884091,-0.6360080867068642,-0.6651766236168631,-0.6997169450204407,-0.7409375603751084,-0.7767843484714019,-0.8183682603063642,-0.8355622499904819,-0.8818229491280182,-0.8968489113383666,-0.9202639710046524,-0.9529227422649809,-0.9939840446168207,-1.0227962979213834,-1.0618412475038792,-1.086343667103571,-1.144273856057136,-1.2099274877030475,-1.2304713073728555,-1.3312624363912569,-1.413787790036221,-1.4610766468739895,-1.5190692077013512,-1.5811210103254931,-1.613910982067787,-1.6917434973611225,-1.707080041370519,-1.79933466718011,-1.8087077168448755,-1.8388158203532037,-1.9382682757429563,-1.971089227371785,-1.9866715391200813,-2.105621073732552,-2.1406825602252306,-2.1924363967775156,-2.3307338579597072,-2.407063575352667,-2.5120160496723156,-2.7286507295673754,-2.8338670159487434,-2.7817648819802687
-0.3676007335687712,-0.4439332621057996,-0.4956623391791725,-0.5695990654359119,-0.6020843615106557,-0.6520530216214941,-0.7049196622212819,-0.8130895863803785,-0.8436673354234894,-0.8425313873597471,-0.8450858356812896,-0.8735016728698282,-0.8673480039874611,-0.8912479534438466,-0.8203718334170809,-0.8667506869953774,-0.923455529877107,-0.9796836778014255,-1.0192024326800853,-1.0856680098067728,-1.1555193646258375,-1.195929983286408,-1.2670785595321905,-1.2995807376743393,-1.3569436289235695,-1.4200263343582258,-1.4623156417825105,-1.5388001569286165,-1.6346316442456925,-1.6810157003131236,-1.7470834327078617,-1.836067929477246,-1.8727304478542472,-1.9445030490113748,-2.0152840796615292,-2.1086151975592293,-2.1716731097897335,-2.1991592647380913,-2.267314030599145,-2.324675656820643,-2.3800662843864133,-2.5767479752970237,-2.6782458364798023,-2.828603457797695,-3.0011793445785706,-3.1208474129768153,-3.2326393051973867,-3.445290121412466,-3.540350281438561,-3.5884605593723244
-0.5974309051704529,-0.5992861727210139,-0.6174492886642603,-0.6936953869077374,-0.7296174727726192,-0.759582093532194,-0.7922289257560841,-0.8010079286929442,-0.8496562052724779,-0.8844658581700131,-0.9189563372940655,-0.9493071590850509,-0.9968204250661753,-1.0139935564294844,-1.0170724256538353,-1.043174535165128,-1.0965824381175098,-1.1479413642216936,-1.1928240366379002,-1.2482157308501993,-1.3242068770281588,-1.368725367214956,-1.4365769416068372,-1.4645633501180935,-1.5357731290311634,-1.6349117026504358,-1.6931702697385207,-1.7836780921249613,-1.8773777952340969,-1.9289685307275817,-2.019324220332496,-2.1044889796077584,-2.158712679219423,-2.2631225827054697,-2.3209985897592387,-2.409842646644049,-2.5434466024143294,-2.572793664313199,-2.756549478716339,-2.8708998820542018,-2.892969639421098,-3.1375958007754017,-3.3087685989245252,-3.47111755765973,-3.7023283834127296,-3.844463223456318,-4.0102606446323845,-4.281699126646736,-4.374794262724417,-4.50345084420108
-0.6479207447038904,-0.6203806783083302,-0.7149875849417855,-0.7909612661846179,-0.8224338108850471,-0.8383722755939383,-0.8780488064196867,-0.9044506195004862,-0.9158344706483279,-0.9317967999375057,-0.992627286275811,-1.0769220793684255,-1.165099133869223,-1.2112046261408427,-1.192552128150125,-1.3056993261860477,-1.3490097425913243,-1.3704667441936338,-1.4048870777454177,-1.4453332465106774,-1.5078204024560953,-1.5668140818567255,-1.6404369294476178,-1.7251868351850632,-1.7914838069924883,-1.8866520186187021,-1.9525979950306622,-1.9903318782380406,-2.066374355006023,-2.111145306904081,-2.1961945446694844,-2.227838768036364,-2.2603553895683657,-2.280664149114276,-2.2910370207188544,-2.474484834670883,-2.6074954514313333,-2.695603500390117,-2.919174096268309,-2.97285344465249,-3.1565093778042073,-3.4688271451265686,-3.6490036136073356,-3.777815085604192,-4.056096892975574,-4.231602682595662,-4.394195845815804,-4.714905942888997,-4.890451915961325,-5.010035216433609
-0.7488007345658033,-0.7654916296034057,-0.7791616872350322,-0.8063559857818983,-0.8216505367411376,-0.8261528936439616,-0.8345295984530235,-0.8399989913887258,-0.8330110095303356,-0.8231100367714849,-0.819300833096264,0,0,0,0,0,0,0,0,0,-1.1351481765057752,-1.2744671522034114,-1.4076966186730537,-1.460670832187459,-1.5094090768396975,-1.5970662563787428,-1.6423019708270559,-1.6606741552139832,-1.7145120661311573,-1.722485247310426,-1.7041782054175378,-1.8107398313961163,-1.9025754374547152,-2.033924469638146,-2.1705549910839887,-2.4467645422038666,-2.5553944828515216,-2.651169012950786,-2.8688897824516064,-3.0617005844156986,-3.2093603043625687,-3.549061809586975,-3.704705390304818,-3.8025748715820593,-4.254216233886454,-4.3533861493356225,-4.5021991898251645,-4.838337634219461,-4.961403859887493,-5.074576176177457
-0.645845736418973,-0.6215481516835989,-0.6066603561598182,-0.6158249555972938,-0.6031346513761798,-0.5930857017206717,-0.5696386718698917,0,0,0,0,0,0,0,0,0,0,0,0,-0.9448919841161415,-1.0321813360451497,-1.130030685985225,-1.299154423146008,-1.341841852489525,-1.4007945211641593,-1.4574150881323087,-1.4901857577536333,-1.4940007831603044,-1.5693275990906101,-1.575988852258027,-1.5936732372328364,-1.6458475272216817,-1.6882891169065775,-1.7157780745553421,-1.8130424179841897,-1.9932973821771287,-2.1442651284711722,-2.2463911094985205,-2.2567487013939234,-2.4121830736033716,-2.558156985384259,-2.4893727259234115,-2.4741920667802293,-1.579296958261719,-3.431600093963598,-3.7460589953961287,-3.889530678675635,-4.207757421271174,-4.291342356073799,-4.358546125317128
-0.48410828390792787,-0.4787383051983704,-0.47711674104780716,-0.47640532717047773,0,0,0,0,0,0,0,0,0,0,0,0,0,-0.7417158540504032,-0.8926087317038851,-1.0643323388025943,-1.1026073046362561,-1.151719466354359,-1.2452490654879296,-1.2805370785730423,-1.3012196123321735,-1.3506208248400564,-1.3504510849818911,-1.3697664465863866,-1.3920554736535278,-1.3716136181930743,-1.3241258968781149,-1.3952130359115793,-1.5116003167131435,-1.5743757213750809,-1.6339255310499563,-1.8411003806810875,-1.9562866568782664,-2.0352366989592183,-2.141815480222473,-2.371192037880501,-2.5158390254937175,-2.941255737691262,-3.0499584955040553,-3.253678134122445,-3.5851341455268324,-3.7074361217144793,-3.830689609123679,-4.212689443091046,-4.446083866001086,-4.622770031946052
-0.4039742513313064,-0.34711498901888516,0,0,0,0,0,0,0,0,0,0,0,0,0,0,-0.8778352740218407,-0.954927560711052,-1.0554361345263463,-1.1224578813554376,-1.1396441474743058,-1.1684672635411617,-1.2077994474872944,-1.2395218879460836,-1.2550375522959893,-1.3154323680862476,-1.3336019028000068,-1.3258933311931604,-1.3284900159326534,-1.3135987771365218,-1.3052605319999113,-1.4760738998350185,-1.6078427380031308,-1.906889283895615,-2.0139394973486344,-2.2776127053806676,-2.372042671189985,-2.5512959110390185,-2.8599981712528355,-2.974583110396694,-3.1439135649268564,-3.37309849314963,-3.4605171448061354,-3.5776521798473886,-3.7938191784354305,-3.894894463211818,-3.9912128270172933,-4.332321920727222,-4.454593080347332,-4.556093632928303
-0.3486379484561369,-0.1697675759098711,0,0,0,0,0,0,0,0,0,0,0,0,-0.7422350822362388,-0.8690359712752547,-1.016357982399975,-1.075871036265314,-1.119327661843645,-1.1680306286953304,-1.1908191070662566,-1.212276584279833,-1.2700623958440307,-1.3003085282677422,-1.3218434614773535,-1.4065880138205515,-1.4593146037371847,-1.4948654786137783,-1.5776471300322588,-1.6087126361981736,-1.704692694588774,-1.8868294706766917,-1.9678376030860654,-2.169738473750244,-2.2497255991546696,-2.640562869551815,-2.7289285940274772,-2.841134544398216,-3.052362891703043,-3.1145477515419464,-3.2339308664117468,-3.4071914651785136,-3.4725439613533884,-3.5510061844737155,-3.714822960508561,-3.7828164529152644,-3.8793272742638094,-4.125444599924308,-4.196772073557217,-4.1966198290406425
-0.3360756697081101,-0.32067533613456983,-0.30572997392587864,-0.26535455271442987,-0.3555640523992673,0,0,0,0,0,-0.4957409081219098,-0.6748050352446229,-0.8148258334793096,-0.9140212285392973,-0.9883528164271947,-1.0435242825140472,-1.1452385255819781,-1.1871974196816835,-1.2328335906410877,-1.3043919378564437,-1.3414802774576713,-1.3791609681354824,-1.46919655434584,-1.505417891349088,-1.5731213587694188,-1.7071504693929767,-1.7622373051361484,-1.8360787110801553,-1.9854832027623794,-2.0552358677572182,-2.15914881536432,-2.332119061646329,-2.4304409009672576,-2.5163561014326183,-2.628783398689085,-2.7533135236730217,-2.8209603627493833,-2.847524093549955,-2.9003240029566086,-2.9864739085428944,-3.0060418096834653,-3.140807955487532,-3.1871475977226233,-3.2608132533206615,-3.426526041589413,-3.5020873031325714,-3.4548561339334722,-3.5150329331390284,-3.528208010810006,-3.445869244932933
-0.3268901799858652,-0.3249626693200832,-0.32581545390326,-0.338840869821948,-0.33813066266609726,-0.3540407928049986,-0.35492831556354193,-0.3518735305887621,0,-0.6853012418499551,-0.7776394429812736,-0.8548767699299819,-0.9275529364586814,-0.9472554454221725,-0.9977485437906508,-1.0697871980340086,-1.2383193474795222,-1.3311081217711158,-1.3607128884473987,-1.4490080124641032,-1.5093858452444364,-1.557168837447464,-1.6780411641911883,-1.7464799695810902,-1.7822383809895415,-1.9037533398097863,-1.9504633803910973,-1.9952206167248743,-2.150088039910886,-2.1900981930082493,-2.2758262304138537,-2.4061045148495475,-2.4507108900855443,-2.5060488839922184,-2.5791970075091815,-2.6452550954190803,-2.6769097748238404,-2.690973765962985,-2.7602133040527725,-2.790879977909654,-2.8240131244718083,-2.8926280432890525,-2.9198105773442404,-2.9027591559213173,-3.006726701435795,-3.025477780473931,-3.029226642344092,-3.103006581326557,-3.12915586151567,-3.1024311207807793
-0.49055365096586406,-0.5240189705366348,-0.5451088954800334,-0.6237463123700099,-0.6643155877970808,-0.7454906682426851,-0.8005142337539259,-0.8392524324525378,-0.8695101668284363,-0.9460792967637591,-0.9736007756996123,-1.018592744612124,-1.1000741973383066,-1.1363341239116855,-1.1794327558354827,-1.2219528748817723,-1.3760265350894292,-1.476845728880702,-1.5046265530889218,-1.6000415548569813,-1.6678546815293638,-1.693216291073278,-1.7762141752847054,-1.8301063394115322,-1.879873470056189,-1.9748851946448687,-2.0033850474256747,-2.0547282142327004,-2.1726765707967575,-2.20210779949734,-2.2698301243384185,-2.3364404566528667,-2.386444820604522,-2.4131963335583797,-2.4522581574195392,-2.534989531813939,-2.569153475860636,-2.607722035442996,-2.663233416890355,-2.6773940301387915,-2.689992646256066,-2.754534308465189,-2.7667599762181463,-2.7707607160611363,-2.7855980554560325,-2.778521676496354,-2.7767970284393813,-2.8877815642390865,-2.909815641111063,-2.9150081324322072
-0.7326085840295689,-0.7551516112543435,-0.7693622318392939,-0.8423386573728354,-0.8660183749387436,-0.8876290848809749,-0.9917407865382583,-1.0003508813797788,-1.0189386514726237,-1.1131236965452154,-1.1422162883043505,-1.1611456452575477,-1.298486511308164,-1.3432136592967454,-1.390806391206138,-1.456030049533948,-1.5015220219790109,-1.5621800638346885,-1.5881798675224355,-1.6586333007499394,-1.6823966357692148,-1.720269443397116,-1.7810212215160623,-1.8229514945496001,-1.8741110632316285,-1.9460048605137048,-1.9857778094809373,-2.0450969732102275,-2.1354893138191966,-2.167534053728609,-2.215969714160868,-2.262051545003019,-2.2928137649641505,-2.3313477575322152,-2.35367848047567,-2.412515456375637,-2.420878342331555,-2.4472436651110496,-2.4896744550652277,-2.510529230809836,-2.5342522079115746,-2.564759829951102,-2.6006021413419496,-2.609100247916774,-2.6277810014898386,-2.6251473326449486,-2.624719804697435,-2.682403954742545,-2.7031421781096197,-2.7364719930500434
-0.8199640318030137,-0.8663069548204321,-0.8630352269266844,-0.9275829625980965,-0.9364897771206413,-0.9744782511873854,-1.0322768972612641,-1.0829026933589403,-1.1286666585153105,-1.2305755067210462,-1.2511349210106144,-1.2952195004596476,-1.3639583406511178,-1.400957697762669,-1.4373743339698812,-1.4624864793648666,-1.5193847435845231,-1.5626713256915554,-1.5920105400144318,-1.6615174377361395,-1.7074422355773569,-1.7343583757146834,-1.8328293952912058,-1.8463978651062738,-1.8890519851973675,-1.9427958116318735,-1.967668606195553,-2.007762758017741,-2.0535304205327605,-2.0918559846944986,-2.1134395070933496,-2.1727945555670307,-2.2045449783441144,-2.244720391551346,-2.275157809780883,-2.2924060670650612,-2.296831462573646,-2.3234889432771513,-2.3631492366196696,-2.3760024802424344,-2.382446597760316,-2.412721395263022,-2.452961732027965,-2.484559210965074,-2.4898474355326816,-2.504286797982445,-2.4951472104701886,-2.527027563972429,-2.5448946803307613,-2.5804692699151515
-0.8184724399102006,-0.8734682402344524,-0.91711023972084,-0.9856073952933612,-0.9980398210276641,-1.0302745622334055,-1.0938696171350353,-1.139342417203511,-1.1941726516263038,-1.2708788213054805,-1.3058927950848187,-1.3643150491713303,-1.3994489010815385,-1.4419640632838393,-1.492630236733983,-1.5001786352467907,-1.5642756498365842,-1.6059204047521844,-1.6274364507166363,-1.6846104263693016,-1.728682915719656,-1.7542465547475428,-1.8181368890524907,-1.8295300503507579,-1.8678474425035696,-1.9155985275216283,-1.9331355370347707,-1.9641538803472083,-1.9927881344960545,-2.0077573411645018,-2.034747740634035,-2.0558057142372648,-2.07399474607111,-2.0942244383904076,-2.123613898268169,-2.155664110853569,-2.1752695742172166,-2.195021471139291,-2.2384934710056146,-2.2415782400107473,-2.2583911764134204,-2.308762721938201,-2.33235955515937,-2.341592029541868,-2.361353217846434,-2.379187738589771,-2.395459976128703,-2.4143218334756513,-2.4329400075751355,-2.4478261747693337
-0.8546385156715618,-0.8580060045908796,-0.8663132828557136,-0.9473071494102586,-0.9674341559993076,-0.9894155568546077,-1.094247923631707,-1.117012751491521,-1.1527528722193199,-1.2063059130754046,-1.2340385918115255,-1.3018659334820177,-1.4501170431543466,-1.4661422127405637,-1.4792837372459324,-1.5271190020456447,-1.5876679469467292,-1.6095620988215724,-1.6377470869252033,-1.6768373231301141,-1.7101483800871091,-1.7311211026350377,-1.7570067713830917,-1.787288577624726,-1.8180281183810951,-1.8419166413362604,-1.8651228261985033,-1.900420325174316,-1.906135794603493,-1.9272904602802579,-1.9599228695159052,-1.986414179370027,-2.0069935860318915,-2.028618554842243,-2.035236096979585,-2.049742873362678,-2.060147728285098,-2.0589210228673367,-2.119350768486711,-2.146986170026306,-2.159515936600744,-2.2067286093680734,-2.2146418064091176,-2.2370457226123777,-2.302480150519427,-2.302614074278974,-2.2987613632982162,-2.3155268668847016,-2.327770126726523,-2.3443224312142372
