jsons/1312556400.json
{"header": {"parameterUnit": "m", "parameterNumber": 3, "dx": 0.1, "dy": 0.5, "parameterNumberName": "Northward wave", "la1": 40.97354507446295, "la2": 16.46031188964855, "parameterCategory": 2, "lo2": 133.9931640625001, "nx": 191, "ny": 50, "refTime": "2011-08-05 8:00:00", "lo1": 114.97908020019554}, "data":
[rows 22 to 43 of 50, columns 100 to 149 of 191]
-2.5587744293106023,-2.6197441076763135,-2.6206850389714007,-2.690533522630495,-2.7550108502858204,-2.8039560878069483,-2.8360287876622463,-2.928811798907159,-2.964954411191991,-2.9650731952270624,-2.9990047725804234,-3.065207253233835,-3.0601922364548995,-3.1133214047543647,-3.1024343589302217,-3.0508593856775166,-3.1051619285176035,-3.111533122643436,-3.031378488830812,-3.0140421232692196,-3.057653771788203,-2.984096125002963,-2.939355780796565,-2.918650001546819,-2.8153467205622387,-2.7451712122922984,-2.758748832523772,-2.668973608007571,-2.53262435585314,-2.497728617597013,-2.3838484159298603,-2.2629022875242017,-2.1686124586318796,-2.0492212461561268,-1.8965321816457577,-1.8474937693744056,-1.7547757603585687,-1.6755712530865121,-1.62671834179883,-1.5697670217142288,-1.5208829801599648,-1.5135113777209095,-1.443892695172237,-1.44263376326417,-1.4145681697446237,-1.368401822629351,-1.3340988342836027,-1.2292290843046476,-1.1301809314588211,-1.010936067698031
-3.271425406282862,-3.399686526944571,-3.432322410414874,-3.4940328301868737,-3.585773743897019,-3.611387960982459,-3.6816522011446855,-3.7619453183100053,-3.805069860656328,-3.8331672343783945,-3.954803707347802,-3.95865770933066,-4.016597640456454,-4.047577362437747,-4.115766851730055,-4.047500745182619,-4.0865907587711,-4.028041798881771,-3.959215629102363,-4.004382654021566,-3.96154374816568,-3.906589524051038,-3.8343191158759082,-3.900262048452361,-3.7440278683505395,-3.622719006353318,-3.5609490544684483,-3.518907575128642,-3.3686014577906014,-3.250021725754774,-3.1615526965321163,-2.963032465246995,-2.8210892388329714,-2.779648443665032,-2.5623294928691625,-2.37391893611416,-2.324688815655568,-2.168729164653694,-2.063946017089869,-1.998576042261715,-1.9430779276753223,-1.9340570475297154,-1.8602582399232828,-1.9042554282039754,-1.9330805025324043,-1.8642377723458112,-1.8319055198720129,-1.592871817440369,-1.543640369440433,-1.350247792399208
-3.945091131208464,-4.095624277707937,-4.166995755419947,-4.258523824635164,-4.357268720384529,-4.446944563024846,-4.465741183780854,-4.625165643925786,-4.619546468714809,-4.729327321046625,-4.761535750878355,-4.890574265678267,-4.949826872413696,-5.043517569484763,-5.062151311560298,-5.052885118695789,-5.0337529847689835,-5.01580669936625,-5.039102392631584,-4.989341391879099,-4.979539490593662,-4.8248707886012,-4.793909995079115,-4.7913354837295286,-4.707791502822879,-4.596413671354373,-4.5727826182752365,-4.411582391072986,-4.229828814806168,-4.103404154615898,-3.9789789059377743,-3.759717129224272,-3.5733621481012046,-3.4078599184760128,-3.168814508469727,-2.974203583390605,-2.8845339340161487,-2.6252304281448655,-2.5411441726611903,-2.3717831583081663,-2.3212360442504143,-2.4550069754222927,-2.3803281558242246,-2.6281755158892985,-2.7088395591854915,-2.5628204543585245,-2.445491368875253,-2.0292600187065224,-1.7889058112779506,-1.4681937202885365
-4.769798482411286,-5.09396290620356,-5.1699769807759,-5.33696708330704,-5.5244677527823995,-5.6769170648823,-5.682718872756744,-5.92027450400649,-5.978272486368026,-6.110914797120071,-6.229871116269528,-6.302301479413979,-6.334573095347412,-6.420816596227628,-6.428602235131985,-6.4244232581087966,-6.407514293382408,-6.440457301778846,-6.402722717169611,-6.347774921635931,-6.439421444334048,-6.262400164638745,-6.257903573744638,-6.115063725711107,-5.920275405033259,-5.8642610094010035,-5.7267956648716725,-5.558320470967116,-5.30347382062584,-5.175003891707607,-5.017602651972008,-4.6215238474442515,-4.418394929085727,-4.184339042243575,-3.7094457218703094,-3.559974735417171,-3.311569115841065,-2.9282671096385875,-2.7217779108826696,-2.436139016798114,-2.027273683098833,-2.613403029900851,-3.0017849303894635,-2.6002579047962397,-1.786851171250595,-0.5458699348552728,-1.9707039716187054,-1.315204368158047,-1.5325134262119442,-0.9371275539446298
-5.541111866470961,-6.036543815971939,-6.0826662078439115,-6.191279103867063,-6.496425157119354,-6.6677065319248054,-6.84474554071391,-7.124938944688524,-7.290265546625803,-7.41999178242438,-7.686857315202148,-7.775932204219426,-7.845178091673079,-8.014393499430039,-8.041894597718473,-8.04756031785159,-8.052552952051684,-8.101668463348311,-8.00892318255867,-7.896954597108154,-7.863840085327647,-7.724923378476178,-7.614426941223238,-7.55217429917111,-7.251896488097211,-7.109345497775356,-6.935237301915819,-6.73892926830946,-6.427647015185433,-6.283135963322478,-6.0658393123022805,-5.681845591643529,-5.306437728652565,-4.996699717831429,-4.429146541102323,-3.9708354124960454,-3.5439155959169644,-2.8230173972136647,-3.0380961104115443,-3.2435625154413903,-3.3772768971136253,-3.078367303468772,-2.4908626839484542,-2.132965947755085,-1.9401715871601486,-1.6444373376462955,-1.4979389937605434,-1.1887082380160872,-1.0031979825362731,-0.8211595919059951
-5.686849994016016,-6.126099827919125,-6.417017490897118,-6.6138048459600265,-7.039916574672213,-7.354302346878264,-7.511436453147146,-7.876277252490801,-8.264991361001897,-8.409686509880974,-8.806071364665938,-8.969510513518212,-9.215628977852752,-9.409344572212394,-9.47704863838977,-9.499203747496722,-9.546187204302381,-9.509168258085415,-9.476020502418242,-9.339520090947113,-9.24890814030161,-9.068365224335862,-8.925846279032625,-8.762092837916173,-8.55308190105703,-8.480569321581475,-8.437769974948948,-8.390688992532473,-8.051334002848531,-7.738579952972891,-7.206277894936987,-6.547254190237701,-6.312466765739974,-5.8156330961171285,-5.06236770325311,-4.725402209826681,-4.3678532199343545,-3.859747315868611,-3.5354836510135885,-3.245127088499819,-2.8576889385494506,-2.684577666482531,-2.3834478319382515,-2.0124225960968816,-1.8289416260230715,-1.60491609156039,-1.420319101320267,-1.0909864262452904,-0.8898906663966532,-0.7244275576922519
-5.618283850382157,-5.8519894374097,-6.356148198235232,-6.535229110540665,-7.018784831947853,-7.362322442230856,-7.7900362703269845,-8.118267096478267,-8.570056164395368,-8.869747871713933,-9.260308737162347,-9.527888328917307,-9.95048486473739,-10.220311188718057,-10.393168427803605,-10.63853535959357,-10.66149403480248,-10.634774998332368,-10.5307447281755,-10.406240194376126,-9.987501827112668,-9.605359985735983,-9.301616070167858,-8.722420412304945,-8.359562013478344,-8.066514195035078,-7.546988800620951,-7.318627187960087,-6.998625178058819,-6.460610370243096,-6.393809589913466,-6.110721192728771,-6.908262812911667,-6.763284288115602,-4.819055614794422,-4.35348852659387,-3.9895025288142794,-3.3093376158450987,-2.9778541822273086,-2.6256957282288496,-2.3203967628579614,-2.1013343204662966,-1.8389726664470687,-1.5352274386454032,-1.3524088147734843,-1.1214122114924776,-1.0420182973871839,-0.614073284009539,-0.5403818171086991,-0.35162266281812526
-4.14448553945883,-4.515047923657036,-4.5785426584684386,-4.77388241991569,-4.987942929720557,-5.26757062238802,-5.498162542635849,-5.878866845476413,-6.155683655455891,-6.4101272819927955,-6.742299073126233,-7.087893891363094,-7.720321889196398,-8.046096713831902,-8.274935779981796,-8.924136074960396,-9.025737578046675,-9.365831707414582,-9.482569102047684,-9.50366697445799,-9.325358053138515,-8.416241700454572,-7.644932880706924,-6.48196356655297,-4.999776200410395,-3.791846199529856,-2.3107962085098572,-1.1630953722124888,-4.819207097109132,-4.315241147405067,-6.756669607958462,-4.123603438766074,-3.928281576912619,-3.518476148968676,-2.891059332592628,-2.613226609418233,-2.1517744092848483,-1.7856752486999483,-1.5451048721556588,-1.3545746374685201,-1.0685320842003154,-0.8316149357654428,-0.7125033136903633,-0.4709775999620258,-0.18895253594078598,-0.16745228060936096,-0.05445557457792311,0.13584976492119313,0.2394062853606118,0.41059555332349396
-2.2110458475216324,-2.3156671906389636,-2.210939270826951,-2.1090136352037545,-2.030182955678561,-1.9874929703925863,-2.149777095220446,-2.1995857795536535,-2.1312734370621333,-2.170664328045125,-2.4061516667250933,-2.334711679307612,-2.533435482427459,-2.5963987251895215,-2.6662496961056137,-3.2537563550957955,-3.2535103056175387,-3.9706848220330686,-5.559525762972432,-5.973989176543724,-6.007075623095114,-5.27614311543544,-4.886329133228406,-4.852741604922892,-4.014699930989286,-3.943879235583655,-3.5444190732986773,-3.3352705495262125,-2.564011268580296,-2.3188915523752676,-1.7999602521334879,-1.100922475821771,-0.7138990449044398,-0.48820682393062054,-0.12218558909976447,0.047273807790937476,0.05523621677615035,0.3775079841819437,0.36046040604022583,0.46001035733416984,0.6287560587333434,0.7275765128286301,0.7544793297568032,0.826545177792379,0.8730864672141474,0.8834904622211088,0.9472344526833519,0.9793123172309106,1.0719234321357394,1.141473392673373
-0.011207223568173932,0.10732283172477981,0.343363177409385,0.5198681640058885,0.6423497297211008,1.1200912620251264,1.2879035466669317,1.8056172670184933,2.537486148260121,2.6947763456808693,3.231176729149142,3.392269443427722,4.288455085642654,4.688471816906233,5.047410601869312,5.8630270162204035,5.880479976012752,6.153507486911829,6.5606799265591,4.417182054771489,1.2416298921026747,5.460018451662479,4.109241707407819,5.130201750920308,4.239793352515299,3.601176711483238,3.566923595960581,3.381537422681786,3.2468427480924684,3.355247784326276,3.230344592932128,3.1144181157716684,3.128298541294376,2.888506753188928,2.9560357316894703,2.741749455592467,2.803855851488405,2.649493166676878,2.637175724840755,2.663380508073718,2.5008872587562685,2.5960105493101686,2.467451046256314,2.378824829466368,2.454987842090902,2.30587416549026,2.300511883572109,2.428523797169538,2.2810116697990765,2.2211970815148856
1.6532900852897146,2.1341281714232716,2.827643699560424,2.455443740933256,1.2066744228358879,2.2982826831276517,2.7861153801065877,3.3865435697415243,4.319161992492581,4.926281687926995,5.5182423857846885,5.8013964695789175,6.720372042688781,7.173892974148511,7.425683770375007,8.021520844908654,8.225157910606633,8.277309834723592,6.147934367583958,-1.387593301582068,-7.313060032318043,7.883880616582751,8.148384143477681,8.223159954927118,7.817735126747745,7.70414925185878,7.51304637403051,7.2894712703404325,6.755636493978208,6.640152260314252,6.42681252838913,6.055678903041031,5.740655079680919,5.6189029064179055,5.386230201558465,5.062956499186294,4.783401382914793,4.759608894953992,4.551573628263536,4.397191731902037,4.212973529516376,3.988035087864361,3.9433622688385683,3.8421345693938616,3.7158771950948712,3.676708822963159,3.671997204254645,3.509432128366851,3.43834269771547,3.4516204234545294
2.663337070551383,2.9597672709841683,3.101791872670099,3.1933541716551295,3.359913745650858,3.7578476569362853,3.966112345873311,4.293585819497665,4.994194852166008,5.251187999953536,5.682047499023711,5.943687344472939,6.615723874880854,6.976316323049816,7.271696618666868,7.712668742262866,7.932893911238392,8.028022519717146,7.1862760472976,7.788186372757521,2.1095395423774113,5.1943891253174135,6.426687707384553,7.742741344100193,8.139677282872524,8.15235743877559,7.9829961715846025,7.879098704199373,7.575039116602206,7.365260584123268,7.2349634670755885,6.787520464995312,6.629424536027782,6.463040156278744,6.084436766935005,5.983899553275291,5.766617488586106,5.591940614017038,5.442265195430058,5.2158024355897386,5.103820885689566,4.964702404217343,4.77898448302302,4.68919040520816,4.596933507740939,4.453305238708485,4.41978410891757,4.323334700332222,4.2126455316813365,4.1463080877302305
2.4130909104223544,2.699759550990428,3.033613521692574,3.2341116617061925,3.5222627442738337,3.929111107990867,4.2218441642523885,4.4444186954415335,4.977410253308442,5.260240274370258,5.4992443379781735,5.8278597034369355,6.218721132783705,6.464327319717815,6.645341843494205,6.9594799338985975,7.172966565896193,7.28122868090611,7.460233291816478,7.604637663436713,7.362708270300138,6.411363632498149,4.368219438460769,-1.5494698537956846,2.5524236349051024,4.74933283780957,6.357145854970785,6.988289760721601,7.37125080406462,7.197322114634628,7.096894318356166,6.94159600793674,6.804522537603571,6.715607570215874,6.5320808781722475,6.35829331821457,6.253368665293251,6.163207975251427,6.012179858697915,5.769537531248987,5.692675990822559,5.55490951058949,5.3249629255672035,5.297531370710294,5.227987606390566,5.094479775317821,5.031404823457795,4.957863191011254,4.795656792767428,4.718964259368176
2.315324019359001,2.5366839603489053,2.8963264900568073,3.0937957826490967,3.3732477878842806,3.6276598726093896,3.7866224459968585,4.016693693116954,4.411022515101798,4.588364573381181,4.866036023211394,4.973842651178266,5.338879750771956,5.581233376779606,5.635749487591363,5.9834421146029095,6.217674177335981,6.282385929945176,6.412397055478179,6.489463041083513,6.621628183215653,6.757475118683342,6.797506262716047,6.363000689687516,6.2951702571456,3.147007833594347,-6.611945608461823,1.1015887704621867,6.306035925763656,6.652250326298239,6.760192624135712,6.6540276866825625,6.5729108996470105,6.431272903452284,6.27531917113672,6.173050614171405,6.093947589157538,5.950035199768225,5.878003386214606,5.765032907429863,5.655417836287845,5.57127744555288,5.481422875455876,5.411646680890678,5.2879109166990785,5.194185444024334,5.137302693826739,5.0833627926383755,4.917978271655251,4.904541801888703
1.990407464264608,2.1710918469672933,2.4105707785380144,2.6073738855196034,2.781469275991246,3.1110836882525126,3.307823544565488,3.5593672797997336,3.7633477636636936,3.9205937900936343,4.132379858791523,4.191520298593089,4.5072660219590635,4.599270594507394,4.763766068140393,5.092860959645344,5.180242064671931,5.311173309453537,5.464760109750514,5.618139606837916,5.64748948500984,5.818180723677765,5.947441860353602,6.013150461273651,5.590753047845586,5.596328678856447,5.77446743383292,0.5474683428551678,-5.550904544564836,-6.367992887317166,-1.6123923708911148,1.5854927985619294,5.0878590227737615,5.900366152093438,4.387486081241835,4.315593347326618,4.500554145913715,5.129577248966951,4.654179954150044,4.8407361938390245,4.704450890205327,4.648218647333326,5.087671930793392,5.244308025435986,5.240247586927311,5.201310897179435,5.160089571066322,5.109383176102857,4.884912640613459,4.974658145444888
1.5989195756315724,1.7947129657851666,2.0326611414753555,2.1805930086222993,2.3243278611318523,2.648978815090193,2.71783685069501,2.902073459459032,3.0702083758127596,3.2333206287369443,3.388376397771175,3.52051013857616,3.757852409700276,3.8737095433640727,4.035391789411941,4.163927576832679,4.36809195004394,4.456933104126794,4.589241098461679,4.713759704918106,4.786058522798248,4.96036740018758,5.050421237639344,5.097858346578329,5.178033418207616,5.225360328144143,5.278216903635771,5.314474478254963,5.391966871702798,5.345514151686576,4.951280047629124,4.697764462609145,4.692182353962949,5.033323832763124,3.7954346332625835,3.2820702938406283,2.488468391169143,3.248962063497947,3.015259246741023,3.906547598804658,4.123583570409957,-0.8641585343598593,-3.795209085633124,-4.741574161532559,-2.2607319922426172,1.0303782585227224,-0.6593108626755444,-4.006654171492796,-2.0888001470606077,1.4502563459214093
1.308109648223016,1.4240529105371844,1.6733042946069177,1.7646599486285537,1.9022373071903913,2.0413935864918296,2.1742359362873076,2.2943708043800157,2.558657357753623,2.637657623479715,2.7336846415675202,2.8850591450162706,2.9948857971725773,3.1388436611162502,3.2682239297708158,3.4362085854614977,3.561987282939793,3.6093108800967237,3.72932577640052,3.821752157936668,3.966249621492339,4.107273496993811,4.178509950920404,4.183203068849772,4.360003822642566,4.447904885540134,4.4244913163986945,4.43314708541406,4.566903486515288,4.607506839019782,4.593993344371663,4.653175829073848,4.655118765556975,4.686426921961394,4.724414993895709,4.710153243700677,4.712385466305493,4.699598088430292,4.68155119152395,4.640691052352078,4.636163996434078,4.632655447877272,4.58150426275736,4.441558332408422,4.533767968430734,4.553631034859712,4.362789607725208,3.959658113805923,3.890438697885436,3.888941306488122
0.997261246254987,1.0902454358347546,1.3005209160967142,1.4004831865065752,1.4835209056540049,1.6470582732973402,1.6919102180158947,1.8360856883651935,2.032364513828101,2.150536226713913,2.2115219595577638,2.279046687497034,2.441134119542819,2.5628966493940473,2.6436825395249923,2.7515330315381834,2.836143703758628,2.916118944219396,3.115122139091729,3.177240379131319,3.233551242938101,3.413530771725549,3.4367284967547893,3.4850936188882637,3.629773220068683,3.7006364126846294,3.6845720383547658,3.732338821172142,3.87791485575881,3.9642051489553105,4.022104073891356,4.047362450760868,4.034552038026404,4.0818794876496325,4.132584385594258,4.104667292977845,4.117048116111662,4.153434868005053,4.175316650808121,4.108315087946523,4.103228256114663,4.124057673310081,4.121141285199311,4.113128445604251,4.074565427037061,4.036728637008395,4.062265332412406,4.039984724279694,3.9669805514483096,3.901833894149963
0.6755980993649251,0.8055865957106833,0.9593988863162882,1.0153882931116527,1.0455228640393888,1.2343961144785476,1.3201233619788362,1.4245382916034393,1.499396250422974,1.6004713049942036,1.7394922171190428,1.7978733558189859,1.8875006268456131,2.0188047645969474,2.113165020384941,2.216275996063624,2.30802440971618,2.389013091816922,2.487677296344926,2.5431222895771475,2.663908953049967,2.7697895047089713,2.803494843827244,2.841235848155128,3.0199185358829883,3.040186322167193,3.053626791855977,3.119054579847094,3.2419238694946837,3.2155410506744917,3.2223035337724224,3.3762116202117483,3.4222785575314987,3.420683212242273,3.4394120269604325,3.500263843628146,3.527417150874775,3.577518200863177,3.5806946059157068,3.5425838301892654,3.6365667487021125,3.658743447736359,3.653633774699264,3.599181079629339,3.5805795355901866,3.505143861764956,3.481648911893622,3.494499011731539,3.4496915447768735,3.377294743361348
0.5437550808157112,0.5594164476896042,0.6904482259862418,0.7640593262719048,0.8136193497533546,0.9198121012001654,0.9938286798592467,1.0553118898507379,1.1735871990827544,1.2553252482997752,1.2689134417887546,1.322761701061518,1.487471530261931,1.5296875836345156,1.5697513363313502,1.7217831873472313,1.8042412956720308,1.8430165571821435,1.9644122440184257,2.0615563058929776,2.1102611461479883,2.1710714571266565,2.2755607576377583,2.3271152475135555,2.3439477106485125,2.4159282632429395,2.5042393836782875,2.5498210221808293,2.6053647732083625,2.6379393994953153,2.715580557767099,2.7862949655334646,2.816202746090677,2.8271879912335565,2.9350388776903267,2.931106069216856,2.9371350064402164,2.980878097350509,2.967858294239353,2.949841903892446,2.9873524247388024,3.020404859598408,3.0454140533367817,3.045341738161191,2.9914416913260857,2.867479799716192,2.758865993912417,2.778856445550546,0,0
0.412576675707615,0.47631205600282706,0.5532048282904055,0.5966840450200276,0.6677745908181626,0.7422582681252639,0.7933329589312756,0.8796417859101621,0.9443289645374898,0.9842397938639535,1.062843342417378,1.1098514002460664,1.1835091877060693,1.2365044589375536,1.309762906228681,1.3695704870138308,1.4276135679152768,1.51270035903184,1.5648853611493654,1.5980719104083705,1.6780829943161137,1.764599773698378,1.823576521829317,1.8686566036912058,1.9975096794456304,2.038211060114512,2.049131596360893,2.114452486860478,2.1675903350863464,2.1646815233649215,2.2087506599340156,2.3069934332560553,2.323263920507884,2.3624646058434418,2.425716957198817,2.4742984862812305,2.5132172134243578,2.510008234295551,2.495177738597854,2.4592465520111464,2.480153785721911,2.4734550026579596,-2.350925198049394e+38,0,0,0,0,0,0,0
0.32341004925862277,0.370040348910038,0.45627476862958316,0.4919926666021472,0.5223518151568876,0.6150681122029741,0.6384968298887959,0.6679666797238344,0.7748098894554316,0.8107497685611753,0.8724765541053459,0.9216197158053945,1.0251158091308112,1.030919898688759,1.0716525566087085,1.1233689521373331,1.1818008857567244,1.2185485581118012,1.3145856180937912,1.3582593308948274,1.3811699976395746,1.4628387911923568,1.4827613358286023,1.5110191918867475,1.6137887382745406,1.6536236035141576,1.6822908558640677,1.7130066482994772,1.791039487762387,1.801053088573624,1.8052234164113679,1.8429167648166973,1.8869272042650445,1.9085303495694401,1.8998453018968888,1.8524752581984374,1.853463547936246,0.807177839151101,0,0,0,0,0,0,0,0,0,0,0,0
