jsons/1312808400.json
{"header": {"parameterUnit": "m", "parameterNumber": 2, "dx": 0.1, "dy": 0.5, "parameterNumberName": "Eastward wave", "la1": 40.97354507446295, "la2": 16.46031188964855, "parameterCategory": 2, "lo2": 133.9931640625001, "nx": 191, "ny": 50, "refTime": "2011-08-05 8:00:00", "lo1": 114.97908020019554}, "data":
[rows 0 to 21 of 50, columns 49 to 97 of 191]
0,0,0,0,0,0,0,0,0,0,0,0,0,0,0,0,0,0,0,0,0,0,0,0,0,0,0,0,0,0,0,0,0,0,0,0,0,0,0,0,0,0,0,0,0,0,0,0,0
0,0,0,0,0,0,0,0,-0.21647041957146035,-0.36804208556149526,-0.48431108894372993,-0.49626874912698765,-0.5561788465219039,-0.5883504803220782,-0.5949105271105305,-0.6053443605532957,-0.6064696019413446,-0.6139809894211614,-0.6172848181629162,-0.6413693316582207,-0.6482346472461548,-0.6131915707883476,-0.6304529270883252,-0.3859808104758362,0,0,0,0,0,0,0,0,0,0,0,0,0,0,0,0,0,0,0,0,0,0,0,0,0
-0.33222068803077043,-0.2620875550642723,-0.41469141998513787,-0.42935857215015216,-0.46394973067839396,-0.49125718694305337,-0.5326280741634615,-0.601910597095886,-0.6168283994079905,-0.6443142598282484,-0.6871271405051678,-0.7108021752717524,-0.7363335219142583,-0.7821232993971617,-0.7937046874362466,-0.8119208469554323,-0.8387592069355745,-0.857295665970004,-0.8662632937627539,-0.8248175371721193,0,0,0,0,0,0,0,0,0,0,0,0,0,0,0,0,0,0,0,0,0,0,0,0,0,0,0,0,0
-0.6688083434488278,-0.704785040725847,-0.7213179034880075,-0.7336118903630469,-0.7313438992118833,-0.7391310543883699,-0.7557680601541261,-0.7577895062045629,-0.7596920627039428,-0.7805633545859065,-0.8021082708082101,-0.8166453902036528,-0.8361873557714256,-0.8483340653122038,-0.8468170283517863,0.35703794960299473,-0.1882689475334111,0.05476137029094052,0,0,0,0,0,0,0,0,-9.802983278267198e+37,0.1259589374649843,-0.017386978027285803,-0.1827150524048035,-0.19163132365951246,-0.1964841020185523,-0.1859729095239423,-0.16924721815674892,-0.10391562365054138,-0.10299821011823965,-0.05683600366882896,0.16701452334791242,0.34121414006475537,0.47901227232913984,0.7409064347303798,0.8220320525997354,0.9247895834094729,1.1120494336189477,1.2792347965516233,1.3550496863211583,1.3503646800467748,1.4827581104872167,1.4694026567297016
-0.7942385860387047,-0.8386378808648233,-0.8652433122079678,-0.8773725886000941,-0.9242559992026232,-0.9707036325923395,-0.9886055068088621,-1.0471690775337248,-1.060048275005603,-1.2178640130259437,-1.128904825407695,-1.0565665967480533,-1.0455168239442467,-0.9858460185344896,-0.9376982045936613,-0.9044417657693236,-0.9324936308202815,-0.5574813757660275,0.13617452127336985,0.33585028664411215,-1.5641788833545722,-0.32838132432658595,-0.5585921307756557,-0.7494494418515062,-1.052895683356857,-1.1759645366402947,-1.2782387251785297,-1.3026696265970448,-1.271502216291623,-1.2479310558628791,-1.2480077911775656,-1.0614336704273901,-1.0387560039581105,-0.9097122195414458,-0.653741953380742,-0.4126652059200709,-0.19526789153598748,0.4545795287341028,0.7278894016917289,1.0056257146363368,1.5232122802273613,1.7974584492229129,1.84875423902394,2.122866175569801,2.338747702080407,2.445206637333923,2.5054083398118023,2.515041734618579,2.441828241117566
-0.9073250515980299,-0.9779481415793645,-0.9980342269088086,-1.0288783361766471,-1.0928493387849025,-1.1220414219733137,-1.1572202147847002,-1.2293174933986537,-1.2987548933900015,-1.2906092852143747,-1.349432696375321,-1.3839039919309553,-1.3829627951240708,-1.431174631632383,-1.4648982366382768,-1.4294965830412105,-1.4798606015648228,-1.564271764703764,-1.6355364533396686,-1.6586534491815084,-1.767512752634454,-1.8375940380907543,-1.8915734694453912,-1.9901055034315664,-2.001274103207199,-1.9935081435615816,-2.0732828539092014,-2.106752151585237,-2.137623887441846,-2.106889847600611,-2.1160547640220977,-1.8964173146853118,-1.873284977541105,-1.7077635108421918,-1.429447848613656,-1.0762150011363945,-0.7100336504524899,0.465118984211588,0.8933559396202589,1.306870837990493,2.120059874288184,2.340611334523475,2.566455981977351,2.7258633833829147,2.875240644450582,2.938662659018109,2.957774499818933,2.819057250534906,2.5501828373170983
-0.9151140235708545,-0.9735730086487437,-1.013824777179297,-1.0439582369616098,-1.1071095486466593,-1.1506009056990691,-1.1758087309759968,-1.2453161041429708,-1.2724789619984074,-1.3110992745556436,-1.3889503793269142,-1.4526118344993004,-1.4859915896174356,-1.5892343423894324,-1.6323518147210065,-1.7060285491002103,-1.7687917745901942,-1.8872240117664347,-1.9058692864125348,-1.9693142738873302,-2.083155065350059,-2.0903116041564727,-2.135508310554175,-2.217455110383008,-2.2564563637815236,-2.281312821405406,-2.366552486057622,-2.396243723585143,-2.446741441291335,-2.455511851625159,-2.4760553183730742,-2.50781315488966,-2.461334995103617,-2.464136850436856,-2.337410885195352,-2.1951804665647328,-2.0333841809430773,0.27776447924796777,1.6515690912283518,2.3081900062579397,2.586586788240426,2.6103388975014927,2.707041804427842,2.771110851995546,2.806712321522022,3.0215709591990656,3.0294084335456146,3.0371617659861894,3.0458558648391745
-0.6651253681837934,-0.650478164356523,3.1644712331634724e+38,0,0,0,0,0,0,0,0,0,0,0,0,0,0,-1.3811409205251188,-1.4512667634804552,-1.4422407930490988,3.374816639862858e+38,0,0,0,-1.69834600065118,-1.838974821906408,-1.885397027269392,-2.0261491782709724,-2.1115603860771306,-2.284381486462906,-2.3506312511274645,-2.373046751532012,-2.4017556205202824,-2.395556453232344,-2.3052523437189922,-2.1228535503618207,-2.175757798599325,-1.910233118728832,2.233243966677633,2.0007112872936372,1.9516430259145083,2.14633687847265,2.274705349975519,2.353944151372827,2.462277317549418,2.5714916478138403,2.632371283371351,2.6807257510984663,2.7770288762338904
0,0,0,0,0,0,0,0,0,0,0,0,0,0,0,0,0,0,0,0,0,0,2.7186379049110727e+38,-3.1471746284090482e+38,0,0,0,-1.3720546357336865,-1.7413414097864086,-1.9282847913156376,-1.9963782213575068,-1.9588806980071112,-1.9679209963598143,-1.8962760905748468,-1.5385041889883455,-1.3190611268208268,-1.4641606341337425,-1.1556754583158395,0.22004322520097747,1.805472962204783,1.1451323230122754,1.3777006661602378,1.6619343244439078,1.7416019742797728,1.913302288230815,2.018789382915877,2.077835011359314,2.1333520992219457,2.1773067144364604
0,0,0,0,0,0,0,0,0,-0.3956646830337883,-0.15747412760789214,-0.7319744876801719,-0.829022790967136,-1.001039522205008,-1.009693647217391,-1.0395975874581267,-1.0038476304303818,-1.0523365154066677,-1.1021056650928862,-1.145785148280483,-1.1640353055261403,-1.2275265499136963,-1.273179583898528,-1.3612789855593592,-1.4162660790156971,-1.5045443149048239,-1.589301618517271,-1.6131282649761116,-1.6033643146840835,-1.654488169294846,-1.6635416687881328,-1.477478655084587,-1.3643263094498936,-1.245489171123902,-0.9317287624798055,-0.6888913440396428,-1.2912098628502393,-1.5212426545022388,1.6300506903328305,1.0979589636870066,0.9754253636636974,1.1801077020211692,1.309351743246764,1.4979808195220872,1.6279829944808162,1.6685503802073511,1.7177952798742817,1.7595298833278474,1.7734742038264961
0,0,0,0.035125186319906174,-0.3707604441720613,-0.5951126522565701,-0.6348739309153628,-0.8020056126194411,-0.953994996202054,-1.0850448305661198,-1.1961365827128578,-1.2691835221830625,-1.3259281932393319,-1.4003036079190696,-1.4314480225400368,-1.4796300610421678,-1.4948263142482634,-1.5538005842234486,-1.5819089958472246,-1.6045880254614333,-1.6480950675938728,-1.682880955434523,-1.7143518878311277,-1.747732083168622,-1.773243406844607,-1.746353382343169,-1.7480317949731006,-1.7220858843934719,-1.661230178218692,-1.5984257383831995,-1.5478617192440647,-1.3379748202330792,-1.1172126861034262,-1.0353201773795397,-0.7244356771238469,-0.8942589652248214,-0.6287356725676527,0.6982826880864236,1.94766994878418,0.9329640917131142,0.7589067254192098,0.9127369790056904,1.0399331586314342,1.1934045812148293,1.3436462225306824,1.419895107286098,1.4556547604667143,1.5045287229145754,1.5432737640280476
-0.6651705178356675,-0.7743771938251193,-0.8911713959029239,-0.9756759762961081,-1.0602420028112745,-1.120778851301779,-1.1683430198280071,-1.2489611843969881,-1.2983133928633621,-1.338714200405937,-1.413753831449027,-1.471884587400327,-1.5065368113476025,-1.5495728996401843,-1.5753530055833989,-1.5971752949643938,-1.6208174879842339,-1.6546579708080558,-1.6880637764192081,-1.7184261679414874,-1.7747731902274602,-1.7750122727162758,-1.7816408065940124,-1.7950008006785532,-1.7935045910434673,-1.7406285275879192,-1.7106067227566508,-1.6627909542000614,-1.5381029274799847,-1.4806609851613073,-1.4168808508884334,-1.2104314312527003,-1.0783050646628352,-0.9684279724063943,-0.7072309144522663,-0.48236496215151414,-0.8333195649349812,-1.251498659085207,0.6020354462331081,0.9737620374276931,0.6481666154452095,0.7383156758347411,0.8858543014011178,1.0074193665211566,1.2078049255149046,1.2514297932534482,1.308049280270007,1.3536278366946646,1.3572034498551868
-0.9285713408554095,-1.001651967003069,-1.0455035432497175,-1.0649811304472308,-1.14750902926973,-1.191964150330044,-1.2429659661700603,-1.3052889924855389,-1.336420979661034,-1.3757312089839961,-1.4261296271552757,-1.4633731282592277,-1.490549655463604,-1.5321350111301937,-1.5590709513973884,-1.5676634117436938,-1.610158540688075,-1.6566092764394174,-1.6926071260031814,-1.7161628259333555,-1.755513696240428,-1.7612291551861718,-1.7543652136407297,-1.7518748175823713,-1.7402217372419237,-1.6734587683831437,-1.6299176786668756,-1.6082429220648589,-1.5023006321071297,-1.4192504220299365,-1.3195402327394743,-1.1002979123378411,-1.0378050872687052,-0.9238776058120312,-0.7210280752288933,-0.518089686467309,-0.5056624017365626,-1.6335026478155745,1.4289755707913836,1.2714561065642664,0.39913392930012287,0.5323047245913656,0.6238046721982161,0.6876182733981198,0.7895240268745417,0.8675955765375237,0.9249600670963246,1.036289173619756,1.0775040732232817
-0.5323134434643157,-0.6846010570974157,-0.7407442586580729,-0.8363633065158064,-0.9476786197907774,-0.9937997417396921,-1.03916627596569,-1.092230808078397,-1.1157670061952516,-1.1459329996843437,-1.2015364849836174,-1.2244547980477056,-1.2546717028629188,-1.319911497671158,-1.3474448554314467,-1.381509227967024,-1.4170963822552278,-1.5237959694678096,-1.5681745809337657,-1.6198475216246102,-1.6921191774720974,-1.7165322024023466,-1.7164183517544782,-1.7174871687077395,-1.7090612312997375,-1.6495122600112022,-1.606934698488949,-1.5376574587425411,-1.4429037083967504,-1.3392777861081855,-1.282802359529248,-1.1210421087923634,-1.0269875579092225,-0.971399454002583,-0.7939994525584465,-0.7234303981224367,-0.5761212609627021,-0.3833784736603771,-0.7742053322387076,-1.1619678749389712,0.46415775636298057,0.7783794920002176,0.2743518752319081,0.38756291233925566,0.572027263259172,0.6476428004124551,0.7192306275487963,0.8256043324288111,0.9133758493867253
0,0,0,0,0,0,-0.6224709998848124,-0.8324597475464922,-0.9027129435581324,-0.9437863862305439,-0.9940666181168601,-1.0139773857389054,-1.041879144854217,-1.125841903411886,-1.1718046079248914,-1.2324962852781611,-1.2728565048676703,-1.3373552546438388,-1.3862943744892575,-1.4215514362362227,-1.4881096426577838,-1.4917457971119334,-1.4801322707576574,-1.4778694672002577,-1.4719963950361907,-1.4338772262122326,-1.433202943286214,-1.3991446766583442,-1.3346595148178728,-1.2796648001714075,-1.2435887406117054,-1.1538051218983771,-1.0950951259906387,-1.0363946875921999,-0.9050824005540419,-0.8158043311307852,-0.7478024209208848,-0.571651683957876,-0.4859275942721981,-0.3933100521009704,-1.5079002141027091,1.510350687407066,1.2055731942096932,0.2843375090889762,0.4445154314754066,0.5261454915736229,0.5924854788651749,0.7214410609338796,0.780672920257511
0,0,0,0,0,0,0,0,-0.5590594294782132,-0.7151477584906669,-0.8285775298012381,-0.8384995390711545,-0.8593363579788845,-0.937331150637457,-0.976617738425432,-1.0351720706349663,-1.0975215246195025,-1.1932262544891876,-1.2294285975686945,-1.2698522326276434,-1.3492848973480538,-1.3814601031924552,-1.4157202426474322,-1.4592295093393672,-1.459465153862995,-1.4647144083648234,-1.4246494547996726,-1.4003745458404615,-1.353560679244608,-1.3368561354778947,-1.2831212015833549,-1.205489578423053,-1.150820986085912,-1.0999556952646548,-0.9836028029620748,-0.9123543433158013,-0.8560811991923871,-0.7020360348069765,-0.6350223523509777,-0.5501992813162443,-0.3742590120599697,-0.284719077798654,-0.24280025290493656,-0.9791973855693319,1.5183967552468733,0.8257232592171869,0.3697935564275993,0.3934244429316181,0.4770032869847113
0,0,0,0,0,0,0,0,0,0,0,0,-0.19736291333618236,-0.2779267671832547,-0.4208498558162186,-0.551580602912745,-0.6671734985978078,-0.854167837987925,-0.9335321706266823,-1.002236108444505,-1.1153743076674114,-1.1562887000287347,-1.1757638417899685,-1.2163641908838738,-1.239665469187476,-1.2548782893047878,-1.282919153041445,-1.2750653851413503,-1.2663667960301794,-1.2538084033302488,-1.2238638953030383,-1.1709941388705696,-1.0966765986942852,-1.0816115377550273,-1.0005487605729284,-0.9558367841823107,-0.8667210230977206,-0.7566187435319133,-0.6835741110990865,-0.646657033048664,-0.5194150206946343,-0.4390704597151793,-0.39690004514702404,-0.3589372305432199,-0.20706511356047422,-0.1684315989981393,-0.9188964648104708,1.3986467796340152,1.01628912070913
0,0,0,0,0,0,0,0,0,0,0,0,0,0,-0.23998828839905187,-0.2960324148875303,-0.4909410420092118,-0.6543290627153419,-0.7607399918160461,-0.8262006112949556,-0.8994389491053563,-0.9409829406779755,-0.969859294865332,-1.031642718472279,-1.066878913921283,-1.1008981453948397,-1.1631700555153965,-1.1794500230615415,-1.18299808385993,-1.1847313187754083,-1.1569395951957535,-1.0863171987502522,-1.0342203289032563,-1.0148618986020237,-0.9522715579096749,-0.921726536428748,-0.8850353648329576,-0.8066899854692604,-0.7680737676571916,-0.7163837983721093,-0.6273437361561388,-0.5627391549457467,-0.46967452132501214,-0.42066563850911587,-0.27549128541482154,-0.21412393411126204,-0.34599362156664726,-1.0986419572536719,0.8033138494783139
0,0,0,0,0,-0.028518168652533923,0,0,0,-0.02445167478463191,0,0,0,0,0,0,0,0,0,0,-0.35238844229535704,-0.6421927811579778,-0.737891683118712,-0.8467554308050508,-0.8820584239755317,-0.9155006319748888,-0.9636778500956695,-0.99868408962061,-1.0332876326996507,-1.0576307721072113,-1.0455279058043132,-1.0134597587078173,-1.016189821455197,-1.0045773658547505,-0.9957375283506875,-0.9899968974989646,-0.9836316448986256,-0.898507086737625,-0.849538193741076,-0.8087701279927351,-0.7170713213048975,-0.6547831532667524,-0.597833636975034,-0.5243483579388414,-0.38333664866704853,-0.31198913668633427,-0.21844804910881607,-0.7652312571423965,0.777556204465474
0,0,0,0,0,0,0,0,0,0,0,0,0,0,0,0,1.756518810953017e+38,-0.038794916440563,-0.07044256459466548,0.06573385771362272,0.11653091453077556,-0.0056912745168052024,-0.15570812862918137,-0.33536713172573146,-0.4548495787273784,-0.6367842397970684,-0.8046914512434991,-0.8986319686784572,-1.021018665365382,-1.0771301662814445,-1.082181203358197,-1.0465577090544655,-1.0083161517907908,-0.9629022517006423,-0.8909664428279012,-0.8684594558531332,-0.8365517690382904,-0.7556472539029944,-0.7449079997543301,-0.7340125913580163,-0.6865928723043679,-0.6622879133076037,-0.6378760166206202,-0.5670128562852872,-0.43223819177712636,-0.35095685690871203,-0.3400700911360685,-0.2565715465963939,0.9807808138619544
0,0,0,0,0,0,0,0,0,0,0,0,0,0,0,0,0,0,0,0,0,0.07823480884973424,0.043570447336842615,-0.12639037549667564,-0.2988467061503121,-0.5209687163588788,-0.6880411190133547,-0.8000271498509923,-0.9848234608070089,-1.0006471414209612,-1.0139654339200996,-0.9884424124463932,-0.9818290101110988,-0.9559678883059136,-0.8811194276888139,-0.8359851845967768,-0.8156733317329844,-0.784452268795347,-0.7660566114201068,-0.7558807768718369,-0.6933266641042116,-0.6607682338439526,-0.5975812284436751,-0.5401874141127544,-0.43025365176202895,-0.3804774761851403,-0.313358208258139,-0.3403400289540298,0.14254584725154687
0,0,0,0,0,0,0,0,0,0,0,-0.05151825425560863,-0.06391982856283589,-0.12291763559905888,-0.13648797439744154,-0.09478634412611509,-0.07483846227645788,-0.06680651714978474,-0.032978700651213756,-0.05506825301649749,-0.09231171880070106,-0.35753857039166637,-0.4556835403369122,-0.5993758297845703,-0.23679263119960317,-0.40823101980045495,-0.7212149032178472,-0.8501579286814396,-0.9719223899263515,-1.0243432298188866,-1.0783150125506007,-1.0259953710377452,-0.9561332188875115,-0.9113822441567697,-0.8448455091813118,-0.8017448566042804,-0.7811532382787499,-0.6962348431951211,-0.6529787763845144,-0.6518878651852348,-0.6632393833470434,-0.6541109332447018,-0.627912547361652,-0.6411019290571762,-0.5346986588470487,-0.4707949660705665,-0.4113608993044825,-1.007531080539338,0.8505092520787408
