jsons/1312632000.json
{"header": {"parameterUnit": "m", "parameterNumber": 3, "dx": 0.1, "dy": 0.5, "parameterNumberName": "Northward wave", "la1": 40.97354507446295, "la2": 16.46031188964855, "parameterCategory": 2, "lo2": 133.9931640625001, "nx": 191, "ny": 50, "refTime": "2011-08-05 8:00:00", "lo1": 114.97908020019554}, "data":
[rows 0 to 21 of 50, columns 50 to 99 of 191]
0,0,0,0,0,0,0,0,0,0,0,0,0,0,0,0,0,0,0,0,0,0,0,0,0,0,0,0,0,0,0,0,0,0,0,0,0,0,0,0,0,0,0,0,0,0,0,0,0,0
0,0,0,0,0,0,0,-0.0012375653016358026,-0.0005292972923101513,-0.00015774015864066762,5.5818230521316737e-05,0.0004048839343464028,0.0003906985496025064,0.0004236628559030358,0.0001361725648702373,-4.0321563086719195e-06,-0.00048537441788700837,-0.001595510568833235,-0.0018070582761531052,-0.0016310090410893885,-0.0014225119354558103,-0.0009363566856804364,0.00037728071016095426,0,0,0,0,0,0,0,0,0,0,0,0,0,0,0,0,0,0,0,0,0,0,0,0,0,0,0
-0.020186638351450473,-0.016659572329110705,-0.014383329591071806,-0.010208470959933137,-0.008512883800707584,-0.006758115570695612,-0.004260208239277017,-0.003738438325555993,-0.0020455467587598857,-0.001098691779617246,-0.0006558104981636206,-0.0001658380115735037,-7.215285527129717e-05,-0.00011372010598363268,-0.0011727313022645363,-0.0014332468362564543,-0.002426242595027136,-0.0018439121328347895,-0.0005067527406980614,0,0,0,0,0,0,0,0,0,0,0,0,0,0,0,0,0,0,0,0,0,0,0,0,0,0,0,0,0,0,0
-0.03761064134117661,-0.03550656758232056,-0.0338231294425098,-0.029570806986157366,-0.025278418361562284,-0.023364048473774074,-0.016228871214004806,-0.012740830023206275,-0.01002947903612002,-0.00613567038304366,-0.0037401779642264182,-0.0025144194963371176,-0.001421350372261875,-0.000533705735959791,-0.0012134894309176855,-0.0017130712108524584,-0.0013533960926932283,0,0,0,0,0,0,0,0,1.3346608264787984e+38,-0.07508090822993259,-0.07306740278584933,-0.07049459882156411,-0.06549747951680213,-0.06028958713239698,-0.05025372307950794,-0.0476163252081937,-0.039984703786717195,-0.03325671140564336,-0.030223847403637857,-0.020711929146974402,-0.01846944575438012,-0.013524281960164997,-0.008726234458949496,-0.005070029786262728,-0.0036591180686968206,-0.0009532495242221956,0.0040825819412917685,0.006684058531694753,0.008974174714365384,0.013984522108905656,0.014957585295983815,0.015879410185016686,0.018055215476529878
-0.049065682814330276,-0.04924766019420796,-0.05045920808575097,-0.05332474786418998,-0.05280822250518994,-0.05402236278469505,-0.055916125979909206,-0.05679497579813893,-0.054087707826600794,-0.04156609541420555,-0.03047271427902655,-0.03636761385485395,-0.023866397288380838,-0.01386129618623607,-0.018007278711383752,-0.0398809352997997,-0.09724105472949718,-0.10916343640420258,-0.08987840765245668,0.047323602962240884,-0.11207992728598422,-0.11401667926786609,-0.12006349700829867,-0.12376699555409555,-0.11908216485752968,-0.12236266655765717,-0.12004613081801818,-0.11880280604343749,-0.11629785723003631,-0.11803176303414077,-0.11344894568895691,-0.10836205910870492,-0.09908548104665992,-0.09125075435556095,-0.0846619356036252,-0.07683754662068996,-0.06362842102169665,-0.05356938506427653,-0.04744671386587816,-0.03588245026429608,-0.03023151274888217,-0.024194987727516663,-0.021005746802885493,-0.015926669426415557,-0.01098702511367342,-0.009444976164865731,-0.0012505359565698256,0.0003468678658219596,0.0025977723174868683,0.010292458335532134
-0.07273283512614032,-0.0764842299939284,-0.07712248536001837,-0.08128960059512058,-0.08436118773932873,-0.0876665972423763,-0.0952219272873537,-0.10132928658890293,-0.10315131566685165,-0.10995083812953857,-0.11324692804149417,-0.11547971857296566,-0.12142828236921252,-0.12672967463427498,-0.12592872805127395,-0.13224956487830716,-0.14155554583409904,-0.142410226341327,-0.13708654146286042,-0.15172226017027768,-0.14467157466007305,-0.1477130583566679,-0.15929858400533717,-0.16070271541203776,-0.16149443876587455,-0.16657567399930834,-0.16829403334340753,-0.1671061474468047,-0.1706067494043037,-0.17261478000800787,-0.1644289670236101,-0.16322811536346524,-0.1569750662564375,-0.15503840883598152,-0.15152043471871426,-0.14085886827007443,-0.12867460971754988,-0.11862540102600433,-0.11184946281787048,-0.10126711482816021,-0.09435434670291991,-0.08718047162291451,-0.08205133777416594,-0.07556049198525157,-0.0658712285308826,-0.05918707690472449,-0.034364688913404405,-0.01535005020449059,-0.006619935724270197,0.025893938565421194
-0.08273768592343252,-0.08313338218494466,-0.08211153278640326,-0.081016468354194,-0.08245247557626377,-0.08436535207923623,-0.08777600456611151,-0.09200405425619569,-0.09817413320874668,-0.10558883688734982,-0.10981949999238808,-0.11402760459248422,-0.1243798441283917,-0.12926868709018796,-0.13585126332050868,-0.14224536390196918,-0.16008867846320957,-0.1634967043607862,-0.1723288557155221,-0.1928390403200789,-0.1888743911479553,-0.19717641320529533,-0.21520995914440835,-0.21480179740535613,-0.19515558238622818,-0.2131501050694667,-0.21268460008815182,-0.20213758566895765,-0.207148869611078,-0.2102379186511447,-0.20410190307227416,-0.20999441653609172,-0.20874858210889508,-0.2070715538099958,-0.20226552897155392,-0.19580576772525968,-0.18899974055640292,-0.18640364478597884,-0.1694796437335445,-0.16344374023298008,-0.15739252713134527,-0.14666512696425588,-0.1397692463497145,-0.1274175214329887,-0.11666576460916936,-0.10885477393919929,-0.09558585689012601,-0.0852201983309151,-0.08496197137070216,-0.0591397801001682
-0.021335229380595674,1.068970409898334e+38,0,0,0,0,0,0,0,0,0,0,0,0,0,0,-0.08482567998233367,-0.064876554460756,-0.06878183877014597,1.3568693646800234e+38,0,0,0,-0.12383683183465308,-0.18245990111615756,-0.26190559855832934,-0.28033128795163015,-0.25803398159074326,-0.26659014734228004,-0.2637425186357685,-0.25430468073522655,-0.26525356930409066,-0.26286091399896644,-0.2509574220499938,-0.25052843390513124,-0.2537744390771525,-0.25080773385985844,-0.2502474148088188,-0.24297672990541014,-0.23266407763579905,-0.2280281299163841,-0.21391446255001476,-0.20760896732824022,-0.1903777324038738,-0.18280717502079977,-0.17618704484150843,-0.16817761722383553,-0.1605761664543591,-0.16040403479593762,-0.1641860589957555
0,0,0,0,0,0,0,0,0,0,0,0,0,0,0,0,0,0,0,0,0,2.1208078992734916e+38,1.971148427114766e+38,0,0,0,-0.3072204813868594,-0.3165885827414182,-0.3254379469966235,-0.3324742391751627,-0.31122149105273456,-0.3264947367010519,-0.3242879170661654,-0.3128741418992391,-0.3175294958892789,-0.31714227815172075,-0.3081417409897225,-0.31523912673232773,-0.31214399470787557,-0.3121959840789757,-0.30757261540013764,-0.2982727181438962,-0.2875805581597001,-0.2813845715948502,-0.2596244310241168,-0.25146200279269165,-0.24395602784111362,-0.23602527150724353,-0.2331698806299246,-0.23924390420341227
0,0,0,0,0,0,0,0,0.06677459203643597,-0.2815534327613283,-0.28975138726895455,-0.29705405313360056,-0.3339587106678291,-0.33408699371865913,-0.34526255298489256,-0.3416535132268759,-0.35020883292398514,-0.3543835985312681,-0.3627911788414635,-0.37560175297729953,-0.3700698986379294,-0.3703746171167412,-0.37897092085714323,-0.38308714365626617,-0.38470594684679965,-0.3930047173534115,-0.39330837303595606,-0.3948783153309233,-0.40199712195404275,-0.4037138097606255,-0.39520163613384557,-0.40223985665419065,-0.4049397136508609,-0.39484092044849134,-0.39114256465295594,-0.40145698864448354,-0.40349492792730796,-0.3990087660726711,-0.4034280286945705,-0.4002481949860198,-0.39635427839883886,-0.39210167308787447,-0.38361359984114995,-0.38205359279802836,-0.36543191255375956,-0.35084551779341244,-0.3419437819014271,-0.3306333180792574,-0.32512639707357877,-0.32709025971686684
0,0,-0.28683310342947593,-0.31125500206212003,-0.316311605816281,-0.3265007666542586,-0.36984093503825105,-0.38818401381061324,-0.3914806663001407,-0.40818987210452107,-0.4126948587447088,-0.4157535178248639,-0.4285581929100298,-0.4333325704916232,-0.4355194250340045,-0.43652320640981335,-0.4554847977062693,-0.4631075541732043,-0.4667959267481903,-0.4751441782382468,-0.47950794070177943,-0.48516563060624374,-0.4932281605317582,-0.495065489383895,-0.4929150532127041,-0.5016918836235936,-0.5053817415029029,-0.4969642022483421,-0.5001962842902895,-0.49906143777334494,-0.4970185982960822,-0.5012122982891412,-0.5047111703091681,-0.4994466339344983,-0.4977511521590665,-0.5016726400861413,-0.4969845624897265,-0.49281704954791167,-0.5062891109123971,-0.501767361358668,-0.5028217790573353,-0.5019602895373306,-0.4971084549430824,-0.48969899315399557,-0.47797826872335436,-0.46907071706699216,-0.46008460968681786,-0.4349329203104812,-0.4222276876877696,-0.4157839734986192
-0.35939093182598236,-0.36793902272581747,-0.37900510472726,-0.4021867199541035,-0.4088502796167995,-0.42127237640430765,-0.44005380275128525,-0.451303364834575,-0.45753870435229094,-0.4771660229592697,-0.4925869200711699,-0.49592535114579334,-0.5154250229100101,-0.5256543882299658,-0.5300457273798564,-0.5409969858996247,-0.5643594474500566,-0.5696941488554053,-0.5774547376683635,-0.5950115878475951,-0.5941902927405985,-0.5988615887306099,-0.6158861636769283,-0.6214592130455542,-0.6181251493653284,-0.6272255672285314,-0.6277508981196948,-0.6284473567880177,-0.6400946408908527,-0.6478476989218948,-0.6426391070741532,-0.6520982844064716,-0.6491467881480056,-0.6453816140059316,-0.6393493127523794,-0.6521632974109924,-0.6402607450092194,-0.6314940611254823,-0.6421922595393497,-0.6224989481295019,-0.6289027570191703,-0.6370018852833632,-0.6282295830033613,-0.6146927163101281,-0.6167590558359886,-0.6068990923850046,-0.5967331419749259,-0.5836328260538447,-0.5769706160673665,-0.5636458223444025
-0.3280913125767113,-0.34374230206473444,-0.35519229569853233,-0.3864100919797837,-0.4029124357926797,-0.42043282748661526,-0.4476020333383105,-0.4696413222256544,-0.4876920938820194,-0.5169044791140958,-0.535821946631257,-0.5505115507210383,-0.5734079177552034,-0.5855091255623135,-0.6026253154980739,-0.618990669427983,-0.6551026312736203,-0.6590179808171939,-0.6839348459324925,-0.7242853051268406,-0.7250467270365909,-0.7343022147470147,-0.7595733889351255,-0.7709507669877584,-0.770979836969613,-0.7941278559824689,-0.7966566822562995,-0.7924017547272897,-0.8028879562107045,-0.809089972664726,-0.8073021961754704,-0.8225385584649904,-0.8139710822227341,-0.8156483056742718,-0.8152274759179352,-0.8301814533366507,-0.820148469300006,-0.8088792951116743,-0.839189363981318,-0.805204983333093,-0.8082272998635205,-0.8209902944138815,-0.8173914399678338,-0.8168300612341877,-0.8206698540424592,-0.820104854863503,-0.8103771540063758,-0.7910992498401175,-0.7750902707747293,-0.7610549365447438
-0.23944413191797928,-0.26982597781867695,-0.2955621475694652,-0.3306589105942824,-0.35075846185693654,-0.37062830947908776,-0.39617811604068787,-0.41471238633628,-0.4411476556054995,-0.4837822033324562,-0.5083315715647163,-0.5393749454622009,-0.5926978007499787,-0.6147053617564515,-0.6422876133261958,-0.671335713581234,-0.7298414074978289,-0.7556157603623741,-0.784289176540035,-0.8306567081388747,-0.8426473518653746,-0.8587209957120422,-0.8979073893581209,-0.9074937741783801,-0.9238722774350663,-0.9692012632025262,-0.9653082315548724,-0.945264920714195,-1.0010564900320418,-1.0281527989961279,-1.0488390722304182,-1.082001103191896,-1.0810411508837479,-1.0831285780132633,-1.0845782681608738,-1.093894861672449,-1.0827534668616559,-1.0915426554268075,-1.1141742112752318,-1.1024027433947228,-1.0858722961442955,-1.1150395089463265,-1.0977714686286326,-1.0768092963510827,-1.0874441778070896,-1.0692859144914186,-1.048849134400848,-1.0434307631643012,-1.0343257703446505,-1.002923847226407
0,0,0,0,0,-0.3205455926414068,-0.3629359281555564,-0.38586609676142813,-0.4153899305441616,-0.4512975149760321,-0.47466044997017076,-0.5089606894387356,-0.5602807155253299,-0.5901291543113028,-0.6379516089093279,-0.6799437955647986,-0.7548403686813295,-0.8116710954093231,-0.8612314512422533,-0.9643430206531071,-0.9968224992057578,-1.0726329757092798,-1.1327083712879964,-1.160431636987448,-1.1790912258486022,-1.2297611949204719,-1.2540990460556425,-1.2587227619442278,-1.300541501246126,-1.3190096246338485,-1.3119341883707938,-1.350036825754291,-1.3515715207129035,-1.3596309638132642,-1.3663949624875864,-1.3984131796615014,-1.390650741709717,-1.3889876010867777,-1.4166091118409572,-1.394529068914465,-1.399094401419893,-1.4191425700179112,-1.4157366633234127,-1.4033178106065711,-1.4026541445340368,-1.4016116323543495,-1.3732946101477077,-1.3743021847602674,-1.3676846908614282,-1.3154350779346389
0,0,0,0,0,0,0,-0.32803479238388245,-0.34859842760182663,-0.37903385297128667,-0.405396639075939,-0.46692028839061944,-0.5593755437514537,-0.6190282676265606,-0.6869951407451081,-0.7353129871148796,-0.808753793054534,-0.8684513119998875,-0.9279057425164026,-1.0114845489069386,-1.0645726656945775,-1.1180551286186362,-1.2232113240044715,-1.273415588467737,-1.3155508461689573,-1.391026854754482,-1.420927438333003,-1.448661210161944,-1.5416822139384065,-1.5570868995539537,-1.5833696985393542,-1.6387089213536163,-1.664147831069078,-1.6720037923516782,-1.6989003699219516,-1.743957037909645,-1.7386444158502667,-1.744846369280887,-1.7617606119748865,-1.7619182066897296,-1.7674859947873736,-1.7888302401883809,-1.796832353934848,-1.7619558491994023,-1.7668039084913112,-1.7746528188040145,-1.744552123247448,-1.7548931404302712,-1.7545705371194935,-1.6924305184984914
0,0,0,0,0,0,0,0,0,0,0,-0.2687795696552137,-0.2885663375569917,-0.42667032714763165,-0.5686425521419077,-0.652793951665047,-0.7713596144031664,-0.8672289581926227,-0.9397718211273842,-1.0488155528872294,-1.128935012828698,-1.1903688953844176,-1.318469141496731,-1.3839669258054588,-1.4609435750253026,-1.5989089117125208,-1.670868921241543,-1.70724264673092,-1.7980932538773822,-1.8185801928730072,-1.8456792040022425,-1.9408530239477708,-1.9598154502349385,-1.9823762494765824,-2.009219023035299,-2.0876967489515783,-2.0955087082195356,-2.1141924811544217,-2.1961124405614774,-2.2116765669944214,-2.239396987467585,-2.327542759243488,-2.3882445814305937,-2.3446926331501317,-2.4145163037635644,-2.4021793948751085,-2.383889397038907,-2.3800476200430993,-2.370267026087193,-2.352143430452151
0,0,0,0,0,0,0,0,0,0,0,0,0,-0.2823285866702797,-0.5113841258876084,-0.5995475253508388,-0.798947354520622,-0.95165149003932,-1.0580187529201808,-1.2266565693254337,-1.32988638689202,-1.385942685338202,-1.5184379812513988,-1.5887981935155913,-1.6920994759937913,-1.8789708474247933,-1.9403010667193115,-1.9882031591397051,-2.087891743053446,-2.1185007396963327,-2.169905470801347,-2.327752261668653,-2.432587171591476,-2.479159663242613,-2.555841413762603,-2.6552221195894483,-2.655404610510355,-2.691878542626034,-2.751341466339432,-2.743122069024034,-2.7862002620864437,-2.8297939316969996,-2.847267701599158,-2.8404073990232948,-2.8950222284647986,-2.8760510760448197,-2.907352329710713,-2.917660357766094,-2.8809987499517233,-2.826305242365549
0,0,0,0,0.09073551293132173,0,0,0,-0.16517175379515991,0,0,0,0,0,0,0,0,0,0,-1.0368506749211708,-1.2177477653842999,-1.444689389040156,-1.796489108177007,-2.0234044721660416,-2.1643528964579875,-2.448783141049094,-2.560154987813091,-2.6125428983158203,-2.8218329086530645,-2.8996026409667413,-2.9453443569012596,-3.064324244225738,-3.0967082436816513,-3.103671303854419,-3.1285800185924804,-3.2156390154821297,-3.216331528242785,-3.223904167445635,-3.3515333574301174,-3.4774003335198427,-3.4984631485448534,-3.6106178695268074,-3.6510303434040954,-3.631274911600592,-3.693619483240756,-3.6641840015655696,-3.6648823234162373,-3.785869405909226,-3.7542621806673853,-3.6704352960793596
0,0,0,0,0,0,0,0,0,0,0,0,0,0,0,1.1257479414456452e+38,-0.04026755944674214,-0.4199391739124402,-0.5192034224764378,-0.3970411336665467,-0.41767587140592566,-0.651501102332059,-1.3323345406159177,-1.8395097966520828,-2.3346347612184677,-2.750563132204964,-2.928434769185394,-3.062414917198163,-3.2498716079162415,-3.3285879949573074,-3.499783699834008,-3.724005123360452,-3.824632029866618,-3.9638140512154925,-4.0139798619499025,-4.133053010868342,-4.1759193154468806,-4.298329081483349,-4.37987032632759,-4.376688309223798,-4.502694449618809,-4.714580682668696,-4.742326273927018,-4.734523276778037,-4.828437215372168,-4.861589142746546,-4.7733760815756945,-4.830438883631789,-4.832921184499684,-4.751924568316077
0,0,0,0,0,0,0,0,0,0,0,0,0,0,0,0,0,0,0,0,-0.5873408062482104,-0.8531848153232804,-1.3841362017726877,-1.743280038587063,-2.0557529289889622,-2.709035009229889,-3.1360290044601107,-3.7347524821085156,-4.014007948814809,-4.265555871080865,-4.416216331020346,-4.581159406256827,-4.715502679726703,-4.774744693472896,-4.882495316914063,-5.162989369164967,-5.1958102475179375,-5.29013315355392,-5.431732504723656,-5.453835938777755,-5.550199062604121,-5.722835076998586,-5.791268846752956,-5.7975710104232565,-5.932198408138421,-5.9580802012601035,-5.963473514587629,-6.154601071018678,-6.118425516965804,-6.03483844763849
0,0,0,0,0,0,0,0,0,0,-0.3964771685713647,-0.40233428774660324,-0.37986965958112917,-0.4015921628881183,-0.4689564261391081,-0.4850132458480303,-0.5132890672195767,-0.6247767841750298,-0.7185000617593267,-0.8676484180080617,-1.143155073039177,-1.2962730933088846,-1.4384439575198658,0.3864084007219907,-1.813870173537312,-3.6874291722849306,-3.613721009013798,-3.6617590770520447,-4.264524201509072,-4.447570852695525,-4.63401809028984,-5.144269123806986,-5.366465335331077,-5.506101247143457,-5.690159942819927,-5.971364165510607,-6.13323635741501,-6.3446187324417185,-6.62774104486273,-6.72240180282207,-6.843345656751285,-7.104699969868371,-7.220418423892907,-7.304005752208279,-7.46262372958696,-7.465252562628033,-7.476377040055945,-7.7046265311351005,-7.682724797425364,-7.581831208470998
