jsons/1312732800.json
{"header": {"parameterUnit": "m", "parameterNumber": 3, "dx": 0.1, "dy": 0.5, "parameterNumberName": "Northward wave", "la1": 40.97354507446295, "la2": 16.46031188964855, "parameterCategory": 2, "lo2": 133.9931640625001, "nx": 191, "ny": 50, "refTime": "2011-08-05 8:00:00", "lo1": 114.97908020019554}, "data":
[rows 0 to 21 of 50, columns 50 to 99 of 191]
0,0,0,0,0,0,0,0,0,0,0,0,0,0,0,0,0,0,0,0,0,0,0,0,0,0,0,0,0,0,0,0,0,0,0,0,0,0,0,0,0,0,0,0,0,0,0,0,0,0
0,0,0,0,0,0,0,-0.1553595412469066,-0.15820503166747024,-0.166790832843656,-0.16389430805335709,-0.16623735157489597,-0.17114951492217945,-0.17258119885102288,-0.17501700551121774,-0.17438840484851947,-0.1775854108289303,-0.17997405125890376,-0.17322567754991922,-0.1643945650877498,-0.14775094004491907,-0.09848914184041495,0.014217583098167704,0,0,0,0,0,0,0,0,0,0,0,0,0,0,0,0,0,0,0,0,0,0,0,0,0,0,0
-0.2293645359246635,-0.20668323634652713,-0.22692917839552593,-0.21107175556328497,-0.20581531791868263,-0.20834425634587728,-0.20120609298233638,-0.20660362157443507,-0.21172854760324902,-0.2086347850795661,-0.21221250530764987,-0.21332592478482504,-0.21067128333021817,-0.20519864562745002,-0.1995274133285546,-0.19784977191475867,-0.14415434125828627,-0.08290654543897048,-0.0021356110874563477,0,0,0,0,0,0,0,0,0,0,0,0,0,0,0,0,0,0,0,0,0,0,0,0,0,0,0,0,0,0,0
-0.3377883307585973,-0.33984193461830536,-0.34603054781977194,-0.3371637736014453,-0.32305199195134127,-0.32018828250368225,-0.3015052584183206,-0.2884988529244764,-0.2846048764325628,-0.2700128250868584,-0.25701531422600926,-0.24002632641258193,-0.2065878875129613,-0.14916460222116865,-0.21347992812123479,-0.17696019525635753,-0.12189964098995752,0,0,0,0,0,0,0,0,2.1412365943104772e+38,-0.5924768010202592,-0.6246910573449427,-0.6470286937303859,-0.6651730305126003,-0.6665317484105412,-0.6614771842002513,-0.6501225931061853,-0.6191896755889958,-0.5970570127265041,-0.6107087656054716,-0.5888393271219744,-0.6033319473309097,-0.5767993805486977,-0.5887032925097253,-0.5835253618827124,-0.5554490303339812,-0.5424716579028666,-0.5851250155600538,-0.5559733038813474,-0.5571796271095752,-0.5913059106506621,-0.5533659173512839,-0.5357616997849349,-0.5238959331784915
-0.41861637136346785,-0.44527042867116334,-0.46140143874260475,-0.5055583027640149,-0.5313218207628984,-0.5504422699188685,-0.5866313767555235,-0.60745722128616,-0.5986248012436336,-0.5085294448941653,-0.4488226910936901,-0.28432584737269934,-0.3036125951605838,-0.22794132069580852,-0.3052798404595847,-0.34894764645203463,-0.5995404949629624,-0.6107590627082627,-0.6274875634171464,0.2464364017483924,-0.9257528971872503,-0.9739989012920585,-1.0230951347430668,-1.0500933860793504,-1.0178794782254046,-1.0448634639415273,-1.03552394075497,-1.027830822396718,-1.0253730480447605,-1.0348080679712945,-0.9819410011903219,-0.9796133608519526,-0.9443714177048365,-0.8940793309575652,-0.891856734703611,-0.8839023026519748,-0.871332537202891,-0.8480378062081416,-0.8403637060342359,-0.8196569310604016,-0.8296961332370313,-0.7871454530288713,-0.7745493180419406,-0.7843907612390313,-0.7666364524507443,-0.7689626442541652,-0.8609842117183687,-0.79003423141857,-0.7789531849681949,-0.7328920317023659
-0.45641437768809073,-0.481336260876536,-0.5054576103505611,-0.5405018162003773,-0.5801414904746962,-0.6079535229117998,-0.6634601247382459,-0.706728099026673,-0.7443437004833423,-0.7994873658157096,-0.8400165524177509,-0.8886398429728168,-0.9556253540676812,-1.004287453323047,-1.0402040208463315,-1.0915713013716615,-1.1640148627340765,-1.2163315735291802,-1.2238054758435266,-1.3070185799048473,-1.3353555150895389,-1.3696561792267006,-1.4366280859605867,-1.4401723641772735,-1.4281350741539662,-1.4464518461038924,-1.4461828828534693,-1.408574783980253,-1.4242021208461653,-1.4339441558496706,-1.338625873833295,-1.3515693094510814,-1.3380281559350504,-1.3068861274224457,-1.2987709300783568,-1.2739026247387213,-1.2036059426077186,-1.1575896483338655,-1.1532756094530867,-1.120037790590446,-1.0965616173810495,-1.0464171912856668,-1.0039146594783424,-0.9749012872620458,-0.8936983683612899,-0.849509442998729,-0.9001975548369298,-0.7830350603367695,-0.685271035661691,-0.7051174657492892
-0.37962121513407854,-0.409514896783835,-0.42041448548401056,-0.4512774532273337,-0.47616054721992174,-0.5025332908045224,-0.5272306600816902,-0.5630654535416336,-0.6007467482795719,-0.6533675471381302,-0.7019560461386906,-0.7509701558717199,-0.8431548859333148,-0.8991809682275029,-0.9749147468352412,-1.0449464759211575,-1.1787331034808652,-1.2475261617974263,-1.3291630283730886,-1.4678611466283715,-1.5245639597853782,-1.6122416252098115,-1.7217821712437358,-1.8007243021202965,-1.7763259060261045,-1.9034345035870577,-1.912987250806117,-1.8567651796220606,-1.9163480476739412,-1.9177935295886877,-1.808088058500809,-1.8651470879795942,-1.8279619997236118,-1.7589732454667044,-1.7139131340988516,-1.7022457985364168,-1.6493733122669874,-1.6193808450799207,-1.5755993097689307,-1.501008040658277,-1.4932644740186736,-1.423816008326542,-1.3766857972482531,-1.2607243074108754,-1.167342413799116,-1.0666009458705557,-0.9462488938898777,-0.7971275698633915,-0.7393017701819249,-0.4651816159273182
-0.12653810477449234,4.1666783541862e+37,0,0,0,0,0,0,0,0,0,0,0,0,0,0,-0.7246343697799082,-0.6125663542392303,-0.6531423269602399,1.1825563746283158e+38,0,0,0,-1.115039973487444,-1.4508075269153242,-2.030027767704934,-2.419443208565278,-2.4167554310740047,-2.5387302106794096,-2.532023573015224,-2.453328763764646,-2.52895170940283,-2.5005356536815535,-2.3621284161718377,-2.308749279742921,-2.3499899470430448,-2.2549520525475746,-2.2091251738990643,-2.2139355143295743,-2.086168663252307,-2.043466567093286,-2.011213547472271,-1.9700291064123168,-1.7953778398326294,-1.7260931304098435,-1.6613923213773567,-1.5037097161604722,-1.4283066903348614,-1.372477357855914,-1.2555698837094695
0,0,0,0,0,0,0,0,0,0,0,0,0,0,0,0,0,0,0,0,0,3.070761129741354e+38,2.659801086595772e+38,0,0,0,-2.9292170969018976,-3.0517677095322604,-3.178381252415732,-3.295394498302673,-3.226259587045336,-3.3661224068435125,-3.379336845492214,-3.229754196071446,-3.247044274020036,-3.1778947568046227,-2.998615994260207,-3.0381262982573585,-3.014618020014743,-2.9119056337458518,-2.832817621863082,-2.761578031586874,-2.67175458391981,-2.50380786943344,-2.3668163531383635,-2.244377133086737,-2.0893464346634802,-1.9362284198951072,-1.8393793123821804,-1.6852040278740712
0,0,0,0,0,0,0,0,0.22446365108742444,-1.505286012740376,-1.6106706844371712,-1.7379513932308244,-2.1039968157676796,-2.1760795555766745,-2.345674654889369,-2.3866551320099414,-2.606452591179827,-2.6558282820485726,-2.796169557330561,-2.9508775865333194,-3.0082788115355807,-3.0597304460649757,-3.2471738512157207,-3.341022643328709,-3.4547122063631943,-3.7054848766123887,-3.7705286742698134,-3.8475144480936843,-4.108988120701038,-4.251760919011555,-4.2073117519615915,-4.376056795088082,-4.411005801143491,-4.322783707274566,-4.270780071339198,-4.356663854436033,-4.278040442387365,-4.142867261751155,-4.16674182735546,-3.942947556079921,-3.7917451880186817,-3.722133352469362,-3.5629803270778933,-3.3176857220910136,-3.2167414555041898,-3.021125365667667,-2.7405310138948966,-2.598932090090651,-2.4267416164069386,-2.1964961101909637
0,0,-1.0992212892057822,-1.1037508656416062,-1.1898487677732728,-1.2295426468917356,-1.571845908897656,-1.6803986570951797,-1.721359703435512,-1.88120434193726,-2.0120778607704173,-2.1502689851240273,-2.3469841646227723,-2.450960953673427,-2.6734150631929516,-2.792119425968794,-3.008949137267858,-3.181708752641001,-3.264229720493068,-3.4786068488964585,-3.6409703461387166,-3.7491960437668648,-3.996551538194351,-4.147375965770979,-4.2582358887454035,-4.493453774279257,-4.622003865314771,-4.6630143118560765,-4.871286434602723,-4.967516505201117,-5.04246772656178,-5.224503551702876,-5.3072991932652895,-5.273244894135152,-5.283103062162487,-5.395733282702176,-5.244456657225591,-5.160787138684892,-5.230650226571144,-4.946846753971073,-4.8021108384871996,-4.67613676171088,-4.481261699738682,-4.120981313913942,-3.855902823512326,-3.677240249571454,-3.2561407440724426,-2.9804464190329236,-2.7774313086939832,-2.391255621578359
-0.6940274897174562,-0.6942307102380711,-0.7350465591135592,-0.8223127290348611,-0.8806186312630054,-0.933233259536631,-1.0304248128357263,-1.0891077647351186,-1.1761053116960274,-1.325778033788095,-1.4074891297651513,-1.5682167743633997,-1.7232254675210499,-1.8552354696193585,-2.0853802761479354,-2.2390424826886797,-2.4983263446712343,-2.820000922474695,-3.0103556912827973,-3.3139038627264163,-3.539926468461817,-3.7361062134731897,-3.983287764928009,-4.131427307491043,-4.347411601953625,-4.633869439973018,-4.752179949618581,-4.994148168958101,-5.206824007879469,-5.273596214398145,-5.32248463170707,-5.425703322415645,-5.403443853641862,-5.285275933688193,-5.177748821205572,-5.2797244204259774,-5.045479851081276,-4.9708422020922525,-5.198525884961064,-4.794620951571082,-4.747974106737551,-4.7721788131116565,-4.584196973600938,-4.1769396275023025,-4.078155027723668,-3.774187812799991,-3.3376817404382066,-3.0510658080049198,-2.782039233320051,-2.3252231749530763
-0.2926585156578059,-0.2853585519961996,-0.30253974076038637,-0.3571094735536037,-0.41071939009816355,-0.4716970553239329,-0.5237197079566243,-0.5849352518257684,-0.6828605960499453,-0.7643070032516681,-0.8254747150739936,-0.8998653191848747,-0.9943434639162053,-1.10497483177923,-1.3215839551900321,-1.5047791090979976,-1.7557727220930608,-2.1167061779062224,-2.3401087321577743,-2.592657153837901,-2.820356528087006,-2.9679950508949657,-3.2693575738654648,-3.454870199549941,-3.8062944474007625,-4.162005939439358,-4.315226417277141,-4.697505924622639,-4.9644874364294145,-5.140336887467848,-5.286146418683329,-5.3872161055691645,-5.381965647102991,-5.214332298441831,-5.0863729677180975,-5.098312877217562,-4.94699654687887,-4.803011960907205,-4.905598620653302,-4.689687645471592,-4.465116023289094,-4.502845755497909,-4.388427627342248,-3.8408980875266283,-3.6383179852435905,-3.4783143250407593,-3.012102769764495,-2.766996821844666,-2.5047814636492087,-2.0581523782223785
0.00783657761846334,0.02517113528473851,0.10807499099415474,0.11229941550422518,0.15412965762759992,0.15061629809912905,0.1532467846553405,0.14005493200438457,0.08651251331780367,0.05134800723928911,0.011110214915286375,-0.07713632455204934,-0.14918360462435784,-0.2105516852256725,-0.3889575596201271,-0.4945677436969371,-0.6352143432879929,-0.8842058042861795,-1.0203124969820985,-1.2032144028862686,-1.4279974367245272,-1.7436853017069214,-1.997423627982349,-2.2508836940060952,-2.677161997708643,-2.9613744086449274,-3.231472659008641,-3.664664979919312,-3.812642507496888,-4.0289165410165,-4.3226239633485495,-4.5765595945181,-4.774344464292991,-4.978525987108251,-5.025223295853978,-4.990227203483854,-4.763374809144963,-4.657990953090483,-4.537067951008832,-4.1602462828348195,-3.960923018523941,-3.990657650748407,-3.7534393344238093,-3.2936524419508824,-3.2745625431003598,-3.046761145101081,-2.6470971457248202,-2.4164013312844626,-2.273162176565475,-1.8908322343559305
0,0,0,0,0,0.08527450055371828,0.2292137020768047,0.2930236680841381,0.3745875057774494,0.4178136180077975,0.42189059142428076,0.30203025086906565,0.227571018742069,0.14434268229484554,-0.006197812715151141,-0.07724209394417225,-0.20369917846580485,-0.4485281499145812,-0.5236506127808536,-0.6205953537328562,-0.5174620733380314,-0.5770776772613322,-0.6993683784154817,-0.8502700417541792,-1.0792408912739915,-1.2115911705602507,-1.4100742933849342,-1.6809843759420624,-1.9560379757548036,-2.144183064916776,-2.6776287283890543,-3.0711930319525305,-3.465094998951237,-4.233305628817967,-4.591483812845119,-4.7189700992446255,-4.674938581922444,-4.518513567338337,-4.228451752053085,-3.6758390749564427,-3.360150150320878,-3.2122418796713625,-2.9934355032229405,-2.560893561665041,-2.459879129812984,-2.292571504544654,-1.9852726121027582,-1.8954406644523227,-1.774611540400402,-1.5174655911048454
0,0,0,0,0,0,0,0.06642912725594785,0.3988260681911837,0.5700475249433018,0.6534487559216597,0.5946615430057074,0.552917008409592,0.4905181142218729,0.40386504484694546,0.3982600506533768,0.41221687295011333,0.32295522673085547,0.2851865929242681,0.20626646231786475,-0.004268667078008976,-0.12733693026809675,-0.26160576978147687,-0.40638456757424685,-0.48771941156121873,-0.5587833636640852,-0.614199045879721,-0.8182255908093986,-1.012404687865443,-1.2293965437967476,-1.574376245046195,-1.8627329616955561,-2.1013167637943537,-2.747822680867255,-3.311887882553568,-3.6412457178976045,-4.484809389220259,-4.350471433306817,-3.7649984691605387,-2.774982052979525,-2.351281878929659,-2.022420386489651,-1.8958842236660476,-1.599352150142594,-1.56350223633666,-1.4995782121508328,-1.4169960662802379,-1.378436382783164,-1.3493090931494363,-1.3033469694753266
0,0,0,0,0,0,0,0,0,0,0,0.5830581946210048,0.4474667332719767,0.4216883700320763,0.4369236070739372,0.4955726902281385,0.5530001045878982,0.44260662495739306,0.43381783384571376,0.4969850414882411,0.48736939083677544,0.43602352809119777,0.37062880186398256,0.2688161909127813,0.07595909158620068,0.01689904335427282,-0.024632733222196383,-0.19189173458514916,-0.22215961021746392,-0.24951697112566124,-0.29763632760174674,-0.4482420460795166,-0.5861828881017164,-0.7815617063485713,-0.8583097173674215,-1.6969248526151965,-3.6168529179292124,-3.8932476251516905,-3.2239551077593163,-1.372002614548905,-1.040895909418053,-0.9127463802130001,-0.42861050488449454,-0.5531969449384512,-0.4277077982924424,-0.4649762318128269,-0.5099786372592557,-0.5419465147218251,-0.5493382300502784,-0.5450197147471303
0,0,0,0,0,0,0,0,0,0,0,0,0,0.07763643655779937,-0.19787450045305757,0.25475596097906733,0.42497855923790034,0.5917163473379984,0.63452694432447,0.6694726820921447,0.6106570982231222,0.5615566413316211,0.5076223764915023,0.36315430385741765,0.09545895810639896,-0.005002705524196719,-0.04226848881251092,-0.08595809871350027,0.046974084583105494,0.2124876410579927,0.7952198520655834,0.9354865172402567,1.0366987824501501,1.1901940867004697,1.3188359027940706,1.4887440210834526,2.2869908671248957,2.3276981320750343,3.39905256461062,0.3157202133293283,1.305685129504306,0.7560799892137515,0.524223313531633,0.2166416385051773,0.11270234601303716,-0.024878555610020597,-0.12465023369235292,-0.13218217058569118,-0.13790156727143638,-0.1432408760353698
0,0,0,0,0.08714081514200299,0,0,0,0.3114144939082507,0,0,0,0,0,0,0,0,0,0,-0.8308107948933348,-0.1078543794115116,0.002690813877767565,0.05252621684295579,0.10025213271264513,-0.04811729615600486,-0.14468942906716695,-0.15323103207882213,-0.11624711886747911,0.11289954921537171,0.30139810950497126,0.5029521926351215,0.4590812393856534,0.42465602904906874,0.5297693366217215,0.6646832706612169,0.9239677157141684,1.7223900194127195,2.161611879411644,2.4770770989881514,2.753272247836886,1.484699445716866,-2.99371117417351,2.8368129757017284,2.382477440224222,2.059091569480774,1.6192657009882734,0.8548896906387393,0.6127270883129403,0.670262593760531,0.5622357141720399
0,0,0,0,0,0,0,0,0,0,0,0,0,0,0,-2.9120034234627285e+38,-0.12630061242038898,0.24354024410457512,-0.05247042847877349,-0.11790288209743972,0.3197249146589679,-0.03768126453242003,-0.7093969125608892,-0.9574893659569726,-0.7752503815518931,-0.872973805326295,-0.8224861778988989,-0.6149126495850852,-0.5989865201732348,-0.4453126865832032,0.065172294339391,0.2831046632159061,0.5150532002052752,0.9491908208549613,1.0739957300821483,1.369668036780384,1.7682414206431893,1.8681806640184366,1.9558506515674887,2.2237946073870773,2.307388013872526,2.3466996417807233,2.024140007575342,-2.0435848057390564,1.025955226959064,2.170747700153617,2.0503139312101806,1.7948795812966263,1.5103315337300094,1.3059108526755114
0,0,0,0,0,0,0,0,0,0,0,0,0,0,0,0,0,0,0,0,-0.01354384372426015,-0.44181154989479765,-1.0013720058333382,-1.2716015350201397,-1.5335951439448856,-1.8203038176099378,-1.8176086286187039,-1.5630973611073826,-1.333255682086072,-0.84460863718375,-0.4048744907289084,-0.23683481747206597,0.038153703133791454,0.49597582239799864,0.7409455681347671,0.8297237623209816,1.09319182150581,1.275693872636836,1.3820148498705682,1.67864359996442,1.820494314107656,1.9392438743712277,2.032823167026455,2.1647409878815456,1.7935693596050435,-2.3185460325201346,1.9086672375075846,1.8863282050029013,1.7514727630688331,1.2439082974249305
0,0,0,0,0,0,0,0,0,0,0.24063178673994512,0.3335309470272605,0.3927493958409872,0.42425725275014303,0.4645100153245494,0.5107693511415683,0.6090942330667108,0.6211877388802223,0.6207932194629511,0.5700348840321127,0.04884225076920013,-0.09831710786359134,-0.08449510505933308,1.0180480835493186,-0.9509068382463056,-1.3024448785261797,-1.2072550335190442,-0.9922471263059593,-0.8452851536369839,-0.6287435179449689,-0.2936249008069842,-0.123440969253495,0.04515009087572986,0.33695946589690456,0.45972819549833016,0.6153559740550091,1.0424795748729283,1.2251317074116077,1.2836868644063888,1.395642409023664,1.4735087405732898,1.5239326497649692,1.6414813154444174,1.870371942657096,1.941459311260205,1.980425946191782,-1.3951519674257276,1.1818425018289713,1.7698458927218281,1.3707810273330336
