jsons/1312873200.json
{"header": {"parameterUnit": "m", "parameterNumber": 3, "dx": 0.1, "dy": 0.5, "parameterNumberName": "Northward wave", "la1": 40.97354507446295, "la2": 16.46031188964855, "parameterCategory": 2, "lo2": 133.9931640625001, "nx": 191, "ny": 50, "refTime": "2011-08-05 8:00:00", "lo1": 114.97908020019554}, "data":
[rows 22 to 43 of 50, columns 50 to 99 of 191]
0,0,0,0,0,0,0,0,0,0,0,0,0,0,0,0,0,0,0.04814686308418277,0.023212857451180128,-0.021125145313295478,-0.06413041607568183,-0.03445295076294305,-0.32689489753239503,-0.45064211836619517,-0.6090468760745481,-0.6244051474111092,-0.6316649339020995,-0.632872171168591,-0.6325819814517261,-0.6408097687745131,-0.6515383177637383,-0.6551723409007969,-0.6613516845251642,-0.6682132607176864,-0.6151119037221111,-0.19025797653181048,-0.11200362920516345,-0.187262695393082,0.12902829565840482,0.27076603156335777,0.18773818348357274,0.18116388158258612,-0.04908733971481441,0.10779600659525469,0.14524294090414852,0.3779851187558866,0.26698608326204043,0.23096983055344406,0.08298357953133756
0,0,0,0,0,0,0,0,0,0,0,0,0,0,0,-0.003018747427493491,0,0,0,0,-0.2113936341161791,-0.3702597237405276,-0.4941876939528604,-0.5507268269062054,-0.5861189530557832,-0.6256375960359816,-0.6337760978510527,-0.6373198273401692,-0.6335516382241433,-0.6350832496004696,-0.6258442237369112,-0.5281974503320348,-0.4475160967463242,-0.131294240368903,-0.09026390253891366,0.00860973043756579,0.17250854906776997,0.18855853467656147,0.2179104275505325,0.20062794398787376,0.2536120131973666,0.46906056061605056,0.3060095915707203,0.39330117442041224,0.4238679264753281,0.39369932515263834,0.47506363966924026,0.42441079425101513,0.40707052562471363,0.38686562050570844
0,0,0,0,0,0,0,0,0,0,0,0,0,0,0,0,0,0,-0.24949901381665715,-0.369513414884456,-0.4243906000930985,-0.47642392305481573,-0.5634083952332491,-0.594169714196258,-0.6126972640038454,-0.6350515453912944,-0.646637115231893,-0.6153810503820577,-0.5491996315680945,-0.4474175304841902,-0.2637667163287796,-0.21878335796840026,-0.1918621851423715,-0.11044676872687031,-0.07234574029218671,0.10873977380908519,0.22701649129090895,0.32273984269098077,0.27952064951061495,0.2874941332543424,0.28340202394100344,0.30412559731580385,0.35071574218837087,0.4456769171244372,0.4923194565519851,0.5269057909823549,0.550954277859733,0.5287253073146289,0.5031405201741918,0.47865520357218866
0,0,0,0,0,0,0,0,0,0,0,0,0,0,0,-8.1454825486999445e+37,0.05477492354159031,-0.2906696591694364,-0.3871471071728135,-0.496228907542167,-0.5400998387432168,-0.5805160451875598,-0.6247543481899893,-0.6341980297514176,-0.6605167128739483,-0.6563538145738671,-0.6299560888554324,-0.2869507539354046,-0.11846997348880901,0.04287533499615798,0.012205578427775164,0.07976626327670087,0.11805590603123035,0.23469158224332695,0.2396778520100655,0.20579496512039422,0.24832417150926864,0.2935355484539485,0.341954339635123,0.3858699594383546,0.4150767996207053,0.49771703865844563,0.516406712980733,0.5376559339701196,0.5595246909056589,0.6344613412289619,0.5614131108318567,0.5604041101374146,0.5067275283170901,0.5361779581669961
0,0,0,0,0,0,0,0,-0.07066625874979997,-0.15723132659937866,-0.19866451138225916,-0.22291387347799999,-0.28218624041864787,-0.3066277454789601,-0.3526639609973408,-0.3932912908183909,-0.44753581326665604,-0.5112415654669545,-0.5615309232374436,-0.614144804127139,-0.6623921973304039,-0.6901436160312125,-0.6939451243748375,-0.6901852432679527,-0.693274594381242,-0.656523929987846,-0.5109061982418294,-0.011912193034569687,0.21094371180628962,0.3072487615772388,0.35644452233055907,0.2976806225919786,0.352022420799064,0.4151620373964044,0.40673435932860236,0.44606183172689173,0.4441860973762042,0.43422193555388255,0.4304979726823264,0.47039523146331585,0.4854704506105778,0.4971940614639647,0.5087629955084518,0.5463889740588144,0.5676725098604092,0.5782659058369792,0.592275545889199,0.6043705867960854,0.6082809803275873,0.6042357072637154
0,0,0,0,0,0,0,-0.2644683908497912,-0.30852921949455614,-0.3797646398291963,-0.40018002975687983,-0.43536482532252613,-0.47572518786549695,-0.49876245914609685,-0.5454614577181154,-0.5732906331531359,-0.6220578116121243,-0.6635951625593076,-0.6888713575653888,-0.7019141462361276,-0.6965170140500193,-0.7000793074988149,-0.6987588599004695,-0.6962706688794924,-0.6611991291478491,-0.20351901756153973,0.0436194660769379,0.2629505917433712,0.30506097852167063,0.31142346591026465,0.35271662947293947,0.36500149408791394,0.38468943326521354,0.45400832343701714,0.46626754617065885,0.4809987659684987,0.4619119378187637,0.4525605326005763,0.43409602123687485,0.45091218065742666,0.4499186062794583,0.4673456633535437,0.48821591978932044,0.5349065013495875,0.569038121405759,0.5793277705299583,0.6227095618034495,0.6339871999277702,0.642714098942037,0.6614206552283751
0,0,0.08292102292832991,-0.3360910140426261,-0.39065732165944733,-0.41220147608252783,-0.45505032091861114,-0.4724725167745277,-0.4937886455212218,-0.5171925504282212,-0.5475574778051006,-0.57810893973054,-0.6163180034339156,-0.6493797915380055,-0.6875347283646389,-0.7114151267050977,-0.7322949139903416,-0.7199625748459313,-0.7185582993311294,-0.7118982786725234,-0.6807321624594692,-0.643632476585455,-0.6224353918253579,-0.5968943726996008,-0.6796788936715177,-0.5246731765357829,-0.2690407435560635,0.46299991908947097,0.41983853868110893,0.3960020470969046,0.3708308351407297,0.37378116398731165,0.36680815579924264,0.39862916700934664,0.409915944133957,0.42690035791612035,0.40098990509222004,0.39922352860134686,0.3999193221530352,0.4105296319742374,0.45744953268930544,0.48623781914578695,0.5158099177547467,0.5410882285301641,0.5357745308093168,0.5297667414540409,0.5222395240841384,0.557268411996369,0.5587074702692578,0.5973546632571557
-0.4250082813670713,-0.4665371977353746,-0.49429428144547205,-0.5293999372004059,-0.5473553387725033,-0.5612937878776896,-0.588265308628797,-0.6022392770490543,-0.6245247529439912,-0.6555808849979101,-0.6753454593707301,-0.691593063906026,-0.7283473804402366,-0.7411888576462679,-0.7334910705152176,-0.7060289125246509,-0.6861172124971541,-0.6149216086337936,-0.5801196237158591,-0.5349158058266738,-0.38720190824249134,-0.2706144423745004,-0.13203696683135743,0.09536238553018807,0.19793862615649194,0.2606714029454697,-0.579560030751512,0.542803992143255,0.5678175529846562,0.5617880402427173,0.5520650967791595,0.5703291832834639,0.5762967660974301,0.5591932494737124,0.553269932210601,0.5609585997913961,0.5274300071704028,0.525504032143516,0.5290254926458712,0.4722176058866832,0.49593500842279753,0.5419923602288595,0.5492426599064469,0.5311925632901623,0.5000996712585094,0.5146772543412556,0.568374685958558,0.5767746104592347,0.5790313031988513,0.6070622557623659
-0.561679119204151,-0.5803886269792337,-0.6086318280355677,-0.6289130989179939,-0.6366104227515702,-0.6456688430475556,-0.6810448377189706,-0.7006804640113083,-0.7082470756733733,-0.7137684974704175,-0.7037350178279563,-0.640435429981504,-0.593506167769823,-0.5713580579498356,-0.5349126224558621,-0.513424133499339,-0.4575669828556121,-0.3844712088921652,-0.36247594837987546,-0.3258397676518334,-0.2276230771229161,-0.18880007256211007,-0.11821020243753488,-0.25127644761541634,0.42615602333093566,0.27017726134717185,-0.5154164698674696,0.4385799062533525,0.5948943192042557,0.616162301053411,0.6360874287607524,0.6672852841244634,0.6210920354249765,0.616342031306613,0.6070547613377815,0.5978988334330863,0.5745498054155731,0.534183344559466,0.5304522117939545,0.5409075528542797,0.5335280050028596,0.5293633342358387,0.5355402589941652,0.5481383711070889,0.5608842383391793,0.5675578614943931,0.5691749229616284,0.5786113018856097,0.5900745899996748,0.6384324579545279
-0.6453975327556734,-0.6439795864622982,-0.627347309925886,-0.6235567434367606,-0.5708613981402278,-0.5483231659351308,-0.543505038524071,-0.4868246753088173,-0.38162759438100285,-0.28800016157043073,-0.25153445208703845,-0.12279629052969945,-0.10229126690559363,-0.07764557466882152,-0.060820405126769624,-0.1309903598792168,-0.18689249094448604,-0.25402701193384375,-0.27992272263213075,-0.37308191130583473,-0.3279755603851826,-0.3365151834765348,-0.27475095009804823,-0.21345943987677232,0.1473400864934518,0.4221846178051664,0.5203550734875417,0.5546446829800383,0.5904365500187188,0.6053540178784775,0.6148649051806396,0.6322917955396998,0.6654990120291151,0.6715699411373857,0.4622254457481908,0.6597329296617528,0.4256033905759441,0.6293085239355559,0.6322211181279779,0.6267108670331094,0.6119457467133901,0.5948396653699979,0.6079717020700549,0.6191408135277943,0.6258143524733334,0.6228975979805416,0.6199257687418932,0.6284469408220706,0.625256087658095,0.6258107572064631
-0.49267556964890163,-0.39897220150528706,-0.3453758796615507,-0.30632815667799207,-0.1652774325458425,-0.09949918370476667,-0.05050397941749482,0.04227750653265027,0.22371686080053027,0.3316978183211121,0.34837070706888384,0,0,0,0,0,0,0,0,0,-0.6291292233476107,-0.5869480948864794,-0.536750055199545,-0.4931535858469924,-0.3989989291781035,-0.2093936181387973,-0.04928218197520662,0.006088125958818384,0.2461347898300136,0.3562439197977153,0.4785834676855554,0.557775812565373,0.6173391519893245,0.6361992596154133,0.4541706608653044,-0.6996749088065295,0.20114507655248992,0.6753909133395033,0.5574539913791675,0.04256517439046234,-0.12267062308492901,0.5162846025180907,0.4843294134281469,0.34067289880127455,0.3552918625479225,-0.24096206546644203,0.5668855707363639,0.6295902831962339,0.6054935996655079,0.6320917499257557
-0.14830098483252108,-0.06518105193518235,0.01456747712369257,0.08893268155876143,0.2774192694334722,0.32748112827795556,0.43949912144000475,0,0,0,0,0,0,0,0,0,0,0,0,-0.8009827256436247,-0.6873832648076281,-0.6577647162514338,-0.5871897373124983,-0.5533445647983299,-0.42636772709514165,-0.366996617422584,-0.2785285252501488,-0.15634430996594378,-0.21806512845868312,0.019344178332737643,0.22544329394792703,0.3157264079927719,0.49838396150562714,0.680556906288064,0.7064038736705723,0.7043416170275422,0.684238747041815,0.5048580334524587,0.33218074785094415,0.2610741589326193,0.4207906826072921,0.06977035161735466,-0.1979295242802858,-0.3683170364450431,-0.2025471398009012,0.1380535833733143,0.49196698499601466,0.5703249810238239,0.5676124368944978,0.5868049178284601
0.226885121942482,0.39532317443117754,0.45202659468221784,0.4487819471800949,0,0,0,0,0,0,0,0,0,0,0,0,0,-0.7054014652936949,-0.759880330441343,-0.808213984547541,-0.714413953110078,-0.6424741952729996,-0.5593341116603954,-0.5290973227296338,-0.3969738418087293,-0.3044825160138212,-0.23650350071023715,-0.14139301784519784,-0.05807368607575248,-0.037597473792191596,0.08393981495980588,0.3027854916789814,0.4235247993622673,0.6623715802457707,0.6347433223517019,0.46970155334761793,0.6511613270265316,0.6971616512882196,0.5744635337560798,0.4521568078193848,0.44914771797147984,0.4334740471875473,0.3854812575984346,0.3229064959700399,0.308873124731648,0.38875260198087636,0.49128391329766147,0.5406625685843193,0.6043686652758299,0.6254292573962222
0.5110838100430238,0.5826742013792172,0,0,0,0,0,0,0,0,0,0,0,0,0,0,-0.7759658533604523,-0.7218369969983212,-0.7107859082600204,-0.6539041866861722,-0.5984223696796431,-0.49473982250334675,-0.4317592967263244,-0.3470483497846122,-0.20321622222591657,-0.1312764998539355,-0.07763765964509639,0.019476961835102457,0.08367330245267611,0.09517260961371424,0.19150170898435412,0.2761308999348639,0.39560203196708027,0.647552654539444,0.6895166390021705,0.7474854603067813,0.4372280297004476,-0.06971256229984826,0.20518128937948435,0.6442429769511884,0.6809544263580117,0.6403970671866293,0.6315593283922154,0.6040340152988903,0.5923739219859155,0.5706071391104865,0.6058940232208835,0.6470480359457363,0.6813859508632937,0.7063642989958743
0.40548062615370145,0.17039747908260683,0,0,0,0,0,0,0,0,0,0,0,0,-0.6634908647626072,-0.6745389087469627,-0.7092631555610317,-0.6097023195159519,-0.559716897247826,-0.5291427337384772,-0.3398128088843568,-0.23877714279123957,-0.1688648700846191,-0.06440434927363561,0.10369693971119222,0.04378603104899512,0.02875478482736787,0.04249524052890741,0.09337498857466393,0.11968231441656242,0.11923002721509605,0.289154856821789,0.3874280038463573,0.5626646578351423,0.6927406489027085,0.7537576153730116,0.800560332118966,0.8099062545370762,0.7772989478162607,0.7355280731859208,-0.4722990974970957,0.4555144732855698,0.699904891841489,0.7117509588973463,0.7277807635205987,0.7238679476098978,0.7304776125562296,0.74780336264507,0.7515855985994512,0.06711395423167414
0.4885190011263941,0.4859324505837782,0.3665024537728119,-0.13202022229805432,0.10205549833747656,0,0,0,0,0,0.1291207678524219,-0.6036790931222811,-0.6986815854371393,-0.7070247495471944,-0.639793322728927,-0.5648517475577874,-0.49503526863394987,-0.2569598689897332,-0.2583580348284781,-0.18211790587942683,-0.1138738183246383,-0.06797354147345948,0.020444886495222712,0.06023143984350514,0.16596155791650638,0.17746605187211248,0.18463105123117052,0.1879732327610893,0.21752759269968458,0.24149773521639506,0.2884994600044158,0.3644549316147984,0.4051188929334898,0.6594558488853556,0.6798611561978263,0.684191565585937,0.7373280397487896,0.7856083104670865,0.783329126105005,0.8335535698869713,0.8240124814764191,0.7860147683875659,0.631396817397721,0.5769228874163392,-0.6594079007796309,0.3484917074786915,-0.3825450296896344,-0.13081918988660812,-0.5378515384152927,0.7147015048607727
0.46894706354597293,0.38806255114573496,0.3005036817608898,-0.4536147459246092,0.3126734856893225,0.36967286366005875,0.31824561722185,0.15520653599697068,0,-0.629496414558288,-0.622310087270069,-0.5618318628154301,-0.5559341432563941,-0.4905888411492489,-0.3179502125341748,-0.26470858422001314,-0.16867450333845596,0.01887269104623921,0.06387870514846479,0.10895990065195733,0.1983407297220205,0.23553926180732834,0.27577628173855184,0.3686403475603782,0.35304250226193906,0.34629231936511395,0.33314318897651035,0.3372673030200553,0.33833692251389785,0.3871889451218248,0.5127269436817564,0.5857307010122264,0.629037727807281,0.6352817739058166,0.6333499916625576,0.6739763702324311,0.7308882314028913,0.7648146266115049,0.7723625540517491,0.8516523316139303,0.8467310851141574,0.8419538410871048,0.8528578510468119,0.8541695494176893,0.8326298286055213,0.8319916216989507,0.843805996828574,0.8419514537056442,0.840009262199162,0.8411147958136714
0.04213125840864896,-0.18309666013713416,-0.30310993414185294,-0.40785931694070066,-0.43513299774428266,-0.44945990052152496,-0.43759065334928215,-0.4449141222876005,-0.3539302518477186,-0.3344718951839785,-0.3002028364788776,-0.19085156118749128,-0.1379943880486161,-0.07974109703896078,-0.05525692049419752,0.01147761768113409,0.06043437074151244,0.18119707066667645,0.2350375636596241,0.26800742397962596,0.3142930849145197,0.3393241622202764,0.35036517505124715,0.38698859338441555,0.4215594596258165,0.4506195116822457,0.47026003171370695,0.5447393052890114,0.5317930954276809,0.5384248265560746,0.5402337100237932,0.5381587837818368,0.5503523025081497,0.5868078924305159,0.6244442563975645,0.6212979736056928,0.7249021081112131,0.7411732369068377,0.7508179474563097,0.7837561961923506,0.8102994886298663,0.8031698598050292,0.808874481477753,0.8246711399229448,0.829350039351161,0.8418205329507101,0.8365384475161312,0.8403954370857059,0.8555661363729296,0.875740600449587
-0.17273761134115567,-0.22870345082590843,-0.225862301180343,-0.23509532145104148,-0.21921426350730636,-0.17787074839735875,-0.1008503262580991,-0.08251153844526815,-0.0820551620641408,-0.07306745959009765,-0.03415747187544802,0.03741228340152839,0.07386772945659575,0.11410052512199668,0.28294716361888406,0.29608899578270503,0.3097677718066246,0.37992733376898036,0.39879113889283774,0.42411531061836677,0.4592979627992805,0.4988859307462121,0.5261717415453662,0.5176039540233469,0.5591193833311061,0.5682948861092685,0.5816286402346081,0.6509473560146792,0.6653860959347507,0.6676442311152542,0.7152557593275125,0.6831078707525927,0.670415932132723,0.6742070828442202,0.6964474452347438,0.7199976625467532,0.7505209133395314,0.7672053678353787,0.7647381694799914,0.8083345320512578,0.8324132225220461,0.8182690439064547,0.800615257395006,0.7961830346816005,0.8008996544539025,0.8015748811400252,0.8133601728724242,0.8086589303391324,0.8144699568707234,0.833776704786361
-0.009830906326036368,0.027923190544118317,0.021728642559192202,0.024392834617553472,0.07544583693428673,0.0825727765871319,0.08201496992420511,0.08991230895639782,0.12134497918791626,0.18515143210872503,0.20426047099916278,0.2231990314733308,0.23325746770840985,0.30404531790806405,0.41776311320963205,0.4244225020937789,0.46840642497439566,0.5138116438654231,0.5311949896792747,0.5472054841946662,0.5649866284483603,0.5858831041222997,0.639478612027806,0.6383589994797272,0.6110862304060646,0.6107108656717,0.6226582742006112,0.6453205889672426,0.660642304414496,0.6818594908495486,0.691610117715339,0.6952454791678613,0.698389511568955,0.7197782128768127,0.7351790374372027,0.7413348045244911,0.7581365100721811,0.7739037948264981,0.7734601217090669,0.7816593629146116,0.7765207592683092,0.792819900244503,0.7974901418538777,0.792387185108243,0.7840692417952074,0.7791614295721301,0.7842666398478764,0.7751780398570436,0.7789819833925431,0.8165311220780346
0.08471332606936552,0.1227303320783766,0.14278333658906886,0.1771732470973209,0.1944193868345821,0.19725288765471133,0.20500432968221735,0.2273249876079723,0.2535774209569994,0.2650211284292506,0.29942283459753816,0.356265409796403,0.365795452298474,0.39060588513059125,0.4297518190480832,0.4541451142233147,0.4811309663253618,0.5148192466841748,0.5338975389521767,0.5655765216062361,0.6047702673963785,0.6074978937614032,0.6363207396427623,0.6518539616811839,0.6402404913177447,0.6354096823748474,0.6401364346419672,0.655516647158051,0.668596778030332,0.6877743516495065,0.708383124659524,0.718070446866679,0.7262213603123671,0.7395394981166147,0.7433987115915868,0.7492198933542842,0.791535279987885,0.8218702014723472,0.8713107250205686,0.8814555554868724,0.8442839005566435,0.8112710568233792,0.7979678825683681,0.7960790112765356,0.793940579507415,0.8017377807760777,0.8160285660441693,0.813852421507418,0.8126369236220576,0.792210899316014
0.10305689479660234,0.12859586477817672,0.12997588204096033,0.13711736296693142,0.15013043645024612,0.14907852991636478,0.14100857047497614,0.1519592615970251,0.20429686225271015,0.2179416160818636,0.22940024303622616,0.2912022692714631,0.32997699259363916,0.33704640833396393,0.373021653825991,0.3968205414325738,0.40877291727327947,0.456778575448549,0.47941536958784925,0.49866897989200365,0.5383509642176717,0.5488971582227935,0.5514583949927424,0.5724631010157065,0.627524197419973,0.6172690439145301,0.611709948409239,0.6493650133183094,0.6605882309955093,0.6792298334867861,0.7244173846434752,0.7359944732167021,0.7430648620863667,0.7628781913280795,0.7679597304969267,0.7670329532654597,0.7512619500969002,0.7618853163280258,0.7856079176774834,0.8087664526479638,0.8081426223734889,0.7961041914169258,0.7923947745897101,0.8119572272586547,0.8132090758560311,0.8245523790593108,0.8499761611789457,0.856861490325061,0.8593567336321317,0.8939412570809698
