jsons/1312531200.json
{"header": {"parameterUnit": "m", "parameterNumber": 2, "dx": 0.1, "dy": 0.5, "parameterNumberName": "Eastward wave", "la1": 40.97354507446295, "la2": 16.46031188964855, "parameterCategory": 2, "lo2": 133.9931640625001, "nx": 191, "ny": 50, "refTime": "2011-08-05 8:00:00", "lo1": 114.97908020019554}, "data":
[rows 0 to 21 of 50, columns 50 to 99 of 191]
0,0,0,0,0,0,0,0,0,0,0,0,0,0,0,0,0,0,0,0,0,0,0,0,0,0,0,0,0,0,0,0,0,0,0,0,0,0,0,0,0,0,0,0,0,0,0,0,0,0
0,0,0,0,0,0,0,0.009134117360724751,0.008191544582532476,0.0058344436697384625,0.005269161417404168,0.004207823630589101,0.003508510947987908,0.0032001496481472566,0.0029709823744010723,0.0027901581535417536,0.0021758607885997688,0.002013882235567509,0.0016342587265043295,0.0011175269609642463,0.0008119804526374199,0.0005492355980507318,0.0002695621802894172,0,0,0,0,0,0,0,0,0,0,0,0,0,0,0,0,0,0,0,0,0,0,0,0,0,0,0
0.030758091092425367,0.028735865623706374,0.026243682012114446,0.020658206527111745,0.02010832270484507,0.0184839640693761,0.01413670053347881,0.013494321564537814,0.0121787202841194,0.008325086605462488,0.0067716208783549685,0.004883465216509632,0.003685349840039107,0.003206885576247687,0.002753377335412735,0.0022728629311483425,0.0010969592606302756,0.0005197213766261363,0.00015474428940850205,0,0,0,0,0,0,0,0,0,0,0,0,0,0,0,0,0,0,0,0,0,0,0,0,0,0,0,0,0,0,0
0.036003282519983894,0.03792704857340182,0.03770480952377074,0.03441352652810745,0.03389924202742752,0.03203762818275785,0.024450121808481388,0.02153055374263999,0.02080554872239469,0.014049961552507621,0.011104011117050262,0.007461706502234505,0.003463707818986029,0.003034960847112392,0.0010202383779363592,0.000645028128875519,0.0004471892007993965,0,0,0,0,0,0,0,0,-3.1443907857717674e+38,0.127221504926473,0.12855072152149058,0.1278672868228094,0.1273458019356399,0.12738215670166106,0.12518698499303346,0.125220561465783,0.12472463292699855,0.1229327359511434,0.12157804537222741,0.12074383615724332,0.12159007578477941,0.11675945651665683,0.11375302926115255,0.10696205571272788,0.09713051624422826,0.08852701747165827,0.08473178435299392,0.07383148194612117,0.06549979144594943,0.060498671145656366,0.04741100550349732,0.0451748002793177,0.03805989907683259
0.025935894781935063,0.029057204114107643,0.0306068877114516,0.0331473166548567,0.03716911461294264,0.03889576878281943,0.04151503720449549,0.04489647668715085,0.049855781228234045,0.03977551048391265,0.03383411643738345,0.032042104865153416,0.01761873821719508,0.005497609831353753,0.008897700567869756,0.023524428747919306,0.07415770271142626,0.10520301033658996,0.1010099701555905,-0.13903775097789928,0.12999665809783903,0.13389044604774097,0.13726167581356083,0.1403379841822878,0.14221621887567465,0.14250797584675148,0.14339692797911968,0.14484665253510334,0.1434573256550147,0.14402371882729473,0.14437650944470332,0.14310852385607642,0.14084361988274152,0.14002614685565778,0.1398316526998254,0.136206190292195,0.1358958974417212,0.13263846899707246,0.12897783730809728,0.12638593516793822,0.12443606316817685,0.1173839154779901,0.10926205310468183,0.10422257086656674,0.08845360799724179,0.08330385660644611,0.0736218245351329,0.05275628845081792,0.044771979433098845,0.035940255711637926
0.009825762734403162,0.010920627874026447,0.01255809979761419,0.012925144405313393,0.015599173698697141,0.01674194137060165,0.01989497006269067,0.02257266862668105,0.025577161836182357,0.028642967837840254,0.03175087773309581,0.0365863126880076,0.041906052762233276,0.04678189854433821,0.053302001102324394,0.05964515383370816,0.06585748553455884,0.07770234801408257,0.0850141673987155,0.10012602885072254,0.11133287443771044,0.11925977478830133,0.12803978776193764,0.1328421905344917,0.13968303468968923,0.1446161379949491,0.14685533615254714,0.14928818933664398,0.15072744087581583,0.15149161494280916,0.15346561950358908,0.152589719561908,0.15185511646794142,0.1524516720667353,0.15270107183825854,0.14916427448249908,0.1482742868597627,0.14634499066347806,0.1424162057289005,0.1401340380705857,0.13600623905458023,0.12881182834515398,0.12423880852650568,0.12170223498692043,0.11007459711164974,0.10253858175396836,0.09363394779690912,0.06445042776389198,0.05237464874458437,0.033202846142322516
-0.002283300847496746,-0.002157309882381454,-0.0019525642420428662,-0.0018889487728775533,-0.0016362387391864182,-0.0005176828416515118,-0.001899659664460129,-0.0007614002134599768,0.0006532978249418921,0.0015957002463106,0.001716666393857166,0.0034364484499094837,0.005852181200604658,0.008664391655672144,0.012667453568955331,0.016543264616580615,0.022196104762869824,0.03169205558803302,0.03658816912746109,0.050147610797784146,0.06280682321789971,0.07601628891133964,0.09222811339982215,0.10981467167813089,0.1217860276685398,0.1388077549747498,0.14339587837246376,0.14869679819026618,0.15300282272968183,0.1541111369564348,0.15694645378003935,0.15918221567534085,0.15970004099401533,0.16157924115679503,0.16030341325794084,0.15878104880244331,0.15917475374983228,0.1596394088268741,0.15476225562213744,0.15371861891152222,0.1504281526935638,0.1439345106425224,0.13948236443015832,0.13598525253045696,0.12472610192326056,0.12096196049900088,0.11491854644582644,0.09906061406071202,0.09198279736783087,0.08323081703159478
-0.0011261680870112728,2.9020405091824984e+38,0,0,0,0,0,0,0,0,0,0,0,0,0,0,-0.005591962741896331,-0.007107502969645961,-0.0050081243784312265,2.4081663338992115e+38,0,0,0,-0.005358102282729041,-0.0004704255357108036,0.050324062171224565,0.12527487557916897,0.14548457560623826,0.15559315800004653,0.1571383876854069,0.1600323261766206,0.1623168892975544,0.16301739442992566,0.16415416890087384,0.16568290082639486,0.1661582704175863,0.16672219961126725,0.1668274711293733,0.16560102199302898,0.1647784735568214,0.16463116786828477,0.16165999064513772,0.1605507234010493,0.15772330553979444,0.14954196080938606,0.14533452859594628,0.14102589961828774,0.12979623479104624,0.12337557325217811,0.11809237944201277
0,0,0,0,0,0,0,0,0,0,0,0,0,0,0,0,0,0,0,0,0,-2.92428574156373e+38,-2.924330690611873e+38,0,0,0,0.1577275214192092,0.15990023587501412,0.1608536568867511,0.16141827337005984,0.1637807078385839,0.16678856193157282,0.17031099303194,0.17087154184136946,0.17060581871726474,0.17005072958392226,0.17116339790887883,0.17216921957758818,0.17233420801664223,0.1735867304541333,0.17347058105712224,0.1702712722360381,0.16869446911604974,0.1680890653086893,0.16105113290227582,0.15700948069656298,0.15396697206696527,0.14484930595473877,0.13951583380831548,0.13475545391066743
0,0,0,0,0,0,0,0,-0.20341063147907865,0.17048549959300802,0.1721010177351325,0.17918627400499346,0.19128789753387937,0.19129074957663664,0.1964089554268875,0.19328712982866175,0.19112929596873737,0.1889299874004503,0.18829080296291437,0.18347619758823022,0.1815893897578863,0.17755485572144206,0.17441507777144646,0.17393794489815365,0.17348393490374836,0.1738731233148003,0.1733374807302498,0.17334410683056933,0.17413060888900767,0.1759108465183221,0.17470748498210756,0.1763374518460167,0.1770392423319082,0.17930767982731968,0.1796839700883508,0.18067010040448098,0.1809144491222228,0.179868740012448,0.1804122165667875,0.18225000989321952,0.1825729537279956,0.1829563527405806,0.18292806734349423,0.18163195194663662,0.18112374999845632,0.17770929787294446,0.17222194506518904,0.16305216215575086,0.15515096162379952,0.14622396743613061
0,0,0.16117453966650583,0.1729024405835498,0.17820770613264209,0.18410038463393627,0.19533872896945007,0.19976278630690328,0.20177656954351342,0.20464600602844701,0.20701162776871293,0.208962572214215,0.20953799308885468,0.2094904113949496,0.21027007041115553,0.20983373616532985,0.20927018880595058,0.20802550566280678,0.20768673733754492,0.20146065945287675,0.19893653700945982,0.19732435748912971,0.19492004133137725,0.19445585006833982,0.19031692585483667,0.18703613381616307,0.18485337426885332,0.17915860350528925,0.1784086463460607,0.1767781233643723,0.17451114960354608,0.1759799980446956,0.17579319920283654,0.17484771520857362,0.17698679116169627,0.17656020267816888,0.18010759124362813,0.18170631676607688,0.18252237991150777,0.1802307411804885,0.17897775034410138,0.1786737269830875,0.18016849132504673,0.1817701586430523,0.18254116278305085,0.18365041010199085,0.1869571212814442,0.18240634906461425,0.1768455874805775,0.1671342571595866
0.1252504599415656,0.13308382853520964,0.1400369157557793,0.15107194311877065,0.15967068986361832,0.16492409562674262,0.17412687036210184,0.17842149740480165,0.1833426283645368,0.1900811150376864,0.19222790089540018,0.1956138343795639,0.2036336199881404,0.20805029975930583,0.2128028201458743,0.21489092618243516,0.2187555543794313,0.22106241184751524,0.2209201462130782,0.2182989579226701,0.22127041289960722,0.22060640171177823,0.2213006019941913,0.2226022122349871,0.22067617424268102,0.21616789965833047,0.2151902244644921,0.2128546540920071,0.20848285049869195,0.20656439967588155,0.2036062302899519,0.20253920282207008,0.20179028564442283,0.20229760874940061,0.20217112342555163,0.2038822404595327,0.20586277624032723,0.2053990129032581,0.20661661569248116,0.20279118673698796,0.20242628822488776,0.20409482348380525,0.20463881232341213,0.20563750785849624,0.2068411300603119,0.20673408329638154,0.2083557894726199,0.20907616943478605,0.21058748014137527,0.21082462966481358
0.06290123061054094,0.07322980827237008,0.07893410195565741,0.08933647385523767,0.1015346548199043,0.10601018823330112,0.11373937320418756,0.12329358968063699,0.13960501061687447,0.1513439339610814,0.15990369881536165,0.1690204891600619,0.17789645543449817,0.18496981817316263,0.19857946397279155,0.20733699239587547,0.2181354228115479,0.2323555329761738,0.23815514984975725,0.2418359263662337,0.2459558651521869,0.2493420516506038,0.25134462178839406,0.25252939454559087,0.25568662571283235,0.25789859343335364,0.2584836966661963,0.26015336113962656,0.2597061997066501,0.25828611480441904,0.2523947223069742,0.25111025177949314,0.24794487980389687,0.2454792588118272,0.24511720945912116,0.24145172572801687,0.23937170323064677,0.2388514621800269,0.2365468754036748,0.23134045963918418,0.22892864909676,0.22799635161866263,0.22735026603834366,0.22924899044708794,0.23044520543241198,0.22829616403872993,0.2254172590312429,0.2245371325054118,0.2271335339742034,0.22977576578600495
-0.06281139346729546,-0.025066815828669264,0.015473387932879439,0.027771208946146483,0.052271929567231847,0.059791591052792276,0.07059240355065782,0.08107646278926352,0.09547485052983863,0.10914319925209379,0.11876318868387951,0.13784707748448333,0.15548693479479478,0.16492247473554117,0.1775413999832716,0.18462345108917272,0.2002037674881586,0.21661600933950972,0.2268126723969105,0.23687476163025822,0.24433327189797188,0.2544507735499123,0.2603547956995884,0.2653295553281218,0.269129791242152,0.26907967422783485,0.27278712179811676,0.2654457291344594,0.27020986842648625,0.2714286178686655,0.26910458779642915,0.26739719177002047,0.26445582449586363,0.25824371549365366,0.2567982554496031,0.24828727571794085,0.2383526419963529,0.23594488987370502,0.23021613214281383,0.22474924571792532,0.21966274657911844,0.21912504581940204,0.21872031806200298,0.21801764673618032,0.2190796795402745,0.2195920452229352,0.22323887319896557,0.22405191298938337,0.2210430885069699,0.2148524835397467
0,0,0,0,0,-0.00605628248040728,0.012179909635991509,0.03546561156353713,0.06510140528363312,0.07880574413356185,0.09378182206937176,0.11587074723514772,0.1378160158358914,0.15219298574996667,0.17021723575938016,0.17444950155316905,0.18991238398072208,0.20222588818038706,0.21038857772116643,0.2219015718958119,0.22949485723985258,0.2279478910242175,0.2320068091760838,0.23610783471706528,0.2441096081652167,0.24736806121085403,0.24863310539118844,0.24905382401695908,0.2509242295193673,0.24967722863369365,0.2499190946102467,0.2509897989458361,0.2519796620021426,0.24476594604880295,0.24080386249201435,0.23500275751167354,0.22480032028604732,0.21868536581914053,0.2159233347293643,0.20394872447722362,0.20414223238122295,0.20464068026298884,0.2068797018355476,0.2093702069982314,0.21422469811611064,0.21780376393376139,0.22744700961402828,0.23479997850280737,0.23840117194397334,0.24175264507729416
0,0,0,0,0,0,0,-0.09635453546712129,-0.09755694421480768,-0.09576040733032971,-0.08111817733677845,-0.019462142217196457,0.01069757852540299,0.04022589557080487,0.09073255836218355,0.1043382520745388,0.11982080096956743,0.13594531205983354,0.14500553960368684,0.155336681064637,0.1584243060868429,0.16849537554822272,0.1831464128583818,0.18663826138670134,0.1963694577649603,0.192487638210912,0.18903391913686718,0.1843497685164663,0.1832746544978337,0.18174047014000877,0.17897303305008094,0.18175796644334846,0.1806523116346458,0.18427244656845257,0.18728907038509152,0.1901242283955835,0.18188152598278326,0.1811521956091162,0.1764827016066047,0.17578360409177157,0.17039123590709887,0.17236674560604015,0.1710176006843445,0.1738285861495207,0.17924173643253105,0.18600512387702492,0.20014738760168727,0.21254487006865166,0.2224247716591518,0.25183359322782584
0,0,0,0,0,0,0,0,0,0,0,-0.11806359313371431,-0.11403954277536973,-0.08807932785817277,-0.0037203437461396194,0.014507208467494032,0.03220259133582439,0.05882215246663206,0.07035864176561774,0.075814660258177,0.08868278252063228,0.09721981292874415,0.10247720402915002,0.10297045379053388,0.11275765962697303,0.11745324307111044,0.11257261683690625,0.11180383015042486,0.10760424342734463,0.10500163183109197,0.10245366238467259,0.10878661764296052,0.10692139484090855,0.10404319954808647,0.10171175665726519,0.11320613339157506,0.13486516696820616,0.13831775469475932,0.15040214754340236,0.1737917316426812,0.18847412839956362,0.19843492297802293,0.20752810895461155,0.20693396676971212,0.22095727445354954,0.227898072204483,0.24547838358918408,0.2619898651204364,0.2778269483280782,0.3077624032454766
0,0,0,0,0,0,0,0,0,0,0,0,0,-0.13387568377329914,-0.11808462814044669,-0.15360569432893417,-0.12075372006581421,-0.05100659640606711,-0.030765990774782415,-0.01098182062092357,0.016554399407595368,0.023042005597134384,0.022257206948348845,0.023545763070223862,0.02790536269956779,0.0408216998948762,0.03872198888011432,0.03577254312664011,0.03277259515987119,0.03388283455431735,0.03877937637387057,0.042195639648592784,0.042775068277209345,0.06848277920497467,0.08308148482365674,0.09450920009728593,0.11763971754095967,0.12932953534951355,0.14935240636452138,0.16470946706940803,0.185453623553353,0.2100698073128395,0.21932387790641314,0.24273553563404376,0.25081476632319677,0.2536700819683484,0.2609352959975509,0.26274716315289515,0.2693949607121691,0.2902722935194569
0,0,0,0,-0.12453469187995211,0,0,0,-0.12033382985944552,0,0,0,0,0,0,0,0,0,0,-0.1527961042196645,-0.10192099979618129,-0.06954283432437162,-0.05018341789536928,-0.024592432843767595,-0.012003332874756852,0.00014890682092453592,0.01150175427643115,0.011126206548237394,0.01788155700890816,0.015889509615520683,0.01167549637106436,0.001118190037959545,-0.007247515112530921,-0.008906848659014055,-0.006607541627904587,0.005564474257071264,0.019392112467562242,0.04788186557596887,0.05128352288657769,0.08533343630500265,0.10060823061973165,0.11468145134282783,0.1302391717019329,0.17054050469878643,0.19187607258723727,0.2024786137976397,0.2287630689571888,0.24098165311123432,0.262225207588895,0.28243160901007625
0,0,0,0,0,0,0,0,0,0,0,0,0,0,0,2.9069757922634783e+38,-0.1223550060201706,-0.11925332484804217,0.03297727158331246,-0.05586778431289127,-0.14350372188425803,-0.17703748943955902,-0.2179404390123821,-0.171447384136564,-0.04845956793170859,-0.019808600825198634,0.0033442615179366366,0.009607533701096673,0.0032799124604601187,-0.0024822127201354527,-0.0016237253753487524,-0.013092374815682576,-0.024592644070431786,-0.047168982263674095,-0.05550360995623808,-0.062255820162310946,-0.053226929290790405,-0.055137435055343915,-0.05283465728632581,-0.033590069629134016,-0.017691624051875337,-0.010205564580014967,0.011744106419868346,0.05052289139947422,0.06843658088966473,0.07840866963672942,0.10064208425556333,0.13526606443284772,0.15414277308122662,0.1750594517912176
0,0,0,0,0,0,0,0,0,0,0,0,0,0,0,0,0,0,0,0,-0.17620072859663558,-0.21238072149580214,-0.25644618254735396,-0.23886288195851627,-0.20485804141396258,-0.19900522498113077,-0.16451190958358883,-0.09642362984319604,-0.1240375984860489,-0.09110402618199415,-0.04878211268595563,-0.04855668276690857,-0.04954513565280838,-0.04454807045218024,-0.04478625752868353,-0.050916721212955304,-0.07064634163517838,-0.08981837122964977,-0.10495547223409545,-0.10862327449030663,-0.1270139937303722,-0.13277864783684798,-0.13428601530695983,-0.12681630457424994,-0.14289338799293713,-0.14536384488999488,-0.11137467753350327,-0.09041922208456975,-0.021022203096159462,0.003312909289326952
0,0,0,0,0,0,0,0,0,0,-0.22128076820025308,-0.23943025760787368,-0.25703520268693186,-0.26894441927461216,-0.27823449195843825,-0.287753549820804,-0.3084918286308342,-0.3162555332625088,-0.3250449851567835,-0.34571237875029087,-0.3082711727066012,-0.3189131278736842,-0.382038216051783,-0.32419331908364923,-0.15226131443746369,-0.1872360565266618,-0.21632802041708507,-0.24154841586478187,-0.2174673649827319,-0.17424515139328928,-0.1676300010995286,-0.1557474181826904,-0.12912303853258944,-0.14453744657125334,-0.13578661774671405,-0.14445222455296503,-0.14199886571307874,-0.15616386326104278,-0.16755766427227514,-0.15888323685159134,-0.1503414646603282,-0.15802875261761234,-0.16999598505640912,-0.17847770440689545,-0.18336385646801176,-0.19516895661340097,-0.20747637498579197,-0.20658673591870505,-0.2001405351197906,-0.18320612851657056
