jsons/1312549200.json
{"header": {"parameterUnit": "m", "parameterNumber": 2, "dx": 0.1, "dy": 0.5, "parameterNumberName": "Eastward wave", "la1": 40.97354507446295, "la2": 16.46031188964855, "parameterCategory": 2, "lo2": 133.9931640625001, "nx": 191, "ny": 50, "refTime": "2011-08-05 8:00:00", "lo1": 114.97908020019554}, "data":
[rows 22 to 43 of 50, columns 100 to 149 of 191]
-0.05283339723366175,-0.016606656810899748,0.043304567356597726,0.06524086291523203,0.0944695578077256,0.14773969019891459,0.17368005317293594,0.2459303824586626,0.3158074773411081,0.3530790331788874,0.4018114444074,0.5006052627539872,0.5883238259883975,0.6615493822445097,0.6960745856632462,0.8757536736488779,0.941924533250408,1.0215427848442682,1.1523054796136476,1.2563961871523852,1.3272458018374413,1.4745730612020187,1.5543182309835972,1.6375781487885142,1.796010677514626,1.949533781734116,2.0686871451949402,2.162560098821407,2.3635162774017666,2.4321494438752036,2.495748381667257,2.6226999509263136,2.684993048365921,2.759229523430224,2.8480041446514055,2.88637472775464,2.923214690254151,2.9444500368915683,2.917286494400849,2.8431194964852686,2.8014439837813967,2.721420079549131,2.5565234656873805,2.515414687088202,2.4588563528195473,2.4244459564926757,2.4453084424196536,2.5382627219082017,2.6426194342741187,2.789859804105453
-0.2695262552327525,-0.237686251113061,-0.12648783140800043,-0.0994228763781621,-0.03771390470252808,0.032054291840417595,0.09869184591324678,0.15639372750190922,0.29452285121093247,0.33382521330100706,0.3927429488836415,0.4556015425448949,0.5542525869387573,0.6219130091425331,0.6826861151167858,0.8544155587169062,0.9317209850441471,1.0433338029479806,1.21558863976711,1.2714712666390346,1.3934196673227894,1.5144895011623065,1.672040736541543,1.8441456572770316,2.0746635180123434,2.2026550950727537,2.2710379905891567,2.466303059592333,2.710079355539872,2.8169464667515323,2.8897192666675604,3.0423147959331844,3.1833854544410105,3.2137654394879323,3.3771284264161507,3.3629804678351904,3.3754141371189768,3.4465242115825774,3.4123217233493834,3.3037020130923698,3.150890914926518,3.0109714737375355,2.8053684498455977,2.5770511804681218,2.4596728099234957,2.386133111841368,2.4645722654081723,2.6916531877022285,2.8907494086287455,3.1493550693430175
-0.6256513204746414,-0.6190017923517829,-0.4995404448915792,-0.466463913424551,-0.40659700571328045,-0.3128802338598191,-0.27118332043271853,-0.23588296749760135,-0.11557058791748814,-0.029308841097206217,0.07900129424925523,0.16454804275639923,0.3446147086869949,0.42927499343999637,0.5615351331221771,0.7198489853108825,0.8884618235158533,0.9735438150611467,1.1387149144438182,1.2963547882957327,1.3646719107321466,1.6196139812639834,1.75289754441463,1.9023011455832883,2.1803433180401486,2.3748196759156888,2.45762458285309,2.62669542554083,2.898255854602749,3.076838909311537,3.3024869161769725,3.4787287945200487,3.5642455346959796,3.677954855862602,3.8829811231231925,3.8679187465915663,3.8557969213520646,3.881603505603889,3.8961987567546976,3.73975046729415,3.63143170119103,3.2944852223091816,2.8335765644576276,2.1500899347847637,1.9778897582696857,1.9795264267977741,2.1585888093043093,2.789353706304406,3.3964120102133832,3.838480793671524
-1.2175054065123376,-1.1938107965433231,-1.0697222319867696,-1.0447078363102202,-0.9556574456872275,-0.8298448529965483,-0.7353651720906489,-0.7054722550125929,-0.45494406536456794,-0.4058008569698915,-0.3641898100056089,-0.20574444198720965,0.007403771459817526,0.19238887120435585,0.2707133604541698,0.4834671014975752,0.657238951323176,0.7803471691782866,1.0936112331287722,1.236456619119792,1.4426479701794728,1.7439599521506652,1.8442574541686134,2.0972871284837917,2.411498593861234,2.545236171025226,2.7345221980640164,2.9097890417848924,3.323382360979385,3.550636380690119,3.787987984614953,4.196371457532705,4.341752384412378,4.499029661353115,4.835471087188035,4.794792762407654,4.879378189486708,5.036899263980507,5.057100856849581,4.916249886912124,4.83313589701443,4.204769181887425,1.3132473463900083,-1.092630083651656,-1.4720041199185576,-1.8903439733075917,0.24126153404757908,1.635566996635699,4.766345236527952,5.189138832649266
-2.001397459228861,-2.0444470665949814,-1.9203928787631648,-1.8250824015423728,-1.7603507606389501,-1.6883313275703524,-1.562344564313893,-1.5464509456235505,-1.255037018169159,-1.1421336624264613,-1.0139766570912505,-0.9148812274033387,-0.5803110088532658,-0.45113593212457764,-0.23771014922012296,0.11031545318174411,0.3146601681283121,0.42880224063160927,0.8602176995497949,0.997918653012439,1.3055103473481129,1.6209153832176786,1.961463225919699,2.1075235212785626,2.611115945034469,2.8531813431022,3.028442493420959,3.3931189983443937,3.9093162131976675,4.199918330679238,4.413799402236585,5.00854182373076,5.367793355626226,5.6224196791653185,6.0784150961155,6.16946340044476,6.289405928333173,6.462010932560927,6.111214299185445,5.4929677740198155,4.603459081161767,5.41879412636331,6.397009313779255,6.377553481223412,6.378633614709884,6.353984267919147,6.255977274559637,6.254970290544424,6.100832821458953,6.027910819450834
-3.3282066193026143,-3.3382776529101066,-3.3081042275583785,-3.2703639448596062,-3.2351327646165506,-3.041269058616169,-2.8746104075776415,-2.866028603783166,-2.622667932239597,-2.503298280234325,-2.364583857884332,-2.187789589310994,-1.7069219451859354,-1.4878213986315192,-1.3526242894889646,-0.6868361610469413,-0.5924007469377599,-0.26606247695698043,0.14400210466510063,0.49804403110428874,0.6170889328568794,1.099764182778754,1.4624037429122472,1.567336191735861,2.037746727956079,2.2847418260070587,2.492170030917226,2.882465143658297,3.6651717773069015,4.044092821755692,4.605954546948425,5.4953394336784065,5.825848404080088,6.415194979541862,7.031944681042522,7.3229950130347,7.446854454998534,7.618557147589637,7.683855171091297,7.524928769268792,7.58350737765923,7.579831691359646,7.376004397036959,7.3109893097544445,7.268535226727326,7.090892230466045,6.96591535241385,6.939299998192347,6.72569890713207,6.5761565181556785
-4.8074636696349256,-4.95678463946306,-4.88652741762475,-4.908052533740113,-5.076637601043763,-4.9120018978184845,-4.836532613501705,-4.949197160127155,-4.728287240294431,-4.425651995534432,-4.330691927074221,-4.17483765627993,-3.5681221643764323,-3.4723674839816048,-2.990230838575175,-2.26419779067662,-1.7289629552524093,-1.4250978540703216,-0.7124844045046926,-0.43635829630007045,-0.1784986686387306,0.5639922746706113,0.7931295441293325,1.0654308530279246,1.4066525352091952,1.43743744013663,1.3837917774953017,1.3554675753679208,1.3902723992101205,1.5164826752194127,1.7376834099272274,2.6657710062970583,4.234459400109749,5.604016729429992,8.352521945369483,8.93639328552611,8.974211219734018,9.056798606526534,8.99958849177809,8.663613589780022,8.672531579221369,8.527536187863605,8.252086576331667,8.159402834857508,8.016012795783377,7.747616768923625,7.709797720263656,7.582954607152806,7.357831051993829,7.150362635088479
-6.381951292024014,-6.73968723277631,-6.756164019051279,-6.959572118878183,-7.231944736314094,-7.369843092316253,-7.3006584947285615,-7.5221726292907,-7.462012103968336,-7.448513848549058,-7.471219869381842,-7.238513349046715,-6.740285666055608,-6.334436561602112,-6.028163258502977,-5.075369190385984,-4.368862368622793,-3.2288510456405723,-1.4301326113687303,-0.3027073403231426,0.9080721804748036,2.9539998413318704,3.871514429592113,4.49949982476225,5.288520893962647,5.5924164892061246,5.186762567590344,4.79446931644157,-0.31018930012072476,1.3573100465952666,5.773339558197608,9.153721190053199,10.206242928910488,10.382008873766077,10.51834541072114,10.298849726501468,10.162941172521295,10.089283933154672,9.914099227216488,9.575945914812447,9.468049225051658,9.289233725792796,8.85948957293708,8.695626631225801,8.52084261220333,8.185388735193866,8.068150408408876,7.8638505918448915,7.620391324145339,7.406335159265359
-7.492202373693372,-7.891582587615616,-8.159744756445876,-8.259461571245689,-8.633052980018002,-8.786272944449097,-8.906931847096752,-9.22082206428288,-9.315074338123738,-9.410764240741258,-9.416333681849753,-9.348302764644279,-9.14390765137932,-8.677550702135273,-8.260724605827953,-7.553586742038325,-6.481839862734329,-5.456160424061023,-3.960567913111211,-3.1735112799115104,-2.130467658606686,1.1315813755523365,2.695632462327372,4.175441252583621,6.002016150437639,6.685435464461103,7.970429828133581,8.475893987165719,9.261169461136081,9.847554136003161,10.222153386744568,10.602309064343881,10.720667220204176,10.710968857325676,10.644741149791125,10.429583624486305,10.345199169916212,10.159932235602149,9.981911004979839,9.662402322519775,9.447123130073958,9.333474804928713,8.921488750690841,8.67857747691145,8.50418966146359,8.214037663145584,7.998090703068646,7.763546129730734,7.484296846530439,7.231898441030577
-7.8255906793198875,-8.20677550615685,-8.3875427283481,-8.585722715890652,-8.971455434864847,-9.16259338755254,-9.305406536471885,-9.596159907623017,-9.629146126520244,-9.681967040124904,-9.616537761451626,-9.524998187878177,-9.275045212899231,-8.762438711701607,-8.367848862592549,-7.6966421701899295,-7.015355276518531,-6.339227497229051,-5.391636671131751,-4.7355863270331255,-4.658506793215515,-6.394993876990766,3.3692069776214617,6.063162131679335,6.047635421017218,6.686051692083466,7.379300546321043,7.837408810924206,8.301014224803216,8.922851803253455,9.16595124770751,9.342446256188081,9.59574407650855,9.628225267649267,9.578145607004593,9.457642416338615,9.333505168995387,9.242407529718953,9.175304640252067,8.841600872786085,8.730542831017267,8.63262070135866,8.167708947405515,8.02123003897528,7.920079592900139,7.55633766361001,7.4510494555104145,7.271555929579521,6.999342604539688,6.876644161035044
-7.18440399229921,-7.4384567039872636,-7.413857355562181,-7.633273314650759,-8.098961720263134,-8.290925569805468,-8.465495058415067,-8.720379127881941,-8.587257589000732,-8.397716213424143,-8.166416078773288,-7.990624760865048,-7.285614480370942,-6.757992906451838,-6.322239668510551,-5.240853707958844,-4.519960385233941,-3.975790742063052,-2.640886779365391,-4.361390920906547,-7.237640101478739,7.252810282132596,4.231419435592743,4.879100686036013,3.253291701464856,3.7541232243288682,4.303231335527889,4.860909255290269,5.757003036324138,5.98487569230016,6.340928543329734,6.81094858490023,7.034341829816576,7.092155529860258,7.205909821734797,7.317737020945299,7.400303833195965,7.361823620548086,7.355909750030399,7.291033229942916,7.204704565932118,7.110394423383734,6.958739836133056,6.851452111091468,6.772179818533637,6.588276927406513,6.387130919137758,6.275333067812399,6.135878128581809,5.966574438077039
-5.9798176468088196,-6.162645352364679,-6.508874099261885,-6.632044686442339,-6.950606547839104,-6.9854179100148635,-7.067121894470522,-7.172528954649291,-6.969772614361997,-6.878616421464391,-6.719338273593734,-6.572313159449152,-5.946309394272403,-5.731602134793202,-5.319738197432852,-4.529984904345514,-3.7624969081969906,-3.329971053051597,-2.2197372716753447,-1.5599055701021511,-2.9626914622482006,-7.856371363511333,2.280202902795921,8.33954398802253,2.9442568803860576,1.7698345253760672,2.2823345405937436,2.6685299179113695,3.3931877953474263,3.6894937789787163,3.868950042849208,4.663105118247835,4.786356417852536,4.870409322882657,5.335978264033686,5.293607119061075,5.348831071595511,5.3960135785322585,5.54857272603987,5.450906049508864,5.470296463521296,5.546300633814936,5.333905839594628,5.317329784336661,5.349058471859932,5.122927756429828,5.05771162984911,5.104204560847553,4.882629106438367,4.842740103440415
-5.872882628283287,-6.061414598098578,-6.0735277127817495,-6.1266412082260855,-6.274138284407616,-6.153598729061012,-6.103895738446807,-6.173754993786049,-5.9405140997512325,-5.753599445028126,-5.734751206430158,-5.532390933270924,-5.058892083673459,-4.850416812413213,-4.573175703211865,-4.021196498713343,-3.7832001553120125,-3.401873099411136,-2.780639790271713,-2.3805920984288824,-2.0600159415926496,-3.7801757783791192,-5.978459787194594,-8.194822113020942,7.903577987411396,6.243878094018538,4.26933930102255,2.889944923436776,1.6660279047465976,2.034068578207322,2.193305093430175,2.7550483760748414,2.843199094359456,3.0183377698549405,3.298043160575917,3.3724116620813667,3.5290422903369114,3.6420076617012547,3.679671427341865,3.7191709473873975,3.774710310003933,3.816853195822743,3.78020989686607,3.8064240610505076,3.784421998844037,3.67455617743857,3.711628049678183,3.6194115111895004,3.5632612953427283,3.5588600718431667
-5.326109893848112,-5.456105615045888,-5.401379085965728,-5.438845876540657,-5.498339458734303,-5.383618874290461,-5.392703278143291,-5.365273748930273,-5.13088174975742,-5.041685051340086,-4.9548647735604545,-4.860767453771214,-4.494833615790469,-4.334076958468398,-4.277652518386367,-3.8467889187104385,-3.552373390855324,-3.4325270889653097,-3.0291438400726016,-2.747728757706411,-2.52174032574469,-1.9235635951995498,-1.6562885095552862,-3.1725079402066263,-3.4090540011831316,-6.64084288038353,2.621796776983621,7.314068455517923,3.137961168056849,2.6795597898500607,2.478580356552587,1.8520805054548881,1.7652075846984296,1.71140999836094,1.6576337598369661,1.8092891227192873,1.881424883845194,2.099832258246518,2.24633056753564,2.2668663756751792,2.3205168710767294,2.2806930283629323,2.33165055697733,2.324505604763519,2.4208524489436627,2.4424232692760905,2.471472940565265,2.4381641571065567,2.436486282601525,2.447570390664823
-4.9351450121540505,-5.045948045505086,-4.996065688733608,-5.015253260406019,-5.048840301525116,-4.985420459727036,-4.896739838138857,-4.95538056779706,-4.812361388014094,-4.752671033483051,-4.705844535455273,-4.691637594616127,-4.456837061836832,-4.444527013262069,-4.330035863107317,-3.9562435900752644,-3.834719306753735,-3.646157905286335,-3.374378714506893,-3.1697111743019675,-3.13181404894764,-2.8551374196443207,-2.5962607988653637,-2.3310272360894078,-3.2877309648123068,-3.348240042738726,-2.892512954980007,-6.788006769796767,-7.1512432559899315,-6.771627379470943,-6.2183323363040115,-0.17695118142545221,5.516173544486791,0.952346158824779,5.188184227113704,4.931794213046176,3.8517152491061704,2.725103296018404,3.5347135218764816,3.015195029340411,3.1897409989635994,3.255902863008699,2.25477714153114,1.5514114631437796,1.1465596172963737,1.108774932486188,1.101224120185252,1.1006764129935218,1.7255036605564986,1.265684123199854
-4.446367463107583,-4.546584669364968,-4.489333223231566,-4.536472819349074,-4.573484463546653,-4.475061382880447,-4.49756001885766,-4.499327252911944,-4.40758287316407,-4.352073395677783,-4.380279866851002,-4.336458156743404,-4.230012090785268,-4.169763603376723,-4.062946406333924,-3.9304068204486913,-3.8228793500759157,-3.7151725048723376,-3.5342184412483544,-3.430369913722391,-3.324205182928621,-3.043554919905241,-2.978467177673535,-2.828194188114632,-2.5783920723862677,-2.3944841788700852,-2.1871673054544485,-2.0083307459796003,-1.5411165112215601,-1.4845286810584029,-1.9855293773076526,-2.925557770361413,-2.9153382111083403,-2.16026873395934,-4.0597473741061805,-4.4125863570078545,-4.9338296079792565,-4.4253501339743355,-4.551683660983791,-3.595208037146573,-3.2559595677186346,-5.312871212691059,-3.4783909464983016,1.8225015173443269,4.691213298430225,5.075168230579947,5.127443412152163,2.948207451874584,4.532466092594033,4.744525541364751
-4.0695685190265385,-4.125472393246313,-4.104914866776238,-4.145555905362957,-4.171374768396535,-4.1144007919426455,-4.1102273144722945,-4.162773779221887,-4.065676643417852,-4.1074142926212245,-4.096810388661667,-4.063685667564497,-3.983302685021501,-3.9646021203971946,-3.917165257071205,-3.7916116377757656,-3.7792129323917014,-3.7338326128767605,-3.5989273784909623,-3.4985016918569216,-3.45430029343256,-3.309433147178863,-3.185616576619663,-3.15886995980119,-2.9245031174069087,-2.8041686643450836,-2.718833849763483,-2.6825348922557217,-2.3990977963236153,-2.254721839442392,-2.1751292518276135,-1.982598136297809,-1.8581431515354851,-1.7381961970221143,-1.5395366982082532,-1.3927833064323547,-1.3551070499032698,-1.2772706847485036,-1.204431656326967,-1.0991946006186832,-1.0359767754692528,-1.0110988092808453,-0.9604936635881562,-1.4763473814057586,-1.0419716082133001,-0.8228520921130991,-1.5235066428910016,-2.373403670671682,-2.3489264999085955,-2.2917354917438666
-3.745032158327428,-3.8429501053922754,-3.837662422086471,-3.861207690500635,-3.903726221888152,-3.887344019035695,-3.887756132539775,-3.9408485040575956,-3.907256130205179,-3.8713114256641012,-3.8675309950550054,-3.885764082144069,-3.8597563521805616,-3.8403951102762703,-3.7925824861159048,-3.746370881861415,-3.750256358945837,-3.7318062782691444,-3.6095882194998388,-3.588903328982702,-3.538336268769639,-3.4003441762891984,-3.3711137602448926,-3.3454825063667384,-3.205630044685209,-3.09653036911113,-3.042740537300168,-3.0199351743864336,-2.837384774249126,-2.68028580340607,-2.5490330833156496,-2.4803442274738705,-2.4413029987983688,-2.3261847470294117,-2.1062974369290544,-2.075958766390196,-2.06189883402885,-1.9238825466327376,-1.826680015965258,-1.7443371803457257,-1.7139268090572517,-1.6757232031245275,-1.5965902445812952,-1.5716394762524841,-1.5611252283695551,-1.5308058045750481,-1.47099356907446,-1.4332265456089015,-1.4272547357421823,-1.431061698211377
-3.4190928230432434,-3.5144309587149802,-3.526152854536259,-3.5412702167253967,-3.557070790239189,-3.566369352618356,-3.5831979654428854,-3.6255550727404398,-3.61419957401524,-3.5897086147966806,-3.654395685506755,-3.6375017609574605,-3.594515131135089,-3.6362128301577084,-3.620040575594892,-3.5734754203063233,-3.5723953756542377,-3.5504043669047904,-3.496300538762015,-3.4635900197161984,-3.424417778213889,-3.3768122727712035,-3.3575881913650347,-3.3070363061287416,-3.1868473534426545,-3.1661847663839504,-3.1480845376400626,-3.0842594260106706,-2.9577888085982513,-2.8997242108040715,-2.8861704826339527,-2.7379562722898716,-2.6688304598940227,-2.6252446117151194,-2.549359390787522,-2.4846270651128486,-2.39778828730033,-2.306604289065151,-2.2706081810737415,-2.2285191609940056,-2.072458232113459,-2.03692686096574,-2.000035466038633,-1.9998273200366827,-1.9403111884719615,-1.9097224571484144,-1.9059046529914205,-1.8816085519024808,-1.8750742702123684,-1.8866121435446623
-3.214229195477033,-3.2486563222457243,-3.2678106171235197,-3.302006912168241,-3.340327914434247,-3.338241901207238,-3.3575945171030557,-3.3885387257443123,-3.3846862765293833,-3.402364611461105,-3.4038501891643893,-3.430053947187043,-3.4230268300812443,-3.45214978638779,-3.4562113860014487,-3.412401614608666,-3.4542083624732762,-3.4362229446209946,-3.376619015554445,-3.3701406731571972,-3.3505682686667027,-3.3180186586882936,-3.274297544983049,-3.256708454921028,-3.225261974634313,-3.1836991188072097,-3.165359488916612,-3.142931707048996,-3.0977770613037414,-3.0500731462092023,-3.0055810405776455,-2.9553640602627054,-2.8971773242684216,-2.85899264155744,-2.743584173949491,-2.6778297655343533,-2.681410401951979,-2.6267057623643884,-2.5924808925013547,-2.5661408901850544,-2.4852157128140218,-2.4369091150460034,-2.394709854007576,-2.385439125708122,-2.401672915143353,-2.363038840152343,-2.383520274501288,-2.3327158420382004,0,0
-2.945717016849784,-3.0022802440203424,-3.014255598289838,-3.0246696295666604,-3.0885814005947045,-3.1015298974189953,-3.103801390568397,-3.1420741190870536,-3.132475793011982,-3.123970662526636,-3.1622976843458557,-3.1662618269481078,-3.150825124440281,-3.176335252393585,-3.193245914016665,-3.1898082468500113,-3.193602202557014,-3.1979174165487296,-3.176427958528644,-3.1583486305044706,-3.170665077949305,-3.1501701802271027,-3.123841316775236,-3.1223256337009695,-3.0655863252921054,-3.0724154321652373,-3.0673233807165228,-3.03519928682443,-2.990094561353331,-2.9567182498309674,-2.946609332230911,-2.901099201377715,-2.864704986003963,-2.8325587872710387,-2.766353264866526,-2.72789723495218,-2.7037086580675913,-2.6995831518766145,-2.681079494395666,-2.6365616396533436,-2.605706162109511,-2.590994763317777,2.4716296228203663e+38,0,0,0,0,0,0,0
-2.7655020726580286,-2.807532675570577,-2.820407975951227,-2.855092154621661,-2.87450446975892,-2.8835500414782036,-2.8936262088907925,-2.9224973519063657,-2.926863307996926,-2.9464873545823957,-2.9661093871437525,-2.984984302657236,-2.9664494559084784,-2.985988583365713,-3.0054772651861845,-3.0072847563992187,-3.0319326748559785,-3.032400811480173,-3.020471881491477,-3.037046295338015,-3.0338732593132938,-3.0087393947788525,-3.0044703326075273,-3.0087115709795533,-2.970209177453445,-2.967366688559745,-2.9661834950851356,-2.951826931416171,-2.920959717365957,-2.889882161636998,-2.877652732501741,-2.863544607969542,-2.872878257230146,-2.8609262960376345,-2.8505443209625665,-2.810740742720581,-2.8001159317482927,-3.2674542141415093,0,0,0,0,0,0,0,0,0,0,0,0
