jsons/1312531200.json
{"header": {"parameterUnit": "m", "parameterNumber": 3, "dx": 0.1, "dy": 0.5, "parameterNumberName": "Northward wave", "la1": 40.97354507446295, "la2": 16.46031188964855, "parameterCategory": 2, "lo2": 133.9931640625001, "nx": 191, "ny": 50, "refTime": "2011-08-05 8:00:00", "lo1": 114.97908020019554}, "data":
[rows 22 to 43 of 50, columns 50 to 99 of 191]
0,0,0,0,0,0,0,0,0,0,0,0,0,0,0,0,0,0,0.09597815061222459,-0.09295311656736056,-0.20065392241273408,-0.14404202123525706,-0.08880420463549575,-0.32679637318552374,-0.7131283810678685,-0.8020059102008258,-0.8490662500340508,-0.9136474182318061,-0.9987454328775128,-1.0388067516095731,-1.071957565233016,-1.123271892525879,-1.1465799761402846,-1.1643769597521265,-1.1784771021941993,-1.2231521187879106,-1.2533740604369805,-1.2812524803634728,-1.322036951432563,-1.352756414002336,-1.3691978560147509,-1.4192649166322753,-1.4382164298140956,-1.4603000011876115,-1.4865388042427785,-1.5115307780303258,-1.5328273943349082,-1.5705538018229335,-1.5848603752459793,-1.605764080774408
0,0,0,0,0,0,0,0,0,0,0,0,0,0,0,-0.10689489465613472,0,0,0,0,-0.2987251875661937,-0.5028419031626169,-0.6992142986954261,-0.7876416226822873,-0.8314025120841732,-0.9200909978322995,-0.9617421866909894,-0.9864235251972023,-1.0430238676458852,-1.0741362403695707,-1.113144272048392,-1.1676773897293087,-1.197582422164877,-1.2443054589212204,-1.304685616307969,-1.3987354653103714,-1.4389834371518626,-1.4664049143753253,-1.524583410263976,-1.5492143428794354,-1.5726345666532051,-1.6309334357174394,-1.661366345006859,-1.6923804975339014,-1.7445260413869443,-1.7720716947953117,-1.8070820417121451,-1.865055816025561,-1.8962169488168357,-1.932419486079059
0,0,0,0,0,0,0,0,0,0,0,0,0,0,0,0,0,0,-0.4441026446597998,-0.6534419599129867,-0.7900687795102176,-0.8894409562489214,-1.0413131905623465,-1.0858394727890814,-1.117242024212797,-1.164361689964323,-1.1693243363330927,-1.180538135155652,-1.2166024464678125,-1.2332356447791504,-1.2484193515692747,-1.3126822745136917,-1.348660794549263,-1.4067435536966661,-1.4529786712276351,-1.5341064305566319,-1.5578459161856772,-1.5874207275511436,-1.6446179363106934,-1.6805913344230976,-1.707294818276508,-1.804093506354905,-1.8572063592953518,-1.9153191885782124,-2.0073136085200707,-2.0376132064909593,-2.1042339340863383,-2.1574008223600463,-2.1916997098205555,-2.27047319718543
0,0,0,0,0,0,0,0,0,0,0,0,0,0,0,-8.1454825486999445e+37,0.11998223165076377,-0.634033068890129,-0.8569565453099888,-1.0865104142961994,-1.1585689059313342,-1.2113649726985896,-1.2927984831999553,-1.3244634757619216,-1.3290683642364731,-1.382824380433581,-1.3907634598463174,-1.4452621075862753,-1.495844602079409,-1.505129374467722,-1.5386242369521472,-1.599274373964643,-1.6496863484356143,-1.6771455070724108,-1.704355920971753,-1.7866099451186883,-1.82565290218987,-1.856555508662725,-1.9602421087111404,-2.023568864916624,-2.0654245416940027,-2.1505672867170182,-2.191808972096419,-2.2393762075230876,-2.3160080884693977,-2.362706234893971,-2.4574362969255774,-2.565185376277662,-2.640540016994108,-2.7322854972999697
0,0,0,0,0,0,0,0,-0.19923404110696027,-0.35573495139531375,-0.48104519663418815,-0.5768939240275908,-0.7606639350618205,-0.8715121410802716,-0.9881300538051053,-1.0832024964396367,-1.2284135823645876,-1.291933838664543,-1.3241115096960165,-1.4125503802939374,-1.4217331764712977,-1.4548720759827294,-1.5263552891404792,-1.5583654045915072,-1.5696762035440393,-1.6246559952302055,-1.6494460115641263,-1.6523020513717515,-1.7161387677522193,-1.7448635466749431,-1.7647570325847366,-1.8275689756559201,-1.8713034101509995,-1.9197798647406257,-1.9452569959144965,-2.0317716096772505,-2.0674479843958227,-2.127999364425965,-2.2582146302716444,-2.323590748220282,-2.3778548801466313,-2.4982457978938686,-2.5576263014230203,-2.6202944146565286,-2.7606968512347287,-2.826848327267194,-2.90442613073035,-3.0371612026846497,-3.093399648688541,-3.2302682627494215
0,0,0,0,0,0,0,-0.5909412395723689,-0.7088196933645439,-0.9347409806908726,-1.007816269781989,-1.0786397334244717,-1.1819373343627293,-1.220340254345038,-1.2528275449458637,-1.276885162349907,-1.3363285926188853,-1.370795273729147,-1.4089387007709109,-1.4662261887346675,-1.5008815899022814,-1.519738192925469,-1.565970500223794,-1.5786780642717348,-1.5688974309739623,-1.6125571661866052,-1.6320320089091669,-1.649765422213092,-1.7095996414214047,-1.7580797682921934,-1.785596889568469,-1.8703717670937359,-1.9165643619849722,-1.940876752356839,-1.9739590889059058,-2.0826561955468432,-2.140839829957106,-2.216839227403354,-2.3602698834042344,-2.399121241260759,-2.457672533850337,-2.5613659833694387,-2.6648077966354813,-2.7078923816147937,-2.8048904545375213,-2.889292974987951,-3.006024647229604,-3.164606029174261,-3.2363594912932814,-3.3708867870717176
0,0,0.12028074289886852,-0.6033418833690525,-0.7370380200175516,-0.838287646874982,-1.016109408461548,-1.0656167238040748,-1.103819056507687,-1.1595944246795962,-1.188911477891528,-1.1982489130139498,-1.2373653218813956,-1.2498152504770688,-1.2438766057865387,-1.2494130550411346,-1.3090178053629458,-1.3295962971951074,-1.3526969750127213,-1.392840729063483,-1.3926029170506793,-1.4065000387593947,-1.4547714186516012,-1.4682965795364702,-1.4843887315104631,-1.531561175780515,-1.5389942992448895,-1.5690020363875752,-1.6361552546916676,-1.6681904501430174,-1.7077556136452958,-1.7954936050812522,-1.8215093283228956,-1.878444567850121,-1.937888838911595,-2.0534817982639524,-2.1431310340437846,-2.2037912538322937,-2.331982391494473,-2.426725041972565,-2.4827730134850463,-2.6245205057927143,-2.7100790731999225,-2.7786926577823436,-2.9445383383394854,-3.048472359107189,-3.184415568134334,-3.389645867168397,-3.4656316661634268,-3.660160430574051
-0.6714214310427338,-0.7277778114677687,-0.8213338438285732,-0.9480095548720618,-0.998886151589438,-1.030316916008812,-1.0734326535043865,-1.2530160308973053,-1.1411844593375622,-1.1918359436681856,-1.216639485456401,-1.2209859059343744,-1.252511622243608,-1.249528829493637,-1.2679539674243514,-1.3042123338765308,-1.3360580643409472,-1.3260265204525625,-1.3369390769713303,-1.3865264812126168,-1.4019671420472672,-1.411077200872632,-1.4659880102651195,-1.4696948631711906,-1.4639868550208472,-1.5228423771219954,-1.5501825274220344,-1.5699785437034532,-1.6408257452181605,-1.6676058295489014,-1.7012145419386608,-1.7971063158733347,-1.8358698969179805,-1.8803822582446321,-1.9170710055093854,-2.0262275056835977,-2.0777800082951354,-2.1297113012119087,-2.2783802549469856,-2.3081594035797526,-2.342878386029336,-2.4393628993216736,-2.507823412930213,-2.5870729039207916,-2.7114064157967386,-2.7841718329537026,-2.8895163378323567,-3.079141718821823,-3.1618427778331326,-3.3686961318289477
-0.9190185222482709,-0.9724485332131508,-1.0401461740683908,-1.1319202897211074,-1.1543153844815113,-1.170593396255354,-1.2166784866086209,-1.232025925071818,-1.2291278422341345,-1.2639621351520343,-1.2701027406493133,-1.2661212640031414,-1.29431040298356,-1.314767823723349,-1.319823573155483,-1.3367685881277274,-1.3539920949617574,-1.3492784630379198,-1.331407121925565,-1.3803813013880277,-1.353637931622855,-1.3828958650960408,-1.4077945485252046,-1.4136133548073266,-1.399783081437991,-1.4429802232064568,-1.4638059195414732,-1.4785649947080681,-1.5353045022731615,-1.5448715009095801,-1.5443397284287212,-1.5828513695057178,-1.604439500323834,-1.6331136812350064,-1.6356932077982853,-1.72635785167818,-1.7156890775725815,-1.7838434737118862,-1.8716919335073232,-1.9174314132607149,-1.9634172811158186,-2.0895578440071736,-2.1378486202537017,-2.143358399941854,-2.2850611893743014,-2.33656491801417,-2.3744549107949346,-2.4931178571787638,-2.5117872826733425,-2.7039458461718757
-0.8656354321511227,-0.9248057821370514,-0.9574475390096353,-1.02445495380518,-1.031745083163139,-1.041852564544953,-1.0638572171284655,-1.0698667031039655,-1.0609657115424957,-1.074806198698928,-1.0669859900406007,-1.033678065774195,-1.0462261428064474,-1.0451559777174626,-1.0522737588738358,-1.0455641867850365,-1.063859178665647,-1.0394690810584868,-1.0385771084807027,-1.0815267285048151,-1.0723840551017527,-1.0482673967984113,-1.074228760991949,-1.0488402712809133,-1.0374081610895303,-1.0584287639033227,-1.0557654903940594,-1.0570475674300526,-1.088909028889761,-1.0810751742385736,-1.0248441170558618,-1.0401145336167177,-1.0293062340140104,-0.9500045492862753,-0.9536803702742439,-0.9957190481802214,-0.9378701529975856,-0.9165871478893032,-0.982446434832579,-0.989210399312648,-1.024178673504123,-1.1061342634118994,-1.1427064418261492,-1.1851872957573448,-1.2403537992199463,-1.2483361221696998,-1.2418980210613282,-1.2844798199499756,-1.2973298192659592,-1.3146591724979295
-0.5275281013222954,-0.4856160429942336,-0.4661300344382465,-0.4433810092997157,-0.35542345783311197,-0.30379190793251915,-0.25981105060955517,-0.13389321566628995,0.02867782770387958,0.2462315928929737,0.32848453569097313,0,0,0,0,0,0,0,0,0,-0.5908052022775214,-0.45408054825694905,-0.39217739944930013,-0.28938306931784796,-0.1650689548212294,-0.1543400780118555,-0.1178350918771534,-0.03362444980644578,0.012404443108437746,0.042715689895306004,0.14402240592243779,0.06501193937841873,0.043041804171073936,-0.16670670691301936,-0.21415043942445022,-0.28768021409500855,-0.35902530785061815,-0.44584032730856166,-0.4332708839306173,-0.3981778360842043,-0.3707194616939845,-0.3676907847110426,-0.3550762696156219,-0.2691041003567041,-0.21105625505958064,-0.22137643386395928,-0.1779656577230132,-0.13922304753154038,-0.09120992743033801,-0.05081907352893897
-0.01498195482592788,0.03398693990632885,0.08586390039557147,0.10664678131494874,0.20013101520255316,0.22881114024599228,0.31417627233058126,0,0,0,0,0,0,0,0,0,0,0,0,-0.4575921593771313,-0.204875703132411,-0.10991480452584168,-0.06322153629918559,-0.030758481617368036,0.03451017423722066,0.0642687433031974,0.1064921342549746,0.18572393185352226,0.21894548444943202,0.27263270139838863,0.3150329552952033,0.3578610160935757,0.421057590977726,0.46766193176587173,0.47577539294725163,0.48209524227777206,0.29239969257560966,0.37021956344538776,0.440939786127763,0.35918504221302033,0.5010827475123092,1.0795400213357789,0.8405892321321193,-0.5861340383844472,-0.4967462210382404,0.022339071463211384,0.6593410705263213,0.8647521226962048,1.039290519316102,1.3151774287433726
0.21758233105752997,0.24668666175720633,0.2665594830514827,0.3045566374915206,0,0,0,0,0,0,0,0,0,0,0,0,0,-0.174503015265662,-0.051045999828741945,0.006422389426866053,0.11066342387089664,0.1488082316704373,0.19058508997604742,0.23855808874525258,0.2909330394724675,0.34411276662010865,0.37682284362982577,0.4493204554310954,0.5093180449131286,0.562684629039212,0.6460676676231948,0.7018025835097519,0.7059407547515307,0.7674880103690178,0.8375090453415579,0.9467069352818919,0.9524070584592383,0.932506794124004,0.9401762698623546,0.7020187778106194,0.6218446253091323,0.6143711597796462,0.624077288723788,0.5912492349258813,0.6282953551887326,0.6520034871936944,0.6620369829382842,0.7271839186189025,0.7835733144624762,0.9730027779774522
0.2639873204782622,0.35472456413744163,0,0,0,0,0,0,0,0,0,0,0,0,0,0,-0.11024747214968429,0.06411445093521076,0.14097639126638722,0.19303260368262085,0.26221246623373246,0.28914322334230874,0.3262194111099346,0.3595640797827615,0.41380709135225724,0.4497166728849457,0.4703796601056839,0.5280186809383213,0.5996207316254184,0.6318891745983458,0.6612024464251829,0.6908130095659007,0.6784215006609956,0.5695614855116377,0.5591410852848668,0.5411337960391551,0.44271434555805617,0.4308913478747578,0.45008312623768837,0.38767257849661185,0.39502985171864047,0.43141345681144094,0.44629930080600816,0.5032922979581811,0.5723974429292146,0.6453127241641647,0.782735756463491,0.9023599760346436,1.0016373733709023,1.251826250831492
0.28564065826456114,0.37733669589624447,0,0,0,0,0,0,0,0,0,0,0,0,-0.10929035894998038,0.017282167590243796,0.040935341194599656,0.1122071012503177,0.1470436241809456,0.1843720821760054,0.22681133224561673,0.2443309312281746,0.2705322595177448,0.28030010713357584,0.26431902657363887,0.2974481767875617,0.2970263051714871,0.2897388679666352,0.30874147626509335,0.30832477023273064,0.25954073805483585,0.24345482361061188,0.2017155422045231,0.14652253007388966,0.10973481297054424,0.08184773242710819,0.10116201752293782,0.12402772174962357,0.1364005532656838,0.2005973557739735,0.25826896796302246,0.3651321787140555,0.4096901913547057,0.5814806857346851,0.6840211646281547,0.7895575830006994,0.9497519133564971,1.1007943839807028,1.1760776743716166,1.4561193337205751
0.26293894212015245,0.29700588492651403,0.322759206294836,0.34955387997136794,0.09846526637459202,0,0,0,0,0,0.16735745913854977,-0.21562870618361946,-0.1315924683285039,-0.1063276818748757,-0.06289758668502315,-0.05008505892002343,-0.04199059136843197,-0.015835747257967155,-0.008295137924190408,-0.004762163111124563,-0.0004813007513717425,0.009523553105942434,0.004698605712507451,0.0030265567099703405,-0.027261332506838733,-0.07299043316506901,-0.08673606839182271,-0.09450527765883682,-0.11261680732309837,-0.1288872823159887,-0.173586625111016,-0.17179783152422187,-0.17455768934532642,-0.13553121905140836,-0.13162790818639575,-0.0958278896622789,-0.03802484244377072,0.009410033378818856,0.02861503165400965,0.2169715378028876,0.27608974964947686,0.40278386871617927,0.44458623091115024,0.5717645049981439,0.6904654133746819,0.7763093546177332,0.9818412518294493,1.0454549523965553,1.1643039137031421,1.3371909369116228
0.2729132712827756,0.2846124216681827,0.307498410552292,0.32374747002500776,0.3322881474163925,0.36706664534814004,0.39993721480797,0.4371273760201257,0,-0.45179183988488103,-0.4306527195234899,-0.26791493814671563,-0.24341955072817004,-0.22404735506982493,-0.21386346293635963,-0.22757052719843432,-0.2445755026050014,-0.27567506425833926,-0.29175711394742054,-0.3122069735963315,-0.3297999414729161,-0.35012735290376806,-0.37645856056889393,-0.4050139957995732,-0.41997130413437467,-0.43370676976088046,-0.4342402674286053,-0.4185163926836561,-0.4383551068768671,-0.41851419270576595,-0.36226271353937234,-0.3388506909053416,-0.3182603866771467,-0.23659028628832238,-0.2184079772749074,-0.17225675952321326,-0.09255230073342303,-0.015178960732768311,0.03159935691065018,0.169508513755416,0.21132860368133433,0.30088605771964494,0.380180899905143,0.5184797782990793,0.6324117439752759,0.6942352615991091,0.8693301307117107,0.9651903029802515,1.125909150896261,1.2487921341278152
0.0981812143011049,0.005118401902512154,-0.040808225244262884,-0.07345309879700111,-0.16130357558886516,-0.19090957344251402,-0.23453450137401619,-0.26339113148890386,-0.2893003676019158,-0.3253842311602269,-0.355756693609507,-0.3852628911519916,-0.414143645444385,-0.4298493814306463,-0.4658339352095429,-0.49431928487963533,-0.5291905346373413,-0.5376548135906598,-0.5374838116455312,-0.5626035131025697,-0.5535900039115611,-0.5482625035119565,-0.5631009578522982,-0.552143335763787,-0.5195814250346769,-0.5192424347223242,-0.5198031812557917,-0.5066688655981405,-0.5059770721022815,-0.4788265072424761,-0.42271797707677405,-0.4032373044001578,-0.3646304173944935,-0.2916107463828285,-0.22996052881185267,-0.20223824375225558,-0.09014840442054095,-0.03130023250590428,0.0241854191015622,0.13948471213270294,0.2318352557021864,0.29753795456430215,0.33164907087307727,0.44833918796105976,0.5142477365407356,0.5998441732546161,0.7007788222690654,0.7954827108747811,0.894833296148226,1.0257687348939424
-0.25238066683637256,-0.2814947568373612,-0.30615515023884377,-0.36191335139858827,-0.35494277611251435,-0.3915367669298943,-0.47071562337342115,-0.4813419702655343,-0.5286193770240758,-0.5707581857586334,-0.5887127697721716,-0.6143781779095521,-0.6485183519666949,-0.657237166264905,-0.6556404568240849,-0.6600702866913652,-0.6597034090622699,-0.6442164088133843,-0.6180814930647243,-0.6110364032781779,-0.5837487799643787,-0.567313703006957,-0.5735210482012155,-0.5665415374231078,-0.5437353919639998,-0.5490189032070846,-0.5415147699532571,-0.5137433322993787,-0.5280516180526167,-0.4847109568454176,-0.41940845727902754,-0.39245516589329565,-0.34486094126706657,-0.25196094632021854,-0.2031292334111477,-0.13447431813023283,-0.056461974554665506,0.0036675872812657125,0.028197936785356422,0.138674895143808,0.1697725637648287,0.20844462691088012,0.2821487689432859,0.3779131210807304,0.4489662591029072,0.49040073780528853,0.5965384769080057,0.6575285831751208,0.7050125751561209,0.7743411245580377
-0.460768476626066,-0.4940249897541634,-0.5129722939614961,-0.56289850724853,-0.5959041037833079,-0.6244944247968908,-0.6484736235430552,-0.6755906340109123,-0.6875881295921992,-0.7141681944597302,-0.7156643458639913,-0.698867701582936,-0.7207551800684285,-0.7042830866660067,-0.678575572555704,-0.6677681707506379,-0.6577813005850166,-0.6374842831950954,-0.6274369587238618,-0.6263178783511321,-0.6092118917173351,-0.601094642474148,-0.6105080326255257,-0.6066675027580201,-0.5671786865791884,-0.5756189438492259,-0.5491083459401074,-0.49772362781874024,-0.47435109342985826,-0.4250689086948347,-0.36403023972719295,-0.31111696089452257,-0.28869651197013946,-0.20362857571301,-0.15233365111680866,-0.10965944839101538,-0.05569169270099451,0.004779091560734704,0.042119984138754576,0.14237912907853317,0.17315891294548105,0.20584277021986802,0.24700095892310547,0.30654446990541845,0.3588784606868831,0.4068108907567356,0.5040302221329142,0.5603698530055234,0.5725904699703126,0.6842589967198202
-0.596684848362442,-0.6294093049798855,-0.6430085007487684,-0.6779927231862274,-0.6758447045332818,-0.6856258913296746,-0.7088286570514498,-0.7072212231768757,-0.694311538011134,-0.7067537767911228,-0.692608071245067,-0.660166397045696,-0.6671864412428528,-0.6617982436694685,-0.6359861927701795,-0.6358168196828874,-0.6474306708269751,-0.6363776544523533,-0.631465575074151,-0.6397543311081167,-0.622394421319391,-0.6097565629116654,-0.6017504395901848,-0.5990989410698899,-0.5449112704256869,-0.5240643997232948,-0.5057837168409813,-0.4493195223920871,-0.4212113750111495,-0.3803361295327902,-0.32162006665600634,-0.28907496994268767,-0.24904681800343964,-0.17653927742220127,-0.12281553158646487,-0.11493034620827845,-0.05747714261808203,-0.01912688475754883,0.03727214640077008,0.07803017416761453,0.11729604007436935,0.15312687389398186,0.20543375932060434,0.2721135319142689,0.308123385107469,0.35495691936943674,0.43161442309429804,0.4569858020860383,0.5069155329485863,0.589092966660102
-0.6692318764293052,-0.6751601454697941,-0.6639993447423721,-0.6828466024513131,-0.6710243565543492,-0.6612137795684494,-0.6784208178967736,-0.6813131384520039,-0.651855133104631,-0.6579102447339255,-0.6609798320559618,-0.646417888836034,-0.6640043756594998,-0.6628855080530848,-0.6526847284770081,-0.6599218440728124,-0.6756946232368046,-0.6552224100106595,-0.6513595874070853,-0.6495496234439976,-0.6279560312854287,-0.6317509859363882,-0.6119560096055161,-0.5677425932358614,-0.520429774908711,-0.5038046757415768,-0.4741433929612864,-0.3975035254469818,-0.3859625722036165,-0.3592570542266901,-0.2900472535057537,-0.2712034192548698,-0.2421534312688945,-0.1878325337590974,-0.1759421230112256,-0.15538144537616347,-0.12272459851412888,-0.10113352002336207,-0.06155417409734124,0.01116296180143883,0.04589335042857424,0.10057485022802519,0.12075271472612051,0.18508508851319602,0.22232777601563883,0.26317027270960025,0.33308949638806457,0.3642120577374977,0.3718649688182591,0.452042883907229
