jsons/1312707600.json
{"header": {"parameterUnit": "m", "parameterNumber": 3, "dx": 0.1, "dy": 0.5, "parameterNumberName": "Northward wave", "la1": 40.97354507446295, "la2": 16.46031188964855, "parameterCategory": 2, "lo2": 133.9931640625001, "nx": 191, "ny": 50, "refTime": "2011-08-05 8:00:00", "lo1": 114.97908020019554}, "data":
[rows 22 to 43 of 50, columns 50 to 99 of 191]
0,0,0,0,0,0,0,0,0,0,0,0,0,0,0,0,0,0,0.19969325278093372,0.2548352992297403,0.7026106142750592,0.4114974812160631,0.7521868873369099,1.0622796452741468,-2.020788454098407,-2.0237580544912137,-1.8216746539202284,-1.3950888837054507,-1.3471336261378857,-1.2525911579005593,-0.9240135449012626,-0.6423636502251436,-0.37341515607553,0.02421912433694977,0.26390747305752693,0.579580679456248,1.2259860053310956,1.469364673897923,1.6879917794344474,2.1375380329696787,2.3244898640967997,2.3708419838356707,2.4408558554709625,2.6625713995069686,2.4810037702006182,2.42719493110949,2.0227519851531266,1.9800928135627736,2.530597694122042,2.3403829997949304
0,0,0,0,0,0,0,0,0,0,0,0,0,0,0,0.04583279318731853,0,0,0,0,-0.41558362739825744,-0.7831924019629227,-1.3142290473375617,-1.460164111264248,-1.6023890788750688,-1.6614701885990701,-1.4455898765584283,-1.0820174531839042,-0.9013216389945059,-0.644681030038879,-0.1330512480229044,0.17337694865420483,0.485483432239734,1.174981194142877,1.3418587447278467,1.5469177452068743,1.8477920881056673,1.9899943915218263,2.0624583557878977,2.329704842502524,2.436076013273644,2.4962688326465896,2.5572712397955066,2.6945367631195944,2.707563131482282,2.223302034952104,2.772262937646116,1.9359880437708437,2.687908452777042,2.5845608924838954
0,0,0,0,0,0,0,0,0,0,0,0,0,0,0,0,0,0,-0.34005559707293076,-0.6523625278228754,-1.1724827142248893,-1.3246817972664635,-1.5369430698747488,-1.4988956744232578,-1.1570762237576229,-1.131307395660752,-1.0039254038257492,-0.7534064821717906,-0.5834740960729389,-0.42785376736604414,0.11761952128317113,0.4048370571039238,0.592611348100479,1.1833708684463438,1.4471106402549356,1.659168266688756,2.0262952733752684,2.2147800222685428,2.297594101573895,2.5297080126135136,2.553994574177253,2.5469365295054045,2.587316732183528,2.6978859101738526,2.696647796803329,2.410981556642309,-2.115037421638488,2.7241357026108397,2.0814824232950926,2.6899386872951547
0,0,0,0,0,0,0,0,0,0,0,0,0,0,0,-8.1454825486999445e+37,0.12665818559981054,-0.8237337633473304,-1.0975867277639648,-1.4000958402641388,-1.1965421314988316,-1.1183130631948535,-1.16211923731154,-1.0494387077143006,-0.8095754780498171,-0.7096539474765725,-0.5669826184014132,-0.24668603707305556,-0.07630896950355248,0.044364175726559756,0.6282974772830737,0.873488580720411,1.0562442104879601,1.424260949988592,1.6515300361338765,1.7555430559264809,2.063441293726013,2.1466106874040247,2.2443769558929523,2.3780167503724323,2.426035810034562,2.493647051618077,2.564054135737799,2.6345866681430308,2.651340251569641,2.6607298313686574,2.691706327099593,2.4097778228454736,2.498035501198061,-1.8046311089336469
0,0,0,0,0,0,0,0,-0.1411343132883901,-0.3484123692289161,-0.17548957854317743,0.5285700776838353,0.3441756943560765,0.3092588295503636,-0.9386721634415212,-1.0209859904355627,-1.1454563064571495,-0.9508443238603642,-0.8598532009025579,-0.9116710131313547,-0.746849949458573,-0.6783703083690519,-0.5808213780825559,-0.4622809211482612,-0.22481897057717892,-0.12804942876173542,-0.0010850441681649783,0.2360319081701588,0.407024423243497,0.552091364542168,0.8872984274303689,1.084753174820428,1.2322206880621556,1.509819113623856,1.6876993599892203,1.8391566550069391,2.0464510817932817,2.067314750799109,2.115767699879761,2.2441042003895233,2.305322064534918,2.328350244888672,2.369298735803036,2.4395077006860797,2.4503394008072377,2.485103417926384,2.531931201253025,2.5588746759048884,2.5705668382867275,2.504230737339556
0,0,0,0,0,0,0,-0.5550825975401411,-0.752590327806287,-0.902327120873601,-0.8010805060143367,-0.63821272059615,-0.6664456881070403,-0.6402966098625091,-0.6325047371871613,-0.6331018536298302,-0.66304904059626,-0.5558747320821975,-0.5171089123883168,-0.4431906815621659,-0.3133844300753771,-0.24187061893158976,-0.20763360211524498,-0.15838360184532252,-0.033223296064787314,0.07212302900365392,0.15736576277578096,0.3515521995270541,0.5192032820101227,0.6600181434173691,1.0027235703081692,1.1264194733702149,1.253218010262687,1.5400300641401745,1.6601373139227698,1.7556050520169602,1.8729305098764728,1.9295474178608583,1.9815419545078354,2.0746812687276943,2.137208122224473,2.161305395010608,2.2034560717732687,2.292656169972411,2.3045649263002357,2.3355662473882703,2.403577025746823,2.4227850797073183,2.4499314447343212,2.4583385721446107
0,0,0.1278231527830508,-0.739373514684436,-0.9563499411551168,-0.9878320077085164,-1.0829236450447264,-1.0123055481888457,-0.8296511447099801,-0.8039517300548445,-0.7736325431710376,-0.6583036110375088,-0.6750156281526551,-0.6399873173867928,-0.554151395765543,-0.49939017806825126,-0.46004026116751195,-0.3444348960430946,-0.31972959443878035,-0.26804035767727674,-0.17682623950261597,-0.08552217025155573,-0.042287291472311854,0.013901980089415303,0.13221458950729317,0.2646928229876231,0.31437666776399065,0.44359897151481037,0.6198804368746348,0.7274819981327221,0.9456856769039668,1.0509789143058648,1.1252397985106222,1.3909151193947835,1.4594872082817243,1.5527895946186605,1.6717488864625973,1.7486882725843709,1.7845934671697987,1.8836706971866748,1.9746664867357149,1.9956558304749732,2.073733919396415,2.1677154390658315,2.1927501159419482,2.223191771534899,2.254077153912689,2.267442655276195,2.2661696373631903,2.31944357387888
-0.9419108258961054,-0.9869571246071019,-1.0278511794155718,-1.0514841043719894,-0.8614274115432029,-0.8803082530997062,-0.9123928929481293,-0.8790261373509944,-0.7561361051379709,-0.752966171127617,-0.7343554380265601,-0.6189154969624896,-0.5838312244666696,-0.5115646449805559,-0.34965264480153,-0.2922608620136175,-0.27197258364702165,-0.20047913047400695,-0.1624259713414316,-0.10840567676664589,-0.01866190234853399,0.041465512099913414,0.09687850327573368,0.1513239420260311,0.2754912705420757,0.3493021783314845,0.40191013403718395,0.5372508950878803,0.586752779670497,0.7207740005115291,0.8826738896672334,0.9853842981163035,1.0531392522575627,1.2426255080490005,1.3451080444050763,1.4103539156463913,1.5421471758451428,1.5990076274944813,1.6566986349103654,1.7675727344469792,1.810210026524841,1.8805512844231709,1.9256785502694709,2.0397477610846773,2.096206682245494,2.1018454798389192,2.1677515505118747,2.1703794298556955,2.1679064575533524,2.2180811181236706
-1.1150603778857742,-0.9891086191526212,-0.9751632192099184,-0.9405847874234741,-0.8616801246016557,-0.8278442898939015,-0.8301242326080124,-0.799431610994045,-0.704839668412666,-0.6826276102486586,-0.6162870251393415,-0.47759904292952754,-0.40248419220110926,-0.3372906453097998,-0.21131802316724593,-0.1941905043594383,-0.1499247751261576,-0.10641132873935959,-0.08353486718873564,-0.05582251627865267,0.04350592312557183,0.054055094426198644,0.08348659740643401,0.12127754295337215,0.2210529001016804,0.28078026137259426,0.35702153189055696,0.5294573273379138,0.6087665305743997,0.646804593862601,0.774606966931402,0.8647214051224652,0.9173007897643018,1.0497640857200283,1.1180865375825686,1.156629979196941,1.347449149104262,1.4436711931677706,1.4876298188827066,1.6033693146854444,1.6980599586458553,1.71677162877826,1.8011100281380825,1.8959714010651938,1.9364222120324617,1.983689877191203,2.045700454887014,2.065830042746409,2.0724155282192585,2.106665635897586
-1.1026147350045419,-0.9118621896353382,-0.8465951002941129,-0.805045393340864,-0.7285403956847647,-0.7089755357505815,-0.6966244151025034,-0.6614238811322521,-0.5643598358926903,-0.5159428172871886,-0.4639454077806502,-0.37611469490889915,-0.32615673865589057,-0.30272009124716015,-0.26824301273611434,-0.27229904117972703,-0.28453546336405733,-0.24811725469578702,-0.22188783842915039,-0.18096855209177345,-0.1015716082015668,-0.06487121874166026,-0.026086492819309345,0.03343825223862678,0.1447881808082892,0.22684701578414126,0.3032227028870175,0.4407775642836006,0.5135258559162668,0.5762160683004618,0.6459987575944511,0.7001908360166591,0.7663549199042351,0.9014913848344448,0.9859879429279877,1.094790374773359,1.2920204757087255,1.38240950211243,1.4380653324127428,1.5663628081294259,1.6259850168999415,1.6725559181162954,1.7428442106300066,1.851422847660704,1.8713893853093,1.9239974032581297,1.99135611408452,1.9878291009905389,1.9860721291048997,2.0020730755036813
-0.7900607780799827,-0.6618191156024331,-0.6156305312207428,-0.5820322605697859,-0.46363554864467293,-0.39043617748608844,-0.33176334291176507,-0.14752150535660277,0.05252800134253748,0.402641814642301,0.5194591942258702,0,0,0,0,0,0,0,0,0,-0.8816623752714272,-0.7177320240711832,-0.6210574740891722,-0.5241555342891961,-0.3475020493671186,-0.20443755411733192,-0.09918775347473369,0.07171449439815726,0.12184179731861493,0.1827353403950521,0.29005558129249226,0.43894959800426114,0.5664821806146078,0.8774489446305356,0.9614235782928191,1.0869454543039656,1.237792823516986,1.2904673022828947,1.357823727109454,1.4652176618671144,1.5241867244666485,1.5537553161330424,1.5318487487278514,1.5769574160686002,1.6221495641413024,1.7088138106816466,1.8042602941002446,1.8444350351316463,1.8615949895391115,1.9378583647599466
-0.37672829664237745,-0.23013647805113144,-0.10922464496935942,-0.010294876219719654,0.28688009335247877,0.3686196705578979,0.5295459406371652,0,0,0,0,0,0,0,0,0,0,0,0,-1.4499477409987729,-1.1510796281410265,-1.0096474192328064,-0.8998764054006969,-0.8036936763133095,-0.5164804060693028,-0.4506495217353939,-0.34586005658471775,-0.1628724745906372,-0.10617751504043388,0.012987910649671473,0.22692908082103735,0.3178249567587821,0.3921856845207558,0.6145803682392876,0.7579375367007913,0.8613714374848603,1.152094274163368,1.117331068521575,1.0581313240410033,0.9378205547521866,0.9939169238710205,0.16294154697144111,-0.7605703815928132,-0.2719658384532632,0.5348799120905291,1.0368678966208256,1.4863583933361644,1.6188514178575244,1.6805296841313297,1.8011270207288699
0.252030589718731,0.5451354919496251,0.6154946264559414,0.5857773628174882,0,0,0,0,0,0,0,0,0,0,0,0,0,-1.257274130472089,-1.2284980145846593,-1.2475831091691976,-0.9689304616258608,-0.8996009695738648,-0.8188534088740487,-0.7107859985713566,-0.5435615304240005,-0.44210907254522724,-0.34479858086545684,-0.17879181611698997,-0.08247307460074965,-0.011728264128960424,0.17392237650288997,0.3193108902141802,0.4370712135064226,0.7517133106371977,0.9142554182674394,1.051043270450863,1.4779702493883247,1.600459843680728,1.5595073703700075,1.4538580237395258,1.47001232166413,1.5215892080789337,1.546019527420598,1.539158360974849,1.4988655765690342,1.4498476366401365,1.3982627847934352,1.4576707516245937,1.5331674933834059,1.6345685234630385
0.5527130766113316,0.7022615696779426,0,0,0,0,0,0,0,0,0,0,0,0,0,0,-1.373509230676778,-1.1879567470000933,-1.1245436103517403,-1.0749804768658877,-0.8694729251834606,-0.7927787220792654,-0.7245057231211915,-0.6279038614567689,-0.4625988872916467,-0.35923930415497535,-0.2894470814595686,-0.1284823252458088,-0.041162484454709755,0.03501417785501507,0.2580677660915844,0.36957820241615313,0.5110084922949184,0.8155250609275845,0.9258057315005391,1.0102490529798884,1.1820884825402544,1.2016202606020265,1.258382167496393,1.334596432201384,1.3335966967526203,1.364713631612415,1.376197765103621,1.41217219027637,1.4104397228381687,1.3937449831144884,1.4234631082813287,1.4394596160403412,1.4500064100501577,1.5351053470381297
0.5509460972226494,0.6192764538497175,0,0,0,0,0,0,0,0,0,0,0,0,-1.2423549424838851,-1.2141984033238375,-1.2036300483352569,-1.0545094643510413,-0.9808243858474487,-0.9222606582086361,-0.7624702815515426,-0.6515946732231572,-0.5846863555342028,-0.49329582309850367,-0.29606325843756615,-0.21729139259624766,-0.1319233247582169,0.006209227203273881,0.07402571019303188,0.11885695336726194,0.27628766934339866,0.41627607348303414,0.5177496834716312,0.735087091918299,0.8441172105918204,0.8992942565471147,0.9757457281454571,1.0070031373024313,1.031650928335506,1.1128722175672208,1.1182334992794942,1.1422656272127372,1.1579851960015266,1.253220259311569,1.275518822224458,1.3346909932439066,1.3890631359883927,1.428987224584465,1.4499424602088553,1.5183505578505767
0.47600173384503824,0.5396565520225388,0.4742686580678055,0.09496593536078651,0.11388540835655746,0,0,0,0,0,0.36095814043447016,-1.2649047658229087,-1.2904619746519606,-1.2239486631796952,-1.1171736073978966,-1.0565724787584079,-1.0136207613658628,-0.8699825180698871,-0.821193912561545,-0.7636385710966207,-0.6390839468143096,-0.5728963002455683,-0.49983285511865766,-0.43778542598465686,-0.2949981608356697,-0.18938776853092185,-0.12422432011608223,0.03261270693631181,0.12621638707342106,0.19206176161183677,0.3345124787520278,0.42659480678435086,0.5051806541408864,0.6862369440543723,0.698590650779858,0.7485630465533352,0.8028310029317045,0.8616766077139982,0.879480825138273,0.928619616331629,0.9626366430955947,1.0120817457577382,1.0387353762141585,1.1225839645061622,1.1778036776083696,1.2071069857931562,1.2892261330722694,1.3028711205203622,1.339982567692616,1.373840140924163
0.34238461239094875,-0.5736717904079789,0.2106264207637325,0.3502013657688403,0.3627740310010518,0.2974786022034313,0.2643635416619622,0.03658433352622107,0,-1.329445891664496,-1.2218284777169275,-1.123356241366224,-1.110953512703143,-1.0698974685681228,-0.9498393181844655,-0.8805320435352524,-0.8237431811440362,-0.6914882946853241,-0.6109848832807084,-0.5598441020907902,-0.42287235162549114,-0.3575308833044282,-0.29768753270246995,-0.2346371862740232,-0.06655446741101365,-0.022432584454849285,0.05123461605326761,0.1666848211610965,0.24185701363273063,0.28307551952860405,0.4166621887012905,0.49043300365542875,0.5369756299720772,0.6074612650304005,0.6364501991094574,0.671840351593952,0.7405691142283526,0.766035244602608,0.8078534185361298,0.8613368634474852,0.8941250553056808,0.9564556158057396,1.0002596373126047,1.0713671132601208,1.09471192581204,1.1131996435998097,1.2120823344304485,1.2407706097095104,1.2649191728090845,1.3236440729935874
-0.4448613434108465,-0.5568669816759887,-0.6108319065441744,-0.7747994124802717,-0.8050412978294489,-0.940010489704926,-1.0063231094594873,-1.0343078635883869,-0.9943798667614591,-1.0044754408059242,-0.9801448776959922,-0.9050027106624237,-0.8823106982250446,-0.8507739305679181,-0.7501438313839923,-0.6831972752459475,-0.6302817969235973,-0.5143129501505576,-0.4678927425479298,-0.4174620426937369,-0.3084796290901283,-0.24907357001772767,-0.22043846821527527,-0.14139015518779707,-0.008255935867302265,0.05550950124759039,0.0957580593759989,0.26385821590148306,0.2788376540964044,0.32742371862638486,0.39945680834383224,0.4279979501877394,0.4817171089509385,0.5493093197251712,0.5807682827011185,0.5970537746795621,0.6980837895789153,0.7379004773845156,0.7697279626662006,0.8457871749091036,0.9267010425203718,0.990014062919012,1.0028551874657743,1.0775354388807945,1.1039241203497716,1.1448538971260125,1.1642297773113195,1.1769166771996835,1.2027300901158129,1.23460978129108
-0.8547429050079655,-0.8807643114949852,-0.8917114446572579,-0.9746896616266187,-0.9597174612927479,-0.9535498649791889,-0.9455515690994063,-0.9408532747173332,-0.8604061423357084,-0.8450465391799551,-0.805925173967757,-0.726699455373662,-0.6778382175376447,-0.6395179065303678,-0.5437294872466784,-0.5203697517240982,-0.48259344386539127,-0.40282039654571533,-0.35361771156504973,-0.3020196337271314,-0.21606460189241833,-0.13316165069828673,-0.0934752477365461,-0.04975552689766366,0.06112647591298771,0.11054069922160432,0.16150477391713883,0.2573180379516597,0.2770053321065958,0.310357071665444,0.36580165573857537,0.39809894765196835,0.4337492132384058,0.4869211598747674,0.519693995267635,0.5511411006530377,0.6420586667042054,0.7170418533897378,0.7519842538343533,0.873729381263602,0.941220576832433,0.9314167770674336,0.9476737100490985,0.9851767227582272,1.0028003064800801,1.0048587415154457,1.0725429593461795,1.1047791470455959,1.1247275616547048,1.1813259497379014
-0.9018328081840935,-0.9044222620686754,-0.8787709680590547,-0.893946035438783,-0.8407388087086404,-0.8324353509201163,-0.8134011253460487,-0.7678050309801469,-0.7219837130125932,-0.6726201095429627,-0.6504357812583468,-0.5662695729886499,-0.5579686314626386,-0.5267718790803044,-0.46075271148975155,-0.43783301079512754,-0.3910983542627006,-0.33570981406620365,-0.29385176058674956,-0.2389361607760897,-0.17469067914448344,-0.1318338546465669,-0.0736204334055942,-0.05857643104911856,0.02222082342697468,0.03732336816656539,0.08206512910811764,0.15619014934979286,0.19131735037573502,0.24827935670417292,0.3010159368749492,0.3582232757160994,0.3847772444445153,0.43002919262330314,0.46842377440273525,0.5058632152910185,0.5503010758433966,0.6029073338364823,0.6357020844097035,0.6985029973154409,0.7190878545547477,0.7629518073317132,0.8008491841862404,0.8433855781844565,0.9181597301896413,0.9753444316990796,1.0320300732486136,1.056502434243728,1.0616706925966015,1.1222510006226782
-0.8559075141589987,-0.8175307949159614,-0.8023245350282049,-0.7735419522994295,-0.7332806278866166,-0.7016606651527456,-0.6838643593550734,-0.666212999133436,-0.5937218681585812,-0.5923747924450325,-0.5626649353081746,-0.5094537579061374,-0.4961300980668989,-0.4616084462431055,-0.41428013231875005,-0.3913824078106814,-0.35032116300706007,-0.2928431736383135,-0.267049692513747,-0.23558273095091317,-0.1725046577877681,-0.14395965441148653,-0.09974261758292613,-0.08669158989219497,-0.01941220036015453,0.014051086097688693,0.03975355270846234,0.11175256730369654,0.13666828305726508,0.16481922351185932,0.21417599256599462,0.25483468492278316,0.29280858127104553,0.3498296430144225,0.3822416194304136,0.39217958066193104,0.47928493583589216,0.5173563716528843,0.5657223571261122,0.6030987406986662,0.6486802751300663,0.6818736948857164,0.7212462497009778,0.7703873175094024,0.8068427638809925,0.8622612726591666,0.9466992522035158,0.9643145861155332,1.005330743192454,1.0409133518965081
-0.7492552276454951,-0.7222115895366348,-0.7019255384398304,-0.6891454343014307,-0.6506942066555561,-0.6191343130829636,-0.6043253306886593,-0.6028955228979066,-0.5570434773400981,-0.5443399350515262,-0.5359675789743156,-0.47081923437518314,-0.4417072111025578,-0.4325949315836469,-0.38337996728097773,-0.3514048124017116,-0.3355285241935982,-0.29110845903812993,-0.26636364317854827,-0.24660767203482448,-0.19749439145800748,-0.1882216726178181,-0.1720658220084366,-0.13419699628337317,-0.0906806021893902,-0.07250496743263146,-0.04218759344867786,0.03415220736419683,0.0472135826467219,0.07147105590220908,0.13996394566669762,0.1645256608290752,0.19775098308607933,0.2555709645378088,0.2761634599933653,0.3137136694046902,0.3756628343612815,0.3968655983193119,0.44520845488540517,0.525730260100996,0.5548476113686016,0.6036785451763302,0.6219396243815805,0.6787990467740546,0.714231451127628,0.7524140839077299,0.8399660020040265,0.8918517616130877,0.8934746050883292,0.942265145317348
