jsons/1312570800.json
{"header": {"parameterUnit": "m", "parameterNumber": 3, "dx": 0.1, "dy": 0.5, "parameterNumberName": "Northward wave", "la1": 40.97354507446295, "la2": 16.46031188964855, "parameterCategory": 2, "lo2": 133.9931640625001, "nx": 191, "ny": 50, "refTime": "2011-08-05 8:00:00", "lo1": 114.97908020019554}, "data":
[rows 22 to 43 of 50, columns 100 to 149 of 191]
-3.38481586229498,-3.451952219699,-3.44285495164114,-3.5163924560057085,-3.585522441920476,-3.624535973350605,-3.6385296765892408,-3.7138334284779044,-3.7296658741400934,-3.708403351650779,-3.7213382063165055,-3.7698799746840526,-3.725946830704756,-3.7515366690927667,-3.7222206551866486,-3.616913086495488,-3.652804175502481,-3.6141682533968384,-3.4906208835084223,-3.4473970669467793,-3.4555260232001896,-3.327728924749111,-3.243474397686726,-3.1891838352316286,-3.0405225341745576,-2.930990264173996,-2.9203008403031925,-2.8137972012449324,-2.6412278154586053,-2.575172449513463,-2.4210020590895565,-2.264851954334009,-2.146221260677172,-2.0140973183498274,-1.8378666864995479,-1.775219350230063,-1.6778419953256771,-1.567622337501874,-1.4862568817998774,-1.411009019127869,-1.315524442734884,-1.2925114886608813,-1.2174446152367657,-1.2233040676254752,-1.2229746399219932,-1.1753686003673036,-1.1849495596187283,-1.124943172223112,-1.0441086761830873,-0.9349055027315382
-4.359898977437611,-4.496687723708321,-4.5022801543853666,-4.563012485823698,-4.642120757064889,-4.645470699443516,-4.698593215434847,-4.762599907612171,-4.775804034890106,-4.790062113330062,-4.894767486010734,-4.861643820927064,-4.88608624206318,-4.85906156850718,-4.897073311794221,-4.7599274995157685,-4.747125015802548,-4.627405796703495,-4.489147645033297,-4.510967888353154,-4.42529366863519,-4.308507397319723,-4.230253457173658,-4.2318709890829425,-4.019746769709266,-3.8541163828476708,-3.7356596063203087,-3.6552464302186576,-3.467146599553532,-3.32243923191772,-3.214961921732051,-2.9767221531287333,-2.7828365775672985,-2.731494574318492,-2.4632967803453925,-2.2502314296031782,-2.1934110802552755,-1.9941592860615696,-1.8637240662530559,-1.7862675161666535,-1.6751486324884948,-1.646515370406824,-1.584226972241932,-1.6450260909595322,-1.7503825805384938,-1.7027158022120379,-1.6955553600117883,-1.5126173540162147,-1.471550829462241,-1.2619426480296971
-5.236885932295587,-5.426899018145832,-5.487114696067832,-5.581281547640422,-5.6739267140429055,-5.74584805088958,-5.744962831911547,-5.915889052918191,-5.873280464628148,-5.9620356230966385,-5.964340212426266,-6.020386471562198,-5.973453680933191,-6.022458107300155,-5.991849802105095,-5.9137061400303175,-5.806534648117175,-5.757999602648586,-5.7133083919481145,-5.5971836341078225,-5.537979264887968,-5.312062789086287,-5.226349539209175,-5.162305228654921,-5.008572885085078,-4.85934401439051,-4.788663150272818,-4.56445237202657,-4.3319371884460285,-4.158186757169441,-3.987788204242724,-3.712667958896792,-3.4970043775925532,-3.316214463570216,-3.028812286363585,-2.8274464323066675,-2.7210162290171267,-2.4055298055595964,-2.3009367113489363,-2.0936121728519748,-1.9954709293154185,-2.1182427189848596,-2.0800188929306658,-2.4561915980468148,-2.6539996714256646,-2.4874885109400195,-2.3870163800417683,-1.9906756326956632,-1.7309516969051215,-1.3759131505788482
-6.278158032894718,-6.647701079177293,-6.719589437914034,-6.902081189641238,-7.10954400812254,-7.264647391567295,-7.263025397435402,-7.497752162132936,-7.48950394699457,-7.597043244500767,-7.669266195097994,-7.67889018669407,-7.644472101837192,-7.6526274622798764,-7.614773391469476,-7.5060884789401054,-7.36929908608613,-7.335940809624217,-7.177368755140266,-7.064958184053899,-6.996925743492978,-6.751571175886121,-6.689357474164896,-6.429880720140365,-6.169127874123679,-6.0628015195726395,-5.859163304272117,-5.647029237734558,-5.328701039548486,-5.135888303722725,-4.926013262214522,-4.541822109808208,-4.269668889088496,-4.000793519884125,-3.510086077707323,-3.344710170975297,-3.053941878026121,-2.6431452022716266,-2.41648748755059,-2.1137527518460564,-1.6744228308488853,-2.194832258362419,-2.87144318439936,-2.7351605925623197,-1.7387480008619585,-0.47635824965362394,-1.9395223512999902,-1.253912445158661,-1.338995301117249,-0.7149651620765933
-7.108428117676346,-7.645010812758416,-7.720617061205041,-7.8422619352365,-8.18764387017628,-8.380499579829584,-8.573458086538968,-8.88269014097657,-9.039476840021976,-9.183186228533023,-9.45913674144916,-9.53212376685631,-9.464862869674096,-9.556251155248804,-9.482120805172505,-9.342614947215589,-9.186771356743106,-9.15436616105091,-8.85458362111974,-8.656263121289372,-8.42619603392648,-8.182212019949478,-7.9652370379880155,-7.749012393737978,-7.366939320021375,-7.148852850739805,-6.889007637329283,-6.663068815347005,-6.30082108392135,-6.060385523133367,-5.829035873522666,-5.394133378666925,-4.979526658887706,-4.6341354147009195,-4.026049165760963,-3.5372346904123155,-3.110094310441025,-2.3923809355375925,-2.62499552300996,-2.8247722469652228,-3.185033590494088,-2.8354839995431305,-2.1006987821076435,-1.7441380352374027,-1.5498358857852998,-1.2745997454855882,-1.1350746239033864,-0.8348709274176209,-0.6807847685335461,-0.5125386505647455
-6.9370782812351255,-7.440119668309491,-7.8005617252028525,-8.057775365126012,-8.578814851674323,-8.985242001812981,-9.208736422454008,-9.608720483384912,-10.073088203520424,-10.25059736263487,-10.662818323647242,-10.788447335854409,-10.910876882905779,-10.991996222838882,-10.983099349926212,-10.774093554748488,-10.634145767769803,-10.407129593484811,-10.14279091679324,-9.831241257994519,-9.515832828368955,-9.095672898550683,-8.789413949620652,-8.465771027223285,-8.11554066383187,-8.034633507526056,-7.841504586751262,-7.718349554622399,-7.409790319319507,-7.06965293697802,-6.573364043806114,-5.9602473302321455,-5.66069982665714,-5.166970533002911,-4.344803036427217,-3.956321595280468,-3.6010133796149884,-3.1151898476771818,-2.8360688390453026,-2.585775680530001,-2.20089645849922,-2.0298542024893322,-1.7654933727624262,-1.4346790964702063,-1.2755511257177197,-1.0968638034683638,-0.9540024895678457,-0.679336034592377,-0.5195823851595789,-0.3829467928777162
-6.192737594029807,-6.389921389796041,-6.9761212650140525,-7.139090322187831,-7.611098465207995,-8.039196974521134,-8.446946393730173,-8.706186023652439,-9.219902934045523,-9.657110183276478,-9.900997742240213,-10.024921820421971,-10.465600145350335,-10.52809772800696,-10.70037742907504,-10.864735144413713,-10.632470577541154,-10.399728396267342,-9.85015006052259,-9.451885889687475,-8.800333073871892,-7.9067577720962285,-7.373643230190816,-6.753796544620407,-6.084457477172142,-5.784474307822135,-5.3041128328426455,-5.152926772826415,-5.1785860797945205,-4.823466268053229,-4.995789715995821,-5.099708981117022,-5.852787167799934,-5.760245151225684,-3.7210968763077967,-3.202664137041186,-2.852953579866965,-2.216907255923685,-1.9146534134983832,-1.6409870585873674,-1.401729087551437,-1.2442505173450198,-1.0736843282345292,-0.8823920019827222,-0.7282016902666388,-0.5648063721818652,-0.5019700703995817,-0.21255700014222093,-0.15029761247569318,0.02415561564866266
-3.4778366617201044,-3.685506983736206,-3.535671627504186,-3.5431913370710153,-3.584943647493256,-3.6009780947223247,-3.8064790308465413,-3.9796785233360485,-4.3637291101705555,-4.672466266005703,-4.908247387894513,-5.478215859146865,-6.370870880556393,-6.5221090176912755,-6.922865373466699,-7.60179997896889,-7.893572550631898,-7.901085363577364,-7.20093318376511,-6.8854093940842995,-6.725523918751621,-5.636461335727034,-4.8330502162809905,-4.0491591899216735,-2.512199289232498,-1.4431046174687765,-0.3153944286018447,0.29935731685450007,-5.686669528160369,-4.059852329131999,-5.430057276485901,-2.328775115285238,-2.021469300124854,-1.7084742194390536,-1.275498902884263,-1.1410906419672757,-0.775608506423224,-0.5844769106456726,-0.4455213391882543,-0.3396693632914332,-0.1731928459647582,0.004470354530365034,0.06552769327698565,0.2217786945777631,0.43394846605819337,0.4234194962510763,0.48900702188125844,0.6070485058442023,0.6725830212667139,0.7944473850228951
-0.6459619116028411,-0.549096290504714,-0.10758844662104203,0.20427311586622304,0.45647530521198576,0.8228519833969573,0.8266869960407728,1.0137072106685925,1.6377942206409393,1.7888014903918341,1.784225059232712,2.1234741189798445,2.7246283426754085,2.9307413106718627,3.065627196136691,0.3374088121758916,-3.468194156589569,1.406157040695024,0.666125159739122,1.3613076164553217,0.6594120603058046,-0.3116189086576198,-0.9027652105542061,-0.8706247708113433,-0.7839823592905771,-0.7934134350509432,-0.3094086626914976,-0.2022617872165912,0.16722727373324903,0.2801354198605103,0.48358255638798125,0.6936448559982327,0.8796146594185643,0.9963905046468499,1.1596841497468027,1.1986050385070306,1.10480642105166,1.2969803289125013,1.2432666878814993,1.2643667301094899,1.304862006370699,1.3859023917986966,1.362938503016309,1.3577188650442618,1.375321133914306,1.3587778030726627,1.383275274756425,1.365189307373614,1.414608842621741,1.4317823092810669
1.7805371587429757,2.015903717378391,2.4987548923720926,2.902314832588633,3.141626480143129,3.977734618077914,4.270931132259309,4.899749537066828,5.910225791261273,6.039130369575818,6.539368135948209,6.654555977899745,7.401515564743183,7.478027379377809,7.645600151343852,7.702435413658332,6.932424823870872,2.1429420081671737,5.976826077203716,5.93136163608969,7.131958958111857,6.7105834466555985,6.417089909434729,5.962270560304351,5.38523885200155,4.988935227839172,4.869031994112456,4.65091240062945,4.357742159218184,4.303116069116006,4.118840595974589,3.861407978496435,3.7717603660993375,3.5083820220753634,3.513032822037191,3.2742383205976315,3.2426427164418983,3.0563929614293786,3.006600707767553,2.96308580555955,2.80094181863913,2.833203561535471,2.6868964111821416,2.59694271284444,2.660151833027535,2.545382013739958,2.526456312189993,2.572050939396082,2.433796321864351,2.366838469931757
2.8981278433532704,3.4187755296108886,4.214273864187408,3.645460549748582,2.4699217078291684,4.078373613724768,4.674510022831475,5.37540669242908,6.30889345292401,6.746402401535195,7.186369918310294,7.375125970871894,7.85018883735482,8.051519607415608,8.142571214767798,7.334069090312344,4.058838920031632,-6.458751992811326,6.594628205826693,7.980109268421969,8.185221660441577,7.953285308618655,7.8772605469491905,7.738471969901411,7.425249154802633,7.301068558219284,7.120856689310078,6.933649752550149,6.493780983889172,6.3353760781308734,6.115945048433776,5.82147481753882,5.49435074407943,5.3765212072441635,5.148133375442241,4.851663115288265,4.6212114384707546,4.531777704537242,4.3423539005529666,4.195210252503068,4.041455942322484,3.8553099394989623,3.8067404576631096,3.717979177349739,3.6167179218976746,3.5737442244989324,3.5592246790501965,3.4217620370197097,3.3708290511636836,3.3904619896432053
3.4524539973809785,3.7724831055689023,4.266428023509765,4.492302043111324,4.683637328635227,4.965045996315314,5.148191689710943,5.425039785204751,6.030320189484958,6.226416932646463,6.520580095870909,6.685170509114171,7.088666319509687,7.295417382340186,7.429250301464853,7.615171787545183,7.547990954079321,7.021020144750498,-4.557728335362205,4.004780926724245,5.337617388796254,7.249189549232312,7.446635240742223,7.415264986296988,7.265322432165788,7.2262570820746275,7.0619739162497215,6.928451456019961,6.7087091920541555,6.502161244282477,6.40124424977884,6.053569176249053,5.921208154940166,5.78332259142742,5.495034837065273,5.387413526632962,5.207535902102898,5.055743686190847,4.942547863070049,4.740637237657083,4.653563200455861,4.548568419858267,4.390065166095577,4.324529028531736,4.253026691617164,4.12412676318234,4.093327930844395,4.0275674017725,3.9260165288569495,3.8719107622801565
3.1290277664006276,3.4264648992888,3.758716706484857,3.917254521405886,4.206750359126274,4.568067477160992,4.844860042761539,5.018367146821511,5.443855651071547,5.647645755996108,5.804416090553481,6.033867575844143,6.298782341601552,6.449517393833739,6.538814401497189,6.722489168845517,6.856212339280965,6.891805638545176,6.11534560371279,5.67681345331471,2.4442469472209107,-0.22994434423244212,2.841994004610858,4.100322591771862,6.294540292237856,6.4462343054225695,6.378359034510642,6.42694775392157,6.529725605224179,6.361179934605541,6.269509082872533,6.161232326427191,6.0247500585178395,5.945824865400437,5.7963162828250505,5.642455550201177,5.551765484519254,5.473608345993351,5.358180662960811,5.157869545790155,5.097542273766958,4.985160166489777,4.804270875330348,4.785120798240903,4.728273817459318,4.619257231697076,4.565631663495137,4.499693158436111,4.371952419376889,4.309849074225344
2.7777830772892744,2.992313669649329,3.316078833747271,3.4954961394019612,3.7425897548143303,3.9730727959079135,4.101806110398043,4.289943189263337,4.613855041452177,4.752538607977375,4.973933730728687,5.053860305575591,5.317562644939148,5.476553518080274,5.5133033633186,5.748061211421356,5.879807603010034,5.913536250387841,5.996755979949847,6.037562003416505,6.1133111294886575,6.0112179996177115,6.174628431866901,5.5159465280256255,5.617373158741154,2.636851984845551,-5.916892159585389,0.8862553121421569,5.550807102765947,5.871805765363531,5.96099185124469,5.875889540225214,5.802227935257511,5.6963019482888955,5.575583099200182,5.489214568942548,5.424042101918324,5.309224197366099,5.248230096288977,5.146567077069702,5.063271736791745,4.984928775935721,4.916660721876407,4.861560522685863,4.763563092720105,4.686942998961158,4.640279250417066,4.606142027806347,4.480109610045363,4.470785173895298
2.2762880621864157,2.4445411182846795,2.6632433562236146,2.8481415561847836,2.9945463725864667,3.294781453526515,3.4609947463329673,3.6770416401244246,3.837673307300561,3.9690964898622623,4.155532915423763,4.210161099302793,4.439873423397676,4.492045575250257,4.639844278266139,4.908879933632024,4.959388148148603,5.059883982662929,5.164467727311523,5.251340436847635,5.244021980995699,5.370182795318292,5.457361293179675,5.510114846788284,5.147686272301613,5.117535300680181,5.224495576067469,0.529550000705287,-4.861709100627776,-5.628932975038662,-1.4485953176951034,1.413579270888594,4.522481967968104,5.263555195903181,3.9115508614817247,3.8582325441295042,4.031395747054477,4.7775276676019915,4.630456380202879,4.710626100762233,4.71676493051305,4.702433382506728,4.868145336662381,4.803699141772259,4.741728723939017,4.70608368001439,4.666873681589824,4.622941802395827,4.422483037680293,4.503352543407907
1.7822612691655644,1.9600584225805613,2.1876677244955687,2.3248275895297885,2.449555033780185,2.758363009644108,2.8168031526064237,2.973789432645948,3.117106689851479,3.2729036459884613,3.407320944458613,3.5197045167884986,3.7216874938949878,3.818693744874809,3.947873702286868,4.046222807355003,4.2010650075887925,4.263907315130901,4.372067532272166,4.4738124590241295,4.522246282185638,4.668361226703369,4.736227335406738,4.759398238350912,4.809674383808292,4.8381720667856865,4.864790391809253,4.883885442293048,4.9325382126247055,4.899447547695059,4.551280615085296,4.310794911649511,4.286980465825771,4.575227827395209,2.981492848843404,2.2796878771063955,0.9925183418592988,-0.25963930753757924,-3.8871130136237024,-1.6582615911788934,3.461729987000026,-1.782458483534681,-3.858712179589268,-3.130742635396443,-0.9294548853345118,1.4941144000075621,-0.10519700709180332,-3.6614644587513165,-1.9300595809688683,1.2999144797510638
1.4260809230367384,1.5380883182545728,1.803482128926005,1.8907280906884603,2.0194968926057313,2.1523162523485166,2.274592098873077,2.3817843072105522,2.6106789344500076,2.670755465554223,2.7708331667260855,2.9144465610596204,3.0105145286400115,3.1345809907855506,3.2491142187839723,3.394765887400174,3.4988059569976944,3.540591961941547,3.6524523374231954,3.7305391098234555,3.8460979924012566,3.9662139865159696,4.0279125872877,4.033159794884164,4.163109716896546,4.215652183285627,4.162738654534684,4.163878062230401,4.279080147922752,4.309735578456162,4.30167227192079,4.342239447142423,4.325826748917853,4.344831479203354,4.370211504851721,4.3516552339683034,4.3521453088772475,4.124453934362455,4.077998296904599,4.130349973438472,4.253694175069697,4.121788832611165,3.9985309267974394,3.8851712670415086,4.1074450637975755,4.1540603600545545,4.018277682168044,3.6868479165997665,3.6325238944225777,3.6251046787950223
1.078043195603222,1.165335868867254,1.3855409142514248,1.4875705788456501,1.5688632301613608,1.7392913296889518,1.7829234936683833,1.9174836160537794,2.1117183524124568,2.2364613780155573,2.3030403869026412,2.3518971847382173,2.4843256835760776,2.5811889186863506,2.6394394767741405,2.761972068177691,2.8460282846208744,2.916744536074924,3.0892027931391803,3.14342699883226,3.2047277417471474,3.3775709988091807,3.4012988157219697,3.4359888709543123,3.558097779744531,3.6184028072966474,3.6017705389222123,3.634038900463304,3.7402616535833992,3.7937808888434708,3.8287815294375562,3.84668759550315,3.8421055652777905,3.8761246501157,3.912153519267016,3.8855198427151048,3.8931603138309874,3.9156615595212836,3.926690677878044,3.855206807873164,3.8501299844614834,3.875929076568877,3.8827463643164952,3.8926183767439784,3.8755049473496705,3.8464364671690734,3.8521519749838604,3.8165691362395275,3.743167512042325,3.68063960355666
0.7366183433445475,0.8690439558874093,1.0293649734688517,1.0864915608335601,1.1168410715789743,1.3126538123715348,1.4000043208301955,1.5002468797178838,1.5727805164134971,1.6784624642397405,1.8137658493873345,1.8677522522576453,1.9572079301091394,2.0824939044495236,2.1768758805003703,2.2812804780280183,2.363811218912969,2.4391897819197954,2.5310559935858046,2.580576483313891,2.683245932934476,2.763804300985339,2.804167321603144,2.8509295806454875,3.0286543999390405,3.0527803134912825,3.0599163694624965,3.108786570597752,3.2170846991067155,3.2020580029231995,3.2089680645845378,3.3221549560782955,3.3410283580379527,3.328352583234769,3.334448913570185,3.385895481277975,3.4067737791012136,3.4439747517263095,3.440455499273366,3.4061146743393405,3.4988238700571817,3.525852289946564,3.5233894347154124,3.46669795243762,3.449862797515074,3.3885053280349107,3.3718730635195495,3.371481194827066,3.3192952388064976,3.249975366624083
0.5764366748820208,0.5928805078903145,0.7318179635401609,0.8081295545887603,0.8581813491322813,0.972449236581941,1.048822517635888,1.1111157262231153,1.229982315473092,1.3152097917717274,1.3292231353614206,1.3808260607813183,1.5497614335040695,1.5911293053088311,1.6328153965419232,1.7856778926020895,1.8631070776416772,1.9008439890913065,2.0248406491519257,2.121870498738912,2.1719975720418776,2.223868959388208,2.323968839812956,2.367622126548172,2.3825804928821035,2.4529419481225543,2.5350855126814262,2.578243479781472,2.629891111518155,2.6565816517780125,2.7233228427262492,2.782233720060866,2.80340852484359,2.806628973582737,2.893996042831665,2.882390520842697,2.886038296350611,2.9177905105485498,2.9022875231670486,2.88145828594094,2.9126188245333466,2.939221323259097,2.951745889485077,2.9485141113031275,2.9005686603799026,2.7938731045574583,2.693418737391673,2.7162116240022662,0,0
0.4148400482800503,0.48362537870535044,0.5671244554459643,0.6131175653578046,0.6862402247818088,0.7629053761883106,0.8143257320503687,0.901572549651774,0.9619740545435098,1.0070107674648174,1.0887070897121272,1.1379202354328322,1.217278101580048,1.2732734626949342,1.3510435662427183,1.4147888091667007,1.474015377617939,1.5624561710157217,1.6151609321566336,1.654344292161919,1.730325369391615,1.8172823872738837,1.8757594278279235,1.9188490986719327,2.0469081980206196,2.086167393045689,2.0955594444995738,2.1562814110482145,2.2008867600820414,2.1963633696829574,2.239183086679177,2.3343180182741814,2.346721124999125,2.3806127618477193,2.435869797786838,2.4759163952354855,2.5108692351606177,2.5028042382220144,2.4820609953240838,2.440517427990357,2.453742349145871,2.4413290779713326,-2.3967985830091013e+38,0,0,0,0,0,0,0
0.30176053079553317,0.3515029062488769,0.4454924897753791,0.48264924797407144,0.5149527042407963,0.6167473031889519,0.6422507873914856,0.671574706532265,0.7775177945362433,0.8134114493638417,0.8784393774526876,0.9302740251516088,1.0412776722511101,1.0476907105064137,1.0927651899076694,1.1516520164043136,1.212561092493043,1.2518571061457533,1.3557807577574965,1.4001486418991882,1.42240167324431,1.5052505181089169,1.5245991831022037,1.5518103273737278,1.6545601811554698,1.6916075244996047,1.7215222967220978,1.7512612658944147,1.8319898066517195,1.8411174317754937,1.8463943100069047,1.8793858468143656,1.9155615405988606,1.9339893256431036,1.921175047308199,1.871993758683189,1.8718597601393026,0.7946391682341505,0,0,0,0,0,0,0,0,0,0,0,0
