jsons/1312592400.json
{"header": {"parameterUnit": "m", "parameterNumber": 3, "dx": 0.1, "dy": 0.5, "parameterNumberName": "Northward wave", "la1": 40.97354507446295, "la2": 16.46031188964855, "parameterCategory": 2, "lo2": 133.9931640625001, "nx": 191, "ny": 50, "refTime": "2011-08-05 8:00:00", "lo1": 114.97908020019554}, "data":
[rows 0 to 21 of 50, columns 50 to 99 of 191]
0,0,0,0,0,0,0,0,0,0,0,0,0,0,0,0,0,0,0,0,0,0,0,0,0,0,0,0,0,0,0,0,0,0,0,0,0,0,0,0,0,0,0,0,0,0,0,0,0,0
0,0,0,0,0,0,0,-0.001162579179787632,-0.00036784685114726347,7.558033446241111e-06,0.0002918699787195994,0.0007099345268312909,0.0007035518994900333,0.0007630556839088471,0.0007328083247850532,0.0006894184431632325,0.0005419808725217207,0.0005183996988580531,0.0002093600352862759,7.190795699452261e-05,0.0001724124693756572,6.8003433051482145e-06,0.00020815557946560271,0,0,0,0,0,0,0,0,0,0,0,0,0,0,0,0,0,0,0,0,0,0,0,0,0,0,0
-0.02050862402517812,-0.016774205901470357,-0.014413103800754846,-0.010074509819920764,-0.0082317936773051,-0.006408020127791425,-0.0039142885750504995,-0.003376804775201868,-0.0015660581893323343,-0.0006927395333548874,-2.7847730865229807e-05,0.0006405606565105992,0.0007288315752767338,0.0007451112942278097,0.0005060319326469015,0.0002351175244352896,-0.0010248142933960837,-0.0009822132483697998,-0.0002110021334033249,0,0,0,0,0,0,0,0,0,0,0,0,0,0,0,0,0,0,0,0,0,0,0,0,0,0,0,0,0,0,0
-0.037043026736618904,-0.03486167433200439,-0.033038591479953555,-0.028774886148669295,-0.024516679827394652,-0.0224943609366144,-0.015423269049640602,-0.011987826398412574,-0.008973138330806586,-0.005167962900526632,-0.002078191016161315,0.0006830971074838712,0.0005631678275773462,0.0005736866190387739,-0.0005692152513525319,-0.0006946482742529918,-0.0005245970531931386,0,0,0,0,0,0,0,0,1.2991886487579455e+38,-0.055606156174993045,-0.0531117553789666,-0.05129490425609962,-0.047987763083565775,-0.04387460202876568,-0.03781885459352994,-0.035514386912761424,-0.029685064687333024,-0.02526712003499283,-0.023605835134233477,-0.018263256767119363,-0.01677153206231499,-0.013417954603196142,-0.00961992614691482,-0.006661260335779664,-0.005156343557541131,-0.0026418771776586464,0.0021388541251614102,0.004657237435683611,0.0068497997536538305,0.011658499077084496,0.01243969817775775,0.013359516738310661,0.015035313939629829
-0.04681668483438472,-0.0466384553766813,-0.04754939265483216,-0.04952944952449567,-0.04816428639138776,-0.04871978273782563,-0.049180185143646984,-0.049709820453835374,-0.04663669842332238,-0.029706711286860147,-0.024229644440154765,5.297111232926988e-05,-0.010428652351746493,-0.009245812526687864,-0.011807433633286613,-0.03030347439161264,-0.07852670051322036,-0.08943739566519886,-0.07219304666832406,0.037265324099328354,-0.08443224934513058,-0.08378667680286557,-0.08542847019175821,-0.08524335464676201,-0.08025516858220931,-0.07966426856259395,-0.07702979832706267,-0.07401621147953748,-0.07105879301921347,-0.0700422780849933,-0.0643624216480749,-0.06142323982251682,-0.0555757392061608,-0.0492761486010112,-0.04470937641733503,-0.039262454778866904,-0.03202596184007883,-0.02820164312826213,-0.02463405067891928,-0.01920034098602694,-0.016348088971811593,-0.013947618644839977,-0.010340803419786007,-0.006206906099625101,-0.001820426080694178,-7.734625662035909e-05,0.009129198824266209,0.012259455915216096,0.014225328308806823,0.020478378343822
-0.04419564188061171,-0.04413620858747033,-0.04555024107331328,-0.04758259443704682,-0.048697523981456624,-0.05028015971630654,-0.05339634885390582,-0.05544790372522952,-0.05571095720677963,-0.05993289910254831,-0.06224455626505666,-0.06315958037604205,-0.06959317509231777,-0.07296658451328235,-0.07260253936308347,-0.07886963615698055,-0.08611688733433186,-0.09005493780273024,-0.08726122189037033,-0.0977101761326223,-0.09324664332743039,-0.09549067003526326,-0.10086042813285181,-0.10063110147439219,-0.09792677002249159,-0.09858867226539134,-0.09775093397923115,-0.09463820407513095,-0.09438611929391928,-0.09437092916525028,-0.08910250965063354,-0.08754634755846746,-0.08294406609086659,-0.07894720391295885,-0.07504288591011386,-0.06845871668300765,-0.05658919779625619,-0.049835848202787136,-0.04458117902901051,-0.03455666491849599,-0.030127851694340926,-0.025150016438770326,-0.02083602054454738,-0.015255665663588786,-0.010712022926469316,-0.005991839351247813,0.01088532391460657,0.016929247699230404,0.020415049660390292,0.03028499414096713
-0.029005689802496324,-0.030159113641499244,-0.031148343577637138,-0.03280938462873025,-0.03465561880454993,-0.03490697475869102,-0.036992654018129366,-0.03903319594256785,-0.040850992759843746,-0.043468353089585895,-0.04572345356485357,-0.04828990484222399,-0.05366533853022959,-0.05490385143911134,-0.05968231851713347,-0.06446728060563034,-0.07188154080138502,-0.07584369190055457,-0.08108280849345846,-0.09806708090711948,-0.09287471353480647,-0.10229321365323334,-0.11783877596253937,-0.11933248303960566,-0.10864789932527708,-0.11933420825926146,-0.11957621108189018,-0.11445273187278163,-0.11532481812217202,-0.11585425594242824,-0.11107765760639068,-0.11179736909713495,-0.11006098436895426,-0.10637161040449682,-0.10231750102746537,-0.09813969433481093,-0.09112388562396985,-0.08732953817896807,-0.07832810588522778,-0.06752555335756213,-0.0633574998655869,-0.054878872659995415,-0.050302512665555965,-0.04001731302703962,-0.03225247889667323,-0.027065853240612874,-0.015913854198738257,-0.010895242606139428,-0.0045244531354458805,0.001978699809103669
-0.0029017793445100647,1.749260966680811e+38,0,0,0,0,0,0,0,0,0,0,0,0,0,0,-0.03316377403037782,-0.028523569895714647,-0.031571866854038046,2.108217804016008e+38,0,0,0,-0.06697644623582448,-0.10721891362492038,-0.15278410126500433,-0.15323502564749814,-0.1376262724889565,-0.13802910120441003,-0.13647238812738216,-0.13224968886278435,-0.13547472517399864,-0.1346249223828663,-0.13090981932394175,-0.1298143432933776,-0.13037999033523096,-0.12632757945142803,-0.1238624055249509,-0.11967639364011522,-0.11096917063206409,-0.10785811778992428,-0.1016120694252807,-0.09827527525795264,-0.08587468264367112,-0.07840870202858284,-0.07497295372654472,-0.07100041413092224,-0.06868087972277134,-0.07116465265503355,-0.0711338976793975
0,0,0,0,0,0,0,0,0,0,0,0,0,0,0,0,0,0,0,0,0,1.810395285429225e+38,1.6891291848784816e+38,0,0,0,-0.15750165194763555,-0.15934209989138592,-0.16188930236000013,-0.16519601235688522,-0.15853398888537945,-0.16441161093217907,-0.16483440289840554,-0.1601864976754222,-0.161659421843685,-0.16191764774892722,-0.15917089215644015,-0.16039918748140516,-0.15824628882396008,-0.15687042671551102,-0.1515381221996092,-0.14544837212912376,-0.14086876980291818,-0.1363785913384644,-0.12385290429227064,-0.11792253229913419,-0.1105792888416243,-0.10337169264898473,-0.09865896413476169,-0.09934497995768284
0,0,0,0,0,0,0,0,0.054356038296140774,-0.17073769526905372,-0.17385366848068132,-0.1746990016429999,-0.18839428818562,-0.18616621671687844,-0.1882788922117376,-0.18588259751914699,-0.1877009373866861,-0.1850893050983734,-0.1859865539402793,-0.1839417668277881,-0.18523209918685662,-0.18463964323627988,-0.18628341774202342,-0.1875511584211344,-0.18847056092975106,-0.19128116068432702,-0.19103991995008768,-0.19235359769091362,-0.19509971925731381,-0.19683812055833752,-0.1930154608429662,-0.19575606362213513,-0.19636115222943643,-0.19478951470258224,-0.19546100343349776,-0.20011073661198917,-0.2022546662283228,-0.20159681918360073,-0.20339271268681539,-0.20090138029286625,-0.19877197567713603,-0.19632449301648358,-0.1915973377445637,-0.1923872314333323,-0.1843830184058593,-0.17635568990911552,-0.1693634956244298,-0.16266446148938368,-0.1570104623868745,-0.1533716403769874
0,0,-0.19171435319563634,-0.20344254590021188,-0.20224974375517593,-0.20456591227065726,-0.21773084586243951,-0.22183165543887784,-0.22112996013876496,-0.2283565604561443,-0.2305037195516062,-0.22867995873724553,-0.2321624937169607,-0.2326828992078009,-0.2318846055435864,-0.2308328942550179,-0.23411340906880412,-0.2343410589088198,-0.23462620772327386,-0.23511248609043325,-0.23572053623695619,-0.23591550061890657,-0.24071246962596168,-0.24255780282829403,-0.23988706363311277,-0.24181320411441992,-0.24310065290772714,-0.24558194731147368,-0.2454802431295562,-0.2454359837261233,-0.2443340467427162,-0.24560611885475153,-0.24744135237244616,-0.24403220566404274,-0.2466183708903384,-0.250604888908825,-0.24972529191034978,-0.24874822984361142,-0.25602792665381385,-0.25207734622938827,-0.25205546935952533,-0.2518889861334522,-0.24843957470676914,-0.24792389852511534,-0.2457183037658244,-0.2438452081518858,-0.24178718056437634,-0.22618812617306014,-0.21894638998070598,-0.22053550333209485
-0.2300982225018727,-0.23321605721185026,-0.2357362424782266,-0.24720340979951022,-0.24698855975992773,-0.24902921484047913,-0.2545320617404569,-0.2557104205508138,-0.2578088060000958,-0.2644843700682338,-0.27090088176775534,-0.2716645318346854,-0.2797512739180827,-0.2795834857758238,-0.2826181473658484,-0.285847976367549,-0.2868642818671519,-0.2863502102205433,-0.2889755950094033,-0.29120427062281967,-0.2916148374370489,-0.29202215485925753,-0.3043477776935556,-0.30873450803538527,-0.3036419642775503,-0.3049927449064528,-0.3043388398858792,-0.3052747168011172,-0.3090524776566985,-0.3113285990426243,-0.31177502649072253,-0.3169525326650249,-0.31696975932726584,-0.3162441996587063,-0.3191245691714429,-0.32619348731693776,-0.3196219242074192,-0.31703291501049324,-0.32255422289298014,-0.31360598774935217,-0.31416544069695557,-0.32231050890957325,-0.31946589559738686,-0.315157859240628,-0.31262923189770303,-0.3136963599828176,-0.3147356563428372,-0.30985903638439116,-0.3110492245722246,-0.30767043952360096
-0.2413029296253849,-0.24659143963933855,-0.25029405612726496,-0.2649206123963987,-0.2699193748603981,-0.2717152408734751,-0.283630656819199,-0.2911404171156058,-0.2954772202061463,-0.30388065867194125,-0.3121379077243241,-0.31523775086618283,-0.32706487201262663,-0.3338996644503838,-0.33427965507009877,-0.33403499158200584,-0.3445906341914953,-0.3430274478230995,-0.34798832786535705,-0.3609618905928772,-0.36525098846765874,-0.36899325645452546,-0.37645494454867034,-0.3895575697490807,-0.38136069866077027,-0.3904270310697624,-0.3916556998779468,-0.38723549522047584,-0.39087562698061606,-0.39261700759175006,-0.3896027928779502,-0.39216365971378386,-0.3909620900518487,-0.3990584575515334,-0.39520358394095245,-0.3886458015714718,-0.39658654626731193,-0.3955343708387645,-0.40664281004950736,-0.388870576863564,-0.3955753330817849,-0.4095555322826816,-0.4120578617479542,-0.4078570194778331,-0.4170965802627252,-0.41868788707345983,-0.4154748861708785,-0.4093696821705626,-0.4069929049873298,-0.40195069786361937
-0.1810284973167055,-0.21377807679216895,-0.24212714090988732,-0.2696548044713707,-0.2768261302215407,-0.2839896451915533,-0.2974475511808037,-0.30489366066515,-0.31139641160967146,-0.3266650149524952,-0.3370903944815641,-0.34326927769180254,-0.3640258584390785,-0.3676135329600209,-0.36909039807484695,-0.3765571764525322,-0.398309088520703,-0.4053286891915645,-0.41397350338402,-0.4277948239213769,-0.42532816936088647,-0.42925015269067995,-0.44522654084946134,-0.45140643182098505,-0.4597425701915732,-0.4746829782616368,-0.4723800901743344,-0.46471871058239245,-0.48236206143916854,-0.48601748854140825,-0.4903061206037822,-0.5085398243890519,-0.5070628225924605,-0.5106838420152415,-0.5150724636406584,-0.5232570511740473,-0.5178299032676796,-0.519108625728657,-0.5287929427360317,-0.5248197946321297,-0.5148230431125193,-0.5323089559742344,-0.5223763201234706,-0.5158038088931483,-0.5270026317748752,-0.5183640110271873,-0.5117678797279701,-0.5111694600837416,-0.51096036342695,-0.5035799557227829
0,0,0,0,0,-0.2411485825417078,-0.2719551047640845,-0.2870106871203075,-0.3011997001935558,-0.3203108847256502,-0.3315215616873341,-0.3430760865567257,-0.36532301314304383,-0.37791874059505765,-0.3871442744701811,-0.39805952668484157,-0.4290882476944854,-0.4403832429764267,-0.4548634051585942,-0.48689190087126044,-0.49388651369787395,-0.5200348140018045,-0.5395828454482547,-0.5495757695217184,-0.5547108167848754,-0.5749472904922982,-0.5865843202275043,-0.588704722994887,-0.6022995754921394,-0.6101113141585562,-0.6085545462204548,-0.6220926484204811,-0.6232972449269912,-0.6268679839364225,-0.6334115562916104,-0.6459070025657341,-0.6451789513490542,-0.6443825142144473,-0.658017274811935,-0.6516432259989954,-0.6567350204741786,-0.6663563341752525,-0.6693716759665397,-0.6448978543478459,-0.659513871222321,-0.6650003303719833,-0.6570095111821166,-0.6653412421296256,-0.6630946757506262,-0.6432208833301438
0,0,0,0,0,0,0,-0.1953208489097515,-0.20788619695097896,-0.2320396309247086,-0.2518133067833292,-0.29108843195975626,-0.33845271821304784,-0.365682745690847,-0.3987823683973567,-0.42215260675099403,-0.45089159474579216,-0.46984397706770203,-0.4883354248204052,-0.521203959644056,-0.5371019323025414,-0.5513533637050295,-0.5858775195321275,-0.6073527791205394,-0.6187498217053,-0.6465877284635775,-0.6529000026217704,-0.6644950769237479,-0.6970238234566523,-0.7039771647958816,-0.7145337595048467,-0.7344589080672801,-0.7451592679444017,-0.7463478739198988,-0.7531103135984663,-0.7662640579028583,-0.7711409024799448,-0.7753402315012546,-0.7889888292321251,-0.7857500153431027,-0.7911759359256709,-0.8106530659245238,-0.8157230153330771,-0.8126107850613384,-0.8241579845132778,-0.8388782264711617,-0.825516393574404,-0.8412073785389147,-0.8417292600143021,-0.8128022477244324
0,0,0,0,0,0,0,0,0,0,0,-0.16195615119741263,-0.18181434815789047,-0.26018983955352093,-0.3384965210824955,-0.37519450774318064,-0.4242182798422812,-0.45490215368624476,-0.48604041394098496,-0.5273012304729513,-0.5540200722610369,-0.5738051783380704,-0.617844239957474,-0.6392537655240065,-0.6667368371259018,-0.7152238472638749,-0.7419473187144762,-0.7558764537895555,-0.7810257844397793,-0.7976087066158625,-0.8144658612177468,-0.8477852533593394,-0.8537505506303621,-0.8627135312760473,-0.870735589821795,-0.9061924518837949,-0.9080163283359458,-0.9179087126134394,-0.9571971956382237,-0.9707909994038639,-0.9842468957655668,-1.0261474055511717,-1.0625915571637403,-1.0513496848872714,-1.078986903886574,-1.0837777646031563,-1.0814169719705224,-1.096986963503369,-1.1000192295601519,-1.0953458847249808
0,0,0,0,0,0,0,0,0,0,0,0,0,-0.16753828346055005,-0.2799297377031809,-0.3247527664018578,-0.4171125534661682,-0.4824954074454135,-0.5180192027526839,-0.5772473609626717,-0.6077842093800192,-0.6266585001118171,-0.6752719073691461,-0.6990903306944961,-0.7308054610275334,-0.7978161006101252,-0.8194020916980583,-0.8400531873159572,-0.8828014260811455,-0.9041570017077898,-0.9304480057341786,-0.9959971746476287,-1.0425888076224843,-1.0663937408016542,-1.0939793004573628,-1.1428977623585805,-1.1483784834426278,-1.1608957178774681,-1.1994555158716707,-1.1949639574142306,-1.2151495233550573,-1.2479668992677944,-1.2666388574837668,-1.2680829010831316,-1.3022686187558765,-1.2912160936343633,-1.312299437220757,-1.315898603533176,-1.3080204859773183,-1.28926226456476
0,0,0,0,0.05588183854813971,0,0,0,-0.1164681118640926,0,0,0,0,0,0,0,0,0,0,-0.5251353296817234,-0.6084077997256786,-0.6995605348009978,-0.8243748668987286,-0.9059540442103515,-0.9528933045197692,-1.0505092585315627,-1.086472962547141,-1.097447245845934,-1.173476590255477,-1.2022228200936638,-1.226878291865301,-1.272242591936087,-1.2851789003639997,-1.2932794484982035,-1.3169647325829814,-1.3661927273950354,-1.3707449752377312,-1.3802353242983698,-1.4349196757354359,-1.5033626576633232,-1.5196478332616168,-1.5707652425175085,-1.604593407972053,-1.6171062744686029,-1.6687121562736182,-1.6794686653493645,-1.6881253376273226,-1.7729223078930096,-1.7723883439303387,-1.76153956029656
0,0,0,0,0,0,0,0,0,0,0,0,0,0,0,1.653255400621615e+38,-0.10734015144431361,-0.2605939245496354,-0.27937532262509035,-0.2492883635742486,-0.246962884884444,-0.35202451141583707,-0.6599770980268734,-0.8909518706961685,-1.1333543098300487,-1.289548273898281,-1.344683863165443,-1.3687309083657448,-1.4576036818615825,-1.4945300625944489,-1.5773246826817933,-1.6629047410330688,-1.6968232307619089,-1.7455079533097286,-1.7617221407731354,-1.800233412454665,-1.8075633975141738,-1.8938064380093262,-1.9291655946119228,-1.9295947637436184,-1.9923810894132699,-2.130004141597668,-2.1575249393348774,-2.1673694713445064,-2.2317608986503656,-2.255395310474518,-2.2364923061452013,-2.2788457236734727,-2.286962780464185,-2.2870340948168493
0,0,0,0,0,0,0,0,0,0,0,0,0,0,0,0,0,0,0,0,-0.35094816787753613,-0.48993714704154484,-0.7453705257322919,-0.9255151571511123,-1.0622931972652896,-1.334872781146074,-1.5142268963042476,-1.7687531902654243,-1.8891186633791717,-2.0627740224657085,-2.101584098690379,-2.1816279388876216,-2.227955383392895,-2.2390953994140537,-2.277497625802838,-2.4458671129438536,-2.447212243034663,-2.4916081737700115,-2.5284879929365873,-2.541574821477557,-2.57825727733183,-2.631702931966976,-2.66662433462081,-2.671069511474072,-2.7234822722318732,-2.7482044649303283,-2.791895857433832,-2.9301074697218663,-2.929697480923102,-2.93058223452203
0,0,0,0,0,0,0,0,0,0,-0.32963445944735253,-0.3459007137683867,-0.3456294522684578,-0.3655231260504779,-0.40771809377250656,-0.41993733698647523,-0.4308215563347731,-0.4697933861828443,-0.5152524023068563,-0.6019945170514082,-0.7686774080717035,-0.8376226219109366,-0.8670050578961394,0.11107225008118507,-0.956320397046739,-2.060752221290726,-2.0466944397508255,-2.0368303286646765,-2.2088840228200337,-2.2377339878162434,-2.308677694852806,-2.618676146508698,-2.7698081992741526,-2.813111044904395,-2.869900477546129,-2.983966932630329,-3.0270309307479653,-3.15122786400883,-3.310537093614929,-3.3398314474133186,-3.380264980035965,-3.473551034828339,-3.527936971151529,-3.5805361694447155,-3.6201367538099105,-3.601162736156847,-3.630132902465347,-3.7258998539815336,-3.7261826886581866,-3.7369754430706816
