jsons/1312581600.json
{"header": {"parameterUnit": "m", "parameterNumber": 3, "dx": 0.1, "dy": 0.5, "parameterNumberName": "Northward wave", "la1": 40.97354507446295, "la2": 16.46031188964855, "parameterCategory": 2, "lo2": 133.9931640625001, "nx": 191, "ny": 50, "refTime": "2011-08-05 8:00:00", "lo1": 114.97908020019554}, "data":
[rows 22 to 43 of 50, columns 50 to 99 of 191]
0,0,0,0,0,0,0,0,0,0,0,0,0,0,0,0,0,0,0.16245607908273868,-0.14625340767318662,-0.322270055630118,-0.19409945259119846,-0.1329429560704896,-0.6113104820219653,-1.3345754285138818,-1.600057451465123,-1.7365761654687573,-1.9185191231970549,-2.236530989931183,-2.3691608139963907,-2.4825595852190814,-2.665123739888933,-2.723256737489526,-2.76831755811986,-2.8045098044112553,-2.9199598908106488,-2.999179661290372,-3.0623614377258215,-3.2176754175288287,-3.3714079004945248,-3.4463135501834716,-3.6155093085518044,-3.6851408602297604,-3.7343081419621877,-3.8253403578011693,-3.8924220027185283,-3.9122481376164404,-4.006512889714409,-4.033590741039037,-4.0526134970845415
0,0,0,0,0,0,0,0,0,0,0,0,0,0,0,-0.17364492622710115,0,0,0,0,-0.5168531235621979,-0.9577500993407142,-1.5184079424355788,-1.7364672880036236,-1.8976411411011254,-2.161590538400488,-2.2862350663287176,-2.382263268186933,-2.5269390033655412,-2.6184724225595803,-2.72299187059968,-2.887143892465699,-2.9790904787633803,-3.1185586233992724,-3.260106980654202,-3.626092009666734,-3.749556075598048,-3.8543939208854763,-4.023831751253112,-4.095665727263879,-4.171616712589186,-4.300460663301731,-4.408845309879755,-4.48871622909122,-4.6606171922139605,-4.750147640087825,-4.834758942231501,-4.9993069618332555,-5.080267939769425,-5.157574363435281
0,0,0,0,0,0,0,0,0,0,0,0,0,0,0,0,0,0,-0.8173151856078187,-1.2576231039299761,-1.5681640106021835,-1.8076042491893993,-2.2335812372086887,-2.39404477099799,-2.5238842469563703,-2.718632105505454,-2.785544915773259,-2.896403182589501,-3.0933192694742724,-3.1943799063909815,-3.3042866344378488,-3.470956029143674,-3.5738770372184705,-3.7481214558364875,-3.8670168697788303,-4.069068669471283,-4.142835071367213,-4.228635242793624,-4.4195518381245815,-4.511688718691293,-4.588407726339262,-4.932138750619538,-5.066006858424108,-5.222082098571573,-5.524879320635367,-5.597355354190859,-5.7509623745756695,-5.9083216181228515,-6.017290233334377,-6.174169530570407
0,0,0,0,0,0,0,0,0,0,0,0,0,0,0,-8.1454825486999445e+37,0.18587485863598116,-1.1752583743531482,-1.6213105952136038,-2.1460877414078334,-2.287018985583031,-2.435423845345322,-2.6647314807702105,-2.7648476163225673,-2.8605357831614198,-3.1099098329133805,-3.2377533670838967,-3.520201500484843,-3.74558709062392,-3.8407771221870046,-3.931590789631475,-4.1133985214314785,-4.284079302433987,-4.387323757022589,-4.4819786357539,-4.708210730043664,-4.823519011815185,-4.928820199844522,-5.185238391720553,-5.346009446161898,-5.4467090173177315,-5.691778111261805,-5.80204243534144,-5.937590387474264,-6.168724355358854,-6.326072596915726,-6.540483219119736,-6.853871763425758,-7.064774802798261,-7.283094498747778
0,0,0,0,0,0,0,0,-0.2635965239668611,-0.5262334373031962,-0.7561217820628319,-0.887011093974726,-1.2383835376303651,-1.4716472608849238,-1.718064060978604,-1.9118574337600014,-2.232108315877712,-2.3728427544387625,-2.478134001450462,-2.7163628243789253,-2.8051871116614806,-2.946623042991136,-3.262263371219596,-3.407028571375326,-3.4892326645670964,-3.6591607302583884,-3.729074841486867,-3.788059225206302,-3.967927701650832,-4.042954942233733,-4.1031759543411015,-4.297574196586839,-4.39675259650044,-4.524904561205355,-4.602117812109775,-4.863310639988725,-5.015562050162851,-5.173332230939507,-5.493756812638524,-5.698162777566588,-5.868542170389279,-6.170941715580951,-6.349492137385069,-6.543314065654396,-6.866322750060737,-7.053779437777325,-7.267839756251486,-7.606565870932134,-7.753110981545597,-8.081855876372549
0,0,0,0,0,0,0,-0.9017858529431283,-1.0799427732702278,-1.4523082928811495,-1.5727086088123523,-1.6885173872379506,-1.8976179857578772,-1.968534887297934,-2.039895331602818,-2.1313342600550755,-2.288177864033422,-2.4255391806263646,-2.545246500158751,-2.7904966677407566,-2.9406454621938756,-3.0023671774382876,-3.145103089646945,-3.1923973526965166,-3.2105221043776844,-3.3275648172793098,-3.3805043748164407,-3.42633680204093,-3.5931879446039643,-3.6919756559056776,-3.753698204463009,-3.9389473181424948,-4.026894665786109,-4.057228026386197,-4.103912781905957,-4.318794720506142,-4.439643349586365,-4.588743419613191,-4.894599446187149,-4.983992566306907,-5.098555585076352,-5.303949243746278,-5.5361476738367905,-5.658871247154915,-5.916354517884182,-6.12034450950952,-6.438990339485511,-6.738763901225504,-6.952716603392327,-7.313833870804093
0,0,0.17253158276661834,-0.912435789620615,-1.1415947806910987,-1.3232371770964027,-1.6599015490087201,-1.7583100273377812,-1.8240542065117664,-1.9404778155510873,-2.0073500469656334,-2.034728354519834,-2.14223206178269,-2.1897332041873145,-2.2055282086009917,-2.2250391702984733,-2.397474635545037,-2.4965940172645107,-2.557850936462973,-2.657085015912571,-2.641141457658971,-2.666211980976568,-2.7539783017926305,-2.7730164233720362,-2.788296226016222,-2.8760252317956283,-2.8913146511657186,-2.855625033856162,-2.9419516271252832,-2.981989072909488,-3.0211756773805525,-3.164523781418271,-3.202169836861957,-3.241048329998531,-3.309529316094604,-3.441844634558075,-3.580996125935416,-3.667386213899863,-3.82313745483794,-3.869114095689631,-3.9688484981780507,-4.072766022045183,-4.229828185455843,-4.293458931731131,-4.541409824196026,-4.725492990436562,-4.914283452485853,-5.142342930023373,-5.210922873768305,-5.6837388521809915
-1.0203442994105805,-1.1153999178965681,-1.2687479670140391,-1.49607251047089,-1.5932322623290855,-1.6775209533147788,-1.7971987411083619,-1.8716065828672621,-1.9205008433251367,-2.0561695942890528,-2.090005337427857,-2.1247192711391363,-2.2069697127038133,-2.189011268489158,-2.2199389652867465,-2.29250423978495,-2.363773076185681,-2.339318719400588,-2.354515144069499,-2.427633309995527,-2.3762145119768587,-2.378033933711123,-2.437205529505333,-2.4203588392149684,-2.3439966452468846,-2.4127699555002335,-2.3957344744648204,-2.3314305564866395,-2.3791532667354063,-2.356536760078735,-2.3081682558951857,-2.3678722681767597,-2.388203565545003,-2.3377060849391915,-2.263240945187794,-2.3640944478138004,-2.2106211932516135,-2.2320650358362206,-2.3749519754008293,-2.183207668093029,-2.179180803157969,-2.1529341877122827,-2.1680619242575094,-2.168923962325194,-2.206853270648399,-2.207711990234144,-2.2512252543945794,-2.373206699543372,-2.427989641720409,-2.335136491260266
-1.428848733496201,-1.4927001725936566,-1.6058464749171295,-1.7620064743354182,-1.7961044220423388,-1.8254139349697822,-1.910518200123498,-1.9395196435635464,-1.9107457073609426,-1.9786361466039804,-1.9949684003509012,-2.006537319372569,-2.1097952084157225,-2.155672495973903,-2.16028302722006,-2.1914183841926467,-2.2012136049288125,-2.1575810459420164,-2.102412114298548,-2.1364634880090057,-2.007757106553148,-2.008000425695435,-1.9837590268052276,-1.9213155680743845,-1.8314776385643887,-1.821309637543012,-1.792848723418123,-1.7004849990494288,-1.692780676519189,-1.6439310536076508,-1.4960291987096466,-1.4003326990337754,-1.3740715329849593,-1.253507638869872,-1.1308215254013616,-1.119409232090136,-0.9528046629792674,-0.9170199352589663,-0.8722913942324126,-0.6933593580340359,-0.6639932976879817,-0.6790108280808634,-0.5950173115053964,-0.37887091264160205,-0.3663922446743743,-0.27866327135058394,-0.07998683254553833,0.1309377817003437,0.29171859191178506,0.6554412627691423
-1.3468804112459123,-1.400166262743348,-1.446857988648134,-1.5390152064880867,-1.548925787624738,-1.5598967444497815,-1.5990618825549408,-1.6178231406550971,-1.5954425674293635,-1.629791318348348,-1.6341123096854833,-1.592829642959524,-1.6564346358915112,-1.6699907382288668,-1.6990187953036036,-1.7068786781263614,-1.7456259257233886,-1.6902271789370722,-1.6622079836540362,-1.6781254581363316,-1.556856355684357,-1.5430526259474076,-1.5513230898693147,-1.4769252079159718,-1.347300777745295,-1.3165618321742005,-1.2571777970095146,-1.133262587338843,-1.0775063247691523,-0.9915226461836553,-0.7925194131061052,-0.7338423017642469,-0.6304801379513834,-0.39745352224924374,-0.3312409776888916,-0.2677997225869687,-0.08202795070557148,-0.022363685021806523,0.10196098608344369,0.3240090553965321,0.4496481733209521,0.5924449982552078,0.7886237535598518,1.0745362337678457,1.2456134933667993,1.4020219016787205,1.729953602133234,1.9940391754150002,2.214537781486663,2.7766098631031046
-0.8563127344408152,-0.7570951453975291,-0.7287187350370984,-0.6928625790438914,-0.5454448804001756,-0.45198501407885755,-0.39224773099799903,-0.1442900567607982,0.15334887668388952,0.48698945367513996,0.6143448343008636,0,0,0,0,0,0,0,0,0,-1.6220605308341471,-1.4385437142408932,-1.3256428476646713,-1.1456399556501533,-0.9342188629764444,-0.8258722544257121,-0.7291891015947464,-0.5481401118818985,-0.4219180669320624,-0.31965154177217786,-0.03589204520638708,-0.017904086497390597,0.048103483880049834,0.1333045556512232,0.18464882515696157,0.2651127306391678,0.4559935082917941,0.525315164424921,0.6740838738670352,0.8903753745921209,1.0288464164721078,1.170698735920027,1.396113601663316,1.6745231283210995,1.8689963149720432,2.09339369103871,2.4128136970545078,2.7107917801217507,2.9381339255356593,3.2762232396730164
-0.053041775420209526,0.03427751368832963,0.13790762219474037,0.18393523959007796,0.36166440461505006,0.4083001733060588,0.530114707864927,0,0,0,0,0,0,0,0,0,0,0,0,-1.6883727900028676,-1.2637575132684247,-1.0828959558915676,-0.9945114645737068,-0.9150524024091512,-0.6855314445119123,-0.6297228044926473,-0.5342442892808758,-0.3289204037028398,-0.2564182366808978,-0.15005710139433254,0.056335403354472624,0.13913064381776052,0.2599085217548232,0.4500027868204674,0.5459887701151999,0.6230772460004804,0.8273891353078963,1.229196093009466,1.4919205219869962,1.2356543813560803,1.6031004500638673,2.301822037504741,1.6220356849776092,-0.3652331891292757,0.3950193786008302,1.348176234134046,2.452650001981302,2.8499192968627884,3.123164490665058,3.4833128869719645
0.34254270288224903,0.4190587908158572,0.4490748160929838,0.4943448050441166,0,0,0,0,0,0,0,0,0,0,0,0,0,-1.2243628365082613,-1.1003376293176752,-1.0792788668193285,-0.798734389016759,-0.6814861777927246,-0.5938225013836944,-0.4621398757134962,-0.30010014512882655,-0.1688346930503297,-0.06569150172596128,0.18164029026955186,0.34096384326582657,0.48649279215072966,0.7992241401827749,0.9950199851320239,1.1050861352702663,1.482205552759908,1.6733624840319055,1.8377529291112389,1.9858801229876561,1.984805335204568,2.0042071150967886,1.7751499818632004,1.7924704262317035,1.9365681310328717,2.0057682632487586,2.109072479769662,2.243961969526111,2.3591965345147763,2.500257421899286,2.7071843501942148,2.9358044203887856,3.358225642135426
0.4063588718091701,0.4988942430692416,0,0,0,0,0,0,0,0,0,0,0,0,0,0,-1.0943598822451737,-0.7708465447785912,-0.6413013439269974,-0.5388450623794099,-0.3248866768610232,-0.22804510713471937,-0.13510977295608068,-0.013376238606313155,0.21233922698965169,0.318729575637683,0.4062414365634236,0.5824969090805303,0.7003629274920832,0.7868709881126654,0.9622648848949787,1.0341555147185433,1.113204716357489,1.1980518662535293,1.27678142995862,1.2949216642730357,1.3042970510616498,1.3480788797878327,1.4121902385434342,1.4676980233289334,1.5267500082241587,1.6401451909283282,1.6853304542810479,1.814563226651732,1.9390438002933716,2.0464606367688902,2.301018461056994,2.487998534593763,2.629425287549853,2.9350057556759324
0.40471539751589514,0.49524668394038224,0,0,0,0,0,0,0,0,0,0,0,0,-0.7112280105806797,-0.5639159987871536,-0.5418253911646573,-0.37001845675512435,-0.3066770788777104,-0.24821623338121776,-0.1370452306309145,-0.06858362067128504,-0.018379712914729736,0.04359335868311322,0.13311971540542344,0.1985584749075783,0.2399947633672159,0.32729943492422386,0.37835747038872236,0.4041467608342323,0.480580757743889,0.5011609845531942,0.5097000690059456,0.5939804359418835,0.6386789016256004,0.6981642857669866,0.7275581173531476,0.79239144113098,0.8053640818611031,0.8500416661019418,0.9636245973738788,1.0996601938152004,1.155650970400133,1.3822384851046292,1.5157581583857522,1.6568713712692777,1.8681518808770132,2.052105248457082,2.128796366788217,2.3833509460747497
0.3561317534852493,0.3899276972056532,0.4141383406838236,0.4364645607968677,0.11746548163439034,0,0,0,0,0,0.26204136901990704,-0.6978592551022563,-0.6689477396393114,-0.6331139275981472,-0.5368090545729405,-0.4973035350992557,-0.4869076356637546,-0.3983252911457978,-0.3708468766017236,-0.35144466705431016,-0.2909148544367464,-0.2568703019202873,-0.2607135006793332,-0.2308021098260136,-0.19622933466615336,-0.16917205349212203,-0.156962028062382,-0.12414678637338361,-0.107447009648712,-0.09350092125235669,-0.04176625123556064,-0.0022396256011690103,0.04534487432238092,0.11161764639790944,0.1306263519918372,0.21306286025277263,0.305370398674105,0.36505021965050743,0.39576157111276145,0.6162236250722579,0.6864393944576458,0.8283408204940503,0.8889431072641298,1.0479394939558893,1.2078728543144923,1.3127512167817328,1.4911352720082667,1.547135346347508,1.6806816943536664,1.832172172818259
0.3818190668553259,0.3912782228964361,0.42598118810568425,0.448499201389375,0.4610246513420458,0.5099287232161989,0.557438171246427,0.6139321946974804,0,-0.8006830898879246,-0.8234767944893785,-0.6562711126007219,-0.6452107559447362,-0.6131957998157851,-0.5712542654457526,-0.5613007024223035,-0.5887917708986022,-0.593171162331479,-0.5987512035368694,-0.6090920622364152,-0.5840721897482388,-0.5836239883947069,-0.5910384356767658,-0.5923496070329959,-0.5811833908669389,-0.5789027752680951,-0.5637818933268082,-0.5047659877424377,-0.5029642359405402,-0.4673898055045938,-0.36996458270251914,-0.3606444540897692,-0.3535013103229928,-0.22834297304549916,-0.20641994602803787,-0.1426821053783964,-0.047045612810617796,0.06364320591703304,0.12089754154155034,0.32496689618784597,0.37087500868422124,0.4747336549351653,0.5741695851113894,0.7245934177874186,0.8241263142028594,0.889549604215867,1.091108330110444,1.1814663443293805,1.3475647656384893,1.4765195238275435
-0.19681413528728897,-0.32631094168727953,-0.3942595297433025,-0.48768475640296244,-0.5158422112457065,-0.566845282700845,-0.5920430266613518,-0.5956418931929407,-0.6274215937375918,-0.6741006179663914,-0.6936267072361864,-0.7011578004935323,-0.7307432577405721,-0.7373509543635747,-0.740208580409668,-0.7601653074218664,-0.792806081909289,-0.7854415663000716,-0.7834317148720698,-0.8083824747841651,-0.7846723542178891,-0.7722875688454808,-0.7923764192430985,-0.7752277788313144,-0.724659289325562,-0.7198440597824081,-0.7154369865618979,-0.6907515671443172,-0.6812333982125062,-0.639842076602923,-0.5634733302363467,-0.5394629589254379,-0.48653193482456697,-0.3974885347578067,-0.3269747207390113,-0.296081717826308,-0.15236754580616768,-0.0860776103171698,-0.025600533652170465,0.09539914071863621,0.18953662079526867,0.25181189462450365,0.29325243504062654,0.4278629013292052,0.5077708817346613,0.6126394664851006,0.727948942547459,0.8208080027953897,0.9389376384282803,1.088976716094966
-0.5793301250895447,-0.59766100413176,-0.6145384665398216,-0.6734382619019496,-0.6587792338273035,-0.6867250131803098,-0.7516277993299625,-0.7584667334713716,-0.7826912306254613,-0.826037629069454,-0.8415588412905234,-0.8503150819378504,-0.8817402939701264,-0.8878692242492183,-0.8770521872711439,-0.884999968198494,-0.89346967710137,-0.8873749985111657,-0.8631126278329548,-0.8754408824975543,-0.8478275322159173,-0.8316899948286923,-0.844161565072394,-0.8302279011856353,-0.7919611890200929,-0.7929644140909345,-0.7793201037820792,-0.7218301563799812,-0.7323165257140106,-0.6916435041155746,-0.623170232922065,-0.5856850062670864,-0.5333487640614292,-0.42546232792548505,-0.37781611665985365,-0.3187945673735422,-0.2322182103220958,-0.16716536316008515,-0.14259132230333937,-0.016352265782110343,0.019493147727904798,0.06007662173168034,0.14712923891455676,0.2559032488474415,0.34645980702061446,0.3954913006244846,0.5408527166439948,0.6114109437517664,0.6700027952710478,0.7680301748237965
-0.7030983155172248,-0.728461992311885,-0.734336887894421,-0.78316130961268,-0.7997257651788654,-0.8248843689225968,-0.8509873541358741,-0.8675706850276639,-0.8771481337356052,-0.9083074374115713,-0.9101323332236633,-0.8789480830880356,-0.9056334713203132,-0.9069099948819093,-0.8964790410314227,-0.8912106684164497,-0.8962982474880874,-0.8863152371309022,-0.877624413729628,-0.8805916760672924,-0.863031938878353,-0.8541322921631921,-0.8618838883652917,-0.8571119801336362,-0.806831387620312,-0.8166948570359137,-0.784797110102168,-0.7231928288554819,-0.6999231086509953,-0.6475216957603915,-0.5880901224385152,-0.5429400021834785,-0.5243244754924687,-0.4378796683651752,-0.3926707060402269,-0.3558154656620732,-0.301167777785163,-0.2393264459683882,-0.2065458096961894,-0.09445342015147606,-0.060855683771914484,-0.019701048238798084,0.032297915911793006,0.11062258846441081,0.18049329479824477,0.2436949346622957,0.3765252467131116,0.4414293585373404,0.45439952091572,0.5984389241574678
-0.7815511864864908,-0.8040557227816809,-0.8145998377280136,-0.84264794601751,-0.8378615396690784,-0.845581673729922,-0.8669469396007613,-0.8711132184745086,-0.8639785405237009,-0.8808151654773155,-0.8765021458471717,-0.8628473609917736,-0.8719915995181875,-0.8717533083026873,-0.8554331289754769,-0.8570658155149599,-0.8721466590517668,-0.8630089473349692,-0.8570752431824726,-0.868710190562296,-0.846792311160657,-0.8309204125077808,-0.8252580194787724,-0.82203753135609,-0.7641051799393686,-0.7455902037803099,-0.727243574332382,-0.6698668263690775,-0.6467232025626161,-0.6101582969488603,-0.5568507242401882,-0.5304365566934505,-0.4962133766999763,-0.429650934504635,-0.38578080078042526,-0.38223353495142337,-0.31524283226958866,-0.2749695330096449,-0.2193666057977861,-0.17078888963846936,-0.11731934105569955,-0.07530242300906878,-0.01203556191512909,0.07208565467812089,0.11615236291399371,0.17243246110206548,0.26384171821056046,0.2964057511158605,0.3586362337902508,0.45036679557851494
-0.8017415900304814,-0.7944357169845025,-0.7894730773232133,-0.809542705761658,-0.7990736806899589,-0.7902971925289055,-0.8125127777734498,-0.8177437117727867,-0.7957762254899201,-0.8083782580079922,-0.8147899470405064,-0.8110244492458032,-0.8446902650703367,-0.844715382847873,-0.8279391336187234,-0.834778151737045,-0.8518549754224989,-0.8329090624496267,-0.8302875500368363,-0.8298679726919945,-0.802586274127463,-0.8057630234909726,-0.7925557105913802,-0.7559127745508132,-0.7149714945323937,-0.7035253514437567,-0.6790994912150267,-0.6114288087177524,-0.6029338083451492,-0.5821887632363049,-0.5255681049044854,-0.5126712143084251,-0.4870964279608343,-0.44106890903177787,-0.42487528695279503,-0.39962113504398344,-0.3552163096264468,-0.33154720422261447,-0.28968285775961755,-0.20754945580110498,-0.1682530092102465,-0.10822009998634168,-0.08608690313648398,-0.010030058872541688,0.027611511949370355,0.07677325703938928,0.16446018441319196,0.19957302339586358,0.20757144306304362,0.3069389698944103
