jsons/1312916400.json
{"header": {"parameterUnit": "m", "parameterNumber": 3, "dx": 0.1, "dy": 0.5, "parameterNumberName": "Northward wave", "la1": 40.97354507446295, "la2": 16.46031188964855, "parameterCategory": 2, "lo2": 133.9931640625001, "nx": 191, "ny": 50, "refTime": "2011-08-05 8:00:00", "lo1": 114.97908020019554}, "data":
[rows 22 to 43 of 50, columns 49 to 97 of 191]
0,0,0,0,0,0,0,0,0,0,0,0,0,0,0,0,0,0,0,0.04187281211249184,0.022201812955516365,-0.039999123438622844,-0.05749278111043482,-0.0323660992805066,-0.2636466417415556,-0.38733618942962467,-0.4982372982151749,-0.501580390657323,-0.5014152301011265,-0.5041980615154389,-0.49957417321743036,-0.4972864061547056,-0.5077661692064097,-0.5088544388786379,-0.5011313053785263,-0.5108436216954582,-0.4863410957617625,-0.42973779527751915,-0.40539857315677547,-0.4028122586058939,-0.4246081354064668,-0.4116941187002401,-0.38838247461334513,-0.39239542754603934,-0.3290506517457043,-0.3158353570525761,-0.3103864354774581,-0.17270344490213324,-0.215988689130003
0,0,0,0,0,0,0,0,0,0,0,0,0,0,0,0,-0.0027320387922549756,0,0,0,0,-0.18633478739632187,-0.30868234628468144,-0.40821969854204243,-0.4520188595375771,-0.47537867254880506,-0.49739717787568294,-0.5021988784076618,-0.4929595448145647,-0.49333019268011197,-0.49227280212276003,-0.4788346174929026,-0.4632274644563677,-0.44914947251148796,-0.3946770926056094,-0.38639696251354544,-0.37922700508016205,-0.36166469299134074,-0.3955495700287507,-0.40420659566888206,-0.3979332200620271,-0.395954341775728,-0.4337435655163655,-0.4246670772370587,-0.38712032613705916,-0.35708171698809604,-0.3201660548556809,-0.22435001174244168,-0.19445863519007756
0,0,0,0,0,0,0,0,0,0,0,0,0,0,0,0,0,0,0,-0.2305080700393169,-0.3345621914860067,-0.369743891448822,-0.4049680502670418,-0.4672785827562018,-0.4809949349284571,-0.4778976603583127,-0.475885152248861,-0.47678176862417787,-0.4549286450925083,-0.452320279895948,-0.4343547469128528,-0.40546389419867634,-0.3976781807058966,-0.38922783886661855,-0.3605575852939173,-0.3752635545799831,-0.3799542657553952,-0.35456008056446336,-0.2639950393718129,-0.2735610829060183,-0.2637671110120486,-0.2601330803305146,-0.23718190033066583,-0.22887804615979554,-0.16213601471392677,-0.15283985464265068,-0.11738041639509428,-0.02665480060744327,0.06600378710261975
0,0,0,0,0,0,0,0,0,0,0,0,0,0,0,0,-8.1454825486999445e+37,0.04919575444967347,-0.2622654989631574,-0.3370992212796389,-0.41814989840094613,-0.4362480633607406,-0.45514139844477525,-0.4597207703605294,-0.474077687223382,-0.4589490316448993,-0.452511702501258,-0.43266787953926844,-0.3816636754654528,-0.37378823420732604,-0.3672965588749196,-0.31671761230710693,-0.2492844623959859,-0.26436617202040513,-0.28461120475213314,-0.26648133664980406,-0.24838929383130393,-0.225178142588414,-0.22372451219467013,-0.1885627209727422,-0.17170248765107682,-0.162715841226133,-0.09492866882094546,-0.04744843412935225,-0.03757435789012991,-0.025223556117987125,-0.008851843147804652,0.08909635833261688,0.1437245893705821
0,0,0,0,0,0,0,0,0,-0.06717032034655963,-0.14677916627938686,-0.1814963504216261,-0.20017451208272963,-0.24973595594783946,-0.27011905207196063,-0.3080758507515217,-0.34086751546990257,-0.37685509774154763,-0.4090275132551494,-0.4378872402140002,-0.45593148108540255,-0.47062547324034976,-0.4934236467755425,-0.49058243978697064,-0.48535393287726347,-0.4703917502047125,-0.42771119721074835,-0.39371565575417705,-0.2977780685261672,-0.2879828212154389,-0.2764412439376192,-0.23310607239647257,-0.19005637532896377,-0.2022141097028921,-0.12745245438752387,-0.12733809095705073,-0.08324227867438697,0.008507133974600354,0.0003430605977244088,0.02401245068569557,0.04535594912625395,0.07031878803650955,0.04381604608257394,0.04112690723018236,0.10152089185142414,0.1547632680666463,0.14684567906983464,0.18522349901643506,0.23835068678646107
0,0,0,0,0,0,0,0,-0.23704950417859671,-0.2680293913208482,-0.32149726147191743,-0.3352847605164576,-0.355617360945004,-0.3802160153576604,-0.3981205697586852,-0.41388778305771196,-0.4390817634511019,-0.4693080457946598,-0.4892263125593384,-0.5108632370084973,-0.5104221463631011,-0.4773996709574396,-0.4635651750053071,-0.45282769164375736,-0.43199333563011394,-0.3504194207956814,-0.2985933478734373,-0.26361533074568394,-0.16356433639113796,-0.154372274491186,-0.1452507294928351,-0.1155316080233595,-0.1059773614571942,-0.10720900257687589,-0.018827693596578265,-0.0006053673965867274,0.04439997779424906,0.0594025504565235,0.06360895829185112,0.04931925201744816,0.03351679196753843,0.01619563526726764,0.03508937495983168,0.006526149990580452,0.12540587366908204,0.2318873405331472,0.1777427641986272,0.155294294209805,0.2785418780230833
0,0,0,0.07228955952292986,-0.2837276714894168,-0.31726470564360626,-0.33763680828003223,-0.3670328787378976,-0.38187295587886566,-0.39693811619718744,-0.40363164359836495,-0.41142215897253365,-0.43468978880621517,-0.4598061135852686,-0.48801382662241516,-0.5062098981441755,-0.5286570422095619,-0.5361594364850106,-0.5368788484472923,-0.534670471936058,-0.5165902726675604,-0.5309035670911402,-0.4495246467080467,-0.3991375849423929,-0.32720768126235994,-0.25921200148872586,-0.15193111703382872,-0.09919159710528748,0.006048733807661447,-0.0274237694331456,-0.04988804416516071,-0.09313794340676003,-0.08871105804801332,-0.08599009782379681,-0.03956666959391477,0.003849839489692266,0.0450558557980553,0.05509396038361966,0.03584026626938155,0.03423910253227552,0.05455374894646122,0.10971994839665235,0.1836710148489424,0.18883120341554457,0.23641837305759714,0.2174532627981758,0.21557631469843905,0.228507005702127,0.31214573937332585
-0.269252771429104,-0.34879317720638786,-0.3790828145554898,-0.39027969248501737,-0.4075602748933894,-0.41547678143238953,-0.4302651815871156,-0.45101822059881674,-0.44795736847447665,-0.4659320176304835,-0.4924548571097954,-0.503798135961256,-0.5197998275609192,-0.5373860648180521,-0.5533875508951256,-0.5665424568094499,-0.5638404819329281,-0.5686423502865251,-0.5701690753653412,-0.5659401656585157,-0.5585750354342245,-0.5698300072369695,-0.48469698267529143,-0.4243827507502131,-0.29206216823131537,0.036808157592671094,0.06965578625268339,0.052505569100474984,0.014063522175208718,0.0026167900635886035,0.01536082817874135,0.030044435359762967,0.08037549681897345,0.11175135135200141,0.09595637515287865,0.15143039642640282,0.20421801550687244,0.15336560676155575,0.19259581752860813,0.22918679048365184,0.11359791357440122,0.14751189216744579,0.20060155357468334,0.21370186883539175,0.24264101726370452,0.22811396247237312,0.2629343159295156,0.37213885892596654,0.4049494741752614
-0.3945564608205507,-0.43133322835779114,-0.4359415444506446,-0.4576584189993838,-0.47007896932100324,-0.4786816207066996,-0.48788742277579716,-0.5038711074354335,-0.5062113701676476,-0.5345125634603509,-0.5665962505694003,-0.5720757114033852,-0.5403249340556106,-0.5162496547385759,-0.5205133692018752,-0.5451508406935607,-0.5611973888173063,-0.5839961739067476,-0.500743734032444,-0.5202122863078019,-0.5293540693382289,-0.559034664106445,-0.5984571827277407,-0.5873862261832504,0.015728081480268608,0.3344208136299074,0.359596097192279,0.38059796582728,0.23507178609442012,0.13714355687208277,0.21555786386306272,0.32619335787673115,0.37204094167348856,0.23925534145269473,0.23750312457844117,0.23708423925457342,0.24300717465976676,0.28025226217561877,0.2218788739565228,0.2414933703699424,0.2867710999169594,0.20519997584469546,0.1820449104336353,0.1570733380188447,0.17023914016564817,0.22975558034892019,0.3101101964445213,0.36773649377240086,0.39600421741387
-0.4523689816753519,-0.4854557142031748,-0.49935905417451737,-0.5025828638659721,-0.5037171387355228,-0.5005711442959098,-0.49000545045918664,-0.49124295653999844,-0.4520053420390189,-0.351654207002804,-0.2736077800934268,-0.19456499197847132,-0.06425194287236641,-0.028181919328615215,-0.017642880700905528,-0.049907055715087634,-0.07480111531540101,-0.11926816299083784,-0.19107466334830567,-0.24694563571959857,-0.3259895273306987,-0.31474259327438836,-0.3467411921669964,-0.3610385462672134,-0.5686947184058515,-0.38675600896746004,-0.19234456271213143,-0.08971651334056337,0.05806268778919542,-0.03245044009641301,-0.532173851320824,-0.4785951795213152,-0.48070949657501316,-0.5100179114810345,-0.043104201495282254,0.34560712320527875,0.5519045469766117,0.46058807860740536,0.4184098538717866,0.43768171629426295,0.4575467324389361,0.4279639384135621,0.40916037865583016,0.4152816878919325,0.44903463196808735,0.46664938007718626,0.46480655232623813,0.4039670790753435,0.3668502971366863
-0.4503325651779828,-0.44760945920464534,-0.41721574205402434,-0.37065868864725315,-0.33644602950511787,-0.19356211761895262,-0.1199151125053274,-0.07902544973265874,0.03414256270893429,0.22484258713738553,0.3250440313920878,0.3381723486273254,0,0,0,0,0,0,0,0,0,-0.5585709072508264,-0.5688102038132491,-0.5879057211379917,-0.5996474828113529,-0.6082812035637924,-0.5551564399517256,-0.5484595207746845,-0.5934558613532991,-0.536630815411546,-0.4874200162862337,-0.06999489300035695,-0.5861964691401353,-0.33999429542112264,0.03020258868279278,-0.052189019088185046,0.1091145700620531,0.345239605914846,0.47288640195862724,-0.42228532513680356,0.453528867738627,0.4931522858372482,0.47570458803697546,0.2976215690746928,-0.5500354582083563,0.47851755994458006,0.4857567421572183,0.4309095009623277,0.466793048767993
-0.15340160853001367,-0.1643935577354637,-0.0554224748191792,0.03389723984376363,0.08171732876943012,0.24386502254516876,0.2925858355499678,0.38552270282112566,0,0,0,0,0,0,0,0,0,0,0,0,-0.6251636212016994,-0.6076256761705539,-0.5995812608359444,-0.5967153025234369,-0.59099378174146,-0.5722473442871079,-0.5841758996502754,-0.6001843222868379,-0.5639485802182648,-0.6072508904411286,-0.347246142819215,0.34010921352539153,0.5735686802729821,0.38296075963738324,0.5285651683473104,-0.08197082194666168,0.48745890699974836,0.5654135142336919,0.39945957639915775,0.24399686949332774,0.10474823896972342,0.062189137975167744,-0.4255131333025117,-0.23978696635961322,-0.32837216438043904,-0.25561677357388357,-0.06213626979398983,0.2112230801154977,0.30542904634009405
0.09928516451641038,0.16920890793799875,0.3290622301532782,0.3762055231904601,0.3906835950864761,0,0,0,0,0,0,0,0,0,0,0,0,0,-0.53014306464417,-0.5825715940226134,-0.6486494504462215,-0.6671662356202901,-0.6354244954366861,-0.6006063680957597,-0.585863521306077,-0.6114171962964541,-0.5521245810858879,-0.4995061281897072,-0.24375679974046488,0.018512574080070187,-0.0031303086192716136,0.13780055637385602,0.32765752334137654,0.3589421091625139,-0.3784241891806236,0.2461126873328743,0.520013911847126,0.5476425533443127,0.488029200703857,0.3881673933941053,0.2878809269707394,0.27772451755388594,0.25522250726470647,0.20022119538045252,0.13838313614887018,0.12301725096327468,0.20639880553351928,0.2957961492010106,0.3326785553607657
0.3762716154090807,0.43640797613313786,0.5028862853992676,0,0,0,0,0,0,0,0,0,0,0,0,0,0,-0.585034949993901,-0.6017375968752084,-0.5984188445134264,-0.6007485377941445,-0.5964597871396501,-0.5416597868337002,-0.5143309919165581,-0.4938993803936361,-0.49089060607224333,-0.3535670942515373,-0.2651548011903488,-0.14854619128658433,-0.11992531572573456,-0.06224848213099787,0.23040032087639506,0.3364655696485313,0.45694888523397215,0.5961526784342156,0.5947956645512302,0.44674370450336237,-0.004966865749676932,0.510349780572682,0.5013770778040387,0.46870366782995715,0.4494186725684204,0.42809727065025627,0.4134220539617312,0.37157667576808007,0.3529714080160005,0.30940249142097775,0.3789043548171731,0.42409142951964796
0.48770473534314585,0.37324603222560193,0.16382259701887872,0,0,0,0,0,0,0,0,0,0,0,0,-0.5356727430410115,-0.566373277337353,-0.6316500472276526,-0.6217027786016662,-0.6097273804033533,-0.5964437457340996,-0.2078124503680741,-0.23412044978617175,-0.18425483782051963,-0.09428016360702603,-0.02774651221557446,-0.030077287237603587,-0.02882092412500007,0.02968873921209732,0.04655753678022274,0.05296683578176848,-0.061345582299732936,0.22461896316733276,0.3561492272748462,0.5333918722022051,0.5935740112034333,0.5981227008725593,0.5119868136875279,-0.6452167477010503,0.5873075091346838,0.5989819780700275,0.5851283429632148,0.5532488180284874,0.5403101783492676,0.4609843972440631,0.47589113807929057,0.47576376970528234,0.4977489589236918,0.5288329682957215
0.46755578217940547,0.44809615005298015,0.4415685781054434,0.335428992476522,-0.11808554793224628,0.09342909826023749,0,0,0,0,0,0.10353311617456058,-0.46729817326281015,-0.5408194978526689,-0.5888812508240564,-0.5808093714798759,-0.5428092768732153,-0.48811867716657925,-0.24745758460595066,-0.2587951593129305,-0.15185059443297888,0.055548030398554236,0.18736865652011653,0.34101818218726243,0.2930981405093374,0.14099275034083208,0.11063000690412976,0.08957117261242344,0.0503083635344078,0.052625197051135275,0.066717607428743,0.13846479451871493,0.27047603534552744,0.3652129910803414,0.5370429957400684,0.5546367407062054,0.5884113740480452,0.5741967747469452,0.5906745687682877,0.5600848446613702,0.634132534868693,-0.5921489322203984,0.3800982747469272,0.5002428467874446,0.5873882989324896,0.5910615081908636,0.5879499052545312,0.5816303745419054,0.5868130084899916
0.43628985010013815,0.4339981119417387,0.3559246238217574,0.26606670446051245,-0.4232615267309188,0.3178278937344156,0.36748170742209213,0.32826024182941044,0.20270461703395565,0,-0.5063034280986883,-0.5254994013160023,-0.5258538061840268,-0.5498179807805952,-0.5131508535044736,-0.39866905908668443,-0.33072323161081646,-0.26656911461502514,-0.09508865298137106,-0.00023040867897300665,0.06041910283459079,0.22993201610608807,0.2817746376423647,0.3083468730041044,0.37575146750617827,0.27876567316096207,0.25611981740959805,0.22416029325215797,0.20420948267623143,0.20368234002691188,0.24430791947221858,0.3968927280545086,0.43844059946546077,0.45888619087167865,0.5802697227774859,0.608208534259563,0.5928364804594677,0.6125851072958931,0.6276547131808586,0.624580239070582,0.6670472614913613,0.6676199713239304,0.6318346021075516,0.6547690844992126,0.09854831697498967,0.30227074163610224,0.43878037288605254,0.5400761076352408,0.4480768898242901
0.24550866627336854,0.22635672695378722,0.03702254254984638,-0.12585715921888677,-0.2698305063888669,-0.3768200743853782,-0.384674206300908,-0.3958767271320609,-0.42172617486359704,-0.40903084985216115,-0.40660411692954357,-0.39089350483663926,-0.298379177478619,-0.26621834111387827,-0.2155977533168347,-0.10439673959516303,-0.015410945683181108,0.045364168725339944,0.17920598927602294,0.24511615229664668,0.28644264384322204,0.374018614693585,0.4480640064735261,0.4396138622172927,0.425833003107944,0.3965820272754887,0.3868055563721494,0.3790750478939573,0.3961173060291335,0.39089735103592876,0.3957602529118122,0.4358344620720632,0.44970604006517395,0.4654292199073529,0.5087565822525324,0.5466580637419337,0.5528687026661003,0.6309208054296089,0.6389421118392677,0.6371714318896732,0.6505490123103382,0.6610471708825162,0.6497895622072234,0.6572274031046144,0.66480073604861,0.6696624303638075,0.6789733492790216,0.6723848568482477,0.6686556699715287
0.042611474412633264,-0.018304182778574152,-0.10267740806072496,-0.13842576652118052,-0.17474125397628987,-0.2126673405436896,-0.20742239094275267,-0.19620734602076312,-0.19128786485940255,-0.19496587534109247,-0.19607829327143073,-0.16559414249852983,-0.08427250084540451,-0.02158452180099268,0.02868463229435722,0.1886146941365649,0.2054715437024666,0.23101523955209197,0.32813276359608734,0.34291841194638684,0.3684743367470581,0.3985289368063289,0.4254367419491876,0.4398340578273596,0.4327785030152827,0.4320657368889562,0.4298101620101112,0.43142016265531924,0.4780578946961876,0.48489147757040885,0.5023202823101959,0.5445133478039185,0.5451658635598334,0.5623975461291858,0.5865910397137969,0.6223875576240617,0.6659242504638909,0.6845786887629853,0.6936185673503307,0.6865073643005528,0.6766081765213614,0.6714762943257603,0.664390665276631,0.6570765690792811,0.6535339031744073,0.6551181285359015,0.6553999267242488,0.658727840189413,0.6601186939458445
0.0010613016379084992,-0.006497658340532537,-0.01739854060585646,-0.031791272052206235,-0.03779060121716853,-0.019343319574407724,-0.019544031180863158,-0.02032229487266234,-0.0161806249241341,0.017785522995232575,0.06697712614988255,0.08179740405430048,0.17607114509172825,0.19176278542412972,0.2640478311866392,0.4053396236910107,0.3910683512884041,0.408185871001029,0.43702100970005564,0.44339480889818483,0.4512778440524953,0.4604380557337168,0.4645952770362957,0.47596026147543585,0.4798123935947082,0.5267605931772075,0.5390522461470635,0.5367534857510858,0.5487502308195675,0.5630647190000937,0.5919954247097822,0.590696561507327,0.5774706762035493,0.5748645153901363,0.5856196268379222,0.5901543162842428,0.5982348893030882,0.6117057264965772,0.6184239713623144,0.6099661024513036,0.6521929687632833,0.6572305779438272,0.6576804846772515,0.6596241141624106,0.6660873749762314,0.658899762125873,0.6551157188651261,0.661584780984528,0.6643478044461468
0.08087055597761562,0.09272023464706317,0.1134865640282115,0.11707134424590802,0.13630573639834373,0.1293599264638936,0.136653884942372,0.1502772612791916,0.1627290469776336,0.16676570983067165,0.18439965592291538,0.25169587440407704,0.2861133504240119,0.33606756408003696,0.40396618742765,0.4741497010434394,0.494701557166938,0.5076752854090905,0.5314436466926821,0.53594583028029,0.5362346782305009,0.5465735585542953,0.5387711968380696,0.5310878042163745,0.5292485806364352,0.5528628902252338,0.5705088361595955,0.5718450936639852,0.5707815604522412,0.5741390723438093,0.5801027083008035,0.5870791098220248,0.5918928157129147,0.5972944709321848,0.5926964813725089,0.5769581358383382,0.5769273145119986,0.6282103660291478,0.6479533661076948,0.6732469461023782,0.6851865875399787,0.6800533588389472,0.6681860665300721,0.6686735731657526,0.6767576146622014,0.6771792710960198,0.6756293821816177,0.6728719179552383,0.6789049541975594
0.17814010235697184,0.1798308540338685,0.1713662085742977,0.20233547573077731,0.23298337371691485,0.24398950328238966,0.2376836889620626,0.23368981796222857,0.2460419480772974,0.30880694907404316,0.34110834161720743,0.34686001103229125,0.4168855954617474,0.46477764818206196,0.47549164418261136,0.4959138025966942,0.5141732974517413,0.521308963981822,0.5481175669084192,0.5577715461898481,0.5597191584964959,0.5785983046013544,0.5914246311852951,0.5727164909699399,0.5626504864357823,0.5751343796390181,0.5658247354036099,0.5621026090525809,0.5951534803306613,0.6142009287346817,0.596944371094643,0.5852561540376517,0.5880385344699673,0.588809280068633,0.5799448624785271,0.5969766445504935,0.617975042496101,0.641257314993814,0.6528717396951303,0.6578421456911949,0.6776040500952827,0.6868011897399915,0.6963450115796851,0.7038735156277323,0.6982210298432967,0.688207354369986,0.6931870830781799,0.7022450169339217,0.7025812541449957
