jsons/1312920000.json
{"header": {"parameterUnit": "m", "parameterNumber": 2, "dx": 0.1, "dy": 0.5, "parameterNumberName": "Eastward wave", "la1": 40.97354507446295, "la2": 16.46031188964855, "parameterCategory": 2, "lo2": 133.9931640625001, "nx": 191, "ny": 50, "refTime": "2011-08-05 8:00:00", "lo1": 114.97908020019554}, "data":
[rows 0 to 21 of 50, columns 98 to 146 of 191]
0,0,0,0,0,0,0,0,0,0,0,0,0,0,0,0,0,0,0,0,0,0,0,0,0,0,0,0,0,0,0,0,0,0,0,0,0,0,0,0,0,0,0,0,0,0,0,0,0
0,0,0,0,0,0,0,0,0,0,0,0,0,0,0,0,0,0,0,0,0,0,0,0,0,0,0,0,0,0,0,0,0,0,0,0,0,0,0,0,0,0,0,0,0,0,0,0,0
0,0,0,0,0,0,0,0,0,0,0,0,0,0,0,0,0,0,0,0,0,0,0,0,0,0,0,0,0,0,0,0,0,0,0,0,0,0,0,0,0,0,0,0,0,0,0,0,0
0.20901237574474546,0.19350321455970032,0.1800031598059625,0.16640849846566114,0.12703868233039328,0.09564300975361902,0.061990185407382006,0,0,0,0,0,0,0,0,0,0,0,0,0,0,0,0,0,0,0,0,0,0,0,0,0,0,0,0,0,0,0,0,0,0,0,0,0,0,0,0,0,0
0.22307359451009515,0.1771057620700647,0.16553789079607056,0.15620672049074835,0.12965964970562383,0,0,0,0,0,0,0,0,0,0,0,0,0,0,0,0,0,0,0,0,0,0,0,0,0,0,0,0,0,0,0,0,0,0,0,0,0,0,0,0,0,0,0,0
0.247101605126256,0.22933493597310176,0,0,0,0,0,0,0,0,0,0,0,0,0,0,0,0,0,0,0,0,0,0,0,0,0,0,0,0,0,0,0,0,0,0,0,0,0,0,0,0,0,0,0,0,0,0,0
0.35091328911318065,0.3273280913355403,0.30498183828135583,0.25528782590918114,0.26043081602490004,0,0,0,0,0,0.2086561175787787,0,0,0,0,0,0,0,0,0,0,0,0,0,0,0,0,0,0,0,0,0,0,0,0,0,0,0,0,0,0,0,0,0,0,0,0,0,0
0.3979255331360022,0.39062735155642814,0.3873890082114508,0.3835270027916124,0.37282107915187773,0.36733227246094907,0.3600473547083127,0.3544778219885761,0.35733398424795093,0.3463107670909521,0.3404662121285892,0.33850338841273137,0.3259443285961172,0.31801454768156157,0.2975548492548581,0.2911724721553316,0.28000152674220846,0.2585711547107808,0.2732287244998345,0,0,0,0,0,0,0,0,0,0,0,0,0,0,0,0,0,0,0,0,0,0,0,0,0,0,0,0,0,0
0.40972282750795896,0.4074869598206515,0.407753049627049,0.40452194540061953,0.3823645910336181,0.3693817973617419,0.3679802572459209,0.3566480080942084,0.3576440758742029,0.35154595746576933,0.34343879214242634,0.3264417223916394,0.3008061840188881,0.3084273903777273,0.2464115202416792,0.4147678144635319,0.4614865464553149,-0.3631576423793241,-0.27413698502936296,-0.27092289698345967,-0.2745667461522003,0,0,0,0,0,0,0,0,0,0,0,0,0,0,0,0,0,0,0,0,0,0,0,0,0,0,0,0
0.4208479980994174,0.40934560937648873,0.402238513618222,0.4026094012134404,0.39140168410887305,0.38041774751901786,0.3722873347591918,0.3570458417508999,0.3401741732627372,0.34084570374876155,0.325712562171047,0.30833974656847757,0.28545839943527157,0.2619115029316638,0.2538295705233135,0.247413288672515,0.22798847686970156,0.24618834516850535,0,0,0,0,0,0,0,0,0,0,0,0,0,0,0,0,0,0,0,0,0,0,0,0,0,0,0,0,0,0,0
0.44070884312434305,0.414517588269422,0.4144664910190759,0.4128098583200066,0.4031832750340839,0.3965351246299106,0.39444300186913295,0.3552467818917147,0.3395247618779496,0.32341182590748296,0.2960635114464066,0.28520592530135525,0.2715873102713389,0.2518031392563277,0.2007505703227523,0.16928965113460975,0.21497102504271495,0.3115773648389817,0.15727368301558295,-0.05298450435689417,0,0,0,0,0,0,0,0,0,0,0,0,0,0,0,0,0,0,0,0,0,0,0,0,0,0,0,0,0
0.4680988468280037,0.4603561571859777,0.4610518119956833,0.4532188526859819,0.4280774751607824,0.41878898924389674,0.4112235215838642,0.3815410783029984,0.3633183571221739,0.31093551117603163,0.25674491441456054,0.2312254167546335,0.20461822843486813,0.18777199789716031,0.2664843891095182,0.19258018115587658,0.2987462962275191,-0.4922341096454154,0,0,0,0,0,0,0,0,0,0,0,0,0,0,0,0,0,0,0,0,0,0,0,0,0,0,0,0,0,0,0
0.5195411106356318,0.5013732745954013,0.4903070204191551,0.4720956951195879,0.4444336949908239,0.4346573058891593,0.41400257118463757,0.3804012257201168,0.36776698041689504,0.3462439942655753,0.2915671251420596,0.26299042966263647,0.23669757524892296,0.19875230391804594,0.19557730150625233,0.20810915744102865,0.4064704303375708,0.3425676666627373,0,0,0,0,0,0,0,0,0,0,0,0,0,0,0,0,0,0,0,0,0,0,0,0,0,0,0,0,0,0,0
0.5604521269339435,0.5537268327721685,0.5433431393299601,0.5360703864361569,0.5152372278235522,0.5126212312019091,0.4960068463117612,0.4473159077754717,0.4226596346041445,0.38940931345255253,0.3579015444007141,0.3419125170850389,0.3401802888916009,0.3328899059292661,0.39020905579078674,0.3011877787016765,0.4578891291350963,0.49599759075334704,0.5113394017192825,0.5130926447250983,0.49383135057301536,0.5113763093403785,0.5248268265756052,0.5392749037393436,0.5250311994649708,0.5490720020145371,0.5530153997123188,0.5372553496224761,0.5491441293067377,0.5619786359378866,0.5470924170179134,0.5570802290420611,0.55453903950012,0.5574654833002536,0.5668124238219348,0.5706718247214219,0.5446852840909928,0.5254712407272913,0.5247647603054345,0.5157113319454855,0,0,0,0,0,0,0,0,0
0.5872464417788466,0.5705089487120026,0.5665391557693937,0.567210536669046,0.5531903640078132,0.5422285759164489,0.5313916204871164,0.49214219521883845,0.4807065290717118,0.44671026946205933,0.3764959995552695,0.3483187027384031,0.2989495072166093,0.27799342825622636,0.2728678374611009,0.33592981249466164,0.40916864629820726,0.5511144643190865,0.4208543956076446,0.5196270550171422,0.4899987133365449,0.47901599941635215,0.4693054862298524,0.5298043845911502,0.523500552680679,0.5354684779444704,0.5435075347144218,0.5443078422248223,0.5353324141845778,0.536762464891845,0.5598009204679196,0.5562985520867155,0.5487254498505674,0.5428657007863513,0.5334414475432276,0.5342224259100116,0.5440391260204993,0.5343968451093248,0.5075296762589646,0.4850183189365895,0.4724900592999782,0.4650861260285059,0.4481131005460243,0.4469678160189762,0.44044266065186444,0.4152501872906815,0.4218832989287866,0.43468217889502553,0
0.6092795663961647,0.5967477992196626,0.6049072521723796,0.6145017799738689,0.6154071074243879,0.6064301432803108,0.6010046080837115,0.5726013325539874,0.5612589097649521,0.5272761037862816,0.4778761545096999,0.4382584611059075,0.4619656994413361,0.6194105282159719,-0.5413471779990925,-0.4515927510372738,-0.4387924368376733,-0.4861517607639671,-0.46592673549150687,-0.2186904122027566,0.2554720161920866,0.35499832186556035,0.4987653604405951,0.6189756889859851,0.6430622116109695,0.6539066260237556,0.600968120364245,0.5846720309072896,0.5618532713258234,0.5373070048678451,0.5204226400609013,0.49946524967248496,0.481303143915848,0.470372897886426,0.4675803726242309,0.457029219551988,0.4473594069635003,0.4480456137147871,0.44648442025978624,0.4363650554342148,0.42574092428660254,0.42403572156946,0.41000747285398026,0.3999045034844014,0.38481829603915496,0.42928677770546014,0.43095515379134225,0.36061768993987997,0.5743332223159708
0.6138690201974465,0.6173208139323504,0.6122264286193428,0.6158119577662375,0.6132626216092334,0.6110974164270923,0.6036966450369421,0.6043808543232473,0.5892743065637528,0.5957565287066151,0.6057094900183411,0.5914038762370164,0.5984810043046851,0.583966303114684,0.5855817599289547,0.5998180552717461,0.6200071229799058,0.6428708213375169,0.6397610270710236,0.6330603462867379,0.6279382758863933,0.6071948594928221,0.6185004417575288,0.611546983586652,0.6111557073654964,0.602442122125486,0.5926554513134613,0.5997025416566041,0.5840985928526921,0.5758408956220099,0.5644113424646203,0.5319235568344244,0.5039813621601497,0.4860620574245765,0.4832322367287262,0.4731111896301763,0.4472719584405452,0.44288270546168124,0.43009102691053724,0.42113433799581207,0.4301633762129238,0.43675801993266117,0.4713884167883251,0.4679386841936203,0.40894318222373033,0.3576675116454631,0.33304866592097576,0.40603069319950064,0.42373254036566577
0.6295761991598301,0.6327051699661526,0.6355587821982028,0.6398197190109108,0.6411425570358688,0.6406336352767225,0.6448532271595769,0.6408256558659932,0.6373188840480561,0.6298550678332717,0.6218256337055124,0.6230336225433512,0.6237898852920997,0.6250893767649562,0.6044977711267263,0.6008051287531296,0.59807911796499,0.5894041360140275,0.5919716647368546,0.5905510177405041,0.5898164788343061,0.5875458384003265,0.5749309986316138,0.5542105481767433,0.5425077832301325,0.5282989686141742,0.5251363150464815,0.5258936329541403,0.5181446463209424,0.49612225329932746,0.49570901704799963,0.48152152489963707,0.4660070368728965,0.44702642576350493,0.4332115649993864,0.42108688732493665,0.4236516823721336,0.4098302646086652,0.388431886459483,0.3698831881710012,0.37063048139129734,0.36248923345902634,0.3675970543717765,0.37652558030200867,0.3720218158813938,0.33867196729316634,0.3500579067900268,0.3522809989218053,0.34912926045000625
0.6058225455705216,0.618311031878568,0.6198669406680031,0.626241315105341,0.6314637738753988,0.6350470955408989,0.6451114913239819,0.644799785440492,0.6469790971729075,0.6486416627196344,0.6327721753971712,0.6333143350655708,0.6349439659542017,0.6403631970015294,0.6203686002731396,0.6149153163873381,0.6096194145157492,0.5938446499423117,0.5998604007204094,0.5916853760374782,0.5701611388826144,0.5622009624441026,0.5578639700595618,0.5595594063997353,0.5634477057747018,0.5777509523254313,0.5452381575628907,0.524284824530646,0.5242460897653785,0.5118972063080978,0.4781134329119317,0.4559596068879189,0.43363205596054866,0.4440569033599394,0.4319097992324785,0.42721642014009265,0.3988245183158536,0.3676335652466678,0.36116964606873575,0.37401326863043144,0.3768476109933299,0.3751391847980155,0.3880647621852682,0.37146163229109636,0.3554792559816812,0.33463294501256036,0.331295040484128,0.30362248148057797,0.23637611106014353
0.5900632250991338,0.6192104622971025,0.6166050812400051,0.6226360186201587,0.6311277910275692,0.6358253684990913,0.6371335978273919,0.6388520867562816,0.6388868904343791,0.6457995772049964,0.6337092543432677,0.6416225737633651,0.635495460617541,0.6368880278489463,0.6332272448077244,0.6291616924819559,0.631397134798118,0.6328829402623671,0.6130207433240075,0.5922564841121175,0.6007155123693935,0.6132139965955038,0.6054873319285484,0.5842301016988155,0.5847134350452933,0.5831094088471517,0.5692165511793157,0.5661801936249533,0.5723371008164386,0.5754725875427247,0.5430045931677885,0.5279592380117042,0.532650617407318,0.4331674486861763,0.4171022844751459,0.3980196326918102,0.37131324227674223,0.3517730610140446,0.3609402050852597,0.36913139254300154,0.3769109603220278,0.38896606228876324,0.3754086017330072,0.3619539827326133,0.35833581028992567,0.33465562325276116,0.3135212783705275,0.30978602168695746,0.34451715376391046
0.5835948118357759,0.5629230737807143,0.5784056035193186,0.5864819751516313,0.6108171698901239,0.6207352881515301,0.6244906177516074,0.6330608901135123,0.6411271513236948,0.6486185113652926,0.6516961334918536,0.6553990522921302,0.6568237547499468,0.6571846369196562,0.6432000820350826,0.6436666900974409,0.637960642942962,0.6172468186603473,0.6368054341788264,0.6416729825212096,0.6371465368396064,0.6309175315049756,0.6234666128071285,0.6348264812960218,0.6389062296827589,0.6279951559528998,0.6135903916236357,0.5950968089853769,0.5797612462790811,0.5776124342414359,0.5643236239455457,0.5700853408562927,0.5622148504846202,0.4523816506688234,0.46506334254360987,0.4785623196369003,0.4794891192950442,0.48204170668124935,0.46646243697904083,0.4228489369150393,0.45590583907053756,0.4612993122619993,0.3891268070564075,0.38065334768785536,0.35974213549724543,0.3341264411266458,0.3533476195779301,0.3514529525933074,0.31903517108875684
0.557243765314796,0.5771317521131467,0.5922736529386425,0.5994702969784028,0.6086630069236059,0.618519414164288,0.6247823675079436,0.6333504114389412,0.6341598406278762,0.6424851794774723,0.643980811588675,0.6503750896133427,0.6566836971801272,0.6571936370178116,0.6573845360213133,0.6571726503020546,0.653417497137421,0.6432036114865614,0.6380215232701947,0.6332694906724229,0.6413608425614883,0.644283988185519,0.6503741509887547,0.667595053448744,0.6520558408749408,0.6384421640015936,0.6127626391526516,0.5950834523824645,0.5972504584547734,0.5964256752088845,0.5646875959470631,0.5487463939923326,0.5283450675267711,0.48318896509656206,0.4679434212441455,0.44025333794244065,0.42196285499171843,0.4291621875736177,0.40715138556939773,0.41313003732835574,0.3941474921267484,0.3872634489932458,0.4166817869290897,0.4313066901129175,0.4323056607579674,0.3943399714685836,0.3751925247633659,0.34507601565936374,0.31417016514181817
