jsons/1312614000.json
{"header": {"parameterUnit": "m", "parameterNumber": 2, "dx": 0.1, "dy": 0.5, "parameterNumberName": "Eastward wave", "la1": 40.97354507446295, "la2": 16.46031188964855, "parameterCategory": 2, "lo2": 133.9931640625001, "nx": 191, "ny": 50, "refTime": "2011-08-05 8:00:00", "lo1": 114.97908020019554}, "data":
[rows 22 to 43 of 50, columns 100 to 149 of 191]
3.369627117410912,3.6456252907985793,4.023548066828373,4.223513999360366,4.469572782904412,4.812508268100947,4.956741384219089,5.248513139790053,5.568931615478071,5.713250003313644,5.838426477631485,6.100252018193648,6.364412625873418,6.456737522808231,6.492365036239952,6.6358925560482875,6.662452931441793,6.672122186657563,6.6763494169197894,6.633486114234066,6.553108965950001,6.500894143711366,6.349303265294442,6.286506462759347,6.312316282111176,6.297983026420931,6.230248974493592,6.113968293293342,6.06295852514525,5.8678678867357315,5.706149215161351,5.6959535387143845,5.497407644815359,5.379071085189306,5.284491833944315,5.119051721149706,5.0298452242571035,5.003362402714742,4.8494120671570276,4.681912931072401,4.61197686830674,4.52829630271236,4.289407120275581,4.193364990691822,4.04820931731383,3.781371694340873,3.648131967095848,3.5363810601470678,3.4022040888518092,3.3598049018271885
3.1920492361499706,3.585591321523777,4.351098345346502,4.60645244351418,5.0312421889992445,5.5080248547243915,5.844729456463884,6.114957432512563,6.674910318354921,6.867034144373916,7.10429662707856,7.251304428725423,7.583487362210865,7.663868491045277,7.832040893587214,8.010819851719504,7.911105404556597,7.838199650189094,7.900659261276797,7.866519232308168,7.747877890187025,7.759955522813166,7.824737596610426,7.607045678769828,7.5351393811595315,7.381709028659515,7.054091631484357,6.912171834266001,6.870200820354868,6.531064677235521,6.418559656369763,6.296776529174886,5.987489638349331,5.940162074928908,5.844512831725332,5.521377826095009,5.4707926072696536,5.3865478301716845,5.261443142540125,5.058851034616297,4.923344470763817,4.787375753725684,4.502412477709165,4.218745584353929,4.042248473947128,3.674136404699109,3.5667369769100743,3.4761775254249443,3.3751571633624757,3.459167139386028
1.9261141258029946,2.4324775469997135,3.6253579031480765,3.9958702626200946,4.799914721205004,5.598405628424636,6.088025039046354,6.372271480697224,7.082931840673751,7.398675707850981,7.70798105506732,7.8831848749397535,8.338352452842125,8.37305491830279,8.567076203732316,8.724548864119196,8.710378913662202,8.846012298981721,8.988531335554596,9.02196490871272,8.86318618352284,8.893062436968336,8.799918712176632,8.513214683044277,8.247753228479263,8.059626302338337,7.596800378687098,7.502661617656363,7.409350795461792,7.132094352404359,6.945964081311543,6.8780837517797915,6.449964729008191,6.34483070205348,6.190864999348076,5.974549682852339,5.847234026141394,5.744121223328043,5.637646649448064,5.3073941479306015,5.198069991724062,4.950324675314639,4.447932939226448,3.9593887329227093,3.6982916786550755,3.2420201485289852,3.057622252153337,3.1294269097857264,3.339484643379684,3.6052568778960237
-0.7175954156325416,-0.16189719387039564,0.9709670377222354,1.4282248110331905,2.4589474611209177,3.5992160568882428,4.490681537307494,5.112690626961548,6.570437707482525,6.840692004846832,7.056744803629254,7.624084743714664,8.184113969356508,8.461438766458302,8.61532505294868,8.976617855570268,9.141123773778274,9.267704637038065,9.459917594502384,9.590607779701013,9.312024222121691,9.3309870833593,9.178282242757744,8.87291679301827,8.77556403815729,8.591041482919435,8.24204424626167,8.02572647477976,7.905358212132696,7.538501061711689,7.286034005057932,7.138291975511402,6.814710605133484,6.709313307488406,6.60327068852761,6.3351175964548165,6.252948385777817,6.151684414630819,5.945189930530188,5.535276257101193,5.307083447060368,4.998118985738068,3.5112086609122284,0.1170322749818773,-1.9579680890534825,-1.7303375549298121,0.20343584284022798,1.528063507823415,4.2717807627466575,4.476904131781815
-3.3634316698717166,-2.7743918328182544,-1.8019500136159283,-1.0693181284999587,-0.2661248518866861,0.6621970529607087,1.5627156643609181,2.2350136313318587,3.7256820604989236,4.37442915949544,5.297411397099931,5.758585821651552,6.825630938711626,7.3222034759008805,7.793567922932347,8.3901557410191,8.616187390135641,8.68897333434819,8.956203433737516,9.093785868894837,8.977013807260297,9.09813550788348,9.057313395521884,8.773900011121881,8.696879168315837,8.483891463271153,8.178493808713936,7.935594311096702,7.847046509717829,7.390485393730715,7.233108956350685,7.068498181600419,6.791139008929089,6.659464971343636,6.6186389670522905,6.229940831273557,6.0695355526581585,5.948494115902311,5.747601823166327,5.582335073798545,4.150906879903642,4.5828763308729386,5.387294421876188,5.200463346965803,5.1573224172050445,4.913646992563964,4.878479758486524,4.807233759013719,4.695291978216487,4.61903562795429
-6.89310539730348,-6.47750365662626,-5.970251937125023,-5.544619188415951,-4.774154126536957,-3.5656851616667993,-2.341140308814711,-1.5112116113439413,0.8735783293589054,2.0543071360563143,3.136669069530074,4.240195420437175,5.383655482731381,6.154401645873114,6.5303729861248945,7.2907969844543,7.577165996558046,7.901054544304139,8.184202783785947,8.338065333027872,8.322984283474643,8.488724773267336,8.461858643508311,8.345563908726517,8.215560995611554,8.158565969587602,7.970774624736688,7.936067947571164,7.860492880338547,7.429208580026543,7.189660970460321,7.046801529026814,6.700684935365838,6.540315027435463,6.4418912971390965,6.183998381151629,6.107274032997039,6.006219735849489,5.869954804533151,5.685134434155088,5.600742346256834,5.527955060169707,5.375222533648927,5.26369970134335,5.159404211791998,4.989477952885302,4.912545354571363,4.859895327982031,4.728012055493969,4.646060029902526
-7.5937802797469125,-7.426620888131817,-7.232347739480966,-7.0612743639826245,-6.6521166048581,-6.434210386210978,-6.214185231309965,-5.955371163151395,-5.88564262743935,-1.7759862185988786,2.9792352701395224,5.409514178020367,5.841909872657959,5.917958411869118,6.182096735290304,6.3196782351297,6.740343612565428,6.909551300171628,7.134998785619068,7.3000344926297736,7.519581591164518,7.53586957283114,7.498813411374778,7.415847471637841,7.3153918976498815,7.233791601967572,7.017846380119065,6.801213178564923,6.53364718978232,5.97239767610781,5.567409199729815,5.428176444078737,5.081817667277648,5.071260502825856,5.45125417471547,5.643615258950738,5.654541731339322,5.596402349654712,5.530420134639188,5.377039196587181,5.336033821777001,5.244597863852424,5.1064845036483035,5.032282832122732,4.9694739165695045,4.838119511151522,4.808236001040242,4.710428327367597,4.609466798674689,4.525448668494196
-5.753104655116909,-5.313036923951893,-4.721104101285126,-4.282077712756353,-3.9393091149788715,-2.9903276994325205,-2.4229953820849914,-2.828061720490669,-1.2127540778272288,-4.412844226783817,6.010477240251852,4.27321634938165,2.0498066444072784,2.774037657875271,3.1526454727401734,3.94353343580172,4.33248903680887,4.725060213951009,5.178674235978935,5.382476992659045,5.608149386173406,6.012614427214597,6.098180973650406,6.106592677505553,6.125504497427649,5.963902923194285,5.583125320498008,5.429414234266994,-2.209575868988831,1.7550578863985875,4.2441795457870075,4.98838426017785,5.446465914120779,5.513751779969307,5.533771863920697,5.5218157821875655,5.421888750973156,5.368877629047322,5.291933629120213,5.169847005290427,5.067732324564601,4.964510536162852,4.786889525082623,4.703675577752434,4.633455108897199,4.546998274896713,4.50825954188249,4.426170515451142,4.334941224224107,4.22814417954588
-4.399383341852373,-4.111528363821317,-3.543786475673124,-3.1030032560316463,-2.853780428593928,-2.1558941188515317,-1.8527236884097567,-1.4305160064169566,-3.9925469753290046,-6.151583079011099,6.106692109913564,4.090381910223429,1.207404287056976,1.6085334204986748,1.9294599896222253,2.6309910861069565,2.8756067323351218,3.1806905326915067,3.55410354483407,3.7025227090023995,3.847697232188236,4.193913701802731,4.277379522760013,4.536144459363912,4.8717997330571885,5.017513203320004,4.942328601608022,5.014765569714885,5.1674472637759745,5.127988345399036,5.104676415010029,5.184709244429405,5.045217968010305,4.987415505052437,4.945383116976799,4.791168808825093,4.788567728501224,4.636032771501262,4.617874909476836,4.518932817931546,4.459846912692106,4.4039512384337245,4.269176399949453,4.214345217448005,4.160253370196231,4.0585984737819745,3.994765999031718,3.943831622263577,3.8442858364849473,3.7802094716275523
-4.179772675400961,-4.009086229198814,-3.4168797590363242,-3.0446818002953178,-2.863420847801968,-2.122003685633697,-1.8559066939726026,-1.5688693851163922,-0.9142847818778999,-2.535797369793592,-4.0666084009827825,-5.487519938233787,1.7365018643757266,1.7764930550943923,0.9333723992880607,1.4280822484284708,1.507327327591961,1.673785165164998,2.0086982444002555,2.214000073540602,2.395660547036889,2.609848631954533,2.7053897227149464,2.855666094369132,3.0397248853956578,3.212590996954121,3.285651634250649,3.3411626564316177,3.5368361611921726,3.5512232754720903,3.6307408125279372,3.773434235591816,3.7312819736640606,3.7953792168704914,3.775465182178757,3.752755236766528,3.7035625119614313,3.7357051633129195,3.7481549164880894,3.6257818321525477,3.670296402540151,3.6470616425965012,3.5181151528248997,3.5204463910739467,3.491529219752644,3.408390060658186,3.382064286827288,3.361054873310185,3.2991916120615343,3.290740410475614
-4.642798635723213,-4.468474833005724,-3.861448546667606,-4.2141097651057216,-4.402775749273965,-3.1763189519080455,-2.818108183550841,-2.4092007597690643,-1.775866183183887,-1.4710879830587846,-1.09757892405414,-0.8855508932984039,-2.150637777680271,-4.057933361858621,-5.47465984433821,4.581361944070805,2.251472741569337,1.3768722728666545,0.8667270038138244,1.0006074319052998,1.1562884235784348,1.4136983565037036,1.472678238992927,1.6296584324631065,1.8354923375962833,1.8972360216048518,1.966712276095736,2.0406527459144925,2.269494933320787,2.268527440235215,2.298710292532716,2.3839058732320386,2.3961459760895636,2.399648624572517,2.499078387396647,2.5764548391504127,2.5958624326973982,2.6940366678514716,2.7489236852420653,2.7589011680336513,2.8092704728386617,2.8404739097827436,2.796144103593424,2.783120849922155,2.7740844778728113,2.7163054365509187,2.652920312961184,2.6804951576979152,2.655846424786754,2.6018344197537524
-4.44690578656782,-4.194054947526655,-3.2338414986600372,-2.8180377457320698,-2.5387677830504605,-2.5889826318642335,-2.5718295147834804,-2.416835364306855,-1.9974519415013006,-1.8427306818760372,-1.6622169156487445,-1.554102182909362,-1.1907920931888898,-1.0274683575295467,-0.8747282826451545,-1.871280993863479,-2.742913727074802,-4.847229588564545,1.3785871658260085,3.711706388949764,3.471836338359087,2.2247641772023656,1.5967934324282649,1.3189234158857903,0.9717190324275299,1.030114446354252,1.1080089480321609,1.183528412229611,1.3569641194874489,1.4254493098599754,1.4385517082991064,1.604506682725725,1.6284636240494983,1.6444483670600836,1.8378270725118633,1.828664271595021,1.8469289944908847,1.875207675698729,1.9582130680816017,1.9495765605348898,1.9858600188439102,2.0591345224475837,2.024760935884191,2.0481828373293345,2.09044413398189,2.0432944037643495,2.0325625433750214,2.0640157235507224,1.99626510841323,1.999707242666524
-4.1324075080440315,-3.9412134913753953,-3.634331011337923,-3.507764837057071,-3.356130157499652,-3.1083762942752515,-2.9331932576791493,-2.854569118594735,-2.596056222110367,-2.3996533194391776,-2.2932449967155613,-2.092415595570395,-1.777292886034645,-1.6109167657358567,-1.4469321179759427,-1.299891021269978,-1.1431309913837895,-0.9877471494003224,-0.7625035572844089,-0.6113699793805721,-1.2123058870801362,-2.5702094498116956,-3.875879021134105,-4.731588821153399,4.659557490648819,4.154706097432713,3.228374215825518,2.1394769961997806,1.3951056310473582,0.5984332787169568,0.6306096461257307,0.8132998071404135,0.8354894509878732,0.8962989082910053,0.9694011075822614,1.0082303077126675,1.0804819387324271,1.1376936419618773,1.1703990369882322,1.2152024074753094,1.273196854383435,1.335433779930764,1.3754870186000758,1.4079797880291691,1.4285840388766515,1.407989627140747,1.4360405342315603,1.4274725469581988,1.4357509084915778,1.4530013176195034
-3.6965395335371336,-3.619772705506067,-3.4478164763215866,-3.3895484207507467,-3.2890768798647385,-3.0601439843874045,-2.99011659917705,-2.881487045881668,-2.657604132634545,-2.5623634659821897,-2.4342727940960804,-2.363228204729206,-2.098632302180483,-1.964349291481681,-1.92812266126615,-1.6861376909202246,-1.512755159199922,-1.45244894373469,-1.2959521114258323,-1.153408437673436,-1.0431885765118851,-0.8214225963517202,-0.7087490251124726,-0.6656814799327225,-0.9113173145050653,-1.6347523774028772,-3.248477315039975,-4.196854335783958,3.9603453461577596,4.347403302453066,4.255225427095951,0.26469667553993076,1.2358105008939615,1.1771597458654082,0.3479137717177811,0.41297424221428614,0.45288359813761464,0.5689713956043055,0.6465080081539581,0.6721379115576277,0.7491482906716914,0.746340430492216,0.7882021127685267,0.8216996845462243,0.8891528615544265,0.920401517184423,0.952408520156139,0.9879683313191486,1.0255840459755357,1.034599395636377
-3.5043296112171096,-3.4969446078673037,-3.412275545708906,-3.3637176913630222,-3.3216349692648706,-3.1894990820757534,-3.102040675212162,-3.014908076728575,-2.889148630930262,-2.776928947724626,-2.663994226822843,-2.6325455404534366,-2.441560400184715,-2.405127582140059,-2.2989556332731462,-2.058795147382262,-1.9692531681857999,-1.850956825353711,-1.7213989705419601,-1.5957859541018036,-1.5593050247530678,-1.4071734828591886,-1.265309226559951,-1.1146026409301915,-1.0010103248848492,-0.8823877529721927,-0.8557927722916744,-0.7340462566606146,-1.1289453310191253,-1.2670721275039192,-1.260883381610006,-2.994797107005077,-2.4642651664855015,-0.8333166615144286,-2.6162051545079925,-0.7142560939564494,2.8424533186775944,3.6373563209030815,1.5390255849492602,-3.2501034308322128,-1.6523640533978325,2.2811244616599353,3.596361038091683,2.3146401782993236,0.5837052974598816,1.3985768209236689,1.58396108518237,0.7216323685529171,1.2172694504075836,0.5026249537084391
-3.3478489189936114,-3.3396739956202444,-3.263363433145252,-3.2453909070363864,-3.215982818054583,-3.0846005392686786,-3.0660470740519794,-2.9872970765003837,-2.8785205514802965,-2.793300062705253,-2.7443208749194885,-2.681027523843364,-2.559534269118159,-2.494396097375233,-2.3963236944005946,-2.306812545401899,-2.213785005147588,-2.1491294671948333,-2.0177909634613798,-1.9211144222758798,-1.8310601479937498,-1.639310296649701,-1.5837895855736002,-1.5016394960289121,-1.373781782716867,-1.2818665477404358,-1.176454658056336,-1.0925035911475545,-0.8794208161821888,-0.8554852763154691,-0.7968255077155468,-0.7139632885982604,-0.6389480691504292,-0.590073488362256,-0.5738395517772775,-1.0317012690206693,-1.0752170567456452,-0.9488096929310985,-0.9288562949355244,-0.6920112113855214,-0.9248361098508415,-2.1278768698807995,-2.8659066998796625,-2.4824925990049436,1.53933144168252,3.499441398792688,3.2509578357533107,1.5431299162965562,2.9247273481376017,3.300076676373561
-3.204725805953672,-3.200788553554742,-3.1344041540659036,-3.127801349584433,-3.079927476660955,-3.0068312608829353,-2.9626175049759245,-2.931395197812423,-2.785539248180613,-2.772639014265879,-2.735642053828143,-2.6655883343810314,-2.5887224858845026,-2.542509284462953,-2.4882385039745034,-2.3859894441265213,-2.351431821711597,-2.3107807099010724,-2.201869147569271,-2.119107077881218,-2.0408946527331784,-1.9167047270829085,-1.8061105171018748,-1.7589251504657524,-1.6354624764821586,-1.5623683952262062,-1.5082878861567128,-1.4876964706600115,-1.338455803677433,-1.25706077251555,-1.2121365046360686,-1.131593151508175,-1.076128269915514,-1.0224898659518473,-0.9306264630336469,-0.8675875031534076,-0.8525127100038435,-0.7924120992647682,-0.7444695800065011,-0.6751489680941191,-0.6274157568920176,-0.6196920916690842,-0.5956480987057611,-0.9840691232495495,-0.6929656142062914,-0.5413080153039698,-1.0291548351378779,-1.627636758201776,-1.6309709244679949,-1.6084489870786625
-3.1076199541475096,-3.127479629660089,-3.0668141987664637,-3.0430690693726783,-3.03156437839052,-2.988072890754636,-2.961731410063653,-2.927886950824495,-2.8421567877912532,-2.7802135393618927,-2.753281404099493,-2.7324295123926334,-2.65767941979627,-2.597826486212912,-2.5436022897306976,-2.486027981683204,-2.4492677833020955,-2.416949121958989,-2.3129944217309877,-2.2776120757818488,-2.21984569539586,-2.084610738523756,-2.053569138962244,-2.012607100954361,-1.8840867795017218,-1.8002024131536265,-1.7569853937884214,-1.7419517091131185,-1.639628624623565,-1.5431352829671128,-1.4681931116469018,-1.430200668250723,-1.4072222094192315,-1.3391657584987102,-1.2083351195735663,-1.1934845037675235,-1.186791739142485,-1.1167187731030348,-1.0695662747091441,-1.0417028227355138,-1.0157871690926077,-0.9709697343785696,-0.9120984708759672,-0.863343618931834,-0.8460820452982327,-0.8373340833211973,-0.8145396233003599,-0.8039949495574066,-0.8000687558367952,-0.8044399366606918
-2.975119406015167,-2.990668461108419,-2.9533257423841026,-2.931869001761587,-2.9194508973582867,-2.8678162254064428,-2.8444135520976417,-2.817196751786953,-2.7817545781192994,-2.7492945956321244,-2.722680193173,-2.689259638005801,-2.636007143131813,-2.6033507171258203,-2.5540874331962646,-2.4797545934815846,-2.4437886335399925,-2.395480084338035,-2.348327725418779,-2.32051106308808,-2.2605805689343392,-2.2116453875292468,-2.1840993679951595,-2.1262964345553064,-1.9672598725705135,-1.9273294178919687,-1.9266515480756627,-1.8889102462972098,-1.7920655340205403,-1.7535134740269411,-1.743046694239573,-1.6466071060298877,-1.59036636529109,-1.559921255288794,-1.509358472092128,-1.464308533264842,-1.4149523827696704,-1.3564601841004025,-1.3321150880076413,-1.308968568936351,-1.2123643669126645,-1.189098507754219,-1.1680126677146585,-1.1854450384393191,-1.143634295685247,-1.11671901764854,-1.104353011728446,-1.133656877107929,-1.1645158081991174,-1.2068397382339768
-2.8892173051924805,-2.901460241300076,-2.872481888432309,-2.8659838102522652,-2.8656099312861816,-2.824960768706499,-2.8068600635036027,-2.798144699906752,-2.7540257231203915,-2.725317653102694,-2.709300559206541,-2.7089245695431594,-2.642564933472916,-2.629922939863067,-2.6105416118199054,-2.5339434852011604,-2.5158285371720077,-2.4896915878166883,-2.4091011112735665,-2.362952408967303,-2.331730536218012,-2.3080365959859614,-2.24115335529852,-2.199240171603331,-2.1599015068142196,-2.1296385523099643,-2.084415080653097,-2.048993311571616,-1.9892475904853015,-1.9547970720392907,-1.9107904014537291,-1.8724917350590593,-1.8371782667624683,-1.8190725905361884,-1.7430746665104768,-1.6932945818340202,-1.6991711517224037,-1.687712937023071,-1.6811808215009632,-1.6769719526775773,-1.6257231272334918,-1.5939543249768429,-1.5640901806252883,-1.5727007221735898,-1.608260011236269,-1.6354171169152079,-1.6929397874723107,-1.6528986440484996,0,0
-2.794201516026598,-2.800147666184047,-2.7835862401511284,-2.7742941550515976,-2.7754789414000958,-2.7548460807125594,-2.742206101348373,-2.732270551086711,-2.70403591781175,-2.6856650890548424,-2.688118410066833,-2.6784173431424825,-2.646064438985286,-2.638120475926849,-2.6144218830149257,-2.5857551924976088,-2.561519797536656,-2.5249323027729047,-2.4911091473210343,-2.4743078365576285,-2.4409502537945436,-2.398051523961152,-2.3643531544037906,-2.3508420283200016,-2.2922957854622816,-2.2845847259098733,-2.268834941895307,-2.2140919235211203,-2.1591241523535167,-2.1398675523737647,-2.116035020253641,-2.072459367482,-2.034080627062012,-2.0063071633328207,-1.968870263021227,-1.9248217865352668,-1.9010633602751126,-1.9085486577680264,-1.9074236938080769,-1.876764768566699,-1.8621409551241703,-1.859431710642784,2.208861191655547e+38,0,0,0,0,0,0,0
-2.719509054196617,-2.7288096633574064,-2.7114777547461406,-2.7167381712772873,-2.719808503035752,-2.702530411122009,-2.702079851709813,-2.7119673172365832,-2.6980765735661385,-2.703989751505794,-2.6968985457588093,-2.6918343865302807,-2.652100498092444,-2.6607711468163755,-2.6459306913428318,-2.6169802253737355,-2.6013459477312852,-2.5844400692629366,-2.534055788621345,-2.5232221473101517,-2.51526522599027,-2.4787870688772204,-2.4715183554668854,-2.463650846422041,-2.410686133346001,-2.410295483830148,-2.4066040140889338,-2.379405344851892,-2.3137813662875755,-2.259134768432926,-2.2378950185137856,-2.2379511842073923,-2.22539417966049,-2.2159528675327587,-2.2265973494149027,-2.2019880387304345,-2.190588235551631,-2.774224131135138,0,0,0,0,0,0,0,0,0,0,0,0
