jsons/1312844400.json
{"header": {"parameterUnit": "m", "parameterNumber": 2, "dx": 0.1, "dy": 0.5, "parameterNumberName": "Eastward wave", "la1": 40.97354507446295, "la2": 16.46031188964855, "parameterCategory": 2, "lo2": 133.9931640625001, "nx": 191, "ny": 50, "refTime": "2011-08-05 8:00:00", "lo1": 114.97908020019554}, "data":
[rows 0 to 21 of 50, columns 49 to 97 of 191]
0,0,0,0,0,0,0,0,0,0,0,0,0,0,0,0,0,0,0,0,0,0,0,0,0,0,0,0,0,0,0,0,0,0,0,0,0,0,0,0,0,0,0,0,0,0,0,0,0
0,0,0,0,0,0,0,0,-0.12678478035624716,-0.21161849320149345,-0.24529977840390502,-0.2416254057881299,-0.23924623252210364,-0.24387851832292973,-0.24010717616878108,-0.23357765308846218,-0.2269367333116651,-0.21972546769280074,-0.21451246524630455,-0.2182622670312851,-0.22158155427011508,-0.21442474618611337,-0.20792883817718305,-0.14490423351972978,0,0,0,0,0,0,0,0,0,0,0,0,0,0,0,0,0,0,0,0,0,0,0,0,0
-0.22659915989596388,-0.14410638656988928,-0.2508544278117177,-0.25035253264053287,-0.27250208684807015,-0.29725298435534137,-0.3205309750169584,-0.35614195732521675,-0.3583766215149534,-0.3658131460504689,-0.3693817473184053,-0.36899542663864643,-0.3688721079751868,-0.36647658988939363,-0.35633707618049487,-0.343171797773187,-0.3385702538836004,-0.32718959787768515,-0.3088622693428914,-0.2932579679598639,0,0,0,0,0,0,0,0,0,0,0,0,0,0,0,0,0,0,0,0,0,0,0,0,0,0,0,0,0
-0.4009203667084981,-0.4267512887519804,-0.4510373526294355,-0.462920510922181,-0.4550026788610241,-0.4527642887474726,-0.45345965061811794,-0.4356020618481163,-0.4294570269219161,-0.4240443354695931,-0.4107985160730012,-0.40244818152344597,-0.39783515039112227,-0.38677764814144006,-0.35981432521197276,0.31929812873740104,0.05502255724401416,0.2469190456946927,0,0,0,0,0,0,0,0,-1.2712062789629213e+38,0.18041081990337693,0.12574898211423588,0.05586657415894142,0.08865535118037234,0.06716545794017931,0.05387753927256886,0.038648897937078396,0.04459426827355086,0.04160930910397434,0.07934769019954845,0.22621716532201433,0.36461353486686665,0.5094203596081319,0.7167453668433977,0.7918335938680983,0.7651524977194935,0.778428804716363,0.8137211415502085,0.7942722661862469,0.7808119456835526,0.7735732953893838,0.7138824682040952
-0.48143682497746104,-0.49504453918287133,-0.5164197691007042,-0.512232648260834,-0.5167594179268264,-0.569769052356504,-0.5861556715414905,-0.6353362605906762,-0.63405402629197,-0.8049062317337247,-0.6772767372857629,-0.4904473907140005,-0.4747663659368137,-0.5055981705654936,-0.43540549560384034,-0.4866465395724644,-0.5232664585790152,-0.3830796806368753,0.06400594333197579,0.2034632045854294,-0.8884579498328093,-0.12463491154497712,-0.2223647816955114,-0.30437593785193745,-0.43084304984433686,-0.4987565296778831,-0.5535974410661658,-0.5780617370879974,-0.6106245545029861,-0.62083731606841,-0.667490003552904,-0.703305835408925,-0.710789604271188,-0.7258350692847124,-0.7019487776555114,-0.6278723463040631,-0.5806759352219028,-0.27389546024904116,-0.13689224848071885,0.1311628022169069,0.610115929118048,0.8761346447332226,0.9334838220835103,1.0162690463553476,1.0726707678066534,1.0572724360523462,1.0529727540404774,1.0020245434834085,0.8934316769288967
-0.6033994879749555,-0.6344472377523555,-0.634983630617602,-0.635749260696838,-0.6724080423351535,-0.6749388198191822,-0.6843071108314644,-0.7108191612061446,-0.7314536761483906,-0.7115304435738814,-0.7269331244627741,-0.7480202217856234,-0.7359274558269933,-0.7468197241605912,-0.7594619551382278,-0.7434069799209166,-0.7684645303648613,-0.8091977641870606,-0.8470195394748026,-0.8600588935564245,-0.8958984069415246,-0.9894831080429225,-1.0127255201868959,-1.059878064711393,-1.0709540948405274,-1.1024181557259998,-1.1139882280903681,-1.1299531396861942,-1.1544302248052398,-1.158202374383886,-1.1746019972487654,-1.1581242816748116,-1.152321717954371,-1.134599114992146,-1.1264373289368035,-1.08007324346254,-1.0300516199760172,-0.8147355276037,-0.6062161151232686,-0.3649345323295618,0.6531629144064741,0.9506703553471263,1.0582735878723557,1.1490932014183268,1.1764172236721762,1.1545239470328632,1.1297690005789205,1.0931495412680994,0.9589753972885299
-0.6884564312838937,-0.7245557388989747,-0.7453071423406797,-0.7689652585495845,-0.817785461662533,-0.8317466350687599,-0.8428935559588366,-0.8731269578532883,-0.874974453424233,-0.8840856332890628,-0.9184189984880241,-0.9482611703336242,-0.958147053762438,-1.0034329076468091,-1.0231857335963683,-1.068341762051145,-1.089827275790257,-1.1298343752894981,-1.1456182987183148,-1.1686123405787323,-1.2007782167033998,-1.2148098407654067,-1.2276579923621924,-1.2457328150884865,-1.258245386671868,-1.2795958661516604,-1.288934955103743,-1.3005100080524556,-1.3281078217974458,-1.309181976331261,-1.3068647594617189,-1.315032459984733,-1.2804181036956357,-1.279437695672049,-1.2699497044736132,-1.262136053830864,-1.2366913245375513,-1.2071186397651497,-1.1093901200854346,-0.6165938091623034,1.175662182487127,1.1362767592606215,1.1331110535507378,1.1285966029461247,1.1218816545548513,1.1437334622662618,1.1276246769709044,1.1073958403904243,1.0637925270668849
-0.5306632364230043,-0.49861414395297277,3.2740611871570088e+38,0,0,0,0,0,0,0,0,0,0,0,0,0,0,-0.9051960227106953,-0.9427320302929134,-0.9345435118039268,3.4025318196102208e+38,0,0,0,-0.999248047339487,-1.0747460486073013,-1.083425061122678,-1.1479045671464765,-1.1999438281015313,-1.2560752888865439,-1.2742202703986438,-1.2761850931582928,-1.2534027026613008,-1.2396788291402954,-1.1985327435695232,-1.1431952559821472,-1.087451975565154,-1.0835051619226275,-1.1515859423219923,-1.0357164957561764,1.0108403350887372,0.8801547586263415,0.8697998444650646,0.9471997227591622,1.0628834382148853,1.0748791854249617,1.0896285940375718,1.1005605487225731,1.1067095252009955
0,0,0,0,0,0,0,0,0,0,0,0,0,0,0,0,0,0,0,0,0,0,2.939447313807207e+38,-3.310394358785963e+38,0,0,0,-0.7344158763161552,-0.9829889154117687,-1.1036113898886035,-1.1507777430868547,-1.1520931458435197,-1.1483897133135244,-1.1116483398922297,-1.023829866397648,-0.9638050461326053,-0.8589485174665374,-0.6599236528749697,-0.9718388224736015,-1.1110532514476585,0.6781108571964463,0.8570626297163066,0.6748379651284514,0.6796336865886916,0.819418656400744,0.8468095442458136,0.8790846436088016,0.8918636278733894,0.9073987545449145
0,0,0,0,0,0,0,0,0,-0.24733450349176198,-0.10620966476042497,-0.40386576918733536,-0.4390555465001374,-0.5260217657261749,-0.5321500597194833,-0.5589919175070966,-0.5499900677992835,-0.5707631364011897,-0.6249736387486525,-0.6738557713912382,-0.7195083132180412,-0.7548754345299891,-0.7820373419765796,-0.8539766335872975,-0.8830398178358143,-0.9259913179155458,-0.9812425238070558,-0.9991333226168099,-1.0167271472354489,-1.0472799367157455,-1.0619123163079738,-1.0233253220996552,-0.9983467123775657,-0.9585089269554602,-0.8184393726186969,-0.7134444411338579,-0.6338327547482762,-0.7867443423592861,-0.830660576390564,-1.036607626344635,0.6135411994300264,0.5962043276523988,0.560402226404219,0.6820968211231295,0.7396253809484655,0.7663413754414914,0.7935627463670464,0.8147160598232998,0.7960485452141655
0,0,0,0.13205236525646322,0.05284892370350991,-0.12890948510841568,-0.1955618306054004,-0.2819073313911166,-0.4385278500596004,-0.5981248392365066,-0.6618875599702483,-0.7160002756027963,-0.7441274959869256,-0.7754461254281081,-0.7890724778922004,-0.8088848104239461,-0.811635798296463,-0.8361788983198736,-0.85286594508025,-0.8680078364305334,-0.8953350263213526,-0.9161818972666402,-0.9310618148888417,-0.9580014917580458,-0.9744078005120058,-0.9564287442080351,-0.9664835549063193,-0.9628734379391999,-0.9321243984460191,-0.9223909937363747,-0.905753218981885,-0.8511135687218261,-0.7695152598555967,-0.7328745268022019,-0.5749649497598643,-0.49851821472434843,-0.4162092609525234,-0.9745905581539449,-0.24831703312598902,0.9916909444020132,0.4864847948349982,0.3574087758185546,0.4392494893029593,0.5350056075795399,0.6227400878547893,0.6769759290162448,0.6972795506716253,0.7160145978551676,0.725350547251362
-0.3348235142980825,-0.38657640908591223,-0.4903802667775325,-0.5537322808713733,-0.5938728599890718,-0.6698346561041391,-0.6862335040641944,-0.727765610878558,-0.7574258774703411,-0.8015749601979318,-0.8440044394510063,-0.8807747741192821,-0.9073170327971143,-0.9178712831689444,-0.9275077131094746,-0.928528894120882,-0.9313212532624942,-0.9373704313376686,-0.9416569494056996,-0.9540868673133654,-0.9732900203312808,-0.963814809875602,-0.9590215514517353,-0.957743662130353,-0.9521017028683311,-0.9183811578760698,-0.8973376767025066,-0.8675483758319366,-0.7762263449248743,-0.769324347697502,-0.761093367109861,-0.694741383275316,-0.6468106656076281,-0.6046368779120312,-0.5052536859926114,-0.40918088260996094,-0.36484555882530695,-0.5729121251178981,-0.26941154631905695,-0.6944952386748559,0.5601632835711968,0.3169152796107592,0.33721779494221527,0.4051668775952415,0.5181770350121856,0.5420798737498118,0.557257894679801,0.5776465537551171,0.5938191110146142
-0.5886742324522022,-0.6222687790517948,-0.6695689196097763,-0.6875469386038239,-0.729225053928144,-0.7621713182090145,-0.789400354021836,-0.8208436412002799,-0.8437807208036924,-0.8715159027575131,-0.8948403695356958,-0.9145614060437577,-0.930558938407918,-0.9471252739894283,-0.9563830664757464,-0.9581002090174301,-0.9735694913481372,-0.9909208394944018,-1.0006987545701869,-0.9937462622551709,-0.9982552712648699,-0.9810901965891278,-0.9684671889571287,-0.9545476493278992,-0.9412875607052802,-0.8952143950633489,-0.8624050799738665,-0.8495221501802727,-0.7853173596318016,-0.7450042009790806,-0.7063799644859268,-0.5949267019692599,-0.5738810512523042,-0.544677425300492,-0.4510369704066668,-0.37765030160473523,-0.3486450718459085,-0.3211496265282955,-0.401348853230596,-1.0612697846962715,0.9235805466659327,0.6292948244580905,0.4293880607929713,0.3155096468146268,0.38575474591063325,0.4475881506867986,0.4777273135853837,0.5176428637609355,0.5253090033061412
-0.406026509781748,-0.47233407830719776,-0.5096698143885467,-0.5708744722889844,-0.6379192990717186,-0.6803865022394094,-0.7123843686430325,-0.7400009445783514,-0.7523984406887415,-0.7705809386506333,-0.803441572668763,-0.8178618003267261,-0.8343677205294215,-0.8645675903857958,-0.8745029718301115,-0.8891835351028884,-0.911375030960521,-0.9626445393710265,-0.9828060304152694,-1.0008480123274444,-1.0171003455512062,-1.0038659591975367,-0.9901047708314491,-0.9732565905086908,-0.9511214033802783,-0.8781077572413496,-0.8302243984815293,-0.7887979355379026,-0.7360517543643831,-0.7075017728893945,-0.687143026142164,-0.6212547544282584,-0.5847026281320465,-0.5517748471278479,-0.4579332579978661,-0.42913654143263713,-0.37086775169759134,-0.28472001325565544,-0.24517254166123623,-0.19064622493380518,-0.31169992387636725,0.9198324563705003,0.5218774852266947,0.49664730208131685,0.29238532917574944,0.3258714098572665,0.36639786034894267,0.45254827569767486,0.5102942978927799
0,0,0,0,0,0,-0.4468167971046227,-0.5757701104302084,-0.6287733615400336,-0.6744375413179748,-0.7055085460649018,-0.717584306912397,-0.730344233940029,-0.7751998370858877,-0.8010742267742039,-0.838925874511525,-0.8550046278969997,-0.8828339145504305,-0.9089486088761536,-0.9225397205682544,-0.9441316911062355,-0.9283911958854226,-0.9068133245687965,-0.8909376596373338,-0.8707984012195255,-0.8245047195940924,-0.8110205945454989,-0.7910391192252866,-0.7423486023294771,-0.720864305118753,-0.6991284571346797,-0.6525017031701134,-0.6304091055634884,-0.6045362420790541,-0.5261714910437942,-0.49159766812021227,-0.45826630832027104,-0.3638505412862515,-0.32685310370617693,-0.3086233389688646,-0.875473029731772,0.8145223659147541,0.9686368284616311,0.26038520869609294,0.3238924407440951,0.34317652687350725,0.39659172509212093,0.5070370338070451,0.5413184541079419
0,0,0,0,0,0,0,0,-0.38470660309049154,-0.5049631806245247,-0.5926993366716701,-0.6081813255807885,-0.6040954166983938,-0.640263272696872,-0.6593912560241095,-0.7072134792879863,-0.7477754074080363,-0.8021847750922171,-0.828832495677609,-0.8473793494383917,-0.8869028508626113,-0.9031123779602188,-0.9171479629449198,-0.9289794947230793,-0.9215790925399421,-0.8928814549723603,-0.8563065352775727,-0.8378197029129733,-0.8025350134752314,-0.7920675398719215,-0.7585024715050517,-0.6970261612456838,-0.680593550085089,-0.6527477548572971,-0.5786508429472558,-0.5357517373289404,-0.5093541613593712,-0.4158118678546009,-0.38602149386440243,-0.3536598380221758,-0.24210880445409272,-0.3314106297559919,-0.2661855754305742,-0.0621378301592748,0.43437374160390757,0.1616259602899802,0.2355160612246494,0.37004863266678223,0.44718426669951294
0,0,0,0,0,0,0,0,0,0,0,0,-0.19628791293102604,-0.16331222434908296,-0.22556609608727266,-0.3426450313200317,-0.4263725575492872,-0.5592627342786366,-0.6371203898527341,-0.6880599843315734,-0.750340732412191,-0.7799219345061236,-0.788951048716806,-0.8110063827560625,-0.8222631103343002,-0.8257291740728967,-0.8376676223962728,-0.8274387345953964,-0.8144762754748585,-0.8110967245192238,-0.7912020167014533,-0.7488923854002335,-0.7042244883484984,-0.6974192719984986,-0.6573405071245562,-0.6386601298994411,-0.5933556701890252,-0.5110751737362672,-0.46142525924815264,-0.4281072340678533,-0.3217149167024245,-0.23846160406780598,-0.21033595569089467,-0.21894428792395582,-0.6080085303353374,-0.15058618257454734,-0.9374967982373082,0.9771685529184518,0.4228355853617398
0,0,0,0,0,0,0,0,0,0,0,0,0,0,-0.20997882353823294,-0.1920777873195223,-0.32614710292804194,-0.42447569153061243,-0.508362802933081,-0.5625842303815478,-0.5985650209725701,-0.6371061591000222,-0.6598891329906997,-0.6952778942744289,-0.7187730919925034,-0.7497526207758326,-0.7878754089120868,-0.8014755308346128,-0.8108751785048561,-0.8184040635701575,-0.8065345844802817,-0.7741910464105967,-0.7536685719080096,-0.7350563446196793,-0.7104906901824959,-0.6888010261608825,-0.6573884315027408,-0.6106438301669125,-0.5777296407157252,-0.5149104231417306,-0.48483973310620654,-0.4261466260143935,-0.33250169977505367,-0.2948462076892242,-0.13177710593086522,-0.5594013258185568,-0.6843402502374719,0.5092327939886915,0.2820844063460586
0,0,0,0,0,-0.004125164340257042,0,0,0,-0.008347011960161715,0,0,0,0,0,0,0,0,0,0,-0.23575656136968284,-0.41601996955024456,-0.46648986902591466,-0.5251003862006582,-0.5555215942940579,-0.5927403925173056,-0.6288816572059186,-0.6605477708142089,-0.7236230811264985,-0.7643366173303536,-0.7724519657449372,-0.7707430550798785,-0.7793476148930942,-0.7799551420152869,-0.7767404401093918,-0.7672578327149894,-0.7728777833133343,-0.6939501184122268,-0.6730659302661623,-0.6497236877077568,-0.5722168600690163,-0.5356432746185286,-0.4972167083203605,-0.4495459173102734,-0.23593020813289206,-0.544893408288028,-0.9098097597442055,0.6697680557942628,0.22182842801702657
0,0,0,0,0,0,0,0,0,0,0,0,0,0,0,0,-4.0353697129882185e+37,-0.0184133502748303,0.031591506681244254,0.04993083337406331,0.049650611436752895,-0.02048056355850201,-0.0879739276762949,-0.1997298441898994,-0.2700374716350844,-0.3727807976812099,-0.47461355732667687,-0.5336115067995824,-0.6374098010903209,-0.6980552058914008,-0.7358001122252602,-0.771253946742844,-0.77635295333879,-0.7655845315933447,-0.7327480972763318,-0.7234781654575391,-0.7017927073279524,-0.6299965724059635,-0.6118704354099294,-0.5989141562486081,-0.538242988756315,-0.5235191817609568,-0.4903036549425162,-0.4261405776053571,-0.261416560872703,-0.4233652306063635,-0.5506538773350996,0.29042535876668235,0.5970426054588935
0,0,0,0,0,0,0,0,0,0,0,0,0,0,0,0,0,0,0,0,0,0.061003976593088635,0.039982227604901784,-0.030716712751922285,-0.14496938832881556,-0.29502515378262606,-0.39558312502113896,-0.4478115573602423,-0.5644682873346876,-0.596701172321695,-0.6435172743856239,-0.7314953575602916,-0.7633752736085242,-0.7730715812107974,-0.7459024325012973,-0.723942208268592,-0.7058924349561179,-0.6866195247502422,-0.6373283133697003,-0.6354314274549417,-0.544245708443793,-0.5114477909757784,-0.466420556298403,-0.3895483750000374,-0.3884503244031883,-0.6761478519728725,-0.20306591563668241,0.2862804830385135,0.31682643367428587
0,0,0,0,0,0,0,0,0,0,0,-0.018391098750635593,-0.023820451906029917,-0.029223616611107058,-0.029481594024394202,-0.032267474106188895,-0.03361862178113925,-0.03424392806278462,-0.02707726422533427,-0.03645350235869941,-0.044905512648380316,-0.18478379616925164,-0.25765832187431337,-0.35647321006730687,-0.15720185436330014,-0.23163965417247762,-0.34628555935333,-0.42124086335061744,-0.4533377579286366,-0.538254538579305,-0.6852432977837877,-0.7762260576836063,-0.7754464673454196,-0.7355931773300048,-0.7100353114397958,-0.6947527693777913,-0.6784556070712554,-0.6138561056760794,-0.5454484175998775,-0.5436599757328952,-0.5931065491640466,-0.5747096567738105,-0.5595374455868395,-0.5737307794904805,-0.5068963497134608,-0.5177066392387072,-0.5786914269257599,0.8324915505970993,0.7104188549612525
