jsons/1312621200.json
{"header": {"parameterUnit": "m", "parameterNumber": 3, "dx": 0.1, "dy": 0.5, "parameterNumberName": "Northward wave", "la1": 40.97354507446295, "la2": 16.46031188964855, "parameterCategory": 2, "lo2": 133.9931640625001, "nx": 191, "ny": 50, "refTime": "2011-08-05 8:00:00", "lo1": 114.97908020019554}, "data":
[rows 22 to 43 of 50, columns 100 to 149 of 191]
-8.140294905698928,-8.173455118125027,-7.929102946211989,-7.978667495321218,-7.9476060597885025,-7.796580107219471,-7.66958655492592,-7.551354082119622,-7.298387182908326,-7.018864976368207,-6.806819016393578,-6.564498078262669,-6.21670339267516,-5.9063863315751854,-5.722919150928158,-5.2544688042867165,-5.086421630456094,-4.843847816204991,-4.517389669744778,-4.310844948073643,-4.1267467967020295,-3.808228161509576,-3.5501145863205408,-3.281091234500195,-3.005426425383175,-2.798299680370158,-2.662209152195269,-2.483723905508806,-2.312894533990465,-2.1671949288456793,-1.9747421339646216,-1.8090947186408601,-1.672719794231278,-1.5414184025049202,-1.3846976056243074,-1.297594558585364,-1.2003659906193271,-1.0820713858778,-0.9742287456452409,-0.8883730706164205,-0.7630467263756232,-0.7090723617608568,-0.6358574264438429,-0.6137433757688823,-0.6168360764799632,-0.5909311200462605,-0.6260393960658539,-0.6408914339818395,-0.6262805890305554,-0.5910752285924012
-9.644018191723667,-9.932804804310084,-9.627006279270226,-9.722045550968929,-9.58295567333084,-9.270563406292654,-9.016984802362305,-8.792844819717919,-8.304588507419684,-8.03521615938198,-7.746170354677751,-7.409144955293455,-6.981068711720465,-6.549684052615733,-6.243153221967129,-5.828987763957652,-5.546707267193745,-5.242763334188335,-4.829287271964484,-4.669306724002712,-4.344942832332281,-4.010191619364351,-3.753117155285228,-3.3966486597264614,-3.131422633262773,-2.9249614770770354,-2.7352737196027213,-2.577266043695332,-2.428329078779749,-2.2473852983960816,-2.145519017714165,-1.9450795697380174,-1.7635738427841856,-1.717142660187485,-1.5018163522728514,-1.3667540523112682,-1.3058443336319023,-1.102525380466142,-0.9939491581244059,-0.9200797866003815,-0.776881938132778,-0.7037601414370818,-0.6605903219525184,-0.6925030821116892,-0.7762116993730932,-0.7911044258175888,-0.8346687228033903,-0.892831972923087,-0.8872760209148179,-0.8182878184519128
-9.338542292484862,-9.759378712803048,-9.59944393356337,-9.642110289923279,-9.711208248178837,-9.370339007106724,-9.29305426116186,-9.158860569034442,-8.691452380432029,-8.359292480634759,-8.071017500729305,-7.687480505244118,-7.054693097278643,-6.786420969671852,-6.4193819219868224,-5.981169571644701,-5.505974758184236,-5.294046629526682,-4.810082345094392,-4.402987304043787,-4.0921687557349085,-3.6782231797240645,-3.47298689130151,-3.265056110841318,-2.987922415483121,-2.8480957183150983,-2.6609194103763003,-2.44661431510584,-2.229927259573582,-2.0387404552668866,-1.924796650527667,-1.8003512525901737,-1.6557163773866594,-1.5767354511854315,-1.403997644044336,-1.2824469779126246,-1.1651616163909617,-0.8411850208816137,-0.742565074063509,-0.5362254520889177,-0.35618462505975884,-0.3757141550660566,-0.4154547745895362,-0.7304666913343247,-1.0822934642096511,-1.1846722109868995,-1.3540754057361384,-1.4216793306919049,-1.3288867275578278,-1.0867899560848189
-8.418288146527923,-8.465977178994077,-8.49803004767651,-8.492214853152971,-8.5846584657765,-8.296398390860814,-8.293761851432237,-8.428704811136171,-7.870922932563577,-7.655218473137051,-7.668594534130485,-7.40838952406173,-6.998292008224129,-6.610365685189252,-6.380297399463214,-5.8425073777424155,-5.332159532006939,-4.938175222414819,-4.378584395122728,-4.104127962210407,-3.745183357281931,-3.2772928438508524,-3.1089499522281887,-2.777854610118326,-2.474022496413097,-2.341113756783929,-2.102812849155057,-1.9733217734394555,-1.8283945966990034,-1.6725767614144422,-1.5971678343948104,-1.4026322854399143,-1.2867535137319928,-1.2259064641851949,-1.0197187587816492,-0.9270666808792806,-0.7678251974031838,-0.5038190992537768,-0.39843571966610913,-0.25034374217032485,0.15104738299896478,0.3924659024728279,-0.03680454416860975,-2.903865473742166,-1.2176403065528865,-0.11312777734812454,-1.5920907441978729,-0.9632771292039123,-0.8517965906277383,-0.36507369942078627
-6.863059737628911,-6.6908237817422735,-7.194915863887862,-7.42807224186384,-7.504361662918606,-7.416685290471901,-7.251769863568386,-7.1955087760726295,-6.7867370336113435,-6.748301695414685,-6.590759594148008,-6.419111747725394,-5.896405554043215,-5.7431057449913245,-5.376355300871527,-4.748506727664618,-4.484431939891304,-4.183323460324419,-3.561157654176443,-3.3474979002527876,-2.922491287579203,-2.5926542115362246,-2.313613783719805,-2.1098654525777407,-1.6614388637703763,-1.4811311423772366,-1.3404095016884765,-1.21852620108549,-1.0541089147048908,-1.0149731926039343,-1.0034149659699765,-0.8958763284731747,-0.8134261890578413,-0.7250838569823814,-0.4437720833614868,-0.2743666327024082,-0.1198060458977852,0.19908792795121008,-0.19663470678993467,-0.38410469198547165,-1.8089581949030755,-1.4921690637103209,-0.735178345734792,-0.4728762779460417,-0.37090086229235963,-0.18995456095233149,-0.17535567647363537,-0.024870005180256415,-0.03876652066669378,0.038738292260782584
-2.013704375583272,-2.0097105028742814,-2.431414298732158,-2.7902165607330938,-3.4162606400274087,-4.911895321905479,-6.166567344827277,-6.3475740163755345,-5.553076485617843,-4.564217379489329,-4.2030037190516225,-3.6350397694401755,-3.565964318362486,-3.4836836691010067,-3.390107155687692,-3.158437526372247,-2.926660369729821,-2.6426930469251606,-2.1630923802865256,-1.9242899242534977,-1.702672933914196,-1.2053648125821514,-0.9321204300000854,-0.7459713692831286,-0.5077004941928831,-0.4458833888081736,-0.4458676711670714,-0.21023494684769478,-0.04912478326742452,0.05417118247924462,0.10596711882004627,0.08083944876322367,0.03385980023889471,-0.15516688331840484,-0.115396483280172,-0.09117048854350072,-0.0905904112618177,-0.15944425833890397,-0.24468728162440023,-0.25082568047655246,-0.18420126925810737,-0.13113916561513608,-0.05433512374410985,0.07165676040140291,0.12915121327152568,0.17812282580139205,0.2132530829128141,0.33292182689319605,0.39073112419735134,0.45583604439768066
3.0322496718343817,3.292402278292955,3.6759834341112767,4.138316784514754,4.264394546007925,4.385426414161619,4.622451758690253,3.7954727612347563,4.157922499136276,-2.6588892744582853,2.301899516915714,3.0611366021310453,2.6448963537718284,2.516418151155496,1.8196111838187756,1.1583527481985751,0.6614584262443232,0.6044071140398726,0.4081573401655644,0.4951423266649414,0.4927861651518036,0.7942909142201338,1.0354090001875187,1.0826269047885682,1.4326436304877956,1.6041011047976714,1.7131215376209155,1.8008949101294678,2.203785828626987,2.3626641839317433,2.3329032107088965,1.8380883408253745,0.6167681106468802,-0.19540708864198048,-0.6279787701217162,-0.5182710580318647,-0.3399244876785252,0.022436678496349467,0.17108996579609617,0.2574490340535079,0.41648536786816254,0.4927832077827506,0.5831368442068492,0.6646672536419821,0.7479684615601105,0.7979982945272,0.8337662739303852,0.9520710684721625,0.9544357035901369,0.9889251899120205
5.134356320193027,5.267125969730393,5.604684469451374,5.698840422740329,5.670172609467407,5.586530435667516,4.340235108378218,3.502696145865699,5.715731324045082,4.973982797793147,5.048829292457484,5.387719715607565,5.103912895134378,4.869140074471273,4.7272691560283535,4.367506907325919,4.258944647517558,4.151012268609901,3.953585363255607,3.849991018844927,3.8354718144077773,3.462960325597249,3.3858239079862456,3.3426801149346255,3.192309275883646,3.266183913909657,3.39597624569193,3.0062731321026916,-4.505198041326656,-2.7877435737623424,-1.314516026022071,-0.05525954176470689,0.28401562545734915,0.53205305273735,0.9198173268877216,1.0372336546936425,1.3147618742640457,1.3895782192957609,1.4353349244408065,1.4620969263722574,1.5946783107069977,1.6547796462030369,1.6479763627629749,1.706654136720301,1.7448956689665311,1.7053395243763703,1.7035262385017922,1.7184492845448844,1.7278058507225167,1.7807143187996595
5.143099904458378,5.219680830138332,5.4547400989094745,5.61290101050578,5.657100826793031,5.811546023193058,5.5964437009094485,5.6195666180208965,2.2403597800720227,-4.714467471799142,3.381019607102924,5.217194588987615,5.495427791318705,5.408200365711944,5.332044513568901,5.134370819076269,5.086360786687511,5.062091857540869,4.959161051707562,5.010190184345148,5.089213185631268,4.962185701238486,4.958443726481174,4.910502288908956,4.750519288698074,4.619691030451216,4.386331851495527,4.175914105757193,3.737083187219423,3.5348849209015674,3.4068884112374382,3.1851118041426023,3.1183070252353517,3.106728162835162,3.021347573749648,2.950470382167138,2.8202156225856583,2.893783208573444,2.758616108116023,2.686596175397177,2.638580206724178,2.6487756456758986,2.5940689656993983,2.5251576643561697,2.4909810219707573,2.456008130261349,2.4379906016151796,2.3875074321839533,2.3735689419950505,2.340789298513049
4.678018571987417,4.724992418870321,5.001343650952857,5.153654350000763,5.164628563816494,5.364926393606358,5.3849832225453,5.398764688339419,5.478063452660294,4.79288252042406,3.7822201125577464,2.3250371242721464,5.229033906459676,5.232973313662007,5.405068898240403,5.398865235484198,5.390293953769789,5.35712086878862,5.2670239625963475,5.198662476631057,5.151398797977126,5.11322180882495,5.105104899880992,5.134618700012576,5.136855630184083,5.138085177172876,5.1246063394344725,5.028978873789219,4.9019067286775115,4.757632866626988,4.651377874523964,4.488505381404575,4.356570856375473,4.195426658857114,4.148620170993207,3.986359205851233,3.8912465628620962,3.750382640210364,3.6645355675793256,3.572684935715851,3.4288803907836183,3.4053519549682436,3.270398463426393,3.1943090178246307,3.185005637492824,3.069353168413189,3.041581360827567,2.976534897362464,2.892832905730017,2.8411884154065374
3.899707901902314,4.022273871968536,4.447043906279794,4.0827461298611,3.099866913633439,4.134806219908662,4.37419554443022,4.615886119320619,4.841304846850153,4.894781629270807,4.983860992640785,5.018627809979436,4.844102806964182,4.314592771274404,2.089225642532956,-5.062751338173573,1.4904914974099381,3.4793660955097105,4.83154716875938,4.955427958980745,4.910659093205816,4.909996440291968,4.928809068234281,4.975797412351267,4.943028399115384,4.905111943595686,4.981408571104534,4.954188290460103,4.884644715939425,4.816607487186162,4.7472296552241735,4.6558112405657415,4.538507445034798,4.489149929473389,4.396105968906429,4.263173175075204,4.158216969533436,4.089986773396566,3.992426684973078,3.895631478062913,3.7880193464397713,3.6754170269987703,3.626183856302308,3.5457073113910074,3.475427980292075,3.4251252566525077,3.398182838606123,3.292093120887601,3.2360160803754825,3.220057021035945
3.3415349499749425,3.5084641860870778,4.063991158044645,4.201845262270505,4.180763877483164,4.14370906365676,4.2032570487902055,4.27848325559459,4.437128147530558,4.460347344162505,4.503110447922125,4.538810920783585,4.617939461333895,4.66403410556745,4.68230626525745,4.720699697478016,4.675892836067253,4.3704282208700755,-2.8097214059743476,2.2046390619028045,2.8382181582415655,4.2803466312775,4.489534755425441,4.543455019691624,4.623823115057071,4.654635480993067,4.62550982670101,4.597063307619353,4.549178247522573,4.477147318339073,4.455882105130511,4.385647752702188,4.341353792644299,4.29432217030911,4.216481193927984,4.168403465463762,4.103691384033641,4.043102242151134,4.0064486204216365,3.9146452067660333,3.861195681100081,3.806449971754311,3.7094886493411083,3.6701806847337104,3.630735368812184,3.543728991331454,3.5203588377886876,3.4853987639843336,3.4263644554325827,3.392810495833823
2.8075093164582614,3.000961415532508,3.2691608434957247,3.395138378820124,3.4837039385791018,3.672588360256453,3.8143094039227163,3.8425799565725454,4.026640697862736,4.100771727415808,4.117840502361021,4.174918353178338,4.259174897517336,4.271409937276227,4.301211120438435,4.336433846987926,4.35769561193976,4.378901320285537,4.414934697636452,4.447293102242233,4.292591710257183,4.082930346595095,3.880787210344751,3.1784466131237603,2.577027691910284,-0.6130493337993306,-4.3981027430979935,1.0127748318758518,3.259654970666606,4.048534217412026,4.251010274148831,4.255712052137322,4.202155307777368,4.183440068050603,4.146488202289516,4.0790514300405585,4.0456054681810505,4.016197031251074,3.973444803835732,3.888951718157234,3.8578162174412287,3.8129741762106133,3.729218764107791,3.7109013476919697,3.6798131998639363,3.6309905897724586,3.6090570173286243,3.57280286566971,3.511255383252662,3.4805407824688803
2.4487170045393793,2.566625892738328,2.777817158607638,2.8701308432845796,2.941317498415527,3.1568396769712335,3.223076566393796,3.3225063715309324,3.491044357324911,3.552502294463769,3.621081222793002,3.645282940557127,3.7836041000562326,3.8481548045775944,3.865650471327347,3.959622330665001,4.00758383378344,4.022119885870842,4.043835705791476,4.062269017060713,4.0817796191545614,4.124269718136776,4.137124304508351,4.138762031858835,4.174381495075929,4.104534030411872,4.000063974275225,3.736873199789013,3.166925819337886,2.1707318785604133,-3.369674602064119,4.05732648419091,2.217181327431975,1.8487901742758717,3.751368351139367,3.0376649490379664,3.0785660498895275,3.518269800263204,3.624258205913715,3.7196486003159808,3.7692352149929094,3.736811051663924,3.7049339301399207,3.674728947397893,3.6347373026661036,3.598183048711275,3.5769861878304643,3.5452366135517392,3.47986021883971,3.474816393247984
2.084786767182059,2.1803547320868835,2.3269191193833705,2.431121215214483,2.514010655721586,2.6892047457034343,2.786893983126984,2.8897349873248097,2.996431747160195,3.084661915297007,3.187306522293968,3.2124539051738594,3.3445415221465207,3.3735230046994986,3.4203712965950976,3.5296732716422126,3.544192861904218,3.5883872897333435,3.6491777322404397,3.7013516314368595,3.696765843184838,3.7554838309171106,3.803804121643608,3.844829853684796,3.8737275461179532,3.8872192756258572,3.8584291625667113,3.8869183251083834,3.9143551164129615,3.8604825185380753,3.8356801639846263,3.758711573041472,3.767711263388778,3.7777370995299018,3.430447382030182,3.3304156829055085,2.992178668981442,3.282068658133352,1.8429091394347528,1.4321333511931036,-2.6350834956171876,-3.54290960281412,-2.313930509712823,2.5289971019933706,3.5191771322788017,2.9853218910434873,2.5925603128280756,3.30699274477606,2.994950617405615,3.141027906977193
1.7866845996804162,1.9158661972665483,2.0464423553567097,2.1203435038412852,2.1849542549517356,2.3516478950987683,2.3934420687769626,2.4817503899741773,2.574960869412063,2.6686897621066183,2.7321446907295366,2.7963170722248254,2.9159930339909756,2.9615247090899666,3.032784593752658,3.0931751082129337,3.167853767757203,3.197538182624498,3.263460639816786,3.3282552709282225,3.3549466310651614,3.438546989443143,3.469791439690972,3.4721032296257817,3.493467772459458,3.5097196947005806,3.5220925232227307,3.534953005059588,3.5725842033054405,3.5574255537016795,3.5534168881464625,3.5468817222835245,3.5484023023768816,3.5519593229842013,3.5402137090746546,3.498182836182893,3.499603243721708,3.5105683999500004,3.4952517896026114,3.4631979555237824,3.4322775441377575,3.2339857220399053,3.0935311975872466,2.5092065203532603,2.582818722372423,2.7022835211999143,2.2394706163994655,-1.9317427161230667,-3.314717599645829,-1.106330037849613
1.5750999763621014,1.6447608631843396,1.8040779098082487,1.8575512481741578,1.9284887931410175,2.011871416881063,2.09062519441722,2.1505053756617887,2.3208831328119013,2.3559949512264797,2.406516058574643,2.4961217225971075,2.560973990329505,2.618183894733809,2.677907368740922,2.766474310683593,2.8231235020057572,2.8515080456346698,2.9284898639359715,2.97318063827424,3.0328652677509442,3.102255576661464,3.1345151540510514,3.119713223215257,3.186199580914764,3.2161599727645673,3.1934163462371,3.195578315173189,3.2490388775537253,3.260458211089269,3.2567502672144553,3.2769000451832557,3.255957501040583,3.2611381617290376,3.27288662093004,3.2598549896954436,3.2600784349080767,3.2588998355048178,3.250144087082269,3.234625069915796,3.239407474391468,3.236232449098218,3.2039243830010578,3.208196340981815,3.205115166777549,3.1877171336203705,3.1312679566423047,3.0246568457430896,2.981584837849754,2.986065584805975
1.3389637476627254,1.3864020490410267,1.5346042694893864,1.5987519687360785,1.6495421612128731,1.7425524917032693,1.770888654758452,1.8624075620248222,1.9946919741253886,2.0707829235585042,2.097992675896629,2.1555101345609384,2.2798323307148527,2.361241337463862,2.4197966656786023,2.4822262828771464,2.5225781536592,2.558061277515425,2.639321471912488,2.6704538368440343,2.7037492429172985,2.7878918371876313,2.787071843965719,2.8195480109775346,2.9065349658974604,2.944573668659323,2.937224617082672,2.9447040508070748,2.9839532632457266,2.988974962859231,2.9934907049808035,3.0015759896911174,3.0019715036322814,3.019451709515405,3.0461662534516014,3.0339858609441324,3.0323096221364736,3.039823116018358,3.040589698864941,3.002324823976321,3.0000874951576346,3.0142911053479757,3.0141451893028792,3.0165380965618938,3.0018547095763637,2.983029223221148,2.9926461593400444,2.9860191751262013,2.9593368238831146,2.9317723544387437
1.1449223720858883,1.239169269421596,1.3552702491985482,1.3942649965941947,1.4076885157133998,1.5453763014533848,1.6108999158083217,1.695942731204704,1.7647592052075776,1.8204872287678977,1.9017244272784064,1.9499755420150076,2.01501688232478,2.100313695795873,2.166901846935826,2.2484135977383555,2.3070942575586058,2.3707375570616045,2.4119527046495457,2.427416462621579,2.480141975597451,2.527754540634557,2.5541966134842067,2.5746829823909003,2.6858113590321024,2.7104656398231106,2.705110545973012,2.7106324306603122,2.754138514113871,2.7343397570927044,2.7367346684481317,2.7936432233002315,2.8026286187511964,2.8098028825960752,2.8263109595154403,2.828254822138741,2.817661016206286,2.8271347160202738,2.8221327486515886,2.796766840708303,2.830472939980103,2.8327417531838903,2.822451157032405,2.7922380054888323,2.78604175234503,2.7497177583762284,2.7404730933016355,2.7348103957223637,2.7133630532310735,2.673625139558304
0.9857718235360409,1.0041939902539907,1.1268795430665104,1.1942705063392092,1.2297647719747937,1.3329890262955308,1.401962817308079,1.4534439142868565,1.545972140957467,1.6166104289660288,1.6327692932140183,1.6634099803283575,1.7953975395874733,1.8377051614791187,1.8715867933393573,1.9672648785498283,2.019757241206115,2.0566398541401183,2.1588154858896607,2.2360186768522823,2.293432010973545,2.3064173389937954,2.355146383581327,2.376834729125216,2.396099871816425,2.423469891116598,2.455611445775061,2.4816812853015784,2.522888723403979,2.5292867788310156,2.556267663539673,2.5812481787806667,2.578749454401799,2.5657942990552782,2.588648903317304,2.5648816120441604,2.563630819504827,2.5554471404088077,2.5287140440463265,2.495061643720755,2.4975009178278014,2.506414247158051,2.5015636737170275,2.4912468537635926,2.4563697664401865,2.3889136918945244,2.321114447721853,2.340115726949124,0,0
0.7898897094952356,0.8639797046054204,0.9521525466062267,0.9979658928555393,1.0684982680811972,1.1413405945073478,1.1819821776733581,1.2564552073503605,1.3114110130271794,1.3408510796868593,1.3966744460685094,1.4300022611382155,1.498104076022642,1.5483320520507826,1.6105569557060089,1.667014953071403,1.7332633996106017,1.8228203268108583,1.8868060686537758,1.9148230816112284,1.9616582067807866,2.01730860770136,2.0531061052895496,2.072134488375065,2.1411897455630893,2.1607210608570844,2.170173622094994,2.2145083802733825,2.253794831793531,2.2492930419129173,2.269305134489696,2.303220235116116,2.2857514120859146,2.2870074678039556,2.2926300944581097,2.2966515209982092,2.3118432136406413,2.2920864037300563,2.259176289999142,2.2075515840950506,2.1978843432844104,2.1758527745417005,-2.6044349753506082e+38,0,0,0,0,0,0,0
0.6136267672317846,0.6703850392749067,0.7784720363021786,0.819824467881971,0.8485268162575244,0.9468751750107837,0.9713064087875736,0.9968545085527248,1.0767455421864598,1.1060356602050574,1.1682722450966223,1.220308729706202,1.3341151373429125,1.3399628282156377,1.379571489206589,1.437382752550541,1.4885257917175332,1.52026531881469,1.6047162033495599,1.639885510095964,1.6549199041012677,1.7119489681082358,1.7214815062021833,1.740547021964217,1.8293075559422582,1.8529179884580336,1.8787241855591248,1.8935403890939877,1.9457949229266778,1.9474773936890382,1.9550193826273234,1.948394577773178,1.9395854614594144,1.9299862660523086,1.8808079369315025,1.8208814523936068,1.816622801619256,0.6649981958073141,0,0,0,0,0,0,0,0,0,0,0,0
