jsons/1312722000.json
{"header": {"parameterUnit": "m", "parameterNumber": 3, "dx": 0.1, "dy": 0.5, "parameterNumberName": "Northward wave", "la1": 40.97354507446295, "la2": 16.46031188964855, "parameterCategory": 2, "lo2": 133.9931640625001, "nx": 191, "ny": 50, "refTime": "2011-08-05 8:00:00", "lo1": 114.97908020019554}, "data":
[rows 22 to 43 of 50, columns 50 to 99 of 191]
0,0,0,0,0,0,0,0,0,0,0,0,0,0,0,0,0,0,0.14844883612410126,0.19795366573953743,0.5612623635870345,0.35277216456380744,0.5682155128824823,-0.44909186239053933,-1.8565753302596173,-1.97361073267913,-1.848944263080387,-1.4353632984854843,-1.2982403328150287,-1.1072202087928789,-0.6818038724441021,-0.33553591768032753,-0.053250582859243355,0.3651140320562381,0.5951844174438442,0.887566387148859,1.3917124782610533,1.5594309397467836,1.658756287028508,1.9077700072502735,2.0082096875790127,2.022571420240577,2.058500076184031,2.2016441686053194,2.068529377139197,2.000340307632911,1.621814910227921,1.6283341113282073,2.087699658452926,1.9865799677522735
0,0,0,0,0,0,0,0,0,0,0,0,0,0,0,0.024726513641108394,0,0,0,0,-0.4405239772850821,-0.8560152452915616,-1.3269913931721142,-1.4605476053056476,-1.5561173220825264,-1.6057930764919957,-1.4085867553592228,-1.010990501533584,-0.8089441423904884,-0.5318589328527313,0.03149195368733224,0.34875649531244185,0.6497154430468477,1.2390969102207092,1.3482592960709738,1.466002317743012,1.6833971576816043,1.7499530058925972,1.79149624670224,1.9750772049791476,2.052148229596596,2.104464352672556,2.137239500301947,2.2271232380789763,2.2401180391800652,1.8452229923343275,2.291193966988064,1.633966032738321,2.246301120995441,2.1678069111975806
0,0,0,0,0,0,0,0,0,0,0,0,0,0,0,0,0,0,-0.5107539958515489,-0.9272575029099871,-1.168244676564861,-1.3106238250757094,-1.5319247318081173,-1.5008167946400781,-1.1654600573731242,-1.1024503420711809,-0.9467554497603069,-0.6189663329882034,-0.43144465729543957,-0.24946051519202694,0.2920933272819143,0.5342871780550947,0.6745441124387367,1.1586588295768332,1.339408050694204,1.4677631222788279,1.748136591871433,1.8838185366059705,1.9291412097776535,2.0800648762948124,2.097241510138111,2.104915613616407,2.130678675276389,2.212173733514862,2.218251492881836,1.9818590634889235,-1.7519987846969451,2.25648537841901,1.7404453256651553,2.2356636744788125
0,0,0,0,0,0,0,0,0,0,0,0,0,0,0,-8.1454825486999445e+37,0.11566307123197524,-0.7750004377717236,-1.0772619622352355,-1.4213566541187348,-1.2621020643830618,-1.206292384921558,-1.262640023354842,-1.1373073637894813,-0.8767937198472964,-0.8014002642402058,-0.6367480488551494,-0.2614334673298946,-0.07193936879797236,0.08707503135386563,0.6953977189156403,0.8742557137231707,1.0249578635023338,1.3332969313992054,1.5006039677728422,1.556618562497927,1.7538423652302073,1.8126156649399396,1.859258162971104,1.9581982408033012,1.9868455745142664,2.051000199391366,2.1066135624308804,2.1535689522329755,2.1660626071022637,2.1747656640620163,2.2097651938389804,1.9891516878052053,2.062954689614577,-1.1690513249320977
0,0,0,0,0,0,0,0,-0.16330539439327665,-0.2553672199709892,0.0521567645104858,-0.16359635633489833,-0.36436257832371527,-0.7366989245355156,-1.076330397191904,-1.1713316224493633,-1.3338190823047893,-1.1998576405338808,-1.0901386475516803,-1.142816887057489,-0.9389321024883522,-0.8749849660482574,-0.7832684418631339,-0.6563572657352363,-0.41611904300561525,-0.28337486954948116,-0.15821477187318778,0.1510887596353844,0.3222771590432726,0.48971760387176727,0.8452896790201542,1.0268051743561408,1.114386782590727,1.3372214277308208,1.5070735918866718,1.633569337513871,1.7900024754045267,1.7909550582010756,1.8129655867117556,1.8998865260886946,1.937481281924526,1.9480183013041898,1.9711801250786596,2.017478556316082,2.0320922756173654,2.055793169084358,2.0857084653258187,2.1124078766054164,2.1234091159559014,1.9578324510690976
0,0,0,0,0,0,0,-0.47487555085060695,-0.6829083562433966,-0.9607010872685474,-1.0062984152035142,-0.9114305262407869,-0.9671433778233617,-0.9453030691548623,-0.8785321594850133,-0.8684936793874561,-0.902382493690929,-0.7745100314858099,-0.7371339536724286,-0.6670766544870728,-0.5020580671082437,-0.43159371921775286,-0.39332121846099555,-0.34233940554931236,-0.19156565041951362,-0.06834536497376642,0.01730541541199816,0.24574903359943728,0.41440514300178893,0.5552185580844272,0.8811326071206057,0.9824022477147552,1.0979264501521702,1.375298225847407,1.485922229333071,1.5576192685487684,1.6496733877699368,1.688902993602871,1.7202164828729276,1.8077561027175981,1.8486173483474013,1.8624594612769665,1.8995986016700017,1.9542467707276503,1.956408970967016,1.9739203191126509,2.016693150895943,2.0216577322694604,2.0342049386162877,2.04780548896043
0,0,0.11392045724676725,-0.6060993004657645,-0.8100693506436908,-0.8999910671095296,-1.062849882418582,-1.062945601342751,-0.9597022927965511,-0.9683774775026266,-0.9385895257280001,-0.8205459240720212,-0.8389236319538622,-0.803623943960628,-0.7265888656324225,-0.6724302646894232,-0.6446385221292785,-0.5379832985045908,-0.5091056551391081,-0.44210774298834954,-0.33383977913571106,-0.24214558295386907,-0.20429267976331267,-0.14966216079937805,-0.0040255353589506455,0.12960909023316045,0.18574725855916552,0.34950289002353374,0.5057705788731666,0.6132892781880573,0.8358742532032724,0.9341441693389768,1.0031193037722563,1.293070810550241,1.3475113222925255,1.4152640800764154,1.5118667969406991,1.5679641699130757,1.5890644402187704,1.662552992505609,1.7417658956862614,1.748537002808408,1.8121109290212485,1.8850228594343716,1.895654995866519,1.913642489267729,1.9351095471987512,1.9320263079858802,1.9256724767141593,1.9661375070967149
-0.8356575607068252,-0.89383158732275,-0.9448379785478406,-0.9943870841346217,-0.8487975504053689,-0.8683430354353777,-0.9024071220057962,-0.872609759403853,-0.7746923037982831,-0.789777475562807,-0.7658594982700158,-0.6773564150782472,-0.6611633075501059,-0.6106825534411281,-0.5025361021759878,-0.4481493821501385,-0.41860073089548233,-0.3300406698742208,-0.2966493705816774,-0.24803626442046808,-0.13884446759373475,-0.07328969178985491,-0.015252489974750826,0.03389016933389865,0.1655485976225128,0.25005997362137683,0.301618073244421,0.4396030433814551,0.5000820199544528,0.5832434142941055,0.7563021655955267,0.8605596582324956,0.9302329747259829,1.1252713871166737,1.2382294336752915,1.3143020985159717,1.3663461175048184,1.4332844265711142,1.4917466851632772,1.5893926522791826,1.624326256661371,1.6725549344471469,1.7129073703189663,1.8025426188807239,1.836271137453191,1.8357655110385072,1.8747273901581794,1.8764972209373172,1.874583721614855,1.9073496063486621
-1.0076846001094804,-0.9062801115224405,-0.9050779028704053,-0.8861448750138864,-0.8191246125088435,-0.7811841378363723,-0.7815402679565392,-0.7480202423568801,-0.6669376429745097,-0.6560072941020831,-0.6114387960198154,-0.49395898385652637,-0.44353698095540334,-0.401319598678421,-0.3169351312349088,-0.3027822851453616,-0.24987234352123466,-0.223403008673014,-0.18680938296192004,-0.16838150505581542,-0.0955743853860055,-0.07108122339968473,-0.04026051711227753,-0.011265512957831627,0.10654976399141815,0.1668254275936129,0.23863895352173686,0.4068877992813653,0.5048430392952783,0.539542591785771,0.6583837805206463,0.7308351663575329,0.7876712601659881,0.943663177828533,1.0237125867158647,1.0721609743120204,1.2178999403057051,1.3088459899159939,1.33914895839511,1.4409876215790016,1.5336725557599746,1.5446000930838226,1.6071720580925086,1.6822438254425187,1.7216428785205693,1.758598858163599,1.8089580870813782,1.816944340208757,1.8205653768667058,1.8443338412486014
-0.966806241437135,-0.8076060860612412,-0.7625791563088601,-0.7388654251134162,-0.6701902103503525,-0.6380529071060189,-0.6215296801929685,-0.5912452141294817,-0.486562328647319,-0.4465317080764171,-0.41214656987135134,-0.3316105719958037,-0.3155251509166887,-0.29479172001318144,-0.26179412811338126,-0.27059538941085504,-0.2860851049404758,-0.2789507399192553,-0.2639730243573419,-0.24312374879733364,-0.1638018928365404,-0.12682472457161825,-0.08967202912473528,-0.037784393016583276,0.07026555830239399,0.14786648514492523,0.2171925038869911,0.35867396174186716,0.4308276808719775,0.49741370198234347,0.5916695874871187,0.6518495451042787,0.7214335835052555,0.8240068286834888,0.9003031887674704,1.0271567351793485,1.1783400611332653,1.2375858525203647,1.2863081771508287,1.4096658664874626,1.4660536562548359,1.5123396850808795,1.5642593484368605,1.6503674095608523,1.6664767780381988,1.7165911229321624,1.788488450655732,1.7736343519498154,1.7670744244764123,1.7712011855350007
-0.6891107976319937,-0.5796562578535114,-0.5374198637869586,-0.5104296548423849,-0.41842657300966296,-0.35959877109797034,-0.3161668687825283,-0.15174344737829173,0.05818859540112063,0.3605849089071164,0.46022280931495535,0,0,0,0,0,0,0,0,0,-0.8060056004756108,-0.6359532866710623,-0.5363870307253946,-0.4311914827810743,-0.26060125543065027,-0.1310427796697033,-0.040104366915391355,0.08549464922371368,0.15172180546401665,0.21569298923546906,0.3580730354571575,0.47785461723154465,0.5789317936451137,0.8237413661788172,0.8947289041128821,1.0040008161491105,1.1388338475104747,1.1789235875183433,1.23001756345224,1.3173958902104568,1.3595725811718342,1.3774771822855483,1.3596001207738453,1.396320698300964,1.4334487988514981,1.5318441691822922,1.6240368868406476,1.6592686609141782,1.6772092806296994,1.7453508710307775
-0.33750165395412296,-0.21947472193817133,-0.12209838599117226,-0.024152099961354513,0.2598077235035503,0.33681620148201774,0.4863504064422446,0,0,0,0,0,0,0,0,0,0,0,0,-1.289562182961595,-0.968108176691953,-0.809488164148789,-0.7014976301388539,-0.6106444938255394,-0.3594213087804633,-0.2933224264025216,-0.20667457462746813,-0.027213735785416596,0.029152860580291918,0.13914005129675075,0.33321148220182906,0.412098915615165,0.4887393693196317,0.7024385777534495,0.7986245400439753,0.8689406453831718,1.070038289700893,1.000403483551236,0.9430441127021171,0.813632778312912,0.8749601726763864,0.1588309606278999,-0.6653957384869383,-0.378293440241245,0.32558057487134456,0.8559304349009161,1.3067834440061132,1.4193029135194049,1.4981496792797488,1.6341107288145507
0.24338433702456,0.531017103700253,0.5978438342059496,0.564293703059395,0,0,0,0,0,0,0,0,0,0,0,0,0,-1.100160978241176,-1.0566829172932053,-1.0717096349017097,-0.7770236898763218,-0.718626682482366,-0.6329177408125574,-0.5209659698503981,-0.340584829094862,-0.25055073868343747,-0.15850256809853727,-0.008103772247576222,0.06742281984356098,0.13152024626438813,0.2928992127749111,0.42078602908229135,0.5318061691900462,0.7844139673296971,0.8965389686604321,1.0056622072452226,1.3641504083335978,1.50594421797461,1.4837915692634522,1.3699653525408382,1.3591498375100155,1.408001409574575,1.4436809812396911,1.4415171968175342,1.3918415000906597,1.3103572214411778,1.2434708621759936,1.3046133565058262,1.3627020430894659,1.484054553383609
0.5502948007195619,0.7025645328920899,0,0,0,0,0,0,0,0,0,0,0,0,0,0,-1.2126441865334052,-1.016838176430536,-0.9450637183289093,-0.8816075810303224,-0.643716568345598,-0.5839605382764778,-0.5208060640158826,-0.42295609020035624,-0.26329838342955203,-0.1676545376915603,-0.10834916632081398,0.04933781491607264,0.1367194532030026,0.19572528053632265,0.358322760022002,0.45466927903443577,0.5773695088514028,0.8259368127042241,0.895720232473474,0.9682438871234831,1.1274689113295144,1.1464826721511479,1.1975227487601796,1.2832772619488921,1.2865674932931008,1.294142969529463,1.3065692485170328,1.330852818196483,1.3221682738085456,1.2940961728252494,1.2897524818597896,1.313125951261123,1.333456457353799,1.3955163013444591
0.5588720238040202,0.6270620124495767,0,0,0,0,0,0,0,0,0,0,0,0,-1.0855790201048414,-1.053135493748325,-1.0407120481595677,-0.8837249350890095,-0.8008559095533194,-0.7370569776509355,-0.5626368860650262,-0.4610449003809183,-0.394478440484116,-0.30403472348420435,-0.13796959958736277,-0.05632765878663366,0.03924220094742125,0.14240280730108137,0.19445841635361744,0.2282802881054855,0.35813082888917014,0.4817371188011645,0.5708084703492773,0.7945681631180577,0.8752315036648012,0.9006220509230496,0.9850667623118359,1.018908720616896,1.0311772828884609,1.0846112211197878,1.097794311516131,1.123183225488252,1.1332467674363618,1.1859099624004399,1.1995414165816218,1.2385114066210454,1.2930663508466573,1.3176692751527557,1.3348142829180762,1.3866539065868146
0.48876427246163795,0.5568957425667593,0.49029243038955417,-0.047643212841375376,0.11559309472799237,0,0,0,0,0,0.3204439062025214,-1.1326896571510408,-1.1585233755907007,-1.0905032474457879,-0.9737625047625905,-0.9079344277798819,-0.8630820818344701,-0.7152950919075695,-0.669954431681002,-0.6112455049023333,-0.48291809290207066,-0.416138727052765,-0.34617704381441683,-0.28835430415636104,-0.15556238751530885,-0.06490072460785097,-0.007645395606896935,0.13375103160106747,0.21984348268585036,0.2794834469377616,0.4036047242828251,0.49089554220169745,0.5593773014087173,0.74039559814014,0.7477984719643004,0.7816576195125694,0.8304213992808485,0.8854823228958154,0.8975174713636351,0.9423396646052371,0.9700642309295836,1.00711130468939,1.0279491201390665,1.0912362050817963,1.1344889129904043,1.1555083822475347,1.2253267581920668,1.2363773368086166,1.2682594638379807,1.3123786723679216
0.30960241005214423,-0.5935707447623874,0.21752233808929272,0.34865061684344417,0.3512008362378046,0.2764057557285613,0.2404747873504165,0.01590110787718337,0,-1.2192338697239744,-1.1187309768110236,-1.0193962921930326,-1.0076200911761286,-0.9634707574784567,-0.8331575609621169,-0.7560063321577062,-0.6951660081072722,-0.5598448687185068,-0.48063285273687245,-0.4322874712466764,-0.302983291876372,-0.24511698202648138,-0.1861706873713026,-0.1232113400565476,0.027358650963186286,0.067704882540131,0.12695183293077075,0.232512687583523,0.3029060956606502,0.34756647697789506,0.47884722075485253,0.5642802569539728,0.6184245496850763,0.6835340345228683,0.7136321891967279,0.7333429380751201,0.7925976011974332,0.8139903749823942,0.8597584198624333,0.9065612513703071,0.9324854439705504,0.9949030806926601,1.0543001170110378,1.089665977312276,1.09676777369154,1.1089412162415726,1.1694483715901551,1.2049838218764768,1.2411310904010817,1.292267510648962
-0.4012614844789933,-0.5220032786539578,-0.5757098405792888,-0.7187215048413172,-0.7493257957392891,-0.8684153648109502,-0.9256460870367712,-0.9501438674031609,-0.9172313359183352,-0.921388571365351,-0.8952772433856595,-0.8159489495590411,-0.7938035246291149,-0.7624330944703187,-0.663633658058138,-0.5953399972468328,-0.5377632238404086,-0.4201893973823814,-0.37362562168549446,-0.327266348598858,-0.2227800606724239,-0.17015456105591892,-0.14107309307912894,-0.06017440206468107,0.07501776299910362,0.1433456506328959,0.1797945753419121,0.35660131101193815,0.3639648484226298,0.40823333900002673,0.4693494825332506,0.49249775467100587,0.5323700416571993,0.5879441746209592,0.6322893255478741,0.6501484211041112,0.7481562362378869,0.7868069088222571,0.8198665611409884,0.8919216612667815,0.9555912294333937,0.9995219990734886,1.02945214117266,1.1208494178325752,1.148391230079106,1.1931791022773615,1.1947778040727084,1.1920403004738869,1.2036436418042749,1.2181460206176047
-0.8025088567009848,-0.8270496194272279,-0.8373264108167257,-0.9182807425434975,-0.9019694956829343,-0.8960907097363638,-0.8936200248226943,-0.8898497299692569,-0.8017346459870356,-0.7856012680064041,-0.7452182817414178,-0.6647802125775382,-0.6157445699249856,-0.576839433118399,-0.47778383134022406,-0.45535186954723306,-0.4190938839805702,-0.3371654964191568,-0.28965412951588265,-0.24032754423736238,-0.14992988085403708,-0.062587435599249,-0.02214163168589041,0.02594351322247658,0.14351499161635856,0.1953360134324823,0.24948388757528203,0.34088089554489776,0.35531619972684947,0.39711449121937553,0.4503713456234477,0.48644976437982895,0.5231394030398954,0.5758982358551613,0.6078334196955315,0.6444617621839829,0.7220000856409831,0.7839933906982932,0.809892925408762,0.9047872071148625,0.9514135899926804,0.9528984144127325,0.9809569624374153,1.0203197470011578,1.0251669748647876,1.0179747436925075,1.0821177460181939,1.1079387348427245,1.136238806175228,1.2119642778467998
-0.8723694246331682,-0.8729635852184054,-0.8475936021870907,-0.8633134030067227,-0.8082779100439043,-0.7999140928517454,-0.7779734217589155,-0.730970049765834,-0.6829543897574798,-0.6305342562539333,-0.6074896607862897,-0.5218330475560264,-0.5130291447772025,-0.4798763072078777,-0.4134187362936049,-0.38935345606401944,-0.33980804358176037,-0.28230295631325103,-0.23798108393987555,-0.17988110704223206,-0.1130236411432375,-0.06588916209275354,-0.0027803555424546576,0.013970772383287073,0.10637021638519234,0.12390238641494741,0.1745202169787215,0.25896250637530316,0.29714541438742337,0.3593535619535825,0.4123154507333863,0.4704399226972499,0.4970859459704733,0.5277158988683955,0.5627562662355539,0.6031801178483504,0.6459406827235864,0.6901473568300279,0.7174262487739635,0.7733439183036064,0.7894601538177825,0.8277217772090403,0.8557876111112699,0.8803970943553415,0.9357995512625771,0.9791064386079825,1.044424502275923,1.0862774489397922,1.0879238802532765,1.1398627842502733
-0.8560086148930904,-0.8107448050375572,-0.7922518814045337,-0.7616604403591024,-0.7180656554134821,-0.6828228543523238,-0.6626749775062936,-0.6415206043626926,-0.5643586700154288,-0.5613594152867477,-0.5294580120410205,-0.4733326513020953,-0.4589174566079959,-0.42247932131649907,-0.3744818769114184,-0.3486896140449166,-0.30250583801955006,-0.24040998928885,-0.21196532048874814,-0.175826035461948,-0.10622978810347333,-0.07349349208234932,-0.022496343131139407,-0.007014785564678415,0.06442125159410565,0.1025358190058628,0.1311553804451577,0.20974228384550883,0.2361561166787077,0.26545444393689455,0.3163997201889022,0.3565473382188715,0.392696173534937,0.4441918035945049,0.4731521597112494,0.4823588919220957,0.5571845167189844,0.5937334253744194,0.6447055642343646,0.6819998749238395,0.7227326843702293,0.7539130555535247,0.7912067046156255,0.8336205132876859,0.866376604322196,0.9174510695425468,0.9972297058495853,1.0091370406643532,1.044646357614522,1.0822220323987513
-0.7472361348823087,-0.7177682327750912,-0.6941067180278278,-0.6757041547872065,-0.6333192637877935,-0.599103817011168,-0.5804378634399948,-0.5783190361961426,-0.5308938392720127,-0.517315100593591,-0.5077337889599663,-0.438644735960554,-0.4072869520080498,-0.39750673660759894,-0.34195699256305584,-0.30652448546604094,-0.28796424410579613,-0.23535834876993503,-0.20624450330883431,-0.18227885434752125,-0.12436427879961662,-0.11286504611739434,-0.09502418801202844,-0.05360110607149919,-0.004720133696971138,0.014489674893465726,0.045713062593629304,0.12465030001771786,0.1383556472608388,0.1623844457320914,0.23063366582274367,0.25552575799005905,0.2883571033287294,0.3466872886708744,0.36591398865271113,0.402478679735065,0.46718633441064533,0.48637338472435976,0.5319291600769193,0.6076238102511058,0.6314414649565969,0.672307357480507,0.686243578276234,0.7431727347487208,0.7782654464457613,0.8141118515683159,0.9005045139912321,0.9545938026901237,0.9551816497389647,0.9972384161693175
