jsons/1312534800.json
{"header": {"parameterUnit": "m", "parameterNumber": 3, "dx": 0.1, "dy": 0.5, "parameterNumberName": "Northward wave", "la1": 40.97354507446295, "la2": 16.46031188964855, "parameterCategory": 2, "lo2": 133.9931640625001, "nx": 191, "ny": 50, "refTime": "2011-08-05 8:00:00", "lo1": 114.97908020019554}, "data":
[rows 0 to 21 of 50, columns 50 to 99 of 191]
0,0,0,0,0,0,0,0,0,0,0,0,0,0,0,0,0,0,0,0,0,0,0,0,0,0,0,0,0,0,0,0,0,0,0,0,0,0,0,0,0,0,0,0,0,0,0,0,0,0
0,0,0,0,0,0,0,-0.001364331284401892,-0.0005886516938603259,-0.00016009606710571913,0.00014031770493169566,0.0005909455312134494,0.0006045431897315712,0.0006744663457463087,0.0006610701338863907,0.0006311110699612246,0.0005041178970454847,0.0004918019920137029,0.0004448021803469146,0.0003256166535921055,0.0002626226640108591,0.00025669862980413574,0.00020811680940301306,0,0,0,0,0,0,0,0,0,0,0,0,0,0,0,0,0,0,0,0,0,0,0,0,0,0,0
-0.021462453430500125,-0.0174939652620667,-0.014874693669231826,-0.010249230572888813,-0.008326257755870684,-0.006497963801007325,-0.00397556113395806,-0.0034906699431603155,-0.0018334665914285818,-0.000913092546322337,-0.00020210740326023687,0.0004753723229511442,0.0006209130702030006,0.0006319407407095826,0.0006796985800255948,0.0006171506534389932,0.0006062403547111556,0.0005620414452194868,0.0005039727273052059,0,0,0,0,0,0,0,0,0,0,0,0,0,0,0,0,0,0,0,0,0,0,0,0,0,0,0,0,0,0,0
-0.0390214916956364,-0.03677710918908928,-0.03478060995842926,-0.030109041641987938,-0.02561561088578645,-0.02347299864457615,-0.015870450327869063,-0.012197479604064,-0.00922965192826998,-0.005313916983302952,-0.0022370302732448305,0.0011710272019285126,0.0008151148993887887,0.0007578147274702006,0.0004741103858301703,0.000399852998870016,0.00030898681675426706,0,0,0,0,0,0,0,0,1.3009833635176058e+38,-0.050523472418390954,-0.04748547639258915,-0.04579195890644241,-0.04318431132326219,-0.040083561289794775,-0.03634346617955111,-0.03478858554925627,-0.030580627781399736,-0.02725397276258636,-0.026039952387556502,-0.021416212844371063,-0.020306400495073148,-0.017015932076814417,-0.013343456268527405,-0.010029095006808455,-0.008143738770304516,-0.005237311340768313,-0.0003236990509476507,0.0025253629897204638,0.004863879066093168,0.00986729032340909,0.010832229961370775,0.011648614223784999,0.012793801261364268
-0.04720387112407337,-0.047389191492075655,-0.04868552627239346,-0.05105603331315116,-0.04951363203201622,-0.05006048106490104,-0.05031585690271938,-0.050580125948018174,-0.0473647332413069,-0.03019847369056994,-0.024739947821153,0.0006036934179333244,-0.008814747811347941,-0.008705924974328412,-0.010972740768786488,-0.030293242518228167,-0.05310690788320021,-0.054037384934863375,-0.062058310861830814,0.03433959070186751,-0.07634448132742898,-0.07506209900124383,-0.07535420385799828,-0.07492533404690245,-0.06942934588741123,-0.06719973665170792,-0.06452125911381228,-0.06105211735686277,-0.05795033550271773,-0.05669629385044118,-0.05277989168167473,-0.05126726190981561,-0.0473241456154987,-0.043395169905405935,-0.04071817119515218,-0.03774125329226609,-0.03277106177705421,-0.030196327282464543,-0.027521095554273706,-0.02331320435291122,-0.020449547948232887,-0.018024484657401713,-0.013998578669129125,-0.0097872527793137,-0.005197077726468889,-0.0035142387690498384,0.005233582476150033,0.00809611136112403,0.009815963641534427,0.014474759626366249
-0.045486164879508566,-0.04561449146300351,-0.046833058875062894,-0.04883325052521054,-0.049844835642988056,-0.0514254819759635,-0.054586263068082494,-0.05663679730460844,-0.05662669716028528,-0.06043548138907123,-0.06207744621220381,-0.06204933948347215,-0.06659524324104461,-0.06848278861796064,-0.0668360397542249,-0.07074479084305747,-0.07524496612722002,-0.07651518192633307,-0.07432526024396272,-0.08303283994242928,-0.07988943102413212,-0.08157530359040614,-0.08423288111151499,-0.0832906841571328,-0.08059127327377627,-0.07851534574110308,-0.07667708988290874,-0.07264113361929021,-0.07046717963533282,-0.06963774324381218,-0.06507317625075294,-0.06363906536677796,-0.06050025923204078,-0.05755776505560467,-0.05523046559252683,-0.05170256753695597,-0.044925727349238435,-0.04152511628450693,-0.03879670676012816,-0.03253997538579699,-0.02961197573927684,-0.026367157144961958,-0.02364068170322029,-0.01998006322360501,-0.01614682154953933,-0.012418474991024935,0.0011014289930757703,0.007044918458689736,0.010107608003433608,0.01808275528082808
-0.024423554106477275,-0.02572938777667667,-0.026794809001288812,-0.02839819681726334,-0.030284699013944958,-0.03013942882088328,-0.03249946540475041,-0.033939953116551784,-0.03697609212817382,-0.040769145790259406,-0.04364211202768015,-0.04676517968286094,-0.05223527310233479,-0.05326814306958354,-0.056426263741078855,-0.060267022982621266,-0.06472375135390658,-0.06651533783312258,-0.06910395348747349,-0.0809501783146139,-0.07527719400892155,-0.08116065341244899,-0.09207444515297734,-0.09307721693425479,-0.08570273376832707,-0.09183256467703632,-0.09085725721638281,-0.08649486630253453,-0.08406082071199064,-0.08377996652236704,-0.08022287486628693,-0.07876592561597863,-0.07726191904635472,-0.07421831685641518,-0.07182649402809381,-0.06932247860708972,-0.06432813299566498,-0.061502492861664065,-0.057157877666088645,-0.049342585366673,-0.04710343470300381,-0.04241175109137727,-0.03973195402748984,-0.03389061504699796,-0.029105041381111713,-0.02610467018366158,-0.02101541045420097,-0.015967607720539057,-0.012037131583096168,-0.005838197258258209
-0.00089069166135832,1.770419875557343e+38,0,0,0,0,0,0,0,0,0,0,0,0,0,0,-0.017073122856415476,-0.012348464931306988,-0.011090747469987571,2.3966589867340117e+38,0,0,0,-0.038377547587904834,-0.07378700278148842,-0.10404017222159086,-0.10574319604738233,-0.09637616190695397,-0.0941386136948943,-0.09178397488416723,-0.09064829045173793,-0.09028405111121557,-0.08937877325674777,-0.0869268528929231,-0.08469400152133054,-0.08402275337721471,-0.07976200187667247,-0.07798277502455186,-0.07622316662645857,-0.07165787924847233,-0.06973741320098238,-0.06815339369322808,-0.06685033863512148,-0.05494285200892526,-0.051566226211795296,-0.04780484015228821,-0.040597981779090485,-0.03566436183327245,-0.03188340935324082,-0.024333354251457603
0,0,0,0,0,0,0,0,0,0,0,0,0,0,0,0,0,0,0,0,0,1.7296961083750374e+38,1.7305903867636887e+38,0,0,0,-0.11602723267032973,-0.11701284969885059,-0.11673738598090341,-0.11667528548458003,-0.11278563615213193,-0.11211665067415152,-0.11104117940217699,-0.10790661442313021,-0.10704230436450023,-0.10534345619588703,-0.10232570936136436,-0.10229330299024386,-0.10178791780813214,-0.09931717031688853,-0.09780086230716291,-0.09765244960235545,-0.09476799926301974,-0.09299759996483528,-0.09068771681807647,-0.08973261156316088,-0.08753668722166688,-0.08139600734434828,-0.07811549748227457,-0.07552716406562682
0,0,0,0,0,0,0,0,0.05020999285685071,-0.14497467742735573,-0.1476744229404703,-0.14888903643938056,-0.15857080991049022,-0.15513647182400975,-0.15623101297498174,-0.15248661059075586,-0.14847061762538669,-0.14641570640374219,-0.14521395930801873,-0.13993522963584207,-0.14226962222470227,-0.1398829210125343,-0.13871743824504246,-0.1388889576743479,-0.13954125294936673,-0.14027754325434597,-0.14033008475414932,-0.14013454094795869,-0.1404594257235835,-0.14001756772508422,-0.13955182798320878,-0.13916769892598035,-0.1391567163081727,-0.1377665729914456,-0.13771833761263785,-0.13835294142926768,-0.13919011951398955,-0.13981318657684794,-0.13953577154960844,-0.13875923486001793,-0.13737172219124458,-0.13617300056839088,-0.131750375338717,-0.13501078174912956,-0.13430911279142035,-0.132616341677553,-0.13280323262668262,-0.1349921510702564,-0.13542746519724844,-0.13745963603773534
0,0,-0.15960010521020515,-0.16866739047673843,-0.16918790414709797,-0.17371963507010219,-0.18366361988912158,-0.18675066537173465,-0.18573345469349561,-0.1882738886203089,-0.18812850018108876,-0.18806513983872797,-0.1883607863878734,-0.18804634799897882,-0.1863009361444021,-0.18485929297541157,-0.18369279865752786,-0.17874695625682835,-0.17744218055771338,-0.1720764127487819,-0.17117897610807184,-0.1701551364470424,-0.17093928745402429,-0.1721228311637084,-0.17286164561627718,-0.1735352343630804,-0.17554545370035188,-0.17987601567481737,-0.18211009114614043,-0.18356773773707477,-0.1844258613589051,-0.18321810571220085,-0.1832533123925642,-0.1845279062348507,-0.18515648930573933,-0.18615697891489866,-0.18655429360241,-0.18647499765143996,-0.18662027157395125,-0.18727746629150097,-0.18778053588423815,-0.18860639103892018,-0.18671053874339297,-0.18734884008293418,-0.18502442410399514,-0.18501804605080602,-0.18094993211626118,-0.17914509022213743,-0.1754257911612143,-0.1759585947294068
-0.18165295687330432,-0.185363375307852,-0.18853927242868998,-0.201829400695617,-0.20254099845667387,-0.20471124593713863,-0.21143071320439152,-0.21276578186606396,-0.21329247036252522,-0.21804941237426015,-0.2245095715042497,-0.22679956003266524,-0.23483096764842393,-0.2335836932176245,-0.23085015554063762,-0.2308894498314132,-0.23147149659523927,-0.22909394506082598,-0.22758320996392642,-0.22009719406819156,-0.21648912163245312,-0.2146681143200033,-0.21088607752062316,-0.2087574274041942,-0.20293150283177444,-0.1996521291760177,-0.19974956187235537,-0.19941728895371952,-0.20079484273108747,-0.20662627657087226,-0.21027562262992716,-0.2096620889387571,-0.21015305760773173,-0.21222481029259824,-0.2113226614050285,-0.21189916331858458,-0.2119122261165553,-0.21570255385829495,-0.21245652642914573,-0.2111388033763781,-0.21461606877507536,-0.2122234863515879,-0.21014164193286153,-0.20779834026212005,-0.21165566745030104,-0.21137779796216555,-0.2119389109078328,-0.21414333433466423,-0.20974534431535333,-0.20734850476858416
-0.19150972362566965,-0.1925980161042109,-0.19505867768993454,-0.20903114242117482,-0.2104896552041084,-0.21429058292489803,-0.2274553928564735,-0.2336945368200068,-0.2350839752570151,-0.2459223380285228,-0.2521118883761638,-0.2537456004690433,-0.2624311761780278,-0.26392955967499276,-0.26098321217041454,-0.26395618032992824,-0.2676875209813324,-0.2627097507805787,-0.25840592869444984,-0.26043353741659336,-0.25704620171403453,-0.25647606382258553,-0.2525002842220628,-0.24709363094881936,-0.24582888995000446,-0.24547349911607497,-0.24497245133347528,-0.2427453298293427,-0.23867750849782704,-0.2444073971314415,-0.25127165727411577,-0.25104420469568106,-0.24728543942998127,-0.24957192750791302,-0.2518126795527186,-0.2507928658719918,-0.25046817915458014,-0.24945900614548072,-0.248523008895376,-0.24542431018204575,-0.2503689883958935,-0.25174633421912795,-0.2522431944878587,-0.2589430040226717,-0.2576672795488114,-0.2590098760628037,-0.2598103512524326,-0.2620249689116951,-0.2587274933423471,-0.25670326262854987
-0.1330722170403775,-0.15869831093858444,-0.17525699977167833,-0.20219907560364608,-0.205702139916358,-0.21058598645015794,-0.22324606458061128,-0.2284741631291925,-0.23195632709518127,-0.24831135513106448,-0.2545131036137007,-0.256391852375452,-0.2714073700687518,-0.27514638481222997,-0.27796198207703293,-0.2827660905547379,-0.29932092566947804,-0.2967820883651422,-0.2975185982333925,-0.3037442942084724,-0.3014168527289365,-0.3002153801157189,-0.29998925104366403,-0.298003069011137,-0.2965160106023103,-0.2955391240910599,-0.2960551682781605,-0.3042018317504136,-0.2992688683631057,-0.29642055384772414,-0.30261365146820485,-0.30058902146010047,-0.301697116293059,-0.3047949270889504,-0.30176234989566797,-0.30220713183096043,-0.3062341135006323,-0.3089436691872424,-0.31127900522004526,-0.312240034344583,-0.3095829019656741,-0.31127554032343097,-0.31134644844272136,-0.3128884170298469,-0.3194832895518354,-0.32041100642052395,-0.31705837200172243,-0.31717284109149246,-0.31626604153166005,-0.3169702489925239
0,0,0,0,0,-0.19002970096457536,-0.2286214004758271,-0.23918756111440376,-0.24655267584379983,-0.2707194469564856,-0.27709370332076494,-0.2798287663093678,-0.2943732973295362,-0.2965270633860058,-0.30714041359696,-0.3149258179341779,-0.32837944241558714,-0.3322236197672696,-0.33399729370958875,-0.33781877536841526,-0.3387759033123328,-0.34097338126931653,-0.34583818636306063,-0.345775203134351,-0.3421059739063438,-0.3453758725792799,-0.35007009513985127,-0.3537151223206889,-0.3571877263231123,-0.3607420029431849,-0.35989161326506536,-0.36027176667688005,-0.35811423517329244,-0.3631760126031315,-0.3660181686976561,-0.36918413918657056,-0.37564372256936096,-0.3761054029442049,-0.3727811440174547,-0.3799275705789835,-0.38233988996829893,-0.38505574584798175,-0.3881699530807945,-0.38465108274755705,-0.3883605408227607,-0.3913610939970044,-0.3891399464006491,-0.3892574989965981,-0.39129633672962766,-0.3896956938100547
0,0,0,0,0,0,0,-0.16426061117901566,-0.18656841938066374,-0.2174414324565601,-0.24082558116650496,-0.27431155460118445,-0.3110284266193453,-0.32382229014796043,-0.3297197856581911,-0.33733753988729576,-0.3544264559493413,-0.35752654235151543,-0.36267308796500897,-0.37021896492683315,-0.3751272301050299,-0.3786982530172199,-0.3850051956362377,-0.3905899982762276,-0.3907803517818435,-0.3932244438738106,-0.3994151001416557,-0.4049091663971104,-0.41228235501016364,-0.41438595023111613,-0.41911383990646217,-0.4242707774315763,-0.4289653191224005,-0.4308634787290436,-0.4315824331193781,-0.4379209640040984,-0.44172088809821314,-0.4431009146350874,-0.4457997469157799,-0.44721835525658654,-0.4484980933544465,-0.4505973224190421,-0.4556033520546035,-0.4569832235107845,-0.462378196643055,-0.4666743762428885,-0.4681449867855271,-0.47886822555128217,-0.48459936876177695,-0.4746624167275762
0,0,0,0,0,0,0,0,0,0,0,-0.10277430067981765,-0.13850854159345707,-0.23017055320752136,-0.29341541383635567,-0.3217159245030145,-0.3523856945783679,-0.3623387999452405,-0.37519086593679607,-0.39559495552286517,-0.40277714759222183,-0.40854148273542557,-0.4226320619376305,-0.4307762925997362,-0.4352169256769084,-0.44597590547757365,-0.45611244457893796,-0.4602493404806003,-0.4724905252610026,-0.4730082261940405,-0.47528833000409754,-0.48306177985191817,-0.4899438561303393,-0.5009440320210347,-0.5027332662544561,-0.5178264500990252,-0.5176696647688255,-0.5230438749963073,-0.5397177952809283,-0.5457045863968251,-0.5528461478153897,-0.5678857073530065,-0.5779830650298555,-0.5749475633830078,-0.590285184882038,-0.5936343955463653,-0.5956014315024412,-0.6105272103054138,-0.6142542259686686,-0.6060084550484071
0,0,0,0,0,0,0,0,0,0,0,0,0,-0.10594359633834624,-0.1914301741011912,-0.23720970811859163,-0.32767831310624934,-0.36893826516195916,-0.390910730777341,-0.4261697383118466,-0.4390913045296471,-0.44653913677769097,-0.4608461440569705,-0.4686968494797043,-0.47934401274803584,-0.499926125062248,-0.5062712458012648,-0.5132465201803563,-0.5249670363611996,-0.5320771922385974,-0.5357284165536849,-0.5515639112068997,-0.5691429889975687,-0.5801471448170937,-0.5934603133471249,-0.6157678249689743,-0.6202291824864096,-0.6314451788564693,-0.6584533114488892,-0.6675596550683913,-0.6788789990248286,-0.6957185729712568,-0.7023337418537458,-0.7053217891341177,-0.7170039545264796,-0.7212659095988438,-0.7262931570739742,-0.7255818770632493,-0.7247504669929508,-0.72055259345426
0,0,0,0,0.0319468815115724,0,0,0,-0.06285138289193812,0,0,0,0,0,0,0,0,0,0,-0.33886727645233267,-0.4055616411522303,-0.44798680601593105,-0.5081804416686742,-0.5344772661462261,-0.549990139593127,-0.5904239540333232,-0.603223224200818,-0.6089588275291317,-0.6304113493876546,-0.6359955518872836,-0.6419431256808341,-0.6535386762355114,-0.6554707035861785,-0.6569459670926604,-0.6690684934352356,-0.690944486929208,-0.7016923883040713,-0.7117786084058811,-0.745868227525355,-0.7650866522798903,-0.775578180301505,-0.8083259692473078,-0.8236704403378048,-0.833920624681214,-0.8544215674588799,-0.872215462060937,-0.8748991228078596,-0.89897953481124,-0.9006443948642274,-0.896140216004539
0,0,0,0,0,0,0,0,0,0,0,0,0,0,0,1.764467093528606e+38,-0.03756591620943697,-0.16355451034441448,-0.17428720601615139,-0.16345282788152646,-0.1636342932845059,-0.23198676124363546,-0.4035841263553311,-0.526666455170414,-0.6224694421706769,-0.6896206641409227,-0.7106972030417551,-0.7256469037494502,-0.7466766928780956,-0.7550450996228341,-0.7685560675018148,-0.78527617320465,-0.7896194778428312,-0.8016634560391166,-0.8020762436108573,-0.8096931377526548,-0.8099118991639359,-0.8143220161118376,-0.8309930462940515,-0.8422616786064334,-0.862282586284948,-0.9049195382609041,-0.9252861064897748,-0.9443900412902512,-0.9767304973620293,-0.9983014337739727,-1.001361954790129,-1.0260950376210993,-1.0383897985151862,-1.0491159950494064
0,0,0,0,0,0,0,0,0,0,0,0,0,0,0,0,0,0,0,0,-0.23378755359502465,-0.31729757970629213,-0.4474530506917518,-0.5261270461259604,-0.5894426481691863,-0.6874749747853031,-0.7464026606101088,-0.8117290195079695,-0.8632605147420257,-0.902460832998001,-0.9260178200578523,-0.9373432491448122,-0.9537377694114799,-0.9615377127345397,-0.9704955107305067,-0.9909228912660802,-0.9878419740998369,-0.991863675437557,-0.9998894170988525,-0.9989358194650623,-0.998239781713593,-1.0051461618771558,-1.0180141160312097,-1.0261442037198873,-1.0444482590579345,-1.0596444640384854,-1.0947866287704853,-1.1517782019804241,-1.1734568891126842,-1.1892145792254076
0,0,0,0,0,0,0,0,0,0,-0.18675895929578298,-0.19234444683056215,-0.19642722507195157,-0.20412334371325602,-0.2238870424456653,-0.22677281708777444,-0.24236890551017481,-0.27119058799131185,-0.2988168651286371,-0.349477875632785,-0.42670226224678676,-0.45375645049174534,-0.46610196838024304,0.07175905732384731,-0.47879351612869175,-0.8692671279002576,-0.8635832088420083,-0.8904797388527003,-0.9752071821255139,-0.9959454614226565,-1.0219268048514534,-1.0814117139446535,-1.108747552992675,-1.1251971257151412,-1.147399001312448,-1.165932257896627,-1.1768994054649888,-1.1920704195077776,-1.225970217981553,-1.2388763545526735,-1.2531455957784996,-1.2650222850862354,-1.2806694141530752,-1.2917381916579778,-1.2997016458788242,-1.293578569485381,-1.3122212194257767,-1.353148972528032,-1.3602123088183968,-1.3792588995684651
