jsons/1312513200.json
{"header": {"parameterUnit": "m", "parameterNumber": 3, "dx": 0.1, "dy": 0.5, "parameterNumberName": "Northward wave", "la1": 40.97354507446295, "la2": 16.46031188964855, "parameterCategory": 2, "lo2": 133.9931640625001, "nx": 191, "ny": 50, "refTime": "2011-08-05 8:00:00", "lo1": 114.97908020019554}, "data":
[rows 22 to 43 of 50, columns 100 to 149 of 191]
-1.3667969075059339,-1.3922964917309673,-1.3957647549093708,-1.4279362827633353,-1.458916707355005,-1.4876689111247472,-1.4998320396741232,-1.5434262576453852,-1.5657943978206899,-1.5788551805279591,-1.607270549570351,-1.6381221104481754,-1.6489324311830873,-1.687651784342832,-1.6917440655755078,-1.7080090264781655,-1.7481986537517882,-1.7794780900407912,-1.7816982542711275,-1.8050963695747895,-1.8537082846083892,-1.8669472594932655,-1.8780381563135433,-1.9183196875873267,-1.9138646569691147,-1.9230740220154252,-1.9823318053515526,-1.9918609475347115,-1.9550369133063212,-1.9738751547834588,-1.9308526333878857,-1.8635597159520136,-1.8305282188086824,-1.7816342157476255,-1.6864750482385598,-1.6758970980628916,-1.6269861128090393,-1.5691798935200765,-1.5438798890035947,-1.5071617136179747,-1.4768685537499917,-1.4989450313719206,-1.4686098993594352,-1.4680503474401139,-1.4286923536228275,-1.398012659446923,-1.3240185851096113,-1.1939777924032942,-1.1036869019003503,-1.0003552315615107
-1.647467436630189,-1.6763888488088956,-1.6856707994272055,-1.7007026574078465,-1.7269898637840522,-1.7362909437002831,-1.7756414022640359,-1.8104028880980227,-1.8481229708207612,-1.8631975613646963,-1.9196373015653543,-1.9360951600860405,-1.9761497051200403,-2.015262079570932,-2.0585249678988538,-2.0732103217227222,-2.122424497415275,-2.1322383798357896,-2.1501113652855826,-2.1913173515967075,-2.2166783029255823,-2.2336974556231843,-2.241427509209296,-2.3590620416824577,-2.372427422214274,-2.3788948770950475,-2.417391772856444,-2.480234563533575,-2.478976454644246,-2.5152399957749307,-2.5016394996807665,-2.4248172348664037,-2.414808889326207,-2.401927617413191,-2.3090764267272865,-2.2166359532377,-2.2004384819789498,-2.1286570278143357,-2.0593029023325586,-2.0347345684188967,-2.012878665016454,-2.0236360900403305,-1.955141065794992,-1.920855173922002,-1.8699972837351138,-1.8466759863309445,-1.8071101494776802,-1.5471119156499404,-1.513576084355154,-1.373602954242333
-1.8874154662031875,-1.9390554796164923,-1.960087291692963,-1.9969585988897847,-2.0289096314342796,-2.070609030969863,-2.073737144142594,-2.143338307800216,-2.1526392316091725,-2.2038614105486327,-2.226073148647092,-2.279251708507916,-2.3157651522477494,-2.3765376741116224,-2.4119792933472266,-2.4457550189555493,-2.489827622242773,-2.501630617459763,-2.569983816209408,-2.6030388232431942,-2.643443612346036,-2.650955434990853,-2.695966212238581,-2.774886629201362,-2.837981117822918,-2.872253018687736,-2.959623660350482,-2.980129835670675,-3.0173829292658687,-3.068483118358253,-3.11248717649332,-3.0906242187358326,-3.085901020590158,-3.0298541080281,-2.96058126630886,-2.881476656206868,-2.8450648344465046,-2.6590143830630284,-2.612951272803985,-2.4954832291139217,-2.4647909833807766,-2.5513977328130686,-2.4162071634068227,-2.3473405665211176,-2.2885187885027074,-2.295032328481449,-2.2244764748712256,-1.9141223203352378,-1.7694022223396062,-1.5438149475139855
-2.232244330050048,-2.355221144371777,-2.3746803040317,-2.431478318064369,-2.4969912137612815,-2.5551310385872306,-2.549566623633227,-2.634231361845534,-2.6602121041455034,-2.724618200082087,-2.7825596488436495,-2.835145930921886,-2.8732590719103848,-2.9448285193092323,-2.96003263110872,-2.9846836310751383,-3.0473928088127233,-3.0992502345603103,-3.182108598558163,-3.2003248930124344,-3.321658486644299,-3.341705217203796,-3.383030681900985,-3.4412027707417963,-3.4861589673526896,-3.538574821605016,-3.6109583124473534,-3.64855978090007,-3.7086608785548787,-3.840661298934991,-3.9200159880421643,-3.8633908948159483,-3.8817212211662433,-3.846075678420539,-3.6386448176738546,-3.5644526426079084,-3.424377847896555,-3.2247355566238283,-3.09998895591596,-2.929712008480139,-2.5751279654885053,-3.146751751574287,-2.585372819713271,-1.9450676462416516,-1.5824105580112457,-0.5822209075654158,-1.7725677518016179,-1.2966945382602597,-1.8919543049776246,-1.5563946631244603
-2.524953132816876,-2.6859726180560624,-2.7043170065793922,-2.738165504125361,-2.8630129451673896,-2.932669195009956,-3.0151876884884117,-3.1365434249806587,-3.216013814363618,-3.277939528550234,-3.4120310156239775,-3.4613797366219594,-3.5103943213146147,-3.605069415059559,-3.652527320767054,-3.7201333804175123,-3.7573460378383934,-3.824796827619331,-3.8866028765327862,-3.8601781611173935,-3.912861783852091,-3.881462764368111,-3.974010832262881,-4.005777893521223,-4.064779876540147,-4.108435692660343,-4.182696661818525,-4.247023716514336,-4.315538321116531,-4.478717060276335,-4.49555916810116,-4.5327807229948265,-4.57100771349376,-4.512297564786131,-4.211012036464242,-4.120178075696773,-3.8891901924963066,-3.46967630988186,-3.4617143834945465,-3.4508795332676256,-3.087032775062019,-2.9997688709471557,-2.806747862430118,-2.7685282940959772,-2.744400699109327,-2.7270867079857655,-2.5647941557751643,-2.3626352917534343,-2.1675661793942216,-2.0175327955392617
-2.641520836870378,-2.829703652009565,-2.9491565448665016,-3.030243806388805,-3.205837125906933,-3.3457300147016755,-3.406115466620289,-3.5747606541334176,-3.7314027552001123,-3.7766482195381084,-3.9709877987678257,-4.051969793644843,-4.195087447703946,-4.3061912387095616,-4.365936625815627,-4.499163949681815,-4.59125281028469,-4.675886959875611,-4.792549511908458,-4.81702281799792,-4.8567388095380455,-4.886218399679277,-4.944494518799008,-4.940730090519849,-4.978160948414618,-5.02292019770576,-5.207145172408202,-5.441081220278497,-5.536284367476779,-5.313308390208381,-5.253275967242461,-5.206842976313853,-5.406657582855605,-5.294503414493783,-4.8933986643615475,-5.019577635888921,-4.848445326474762,-4.528973631546184,-4.339734974609479,-4.149297797022196,-3.9792746337004283,-3.940355071635041,-3.7464114422861483,-3.4534030300638743,-3.334862383480478,-3.1245178009835297,-2.954264757992371,-2.6534935156745396,-2.449844660083871,-2.2998521037962756
-3.001980917475367,-3.129250839833312,-3.359940458494957,-3.425950565224893,-3.6630052054916695,-3.758953070223162,-3.947974934944768,-4.09636829669002,-4.245232154421069,-4.348346575704403,-4.560167305889121,-4.723439045175274,-4.927788168766798,-5.113749934324451,-5.2433413725587705,-5.368763917004099,-5.625844747854232,-5.724962054714424,-5.855173426528087,-5.921763411303183,-6.051624100939716,-6.203258428362088,-6.173324575333438,-6.122849377075583,-6.1692082186282,-6.058536230122836,-5.857230770814843,-5.759630118779248,-5.821217505457876,-5.839995590286048,-5.95829048282038,-6.056677400096045,-6.471873078902346,-6.669342142693053,-6.362415563908652,-6.652517319146719,-6.490705438830677,-6.083094509837025,-5.878011325477745,-5.59395739788301,-5.140889484251697,-4.8976171659337835,-4.569744023906961,-4.126110274375994,-3.8700554206906457,-3.504534161064495,-3.40894170690946,-2.919135584071561,-2.751763850410163,-2.414246187981123
-2.9212078615076944,-3.174357848659044,-3.22181315461097,-3.355894190219638,-3.5240855259131036,-3.6999234990362515,-3.775108891877711,-4.107905708035543,-4.121493939353561,-4.251341940858649,-4.457934024076152,-4.610020618211207,-4.894367734805198,-5.313146589966187,-5.412712221293662,-5.79198420188854,-6.140682657670422,-6.37567017319504,-6.6458599713545174,-6.755093740152834,-6.697691686670376,-6.8245384090277454,-6.692154168701081,-6.193060223800424,-5.7949138125108615,-5.334554670692232,-4.256757571382228,-2.923994374540847,-3.8456356195982524,-3.643936047727622,-6.3583770480352735,-7.226772779977884,-8.10691398226859,-8.060286607829301,-7.637862483796099,-7.437172568831452,-6.968398608706582,-6.433020201709401,-5.982988816426738,-5.630968103349579,-4.977474446065167,-4.502797461328078,-4.242207909172013,-3.6523799467950586,-3.247213613670255,-3.0783788689337213,-2.7846566758478697,-2.3870885441652336,-2.1142883014717673,-1.7114804642883463
-2.438269401175031,-2.6363462496179975,-2.7561034710766963,-2.808544184753313,-2.9798243550908015,-3.018747505128856,-3.1821385642868125,-3.3745125913935627,-3.361959129179463,-3.510739214756115,-3.810418682199716,-3.950577560654991,-4.286959295598092,-4.664362680725059,-4.822396113355268,-5.287357951691214,-5.642500956995746,-5.974002772939535,-6.498570431828579,-6.6015415840964575,-6.813424513002802,-7.607560129694749,-7.884359524088935,-8.223109502812921,-8.949321110261764,-9.132431984981158,-9.327331196666083,-9.51017613023447,-9.631704050268702,-9.791331713146866,-9.66938427150989,-9.055379241021516,-8.601475688594185,-8.191910745802673,-7.033543045587474,-6.525079702445068,-6.18013949059092,-5.064441323340128,-4.854799963796388,-4.2995999725423575,-3.6721953208430733,-3.1386832770145645,-2.830970140136175,-2.235562276676344,-1.8717007959638268,-1.7102190611620005,-1.421948261348683,-1.0646955899639827,-0.791780086234549,-0.5138601609585184
-1.2163964954989082,-1.2550107087786553,-1.28353019921049,-1.283279755465281,-1.356314547179936,-1.4487251257453166,-1.5594424471598927,-1.6268469635866434,-1.722794438050419,-1.8222911082181077,-1.9364125875500684,-2.0131278850961185,-2.1013277693990755,-2.248161831721406,-2.491077648153181,-2.415900987927826,-2.370901642618769,-2.360091881405074,-2.6237493597987953,-2.812872389188042,-3.0226112979628206,-3.795904825360386,-3.583903920371145,-3.7176429982033348,-4.660620241590242,-5.636702614451914,-6.395799085614174,-6.809059753590586,-6.843017894211191,-6.117585815367658,-5.6552110559050925,-4.036097917915629,-3.7105032067964934,-3.3028464964462683,-2.1856753949684093,-2.126610441219403,-1.4423093375097844,-1.1123789863058084,-0.6678277763581619,-0.20247262480223469,-0.1719700851181385,0.22601675298140889,0.32739118135537376,0.43320529533484414,0.7744703284574737,0.7688554335598283,0.8285070476423756,1.2274982550378963,1.1441002538881901,1.1863736213433351
0.32899504422314774,0.5583497929400527,0.7839346819299919,0.7950507044509358,-0.263876674781809,-0.36056493702978226,-0.24177988110849774,-0.104799101900534,0.03251655737211602,0.1246959673458921,0.20906614369280246,0.2781475487568533,0.6852095628471665,0.972052457436714,1.2127338797095493,1.7514181734540573,2.135936257406422,2.3956950285602905,3.15750550303729,3.90136051167644,4.0447032617549645,5.252804308018289,5.2562821546793606,5.4206633949868435,6.0119572745070755,5.136529216618483,3.4103607307885953,5.273001543205461,3.132136380240782,5.0782375636577815,5.011356995874699,5.342211921540845,5.1568424163109485,5.076122669248912,5.029888303382555,4.779807397952537,4.651048346194928,4.711304363872409,4.470756899683689,4.31275035891474,4.084894866808951,3.7723742269726817,3.774351271219606,3.6791197742893975,3.5307470013178333,3.5458726146186983,3.614657780378193,3.47260273866033,3.4110456434152585,3.489585167790123
1.1018489783823013,1.2676207024429815,0.7797815161251955,0.5718213587852479,0.5376612809866108,0.689976883295714,0.8110381656312653,0.9831227097084088,1.43713212398099,1.6259338963337617,1.9765232695146897,2.2232930752542996,2.8444313434956774,3.2242810686951264,3.6750001414210565,4.389759190441682,4.933582472405691,5.325244713411642,6.25982131965979,6.834840277323324,7.141159307935353,8.156380865517233,8.588618411811096,8.899730956324468,9.670782403748586,9.583787709660895,8.631471227865427,10.129718868513,-6.077381354746832,9.644949512007772,7.6943062856775635,8.701525439967812,8.743872160895993,8.540975130508933,7.828363389648318,7.77348780046576,7.42919134528348,7.155809758516823,6.834591789035511,6.494839541823253,6.300121072250679,6.024749066601981,5.7983992102770285,5.664414828726946,5.473951777773098,5.283706431472513,5.240295959533117,5.078888675398879,4.936682861133889,4.836379979141863
0.8242389161858338,1.0139015065558727,1.2423803097204442,1.4088689059735913,1.6154059359424218,1.970999662292042,2.1778240351006724,2.4179529846851624,2.946975344922888,3.2378713805832025,3.754677545174652,4.4137471169893265,5.146078987955495,5.449519516957226,5.7033587577888945,6.043794359476203,6.431463270873524,6.717930517343129,7.202568075066557,7.5812094461238955,7.986794546847014,8.531720920591216,8.742974332860229,8.937963608144894,9.338173629147652,9.060986067145521,8.123862739064371,8.329346479919526,-7.617690464705786,-1.0210414482603511,8.994626595167743,8.747099191966695,9.26414642512455,9.192004286102476,8.905587571713866,8.643956767680233,8.46007735123997,8.204278184574475,7.974206244135346,7.653533243041092,7.4291302373872945,7.172758031493165,6.8517366093496905,6.72410289547407,6.545537616373528,6.347855042006257,6.256471697300282,6.116899139964376,5.863754806771792,5.749946768548331
1.3140057841226824,1.5166027004859863,1.824395165902072,2.005154021819701,2.257225080390187,2.492683365868701,2.6823289342497785,2.9469265167854424,3.3412401339114393,3.5317250683872414,3.864646621780233,4.012949614448131,4.441047028340302,4.868684271664639,4.950244938553769,5.446641169723041,5.86973448933541,5.992228323630011,6.4074469126374,6.619420784835965,7.025218971685694,7.4647606786885365,7.691616442419428,7.844618622573971,8.17618851875202,7.99869854523368,7.216418574211591,6.174356335319506,3.4395988813419014,-0.30053742607603656,-8.546993514177375,8.597626156868426,6.745262145447781,6.253966546222811,7.860259066498122,7.503794298213276,7.488803622093869,7.660843890696791,7.546345598205475,7.396907752670636,7.1677335472296155,7.032756033391569,6.893973539013283,6.7509244326980715,6.543871711575381,6.410555391988526,6.316139865836882,6.213563073571018,5.942607795657627,5.921879006910247
1.696852504590848,1.8677169419255277,2.11765366257459,2.2606233675964593,2.46382280997707,2.699921723740178,2.8735395569228075,3.135413254695985,3.375114653658042,3.5379495512141417,3.8405027021211606,3.935928547585679,4.305941001815715,4.502266652679296,4.694641577407003,5.105078840988078,5.281726069303155,5.48766467046713,5.728244384148087,5.994954844405878,6.124990644928839,6.39299433831689,6.597448426635585,6.730153365156884,5.976825056479106,6.3543835729862925,6.620579394437755,2.070268657869599,0.24557462396263396,2.6280418644470176,5.206495645531742,4.4695638826741515,5.872877860951591,7.112046847696282,-4.764229846793166,-7.097751119268584,-4.444192434587213,5.122723002418966,3.799181471031369,5.350443048978154,5.308280164764996,5.713374388084404,6.201447875569022,6.328909210010234,6.31640832917784,6.263126210682456,6.184233409308911,6.092383822508135,5.957221750845655,5.8401653681694325
1.6689497172248964,1.898578355958988,2.073805910047588,2.210365002575478,2.342252493480596,2.57493515980048,2.659899095036902,2.8678674346905777,3.03506418166812,3.1637445524926866,3.355461798046218,3.5039257866096105,3.755140553697205,3.9174894156625264,4.128490291028296,4.26704386548563,4.520606796573969,4.640444795630469,4.756975202467216,4.915160791203788,5.057714916200181,5.230055686649547,5.378272753812083,5.474105357796939,5.594129870832947,5.655304969538652,5.8289264040184765,5.92143886055002,6.085739030458658,6.073954631731619,6.129323156611969,6.1610714504132575,6.252047387050106,6.301274534448195,6.295668343491362,5.976242794629608,5.550957137017894,5.0042417970148225,4.550478184168516,5.030671041878422,4.9991751549725745,-1.9349914473164564,-5.247798615388678,-4.16312863794579,0.3436539575616655,3.9753408436339415,4.095904792202623,3.799319278681313,3.8045399278625496,4.329570620531149
1.590006306871318,1.713841282776558,1.8816305758229792,1.972283980423407,2.12029637442442,2.2282830838278147,2.343025323084993,2.4828609764142464,2.679678321832883,2.7721380818952173,2.8865652265850907,3.041488978707172,3.1442637600669925,3.30205058536188,3.432962013083776,3.574544775425197,3.7182721686824496,3.7699805437871774,3.8751706802699246,3.943182182298188,4.113189574022304,4.232882228754919,4.301695509255314,4.341413544734908,4.5144106396972274,4.6422403127455905,4.663534715576394,4.680343310172943,4.85030943176201,4.959383167521357,4.951272508935909,5.04339621317621,5.126792098014415,5.197737411675255,5.29109837056386,5.30770517687003,5.319823633545593,5.311376690811197,5.2948955461294664,5.247790507865533,5.220044862726024,5.083154168535441,4.841644948097729,4.361690755564416,4.811913875772567,4.960697021701998,4.069332330496466,1.7978426186424725,1.9693693764171747,2.6220532338329137
1.3423591396814982,1.4489987098283739,1.6144586281363857,1.706585586684265,1.7933379201229351,1.956187586108427,1.9895200346102113,2.1133508871168307,2.2564783912317528,2.3416478969517627,2.398459654061912,2.4699849928842506,2.617129705358503,2.7501962463760576,2.8393414377600115,2.8696506525809142,2.9348750710244804,3.008460539453346,3.17702035534929,3.232224463432396,3.288532495838603,3.426440592480456,3.4409817259343827,3.5313056933562863,3.7069377790118616,3.7990778251783284,3.8197703642667746,3.8695991501873914,4.005253181652899,4.129378403078156,4.195056125274875,4.229074284021302,4.256460209999219,4.347168023771498,4.415280214858792,4.394340889640037,4.426418381879016,4.497030449124973,4.541147552895878,4.457517277822784,4.450786587799377,4.483615821979146,4.488753195848896,4.482961432983702,4.42328364722839,4.3622439471249,4.3984033482132245,4.3711449153152815,4.273240016372644,4.186504660096247
1.0221888849203218,1.1427335494397592,1.2555992511971774,1.2977278567417,1.3252014886956638,1.4679468913179738,1.5356391151714428,1.6317184992663174,1.6842059744973092,1.7598976778233857,1.9045629046865842,1.9495091069566433,2.013608984824961,2.1410579297039902,2.223082525226483,2.3007315638508277,2.375439141424531,2.4257200661051805,2.517439218560098,2.5814639313427326,2.712230044661689,2.8258241399240087,2.8385129045002992,2.870581202157483,3.030503964955768,3.0518473682950376,3.0717365312688236,3.1518160426765625,3.288746882323596,3.2964398753214224,3.307351699775869,3.4448711680521296,3.5177821541274428,3.51938572445176,3.5412987407249545,3.6253397180145153,3.6652810935012052,3.7234889154416426,3.7344017972234282,3.692554789714509,3.801294833554198,3.8280416406475184,3.824003753160552,3.776725444368181,3.763557935559636,3.6956058237358387,3.6749712005748396,3.6829978511325354,3.613996051544674,3.52035075671599
0.8839154273634864,0.9055634105100466,1.0018773724078491,1.0639059902830275,1.111548441329102,1.1757609458052094,1.2254138249660276,1.2763106643237905,1.356544134323548,1.4240201230315748,1.4435217298729306,1.4920573051984622,1.6134278764815781,1.6536500622931138,1.686975880306478,1.8113995937066478,1.896032321107101,1.9149111193524175,2.0014886810256503,2.0965166677410707,2.143609343412161,2.196009088005531,2.2960872023202037,2.3665613659965845,2.396517068607213,2.4471817296172116,2.529962768957783,2.571096639976006,2.6229837573107133,2.66524587047407,2.748416404610277,2.819165508473916,2.8451751362087423,2.857919825547579,2.968624541292843,2.982234765399081,2.989321996396267,3.0307693124146433,3.010906183014809,2.9909085422679325,3.0292870358359276,3.064965242154851,3.1052951544890286,3.111777631936223,3.0552508242275036,2.905986732979526,2.782621933932491,2.797008221993395,0,0
0.6940459432816625,0.7510488924994441,0.8095507534196879,0.8467085292721868,0.9161400622831025,0.9757315519450193,1.0117174379112215,1.086463298132069,1.1327351648650845,1.1597919763732842,1.2220332279837036,1.2569253023277545,1.3049201771906291,1.346971300008686,1.4028304259082132,1.440777407168086,1.482072468825267,1.5443309080232699,1.5711323638435195,1.5941280563138607,1.6763295970084537,1.7544837065263517,1.8059655526505896,1.8547810339386572,1.975321676424584,2.0184421819275316,2.027378201497828,2.0856143562594553,2.1115883065344434,2.099488479785262,2.148306072547508,2.249822452825895,2.270780777427669,2.312453437226999,2.369193443420562,2.4358690384133808,2.4779452581479466,2.47342179250159,2.456329405971742,2.4220878589977293,2.448190496372897,2.451312078836094,-2.3965271027160543e+38,0,0,0,0,0,0,0
0.5224659802031842,0.56935402650167,0.6477254651955178,0.6864757426777228,0.7074364727035742,0.7667972759010225,0.7767699959139388,0.8100917421256786,0.9173433530390508,0.9526655296001993,1.0057607581431303,1.0501276784502571,1.1433501931877295,1.1432663475856466,1.1573317110292038,1.168414150230259,1.2093504070354266,1.2332816484209264,1.2918199788360567,1.3268930215589476,1.3456847230078848,1.4086956945130902,1.421437914683463,1.4506725579735453,1.5619246791879082,1.6026433125306017,1.6250974170132237,1.6583853979063787,1.7298852200522554,1.754289974819117,1.7621482640619026,1.7903680770182149,1.8324294159276941,1.8502375581143067,1.8425600051902065,1.7971498043605982,1.799127356830928,0.7433571558819373,0,0,0,0,0,0,0,0,0,0,0,0
