jsons/1312639200.json
{"header": {"parameterUnit": "m", "parameterNumber": 3, "dx": 0.1, "dy": 0.5, "parameterNumberName": "Northward wave", "la1": 40.97354507446295, "la2": 16.46031188964855, "parameterCategory": 2, "lo2": 133.9931640625001, "nx": 191, "ny": 50, "refTime": "2011-08-05 8:00:00", "lo1": 114.97908020019554}, "data":
[rows 22 to 43 of 50, columns 100 to 149 of 191]
-8.8909423791166,-8.87253691229578,-8.333250181685715,-8.257318299245599,-7.9980709941018935,-7.5934807519287775,-7.312048718890201,-6.955666300835553,-6.503807402172974,-6.115637012177504,-5.819482316784983,-5.444505445143348,-5.090539150850245,-4.713512153994453,-4.52895222164634,-4.09908147083871,-3.8820173761084655,-3.6384764178278624,-3.3844713675054856,-3.2260779015433987,-3.039023306200376,-2.7685616119981407,-2.57322423703399,-2.329961665818111,-2.109233651891682,-1.947619710556622,-1.83354647455708,-1.7043099316678811,-1.5814147778576446,-1.478940050422657,-1.3534382228664026,-1.2276907283584342,-1.1359338169443114,-1.0397970409404655,-0.9305569253477244,-0.8679153551317872,-0.7698336606506334,-0.6736143143286539,-0.5920655572799144,-0.5281999631078574,-0.394446888477995,-0.35127838718782084,-0.2933498596615442,-0.24891685944337483,-0.25949419523068684,-0.2462728763162437,-0.2446911702031495,-0.2328228260977939,-0.22039276696493654,-0.20130505872442747
-7.457004109071531,-7.747577184965844,-7.210176876324564,-7.351981093739584,-7.2413100265115675,-6.846157264896297,-6.528422021697838,-6.366442455327451,-5.836046633168231,-5.609488481949584,-5.270867317081712,-4.992180879262321,-4.550457159420405,-4.232700780851212,-3.946554634955631,-3.613462006495245,-3.4030943702967473,-3.214361984065349,-2.8815878756234015,-2.746071721611826,-2.57793283204727,-2.377987370191075,-2.183831917677457,-1.9409977537460292,-1.7943922384027862,-1.6882588639606961,-1.6001987103466082,-1.4958739888309844,-1.4331357300590233,-1.347015657700913,-1.3023946337066286,-1.2009501455858216,-1.0961677627278736,-1.0600551292581002,-0.8584917587684814,-0.7625733526162686,-0.7146356370430557,-0.5476101903874664,-0.4663502980386038,-0.4145341738570677,-0.280074796237306,-0.19088896535835512,-0.1593577211296671,-0.15650187140244795,-0.18741133593072004,-0.20386697348380567,-0.22125185590939328,-0.2762004099497324,-0.2798316611027842,-0.2921626924637472
-6.649323992346496,-6.749686573360064,-6.1174835520513335,-6.093207653921743,-6.024642536401315,-5.612371228978029,-5.483894503601007,-5.415402904636744,-4.981175964992366,-4.691780588316862,-4.507269367867208,-4.174122763895708,-3.6766447127657536,-3.498469443175125,-3.1814573664262706,-2.8809546359763085,-2.625038181175237,-2.4727533159556465,-2.1455205235263093,-2.0055906278419044,-1.862728419619108,-1.7121025536860282,-1.6328466285620398,-1.506219342904403,-1.311987539560821,-1.1361616848105875,-1.0182916643991227,-1.019497137863502,-0.9723721927590679,-0.9002874379967216,-0.8722994237650221,-0.7275695913996487,-0.696504446314395,-0.6576512647763997,-0.5704859856740258,-0.4924569349208149,-0.4212748141063474,-0.20064893601428646,-0.1332642994142605,0.036221288507477266,0.2492544068582002,0.29769919980773696,0.27276311700615274,0.13527562720054162,-0.03398030865141107,-0.2105978202401915,-0.428044194289085,-0.7276944692544739,-0.7811996723940158,-0.6538692341680904
-6.413561968172605,-6.322529407925832,-4.865628011238191,-4.2969328307996575,-3.6446029950665815,-3.1150151098150825,-3.0227294288775215,-2.954459613780201,-2.9294599040381666,-2.8106778215416974,-2.8229566830474133,-2.7973875870296996,-2.6111225572125094,-2.4475449681262087,-2.3503082766830246,-2.1745857621748312,-1.8333902186495312,-1.5899301802373549,-1.3725791619665453,-1.2135922050372274,-1.0930448683699798,-0.9278568951828786,-0.8679593876542602,-0.7735881034904136,-0.6626979458950865,-0.6146894969737425,-0.5490228261702604,-0.5073304368728936,-0.48347435501489905,-0.3829135640429862,-0.28760811199895964,-0.2871125761627998,-0.2656901053554649,-0.30236236334998207,-0.24116136160158955,-0.19804110610716308,-0.09192190321572574,0.17792606782665155,0.265483582329394,0.38042776927076377,0.843234268750161,1.067050062742039,0.49531181299036514,-2.839058546772112,-0.5637294172186862,0.30315839659102756,-1.4912649656114216,-0.8676267203843213,-0.659386770703501,-0.21765396375672733
4.038652088352522,5.378651530413104,-5.444984652879696,-5.440136365857378,-1.6476999263629708,2.103248652517154,1.1320702296341747,1.438084491816789,0.37175199117994184,-0.02010955568167362,-0.29312787150355163,-0.48939851395592426,-0.7750247520637998,-0.7863537174485671,-0.7646107952131017,-0.6779561350487124,-0.6959119721814867,-0.5509264349896127,-0.4037276624163041,-0.3182498757506832,-0.26045442941981667,-0.21744802969588492,-0.20225859620132985,-0.16719370108828288,-0.12583472712015997,-0.10107918422223976,-0.08477389242077495,-0.053411190961309536,0.024521687843738496,0.0036170279582200017,0.018048471213593237,-0.004038925430380443,0.0406638476786076,0.11569920861620617,0.3516681632820405,0.47702745638047644,0.6027495708123737,0.8437581717753617,0.4780314664478592,0.3489493559567711,-1.2412795480480285,-0.9955679774364545,-0.4521317152848447,-0.11957019528851863,-0.02394641080559132,0.15303514054152578,0.14372008025324903,0.26953072642678216,0.2420351137395798,0.280063586325252
5.3474697997966345,5.45931480814792,4.3806220393986655,1.447821892357065,-5.4419033798684575,3.7067295952639316,4.298151861548543,4.839458667956101,4.266098772815468,4.011368801748815,3.58051160011517,3.264644777045676,2.5642495081152736,2.349825633158148,2.205077646316862,1.4662800442676804,1.46794287673459,1.2559998258896237,1.1746031151598375,1.0526740246203332,1.0935754110975078,1.1201759845805612,1.0122948932177689,1.028703544323466,0.795497855819098,0.6509860403049671,0.5069739111772726,0.5525108885764326,0.5678634663926728,0.6401332391981819,0.701469592692263,0.7521110714952475,0.7259362102697114,0.6332450116900757,0.6916684482871943,0.6854963831317377,0.6860369431657876,0.6379597546624084,0.5268508621271459,0.45511449286447464,0.4034387404477807,0.38664899613071524,0.3743250882052572,0.4137419436344565,0.42111178281616657,0.434564689169075,0.4534210644713074,0.5252854368822745,0.5641616857710606,0.6102958380802342
5.154868465508413,5.151759141196342,5.095828172522471,4.083397894445205,3.3330838193670944,-4.901922209941682,3.755418207954614,4.404077937989343,4.708003197822195,4.529339254159079,4.352983051253429,4.148720391095274,3.719357885150113,3.5840345807744973,3.342692756268529,2.976389712935788,2.7380468501091917,2.625837878768289,2.4018338893749225,2.340880434744795,2.246133892747707,2.1751639639538127,2.196647090432312,2.1032110679001055,2.1159231465363213,2.1496817243828437,2.172165014993927,2.2075888529594416,2.3751628050639644,2.5351409636538844,2.5665196778102373,2.419958109976311,1.7033096626191875,1.127732999375758,0.3786631139732964,0.21555652317116525,0.2773724856427445,0.3807220246105774,0.41676542336763794,0.42974507390233796,0.5279277756984303,0.5881728616668721,0.6708877561150484,0.742082169474721,0.8068854567158716,0.8502380229503346,0.8809601278021119,1.024100984044486,1.0321867902489341,1.061881329399382
4.804884057891799,4.8131014991638,4.905775534814256,4.885502486409636,4.697983049251167,1.1016656788399564,-3.903214320832131,3.663120160023954,4.6149476541199705,4.558644982196085,4.459930135888838,4.369540365497565,4.1893209308334205,4.013150448946075,3.93998130760901,3.7128769182017285,3.60514992033703,3.5275817529915674,3.4142674168967413,3.3759354061208198,3.3822937380051856,3.2926578640482753,3.342955917733839,3.4143661604481665,3.4849263073757837,3.5531157948580807,3.639204407544405,3.2828659227653127,-3.8253816061915593,-2.424507406333842,-1.0146019380867097,-0.1747181732245127,0.11495845848293433,0.3507973700750218,0.7311831688624862,0.8730140550637733,1.1755239545626772,1.3039285993450977,1.3797568127112998,1.4309256360638314,1.5628927754054904,1.6379680338805622,1.6507876440411013,1.7066620558714178,1.7421011165185285,1.7268959381769746,1.7571444163037309,1.770789133753923,1.7878257079760942,1.8379465711782579
4.34941499769769,4.344997418271877,4.403618443005359,4.450337277168024,4.42681011683034,4.392854729665791,3.5121359989005727,3.4023408099034302,2.215858574625688,3.7912834227124215,4.110394861373913,4.2731433408336414,4.18449298466505,4.125995844421801,4.064959479831587,3.9439356237272287,3.891518190414246,3.8553874772774597,3.7685775470459997,3.8097916486842345,3.8692071935165897,3.8244484836944186,3.842219797702381,3.9386058495087295,4.041749144946804,4.10929915258275,4.113967260922267,4.031821209470556,3.6897022003132696,3.5133919984143143,3.3645694489595255,3.153765604155056,3.0844942884303506,3.0679003022258122,2.990333566866343,2.9217758990896896,2.8165814888236103,2.8598894656519165,2.7697949182361743,2.709145814000721,2.690332161331565,2.7074735606711284,2.667241058768024,2.59770213355813,2.5702890056662304,2.54736252028687,2.528779194580385,2.473096538992126,2.47196250866336,2.447890012864032
3.903695578345678,3.8942022350066736,4.023281858293405,4.081799724067079,4.053060581365097,4.132454360687647,4.135263661732961,4.1337984718440515,4.023392370532943,0.09099454243790583,-0.24863996288026896,3.3639262256942266,4.020492459333569,4.066585091756849,4.034474431277187,4.027623445501125,4.008954531840723,3.987379122466101,3.9241409696162632,3.889146675513079,3.871978229686128,3.850390032883233,3.842933471106915,3.893596384701535,3.913660480445156,3.9665997978662433,4.036024282252144,4.007801924105643,4.001008237578426,4.006855989543081,3.9884576948744543,3.966045626392682,3.929211368508673,3.848691783096183,3.8293067159449743,3.7376385056010846,3.7021996196666067,3.6251922232697678,3.5713737621029362,3.513161109417279,3.3946510905142637,3.373941471687112,3.2681557540879953,3.2186835048187206,3.206157540722255,3.121160608694129,3.096154370069505,3.024654631384114,2.9617815599680557,2.924087964941854
3.428560924390389,3.4582786258281693,3.620130470357276,3.336319075751958,2.590088848850162,3.348169260831549,3.5051371600047645,3.6339657196434723,3.7718513150792736,3.797874601348589,3.8334816207657867,3.8201584071840573,3.0154180726214204,0.8877055497579039,-2.60679666926832,2.3430419934084146,3.149368486727479,3.4200629766881265,3.694933557122861,3.79066829932106,3.772232453439975,3.7648075547697006,3.7741004974365024,3.8158999544515533,3.808424852396843,3.7992391664756675,3.9164453828402843,3.934409169768424,3.9456900057784434,3.9545678478816444,3.9642615265891594,3.9450934640005415,3.8980922682186625,3.8775615069262788,3.8542622421759183,3.7970315767560567,3.7410073330751636,3.7144237808571754,3.6719567952658045,3.6271706597141984,3.563404373024644,3.4893779887777985,3.452875880095875,3.405516992363527,3.3565057460460617,3.3137215510822866,3.287237558736305,3.2144938910180376,3.1710315702807765,3.1483844322028265
2.9566941358411616,3.0625337865118647,3.456403333981228,3.531287700842269,3.4651933629010716,3.415960577212276,3.4439925333036228,3.4761642920874514,3.565488160631915,3.576527323308987,3.59853934546574,3.62147413615474,3.6710291130312265,3.6976172298057963,3.712719173150464,3.6614288713209007,3.5105554357930076,2.2896463241160623,-3.730328081313289,2.5126715682243144,2.5698631875230005,3.0138274020338307,2.720204418902089,3.0715717909060856,3.5883428776328943,3.7069730903970557,3.770453516443367,3.7889135163003456,3.763118870484738,3.736348586700166,3.7349367153054893,3.714284934663612,3.711034467846802,3.697764412258186,3.6810523418777312,3.6702453612656343,3.6397447382911428,3.602630033353178,3.5932579160199194,3.566694527562784,3.5352573546599073,3.508356678749988,3.4588214825538466,3.437923282011096,3.408951404824985,3.344411815322924,3.327328269357558,3.299136682835858,3.2551940683059564,3.2316151112177502
2.393178422321095,2.5462467596736817,2.7905872430154104,2.905063985232916,2.942391479327898,3.09767097906652,3.2025022325107595,3.201981023762778,3.323336598256782,3.3756021011446906,3.376344970028523,3.4006271780849753,3.478241904860216,3.489393950360077,3.530141719742473,3.550883703487639,3.5421231849541184,3.5631625442618056,3.6060551199150397,3.6344409593231295,3.6586282921715108,3.6893618892909137,3.6829328327093247,3.5999481925984744,3.253836957931918,1.1299387145966584,-2.994293032292823,-1.0464019431516813,-1.5964521471477493,1.9677967900809021,3.5199414395215163,3.5319367942631983,3.6017641875488606,3.6002225382002058,3.583379984396976,3.5577488498292418,3.546078593272571,3.5317206005244093,3.5123518490001824,3.4802575230818387,3.464777604221679,3.4431404755532427,3.4019878638330425,3.3939168973060396,3.3796367728783507,3.3490723931916992,3.334417724444953,3.304840529598849,3.2636871864495665,3.2436158342497126
2.092293942396327,2.194924459347191,2.385034548666562,2.4787064363170916,2.564662848466822,2.732774702508066,2.7770120429294614,2.8406341440036473,2.9743129530242185,3.02516015712143,3.0778181298264817,3.1022530280784384,3.213455925947833,3.2495366931771983,3.263454279405001,3.3517077237244286,3.3997457188900944,3.4160933098224153,3.4292002579032657,3.4524694458141774,3.4585087202577007,3.504314727032253,3.524330956461389,3.5269542950854236,3.569293151930607,3.5727574887553044,3.575444369371486,3.4650414176143958,3.4428841067824334,3.225692366277107,2.6278350587316233,3.5386552500936084,1.2753526779616935,-0.2904652424960651,1.6275994856427933,-2.094625009275944,-2.986789192239764,-3.0308734711060565,-0.5501092357421073,0.3268432882015875,3.1176346983560213,3.3259999740174115,2.6475828076048127,2.6622584164487715,2.9425410801309306,2.992972114467239,3.0396911678284595,3.1766711493184303,3.217651946958251,3.215129736119967
1.8284939807895342,1.906085189880274,2.0317572289864625,2.1129553965232475,2.1718919885069092,2.33251378188809,2.412832134975237,2.4673924732317087,2.556370407480057,2.636932512362554,2.7090798683959227,2.724730230943373,2.8430705952371356,2.8549670046615776,2.9129017951550065,3.030537588740392,3.0542743052456016,3.09729251506719,3.1551170450484833,3.199247167527678,3.2007662599618367,3.258087015516014,3.30381254750857,3.3482758544900095,3.3827881818829133,3.3983308229217517,3.3731934355386715,3.397888237909401,3.427514316740171,3.3911350939698055,3.377421826816589,3.3871637108867727,3.3690199789743045,3.35378309178492,3.3760050001068738,3.3648594736403306,3.349377488911935,3.3332976263930245,3.2797099961028016,3.256390357290186,3.060228432595397,2.7268950594376715,2.1239755137569594,2.4967015158420836,3.197516629271416,0.6988574029492378,-3.1106812917931093,2.1306585942997827,1.415806736081044,1.6521244484350912
1.5986003124747474,1.7089081265139494,1.8239542884479178,1.885342793033173,1.935527010251306,2.070774216433437,2.1118152032073483,2.1914722883347135,2.2723964725564554,2.3569107335729678,2.4134775283780163,2.4726362293417323,2.5911172182023496,2.6160839401315767,2.667125064292162,2.7146951159828094,2.785132176120825,2.8133054068346843,2.879194645910702,2.938169472434866,2.968411370382207,3.0493193265286314,3.0733637639913574,3.07570230791992,3.0909115074293783,3.1145172453456027,3.1291592585772867,3.147888399225317,3.2168703569310484,3.216255146590684,3.197039875065276,3.188122465411007,3.1943489461433177,3.2012006857526116,3.195985786676361,3.1682506009417994,3.1692888864545807,3.1789796363172362,3.166190442211508,3.1399612518379643,3.1335285811883615,3.1423495774188015,3.1237764875431635,2.9397891536226184,2.9406055881376916,2.9833197249480414,2.803324516275496,2.0031675942487763,2.003564363711131,2.4071614402870187
1.4550917804318784,1.514243776996709,1.638280717056919,1.6868438787169433,1.761183470457458,1.8455115760278853,1.9206609800550045,1.971552935651562,2.1251028100613407,2.1546702406451814,2.1759521306521457,2.2365424008183394,2.286791106696648,2.3409851988842445,2.396160908327362,2.4743135779100305,2.5172113673937324,2.547430779375169,2.62527403922619,2.664951805565299,2.719875342825324,2.783844436701821,2.816132024426634,2.8108650298644315,2.8693648466306607,2.892830611694398,2.8703131014207015,2.8716059292986,2.929305794195208,2.939795647740605,2.933826378922566,2.956478388824145,2.951935502901243,2.9626858898673802,2.98275676759225,2.976905554262579,2.9784675756447436,2.980565744311931,2.9753617092476885,2.9652708805782293,2.971682651772023,2.970134168993382,2.946207690608332,2.9570990445616228,2.960836382938352,2.953118865986027,2.9451517041474395,2.937681820492833,2.914607200931956,2.9066689777750225
1.2703457572189558,1.312288442407775,1.4332967006521051,1.4831816426912368,1.530797279785442,1.612647601131122,1.6374756745861558,1.7246315343336567,1.8413089706265422,1.9044286922423588,1.925514577336235,1.9688813433997276,2.064677583121895,2.123716456528693,2.159716569085186,2.2396547526109907,2.287469733630235,2.322361226250836,2.4016465297813996,2.431253904030437,2.4667832379195103,2.5565170946247986,2.5638713033660077,2.581334826512739,2.6458181664452414,2.6802559497176026,2.6801367083234453,2.6862592677946315,2.7234554288587027,2.734921264253449,2.747378938588448,2.760088958242696,2.758035329997077,2.773721899308699,2.79763654677473,2.7832274642243693,2.7870033923341384,2.7998501505840725,2.8004571975427597,2.762522326892311,2.7607363024091143,2.7772414717791443,2.7829549193068215,2.7909120652975483,2.7815935867965953,2.767573586447689,2.776371593577591,2.7750218107198377,2.7542828070324252,2.7312377294594485
1.1436841363422035,1.2122188040663837,1.3152287002925775,1.3625523731221825,1.3722687608229633,1.4706885424399316,1.5228847281281832,1.589146527911806,1.6410151660746404,1.7022325861935732,1.7779984950297758,1.8322392925180915,1.8842489879373403,1.9484033283718432,2.0019837608619957,2.0633118656675724,2.1093466274524895,2.1610491418571454,2.2008764142051787,2.2189275965763127,2.272257842797187,2.3147696665754727,2.3488454318480025,2.3799886974587627,2.4800268272526735,2.4976026287205344,2.492616128381899,2.502546851069703,2.547776800063242,2.5402865033161692,2.543261545033737,2.5914250564512264,2.602392113246017,2.6159063078697224,2.6374704252807213,2.632377085415029,2.6202382198278498,2.6253464749395765,2.6194332087886707,2.596315346356571,2.6261127832230113,2.628139245370795,2.6200919834583756,2.593227110856069,2.5859533601434763,2.544355388510364,2.5320076705441497,2.5314963487093394,2.5243507721342353,2.4928593103925643
1.0579180880923296,1.0840129107282723,1.1659725438168362,1.2205289053978865,1.2486352788639534,1.3457750397494068,1.412997518159221,1.457760565770224,1.5311362397181179,1.586414270520618,1.5987643269391196,1.6185872879943635,1.7108911157619884,1.7358186683792698,1.7619342478154272,1.8433118107561026,1.8889550692751957,1.9227578796727787,2.0150073463872005,2.0779249879414623,2.116058526299916,2.148592406066279,2.2050473162762483,2.227842540907113,2.2372601058892037,2.264494403059912,2.294502330437186,2.3115064425865217,2.3361986821567786,2.3398704106302852,2.3631135535714303,2.385330894510108,2.3906166917786997,2.386175516333539,2.405444511440566,2.379356283431616,2.381632375213221,2.3888292004010996,2.371788764775532,2.3478894483861636,2.3466630214244737,2.3523351607771477,2.3498775872972106,2.3388810647746343,2.305569694719713,2.244672687529402,2.1860067350570174,2.2032438257152545,0,0
0.9027957674835014,0.9664708925966612,1.047657480407225,1.087587006114253,1.1496770034791237,1.2165255569394446,1.244367664799904,1.2986836713017278,1.3386083500196837,1.364059389947684,1.4098591470714488,1.4353292138760694,1.4882311659897651,1.5325225404616905,1.5901112701001339,1.640695559586398,1.6860171223857279,1.748023940043535,1.779904535943717,1.8103977260063575,1.8763624992143615,1.93970813887538,1.9694560797211935,1.987703691366491,2.0706327733540295,2.0994256891497542,2.0972196935000733,2.1177940160710347,2.1385160018064773,2.1308970116359554,2.1480411547802483,2.180797002831355,2.169116100859502,2.1734417495946676,2.181473029404516,2.1880746813290957,2.204040519578732,2.180269597070581,2.1461961790299635,2.0940044165512135,2.0773423898648145,2.0506618896785223,-2.6183989728873083e+38,0,0,0,0,0,0,0
0.7197556823869046,0.7700506585601223,0.8577533028278763,0.8910416783251032,0.9239530375422172,1.0301040293518458,1.0571474020009954,1.0778761161457926,1.1461317555784458,1.1712278471647641,1.2265352474409719,1.2678798787866208,1.3548026741163937,1.3622567531399656,1.4074336800894451,1.474400153127241,1.5164349981534238,1.5370248162516935,1.5951611151609852,1.6220830331083376,1.6352136188620736,1.678774216341795,1.683674306339913,1.698736120239963,1.7798227868026562,1.8013024348036013,1.8229683621770723,1.8359479570639208,1.878526877702783,1.8755501559945928,1.880267224695791,1.8781585306679156,1.8750863030995206,1.868730281985553,1.823389636707361,1.7656822730962562,1.7605516236987944,0.6234035740058698,0,0,0,0,0,0,0,0,0,0,0,0
