jsons/1312671600.json
{"header": {"parameterUnit": "m", "parameterNumber": 2, "dx": 0.1, "dy": 0.5, "parameterNumberName": "Eastward wave", "la1": 40.97354507446295, "la2": 16.46031188964855, "parameterCategory": 2, "lo2": 133.9931640625001, "nx": 191, "ny": 50, "refTime": "2011-08-05 8:00:00", "lo1": 114.97908020019554}, "data":
[rows 0 to 21 of 50, columns 50 to 99 of 191]
0,0,0,0,0,0,0,0,0,0,0,0,0,0,0,0,0,0,0,0,0,0,0,0,0,0,0,0,0,0,0,0,0,0,0,0,0,0,0,0,0,0,0,0,0,0,0,0,0,0
0,0,0,0,0,0,0,0.0003502189524129173,-0.0028763582907172076,-0.003560089318657354,-0.004626682686893595,-0.0056722467286336505,-0.00624155770809839,-0.006684488428357092,-0.00702937510442777,-0.006855830221607969,-0.007177401172691023,-0.0075463932895711155,-0.007805226211153255,-0.007612896644732006,-0.006285549944080034,-0.010787214817693937,-0.0013115308599241618,0,0,0,0,0,0,0,0,0,0,0,0,0,0,0,0,0,0,0,0,0,0,0,0,0,0,0
0.024327750086573834,0.014444564233740178,0.012516609798753438,0.004817216032867302,-0.0012357508996965851,-0.004539562434673625,-0.008082481115922349,-0.009246484980796011,-0.012917985570942812,-0.013388180254607227,-0.014634873173825396,-0.015924371770860278,-0.01637817286556411,-0.0161527310385557,-0.01614081636418828,-0.01661146622857565,-0.014428496420981624,-0.017386666240072346,-0.014678546997936257,0,0,0,0,0,0,0,0,0,0,0,0,0,0,0,0,0,0,0,0,0,0,0,0,0,0,0,0,0,0,0
0.020503857517443456,0.02226228170442859,0.02449790561092494,0.01995788345941325,0.012231989883084335,0.010148485898723754,0.0012718924339606998,-0.00619465645632161,-0.016876732347391406,-0.02217165127624188,-0.02417317945609251,-0.028032825883158422,-0.025904896900386207,-0.03161703188999592,0.0037531072857127515,0.000537719767600347,0.001393781837860067,0,0,0,0,0,0,0,0,-3.031720444600558e+38,0.2943043091543526,0.29736731179615256,0.29074989734199197,0.2848990448158357,0.2816171228060635,0.2572334290993912,0.25520235623549375,0.25071825046826274,0.2399704810618175,0.23434597698144113,0.22881471616558913,0.2323630244258148,0.2202445858933422,0.21306513054549925,0.20232896289930857,0.18761543851241913,0.173655804266452,0.16892502955947766,0.15152936336759834,0.1432299082770116,0.13346357402311634,0.11101250050757483,0.10321596884131266,0.08097450426207446
0.016813981348317006,0.02400439097773145,0.026685202412712106,0.03227569495085907,0.04301269962355408,0.043925541828223745,0.04846507707320122,0.056710790380686237,0.041928894371849275,0.016031702330417993,0.011245649911507297,-0.08405069952006745,-0.05242149012998701,-0.0584576626540163,-0.04089447342425958,-0.04968592021194652,0.011400135099447326,0.13480956462464655,0.1924452691636023,-0.3176513223390804,0.2906856724195666,0.31195023382819187,0.3447804378373621,0.3814612168147902,0.39476645120074383,0.421491783670239,0.43523814326392,0.44281654618602906,0.4438111814700969,0.44817852219439863,0.43811366021964343,0.4220322600868373,0.403092445549288,0.3896774362132831,0.38435246130854644,0.3572945392075676,0.3536300739525999,0.33508426258027074,0.32303911094637444,0.31104879357134774,0.3098827506422017,0.28949756785191205,0.2767779723068827,0.26381588467206907,0.23643169586444412,0.22749196326532461,0.18695010082579375,0.13316093792257377,0.10055894045046025,0.05744384196994584
-0.05016821484346166,-0.04864645951715911,-0.045207796596361524,-0.04859440830121241,-0.04509183869375068,-0.047122370142486214,-0.0382985378385212,-0.03244814492465774,-0.02086063156584872,-0.016793470334296585,-0.0063442903406865855,0.014199767368610346,0.026813865868341568,0.04183864903586346,0.06821403257271903,0.08067090093866026,0.0936245434303223,0.13327246712708213,0.166832123791765,0.19789873299178098,0.24958634393936757,0.2754537948045279,0.3187411007903033,0.35071360419246095,0.4005323040873981,0.45661162906212965,0.48505645967368255,0.5217343024505767,0.5548337501296129,0.5690571521430746,0.5872434532507801,0.5824623791342259,0.567311611667097,0.5584276068654613,0.5483067763057771,0.5076495344103759,0.4823688569826565,0.45734727193595187,0.43465144847246007,0.42288299794056255,0.4093471440973227,0.39287598071607127,0.3812044120903544,0.3779536709496742,0.3495902768233438,0.3301182043610423,0.28757951168217527,0.2087014912821813,0.18266386481560806,0.09284409338842349
-0.09374920146138589,-0.09557103272408968,-0.09895711575926361,-0.10231519121559639,-0.10667407545347617,-0.10517156621019866,-0.11484571925099055,-0.11223713916756238,-0.10582425241230428,-0.1060555778927343,-0.102736267141472,-0.09676062868939965,-0.09444428461408005,-0.08738296154621174,-0.08343104052549351,-0.07223497354729198,-0.058210249409569495,-0.02036033882439261,-0.006687355436610417,0.017825237817013645,0.08292864456762845,0.11883080256392778,0.15553902746699433,0.23090303900272335,0.3094280081406589,0.37540264079198654,0.4286284701825736,0.49548628321862076,0.5757888820853322,0.5985828368376244,0.6466711098592363,0.695436248213197,0.6944186247782337,0.7043506690141081,0.68641177888745,0.6592522644658498,0.6315314623314487,0.6194682638798311,0.5587953610142908,0.5456090764602284,0.532951724915104,0.5157537675928946,0.5011089584394851,0.4940320977200331,0.4746471802333164,0.46829965747418306,0.45821343680860877,0.41093171232177955,0.39704675618879476,0.3754735587301496
-0.14383493710389994,3.2970771691554843e+38,0,0,0,0,0,0,0,0,0,0,0,0,0,0,-0.17010388826961834,-0.19661528312010867,-0.18237277283745215,3.1405162959866244e+38,0,0,0,-0.17726991408761067,-0.16559116845205857,0.03566034236505044,0.3320143539451979,0.461065220404581,0.5521291679974495,0.5870550634299145,0.6734800559521559,0.7587880646163657,0.7896693218617993,0.829705929197752,0.8454630530226048,0.851919637625861,0.8385961735449698,0.8258407000215893,0.7905460571089912,0.738829684024297,0.7273761667755213,0.6911509880615048,0.6784589106704285,0.6626771844658337,0.6497150023765471,0.6402614034149832,0.6272411064949838,0.5964309025773422,0.5786371846158044,0.5454484330694856
0,0,0,0,0,0,0,0,0,0,0,0,0,0,0,0,0,0,0,0,0,-2.3863551348450343e+38,-2.5834353801678842e+38,0,0,0,0.5334284435141252,0.575773796135955,0.60371786885249,0.6427912820084845,0.7172935060120684,0.8240734157001232,0.9050006988497789,0.9444105511760652,0.9757858911414299,0.9875603110438903,1.0013485995114277,1.0070871655406513,0.9775922820344675,0.9651282609545139,0.931032872005395,0.8853071370867036,0.8663277632153848,0.8578915072331368,0.8176632611672788,0.7996843826982949,0.7991785888308348,0.7611968963737628,0.7402824781408763,0.7076451832105256
0,0,0,0,0,0,0,0,-0.44480257107951404,0.24111454853186035,0.23606766667510448,0.2849400927543265,0.33522433904298576,0.3637340467274727,0.4112952683212756,0.42566608500395864,0.46024473488701423,0.4759999588782452,0.5083263076132718,0.5440381240447026,0.5758298266920571,0.5835625174988582,0.6101292382513602,0.6282361096238014,0.6609630183394132,0.7138416420256645,0.7340659439085541,0.7512627428514181,0.8239671279139449,0.8784275357018123,0.9256006458007953,0.9944091398270286,1.024038000896474,1.076412593158657,1.1082926221191172,1.148781769843027,1.1871852430744418,1.1911510347574101,1.1990974473349594,1.2002900627039512,1.1925698828445395,1.1671023331870183,1.133382713777208,1.1338872031137217,1.0966864645914647,1.0675264858755678,1.0501495433996253,1.0218942931614403,0.9942280947275106,0.9652394982047632
0,0,0.06793306203964149,0.05275218051884272,0.08323117307339686,0.09499857261063625,0.11314747987610774,0.1242149849433504,0.15937703218497595,0.1836191355139868,0.21754153218878047,0.27262610584340446,0.3038236723286596,0.3313664965218388,0.3930682249628163,0.4342020561224422,0.47804955172725755,0.5318329632514401,0.5571602328015522,0.59358962733211,0.6368129630222363,0.6599106897922026,0.7022107001695845,0.7366794117342875,0.7936780976410174,0.8377360623939707,0.8734601186371588,0.9003877987174094,0.9592136615054039,0.9909436664922014,1.0275888609869108,1.0842728611601906,1.1036213105318333,1.1446381177093832,1.1813889291624333,1.2218521606523165,1.2771710502287372,1.2980843387693681,1.3534023164552869,1.3671282085026781,1.3740673452854735,1.3762220181554297,1.3738875767737695,1.3837723654001879,1.3614109250639026,1.3495364394985452,1.337722820462474,1.2907415310200359,1.267604889159343,1.244166893077134
-0.20598431277100337,-0.1987009726388876,-0.19718087206337392,-0.19357217487677839,-0.15441843161916405,-0.1330085643315959,-0.11430738129078515,-0.09154235368879904,-0.04905337652843699,-0.018445794351030005,0.010933392246739207,0.08893429616966549,0.1336892103548035,0.1811336464414065,0.26378075574670146,0.29736906419093156,0.35693747070487636,0.4366234855286688,0.4809503116980982,0.5497896215447708,0.6366582189565771,0.6926444668295749,0.7427997190884941,0.7853709385454347,0.8331963241784626,0.883587506529315,0.9166134656382682,0.9770693460717275,1.017737752850069,1.0607599439251651,1.1138737487045247,1.1490462203723217,1.1774764845542618,1.2516547175179782,1.2890304976956612,1.3371723726937608,1.412469555676892,1.456690360824832,1.4960378628812687,1.537960797292755,1.57306332097796,1.6237000303073368,1.6395450120539288,1.6647999178759634,1.6756011835981224,1.6667496819715688,1.6869669208556866,1.6721158934494522,1.6617473449823013,1.6717873133542622
-0.37874682911413843,-0.3663203373652209,-0.3632668951508057,-0.3584082395018797,-0.32490449925258946,-0.31135979738006503,-0.3159345897135413,-0.3050799003480356,-0.244997490251548,-0.23075639180007734,-0.21277442210026523,-0.17613102475519046,-0.16584284335656535,-0.13484855023109302,-0.04897857422289426,0.0074753819202846225,0.08367861058759653,0.24045609095342274,0.34226301109711105,0.407519690712132,0.5046148854331859,0.5701414801210407,0.6422155243107199,0.6991083092025505,0.8023917539733578,0.893425290666698,0.9352124839278539,0.9966572149543869,1.047073068237869,1.0814444493683635,1.147509195198419,1.1879352479602712,1.243947713450506,1.3037704353347113,1.3667623327804905,1.4169624811584856,1.535718602945318,1.6265710779382558,1.7041053326100832,1.7496376302910202,1.8024703467258159,1.895184133651443,1.9398757877143726,2.078155483655817,2.1366995820358774,2.1626728762173135,2.229944270745841,2.2290511906475645,2.232292122267304,2.2685213474150743
-0.4665626843370217,-0.46464938411525986,-0.46570637786582214,-0.49865964281022906,-0.488937766094519,-0.4952725264049975,-0.521878297917681,-0.5278867852358222,-0.5077263290368998,-0.5248559665561735,-0.5145877626799499,-0.4487620049775232,-0.4516714829799966,-0.4279599215341511,-0.3345322034734791,-0.30233308641462014,-0.29309800047731727,-0.16343316773498137,-0.07796068702444697,-0.025077317089310974,0.09476539323822311,0.20995688896243056,0.28182106232909443,0.37092799088782025,0.5360727341996773,0.6312109418714946,0.7554731843060879,0.9126324513378716,0.9962943421561775,1.074493326297264,1.2332401349134017,1.3477202643390909,1.3849009833263237,1.502606393569309,1.5497649350116331,1.65010628700758,1.7579533229934763,1.8188661797800207,1.9211424747963863,1.9883916325285018,2.049663135073743,2.1510879173788258,2.220639324432724,2.312975483234207,2.372988864941009,2.4144574773437775,2.492898962140413,2.566952053034573,2.5866914536323073,2.659934929510428
0,0,0,0,0,-0.6001193515057005,-0.6724808433930389,-0.6866455527090919,-0.687257049058627,-0.720945291167362,-0.7296539466243839,-0.69912813302894,-0.731520421221503,-0.7457284935524605,-0.686669337426333,-0.6524128812913652,-0.6380016593805528,-0.4699318626292374,-0.3798450299970535,-0.2948003823491488,-0.0827586693948077,-0.07253301195823192,-0.0201152944065852,0.055897226770976985,0.24629193719281434,0.31239384283798044,0.484429317790357,0.6878722402713535,0.817092338504756,0.9066150151513067,1.0776609875219554,1.1909667027866218,1.2832586709386657,1.415894309460411,1.502664400611609,1.591393515931873,1.7624771695216015,1.83308443153537,1.9508739481066082,2.072733189589407,2.170842177373393,2.2683162185482546,2.3588219919289983,2.493272093474777,2.6028969050793447,2.669824583257042,2.7684167305807152,2.81908031614947,2.8672985970404072,2.971143134016942
0,0,0,0,0,0,0,-0.7644240199310076,-0.848270054578497,-0.9173072525596835,-0.9193042679156457,-0.8905102483562167,-0.9800841002521394,-0.997160257920186,-0.9646799826512269,-0.9770183475602402,-1.0157872918188253,-0.9464810608739104,-0.9701818446173602,-0.9792039776703605,-0.840205631497078,-0.7104599352585725,-0.6556275641622147,-0.5444134586285602,-0.2920739530609255,-0.2581057921837789,-0.19142659385162325,-0.042403779299931096,0.05954058829745481,0.20821072239415214,0.42599798763192237,0.5948958985458628,0.7108022245946816,0.966810451851758,1.1149883366176114,1.2182069789846137,1.4471522883133319,1.5429538072082325,1.6592093405080615,1.8796861387617505,2.006612086683334,2.1672004746429616,2.280898815933908,2.489107187265322,2.6080123715077193,2.7304992521950973,2.845973637717518,2.933304844167106,2.9746899060084813,3.1023166889903986
0,0,0,0,0,0,0,0,0,0,0,-0.7530695614563948,-0.6093617487887187,-0.8089020470796439,-0.9723381152831299,-1.0804205927526616,-1.2196078140571764,-1.1585265568267464,-1.2030246476078128,-1.3418992743667866,-1.276014704673947,-1.2048599208011213,-1.185380993174878,-1.1398154702513674,-0.9292145262377526,-0.8463096678963801,-0.7216633934238378,-0.473213525350152,-0.4209352372594943,-0.37779810760189614,-0.26672650706261436,-0.053682060518100067,0.09196908360887114,0.4412142133698435,0.5546045414380167,0.7364172873537582,1.0264362517942547,1.232115935422089,1.4075854486833357,1.7451838743830488,2.0059323037904857,2.2310683807682317,2.4390814700471775,2.76104157431437,3.055957609677001,3.195932363961271,3.482932084007949,3.629712751797253,3.7729460139152544,3.981793814535352
0,0,0,0,0,0,0,0,0,0,0,0,0,-0.6239812072768158,-0.6973166707897479,-1.190850229150074,-1.4524774247777823,-1.4801878820700414,-1.5229053167541793,-1.6102130447172327,-1.5418707441089987,-1.4981638725458717,-1.552319863515181,-1.542894749985844,-1.4516190169186092,-1.4397326552566208,-1.3598343931562136,-1.0975778248367074,-1.104151055573477,-1.022444296941078,-0.7970338431975258,-0.6195808351911607,-0.4369050850388313,-0.00047383266628150787,0.18695664456293593,0.36318024559534823,0.7517200749419296,0.9904532737110735,1.3021112011835192,1.6446761793332279,1.9020705772085758,2.302935449518612,2.511417891088681,3.066938697630729,3.328803234279341,3.5638993258948717,3.771067369178049,3.9714799014312483,3.9993198351328165,4.28897947396189
0,0,0,0,-0.5435111702253866,0,0,0,-0.637782028883907,0,0,0,0,0,0,0,0,0,0,-1.1250064769882073,-1.7136637244307082,-1.7793581282571869,-1.9824496555895945,-1.9801310307801714,-1.7585854202095998,-1.8099738770954534,-1.795656807222117,-1.7304923865166753,-1.7242640365003021,-1.5663992424349311,-1.3406150957845167,-1.2568279216824731,-1.2147838553758725,-1.0349770790334047,-0.8791440203520448,-0.6380083659054054,-0.21595806487684213,0.18966614452100292,0.37215319484978937,1.0210004834574329,1.4963556681464747,1.9677734564899934,2.354359888365645,3.2681290978584006,3.741937758243118,4.073622146956292,4.630870239259437,5.063373114191359,5.439193593275679,6.008066003772564
0,0,0,0,0,0,0,0,0,0,0,0,0,0,0,3.3866620781887886e+38,-0.4425495105995427,-0.851655198486742,0.02078666095221196,-0.2849376290404924,-0.6182662679800572,-0.8203049531002714,-1.3661468316363217,-1.9140469413297587,-2.4062024796871944,-2.7823497748299024,-2.857263834208802,-2.688912820844303,-2.6717121792779492,-2.605760969887149,-2.504802696227299,-2.5060351597480865,-2.386047913794053,-1.943832662259599,-1.7002200743690803,-1.5186231340194363,-0.9049972286052661,-0.559830585211702,-0.24834942989884057,0.6782007155561756,1.0735920686564815,1.5150896703167245,2.025208975358853,2.9642627304499403,3.58651479805951,4.270475229839667,5.33306189502825,6.122330071338012,6.680336401170984,7.13095907198396
0,0,0,0,0,0,0,0,0,0,0,0,0,0,0,0,0,0,0,0,-0.8060222367236978,-1.259281011505235,-2.066188705092504,-2.3850155367567254,-2.5286802583438566,-3.1076180238534503,-3.262010956302696,-3.2442959516787413,-3.619257790778762,-3.870397792406231,-4.111462950617135,-4.217191646459136,-4.119456913452326,-3.7994323895920328,-3.73846692527245,-3.6674524785028835,-2.9177014702018638,-2.507237952259451,-1.9499448767345036,-0.3597997839715583,0.3020245251356431,0.9041357596147742,1.3692216551687404,2.396205052737957,2.988427805766028,3.5910385798398274,4.762897746866475,5.3377176354288665,6.132942726818782,6.851585166985498
0,0,0,0,0,0,0,0,0,0,-0.9076714610990994,-1.1453341560884593,-1.2836581244938174,-1.3543670523874616,-1.4489774726122757,-1.5317469998647775,-1.6868687022489834,-1.7933491806939494,-1.8843810660821612,-2.061789711533328,-2.1913389574912983,-2.298155864995844,-2.70986732665839,-1.7353648933922377,-2.146525367276933,-3.8028759833945154,-3.9536937326064767,-4.042469338772018,-4.572256518191375,-4.597143521057904,-4.669983101508239,-5.061589879712335,-5.2233059309161725,-5.0720177002313065,-5.041084999294967,-5.000229836242434,-4.760912126890576,-4.613876632203856,-4.1175673386641956,-3.069960931357384,-2.451218121155778,-1.5325928812674763,-0.942228422395755,0.7370198629515707,1.4230002790246457,2.387619211654455,3.780620882742338,4.526305259233365,4.934490520735346,5.9620170247070154
