jsons/1312581600.json
{"header": {"parameterUnit": "m", "parameterNumber": 3, "dx": 0.1, "dy": 0.5, "parameterNumberName": "Northward wave", "la1": 40.97354507446295, "la2": 16.46031188964855, "parameterCategory": 2, "lo2": 133.9931640625001, "nx": 191, "ny": 50, "refTime": "2011-08-05 8:00:00", "lo1": 114.97908020019554}, "data":
[rows 22 to 43 of 50, columns 100 to 149 of 191]
-4.063722004295939,-4.12769967128173,-4.099371543198258,-4.172114025933243,-4.2379601172868755,-4.269545054082519,-4.267362867776315,-4.315330609197476,-4.30784980251562,-4.28183800144519,-4.276972719387188,-4.297269953356895,-4.220788954244603,-4.203421997387657,-4.161409744845559,-4.0138603419908625,-4.02684399288132,-3.982578601821007,-3.8267588197893554,-3.75739022638004,-3.73408540651724,-3.560386185545508,-3.442095382458937,-3.3694875551225762,-3.199703572298481,-3.069843000705344,-3.0387972796731577,-2.927725275191298,-2.7495008718700977,-2.6688950026555287,-2.5023084054630735,-2.3314311370059584,-2.198953741534212,-2.0529127820777036,-1.8601267434155144,-1.781821720344636,-1.673415871066567,-1.5314907445878878,-1.4246816784567968,-1.338451873436229,-1.1979263476825652,-1.1666158451496431,-1.0914821053948645,-1.0907448096397827,-1.1008676277740483,-1.0571524027214776,-1.084430314141408,-1.0518139384613,-0.9840603408210352,-0.8892286161194262
-5.212730786767297,-5.3608972619046655,-5.34513879618916,-5.401406888469229,-5.463642062954959,-5.451842978783931,-5.495743989490926,-5.54054574956443,-5.534962356495542,-5.523768115488899,-5.589226920813951,-5.51789724104135,-5.505004453645753,-5.447603791949158,-5.466449984671903,-5.280708652501855,-5.224691522068982,-5.070268236090944,-4.909625555186364,-4.922121643813702,-4.765332983120661,-4.601237724207944,-4.499235753749477,-4.438635752207756,-4.199747503169,-4.0192303331103085,-3.8773124190577883,-3.7698612318087856,-3.5699234532164694,-3.404128343585498,-3.2794741193638495,-3.0199152484685685,-2.824886778822349,-2.7698497423241673,-2.479933057587473,-2.2497522400774455,-2.185293506877387,-1.948919210806616,-1.7984924236665487,-1.710778256874528,-1.5514296189662478,-1.5026493696412249,-1.4440811908627185,-1.5165310747339664,-1.6454847222058704,-1.6067002272720365,-1.6118629764093035,-1.473178274100252,-1.4382190673978614,-1.2312740386775105
-6.252886975695342,-6.468242957841212,-6.524688452611111,-6.625895904039398,-6.709419180362937,-6.755130088296977,-6.7401084146073185,-6.888372462180379,-6.797891982884971,-6.861091379240115,-6.76499825132008,-6.8306612074464494,-6.741116280484092,-6.7596384498839805,-6.685116046298116,-6.545535207570418,-6.337660740227533,-6.265450407393078,-6.167036459736059,-5.989074204074142,-5.865684166444682,-5.5919056172102115,-5.481510035375706,-5.37717576875316,-5.1887082501951305,-4.983596828435127,-4.851414603173192,-4.615502056539512,-4.3672813399394075,-4.162614268420637,-3.980185978690739,-3.705062395780354,-3.469955368148131,-3.288941794687342,-2.9919747648905304,-2.775824490703083,-2.653826069352772,-2.2986337886610957,-2.1881094863263666,-1.9638595030558694,-1.8432048519806177,-1.9570641099561112,-1.9310170563796045,-2.3379245622086473,-2.568698647839989,-2.410767864162992,-2.3319459296944727,-1.9861383584158192,-1.730468050778286,-1.3662272465870602
-7.4440120636638785,-7.86745124092358,-7.9432918248716335,-8.156097907627453,-8.372448789880377,-8.522120282222522,-8.489406341845266,-8.739310406764867,-8.676472554731294,-8.78391377823036,-8.813176010914228,-8.753780950213423,-8.65709686494961,-8.579383555410521,-8.482746639512944,-8.25108567451531,-8.00173583457115,-7.884587364673046,-7.619980813502473,-7.454748765108983,-7.287509920159287,-6.95839563026783,-6.842934586952488,-6.508415079940394,-6.211042513118727,-6.058604329079539,-5.786555177694324,-5.539920186329219,-5.211582401333013,-4.985342850772494,-4.790654995634476,-4.403131504975987,-4.110289612451909,-3.850487646544084,-3.405048598577051,-3.219770311208573,-2.9297683500854435,-2.5249082741421325,-2.2971738095382186,-1.9901891663367923,-1.4949486483114487,-1.9720405201864142,-2.75321935664002,-2.7863655266542318,-1.6835546504222019,-0.4249050002980573,-1.9130642762791499,-1.2246475166881625,-1.2676431634841778,-0.6598158768248941
-8.270173066649425,-8.929248511199988,-9.02866905773148,-9.167883317758266,-9.566443434024261,-9.768943724142293,-9.952854817148237,-10.27199860505297,-10.366749299338048,-10.482926128250499,-10.686516053103066,-10.711617486536747,-10.50657194709956,-10.510171032686067,-10.312325246844821,-10.013935980007426,-9.727706203294025,-9.591177984684645,-9.120050012141668,-8.864868762287964,-8.458310856272746,-8.147380959369583,-7.853284039875322,-7.5491781550115205,-7.117814370841784,-6.875738424696151,-6.566101127932122,-6.319603168472195,-5.959433571854423,-5.671902661200648,-5.442066898551913,-4.998101291667346,-4.588851884859809,-4.275241220887591,-3.7049998234966828,-3.237467018400772,-2.8441015383070107,-2.168052201075979,-2.3970608491654097,-2.5407036008054003,-3.073319604774849,-2.7138316686336803,-1.908694763372826,-1.5923390379784876,-1.4017577822665332,-1.1486911196794294,-1.0238189266299282,-0.7482705510991963,-0.5931527034714957,-0.4248454844317575
-7.63590672962929,-8.211562093712672,-8.642068099056054,-8.960706840404143,-9.57533832676647,-10.079326766302229,-10.383823525101633,-10.767214876103113,-11.226762255575279,-11.42263011809348,-11.752924572185973,-11.76408424421954,-11.656078027287737,-11.568459549853305,-11.447894468625746,-10.969467384025032,-10.647296058126006,-10.24282763788669,-9.702117062078914,-9.235171238021504,-8.7745045738006,-8.145650849276754,-7.736525861985451,-7.327672082152882,-6.9348118041624405,-6.867382954027056,-6.642947717688623,-6.492710441866266,-6.349467835611043,-6.055072209721952,-5.673384441321027,-5.206592362550743,-4.90569611594465,-4.499195067326848,-3.749778035629614,-3.401636107636078,-3.0927733340704573,-2.703297239345065,-2.454441072966779,-2.230643310850431,-1.845245113825224,-1.6796183073198225,-1.4901979654420656,-1.1841059438053683,-1.0298718451965394,-0.8739745260210559,-0.7561307214517025,-0.5124860314737696,-0.37045548744730744,-0.24321146087602313
-6.048990475411525,-6.136184856818091,-6.73815268188471,-6.891250415949822,-7.176328995309841,-7.722857189341665,-8.068187942188716,-8.0813723018428,-8.59044720153595,-8.996427368418805,-9.167471299154968,-9.259895559819421,-9.627720477601345,-9.652810669974373,-9.849963884019637,-9.729801703230795,-9.43083182589883,-9.087444425429258,-8.257788931936798,-7.693808256041495,-7.034030389930013,-5.880972471307639,-5.3006754672269825,-4.689999761037272,-3.824112365179391,-3.4413787023664866,-2.9778951992799065,-2.7387060885909156,-2.7964793531448002,-2.801867032700454,-3.3756526290273303,-4.236387787750574,-4.924414948641558,-4.944180531874316,-3.0119794299638984,-2.517483057123943,-2.1816134805492453,-1.5910507927568693,-1.3435724123404467,-1.132418922641073,-0.9152863850852131,-0.7899078919263682,-0.6538587830872958,-0.5435922558058432,-0.4173564199638347,-0.30951382923337895,-0.2606290672614417,0.018214309695340138,0.06766827963793362,0.21781615104673563
-2.0968946625164904,-2.0718769929752145,-1.6904051755542264,-1.5751210735111913,-1.4964122327428417,-1.3347083268740594,-1.5546021269237713,-1.7241663864354202,-2.260827611244285,-2.4901921783949965,-2.7480606881714436,-3.4095236145066807,-4.659686008814194,-5.250100542526662,-6.241872737647171,-6.602449198452641,-5.909609684021394,-5.184750385093558,-4.285225350892453,-4.007985011686339,-3.936647308727575,-3.290950435671541,-2.6541323969078805,-2.1127664340072094,-0.9450933878705969,-0.06354558286936361,0.8463396594160484,1.1567874583244233,-6.16142323181946,-3.8963845247831594,-4.507613535311584,-1.3072689267392605,-0.9499100198189765,-0.6866990112726366,-0.36989965109777156,-0.3040044328909216,-0.014996882071733665,0.08906769411502863,0.15991343760659224,0.21756313990899148,0.3708384461491859,0.4654521556842694,0.48921177502746727,0.5865606560983533,0.7547958456611017,0.7244590071212059,0.7494347886235393,0.8257619436238408,0.8713612990174906,0.9608982269008319
1.1639343509296898,1.393601955682425,2.05233546404024,2.50021992501427,2.7904687827185675,3.3721780923562914,3.521725389771795,3.840972615915535,4.770623919968867,4.998323226736609,5.1419277246979,5.568054988585692,6.425407276038682,6.469376345107491,4.490635309508288,-6.019242719756236,2.1996849342361537,4.778718274386197,4.0729132031693585,3.5633071268896472,3.1558015661602843,2.093577545182098,1.6336300839269318,1.4690880504797332,1.136788708326453,0.9945471929096508,1.3315078349069627,1.3286071363525975,1.4749922308289833,1.4953761063572328,1.5807394245599928,1.6043717084965121,1.6932644889929969,1.7571541530113584,1.8144381718777982,1.7890011195363236,1.6720557604557666,1.7747038529633572,1.6910061458806682,1.6692799650351318,1.6855424626804134,1.700282443664943,1.6514552548941621,1.6135367077295704,1.595773577504549,1.570092886466849,1.5914380412993268,1.5484472722279714,1.5980070158249327,1.602556335506654
3.232376824551817,3.504854366918592,4.138249364712139,4.641802684120001,4.889902445321261,5.850988480496424,6.1271922582277085,6.594107557190671,7.401288181488557,7.443561583020439,7.712459681851501,7.760878236670605,8.140844005920625,7.6597483584381845,6.991306525025683,4.929995828431957,5.812783907820079,6.955886233932679,7.613581966412547,7.42760314769751,7.241478257282969,6.8684863870146,6.6224292947597,6.293471396126521,5.8724135877690795,5.5407442273416265,5.353421991502152,5.125166761432899,4.800079340493199,4.650067837354802,4.454177676259716,4.157827759375328,4.014556368801961,3.7453581770131534,3.7352005843328087,3.5080868499733575,3.438865417075009,3.2516722144967884,3.189901590062271,3.1208386260605185,2.916556245684697,2.9225024987920083,2.7744753600243572,2.682248734801078,2.724063084469497,2.5916961282015905,2.5734331560651094,2.603370165338367,2.4772754318686308,2.4138831803636513
3.7566619840398037,4.231832312916974,5.047282030858712,4.433990172730516,3.2687206820364842,5.008094559783145,5.561805461666136,6.170991909182581,6.925309699450382,7.218339251635036,7.492460674527115,7.5929742286354065,7.842961615157412,7.947765420234976,7.227658391875499,-6.9046526247901205,1.385173786394921,5.662124668003356,7.870883402797279,7.795560825768716,7.706311306697043,7.504901580849972,7.435302990140866,7.314404421994645,7.065401689446601,6.945757126415374,6.763621483096246,6.586236084115884,6.220886033698702,6.040699163626562,5.834679500208988,5.5783749166836945,5.272626950474225,5.162674073524546,4.968995318349663,4.688553047718312,4.478204947776151,4.376068532640131,4.1969646180819895,4.052788530335644,3.909285504403896,3.740860948889182,3.6922361998339452,3.624313419338142,3.5346380835721374,3.488167495470633,3.4620067322743555,3.345703738174939,3.293893382843066,3.308799832267541
3.913165271311031,4.190476550399916,4.852726722683704,5.112066742926546,5.2729020188335065,5.476622623045881,5.6312603646873685,5.845628728065477,6.317514483509965,6.437477002126839,6.618947884129644,6.727814745811513,6.979247124010611,7.1047132389064345,7.166709402272423,6.352617623200012,4.7923618989362105,-6.076392330501231,5.017958239759372,6.9902944750452205,7.141890069683794,7.007095467425082,6.920968005749068,6.853928788874226,6.709634186205714,6.682001106745836,6.5220774022721155,6.405372537276197,6.220286686262747,6.018809808850703,5.932595436744776,5.641427100370487,5.509833182615489,5.384621867118729,5.133862950107449,5.031656042165077,4.882614526150944,4.753169388573668,4.666576448681716,4.483151145663518,4.402082557604473,4.305398063671095,4.144780931467108,4.0831769217908915,4.032829511681999,3.926797608566916,3.900990481750598,3.8397005302057816,3.746870622380031,3.697389767600702
3.5464222078347336,3.8285731743195535,4.129393701995112,4.2771239579880636,4.511938014354631,4.815264727909579,5.067293035778957,5.208520006969671,5.577806270198995,5.74515688125083,5.832987173995822,5.984751379332918,6.171517801111041,6.262970871234188,6.322306333192594,6.421972155840702,6.4894754998911175,6.501017559822858,5.878816052215913,4.890422598723042,2.588530847121265,0.28530480604846004,3.3574897732620506,4.771778709235578,6.182735853914705,6.287499303793012,6.186240510025495,6.080177032067282,6.0115998102496375,5.832547143255971,5.744448986153696,5.6610961740725605,5.534417064931921,5.473582935192841,5.359023894381549,5.213133671098004,5.138603511862026,5.079007224971336,4.972089450119392,4.792343766526368,4.740135905458944,4.642047525548109,4.491880972056996,4.468082610444683,4.410958600803205,4.318104357892297,4.273837906204545,4.219802285318432,4.109055231521827,4.053997471270304
3.0749121230108956,3.2503994753270926,3.5094384813365638,3.668458246871619,3.88440765717458,4.107060446597571,4.219294479516548,4.376892810877568,4.649342037898354,4.74737592471968,4.924671654481785,4.98516203212196,5.205336994607191,5.32643885174712,5.35478881018035,5.529156719892294,5.60558822783456,5.623152730093515,5.661119808809442,5.672723379358266,5.716712047962815,5.166747107522593,5.698848868609104,3.6048087694956656,4.575296865093906,1.1248881345243722,-4.493832530315971,2.15982769459858,5.098966037817107,5.384477174476441,5.45782926027514,5.392274356691459,5.320934611239142,5.231380705990101,5.134801092574084,5.05705880435577,5.0025409766741955,4.9085474096336394,4.858219869016766,4.771064473062033,4.6961382420783035,4.630734634066638,4.571127438004228,4.523526982008391,4.440123407008218,4.3781143842001145,4.339850220177657,4.304847468258454,4.197526541421934,4.189681590554629
2.4761491837208287,2.64026551020486,2.830764847521551,2.9964416366816087,3.116914196778211,3.3773681329989995,3.5164588394652476,3.7094254316467254,3.8439207677937723,3.96088425243669,4.118520917341845,4.162985823260543,4.353865651434273,4.393714648898609,4.524769195893735,4.756639308699024,4.779659660777979,4.842192568400122,4.924026763950132,4.988354168578194,4.9682041838335005,5.059449910879184,5.123902126432493,5.143825937549239,4.818450143062735,4.780076855758402,4.853084626408793,0.499738510492533,-4.399826572102578,-5.149006830725483,-1.3246506264177993,1.3156696705229167,4.175595255366378,4.863717218813635,4.245070239678156,4.3478556116729905,4.477372285531597,4.688570876985662,4.7223181239454695,4.647226497275485,4.609466223347172,4.581713098156166,4.523246368689106,4.466223424622227,4.417997419859016,4.390892576032446,4.355403330809955,4.316515105230871,4.1349681729825125,4.21220872193759
1.9369741263021887,2.0843161077475845,2.2996052128642916,2.4331480812896316,2.5457182228388,2.8121317721992107,2.8720167909098295,3.019575075865618,3.1497105505863314,3.28907756010513,3.4058295436645674,3.5016908806236673,3.6810677348017333,3.7529200045374855,3.8575718574944236,3.9366797787873455,4.067708440092881,4.110709014839663,4.198797077720041,4.291213446733462,4.331222195000462,4.447148082062199,4.497665250075127,4.504498216470518,4.530422863129172,4.552019862901616,4.5676524406793195,4.579975104753609,4.617830444255939,4.592072359831492,4.281918230030159,4.059670885008856,3.7574511002178537,4.136356459010126,1.1600799859666628,-0.6942749361115054,-3.9217324964096787,-1.6756609101062392,-1.186183404135791,1.6378848774488213,3.6666057359084694,-0.47971839650936415,-2.934645003961826,-2.9321181574890365,-0.8632231348039867,1.411204276890625,-0.08482990382126676,-3.4245449512622823,-1.813795811196296,1.2036221653996932
1.5732569976309085,1.6805572810695266,1.920824845124638,2.001239169130118,2.1123038576803275,2.2313970118583417,2.3498310593745266,2.447117499597373,2.6459972311622195,2.693372806292469,2.7922182344453987,2.9272451593979096,3.0158246849915544,3.1171931913330386,3.2149743834269895,3.334008544466755,3.4212237720103023,3.4558552047176723,3.549403009785919,3.6214581417672003,3.73349591498365,3.8434461120644405,3.8960998908817,3.8919875213620556,4.003818210162756,4.048858321394873,4.008753421755491,4.011356631320552,4.084598726081324,4.090519117286638,4.071601199650473,4.1015098058936195,4.082945575244707,4.093485679567728,4.107978003798608,4.082898510587002,4.08198954299715,3.8830441572808705,3.8441145344318097,3.8901087984385696,3.9976134322534818,3.8813883786913386,3.7751282811392586,3.6677083960629866,3.8647006519837848,3.899753740781175,3.779881242595823,3.479588635990808,3.431391584635505,3.424709455153039
1.2005539596785277,1.2807275278189676,1.4877073470308937,1.5795228463651465,1.662484344816635,1.8454598834890723,1.8836484841436731,1.9994750552642353,2.1728177615372943,2.2796652484470963,2.3295477801187503,2.385150342593915,2.5151415408574747,2.608752154271589,2.666300440297137,2.7685023433887515,2.8318392039525686,2.8928484444899483,3.0461558298245475,3.093586817812973,3.147256872298203,3.319074280147228,3.344204785464922,3.3725631415857973,3.4815577326388234,3.5322367371629357,3.509333230036916,3.530948209043723,3.6064774212592847,3.6354281053364232,3.6550805280171894,3.6641710347860905,3.6586080203987907,3.682526764885435,3.7070378907660024,3.6808387528812125,3.6945204639576787,3.724363030850079,3.7397849192622026,3.689312697380056,3.6858918374477545,3.7032247625674217,3.7032190573098616,3.719324002617732,3.712615410072006,3.686479239495214,3.677373495561778,3.630010253474355,3.555027102747282,3.4958254744334387
0.8383713977510665,0.9751526108132942,1.1365290769340222,1.194411154395884,1.2235988620458724,1.4196618211488596,1.5059105430194903,1.6023407372645753,1.6717657524895648,1.772457660402033,1.9019998709769192,1.9541968071987406,2.037202927480215,2.1524590026780825,2.2404725603163653,2.3339730620532726,2.397320760730887,2.457326426798551,2.5383921378417558,2.581686525066317,2.6659641771444234,2.7258813559902006,2.772152594650795,2.8288709105210312,2.993421633715659,3.0134920923464628,3.020360293854372,3.0628179454601576,3.16426524289705,3.1619654069649417,3.1692896957577688,3.2476783100609996,3.2505586389015386,3.2396802788826844,3.247734579135856,3.2877941845255254,3.3021815362959517,3.329961573327537,3.3224903759353523,3.2895897074357148,3.3737204096999958,3.398629399846471,3.395713648594393,3.342814768436523,3.3285925884892484,3.278868998680373,3.267506815054199,3.2575459904378765,3.199035559397671,3.130591198296803
0.664617373017379,0.6816745262879301,0.8215619832862522,0.8982865634680199,0.9489355937498751,1.0632356337637092,1.1398086920907962,1.20161672647825,1.3173361338444478,1.4012843136148179,1.4116323982126595,1.464778695479518,1.6339752764883513,1.6722454609042745,1.7120740134909258,1.8562610083345983,1.925939258306366,1.9596843428500712,2.079369104411497,2.174797274938274,2.2267321911677445,2.270970075378363,2.3647035689384412,2.407586570766961,2.426079120416515,2.4877666155514455,2.561048616509692,2.599729207278275,2.6457803208469253,2.669842894262904,2.7309851552676006,2.7848364754858657,2.796850045465422,2.791864280715673,2.858638168077824,2.83907002138076,2.8416644467007877,2.8656507319409723,2.849264071193834,2.8260586010098043,2.8471194745425925,2.8645825975241586,2.8633730962850614,2.856250440267945,2.8133012924913845,2.719045539751455,2.625099463512429,2.6487752329995176,0,0
0.4778627314593754,0.5447708959664554,0.6278997895775322,0.6760235128037451,0.7513427230292054,0.8286066993498172,0.8816597598774285,0.9703715681724627,1.0325349862524926,1.0765877877361671,1.1610822280032858,1.2121278872301957,1.2879766164275896,1.3411728733684285,1.4152638321866802,1.4770914876414691,1.537385863536623,1.6274436200759694,1.6821539575165958,1.7216253972423539,1.791033358325854,1.874733572670648,1.9306492305629228,1.9704460238363843,2.089877069099549,2.1259391110714385,2.134934642239727,2.191583210814109,2.2310018138889416,2.22545522103936,2.2650646955884906,2.3503739751521713,2.3569345855909525,2.3847303388846526,2.4350115989587664,2.4755035532458964,2.510469901020057,2.4944948790622976,2.4661927473563305,2.4186280447323165,2.4244039360728022,2.4071682264692105,-2.4500829366698353e+38,0,0,0,0,0,0,0
0.3350984037217018,0.38834420591095886,0.4921456157549194,0.5317475978305058,0.5624769207151089,0.6628224107256117,0.6873240111602187,0.7159050050910178,0.8132043876592584,0.8466722392438248,0.912627463699136,0.9656489641897861,1.0746150667498242,1.0831856937263515,1.134213167695919,1.200196634196113,1.2622233496692785,1.3016829911157377,1.4052958530980029,1.4482722630509597,1.4706889531404943,1.5542184817200089,1.5729913893118392,1.5989764620548839,1.6997042057657792,1.7332393898856113,1.7628317070773898,1.788665202022819,1.8615813303574922,1.8642625884120907,1.8676384895892681,1.8977007587104844,1.926863645903243,1.9416161529166933,1.9275319602961904,1.8805576815135285,1.8803954315894378,0.7731461871568156,0,0,0,0,0,0,0,0,0,0,0,0
