jsons/1312527600.json
{"header": {"parameterUnit": "m", "parameterNumber": 3, "dx": 0.1, "dy": 0.5, "parameterNumberName": "Northward wave", "la1": 40.97354507446295, "la2": 16.46031188964855, "parameterCategory": 2, "lo2": 133.9931640625001, "nx": 191, "ny": 50, "refTime": "2011-08-05 8:00:00", "lo1": 114.97908020019554}, "data":
[rows 22 to 43 of 50, columns 100 to 149 of 191]
-1.5479500567743316,-1.5791167192754447,-1.5907253715455232,-1.6213140039484917,-1.6611260453890397,-1.693899983041916,-1.7094500593872137,-1.7629564981221055,-1.7905593998537834,-1.8080195643387293,-1.8460818660322278,-1.8960392684682676,-1.9114782505557684,-1.9688196263093707,-1.9706734118821798,-1.983271743673305,-2.028067750946221,-2.06430755963235,-2.057386664608948,-2.0772992675284447,-2.1295816809149373,-2.1354336641624583,-2.1421246214880867,-2.174999429518208,-2.158160041027568,-2.158424733779776,-2.214970517886199,-2.2140267329320373,-2.167612173693928,-2.1863797753635117,-2.126989655919838,-2.0488414591228192,-2.0161413836997117,-1.9525225465060296,-1.8405354973864452,-1.8244036608811107,-1.757047255841608,-1.6778330872951954,-1.6493210462401828,-1.6038936862082234,-1.569654507075287,-1.5821745898203623,-1.5379989590742775,-1.528650963835405,-1.4824949709691149,-1.4544881976646098,-1.3791444388094432,-1.2458751624119588,-1.1499527618508478,-1.0413954424953216
-1.8685174032306546,-1.9281020704473217,-1.9502621797589725,-1.9795348168513691,-2.0311398866509296,-2.0541789776719024,-2.101393054615878,-2.1495766242188443,-2.1999799177441575,-2.2186892900754116,-2.297629104718448,-2.3244666202957167,-2.3855257079667918,-2.4374372323786777,-2.49874859620998,-2.507309518186764,-2.5625442644275056,-2.5657411983012333,-2.578563701581544,-2.6317239076013474,-2.661035592234921,-2.681156656469506,-2.6832528560120164,-2.8145452776487248,-2.7997763925457826,-2.777948089253211,-2.7945253348478776,-2.8444018443597536,-2.8136973972982493,-2.8147369057786102,-2.7818094100049593,-2.675003621065562,-2.6485632336244196,-2.6301861274930665,-2.501328388007201,-2.3837272837233976,-2.3558561165063536,-2.241064860632399,-2.1417760259576553,-2.120967274205084,-2.1034868693275124,-2.1079863045817886,-2.0374802582229123,-2.0206798200625484,-1.966306810387903,-1.9258484954330841,-1.878738942977792,-1.613344661676955,-1.5730799752918139,-1.4228805954495198
-2.185970995150207,-2.256252840480578,-2.2985058940300416,-2.352611505106766,-2.4067769772671395,-2.468363166176723,-2.482089082650563,-2.575871948814661,-2.591632641081564,-2.672446345561722,-2.7090841167596884,-2.8104079088611424,-2.8899770838487444,-2.974288312962807,-3.022569470838027,-3.0664441688949116,-3.116458353818689,-3.129773493383859,-3.2105837781979623,-3.2415048633129535,-3.291297958573179,-3.2792813807219057,-3.3214267996437554,-3.4057644757130086,-3.465924125251813,-3.4705852958142787,-3.5321107446529387,-3.507334167161703,-3.4934182925135873,-3.504828419106145,-3.5195416608653116,-3.456097657325013,-3.402208303408749,-3.3263178344746285,-3.2295591030875133,-3.1121762325925966,-3.059194548995413,-2.8365600544548175,-2.787970182675947,-2.6559608829037256,-2.625677141847276,-2.7111492614655224,-2.579269823196016,-2.5637231937276646,-2.499864581911637,-2.475118194022504,-2.382403554393295,-2.034996244832117,-1.8706494610822038,-1.6492296310600627
-2.6144951250402326,-2.7838266203548154,-2.833533256220267,-2.93419573652356,-3.0441223370786754,-3.142289983235084,-3.1458687287159397,-3.2884634080351938,-3.3510377663668343,-3.4380328648657352,-3.52308534721065,-3.606353396411534,-3.6741574772128414,-3.772243116300321,-3.802720551334119,-3.856987040820754,-3.936167082101712,-4.01001181574987,-4.096148917724226,-4.111201242707977,-4.264329658113592,-4.2726369812353475,-4.323416062957689,-4.367117612094315,-4.370111626011507,-4.419156043257798,-4.449358409999058,-4.417286985541056,-4.392425813746205,-4.459541477779322,-4.484685431283449,-4.31663823152835,-4.2883953749418255,-4.204648320142408,-3.9050282259672393,-3.779878489709335,-3.6149601119762518,-3.365493183108006,-3.223131079845372,-3.014755865454123,-2.610076629917409,-3.253637082993627,-2.824521784311058,-2.176038815196769,-1.7164528986415055,-0.5927578795759111,-1.9048261699093807,-1.4036656235133018,-1.99518061041762,-1.6027837288517415
-3.100363976333384,-3.3586152763319985,-3.3795211744098377,-3.4452440423412396,-3.624310468409456,-3.727535927791342,-3.8487982190402765,-4.009771249857198,-4.118100947708119,-4.198798234591207,-4.378491888892188,-4.447591505539739,-4.552281008353124,-4.6964143016023865,-4.774170424068174,-4.878345368301512,-4.957353841845164,-5.052530509240007,-5.145667007980422,-5.1372941209798935,-5.244525123478129,-5.250832905480664,-5.312977180927793,-5.3467886055861635,-5.357869670514531,-5.3806733328504786,-5.418209540377096,-5.438929104702138,-5.358587490280764,-5.460734138116599,-5.376906612783823,-5.267196340606518,-5.139916027373532,-4.983086717800325,-4.5917010202850514,-4.3973156402653455,-4.114299966926759,-3.649889687225148,-3.7938586128454608,-3.9107746234470344,-3.6079577653561787,-3.500516465180506,-3.2496076953148325,-2.977236179617439,-2.852746350993986,-2.6476706520882467,-2.485642558172267,-2.225373891251475,-2.023738897043735,-1.8485547647295257
-3.3240506125698017,-3.588842956100199,-3.7399766323903076,-3.8417586116923794,-4.076775249055215,-4.263338188138823,-4.346576692121842,-4.56276701327042,-4.78712692417725,-4.869108353970455,-5.123895891550223,-5.239809513220836,-5.435871363107878,-5.601333277735836,-5.682220881366033,-5.825782120931875,-5.970333724590185,-6.064647163276598,-6.190902855059074,-6.222778882521466,-6.2917705493684055,-6.331992679732839,-6.398976877738011,-6.409965795399354,-6.45779810285281,-6.510880392673298,-6.719726078985594,-6.923854216063469,-6.86745807531152,-6.674413896480468,-6.450972701820027,-6.1372514685129875,-6.227842024179255,-5.980659235433009,-5.497199810199337,-5.473543357670917,-5.232971108914862,-4.852929627971894,-4.602030051117728,-4.342603753473228,-4.034196688790314,-3.906603195032144,-3.6179151140081416,-3.2392072981504456,-3.076028597501312,-2.8526656650671884,-2.66164846653874,-2.335901111771895,-2.1135458995157568,-1.9442419550851304
-3.6682543930260594,-3.810501706287516,-4.090480857295255,-4.192462007548169,-4.507627164255953,-4.678736064765501,-4.9415276187707615,-5.159670738791344,-5.416439024408869,-5.559129814473109,-5.8335781787226955,-6.040511644863979,-6.30564530449304,-6.532427606797438,-6.689649886999115,-6.861806353915412,-7.099285296771598,-7.2093213632660404,-7.361844516893221,-7.423321689928887,-7.508660175540573,-7.652849760631225,-7.603900833384342,-7.496110244480071,-7.514576491927743,-7.356680374310753,-7.107738459533853,-7.014972186201543,-6.972908318106227,-6.913379246227283,-6.974130768898753,-6.903694377762376,-7.42831083347658,-7.474246548213885,-6.509391129994279,-6.469936921355501,-6.182732267423581,-5.532986590076783,-5.191319109481117,-4.808664498524711,-4.355306159487428,-4.090683763240614,-3.7537473054694055,-3.334533510028585,-3.071046008663126,-2.7342360879408276,-2.6349439881252024,-2.171490612403176,-2.035265105917502,-1.7677675763868084
-3.3638559083304207,-3.6616078239784455,-3.740215935608187,-3.93215876535562,-4.145912915285254,-4.411404378223221,-4.5453579037693075,-4.947779328823811,-5.0652284843295305,-5.245884641858291,-5.513471547865749,-5.720221315619714,-6.086134912978502,-6.562808951288935,-6.67579860467583,-7.115084916396849,-7.505734506068581,-7.8192082515114505,-8.234616946042904,-8.452777784990213,-8.452531860797073,-8.683935450817367,-8.540349853375966,-7.820208831832205,-7.348362055814783,-6.784072140017511,-5.33745818325274,-3.6407172810415522,-3.7644472290893503,-4.125132579926488,-7.453961726932893,-7.470581665382099,-7.863340727874694,-7.462037630039207,-6.552330294739799,-6.073681234426929,-5.453225119348466,-4.76897387336901,-4.341146285881212,-4.009618229474043,-3.436396949850564,-3.0330480499913675,-2.7997585924223833,-2.362307280169585,-2.029133683678305,-1.9032583619526684,-1.6733291992854775,-1.3684551209747282,-1.1601582239114923,-0.8428988806273247
-2.6730624611919596,-2.8890782284321594,-3.0303570555264616,-3.1155097431146745,-3.3026302038304705,-3.411894059535182,-3.5867005582335927,-3.7985267216920913,-3.7888426181265578,-3.9662623566280315,-4.32503534924831,-4.451884341840085,-4.784526339563431,-5.145043829292969,-5.233331328859003,-5.735004442811077,-5.884381997987324,-6.242825078283784,-7.045211418457058,-7.201442157428105,-7.215763645122964,-8.075253741643731,-8.271698427506195,-8.718978739834323,-8.958497071216676,-9.033409750585474,-9.424364636098215,-9.291803247952297,-8.69727450037723,-8.490220078097977,-7.948074393725441,-6.770222220608036,-6.098841152944178,-5.592016842398162,-4.381334925300538,-3.877792846097214,-3.563193322320456,-2.591904186575177,-2.4521952964480747,-2.0713891627374976,-1.6107756496769732,-1.2588991195202066,-1.056163245589249,-0.6991750314250854,-0.45937737844285215,-0.36426246662238804,-0.18844418900040014,0.005226758214883714,0.1806499013824773,0.3301287074053185
-1.37441008521676,-1.4107088485985102,-1.4300391741408907,-1.3994014861106194,-1.4547842753322902,-1.4681827077461995,-1.5518128083535527,-1.5072639375525134,-1.5095765935334118,-1.5574014077868927,-1.546378247968638,-1.564773805013307,-1.460095262605345,-1.3381608030685324,-1.3757602314529256,-1.2088690042534962,-1.0075966443933202,-0.8957396151813818,-1.121776209025765,-1.4416427808013546,-1.7296783890305076,-3.038415244883506,-2.512605765321667,-3.226088207461005,-5.593007473536995,-6.834201971950633,-5.198531459520849,-4.139112721832929,-2.2088571777275545,-1.6414679095367892,-1.4212519162663353,-0.5787884186185549,-0.2676577252130719,-0.12822684101553944,0.5511689364128073,0.5594958932307214,0.9875128101963726,1.0834018057171932,1.2845580390459614,1.557051704776719,1.4142427113260108,1.6417644437903498,1.611501855059956,1.6070701712767546,1.800374618244857,1.7022860143403034,1.7203992819244367,1.9368963154699836,1.8141323368734454,1.7993209970753183
0.19657479398416217,0.4760492855937168,0.9066207215096082,0.8851413448191263,-0.22737642073530057,-0.0957848257415115,0.08251625716562964,0.28190879481477543,0.5810679303535422,0.868456392317757,1.1633604859720885,1.3398530413937189,2.068819209178626,2.589833429713076,2.9764772913659003,3.889950738057301,4.426635867574556,4.76365505792845,5.743690109586016,6.535255028013732,6.612501784681176,7.670416280750944,7.265914062329462,5.005055233874029,-3.210823325709301,4.1276754568310405,4.708025126898779,7.431234929015095,6.597540607293155,6.685217151472771,6.5780101484468565,6.112298008303185,5.8546202581881515,5.753843605074497,5.633788281428987,5.328862002350852,5.087817323952268,5.062914417170772,4.825953388794247,4.658795833134994,4.414982451840948,4.123996429267403,4.0990545174666995,3.9913825614594503,3.8397113779529324,3.8076242879002185,3.8213609902293326,3.651398530890451,3.573462256368138,3.6109097008259656
1.2576685398485719,1.4419496270458696,1.0196090039267518,0.897591087653726,0.936831644850696,1.1512852357924201,1.305292648952146,1.5313383709664936,2.1068847882506763,2.355215209036185,2.8261616768984177,3.104856930685315,3.8865739632791296,4.345885613008963,4.861456541823619,5.731090485137693,6.397405821183336,6.800157702815384,7.696450858533317,8.170874191230451,8.398723244484696,9.000884877100404,9.23162673533943,9.39264804009855,8.982727375546624,6.802608041398226,-8.898931117338877,9.57269639349252,8.106348700996218,9.195603420731821,9.031695808119276,8.40310721035456,8.225639441842967,8.028989598130963,7.4107768188410015,7.328981802796837,7.03470183225433,6.7847942134750605,6.531802686428194,6.22923803076786,6.056959320450801,5.83127499423279,5.609346909029257,5.478560355735462,5.314066755849391,5.127630888387865,5.079045856114507,4.933934587952269,4.789224950396184,4.694440236578801
0.9434011759269916,1.157805236463497,1.4240615121749187,1.6064707853133304,1.8324041820411425,2.220745324673115,2.47009442676993,2.7182096977189256,3.3228941399452574,3.653859170637719,4.086799801886941,4.660881020656233,5.334741092370536,5.681490939446642,5.9703078522198485,6.439989379042734,6.824965690952781,7.111056902662476,7.579394982089247,7.924025272834914,8.244252789456974,8.668298558616735,8.737235404289441,8.89234390071193,9.140241311753337,8.953716640822883,8.322816719961455,7.9829206941788735,-7.395657228519722,-0.8382778969033132,8.119848775549055,7.9635420205120555,8.62107495569169,8.552057860339474,8.3029290837463,8.068533268968908,7.902363133609711,7.702818844768043,7.50559574404048,7.21030295559476,7.039587268656591,6.816939482705485,6.511936557304477,6.428229870027282,6.286098597560773,6.100397636731983,6.014643471071858,5.892122270179679,5.656699211551779,5.543466845915369
1.328510928535297,1.5305596362575762,1.843466947405078,2.0461602362571036,2.320205929173209,2.5962000929884512,2.7880208189607125,3.06431705328783,3.4794690897312,3.680688640910964,4.02276445693728,4.16976630007006,4.64915541008451,5.048626308418342,5.130277374029576,5.636644967284181,6.0069435341550115,6.115872565154524,6.505543202578445,6.71761467593883,7.043218614126868,7.4205641415938475,7.60127919711453,7.730028284510944,8.028111979030637,7.90100532135681,7.390346322987598,6.585949365935722,4.068023112184409,0.5063682350030805,-8.301137766269765,8.196202093941913,6.201912983601472,5.764244618927992,7.494394846578044,7.136845494284977,7.141270267213815,7.342724402216262,7.246016181053032,7.107427590031493,6.923418784330866,6.793571198119027,6.66207090927922,6.53715326815422,6.352389539435829,6.214668571511915,6.125667660667234,6.032965326565301,5.783086241921591,5.763739000332263
1.5965401585503034,1.7695026272109204,2.021195330225125,2.170092632367575,2.3600055147587917,2.622138285468955,2.807395712545958,3.085096240575069,3.332011874080723,3.4970497442804382,3.795074345739862,3.8873625798160525,4.236921361839824,4.398354164634864,4.600633547319328,5.028452441219714,5.197917263646252,5.416605896201666,5.6464271260752446,5.883034666010856,5.978231554684234,6.253638897923515,6.4668306122388435,6.598776224945396,5.95304798569596,6.353278983317378,6.639548404572576,2.561882632678616,0.8797650448949492,3.0707430391699573,5.395272546486899,4.621627321832083,5.849495688137807,6.947150528552604,-4.523284243581287,-6.864832663267523,-4.346119197447154,4.991652625757426,3.7362556829461444,5.25104982547794,5.236975579506943,5.637150700356367,6.086069573319965,6.204143578875904,6.179675907259092,6.124179506908455,6.048160833331078,5.961268125574837,5.664239441850818,5.739298436418514
1.4764059918409655,1.6888958377901881,1.8889343402753966,2.029123329311472,2.166974248663729,2.4512743050443864,2.525822015979701,2.7114118070846143,2.878877784738053,3.0299406981055528,3.217366387090343,3.3680343452096415,3.619446441872823,3.7801577649799247,3.9848849653322755,4.132690003508706,4.382403544067458,4.498644938939767,4.639015658421747,4.807459146049135,4.954720201456348,5.17193257404247,5.320652355860524,5.41272027784757,5.541258742019306,5.616083179187402,5.763756074115675,5.850980647028195,6.029398518992065,6.005528554023545,6.0356609842754185,6.047690552182053,6.122033122963004,6.1619981408671185,6.145540392851111,5.837517101580409,5.419617343281848,4.861451041835445,4.406263647588494,4.87875628636665,4.8427848653164665,-1.2113544424264533,-4.499452988895378,-5.387180861389675,-2.4794205695047484,1.264640899190326,-0.6705690791604744,-4.521318316826588,-2.3619877874495474,1.588788558181771
1.3963836625486583,1.5137250333049845,1.708923943261388,1.7971968751967344,1.928757698761352,2.0433536993721173,2.162533924195941,2.2922311304094176,2.5125269987879197,2.5976792738846375,2.715732592125612,2.8813233317560334,2.997492478494191,3.1566190396745037,3.2947302588605596,3.4573353508478886,3.604795950501136,3.66387733092216,3.7986688670431326,3.8861269331755453,4.071300627851853,4.220100496069419,4.299928116116343,4.332089887028363,4.523390799936515,4.644507564692229,4.655565012835579,4.673162376909641,4.839750588703315,4.923479518446374,4.910199464398681,4.999095541430404,5.05201235756163,5.111016963130118,5.185488999184775,5.1785200752240685,5.184111461237273,5.188385034991058,5.179074935404855,5.137133695931401,5.138430132414398,5.135056398031973,5.054553831173558,4.870746351248467,4.976217015475096,4.985245540148222,4.743728501883391,4.272681360768968,4.179528828197355,4.17034186346548
1.1731778241367683,1.2715556111795476,1.4400261104800445,1.5271611644334318,1.6098151831793897,1.7489916022247245,1.7910976109383865,1.9394338822797164,2.1124090801166395,2.211544385108544,2.271360921884059,2.347713445984884,2.509081247096332,2.6366255056398265,2.718457411400025,2.797882837393921,2.889973443294769,2.9718169750301127,3.157141614821265,3.222163846670698,3.280250955140501,3.4415198677508516,3.4604721096654663,3.536627191677173,3.70543673031617,3.788461011562499,3.788266711982857,3.8419241009416,3.990828435233575,4.101278511549633,4.164971741247784,4.198015698759459,4.21055123844308,4.289910544769091,4.3587686710214335,4.335282884233939,4.360388243660724,4.422225209848704,4.459842368450461,4.3732114547166905,4.367293366267845,4.39999597813606,4.405329393054831,4.3969103983363365,4.338599518733751,4.281765722737188,4.319142413295114,4.297967888322771,4.208473479226187,4.129090139394204
0.8810286403990081,1.001206325532321,1.128649059980676,1.1815837260890663,1.2110912545224684,1.365490475690154,1.4412860122609386,1.5480759468113685,1.6153673830098467,1.6952999540599416,1.8370487442808194,1.8912675810277044,1.9599523682736233,2.087643004698546,2.1704546424770785,2.2541103990001004,2.3410625322140968,2.4084021686892627,2.5012653034486205,2.5585153308272983,2.6860143986751543,2.797135054904212,2.820735184648572,2.855937790030794,3.03188553069534,3.0569742111741047,3.071962430377468,3.1429616361680406,3.2839658895111383,3.287532646105913,3.298741411464082,3.4289190754365073,3.486871144869975,3.48525498715417,3.505302101807636,3.582888774237013,3.619263392072938,3.676312460643272,3.6855306966284336,3.643917181689831,3.7529644000741755,3.778981846717753,3.7761393873446716,3.735558232779447,3.7269987201626456,3.6637692072812182,3.645571518552517,3.651221267186998,3.589995881050821,3.504116372861044
0.7634732695696711,0.7810298324704589,0.8909252316955228,0.9573636820479919,1.0067124247415093,1.0838176290281298,1.1425116802662287,1.1976245963689114,1.2930451962290255,1.3624457053896233,1.3757090546470152,1.428711972105914,1.5686813181191628,1.612322490645555,1.6482620947937987,1.7759807862730832,1.8607150857692234,1.8873589562225972,1.9818079528746109,2.073195583547832,2.1142834345402517,2.170383132572819,2.271441784337351,2.3327849738925677,2.3533761127834887,2.413228504779762,2.504224233531896,2.5479220265124916,2.602552571050025,2.644586778955881,2.7308550065524964,2.806293408607462,2.835764055967701,2.848994955877819,2.9590022920713155,2.9615920957233506,2.969528077667063,3.0154075011870654,3.0018674211328777,2.9859925094276836,3.025064702250343,3.060252230569896,3.0959240046851475,3.102455190928319,3.0504206792149837,2.9163551633922165,2.8020989501032894,2.8176628835167303,0,0
0.6213112627603851,0.6784361693542995,0.7396273826818484,0.7760205257990869,0.8429127287415838,0.9040007370069671,0.9443200866918682,1.021531841573793,1.072423346026363,1.102167048066474,1.1729611274104945,1.212426625664431,1.268858306452617,1.3156055686794277,1.3770873104720533,1.4213718244198452,1.471269064473616,1.5434308810153448,1.5854606053171048,1.6081955183666163,1.6811357120989308,1.7548085516904466,1.8072115821146921,1.8564224733279355,1.985598439142695,2.0300732136495956,2.036752287567111,2.0932229683631,2.1299893587300307,2.1233402460578277,2.170195695379101,2.26898866318841,2.294153235923605,2.3359466741484707,2.397865519567059,2.4646095745684606,2.5088329612551488,2.4994029959166886,2.4811720618446658,2.44669132554388,2.47148774074725,2.473873737284428,-2.350702427664204e+38,0,0,0,0,0,0,0
0.49305987965425113,0.5376277842912648,0.6122325553973517,0.6480604583653622,0.6711770370309872,0.7405703969898216,0.7580406132105248,0.7886293076412082,0.8809148522814603,0.9143542323766095,0.966879757983693,1.010467973530856,1.1011013077562204,1.1060313706767817,1.1304677114526656,1.1557084062978324,1.2046006723543234,1.2352949186050988,1.3118306613019322,1.3520125654297546,1.3703703881800067,1.438302402671702,1.4539851542360964,1.4825582744109775,1.5813816566394108,1.6183495054187487,1.64604201925072,1.6754175440301322,1.7472749808244534,1.7632519412989387,1.7697721962966348,1.799835601356595,1.846276735305216,1.8656219879640388,1.851627625801125,1.8056006956377173,1.807792793765166,0.7824299697262066,0,0,0,0,0,0,0,0,0,0,0,0
