jsons/1312585200.json
{"header": {"parameterUnit": "m", "parameterNumber": 2, "dx": 0.1, "dy": 0.5, "parameterNumberName": "Eastward wave", "la1": 40.97354507446295, "la2": 16.46031188964855, "parameterCategory": 2, "lo2": 133.9931640625001, "nx": 191, "ny": 50, "refTime": "2011-08-05 8:00:00", "lo1": 114.97908020019554}, "data":
[rows 22 to 43 of 50, columns 100 to 149 of 191]
1.5259830852227108,1.6218977337955214,1.7534563360873692,1.8321437234063604,1.9179919957719602,2.0467372950313125,2.0992835187864722,2.239489732962398,2.363981108401417,2.4160912361669635,2.495360425310978,2.658641686472112,2.8070390612332594,2.9165297966149843,2.949496807415364,3.1164781228206127,3.186200360982179,3.2582335506249107,3.354493700394768,3.418320792280827,3.4769874185768206,3.61031097649664,3.646736297709716,3.717633433730272,3.855365360337476,3.9785983532922304,4.062045410394671,4.096072849531023,4.231105711929395,4.228950364766409,4.218479078740766,4.308487733115647,4.285819874091061,4.311495887897342,4.351374245848838,4.340628442602769,4.346732279276756,4.355903541089441,4.277584579387757,4.162745946699056,4.129114615401295,4.050907161638164,3.835849130856231,3.7600730204635147,3.6368436214034054,3.431287233973801,3.3220757868589184,3.25338546507694,3.205689988613263,3.2647474179781595
1.316832454732208,1.4304418141013888,1.6696319608463812,1.7428815717735708,1.8849677869446004,2.0249807844345646,2.1900282481329003,2.3025326342542316,2.542974355565759,2.6189245649666244,2.752392391044627,2.863693087318519,3.043301845966011,3.1672854753628643,3.284838446666797,3.499836136323365,3.567201090115039,3.6591340744440437,3.8223795402079213,3.8835710219597486,3.9861595052000345,4.114405325292096,4.232964798190185,4.315337379373252,4.4708494711917774,4.518017308730797,4.470628021119424,4.5712093334660295,4.719532115417367,4.702693170550705,4.726924210310295,4.807264246863318,4.811009439726978,4.819642369718533,4.922443374584174,4.829067490969993,4.823905339896584,4.863895699130283,4.807979280261176,4.660576698509593,4.550641699189918,4.421203282281172,4.156119029793887,3.849937674194859,3.63768868819557,3.303284818125795,3.2389790589408305,3.251996141648761,3.2989342412169997,3.510598037147561
0.6134967727708889,0.7195613836552253,1.003454783659406,1.1478894662626786,1.3911516918795714,1.6715377463855745,1.782384883679591,1.9274942690303323,2.1919924787473177,2.411632690183005,2.6120324235368035,2.78814206934865,3.1465830496752756,3.298269426071488,3.526431652838541,3.7684263117464356,3.947242376796031,4.0813601786599225,4.334569212930568,4.508731292214338,4.54164592232723,4.727977834342506,4.807585040322587,4.827968077859068,4.905775504241171,5.0005297866872676,4.927085282140671,5.003525266009275,5.141554228875036,5.146308634732465,5.218017747925043,5.361135645720064,5.255145792386657,5.288127412944326,5.366482681956306,5.321252175357099,5.285647945856081,5.3112938377179475,5.279772175064066,5.041397323158602,4.952240716700129,4.6614748198271885,4.108794812883177,3.3878078290064364,3.0402055373963455,2.7256724491911415,2.667597317257538,3.0814193652353072,3.554195499794472,3.97017827395327
-0.7152264859898793,-0.5204475824419005,-0.13287281576532045,0.026443648315340285,0.3517163939732433,0.787006324264318,1.1313304294349404,1.354562028391512,2.0901749630376494,2.250181611863946,2.4736519336245517,2.902418762654744,3.4093706870977947,3.7582617524868724,3.9415494660627046,4.401087532557654,4.597191760168653,4.796198588659225,5.143688649971833,5.295090819999872,5.428566178473519,5.631802969467334,5.643472140155433,5.672080641468073,5.799270296344779,5.804958360088898,5.767818046539372,5.764985928695128,5.949863780236854,5.909486296089854,5.91788503710875,6.024001228741351,5.953903933409332,6.001690812783112,6.118336528972962,5.982823180937166,6.016111309648242,6.081746871872481,6.014324709413047,5.7345489494735835,5.585016956748736,5.103955228018973,2.395897296943118,-0.9455656237290054,-1.7596158279358995,-1.8712970370048496,0.24080612422717448,1.7007783621945036,4.8537368591739565,5.157265496014582
-2.4503766077003073,-2.390902712549821,-1.8866653543839402,-1.5390687423656129,-1.1617457250576726,-0.7266309336481833,-0.21888972270086152,0.11898095391073255,1.1847888899907932,1.6055903989445526,2.205655817243146,2.5560928584329834,3.5268946364715066,3.896194008601101,4.337732863482116,5.023866964329504,5.27677811668784,5.479503745786747,5.956783760173378,6.088758868786339,6.246650603933116,6.496097997145936,6.685428915461574,6.609436974070358,6.663693223964497,6.558591669741481,6.3743516170254,6.440152170765431,6.667249262125659,6.581071455128148,6.582415831075632,6.7633977325734875,6.7048431838777205,6.7251347187296,6.939664477731852,6.736146140329286,6.695320410268344,6.716574322600421,6.3973778466940825,6.097537951684977,4.6968884323061815,5.373086387119183,6.366898931418997,6.2069180762023715,6.172129811984091,5.955454846695797,5.875253078282482,5.8138144895368775,5.650215675241079,5.568589872064301
-5.503749323551778,-5.3887105938223785,-5.1186988317427335,-4.872620008468265,-4.495860860166945,-3.6906589546496353,-2.9937982660215323,-2.5664191735131,-1.2752345203394782,-0.6579555569802027,0.20501877243043642,1.0513624784305966,2.5824203634825817,3.4601055050232157,3.8233726409658035,5.207680452279046,5.470847614542598,6.094488336011972,6.838557184838343,7.1603127983082135,7.14091703046144,7.598890909088041,7.747834028736915,7.658576294898123,7.694616401860237,7.632216727980476,7.276995904021104,7.162372710365413,7.106321524693358,6.984668723253226,7.016592414283805,7.173985560234484,7.033259801470389,7.1491289398321936,7.437461012132601,7.412400203074257,7.419222950179853,7.40637278710874,7.338158299189431,7.117267505871202,7.085503140418069,7.018866633189845,6.769425011552917,6.645153179069848,6.527769671524978,6.303152430776286,6.1702882303490645,6.107076786193728,5.9034323341147354,5.76581063927432
-8.02920765236899,-8.191788731714373,-7.955159888030999,-7.9695646223195,-7.6360036089458045,-7.069371377336695,-6.203208398617752,-5.790812308071644,-4.491031488799332,-3.5628021013498863,-2.830689716802555,-1.9700137055775788,0.2803032780185951,0.9302003137835175,2.279456073315802,4.263411882401643,5.333622100126734,5.947313243403261,7.099988658242055,7.674496444036622,7.958869025041018,8.619557243442348,8.76475347343422,8.66504693434538,8.852586797697684,8.717631846708489,8.28359784454456,7.967653818614712,7.544056571207536,6.404181010814675,5.63440497695576,4.429245589392154,4.869790331477757,5.514661994085317,7.5953910435912055,8.114313642761056,8.108398470942765,8.012397853816895,7.868464880966702,7.483626459154844,7.40996609016188,7.203117013185149,6.907679715378926,6.781389822196248,6.68301623074405,6.4181657560573075,6.374608911622343,6.223618146841224,6.0424344960315235,5.875863915724389
-9.59753125118786,-9.716025782191775,-9.821445073787997,-9.694628998799837,-9.533674463691595,-9.324918453436577,-9.26053296120163,-8.528792243478948,-8.264553165352806,-7.884990245667954,-7.159243932366032,-6.909606832416764,-6.033930258379849,-4.453566697291906,-2.4819392274205287,3.4853708402474544,5.864492260076507,6.260933258213973,6.856644659957554,7.338596622007263,8.116852120049133,8.36616030372273,8.603938440167422,8.857146340145958,8.95394536195768,8.786453942688787,8.147659384847401,7.355678896709795,-0.3310143020645314,1.557675777591847,5.821183247462998,7.990137654728005,8.749995356434187,8.76447649326925,8.686151618030001,8.403342297381428,8.184951812728128,8.002395639813411,7.8044087036895,7.498325383044135,7.3497097141206025,7.171813204913999,6.825730850489545,6.66035048931047,6.514736586900555,6.292999499420346,6.206344407187849,6.052226943026936,5.87569843479593,5.7164837780127735
-9.005526931334789,-9.041602083073036,-8.869621660244086,-8.682948961211794,-8.483257953765843,-8.090179772134528,-7.899176685403766,-7.382983622666785,-6.501440754473796,-5.980249243043309,-5.202919908860832,-4.462381248878166,-5.5842377979385125,-2.004167835344766,-0.8272416526620506,4.564254645526838,3.5420167406823357,3.654699854653165,5.164778589373822,5.567544248151573,6.044865832220071,6.777026024433468,7.105971168945982,7.504181972286897,7.760789381562219,7.9177905170706655,8.170143314993572,8.246893600788471,8.30122023637679,8.355044954457464,8.312537314034804,8.31187283661004,8.021091220926404,7.888927259258545,7.720072522150614,7.424589818172196,7.332336843171642,7.163357106211111,7.035825231855426,6.806105635674435,6.6403376277197275,6.552038670055704,6.274460260299948,6.130722077177521,6.024378931732124,5.830903747536869,5.693190394255644,5.566796780173497,5.382987846164658,5.232854106714936
-7.89985907749346,-7.91069461142447,-7.598608371821413,-7.290562271482987,-7.151482345027133,-6.370976677732536,-5.9660046073043045,-5.3121131751726,-4.186193210625757,-3.8851894034766086,-3.110228127624341,-2.7901482656708696,-2.329617985797603,-6.068092609932725,-7.153890531167716,3.38455460359023,2.2557052258547197,1.6291889681265999,2.506757690949058,3.040335415182336,3.5248348925594057,4.219143924060916,4.6092152345122,5.036746119381136,5.498040028789397,5.81654590883939,5.981600582648921,6.147724423261752,6.387413148763251,6.409069245185152,6.480851794840996,6.563828845662823,6.485908414557445,6.466918609190634,6.3768720842176245,6.193380806211185,6.089505752407199,6.041253123128614,5.9953011609391895,5.754878423141674,5.73064204289715,5.675738408743371,5.413760938536107,5.344219716687822,5.285586007199266,5.0896262628690705,5.032960084862154,4.936996504957521,4.812481696494713,4.771568356723121
-6.8040519685279355,-6.722554911253431,-6.197929428305275,-6.6618018104035,-6.871087139812691,-5.753485086662241,-5.377398966086704,-4.881039651171727,-3.912323120630686,-3.306539516362439,-2.6839964252234663,-2.361540987608,-1.5240348084191537,-1.0246136496272893,-3.225003531119996,-4.33302687920553,7.834251556877278,5.721606320471055,1.4212820435554396,1.74247308758928,2.0483550071118737,2.623798765441445,2.728926328172931,3.0316483156264074,3.494457293016273,3.6478678646631635,3.7896164008307713,3.9396252306808575,4.348299654972451,4.34684732114694,4.424822849498577,4.600647538094812,4.57657657113875,4.566116758343436,4.6264877934292645,4.6764471935940115,4.713223234149989,4.72521006957823,4.728534951773853,4.67420818693422,4.634985713985396,4.571745807153104,4.468864986001113,4.408616719797367,4.367705148270213,4.261350627630044,4.152538274214037,4.111840838318646,4.037363134163125,3.927144057402491
-5.480429387647643,-5.390552196527824,-4.768230257116104,-4.448255446392819,-4.285878943954315,-4.139984167268499,-4.100979093014877,-3.925153839718712,-3.343035367009072,-3.0866396371993168,-2.7201252221038508,-2.500303494156587,-1.7935496276186569,-1.500268463856981,-1.1922022570720254,-3.3649908605505483,-5.260647685281808,-4.010104249868392,5.168153713758236,1.8675764297918118,0.9652184343149861,1.354424962189934,1.6161335508041843,1.794956375972343,2.156033885764802,2.2470111531564965,2.4200103879166974,2.558017399313279,2.8339565584126936,2.9155175038580325,2.9483745957570497,3.247022594361302,3.261262438876319,3.2641982036103934,3.5080645937672585,3.4604758560317643,3.461962763211862,3.474687021005289,3.556950514648522,3.4898565419943957,3.501231874046436,3.5536046602581846,3.4280914445096897,3.4113287868571116,3.4276347249466723,3.2998571327843793,3.263998076239255,3.2814170981159587,3.1591493947522395,3.1480065719208907
-4.82430265830982,-4.730561633105481,-4.496244496549734,-4.443009104672182,-4.345837694682351,-4.060322787069808,-3.85982261304894,-3.7761236831721123,-3.415756182623542,-3.15412461069904,-3.00917905334824,-2.7279407697818394,-2.2749217648144637,-2.0372684900809093,-1.7987383698252577,-1.4897708864959618,-1.259281618102243,-1.013823505618125,-2.7724964071840406,-4.2421781943650885,-5.824572384693631,6.341790334448072,5.375443299155628,4.217092016112242,1.598411548710527,1.0186737211461347,1.184864310317023,1.3941603172153594,1.5711880579989645,1.7028794329565617,1.7499584228997738,1.9583603631901332,1.932808238534274,2.049825956705804,2.1902359053281515,2.2150223689388056,2.2840728681885416,2.320360315836023,2.3376621786305325,2.3542789841489196,2.3836737536074515,2.424583697765227,2.424341840230382,2.415958462948052,2.381059460924344,2.318973127948924,2.3713670657413943,2.350741375883168,2.3348354203279884,2.3335172387218472
-4.260798856694754,-4.236175007425096,-4.0673795904158645,-4.017211880168099,-3.935951331473185,-3.7184584455568843,-3.6546940572157003,-3.544585662645097,-3.2615356926682706,-3.1244140839888432,-2.936203829887427,-2.821752435845132,-2.490537747107474,-2.3337800221079195,-2.2866130923525283,-1.9361443521266062,-1.6961136595312005,-1.6104071195340783,-1.3461840742673672,-1.138490059681014,-0.9780861396156837,-2.5322542814205526,-0.8342110486163414,-4.354316065903487,-3.3657136519317534,-5.433196412472016,3.408447465648002,5.07506958948139,2.319866098489327,1.4477507909025928,0.9189236949818762,1.070212043309252,1.105305928220826,1.127975926521958,1.1167314770962629,1.201362725739887,1.2419370941857222,1.368399922742455,1.4493091603459172,1.4596078585350125,1.4859111327547345,1.4627559019481566,1.506500529689203,1.5181427984515234,1.5936966577712848,1.622846933963053,1.65123267973252,1.6430990045633214,1.6494412453615985,1.6558131128284213
-4.046056418199756,-4.082140044426545,-3.992958861163017,-3.957019868894391,-3.9256638361087104,-3.768625268438657,-3.6593404782771457,-3.5977043681205854,-3.447375739384601,-3.329588415699975,-3.218142512312385,-3.1892879681685535,-2.9726896306364265,-2.9552502846169535,-2.8054426335111886,-2.460757655940198,-2.3431474273754693,-2.1906248149112235,-2.0076000181111042,-1.8555644909829827,-1.812550395389616,-1.558633770511366,-1.361359422498797,-1.166959305321888,-2.078745256827216,-2.143685981868296,-1.911590302835639,-5.131294471195099,-2.9312315647629337,0.357893677795105,4.739994545525469,4.709191822405937,2.568533084687119,0.5226283886520647,2.378860976271772,2.091847213928578,1.6772014874312249,0.7316402130097263,0.4709581774446574,0.4691588573972028,0.5646102829232208,0.6455726538100977,0.716428443365105,0.8420469163076925,0.8736438763124024,0.8659767299913038,0.8454832508888452,0.8474242519254767,1.3314225062234522,0.9548124473127219
-3.8480848497034743,-3.869459741523767,-3.7675239577131836,-3.764412726096308,-3.7473857054374937,-3.5916872295699154,-3.576400328265977,-3.517385499739294,-3.4017433794157386,-3.3080590545721553,-3.2714120147948424,-3.2027452817324273,-3.064136102215152,-2.989985133595255,-2.8729887556169165,-2.7561722215165596,-2.6367018911704854,-2.5540381694109744,-2.393507040620183,-2.2807560936751496,-2.1690539619352722,-1.9153364134996829,-1.8428218702527932,-1.715312903999164,-1.5191580966641118,-1.3904019493145945,-1.245630485161983,-1.1309311223670848,-0.8663719436540435,-0.8379935426076077,-1.7213752118725079,-2.070665452681672,-2.5212088628755764,-1.8506778209336636,-4.266466803480234,-4.292701979030837,-2.034247186453614,4.024974938656366,4.161751774170053,3.9436932374846596,2.2542572195015342,4.218068227445932,3.05751220812161,3.0249111678735634,4.052771939340192,3.875907762586263,4.096803924999012,2.3024367986358136,3.6080224295437833,3.821911229239536
-3.6648120621407556,-3.6716146955812135,-3.5961040869864336,-3.605337964611483,-3.575504962791493,-3.4935511533197134,-3.45104432074289,-3.4490801073099213,-3.3191974284145407,-3.3149668625202935,-3.270789901181211,-3.2001867213839965,-3.1154371179023737,-3.064390131087462,-2.998977423269384,-2.8858972302412202,-2.848956262112345,-2.7923934650318842,-2.651489355511456,-2.539807582754792,-2.44721547238884,-2.2941960494437117,-2.167178443924411,-2.1263957410617618,-1.9319004843356482,-1.8266266273245482,-1.7609171777448083,-1.7335957602036245,-1.52106224430244,-1.408600714543267,-1.3495037710809865,-1.2297002088247646,-1.1542131534908207,-1.0772632319077893,-0.9479564911604083,-0.8477257087509212,-0.821204418513312,-1.4300553116537982,-1.465829079813503,-1.2047161973997922,-0.7458784133387167,-1.1800044565438512,-1.3409178845453196,-1.5578314981033745,-0.9330305849063322,-0.6207674275085887,-1.0795871257494885,-1.7681772876879471,-1.768299939786421,-1.7370030122365678
-3.503872038205389,-3.545615181363032,-3.497438675132665,-3.485019372448244,-3.489825352314608,-3.433536425699173,-3.421788710294669,-3.4123319341386598,-3.3320252995072583,-3.276434457615988,-3.248407063616169,-3.248075237839249,-3.1974927046977593,-3.1425868773964365,-3.089175835674307,-3.0123635185531046,-2.9740198684579964,-2.9346950731398924,-2.7922113673777145,-2.7539376479176476,-2.6927342836773707,-2.5150855133983865,-2.481484930901419,-2.449370767897043,-2.310281336472008,-2.210527896889572,-2.1582350098720755,-2.1344264870672527,-1.9904733873602183,-1.8573437017433625,-1.756404798326567,-1.7045103187426043,-1.6808585838768093,-1.5914563590788178,-1.4411930923445457,-1.4205693343869026,-1.4000921297237878,-1.291631544075936,-1.224716309273739,-1.1913708775408622,-1.1591614076469192,-1.1004456397563507,-1.017419527239587,-0.915113978200676,-0.8699583038365127,-0.8721291408803569,-0.8767096261867069,-0.9368497053905229,-0.9650591202698837,-0.9952551306706381
-3.309262826719309,-3.3568128179422723,-3.3365066513304016,-3.331021530721736,-3.3294149584377695,-3.295323464916616,-3.28594481187044,-3.280389720783043,-3.2479246996253535,-3.2077205394344737,-3.2155525506868496,-3.1891205712629236,-3.134087714496629,-3.1214378944994383,-3.078596322405944,-3.012599815272696,-2.975630426415989,-2.9302337299583208,-2.86463638414939,-2.8287591088577013,-2.7633226453798807,-2.707565294705301,-2.6677847184852963,-2.612121457977482,-2.4551781955165204,-2.4271410999666063,-2.411472146105926,-2.347880154302646,-2.200454543263423,-2.140346968934136,-2.1246069659419597,-2.0296056114404086,-1.9681599586937917,-1.9415024552953717,-1.8847844752583474,-1.8170141898272927,-1.7433500826605675,-1.6720135241939704,-1.6456038345749457,-1.6152537866150156,-1.4567840927579074,-1.4165324766513046,-1.3916720530299727,-1.4205480472145067,-1.3701438977835625,-1.3454844680834543,-1.3359310352197638,-1.3643972936250857,-1.3931219296666133,-1.4398563816217769
-3.196224498772127,-3.217373277605779,-3.2084979315966,-3.217538272685644,-3.230893425388943,-3.205810232920469,-3.201458960985509,-3.207348590856458,-3.1778424558018195,-3.1650568174698224,-3.1536957785629127,-3.1611303352956988,-3.116594739999966,-3.121137308053704,-3.110109399708982,-3.0361182822977355,-3.035923063160387,-3.012900441284252,-2.9317220381920857,-2.887480302464527,-2.851606795518933,-2.8217495206829453,-2.759148548429212,-2.729969874753173,-2.6995578923852945,-2.648603787342128,-2.6058414097367772,-2.5734031267351583,-2.5220594214842302,-2.4701122553231323,-2.4130168535852228,-2.3600698363201658,-2.3114919259773847,-2.2826590014304844,-2.1745761373642254,-2.109918356406955,-2.1162636961597947,-2.082693217876423,-2.063781935420243,-2.050165284483211,-1.982082166022737,-1.9397556018275277,-1.897303191093109,-1.8991398628145237,-1.9362398872108477,-1.9540592245222608,-2.0114244175756544,-1.9621056764227722,0,0
-3.043031341077665,-3.0685465037906017,-3.0662588364890717,-3.065530152713848,-3.088680818332167,-3.081610111141591,-3.075146153871101,-3.082365886810021,-3.0605311169739373,-3.044129718283877,-3.067207778297828,-3.065395589240081,-3.044736315392372,-3.0507966962724753,-3.044163808015214,-3.0278512046310047,-3.0087146688555872,-2.985753781510865,-2.964790134255688,-2.945194221657575,-2.9152500107497734,-2.871394991151283,-2.837474421667362,-2.8275221320720116,-2.7596162232594503,-2.757509056223415,-2.7468356199623067,-2.6966708396824095,-2.650678458902495,-2.6281954103696,-2.6020743988185813,-2.5379709901067233,-2.494591292829933,-2.4576090308798806,-2.3955566116882827,-2.3423721744274637,-2.311552921548017,-2.3145338772619986,-2.304577275639064,-2.2637671943192386,-2.2383412748234286,-2.2291828479221962,2.343620114529878e+38,0,0,0,0,0,0,0
-2.9245339099969065,-2.9484881480171627,-2.9471644786655333,-2.964533095094573,-2.9741806396342945,-2.9707320662442336,-2.9752201650611623,-2.9935034220364503,-2.9906560943267073,-3.0041045361154515,-3.009974062236719,-3.0161437849365424,-2.9901456131970168,-3.003334786612936,-3.000511835219902,-2.9826495119503056,-2.9812277060543564,-2.9704915618882564,-2.934212906844455,-2.9329815952962766,-2.925118631349022,-2.889146231381548,-2.8815804956133335,-2.8775002425845484,-2.8321289466467654,-2.8316491010843428,-2.8324189389896834,-2.8051366673042737,-2.7429031240719977,-2.6913162794652488,-2.6734775022000954,-2.6595509942271667,-2.6480143112745664,-2.632463622317547,-2.624141335353198,-2.5911463406093387,-2.5784876738527083,-3.098523705870106,0,0,0,0,0,0,0,0,0,0,0,0
