jsons/1312560000.json
{"header": {"parameterUnit": "m", "parameterNumber": 2, "dx": 0.1, "dy": 0.5, "parameterNumberName": "Eastward wave", "la1": 40.97354507446295, "la2": 16.46031188964855, "parameterCategory": 2, "lo2": 133.9931640625001, "nx": 191, "ny": 50, "refTime": "2011-08-05 8:00:00", "lo1": 114.97908020019554}, "data":
[rows 0 to 21 of 50, columns 50 to 99 of 191]
0,0,0,0,0,0,0,0,0,0,0,0,0,0,0,0,0,0,0,0,0,0,0,0,0,0,0,0,0,0,0,0,0,0,0,0,0,0,0,0,0,0,0,0,0,0,0,0,0,0
0,0,0,0,0,0,0,0.009263493606508104,0.008308757392961833,0.005952602007670512,0.005372971659101642,0.004296003153652229,0.0035723061890327503,0.0032473274575544877,0.0030092783426451976,0.002815374491481875,0.0021909145475887165,0.0020254843290415624,0.0016434981878657442,0.0011214788654955816,0.0008154466132740275,0.0005515038923007475,0.0002723171780757816,0,0,0,0,0,0,0,0,0,0,0,0,0,0,0,0,0,0,0,0,0,0,0,0,0,0,0
0.03048413299982047,0.028600378059483324,0.026221969393579122,0.020698145328607594,0.020148674530305794,0.018509798931516157,0.014139732915120728,0.013532980967567826,0.012253656115216298,0.008496439620639106,0.00697672408702725,0.005163319912896778,0.0038503155955016493,0.003341884648787782,0.0028590571558205903,0.002354576988862058,0.0011351854417731312,0.0005386413159731566,0.00015934640579325692,0,0,0,0,0,0,0,0,0,0,0,0,0,0,0,0,0,0,0,0,0,0,0,0,0,0,0,0,0,0,0
0.03509929263553046,0.03700289575344438,0.03683859986593646,0.03383837368496285,0.03352803718543267,0.031717384256139874,0.02436706964284874,0.021551210701019206,0.020757099301588974,0.01408307576280019,0.011232198610967484,0.007736385743540042,0.0037800807232939975,0.0033257661877398336,0.0011851115696727228,0.0008135002568949968,0.000630358831898027,0,0,0,0,0,0,0,0,-3.1480531986034645e+38,0.12908783443852664,0.13048059323708724,0.12974231094074765,0.12934683090907337,0.12966297947169195,0.12661084838132552,0.12668785247393785,0.12610012887923902,0.12371567425002034,0.12135361147955166,0.11948294234898817,0.11975606283563611,0.11392690582965315,0.11136493971008647,0.10541744127989405,0.09625984634214403,0.0880107767678675,0.08444277530508423,0.07385987267180781,0.0656767699908258,0.06078650227894314,0.04801212819638005,0.04587736381214524,0.03903275463024902
0.02550286334128178,0.028558825645522885,0.029897495880843304,0.032153798492808354,0.036038462725627884,0.03763509900040456,0.040147659961662745,0.04337028935668371,0.04833888287110683,0.03860899380276878,0.03264426206407616,0.03140895036890323,0.015312945000269043,-0.00252316578058396,-0.00119779816488646,-0.007715724902561962,0.01746647311526088,0.07513397400333013,0.09641813613775624,-0.1407326418449712,0.13166657019944852,0.1362271697999278,0.1403872905655451,0.1437792560453848,0.14628824009348354,0.14788932214659886,0.14937994509086924,0.15097582659415085,0.14979678041679864,0.15042592215202136,0.15095010239087595,0.14969761236394796,0.14742344236667423,0.14637993673315755,0.1461649336048845,0.14113251321618808,0.14044394441031086,0.1362580470268829,0.13148214217148047,0.1275210072438743,0.12554840997554817,0.11754806526680228,0.11025885366311919,0.10557466240010441,0.0910023939514458,0.0863295747502953,0.07670997090496508,0.05610621476372657,0.04807707715409462,0.03865352817474851
0.00993356680767737,0.010854611797782137,0.012441272973316679,0.012737837116887302,0.015115836736544427,0.01612779225647562,0.01906487269716612,0.021458067830200343,0.02436860021632728,0.027212989843706747,0.030089826401365004,0.034483541847350904,0.03962450510342298,0.044207091455577774,0.050255983275890724,0.05672072629330763,0.06331018699158891,0.0759942279473955,0.0845661112265113,0.10050795792624444,0.11298114262563509,0.1215796880005413,0.1313171672402993,0.1370253557754568,0.14547796122691203,0.15148326804422485,0.15431083179972063,0.1572484718403829,0.1600371897016221,0.16131838292634906,0.16419440189570747,0.1636497061846052,0.16332768556045746,0.16402527886934384,0.16448214221982801,0.16077091488683148,0.16006985478845903,0.15791827537379755,0.15291051582101747,0.14966269003317753,0.1440418387688116,0.13546368163817074,0.13005253163428507,0.1276153707512677,0.11534718221872513,0.10767539889918355,0.09864523346395213,0.0695034175882342,0.05711107078271658,0.03612024989967918
-0.003112608380869656,-0.002894338232626753,-0.002793797603878194,-0.0030039326178741485,-0.0026778935244492876,-0.0015806869028958494,-0.0029715899115077484,-0.0016652432043560855,-7.981625952095399e-05,0.0009251306852774334,0.0011920370331300384,0.0028650779668504146,0.005123568756644503,0.007889710936009273,0.011026688215679377,0.0144733485970084,0.01971763755484574,0.028477243906317038,0.03334868688774003,0.046695065180027445,0.060010415421361304,0.0741957197893261,0.09190242018264316,0.11193617583735888,0.12662965448656027,0.14753870377751957,0.15291180267177729,0.15919486860554918,0.16547679142127966,0.16723931210117884,0.1711743968316308,0.1748091050919778,0.17571024528218496,0.17851190715063492,0.17732070973392666,0.17580842252126622,0.1762614481201493,0.1767253724083482,0.17181023646062119,0.16958790186312916,0.16518846198192172,0.15781199821064165,0.15266206454538414,0.1490487202003006,0.13623427092734938,0.13222334998198243,0.12564657966521842,0.10841827420354055,0.10078366149350937,0.09106457696170629
-0.002009980368984269,2.9230159367592742e+38,0,0,0,0,0,0,0,0,0,0,0,0,0,0,-0.007804084896465573,-0.009882687115830962,-0.00727020436696422,2.4857997659675516e+38,0,0,0,-0.009769958253728263,-0.006867493304863768,0.0506590542815732,0.13546345378912858,0.15932939810210972,0.1730512741638822,0.1763174509072641,0.18023626975308046,0.18499279517593312,0.18661100490122853,0.18928094074140064,0.19138139949531158,0.19199611386944151,0.192478363031655,0.19266893354058076,0.19126512666236203,0.18849065462448553,0.18824140566782602,0.18383721994045074,0.18233524146657734,0.17847843007951136,0.16972927958360956,0.16536584303450408,0.16094567417339745,0.1487956657913296,0.14212830058127318,0.1358585034272798
0,0,0,0,0,0,0,0,0,0,0,0,0,0,0,0,0,0,0,0,0,-2.9670250362012492e+38,-2.9662835154927016e+38,0,0,0,0.18032980635410406,0.18394403719372046,0.18542772294552293,0.18707387288487776,0.19113657947366625,0.19719187046613423,0.2023036996042702,0.20333179953615588,0.20402839936690106,0.20427158716630173,0.20646814504914504,0.20827530592277788,0.20759671240711472,0.20891578194831537,0.20784785485477247,0.20304276886834932,0.20041942412977481,0.19923507081757735,0.18972891933445135,0.18464229939459967,0.18272813455110545,0.1724159223899391,0.16655533223038244,0.16188136419757018
0,0,0,0,0,0,0,0,-0.20773068763414185,0.17516676993736857,0.17766296761105152,0.18623390515601845,0.20117793564654377,0.20301027086955048,0.21012343769181288,0.20904734953548124,0.21203266835100842,0.2111693485950579,0.21361147282335075,0.21208157801309785,0.21178659846841047,0.2085227394053521,0.20738611919124916,0.207903597940488,0.209153080133009,0.21133388821611068,0.21130130610534908,0.2114366050367518,0.21356924569294272,0.2166187371571071,0.21592050084663822,0.21927278699640648,0.22074753752411144,0.2233045539995853,0.22435602702400875,0.22681493464760394,0.22929131030114266,0.22859902074905927,0.2297024634172534,0.2322826399865225,0.23263131187138647,0.23210410508138712,0.2301573952691404,0.22936051262773238,0.22657444811205701,0.22138684668518105,0.2154384333299511,0.20588758403968435,0.19794831362517232,0.18992759037958035
0,0,0.16106478912664918,0.1729850856429456,0.17781157434241154,0.1829681965245781,0.19496000337613276,0.20019037285836588,0.20269377221963333,0.20751199361093248,0.211064465851107,0.21564792063146523,0.21743340035217365,0.21835433423751974,0.22135422978866107,0.22220037750179764,0.2246195712093465,0.22690886956611253,0.2281268601536537,0.22830749912172843,0.23009739016951575,0.23135206331325364,0.23300353729471782,0.2349096231558794,0.2337953952109086,0.2329480590666875,0.23333718761578046,0.22890174033773714,0.22920199806763644,0.2285935893403591,0.22808051178195268,0.23112370934214246,0.23153009795471438,0.23269615604813465,0.23507508364010088,0.2366464132140506,0.24105581852006086,0.2429114830245351,0.24867349215764986,0.24891307323236297,0.24818437965682572,0.24895731659605191,0.2501925403383417,0.2520597328567893,0.2517702925657882,0.2515490608388352,0.250256953611974,0.24286107632695725,0.23608637370664293,0.22619057747786164
0.12770099529283088,0.1356362832850455,0.14326829712015082,0.1529060205468397,0.16041352799345135,0.16609797593201012,0.1742037318621895,0.1776674920696473,0.18302646479916435,0.19053153492726427,0.19387392621599953,0.20029875880824816,0.20959661003234456,0.21538792078178995,0.22163653666730088,0.22475479793829178,0.23055177961621925,0.23428645945144666,0.23470192327599748,0.23652359094125022,0.24202055850593093,0.244380469116762,0.2482073658305768,0.25143088376502815,0.2525504385218267,0.25249356815401297,0.2526642822308055,0.24896815534428313,0.24885522982801037,0.25048870297324194,0.24783909628769712,0.24897623292228166,0.24892815827561285,0.2501547650224475,0.2505520076461242,0.2538890524635925,0.2570902024553404,0.255449316371073,0.2616567050033081,0.26514517262960174,0.27017531495785546,0.2767873700481058,0.2786991228481436,0.2811584345538567,0.281435463135562,0.280703779460474,0.2841216024293015,0.2848705592448202,0.2873379111582424,0.2866148908309492
0.07294368536910742,0.08316507937416036,0.0891980427004661,0.10149121950668775,0.1125396224650606,0.11881656985277461,0.12662476482775797,0.13399206556965554,0.14767506506377875,0.15788795017725143,0.1657895963841816,0.17471755981708262,0.18240451518605844,0.18794195294757193,0.2011183123506993,0.2066831235189653,0.21749546347166604,0.22877605766816922,0.2407612805003183,0.24358400731915392,0.24750840927956516,0.24989538918280285,0.25235594196839706,0.25099510144646514,0.25738032902267305,0.2611103719913245,0.262479918501791,0.26297945154727587,0.2633179266539927,0.26017701093235485,0.2537233127556144,0.25396622472773056,0.25473827400319066,0.25743783627340056,0.26031218753384144,0.2612995525835926,0.26443584633417794,0.26988391542591667,0.27513554814649427,0.2774823390987234,0.2833558698557103,0.2971897288097357,0.30295002922122893,0.3225204017584668,0.33314195983799555,0.33774308239359974,0.34581995995634857,0.3514018355906794,0.3545119194231488,0.3645210411105741
-0.07745724341903083,-0.03327325396649679,0.01683851925299846,0.03427776603004507,0.05854714686587356,0.0708636106939688,0.07882278463306165,0.08713087929005794,0.09759853688218019,0.10531546950974204,0.11373422505187022,0.13217448531257092,0.1440388278561993,0.15187640416958723,0.1617508378410307,0.16849362907880572,0.17903672223682887,0.19067180012967538,0.19429866585971153,0.20154523366146398,0.20989459623869255,0.21372316401005817,0.21939963301033913,0.22548472484008,0.22980284308521418,0.23517661622876607,0.2300038250247379,0.2354827705488386,0.24026704447775132,0.24451447120473369,0.2533493733896451,0.25684442152935094,0.25560927969386454,0.2594718907969027,0.2639793895869852,0.26507845488525883,0.2694132572995928,0.2732803769717247,0.2803715757340622,0.2770966173049873,0.2887000150895562,0.3021612382929387,0.3078987734995434,0.3238271441094563,0.34285804801204617,0.35361809416629825,0.372699826146627,0.3842434809379715,0.3898697533473939,0.4016863348494466
0,0,0,0,0,-0.03030831687755127,-0.0190731794068798,-0.0007036497209147796,0.02348027878008668,0.02465309421646562,0.037292613603088505,0.06684899257934143,0.08245259595372985,0.0971472762994732,0.11143182052189053,0.11358738256048163,0.12341703153296028,0.13408686971511566,0.13872344127598563,0.15042649198962132,0.15756894342562697,0.15621182657411245,0.16313604723908126,0.17083609460206087,0.1846618447479186,0.19301559579318972,0.20331651146690857,0.20794907385954936,0.2153032755401341,0.2190859100466024,0.22938507795912255,0.23706190282605544,0.24041889933118218,0.24820831291030412,0.2559755808395646,0.25931465565288025,0.2667606585506301,0.2685505229265939,0.2774899129763625,0.2778188329347705,0.2892546842121084,0.2988944303847678,0.30504469949885027,0.33976062416647856,0.35055367849692104,0.3621933535978626,0.38686248076960905,0.4077287871685917,0.419769819282343,0.4362938291974651
0,0,0,0,0,0,0,-0.13825167958071957,-0.14069540861593002,-0.15049119095330882,-0.14424248964958228,-0.09552819006597793,-0.07719973952656939,-0.04986050560819286,-0.0004895271844596182,0.01128693259863766,0.020210944796140308,0.03603944514626814,0.04541006544043082,0.05547085394495708,0.06513364432870992,0.07711319552878247,0.08691597279400684,0.10731073089929567,0.12285775233982196,0.13161931375806038,0.13553263494433873,0.14589839759114157,0.1531338239917547,0.16379597361767215,0.17643849576427814,0.1913906203070133,0.20041125644991342,0.21620864134999693,0.23170343084626646,0.24363183496492719,0.24801147399045745,0.2548777106428473,0.26256313412897264,0.2737072605592344,0.27890626877095936,0.2835507242334407,0.2927658526238307,0.3048794777753765,0.31895283585857315,0.3326174255423007,0.35831851654921854,0.3801485933200635,0.39135075148805165,0.4160894350576964
0,0,0,0,0,0,0,0,0,0,0,-0.14908128408745655,-0.14154101342716677,-0.14123797958339757,-0.09225824508056947,-0.08495806021051903,-0.0726214108021165,-0.048478181919762525,-0.03509827183595154,-0.03493808581268385,-0.02199580341043084,-0.01543430757230524,-0.0056041171591853295,0.007098464171636806,0.04201513816094063,0.058153363990362965,0.06052159816173711,0.08039850730402605,0.09154348587783001,0.10137172928518355,0.1165963286561454,0.15063745813277166,0.15499868240292716,0.1764869093510463,0.1836953773112762,0.19971714018124642,0.21735929574287347,0.23112363381871248,0.24227689464364363,0.267538228308419,0.28615716595802415,0.30190812126707883,0.3126268041410073,0.3182888893657225,0.33483629535502824,0.34377275383879635,0.3633538659138382,0.3836078421146846,0.40321077541301575,0.4201841394501135
0,0,0,0,0,0,0,0,0,0,0,0,0,-0.14476709926805684,-0.1416418300363865,-0.20191801632060333,-0.19871395333145786,-0.138775587759111,-0.12111088491447014,-0.1027537277763194,-0.07976127192685081,-0.07457728861274325,-0.07204722436371572,-0.06908275369154422,-0.057065906920460784,-0.04530904182390712,-0.03134459461335405,-0.006219256998656229,-0.0017580252947946677,0.010402535074233903,0.03343832122117449,0.05034857772718792,0.06078849406754336,0.09393018214083924,0.11187422512903461,0.13274626105415643,0.16100359847129125,0.17802263285608697,0.1989440775708735,0.20834970143361012,0.22396937960270397,0.24662426584395722,0.24902664292452484,0.27391486613041516,0.2836249806481893,0.2802600455039286,0.30328220004823514,0.31372857393870773,0.3198437920792765,0.3334808780953247
0,0,0,0,-0.16866529636437708,0,0,0,-0.15338682027082828,0,0,0,0,0,0,0,0,0,0,-0.1975397998455512,-0.17435063009974908,-0.1319560620556749,-0.10939609600505877,-0.09007581122316513,-0.07016968284965501,-0.04957712634873105,-0.058980976409651754,-0.0513413903555568,-0.04835925170876763,-0.045788307261920604,-0.03686412767346885,-0.05059048283471177,-0.05469473155984799,-0.06038905767128014,-0.054286497645819616,-0.043373832224666085,-0.0014014889055072063,0.019765683222609205,0.03823975305610044,0.07831743766256151,0.09527986307376607,0.1125295840545439,0.13782538476378592,0.17312725066786253,0.19790547698081465,0.20819575279162392,0.24859522261501996,0.2748117101837335,0.31841875357161675,0.3600838222142948
0,0,0,0,0,0,0,0,0,0,0,0,0,0,0,2.8994541532327673e+38,-0.12776571622228178,-0.154124763458453,0.04111642770536484,-0.07174293962858659,-0.17641520840697011,-0.22258354738694974,-0.2917974930772648,-0.2613071570544987,-0.1486729554158444,-0.1252935855138517,-0.10436502355009344,-0.08907756088517166,-0.09654961290148345,-0.10671905501698238,-0.08874847258365562,-0.09148678740809474,-0.09267791575496077,-0.10324649241095121,-0.08953057003825263,-0.09816649948494637,-0.08059570026615968,-0.07978797825775048,-0.07134315846266295,-0.008578051938708151,0.030220600497336943,0.0774889377583531,0.12609194458844014,0.1874887449619636,0.21857204376917055,0.24941105996780458,0.29224335255141126,0.3225379564976944,0.3494367880983408,0.3919197094052833
0,0,0,0,0,0,0,0,0,0,0,0,0,0,0,0,0,0,0,0,-0.22394244533960986,-0.2778618031559127,-0.35318838903488287,-0.3415380086501038,-0.3143356181167091,-0.3198344810622381,-0.29450035921636875,-0.20715304473918425,-0.23469104895626514,-0.21285683857593368,-0.1491045247562816,-0.15327064556627912,-0.14509660333916927,-0.1080979647094922,-0.05433747921131365,-0.018627654477332604,0.004958339648642373,0.018847362402655943,0.005015824903451102,-0.012749364770054408,-0.026001297148390973,-0.026742119325276217,-0.02254691410942706,0.006947943097817072,0.012917044652029109,0.026625817283004335,0.09378929897907837,0.15151857279478842,0.2912586604010976,0.33375006295917803
0,0,0,0,0,0,0,0,0,0,-0.28733333191115384,-0.31887825186976865,-0.34043557982962075,-0.3560897079146095,-0.3687568411185836,-0.38144680364969746,-0.4029651277042271,-0.4158776647725812,-0.42524608079837145,-0.4559497125411548,-0.4225333565153064,-0.44352732633118036,-0.5169051421828279,-0.4074753801807898,-0.23169437639556617,-0.30399752652072404,-0.34191420840666703,-0.37520853366006174,-0.36002817899883544,-0.3164048979225797,-0.30954427806212653,-0.275799959484905,-0.198637021919487,-0.20373978243566113,-0.17212097573399623,-0.1674966877879706,-0.07963787789088678,-0.038390719932310385,-0.027583841768491907,0.013265467222271168,0.04842567823071774,0.0689470465304512,0.07560656525516868,0.07956231803596078,0.06981701843286182,0.036770059855007343,0.0692244293671955,0.11819823399754285,0.1489544298412598,0.13306601325478654
