jsons/1312592400.json
{"header": {"parameterUnit": "m", "parameterNumber": 2, "dx": 0.1, "dy": 0.5, "parameterNumberName": "Eastward wave", "la1": 40.97354507446295, "la2": 16.46031188964855, "parameterCategory": 2, "lo2": 133.9931640625001, "nx": 191, "ny": 50, "refTime": "2011-08-05 8:00:00", "lo1": 114.97908020019554}, "data":
[rows 22 to 43 of 50, columns 50 to 99 of 191]
0,0,0,0,0,0,0,0,0,0,0,0,0,0,0,0,0,0,-0.7446681587862587,-0.4221236366298335,-0.5729807294163275,-0.24062372219630704,-0.20978418639718574,-0.7343799438934786,-0.41464511281429495,-0.4248717418528971,-0.3144077201530496,-0.056553732490505104,-0.0807518251768793,-0.05765732684009865,0.1335971646225892,0.25866383341674426,0.33284681917532066,0.3797699057796571,0.37481059242134307,0.4428510164219659,0.5004704881471633,0.6307534179425752,0.7261106853067044,0.9183799984230364,0.9216429048204428,1.0230545949949885,1.0677819766802936,1.16025791318644,1.2578996069239903,1.3093881347532805,1.4717892363368108,1.575884695069235,1.6196401853213869,1.7314784664330505
0,0,0,0,0,0,0,0,0,0,0,0,0,0,0,-0.4104605541864145,0,0,0,0,-0.45710607723899654,-0.5617299364476322,-0.5835468376018642,-0.540657594832939,-0.5460019131763584,-0.5263802856582142,-0.510646273268081,-0.46094744298072643,-0.45814802562011464,-0.44964492519697385,-0.39415139862661613,-0.35000873619928924,-0.33107820712922886,-0.26895921365301795,-0.14584381158724927,0.022008010524516196,0.19909914316886376,0.2510149977766327,0.3379617884450619,0.39990789059358206,0.4360247808418578,0.5602077610002226,0.5394959637121899,0.7123522715209211,0.7922166333348046,0.873749057747855,1.0476296781091257,1.146027979634462,1.186731638516333,1.3638638475103513
0,0,0,0,0,0,0,0,0,0,0,0,0,0,0,0,0,0,-0.5774932721982435,-0.676620035322411,-0.5212243111554684,-0.5838266110623226,-0.7094953501012374,-0.7288546090390075,-0.7860528710178328,-0.8615999013015577,-0.868981168417815,-0.8735486377284235,-0.9000304808566493,-0.8617831260310641,-0.8311376807547627,-0.850900489528577,-0.8476029029333815,-0.8119968417006906,-0.7846317389212779,-0.7455572897159956,-0.7452827093323513,-0.7613396341286621,-0.8198642018581104,-0.8870922845036365,-0.8825051102485261,-0.8828982658963398,-0.6830031496509487,-0.4718322229950428,-0.3817008285583959,-0.2610158279228823,-0.06537498724133863,0.06361059221193363,0.17396018635624155,0.4582759116548473
0,0,0,0,0,0,0,0,0,0,0,0,0,0,0,3.3038944722661223e+38,-0.8547068374576707,-0.3964668712466309,-0.5989485882422101,-0.9070348500131792,-1.0989621956634208,-1.190930093584773,-1.3409730021962258,-1.422306357166467,-1.511389107695661,-1.5095960920732396,-1.5803402558223696,-1.555760241790724,-1.6302884667683009,-1.6800146395108253,-1.7923878191616984,-1.8870706533033823,-1.9526624825219843,-1.8813383974116662,-1.961861153545166,-1.987677776008888,-1.9892082403680416,-1.9726849809915585,-2.028911282851499,-2.0286699845763665,-1.9643428084125731,-2.0366059739564975,-1.9613727727453591,-1.8833445100582153,-1.889488840037863,-1.8066615577486402,-1.7188858003341823,-1.6904254989484937,-1.532104736903277,-1.1822712323293143
0,0,0,0,0,0,0,0,-0.3533573419585184,-0.38558306599927694,-0.4942513528622907,-0.8184345381741455,-1.0350346982977041,-0.9848209949344973,-0.8421111655855159,-0.9157629689391392,-1.0795434761603655,-1.2743313289518758,-1.3888849718868579,-1.559525926464678,-1.6185089332143028,-1.701094981235073,-1.856855077975605,-1.9387764549293567,-2.0519642062862933,-2.198043835933678,-2.3174873754703325,-2.4269516302256267,-2.600426485506998,-2.6992022726294675,-2.81651250465775,-3.026577680061134,-3.086946562938377,-3.1545940824089005,-3.210234333850706,-3.441301329780631,-3.455660128407813,-3.492227426748218,-3.7453509177020017,-3.5724024120298603,-3.559610926827583,-3.7412951338436673,-3.7175940445141125,-3.603615526756106,-3.7537018609557595,-3.6635616022331776,-3.560375381846575,-3.5781631789291617,-3.505856309246065,-3.289772359473804
0,0,0,0,0,0,0,-0.44466242901213165,-0.8077146691440277,-1.1011786265794266,-1.2074609678311305,-1.3269187043673512,-1.5024050153843618,-1.6096991153061546,-1.73749714656182,-1.808618354117785,-1.9986618110054826,-2.034107294498822,-2.117068350185027,-2.2657253903519767,-2.4240639095904783,-2.5551850789028174,-2.727095977442964,-2.8356521209088226,-2.9931101448643447,-3.2215742603972886,-3.369302244671697,-3.5203726775487945,-3.7471329488315623,-3.839180196481259,-4.0253033373990865,-4.222312441509501,-4.353488942153406,-4.494940643889381,-4.652232952387384,-4.843769889169208,-4.964801519206324,-5.098096096812625,-5.29118556941439,-5.461066353047239,-5.515108829912121,-5.793332096411867,-5.884730194605966,-5.987168714658937,-6.359710546718509,-6.3685914344833,-6.29505544073538,-6.5942509035295656,-6.666044328688959,-6.408624864700105
0,0,-0.772921857013968,-0.6338262774080388,-0.7890414028703421,-0.8692233623118475,-1.1102941193757363,-1.2254798928462993,-1.3884308033101556,-1.5206513975238916,-1.6396962145008267,-1.766537482108462,-1.9295377174075603,-2.0338805183372943,-2.1499620538078905,-2.264768620610143,-2.4357233549867194,-2.560936164837306,-2.6868726056512617,-2.873535336259312,-3.0511407563352906,-3.1768202448121468,-3.352541945463298,-3.45490618329582,-3.6016544182110177,-3.8643404080937476,-3.940868760848597,-4.199498474881852,-4.480286656044327,-4.6298920623226465,-4.814690211762596,-5.063441509424944,-5.170237516988431,-5.375137055957776,-5.539542985631325,-5.848855699519212,-5.98087135589497,-6.113845819203004,-6.40283860223082,-6.642767606778896,-6.7186724091403205,-7.156808144367681,-7.316575376331672,-7.510206426191889,-7.832854110657426,-7.990875885213958,-8.218142256050017,-8.553051546804637,-8.729813480892643,-8.641784431069434
-0.7226122570705178,-0.7870434173552681,-0.9301457503430282,-1.122540556208168,-1.2764364347863069,-1.3725961102500792,-1.501183810942351,-1.6100886126858138,-1.695659663677717,-1.8390347211690732,-1.9323832746749239,-2.0754210404708404,-2.178187016514383,-2.289971772366603,-2.4448419250415494,-2.5846921450019997,-2.757627828996366,-2.9357629822187303,-3.0459409435771563,-3.257550805480211,-3.4446452696718493,-3.5705370749264262,-3.801487245730217,-3.9264254436905923,-4.116281064755141,-4.333774343255884,-4.474281301153157,-4.657503603798998,-4.9463613744653685,-5.0806543217423545,-5.276322995033214,-5.5704375727014925,-5.709380900600717,-5.919531761879865,-6.094410113014524,-6.3693102664260834,-6.599929247790009,-6.730459242211711,-7.007348332255336,-7.244416853163586,-7.39085887622678,-7.840722772254438,-7.984332562483241,-8.226392336871454,-8.596468168471086,-8.79503975265678,-9.079195954627984,-9.318388151226486,-9.40909007830107,-9.487212066071523
-1.1334243177679202,-1.19961145645673,-1.271781260239253,-1.4116747318929679,-1.5067439575579256,-1.5922649853120923,-1.7143090585440195,-1.7856449842916435,-1.9129727919253032,-2.0314878361672877,-2.143963303977426,-2.2648146923703396,-2.4327178607517825,-2.546648474654852,-2.7151419269563655,-2.818009946296223,-2.9946802063068265,-3.120555635026263,-3.2482698471406577,-3.4472982949571853,-3.6491439760171143,-3.763496734667299,-3.975704326528628,-4.101666172966737,-4.26174360170697,-4.5014834462199556,-4.626592790270089,-4.791806493340445,-5.053249715791408,-5.166533158382147,-5.336389861470123,-5.586003431229576,-5.700489062692961,-5.886469605190634,-6.009858608293019,-6.28796899459291,-6.4637973728697835,-6.543766762685192,-6.881791995925167,-7.088642022664762,-7.177112650413785,-7.533775636507865,-7.746068777107965,-7.933116615300839,-8.272029713928102,-8.41280465623808,-8.548329526930411,-8.676189453636688,-8.666115020708334,-8.546420879287783
-1.2953573896957011,-1.3839223689743687,-1.47869111991327,-1.6084090915133522,-1.7108482944473353,-1.7784956238279306,-1.88607608758556,-1.972225596539062,-2.074599276449359,-2.2495142443418237,-2.3429445499638564,-2.4779383042931697,-2.6330327693178357,-2.733773258451674,-2.8025264080032484,-2.943066444547331,-3.0832616849088192,-3.213537251672019,-3.3069978192603813,-3.5309006737143807,-3.6637757171323524,-3.7849498200310436,-3.971197720320009,-4.125520076462917,-4.273096354750902,-4.484052264280114,-4.611132457303639,-4.748799068735552,-4.931878449318334,-5.02253355062334,-5.152831833099949,-5.3268068549313075,-5.470651997111249,-5.576173628681062,-5.7171270945396655,-5.988967026234763,-6.165353516450522,-6.285208643633677,-6.645689102691415,-6.712797986851549,-6.858891517311823,-7.113607233079496,-7.224317577687399,-7.266227161505562,-7.498825645252485,-7.587766306769042,-7.59041691460456,-7.692700412754066,-7.680396641671462,-7.436673747461216
-1.5626727119867914,-1.6389540490323948,-1.683601256661785,-1.776738838536094,-1.8590439627794024,-1.9348556899808755,-1.996065278956271,-2.076154823570873,-2.060675691038127,-1.9602717574185444,-1.8372680964748858,0,0,0,0,0,0,0,0,0,-2.80602497722856,-3.2449509910491456,-3.627550560830172,-3.8097263865511453,-3.9709239231120743,-4.167568380409712,-4.3125082291821695,-4.405693589571168,-4.60054396921695,-4.658190357995526,-4.719952800898915,-4.9113532685350165,-5.019271329526104,-5.08035527419664,-5.2417227895733,-5.478456762658683,-5.604460380593996,-5.703897911530781,-5.9320245484443594,-6.065559612050713,-6.161921140561265,-6.394359740184615,-6.469628170581781,-6.4859769865718375,-6.692076483270984,-6.69411689105862,-6.6681209760401945,-6.755573841023175,-6.695603080749167,-6.5375591665927555
-1.3596004735334717,-1.361154017479791,-1.3471176988507578,-1.3221122052782133,-1.2701203002139207,-1.2071215107240842,-1.0542712452204146,0,0,0,0,0,0,0,0,0,0,0,0,-2.2451652988824513,-2.706148371711356,-2.998628894833016,-3.32640448499377,-3.4259100582864974,-3.6010483401729427,-3.7763686662783194,-3.879629531475729,-3.978581714406266,-4.123099563507883,-4.197586349966058,-4.28244721730264,-4.483394614739847,-4.566193018115355,-4.61603235158591,-4.7512599750726725,-4.907971753264349,-5.000993911178047,-4.956952245476926,-4.880522911248086,-5.154277190856787,-5.125578989750345,-4.567930806600679,-4.285570107952845,-2.843379781048194,-5.306061324858682,-5.605525680312329,-5.474770494356813,-5.610231885530397,-5.540112681004391,-5.368029875571542
-0.9404507948773424,-0.8626692081412475,-0.8283371393712223,-0.7715606573279584,0,0,0,0,0,0,0,0,0,0,0,0,0,-1.9456570340955406,-2.290210119618635,-2.6460514616145097,-2.8491219707702644,-2.991932993266459,-3.2008436272814325,-3.287622533216753,-3.3783505811715133,-3.507020636100398,-3.5391144932184475,-3.6022266986031948,-3.655787550558903,-3.6974769339293214,-3.6666767526081427,-3.6540040653984804,-3.606617682768192,-3.4934667259099563,-3.3529117427711035,-3.275857460384361,-3.148195669783501,-3.128059627208649,-3.1845669278910287,-3.5320781424323355,-3.7271751016773846,-4.157848672423698,-4.254876337204658,-4.3483698630730485,-4.5334062659116885,-4.629700055442496,-4.652717021142139,-4.841894472806531,-4.8328689048156885,-4.658307669242601
-0.594932601293751,-0.487009222015684,0,0,0,0,0,0,0,0,0,0,0,0,0,0,-1.9042803984224577,-2.1644926269661684,-2.373996100666579,-2.5390914850774227,-2.6491306787892848,-2.7126517895917033,-2.801329135301368,-2.844712198447598,-2.8756933176709683,-2.939253661633091,-2.9579998909376424,-2.9430521875131443,-2.983495017089097,-2.9753441706848096,-2.9388619735933514,-3.000844442714149,-3.0348612032586813,-3.09573211728137,-3.1296178548783247,-3.303384394981085,-3.3536339708854053,-3.4857015051958484,-3.678836321760438,-3.7473267916621347,-3.8611736700505066,-4.046192828851965,-4.099228726954952,-4.153417648354245,-4.26980709808224,-4.299798642751523,-4.222597813849024,-4.284389783550147,-4.2363501371522965,-4.125574315656056
-0.4500301026834165,-0.21521171889861643,0,0,0,0,0,0,0,0,0,0,0,0,-1.5764820592360187,-1.7954489234998001,-2.02872437011778,-2.1641402502375704,-2.255429917283794,-2.351803084324104,-2.4094305292911034,-2.4474026762272567,-2.528084795150899,-2.5812237126443596,-2.6065221558124274,-2.690442454838859,-2.72790438800171,-2.77229178420282,-2.856341354049929,-2.9036075435849233,-2.940011104079842,-3.073355493202362,-3.122547188820942,-3.2073064199156995,-3.25868224111411,-3.4027318462840643,-3.4738980969546174,-3.553526457715272,-3.7127111005207163,-3.7639319097760238,-3.8244145470362927,-3.9469219675449567,-3.9907281966066885,-3.9923931966903647,-4.048506972241448,-4.029975973467642,-3.9857171152977786,-4.000857890287689,-3.9901986437843218,-3.904819166430132
-0.3953822126546561,-0.36779217672839953,-0.3441922112402193,-0.2943810867120915,-0.47813822193470495,0,0,0,0,0,-1.1784546626270749,-1.3121719951678021,-1.5659275509062558,-1.690516699063519,-1.816692914960034,-1.892059860951149,-1.9988194899855731,-2.0863626863718263,-2.1420001213636928,-2.2299386406306394,-2.2898917375915224,-2.3369105525576312,-2.428128090990491,-2.466844193129807,-2.5209828192815755,-2.6154183904060333,-2.659472158697263,-2.716368978074679,-2.830565400365039,-2.877411312195943,-2.9465936533531796,-3.0534960657212182,-3.114860181902742,-3.170304791529862,-3.24689975915511,-3.3642541818770515,-3.411605533562069,-3.4526304990124084,-3.5463026492651526,-3.6011605880649453,-3.64072458655588,-3.708391564260208,-3.725183283113835,-3.732606196580542,-3.7661260860938324,-3.771801224957797,-3.7367930419845328,-3.7672023528896355,-3.7717103209458296,-3.745674434336012
-0.3647828648852991,-0.35902596913529095,-0.35655217845627746,-0.3860419768637382,-0.3505649143009556,-0.36774801232286636,-0.3190729452281555,-0.431877417801992,0,-1.2076191307848216,-1.3086394338184704,-1.4967523398806504,-1.641165328668347,-1.7086327588448014,-1.7926889243921318,-1.856385923618666,-1.9586419897532357,-2.0162457577663946,-2.047452066956267,-2.1301930910843656,-2.20488545391049,-2.2507936676883507,-2.3575965218510513,-2.4189781750359325,-2.449095392714074,-2.5446239524095753,-2.6078353879061194,-2.653910472374484,-2.7652987666693276,-2.808581798554743,-2.8834077127001185,-2.988842325034125,-3.0207675877314313,-3.0781101120420082,-3.1536012359736696,-3.2314165387054326,-3.2734048321929055,-3.2919205690598585,-3.362537321302304,-3.389890458585068,-3.4317367240403893,-3.47694305806211,-3.5025861567728405,-3.4830132444305413,-3.5535520497250386,-3.565286118870263,-3.556761927002986,-3.5942311147157704,-3.5902316832008854,-3.5519593203237365
-0.9848336381178476,-0.9918681788751861,-0.9899725600493829,-1.1022198474977083,-1.1386679235582011,-1.245034521577479,-1.3338439847375698,-1.3883806264437448,-1.4330658675321455,-1.5025564660546384,-1.5359318928284948,-1.5903961490322522,-1.6810102527718944,-1.7241977860063182,-1.784433060840193,-1.840019861066272,-1.9322043962248987,-1.9904737421538723,-2.0420445765410906,-2.124589116828469,-2.200348874270194,-2.227998046370422,-2.3182154807429387,-2.377839888353906,-2.430641422558295,-2.5246258396139223,-2.550388323144476,-2.5970643228641688,-2.7052248855604755,-2.7392982287082632,-2.8214108953788077,-2.899425189277124,-2.9512407910665353,-2.9828869827769298,-3.018556153408031,-3.0917021097885953,-3.1271539050601085,-3.1641317277362058,-3.216628138917333,-3.2343915228433895,-3.247977863526249,-3.315244681801133,-3.337949771316668,-3.361632085801657,-3.3958122892770914,-3.407518196728826,-3.4045744855023594,-3.45951327104362,-3.4501638056362864,-3.4208063146164873
-1.1111375106579622,-1.1413184498354678,-1.1643389562988056,-1.2450422558655259,-1.2859912657818073,-1.3144661230632892,-1.4044982077021688,-1.4110421069132122,-1.455438823181196,-1.5367085196861159,-1.5909180028046181,-1.6408228623219527,-1.7256489796579833,-1.766570784582709,-1.824621500686023,-1.8666953603144862,-1.9280114886448685,-1.9888216920392687,-2.016014552518121,-2.1256100710930204,-2.1598708208575137,-2.1998518621568657,-2.267441019598196,-2.3157249621161853,-2.3754089303986055,-2.4503501061694433,-2.490692328291125,-2.545177388092263,-2.614400351818354,-2.655686257261026,-2.705839935708361,-2.7634970994615076,-2.799733497781641,-2.8480222395458097,-2.8782205662326814,-2.9374449285022277,-2.9505465940469318,-2.989774889401634,-3.04234620107751,-3.075015623125428,-3.105946353210996,-3.14074947139973,-3.177942389945287,-3.1956228462183662,-3.2221719487989238,-3.2218115785898633,-3.2243478518806343,-3.2549473273782614,-3.2562057838415264,-3.248867287356871
-1.185416274954442,-1.2297000997442873,-1.2342284636784395,-1.3110206711525978,-1.3353826085260216,-1.3750408661284164,-1.4378115886410054,-1.4907764125339942,-1.532104770493227,-1.6042939449392752,-1.620264615221297,-1.6840796579306696,-1.7500625827536906,-1.783666431814242,-1.8258532082728542,-1.8577838900539847,-1.9334911823619376,-1.9886761450552901,-2.0286305133650764,-2.103685818821989,-2.1546352451405597,-2.1860539646872925,-2.259072225501781,-2.2750110892220983,-2.34174541974564,-2.402815353855095,-2.4422009201780726,-2.5014009419124084,-2.54637805161985,-2.5857844783217554,-2.607027650180981,-2.670424594701802,-2.70513361044057,-2.7505170863021453,-2.7844195003234167,-2.823611061854419,-2.8411412827823295,-2.874965321512376,-2.9250908248320044,-2.961226883756353,-2.991487524108942,-3.0075102813216756,-3.0274713830659734,-3.04159706878608,-3.0627755282374975,-3.08022005302603,-3.072547064897994,-3.092452107377214,-3.10375895292392,-3.1190326603044354
-1.221692321829888,-1.2691819204775103,-1.2996864577551626,-1.3605854088740077,-1.3845378928308898,-1.4196671550415343,-1.4664836927517853,-1.5006125916200608,-1.5546117272864628,-1.5915221148793177,-1.6425144558795222,-1.706862871837211,-1.7440617682066775,-1.7924196799771048,-1.848981875047816,-1.8627526739728923,-1.9306704833438675,-1.97770116985686,-2.0028355250514225,-2.07347043694039,-2.125066147707712,-2.156795606043239,-2.236974015305827,-2.253183095584134,-2.290887814424563,-2.339501853505305,-2.3631850008082873,-2.405302458559563,-2.4485157523812435,-2.4748003423398135,-2.510921517510215,-2.555176896904682,-2.5880858822336417,-2.6159664178223783,-2.650940497634113,-2.685702569940868,-2.7210067231848156,-2.750027957301258,-2.807316276953332,-2.8209463430246804,-2.8383639802011245,-2.8791039027706056,-2.899150011829426,-2.9087299427107194,-2.924279899675158,-2.940890059611808,-2.9581017543698342,-2.9676377522340123,-2.978864501394784,-2.9923672030945196
-1.2599917377799423,-1.2842967057482841,-1.302223215598553,-1.3634173469985942,-1.396903853564615,-1.4229254911672449,-1.4875052468329122,-1.5050132490795536,-1.5509061905963846,-1.6165408927270448,-1.6314928008539993,-1.6819932209231114,-1.7724995586380696,-1.7831139010842667,-1.8207190040144299,-1.8746095112507317,-1.9324857466702183,-1.96386594543229,-1.9990065168187985,-2.043046642793187,-2.083268803259895,-2.1010290020780853,-2.136455656689649,-2.179456253282691,-2.2213710631517523,-2.2568378753982756,-2.2882820764220013,-2.3350565493818287,-2.351838941865676,-2.3792804871232556,-2.4302951726704216,-2.4721932587719806,-2.5039301018320836,-2.536562301433103,-2.5515758507886024,-2.5897805211629072,-2.6152460615153106,-2.621788717118479,-2.6699332037555337,-2.699235702614204,-2.7129381582216507,-2.748404187844775,-2.7529107472157017,-2.7754032952513743,-2.819440750344697,-2.822883941828455,-2.8292717999968393,-2.848833845664512,-2.85889943850378,-2.8738096570565106
