jsons/1312714800.json
{"header": {"parameterUnit": "m", "parameterNumber": 3, "dx": 0.1, "dy": 0.5, "parameterNumberName": "Northward wave", "la1": 40.97354507446295, "la2": 16.46031188964855, "parameterCategory": 2, "lo2": 133.9931640625001, "nx": 191, "ny": 50, "refTime": "2011-08-05 8:00:00", "lo1": 114.97908020019554}, "data":
[rows 0 to 21 of 50, columns 50 to 99 of 191]
0,0,0,0,0,0,0,0,0,0,0,0,0,0,0,0,0,0,0,0,0,0,0,0,0,0,0,0,0,0,0,0,0,0,0,0,0,0,0,0,0,0,0,0,0,0,0,0,0,0
0,0,0,0,0,0,0,-0.10425587346507653,-0.10532244736832248,-0.1106203774732683,-0.10835792960011846,-0.10871382561435701,-0.11113140451966086,-0.11125804608478591,-0.11305607802303368,-0.1131998292103443,-0.11280205568714957,-0.11361953543548717,-0.11065196275545292,-0.10486876014607777,-0.09358803574203427,-0.06213134336635826,0.008681993563844139,0,0,0,0,0,0,0,0,0,0,0,0,0,0,0,0,0,0,0,0,0,0,0,0,0,0,0
-0.17014404972645472,-0.1548588552277314,-0.16610198654706873,-0.15239598325094064,-0.14766668124541446,-0.1472925390036481,-0.1380906972516094,-0.14187619598710982,-0.14418851936334967,-0.14084614785981933,-0.1424787759462695,-0.1427930256211247,-0.14024247332703393,-0.13459841010983886,-0.12844717634255276,-0.12738814667639428,-0.0911828700038544,-0.05120720798586815,0.0008376614676933069,0,0,0,0,0,0,0,0,0,0,0,0,0,0,0,0,0,0,0,0,0,0,0,0,0,0,0,0,0,0,0
-0.26039986867299547,-0.2624656152159555,-0.26679859350243834,-0.2579387477540782,-0.24634112774786251,-0.24212932475921617,-0.2246219197703765,-0.21276208622396198,-0.20626547508667326,-0.19162064274862944,-0.18024087751270926,-0.1663961924852082,-0.1419367787962074,-0.11519767039576766,-0.1353415416722651,-0.11342564712347068,-0.08065764916977873,0,0,0,0,0,0,0,0,1.977430792036592e+38,-0.38665109440033074,-0.41150720189661133,-0.4236965237105586,-0.434901115338433,-0.44077430176921234,-0.4316458284021845,-0.42685210941067747,-0.40917569632840817,-0.3963207133867906,-0.40085159023902606,-0.3835946013573777,-0.39419394582518347,-0.3788151963393128,-0.39185666875228836,-0.39062258813666473,-0.3790675215852573,-0.37879224250338717,-0.4070267317844532,-0.38944195244425156,-0.3822366757290553,-0.39946849894013325,-0.37639230851721844,-0.36470707291432136,-0.35549172313728095
-0.32006047166467405,-0.33834573325117545,-0.3495114976497623,-0.38084914175492235,-0.3983338895406606,-0.40856160067083924,-0.4327256447579718,-0.4451048920395833,-0.44076182139892806,-0.3748084304149551,-0.3403973035584273,-0.20603536279926743,-0.20855036033137822,-0.15433975678982062,-0.20374957293862123,-0.23667938930624055,-0.4129675593764736,-0.4209011939476397,-0.41677164196590283,0.17174548317166666,-0.6079389057665961,-0.639741310499362,-0.6738920076587238,-0.6893321646966788,-0.6665873063833966,-0.6847984319136329,-0.6796490517565182,-0.6829599614976205,-0.6755227981146952,-0.6843205766845545,-0.6674513904586422,-0.6575945604250301,-0.6386095209748973,-0.6126250358813956,-0.6114282910918127,-0.5971175440053396,-0.59247898787857,-0.5780917470682299,-0.575897044776773,-0.5702731530405575,-0.5829804636433766,-0.5566492332990054,-0.5631403572925002,-0.5821012298623813,-0.5814954457419832,-0.5897044571717927,-0.6308771826522224,-0.574486546803397,-0.5561117899904587,-0.5209503801201608
-0.3398722942601902,-0.356617503073714,-0.37341778241950185,-0.39745219071608,-0.4249909979281303,-0.4450642869921828,-0.4823760699535938,-0.5112269748730783,-0.5339427370389715,-0.5716421979454541,-0.5982707978525972,-0.6294310118623019,-0.6701124656745087,-0.6981291723679656,-0.7177895446016271,-0.7509195296725675,-0.796352249468667,-0.8279476938625037,-0.8270081276532751,-0.8757677827265331,-0.8793841052411396,-0.9009606611422342,-0.9359902059978287,-0.9327931248721468,-0.9125896511339272,-0.9279388505938332,-0.9278436802155354,-0.9073319662848762,-0.9171865826837207,-0.923618700966255,-0.8783125330971925,-0.8765360979075626,-0.8660422213012624,-0.8554885481819257,-0.8521354481703296,-0.8297654464044294,-0.8003865810759438,-0.7736209116606407,-0.7694815783673175,-0.7550816885583101,-0.7410080692831641,-0.7230796119390963,-0.706791744790146,-0.7162796280168053,-0.6799376836367801,-0.6706876130078309,-0.7251888515359861,-0.6201109284751034,-0.5485234142126822,-0.42698630767526113
-0.2862348680513059,-0.30662261070224184,-0.31295296243876647,-0.3343823981353944,-0.3502645528877727,-0.3689028366728697,-0.38274656279881614,-0.40604879066649063,-0.43186039687477906,-0.46756570878333303,-0.4988952071433373,-0.5323266682021937,-0.5918488663941535,-0.6270998963258294,-0.6709149641746865,-0.7159268773232834,-0.798871294485906,-0.844207198797202,-0.8936286249636286,-0.9822222031434709,-1.013450175517497,-1.0688689135488432,-1.142762842555623,-1.1846921830600077,-1.1457128762513074,-1.2286172130546593,-1.2300349492195735,-1.183239182293551,-1.2073458461852944,-1.2050558207965336,-1.1365708521608755,-1.1607638470920636,-1.137000787473526,-1.1095536656271228,-1.0839231006415522,-1.0693624098221586,-1.0506251861344575,-1.0352133515096822,-0.9989101467545178,-0.9716806423204094,-0.9701282435803296,-0.9369516764922162,-0.9121616022339676,-0.8658599858937923,-0.8167022676771271,-0.765274285070268,-0.7183692391483713,-0.6359084443451242,-0.6362413579352151,-0.44713714636751933
-0.10512350408347161,5.542544685113872e+37,0,0,0,0,0,0,0,0,0,0,0,0,0,0,-0.49371870254614425,-0.41132324328363457,-0.43194352449763856,1.2377059844111082e+38,0,0,0,-0.7294052738447674,-0.9669565754811718,-1.3554877547825581,-1.5711301986788602,-1.5342187511971688,-1.582844708558832,-1.5671439841728776,-1.503593353945995,-1.5405616462685785,-1.521923005755482,-1.4465189893793073,-1.4231389696964236,-1.4317258226853173,-1.3902993030008184,-1.372259064343578,-1.3638614142736099,-1.3061346997387153,-1.2909076033709004,-1.2779012463860635,-1.2637025657307233,-1.1874520460874238,-1.1618898099843136,-1.134917077331613,-1.0809158437520123,-1.0424270860602542,-1.030022294863157,-1.0093579898285445
0,0,0,0,0,0,0,0,0,0,0,0,0,0,0,0,0,0,0,0,0,2.8724725041127106e+38,2.4606342714881085e+38,0,0,0,-1.8804106088640968,-1.9459175731642187,-2.000506444528361,-2.0510459468172315,-1.9790093679740652,-2.032408913674777,-2.0160550825676844,-1.9339660608664584,-1.938825561064866,-1.8903483615922174,-1.8079627931038158,-1.8389323165411207,-1.8224465887516834,-1.7930059339328892,-1.7571217070578948,-1.7276209724131006,-1.6812531742148347,-1.6218705244808616,-1.5680071627382057,-1.521767238175329,-1.4695568028693697,-1.4122023283424356,-1.3724213682803224,-1.3358530674892828
0,0,0,0,0,0,0,0,0.19569148706483683,-1.2226203034709116,-1.3128483409250473,-1.3983359230442152,-1.6708417132630888,-1.7011535194952265,-1.8024978940948195,-1.813803364591769,-1.9453915172576586,-1.958898000560916,-2.035483132423047,-2.106688307488923,-2.12636409454642,-2.143400815146493,-2.2328629783417435,-2.278613395111031,-2.323783985470617,-2.441402119209707,-2.4616397845851536,-2.490930256049684,-2.588741737039734,-2.632829455047873,-2.584716876150029,-2.641776590334405,-2.6537937448395277,-2.605988965301865,-2.567928363556614,-2.601063048315998,-2.5889653916628057,-2.5291827587214906,-2.526972216408402,-2.4495444482970727,-2.389343507723197,-2.3546980979760126,-2.283491039474566,-2.2134627721337843,-2.1730567776780543,-2.0872441640260178,-1.9723692924195317,-1.9359243744066943,-1.8758257537819316,-1.7966743355142414
0,0,-0.9923007232340871,-1.0670363837414456,-1.1225216636920985,-1.1688358126582883,-1.4543811614297826,-1.5590617401020537,-1.6055127559597218,-1.7378734762222365,-1.8279282070960083,-1.906410999612568,-2.040926211535742,-2.105449285072497,-2.2201861060084713,-2.271963546140247,-2.418460765776236,-2.4992516516397214,-2.5420768811957615,-2.651215761304739,-2.722816784932465,-2.7742033971864006,-2.906251063058231,-2.972862095475444,-2.984491991662982,-3.0964648849195737,-3.151444523760692,-3.145298730916673,-3.241937514251106,-3.2819953976144216,-3.2894281017381894,-3.3859686106111253,-3.4198323510931834,-3.3800589497970335,-3.397769260552365,-3.429153327532448,-3.3918156236252615,-3.355816128937173,-3.419336632566984,-3.322617623546233,-3.257629647332749,-3.230889017217787,-3.1328906024129175,-3.022207382538028,-2.9077242232773277,-2.8597968083657683,-2.6576193573353066,-2.525556535403338,-2.4318859897801697,-2.2417347594299812
-0.8396857768563397,-0.8608679843470165,-0.9058117633943769,-1.0031913497619034,-1.0687493822969392,-1.140353954487278,-1.2513570772883835,-1.3153987138931664,-1.3966483203497688,-1.5350355855886715,-1.6270133409921086,-1.756927621119506,-1.9260526219840326,-2.043989793439438,-2.2132963453004693,-2.3270731690477997,-2.5133196874641914,-2.6900474294226644,-2.820226350539557,-3.021228896017482,-3.1189332549397197,-3.228977036857954,-3.4123244051146635,-3.4950962860599697,-3.5793749706580895,-3.7606576487322463,-3.8139702094975387,-3.9086125102771407,-4.0465104426608915,-4.093055955406415,-4.113185404668056,-4.261626557166674,-4.278259602179782,-4.311145970044092,-4.305366493333951,-4.4496028409837916,-4.400163409220287,-4.339450600404801,-4.411597103122093,-4.214959885069087,-4.245597291963117,-4.201675249390399,-4.079802042859918,-3.852424847860415,-3.8105905772097475,-3.6466674038823887,-3.40428042970178,-3.2046682959934674,-3.109606312448869,-2.801504270350789
-0.5458057008292124,-0.5677973295033832,-0.5994314256841852,-0.6949180281014579,-0.7763336525418627,-0.850452102665523,-0.9223535007725113,-1.0042363657929452,-1.1135373673520936,-1.2160498207616508,-1.2942110111928835,-1.3538079554627738,-1.4775500609181793,-1.5823730160872949,-1.789622990202804,-1.9639364389547815,-2.227726905302175,-2.530913525455915,-2.780570750753412,-3.073086961693207,-3.2487251142759175,-3.3904629366535577,-3.634533397859552,-3.7820633163367385,-3.9462878199738927,-4.194764534381692,-4.271006596043054,-4.404232507564582,-4.594880914046221,-4.718364374148802,-4.78193043542855,-4.958739091229981,-5.013875694155155,-5.055088165946435,-5.080075495938149,-5.309218435888064,-5.309061541587787,-5.248053239617272,-5.474991859818356,-5.231205127997474,-5.246259146665365,-5.392735077197264,-5.354155434453099,-5.160235487704875,-5.092632001276367,-4.924129624278398,-4.552189986188372,-4.261200582461839,-4.040088297559447,-3.6657780825675212
-0.1904349020639201,-0.21573552226020884,-0.20743351621959175,-0.24326835820141418,-0.2636358983915306,-0.2894282495678461,-0.3345059183146236,-0.36280338681584584,-0.4402432184067792,-0.5175030891230626,-0.5773775250035316,-0.7010394221319901,-0.8175549898798022,-0.8941883295456415,-1.0785271590501249,-1.1978271414826682,-1.4164352985012587,-1.719856069712391,-1.9455069861380792,-2.2200883951015844,-2.519332267872951,-2.8167401618177452,-3.127366309888275,-3.374905313642165,-3.73286128129436,-4.039457272163546,-4.255911383347724,-4.5157517698786585,-4.857020863640517,-5.054042557960229,-5.277936357395162,-5.576123450983552,-5.66228993926004,-5.801980358427949,-5.832621227528893,-5.969232708816116,-5.9638847658319705,-6.067654812415256,-6.202492167072519,-6.0751357240101305,-5.959181203700442,-6.239519675789214,-6.149455568604421,-5.705110883208406,-5.692515777044615,-5.418157708982735,-4.957396320778572,-4.640891581872482,-4.431415481557819,-3.923016201992253
0,0,0,0,0,-0.16011768906954119,-0.13321103758232763,-0.12626924991855176,-0.11597452370331517,-0.12424687964717354,-0.13080984828666967,-0.24698658167538232,-0.3415053569514506,-0.428582423025955,-0.6036392069117734,-0.7127333073358482,-0.8870397801678042,-1.1895315438477563,-1.3523717555863746,-1.6151595523742202,-1.8032941794044601,-1.9657106348121058,-2.190082071990626,-2.3958817715215823,-2.705174363637099,-2.9713021810396785,-3.321463064299608,-3.6672420216316044,-4.033673533853889,-4.218276512115889,-4.607625414395942,-4.89879736489775,-5.114579474745663,-5.390515942030667,-5.507226661208425,-5.63560740257239,-5.586314657865453,-5.601805057185384,-5.615936961383818,-5.437789868384197,-5.321821720647803,-5.493083965285379,-5.395643349137321,-4.95299612464921,-5.014471107865426,-4.827548854367958,-4.38365497311675,-4.278394659472149,-4.086839481384784,-3.6433254458609414
0,0,0,0,0,0,0,-0.14137410389614846,0.0558703986748698,0.18260817873880558,0.2623353704980928,0.17786585001237112,0.09158641208470561,0.027078588879277284,-0.0777735394006681,-0.094798834511425,-0.11704004099957206,-0.19565454190282577,-0.24077859579355315,-0.3566610535379236,-0.5704392037417407,-0.7518137017051215,-0.9714637979816231,-1.1661395517973925,-1.3982156817498432,-1.5795163118479332,-1.741396702288523,-2.1079313465668905,-2.4358821870585845,-2.753670015674054,-3.308281640691196,-3.770737168014832,-4.117253883458792,-4.745321458449465,-5.097790486894287,-5.227602764101805,-5.327005162607,-5.279691601783062,-5.201840450502606,-4.921431897720258,-4.750714264702691,-4.625458338958848,-4.533824710482907,-4.074062924158646,-4.091323443311527,-3.9374500989045766,-3.628301042759198,-3.5946712188286982,-3.535033194233403,-3.2640264559661203
0,0,0,0,0,0,0,0,0,0,0,0.48523599484763563,0.2828631392016092,0.1571296740726146,0.15390015672532467,0.18056681998294363,0.19780748765096887,0.1498204369536889,0.1128918126593559,0.10400432607539611,0.08617538333656365,0.03336426671871681,-0.09200785128062039,-0.24040558303231113,-0.5257673870430468,-0.6844784122312249,-0.8146641830207447,-1.0872680267070007,-1.2673849275907614,-1.4994850791092134,-1.9523425458625097,-2.5930498280456047,-2.980204915586965,-3.8795926039170134,-4.342764623080993,-4.793445135400321,-5.059060221037294,-5.05539869979834,-5.040040395899509,-4.675737259252104,-4.390560215942332,-4.263735943338903,-3.8280129449689277,-3.388658424812216,-3.0876954187710104,-2.9729904163154917,-2.5830134566557423,-2.5177993045665663,-2.397574190114813,-2.175384395809863
0,0,0,0,0,0,0,0,0,0,0,0,0,0.006383389980908966,-0.3490752890509433,0.15653328365449784,0.2960706389512025,0.4338987553922521,0.48010482167662083,0.5193699555652451,0.4840447666290701,0.4107675841511791,0.35763763042016294,0.22901537102904324,-0.09037226165679699,-0.2539643891708245,-0.3742935530729438,-0.5965624540216422,-0.6927644452327008,-0.7672812050824735,-0.7023869028256099,-1.0017264239275097,-1.2186754490383624,-2.0790518478190854,-2.5880705649134828,-3.1288415373755156,-4.235357712022538,-4.594367328092719,-4.748987316626734,-4.21388830091864,-3.8159609230402665,-3.5493767580094966,-3.2917766780280657,-2.7474460521606114,-2.7322194815113567,-2.6553185729837683,-2.3068736078703975,-2.2537494997290044,-2.2027097358412426,-1.9696396445966668
0,0,0,0,0.1103353973672131,0,0,0,0.2932522270613808,0,0,0,0,0,0,0,0,0,0,-0.9771122299507204,-0.13449262993764954,-0.08655835480393474,-0.0951273027116549,-0.24054609368891222,-0.4618418355125477,-0.6619121156679888,-0.7114623270213756,-0.7235452120842351,-0.7349616640412581,-0.6934197467060877,-0.6520197506973235,-0.8488665913139952,-1.0632169923516706,-1.3903582954294555,-1.5408948915639975,-1.799663817427198,-2.0743168737683226,-2.337863523729388,-0.8922368882062628,-0.002587508869547684,-3.9628552027984556,-1.8919298420000599,-1.046940398996567,-0.900501902264312,-0.9326906442905083,-1.0876716480991717,-1.229709335510089,-1.2618546893299942,-1.2286970027094837,-1.3068961738322076
0,0,0,0,0,0,0,0,0,0,0,0,0,0,0,-2.4933040764027113e+38,0.17187039065042292,0.2513956576454075,0.024827471913586658,-0.3773998246029262,0.2557459389106493,-0.09600627873101303,-0.7871157082350427,-1.0358067467089291,-0.7685289118990617,-0.869611051878196,-0.8817778116336175,-0.9129600721504478,-1.0139084711447661,-0.9435926912802797,-0.5634233850367739,-0.5146860614637324,-0.403589303786065,-0.3220560311775035,-0.49670471100230856,-0.13638239493078794,0.28387566045962626,-0.026588602686962604,-0.10212576963214526,0.6486379932376365,1.6515965759044962,1.2818826027745236,-3.3723186715830744,1.1842262063034408,0.9759736426432501,0.48490285352278095,0.025261020734929335,-0.018805024413923666,-0.05391303371669063,-0.33301175011269535
0,0,0,0,0,0,0,0,0,0,0,0,0,0,0,0,0,0,0,0,0.2240038072310618,-0.0029484402092574322,-0.5152954964924775,-1.0343890789411767,-1.667424204119535,-2.132271221449388,-2.23847414391851,-2.105697675988136,-1.9741663623730656,-1.4835089427772026,-0.9817186536036424,-0.8675329833403379,-0.5616333959806604,0.06455110599861075,0.4085206626453028,0.5972035727066457,0.9149920637452331,1.1066298107556323,1.2887304188055402,1.7626184239347404,2.0332934727729013,2.357578187787934,1.1896217196257346,0.2459177337996938,0.2622807938390741,0.21563741535175976,-0.15842796595135814,0.007667004428517265,0.5470577157306774,0.04487442814536636
0,0,0,0,0,0,0,0,0,0,0.3231279216317716,0.46376258631767864,0.5526571010704061,0.5783304930429324,0.6175842745218462,0.6672068286436265,0.7447758306486175,0.7789944921794085,0.8010929234871014,0.8486588988648758,0.5637840710117836,0.4618401196244405,0.535547559568491,1.227960341289999,-1.0229980385634168,-1.2869892064891242,-1.2234495221306076,-1.166499261206392,-1.072123586241569,-0.931375970996168,-0.6300957331300362,-0.3606050775054305,-0.06193038521686478,0.20324796943369447,0.30053193954523905,0.4792520697741197,0.9653082864539608,1.2253728911916586,1.3318906178675687,1.5155867981144449,1.6085426023748288,1.715898484213716,1.936743997784457,2.4058307097199827,1.9703337167151043,2.456376260556635,1.611919525108441,1.7953562284922981,1.485362431793318,0.906547557300358
