jsons/1312819200.json
{"header": {"parameterUnit": "m", "parameterNumber": 2, "dx": 0.1, "dy": 0.5, "parameterNumberName": "Eastward wave", "la1": 40.97354507446295, "la2": 16.46031188964855, "parameterCategory": 2, "lo2": 133.9931640625001, "nx": 191, "ny": 50, "refTime": "2011-08-05 8:00:00", "lo1": 114.97908020019554}, "data":
[rows 0 to 21 of 50, columns 98 to 146 of 191]
0,0,0,0,0,0,0,0,0,0,0,0,0,0,0,0,0,0,0,0,0,0,0,0,0,0,0,0,0,0,0,0,0,0,0,0,0,0,0,0,0,0,0,0,0,0,0,0,0
0,0,0,0,0,0,0,0,0,0,0,0,0,0,0,0,0,0,0,0,0,0,0,0,0,0,0,0,0,0,0,0,0,0,0,0,0,0,0,0,0,0,0,0,0,0,0,0,0
0,0,0,0,0,0,0,0,0,0,0,0,0,0,0,0,0,0,0,0,0,0,0,0,0,0,0,0,0,0,0,0,0,0,0,0,0,0,0,0,0,0,0,0,0,0,0,0,0
1.3456974074974861,1.381550853689461,1.3634954583050414,1.3678618925347426,1.2507160235006625,1.0784482498144947,0.760748053331374,0,0,0,0,0,0,0,0,0,0,0,0,0,0,0,0,0,0,0,0,0,0,0,0,0,0,0,0,0,0,0,0,0,0,0,0,0,0,0,0,0,0
1.6523380292950633,1.5039136902903696,1.427055913784853,1.2415913767884847,0.891556837799571,0,0,0,0,0,0,0,0,0,0,0,0,0,0,0,0,0,0,0,0,0,0,0,0,0,0,0,0,0,0,0,0,0,0,0,0,0,0,0,0,0,0,0,0
1.5425945240577383,0.9650819555896565,0,0,0,0,0,0,0,0,0,0,0,0,0,0,0,0,0,0,0,0,0,0,0,0,0,0,0,0,0,0,0,0,0,0,0,0,0,0,0,0,0,0,0,0,0,0,0
2.3020508751005746,2.1823695291920666,2.1322133468727325,1.965157165960963,1.9028057954535076,0,0,0,0,0,1.1703095832575274,0,0,0,0,0,0,0,0,0,0,0,0,0,0,0,0,0,0,0,0,0,0,0,0,0,0,0,0,0,0,0,0,0,0,0,0,0,0
1.9257246194795015,1.9232458570631286,1.9284544408374158,1.906811805441494,1.8592811596133387,1.8672082366320861,1.8261610574546925,1.8169379849353715,1.791475647181973,1.6718817104312813,1.5745210551797777,1.5352063341691005,1.4268559014470177,1.400345519375917,1.34523256025296,1.4042894510506088,1.384160586522699,1.3824946327619094,1.373665971620833,0,0,0,0,0,0,0,0,0,0,0,0,0,0,0,0,0,0,0,0,0,0,0,0,0,0,0,0,0,0
1.5621992555923043,1.5971301967612324,1.6091381280561956,1.6118499432195974,1.5896809362958289,1.573617321123125,1.5316267313069707,1.4833421336127528,1.4308316334951956,1.3901878729734027,1.3586038974990755,1.3338988292114244,1.2798690172845146,1.3300734897633844,1.1996772753054903,1.5503116164096928,1.5159384666467899,-1.0578692846172706,-0.7540003254916078,-0.7020234846335732,0.7301316394860187,0,0,0,0,0,0,0,0,0,0,0,0,0,0,0,0,0,0,0,0,0,0,0,0,0,0,0,0
1.307412069080456,1.3133051478492355,1.3337230091709498,1.3501861103288169,1.348730793666716,1.335462679031305,1.3033181971698262,1.2780430741694726,1.2636652444460532,1.2575602061860471,1.2344930638392508,1.1917790638137649,1.090044009654974,1.0225980191816928,1.0105368550729197,0.9608103345691958,0.9124876825156342,0.8617710251051915,0,0,0,0,0,0,0,0,0,0,0,0,0,0,0,0,0,0,0,0,0,0,0,0,0,0,0,0,0,0,0
1.1890775198261079,1.1930039548014153,1.1819036183794351,1.1727970440484405,1.1917419892610073,1.178562764810049,1.1635388257861792,1.1149996258708477,1.096930944793958,1.0725494176319068,1.0410062289925361,1.0083237282790998,0.9594963078774211,0.9237215982826193,0.848128000520983,0.7796789524333368,0.7348326817442643,0.7699863414453825,0.5290962263879222,0.5633407462056923,0,0,0,0,0,0,0,0,0,0,0,0,0,0,0,0,0,0,0,0,0,0,0,0,0,0,0,0,0
1.0257967863911879,1.0566543181445616,1.069551093018936,1.0545553527660643,1.0552114183437786,1.05441967044262,1.0414474401966136,1.0491903754844467,1.014859003551856,0.9329130350735761,0.9156823493031933,0.8819250465053518,0.8296121981284099,0.7986434814129213,0.8023812824815107,0.7061624129787939,0.712389751883814,-1.0660379167070637,0,0,0,0,0,0,0,0,0,0,0,0,0,0,0,0,0,0,0,0,0,0,0,0,0,0,0,0,0,0,0
0.8441115138864896,0.8835547483155733,0.9038357872716377,0.915288629403513,0.9872880519302046,0.9703628916694624,0.9452113419963578,0.9537415177681171,0.9328849922252078,0.9006957653783215,0.8745587531450523,0.8782822667488959,0.8584745427472614,0.8330198705699322,0.7098526001817532,0.6245552804439976,0.6475249360116903,0.6638185401216141,0,0,0,0,0,0,0,0,0,0,0,0,0,0,0,0,0,0,0,0,0,0,0,0,0,0,0,0,0,0,0
0.7205978245782806,0.7958443211370537,0.8402288405135033,0.8597229224287372,0.8957928366799021,0.89986094686708,0.9121420412443315,0.9303327043060072,0.9532518407019989,0.963996931896139,0.9603577484035134,0.9750061382275474,0.9560731897982718,0.9656378778015002,0.9351315208025024,0.9064048437155239,0.9519361231477087,0.9902088137824431,1.0531238099965405,1.08788687033528,0.9856035450387697,1.0301645936021657,1.0578661837385985,1.0731865276323496,1.0564122921911494,1.0802616667839926,1.0855142328205625,1.0458611114880818,1.074992667388368,1.0984823455036796,1.0844347480753243,1.10479698564252,1.1111764337985899,1.1337962107409758,1.1457702872129525,1.1568734567807648,1.1267639970680279,1.1214069349529197,1.1132651366651096,1.0733382125497737,0,0,0,0,0,0,0,0,0
0.6952733070684409,0.7431834126602488,0.7610276093492266,0.7859125457530496,0.7879228146831285,0.806070382247154,0.8446237778255957,0.86834433966069,0.8717647414882039,0.8672064986292068,0.8575600627502833,0.8384166832217781,0.8436562206952114,0.8545398849346713,0.8036399962453878,0.8108601292079926,0.822450190295976,0.8346095725033681,0.8634150748251133,0.8681526969605643,0.9667414836938033,1.0008331355905944,1.0172840022990643,1.0625325950751807,1.094511292880294,1.0904346770107989,1.1116829201173948,1.1199324468073302,1.1365507261181549,1.13862320930444,1.1421356636733238,1.1396131597882349,1.1347729818694707,1.1306305277381818,1.1285793974914606,1.1266298518970705,1.115810034654171,1.1152609470574524,1.1042071503161484,1.0909046046783737,1.086871348265705,1.078534267167146,1.0476994400045236,1.0439077911360621,1.0173418640703462,0.9397058160888705,0.9063360200379527,0.9062554506276614,0
0.49484891545932025,0.5610758006849298,0.5810947446520275,0.6059781951929852,0.7382963625591863,0.7537532257570848,0.7518652434916426,0.7471486585241235,0.7505061224133468,0.7505286532675742,0.7310842139673479,0.7341787186247065,0.6827260286271786,0.729977540877101,0.6157030508997595,-1.0008885733933472,-0.7800263002069006,-0.5461899002477425,-0.24065607551714654,-0.12463230667746518,0.5641536750308109,0.6067794635434165,0.9259911681862141,1.0583556465062731,1.087591038165956,1.1136907327266463,1.1032979606578075,1.1032037254260045,1.106972418746218,1.0984633998300306,1.0999993064837073,1.08623108958039,1.0674359812106158,1.0642504371246555,1.078631120463093,1.0709699305701013,1.0586522464417196,1.0657876164990319,1.068686724007185,1.0618087341639717,1.0608585915612265,1.0677516542827858,1.0333694342233524,1.0226660193252517,0.9774286184400608,0.9165185387235172,0.8639936001026016,0.8028340343679072,0.7681545354758748
0.299646625650717,0.2905617460797158,0.291385379541022,0.3921395150883384,0.5155139368457077,0.5265738942751258,0.5107933840651782,0.5964287676718808,0.6257374454915895,0.6658758361861581,0.7703394660139105,0.789531119894725,0.8159904004663965,0.8257333079986986,0.8808001469710719,0.8992455180898749,0.9595934067886389,1.0217931610997228,1.0399772231140525,1.038572594069269,1.0788567580440362,1.0718322461998768,1.0775621929398933,1.0875277840076056,1.0887921956142612,1.0628770056035255,1.063916110860662,1.0622294499269267,1.0680169673947781,1.0687657239026012,1.0725244144589605,1.0672232009953175,1.0675970979480023,1.0628440630449576,1.0545284308202678,1.0529836093434584,1.0466133107550148,1.0456116819951646,1.036896131964564,1.0290807476145085,1.028910204200168,1.034284495407641,1.0044618048492402,0.9911053546346514,0.9809781392769985,0.9417859300632874,0.9043044311988638,0.9463692275829754,0.9159284434532847
0.1751294135849838,0.27250730519205885,0.3315214496278723,0.36386530894726554,0.4235038903688939,0.4368692658631231,0.47513515963718034,0.5366654283000091,0.5653960663483054,0.599720622694546,0.646089035653982,0.6681832606163398,0.6917732924994673,0.699853306001216,0.7730565229490413,0.7855655853630351,0.810735457485674,0.8507508664563135,0.8658927196378512,0.897811849441964,0.9534625530436195,0.974118762042498,0.9846321834924056,0.9979060529890083,0.9886272619287275,0.9867203499262058,1.003316670103721,1.0118357956376398,1.0145363277659052,1.0207895759016319,1.022290749346641,1.027248079059785,1.0281289355252672,1.0272693290956258,1.03946927908521,1.0455490426971834,1.039435525983006,1.0347494155973487,1.0312681551805307,1.0136657059776701,1.0115724759944218,1.0062127412458786,0.9966207184439533,0.9940975628152727,0.9850544443639403,0.9365462878882966,0.9367743419566195,0.9311884212349253,0.9120586096129301
0.7268765354560632,0.27907047341033675,0.32110040715048976,0.40137655079800133,0.4746041643627755,0.5103926514363876,0.5224784556353708,0.5865428780255341,0.6281346163367323,0.6361793800635221,0.6608966912795854,0.6840722664806602,0.749025857325777,0.7533686480824592,0.7746327680141052,0.7928427880847352,0.8207995945542681,0.855353208669295,0.8743497822234247,0.8893093232460227,0.9345447178539602,0.953389606136347,0.9622172502869037,0.9951074697812109,0.9962798225048466,0.9949563360116254,0.995869902187393,0.9903754939505741,1.0004419982592472,1.0072372129625962,1.0129929713702024,1.0134651841753792,1.0114410501986484,1.0249562392996003,1.0243395155238257,1.021315502772097,1.0172444114238004,1.0201572410027997,1.0159007533265092,1.0058111646565724,1.0043096272737884,1.0042426051864868,0.9980815760486382,0.9748799500373412,0.9625130798615866,0.9337651696538046,0.9222144655420249,0.9223300996305884,0.9021896539146281
0.2857445126615194,0.34048447344975785,0.41872592840239425,0.46774633260161763,0.5557832761171184,0.5698637892053446,0.580101926936712,0.6615208395438912,0.6763056267563821,0.7032587410644482,0.7635929036711474,0.7781410456947375,0.7932869699858797,0.8004666948047571,0.8333945791526904,0.851533626202617,0.8715525063092828,0.8884315008351656,0.9108450911852513,0.9245147922959265,0.955990337245405,0.9723873846279918,0.9653833291916296,0.967085600476518,0.9817178359238956,1.0029262507981527,1.0223537035022416,1.024656417794125,1.0208771418171527,1.020746782240508,1.0248430093530316,1.0140296388359729,0.9996231949803617,1.0268655752546085,1.0331850410027266,1.0301281993894071,1.0241407695763722,1.024831256677725,1.0276882907506175,1.0305659386613886,1.0289003120870988,1.0294783831872174,1.0128024393484558,1.005799586843137,0.9909457014037925,0.9627753770176708,0.9597064150249816,0.9575054485660497,0.9518798909990217
0.32451686443050815,0.4073776199978182,0.5314655489837125,0.6382810716211993,0.7479041681619046,0.7936207237274377,0.8344986800316169,0.8894410306762162,0.9088117849441331,0.9054772511472531,0.9008158747120695,0.902050629738878,0.9207555618634428,0.9251406095074566,0.9286193410686463,0.92824979994678,0.9274131168787414,0.9257351732237092,0.9472133889824031,0.9632801462808114,0.979192242520662,0.9878749359466161,0.9939967665118599,1.0071038668185894,1.0154622363123655,1.0256516764546584,1.0310524418852403,1.0360466404246365,1.0431644637573252,1.0491645744388518,1.0518586088392952,1.0461407411456316,1.0444579248774757,1.0445483421588977,1.0395011250134094,1.0396220952759425,1.0343872071485336,1.0336502733816546,1.0304361692127997,1.0239942712604575,1.0167960165714858,1.0108282000333213,1.0046045511690562,1.0046401335821094,1.0033385737669276,0.9956717730011674,0.9867949373231832,0.9823014868506257,0.9800759940361309
0.6290744056310351,0.5989124456874482,0.6761476335760432,0.7301928540040427,0.8018876816601861,0.8216936056074313,0.8285080756635295,0.943671435388452,0.9334867306144227,0.9426778767146614,0.9349498789005513,0.9290336889869766,0.9366276782329546,0.9435490675007743,0.9507326145974637,0.9475913185649603,0.9406809336661618,0.9383002406900927,0.9486116347240278,0.9500231291420452,0.9699496198286452,0.9760034491997001,0.98517070121173,0.9978451996829031,0.9974049762475735,1.0081337057490176,1.0076964362356229,1.004859275191829,1.0159625699415429,1.0278473179199854,1.0336205370313147,1.0354957473088355,1.0373542986734527,1.0249517240362849,1.0215555691845426,1.0195923263380517,1.019098813507926,1.0253370616991377,1.0325974823434263,1.0477308004448995,1.0375039410134261,1.0392123014653492,1.0397667059814761,1.0606508900151963,1.0826474995932787,1.043075951876459,1.0409562939477606,1.0458028408121531,1.0520233445649483
